# Created by Octave 3.8.2, Sun Nov 15 19:06:22 2015 CET <dkottke@snake1>
# name: mus
# type: matrix
# ndims: 3
 1 30 19
 0
 0
 0.5072463768115941
 0.9086538461538461
 0.7902439024390246
 0.7892156862745098
 0.7881773399014778
 0.7980769230769231
 0.7874396135265702
 0.7900000000000003
 0.8086124401913876
 0.9215686274509803
 0.9230769230769231
 0.9132653061224492
 0.9128205128205129
 0.9471153846153846
 0.9281045751633986
 0.9444444444444443
 0.861244019138756
 0.9400000000000001
 0.9312169312169313
 0.9301346801346801
 0.9371980676328503
 0.9322916666666666
 0.9275
 0.8942307692307693
 0.947089947089947
 0.9387755102040816
 0.9507389162561576
 0.9444444444444445
 0
 0
 0.3333333333333333
 0
 0.6
 1
 1
 0.9
 1
 1
 1
 0.8
 0.9333333333333333
 0.8666666666666666
 1
 0.9333333333333333
 0.9333333333333333
 0.95
 0.95
 0.95
 0.95
 0.96
 0.95
 0.96
 1
 0.96
 0.96
 0.9666666666666666
 0.9666666666666666
 0.9666666666666666
 0
 0
 0.6633270936673986
 0.4638681186231863
 0.8193941260489835
 0.835796079044266
 0.8799218073981598
 0.8920590373976085
 0.9351920589853816
 0.9681832652056293
 0.9646012487056008
 0.9086708990067136
 0.8997938409361776
 0.9153120711738044
 0.9501210171424731
 0.9260015578524412
 0.9252545469853871
 0.9149697606354688
 0.9427787115597436
 0.9369019307591258
 0.9283194656698757
 0.9305958078781721
 0.9535889359026287
 0.9469667715953354
 0.9466505572733616
 0.9120690554945006
 0.9009793885872861
 0.9370907168089799
 0.9339371052951422
 0.9429331846193355
 0
 0
 0.301977564606915
 0.3580756149924278
 0.5972814586330866
 0.6822757567700969
 0.769317030441251
 0.8036218984472296
 0.837964573611171
 0.8383987132046542
 0.8768682783453955
 0.8236993754602134
 0.8291583148835538
 0.8448865412789652
 0.8609710622669943
 0.8363300985095563
 0.8459004255764926
 0.8600033030963981
 0.8642799315515756
 0.8534529868802546
 0.8568241465805412
 0.8668820389678562
 0.871395733434991
 0.8765088535101289
 0.8817618324466794
 0.847060549447009
 0.8564905023334048
 0.862486104859551
 0.8657339314101
 0.8705727237786236
 0
 0
 0.6236432870212407
 0.3019745077956747
 0.6042176710602909
 0.6586695643878614
 0.7497500355064399
 0.7788384162917692
 0.8217523351377872
 0.8270056064254772
 0.870434027586962
 0.8186347842734235
 0.8153142686206611
 0.8333817202276426
 0.8623020699081559
 0.8420414841660605
 0.8414551367235885
 0.8482209940550545
 0.8600287795606961
 0.856346004162674
 0.8574996686924462
 0.8688572962591392
 0.8723032202731671
 0.8806213747607247
 0.8795559939422394
 0.8469318762943661
 0.8530583317205305
 0.8639033868343345
 0.8639162496967669
 0.8729602320770804
 0
 0
 0.08332984515927205
 0.3330701202773988
 0.446134755365629
 0.6432879928396639
 0.7638869919675192
 0.788310305169747
 0.8144797137892272
 0.8443581189815459
 0.8603492827534214
 0.7771397565660964
 0.8137627494793186
 0.9706523554242631
 0.8803555429346601
 0.7839156946794676
 0.9716049748401104
 0.8813387461382874
 0.8591942570487529
 0.828475261034274
 0.8073219308820643
 0.8564076639558084
 0.8480183346786586
 0.9090838195721018
 0.8916679471572506
 0.8324632757924678
 0.8342011940401911
 0.8534511203577179
 0.818930407901618
 0.8473479598750268
 0
 0
 0.5785862941142949
 0.6596391272619488
 0.7070371696561847
 0.7727726399803396
 0.7254131257753812
 0.8339616953705059
 0.8349964071859501
 0.909437072614441
 0.8623511076441441
 0.8711252056011273
 0.8428616176610192
 0.8621558870057625
 0.8423911831853036
 0.8276939292115064
 0.8667881563395339
 0.8422967752978731
 0.9726134049675803
 0.8789265723274846
 0.8929728705444625
 0.8743059527474469
 0.8763360735029528
 0.8877413710059735
 0.8992098926146002
 0.8742190125399357
 0.8261404326921644
 0.9129379088008044
 0.9015028054854148
 0.8544813528876978
 0
 0
 0.2949120608028904
 0.4215543158329902
 0.6434601221673352
 0.619104056832113
 0.6958501577022869
 0.7570210947481553
 0.8124647289488113
 0.811759768921128
 0.8713001529815869
 0.8475267438991119
 0.8817015458853197
 0.8651464227216038
 0.8879026640139833
 0.8650021954433278
 0.8767349206958975
 0.8938617578271992
 0.8927635745235587
 0.8851495328512481
 0.8882769988301572
 0.8983193429067876
 0.8974834244135971
 0.9061539568054143
 0.9099483278722131
 0.8761891333865328
 0.8822799915945364
 0.8910654573934015
 0.8934304029026809
 0.8967798017108596
 0
 0
 0.6506656561833966
 0.4042115116755088
 0.6138364872995922
 0.5628790253157663
 0.6794236066887797
 0.7042164642465832
 0.7714001435031939
 0.8057006158880514
 0.867853377549878
 0.8554482059051581
 0.8630667076526303
 0.8480195473403582
 0.8923465901161014
 0.8681472944952916
 0.8669047108312361
 0.8771826120194964
 0.881872382674706
 0.8739311857824102
 0.8858443311397753
 0.9002548473685937
 0.8989572105611701
 0.9104510774454835
 0.9071869641428699
 0.8755307452098297
 0.8790307644581871
 0.8892170668801849
 0.8894934038275656
 0.9004697858328412
 0
 0
 0.08333428410384147
 0.3821433310606279
 0.5295425644685081
 0.614679596451425
 0.7095274400356427
 0.7302044328197301
 0.8065291519772971
 0.8352413203298391
 0.8803888019410273
 0.8535808362978101
 0.8527603860496954
 0.8341778078942252
 0.8872524535396475
 0.8545910441758326
 0.8685359079944266
 0.8851686456377437
 0.9129778601657051
 0.8785631070350365
 0.8976509818624995
 0.9174017705715611
 0.9042479926654601
 0.9044203755391419
 0.907701493811589
 0.8768948675125449
 0.8711314743757358
 0.8868385510221839
 0.8824054809772354
 0.893523707360426
 0
 0
 0.5785862941142949
 0.7076373720224179
 0.7923437440445624
 0.8037087078745009
 0.7328525939073216
 0.744812575463446
 0.7755123559703316
 0.7844080970249541
 0.8143837757743279
 0.7941797888840824
 0.8116795592976537
 0.9314809692921591
 0.8580371790207486
 0.8415106386208435
 0.9613255534897276
 0.880353633171911
 0.8917794941260254
 0.8779761034655084
 0.8878718887127167
 0.8776296436688091
 0.9476313919904537
 0.8854641908792885
 0.9048346322459576
 0.8752620037189105
 0.8940088001196054
 0.8949450110084876
 0.9016077831222303
 0.9170134237022779
 0
 0
 0
 0
 0
 0
 0
 0
 0
 0
 0
 0
 0
 0
 0
 0
 0
 0
 0
 0
 0
 0
 0
 0
 0
 0
 0
 0
 0
 0
 0
 0
 0
 0
 0
 0
 0
 0
 0
 0
 0
 0
 0
 0
 0
 0
 0
 0
 0
 0
 0
 0
 0
 0
 0
 0
 0
 0
 0
 0
 0
 0
 0
 0
 0
 0
 0
 0
 0
 0
 0
 0
 0
 0
 0
 0
 0
 0
 0
 0
 0
 0
 0
 0
 0
 0
 0
 0
 0
 0
 0
 0
 0
 0
 0
 0
 0
 0
 0
 0
 0
 0
 0
 0
 0
 0
 0
 0
 0
 0
 0
 0
 0
 0
 0
 0
 0
 0
 0
 0
 0
 0
 0
 0
 0
 0
 0
 0
 0
 0
 0
 0
 0
 0
 0
 0
 0
 0
 0
 0
 0
 0
 0
 0
 0
 0
 0
 0
 0
 0
 0
 0
 0.4684473643653811
 0.3960656703469024
 0.6249649674398267
 0.5656458576258026
 0.6755545197078106
 0.7016326975455236
 0.7674821955513353
 0.8029552134613712
 0.8660090380201654
 0.8557648948912057
 0.8632656313444836
 0.8460137167234322
 0.8943552126656584
 0.862833826782492
 0.8687356628962707
 0.8753767795049869
 0.8809293209841513
 0.8754986333549258
 0.8867642266938447
 0.9034952036541686
 0.9009515979370496
 0.9098982998541284
 0.9064627383658748
 0.874212637104656
 0.8782385214071291
 0.8868769574303503
 0.8899995863637117
 0.8965921478412556
 0
 0
 0
 0
 0
 0
 0
 0
 0
 0
 0
 0
 0
 0
 0
 0
 0
 0
 0
 0
 0
 0
 0
 0
 0
 0
 0
 0
 0
 0
 0
 0
 0
 0
 0
 0
 0
 0
 0
 0
 0
 0
 0
 0
 0
 0
 0
 0
 0
 0
 0
 0
 0
 0
 0
 0
 0
 0
 0
 0


