# Created by Octave 3.8.2, Sat Nov 21 01:18:57 2015 CET <dkottke@snake7>
# name: mus
# type: matrix
# ndims: 3
 1 30 19
 0
 0
 0.4937343358395992
 0.6691919191919192
 0.5443037974683542
 0.7133838383838386
 0.6741854636591479
 0.6964285714285714
 0.7159090909090914
 0.6948717948717948
 0.7108585858585857
 0.691919191919192
 0.7097435897435901
 0.7232142857142857
 0.6961538461538462
 0.7083333333333334
 0.7013356067064507
 0.6906565656565656
 0.7117794486215538
 0.6947368421052631
 0.6641604010025061
 0.7007575757575757
 0.7016197783461211
 0.7057291666666665
 0.7013333333333333
 0.7066666666666666
 0.7056277056277055
 0.7334183673469388
 0.7299042786299158
 0.7282051282051282
 0
 0
 1
 0.25
 0.8
 0.3
 0.8
 0.7
 0.4
 0.6
 0.7
 0.6666666666666666
 0.5333333333333333
 0.6
 0.5333333333333333
 0.55
 0.6333333333333333
 0.6666666666666666
 0.5833333333333333
 0.6
 0.62
 0.5
 0.5700000000000001
 0.7
 0.76
 0.7000000000000001
 0.8400000000000001
 0.8533333333333333
 0.9266666666666665
 0.8666666666666666
 0
 0
 1
 0.5419416240372772
 0.8565400150176323
 0.6986892002917209
 0.4887467353256592
 0.6680236080062748
 0.60836032591155
 0.6747543742040906
 0.7672277315550213
 0.6853152401415339
 0.6810684459801257
 0.6087577152883108
 0.6668081727048203
 0.6408744386500242
 0.6904342921754191
 0.6809319308870656
 0.6387625539607413
 0.6930224917970071
 0.671860988698104
 0.6277172167920337
 0.7028348072616913
 0.7361902933623413
 0.787191384561141
 0.7745254986109967
 0.8098251278227703
 0.7752521499947211
 0.8041021865460957
 0.8032978664021871
 0
 0
 0.9999999997395322
 0.3132557621244418
 0.8370600811444597
 0.3982325515399145
 0.6364043483424435
 0.6622018330825858
 0.5542464739101122
 0.5377592845631967
 0.6221426546005616
 0.6637011302495326
 0.6412589155236349
 0.5775636311312229
 0.6441620482311868
 0.6293332985856849
 0.6773258285781416
 0.7054027165121344
 0.6604104829223282
 0.6873663968058321
 0.6946142286696129
 0.671797722933305
 0.7150722370085421
 0.7334201725811909
 0.7607670267955418
 0.785440018330719
 0.8030690432742454
 0.8178348443562402
 0.8360364523855203
 0.8385549099343671
 0
 0
 1
 0.5
 1
 0.5
 0.5714285714285714
 0.875
 0.5555555555555556
 0.3
 0.6363636363636364
 0.75
 0.6923076923076923
 0.5555555555555556
 0.2
 0.6666666666666666
 1
 1
 1
 0
 1
 0
 1
 1
 1
 1
 1
 1
 1
 1
 0
 0
 0.9999999999914645
 0.4456534020003196
 0.9029886899924413
 0.513849638101781
 0.5411023909020403
 0.7377950185364595
 0.5580712816010552
 0.4365541922267713
 0.6454702344012135
 0.7052459901203508
 0.6648423498640963
 0.5962058973922715
 0.5717779733735879
 0.6426356921072196
 0.7333064141575311
 0.7864267055434737
 0.7793198528892016
 0.4876084192164038
 0.7818126192572683
 0.4705731232211527
 0.7571262463176124
 0.8547582325274954
 0.8682625072066553
 0.878057236797504
 0.8238512920391798
 0.8625345677697636
 0.8944092384763993
 0.7851690746859167
 0
 0
 1
 0.7153067900653478
 0.7155251170678247
 0.7556175883692366
 0.7265999564547643
 0.6912984527828565
 0.7114525823189201
 0.663303875204258
 0.6854491617022738
 0.721098549831796
 0.7068782100822705
 0.6445767831379792
 0.6922528973193242
 0.6716196466563866
 0.6966572116533088
 0.6977968350284546
 0.6941704355979723
 0.6819785470134816
 0.683760111326231
 0.7089230275611911
 0.7073402116380634
 0.7716758380952826
 0.7515499707241091
 0.7919301831889057
 0.7941858181946813
 0.7728781313083748
 0.8251791650986605
 0.8479691929749136
 0
 0
 0.999999999562236
 0.2764642383850305
 0.8170587457515474
 0.45401833270119
 0.6411575974146501
 0.5771118313945999
 0.5543463896382632
 0.5420614139380026
 0.600121788251022
 0.6106022223171803
 0.5846434119105439
 0.547113734861624
 0.6120570406238616
 0.5766563678789943
 0.6076884212475144
 0.6231305936604397
 0.5931036032416781
 0.6208858339958496
 0.6189136196550209
 0.6195826839998401
 0.6442348796647908
 0.6484823989924066
 0.6884946159017864
 0.690519269900969
 0.7066685681909581
 0.7114192600134358
 0.7312939255966241
 0.7579563866540981
 0
 0
 0.9418577976981672
 0.9253984883682921
 0.959046954600175
 0.9201852924050304
 0.9194829386561346
 0.9238177864347921
 0.9036151805956782
 0.9144459023109885
 0.9160582315729032
 0.9181820109555616
 0.9156799676751213
 0.9307604033339003
 0.9157972432451049
 0.9073913649504519
 0.9080132769458503
 0.9096911152660752
 0.9140611020823665
 0.9095470338940814
 0.9037578355696155
 0.9072968024810968
 0.9102587413800552
 0.8991901086615024
 0.8965215881916219
 0.8983745500584838
 0.8974739521051067
 0.9079128100208632
 0.9011944133395825
 0.8977101847404801
 0
 0
 0.9999999999999784
 0.4207454914615756
 0.8476262293672119
 0.2931935492735621
 0.5471878921249961
 0.5739707793251877
 0.5467852872903235
 0.5199548426180951
 0.6434812233090478
 0.6565070946774875
 0.6555428188724484
 0.6133288773144134
 0.5776752101137256
 0.6402184011024334
 0.6796197833102999
 0.7155276185639574
 0.6228563124825011
 0.3344114280168131
 0.6849703449410454
 0.7504222287934
 0.6887879664370165
 0.6799533834695407
 0.7344819900189091
 0.7764805368810928
 0.8075412128433044
 0.7716621170367063
 0.7999440013451979
 0.8180465406427706
 0
 0
 1
 0.7841324888908652
 0.6344868081754755
 0.7784996414534324
 0.788039988935999
 0.6922624111817164
 0.6842984119048791
 0.7052333484698582
 0.664950911584035
 0.6793728657721707
 0.6948651896300521
 0.6762670185276378
 0.6842778659759829
 0.6813943333118531
 0.6963271504879895
 0.7320655735239265
 0.6808286828881409
 0.7028917221294056
 0.7100855032483002
 0.6978003877658298
 0.7205288729363165
 0.7205697430503089
 0.7367356534913028
 0.7503838673009109
 0.8353669013223912
 0.8769920748893754
 0.7700415434915658
 0.7831299430088575
 0
 0
 0
 0
 0
 0
 0
 0
 0
 0
 0
 0
 0
 0
 0
 0
 0
 0
 0
 0
 0
 0
 0
 0
 0
 0
 0
 0
 0
 0
 0
 0
 0
 0
 0
 0
 0
 0
 0
 0
 0
 0
 0
 0
 0
 0
 0
 0
 0
 0
 0
 0
 0
 0
 0
 0
 0
 0
 0
 0
 0
 0
 0
 0
 0
 0
 0
 0
 0
 0
 0
 0
 0
 0
 0
 0
 0
 0
 0
 0
 0
 0
 0
 0
 0
 0
 0
 0
 0
 0
 0
 0
 0
 0
 0
 0
 0
 0
 0
 0
 0
 0
 0
 0
 0
 0
 0
 0
 0
 0
 0
 0
 0
 0
 0
 0
 0
 0
 0
 0
 0
 0
 0
 0
 0
 0
 0
 0
 0
 0
 0
 0
 0
 0
 0
 0
 0
 0
 0
 0
 0
 0
 0
 0
 0
 0
 0
 0
 0
 0
 0
 0
 0.9170258002179837
 0.9299269188873692
 0.9164378458743953
 0.9337929605176853
 0.9127860058091768
 0.9092727796576285
 0.8961134614995064
 0.9303008305679472
 0.9322057929187971
 0.9238871417087073
 0.9280710857680138
 0.915798276645956
 0.9225467847614672
 0.9102789942802525
 0.9069111312850399
 0.8917670352983663
 0.903193295595261
 0.9068950517198873
 0.9153664726029835
 0.9087919484076732
 0.8968387003749284
 0.9141122057680969
 0.8991490870697965
 0.9113768990650627
 0.9119361676426531
 0.910701552823313
 0.9009546644957933
 0.8991460787258791
 0
 0
 0
 0
 0
 0
 0
 0
 0
 0
 0
 0
 0
 0
 0
 0
 0
 0
 0
 0
 0
 0
 0
 0
 0
 0
 0
 0
 0
 0
 0
 0
 0
 0
 0
 0
 0
 0
 0
 0
 0
 0
 0
 0
 0
 0
 0
 0
 0
 0
 0
 0
 0
 0
 0
 0
 0
 0
 0
 0


