# Created by Octave 3.8.2, Fri Nov 20 20:10:00 2015 CET <dkottke@snake3>
# name: mus
# type: matrix
# ndims: 3
 1 30 19
 0
 0
 0.6449638286032277
 0.6475501113585747
 0.6551532033426187
 0.693422519509476
 0.6831573096164546
 0.69140625
 0.6945840312674478
 0.6921787709497209
 0.7383475420285238
 0.7030201342281881
 0.7038275733927901
 0.7038225446428574
 0.6806722689075625
 0.6880580357142857
 0.7021475256769369
 0.7048260381593716
 0.7078467445208763
 0.7151685393258428
 0.7128291316526608
 0.7186681631126075
 0.7137681159420294
 0.7184684684684683
 0.7138028169014083
 0.7214790040876997
 0.7191358024691358
 0.7117745535714289
 0.6991101223581757
 0.7350282485875708
 0
 0
 0.6666666666666666
 1
 0.6
 0.3
 0.6
 0.4
 0.8
 0.5
 0.4666666666666666
 0.5333333333333333
 0.5333333333333333
 0.6666666666666666
 0.5333333333333333
 0.6166666666666666
 0.6499999999999999
 0.7166666666666666
 0.6833333333333333
 0.7
 0.72
 0.68
 0.65
 0.62
 0.6799999999999999
 0.6933333333333334
 0.7000000000000001
 0.7866666666666666
 0.76
 0.7333333333333333
 0
 0
 0.7973972567857187
 0.9425344946519493
 0.8827647994793819
 0.5989757111826095
 0.6286463256158296
 0.7507337929686054
 0.6597976788799549
 0.7842361825865189
 0.663802897394033
 0.7656939795275479
 0.709555560359359
 0.7259918399563717
 0.6631927908616244
 0.7202707440278537
 0.7257406709585108
 0.6844031697097677
 0.7342728911179649
 0.7327522190923732
 0.7730909867221128
 0.7650399376728418
 0.7360033683234961
 0.7700533822298234
 0.7334755792081351
 0.7393513750984232
 0.7909792800079328
 0.7801866495221077
 0.7728810947050213
 0.7451952080234354
 0
 0
 0.6097126379370953
 0.9264987990729024
 0.791808743636517
 0.3718682299842668
 0.5221765056829126
 0.5431776500644511
 0.6901498869602404
 0.6599493723134684
 0.5952407427787825
 0.4960905773771256
 0.5796168558401976
 0.6441133333597006
 0.6428573672236536
 0.6575849873217818
 0.6542009321996466
 0.6640301081624143
 0.6928984147969393
 0.6910643974622235
 0.6693348510467834
 0.6736015419549964
 0.658864293099322
 0.676040261776265
 0.6966460773266411
 0.7042449533829974
 0.6885566588480496
 0.7171686350185701
 0.7365743507524403
 0.694175452558439
 0
 0
 1
 1
 0.4
 0.6666666666666666
 0.4285714285714285
 0.25
 0.7777777777777778
 0.5
 0.2727272727272727
 0.4166666666666667
 0.3846153846153846
 0.5555555555555556
 0.8
 0.6666666666666666
 0
 1
 1
 0
 1
 1
 1
 1
 1
 1
 1
 1
 0
 1
 0
 0
 0.9553336734073066
 0.9654911959952208
 0.4824911892104577
 0.5064712785123044
 0.4372183923681665
 0.4393960591596655
 0.7111813943732496
 0.6104914301579654
 0.5693074959825966
 0.550744399501826
 0.595416212104668
 0.6420825363406777
 0.6525261808662266
 0.6523446099437027
 0.5681847235340794
 0.7913096633798113
 0.8030223170934715
 0.6483902316318602
 0.7954185970846501
 0.6525355741505756
 0.8070708405819695
 0.7252651482717338
 0.7117888678869624
 0.6949861844323771
 0.7888333890818676
 0.8690809727298048
 0.5786808417483338
 0.6810532956620488
 0
 0
 0.5785862941142949
 0.8052841518318002
 0.7189058650274528
 0.7399395201748451
 0.7893759315719039
 0.7474847397978348
 0.7213862648160914
 0.7726534796736406
 0.6932976236384502
 0.7223407150460234
 0.7384762589240418
 0.7756544418934979
 0.7542824739859105
 0.7517428193985487
 0.7372718674084698
 0.7362669257841401
 0.7387480258872089
 0.7649738170368978
 0.7435520808139855
 0.7593891222532378
 0.7668747748181355
 0.7670002002175524
 0.7600015698517498
 0.7560099176063042
 0.7655581771416397
 0.8041150862477305
 0.770577174284399
 0.7484108395945814
 0
 0
 0.5863063351681794
 0.8936406677163365
 0.7695396624891303
 0.3744451697414084
 0.4875119344219664
 0.5510929012845238
 0.6216894593782077
 0.6383353153877456
 0.6230595554570199
 0.5596636001757261
 0.6126498972004727
 0.6301584074420307
 0.6198214110095992
 0.649109812734292
 0.6428966610023273
 0.6495535913816026
 0.6594394862918342
 0.676816680730619
 0.6615155586434657
 0.6679032921584622
 0.6547302469023477
 0.6744358769284509
 0.6729137610858612
 0.6873710956095307
 0.6738743218147636
 0.6941017805944903
 0.7017502344795292
 0.6831027583454506
 0
 0
 0.9620605092908511
 0.9190511788169348
 0.9131714905126139
 0.9525342181440936
 0.9294020910026363
 0.9051874873478807
 0.9372723212764591
 0.9257892948163656
 0.920670037675175
 0.9112116470783129
 0.9184991952952417
 0.9025672135043257
 0.923730358864991
 0.9062453025344209
 0.9106815872399442
 0.9094373388578747
 0.9112127535953354
 0.9036812275906385
 0.905999190007999
 0.9039914015996823
 0.9039842500037817
 0.9010806140649712
 0.9078175252819608
 0.9092459739229286
 0.8999952716127607
 0.8987476722372574
 0.8958076177445572
 0.8932340237212728
 0
 0
 0.8235727517481902
 0.9718424241892329
 0.5116623577218263
 0.5890938253247927
 0.5148762486477669
 0.5144149071606189
 0.689598384827384
 0.6593237151572445
 0.6301868257537115
 0.5996448534838482
 0.6416230230838043
 0.6530006728480144
 0.6379242810600938
 0.6667071189354983
 0.6546206528207683
 0.6747154917220897
 0.6865256099183078
 0.6606552060610262
 0.6823133475831442
 0.46089485797141
 0.6862572970279366
 0.7006671370892028
 0.6957036548232632
 0.711719661684722
 0.7066577721359603
 0.7235429710032757
 0.7265591272172921
 0.6944964884523787
 0
 0
 0.5785862941142949
 0.7544954991603614
 0.7184092473460503
 0.7373109061578011
 0.7610459700729983
 0.7589748104575682
 0.389973877367848
 0.7528391909633786
 0.627479666843789
 0.7196864404757112
 0.7499279640160086
 0.7846515559909004
 0.7401482582804554
 0.5312027884348171
 0.7469056972265172
 0.7594425234678009
 0.7877912017557934
 0.7951779001411563
 0.7410721507504023
 0.7747040884413314
 0.756932035561719
 0.7675406882270578
 0.819832187462691
 0.7725952099029022
 0.7571552855970389
 0.828538620102709
 0.7768730102983742
 0.8020806978977179
 0
 0
 0
 0
 0
 0
 0
 0
 0
 0
 0
 0
 0
 0
 0
 0
 0
 0
 0
 0
 0
 0
 0
 0
 0
 0
 0
 0
 0
 0
 0
 0
 0
 0
 0
 0
 0
 0
 0
 0
 0
 0
 0
 0
 0
 0
 0
 0
 0
 0
 0
 0
 0
 0
 0
 0
 0
 0
 0
 0
 0
 0
 0
 0
 0
 0
 0
 0
 0
 0
 0
 0
 0
 0
 0
 0
 0
 0
 0
 0
 0
 0
 0
 0
 0
 0
 0
 0
 0
 0
 0
 0
 0
 0
 0
 0
 0
 0
 0
 0
 0
 0
 0
 0
 0
 0
 0
 0
 0
 0
 0
 0
 0
 0
 0
 0
 0
 0
 0
 0
 0
 0
 0
 0
 0
 0
 0
 0
 0
 0
 0
 0
 0
 0
 0
 0
 0
 0
 0
 0
 0
 0
 0
 0
 0
 0
 0
 0
 0
 0
 0
 0
 0.9456415161760793
 0.9219890929001948
 0.9093687449045725
 0.9510834384953656
 0.9156163993255555
 0.9240959148953246
 0.9273253392566252
 0.9225959325858524
 0.9074215079933584
 0.9355391830328001
 0.9274035636908112
 0.9173341611698154
 0.9115017175291982
 0.9054218908162412
 0.9071222383338629
 0.9201001496109198
 0.9159061082595116
 0.9100599333805416
 0.9052290303554095
 0.9153823454814279
 0.9024277339943122
 0.9044373878467187
 0.9034384453640085
 0.9104632534511097
 0.8974566143640006
 0.9041366839562069
 0.8957768135061774
 0.9058740435559257
 0
 0
 0
 0
 0
 0
 0
 0
 0
 0
 0
 0
 0
 0
 0
 0
 0
 0
 0
 0
 0
 0
 0
 0
 0
 0
 0
 0
 0
 0
 0
 0
 0
 0
 0
 0
 0
 0
 0
 0
 0
 0
 0
 0
 0
 0
 0
 0
 0
 0
 0
 0
 0
 0
 0
 0
 0
 0
 0
 0


