# Created by Octave 3.8.2, Fri Nov 20 22:27:38 2015 CET <dkottke@snake5>
# name: mus
# type: matrix
# ndims: 3
 1 30 19
 0
 0
 0.9758454106280192
 0.9663461538461539
 0.9512195121951219
 0.9313725490196079
 0.9556650246305419
 0.9519230769230769
 0.9613526570048311
 0.93
 0.9473684210526315
 0.9509803921568626
 0.9615384615384616
 0.9642857142857144
 0.9487179487179489
 0.9519230769230769
 0.9607843137254903
 0.9722222222222222
 0.9952153110047847
 0.9750000000000002
 0.9947089947089948
 1
 1
 0.9947916666666667
 1
 1
 1
 1
 1
 1
 0
 0
 0.3333333333333333
 0.75
 0.4
 0.7
 0.3
 0.6
 0.9
 0.4
 0.5333333333333333
 0.7333333333333333
 0.3666666666666666
 0.4333333333333333
 0.5333333333333333
 0.4833333333333333
 0.5999999999999999
 0.6
 0.5166666666666666
 0.5
 0.58
 0.55
 0.6100000000000001
 0.66
 0.6
 0.5533333333333333
 0.6333333333333333
 0.6466666666666667
 0.74
 0.7333333333333333
 0
 0
 0.6068518475578483
 0.7960178338531959
 0.6645890912338266
 0.624776550318469
 0.7407866736192616
 0.4921252874015714
 0.5955145609557749
 0.7012176825270351
 0.462464254312001
 0.654758048458701
 0.6525108002189209
 0.3951552534564045
 0.6706200373818336
 0.5601221493346971
 0.7043817525244878
 0.7037113793457221
 0.7169326561068544
 0.6279140494312201
 0.5985576541971019
 0.6529254052267368
 0.6796130834885362
 0.687443885374548
 0.6468014091377513
 0.6414106797115479
 0.7202746694091414
 0.6863009756011967
 0.7021214922188277
 0.6956364272230462
 0
 0
 0.6111194436338478
 0.9191621540090449
 0.5311207990688983
 0.7426797658676768
 0.744941240333298
 0.6987228165312249
 0.6312707935127907
 0.5292186449655031
 0.6022848066501877
 0.674864747766264
 0.5173839318433459
 0.4885172918194044
 0.5311589681127931
 0.5511654538831755
 0.6886268992268539
 0.7132217425460691
 0.7156119110052672
 0.7650390906675851
 0.6910151826635584
 0.7473906976740354
 0.714686170669007
 0.7715858585857481
 0.6865786146631437
 0.710118075919995
 0.7080002676712223
 0.7494408777930546
 0.7782739092335644
 0.7630036344373854
 0
 0
 0
 1
 0.6
 0.5
 0.7142857142857143
 0.5
 0.8888888888888888
 0.6
 0.4545454545454545
 0.6666666666666666
 0.3076923076923077
 0.4444444444444444
 0.6
 0.6666666666666666
 1
 1
 0
 1
 1
 1
 0
 1
 1
 1
 0
 1
 1
 1
 0
 0
 0.2500374962864692
 1.000016667729626
 0.6000001093740368
 0.4666666680075011
 0.6690476204465794
 0.5044652186694116
 0.8324201081395831
 0.6095238147981064
 0.4907197384597287
 0.6883838425806271
 0.4270990727786967
 0.4603758744895609
 0.5789895830727851
 0.6087577706673278
 0.8527000457789893
 0.8408222632771114
 0.4913603570591014
 0.800149804605757
 0.9119910777081593
 0.9444194228882747
 0.4621438491827824
 0.8665572440749381
 0.9373532770076564
 0.8418697746544164
 0.5312790252238583
 1.000000961177246
 0.8742818048513903
 0.7916689502057244
 0
 0
 0.7892931470571475
 0.6597001042994211
 0.5321457757476932
 0.6750463067304331
 0.7141924503776612
 0.7164333160074893
 0.7774434361950716
 0.6421339926418544
 0.7193083070065649
 0.7012907188479882
 0.6254053023878261
 0.644342442714277
 0.6399943332573621
 0.7001922969860148
 0.7041349349055079
 0.7162991497255835
 0.7786262762464955
 0.7370034780561058
 0.7385435754930274
 0.7467070980579704
 0.7890340716412071
 0.7628680360169262
 0.7272767044620465
 0.7151786074180851
 0.7623124239064099
 0.7708955162920771
 0.7967594507861768
 0.7927380551404706
 0
 0
 0.6111194436490637
 0.7354112681670973
 0.5755027475344873
 0.6839339607319104
 0.6698892877120749
 0.6629699830640446
 0.6184277706257938
 0.5669279244989895
 0.5824821969413815
 0.6089322856219165
 0.5011639301016563
 0.4746803794899634
 0.5168051447029897
 0.5647820533524252
 0.675358302859283
 0.7236884344257087
 0.7060982852584063
 0.6620345661382896
 0.6893112338583582
 0.697710356255688
 0.6900644829044547
 0.7063870200762172
 0.6943900986610556
 0.7134009905520462
 0.7036944915778354
 0.7196229521394057
 0.7413339650306545
 0.7532289581209932
 0
 0
 1
 1
 1
 1
 1
 1
 1
 1
 1
 1
 1
 1
 1
 1
 1
 1
 1
 1
 1
 1
 1
 1
 1
 1
 1
 1
 1
 1
 0
 0
 0.250037496260906
 0.7807293853825747
 0.5500001957935499
 0.4435694619519197
 0.6051689416259316
 0.5441256062556133
 0.5069040895930784
 0.502123050786173
 0.4845589649981007
 0.6334293157924962
 0.4349996922882305
 0.4316571059325101
 0.5161992117509364
 0.5980109605074657
 0.778984656135442
 0.6872497972263305
 0.6772105813475058
 0.7716541408879606
 0.7963019010985584
 0.7045861975588601
 0.681090812090098
 0.5692152283461356
 0.6870050152157563
 0.4058589544137017
 0.7451272952996811
 0.9916796014903192
 0.584266482104837
 0.9927056279735995
 0
 0
 0.7892931470571475
 0.7095535120899413
 0.5340951565558171
 0.6700918369332255
 0.7008092597298139
 0.7263483197364776
 0.9131248523571285
 0.8779210813678049
 0.6936638847185111
 0.6416227106232258
 0.6779633388426561
 0.6813389161351385
 0.6864335235953546
 0.7471142164469258
 0.7075693172183055
 0.7405516084161727
 0.7137302942078196
 0.7364390703086807
 0.817778169807881
 0.7421421871584105
 0.6844732510931575
 0.8349820900930688
 0.7708586957641126
 0.8333253326808759
 0.7543130728187925
 0.789727213064078
 0.9180871984545056
 0.8790012316434734
 0
 0
 0
 0
 0
 0
 0
 0
 0
 0
 0
 0
 0
 0
 0
 0
 0
 0
 0
 0
 0
 0
 0
 0
 0
 0
 0
 0
 0
 0
 0
 0
 0
 0
 0
 0
 0
 0
 0
 0
 0
 0
 0
 0
 0
 0
 0
 0
 0
 0
 0
 0
 0
 0
 0
 0
 0
 0
 0
 0
 0
 0
 0
 0
 0
 0
 0
 0
 0
 0
 0
 0
 0
 0
 0
 0
 0
 0
 0
 0
 0
 0
 0
 0
 0
 0
 0
 0
 0
 0
 0
 0
 0
 0
 0
 0
 0
 0
 0
 0
 0
 0
 0
 0
 0
 0
 0
 0
 0
 0
 0
 0
 0
 0
 0
 0
 0
 0
 0
 0
 0
 0
 0
 0
 0
 0
 0
 0
 0
 0
 0
 0
 0
 0
 0
 0
 0
 0
 0
 0
 0
 0
 0
 0
 0
 0
 0
 0
 0
 0
 0
 0
 1
 1
 1
 1
 1
 1
 1
 1
 1
 1
 1
 1
 1
 1
 1
 1
 1
 1
 1
 1
 1
 1
 1
 1
 1
 1
 1
 1
 0
 0
 0
 0
 0
 0
 0
 0
 0
 0
 0
 0
 0
 0
 0
 0
 0
 0
 0
 0
 0
 0
 0
 0
 0
 0
 0
 0
 0
 0
 0
 0
 0
 0
 0
 0
 0
 0
 0
 0
 0
 0
 0
 0
 0
 0
 0
 0
 0
 0
 0
 0
 0
 0
 0
 0
 0
 0
 0
 0


