# Created by Octave 3.8.2, Fri Nov 20 22:31:10 2015 CET <dkottke@mudflap>
# name: mus
# type: matrix
# ndims: 3
 1 30 19
 0
 0
 0.8061821219715957
 0.6245819397993311
 0.8460251046025112
 0.8718592964824123
 0.9055973266499584
 0.9236577181208053
 0.9189640768588124
 0.9092436974789924
 0.948290241868223
 0.9537037037037039
 0.9439799331103672
 0.9438655462184878
 0.9341772151898732
 0.9315878378378378
 0.9265546218487385
 0.9212962962962956
 0.9186856028961286
 0.9313559322033897
 0.9231411862990805
 0.9211560044893375
 0.9197324414715724
 0.9141156462585035
 0.9063829787234045
 0.909280936454849
 0.9273989898989896
 0.9291383219954651
 0.9249178071718021
 0.9273504273504269
 0
 0
 0.6666666666666666
 1
 0.6
 0.7
 0.6
 0.5
 0.7
 0.7
 0.7333333333333333
 0.9
 0.8333333333333333
 0.7
 0.7999999999999999
 0.8166666666666667
 0.95
 0.9333333333333332
 0.85
 0.9
 0.9099999999999999
 0.9
 0.8800000000000001
 0.8699999999999999
 0.8800000000000001
 0.8866666666666667
 0.9266666666666665
 0.9266666666666667
 0.9333333333333333
 0.9333333333333333
 0
 0
 0.6663808161738167
 0.9187900670949423
 0.7045094474961116
 0.7385152495090497
 0.6360309536796029
 0.7048310861511347
 0.7573292962253213
 0.7127148240652159
 0.7313787660223601
 0.8224618232636757
 0.828756985014117
 0.8091929290166759
 0.8673801033918023
 0.8545477286958832
 0.8882743123875807
 0.9073585839316578
 0.8008596865439566
 0.839824928206907
 0.8741640219285256
 0.8580194088844154
 0.8649968840899673
 0.8726757790206104
 0.8668974055922223
 0.8500091598857353
 0.8747104744460187
 0.8847625602190821
 0.8812790545596838
 0.8726156518962296
 0
 0
 0.7184195837552176
 0.8171386572470772
 0.5458854878360315
 0.6452886271280091
 0.5902346566194728
 0.6399457154379667
 0.6682409533939342
 0.7074639384799594
 0.6898181668028265
 0.7113965343791929
 0.7140484431672643
 0.7311922838109036
 0.7563972195311016
 0.7642977042979222
 0.7827866513585422
 0.8062407792462525
 0.7375805687973727
 0.7618618094708686
 0.7759291618717847
 0.7845629777788149
 0.7813757508537643
 0.7942569208593305
 0.7890291006795913
 0.8057654274718038
 0.8045689734378531
 0.8166277149970432
 0.8195991602291829
 0.8328635608950118
 0
 0
 0.6666666666666666
 1
 0.6
 0.5
 0.4285714285714285
 0.625
 0.7777777777777778
 0.4
 0.9090909090909091
 0.75
 0.8461538461538461
 0.5555555555555556
 0.8
 0.6666666666666666
 1
 1
 1
 1
 1
 0
 1
 1
 1
 1
 1
 1
 1
 1
 0
 0
 0.7589845074495033
 0.6304996571019534
 0.6159176827102015
 0.6610596836262119
 0.6034737225760926
 0.656270303649548
 0.7125211468989527
 0.6632256091686616
 0.6917750844473572
 0.6941341076367067
 0.7400621083701506
 0.7601532214440107
 0.7154581249296316
 0.7334301950923634
 0.7345846545722698
 0.8029965088068286
 0.8458401897988241
 0.7287116247493594
 0.8273342383389535
 0.7397585616292151
 0.855635683521823
 0.8493706820185225
 0.7830301294301296
 0.8040643281296338
 0.7611152293574941
 0.8575898525978906
 0.8091283525036069
 0.9237023794295727
 0
 0
 0.7892931470571475
 0.7312151686494065
 0.7253294857329309
 0.8084571371137684
 0.7274826682755322
 0.776447008588665
 0.7808541542074487
 0.8011406191496611
 0.7147653707231734
 0.8091038089973739
 0.764488385291369
 0.8110840175022045
 0.8010689616150466
 0.8408796597339865
 0.7814818780774559
 0.8173566162860263
 0.8023538139463453
 0.7971788772353482
 0.8119644356656993
 0.8068857834772314
 0.8227787696820479
 0.8163482823907139
 0.8446673659960207
 0.8526688056949486
 0.8263433484334898
 0.8333762443730534
 0.8292226282872961
 0.8456360899225591
 0
 0
 0.7190194802544873
 0.7835030204150908
 0.5675090624827902
 0.6630988074294506
 0.6781706625436675
 0.6692696107697198
 0.6651865583628572
 0.7297903185126046
 0.6743083475589143
 0.7103738797410218
 0.7284405588545438
 0.7451819744485793
 0.7698011508304243
 0.7793458543719167
 0.7975556081267827
 0.8263078420377599
 0.7573794036090501
 0.7835466863083834
 0.8051715690472867
 0.8153229540843049
 0.8118873648860682
 0.8135164753299079
 0.8041588456663947
 0.8271917998098711
 0.8205274398535715
 0.8315334345273301
 0.8437780780921255
 0.8404039354470629
 0
 0
 0.9998921045741095
 0.999999999999406
 0.9999999997625016
 0.9999999999999998
 0.9999999999998773
 0.9999999999883853
 1
 0.9999999999873843
 1
 0.9983113118837532
 0.9946733526247373
 0.9884040968757863
 0.9847483701550855
 0.973921397154495
 0.9711511569546714
 0.9637808310379173
 0.9702978408996393
 0.9715810778278531
 0.962711618328272
 0.9557040344222441
 0.9571773748334392
 0.9523841552450035
 0.9574465385323738
 0.9501342286749153
 0.950846240799509
 0.9647235284335305
 0.9397739946696531
 0.9519329688767353
 0
 0
 0.677395027804795
 0.6493484671585714
 0.6211559958074977
 0.6942578467889156
 0.5859819222381731
 0.6915761233692042
 0.6530567776034299
 0.7013781665657095
 0.6430764490872535
 0.6914165822080831
 0.6993844368701195
 0.7923592728708466
 0.8206080864305685
 0.7566096772037527
 0.8953593380583291
 0.9310227549833509
 0.7216096506154903
 0.7630132647502392
 0.7698085118465303
 0.7927103049511998
 0.7923539043188566
 0.8916146257029869
 0.7965093964737036
 0.8905325515025493
 0.8406669838040175
 0.8211607004104885
 0.8249194758706334
 0.8244164527577507
 0
 0
 0.7892931470571475
 0.7272383516638908
 0.6520615651601476
 0.7184849869833566
 0.7229376016587244
 0.7646922438911897
 0.7463811017844604
 0.7719383239203279
 0.7021226418026688
 0.7758991836811788
 0.7726199012326829
 0.7683703051748401
 0.8013246636375431
 0.7912408139370548
 0.822931858968069
 0.8119688453768886
 0.7814244343282233
 0.8317549275752436
 0.7884800117456269
 0.8066034385702159
 0.796302898534332
 0.8814984699534398
 0.811729137209402
 0.856149275912811
 0.8152514745195981
 0.8265407928929378
 0.8298265104519676
 0.8876459895470372
 0
 0
 0
 0
 0
 0
 0
 0
 0
 0
 0
 0
 0
 0
 0
 0
 0
 0
 0
 0
 0
 0
 0
 0
 0
 0
 0
 0
 0
 0
 0
 0
 0
 0
 0
 0
 0
 0
 0
 0
 0
 0
 0
 0
 0
 0
 0
 0
 0
 0
 0
 0
 0
 0
 0
 0
 0
 0
 0
 0
 0
 0
 0
 0
 0
 0
 0
 0
 0
 0
 0
 0
 0
 0
 0
 0
 0
 0
 0
 0
 0
 0
 0
 0
 0
 0
 0
 0
 0
 0
 0
 0
 0
 0
 0
 0
 0
 0
 0
 0
 0
 0
 0
 0
 0
 0
 0
 0
 0
 0
 0
 0
 0
 0
 0
 0
 0
 0
 0
 0
 0
 0
 0
 0
 0
 0
 0
 0
 0
 0
 0
 0
 0
 0
 0
 0
 0
 0
 0
 0
 0
 0
 0
 0
 0
 0
 0
 0
 0
 0
 0
 0
 0.9999905223443987
 0.9999999910667293
 0.9999999999987496
 1
 1
 0.9999997451774313
 0.9999999691118665
 0.9980957542758823
 0.999999999596849
 0.9977344033824723
 0.9933901739459455
 0.9855965561383168
 0.9838921524303575
 0.9643597086754579
 0.9692977345468531
 0.9595573103985008
 0.9715516333363152
 0.9686091058583347
 0.9659452963716716
 0.9630068023079096
 0.9574616560211038
 0.956485078587362
 0.9635938255697566
 0.9519886415780419
 0.9510296151517014
 0.9588702715345295
 0.9500792713787726
 0.9434303331671575
 0
 0
 0
 0
 0
 0
 0
 0
 0
 0
 0
 0
 0
 0
 0
 0
 0
 0
 0
 0
 0
 0
 0
 0
 0
 0
 0
 0
 0
 0
 0
 0
 0
 0
 0
 0
 0
 0
 0
 0
 0
 0
 0
 0
 0
 0
 0
 0
 0
 0
 0
 0
 0
 0
 0
 0
 0
 0
 0
 0


