# Created by Octave 3.8.2, Mon Nov 16 01:52:27 2015 CET <dkottke@snake4>
# name: mus
# type: matrix
# ndims: 3
 1 30 19
 0
 0
 0.4782608695652174
 0.6346153846153846
 0.8390243902439026
 0.8382352941176471
 0.911330049261084
 0.9182692307692307
 0.85024154589372
 0.9649999999999999
 0.9617224880382773
 0.9656862745098038
 0.9615384615384617
 0.9591836734693879
 0.9641025641025642
 0.9615384615384616
 0.965686274509804
 0.9646464646464646
 0.966507177033493
 0.975
 0.9735449735449736
 0.9797979797979798
 0.9806763285024154
 0.9774305555555556
 0.98
 0.9759615384615385
 0.9629629629629629
 0.9693877551020409
 0.9704433497536946
 0.9666666666666667
 0
 0
 0.6666666666666666
 0.5
 0.6
 0.7
 1
 1
 1
 0.9
 0.8
 0.9333333333333332
 0.9
 0.9333333333333332
 0.9333333333333332
 0.95
 0.9333333333333332
 0.95
 0.9333333333333332
 0.95
 0.96
 0.95
 0.96
 0.96
 0.96
 0.96
 0.9666666666666668
 0.96
 0.9333333333333333
 0.9666666666666668
 0
 0
 0.723447255512506
 0.6743621363610461
 0.6996306564431676
 0.8172440561209953
 0.862611604609657
 0.9568050951467152
 0.9253403422515648
 0.8689087451704244
 0.9217976676285941
 0.9029542529528292
 0.8850229284988806
 0.9186068817473845
 0.9273451610578547
 0.9106452438627346
 0.9330905405309804
 0.9420354306215849
 0.9290923959245154
 0.944033230305525
 0.964009262785428
 0.9641797539784365
 0.9623377405634559
 0.9480670925291206
 0.9510795240821166
 0.9730315702851413
 0.9630886123508081
 0.9425921820576678
 0.9594330720744502
 0.9648108150346093
 0
 0
 0.6934245403934243
 0.5748974976762838
 0.5870489612024387
 0.6718869691256194
 0.7824438957178483
 0.8410317153775273
 0.8246777613607037
 0.7384316446018111
 0.7883091334995939
 0.7855850513578392
 0.7878301424383146
 0.8193859683473342
 0.830629586347669
 0.8381294131166565
 0.851254759481784
 0.8512380505402779
 0.8578478075929579
 0.8606304391640103
 0.8756142227796596
 0.8811656985454237
 0.8912568922983369
 0.8857229006625128
 0.8918382703621842
 0.8993081276208577
 0.8873755002596736
 0.8884794621396255
 0.8959700392142633
 0.9006324096837161
 0
 0
 0.7040680599482286
 0.7502531215874878
 0.5954517147193542
 0.7298917514597547
 0.760672424912427
 0.8171812469719111
 0.8573541413369101
 0.757834233857317
 0.7908692692189149
 0.7754155026676406
 0.7943039120460809
 0.8060051104335573
 0.8312888199060763
 0.8390546852719418
 0.8436538426214452
 0.8562452739027049
 0.8513684276957505
 0.8574064011752427
 0.8746189907738745
 0.884669984556908
 0.8891453093093256
 0.8860901738974588
 0.8959894703414457
 0.8981072338185144
 0.883142215803873
 0.8878786612753199
 0.8923284149353022
 0.9009171672435136
 0
 0
 0.7394483082168024
 0.4166271384885429
 0.608168370233829
 0.6720787097993967
 0.7658998393346559
 0.8574249385691101
 0.7783246982810826
 0.7343120121286874
 0.7373785770494334
 0.7569257337957618
 0.9079343247541761
 0.7859091211959299
 0.8149872636812218
 0.8429068557625999
 0.8264568616766003
 0.8232427139812295
 0.8448557567208815
 0.8611117726655885
 0.8542066993115615
 0.8914603120623179
 0.8968811334805794
 0.8322218433585957
 0.8943412838454735
 0.8438094011361921
 0.8983601089038982
 0.9833573933471612
 0.9049045849485494
 0.9199242498043012
 0
 0
 0.3678794411714423
 0.917324975595357
 0.7345146304003952
 0.8149665534811843
 0.7895500712879469
 0.8378928490439479
 0.8658117454595311
 0.799476093091484
 0.8166973618531511
 0.7739013562153741
 0.8609077128981067
 0.8229558707886907
 0.8639879516683203
 0.9596758757114875
 0.8518503134599293
 0.8689192869516678
 0.8999245820922794
 0.9260326361652906
 0.9034377703353847
 0.9125135022254404
 0.9023034304145742
 0.8939501334759543
 0.9053297822786438
 0.9110575230510467
 0.8860648332826881
 0.8631747192463141
 0.9179333378626235
 0.9091304213782786
 0
 0
 0.6936056505491146
 0.6104902213535325
 0.5785154651571712
 0.6386204793656781
 0.7194090462053918
 0.7894289289408765
 0.7968946810401879
 0.7268387958413092
 0.8020899903212148
 0.8144565979173648
 0.825576748255233
 0.8646606233905207
 0.8632854052941619
 0.8673530037075535
 0.88765111230698
 0.8909178059845458
 0.8954358956925661
 0.8927947797807337
 0.9151083672198306
 0.9210728575571916
 0.9313561518352172
 0.923541244280606
 0.9303805814200883
 0.9401544378340617
 0.925461263900247
 0.9267859931246027
 0.9294761044029662
 0.936514715035664
 0
 0
 0.7068482005632197
 0.7815345373461392
 0.5750489304349637
 0.6569901012629291
 0.6802680991501999
 0.7768089723393118
 0.8211321601611622
 0.7639700172103295
 0.7944779240144786
 0.8068028407217187
 0.8280048072741646
 0.8588821827224022
 0.8590610786800881
 0.8727714123792969
 0.8793023029286758
 0.891688801250588
 0.8877386373693431
 0.890316203700434
 0.9129281820445059
 0.9190289973744946
 0.9279581949766957
 0.9261904240934421
 0.9274024567152718
 0.9353988094055599
 0.9263641167761557
 0.924384541126496
 0.9291027890002386
 0.936261534499802
 0
 0
 0.7027733907381131
 0.5868629943007042
 0.6131013702597035
 0.6205791940732857
 0.7430373391713714
 0.8259577141491883
 0.8068033664987238
 0.7540993228780184
 0.7435306125376061
 0.7820138453568501
 0.9389438660782179
 0.9520054841288811
 0.831693132881948
 0.8526096971858149
 0.8792986633964661
 0.8747441780884272
 0.8786720353388865
 0.8853637946268675
 0.9054461746124624
 0.9210594406336938
 0.9269260343374647
 0.9277603244338117
 0.9304376386703832
 0.9401477915943259
 0.9192197683988247
 0.9170823483691931
 0.9201744422531744
 0.9354375216573426
 0
 0
 0.3678794411714423
 0.832579396231648
 0.7448390474724274
 0.8186106931191748
 0.7821081594126523
 0.810600471746747
 0.821853740217547
 0.7900698342504802
 0.7871764195677194
 0.8219457024746852
 0.8313182599057173
 0.808756863443155
 0.8335711467903765
 0.8672275734507447
 0.8548075134347711
 0.8730183734569105
 0.8756381801885086
 0.9017317090644559
 0.9069863598738004
 0.9465344707427142
 0.9015044619580336
 0.9195490832947133
 0.9114534645106122
 0.9109498525126506
 0.9125714831431134
 0.9103021481450487
 0.9283030928337535
 0.930600242866069
 0
 0
 0
 0
 0
 0
 0
 0
 0
 0
 0
 0
 0
 0
 0
 0
 0
 0
 0
 0
 0
 0
 0
 0
 0
 0
 0
 0
 0
 0
 0
 0
 0
 0
 0
 0
 0
 0
 0
 0
 0
 0
 0
 0
 0
 0
 0
 0
 0
 0
 0
 0
 0
 0
 0
 0
 0
 0
 0
 0
 0
 0
 0
 0
 0
 0
 0
 0
 0
 0
 0
 0
 0
 0
 0
 0
 0
 0
 0
 0
 0
 0
 0
 0
 0
 0
 0
 0
 0
 0
 0
 0
 0
 0
 0
 0
 0
 0
 0
 0
 0
 0
 0
 0
 0
 0
 0
 0
 0
 0
 0
 0
 0
 0
 0
 0
 0
 0
 0
 0
 0
 0
 0
 0
 0
 0
 0
 0
 0
 0
 0
 0
 0
 0
 0
 0
 0
 0
 0
 0
 0
 0
 0
 0
 0
 0
 0
 0
 0
 0
 0
 0
 0.4452039598209757
 0.7249986014084647
 0.5769331236964913
 0.656023360475409
 0.6960737468697827
 0.7659454444619722
 0.8198989201798094
 0.7654292459932122
 0.7901132782905846
 0.8128588820779289
 0.8310432662337733
 0.8578751988874018
 0.8515271360189887
 0.8683980230446633
 0.8781281110943349
 0.8852463701254615
 0.8894757855129437
 0.8898369203291036
 0.9129475668060465
 0.9186241826326305
 0.9268134486931502
 0.9278285438842997
 0.9271301412816376
 0.9336388305175676
 0.9255211753660688
 0.9235497295781154
 0.9311030048899137
 0.936372745787556
 0
 0
 0
 0
 0
 0
 0
 0
 0
 0
 0
 0
 0
 0
 0
 0
 0
 0
 0
 0
 0
 0
 0
 0
 0
 0
 0
 0
 0
 0
 0
 0
 0
 0
 0
 0
 0
 0
 0
 0
 0
 0
 0
 0
 0
 0
 0
 0
 0
 0
 0
 0
 0
 0
 0
 0
 0
 0
 0
 0


