# Created by Octave 3.8.2, Fri Nov 20 21:12:46 2015 CET <dkottke@snake10>
# name: mus
# type: matrix
# ndims: 3
 1 30 19
 0
 0
 0.5765164162493048
 0.6163697104677061
 0.7348189415041793
 0.7329988851727985
 0.7304057809894403
 0.7332589285714286
 0.7264098269123381
 0.7240223463687149
 0.718906860011155
 0.7192393736017897
 0.7171125975473801
 0.7208426339285717
 0.7394957983193275
 0.7416294642857143
 0.7443884220354804
 0.7446689113355781
 0.7487202047672372
 0.7443820224719103
 0.7394957983193274
 0.7388078314004237
 0.7332775919732444
 0.7359234234234233
 0.7391549295774648
 0.7346711259754737
 0.7348484848484848
 0.7371651785714285
 0.7441601779755282
 0.7378531073446328
 0
 0
 0.6666666666666666
 0.75
 0.6
 0.6
 0.9
 0.8
 0.9
 0.9
 0.8333333333333333
 0.9
 0.9333333333333332
 0.9333333333333332
 0.8666666666666666
 0.8666666666666666
 0.8666666666666666
 0.9
 0.85
 0.9
 0.9
 0.9099999999999999
 0.8699999999999999
 0.8799999999999999
 0.76
 0.8066666666666666
 0.8400000000000001
 0.8666666666666668
 0.8266666666666668
 0.7666666666666667
 0
 0
 0.7206909158664512
 0.8337757049006386
 0.7243175385348122
 0.7849567599535968
 0.7701976547241551
 0.8325530225777719
 0.8193272596833541
 0.8438796074007527
 0.8958093791661044
 0.898439296881545
 0.9153861480539488
 0.927850927653123
 0.8298140816099907
 0.8510266390005169
 0.8504510227317648
 0.8213904404506615
 0.8344281247954619
 0.8955588196066478
 0.8795550844940856
 0.8246018212685812
 0.8273228644244259
 0.8257603124164339
 0.8465756297128902
 0.8439448558139475
 0.840395541655252
 0.8613787953155169
 0.8528886386086738
 0.7507665434633114
 0
 0
 0.7186525433564124
 0.6509760281378857
 0.6110314586249811
 0.6884538457435723
 0.7122936120928798
 0.7735840660593479
 0.7950130752476934
 0.8091883673480575
 0.8292625252034396
 0.8542710771566649
 0.8678497102170989
 0.8863808679583648
 0.7593475528017949
 0.8019321203834703
 0.8064357134774888
 0.813684751037218
 0.8119525109425024
 0.8010596158946168
 0.8066721491315413
 0.8056132506490798
 0.7942120641487027
 0.7882606183569265
 0.7658980612369946
 0.78245603615041
 0.7856642837079219
 0.7842642315232815
 0.7612140653474715
 0.7104340556764158
 0
 0
 0.6666666666666666
 0.75
 0.6
 0.8333333333333334
 0.8571428571428571
 1
 0.6666666666666666
 1
 0.9090909090909091
 0.8333333333333334
 1
 1
 1
 1
 1
 0
 1
 1
 1
 1
 1
 1
 1
 1
 1
 1
 1
 1
 0
 0
 0.7755277952267703
 0.854318768393883
 0.596993641309114
 0.7207944449742926
 0.7167215862929232
 0.7685787284597998
 0.7413088763568765
 0.7739737666544189
 0.9385359828100164
 0.8481678586893905
 0.8496342085047665
 0.8976297787456212
 0.7581162180748124
 0.8386038720306725
 0.7893395078466866
 0.7473746727893898
 0.794639473461911
 0.7815102018737896
 0.8630190550207471
 0.7982748099304545
 0.7847364506467209
 0.8002154471907417
 0.7697885605363921
 0.8805573985511205
 0.7954928595419554
 0.7651634911595842
 0.7558751339868701
 0.731370062119805
 0
 0
 0.5785862941142949
 0.7671437185606318
 0.6449999117584727
 0.7445174237991875
 0.7063289421046008
 0.7886764571672527
 0.8056369685932216
 0.8494118305548356
 0.8502629904836912
 0.8744576911419104
 0.8828722130744212
 0.8770426486402271
 0.8247447952585046
 0.8225919691667043
 0.8130653868062585
 0.8316753950799538
 0.8834592124796858
 0.8653464489146672
 0.8365030858078196
 0.8313858686510944
 0.9002077337572417
 0.8415738861038934
 0.8425423420153944
 0.8085260358366239
 0.8131068483362337
 0.7996331730965465
 0.8133384551001009
 0.7873861422765607
 0
 0
 0.7194362476139896
 0.6684818884722397
 0.5947475614524892
 0.7345135291797233
 0.7545128334358229
 0.7913389846401486
 0.7871429289048452
 0.8039357317660341
 0.8372595969348748
 0.8515127709889195
 0.8768727645889532
 0.8824663612739586
 0.7675848367713715
 0.7972142989809028
 0.8091175663877296
 0.8182329441996362
 0.8191995374809183
 0.7910900945629851
 0.7957227391200119
 0.8034885450601434
 0.7895429390365194
 0.7856388957832163
 0.7641666819981127
 0.7816930897715362
 0.7806872738011748
 0.7792898876568483
 0.7607474396081016
 0.7099654361991563
 0
 0
 0.9996923019294491
 0.999999993315646
 0.9999999697021816
 0.9999999994381028
 0.9999999999998612
 1
 1
 0.9999999999999997
 0.9999999999999988
 0.9984169210754508
 0.9950563822385556
 0.9854917857395437
 0.9898269804052388
 0.9845747411205535
 0.9726007401136127
 0.9742983360372893
 0.9649538121383205
 0.9701320313715728
 0.9629738157530225
 0.9598967951971086
 0.9600647982250786
 0.9634400011107781
 0.9622764478393439
 0.9506173348151313
 0.9521359006612421
 0.9468143602731135
 0.9533383671712935
 0.9506796941536444
 0
 0
 0.6873538165795356
 0.9135816654422859
 0.6031782692764168
 0.8549346566168146
 0.8027711396990347
 0.9140056905279539
 0.9295581792962923
 0.8435816553326272
 0.8858201590169547
 0.8462831096730024
 0.8833502943768887
 0.8585846858003029
 0.7554991019023235
 0.8500286785667557
 0.8026694439588585
 0.8018899058599145
 0.8070587844078138
 0.8316985179043508
 0.7848103073613965
 0.7921091335692366
 0.7793656030550162
 0.7761443733397243
 0.7696930611802382
 0.7914576802448456
 0.7746333467163597
 0.7761561405227833
 0.7546491030521673
 0.7216680145275016
 0
 0
 0.5785862941142949
 0.7725096034138929
 0.6552301116736512
 0.7612156729537788
 0.7037636964423818
 0.8138973425861422
 0.7969880901720305
 0.800465545980338
 0.8213570207266062
 0.8526364588223488
 0.8166589851475562
 0.8517848210913033
 0.8093757182530724
 0.8019561839310603
 0.8141528294977619
 0.8446658636343103
 0.8992322197955899
 0.7923442379822243
 0.8126337086468288
 0.825835953718423
 0.8103164209138755
 0.8101085671498973
 0.8292819569836285
 0.8053333898283529
 0.8021108519140211
 0.7816486816767148
 0.7782307310744982
 0.7622189719841713
 0
 0
 0
 0
 0
 0
 0
 0
 0
 0
 0
 0
 0
 0
 0
 0
 0
 0
 0
 0
 0
 0
 0
 0
 0
 0
 0
 0
 0
 0
 0
 0
 0
 0
 0
 0
 0
 0
 0
 0
 0
 0
 0
 0
 0
 0
 0
 0
 0
 0
 0
 0
 0
 0
 0
 0
 0
 0
 0
 0
 0
 0
 0
 0
 0
 0
 0
 0
 0
 0
 0
 0
 0
 0
 0
 0
 0
 0
 0
 0
 0
 0
 0
 0
 0
 0
 0
 0
 0
 0
 0
 0
 0
 0
 0
 0
 0
 0
 0
 0
 0
 0
 0
 0
 0
 0
 0
 0
 0
 0
 0
 0
 0
 0
 0
 0
 0
 0
 0
 0
 0
 0
 0
 0
 0
 0
 0
 0
 0
 0
 0
 0
 0
 0
 0
 0
 0
 0
 0
 0
 0
 0
 0
 0
 0
 0
 0
 0
 0
 0
 0
 0
 0.999981286905865
 0.9999999957899415
 0.9999999999261361
 0.9999999999994935
 0.9999999995488386
 0.9999999640640082
 0.9999998199944402
 0.9966006229588212
 0.9999614912777482
 0.9998463840722239
 0.9917401864189496
 0.9861429524633163
 0.979697026990404
 0.9782502611627582
 0.9768212996992846
 0.9692065529681531
 0.9663601461009746
 0.9681676938862553
 0.9675068005436774
 0.9630261330522309
 0.9581678850792636
 0.9680774054396348
 0.9541462622108671
 0.9476781242274138
 0.9510459239359135
 0.9519831994947071
 0.9495565200384868
 0.9554289902926192
 0
 0
 0
 0
 0
 0
 0
 0
 0
 0
 0
 0
 0
 0
 0
 0
 0
 0
 0
 0
 0
 0
 0
 0
 0
 0
 0
 0
 0
 0
 0
 0
 0
 0
 0
 0
 0
 0
 0
 0
 0
 0
 0
 0
 0
 0
 0
 0
 0
 0
 0
 0
 0
 0
 0
 0
 0
 0
 0
 0


