# Created by Octave 3.8.2, Fri Nov 20 22:48:33 2015 CET <dkottke@snake5>
# name: mus
# type: matrix
# ndims: 3
 1 30 19
 0
 0
 0.4782608695652174
 0.5865384615384616
 0.8146341463414636
 0.7647058823529412
 0.7635467980295567
 0.7740384615384616
 0.9130434782608697
 0.9299999999999999
 0.923444976076555
 0.9215686274509803
 0.8990384615384616
 0.979591836734694
 0.9692307692307693
 0.9423076923076923
 0.9852941176470589
 0.9797979797979799
 0.9904306220095694
 0.99
 0.9841269841269842
 0.9898989898989901
 0.9903381642512077
 0.9895833333333334
 0.99
 0.9903846153846154
 0.9894179894179894
 0.9948979591836735
 0.9950738916256158
 1
 0
 0
 0.6666666666666666
 0.25
 0.4
 0.2
 0.6
 0.6
 0.6
 0.6
 0.7333333333333333
 0.6666666666666667
 0.5333333333333333
 0.5666666666666667
 0.4666666666666666
 0.5666666666666667
 0.7333333333333333
 0.7
 0.7
 0.65
 0.76
 0.78
 0.74
 0.79
 0.8
 0.7733333333333332
 0.8466666666666667
 0.7933333333333333
 0.7533333333333333
 0.7666666666666666
 0
 0
 0.8136054762428612
 0.5939503354747112
 0.726941119145487
 0.6069355445330343
 0.4389137691346389
 0.5745277275636362
 0.6476981418795504
 0.4258363811504895
 0.6318204521833017
 0.6849591086377222
 0.6739762965394234
 0.4307884139960837
 0.4749745406673681
 0.5057160017315003
 0.5474386253757342
 0.6371488697728811
 0.7318504454810603
 0.6984186371727361
 0.722622677970514
 0.7456564516427966
 0.7168069739478014
 0.7177876292994011
 0.7675137312903264
 0.8134950178144174
 0.8231370219822509
 0.7741451797366892
 0.752667642947612
 0.7200223237519282
 0
 0
 0.9145877471360797
 0.4466479452163568
 0.4979832846889398
 0.4454662319839635
 0.517742573693618
 0.4860321641891163
 0.460720189813689
 0.5027945643500549
 0.514396131026023
 0.550828105177299
 0.5191159287900826
 0.4629059257743334
 0.4629746098472681
 0.4909419859423093
 0.5342368700428355
 0.561241723383918
 0.5946688417518383
 0.6312408520089084
 0.6503180613154375
 0.6642401471634275
 0.6813264047372177
 0.6865658295424648
 0.6906440822293503
 0.7066872312003514
 0.7273262383591812
 0.679102111896417
 0.6590392513230927
 0.6570397920709701
 0
 0
 0.6666666666666666
 0.25
 0.2
 0.3333333333333333
 0.2857142857142857
 0.75
 0.3333333333333333
 0.4
 0.6363636363636364
 0.4166666666666667
 0.6923076923076923
 0.1111111111111111
 0.2
 0
 0.5
 0
 1
 1
 0
 1
 1
 1
 0
 1
 1
 1
 1
 1
 0
 0
 0.7191728094511676
 0.4165349929624615
 0.412497060699259
 0.4633186118259224
 0.4642868730578811
 0.4810767646056978
 0.4502528709406136
 0.4584666343639079
 0.5453704650726875
 0.5191868281530889
 0.5321156578487625
 0.4394768766029542
 0.4452985395083733
 0.4627815118227421
 0.5162017467569533
 0.5308840529195853
 0.6332917486240817
 0.6792062617201325
 0.6687764777198745
 0.7341099306019256
 0.6879535958377294
 0.7750869662994528
 0.6786242605602925
 0.8099418743823741
 0.7952183619561258
 0.6585312625636859
 0.6541898521409285
 0.6609036288352313
 0
 0
 0.7892931470571475
 0.7696938337654803
 0.6722385147970029
 0.6593097031418753
 0.6235564090585466
 0.641583232093944
 0.691592751949557
 0.6697433945285409
 0.6894846380625601
 0.7202106845761603
 0.6888942798884303
 0.6437247017529392
 0.6613471037657798
 0.6802447561544687
 0.6627449385560007
 0.70017173209502
 0.7185394011052829
 0.7570281771511851
 0.7719922857311841
 0.7384126923860039
 0.7711312708587128
 0.7961860283924659
 0.7652129288712843
 0.7807363886816499
 0.8205958605078725
 0.7816391437088844
 0.7750758980619074
 0.7678377945781555
 0
 0
 0.9120396602023406
 0.4959261373761553
 0.512199277093394
 0.5038132302871897
 0.4851903862674091
 0.4566899358106627
 0.480952384452248
 0.4747540899064701
 0.4981532881348373
 0.531447594537667
 0.4889251146661227
 0.4691626816300016
 0.46495324053866
 0.4923417066060579
 0.5232970447570972
 0.5620996984666142
 0.595361793517041
 0.6384629010286966
 0.6643884173060123
 0.6816504489590599
 0.7054121578356757
 0.7207277288267618
 0.7296091411389942
 0.7402683271234791
 0.7611542740009617
 0.7038380835399319
 0.6683369440685146
 0.6768135556150556
 0
 0
 0.999707439564783
 1
 0.9999999999222345
 0.9999999999999998
 1
 0.9999999999999992
 1
 1
 0.9998378089934108
 0.9966275171969274
 0.9897225488032356
 0.9874678231870762
 0.9806957638496587
 0.9705151776693794
 0.976509271445987
 0.9757310221594201
 0.9752657944971256
 0.9640123832879165
 0.9663999620904508
 0.9617664665416393
 0.9601632615278067
 0.9591355132168365
 0.9616162998489205
 0.9639609231824867
 0.9456691750629578
 0.9537105023072645
 0.9504514200724258
 0.9463789643196723
 0
 0
 0.7349914986965905
 0.4402960621851011
 0.5154578175072632
 0.4932255113506536
 0.4662853260767016
 0.4098381674791981
 0.4495195696178029
 0.4607517642154089
 0.5084912989508498
 0.5041200504670794
 0.4830021704061492
 0.449894911734876
 0.4484041072252046
 0.4801507950848619
 0.5098308346242544
 0.5408534279226448
 0.5792728200751243
 0.6415127283316229
 0.6356950921107062
 0.6448199582026819
 0.6909672448000791
 0.7979956839522363
 0.7017746465269981
 0.7196674708928691
 0.8535586911671696
 0.6820805660713668
 0.6603341154826968
 0.6692981028673762
 0
 0
 0.7892931470571475
 0.8177029611149176
 0.7046125967892815
 0.6814992811717514
 0.6231317393931558
 0.6583981868212631
 0.6896344095892147
 0.6689650345874077
 0.6654778616104944
 0.7039055775316434
 0.6871557772152035
 0.6867074715221635
 0.6788581122275439
 0.674813994808881
 0.6860260267355124
 0.678875590211202
 0.7065209992037343
 0.7078726177178841
 0.7178314098639909
 0.7410931489583809
 0.7350476791430008
 0.7438257643302373
 0.7579843454205214
 0.7555416860126127
 0.7720900042477207
 0.7545571823819003
 0.7597610399237819
 0.7311656690382751
 0
 0
 0
 0
 0
 0
 0
 0
 0
 0
 0
 0
 0
 0
 0
 0
 0
 0
 0
 0
 0
 0
 0
 0
 0
 0
 0
 0
 0
 0
 0
 0
 0
 0
 0
 0
 0
 0
 0
 0
 0
 0
 0
 0
 0
 0
 0
 0
 0
 0
 0
 0
 0
 0
 0
 0
 0
 0
 0
 0
 0
 0
 0
 0
 0
 0
 0
 0
 0
 0
 0
 0
 0
 0
 0
 0
 0
 0
 0
 0
 0
 0
 0
 0
 0
 0
 0
 0
 0
 0
 0
 0
 0
 0
 0
 0
 0
 0
 0
 0
 0
 0
 0
 0
 0
 0
 0
 0
 0
 0
 0
 0
 0
 0
 0
 0
 0
 0
 0
 0
 0
 0
 0
 0
 0
 0
 0
 0
 0
 0
 0
 0
 0
 0
 0
 0
 0
 0
 0
 0
 0
 0
 0
 0
 0
 0
 0
 0
 0
 0
 0
 0
 0.9999893431702618
 0.9999997758460407
 0.9999999999981682
 0.9999999999243639
 0.9999999991580983
 0.9999998967801412
 0.9999999930948764
 0.9999985222876202
 0.9969614479605899
 0.994822661853334
 0.9936154281891397
 0.9888971253601091
 0.9816202349806071
 0.9678243228667351
 0.9786565924819827
 0.970648228985093
 0.9660655038727226
 0.966054636440729
 0.9679367196372282
 0.9580754989059797
 0.9580773906280647
 0.966715034841735
 0.9519404654840212
 0.9533592471902952
 0.9519884753759238
 0.9501832410428857
 0.9497213290096178
 0.9385257492246463
 0
 0
 0
 0
 0
 0
 0
 0
 0
 0
 0
 0
 0
 0
 0
 0
 0
 0
 0
 0
 0
 0
 0
 0
 0
 0
 0
 0
 0
 0
 0
 0
 0
 0
 0
 0
 0
 0
 0
 0
 0
 0
 0
 0
 0
 0
 0
 0
 0
 0
 0
 0
 0
 0
 0
 0
 0
 0
 0
 0


