# Created by Octave 3.8.2, Fri Nov 20 20:10:09 2015 CET <dkottke@snake6>
# name: mus
# type: matrix
# ndims: 3
 1 30 19
 0
 0
 0.302726766833612
 0.2867483296213809
 0.4573816155988857
 0.4620958751393534
 0.4608115619788771
 0.4341517857142857
 0.4377442769402569
 0.435754189944134
 0.4351047725280854
 0.4317673378076064
 0.6570048309178742
 0.6321149553571429
 0.6386554621848739
 0.6439732142857143
 0.6472455648926236
 0.6459034792368128
 0.6746520556710925
 0.6831460674157303
 0.6126610644257703
 0.5631001371742111
 0.6758639910813825
 0.6835585585585584
 0.6969014084507044
 0.6971386101820888
 0.689674523007856
 0.6799665178571431
 0.67908787541713
 0.659322033898305
 0
 0
 0.3333333333333333
 0
 0.2
 0.3
 0.4
 0.3
 0.2
 0.6
 0.6333333333333333
 0.4333333333333333
 0.5333333333333333
 0.5
 0.4666666666666666
 0.55
 0.6666666666666666
 0.65
 0.75
 0.6
 0.54
 0.5800000000000001
 0.51
 0.51
 0.52
 0.5066666666666666
 0.3666666666666666
 0.5066666666666666
 0.4466666666666667
 0.4666666666666666
 0
 0
 0.5030916097768205
 0.529271924276606
 0.4896463645195901
 0.5973416580373385
 0.685115762204514
 0.4789801509106032
 0.4673396197901478
 0.5120735988742648
 0.5661790991652171
 0.5130776483663879
 0.6003052077491065
 0.5502353787802077
 0.5430419459471959
 0.5781983284508113
 0.58890906325599
 0.6022497536204277
 0.6205564785005124
 0.5641797156874409
 0.5124755453673329
 0.5768480260151603
 0.5663292155518136
 0.4602339373932243
 0.4877591389818774
 0.5117293012733377
 0.4505942572011761
 0.5128666536821014
 0.4515312015388534
 0.4692246695802396
 0
 0
 0.2058603237324088
 0.1115336652435434
 0.3417111535748758
 0.3499477059474489
 0.4461797635801843
 0.2485687339419906
 0.2590724590887984
 0.3195597041372886
 0.3981562765985899
 0.3980499474037037
 0.5827643183499239
 0.4948347456593265
 0.5468350690595883
 0.5918455751783674
 0.6175587384543524
 0.6485406819388119
 0.6995895227237152
 0.6653304167492208
 0.6234935945424828
 0.5889083417276989
 0.5473758113018162
 0.5838208353002144
 0.5715633130723474
 0.5188978259354556
 0.4820220780488433
 0.4568762892770559
 0.4332538415131884
 0.437049073908675
 0
 0
 0
 0
 0.4
 0.1666666666666667
 0.4285714285714285
 0.25
 0.2222222222222222
 0.1
 0.2727272727272727
 0.4166666666666667
 0.6153846153846154
 0.7777777777777778
 0.4
 1
 0.5
 1
 0
 1
 1
 1
 1
 1
 1
 0
 1
 0
 1
 1
 0
 0
 0.009444014570911707
 0.03394284889895871
 0.3427533942389605
 0.2698077086851085
 0.4430715438310049
 0.266297678063534
 0.3151741273775925
 0.2663835197503018
 0.3245920742313
 0.4210523284892463
 0.6050734338086972
 0.589480726629143
 0.5284628441945803
 0.7121111512709977
 0.565532792355516
 0.6923507318495957
 0.565305051700246
 0.7680035229670059
 0.7575642447829615
 0.5542348710829881
 0.6383922507342316
 0.6239973725401934
 0.6310545213205192
 0.4034143462920776
 0.4645238172366266
 0.3585862333575279
 0.5482188619100499
 0.5008470249631248
 0
 0
 0.7892931470571475
 0.6147547468729091
 0.648463712259938
 0.6106714836020206
 0.6160319917539983
 0.5290920857816875
 0.6443217235375174
 0.5135189598784765
 0.6288696647851724
 0.6107817776310741
 0.6202689384020794
 0.5985884668498137
 0.593852279405335
 0.6074194468608497
 0.6255730246029164
 0.6400973508762529
 0.6813865853143257
 0.6388210796080316
 0.5773340750547453
 0.6258449803609634
 0.5848426096028605
 0.6223972939644408
 0.6047908929186365
 0.6512852701808339
 0.5885011352401881
 0.6113039285884614
 0.6161700939859376
 0.5930033718546461
 0
 0
 0.2183134973146835
 0.204073463344298
 0.3419418219653123
 0.4226182713522918
 0.4453813161688474
 0.3403181875095022
 0.3507032268206068
 0.4250288418488627
 0.4733490242573397
 0.4685565531602249
 0.5596245616787708
 0.4952040242174699
 0.5294701825621501
 0.559491635795011
 0.5747996446595519
 0.6024027059199212
 0.6311364508642459
 0.5938885190898103
 0.5797475547439128
 0.5653032410992157
 0.5209537244585254
 0.5337182509434765
 0.5335919769238102
 0.5168289990696318
 0.5071096176353562
 0.4921412643096372
 0.4799919465920043
 0.4823440539176336
 0
 0
 0.9569963443635157
 0.9073426601342618
 0.9608109208054766
 0.9280179229802644
 0.9058733245086577
 0.9432955246461008
 0.9204544512290899
 0.9281785578046291
 0.9238219980722678
 0.9203181127433034
 0.9348115685722396
 0.917783759255031
 0.9068365767682406
 0.9139634590265817
 0.9191117551362736
 0.915543987395085
 0.9043513024801467
 0.9024786749754179
 0.896207478353679
 0.9043696711958129
 0.9054230058047793
 0.9032199706380656
 0.9062752899964481
 0.8975693189127965
 0.9091483490107779
 0.902659268051738
 0.8909064669775855
 0.9053690336339062
 0
 0
 0.04510183087774672
 0.04889239439801851
 0.2485488689830763
 0.6272749916203472
 0.4906993544432404
 0.2789967279918581
 0.3350226098089446
 0.3724979428409326
 0.4192554752750856
 0.458273325628663
 0.5418656765054665
 0.4943257211122678
 0.5079671944512144
 0.3578435448472901
 0.5717761527237007
 0.594927761047563
 0.5518748013488288
 0.6435469545631692
 0.5817458608264626
 0.5663525818529592
 0.5258459932302829
 0.3448923473346467
 0.5384486030174898
 0.4592238737901118
 0.4604472459590064
 0.4654709425892964
 0.5042782850652885
 0.5244196600689053
 0
 0
 0.7892931470571475
 0.5061224630155396
 0.643796383530421
 0.5524193510686839
 0.6433363589952419
 0.6130538583948696
 0.646227982566782
 0.4940197011138915
 0.6366520227096042
 0.6717686989162831
 0.6811237894014101
 0.5769812335954343
 0.6404295247534418
 0.6296962638204124
 0.3815793572759037
 0.6942143747563781
 0.6308622360260718
 0.6295406986550161
 0.6220289591261645
 0.644866759846935
 0.587902610608442
 0.6195426144851937
 0.5239479390261199
 0.6413514350444952
 0.6447008649583241
 0.3482244119530303
 0.5688999067597282
 0.5243261971360628
 0
 0
 0
 0
 0
 0
 0
 0
 0
 0
 0
 0
 0
 0
 0
 0
 0
 0
 0
 0
 0
 0
 0
 0
 0
 0
 0
 0
 0
 0
 0
 0
 0
 0
 0
 0
 0
 0
 0
 0
 0
 0
 0
 0
 0
 0
 0
 0
 0
 0
 0
 0
 0
 0
 0
 0
 0
 0
 0
 0
 0
 0
 0
 0
 0
 0
 0
 0
 0
 0
 0
 0
 0
 0
 0
 0
 0
 0
 0
 0
 0
 0
 0
 0
 0
 0
 0
 0
 0
 0
 0
 0
 0
 0
 0
 0
 0
 0
 0
 0
 0
 0
 0
 0
 0
 0
 0
 0
 0
 0
 0
 0
 0
 0
 0
 0
 0
 0
 0
 0
 0
 0
 0
 0
 0
 0
 0
 0
 0
 0
 0
 0
 0
 0
 0
 0
 0
 0
 0
 0
 0
 0
 0
 0
 0
 0
 0
 0
 0
 0
 0
 0
 0.9431159365674043
 0.9129561717724598
 0.9088617706108734
 0.9392294200660642
 0.9215342359501815
 0.9264846256381628
 0.9335216497328166
 0.9291972709576837
 0.9192199944491157
 0.9296955353844534
 0.9337484965384694
 0.9110614416814621
 0.9231938372013452
 0.9156253943455415
 0.8984042574470458
 0.9092608257319292
 0.9172141164456563
 0.9084075088568062
 0.8988674540909727
 0.9097230217923169
 0.9101376967591277
 0.9066422050676781
 0.9065707144704709
 0.9013798225160163
 0.9040221138176154
 0.9043263779578744
 0.9087722172510342
 0.8985808702255181
 0
 0
 0
 0
 0
 0
 0
 0
 0
 0
 0
 0
 0
 0
 0
 0
 0
 0
 0
 0
 0
 0
 0
 0
 0
 0
 0
 0
 0
 0
 0
 0
 0
 0
 0
 0
 0
 0
 0
 0
 0
 0
 0
 0
 0
 0
 0
 0
 0
 0
 0
 0
 0
 0
 0
 0
 0
 0
 0
 0


