# Created by Octave 3.8.2, Fri Nov 20 22:24:06 2015 CET <dkottke@snake7>
# name: mus
# type: matrix
# ndims: 3
 1 30 19
 0
 0
 0.5114079020589873
 0.515033407572383
 0.7186629526462401
 0.7229654403567448
 0.7315175097276274
 0.73828125
 0.7381351200446666
 0.7407821229050281
 0.7386662417337263
 0.7360178970917228
 0.7166480862133034
 0.7158203125
 0.7086834733893554
 0.6941964285714286
 0.7446498599439776
 0.7592592592592593
 0.7543193089105745
 0.7573033707865165
 0.7629131652661063
 0.7613168724279837
 0.7632850241545897
 0.7595720720720721
 0.7549295774647888
 0.7534373838721663
 0.7519640852974184
 0.7525111607142857
 0.753615127919911
 0.7525423728813558
 0
 0
 0.6666666666666666
 1
 0.8
 0.8
 0.8
 0.8
 0.7
 0.7
 0.6666666666666667
 0.6666666666666666
 0.5666666666666667
 0.5333333333333333
 0.4
 0.3666666666666666
 0.6166666666666666
 0.4833333333333333
 0.4666666666666667
 0.45
 0.5900000000000001
 0.62
 0.72
 0.48
 0.52
 0.5533333333333333
 0.5133333333333333
 0.5333333333333334
 0.5066666666666666
 0.5666666666666667
 0
 0
 0.7787578044100049
 0.8612418285498288
 0.8353852711383964
 0.8097188113730363
 0.8725223539695742
 0.7695715848081994
 0.6920008599378809
 0.7630397186189666
 0.7686221063456389
 0.7084280940011447
 0.6286083065804433
 0.6566563382867887
 0.5382413045757106
 0.6681407215849863
 0.6656713198100395
 0.5575329017020364
 0.546897517323232
 0.5443931219432239
 0.5557589232358469
 0.6303730661102107
 0.5975559264089979
 0.6513258689470629
 0.6089681687779541
 0.5720010380652096
 0.5830713091791391
 0.6066705566540608
 0.5709573747090375
 0.6095742489814265
 0
 0
 0.7481114696085849
 0.7701513477022909
 0.631619405095888
 0.7906978401023408
 0.6828315338266847
 0.7069352982275598
 0.6804186380674456
 0.6532129095381974
 0.6439501176090244
 0.6083376568280863
 0.57224037437414
 0.5400154701024481
 0.5544205280982145
 0.559423050997454
 0.5178677834895146
 0.5205088642113509
 0.5231617765314864
 0.5538529543326447
 0.5436461627563263
 0.5680870209730692
 0.5496407439171888
 0.5635668982415837
 0.5772855921539177
 0.5846174530477802
 0.5662220254295046
 0.5793026972013763
 0.5449773928844012
 0.555518350937471
 0
 0
 0.6666666666666666
 1
 0.8
 0.8333333333333334
 0.5714285714285714
 0.625
 0.5555555555555556
 0.8
 0.8181818181818182
 0.5
 0.6153846153846154
 0.4444444444444444
 0.2
 0.3333333333333333
 0
 0
 0
 1
 1
 1
 0
 1
 1
 1
 1
 1
 1
 0
 0
 0
 0.7587794519381569
 0.8821601533934346
 0.5977561422577196
 0.7164076367557268
 0.6820829298246357
 0.7007198029785863
 0.653578942663179
 0.7625432461535663
 0.7050614584477086
 0.5880557863003207
 0.5689708606122603
 0.5160294532110888
 0.5251367188322145
 0.5451937303686432
 0.4689110126394259
 0.489115803542452
 0.4980505477611258
 0.5701820054712309
 0.5717441177456737
 0.5669361043208625
 0.5015384639412067
 0.5841180446081959
 0.5939936021340002
 0.627416977220271
 0.6094738761846243
 0.6166693972888342
 0.5090961190926862
 0.5442212263373574
 0
 0
 0.5785862941142949
 0.7637467167332851
 0.7667565151275864
 0.7374839408025982
 0.7443156720839887
 0.7454902286841354
 0.7395959569262349
 0.7257255225413782
 0.6961295809832805
 0.7256371187952518
 0.6651670892407382
 0.647231804815246
 0.678155179950372
 0.6935487199014122
 0.6859778080998377
 0.6686510511023114
 0.6743714105237184
 0.6757438731897722
 0.6599274788007983
 0.6659397067154859
 0.6644435985834979
 0.6512393649777622
 0.6857787456721786
 0.6415774902791024
 0.676080956435924
 0.68213894010925
 0.6746718299364929
 0.6853384212070326
 0
 0
 0.7447208655111552
 0.693545911590184
 0.5941457262061985
 0.7817524338641104
 0.7003696224407466
 0.7216109208169987
 0.703403314007537
 0.6508581987720254
 0.6399309665299359
 0.5992223299693825
 0.594756014234144
 0.5465923848503427
 0.5708279098791162
 0.5759332989232165
 0.5359309365499717
 0.5248333654916003
 0.5303218391418879
 0.5553358963429949
 0.5386759903543172
 0.5616146986676451
 0.5501027338988873
 0.5596026299253555
 0.5734456340461883
 0.5818889818927322
 0.5656721467562673
 0.5777668495640317
 0.5546355221136767
 0.5551646708145074
 0
 0
 0.9996274403262402
 0.9999968136223019
 0.9999999999995317
 0.9999999999933945
 0.9999999999999086
 1
 1
 0.9999999999876544
 1
 0.9998810208263519
 0.9888102411856218
 0.9932728194640142
 0.9680763703241597
 0.9795693390850512
 0.9761078094401078
 0.9685907984963024
 0.9723988367384204
 0.9681421417559646
 0.9692938440180754
 0.9544926305355195
 0.9581251828419503
 0.9597759396284883
 0.9559017659191398
 0.958125727925291
 0.9594276871410021
 0.9485167335223373
 0.9584240709599767
 0.9418245028951698
 0
 0
 0.7715273180505172
 0.8687474457727242
 0.5366372909708599
 0.6632436830048681
 0.6400838519991475
 0.7210897509414289
 0.7049536550841967
 0.6691929916392109
 0.611069692641119
 0.5911392074721161
 0.5621883893620385
 0.5398753755199526
 0.5493426188180015
 0.5586821460772827
 0.5211133760620308
 0.5106332602350776
 0.5192217730092142
 0.5336405680044064
 0.5372564119444695
 0.5914573261373516
 0.5310314907775185
 0.5472989471457772
 0.6145456330724055
 0.5665071810491362
 0.5564703823020213
 0.5669438505406689
 0.5534930925644088
 0.5441420931102182
 0
 0
 0.5785862941142949
 0.7506518012521081
 0.7688045857590464
 0.726835684991874
 0.7156351128226314
 0.6983789322264272
 0.7208637766990306
 0.7002767720326991
 0.7075481733794552
 0.6858949645903987
 0.6270821521809232
 0.607752556393236
 0.6723961829180277
 0.6414749632317793
 0.6383612194543629
 0.6553238635591735
 0.6603194501550393
 0.6436611812407187
 0.6704475572789065
 0.6657795962530206
 0.6550404368817674
 0.6515973292829224
 0.6509640313820265
 0.6584631579998811
 0.6361349276842049
 0.6590808083703632
 0.6525390401057766
 0.6510618929931863
 0
 0
 0
 0
 0
 0
 0
 0
 0
 0
 0
 0
 0
 0
 0
 0
 0
 0
 0
 0
 0
 0
 0
 0
 0
 0
 0
 0
 0
 0
 0
 0
 0
 0
 0
 0
 0
 0
 0
 0
 0
 0
 0
 0
 0
 0
 0
 0
 0
 0
 0
 0
 0
 0
 0
 0
 0
 0
 0
 0
 0
 0
 0
 0
 0
 0
 0
 0
 0
 0
 0
 0
 0
 0
 0
 0
 0
 0
 0
 0
 0
 0
 0
 0
 0
 0
 0
 0
 0
 0
 0
 0
 0
 0
 0
 0
 0
 0
 0
 0
 0
 0
 0
 0
 0
 0
 0
 0
 0
 0
 0
 0
 0
 0
 0
 0
 0
 0
 0
 0
 0
 0
 0
 0
 0
 0
 0
 0
 0
 0
 0
 0
 0
 0
 0
 0
 0
 0
 0
 0
 0
 0
 0
 0
 0
 0
 0
 0
 0
 0
 0
 0
 0.9999789204925794
 0.999999938965872
 0.9999999998156502
 0.9999999994443177
 0.9999979958741119
 0.9999895202303046
 0.9974455967688407
 0.9999999193293772
 0.9999995605822335
 0.9982407932766102
 0.9945862403204153
 0.9910387234671389
 0.9769066907370135
 0.9746380605825873
 0.9686763449112719
 0.966876545598642
 0.9695268744440361
 0.9648624590314308
 0.9660568295758664
 0.9531643942031868
 0.9611025292788424
 0.9547144768215878
 0.9637347571955772
 0.9544634598873861
 0.952748922661853
 0.9496876005723803
 0.9566753789910442
 0.940227749212292
 0
 0
 0
 0
 0
 0
 0
 0
 0
 0
 0
 0
 0
 0
 0
 0
 0
 0
 0
 0
 0
 0
 0
 0
 0
 0
 0
 0
 0
 0
 0
 0
 0
 0
 0
 0
 0
 0
 0
 0
 0
 0
 0
 0
 0
 0
 0
 0
 0
 0
 0
 0
 0
 0
 0
 0
 0
 0
 0
 0


