# Created by Octave 3.8.2, Sat Nov 21 00:10:26 2015 CET <dkottke@snake2>
# name: mus
# type: matrix
# ndims: 3
 1 30 19
 0
 0
 0.6441102756892234
 0.5176767676767676
 0.5265822784810128
 0.5454545454545454
 0.5463659147869673
 0.5918367346938775
 0.6117424242424243
 0.6051282051282051
 0.5119949494949494
 0.5101010101010099
 0.5148717948717949
 0.5070153061224489
 0.5141025641025641
 0.5104166666666666
 0.665529980107985
 0.8257575757575757
 0.7644110275689224
 0.8710526315789474
 0.8696741854636593
 0.8371212121212122
 0.8400113668655869
 0.8802083333333333
 0.8693333333333334
 0.8830769230769232
 0.8765031265031266
 0.854591836734694
 0.8481144043362934
 0.8692307692307693
 0
 0
 0.3333333333333333
 1
 0.8
 1
 1
 1
 1
 1
 1
 1
 1
 1
 1
 1
 0.9333333333333333
 0.85
 0.9
 0.85
 0.9
 0.86
 0.8699999999999999
 0.8400000000000001
 0.8400000000000001
 0.8533333333333333
 0.82
 0.82
 0.8333333333333333
 0.8666666666666666
 0
 0
 0.6839397205857212
 0.9038077410478281
 0.7989684617330948
 0.9146637245581447
 0.9768222461762862
 0.8735129982851133
 0.9838630608198466
 0.9652895679345905
 0.9123042187438876
 0.9097637016244573
 0.9718023535479129
 0.9451447827264241
 0.9431686015945783
 0.9909486487347994
 0.9019980181294389
 0.8297236252087344
 0.8130607099403829
 0.841651852481293
 0.8641381699177715
 0.861884348759183
 0.9345184855675548
 0.8850182583589195
 0.9040452011041906
 0.883263958048735
 0.8902475840673906
 0.8983705225693296
 0.8838923182619244
 0.9180015079560045
 0
 0
 0.3738421731222666
 0.9263117878296085
 0.7542788508872564
 0.951126126304997
 0.9476523866527531
 0.9583186152113179
 0.983333775388571
 0.9412108173255548
 0.9010246337164169
 0.9255385509898998
 0.9334591270607331
 0.9284762133326614
 0.9431373933194499
 0.9649701578117283
 0.9153165391397031
 0.8424951566384408
 0.8715440948008176
 0.8499071385656639
 0.8710219982486894
 0.9191241568346715
 0.9308164726296119
 0.8988505134658314
 0.9062977883249012
 0.8959596870287112
 0.8898787031605636
 0.9253975613647712
 0.925757887106644
 0.9346969208171609
 0
 0
 0.3333333333333333
 1
 0.6
 1
 1
 1
 1
 0.7
 0.6363636363636364
 0.8333333333333334
 0.8461538461538461
 1
 1
 1
 1
 0
 1
 0
 1
 1
 1
 1
 1
 1
 1
 1
 1
 1
 0
 0
 0.3762433310491127
 0.9545777615538775
 0.6915088123333341
 0.9765907735201059
 0.9811719656715339
 0.9928774728606906
 0.9835467703047072
 0.9020570076595836
 0.8593820108569602
 0.9098684589588387
 0.9207846275272156
 0.9311378010954533
 0.8634257636120712
 0.9671973703389283
 0.9127120745543723
 0.7472307621354664
 0.8418550789959277
 0.7403169287144946
 0.9105945106554386
 0.9526407568618958
 0.964327832283862
 0.7923880596232087
 0.9236885781239745
 0.8354605011756822
 0.9385714828041916
 0.9556471282312295
 0.8905594875535167
 0.8900909044027232
 0
 0
 0.3678794411714423
 0.6497039020834793
 0.777352180919394
 0.8973684444386576
 0.9260509080625622
 0.9090624991005956
 0.9484582570479715
 0.9403052359451478
 0.9519395969909384
 0.9563233858770835
 0.9667305252583274
 0.9527496970236566
 0.9467418152865581
 0.9399353425124861
 0.9128177326246181
 0.8598304119266545
 0.8575237883271268
 0.8377773465512943
 0.8403026045243462
 0.8637175801846435
 0.8492136943203475
 0.8821544789119574
 0.8976848587768128
 0.8801531733749383
 0.8344001309508887
 0.8333686596231324
 0.8362914717556899
 0.873647365587941
 0
 0
 0.4241028577835959
 0.9000959363045424
 0.7203595735984405
 0.8833225114928883
 0.8772010678602017
 0.9171126450717403
 0.9602587962556106
 0.9158889715110646
 0.8690457147288104
 0.8945713779770593
 0.8971107569070162
 0.9063044347861607
 0.8961178092764706
 0.9141157614742131
 0.8649566971378946
 0.7849152238765081
 0.792700568264043
 0.7721367176456915
 0.7981385552183886
 0.8277314985008123
 0.8374037247137378
 0.7988369405789962
 0.8205600917948375
 0.8035912551595972
 0.8205212301925551
 0.8152306845505465
 0.8281904657717997
 0.8296232107566895
 0
 0
 0.9882808636777953
 0.9242468510489844
 0.9309082714568488
 0.9193030493050506
 0.8982094614628475
 0.9323703846816233
 0.9317468680686749
 0.8925405933996996
 0.9423276360214126
 0.9183834458514593
 0.9357126858607782
 0.9303901197732978
 0.9136352555605445
 0.9155227039278575
 0.9068090461166575
 0.907780381081889
 0.9017948906764328
 0.9155755413451208
 0.9124714687946333
 0.9099039673072374
 0.9035386452843045
 0.9071014806088417
 0.9029075105717186
 0.8945363046382172
 0.8976478876937779
 0.8938220572003138
 0.8937704529054417
 0.9010804689129938
 0
 0
 0.3716664779799238
 0.9563813490504495
 0.7741458674275951
 0.9746064751962342
 0.9771541073477803
 0.9925719677546171
 0.9864387905981651
 0.9770143923101783
 0.9217732521589084
 0.9288979281414426
 0.9405296568910565
 0.9274806417943946
 0.9478226989601672
 0.9881686475739939
 0.9496460145490051
 0.8488048561193617
 0.8979349945921693
 0.8779325644225596
 0.9126711841509484
 0.9382289850711041
 0.9577342329252216
 0.9000901453733816
 0.888592776734896
 0.9128880000184945
 0.8793539576917545
 0.940712332962185
 0.9377004824851064
 0.9463652090851635
 0
 0
 0.3678794411714423
 0.7541356114075743
 0.787792474138898
 0.8552425078279536
 0.9178396841653425
 0.8885004022571902
 0.9562084524460785
 0.9621219982976955
 0.96263782564851
 0.9280356112543826
 0.983296986768503
 0.9462565374183212
 0.9592261543376676
 0.9086817935315712
 0.872145609869004
 0.7863078525561178
 0.8696077594119691
 0.8009155998963853
 0.8801973743360632
 0.8058130684183082
 0.8500982806641499
 0.9098933881308184
 0.8236456731975218
 0.8768895011143896
 0.9034588177648875
 0.8094922759410567
 0.8203655261473951
 0.9314710859872466
 0
 0
 0
 0
 0
 0
 0
 0
 0
 0
 0
 0
 0
 0
 0
 0
 0
 0
 0
 0
 0
 0
 0
 0
 0
 0
 0
 0
 0
 0
 0
 0
 0
 0
 0
 0
 0
 0
 0
 0
 0
 0
 0
 0
 0
 0
 0
 0
 0
 0
 0
 0
 0
 0
 0
 0
 0
 0
 0
 0
 0
 0
 0
 0
 0
 0
 0
 0
 0
 0
 0
 0
 0
 0
 0
 0
 0
 0
 0
 0
 0
 0
 0
 0
 0
 0
 0
 0
 0
 0
 0
 0
 0
 0
 0
 0
 0
 0
 0
 0
 0
 0
 0
 0
 0
 0
 0
 0
 0
 0
 0
 0
 0
 0
 0
 0
 0
 0
 0
 0
 0
 0
 0
 0
 0
 0
 0
 0
 0
 0
 0
 0
 0
 0
 0
 0
 0
 0
 0
 0
 0
 0
 0
 0
 0
 0
 0
 0
 0
 0
 0
 0
 0.9315629520323871
 0.9545693476726482
 0.9462665499509911
 0.9122223045036127
 0.9225372546428509
 0.9209799320179117
 0.9277633146166849
 0.9029206117033111
 0.934079370624409
 0.9177098377442054
 0.9113555002151539
 0.9261051417901488
 0.9139856733967434
 0.9125726463625562
 0.9148043864471616
 0.9096171902572443
 0.9050934933904846
 0.9126712147091469
 0.9143893795420543
 0.9072969408468196
 0.9126489081506143
 0.9002126321319273
 0.9035274851239572
 0.9115995542882267
 0.9077334951786014
 0.905718524825162
 0.9000068495152052
 0.8944122831823997
 0
 0
 0
 0
 0
 0
 0
 0
 0
 0
 0
 0
 0
 0
 0
 0
 0
 0
 0
 0
 0
 0
 0
 0
 0
 0
 0
 0
 0
 0
 0
 0
 0
 0
 0
 0
 0
 0
 0
 0
 0
 0
 0
 0
 0
 0
 0
 0
 0
 0
 0
 0
 0
 0
 0
 0
 0
 0
 0
 0


