# Created by Octave 3.8.2, Fri Nov 20 22:30:33 2015 CET <dkottke@snake5>
# name: mus
# type: matrix
# ndims: 3
 1 30 19
 0
 0
 0.3236714975845411
 0.8173076923076923
 0.9658536585365852
 0.9607843137254903
 0.9211822660098522
 0.9567307692307693
 0.9806763285024155
 0.97
 0.9760765550239233
 0.9705882352941176
 0.9759615384615385
 0.979591836734694
 0.9794871794871796
 0.9759615384615384
 0.9803921568627452
 0.9444444444444445
 0.9665071770334929
 0.975
 0.9735449735449736
 0.9797979797979798
 0.9710144927536233
 0.9739583333333334
 0.99
 0.9951923076923077
 0.9947089947089947
 0.9948979591836735
 0.9950738916256158
 0.9944444444444445
 0
 0
 1
 0.5
 0.6
 0.5
 0.3
 0.4
 0.4
 0.6
 0.7666666666666666
 0.4333333333333333
 0.6333333333333333
 0.6333333333333333
 0.8
 0.7833333333333333
 0.6
 0.6666666666666666
 0.7166666666666667
 0.7
 0.82
 0.6900000000000001
 0.65
 0.7100000000000001
 0.68
 0.62
 0.7533333333333333
 0.7733333333333333
 0.7866666666666667
 0.7666666666666667
 0
 0
 1
 0.6704903469936242
 0.806349918390141
 0.7966678869101472
 0.7345093652920058
 0.6731893709457797
 0.7515766203803769
 0.7747543742040907
 0.6581607045426939
 0.7012551771763987
 0.7252460106770389
 0.72933199690541
 0.7182548366364143
 0.6151781659670512
 0.6659521023685138
 0.6548150525413237
 0.7006551231941047
 0.6740774457764753
 0.7083417648854854
 0.8089800994686868
 0.7623770689237899
 0.767545190614385
 0.6513995933906758
 0.676681035490486
 0.7466679998265808
 0.7036693026894578
 0.7233108083332245
 0.7637171079906695
 0
 0
 1
 0.8576472226601555
 0.6791762897627084
 0.6726617282978097
 0.6445349806496449
 0.5769942015622981
 0.6781179104106498
 0.740945757524706
 0.6935963607816366
 0.7174219690932033
 0.8151575163304674
 0.6736768662153119
 0.6987253674761326
 0.7959808440899887
 0.7231966695435568
 0.7336591221666601
 0.7802189434934599
 0.7609906987947044
 0.8083450765775831
 0.8271830008997655
 0.861998825093052
 0.7786327461595554
 0.7435468251787611
 0.7404164121119342
 0.8049726677025392
 0.8007270203113983
 0.8322384636313224
 0.8390320429479827
 0
 0
 1
 0.5
 0.4
 0.5
 0.2857142857142857
 0.25
 0.2222222222222222
 0.6
 0.7272727272727273
 0.5833333333333334
 0.8461538461538461
 0.7777777777777778
 0.8
 0.6666666666666666
 0.5
 1
 1
 1
 0
 0
 1
 1
 1
 1
 1
 1
 1
 1
 0
 0
 1.00000000002574
 0.6388897222256891
 0.5291671875049447
 0.658337948440067
 0.5327666363128644
 0.4633962648903711
 0.4955394603126287
 0.6187506561272285
 0.7337121334779534
 0.6233591254558595
 0.8410256950271233
 0.7320087555568427
 0.7897882074485808
 0.7272024797875342
 0.632110719525307
 0.8617754843972578
 0.8887474003857915
 0.791696913088166
 0.5297814798751954
 0.3854454676815838
 0.8522737228986432
 0.7979771199056909
 0.843753518140113
 0.9963464169139973
 1.00306077218865
 0.8525438218089108
 0.8245502273846266
 1.00000000628816
 0
 0
 1
 1.007312163379875
 0.9052435756491211
 0.9030031544772146
 0.8087822405814798
 0.795118418282678
 0.773174127570269
 0.7835178325662772
 0.7394174237259462
 0.7458547930353422
 0.8024833127037092
 0.695218056351542
 0.7355316376238448
 0.6938690914284715
 0.7565004450709318
 0.7623495217859131
 0.7696301126398449
 0.7656388719236212
 0.7453707961534631
 0.8470111105503648
 0.8230959320023601
 0.8014560086645609
 0.7737602162892296
 0.7698066087279245
 0.7967723414294962
 0.8064392497362087
 0.8325846341999239
 0.8328703769160157
 0
 0
 1
 0.86765545317072
 0.7766011098493386
 0.7814883481756013
 0.7125137327706006
 0.6454348766273065
 0.7106837801532493
 0.7625209011448832
 0.6884510493989494
 0.7013993497121892
 0.8114742436306391
 0.6274969592624753
 0.6890186410184731
 0.721873688700023
 0.7373081585100316
 0.7009364893741507
 0.7408717411994133
 0.7386156291887959
 0.7744563101966795
 0.779328904346452
 0.8263425820707123
 0.7488622842750741
 0.7378693166698541
 0.7163027817335942
 0.7641301132285949
 0.7713279900346707
 0.7986224941365951
 0.8144985103029162
 0
 0
 1
 1
 1
 1
 1
 1
 1
 1
 1
 1
 1
 1
 1
 1
 1
 1
 1
 1
 1
 1
 1
 1
 1
 1
 1
 1
 1
 1
 0
 0
 1.000000000026494
 0.6715694607777852
 0.5766674038362138
 0.8355785843615713
 0.6339298978302244
 0.5754193806205783
 0.5975580571573184
 0.6423100544489896
 0.5968064173756771
 0.6454856452289723
 0.7661368916348851
 0.5464513781508639
 0.6282335756314381
 0.8564394542832219
 0.8400761791055936
 0.7491665858737517
 0.6679132528589417
 0.6464828060539666
 0.7438459072938258
 0.8693822032272143
 0.9650412507730872
 0.8444482432842613
 0.9729179308580282
 0.7037607935607862
 0.7453796757197089
 0.7397289273369689
 0.5934049092793681
 1.000000000000048
 0
 0
 1
 0.9904140370192109
 0.9410867715863447
 0.9400467964473065
 0.7349035823959537
 0.8080513296087961
 0.7550655213827241
 0.7977037262126825
 0.8185407519267142
 0.77081355855828
 0.7681711680515791
 0.7357754110414443
 0.6853201707400411
 0.7096478987514374
 0.860259753890726
 0.8437323307693082
 0.8977389616787372
 0.7959953881049965
 0.7826546432607077
 0.8191082143499256
 0.9084048226976091
 0.7924764001866667
 0.7939890340987406
 0.7979626013799663
 0.7846266374797808
 0.8420639738216359
 0.8672374633480566
 0.8964245277617815
 0
 0
 0
 0
 0
 0
 0
 0
 0
 0
 0
 0
 0
 0
 0
 0
 0
 0
 0
 0
 0
 0
 0
 0
 0
 0
 0
 0
 0
 0
 0
 0
 0
 0
 0
 0
 0
 0
 0
 0
 0
 0
 0
 0
 0
 0
 0
 0
 0
 0
 0
 0
 0
 0
 0
 0
 0
 0
 0
 0
 0
 0
 0
 0
 0
 0
 0
 0
 0
 0
 0
 0
 0
 0
 0
 0
 0
 0
 0
 0
 0
 0
 0
 0
 0
 0
 0
 0
 0
 0
 0
 0
 0
 0
 0
 0
 0
 0
 0
 0
 0
 0
 0
 0
 0
 0
 0
 0
 0
 0
 0
 0
 0
 0
 0
 0
 0
 0
 0
 0
 0
 0
 0
 0
 0
 0
 0
 0
 0
 0
 0
 0
 0
 0
 0
 0
 0
 0
 0
 0
 0
 0
 0
 0
 0
 0
 0
 0
 0
 0
 0
 0
 1
 1
 1
 1
 1
 1
 1
 1
 1
 1
 1
 1
 1
 1
 1
 1
 1
 1
 1
 1
 1
 1
 1
 1
 1
 1
 1
 1
 0
 0
 0
 0
 0
 0
 0
 0
 0
 0
 0
 0
 0
 0
 0
 0
 0
 0
 0
 0
 0
 0
 0
 0
 0
 0
 0
 0
 0
 0
 0
 0
 0
 0
 0
 0
 0
 0
 0
 0
 0
 0
 0
 0
 0
 0
 0
 0
 0
 0
 0
 0
 0
 0
 0
 0
 0
 0
 0
 0


