# Created by Octave 3.8.2, Sat Nov 21 01:25:27 2015 CET <dkottke@snake4>
# name: mus
# type: matrix
# ndims: 3
 1 30 19
 0
 0
 0.518796992481203
 0.5429292929292929
 0.6075949367088607
 0.6111111111111112
 0.7218045112781954
 0.7219387755102041
 0.7045454545454549
 0.7179487179487178
 0.8188131313131312
 0.8434343434343434
 0.837692307692308
 0.840561224489796
 0.8410256410256411
 0.8489583333333334
 0.8414322250639389
 0.8510101010101011
 0.8421052631578947
 0.844736842105263
 0.8496240601503761
 0.8371212121212122
 0.8655868144359191
 0.8619791666666666
 0.8640000000000001
 0.8651282051282051
 0.8644781144781145
 0.8698979591836735
 0.8640295236996886
 0.8589743589743593
 0
 0
 0.3333333333333333
 0.75
 0.8
 0.7
 0.4
 0.6
 0.9
 0.9
 0.6333333333333333
 0.4
 0.5333333333333333
 0.7333333333333332
 0.6666666666666666
 0.5333333333333333
 0.5333333333333333
 0.45
 0.6333333333333333
 0.6
 0.5700000000000001
 0.6799999999999999
 0.65
 0.55
 0.64
 0.58
 0.64
 0.86
 0.7533333333333333
 0.7666666666666667
 0
 0
 0.7140406995775572
 0.8419698602928606
 0.7548920282093348
 0.7280161541094812
 0.6607619667620075
 0.6058307554329767
 0.7270814184792869
 0.7181599859103183
 0.6534460309658808
 0.5185534338791565
 0.6390220633312547
 0.5339289802861853
 0.6284015161092226
 0.5725145948755437
 0.6337990333946798
 0.5163979438821636
 0.5615731043462676
 0.527608748423804
 0.5357694097327358
 0.5422229579823326
 0.6929827843955716
 0.637727456385333
 0.5753210229396369
 0.6803030117248805
 0.5816889124470669
 0.6592347865683545
 0.631680683396354
 0.7041106782082603
 0
 0
 0.09084536264643701
 0.7187239060760823
 0.6162904786279543
 0.4922460984912018
 0.4656704953783627
 0.7031103223998648
 0.7516157520490971
 0.7900325374342044
 0.4777963267449232
 0.4202142431438355
 0.507780428034884
 0.536265154659527
 0.5514348287490707
 0.454243000859651
 0.5425098312695527
 0.4937322811128033
 0.546504550146842
 0.4914064939290328
 0.541512205998161
 0.5454387318920579
 0.550396499862983
 0.5556412676620047
 0.5417923538156374
 0.5669273423572848
 0.5645018299888015
 0.6107000987962989
 0.6226606751458202
 0.6661911587682531
 0
 0
 0
 0.75
 0.4
 0.6666666666666666
 0.4285714285714285
 0.75
 1
 1
 0.5454545454545454
 0.25
 0.5384615384615384
 0.7777777777777778
 0.4
 0.6666666666666666
 0.5
 0
 1
 0
 1
 0
 0
 1
 0
 1
 1
 1
 0
 1
 0
 0
 0.004336381267215361
 0.7996073277496288
 0.3763702192214808
 0.6242123531561268
 0.4858795294802684
 0.6735752465057644
 0.8487344401504411
 0.862961830201846
 0.5802296479403091
 0.4047818810700698
 0.5202245164287091
 0.6286934476889824
 0.5196491042007123
 0.5574530950320833
 0.5247300126609323
 0.4239897870178064
 0.6622526034593486
 0.3549798744856856
 0.5919165603144868
 0.4035178337055966
 0.3487683903377788
 0.6396735457539515
 0.3858481651414576
 0.7118827936738723
 0.6509164632147955
 0.677792831477136
 0.5638468927630377
 0.7726828335853371
 0
 0
 0.5785862941142949
 0.6274968960159109
 0.7143556841784496
 0.7741826687707459
 0.7121578898445473
 0.7247684001163808
 0.7471608037207766
 0.7153596521814919
 0.6399509587226446
 0.6898851305491438
 0.6782997619287686
 0.67356755469355
 0.6867721072653459
 0.6569983020842405
 0.6740344845605492
 0.6711919249459091
 0.6331676745921715
 0.6356583478303972
 0.6566190990907915
 0.6528412604714406
 0.6672275981483681
 0.6625592038570918
 0.6559590182498185
 0.6698766728015546
 0.6813644986464062
 0.6993237088795257
 0.6785973377805896
 0.6876978008153802
 0
 0
 0.07463467030623998
 0.7128555775379442
 0.5861453165654361
 0.5478837397865033
 0.4838222432554983
 0.6642669263527445
 0.7308921122011488
 0.6561161114410659
 0.4878198040543293
 0.4675573530666881
 0.5115521315483127
 0.5340204347709089
 0.5319291164819537
 0.4906804964260184
 0.5321083753846541
 0.5267947206839814
 0.5309496074608335
 0.5086119110531283
 0.5244713845886274
 0.538562169144028
 0.5225954295102742
 0.5373662764465115
 0.5301786354984176
 0.5366132837967168
 0.5320111689562438
 0.5690301040435879
 0.5723860746582453
 0.5881748919355811
 0
 0
 0.9246471929119898
 0.9457442957998513
 0.8995582487057321
 0.9412537917813011
 0.9236811480067628
 0.8808799184450364
 0.9311154895951617
 0.8976640820330184
 0.9050213122425959
 0.9363029370914321
 0.9155198299980343
 0.9234949510650358
 0.9102330944009407
 0.908543249225388
 0.9034424666036617
 0.9081034945051049
 0.902875518646017
 0.9073629829196155
 0.9061476045222988
 0.9103448836033008
 0.9001258535273926
 0.8963982208411517
 0.9046578982417821
 0.9092953815494551
 0.9031857095688623
 0.9082980939945667
 0.913011301577234
 0.8952151518200314
 0
 0
 0.009197345512243105
 0.7700406521071126
 0.3446340405215835
 0.5920530815758157
 0.5152713840994073
 0.6260220462837411
 0.6439076560652144
 0.7232672207458215
 0.5065806579940972
 0.4976573925424392
 0.5266247684405608
 0.5355861372606259
 0.5316619149124061
 0.4358988623098441
 0.5398613824942456
 0.5251856200719739
 0.5345337075720566
 0.4940370113759996
 0.5275804805589553
 0.5470574085897081
 0.5207644649064754
 0.5697852827272785
 0.5254645426096037
 0.5796552592222468
 0.5903783943519391
 0.6189336140211518
 0.5685768052816378
 0.6497545865133028
 0
 0
 0.5785862941142949
 0.650284527842904
 0.6839227779076578
 0.7122304997670353
 0.6782759769646262
 0.7287220635380645
 0.7380686989137462
 0.7296362845801507
 0.6768759010053217
 0.684845697861916
 0.6395182318924928
 0.699672228634601
 0.687117237748552
 0.6407657363627965
 0.6694685913393165
 0.6146411662082449
 0.6041896994699277
 0.6219559478279341
 0.6519201887094824
 0.6134073692785235
 0.6489081438233779
 0.6595429375317632
 0.6443435212040867
 0.6336073686450909
 0.6541767094882873
 0.6635465343080258
 0.6535949676723457
 0.7143229166761829
 0
 0
 0
 0
 0
 0
 0
 0
 0
 0
 0
 0
 0
 0
 0
 0
 0
 0
 0
 0
 0
 0
 0
 0
 0
 0
 0
 0
 0
 0
 0
 0
 0
 0
 0
 0
 0
 0
 0
 0
 0
 0
 0
 0
 0
 0
 0
 0
 0
 0
 0
 0
 0
 0
 0
 0
 0
 0
 0
 0
 0
 0
 0
 0
 0
 0
 0
 0
 0
 0
 0
 0
 0
 0
 0
 0
 0
 0
 0
 0
 0
 0
 0
 0
 0
 0
 0
 0
 0
 0
 0
 0
 0
 0
 0
 0
 0
 0
 0
 0
 0
 0
 0
 0
 0
 0
 0
 0
 0
 0
 0
 0
 0
 0
 0
 0
 0
 0
 0
 0
 0
 0
 0
 0
 0
 0
 0
 0
 0
 0
 0
 0
 0
 0
 0
 0
 0
 0
 0
 0
 0
 0
 0
 0
 0
 0
 0
 0
 0
 0
 0
 0
 0.8656653747143433
 0.8851121236868709
 0.9111527880708629
 0.9235295386941351
 0.8880205817533426
 0.9098162038263221
 0.9238451873446016
 0.9084038180296876
 0.9301487344587523
 0.925458658147856
 0.9195069010432599
 0.9208227337680811
 0.9120327120768895
 0.9178556924300222
 0.907430175989334
 0.9176640108136914
 0.9058556851268839
 0.9020443540745853
 0.9098760137358676
 0.9022225039035288
 0.9031775138536934
 0.9118587133403721
 0.9074737376501067
 0.9104442291086098
 0.9084707106449393
 0.8967930049452987
 0.9068042444753746
 0.9098380819238929
 0
 0
 0
 0
 0
 0
 0
 0
 0
 0
 0
 0
 0
 0
 0
 0
 0
 0
 0
 0
 0
 0
 0
 0
 0
 0
 0
 0
 0
 0
 0
 0
 0
 0
 0
 0
 0
 0
 0
 0
 0
 0
 0
 0
 0
 0
 0
 0
 0
 0
 0
 0
 0
 0
 0
 0
 0
 0
 0
 0


