# Created by Octave 3.8.2, Sat Nov 21 01:05:13 2015 CET <dkottke@snake7>
# name: mus
# type: matrix
# ndims: 3
 1 30 19
 0
 0
 0.5438596491228068
 0.5151515151515151
 0.4962025316455698
 0.5454545454545454
 0.6290726817042607
 0.6071428571428571
 0.6029040404040406
 0.5923076923076923
 0.5795454545454546
 0.5707070707070708
 0.5892307692307691
 0.6352040816326531
 0.6000000000000001
 0.5364583333333334
 0.5484512645637966
 0.5618686868686869
 0.5889724310776943
 0.6394736842105262
 0.694235588972431
 0.7449494949494949
 0.8192668371696504
 0.8255208333333333
 0.8133333333333334
 0.7758974358974359
 0.79004329004329
 0.8252551020408163
 0.8267789182331912
 0.8102564102564103
 0
 0
 0.6666666666666666
 0.75
 0.6
 0.8
 0.8
 0.6
 0.7
 0.8
 0.7666666666666666
 0.8333333333333333
 0.5999999999999999
 0.5333333333333334
 0.5333333333333334
 0.55
 0.6666666666666666
 0.65
 0.6666666666666666
 0.7
 0.67
 0.6199999999999999
 0.6300000000000001
 0.62
 0.6799999999999999
 0.6533333333333333
 0.68
 0.74
 0.7266666666666667
 0.7333333333333333
 0
 0
 0.7949879268664137
 0.6564562180279578
 0.6597962270193527
 0.7344215707699463
 0.7742426575612293
 0.7697275107124539
 0.8400734986163749
 0.7726473056746621
 0.855665805734146
 0.8623632735598296
 0.6207738734635551
 0.5961684210026938
 0.6119360850592583
 0.6174025745097583
 0.6722586740843841
 0.67745704963153
 0.7106737927722376
 0.6900237993587666
 0.721450404814308
 0.7325041851110654
 0.6916732788621693
 0.7383756021376577
 0.7758143231815053
 0.7076395743056689
 0.7566987389983035
 0.7869586553132962
 0.8044931487172741
 0.769349398537446
 0
 0
 0.7806307182271079
 0.8424940468542804
 0.6107741713267757
 0.7838878676635533
 0.6316289742287603
 0.6756747939154636
 0.7562634658866257
 0.705427906183016
 0.7986773670373805
 0.7987702909877147
 0.5680028100175736
 0.4925648982675201
 0.5382620984402993
 0.5684203755074027
 0.6016939446948221
 0.6775646217110477
 0.6822103249928644
 0.6558587797274825
 0.6981336027091174
 0.6703144815868272
 0.656202956791066
 0.6762581392846524
 0.6855776032249562
 0.7036418204164794
 0.7203419301561392
 0.7509954931557569
 0.7479366817468893
 0.747031215748188
 0
 0
 0.6666666666666666
 1
 1
 0.8333333333333334
 0.4285714285714285
 0.625
 0.6666666666666666
 0.9
 0.9090909090909091
 0.8333333333333334
 0.4615384615384616
 0.2222222222222222
 0.4
 1
 1
 1
 1
 1
 1
 0
 0
 0
 1
 1
 1
 1
 1
 1
 0
 0
 0.7059195680279692
 0.9257397380535145
 0.838565148381319
 0.8455819583799993
 0.4811349236909488
 0.687427599111379
 0.6351710513892681
 0.7573862052458458
 0.8585932413810919
 0.8656408698840442
 0.5501986747248816
 0.3778907710589724
 0.4882595395747213
 0.6777863399299477
 0.6913256516611739
 0.75377415989051
 0.8090890061278917
 0.7455065512280488
 0.8184463252571053
 0.6066769540444255
 0.5904295133335854
 0.64855094855291
 0.6593511193090412
 0.8214230594893449
 0.8350331127525856
 0.824337151096853
 0.8504104123958154
 0.7898047595897232
 0
 0
 0.5785862941142949
 0.8458604420033408
 0.8084574349833515
 0.7084572505126596
 0.6373990244042944
 0.7597699254276322
 0.8257817711953152
 0.7675342964389016
 0.7776966097021205
 0.8091823767328682
 0.6534986083452787
 0.6191430159357224
 0.6833985045608356
 0.6896522739957248
 0.6733174675744384
 0.7001056784680367
 0.7161707137239031
 0.7025514405611734
 0.7004661513720288
 0.7012679682326812
 0.7245800307834386
 0.7525846417149183
 0.7201782655827258
 0.7833144344068922
 0.7279315528314558
 0.7578393173261624
 0.8121695151036505
 0.8276588070695807
 0
 0
 0.7809087842835195
 0.8301508421935775
 0.605303508344964
 0.6964163761007015
 0.6226253935031497
 0.6388107337569061
 0.6805470038216326
 0.6544734502167995
 0.737023606238671
 0.7421457175185515
 0.582047160428115
 0.4800471942860111
 0.531630099740682
 0.5642588123728768
 0.6091921352366708
 0.6387954600771192
 0.665561061331443
 0.6274083255846842
 0.6367743801650376
 0.6009116116972414
 0.5962492631310163
 0.6217389892829025
 0.642679106864638
 0.6586985268044575
 0.6827835290977859
 0.6786530550179748
 0.7013521195872262
 0.7069331743207012
 0
 0
 0.9938022503605155
 0.9067984514429877
 0.9304289971861971
 0.9126418975392367
 0.9431184376787977
 0.913648265363075
 0.9162463974652325
 0.9292998708764013
 0.9095706842361161
 0.92639456565361
 0.9230768213238277
 0.9323576541692751
 0.9166941367050037
 0.9107736727771816
 0.8988676608550851
 0.9033398634142209
 0.9128294328868397
 0.9094330570905856
 0.9098897088777267
 0.90192714147672
 0.9133444771159943
 0.905702591963773
 0.9095600861993858
 0.9073909642423954
 0.9036797417770632
 0.8982958518200064
 0.912143007033023
 0.9127353447600612
 0
 0
 0.7646210739929969
 0.9098563862273213
 0.7277867523312015
 0.8548765583678737
 0.4986904020143111
 0.7581307061048238
 0.6535074448710736
 0.6385874941172087
 0.775935234233236
 0.8777602429086407
 0.5722579591342533
 0.4452259181233273
 0.5355668697853375
 0.5764908756248061
 0.6179895573612851
 0.6633009885092788
 0.7348046221011004
 0.682225267225689
 0.7341145504885688
 0.5981987764531852
 0.6741856419157926
 0.6175286421627167
 0.6780784965977674
 0.7100807026863205
 0.7298043956670422
 0.7334682809147173
 0.7381351601485706
 0.7542385783321859
 0
 0
 0.5785862941142949
 0.6304643494377187
 0.9003650597741251
 0.677207746557978
 0.6645742660807998
 0.7913320761408115
 0.7629167632949361
 0.7769331938952917
 0.7341464381722345
 0.7552494591793796
 0.6589329297813639
 0.6132760969426382
 0.6908683450235188
 0.7350097174139492
 0.707891640866676
 0.7297882535208453
 0.7197840048283592
 0.7096772498212529
 0.5997312100565323
 0.7112810468632809
 0.5826234260822034
 0.6897724459512624
 0.7227263003604054
 0.7539207305484854
 0.7234322547260048
 0.7576666925008702
 0.823447233968765
 0.8592530050319194
 0
 0
 0
 0
 0
 0
 0
 0
 0
 0
 0
 0
 0
 0
 0
 0
 0
 0
 0
 0
 0
 0
 0
 0
 0
 0
 0
 0
 0
 0
 0
 0
 0
 0
 0
 0
 0
 0
 0
 0
 0
 0
 0
 0
 0
 0
 0
 0
 0
 0
 0
 0
 0
 0
 0
 0
 0
 0
 0
 0
 0
 0
 0
 0
 0
 0
 0
 0
 0
 0
 0
 0
 0
 0
 0
 0
 0
 0
 0
 0
 0
 0
 0
 0
 0
 0
 0
 0
 0
 0
 0
 0
 0
 0
 0
 0
 0
 0
 0
 0
 0
 0
 0
 0
 0
 0
 0
 0
 0
 0
 0
 0
 0
 0
 0
 0
 0
 0
 0
 0
 0
 0
 0
 0
 0
 0
 0
 0
 0
 0
 0
 0
 0
 0
 0
 0
 0
 0
 0
 0
 0
 0
 0
 0
 0
 0
 0
 0
 0
 0
 0
 0
 0.8677818960976018
 0.9521046163641076
 0.9429807149861594
 0.9353362678037647
 0.9192026420434778
 0.8926718271227565
 0.9085839397570032
 0.9032952472759083
 0.9208296732476421
 0.9227887961354546
 0.9107731596274812
 0.908343792154518
 0.9055099645202559
 0.9105215228936108
 0.9011889595174194
 0.9069581750999157
 0.8980364224549188
 0.9066032051271803
 0.9038756625413711
 0.9119883142276322
 0.9014628737808913
 0.9053843850250669
 0.897095756533727
 0.9077285110563186
 0.9034200344272615
 0.902550569670752
 0.9092458190081956
 0.8984068028756589
 0
 0
 0
 0
 0
 0
 0
 0
 0
 0
 0
 0
 0
 0
 0
 0
 0
 0
 0
 0
 0
 0
 0
 0
 0
 0
 0
 0
 0
 0
 0
 0
 0
 0
 0
 0
 0
 0
 0
 0
 0
 0
 0
 0
 0
 0
 0
 0
 0
 0
 0
 0
 0
 0
 0
 0
 0
 0
 0
 0


