# Created by Octave 3.8.2, Sat Nov 21 01:24:25 2015 CET <dkottke@snake4>
# name: mus
# type: matrix
# ndims: 3
 1 30 19
 0
 0
 0.5012531328320803
 0.5681818181818182
 0.5493670886075949
 0.5694444444444445
 0.4686716791979951
 0.548469387755102
 0.6458333333333336
 0.6102564102564103
 0.6590909090909091
 0.717171717171717
 0.6900000000000001
 0.6734693877551019
 0.7025641025641025
 0.7239583333333334
 0.6632566069906224
 0.7159090909090909
 0.6892230576441103
 0.6894736842105263
 0.7393483709273183
 0.7133838383838385
 0.7246376811594203
 0.7265625
 0.7253333333333333
 0.7276923076923079
 0.7285954785954785
 0.7270408163265306
 0.7319801637642717
 0.7333333333333333
 0
 0
 0
 0.75
 0.2
 0.5
 0.3
 0.1
 0.4
 0.5
 0.3
 0.4333333333333333
 0.3666666666666666
 0.4666666666666666
 0.6666666666666666
 0.3666666666666666
 0.3666666666666666
 0.3166666666666667
 0.5833333333333333
 0.75
 0.38
 0.5700000000000001
 0.5700000000000001
 0.4400000000000001
 0.48
 0.6533333333333333
 0.5533333333333333
 0.5800000000000001
 0.58
 0.5666666666666667
 0
 0
 0.4644534154369164
 0.6240339466102512
 0.6751602683797689
 0.675511446468007
 0.5356364039691672
 0.5715312955574039
 0.6070317192615799
 0.6147886762632326
 0.4945261049974804
 0.4989587472725144
 0.5941982073130874
 0.5930313619028009
 0.5188464840694682
 0.5363239107992651
 0.5502458947225042
 0.5065657869931499
 0.5288093048185756
 0.5519883938981287
 0.5458428489594638
 0.6100287693595896
 0.6799034535449778
 0.5937732472070859
 0.4475739192593218
 0.4872434466513236
 0.5965177817755378
 0.571461829703825
 0.6314428772786755
 0.5152478799760108
 0
 0
 0.06461717498468807
 0.7799509711440469
 0.3592763485222857
 0.4155060327468492
 0.4702556080821952
 0.3761168711242393
 0.4009434102757183
 0.4856227826534127
 0.3584840155800295
 0.3668418563119129
 0.4953644160039445
 0.5288919600320073
 0.5177603973068099
 0.5086667988638945
 0.5875643514979303
 0.4703153772967586
 0.4864622121620936
 0.5010268746792529
 0.4544207525535375
 0.5056864941618174
 0.4737222416291175
 0.4984218670832622
 0.4709633416538464
 0.4991268904248072
 0.5064615968023595
 0.5210769949279686
 0.5127994133742853
 0.5332834620564395
 0
 0
 0
 1
 0.4
 0.6666666666666666
 0.7142857142857143
 0.875
 0.2222222222222222
 0.7
 0.2727272727272727
 0.4166666666666667
 0.7692307692307693
 0.1111111111111111
 0.2
 0.3333333333333333
 0.5
 0
 1
 1
 1
 0
 1
 0
 0
 1
 0
 1
 0
 0
 0
 0
 0.04243845912387989
 0.8662828308206729
 0.3938031781033545
 0.754153371258427
 0.6760445936045962
 0.6108912057805551
 0.3280380566468655
 0.616582004250968
 0.3166671681700514
 0.3673734860283282
 0.5566192664601637
 0.4049160628770171
 0.4465176319944695
 0.4881705022828498
 0.5004009026206188
 0.3571149097777865
 0.5988465052373135
 0.6047946280399825
 0.6525051649268575
 0.2927275042864936
 0.5679672507642196
 0.3113387444524327
 0.3275002339427706
 0.6842574861584407
 0.4044435689395038
 0.5348656202846555
 0.4557740361286679
 0.5470375872631602
 0
 0
 0.7892931470571475
 0.526846844366087
 0.6175848679126449
 0.6562427378004285
 0.5313288351058405
 0.5291772163584607
 0.662434088977613
 0.585416040524928
 0.615809365447503
 0.6354825063321304
 0.610542376781793
 0.6419024268829608
 0.6102013723660427
 0.6672513423576339
 0.6404457493210781
 0.6229256329949733
 0.6345748834683957
 0.6391217572014988
 0.6017998797642748
 0.6165172030211881
 0.6260733965373775
 0.6141965799134302
 0.6210490654312817
 0.6218211385836945
 0.6142501014496001
 0.6105576000925584
 0.6468714603579836
 0.624089498835387
 0
 0
 0.05834759196041332
 0.7378506918969552
 0.371272699416026
 0.4431203690664555
 0.4950457245939405
 0.41288168433822
 0.4309116283866435
 0.4785416697512961
 0.4162435952672789
 0.4105586904217496
 0.4939300168021918
 0.5117332897849938
 0.4925051898306508
 0.4943630754991947
 0.5295818940047253
 0.4698717094493001
 0.4813989414774809
 0.4871146165753338
 0.4762523523040983
 0.4855336673943981
 0.4831620566485754
 0.4968489357304562
 0.4797423409947875
 0.4930492743670002
 0.4974024432830006
 0.5026072380773213
 0.506362780501578
 0.5214318235267609
 0
 0
 0.9240313898301886
 0.8944134094024153
 0.8950127595220756
 0.9087061089551697
 0.9157590451819565
 0.936894878187429
 0.921306096782858
 0.9283527949685606
 0.9176820385642894
 0.9156531872045915
 0.921824669338472
 0.9327650438083034
 0.9124194782042661
 0.908680102034453
 0.9041327222116793
 0.9130189292409497
 0.9101301341105158
 0.9140265591826779
 0.9095314844329941
 0.9130019946930893
 0.9030674599942573
 0.9169535882201796
 0.908240990043
 0.9106441868296584
 0.9142472111104227
 0.9018677335017476
 0.9126717212440091
 0.9113608789380254
 0
 0
 0.2204009981588598
 0.8034755947552018
 0.3535402828723769
 0.7818336172240302
 0.633746330436336
 0.3561764814980233
 0.3741516613782559
 0.5012066073544358
 0.3525769684231966
 0.4435960160014383
 0.4270818455460691
 0.481902983044877
 0.4772642492325074
 0.483005295767269
 0.5051912351189509
 0.4160697057896063
 0.4964851581192556
 0.5111115676633318
 0.3948513553364563
 0.4854667292268486
 0.5106476606203901
 0.4540210857810169
 0.4799370922811929
 0.3609502003092653
 0.3661543446167232
 0.5221815768046142
 0.5034025727635018
 0.5457697490863652
 0
 0
 0.7892931470571475
 0.5411391599978842
 0.6154132682481614
 0.7027127523348293
 0.5410884476036212
 0.5295282964153988
 0.6487600644140435
 0.5615309946945791
 0.6059558182109964
 0.6184666805532379
 0.5652041702515742
 0.6403892202529826
 0.5741538628241649
 0.66044871382921
 0.6360062467523421
 0.624921687711399
 0.6265996289062271
 0.6623868494068406
 0.5783171123261605
 0.5984787667241245
 0.6017028327456717
 0.6134623164687099
 0.5896427826715039
 0.6156456933949721
 0.5698701834735334
 0.6018596322008049
 0.6427781864804035
 0.5851171499227564
 0
 0
 0
 0
 0
 0
 0
 0
 0
 0
 0
 0
 0
 0
 0
 0
 0
 0
 0
 0
 0
 0
 0
 0
 0
 0
 0
 0
 0
 0
 0
 0
 0
 0
 0
 0
 0
 0
 0
 0
 0
 0
 0
 0
 0
 0
 0
 0
 0
 0
 0
 0
 0
 0
 0
 0
 0
 0
 0
 0
 0
 0
 0
 0
 0
 0
 0
 0
 0
 0
 0
 0
 0
 0
 0
 0
 0
 0
 0
 0
 0
 0
 0
 0
 0
 0
 0
 0
 0
 0
 0
 0
 0
 0
 0
 0
 0
 0
 0
 0
 0
 0
 0
 0
 0
 0
 0
 0
 0
 0
 0
 0
 0
 0
 0
 0
 0
 0
 0
 0
 0
 0
 0
 0
 0
 0
 0
 0
 0
 0
 0
 0
 0
 0
 0
 0
 0
 0
 0
 0
 0
 0
 0
 0
 0
 0
 0
 0
 0
 0
 0
 0
 0.8903409109718727
 0.9328584539820514
 0.9077271689332969
 0.9347289960770705
 0.9079289910446975
 0.916952930845025
 0.9117353053001642
 0.9122288780054558
 0.9214298523055061
 0.9259147154430958
 0.9364047517631621
 0.9192919994473305
 0.9282547535846236
 0.9163433743339168
 0.9175044200389596
 0.9184595820923882
 0.9045370010762496
 0.9057703768139905
 0.9104715440108877
 0.9086447164792834
 0.9038656113750106
 0.9029598849112798
 0.9040319191240185
 0.9037069908540513
 0.9015781042382186
 0.9088478422444917
 0.9088434631824597
 0.906662671393791
 0
 0
 0
 0
 0
 0
 0
 0
 0
 0
 0
 0
 0
 0
 0
 0
 0
 0
 0
 0
 0
 0
 0
 0
 0
 0
 0
 0
 0
 0
 0
 0
 0
 0
 0
 0
 0
 0
 0
 0
 0
 0
 0
 0
 0
 0
 0
 0
 0
 0
 0
 0
 0
 0
 0
 0
 0
 0
 0
 0


