# Created by Octave 3.8.2, Sat Nov 21 01:21:18 2015 CET <dkottke@snake3>
# name: mus
# type: matrix
# ndims: 3
 1 30 19
 0
 0
 0.6390977443609025
 0.5126262626262627
 0.5113924050632911
 0.5416666666666666
 0.5463659147869676
 0.5331632653061225
 0.5347222222222222
 0.535897435897436
 0.5385101010101009
 0.5378787878787878
 0.5335897435897436
 0.5427295918367346
 0.5397435897435897
 0.5442708333333334
 0.6018755328218244
 0.6073232323232323
 0.581453634085213
 0.6131578947368421
 0.669172932330827
 0.6439393939393939
 0.6464904802500709
 0.6536458333333333
 0.6479999999999999
 0.6569230769230768
 0.6586099086099086
 0.6415816326530611
 0.644447007265598
 0.6435897435897435
 0
 0
 0.3333333333333333
 1
 1
 0.8
 0.9
 1
 1
 1
 1
 1
 1
 1
 1
 0.9333333333333333
 0.9333333333333333
 0.95
 0.9
 0.85
 0.95
 0.95
 0.9199999999999999
 0.96
 0.96
 1
 1
 1
 1
 1
 0
 0
 0.6839397205857212
 0.9260284452434666
 0.9075469930965034
 0.9075469930965034
 0.9188778616170018
 0.9155305159383131
 0.9368947767776964
 0.9832033864349626
 0.9534337854996295
 0.9512360690458816
 0.9720421515267357
 0.958820147058374
 0.9827629831162524
 0.9631127971914681
 0.924592987455098
 0.9196699749585239
 0.9404175117669572
 0.9603128569542753
 0.9662227443400959
 0.9701134078995214
 0.9893914110329763
 0.9901414025672831
 0.9987338424755302
 0.9878369817998703
 1
 0.9943262460425764
 0.9989451352333628
 0.998945172237126
 0
 0
 0.5531738708938099
 0.7657369123474194
 0.8050930707720813
 0.8052335615321657
 0.8460496731172825
 0.9059691914927149
 0.9179316761614514
 0.9162965834387441
 0.9286266724006308
 0.9234807943533035
 0.9372153775341597
 0.9376709923297208
 0.9358221151718319
 0.9399574034427458
 0.9034770195006915
 0.9113611111558553
 0.9325545484380039
 0.9327821606371886
 0.9274966504784872
 0.9337394649334889
 0.9559641371379686
 0.9596245743122505
 0.9681643177171166
 0.9695615695398483
 0.9700136244623652
 0.9652638807254204
 0.9653973317389635
 0.9664947513414978
 0
 0
 0.3333333333333333
 1
 1
 0.8333333333333334
 0.8571428571428571
 1
 1
 1
 1
 1
 1
 1
 1
 1
 1
 0
 1
 1
 1
 1
 1
 1
 1
 1
 1
 1
 1
 1
 0
 0
 0.3333333333332215
 0.8157270155506248
 0.9431408179701636
 0.9173730838925123
 0.8195742578647441
 0.9846606587652045
 0.9838177361974826
 0.957699437580774
 0.9108932249121764
 0.9915523337392864
 0.9927161946411636
 0.9940646527252963
 0.9929230946724639
 0.9921940518803928
 0.9780838900537395
 0.8842175308671827
 0.9914502393613523
 0.894481299685126
 0.9888251203508681
 0.9718162009162842
 0.9440225059623993
 0.9390367947156982
 0.9439832507898157
 0.9837532370722057
 0.948742345679347
 0.9986265667630654
 0.9836195224125193
 0.9898803662428823
 0
 0
 0.3678794411714423
 0.7441379257795354
 0.7471367666942957
 0.8215693435811353
 0.8507797414754696
 0.9458717772348132
 0.9114455290345264
 0.8855312056148901
 0.8486378245996696
 0.8798709189021899
 0.8781777042567567
 0.8978533508138128
 0.898775820658491
 0.9163581032724457
 0.8940952184511382
 0.8961804315574911
 0.8881409462321471
 0.9154297960609145
 0.8847622876092293
 0.9224405192327243
 0.8988936083789242
 0.9545762348177693
 0.9960920012017699
 0.9842186861770595
 0.9528679790672104
 0.9034783143115653
 0.9329402604666134
 0.9186764207816311
 0
 0
 0.5521790484421499
 0.7330151796078208
 0.7391925048901608
 0.8628118795755833
 0.8620421538933036
 0.8934757301071887
 0.9078775488475541
 0.9039674634115322
 0.9177124196337803
 0.9082538045481398
 0.927461245080454
 0.9253258819317538
 0.9253080977256021
 0.9369159746162949
 0.9130974531828472
 0.9135735818427013
 0.9231718056002211
 0.9261345049536707
 0.9442148673321921
 0.9454441720695347
 0.9620827233736383
 0.9669768188326506
 0.9809380948347401
 0.9803588376227338
 0.9848118892725287
 0.9773660128613894
 0.9847001953308779
 0.9816346996268911
 0
 0
 0.999393517027737
 1
 0.9999995892963156
 0.9999999999999913
 0.9999999694711559
 1
 1
 1
 1
 0.9987830663165698
 0.9924129228738395
 0.9765636541926331
 0.9723477104555165
 0.9812271354921082
 0.9710150638615774
 0.9682007510503976
 0.972305686744062
 0.9647958188006891
 0.9649752598908267
 0.9639315473820411
 0.962765055961778
 0.9631606949073014
 0.9652821370818597
 0.9459317143244932
 0.9419831970737907
 0.9557562248233467
 0.9493521004891007
 0.9465407030865544
 0
 0
 0.3333333333332832
 0.6052595879865229
 0.9388705890215714
 0.8676447846067914
 0.8462651928532112
 0.9822464323950182
 0.983929776065993
 0.9725430432692256
 0.9139741160268676
 0.9582491308411581
 0.9130057119283123
 0.9351414665032636
 0.9372951329612109
 0.9354980453106811
 0.9153461486660579
 0.9505424938574244
 0.9660753480644587
 0.9610519792253559
 0.9631138574372377
 0.9597864062931333
 0.9631445653330801
 0.9581798907908952
 0.9993389580602537
 0.9786812371488036
 0.9861771148004459
 0.9699447057780716
 0.9807227183680578
 0.9843653171311026
 0
 0
 0.3678794411714423
 0.7614605058973404
 0.6897019922464097
 0.7647070175062894
 0.7848677365922649
 0.858818322744599
 0.8563977859543482
 0.8893281272348932
 0.8712694373609629
 0.9523141860817568
 0.8726548094458693
 0.883242700845181
 0.8859048244321437
 0.9642949572439821
 0.9791722925657302
 0.9123990018588243
 0.9627505390292933
 0.914119717384854
 0.9811756910762204
 0.9712233325355075
 0.9835838759779761
 0.9260256479143796
 0.9698169298793621
 0.9457008937967024
 0.9558105773508868
 0.939582714035811
 0.9393419426023059
 0.9505017168697976
 0
 0
 0
 0
 0
 0
 0
 0
 0
 0
 0
 0
 0
 0
 0
 0
 0
 0
 0
 0
 0
 0
 0
 0
 0
 0
 0
 0
 0
 0
 0
 0
 0
 0
 0
 0
 0
 0
 0
 0
 0
 0
 0
 0
 0
 0
 0
 0
 0
 0
 0
 0
 0
 0
 0
 0
 0
 0
 0
 0
 0
 0
 0
 0
 0
 0
 0
 0
 0
 0
 0
 0
 0
 0
 0
 0
 0
 0
 0
 0
 0
 0
 0
 0
 0
 0
 0
 0
 0
 0
 0
 0
 0
 0
 0
 0
 0
 0
 0
 0
 0
 0
 0
 0
 0
 0
 0
 0
 0
 0
 0
 0
 0
 0
 0
 0
 0
 0
 0
 0
 0
 0
 0
 0
 0
 0
 0
 0
 0
 0
 0
 0
 0
 0
 0
 0
 0
 0
 0
 0
 0
 0
 0
 0
 0
 0
 0
 0
 0
 0
 0
 0
 0.9999907269188133
 0.999999997667442
 0.999999999976078
 0.9999999214902502
 0.9999999999785603
 0.9999976680493083
 0.9999100960510006
 0.9999999489014197
 0.9999998903159248
 0.9984558690060467
 0.9961472787755083
 0.9873565716102818
 0.980545389548069
 0.9759924147717807
 0.9741923681066943
 0.9672235000361366
 0.9683632717195937
 0.9718659919013026
 0.9652053792790635
 0.9602791119133477
 0.9712534857531314
 0.9631679640367122
 0.9531304916846978
 0.940760540523774
 0.9470947417236807
 0.9598145849147918
 0.9595735112452919
 0.9464820863406214
 0
 0
 0
 0
 0
 0
 0
 0
 0
 0
 0
 0
 0
 0
 0
 0
 0
 0
 0
 0
 0
 0
 0
 0
 0
 0
 0
 0
 0
 0
 0
 0
 0
 0
 0
 0
 0
 0
 0
 0
 0
 0
 0
 0
 0
 0
 0
 0
 0
 0
 0
 0
 0
 0
 0
 0
 0
 0
 0
 0


