# Created by Octave 3.8.2, Sat Nov 21 01:06:38 2015 CET <dkottke@snake7>
# name: mus
# type: matrix
# ndims: 3
 1 30 19
 0
 0
 0.493734335839599
 0.494949494949495
 0.7189873417721518
 0.7247474747474748
 0.5889724310776941
 0.6556122448979592
 0.6761363636363642
 0.653846153846154
 0.6224747474747473
 0.6136363636363636
 0.6028205128205129
 0.5924744897959183
 0.6602564102564101
 0.6432291666666666
 0.6359761295822676
 0.6426767676767677
 0.6090225563909775
 0.631578947368421
 0.6541353383458647
 0.6363636363636362
 0.6231884057971014
 0.6302083333333335
 0.6319999999999999
 0.6348717948717949
 0.6339586339586339
 0.6313775510204082
 0.6310690808441932
 0.6128205128205128
 0
 0
 1
 1
 0.6
 0.6
 0.9
 0.8
 0.8
 0.7
 0.8666666666666668
 0.8333333333333333
 0.7333333333333333
 0.7999999999999999
 0.8
 0.75
 0.6666666666666666
 0.6499999999999999
 0.7833333333333333
 0.8
 0.8
 0.78
 0.78
 0.75
 0.76
 0.7333333333333333
 0.74
 0.7133333333333333
 0.6866666666666668
 0.7666666666666667
 0
 0
 1
 1
 0.7803268979957495
 0.8000434966970889
 0.8482741418437906
 0.8080460569690613
 0.8078353501161184
 0.8147886762632326
 0.8894092542393315
 0.7919946116675308
 0.8364914821163464
 0.7453112638730148
 0.7458031630549535
 0.794086955778979
 0.7384557359033497
 0.7264809030956465
 0.7369465312585715
 0.8093645152855952
 0.7782749506621239
 0.7232369982579565
 0.7596831511792226
 0.7187164761091243
 0.7665291974488077
 0.7528417943944565
 0.7495719174719884
 0.7901165094857537
 0.8014057469292968
 0.8210977839038021
 0
 0
 1
 1
 0.7600087677866023
 0.7407539584962212
 0.8444263440314561
 0.7699885071593017
 0.8615132828516254
 0.8427844292917922
 0.9083706578416625
 0.8787274781708208
 0.8508980366719743
 0.8530695727567934
 0.8025377707066841
 0.7986321421935578
 0.868178068822263
 0.7509625422464057
 0.8338798346867624
 0.8520145879124609
 0.8525445022087166
 0.8098403464957619
 0.8359206484967238
 0.7926722983204276
 0.8083295537743073
 0.775026561302166
 0.8112879476219869
 0.7880051877242097
 0.81160086854253
 0.8474549962723475
 0
 0
 1
 1
 0.6
 0.8333333333333334
 0.7142857142857143
 0.5
 0.8888888888888888
 0.6
 0.9090909090909091
 0.8333333333333334
 0.6923076923076923
 0.8888888888888888
 0.6
 1
 1
 1
 1
 1
 1
 1
 1
 1
 0
 1
 0
 1
 1
 1
 0
 0
 1.000000000044107
 1.000000000004948
 0.675000012683277
 0.7416666670288051
 0.7130952388195866
 0.6571447034123452
 0.9513888938157975
 0.7228188201778618
 0.968181841366121
 0.8393939854924171
 0.7541671492507926
 0.8601482908698739
 0.7149678421266162
 0.9657451430782682
 1.020839114242267
 0.898852837071589
 0.9950922167036612
 1.039539973766686
 1.05106885639305
 1.040445222573021
 0.975608493236898
 0.9395428060141487
 0.6875025307472495
 0.8750012599425466
 0.6041900905281395
 0.9027958931246368
 0.8750006623166318
 0.8750006872948672
 0
 0
 1
 1.000000001294905
 0.9775886369603713
 0.8029845272311641
 0.763584020114572
 0.8293504694285314
 0.8581748652115602
 0.8265694370849257
 0.8895116693745468
 0.8842323345760492
 0.8020867113715363
 0.7716195349974695
 0.7312308617939733
 0.7947665654385589
 0.7857891162592487
 0.7672305491572509
 0.7929387030936874
 0.8131214674171927
 0.8196059620831844
 0.7559596799325112
 0.7567269039587203
 0.7211368068927761
 0.7613126699544168
 0.7535185346073436
 0.7808774956961864
 0.7994247890815845
 0.8114343471083968
 0.8492126179199478
 0
 0
 1
 1
 0.7399387517826167
 0.702016505525101
 0.8251397827408696
 0.8317587488282282
 0.8512568879961487
 0.8229757799863212
 0.8835894882595767
 0.8268846289887258
 0.8477988056432852
 0.8161595929032152
 0.7905441297160923
 0.8192256407102236
 0.8228558598469529
 0.7573885694616259
 0.8308390681108957
 0.8497850576550871
 0.8396515336075833
 0.8002417525230694
 0.8127160600856387
 0.7798172678054323
 0.7942008864834136
 0.7963227742233362
 0.785028421199378
 0.7857993366383171
 0.7874644412516806
 0.8289544753872221
 0
 0
 1
 1
 1
 1
 1
 1
 1
 1
 1
 1
 1
 1
 1
 1
 1
 1
 1
 1
 1
 1
 1
 1
 1
 1
 1
 1
 1
 1
 0
 0
 1.000000000065222
 1.000000000079261
 0.6469247942034642
 0.6936688152738062
 0.69713692521424
 0.7131363229999733
 0.8609548027721956
 0.8222271782303536
 1.001820254028048
 0.8081340423359057
 0.8845910344781519
 0.7458517943657669
 0.8979772165963128
 0.7627397886379382
 0.9832763250450656
 0.8274847950434963
 0.9294711463353339
 0.8679150099020754
 0.9838789779750641
 0.939854812582582
 0.8285545519190196
 0.6798868001600485
 0.9015229856095623
 0.8940060188154983
 0.7478447315673368
 0.3144438712217306
 0.9998574632231619
 0.9998769018524608
 0
 0
 1
 1.000000000000202
 1.00680546972616
 0.9254718615021629
 0.8632046727546454
 0.8770099926792013
 0.8270889522309226
 0.7998544306118172
 0.8034574999825065
 0.875879001959172
 0.8133448526306563
 0.7882994794906043
 0.7408236176065734
 0.9117347148086157
 0.8244501481903568
 0.8070060414466673
 0.8373627037995266
 0.8660943374300094
 0.7697564161663996
 0.8086845687776212
 0.8022172469976767
 0.8161837307800921
 0.7920387560330511
 0.8176641293822275
 0.7883047230363923
 0.8144799587733832
 0.8223518106714413
 0.8763462676061445
 0
 0
 0
 0
 0
 0
 0
 0
 0
 0
 0
 0
 0
 0
 0
 0
 0
 0
 0
 0
 0
 0
 0
 0
 0
 0
 0
 0
 0
 0
 0
 0
 0
 0
 0
 0
 0
 0
 0
 0
 0
 0
 0
 0
 0
 0
 0
 0
 0
 0
 0
 0
 0
 0
 0
 0
 0
 0
 0
 0
 0
 0
 0
 0
 0
 0
 0
 0
 0
 0
 0
 0
 0
 0
 0
 0
 0
 0
 0
 0
 0
 0
 0
 0
 0
 0
 0
 0
 0
 0
 0
 0
 0
 0
 0
 0
 0
 0
 0
 0
 0
 0
 0
 0
 0
 0
 0
 0
 0
 0
 0
 0
 0
 0
 0
 0
 0
 0
 0
 0
 0
 0
 0
 0
 0
 0
 0
 0
 0
 0
 0
 0
 0
 0
 0
 0
 0
 0
 0
 0
 0
 0
 0
 0
 0
 0
 0
 0
 0
 0
 0
 0
 1
 1
 1
 1
 1
 1
 1
 1
 1
 1
 1
 1
 1
 1
 1
 1
 1
 1
 1
 1
 1
 1
 1
 1
 1
 1
 1
 1
 0
 0
 0
 0
 0
 0
 0
 0
 0
 0
 0
 0
 0
 0
 0
 0
 0
 0
 0
 0
 0
 0
 0
 0
 0
 0
 0
 0
 0
 0
 0
 0
 0
 0
 0
 0
 0
 0
 0
 0
 0
 0
 0
 0
 0
 0
 0
 0
 0
 0
 0
 0
 0
 0
 0
 0
 0
 0
 0
 0


