# Created by Octave 3.8.2, Sat Nov 21 01:12:33 2015 CET <dkottke@snake7>
# name: mus
# type: matrix
# ndims: 3
 1 30 19
 0
 0
 0.4987468671679198
 0.6868686868686869
 0.640506329113924
 0.5542929292929291
 0.6390977443609023
 0.7091836734693877
 0.6837121212121215
 0.7076923076923078
 0.6862373737373736
 0.7095959595959598
 0.6900000000000001
 0.6945153061224488
 0.6910256410256408
 0.6979166666666666
 0.7112816140949131
 0.7058080808080809
 0.7268170426065163
 0.8184210526315789
 0.8245614035087722
 0.8636363636363635
 0.8164251207729468
 0.8984375000000001
 0.9280000000000002
 0.9230769230769234
 0.9867724867724867
 0.9948979591836735
 0.9886979587129511
 0.9923076923076923
 0
 0
 1
 0.25
 0.4
 0.5
 0.4
 0.5
 0.7
 0.6
 0.6666666666666666
 0.5333333333333333
 0.6333333333333333
 0.6333333333333333
 0.6
 0.5833333333333333
 0.5833333333333333
 0.6
 0.5833333333333333
 0.7
 0.63
 0.4400000000000001
 0.4400000000000001
 0.51
 0.5600000000000001
 0.64
 0.4133333333333334
 0.6933333333333332
 0.46
 0.5666666666666667
 0
 0
 1
 0.5662168004887342
 0.5286611750878776
 0.6258878325300372
 0.6807791177915785
 0.6959500112034638
 0.6505319804186853
 0.5896695723965086
 0.5851269053461226
 0.5798760102155677
 0.6275500920360417
 0.6278300852999421
 0.5826765518731745
 0.6127403372101192
 0.6368204838007909
 0.5459547932883924
 0.5811305228397342
 0.5675662735249979
 0.4641696769735719
 0.4865662805241532
 0.5446816793067515
 0.5629956511778915
 0.5019620395144639
 0.5004585333371484
 0.4855380636239324
 0.5359933504609784
 0.5340818100865211
 0.53409362126321
 0
 0
 0.9999999990906203
 0.2972509025725101
 0.4008148769057433
 0.3538097469989007
 0.3780135064682187
 0.5435105963204138
 0.5916208820200024
 0.5029739623402592
 0.6114276186552321
 0.5314230459437502
 0.5520567977847203
 0.6245082720078057
 0.5778132792291304
 0.626305790512643
 0.6251740810330639
 0.6258909303306602
 0.5950243538079758
 0.5160179361292672
 0.5525916400108629
 0.5098894859909602
 0.5351381188542138
 0.4891554762937119
 0.4485652541870404
 0.4448564543686325
 0.4246100372922221
 0.4184608329581653
 0.4484330472827001
 0.4353367437761944
 0
 0
 1
 0
 0.2
 0.8333333333333334
 0.2857142857142857
 0.625
 0.5555555555555556
 0.7
 0.7272727272727273
 0.4166666666666667
 0.6923076923076923
 0.6666666666666666
 0.4
 1
 0.5
 0
 1
 1
 1
 0
 0
 0
 1
 0
 0
 0
 0
 0
 0
 0
 0.9999999977986441
 0.09211223014464509
 0.1307402196939104
 0.6887048829019429
 0.4484726477921793
 0.5807495423323067
 0.5485369397722846
 0.5694997454105826
 0.611834591810772
 0.4755996925353245
 0.6349675370754539
 0.6576284637590928
 0.5242952192901614
 0.7328529066010174
 0.5424329943538911
 0.5195236206501462
 0.6807203620007388
 0.6656744335398403
 0.6663170185055476
 0.408849674279735
 0.5027132472080512
 0.5651049506525253
 0.5673182324082778
 0.3914314606343575
 0.4255552319781482
 0.4438186363918553
 0.4228045913663511
 0.4474174740805734
 0
 0
 1
 0.5517575723920579
 0.7131520379627184
 0.7094020711282274
 0.6853827702316936
 0.6665579456823948
 0.6810117834939713
 0.6466816717195638
 0.6530967388681909
 0.6759368739622421
 0.6261340588502136
 0.6745679819783604
 0.633041670524662
 0.6248797305651039
 0.6643688500652603
 0.6444402139191134
 0.6607966998081276
 0.608000655091263
 0.612372322910143
 0.6519666611697392
 0.6361111811277154
 0.6496955147595411
 0.6094649945919071
 0.6115491722710324
 0.605011811266587
 0.6339531711058078
 0.629403230000424
 0.612920537743437
 0
 0
 0.9999999995737393
 0.3141808583438639
 0.390962600426813
 0.3850098649795652
 0.4515360869438417
 0.4830513441470264
 0.5006742393798156
 0.5006575508955327
 0.5359072617228456
 0.4966139895067139
 0.5442630698554942
 0.564784407744419
 0.5367156866466961
 0.5827383707943508
 0.5503998416940431
 0.5656569349194993
 0.5611431406750883
 0.4928405261421823
 0.5016553280943259
 0.4882067758028626
 0.5080781132773096
 0.4944421012979234
 0.4833008305632018
 0.4574302508198837
 0.4547802287096991
 0.464497280136041
 0.4660434950535699
 0.4651603615742365
 0
 0
 0.9630975794625761
 0.9265905811302982
 0.8883093949438061
 0.897169315211891
 0.9204375506209763
 0.8934249086058598
 0.9197447334228115
 0.9131589897217487
 0.929595179422855
 0.9258782195819408
 0.9235577214414689
 0.9151526532040868
 0.9184089196861424
 0.9046623997454258
 0.9181876903036233
 0.9167103549907506
 0.9064787032048985
 0.9109284239036677
 0.9193777813871661
 0.9121887647809429
 0.9091922357980681
 0.9083726053593044
 0.9005123265484312
 0.90529922168709
 0.8999708953628188
 0.9042284929767809
 0.8987221822926276
 0.906152478329319
 0
 0
 0.9999999999907877
 0.1210282257997963
 0.1311990466760805
 0.5162845308686239
 0.5242870259035821
 0.4534959921320417
 0.485131038153935
 0.5221560280358951
 0.573307824461552
 0.4804231618925481
 0.5486617842840313
 0.6358610716657471
 0.532000257238937
 0.6527426328462042
 0.5284452045849058
 0.5467897975603795
 0.5819499946881986
 0.4958466882256679
 0.5210425619459781
 0.4772447126958865
 0.4958013593737082
 0.5311338807515898
 0.4934610210371242
 0.4604343091674677
 0.4504802113742598
 0.472775851335847
 0.4612388344975729
 0.4725092577980575
 0
 0
 1
 0.5556323387886539
 0.696173766163388
 0.6576110408023402
 0.6770951006295669
 0.7156868163233849
 0.6416169293524592
 0.6635876374479623
 0.687094733053617
 0.6689305920033088
 0.6489891027652661
 0.6102165288697676
 0.6232324645097245
 0.6816085795907688
 0.6631451913787503
 0.646723718519206
 0.6935005306006271
 0.5991770926345588
 0.5425911171968085
 0.6107000937071035
 0.6151651898619361
 0.6307618109974932
 0.5843282303309679
 0.6004570422308712
 0.6345993829392346
 0.3290212938027233
 0.6040119299841675
 0.5976057606215895
 0
 0
 0
 0
 0
 0
 0
 0
 0
 0
 0
 0
 0
 0
 0
 0
 0
 0
 0
 0
 0
 0
 0
 0
 0
 0
 0
 0
 0
 0
 0
 0
 0
 0
 0
 0
 0
 0
 0
 0
 0
 0
 0
 0
 0
 0
 0
 0
 0
 0
 0
 0
 0
 0
 0
 0
 0
 0
 0
 0
 0
 0
 0
 0
 0
 0
 0
 0
 0
 0
 0
 0
 0
 0
 0
 0
 0
 0
 0
 0
 0
 0
 0
 0
 0
 0
 0
 0
 0
 0
 0
 0
 0
 0
 0
 0
 0
 0
 0
 0
 0
 0
 0
 0
 0
 0
 0
 0
 0
 0
 0
 0
 0
 0
 0
 0
 0
 0
 0
 0
 0
 0
 0
 0
 0
 0
 0
 0
 0
 0
 0
 0
 0
 0
 0
 0
 0
 0
 0
 0
 0
 0
 0
 0
 0
 0
 0
 0
 0
 0
 0
 0
 0.9426133115163089
 0.900302790380182
 0.947257668820459
 0.9264920436797226
 0.9101905756909168
 0.9454324625489368
 0.9017969835222474
 0.9236168366188801
 0.9101476739261918
 0.9143195463291328
 0.9281052060681159
 0.9229256408008807
 0.912082793394969
 0.9145359755954936
 0.9049274598544782
 0.9163094778962085
 0.9041523019466866
 0.9014909727583826
 0.9147539666952587
 0.9018137170596463
 0.9063193710798698
 0.9103323313520445
 0.9071877063796362
 0.9036430490065709
 0.9029487815819845
 0.899101134711902
 0.9010425077195703
 0.9000094378817699
 0
 0
 0
 0
 0
 0
 0
 0
 0
 0
 0
 0
 0
 0
 0
 0
 0
 0
 0
 0
 0
 0
 0
 0
 0
 0
 0
 0
 0
 0
 0
 0
 0
 0
 0
 0
 0
 0
 0
 0
 0
 0
 0
 0
 0
 0
 0
 0
 0
 0
 0
 0
 0
 0
 0
 0
 0
 0
 0
 0


