# Created by Octave 3.8.2, Fri Nov 20 21:50:57 2015 CET <dkottke@snake4>
# name: mus
# type: matrix
# ndims: 3
 1 30 19
 0
 0
 0.7827903091060985
 0.6178929765886287
 0.5941422594142257
 0.5427135678391957
 0.5377332219437483
 0.5218120805369127
 0.5204678362573096
 0.5739495798319328
 0.5746455379482901
 0.5765993265993268
 0.7857441471571903
 0.7497478991596637
 0.7172995780590716
 0.7728040540540541
 0.845882352941176
 0.8396464646464644
 0.8939014202172094
 0.8940677966101694
 0.9114452798663323
 0.910914702581369
 0.9149247491638799
 0.9175170068027213
 0.9225531914893624
 0.936454849498327
 0.9410774410774405
 0.9370748299319732
 0.9296582307515862
 0.9324786324786322
 0
 0
 0.3333333333333333
 1
 1
 0.8
 0.9
 1
 1
 1
 1
 1
 0.7999999999999999
 0.9333333333333333
 0.9333333333333333
 0.9333333333333332
 0.95
 0.9333333333333332
 0.9
 0.9
 0.95
 0.8800000000000001
 0.9099999999999999
 1
 0.96
 0.8800000000000001
 0.7533333333333333
 0.8133333333333332
 0.8666666666666666
 0.8333333333333333
 0
 0
 0.5334348256265408
 0.8290933303907974
 0.8744725131404283
 0.8451304630870033
 0.948398321728281
 0.9262526014700017
 0.9253925734988063
 0.9191434670655346
 0.9385298984149048
 0.9764105653506832
 0.883649308060907
 0.9005677607099368
 0.9400920444787848
 0.9233090208195511
 0.9020229588514765
 0.8711948390752448
 0.8928724003874151
 0.9181737878847396
 0.8979031042370421
 0.9188854466484441
 0.9213896966290318
 0.9326123268724619
 0.9234681283253667
 0.8804070023967353
 0.8613327715486199
 0.891645848711566
 0.894262772498244
 0.8879342006378171
 0
 0
 0.5833374996239127
 0.9881000002667653
 0.9611122314374586
 0.915513694294034
 0.8962629112095045
 0.923765457871026
 0.9317667454010907
 0.9859073763731948
 0.9897040439349759
 0.9973958827964664
 0.8991626029302811
 0.948528830333351
 0.9640900963752091
 0.9566714467936983
 0.9318330039137697
 0.931871072483915
 0.9730590225317962
 0.9580343520122312
 0.9770958187969205
 0.9895742010291497
 0.9702803591506389
 0.9752636883804193
 0.9667032800742278
 0.9524723434713637
 0.9354576671033072
 0.9435701714956454
 0.9729687333682667
 0.9759204359545167
 0
 0
 0.3333333333333333
 1
 1
 0.8333333333333334
 1
 0.875
 0.8888888888888888
 1
 1
 1
 0.9230769230769231
 1
 1
 1
 1
 1
 1
 1
 1
 1
 0
 1
 1
 1
 1
 1
 1
 1
 0
 0
 0.3333333333471251
 1.142866666995729
 1.175000176247996
 1.008333336905858
 1.057142857499191
 0.9017860089031465
 0.8814488962652295
 1.035119069097592
 1.006439435691486
 1.008585858591996
 0.9314686210699417
 0.9993290158937519
 1.037987980976335
 1.019098182880811
 1.017045610063521
 0.9882482342744177
 1.03547297315263
 1.058511009135674
 1.051724355202758
 1.05002430841876
 0.7215936342112901
 1.053572714268556
 1.000000001899432
 1.06083676249079
 1.062500316935229
 1.000000003854648
 1.000000005532642
 0.8750006872948664
 0
 0
 0.5785862941142949
 0.8571690700691705
 1.0309437655961
 0.9513301727332382
 0.9710007855574487
 0.903371771018241
 0.9221530417202992
 0.9408040659779708
 0.9547940493859806
 0.9952803778206454
 0.8640140496586949
 0.883426489838677
 0.9137990084468027
 0.9616393497729223
 0.8706682010817596
 0.9125775498959461
 0.953217830508639
 0.9319932547580061
 0.9167015680498143
 0.9216635262783716
 0.9624783790693096
 0.9534832198223859
 0.9283774083067982
 0.885489252105264
 0.8960336829848439
 0.8892996717894652
 0.869740724913419
 0.9309574222690093
 0
 0
 0.5833374997065796
 0.9254642083694853
 0.8682093663324211
 0.9284330467518248
 0.927416964125634
 0.9455072940053806
 0.9350817029089032
 0.9748931990647911
 0.9756442451231472
 0.9938104818550273
 0.9199067290305583
 0.9655278894713323
 0.9641540561028558
 0.9591094180155173
 0.9185911919595129
 0.9333049225333381
 0.9344430163131122
 0.9491044327843453
 0.9532846834931418
 0.9573258816456708
 0.9537441037937354
 0.9495838441026033
 0.9556090808809706
 0.9037374901206486
 0.9325877677088953
 0.9246438079228582
 0.9419671177378252
 0.9635363871855623
 0
 0
 1
 1
 1
 1
 1
 1
 1
 1
 1
 1
 1
 1
 1
 1
 1
 1
 1
 1
 1
 1
 1
 1
 1
 1
 1
 1
 1
 1
 0
 0
 0.3333333333357974
 1.017559649014382
 1.211423613899943
 1.205699355273158
 1.100356464137972
 0.910457004420075
 0.9039044734736613
 0.9755498300642593
 0.9568318716718457
 1.003877006045
 0.8786315705698822
 0.9690634543753347
 0.9373240978059876
 1.070028810828204
 0.8714936051917528
 1.103851292130863
 1.072158853179924
 1.103820793126664
 0.894824372858971
 0.8866443347976017
 1.076251469950461
 1.074195422548617
 1.000000000000171
 0.9895734366294144
 1.030079145153801
 1.00000000000367
 1.000000000007318
 0.9998769018524607
 0
 0
 0.5785862941142949
 0.8571690711188343
 1.094649856681881
 0.9823429419962639
 0.9926965275031286
 0.892609835386363
 1.015804049433464
 0.9732162103461175
 1.055096719240776
 0.9273895286799604
 0.8481519747540864
 0.8977854340631548
 1.096756905412906
 1.131164678105788
 0.882891755584579
 0.8837273964360335
 0.9193923127190466
 0.8859748611300906
 0.9399891091861751
 0.8926562304335963
 1.011974047901184
 0.9295383548112405
 0.9200996535601036
 0.888243034344751
 0.8820572861634828
 0.9202635496685373
 0.8721129391006072
 0.9744549797864342
 0
 0
 0
 0
 0
 0
 0
 0
 0
 0
 0
 0
 0
 0
 0
 0
 0
 0
 0
 0
 0
 0
 0
 0
 0
 0
 0
 0
 0
 0
 0
 0
 0
 0
 0
 0
 0
 0
 0
 0
 0
 0
 0
 0
 0
 0
 0
 0
 0
 0
 0
 0
 0
 0
 0
 0
 0
 0
 0
 0
 0
 0
 0
 0
 0
 0
 0
 0
 0
 0
 0
 0
 0
 0
 0
 0
 0
 0
 0
 0
 0
 0
 0
 0
 0
 0
 0
 0
 0
 0
 0
 0
 0
 0
 0
 0
 0
 0
 0
 0
 0
 0
 0
 0
 0
 0
 0
 0
 0
 0
 0
 0
 0
 0
 0
 0
 0
 0
 0
 0
 0
 0
 0
 0
 0
 0
 0
 0
 0
 0
 0
 0
 0
 0
 0
 0
 0
 0
 0
 0
 0
 0
 0
 0
 0
 0
 0
 0
 0
 0
 0
 0
 1
 1
 1
 1
 1
 1
 1
 1
 1
 1
 1
 1
 1
 1
 1
 1
 1
 1
 1
 1
 1
 1
 1
 1
 1
 1
 1
 1
 0
 0
 0
 0
 0
 0
 0
 0
 0
 0
 0
 0
 0
 0
 0
 0
 0
 0
 0
 0
 0
 0
 0
 0
 0
 0
 0
 0
 0
 0
 0
 0
 0
 0
 0
 0
 0
 0
 0
 0
 0
 0
 0
 0
 0
 0
 0
 0
 0
 0
 0
 0
 0
 0
 0
 0
 0
 0
 0
 0


