# Created by Octave 3.8.2, Fri Nov 20 22:14:10 2015 CET <dkottke@snake7>
# name: mus
# type: matrix
# ndims: 3
 1 30 19
 0
 0
 0.7267668336115765
 0.727728285077951
 0.7236768802228427
 0.7290969899665555
 0.7354085603112851
 0.7299107142857143
 0.7169179229480727
 0.7324022346368713
 0.730539399251056
 0.733780760626398
 0.7133036046079518
 0.6883370535714282
 0.630812324929972
 0.6199776785714286
 0.6444444444444443
 0.6576879910213246
 0.6624940009598462
 0.6499999999999999
 0.6560224089635858
 0.6493951864322234
 0.6060943887030846
 0.6295045045045046
 0.6580281690140846
 0.6664808621330359
 0.6439393939393938
 0.6582031249999999
 0.6484983314794216
 0.649717514124294
 0
 0
 0.3333333333333333
 0.75
 1
 1
 0.7
 0.5
 0.8
 0.7
 0.8333333333333333
 0.8333333333333333
 0.8333333333333333
 0.7999999999999999
 0.6
 0.7499999999999999
 0.7499999999999999
 0.65
 0.8333333333333333
 0.85
 0.85
 0.9099999999999999
 0.79
 0.8799999999999999
 0.8400000000000001
 0.8066666666666666
 0.7266666666666668
 0.7266666666666666
 0.66
 0.7000000000000001
 0
 0
 0.5758138355229416
 0.9152592004468962
 0.9144003409919661
 0.9083425189698592
 0.8432153337559928
 0.7795360574953782
 0.8626191318812602
 0.8870611268226311
 0.8973857626168308
 0.8242723888805054
 0.8478384755514106
 0.7778335581089816
 0.6829205758791476
 0.7614369119199055
 0.7133499515993783
 0.7147507202849532
 0.7608767125491156
 0.7536841682943658
 0.7775813945172303
 0.8264624600093026
 0.7391280844852107
 0.7948689613363819
 0.7976448100535976
 0.7445001284467733
 0.7156410717099918
 0.7234612962647353
 0.651354979068518
 0.6742666043229293
 0
 0
 0.2074554797409195
 0.8832728418399569
 0.8625471733369398
 0.9731879375536718
 0.7249799207554863
 0.7492211540399899
 0.8020498498944627
 0.8351925034670198
 0.8819117146174764
 0.8521296591200541
 0.7903740025490205
 0.7885801076127077
 0.5969636170103055
 0.6875900535740451
 0.6769935643047525
 0.7234199476239098
 0.772453582898182
 0.7648930637393593
 0.7844742157908563
 0.7897129418150136
 0.7376798808721043
 0.7563055553591879
 0.7675099289642584
 0.7332928712670407
 0.6564434554528574
 0.692494031869342
 0.6539866363078154
 0.6771101230968174
 0
 0
 0
 0.25
 1
 1
 0.8571428571428571
 0.625
 0.3333333333333333
 0.6
 0.8181818181818182
 0.9166666666666666
 1
 0.8888888888888888
 0.6
 0.6666666666666666
 0.5
 0
 1
 1
 1
 1
 1
 1
 1
 1
 1
 0
 0
 1
 0
 0
 0.06434502717689117
 0.2787770256307435
 0.9271865454210517
 0.9902804803937399
 0.8022591666292238
 0.6733702470444838
 0.6696304782118224
 0.7754196871934427
 0.8506628746845204
 0.8360837810648394
 0.8681745389641367
 0.8081271685255862
 0.6096613025504333
 0.6715041300191117
 0.6429756177207678
 0.5124440072907452
 0.8077171336374982
 0.7720776945206769
 0.8508247381186558
 0.7585466665612968
 0.8476428299054485
 0.7972939771783737
 0.8447564767046174
 0.8200676343471061
 0.6306684517196193
 0.5445431671694572
 0.6072329831923052
 0.7279974719154804
 0
 0
 0.7892931470571475
 0.6914040105941475
 0.8413888462819781
 0.8242161651333402
 0.9240281646771222
 0.7816216285194739
 0.8250773109452498
 0.9091525744307295
 0.9128758937931356
 0.8406353263609463
 0.8216985617259295
 0.7670220078917838
 0.6900828480108127
 0.7224854209197837
 0.7390704619464643
 0.8007058988320137
 0.7862432190797245
 0.7834421264910084
 0.7628823565376729
 0.7795437466469313
 0.7554316922059616
 0.8034392120770124
 0.7588505738419594
 0.7303813231325162
 0.6885259555657871
 0.7158487071378767
 0.7131967773376959
 0.712517474601473
 0
 0
 0.2017891023975338
 0.8691888292499361
 0.8083526573642352
 0.9321575165961283
 0.7487956581307589
 0.7354664218892941
 0.7910677941315735
 0.8102331909525898
 0.8329135324412026
 0.8197493731927232
 0.771388474066418
 0.7427001861951807
 0.5891851455068696
 0.6601115283385064
 0.6522803447093111
 0.6584330781956702
 0.6876366318429352
 0.6822989411268772
 0.6943812963001708
 0.7046912788789936
 0.6648037154311899
 0.6851376167230615
 0.6870847574476658
 0.6541362407090211
 0.5975248590959094
 0.6281638877361138
 0.6075687589688157
 0.627094430792111
 0
 0
 0.9199568514346661
 0.9279870339727819
 0.9199584516107454
 0.9024279434833645
 0.9102768159110981
 0.9389335551861808
 0.9133431917834165
 0.9219887023128754
 0.9216727806504116
 0.9273159287632612
 0.9214817295091557
 0.9131351116099568
 0.9248185813249684
 0.9165786464207891
 0.9024028422018741
 0.9114670355418366
 0.9229306714487076
 0.9069183687024923
 0.901960213172051
 0.8985599143412388
 0.907773136376802
 0.8986769324929611
 0.9121527839864243
 0.9082293653114982
 0.914154405308042
 0.8923399618534508
 0.9125068197716002
 0.8946493184869847
 0
 0
 0.06345241672870261
 0.3289138714096393
 0.8968545508084963
 0.9909794393724106
 0.786374558226381
 0.7278482750068883
 0.7622497073884039
 0.7799768301390161
 0.8391999872696643
 0.8125722815588563
 0.8166219856094916
 0.783477848730479
 0.6183027549888913
 0.6740212035414929
 0.7039862522093433
 0.6637335369229347
 0.7781487844622762
 0.7893960648674979
 0.7749673261660975
 0.8127169145283036
 0.743135430069445
 0.7674341132949829
 0.7642936145477393
 0.7339452511133672
 0.648612007143862
 0.6314337448876498
 0.6364525303444138
 0.6884649714490112
 0
 0
 0.7892931470571475
 0.7455194178597202
 0.8262894442349773
 0.8115133704403048
 0.9264826665418249
 0.7476956220529931
 0.7781129907473709
 0.8828620847648354
 0.8495864687392638
 0.8165591009035451
 0.7681264644138928
 0.7549660741480015
 0.6739160467010118
 0.7206956736803093
 0.4733925703304588
 0.7539415079971155
 0.7422295368640437
 0.7891500767405485
 0.7692013629932907
 0.8050773293047339
 0.7272942525571905
 0.8189138846260778
 0.7440675546878167
 0.7366776306597455
 0.7095390756781089
 0.6974511394176275
 0.6963687824365107
 0.6882891860793658
 0
 0
 0
 0
 0
 0
 0
 0
 0
 0
 0
 0
 0
 0
 0
 0
 0
 0
 0
 0
 0
 0
 0
 0
 0
 0
 0
 0
 0
 0
 0
 0
 0
 0
 0
 0
 0
 0
 0
 0
 0
 0
 0
 0
 0
 0
 0
 0
 0
 0
 0
 0
 0
 0
 0
 0
 0
 0
 0
 0
 0
 0
 0
 0
 0
 0
 0
 0
 0
 0
 0
 0
 0
 0
 0
 0
 0
 0
 0
 0
 0
 0
 0
 0
 0
 0
 0
 0
 0
 0
 0
 0
 0
 0
 0
 0
 0
 0
 0
 0
 0
 0
 0
 0
 0
 0
 0
 0
 0
 0
 0
 0
 0
 0
 0
 0
 0
 0
 0
 0
 0
 0
 0
 0
 0
 0
 0
 0
 0
 0
 0
 0
 0
 0
 0
 0
 0
 0
 0
 0
 0
 0
 0
 0
 0
 0
 0
 0
 0
 0
 0
 0
 0.9194368638340639
 0.9007991704333396
 0.933001804772291
 0.9248840246073935
 0.9089837527712219
 0.9162843168065057
 0.9101077847221234
 0.9229540541818203
 0.9247059533174435
 0.9171631532919745
 0.9193653486555737
 0.9118164409145477
 0.9240789480840712
 0.9202866365797148
 0.9123320090241102
 0.9168327714526576
 0.9263140446197021
 0.9212219047218518
 0.9070671924312433
 0.8986641895753332
 0.9004107179866547
 0.9044745985301686
 0.9124473109117056
 0.9033835072331161
 0.9027251533191075
 0.9122737819374392
 0.9026239787237087
 0.9115881394836702
 0
 0
 0
 0
 0
 0
 0
 0
 0
 0
 0
 0
 0
 0
 0
 0
 0
 0
 0
 0
 0
 0
 0
 0
 0
 0
 0
 0
 0
 0
 0
 0
 0
 0
 0
 0
 0
 0
 0
 0
 0
 0
 0
 0
 0
 0
 0
 0
 0
 0
 0
 0
 0
 0
 0
 0
 0
 0
 0
 0


