# Created by Octave 3.8.2, Sat Nov 21 00:55:22 2015 CET <dkottke@snake7>
# name: mus
# type: matrix
# ndims: 3
 1 30 19
 0
 0
 0.5889724310776941
 0.4974747474747475
 0.4658227848101266
 0.4962121212121212
 0.5588972431077696
 0.5535714285714286
 0.5561868686868688
 0.6692307692307693
 0.6369949494949494
 0.7449494949494951
 0.8138461538461541
 0.8131377551020408
 0.8205128205128207
 0.8046875
 0.7885763000852518
 0.782828282828283
 0.7669172932330826
 0.7473684210526317
 0.7644110275689222
 0.8055555555555555
 0.7988064791133844
 0.7552083333333333
 0.792
 0.7897435897435898
 0.7918470418470418
 0.7729591836734694
 0.7657709606735094
 0.8076923076923077
 0
 0
 0
 0.25
 0.4
 0.6
 0.6
 0.8
 0.6
 0.5
 0.6333333333333333
 0.5666666666666667
 0.5666666666666667
 0.5666666666666667
 0.6
 0.7
 0.7166666666666666
 0.7
 0.7333333333333333
 0.8
 0.78
 0.8
 0.79
 0.79
 0.8800000000000001
 0.8466666666666667
 0.8466666666666667
 0.8266666666666668
 0.7666666666666667
 0.8333333333333334
 0
 0
 0.6400424595559602
 0.3924708186767555
 0.47129730940915
 0.5785500468667208
 0.4267047341034438
 0.7788067389959726
 0.8097317117926042
 0.6480803590282033
 0.6617224022875255
 0.6537207916890475
 0.6120515861545697
 0.5354235911997498
 0.6891010114893205
 0.7044629035217528
 0.713209615432329
 0.7246516646594331
 0.7300107844742063
 0.7433349070478685
 0.7824912507492405
 0.821868305632232
 0.8053288450981384
 0.8285575459994797
 0.8488178070910746
 0.8244593524921553
 0.809321963382982
 0.7401578177613353
 0.8306267239923768
 0.8490896972674924
 0
 0
 0.09042943875534291
 0.2057489288037606
 0.4171329320655153
 0.6678441914621979
 0.6517556955475301
 0.6656919789892735
 0.7215970233217383
 0.5133506242280033
 0.6026049828891106
 0.5565407729612757
 0.5446323798490829
 0.562256054324683
 0.6330797898767411
 0.6754749862365851
 0.7111856242483221
 0.7527403685119194
 0.7591230695579273
 0.7776395393965391
 0.7892094224559371
 0.8020053556881271
 0.8311042893502325
 0.8175966347477307
 0.8720693470715344
 0.8669039700245876
 0.8374915515203648
 0.8281005965474181
 0.8341290264699621
 0.8546360478359487
 0
 0
 0
 0.25
 0.6
 0.5
 0.7142857142857143
 0.875
 0.7777777777777778
 0.7
 0.8181818181818182
 0.5
 0.6923076923076923
 0.4444444444444444
 0.6
 0.6666666666666666
 1
 0
 1
 0
 1
 1
 0
 1
 1
 1
 1
 1
 1
 1
 0
 0
 0.2301697144328583
 0.1667522465518169
 0.5287273595729225
 0.5156678306988611
 0.6836458445610242
 0.7361810067324964
 0.7609497854873732
 0.5756181440798875
 0.7280589840980866
 0.5217295414273289
 0.589248819184398
 0.5378284350779676
 0.5864619675024321
 0.7004516460086239
 0.7050599992397993
 0.567458252145822
 0.8136436003273121
 0.6738042799856705
 0.8762519115884686
 0.8423415513386521
 0.7472900710635796
 0.8351130826529797
 0.8916241690826225
 0.8822560410700226
 0.7715724576520604
 0.742020424057951
 0.8831433721851283
 0.8867311965026683
 0
 0
 0.3678794411714423
 0.4318339915277468
 0.6546242265578364
 0.4795373582569934
 0.6269501180675905
 0.692769175344782
 0.7249320479798149
 0.6502464024212133
 0.6546025933878259
 0.6863686650361214
 0.614640998564385
 0.6898768356638071
 0.7164444871667173
 0.7577230428983815
 0.7477202143910939
 0.7278862389755352
 0.7494427204473629
 0.7708032936911839
 0.7878657444729779
 0.7893293952560072
 0.8017026623812772
 0.8040200076900091
 0.7943199879363234
 0.8390959486922741
 0.7477911064378224
 0.824890265394408
 0.7804780789401466
 0.7882705245277296
 0
 0
 0.07059375143021683
 0.2094305203621623
 0.4111930064475376
 0.6121961655879036
 0.6047408002099964
 0.6252011976130374
 0.6662681949389803
 0.5349450279722993
 0.6071794874950619
 0.5438909648462134
 0.5217199412096674
 0.5604434364085048
 0.6043877471752496
 0.6168295295063189
 0.6564608627649681
 0.6915637871715793
 0.6945638277733972
 0.7212668500352716
 0.7438057604506081
 0.7398099433230071
 0.7552195147062145
 0.7491893263271466
 0.7815620049010965
 0.7780696712303919
 0.7463971970561676
 0.7412484781103406
 0.7634818552905426
 0.7659245208011398
 0
 0
 0.8706899368411229
 0.923799021033467
 0.9291861503419117
 0.9571750154531669
 0.9189763386821729
 0.9213003143170926
 0.9203828465712173
 0.9118868065237307
 0.9255231507295776
 0.9246850893661362
 0.9274618874908004
 0.917675723728012
 0.9127383244083062
 0.9122611663298086
 0.9219629690537842
 0.9084454839211104
 0.8984972053431073
 0.9036800012742019
 0.8948269171704575
 0.898530256672803
 0.9061729053763883
 0.903410167030858
 0.9131681958984391
 0.9064554097239635
 0.9076640056375206
 0.8994467561881122
 0.8991296913903266
 0.9052645830067576
 0
 0
 0.1062026743784608
 0.1642555188867997
 0.4401461933478902
 0.5267984788964677
 0.6778059017382142
 0.622560106745787
 0.7554652867959449
 0.5463027254275101
 0.6561578595775325
 0.5430263467087322
 0.4757358789667219
 0.5644537484504664
 0.6016822845953635
 0.6329098455693742
 0.7205436912539882
 0.6805937388302896
 0.767899414638458
 0.7242738666966207
 0.7930380531951859
 0.8151261078944325
 0.8324099595823913
 0.8234888973630539
 0.8929566659809366
 0.8801073328301821
 0.8564998083239949
 0.8400149844967961
 0.8689667063418405
 0.8802212618967082
 0
 0
 0.3678794411714423
 0.4839541775780906
 0.7235181927998608
 0.4883106794209475
 0.6345455170040717
 0.6968855978232653
 0.6791551356806164
 0.6661976602641959
 0.6616714853647245
 0.6027086521029422
 0.5525696736437603
 0.6997501255988903
 0.7041039492301506
 0.7389524904398614
 0.6834353090909222
 0.7272140745417253
 0.7831844612628795
 0.7527316491654786
 0.8349667849269471
 0.7603275669946261
 0.7647103915989543
 0.7898331805238245
 0.7739901713264692
 0.8512663289518948
 0.7485089532341913
 0.8271819431014997
 0.8856821858549684
 0.768284894971378
 0
 0
 0
 0
 0
 0
 0
 0
 0
 0
 0
 0
 0
 0
 0
 0
 0
 0
 0
 0
 0
 0
 0
 0
 0
 0
 0
 0
 0
 0
 0
 0
 0
 0
 0
 0
 0
 0
 0
 0
 0
 0
 0
 0
 0
 0
 0
 0
 0
 0
 0
 0
 0
 0
 0
 0
 0
 0
 0
 0
 0
 0
 0
 0
 0
 0
 0
 0
 0
 0
 0
 0
 0
 0
 0
 0
 0
 0
 0
 0
 0
 0
 0
 0
 0
 0
 0
 0
 0
 0
 0
 0
 0
 0
 0
 0
 0
 0
 0
 0
 0
 0
 0
 0
 0
 0
 0
 0
 0
 0
 0
 0
 0
 0
 0
 0
 0
 0
 0
 0
 0
 0
 0
 0
 0
 0
 0
 0
 0
 0
 0
 0
 0
 0
 0
 0
 0
 0
 0
 0
 0
 0
 0
 0
 0
 0
 0
 0
 0
 0
 0
 0
 0.913760852198615
 0.9082705269989437
 0.8860030914659929
 0.9424412136910045
 0.9271103135313828
 0.9175342943063094
 0.9034593720756993
 0.936633707985118
 0.906246907619828
 0.9300317879292435
 0.9112897217814035
 0.9112044140093275
 0.9022880507487758
 0.9036665047811583
 0.9043889733782994
 0.9178631922697129
 0.908723872237181
 0.9140824053032911
 0.9003650048062126
 0.9105562977243178
 0.9020680831809554
 0.9060953215508967
 0.903821668355247
 0.9121214896286272
 0.9122230272017178
 0.9046272183439663
 0.9074929506525002
 0.9083272438778445
 0
 0
 0
 0
 0
 0
 0
 0
 0
 0
 0
 0
 0
 0
 0
 0
 0
 0
 0
 0
 0
 0
 0
 0
 0
 0
 0
 0
 0
 0
 0
 0
 0
 0
 0
 0
 0
 0
 0
 0
 0
 0
 0
 0
 0
 0
 0
 0
 0
 0
 0
 0
 0
 0
 0
 0
 0
 0
 0
 0


