# Created by Octave 3.8.2, Sat Nov 21 00:33:50 2015 CET <dkottke@snake7>
# name: mus
# type: matrix
# ndims: 3
 1 30 19
 0
 0
 0.4686716791979952
 0.6818181818181818
 0.650632911392405
 0.6780303030303029
 0.6466165413533834
 0.6454081632653061
 0.6357323232323234
 0.6282051282051285
 0.6294191919191919
 0.6641414141414144
 0.6705128205128206
 0.6447704081632654
 0.637179487179487
 0.7526041666666666
 0.7979539641943734
 0.7803030303030304
 0.7894736842105261
 0.7710526315789472
 0.7819548872180452
 0.861111111111111
 0.8542199488491048
 0.8489583333333334
 0.8666666666666668
 0.8676923076923078
 0.844155844155844
 0.8750000000000001
 0.8799446430630838
 0.8871794871794874
 0
 0
 0
 0.25
 0.6
 0.2
 0.4
 0.5
 0.7
 0.9
 0.9333333333333332
 0.7
 0.6666666666666667
 0.6
 0.8666666666666666
 0.6833333333333333
 0.5833333333333333
 0.55
 0.6333333333333333
 0.6
 0.8300000000000001
 0.76
 0.7
 0.74
 0.8400000000000001
 0.8400000000000001
 0.7866666666666667
 0.8066666666666666
 0.8333333333333334
 0.8
 0
 0
 0.3979804201632784
 0.5871865738262481
 0.6951475319124687
 0.6396912814677221
 0.5905458385390101
 0.6531475350225652
 0.6326291288205493
 0.7602113337475647
 0.75852231772686
 0.7535180263313119
 0.8611105666189484
 0.8251406142912283
 0.884683149482276
 0.6860341091027709
 0.6744487377601662
 0.6673423322014765
 0.6878032289419602
 0.7670163320847064
 0.7646838947465975
 0.7463965217444544
 0.7933054747351083
 0.7643658587950695
 0.8032910966654156
 0.8201887875495657
 0.8109496702616159
 0.8311030648247248
 0.8461348654051952
 0.8379153121565701
 0
 0
 0.1944736082476063
 0.2395989599849423
 0.7469501794883838
 0.4153352147351114
 0.6473634599092469
 0.7225493740989013
 0.7616245869224697
 0.8932565819680702
 0.9027334991881047
 0.8776726077895031
 0.9281516689024192
 0.8634009448197669
 0.906523596519808
 0.7384637948139321
 0.6616564934060778
 0.7164366071361009
 0.7766860345584915
 0.7959868897040597
 0.8535165815261414
 0.8163617102680554
 0.8275900852266743
 0.8260731298897912
 0.8981913487356299
 0.8895746590187833
 0.8662374346776315
 0.8910691364609331
 0.8789891950173294
 0.8732438491422316
 0
 0
 0
 0.25
 0.8
 0.1666666666666667
 0.7142857142857143
 0.375
 0.7777777777777778
 0.7
 0.9090909090909091
 0.8333333333333334
 0.9230769230769231
 0.7777777777777778
 0.6
 1
 0.5
 1
 1
 0
 1
 1
 1
 1
 1
 1
 1
 1
 1
 1
 0
 0
 0.1666916642112189
 0.2500041573924143
 0.7500001320680063
 0.3375130921306584
 0.6500000010040424
 0.4872039882543619
 0.8422619078613114
 0.7789682686621591
 0.9837121347210714
 0.8792929576489983
 0.9689976690036357
 0.8032798028693516
 0.7961509075891602
 0.8622910180509928
 0.6077278463517028
 0.8886009752992559
 0.8347339280061972
 0.568926300981741
 0.848646469093201
 0.7749493428881269
 0.8146722694221453
 0.8392871094917925
 0.8118133205387228
 0.8808641909253776
 0.812501971234502
 0.6986957103031435
 1.028040914537608
 1.02481200888372
 0
 0
 0.7892931470571475
 0.5827349098721635
 0.6088455499781222
 0.7729861363993475
 0.6934431067488926
 0.750074983194349
 0.7185789836552694
 0.7637048344756758
 0.7874540116245664
 0.8325565543616399
 0.7791624790106362
 0.7927547389041134
 0.8678401478500257
 0.8461863614241085
 0.7514296941721438
 0.7074518114824117
 0.738663140775476
 0.7502595840014195
 0.7941542422562686
 0.795101095043562
 0.82732351799426
 0.8027627517709796
 0.8506111626322934
 0.845311647128836
 0.8321812008555993
 0.8377324262973697
 0.8499349733427386
 0.891709254374451
 0
 0
 0.1944736084149487
 0.2518538595136275
 0.6931255937224036
 0.5497034080090855
 0.6061114835515548
 0.6677633133861237
 0.7161586876781239
 0.7828904014349063
 0.8293391847121659
 0.7903387008404651
 0.8822983322706419
 0.8387747705297794
 0.8836873966708676
 0.7176322106533513
 0.6684813284105762
 0.6957002856762821
 0.7590036580495744
 0.7774808035698788
 0.8360426182667989
 0.781322518853845
 0.7837156829530063
 0.8112010808123618
 0.8421374055184436
 0.8541859069745318
 0.8427785550645287
 0.8418538732668046
 0.8661172286830735
 0.8615824254960981
 0
 0
 1
 1
 1
 1
 1
 1
 1
 1
 1
 1
 1
 1
 1
 1
 1
 1
 1
 1
 1
 1
 1
 1
 1
 1
 1
 1
 1
 1
 0
 0
 0.1666916641833278
 0.2254943634054552
 0.5538486377302769
 0.4159208562845516
 0.5305621382641025
 0.5386285612134272
 0.787906063070416
 0.9398437053533071
 0.941362674855733
 0.8653065019532021
 0.9592204189501459
 0.7896322950848148
 0.9093173921116406
 0.6654282975386154
 0.6622866281706972
 0.6528612156511578
 0.7224441138139014
 0.8887957506475191
 0.8204864900806883
 0.7258968213883253
 0.7490806578749856
 0.8216368513547596
 0.7472030739473431
 0.8187431927966067
 0.8692396653831183
 0.0305922564711737
 0.8762188165857622
 0.8711520118355431
 0
 0
 0.7892931470571475
 0.6216606155175817
 0.6070508137108169
 0.7962800199912295
 0.6853571669606123
 0.8552986274166606
 0.7308782661438189
 0.7799274397946847
 0.7680396407830796
 0.9887750545951345
 0.787681759330996
 0.8090739190535177
 1.031610497655016
 0.6939692793028445
 0.9012056968623636
 0.7557667336182502
 0.7470826767299549
 0.9082511738925774
 0.8851283157188314
 0.7498024783665236
 0.840992875088788
 0.8018421881882734
 0.8925387545299966
 0.835364063353103
 0.8083122975504362
 0.8986347422868604
 0.8683975327693921
 0.9262949273491321
 0
 0
 0
 0
 0
 0
 0
 0
 0
 0
 0
 0
 0
 0
 0
 0
 0
 0
 0
 0
 0
 0
 0
 0
 0
 0
 0
 0
 0
 0
 0
 0
 0
 0
 0
 0
 0
 0
 0
 0
 0
 0
 0
 0
 0
 0
 0
 0
 0
 0
 0
 0
 0
 0
 0
 0
 0
 0
 0
 0
 0
 0
 0
 0
 0
 0
 0
 0
 0
 0
 0
 0
 0
 0
 0
 0
 0
 0
 0
 0
 0
 0
 0
 0
 0
 0
 0
 0
 0
 0
 0
 0
 0
 0
 0
 0
 0
 0
 0
 0
 0
 0
 0
 0
 0
 0
 0
 0
 0
 0
 0
 0
 0
 0
 0
 0
 0
 0
 0
 0
 0
 0
 0
 0
 0
 0
 0
 0
 0
 0
 0
 0
 0
 0
 0
 0
 0
 0
 0
 0
 0
 0
 0
 0
 0
 0
 0
 0
 0
 0
 0
 0
 1
 1
 1
 1
 1
 1
 1
 1
 1
 1
 1
 1
 1
 1
 1
 1
 1
 1
 1
 1
 1
 1
 1
 1
 1
 1
 1
 1
 0
 0
 0
 0
 0
 0
 0
 0
 0
 0
 0
 0
 0
 0
 0
 0
 0
 0
 0
 0
 0
 0
 0
 0
 0
 0
 0
 0
 0
 0
 0
 0
 0
 0
 0
 0
 0
 0
 0
 0
 0
 0
 0
 0
 0
 0
 0
 0
 0
 0
 0
 0
 0
 0
 0
 0
 0
 0
 0
 0


