# Created by Octave 3.8.2, Fri Nov 20 22:10:45 2015 CET <dkottke@snake3>
# name: mus
# type: matrix
# ndims: 3
 1 30 19
 0
 0
 0.6618357487922704
 0.6586538461538461
 0.6585365853658539
 0.6568627450980393
 0.6551724137931033
 0.6490384615384616
 0.6521739130434782
 0.97
 0.9760765550239235
 0.9754901960784313
 0.9759615384615385
 0.9693877551020408
 0.6974358974358974
 0.7163461538461539
 0.9754901960784315
 0.9747474747474747
 0.9760765550239234
 0.975
 0.9735449735449736
 0.9663299663299664
 0.9436392914653783
 0.9739583333333333
 0.9675
 0.9759615384615385
 0.9735449735449736
 0.9744897959183675
 0.9753694581280788
 0.9722222222222223
 0
 0
 1
 1
 1
 1
 1
 1
 1
 0.9
 0.9
 0.9333333333333332
 0.9
 0.9333333333333332
 1
 1
 0.9333333333333333
 0.95
 0.95
 0.95
 1
 1
 1
 0.96
 0.96
 0.96
 0.9666666666666668
 0.9666666666666668
 0.96
 0.9666666666666668
 0
 0
 1
 1
 1
 1
 1
 1
 1
 0.8967536420580022
 0.8900110227638309
 0.9110516070791244
 0.9435907653692992
 0.9403398596381809
 0.9666481152770456
 0.9706688614322579
 0.9660821462527164
 0.9683187196110925
 0.9551599475029597
 0.9672952863253701
 0.9813356771394196
 0.9794843638112012
 0.9905264009754785
 0.9465448740922247
 0.9578162212604419
 0.9663691110548018
 0.9628876439351057
 0.9464309838110232
 0.9618885916271944
 0.9534018345978624
 0
 0
 0.999999999153535
 0.999999999721239
 0.9999999999947914
 0.9999999999907998
 0.9999999998652774
 0.9999999999943062
 0.9999999999492579
 0.8675613261723953
 0.8285497504757778
 0.8291558979650744
 0.912679868589325
 0.9162996772548367
 0.9645222906481763
 0.9629785785244828
 0.9368580957858706
 0.9401328885903179
 0.9471815715025554
 0.9532607687629893
 0.9544886385882071
 0.9570829764873865
 0.9619766032553575
 0.9624715486946243
 0.9553443492968881
 0.95548142024604
 0.9593732875465807
 0.9576004563748944
 0.9564138147140967
 0.9566905178389639
 0
 0
 1
 1
 1
 1
 1
 1
 1
 0.9
 0.9090909090909091
 0.8333333333333334
 0.9230769230769231
 0.8888888888888888
 1
 1
 1
 1
 1
 1
 1
 1
 1
 1
 1
 1
 1
 1
 1
 1
 0
 0
 0.9999999999996415
 1
 0.9999999999701333
 0.9999999999918995
 0.9999999999996453
 1
 0.999999999999962
 0.8671158316286385
 0.8934533400527505
 0.8477618762957359
 0.9181871628046674
 0.9130895123462148
 0.9874765153463452
 0.9797792958029936
 0.9759956935042906
 0.9293996085865227
 0.9783189395154155
 0.8820604624605499
 0.9775826083284763
 0.970617565452718
 0.949645506138738
 0.9945976788546221
 0.9181854154623689
 0.9775582318622276
 0.979855209241295
 0.9874175236170819
 0.9445057840537008
 0.9881237127358894
 0
 0
 1
 0.9999999999994248
 1
 1
 0.9999999999887046
 1
 1
 0.8528103428179271
 0.8646296576842212
 0.8626173131872297
 0.92813206493527
 0.9436381238264981
 0.9332053810793655
 0.9103441396555589
 0.9446693119596643
 0.9420821188026685
 0.9114176496069618
 0.9527271259622974
 0.9715675347917229
 0.9563581068182253
 0.9461993872948098
 0.972785920893515
 0.9417073671807893
 0.9492817326773239
 0.9719743117270734
 0.9688326325133438
 0.9735467528389989
 0.9736391213792985
 0
 0
 0.9999999997080321
 0.9999999998631587
 0.9999999999982766
 0.9999999999983723
 0.999999999998489
 0.9999999999956164
 0.9999999999982517
 0.813936348560988
 0.8080689039116253
 0.8352564721997797
 0.8806264201789396
 0.8821226664719469
 0.9013799177197166
 0.8936661561776774
 0.8807544436231679
 0.8926090054004451
 0.8913660763070367
 0.9053696457254716
 0.9029143174361243
 0.9054323547017447
 0.9179844591723907
 0.9114594711193706
 0.9112688364642014
 0.9088146451753767
 0.8930900445220675
 0.9121988769778283
 0.8972523040642632
 0.8930307397434466
 0
 0
 0.9479976955312908
 0.938225633494704
 0.8784404173438998
 0.8934726452011679
 0.9045090281957235
 0.8942875595921147
 0.9151773251776824
 0.9178466216821134
 0.9181057826573819
 0.9434238722708737
 0.9226158073034174
 0.9146951771373578
 0.9127714653262083
 0.9116563700375873
 0.9043939046138565
 0.9182788046876882
 0.9071976047652546
 0.9165320238498671
 0.9029766476331899
 0.9066631577485638
 0.9013063460712004
 0.902843206290841
 0.9168368924084186
 0.9066812486387047
 0.9071761216173826
 0.9083188311239622
 0.9090095347003648
 0.9055502901063469
 0
 0
 0.9999999999999329
 0.9999999999029006
 0.9999999999709952
 0.9999999999993178
 0.9999999999936343
 0.9999999999975082
 0.9999999999999623
 0.8248624167344426
 0.8475410615045987
 0.8655214297511226
 0.8904436818131376
 0.8968185137062987
 0.9732066980285043
 0.9884195248513388
 0.9054772803718193
 0.9549719948973844
 0.9527049944233987
 0.9704525215766727
 0.9586176173114944
 0.9682028009474163
 0.9754778583491419
 0.964480386627539
 0.9479394829396348
 0.9520029721115616
 0.9450281375897946
 0.9677124951142176
 0.7237494646649834
 0.9090840450432341
 0
 0
 1
 0.9999999999999806
 0.9999999999980419
 1
 0.9999999999999917
 0.999999999999999
 0.999999999999992
 0.8358448837973014
 0.7825004025261169
 0.9132751349381545
 0.9249418393771554
 0.9489551919617689
 0.9658418397479743
 0.8752775712332681
 0.6915139379993023
 0.8853742126191807
 0.8833480464210717
 0.9002068948520904
 0.9839969904687891
 0.9164852156971754
 0.9796634362508543
 0.9362243100866493
 0.9360573187105851
 0.9383675050152054
 0.9478334494891856
 0.9439301974417454
 0.9455442111052341
 0.9473084214953026
 0
 0
 0
 0
 0
 0
 0
 0
 0
 0
 0
 0
 0
 0
 0
 0
 0
 0
 0
 0
 0
 0
 0
 0
 0
 0
 0
 0
 0
 0
 0
 0
 0
 0
 0
 0
 0
 0
 0
 0
 0
 0
 0
 0
 0
 0
 0
 0
 0
 0
 0
 0
 0
 0
 0
 0
 0
 0
 0
 0
 0
 0
 0
 0
 0
 0
 0
 0
 0
 0
 0
 0
 0
 0
 0
 0
 0
 0
 0
 0
 0
 0
 0
 0
 0
 0
 0
 0
 0
 0
 0
 0
 0
 0
 0
 0
 0
 0
 0
 0
 0
 0
 0
 0
 0
 0
 0
 0
 0
 0
 0
 0
 0
 0
 0
 0
 0
 0
 0
 0
 0
 0
 0
 0
 0
 0
 0
 0
 0
 0
 0
 0
 0
 0
 0
 0
 0
 0
 0
 0
 0
 0
 0
 0
 0
 0
 0
 0
 0
 0
 0
 0
 0.9522840395554716
 0.9199617701460265
 0.9076861855976256
 0.9147315806484779
 0.9400802328455351
 0.9337498742113621
 0.9115479758875202
 0.9269833317362591
 0.907683335577306
 0.9270483993277561
 0.932090603740055
 0.9080971392084997
 0.9264405148951375
 0.9160719817553984
 0.9094650802930704
 0.9065444500448164
 0.9071076287750495
 0.9143423681255346
 0.9041712297695874
 0.9054356005122873
 0.914375518942661
 0.9073501503039194
 0.9165831020966065
 0.9009769471513761
 0.8909521889457251
 0.9029166487257669
 0.910018416784283
 0.9046921061385106
 0
 0
 0
 0
 0
 0
 0
 0
 0
 0
 0
 0
 0
 0
 0
 0
 0
 0
 0
 0
 0
 0
 0
 0
 0
 0
 0
 0
 0
 0
 0
 0
 0
 0
 0
 0
 0
 0
 0
 0
 0
 0
 0
 0
 0
 0
 0
 0
 0
 0
 0
 0
 0
 0
 0
 0
 0
 0
 0
 0


