# Created by Octave 3.8.2, Fri Nov 20 23:39:06 2015 CET <dkottke@snake9>
# name: mus
# type: matrix
# ndims: 3
 1 30 19
 0
 0
 0.6618357487922708
 0.9086538461538461
 0.9512195121951219
 0.9754901960784313
 0.9655172413793105
 0.9423076923076923
 0.9516908212560388
 0.97
 0.985645933014354
 0.9803921568627449
 0.9855769230769231
 0.9795918367346939
 0.9794871794871796
 0.9807692307692307
 0.9665032679738563
 0.9747474747474747
 0.9808612440191389
 0.97
 0.9682539682539684
 0.9696969696969696
 0.966183574879227
 0.9635416666666666
 0.9675
 0.9759615384615385
 0.9720332577475436
 0.9642857142857144
 0.9753694581280788
 0.9722222222222222
 0
 0
 1
 0.25
 0.6
 0.9
 0.9
 1
 1
 0.9
 0.9
 0.9333333333333332
 0.9
 0.9333333333333332
 0.9333333333333332
 0.9333333333333332
 1
 1
 1
 1
 1
 1
 1
 1
 1
 1
 1
 1
 1
 1
 0
 0
 1
 0.5969086291528038
 0.7355413988574402
 0.8388092574987178
 0.8142008897371724
 0.9220931419558104
 0.9273097186266898
 0.9209849301464303
 0.9416342017348298
 0.9220527709000194
 0.937259078143165
 0.9297723910934881
 0.9351920589853816
 0.9291829199888364
 0.9524986270153514
 0.9374140264085802
 0.9579661596623247
 0.933388007856675
 0.98211689634207
 0.9769143645851116
 0.9827405683648168
 0.9764273137032662
 0.9799068269908128
 0.9759426815295479
 0.9750426624119126
 0.9797772858432048
 0.99324713529888
 0.9857436836116426
 0
 0
 0.9999999999676036
 0.4788112690302394
 0.637944192025797
 0.7493059195230097
 0.7814535930261685
 0.8370872000517052
 0.8535636742127105
 0.8747596922292673
 0.87693455043707
 0.8858682997482278
 0.9029290675168291
 0.9152965825956828
 0.8973115970424022
 0.9030621804311241
 0.9022075830343741
 0.9149442506741031
 0.9171864344521758
 0.9181012713253557
 0.9178603615128036
 0.9250756700137758
 0.930563586417648
 0.9336593083617658
 0.9303308885075046
 0.9353500387359053
 0.9380566471298211
 0.9391422847340118
 0.9445370185350243
 0.9477683033148017
 0
 0
 1
 0.5
 0.6
 0.8333333333333334
 0.8571428571428571
 1
 1
 1
 0.9090909090909091
 1
 0.9230769230769231
 1
 1
 1
 1
 1
 1
 1
 1
 1
 1
 1
 1
 1
 1
 1
 1
 1
 0
 0
 0.9999999999885035
 0.61548918148414
 0.5666732609774994
 0.6589462649043701
 0.7424846088940651
 0.9051539574290385
 0.8927958423187921
 0.813547927801102
 0.8388197997571947
 0.9305374093644644
 0.971840326314672
 0.8720335358178052
 0.9459189477039543
 0.9706939611962135
 0.9717231928272397
 0.9691436748401986
 0.873639000746456
 0.9015380428470862
 0.9945439314603312
 0.9926647839013019
 0.9959459802353502
 0.951530614234728
 0.9921770476794386
 0.9802577458340406
 0.9865593420388754
 0.8682006194898045
 0.8790867024092806
 0.9050409539080414
 0
 0
 1
 0.715429378054377
 0.7478555958513736
 0.7711302822648995
 0.8026999306748492
 0.8365674634899541
 0.8289596690945554
 0.8693003981366433
 0.8689435206258709
 0.8994882480857563
 0.9042330920865962
 0.8844822951381273
 0.882820725238414
 0.8892834697438511
 0.8445732085020814
 0.8993292707898685
 0.9165563783211393
 0.9231462953066334
 0.9798737547188455
 0.9086276228331245
 0.9684836183260197
 0.9121992020296255
 0.9489562409370412
 0.9421599977451224
 0.9355388771941339
 0.9030747150425062
 0.9803777680309395
 0.9183798563990461
 0
 0
 0.9999999999692817
 0.4977415046623204
 0.6072364888221423
 0.7132369261318935
 0.729156528259097
 0.7775625144630146
 0.7829024195353155
 0.8699361150201108
 0.8699132827815584
 0.8999395986772909
 0.9112976639490279
 0.9245893839138726
 0.9031021030782075
 0.9039523548847017
 0.9009918431469435
 0.9186849170467491
 0.9244264245137988
 0.9269229800570886
 0.927753704832202
 0.936647411374706
 0.9389809929705362
 0.9478717755978608
 0.9432540310403961
 0.9488583452240177
 0.9522752648342758
 0.9538321907001109
 0.9506528367668052
 0.9564666494529017
 0
 0
 0.9997075142184948
 0.999998477137815
 0.9999999999987708
 1
 0.9999999997223589
 0.9999999999999991
 0.9999999999999979
 0.9999999999847279
 0.9999999999999996
 0.9999999999597912
 0.9911212499844978
 0.9853307492004904
 0.985531028505368
 0.9707141843839153
 0.9700233984122199
 0.9641773504874731
 0.9739116638101508
 0.964379988179845
 0.9623925594295393
 0.9628873255335434
 0.9530106343956574
 0.9494853084569714
 0.9631961617904082
 0.9591192681086196
 0.9584042346340005
 0.9582706786660169
 0.9517917305530355
 0.9383903410920248
 0
 0
 0.9999999999791033
 0.6001178971101754
 0.5492727218407998
 0.6302552799715785
 0.6708732358354023
 0.8055524136111192
 0.7833899865393175
 0.899954660432857
 0.9808554990787598
 0.8772849996852305
 0.989213471588165
 0.9923319652956997
 0.9850999173178517
 0.9771195927885543
 0.9847788457920752
 0.9874915122486911
 0.9168062070000718
 0.9211578518077388
 0.9704492112757077
 0.9311593147066765
 0.93759918230527
 0.9950634307095998
 0.942297970409401
 0.9746637139077615
 0.9941461894458006
 0.9509628875582113
 0.9947026573393579
 0.9602288064392958
 0
 0
 1
 0.6935218374005503
 0.8082222032415698
 0.7683628033380039
 0.8182296395777824
 0.7803405806045516
 0.8394355256375446
 0.8238474832254826
 0.838260763639683
 0.8404009158516114
 0.8606382992582815
 0.8221716561431494
 0.8530049969574761
 0.8584864894925943
 0.8685209889375551
 0.9004518938653957
 0.8968030465549033
 0.8772371214540174
 0.8894168424576695
 0.921079883608775
 0.8943630469306033
 0.9063829193210108
 0.9278581658239667
 0.9819462008739984
 0.9299613698863279
 0.9312937298359061
 0.936270076714159
 0.9502776651617101
 0
 0
 0
 0
 0
 0
 0
 0
 0
 0
 0
 0
 0
 0
 0
 0
 0
 0
 0
 0
 0
 0
 0
 0
 0
 0
 0
 0
 0
 0
 0
 0
 0
 0
 0
 0
 0
 0
 0
 0
 0
 0
 0
 0
 0
 0
 0
 0
 0
 0
 0
 0
 0
 0
 0
 0
 0
 0
 0
 0
 0
 0
 0
 0
 0
 0
 0
 0
 0
 0
 0
 0
 0
 0
 0
 0
 0
 0
 0
 0
 0
 0
 0
 0
 0
 0
 0
 0
 0
 0
 0
 0
 0
 0
 0
 0
 0
 0
 0
 0
 0
 0
 0
 0
 0
 0
 0
 0
 0
 0
 0
 0
 0
 0
 0
 0
 0
 0
 0
 0
 0
 0
 0
 0
 0
 0
 0
 0
 0
 0
 0
 0
 0
 0
 0
 0
 0
 0
 0
 0
 0
 0
 0
 0
 0
 0
 0
 0
 0
 0
 0
 0
 0.9999647852654989
 0.9999999985669099
 0.9999999998591028
 0.9999999999261652
 0.9999999907763719
 0.9999950358211196
 0.9960466142403291
 0.9999999199039713
 0.999999969410447
 0.9998162242496813
 0.994664059821718
 0.993188197776129
 0.9815688285754846
 0.9746722559688409
 0.9745376263853782
 0.9679104297679759
 0.9732392926582216
 0.9662933680209792
 0.9650975946037808
 0.9684633424053598
 0.9646333656077045
 0.9548916943326442
 0.9554180826071906
 0.9641800095858237
 0.9552119295666598
 0.9460954997384539
 0.9574038432136919
 0.9512708796671083
 0
 0
 0
 0
 0
 0
 0
 0
 0
 0
 0
 0
 0
 0
 0
 0
 0
 0
 0
 0
 0
 0
 0
 0
 0
 0
 0
 0
 0
 0
 0
 0
 0
 0
 0
 0
 0
 0
 0
 0
 0
 0
 0
 0
 0
 0
 0
 0
 0
 0
 0
 0
 0
 0
 0
 0
 0
 0
 0
 0


