# Created by Octave 3.8.2, Sun Nov 15 23:36:19 2015 CET <dkottke@snake6>
# name: mus
# type: matrix
# ndims: 3
 1 30 19
 0
 0
 0.8579782790309108
 0.939799331103679
 0.9213389121338916
 0.939698492462312
 0.8863826232247289
 0.950503355704698
 0.9423558897243097
 0.9512605042016812
 0.9090909090909085
 0.9419191919191918
 0.9481605351170559
 0.9349579831932775
 0.9502109704641344
 0.950168918918919
 0.9506722689075626
 0.9478114478114475
 0.9473684210526311
 0.9305084745762714
 0.93984962406015
 0.9462682379349041
 0.9456521739130435
 0.9447278911564625
 0.9353191489361706
 0.9310200668896317
 0.9368686868686865
 0.9318310657596373
 0.9237709304992731
 0.9606837606837602
 0
 0
 0.6666666666666666
 0.75
 0.8
 0.8
 0.5
 0.6
 0.5
 0.5
 0.4333333333333333
 0.5666666666666667
 0.7
 0.5333333333333334
 0.4666666666666666
 0.5
 0.6333333333333333
 0.6166666666666667
 0.6166666666666666
 0.55
 0.62
 0.6799999999999999
 0.66
 0.75
 0.5600000000000001
 0.4933333333333333
 0.66
 0.6066666666666667
 0.76
 0.6333333333333334
 0
 0
 0.7742426575612293
 0.7041137809738667
 0.6157773785498055
 0.7071174744094351
 0.6461349944100861
 0.6425495985747691
 0.6788843921225125
 0.6377574536442873
 0.4910385966229038
 0.5201092751303045
 0.5715543790063039
 0.6797115847564239
 0.5894030530302401
 0.5551582455495017
 0.5431493212201615
 0.5264641405970661
 0.5710889263233236
 0.5452350132519902
 0.5916299247558826
 0.5729143047639631
 0.6018207279666588
 0.6786148280011117
 0.6688822230863649
 0.6967938659875783
 0.5356243411149387
 0.581602351897876
 0.5871708303358403
 0.6445995447458581
 0
 0
 0.6604970388912805
 0.6795922033560489
 0.5802925643611266
 0.6369555585546665
 0.5791798557272663
 0.6244249025631546
 0.5710363844501632
 0.5293813154601807
 0.5223109267328785
 0.5282153734251062
 0.5337447606248498
 0.5061311487709911
 0.5474020188915256
 0.5350807501385025
 0.5392797036707245
 0.5427836762465108
 0.5482171587689443
 0.5368569215986247
 0.531703040005841
 0.5365080118880442
 0.5363467776718255
 0.5386865165195903
 0.537965138906996
 0.5461243460588407
 0.5523791487768377
 0.5463713612875603
 0.5509414240202055
 0.5608986850594139
 0
 0
 0.7774515289070375
 0.7675399078280614
 0.6139077514125749
 0.6399822317132827
 0.5473117980760868
 0.6284236362429545
 0.6029789940682874
 0.5426213544294458
 0.5415609368879267
 0.5389262118839488
 0.5380675458443305
 0.5158215292231169
 0.5508304554636176
 0.5425382270430942
 0.5421697981587945
 0.5324831694304436
 0.5470589181557921
 0.5346931204102698
 0.5330294551656829
 0.5363170861638596
 0.5399564512022967
 0.5406176500067466
 0.5317038680773196
 0.542201143355805
 0.551097616910001
 0.5489163844923158
 0.5538351141993501
 0.5646997620102231
 0
 0
 0.3333333333332977
 0.5939015789102159
 0.755023318387013
 0.6700000000000002
 0.4865079890445031
 0.7741401232444926
 0.5500461503643972
 0.5419524771186632
 0.5440927194876548
 0.5250395659692028
 0.5279984255237673
 0.5358047495745405
 0.5215090680888778
 0.5509963300773753
 0.5252701364454322
 0.5570088103462176
 0.5592129458454247
 0.4964669665296628
 0.5185880380410969
 0.5170100672857978
 0.5345113146827664
 0.4888760358731512
 0.4980808204063558
 0.545173599845412
 0.5418574947706863
 0.5025446812595362
 0.5731025530785576
 0.5549379111958401
 0
 0
 0.5785862941142949
 0.7810747428315811
 0.7055218149505686
 0.6997313392521712
 0.6990473451406668
 0.7236069761826767
 0.7225896191239368
 0.705415774572461
 0.6310760029510727
 0.7493057855376757
 0.7078718905662961
 0.6814328280509128
 0.6647743247816141
 0.7250814281730489
 0.6901893957087356
 0.6857133227185863
 0.6872192779349088
 0.6636491790994223
 0.6353272317523596
 0.6664987595410702
 0.6496327960840469
 0.6865204292373621
 0.6669520058084648
 0.6099496889662842
 0.6855064538966334
 0.6640713426134653
 0.6753216226303492
 0.6931732098662491
 0
 0
 0.6669747318038275
 0.6591150833534631
 0.5103112557977069
 0.612654482732565
 0.5916073134195124
 0.6243657309003833
 0.5882679917566985
 0.5556484866457709
 0.5319220100479112
 0.5250726990160254
 0.5414445845506436
 0.5146472334328057
 0.5447636183193685
 0.5480839620742282
 0.5492213307828202
 0.5513222588838369
 0.5513011673697256
 0.5430934324004419
 0.5526465448924021
 0.5548103747953661
 0.5510505654303924
 0.5532582410154682
 0.5484250359892014
 0.5525822029424052
 0.5626430369418276
 0.5559827013013131
 0.5570542519904959
 0.5756534038328892
 0
 0
 0.7575040966805127
 0.749429343921493
 0.5658217335609568
 0.5835069848087695
 0.5116687572104284
 0.6375006122662462
 0.6020686481080038
 0.5462792084379618
 0.5282515960443025
 0.5402408922564739
 0.5476617565393721
 0.5167111547748148
 0.5670960317850974
 0.5423107025906512
 0.5495603607698417
 0.5423243674570298
 0.5555964728129223
 0.5495317552225557
 0.5482808206012345
 0.5503485459189916
 0.5512773506065806
 0.5558857484819006
 0.534742442025161
 0.5480564547688282
 0.5521387880649884
 0.5587064020302197
 0.5542230598768624
 0.5681117188964461
 0
 0
 0.3333333333318553
 0.5906331387096068
 0.5524741473337748
 0.6567159072965026
 0.5187132422501364
 0.6745242577609185
 0.5828043319232719
 0.5459996014433227
 0.533703340355973
 0.5187138542356006
 0.5271777945032429
 0.5108521314468423
 0.5315166620183944
 0.5358072605044445
 0.5453849293256614
 0.5293324691589623
 0.539277226364838
 0.5280922499020972
 0.5367580581194832
 0.5358030800676685
 0.53784753301787
 0.5422961788850459
 0.5399310611405835
 0.5461011598001024
 0.549275601085645
 0.5507417796943306
 0.5492929230164039
 0.5630972711676414
 0
 0
 0.5785862941142949
 0.7902733729164911
 0.6947295725950781
 0.6813009606351427
 0.7184767076116283
 0.7255246586801372
 0.6675886249874623
 0.6703825456224352
 0.7641705742107775
 0.7205695567401933
 0.685433098606957
 0.6763753213772593
 0.7003211469346805
 0.6644647497635712
 0.6578901002465812
 0.6558485661208679
 0.6783848801187501
 0.6156863635275838
 0.660261353176364
 0.6480542614995116
 0.6372485132847769
 0.6744006930295019
 0.6542276406508176
 0.6330037172827532
 0.7140802750931323
 0.6434402315124589
 0.6602275037603033
 0.6524306358149607
 0
 0
 0
 0
 0
 0
 0
 0
 0
 0
 0
 0
 0
 0
 0
 0
 0
 0
 0
 0
 0
 0
 0
 0
 0
 0
 0
 0
 0
 0
 0
 0
 0
 0
 0
 0
 0
 0
 0
 0
 0
 0
 0
 0
 0
 0
 0
 0
 0
 0
 0
 0
 0
 0
 0
 0
 0
 0
 0
 0
 0
 0
 0
 0
 0
 0
 0
 0
 0
 0
 0
 0
 0
 0
 0
 0
 0
 0
 0
 0
 0
 0
 0
 0
 0
 0
 0
 0
 0
 0
 0
 0
 0
 0
 0
 0
 0
 0
 0
 0
 0
 0
 0
 0
 0
 0
 0
 0
 0
 0
 0
 0
 0
 0
 0
 0
 0
 0
 0
 0
 0
 0
 0
 0
 0
 0
 0
 0
 0
 0
 0
 0
 0
 0
 0
 0
 0
 0
 0
 0
 0
 0
 0
 0
 0
 0
 0
 0
 0
 0
 0
 0
 0.5920351884673042
 0.6374530874578165
 0.5644043240404418
 0.5663670021768406
 0.520197489372099
 0.6322642029199802
 0.5972987614181905
 0.5594864696108561
 0.5333071065499723
 0.533727325717044
 0.538598828308987
 0.5216453051589189
 0.5699941526870005
 0.5424718627501676
 0.5519476804407643
 0.5340204375242822
 0.5612056914475219
 0.5493456537931062
 0.5420079929572564
 0.5499968456653681
 0.5496859246113447
 0.5539606842798722
 0.5338535340689046
 0.5466038718975293
 0.5531315673282852
 0.5580232338266994
 0.5542002590758375
 0.5672948279828101
 0
 0
 0
 0
 0
 0
 0
 0
 0
 0
 0
 0
 0
 0
 0
 0
 0
 0
 0
 0
 0
 0
 0
 0
 0
 0
 0
 0
 0
 0
 0
 0
 0
 0
 0
 0
 0
 0
 0
 0
 0
 0
 0
 0
 0
 0
 0
 0
 0
 0
 0
 0
 0
 0
 0
 0
 0
 0
 0
 0


