# Created by Octave 3.8.2, Fri Nov 20 23:27:31 2015 CET <dkottke@snake2>
# name: mus
# type: matrix
# ndims: 3
 1 30 19
 0
 0
 0.3913043478260867
 0.6105769230769231
 0.7658536585365857
 0.7107843137254903
 0.6354679802955666
 0.9519230769230769
 0.9275362318840581
 0.95
 0.9617224880382775
 0.9656862745098038
 0.9567307692307693
 0.9336734693877552
 0.9743589743589745
 0.9759615384615384
 0.9656862745098039
 0.9696969696969698
 0.9712918660287081
 0.975
 0.9576719576719577
 0.9461279461279462
 0.9565217391304349
 0.935763888888889
 0.9299999999999999
 0.9423076923076923
 0.9372637944066514
 0.9438775510204083
 0.9458128078817735
 0.9666666666666668
 0
 0
 0.3333333333333333
 1
 0.2
 0.3
 0.4
 0.5
 0.6
 0.7
 0.7333333333333333
 0.7666666666666666
 0.6333333333333333
 0.8333333333333333
 0.6666666666666666
 0.7
 0.6833333333333333
 0.8333333333333333
 0.8333333333333333
 0.85
 0.86
 0.8800000000000001
 0.86
 0.9199999999999999
 0.9199999999999999
 0.9266666666666665
 0.9266666666666667
 0.96
 0.9666666666666668
 0.9333333333333333
 0
 0
 0.7456100190080195
 0.8897464141578098
 0.6839397205857212
 0.7692759960275765
 0.5975499108791517
 0.3729571178518021
 0.7267132117331203
 0.742726932556777
 0.6350339442648676
 0.7045655239966437
 0.7729182144855886
 0.7665484041990405
 0.7302851945734847
 0.7205402596697925
 0.6855792217541782
 0.7427885274862944
 0.8330656543000753
 0.8378444521438091
 0.8429816005527448
 0.8548243293246315
 0.8598059480050464
 0.8712684213078243
 0.9124805173104338
 0.9226650311160971
 0.9028155735427735
 0.9241710824609777
 0.9374503365668301
 0.9064995176890592
 0
 0
 0.4714616257926571
 0.8446397638914007
 0.447824012193536
 0.5493978698580332
 0.4937067483895904
 0.4907695083904385
 0.5395603900164404
 0.5989861780081643
 0.5546545648408313
 0.6593191292502989
 0.6281227645334856
 0.6868651796973562
 0.6273248056248548
 0.6518124270857001
 0.6842243682003779
 0.6954726011314358
 0.7199223528619669
 0.7319604733546216
 0.7418216882182481
 0.7624346518150982
 0.7737966858274943
 0.8001066558905451
 0.8088232109121545
 0.8239948052273137
 0.8361192521096369
 0.8464157043499881
 0.859970043347503
 0.8448583606518156
 0
 0
 0.3333333333333333
 1
 0
 0.5
 0.2857142857142857
 0.375
 0.6666666666666666
 0.5
 0.4545454545454545
 0.6666666666666666
 0.6923076923076923
 0.5555555555555556
 1
 0.6666666666666666
 1
 1
 1
 0
 1
 1
 1
 1
 1
 1
 1
 1
 1
 0
 0
 0
 0.3333333333332445
 0.9895874587292015
 0.3708360090801101
 0.6140528318257528
 0.4662681724158872
 0.4749857024220694
 0.5504666135040719
 0.6243458896131564
 0.5780477486522527
 0.6394393414095151
 0.6046661730743109
 0.6620069341512559
 0.6272364506905314
 0.6956876014116006
 0.7091171611073084
 0.7492352983229912
 0.7045400182282573
 0.6693574118353607
 0.7372993385140116
 0.7973010517624366
 0.7362859880640922
 0.7458048285249765
 0.769524842097439
 0.9453027084379201
 0.8152715089948143
 0.8315211620264118
 0.8256736496352455
 0.7686803998749133
 0
 0
 0.5785862941142949
 0.7039891907726719
 0.6836164318382176
 0.7170306383918171
 0.7330336603090913
 0.7520444739126935
 0.703066851438661
 0.7509809061075392
 0.7631223641433565
 0.7670656236822693
 0.7666335395231981
 0.7704859383260058
 0.7522466304424098
 0.7575447224823993
 0.7838498456650111
 0.7757339461939829
 0.812565760527451
 0.8022565082476595
 0.7680215503871157
 0.8281092116980455
 0.8704792816269511
 0.8283376504182406
 0.8149955741481325
 0.8448826953526865
 0.8668631231015635
 0.891821686422364
 0.8533887532693835
 0.8253272991269303
 0
 0
 0.4697812838681922
 0.8079676994654114
 0.5109847227501793
 0.6339568702492072
 0.5560989352904177
 0.5187213022336307
 0.5387453749013027
 0.5992892627412548
 0.5646550613496086
 0.6454575940158945
 0.6097396390938815
 0.6816542294416901
 0.629960741992037
 0.6521617457219229
 0.698007435063096
 0.7227508885083705
 0.730064892324758
 0.7457226185864162
 0.7646511335583769
 0.7910065494764772
 0.7909922085830217
 0.8103803961803482
 0.8371373204851729
 0.8528114411291101
 0.8592706703673032
 0.8798173981155396
 0.8857671566930602
 0.8641737182621627
 0
 0
 0.9999561166216948
 0.9999999714100501
 0.9999999997952622
 0.9999999999948349
 0.9999999999681043
 1
 0.9999999999032804
 0.9955207019251884
 0.9999999997793722
 0.9969012445055737
 0.9917663018514391
 0.9893400982519925
 0.9733428707704715
 0.9728238168562831
 0.9764809456817423
 0.9652738851524715
 0.9739651381738754
 0.9641401392939858
 0.9650065775407711
 0.9612447891029204
 0.9703134902341529
 0.9598018543155964
 0.9615978684815846
 0.9497678355851913
 0.9470838965843675
 0.9570392288115699
 0.945612072511742
 0.940296664293525
 0
 0
 0.3333333326653864
 0.9884463207153529
 0.4430427921820761
 0.7233708140536858
 0.4907374634037467
 0.4582516680039753
 0.5317034243326276
 0.5993948382952551
 0.5682763414284536
 0.6123984895137169
 0.6723287327560866
 0.7448301680085868
 0.6144570911605141
 0.6457502558733725
 0.6658470785071748
 0.8224982255733478
 0.7410177451968085
 0.719165942562269
 0.7164881948314161
 0.8824802545947434
 0.7744331565759583
 0.8145167726675726
 0.9370095088551321
 0.8328566729293798
 0.8334526385534826
 0.8682984521888466
 0.9277682816464331
 0.8647909927455549
 0
 0
 0.5785862941142949
 0.7013550477617453
 0.7189182390460248
 0.7229794514644401
 0.8077043890083317
 0.7249365071780078
 0.702583402635958
 0.7399830207306785
 0.7561502605031903
 0.7313668729293935
 0.7152295487621734
 0.7526017154922011
 0.7406924169696051
 0.7398741600313752
 0.7494395462984578
 0.7491999901257379
 0.7888328190417404
 0.7813864186581395
 0.7875810915117402
 0.8301492005809346
 0.788772744944284
 0.7902013795867217
 0.8086104654703695
 0.8368753149948436
 0.8441901429541039
 0.8365777719554348
 0.8473622049552414
 0.9095081042515665
 0
 0
 0
 0
 0
 0
 0
 0
 0
 0
 0
 0
 0
 0
 0
 0
 0
 0
 0
 0
 0
 0
 0
 0
 0
 0
 0
 0
 0
 0
 0
 0
 0
 0
 0
 0
 0
 0
 0
 0
 0
 0
 0
 0
 0
 0
 0
 0
 0
 0
 0
 0
 0
 0
 0
 0
 0
 0
 0
 0
 0
 0
 0
 0
 0
 0
 0
 0
 0
 0
 0
 0
 0
 0
 0
 0
 0
 0
 0
 0
 0
 0
 0
 0
 0
 0
 0
 0
 0
 0
 0
 0
 0
 0
 0
 0
 0
 0
 0
 0
 0
 0
 0
 0
 0
 0
 0
 0
 0
 0
 0
 0
 0
 0
 0
 0
 0
 0
 0
 0
 0
 0
 0
 0
 0
 0
 0
 0
 0
 0
 0
 0
 0
 0
 0
 0
 0
 0
 0
 0
 0
 0
 0
 0
 0
 0
 0
 0
 0
 0
 0
 0
 0.999992736017577
 0.9999999847944727
 0.9999999999994393
 0.9999999999999714
 0.9999999951750889
 0.9999998212096147
 0.9999992917055726
 0.9989931078334741
 0.9999992660702304
 0.999956215817406
 0.9920949114938598
 0.9856198384247329
 0.9748168251203132
 0.972216466440463
 0.9641941497612267
 0.9654035145541047
 0.9730441148774249
 0.9648648340511873
 0.9593711948927978
 0.9582988555477112
 0.9717930816120328
 0.9570241623920376
 0.9657506139509554
 0.9589333657285138
 0.9537787945713954
 0.9489287242741726
 0.9464953229210302
 0.949528557359995
 0
 0
 0
 0
 0
 0
 0
 0
 0
 0
 0
 0
 0
 0
 0
 0
 0
 0
 0
 0
 0
 0
 0
 0
 0
 0
 0
 0
 0
 0
 0
 0
 0
 0
 0
 0
 0
 0
 0
 0
 0
 0
 0
 0
 0
 0
 0
 0
 0
 0
 0
 0
 0
 0
 0
 0
 0
 0
 0
 0


