# Created by Octave 3.8.2, Sun Nov 15 22:09:55 2015 CET <dkottke@snake8>
# name: mus
# type: matrix
# ndims: 3
 1 30 19
 0
 0
 0.6691729323308273
 0.7095959595959596
 0.6430379746835444
 0.7487373737373738
 0.7167919799498746
 0.7704081632653061
 0.777146464646465
 0.7923076923076923
 0.7619949494949494
 0.7146464646464646
 0.7387179487179488
 0.8003826530612246
 0.8525641025641026
 0.8515625
 0.7962489343563514
 0.7664141414141414
 0.8020050125313283
 0.7947368421052632
 0.8095238095238095
 0.7866161616161615
 0.8670076726342711
 0.84375
 0.8613333333333334
 0.8502564102564104
 0.8252765752765753
 0.7831632653061226
 0.7889516780071502
 0.8461538461538463
 0
 0
 0.6666666666666666
 1
 0.4
 0.2
 0.5
 0.2
 0.4
 0.4
 0.6
 0.6
 0.5666666666666667
 0.5333333333333333
 0.4
 0.5666666666666667
 0.5833333333333333
 0.6666666666666666
 0.7
 0.7
 0.72
 0.82
 0.82
 0.8800000000000001
 0.9199999999999999
 0.8133333333333332
 0.7733333333333333
 0.7866666666666666
 0.7533333333333334
 0.7
 0
 0
 0.8136054762428612
 0.9117971313262477
 0.5018081949823137
 0.6396912814677221
 0.6686981865793834
 0.4809781849968657
 0.5764120593545905
 0.3183050911413164
 0.6321646388186528
 0.4636571677777332
 0.3125136361274977
 0.4587581216134411
 0.4862262980699483
 0.5704879758423709
 0.5655800361753534
 0.6589408760840505
 0.6894212733828741
 0.7451756145554911
 0.7262818959000747
 0.780032369091314
 0.8158033729657239
 0.7486354003032287
 0.8217868026749349
 0.8081266148161879
 0.7327870087386563
 0.7493697876042597
 0.7717145820444176
 0.7311754424442858
 0
 0
 0.7180484709710062
 0.7578986598409347
 0.50798345700396
 0.4352414136042703
 0.5060293368441288
 0.3426852437745224
 0.4146367767296261
 0.4540193346671375
 0.5028304133931274
 0.5097930778772226
 0.4484335419650161
 0.4663293633585845
 0.4792525318587091
 0.5183723733628446
 0.545498091461659
 0.5754484323005279
 0.6229861902838263
 0.6498608464507959
 0.6675673782111661
 0.6753684477012873
 0.6734109717399943
 0.6679058653370559
 0.6876719252410053
 0.6498818410036301
 0.6567969706942862
 0.6702898945812209
 0.6582447322798783
 0.6287418063035812
 0
 0
 0.7738093165657111
 0.7607505927945984
 0.5548805977486118
 0.4574271069047849
 0.5138152317994471
 0.3085052411831979
 0.4291760073841102
 0.4398120665773166
 0.4931511427182815
 0.5019649535445078
 0.462091759893188
 0.4487695645156225
 0.4676170923953449
 0.5157008375099996
 0.5442083720107592
 0.5852568751453523
 0.6139443800834294
 0.6467054181544691
 0.6698039341671012
 0.6777597331393459
 0.676773999519951
 0.6744589502358208
 0.6882748853147022
 0.6616826013916159
 0.6624705127836596
 0.676422800895101
 0.6614788402602382
 0.6316408329120337
 0
 0
 0.6881238723511933
 0.526361581598341
 0.4790861509001787
 0.4131332367934686
 0.5923029945437337
 0.2942361757741943
 0.376897864896889
 0.4119446264387758
 0.471585017330556
 0.4818907347636509
 0.4554844339258781
 0.4786600294960487
 0.4612443875647302
 0.5083050530087728
 0.5887811916672863
 0.5379620592947703
 0.643483000632154
 0.6588224393018609
 0.6905829562099552
 0.6529927260410049
 0.6739286581844168
 0.713582027539625
 0.730253973807968
 0.6209764110052759
 0.609378693444134
 0.629202650702979
 0.6265884197612279
 0.6053987144213552
 0
 0
 0.7892931470571475
 0.7725861718929078
 0.6273817939243005
 0.7147345045073102
 0.6576745848118111
 0.6245585685227785
 0.5760436531772188
 0.6506139170816627
 0.6494948216195403
 0.6692610898880418
 0.6221710433916647
 0.694543778234598
 0.6615452437140606
 0.7059430117445675
 0.6632550024817068
 0.6933319824099187
 0.7493936879471143
 0.696590556826963
 0.7307004303087457
 0.7523164497965734
 0.7286360763911139
 0.6769516653925879
 0.7786314217361107
 0.7284378031523804
 0.7459408231052079
 0.7501883557265917
 0.7170180034579764
 0.7276783865270481
 0
 0
 0.7099511455780598
 0.7107223444810238
 0.5126444636719273
 0.5232447197333063
 0.5199206264203168
 0.3711851967310142
 0.4341154247697548
 0.4436877976546797
 0.4754204920234392
 0.5050024847761634
 0.4493541397111704
 0.4678967549668336
 0.4848183718632911
 0.5196918737721635
 0.555957227776232
 0.5887658968412783
 0.6391462568245192
 0.6670465730814373
 0.6890296513625477
 0.6994046105115179
 0.6904833406168942
 0.6905546158686413
 0.7076302903947511
 0.6691407170037305
 0.6794550012420504
 0.6994169701224053
 0.6823166825337214
 0.6557762632876717
 0
 0
 0.7946996784639071
 0.7253449140659907
 0.5771536357664169
 0.5363956981756466
 0.5128913842753485
 0.3539166204339121
 0.4519812093304606
 0.4615367643326863
 0.4732926307918244
 0.4977498252500995
 0.4506228510937055
 0.4514160170946567
 0.4685587389685986
 0.5242730852487392
 0.5547464015370157
 0.595285761460792
 0.6345472620030584
 0.6532697410969237
 0.6909102010868716
 0.7032075740170036
 0.6886777054105016
 0.6933831078081241
 0.7095334066927727
 0.6811679914565991
 0.6817174789759923
 0.6983477894683608
 0.68062407188287
 0.6539662791296588
 0
 0
 0.9937501774559537
 0.401960784313782
 0.5714064559105971
 0.4893596809779749
 0.5042025020037401
 0.3022990764709459
 0.4198714831236655
 0.4034044458839562
 0.4675675511951327
 0.4864648080341152
 0.4279492414637019
 0.4526388461679102
 0.4664171243091649
 0.5160341878254711
 0.5357110001701342
 0.5885535518390087
 0.6293262480300638
 0.6339684296635398
 0.6824912387817615
 0.7054084691241821
 0.7565029057149726
 0.7019421016720947
 0.7204384169448005
 0.6460027277867799
 0.6599978718668921
 0.7020677231009266
 0.6794579275164346
 0.7515022710300319
 0
 0
 0.7892931470571475
 0.7542345019062224
 0.6989154189123654
 0.7439670651989247
 0.7053104578660799
 0.6607876823381088
 0.5968960528192397
 0.6527676820156533
 0.6482108011690501
 0.6267820039497189
 0.6316542827659501
 0.6336203433120166
 0.6195669710457998
 0.6650009505502176
 0.6755100131228298
 0.6781967117468617
 0.7085087964960481
 0.7123056795883215
 0.725585889500325
 0.7478133181269457
 0.8086598354196113
 0.7173530614743293
 0.7436141825960657
 0.7227950695968737
 0.7223165115599235
 0.7350502731907455
 0.7067905168646142
 0.7263262143701101
 0
 0
 0
 0
 0
 0
 0
 0
 0
 0
 0
 0
 0
 0
 0
 0
 0
 0
 0
 0
 0
 0
 0
 0
 0
 0
 0
 0
 0
 0
 0
 0
 0
 0
 0
 0
 0
 0
 0
 0
 0
 0
 0
 0
 0
 0
 0
 0
 0
 0
 0
 0
 0
 0
 0
 0
 0
 0
 0
 0
 0
 0
 0
 0
 0
 0
 0
 0
 0
 0
 0
 0
 0
 0
 0
 0
 0
 0
 0
 0
 0
 0
 0
 0
 0
 0
 0
 0
 0
 0
 0
 0
 0
 0
 0
 0
 0
 0
 0
 0
 0
 0
 0
 0
 0
 0
 0
 0
 0
 0
 0
 0
 0
 0
 0
 0
 0
 0
 0
 0
 0
 0
 0
 0
 0
 0
 0
 0
 0
 0
 0
 0
 0
 0
 0
 0
 0
 0
 0
 0
 0
 0
 0
 0
 0
 0
 0
 0
 0
 0
 0
 0
 0.5462558962229208
 0.619841570393503
 0.5889246653888802
 0.5236363051120352
 0.5220530503538944
 0.3467108207271036
 0.4638262558525727
 0.4535520555699088
 0.4767469453399043
 0.49363428229331
 0.4443996852173308
 0.4469031021424465
 0.4661668997077369
 0.519252386674917
 0.5505874757175239
 0.5947724991123622
 0.6327562590515433
 0.6525992326234034
 0.6889437354485506
 0.7003450998999562
 0.6889267897608401
 0.6939136542713857
 0.7067844233129124
 0.6757378151481688
 0.682761420088016
 0.6962690250419995
 0.681668897820056
 0.650583035104304
 0
 0
 0
 0
 0
 0
 0
 0
 0
 0
 0
 0
 0
 0
 0
 0
 0
 0
 0
 0
 0
 0
 0
 0
 0
 0
 0
 0
 0
 0
 0
 0
 0
 0
 0
 0
 0
 0
 0
 0
 0
 0
 0
 0
 0
 0
 0
 0
 0
 0
 0
 0
 0
 0
 0
 0
 0
 0
 0
 0


