# Created by Octave 3.8.2, Fri Nov 20 21:31:03 2015 CET <dkottke@snake10>
# name: mus
# type: matrix
# ndims: 3
 1 30 19
 0
 0
 0.5814536340852128
 0.5894648829431438
 0.9205020920502095
 0.8886097152428816
 0.9172932330827075
 0.9211409395973155
 0.9323308270676682
 0.9327731092436979
 0.9332777314428685
 0.93013468013468
 0.9278846153846144
 0.9307563025210089
 0.9316455696202524
 0.9298986486486487
 0.928823529411764
 0.9305555555555548
 0.9289891395154549
 0.9118644067796611
 0.9164578111946527
 0.9154040404040406
 0.9197324414715722
 0.9183673469387758
 0.8510638297872344
 0.8436454849498327
 0.8529040404040402
 0.8560090702947845
 0.8584754186099853
 0.8547008547008544
 0
 0
 0.3333333333333333
 0.75
 0.4
 0.9
 0.8
 1
 1
 1
 1
 1
 1
 1
 0.9333333333333332
 1
 1
 1
 1
 0.95
 1
 0.96
 0.95
 0.96
 0.9199999999999999
 0.9199999999999999
 0.9266666666666667
 0.9266666666666665
 0.9333333333333333
 0.9333333333333333
 0
 0
 0.5645391705847713
 0.6480237797431896
 0.5654171158053666
 0.7980725992630996
 0.8777900252931455
 0.9313339066958782
 0.9768222461762862
 0.9490089415878297
 0.9671868434905971
 0.9208381973153879
 0.9681591079260198
 0.9661080629637863
 0.9762039357873978
 0.9614857973799458
 0.9720060895375925
 0.9809037772617537
 0.9899428129804245
 0.9479334069387825
 0.9521244688073639
 0.9462923356100067
 0.9454709126911724
 0.9391561248130627
 0.903562961296602
 0.913553571760152
 0.8985793399034839
 0.9180949602672056
 0.9234638970487543
 0.9297072595428859
 0
 0
 0.525857026834324
 0.6472057416875303
 0.5920801465595575
 0.7453045316741498
 0.8210189097513902
 0.8794200020920673
 0.9000556359423214
 0.9041413000345425
 0.9163946539242768
 0.8859212643887745
 0.9080167607987867
 0.9313973768078939
 0.93117274407117
 0.9445409407603118
 0.9509988193272253
 0.9567808130091152
 0.9541549283672378
 0.916716666004231
 0.9232612805251912
 0.9261999110667678
 0.9277801950061291
 0.9293070200564295
 0.8778397047363268
 0.8813460865709309
 0.8869979610414597
 0.8836240006873681
 0.8878920892151236
 0.8923666629091264
 0
 0
 0.3333333333333333
 1
 0
 0.8333333333333334
 1
 1
 1
 1
 1
 1
 1
 1
 1
 1
 1
 1
 1
 1
 1
 1
 1
 1
 0
 1
 1
 1
 1
 1
 0
 0
 0.3588979286057696
 0.776317916419086
 0.5289550836062884
 0.747086004864177
 0.7941183246871236
 0.7962796669594097
 0.9004179394867478
 0.8929355912623888
 0.9435635060460816
 0.9071082992934336
 0.9869259770058787
 0.9419723394637871
 0.9930991803353264
 0.9109691753053588
 0.9973582750020554
 0.9349469676162818
 0.9471469364029378
 0.8778863356793759
 0.908603325587947
 0.9810321595556868
 0.9830177665624011
 0.988507554721368
 0.831227237802364
 0.9131247638042719
 0.8843634573597462
 0.8946513065233254
 0.9139829036650914
 0.9288940434107698
 0
 0
 0.3678794411714423
 0.8617212880929118
 0.7053466029729053
 0.8276085993625943
 0.8272651901491652
 0.7967997442080341
 0.825985677769651
 0.8427732146635016
 0.8655315267688329
 0.858700472203766
 0.8785083856076475
 0.989690244914009
 0.8966287067070361
 0.908668263671402
 0.9184615447855076
 0.9341416249439047
 0.9059831202189323
 0.9059664039849941
 0.9080640365324024
 0.9499638302898596
 0.9594911000749229
 0.9382084718230379
 0.8623868064742839
 0.9110926130337883
 0.8893190663540612
 0.8809139220788406
 0.9077276780489238
 0.9203879490232213
 0
 0
 0.5247539975385659
 0.607725772469733
 0.6098842821516927
 0.704441039051825
 0.7886080007067329
 0.8241300108526819
 0.8536005706001025
 0.8619908231505778
 0.8857379463123684
 0.87087401184044
 0.8924385836616472
 0.9254378399412915
 0.9363789574380903
 0.9521773752415081
 0.9601645954431521
 0.9651022905408132
 0.9590914080834108
 0.9310541089426091
 0.933178480852429
 0.9365332113263316
 0.9362866493687776
 0.9397763621306641
 0.8851895145856089
 0.8876416033475876
 0.8911386952548246
 0.8911484566934532
 0.8975877014645105
 0.8964654204982041
 0
 0
 0.9999084366637896
 0.999999987168794
 0.999999999973552
 0.9999999548603282
 1
 0.9999999999999998
 1
 0.9999999999999993
 0.9999999999999991
 0.9948293633556141
 0.9900006459314279
 0.9840232150469772
 0.9772306034515481
 0.9708201819400349
 0.9763858955645793
 0.9679528813163486
 0.9695873901253713
 0.9612092638317427
 0.9676078832869339
 0.9607232740868888
 0.9597423912813811
 0.957410168636557
 0.9485452746925932
 0.956072165270062
 0.9593958588689708
 0.9454642303241684
 0.9576648929319774
 0.9526446360400559
 0
 0
 0.3858600961482213
 0.8081418331663147
 0.6175398371002163
 0.7120669316864736
 0.7201107232065178
 0.8329117500099352
 0.9528095899647492
 0.8434680490765558
 0.9797977332598462
 0.857767446105976
 0.93639603621495
 0.9358753001583996
 0.9928099519645524
 0.9436331969903966
 0.9701733851275737
 0.9958692098600596
 0.9749580617750556
 0.9156157256619133
 0.975925098305762
 0.9291130990297123
 0.9320872040064756
 0.9465791185857428
 0.8767698503712786
 0.8816659505421391
 0.8886078909000754
 0.8834367874832498
 0.8885414999576005
 0.8900211853482949
 0
 0
 0.3678794411714423
 0.8743739137811209
 0.7371635839091194
 0.8549288059460327
 0.8028220830555635
 0.7635824357552845
 0.7939628713402607
 0.8647477058780334
 0.8227145181111157
 0.8245340465862767
 0.8446047202274657
 0.8609479116250194
 0.8764148096182072
 0.9086806195169221
 0.9195630186186343
 0.9076871134424145
 0.9246023099133301
 0.9472825414804775
 0.9026838272857127
 0.9879363633300935
 0.9225520407486248
 0.9790319807950828
 0.8931593832582516
 0.8894742664712258
 0.8946925297463222
 0.8894906103052008
 0.8930202365821363
 0.8878931637394413
 0
 0
 0
 0
 0
 0
 0
 0
 0
 0
 0
 0
 0
 0
 0
 0
 0
 0
 0
 0
 0
 0
 0
 0
 0
 0
 0
 0
 0
 0
 0
 0
 0
 0
 0
 0
 0
 0
 0
 0
 0
 0
 0
 0
 0
 0
 0
 0
 0
 0
 0
 0
 0
 0
 0
 0
 0
 0
 0
 0
 0
 0
 0
 0
 0
 0
 0
 0
 0
 0
 0
 0
 0
 0
 0
 0
 0
 0
 0
 0
 0
 0
 0
 0
 0
 0
 0
 0
 0
 0
 0
 0
 0
 0
 0
 0
 0
 0
 0
 0
 0
 0
 0
 0
 0
 0
 0
 0
 0
 0
 0
 0
 0
 0
 0
 0
 0
 0
 0
 0
 0
 0
 0
 0
 0
 0
 0
 0
 0
 0
 0
 0
 0
 0
 0
 0
 0
 0
 0
 0
 0
 0
 0
 0
 0
 0
 0
 0
 0
 0
 0
 0
 0.9999649114770146
 0.9999999428501206
 0.9999999978503792
 0.9999999999997274
 0.9999999878211887
 0.9999991852380966
 0.9990463828084383
 0.9999999530221386
 0.9999705412134754
 0.9992730234664238
 0.9907304053848105
 0.9886145020228777
 0.9792326613276525
 0.9766389032464142
 0.9793088537688506
 0.9619508240177992
 0.9611242115335092
 0.9665565839450384
 0.9629642162895421
 0.9639718260747127
 0.9562520682869117
 0.9507919714731666
 0.9514519048864658
 0.9547135223005665
 0.9507240132537292
 0.9515643653466732
 0.9410616219654312
 0.953326144437164
 0
 0
 0
 0
 0
 0
 0
 0
 0
 0
 0
 0
 0
 0
 0
 0
 0
 0
 0
 0
 0
 0
 0
 0
 0
 0
 0
 0
 0
 0
 0
 0
 0
 0
 0
 0
 0
 0
 0
 0
 0
 0
 0
 0
 0
 0
 0
 0
 0
 0
 0
 0
 0
 0
 0
 0
 0
 0
 0
 0


