# Created by Octave 3.8.2, Fri Nov 20 22:28:23 2015 CET <dkottke@snake6>
# name: mus
# type: matrix
# ndims: 3
 1 30 19
 0
 0
 0.9468599033816425
 0.9519230769230769
 0.9707317073170731
 0.9705882352941176
 0.9655172413793104
 0.9711538461538461
 0.9806763285024155
 0.9600000000000002
 0.8995215311004783
 0.9509803921568626
 0.9759615384615384
 0.9744897959183675
 0.9794871794871796
 0.9759615384615384
 0.9803921568627452
 0.9772727272727273
 0.9808612440191389
 0.99
 0.9894179894179894
 0.994949494949495
 0.9951690821256037
 0.9947916666666667
 1
 1
 0.9947089947089947
 0.9948979591836735
 0.9950738916256158
 1
 0
 0
 0.3333333333333333
 0.75
 0
 0.3
 0.7
 0.8
 0.8
 0.8
 0.6333333333333333
 0.7
 0.7666666666666666
 0.5666666666666667
 0.6
 0.5999999999999999
 0.7666666666666666
 0.7666666666666666
 0.7333333333333333
 0.65
 0.6599999999999999
 0.7
 0.72
 0.72
 0.6799999999999999
 0.6866666666666668
 0.7866666666666667
 0.7466666666666667
 0.72
 0.7666666666666667
 0
 0
 0.5947945135714374
 0.7892931470571475
 0.645238461881932
 0.6280016552104515
 0.6229572405863725
 0.6356370150569195
 0.4795169307794729
 0.6789685112629477
 0.6789415601719662
 0.6540958269208805
 0.6028889038578406
 0.6998190387229704
 0.4094727412994751
 0.6236125255534468
 0.5803598026735275
 0.7113099155952449
 0.728948588308634
 0.5978469215061686
 0.6510659102652
 0.6829276595111879
 0.6603556785315841
 0.6203913025536087
 0.7047257049470164
 0.6204287542540982
 0.6143430005886615
 0.720814462941924
 0.7179132823974406
 0.7463535718028451
 0
 0
 0.5014797344035276
 0.780825738215548
 0.2146094275994564
 0.4313183090960309
 0.5823495034576174
 0.6021553437800301
 0.666549134096458
 0.6759535883051864
 0.5186021456159642
 0.5225878922903183
 0.5609527619607829
 0.6425142147262703
 0.5749471644740735
 0.635879649423409
 0.5652049771312397
 0.6605483801575336
 0.663614586153353
 0.6455587919821071
 0.6589127736663364
 0.607409385878349
 0.6298442971646776
 0.6484050890994942
 0.6188602292078358
 0.6359205465204283
 0.6457649283905543
 0.6940226583747365
 0.7093579171771428
 0.724762415331748
 0
 0
 0.3333333333333333
 0.5
 0
 0
 0.7142857142857143
 0.375
 0.7777777777777778
 0.5
 0.4545454545454545
 0.3333333333333333
 0.6153846153846154
 0.4444444444444444
 1
 0.6666666666666666
 0
 1
 0
 1
 0
 1
 0
 1
 0
 1
 0
 0
 0
 1
 0
 0
 0.4446362609384086
 0.5207153621639535
 0.1689552449078096
 0.2373591721072984
 0.6535248779249676
 0.5287739706160184
 0.7059730333576355
 0.5669144544755652
 0.4839729440902213
 0.4549761434705154
 0.5988577843076025
 0.5498682034647051
 0.6712754096528636
 0.6433577274517055
 0.4640892315461104
 0.7222387855238521
 0.4694916101067171
 0.653951898682401
 0.5570923765708531
 0.7060330904681983
 0.5660047302991866
 0.7454354157847611
 0.5791597178906763
 0.5558762626542335
 0.5848742465682764
 0.6061046107071155
 0.6810105500017825
 0.8503164936393534
 0
 0
 0.7892931470571475
 0.5640501334947228
 0.6566351119530298
 0.7723144786300964
 0.5837459044397328
 0.6508685616657288
 0.7315672167718225
 0.6685810972880948
 0.6179103811454201
 0.645818035689099
 0.7017438252619698
 0.6860594707142302
 0.7036234643025944
 0.6427615015952628
 0.6869266336292156
 0.7037790702601341
 0.6895782038294472
 0.7045734232189419
 0.7059184793702895
 0.6724465283776655
 0.6738592563406163
 0.6865954445713754
 0.7034195537560131
 0.694744077938573
 0.7065385183346115
 0.7123308785698462
 0.7238899530530023
 0.7464503030423804
 0
 0
 0.5219727619557391
 0.7015399047824378
 0.345225748189055
 0.4808221923715837
 0.5735377671363845
 0.5794441052829783
 0.5930979395743766
 0.6210316651127809
 0.5318471405141412
 0.5251763285327224
 0.5358379833890288
 0.5723361503501937
 0.5234932473167944
 0.5625673102701475
 0.541902735847723
 0.5725078798007722
 0.5903938435874905
 0.5819921997245396
 0.5904857006594764
 0.5640959622463154
 0.5771965765130701
 0.597408708675729
 0.5663817126367446
 0.5744031635270903
 0.5827751234802452
 0.6306471244572526
 0.6241609866877595
 0.654271396683744
 0
 0
 0.9450781876243199
 0.9168613618795025
 0.9543256637143867
 0.9380990896574937
 0.938482956455321
 0.9247564455528575
 0.9090169323915875
 0.9373518459204641
 0.9078367776887128
 0.920635074004669
 0.9103675789280441
 0.935413214102727
 0.9154990163575225
 0.9092225870822559
 0.9047408236157587
 0.9067195824507265
 0.9031496780927633
 0.9088717657158503
 0.9032956925081363
 0.8903953007479718
 0.908691608302564
 0.9087454611359406
 0.9070223616034493
 0.9025664802261634
 0.8968884499789178
 0.9104583770669156
 0.91480077106007
 0.9015146458788574
 0
 0
 0.4735694386676855
 0.5278812297009665
 0.2987303990551705
 0.3562992666475677
 0.5174651808586641
 0.5300525525571433
 0.5253330306369158
 0.5638304589459666
 0.5376131467384432
 0.5333961863013162
 0.5309156140810365
 0.5471766994812672
 0.5142081624320698
 0.59799951848258
 0.5491864276439553
 0.6627669867797794
 0.5764835519477836
 0.6696805002485339
 0.5786283180353421
 0.608679055511036
 0.5681789496816828
 0.6357796687500618
 0.6033941995163412
 0.5254006991461573
 0.5813367780971402
 0.6867056056893854
 0.6889413934355748
 0.7127647366733043
 0
 0
 0.7892931470571475
 0.5796332828168194
 0.6198608826945198
 0.752999976799624
 0.5760128715647751
 0.6454748737326167
 0.6997432086571953
 0.6459480337451544
 0.6631094455257487
 0.7051728607068782
 0.7214570333260427
 0.6412251378073287
 0.6822622580707987
 0.5343168867451471
 0.6905606401172185
 0.3911157641552158
 0.6600869324471783
 0.6777649058598979
 0.6712960469121803
 0.3958205204818182
 0.6700180088625466
 0.6830489669323947
 0.6912097453391645
 0.6835595959235115
 0.4093536500970963
 0.7055083072452153
 0.7372729012809368
 0.718960838075794
 0
 0
 0
 0
 0
 0
 0
 0
 0
 0
 0
 0
 0
 0
 0
 0
 0
 0
 0
 0
 0
 0
 0
 0
 0
 0
 0
 0
 0
 0
 0
 0
 0
 0
 0
 0
 0
 0
 0
 0
 0
 0
 0
 0
 0
 0
 0
 0
 0
 0
 0
 0
 0
 0
 0
 0
 0
 0
 0
 0
 0
 0
 0
 0
 0
 0
 0
 0
 0
 0
 0
 0
 0
 0
 0
 0
 0
 0
 0
 0
 0
 0
 0
 0
 0
 0
 0
 0
 0
 0
 0
 0
 0
 0
 0
 0
 0
 0
 0
 0
 0
 0
 0
 0
 0
 0
 0
 0
 0
 0
 0
 0
 0
 0
 0
 0
 0
 0
 0
 0
 0
 0
 0
 0
 0
 0
 0
 0
 0
 0
 0
 0
 0
 0
 0
 0
 0
 0
 0
 0
 0
 0
 0
 0
 0
 0
 0
 0
 0
 0
 0
 0
 0.9790227672878825
 0.9082107876579882
 0.8954598775284351
 0.9284766700149346
 0.8975214441971063
 0.9249027286360632
 0.9115875236941344
 0.9114277951112034
 0.9225111513711856
 0.9278146385896593
 0.9185444236760446
 0.9262933376365117
 0.9174334457767315
 0.9075419452552637
 0.9151681391543529
 0.912439017641553
 0.9006711572898746
 0.9101101801264815
 0.9006930858414326
 0.9083687168296656
 0.9124727715165131
 0.9114232306260317
 0.9036750298782344
 0.9225369132639845
 0.9028693550417208
 0.8995550674311295
 0.9074890897781039
 0.9108707919430908
 0
 0
 0
 0
 0
 0
 0
 0
 0
 0
 0
 0
 0
 0
 0
 0
 0
 0
 0
 0
 0
 0
 0
 0
 0
 0
 0
 0
 0
 0
 0
 0
 0
 0
 0
 0
 0
 0
 0
 0
 0
 0
 0
 0
 0
 0
 0
 0
 0
 0
 0
 0
 0
 0
 0
 0
 0
 0
 0
 0


