# Created by Octave 3.8.2, Fri Nov 20 23:51:29 2015 CET <dkottke@snake6>
# name: mus
# type: matrix
# ndims: 3
 1 30 19
 0
 0
 0.4937343358395988
 0.6565656565656566
 0.6759493670886075
 0.6805555555555557
 0.6741854636591479
 0.6964285714285714
 0.7089646464646469
 0.671794871794872
 0.6843434343434343
 0.664141414141414
 0.6448717948717951
 0.6613520408163265
 0.7025641025641028
 0.7161458333333334
 0.7831770389315146
 0.7765151515151516
 0.7368421052631577
 0.768421052631579
 0.7844611528822054
 0.7727272727272727
 0.84256891162262
 0.8554687500000001
 0.8480000000000001
 0.8497435897435898
 0.8559403559403558
 0.8380102040816327
 0.8613770038057893
 0.8666666666666669
 0
 0
 1
 0.75
 0.6
 0.8
 1
 0.7
 0.8
 0.8
 0.8
 0.8333333333333333
 0.7333333333333333
 0.6666666666666666
 0.6
 0.6166666666666666
 0.5166666666666667
 0.5333333333333333
 0.5166666666666666
 0.6
 0.5599999999999999
 0.59
 0.58
 0.5399999999999999
 0.5599999999999999
 0.62
 0.6199999999999999
 0.7466666666666667
 0.8266666666666668
 0.7666666666666667
 0
 0
 1
 0.7591921680653113
 0.6905243097401854
 0.8365946854728898
 0.837669720436884
 0.7798113386747191
 0.7243970723581687
 0.7807399212343454
 0.6974031543675171
 0.6776209690085654
 0.7581918391599338
 0.6829517327123971
 0.6616257995745296
 0.6515196303983762
 0.6386884289112567
 0.612717758177923
 0.5547739316551916
 0.5831596484731432
 0.6167515553795496
 0.6125985309744022
 0.6018596961582238
 0.5250086085115349
 0.5631133574301628
 0.5615816707626237
 0.6372341437283322
 0.6135424878273811
 0.6308580557069536
 0.5956104570792692
 0
 0
 0.9999999997840366
 0.7452240598434907
 0.4886074063817049
 0.7556779861980704
 0.7586082476322872
 0.6138096730389641
 0.65807623792256
 0.7339166556927579
 0.6594124031769212
 0.7159990729336395
 0.7594426944905579
 0.7041303075768535
 0.6590213200128154
 0.6102427608402556
 0.5695973849002879
 0.6355249940644537
 0.5582969139926692
 0.6258700455108218
 0.5856178413831413
 0.6211574886646449
 0.6150169360714081
 0.5876398698794749
 0.6121375568285177
 0.6149583768816869
 0.6406570438187491
 0.6339737666423684
 0.6558550057391134
 0.6190057785288189
 0
 0
 1
 1
 1
 0.6666666666666666
 1
 0.75
 0.6666666666666666
 0.7
 0.9090909090909091
 0.6666666666666666
 0.9230769230769231
 0.2222222222222222
 0.4
 0.6666666666666666
 1
 1
 1
 0
 1
 1
 1
 1
 0
 1
 1
 1
 1
 1
 0
 0
 0.9999999999966549
 0.965509308438967
 0.9070406974634097
 0.7340060226959587
 0.8978331848377766
 0.7299664631610741
 0.6746007686746204
 0.7513960738176101
 0.7570923083635674
 0.7307954681922681
 0.8158151778089267
 0.6029000446736534
 0.5849903501918516
 0.611704207205825
 0.6819185982734464
 0.7286607168331869
 0.6621023642467487
 0.4288430004104371
 0.6304178307576792
 0.6538815821841568
 0.708045384941262
 0.7031573930665849
 0.5444659253773634
 0.6954398370313685
 0.7262131254799227
 0.6952058665506975
 0.7000812036393618
 0.5969868606180386
 0
 0
 1
 0.8738907441388331
 0.7200579995405597
 0.76384960532477
 0.7522422797186119
 0.7406198388869067
 0.6696312625981553
 0.7326370526888928
 0.7007313212842138
 0.6992665629702194
 0.6926945430566128
 0.7188050109542967
 0.6251588755781271
 0.6695083432760469
 0.6275736753074195
 0.6293222833263138
 0.6497980240649767
 0.6407068570528991
 0.6524209509628416
 0.6641571532068564
 0.6269581235940684
 0.6211417640596842
 0.6555338103283727
 0.6778818668893979
 0.6677671071305905
 0.6479358677124957
 0.6544531776288319
 0.6432134857478797
 0
 0
 0.9999999999851058
 0.759414453146555
 0.4985145161094666
 0.7352169376193083
 0.7419294531649455
 0.6203913131974553
 0.6368445888424046
 0.6369856991141356
 0.6013801275645331
 0.6291619954175696
 0.6946080706883669
 0.6458999560470582
 0.6126399955651752
 0.598149632737013
 0.5379645473611132
 0.5659038626257865
 0.5377339405811128
 0.5701380502623067
 0.5400688884374952
 0.5752720818828001
 0.5575749961031201
 0.5447156465569247
 0.5638661578557822
 0.5669085019380634
 0.5701553844255395
 0.5711962935518543
 0.5696801286559182
 0.5623046221226737
 0
 0
 0.9717503182432008
 0.9278059786202796
 0.9357887552112528
 0.9096970994524501
 0.9064159865598616
 0.9040868716631673
 0.9092655130938733
 0.9274117197130333
 0.9262367140274289
 0.9229192326094703
 0.9339677422308048
 0.9266958019720827
 0.9259572210739477
 0.9033642181650046
 0.9047976525814522
 0.8991820301880329
 0.9141940899287275
 0.9134265990827033
 0.9084028952512514
 0.8931437668012852
 0.9076299855894
 0.9030852886018711
 0.9124820748063069
 0.9152800214966459
 0.8993143758955396
 0.9047262847865255
 0.9010200127928353
 0.9005002435377638
 0
 0
 0.9999999999990555
 0.9718083197974751
 0.7808064872301091
 0.8153092671306642
 0.8499181909923705
 0.6083401732754802
 0.6749380707137291
 0.7045353838813326
 0.6584059128749328
 0.7221442269850873
 0.7942430960783293
 0.6048268529941473
 0.6477138703720899
 0.6205493534755278
 0.5635518420431427
 0.622777242524684
 0.556776939556586
 0.5638709654533626
 0.5452766083703779
 0.5778419144415349
 0.5978059789028651
 0.5475924429222668
 0.5590549812504716
 0.6053463060190732
 0.6350688830152333
 0.6571054147970798
 0.6347861028156767
 0.621444337793455
 0
 0
 1
 0.7770007706782962
 0.7295356462872941
 0.7468908060702468
 0.7503836298473745
 0.7114892218302342
 0.7141166688174483
 0.7409928416955747
 0.714216853141602
 0.7106745582399941
 0.7032232386491862
 0.6953255361339584
 0.615014784634946
 0.6760474803133406
 0.5832203719525394
 0.649899697649442
 0.6658500699598463
 0.6451610408966428
 0.6091440165130295
 0.595692336723456
 0.6145640618055085
 0.6772835693535499
 0.4936939934303708
 0.5383446333101778
 0.6508137420964857
 0.6290635670161525
 0.6067118724901022
 0.6746705813210513
 0
 0
 0
 0
 0
 0
 0
 0
 0
 0
 0
 0
 0
 0
 0
 0
 0
 0
 0
 0
 0
 0
 0
 0
 0
 0
 0
 0
 0
 0
 0
 0
 0
 0
 0
 0
 0
 0
 0
 0
 0
 0
 0
 0
 0
 0
 0
 0
 0
 0
 0
 0
 0
 0
 0
 0
 0
 0
 0
 0
 0
 0
 0
 0
 0
 0
 0
 0
 0
 0
 0
 0
 0
 0
 0
 0
 0
 0
 0
 0
 0
 0
 0
 0
 0
 0
 0
 0
 0
 0
 0
 0
 0
 0
 0
 0
 0
 0
 0
 0
 0
 0
 0
 0
 0
 0
 0
 0
 0
 0
 0
 0
 0
 0
 0
 0
 0
 0
 0
 0
 0
 0
 0
 0
 0
 0
 0
 0
 0
 0
 0
 0
 0
 0
 0
 0
 0
 0
 0
 0
 0
 0
 0
 0
 0
 0
 0
 0
 0
 0
 0
 0
 0.9195321338097876
 0.9190534770533
 0.9285882931841212
 0.9166990035422238
 0.9059019804745587
 0.9176435005911863
 0.8881779223347891
 0.9100212726691354
 0.922684648627625
 0.9166545589960575
 0.9406260392230563
 0.9317722593097244
 0.90177766286807
 0.9132394255222727
 0.9147286735209442
 0.9121401263826161
 0.9102682012774677
 0.9075728123533395
 0.9039063011441382
 0.9055385939958406
 0.8971992015220694
 0.9014977525423499
 0.9082889529434464
 0.9022740165036108
 0.9052345778319884
 0.8953664846700868
 0.9011208751253407
 0.9109437668163198
 0
 0
 0
 0
 0
 0
 0
 0
 0
 0
 0
 0
 0
 0
 0
 0
 0
 0
 0
 0
 0
 0
 0
 0
 0
 0
 0
 0
 0
 0
 0
 0
 0
 0
 0
 0
 0
 0
 0
 0
 0
 0
 0
 0
 0
 0
 0
 0
 0
 0
 0
 0
 0
 0
 0
 0
 0
 0
 0
 0


