# Created by Octave 3.8.2, Sat Nov 21 01:24:27 2015 CET <dkottke@snake4>
# name: mus
# type: matrix
# ndims: 3
 1 30 19
 0
 0
 0.6190476190476194
 0.6717171717171717
 0.6708860759493671
 0.6704545454545457
 0.629072681704261
 0.6198979591836735
 0.6098484848484852
 0.6230769230769229
 0.6388888888888888
 0.6237373737373737
 0.6258974358974361
 0.5924744897959183
 0.5935897435897435
 0.6380208333333334
 0.6584256891162259
 0.6717171717171717
 0.6842105263157895
 0.6842105263157894
 0.6390977443609023
 0.6856060606060606
 0.6786018755328218
 0.6848958333333334
 0.6746666666666667
 0.6958974358974358
 0.6791726791726791
 0.6785714285714285
 0.6795064006458309
 0.6923076923076924
 0
 0
 0.6666666666666666
 0.25
 0.8
 0.8
 0.7
 0.4
 0.7
 0.8
 0.7
 0.8333333333333333
 0.7333333333333333
 0.7333333333333333
 0.5333333333333333
 0.6166666666666667
 0.5833333333333333
 0.6833333333333333
 0.4666666666666666
 0.7
 0.63
 0.7
 0.68
 0.6799999999999999
 0.7200000000000001
 0.76
 0.8666666666666668
 0.78
 0.7866666666666667
 0.8
 0
 0
 0.7837482298744408
 0.565136920522198
 0.8172440561209953
 0.8440769288222891
 0.7871430771291592
 0.6920008599378809
 0.6742357069085947
 0.6829879616464596
 0.6897777276722611
 0.7368297842297289
 0.6448559210152824
 0.5078777290774212
 0.6811099002718798
 0.5995342130920925
 0.5946948884864248
 0.608894753606581
 0.5715947327631365
 0.590821879513562
 0.6173658974409466
 0.677519656663456
 0.6179097323900009
 0.5420727164650405
 0.5808885940051671
 0.6849019311066052
 0.687912408549971
 0.7674179771038143
 0.6391523473014453
 0.6968195110765958
 0
 0
 0.6731386746252844
 0.3278222193368705
 0.6929271826282524
 0.7399958268604412
 0.621915034841296
 0.6069258128297631
 0.6407084435033764
 0.7017031004358176
 0.6391880786740033
 0.6781776829584358
 0.6497733519877054
 0.5931753357509866
 0.6776997481197706
 0.5998812938695983
 0.5895785590023915
 0.5645229282305043
 0.5784454073448001
 0.5712090675252516
 0.6278064403482573
 0.6012444631480377
 0.6254895817085782
 0.5957642961963326
 0.626580875999766
 0.6323438289893406
 0.6464624854983374
 0.678497335306264
 0.6722865881172194
 0.7074039555974893
 0
 0
 1
 0.25
 0.8
 0.6666666666666666
 0.8571428571428571
 0.5
 0.7777777777777778
 0.7
 0.4545454545454545
 0.8333333333333334
 1
 0.6666666666666666
 0.6
 1
 1
 1
 0
 0
 0
 1
 1
 0
 1
 0
 1
 1
 0
 1
 0
 0
 0.8655133196716958
 0.2491868235405784
 0.8893928543639016
 0.7658847560534554
 0.8048311238882275
 0.5772377414956128
 0.7265241681166794
 0.705108204330964
 0.625513156744113
 0.7554619664707114
 0.756448800343824
 0.6307629532684066
 0.6396410182366625
 0.6886578962686072
 0.6935170833071006
 0.6721578919215947
 0.4446258392287257
 0.5110026347267635
 0.5592554826906251
 0.7440016467888846
 0.653132870979269
 0.5361597837362961
 0.7914260538892903
 0.4599933763009256
 0.7345706709273281
 0.7912081202630235
 0.6138918172370902
 0.6593561822091083
 0
 0
 0.3678794411714423
 0.6495893547490925
 0.7514893581085862
 0.7831097286491462
 0.7928398596278355
 0.7463727575733875
 0.7687496947965304
 0.6964647239905253
 0.7240611373092849
 0.7003640806525321
 0.6923913252997898
 0.6831647040404778
 0.6666339699532441
 0.6432523203960525
 0.6742285558612987
 0.6536982239832791
 0.6608747679917659
 0.6618087540713908
 0.6664254790179305
 0.6766450025168219
 0.6719837455516021
 0.6605131788009218
 0.6753057081646635
 0.6913740956598847
 0.7126918298828994
 0.7009220486403892
 0.7068119211502751
 0.7261269472225342
 0
 0
 0.6470175190462988
 0.3400683959925447
 0.7301376792947317
 0.7499795442337017
 0.6536753376256824
 0.6065843700571428
 0.6019811791236873
 0.6264622380805346
 0.5968981657235322
 0.6418668883802805
 0.6098940936703626
 0.551328601053782
 0.5956466123924921
 0.5673737982107641
 0.5542215150153859
 0.54311592837689
 0.5534164598719944
 0.55065147141869
 0.5619577063360059
 0.566407485578462
 0.5750847649561555
 0.5638979775841463
 0.5672232505044014
 0.5867758861657284
 0.5858467985255987
 0.5992314931643393
 0.6081659354633754
 0.6147648515454021
 0
 0
 0.9937213081437393
 0.9253132722242786
 0.9082712905695906
 0.948949504388708
 0.8904743109544241
 0.9321459603512181
 0.9094574741344289
 0.9284900298482062
 0.9329876100051477
 0.9134236467383813
 0.9217376327833718
 0.9261874793922664
 0.9238194225148421
 0.9111772071512222
 0.916378917598679
 0.9021876986310322
 0.9044352772611681
 0.9041207442756354
 0.904454119013377
 0.9081286671490975
 0.9056540862062713
 0.9017867724930144
 0.8988161355015118
 0.9120509366305812
 0.9061516763225871
 0.9118243073800443
 0.9200062653886458
 0.9026777305953713
 0
 0
 0.800788855148005
 0.2930852452741787
 0.9388646810359181
 0.4798881215129085
 0.6493274675336846
 0.6248285965631791
 0.6087222098173279
 0.6633509444233975
 0.7280382723401571
 0.7220680919514735
 0.6195817932283385
 0.575835810021939
 0.6695803372039671
 0.6013040224788623
 0.5851807089333261
 0.5800933975883412
 0.5310734910261768
 0.5444584208989831
 0.5569353952814305
 0.6402114375710101
 0.5995635170478487
 0.5689643046530775
 0.6436030925024628
 0.7751290964575395
 0.6333035670489802
 0.636844951932475
 0.6603951322956301
 0.6933134026650537
 0
 0
 0.3678794411714423
 0.3286757831025267
 0.7905049926879655
 0.7480891772913891
 0.7720697708473094
 0.6586838746315268
 0.7488560020218349
 0.6670634579744515
 0.6622723950315759
 0.6890500899880136
 0.7151019820706186
 0.7125594704530349
 0.6780363375831455
 0.6502788021173339
 0.6872137575858593
 0.6566723334174526
 0.6640671343014554
 0.6722693245178526
 0.6551729983096277
 0.6668486616073129
 0.5966663726395105
 0.6397566120630053
 0.6664729006715508
 0.6713888419686896
 0.496678767128461
 0.6853496240160668
 0.8084967547178755
 0.6968105720451562
 0
 0
 0
 0
 0
 0
 0
 0
 0
 0
 0
 0
 0
 0
 0
 0
 0
 0
 0
 0
 0
 0
 0
 0
 0
 0
 0
 0
 0
 0
 0
 0
 0
 0
 0
 0
 0
 0
 0
 0
 0
 0
 0
 0
 0
 0
 0
 0
 0
 0
 0
 0
 0
 0
 0
 0
 0
 0
 0
 0
 0
 0
 0
 0
 0
 0
 0
 0
 0
 0
 0
 0
 0
 0
 0
 0
 0
 0
 0
 0
 0
 0
 0
 0
 0
 0
 0
 0
 0
 0
 0
 0
 0
 0
 0
 0
 0
 0
 0
 0
 0
 0
 0
 0
 0
 0
 0
 0
 0
 0
 0
 0
 0
 0
 0
 0
 0
 0
 0
 0
 0
 0
 0
 0
 0
 0
 0
 0
 0
 0
 0
 0
 0
 0
 0
 0
 0
 0
 0
 0
 0
 0
 0
 0
 0
 0
 0
 0
 0
 0
 0
 0
 0.865664832284024
 0.945754366871267
 0.9394612185444774
 0.9442961410943087
 0.9203987510513248
 0.9331936224516544
 0.9119562859572627
 0.9271525300996045
 0.9312873344510267
 0.9316594144869066
 0.9354938977517966
 0.9212570170704154
 0.9194825317981997
 0.917269370115383
 0.9111684258351417
 0.9026171752283095
 0.9058577009705531
 0.9099299455364153
 0.9071475481227752
 0.8932761291467686
 0.9067827778747681
 0.9016568310450807
 0.8973627086296203
 0.9061440940847275
 0.9036796831869099
 0.8954605970869204
 0.9072490025707011
 0.9016973765540256
 0
 0
 0
 0
 0
 0
 0
 0
 0
 0
 0
 0
 0
 0
 0
 0
 0
 0
 0
 0
 0
 0
 0
 0
 0
 0
 0
 0
 0
 0
 0
 0
 0
 0
 0
 0
 0
 0
 0
 0
 0
 0
 0
 0
 0
 0
 0
 0
 0
 0
 0
 0
 0
 0
 0
 0
 0
 0
 0
 0


