# Created by Octave 3.8.2, Fri Nov 20 20:27:25 2015 CET <dkottke@snake2>
# name: mus
# type: matrix
# ndims: 3
 1 30 19
 0
 0
 0.7084028937117427
 0.6620267260579065
 0.6662952646239562
 0.6655518394648829
 0.6581434130072273
 0.6668526785714286
 0.6404243439419319
 0.6324022346368717
 0.5225081666799458
 0.5234899328859058
 0.5338164251207727
 0.5295758928571429
 0.5299719887955182
 0.5396205357142857
 0.5438655462184874
 0.5555555555555558
 0.5863461846104624
 0.5842696629213483
 0.6131092436974791
 0.6035041775782518
 0.6015421776291342
 0.5906531531531531
 0.5853521126760566
 0.5672612411742847
 0.5704264870931539
 0.5742187500000001
 0.5725806451612903
 0.5937853107344634
 0
 0
 0.3333333333333333
 0
 0.6
 0.4
 0.2
 0.5
 0.4
 0.4
 0.5
 0.4333333333333333
 0.5666666666666667
 0.6666666666666666
 0.6666666666666666
 0.5999999999999999
 0.5999999999999999
 0.6166666666666666
 0.5833333333333333
 0.65
 0.72
 0.72
 0.75
 0.66
 0.64
 0.6133333333333333
 0.6333333333333334
 0.6399999999999999
 0.66
 0.7
 0
 0
 0.5542739649285811
 -38.69719417476101
 0.6662656504791283
 -0.1727743180205281
 0.3811473828016076
 0.4260726406513958
 0.4300011693752713
 0.587552198820496
 0.3680636283434302
 0.4956508966759002
 0.5472567150595881
 0.623440959688353
 0.662505729765543
 0.6699012949027243
 0.6788766043427827
 0.709148512837523
 0.6547633010914132
 0.671827611211949
 0.7546816002234936
 0.8162323682288464
 0.7951966583053119
 0.7588043158051607
 0.7807494317498573
 0.7808936256386799
 0.7762104538822584
 0.7209665228655526
 0.7532838676383968
 0.74465886033968
 0
 0
 0.414771036208767
 0.1733334665832689
 0.4785183025921763
 0.409305803013688
 0.3119714482843452
 0.4318277303425314
 0.417831989550941
 0.5029071941271781
 0.4174995267419753
 0.4853679806940834
 0.5487083611358505
 0.586911347920245
 0.6283034648420672
 0.6329232681596891
 0.6558250249084934
 0.632136163413629
 0.6513775529664162
 0.6715016091156989
 0.6941767909295404
 0.6782358973516331
 0.6962891267070442
 0.7119390864588923
 0.721818489766473
 0.6982553814884752
 0.7056517553414152
 0.683876398144003
 0.6918615156059313
 0.6747129432972993
 0
 0
 0.6666666666666666
 0
 0.6
 0.3333333333333333
 0
 0.5
 0.2222222222222222
 0.7
 0.3636363636363636
 0.3333333333333333
 0.6153846153846154
 0.3333333333333333
 0.6
 1
 0
 1
 1
 0
 1
 0
 1
 1
 1
 1
 1
 1
 0
 1
 0
 0
 0.7520592984915575
 0.1666666621796992
 0.5966465523603773
 0.3624484916710554
 0.2761787707335934
 0.4246880818275232
 0.4079255680823904
 0.5228046415634392
 0.3895531053261881
 0.464187235233854
 0.5432812092199762
 0.5614712871697743
 0.6185340643301016
 0.6571528783092531
 0.6020417077023078
 0.6636983872383534
 0.7030212089369898
 0.6139036873368862
 0.6842766865110407
 0.623862583810628
 0.7427150135426145
 0.6968279733007364
 0.7432263737990488
 0.7030234694853827
 0.7266192281999714
 0.6802752584693613
 0.6480656737587366
 0.6682028470792828
 0
 0
 0.3678794411714423
 0.7428043892670164
 0.6765694166828604
 0.5379413860120354
 0.5718290528126231
 0.5617662307300579
 0.5827422854575217
 0.6782015734753727
 0.5850555174159846
 0.5929633545133609
 0.6758846564740234
 0.6898481039947882
 0.6678712921513006
 0.6760638163187253
 0.7449510429586628
 0.6661353685789957
 0.712193351770706
 0.7540871500315436
 0.7828351385924197
 0.7631128514996472
 0.7762486370268046
 0.7916319113509037
 0.7707578555365929
 0.7562792708996042
 0.7165800220236367
 0.7235290327476517
 0.7578738081535151
 0.7713826519244908
 0
 0
 0.4133672223620581
 0.1767563978089289
 0.4016097624617052
 0.4062326803189947
 0.3065034893005119
 0.3884128384979875
 0.4042981379887535
 0.4982906285016553
 0.398634154787151
 0.5000458358287017
 0.5543896345997203
 0.5953021776347278
 0.6271591433056642
 0.6433744974735276
 0.6663804294133028
 0.6328532301747126
 0.6426496512638907
 0.6732896473274088
 0.6861267240930341
 0.6742706994699885
 0.6952468396642099
 0.7226872851200047
 0.7254941968684538
 0.7085087537901397
 0.719345846903071
 0.6830451070577319
 0.7043317846823151
 0.6787607383154975
 0
 0
 0.9998184900113957
 0.9999999390647413
 0.999999999068714
 0.9999999897639709
 0.9999999999916195
 0.9999999999999999
 0.9999999926154612
 1
 0.9999999999999999
 0.9986992547489716
 0.9935636815073882
 0.9914765536304353
 0.9804671576200753
 0.9776296606199579
 0.9711809558698423
 0.9661936956996001
 0.9714113052424349
 0.960990053264708
 0.9615126945438027
 0.9616640201802898
 0.9656324140921392
 0.9502059191696447
 0.9562187051769391
 0.9516016743116432
 0.9540964323131244
 0.9609177158529749
 0.9433711071959865
 0.9586407078656471
 0
 0
 0.7937644729403713
 0.1666650228441989
 0.4500020102020437
 0.3636534298524979
 0.2722450804493491
 0.4154021707923435
 0.3995930663337957
 0.4861577085446833
 0.3903852195031787
 0.4731627245353894
 0.5714990341495283
 0.5777679154871346
 0.6437001207297659
 0.6225787701282721
 0.6370415350664433
 0.67053704283847
 0.6346900468786674
 0.6501427740051207
 0.6619413754766132
 0.6626877671760111
 0.6984898144934053
 0.6970514534232666
 0.7179017296290311
 0.6975475434875545
 0.7297941524002143
 0.6825469501191074
 0.7055670340531174
 0.6745272187761562
 0
 0
 0.3678794411714423
 0.6950212618814952
 0.6707534465106555
 0.5309232862315553
 0.5761238349931281
 0.5606884147144215
 0.5818776177706975
 0.674895057043351
 0.5715352211541073
 0.5966338880276365
 0.6653340962293194
 0.6920261286032318
 0.6905112430120904
 0.728253620060148
 0.7072884750460436
 0.6617444237330581
 0.7370745210188894
 0.7192310813153484
 0.7797988499483385
 0.71867399747532
 0.7446518457112619
 0.7779257283767254
 0.7563987161142269
 0.7559553371752854
 0.765566432034368
 0.7135653963237075
 0.7389191445438287
 0.761240433406319
 0
 0
 0
 0
 0
 0
 0
 0
 0
 0
 0
 0
 0
 0
 0
 0
 0
 0
 0
 0
 0
 0
 0
 0
 0
 0
 0
 0
 0
 0
 0
 0
 0
 0
 0
 0
 0
 0
 0
 0
 0
 0
 0
 0
 0
 0
 0
 0
 0
 0
 0
 0
 0
 0
 0
 0
 0
 0
 0
 0
 0
 0
 0
 0
 0
 0
 0
 0
 0
 0
 0
 0
 0
 0
 0
 0
 0
 0
 0
 0
 0
 0
 0
 0
 0
 0
 0
 0
 0
 0
 0
 0
 0
 0
 0
 0
 0
 0
 0
 0
 0
 0
 0
 0
 0
 0
 0
 0
 0
 0
 0
 0
 0
 0
 0
 0
 0
 0
 0
 0
 0
 0
 0
 0
 0
 0
 0
 0
 0
 0
 0
 0
 0
 0
 0
 0
 0
 0
 0
 0
 0
 0
 0
 0
 0
 0
 0
 0
 0
 0
 0
 0
 0.9999886911397984
 0.9999999848770778
 0.9999999999985285
 0.9999999999993823
 0.9999999999999997
 0.9999999992869127
 0.9999999873163877
 0.9999999887961744
 0.9938120394388013
 0.9999955890158952
 0.9893211928040626
 0.9805435737623336
 0.9880276570421503
 0.9723521964120588
 0.9685304682822384
 0.9733134292010275
 0.9738653029844538
 0.9607600665579902
 0.9655899239702235
 0.9531547936288272
 0.9593501402359325
 0.9545995064754151
 0.95700270330839
 0.9622973600991988
 0.9505875915222158
 0.9592389766896396
 0.9509142497377333
 0.9551250650033892
 0
 0
 0
 0
 0
 0
 0
 0
 0
 0
 0
 0
 0
 0
 0
 0
 0
 0
 0
 0
 0
 0
 0
 0
 0
 0
 0
 0
 0
 0
 0
 0
 0
 0
 0
 0
 0
 0
 0
 0
 0
 0
 0
 0
 0
 0
 0
 0
 0
 0
 0
 0
 0
 0
 0
 0
 0
 0
 0
 0


