# Created by Octave 3.8.2, Fri Nov 20 23:53:51 2015 CET <dkottke@snake10>
# name: mus
# type: matrix
# ndims: 3
 1 30 19
 0
 0
 0.4987468671679198
 0.494949494949495
 0.589873417721519
 0.4747474747474749
 0.6265664160401004
 0.673469387755102
 0.6452020202020203
 0.6358974358974357
 0.6351010101010099
 0.6313131313131313
 0.6338461538461539
 0.6792091836734693
 0.6679487179487177
 0.6640625
 0.6584256891162261
 0.6906565656565655
 0.6441102756892231
 0.6815789473684211
 0.7017543859649122
 0.7323232323232323
 0.7041773231031544
 0.7044270833333333
 0.6880000000000001
 0.7148717948717949
 0.6877104377104377
 0.7053571428571429
 0.6828508822511823
 0.7025641025641025
 0
 0
 1
 1
 0.6
 0.8
 0.6
 0.7
 0.6
 0.7
 0.6333333333333333
 0.7
 0.8666666666666666
 0.8666666666666666
 0.6
 0.6833333333333333
 0.6333333333333333
 0.6166666666666666
 0.6833333333333333
 0.7
 0.6599999999999999
 0.6
 0.6900000000000001
 0.64
 0.6799999999999999
 0.6133333333333333
 0.7
 0.6733333333333332
 0.7266666666666667
 0.7
 0
 0
 1
 1
 0.7140406995775572
 0.7881197987250325
 0.7113316114682919
 0.7534729820568625
 0.7174437462110546
 0.6890824402042046
 0.7274041363488222
 0.7750716614890697
 0.7630451722551232
 0.6172817923272608
 0.7526032206093275
 0.7728824689646471
 0.6923558214999609
 0.6967318022308512
 0.6833898913789793
 0.6753896585164646
 0.6280366660482268
 0.689552548080354
 0.7090302826800476
 0.6896763124392233
 0.6701902578532339
 0.6901139595138985
 0.6632015413878183
 0.6594040667216871
 0.6414366208211704
 0.6541763793816369
 0
 0
 0.9999999999831384
 0.9999999997916134
 0.6265744211883832
 0.6855474385567546
 0.5909980420679707
 0.5928530462009375
 0.5798548887427994
 0.5546196525730848
 0.6072439985153114
 0.6391431731944802
 0.6835110189591357
 0.6729161514382088
 0.7056008900156252
 0.7170306154061423
 0.6473685093704814
 0.6155421263143117
 0.6389160632318941
 0.6230289961645963
 0.6164414012747224
 0.6237307026802218
 0.6425983035110933
 0.6394385380151946
 0.6253677370813289
 0.6188232101859144
 0.6257624870470669
 0.6068435983855875
 0.6124693162917126
 0.5951974901912552
 0
 0
 1
 1
 0.4
 0.8333333333333334
 0.4285714285714285
 0.375
 0.6666666666666666
 0.7
 0.9090909090909091
 0.6666666666666666
 0.9230769230769231
 0.7777777777777778
 1
 0.6666666666666666
 0.5
 1
 1
 1
 1
 1
 0
 1
 0
 1
 0
 1
 1
 0
 0
 0
 0.9999999999503361
 0.9999999998388295
 0.5916675757272764
 0.6517648588272249
 0.5146766621126233
 0.6040989492797678
 0.6435379286420251
 0.5605831117462128
 0.593293313594269
 0.6123960353226101
 0.722192651676041
 0.7000860413040113
 0.6761990067624392
 0.7882383517314445
 0.627030657906688
 0.5961785768106783
 0.6263375205075182
 0.6270899463548513
 0.630539032320664
 0.6000053631040784
 0.6024667933330072
 0.6527287760038398
 0.5664846965302105
 0.6583505498196617
 0.5608507687215423
 0.5863494959701924
 0.6557536196045594
 0.5888238111015658
 0
 0
 1
 0.999999999974087
 0.7286397551935713
 0.7514308076358298
 0.7318055384161316
 0.7453774316235086
 0.6679457762653291
 0.7055775238284809
 0.6623667260224835
 0.7015703717748806
 0.7381755736224259
 0.8486738658994095
 0.7206135154736384
 0.7674345980865797
 0.7553680816970583
 0.7142129803206368
 0.7276834545988617
 0.7290655880570903
 0.7214624710445146
 0.7275514246510052
 0.6923048537944754
 0.7411756287393675
 0.7280499269080415
 0.683038539462635
 0.677778072704603
 0.6938113023022716
 0.6937806693567713
 0.6659286232825783
 0
 0
 0.9999999999785065
 0.9999999999740531
 0.577577070004375
 0.6646449169231546
 0.5779060528805879
 0.6066373010382933
 0.5794424252171666
 0.5439112109661708
 0.5859535520608522
 0.6202495657223451
 0.6661691673782066
 0.6744599578300365
 0.7210615783586994
 0.7134929845844487
 0.6690327656104893
 0.6257680722605476
 0.6633078455321397
 0.6392149006859803
 0.6313193448373747
 0.6404917586081765
 0.6602489447025782
 0.6564974258740968
 0.6404454750452763
 0.6421175843841619
 0.6400183987985453
 0.6177714360367593
 0.619055023287567
 0.5864723277328017
 0
 0
 0.9999169069337649
 0.9999999863005852
 0.9999999957489344
 0.9999999999995851
 1
 1
 1
 0.9999999999826682
 1
 0.9999999999991575
 0.9974136627167129
 0.98531189957703
 0.9725303992920923
 0.9770254633176869
 0.9770980337110711
 0.9710825948429743
 0.9615781056093379
 0.9709592048685199
 0.9631781972205254
 0.9637933586233021
 0.9616457732431442
 0.9637547583818751
 0.9596351657054967
 0.9415328257340395
 0.9464651992205798
 0.9492011286083512
 0.943164042396036
 0.9448741757085343
 0
 0
 0.9999999999543673
 0.9999999999999677
 0.6015065248395739
 0.6344354039452749
 0.5552943169311721
 0.6011430246550372
 0.6356655991824016
 0.5351136953194743
 0.6451689691076433
 0.6381957382716208
 0.6232089382846614
 0.6503855583965925
 0.7877036835209258
 0.6951141449979913
 0.7506437773021379
 0.7152660859996229
 0.6857255559569667
 0.619158193323357
 0.6811631356409807
 0.7055070944514716
 0.6318803589963198
 0.7025946542736129
 0.6225489864925299
 0.6222429939157956
 0.6128471911711652
 0.6028446118065215
 0.6030013716750482
 0.638736278257137
 0
 0
 1
 0.9999999999855075
 0.7338530900281053
 0.7047952468889602
 0.7482673914988845
 0.7314412433936751
 0.6533433045776359
 0.6908532871871426
 0.6620701776954678
 0.645862428217936
 0.7718703843800291
 0.7266820720176139
 0.7860100364788083
 0.7385847295132536
 0.7334696633138421
 0.7037216806321921
 0.719465191902442
 0.6737651945724177
 0.6991292107474423
 0.6900704928254949
 0.6957736899325286
 0.7094760709060294
 0.6854112936410752
 0.6924786060074863
 0.6516145591428439
 0.6830927193301035
 0.6585371003102175
 0.6458680254882594
 0
 0
 0
 0
 0
 0
 0
 0
 0
 0
 0
 0
 0
 0
 0
 0
 0
 0
 0
 0
 0
 0
 0
 0
 0
 0
 0
 0
 0
 0
 0
 0
 0
 0
 0
 0
 0
 0
 0
 0
 0
 0
 0
 0
 0
 0
 0
 0
 0
 0
 0
 0
 0
 0
 0
 0
 0
 0
 0
 0
 0
 0
 0
 0
 0
 0
 0
 0
 0
 0
 0
 0
 0
 0
 0
 0
 0
 0
 0
 0
 0
 0
 0
 0
 0
 0
 0
 0
 0
 0
 0
 0
 0
 0
 0
 0
 0
 0
 0
 0
 0
 0
 0
 0
 0
 0
 0
 0
 0
 0
 0
 0
 0
 0
 0
 0
 0
 0
 0
 0
 0
 0
 0
 0
 0
 0
 0
 0
 0
 0
 0
 0
 0
 0
 0
 0
 0
 0
 0
 0
 0
 0
 0
 0
 0
 0
 0
 0
 0
 0
 0
 0
 0.9999931410231615
 0.9999999899866164
 0.9999999999797577
 0.9999999999999949
 0.9999999969646501
 0.9999999988979886
 0.9987644220465756
 0.999999994471414
 0.9999998299424843
 0.9999984628475512
 0.9991172224450611
 0.9863001906682503
 0.981177040257001
 0.9723038878714082
 0.9710715157730154
 0.9778144374815971
 0.965117414040993
 0.9689750624590839
 0.9611697541405885
 0.9578894976244414
 0.9608114129304252
 0.9638142023631514
 0.9599235180972332
 0.9510433265935169
 0.9523126962856168
 0.9562460076227844
 0.9488704835700541
 0.9563825166515617
 0
 0
 0
 0
 0
 0
 0
 0
 0
 0
 0
 0
 0
 0
 0
 0
 0
 0
 0
 0
 0
 0
 0
 0
 0
 0
 0
 0
 0
 0
 0
 0
 0
 0
 0
 0
 0
 0
 0
 0
 0
 0
 0
 0
 0
 0
 0
 0
 0
 0
 0
 0
 0
 0
 0
 0
 0
 0
 0
 0


