# Created by Octave 3.8.2, Fri Nov 20 20:19:36 2015 CET <dkottke@snake10>
# name: mus
# type: matrix
# ndims: 3
 1 30 19
 0
 0
 0.5364496382860322
 0.566815144766147
 0.6239554317548751
 0.6204013377926422
 0.6108949416342414
 0.6049107142857143
 0.6711334450027913
 0.5709497206703913
 0.5768464664170183
 0.5290827740492168
 0.5292642140468229
 0.5637555803571429
 0.5669467787114845
 0.5446428571428571
 0.5490569561157794
 0.5785634118967454
 0.5749480083186689
 0.5764044943820223
 0.5667226890756304
 0.5816810076069334
 0.563266443701226
 0.5664414414414415
 0.5639436619718313
 0.5490523968784838
 0.5852974186307519
 0.5853794642857144
 0.5923248053392657
 0.5870056497175143
 0
 0
 0.3333333333333333
 0.75
 0.6
 0.4
 0.8
 0.8
 0.6
 0.6
 0.4666666666666666
 0.5666666666666667
 0.5333333333333333
 0.4666666666666666
 0.4666666666666666
 0.7
 0.6833333333333333
 0.7166666666666666
 0.85
 0.75
 0.5700000000000001
 0.5900000000000001
 0.5599999999999999
 0.5900000000000001
 0.52
 0.6533333333333333
 0.6666666666666667
 0.6399999999999999
 0.58
 0.5666666666666667
 0
 0
 0.6312630073500081
 0.7892931470571475
 0.6368669130133817
 0.735008382262724
 0.7956841393340857
 0.7877880981075556
 0.7098599355125317
 0.4910722080385983
 0.6279505017597957
 0.5961816821424336
 0.7644598393888827
 0.621646903327109
 0.7152447387372307
 0.6847742363709381
 0.6329320966781695
 0.673676645863024
 0.7119579852215632
 0.7124713979208921
 0.6421249460623042
 0.5532501182530098
 0.6082346410965003
 0.5872317474167335
 0.5805776625595198
 0.5844301475061038
 0.6187794161766033
 0.6084310896912117
 0.6165501458385012
 0.6131898800219747
 0
 0
 0.5277902765551308
 0.6612222232078122
 0.7275075526892492
 0.7546421712615747
 0.7830966115290873
 0.8575471728024029
 0.8618055768109968
 0.5575482031235339
 0.5503603075188606
 0.5599572029060116
 0.6361505278903856
 0.651731008233628
 0.6082641555716208
 0.7470204528539434
 0.7710107488417862
 0.7970738579052167
 0.8009822175029012
 0.8278058036797931
 0.6640218031355115
 0.6171831497731443
 0.6676829929699029
 0.6299616313060151
 0.6833644660476216
 0.6805946891991415
 0.6588998218274452
 0.6805201035024884
 0.6684300303528654
 0.6447329312986838
 0
 0
 0.3333333333333333
 0.5
 0.6
 0.5
 0.5714285714285714
 1
 0.4444444444444444
 0.4
 0.2727272727272727
 0.75
 0.9230769230769231
 0.4444444444444444
 0.4
 0.6666666666666666
 1
 1
 1
 1
 0
 0
 1
 0
 1
 1
 1
 0
 0
 1
 0
 0
 0.3333333333382463
 0.6111111115659169
 0.7749999833305501
 0.6333335119076438
 0.575000524975536
 1.076786558369892
 0.5947433594496649
 0.4565483510527228
 0.4444481869315773
 0.7549477455079894
 0.8131889412760551
 0.514227528094729
 0.4905904673923512
 0.7129087965368873
 0.894077814299737
 0.8160976892494014
 0.922305920606416
 1.00905176724395
 0.4812342856481481
 0.42362814833433
 0.7784885728240658
 0.4166845509715942
 0.7054066165949381
 0.7868787572480218
 0.6875022361254847
 0.4791974005032096
 0.4583443445350249
 0.8218880147957988
 0
 0
 0.3678794411714423
 0.7951419978777421
 0.6920057869173599
 0.7620194734206072
 0.7044767426219828
 0.8284316687747962
 0.7535278595901446
 0.6364052626973395
 0.7947963814691084
 0.6475424840535462
 0.7653167644946194
 0.8447650305870736
 0.6636809714706287
 0.7097851109715736
 0.7444364866020829
 0.7369300964825009
 0.7610361802538871
 0.7402185620164525
 0.6611331356298862
 0.6627165275191236
 0.633815647436905
 0.6002322663668168
 0.6054253432724057
 0.664215954110382
 0.6254214762217543
 0.6219790083332107
 0.6182959558881362
 0.6319300538185859
 0
 0
 0.5277902765769784
 0.6653473695083264
 0.6996880851470708
 0.7162831223210379
 0.7396713039718187
 0.7949248284303669
 0.7774103821451139
 0.5689536066354336
 0.6004165909839846
 0.6080392031308816
 0.6625933418291591
 0.6132343218617745
 0.6374205316420858
 0.6782123255580872
 0.7294053237334358
 0.7399104998730358
 0.7644682198938216
 0.8079714469209537
 0.6651949007200055
 0.6349476302492417
 0.6429422177378593
 0.6126864393470962
 0.6430066460531336
 0.681042552235591
 0.6376197517723875
 0.6446411088133163
 0.6453841758211915
 0.6111257333777049
 0
 0
 1
 1
 1
 1
 1
 1
 1
 1
 1
 1
 1
 1
 1
 1
 1
 1
 1
 1
 1
 1
 1
 1
 1
 1
 1
 1
 1
 1
 0
 0
 0.3333333333779627
 0.6274510647604935
 0.9123076419594853
 0.876338515739026
 0.602778198181952
 0.9174099742493158
 0.7056651138489328
 0.5925977484784741
 0.5282414487089795
 0.577219518022525
 0.5857268575503863
 0.5494057267678705
 0.5491229069279697
 0.793011671848981
 0.6548671860142372
 0.731793377832014
 0.7228128953488718
 0.912215764173794
 0.6021097856288445
 0.6509161587939893
 0.7173352336831283
 0.6061902523913355
 0.6761053646984255
 0.6665912807465323
 0.7448810704807435
 0.7478385670302747
 0.4962884385543429
 0.5893201095748191
 0
 0
 0.3678794411714423
 0.7786502595106074
 0.662329822028721
 0.7264896933644742
 0.7080077735292072
 0.8195635402551174
 0.709201433215065
 0.6828651896345074
 0.8700540097141777
 0.6623133253517793
 0.9662126869636312
 0.7185997072023607
 0.6975635139270786
 0.9128807693496891
 0.7287742016506572
 0.7407013641673352
 0.795348998083316
 0.7903507026372906
 0.6554696842670955
 0.5781035265882329
 0.6586193105669114
 0.62488197040767
 0.6013423085194163
 0.62361894796761
 0.6315726310162195
 0.637738642033698
 0.6624436934380311
 0.628987338902438
 0
 0
 0
 0
 0
 0
 0
 0
 0
 0
 0
 0
 0
 0
 0
 0
 0
 0
 0
 0
 0
 0
 0
 0
 0
 0
 0
 0
 0
 0
 0
 0
 0
 0
 0
 0
 0
 0
 0
 0
 0
 0
 0
 0
 0
 0
 0
 0
 0
 0
 0
 0
 0
 0
 0
 0
 0
 0
 0
 0
 0
 0
 0
 0
 0
 0
 0
 0
 0
 0
 0
 0
 0
 0
 0
 0
 0
 0
 0
 0
 0
 0
 0
 0
 0
 0
 0
 0
 0
 0
 0
 0
 0
 0
 0
 0
 0
 0
 0
 0
 0
 0
 0
 0
 0
 0
 0
 0
 0
 0
 0
 0
 0
 0
 0
 0
 0
 0
 0
 0
 0
 0
 0
 0
 0
 0
 0
 0
 0
 0
 0
 0
 0
 0
 0
 0
 0
 0
 0
 0
 0
 0
 0
 0
 0
 0
 0
 0
 0
 0
 0
 0
 1
 1
 1
 1
 1
 1
 1
 1
 1
 1
 1
 1
 1
 1
 1
 1
 1
 1
 1
 1
 1
 1
 1
 1
 1
 1
 1
 1
 0
 0
 0
 0
 0
 0
 0
 0
 0
 0
 0
 0
 0
 0
 0
 0
 0
 0
 0
 0
 0
 0
 0
 0
 0
 0
 0
 0
 0
 0
 0
 0
 0
 0
 0
 0
 0
 0
 0
 0
 0
 0
 0
 0
 0
 0
 0
 0
 0
 0
 0
 0
 0
 0
 0
 0
 0
 0
 0
 0


