# Created by Octave 3.8.2, Fri Nov 20 20:32:09 2015 CET <dkottke@snake6>
# name: mus
# type: matrix
# ndims: 3
 1 30 19
 0
 0
 0.5987757373400119
 0.6670378619153675
 0.7342618384401127
 0.5596432552954296
 0.6170094496942744
 0.6640625
 0.6314907872696817
 0.6614525139664806
 0.6377181101107486
 0.6644295302013423
 0.6949089557785206
 0.6722935267857141
 0.6621848739495799
 0.6813616071428571
 0.6727170868347339
 0.6778900112233446
 0.6932890737481999
 0.6797752808988763
 0.6882913165266105
 0.6663549070956478
 0.6767930137495356
 0.6677927927927926
 0.6805633802816902
 0.6960237829803047
 0.7309203142536475
 0.7287946428571433
 0.7335928809788658
 0.7288135593220338
 0
 0
 0.3333333333333333
 0.75
 0.6
 0.1
 0.5
 0.4
 0.4
 0.6
 0.5666666666666667
 0.6
 0.5999999999999999
 0.6666666666666666
 0.7999999999999999
 0.6833333333333332
 0.7666666666666666
 0.6
 0.6166666666666666
 0.6
 0.5599999999999999
 0.51
 0.65
 0.7000000000000001
 0.8
 0.8066666666666666
 0.6799999999999999
 0.6333333333333333
 0.6266666666666667
 0.5666666666666667
 0
 0
 0.6028986233000087
 0.7935072841160045
 0.6367021889692893
 0.5304422322279827
 0.5357074029086075
 0.7239740226448632
 0.6547918473513543
 0.6814062726206151
 0.7526960328833929
 0.8133739302506163
 0.5419126860332046
 0.7231145246922539
 0.7306608576404703
 0.6361803672129175
 0.765796207365218
 0.7869001192272965
 0.6703248880317084
 0.6278156128568577
 0.6965336180884611
 0.6734078887835943
 0.7288799992289315
 0.7857790151871938
 0.7934710301734598
 0.7109467827985725
 0.7324041228538818
 0.7301225719709064
 0.7468135502172226
 0.6945769257692602
 0
 0
 0.3610426185672797
 0.7268601724440312
 0.5907902829243753
 0.4091123674755066
 0.4315378461720244
 0.6206810731515607
 0.6499069557685255
 0.6442352610617224
 0.6792412285497402
 0.6997807068292137
 0.5907602736399445
 0.6501982927278499
 0.674072942378755
 0.6604080946268702
 0.6732041338821362
 0.6517249763480448
 0.6159318051810844
 0.564252333734548
 0.6015479543166063
 0.5972104369579699
 0.6138164280594443
 0.6260259627544678
 0.6614908698153189
 0.6642087347523876
 0.6497820638568508
 0.6639588598274816
 0.6354300487376522
 0.6548860380179885
 0
 0
 0.3333333333333333
 0.75
 1
 0.5
 0.1428571428571428
 0.75
 1
 0.9
 0.6363636363636364
 0.8333333333333334
 0.5384615384615384
 0.6666666666666666
 0.6
 0.6666666666666666
 0.5
 1
 1
 0
 0
 0
 0
 0
 1
 1
 0
 0
 1
 1
 0
 0
 0.372455736678143
 0.7943981528392902
 0.6798637069230891
 0.3690660376198766
 0.4107163554868284
 0.5787727496891687
 0.6860008287066943
 0.6769545145950743
 0.7621537951734862
 0.6498217636229906
 0.5871560951835196
 0.6720885154581939
 0.6404726324722364
 0.6870260560052496
 0.6530131908981087
 0.6477389284347306
 0.6053024902255236
 0.5699631465162364
 0.5419472528668448
 0.5740053483644819
 0.5915790397220162
 0.5828451280461406
 0.5998159363816593
 0.6867220152179229
 0.6283584217196161
 0.6406646496381535
 0.6627568847323335
 0.6414590854298681
 0
 0
 0.3678794411714423
 0.8170381425350111
 0.6077413503491542
 0.5544215942053
 0.6347475357068426
 0.6990040524591016
 0.7116709561938522
 0.7245664107142563
 0.7301735568638106
 0.759542165717732
 0.7290956881740779
 0.738340187171617
 0.7650690310981363
 0.7503039944209814
 0.7380186155410582
 0.7138395051826659
 0.7363582035657594
 0.662481966807098
 0.7323536565972388
 0.6958357792469282
 0.7354020326990307
 0.7187678277782777
 0.7593179718240366
 0.7136907677064974
 0.711781133192141
 0.6728648676352474
 0.7085621648555334
 0.7433319468974019
 0
 0
 0.3610454916253737
 0.6933184390457791
 0.5630785800228886
 0.3927854779171576
 0.4530330092757682
 0.6127711179211897
 0.6120485357623976
 0.6446695336592714
 0.6841057883492047
 0.7001787414600548
 0.605987501290045
 0.655034950315795
 0.681680533605075
 0.6771975665369122
 0.6790276973405484
 0.659263822002317
 0.6312514755603734
 0.5795868167372336
 0.6117311969986577
 0.6165420821451634
 0.629869994980534
 0.6484057156775289
 0.6844212538062695
 0.6677688328067638
 0.6578273031751929
 0.6780594391105162
 0.6510453482831202
 0.6615048414304733
 0
 0
 0.9986900670393736
 0.999999999872388
 1
 0.9999996785932856
 0.9999999999999919
 1
 0.9999999999999997
 0.9999999999999993
 0.9999999999813389
 0.9999427857906412
 0.9961802850267508
 0.9856572183846958
 0.9718083809600641
 0.9794382364525105
 0.9717914665641045
 0.9666345336477074
 0.9707757481566828
 0.9644042801305572
 0.9598476548548526
 0.9592091794768931
 0.9577078526912097
 0.9655286809602994
 0.9470556447045604
 0.9528812094119281
 0.9532105786252657
 0.948489645828764
 0.9459014202362851
 0.9334173784810744
 0
 0
 0.5211004376839408
 0.801510448523949
 0.5306065881010051
 0.3270704414558933
 0.4534343627599172
 0.5730030957005596
 0.6199085243007714
 0.6397644415525225
 0.6985598209182479
 0.7344091693234741
 0.6048668101992483
 0.6373261540244697
 0.6587711311927761
 0.6619556956867995
 0.6576406623909513
 0.6788064205473283
 0.6250485085467006
 0.5770345825308759
 0.6203603693600926
 0.6030079041292313
 0.614509050759342
 0.6363968763334668
 0.6634106989447632
 0.738157073897146
 0.6549796858198792
 0.6608036934673495
 0.6423821431500821
 0.6670915873553718
 0
 0
 0.3678794411714423
 0.8094496450571078
 0.6074215394096716
 0.5495077122759854
 0.6215858658698237
 0.6806740409087437
 0.68881954405032
 0.7230634634474167
 0.7929106570477229
 0.7186948872329739
 0.7123572146315409
 0.714430406982279
 0.7639252989693066
 0.8057384444437536
 0.7060622043739084
 0.7185342988177733
 0.6933951953891992
 0.7327700414761795
 0.7143465995918068
 0.6751832887877495
 0.6658337419719303
 0.6985544088377953
 0.7160274650470675
 0.7137291958841149
 0.7180535876996783
 0.7165059401255242
 0.6740102877734329
 0.689153711475547
 0
 0
 0
 0
 0
 0
 0
 0
 0
 0
 0
 0
 0
 0
 0
 0
 0
 0
 0
 0
 0
 0
 0
 0
 0
 0
 0
 0
 0
 0
 0
 0
 0
 0
 0
 0
 0
 0
 0
 0
 0
 0
 0
 0
 0
 0
 0
 0
 0
 0
 0
 0
 0
 0
 0
 0
 0
 0
 0
 0
 0
 0
 0
 0
 0
 0
 0
 0
 0
 0
 0
 0
 0
 0
 0
 0
 0
 0
 0
 0
 0
 0
 0
 0
 0
 0
 0
 0
 0
 0
 0
 0
 0
 0
 0
 0
 0
 0
 0
 0
 0
 0
 0
 0
 0
 0
 0
 0
 0
 0
 0
 0
 0
 0
 0
 0
 0
 0
 0
 0
 0
 0
 0
 0
 0
 0
 0
 0
 0
 0
 0
 0
 0
 0
 0
 0
 0
 0
 0
 0
 0
 0
 0
 0
 0
 0
 0
 0
 0
 0
 0
 0
 0.9999921045319083
 0.9999999538608987
 0.9999999992524989
 1
 0.999999999451613
 0.9999999761168851
 0.9999999942971458
 0.9999978252825592
 0.9999999643615859
 0.9988117904292816
 0.9952256302594935
 0.9868338466220018
 0.9787883063691813
 0.9784772114539664
 0.9759545415150797
 0.970595227660184
 0.9700327948783025
 0.9656694189677368
 0.9684454089293452
 0.9611221948820299
 0.9597572553472702
 0.9600659082678021
 0.9505449327088482
 0.9583046631200136
 0.9542264804833321
 0.945816874385685
 0.9575864056905442
 0.9466971142477076
 0
 0
 0
 0
 0
 0
 0
 0
 0
 0
 0
 0
 0
 0
 0
 0
 0
 0
 0
 0
 0
 0
 0
 0
 0
 0
 0
 0
 0
 0
 0
 0
 0
 0
 0
 0
 0
 0
 0
 0
 0
 0
 0
 0
 0
 0
 0
 0
 0
 0
 0
 0
 0
 0
 0
 0
 0
 0
 0
 0


