# Created by Octave 3.8.2, Fri Nov 20 21:43:46 2015 CET <dkottke@snake4>
# name: mus
# type: matrix
# ndims: 3
 1 30 19
 0
 0
 0.7239844184752378
 0.7121380846325167
 0.6768802228412267
 0.72742474916388
 0.720956086714843
 0.7154017857142857
 0.7102177554438851
 0.7039106145251395
 0.7012987012987018
 0.6996644295302015
 0.7054998141954663
 0.7049386160714284
 0.7058823529411766
 0.7020089285714286
 0.710065359477124
 0.7008978675645342
 0.7045272756358982
 0.7050561797752809
 0.6943417366946776
 0.685247537099389
 0.7094017094017094
 0.7100225225225227
 0.7087323943661969
 0.7153474544778891
 0.7115600448933781
 0.7187500000000003
 0.7157953281423804
 0.654237288135593
 0
 0
 0.3333333333333333
 0.75
 0.8
 0.6
 0.7
 0.6
 0.6
 0.4
 0.3666666666666666
 0.4333333333333333
 0.5666666666666667
 0.7
 0.5333333333333333
 0.5666666666666667
 0.4666666666666666
 0.5666666666666667
 0.7166666666666666
 0.75
 0.77
 0.77
 0.78
 0.75
 0.8400000000000001
 0.7333333333333333
 0.7
 0.7133333333333334
 0.76
 0.6666666666666667
 0
 0
 0.4559598137238141
 0.6120371796207513
 0.7903681820211416
 0.624776550318469
 0.7483278180873696
 -1.656439513641758
 0.521700351841984
 0.5558339221785198
 0.5464355745586291
 0.6065092805012809
 0.6731197183605826
 0.7104597347965844
 0.6095801945759284
 0.690595644625154
 0.6359868742564267
 0.6907569828154503
 0.7574418583539217
 0.7891129834360435
 0.8131739805094503
 0.7863103840095276
 0.7933337722731847
 0.759094443670845
 0.7524239929750733
 0.6977945947597215
 0.7475848563477524
 0.7370958451189304
 0.7292944130357488
 0.692453504790142
 0
 0
 0.2962708949523128
 0.7199520223789807
 0.7398298959995722
 0.7090753725010945
 0.7055608721057468
 0.6376830222529314
 0.5101357714692396
 0.5856473948610883
 0.584073646346562
 0.6135820243924727
 0.5980986130053895
 0.6658859991548709
 0.5926807495789544
 0.6192379307021532
 0.626048045578434
 0.66979556857669
 0.7337366986126022
 0.7503096528509563
 0.7830482123301197
 0.7975952238412843
 0.7783044821105286
 0.757589500126176
 0.8139715788327845
 0.7430813058369602
 0.7503005476271579
 0.7585766220720681
 0.7760430064216441
 0.6671801964156423
 0
 0
 0.6666666666666666
 1
 0.8
 0.8333333333333334
 1
 0.625
 0.7777777777777778
 0.6
 0.5454545454545454
 0.8333333333333334
 0.4615384615384616
 0.8888888888888888
 0.6
 1
 1
 1
 1
 1
 1
 1
 0
 1
 1
 1
 1
 1
 1
 0
 0
 0
 0.6532796696519694
 0.9741646262526695
 0.8970013387872128
 0.7284031111204683
 0.8751216780243656
 0.5824455924335742
 0.5987174924615554
 0.5759844921475248
 0.5245254308557676
 0.6699869593907807
 0.5413620623237736
 0.7180315053551111
 0.6068223416556262
 0.7368646934763003
 0.6435331573797364
 0.6923017777560945
 0.8362695452207425
 0.7040887506136293
 0.8730460332536335
 0.8519367143087885
 0.7161258161464336
 0.878253127077834
 0.8864742711355027
 0.7239887934657294
 0.7226861801585863
 0.8553677965374096
 0.8245486437569143
 0.6346651754193895
 0
 0
 0.3678794411714423
 0.3745769613491575
 0.5686073961438958
 0.7557124616246946
 0.6874075525611771
 0.5618822510734758
 0.5390527282018025
 0.5932582012535439
 0.6920038489249157
 0.7052734294506645
 0.6878312745997212
 0.7078564757337898
 0.7159875289868083
 0.7592617479125391
 0.7688341151009366
 0.7567689828832195
 0.74956324801177
 0.7290602674471989
 0.784597147322866
 0.7878695772083901
 0.7720880309782326
 0.7294666880247456
 0.7550235209040023
 0.7282971276026019
 0.7412686698977071
 0.7319487369560795
 0.7587311644275486
 0.7195380517100254
 0
 0
 0.2418515889451204
 0.7347566339488065
 0.6334950763409123
 0.6362475901817723
 0.6695886893811482
 0.5855126897018275
 0.4681109812061278
 0.5542118206224115
 0.5475777372871372
 0.5843789566714626
 0.594580367414749
 0.6346674691730273
 0.5748216442507065
 0.6121946922937501
 0.6072914105354748
 0.6325584682013115
 0.6618533763855211
 0.6825836217887433
 0.7036102414182491
 0.7338741589586567
 0.7387657029322623
 0.7078927642377131
 0.736241312665486
 0.6964023655678979
 0.700330594925338
 0.6921460176131173
 0.7262522746986615
 0.6451917484965487
 0
 0
 0.8547208004108321
 0.9166216770748539
 0.9243415144179162
 0.8812023147564871
 0.9492827824196548
 0.9170729246285371
 0.9371524056869692
 0.9248934025869379
 0.9252038510766351
 0.9351649601543252
 0.9317009324908375
 0.9115320722319236
 0.9138160214956944
 0.9131006869067079
 0.9178610948327657
 0.9017748099250668
 0.9111321327202048
 0.9114564543420665
 0.9159361728872729
 0.8989276127696367
 0.9086953500017667
 0.9179464778011509
 0.8997882944572434
 0.9063211778285363
 0.904608020779014
 0.9125695154349079
 0.9101975320448581
 0.8939405911305983
 0
 0
 0.6184645708623479
 0.9825920813280166
 0.8988974999009365
 0.6286496100866639
 0.830648573912089
 0.5209746969753438
 0.4616688236081589
 0.5568217154958146
 0.5171488601321258
 0.3101481130447735
 0.5973931957959432
 0.6541178868045838
 0.6080922441995248
 0.6349553045783912
 0.6196304481230064
 0.6452928222394765
 0.7521776006060543
 0.7508777520980359
 0.8107628897453671
 0.8342147306295772
 0.7422615637093412
 0.777198096523865
 0.7833511236213573
 0.7109676287799097
 0.7303569613419254
 0.7373286476757506
 0.7546997945780262
 0.6606132069049437
 0
 0
 0.3678794411714423
 0.3878071316425258
 0.5800418254447746
 0.6629476617547625
 0.6188030467552754
 0.6126181325544048
 0.5713767076998095
 0.626818280710304
 0.6316584907779943
 0.603560963136364
 0.6770926185819476
 0.7235944425744325
 0.743959493877279
 0.7275323066298035
 0.6939660172188992
 0.7543979156607571
 0.73208861820204
 0.7379346151282871
 0.7849645467977319
 0.7674371598719394
 0.7598145590360733
 0.729968005669463
 0.8301062383663793
 0.7097214816175946
 0.7595714663543607
 0.7439829635772367
 0.7375189690264586
 0.736108244114291
 0
 0
 0
 0
 0
 0
 0
 0
 0
 0
 0
 0
 0
 0
 0
 0
 0
 0
 0
 0
 0
 0
 0
 0
 0
 0
 0
 0
 0
 0
 0
 0
 0
 0
 0
 0
 0
 0
 0
 0
 0
 0
 0
 0
 0
 0
 0
 0
 0
 0
 0
 0
 0
 0
 0
 0
 0
 0
 0
 0
 0
 0
 0
 0
 0
 0
 0
 0
 0
 0
 0
 0
 0
 0
 0
 0
 0
 0
 0
 0
 0
 0
 0
 0
 0
 0
 0
 0
 0
 0
 0
 0
 0
 0
 0
 0
 0
 0
 0
 0
 0
 0
 0
 0
 0
 0
 0
 0
 0
 0
 0
 0
 0
 0
 0
 0
 0
 0
 0
 0
 0
 0
 0
 0
 0
 0
 0
 0
 0
 0
 0
 0
 0
 0
 0
 0
 0
 0
 0
 0
 0
 0
 0
 0
 0
 0
 0
 0
 0
 0
 0
 0
 0.927843405103824
 0.8574415913465675
 0.9455211244233657
 0.9462255828982806
 0.9059335158520581
 0.9292723642866764
 0.9289564152638974
 0.9306215168498031
 0.902635171208796
 0.9312476175215001
 0.9083152030399286
 0.9196283433409288
 0.9290951792555953
 0.9165864957405933
 0.914852783245471
 0.9082899393828036
 0.9140959008860535
 0.9069887585221197
 0.9006981988773215
 0.9074386440440977
 0.9063735362459944
 0.9086712484711321
 0.9067536360294465
 0.9104763044360674
 0.9035877657767633
 0.9083146188035832
 0.9068502149704711
 0.9024499658818684
 0
 0
 0
 0
 0
 0
 0
 0
 0
 0
 0
 0
 0
 0
 0
 0
 0
 0
 0
 0
 0
 0
 0
 0
 0
 0
 0
 0
 0
 0
 0
 0
 0
 0
 0
 0
 0
 0
 0
 0
 0
 0
 0
 0
 0
 0
 0
 0
 0
 0
 0
 0
 0
 0
 0
 0
 0
 0
 0
 0


