# Created by Octave 3.8.2, Fri Nov 20 20:02:07 2015 CET <dkottke@snake5>
# name: mus
# type: matrix
# ndims: 3
 1 30 19
 0
 0
 0.3856427378964948
 0.4782850779510022
 0.623955431754875
 0.6226309921962098
 0.5875486381322959
 0.6143973214285714
 0.614182021217197
 0.5938547486033517
 0.5978009720341011
 0.6045861297539151
 0.5961538461538457
 0.5945870535714285
 0.6016806722689074
 0.6127232142857143
 0.6238655462184872
 0.6083052749719419
 0.6016637338025914
 0.6022471910112359
 0.6032492997198879
 0.6112358149395188
 0.6116685247120032
 0.6120495495495494
 0.6112676056338031
 0.6138981791155705
 0.575757575757576
 0.5739397321428573
 0.5789766407119022
 0.5796610169491527
 0
 0
 0.6666666666666666
 0.75
 0.6
 0.8
 0.3
 0.7
 0.4
 0.5
 0.4333333333333333
 0.4333333333333333
 0.6
 0.6666666666666667
 0.7333333333333333
 0.5
 0.4166666666666666
 0.5166666666666666
 0.5166666666666666
 0.55
 0.5599999999999999
 0.41
 0.4400000000000001
 0.45
 0.4800000000000001
 0.4600000000000001
 0.5533333333333333
 0.5733333333333334
 0.5866666666666667
 0.5666666666666667
 0
 0
 0.7490109545827786
 0.7611988999981004
 0.6254143218473507
 0.719379627149954
 0.7237160142535045
 0.7839179722371767
 0.7136510228580832
 0.751451668675289
 0.6873698342896801
 0.6355558476798562
 0.6289843475729812
 0.6109584420776074
 0.6633740172942422
 0.6752800043891677
 0.5933386733190005
 0.6103465108982344
 0.6281660404431588
 0.5564190597523939
 0.4948298430609764
 0.4914778786414952
 0.4557642044283496
 0.5673824339189253
 0.4970715604911927
 0.5493600516006116
 -0.09517987595358202
 0.6367574164255304
 0.4874341531197068
 0.5893867179911313
 0
 0
 0.8055597218331287
 0.8512031257660987
 0.6900073373754286
 0.7997754761683794
 0.6602356605885347
 0.765626206434513
 0.8070200090214724
 0.8432758880658762
 0.816137757891086
 0.8185794251750002
 0.6948816344969406
 0.6974903850763871
 0.6509033403125536
 0.6080843018449277
 0.6016214363653787
 0.6917370170756286
 0.6639444149955285
 0.6914866076820441
 0.6291894067256725
 0.5868678040740498
 0.5390369937088144
 0.601651959219524
 0.570372661178986
 0.5201422555802921
 0.5437988240514237
 0.5287358406236049
 0.549497987277252
 0.5640836866514184
 0
 0
 0.6666666666666666
 0.5
 0.6
 1
 0.2857142857142857
 0.625
 1
 0.8
 0.7272727272727273
 0.9166666666666666
 0.7692307692307693
 0.5555555555555556
 1
 0.6666666666666666
 0.5
 1
 1
 1
 0
 1
 0
 1
 1
 0
 1
 0
 0
 1
 0
 0
 0.9999999999930976
 0.6111112601382522
 0.6250000314416702
 0.9416668308601738
 0.4541681291005672
 0.6785714320248015
 0.9964123504166289
 0.875000008644345
 0.748863653691379
 0.9302142227460097
 0.762645723779207
 0.6294517628612744
 0.8173805689777918
 0.6511660681902292
 0.5336251955897092
 0.7422515702335231
 0.8368105831248747
 0.9173475896691317
 0.4177093289649983
 0.7317553516793803
 0.147111748680421
 0.8480905792851033
 0.7472532709317556
 0.3958499431684436
 0.7407881134423461
 0.2708407518959777
 0.3333509512490406
 0.6189640132069646
 0
 0
 0.5785862941142949
 0.8544121132096123
 0.5938303561716483
 0.6504802802927617
 0.7326114692116074
 0.8092877632742002
 0.6393099013118707
 0.7720555151621116
 0.7392808859204372
 0.716730387988712
 0.7193736730026673
 0.7712091438913424
 0.7449786498172442
 0.7557573892056813
 0.6555310488712287
 0.6981762202149507
 0.6806997402416892
 0.6435401993139382
 0.6291875810062069
 0.5821166063357026
 0.5848294506515133
 0.6004753005145558
 0.5560579768168757
 0.5461894807312957
 0.6389909912619092
 0.6743344088861538
 0.6743269807580697
 0.6007251075914919
 0
 0
 0.8055597218238371
 0.7442962393594996
 0.5776557439641795
 0.7409958980560843
 0.6543150517758507
 0.7280986086477189
 0.7914820687503422
 0.7793489648116388
 0.7122819322384806
 0.7429060535663442
 0.7303664622309084
 0.689630046953964
 0.6765864551628706
 0.6633403517199165
 0.6195119971546323
 0.6459151923479646
 0.6499931464332506
 0.6405468018456588
 0.6017722991417406
 0.5596608343647757
 0.5245991065150706
 0.5876835272235013
 0.5296335864866821
 0.5111557684255312
 0.5584002205912291
 0.5543660712584966
 0.5478973026512057
 0.5816804713379675
 0
 0
 1
 1
 1
 1
 1
 1
 1
 1
 1
 1
 1
 1
 1
 1
 1
 1
 1
 1
 1
 1
 1
 1
 1
 1
 1
 1
 1
 1
 0
 0
 1.000000000109477
 0.6274514149506708
 0.5469245525242885
 0.5212468475305022
 0.5593752885787996
 0.837171301204601
 0.7975928161615817
 0.8682064088360101
 0.7121616626269239
 0.7956410514401442
 0.7474719249108144
 0.6499889797313215
 0.6441631354436138
 0.6575793263625443
 0.7066986441745311
 0.6020571984541361
 0.6465833492938842
 0.7122838362766388
 0.6834765652815835
 0.5664432775037292
 0.4628557907676802
 0.5708559319718924
 0.6009019918787164
 0.5008293340623788
 0.5917375320182179
 0.293977860487124
 0.4961645755946308
 0.7338445315206669
 0
 0
 0.5785862941142949
 0.8544121141317316
 0.6557661279344994
 0.662706634677636
 0.7837890578564249
 0.8655896690811222
 0.6995227033532364
 0.688817554319233
 0.7184161251563367
 0.6943222401249878
 0.7024896111777599
 0.6432980066080684
 0.808352413333872
 0.6676194465900497
 0.6543519693994277
 0.6261424565087368
 0.6809422850750516
 0.6688987145345041
 0.6835123987347239
 0.6225690962382195
 0.604622580213535
 0.5742437490643261
 0.5959004229994962
 0.656132491777025
 0.697013591682787
 0.6977096584927985
 0.5991350859245101
 0.6165411214835882
 0
 0
 0
 0
 0
 0
 0
 0
 0
 0
 0
 0
 0
 0
 0
 0
 0
 0
 0
 0
 0
 0
 0
 0
 0
 0
 0
 0
 0
 0
 0
 0
 0
 0
 0
 0
 0
 0
 0
 0
 0
 0
 0
 0
 0
 0
 0
 0
 0
 0
 0
 0
 0
 0
 0
 0
 0
 0
 0
 0
 0
 0
 0
 0
 0
 0
 0
 0
 0
 0
 0
 0
 0
 0
 0
 0
 0
 0
 0
 0
 0
 0
 0
 0
 0
 0
 0
 0
 0
 0
 0
 0
 0
 0
 0
 0
 0
 0
 0
 0
 0
 0
 0
 0
 0
 0
 0
 0
 0
 0
 0
 0
 0
 0
 0
 0
 0
 0
 0
 0
 0
 0
 0
 0
 0
 0
 0
 0
 0
 0
 0
 0
 0
 0
 0
 0
 0
 0
 0
 0
 0
 0
 0
 0
 0
 0
 0
 0
 0
 0
 0
 0
 1
 1
 1
 1
 1
 1
 1
 1
 1
 1
 1
 1
 1
 1
 1
 1
 1
 1
 1
 1
 1
 1
 1
 1
 1
 1
 1
 1
 0
 0
 0
 0
 0
 0
 0
 0
 0
 0
 0
 0
 0
 0
 0
 0
 0
 0
 0
 0
 0
 0
 0
 0
 0
 0
 0
 0
 0
 0
 0
 0
 0
 0
 0
 0
 0
 0
 0
 0
 0
 0
 0
 0
 0
 0
 0
 0
 0
 0
 0
 0
 0
 0
 0
 0
 0
 0
 0
 0


