# Created by Octave 3.8.2, Fri Nov 20 22:54:31 2015 CET <dkottke@snake2>
# name: mus
# type: matrix
# ndims: 3
 1 30 19
 0
 0
 0.9130434782608694
 0.3269230769230769
 0.7024390243902443
 0.5539215686274509
 0.7783251231527095
 0.9182692307692307
 0.9420289855072465
 0.925
 0.8851674641148325
 0.9264705882352942
 0.9471153846153847
 0.9438775510204083
 0.9487179487179488
 0.9519230769230769
 0.9509803921568629
 0.9494949494949497
 0.9521531100478469
 0.9600000000000002
 0.9629629629629629
 0.9646464646464649
 0.8904991948470209
 0.9166666666666667
 0.9199999999999999
 0.9230769230769231
 0.9153439153439153
 0.913265306122449
 0.9211822660098522
 0.9111111111111111
 0
 0
 0.3333333333333333
 1
 0.4
 0.8
 0.7
 0.9
 0.9
 1
 1
 1
 1
 1
 1
 1
 1
 1
 1
 1
 1
 1
 0.9199999999999999
 0.9199999999999999
 0.9199999999999999
 0.9199999999999999
 0.9199999999999999
 0.9333333333333333
 0.9333333333333333
 0.9333333333333333
 0
 0
 0.6174007143932414
 0.8827647994793819
 0.7705636490177827
 0.7453958860273864
 0.8029890924984329
 0.8495553069988033
 0.8385985506457749
 0.901500893086657
 0.9338079471969525
 0.9241455329405731
 0.9180654520901638
 0.9565250254062206
 0.946836478414561
 0.9629783673680686
 0.9645076091506849
 0.9804742352855716
 0.9684240730375639
 0.9436860851361066
 0.965418535892773
 0.9453054261792294
 0.9332303439910856
 0.9330020696086869
 0.954567621177979
 0.9536988936667712
 0.950518910609028
 0.9616469962051792
 0.9615444907807071
 0.9680910496781514
 0
 0
 0.7475533979094846
 0.8764381825633297
 0.6392804559020704
 0.6840574720540226
 0.7592237997063186
 0.7318989108186725
 0.7569404171526523
 0.8430841198074499
 0.875892460115981
 0.8937787961332287
 0.8911801730563371
 0.9203433382334869
 0.9223719914790778
 0.9259979188731141
 0.9322070705193701
 0.9369525548492235
 0.937906434800577
 0.9388299180545132
 0.9409959935299259
 0.9441509379172419
 0.8942307728100118
 0.8974324247109262
 0.9131326294047796
 0.9173972269122862
 0.9204772068831442
 0.919822586328172
 0.9263354234141352
 0.9271923595690749
 0
 0
 0.6666666666666666
 1
 0.6
 1
 0.8571428571428571
 1
 0.8888888888888888
 0.7
 1
 1
 1
 1
 1
 1
 1
 1
 1
 1
 1
 1
 1
 1
 1
 1
 1
 1
 1
 1
 0
 0
 0.7822472128077986
 0.8130642012087657
 0.672708227743644
 0.6848063494285761
 0.6882119577660897
 0.8164271282128353
 0.7835074338957274
 0.8265535126235581
 0.946750510457617
 0.847600725553362
 0.9738453377247867
 0.9782413874102962
 0.9859588280415288
 0.9218534226312629
 0.9065938220581649
 0.9166921437473216
 0.9359198161781028
 0.9107343347699731
 0.9557075040729789
 0.9504584407095152
 0.8778116823692523
 0.9045881237045391
 0.9871731019802567
 0.8782680160238522
 0.8940713710201889
 0.9083167105412074
 0.9072722972399054
 0.9346546587623482
 0
 0
 0.3678794411714423
 0.7491776735273908
 0.7265518855714468
 0.8159187011413231
 0.8140062421091318
 0.7876952003266204
 0.8244257625516697
 0.8845536245583207
 0.8632828918642707
 0.8851498117032991
 0.8888993908715945
 0.9103705795956343
 0.8837098312765607
 0.920766101970236
 0.9230017833278669
 0.9270418119762553
 0.941048893946214
 0.9213125860351976
 0.9352041344481362
 0.9210118057039072
 0.8818738690909722
 0.8873147132529465
 0.9290216785231509
 0.9218095185021353
 0.9429066333310814
 0.9257616765837205
 0.9697227990452175
 0.9194266177168892
 0
 0
 0.7462783633131856
 0.8724270262738905
 0.6387241748127661
 0.6366513006242731
 0.7193347265540088
 0.711780299262088
 0.7685197928100013
 0.833648268452736
 0.8678616051895378
 0.9100598872498035
 0.9192023071851632
 0.9280354927928887
 0.942130804461264
 0.9464356227501368
 0.9481675372773013
 0.9564980217593952
 0.9515580955397944
 0.9490664490839958
 0.956869752506697
 0.9541516728824699
 0.9065034986758171
 0.9112043487633733
 0.9263005461709704
 0.9264806840079466
 0.9320396610063173
 0.9341721775256895
 0.9325922201814649
 0.9346591529134362
 0
 0
 0.9993251461509267
 0.9999991444433287
 0.9999999996417337
 0.9999999999680033
 0.9999999999999982
 1
 1
 0.9999999999999997
 0.9999999999999998
 0.999999999800576
 0.998130834353852
 0.9862920055756986
 0.9832305741851379
 0.9683915890456927
 0.9726201026561657
 0.9671854649363935
 0.9666979910046241
 0.9633022983608502
 0.9678320485587857
 0.958942520092486
 0.9608220766870151
 0.9606198325100516
 0.9563137086858243
 0.9516687430752567
 0.9540850700168813
 0.9559367945007431
 0.9531247018634215
 0.9398419921273873
 0
 0
 0.7369955631024347
 0.5433195116286947
 0.721065574134921
 0.6759455874457106
 0.6605874305873298
 0.8675171700902087
 0.7627638834119751
 0.7842053675522678
 0.8540556314687455
 0.9896047809292584
 0.9904747032043664
 0.99166720232804
 0.9248738782473382
 0.9383454012078194
 0.989525568648093
 0.9691234111287549
 0.9525252153666235
 0.9419186080732542
 0.975966338537852
 0.9829643588635887
 0.9055365451826812
 0.9077517389573865
 0.9352991486558971
 0.9365791226855237
 0.9247283260746819
 0.9312571747528401
 0.9326962348018353
 0.9321703073699833
 0
 0
 0.3678794411714423
 0.7265315435648367
 0.7398481586845124
 0.8084594317865678
 0.8290276861011401
 0.7928668997600651
 0.8069748768086883
 0.7843746965968273
 0.8325135443251228
 0.8209882283991217
 0.8665585501786761
 0.8701870356379154
 0.8920874752922138
 0.8728527218448255
 0.8844484443388385
 0.9038640216826394
 0.9419334346769602
 0.9157287316245374
 0.9296034147586955
 0.9289280188389808
 0.9408924500493236
 0.9423014331760298
 0.9449077959190691
 0.9367592887853951
 0.934664592460637
 0.9364148780656195
 0.970068155951033
 0.9446916233780346
 0
 0
 0
 0
 0
 0
 0
 0
 0
 0
 0
 0
 0
 0
 0
 0
 0
 0
 0
 0
 0
 0
 0
 0
 0
 0
 0
 0
 0
 0
 0
 0
 0
 0
 0
 0
 0
 0
 0
 0
 0
 0
 0
 0
 0
 0
 0
 0
 0
 0
 0
 0
 0
 0
 0
 0
 0
 0
 0
 0
 0
 0
 0
 0
 0
 0
 0
 0
 0
 0
 0
 0
 0
 0
 0
 0
 0
 0
 0
 0
 0
 0
 0
 0
 0
 0
 0
 0
 0
 0
 0
 0
 0
 0
 0
 0
 0
 0
 0
 0
 0
 0
 0
 0
 0
 0
 0
 0
 0
 0
 0
 0
 0
 0
 0
 0
 0
 0
 0
 0
 0
 0
 0
 0
 0
 0
 0
 0
 0
 0
 0
 0
 0
 0
 0
 0
 0
 0
 0
 0
 0
 0
 0
 0
 0
 0
 0
 0
 0
 0
 0
 0
 0.9999893431827965
 0.9999999975839606
 0.9999999999999817
 0.999999999999969
 0.9999999910379846
 0.9999999838335982
 0.9962726520328495
 0.999999858662914
 0.9999998487814418
 0.9983083398736555
 0.995926971990979
 0.9810642822732055
 0.981594287445586
 0.9737799851106137
 0.9726816546763644
 0.9679829245028861
 0.9687361759708308
 0.9694335388427304
 0.9620593590235229
 0.9533955618188049
 0.9604938604821552
 0.9630269171289382
 0.9554507458163815
 0.9428449623276421
 0.9512514814032148
 0.9619206822406118
 0.9500949180221004
 0.9436178190990464
 0
 0
 0
 0
 0
 0
 0
 0
 0
 0
 0
 0
 0
 0
 0
 0
 0
 0
 0
 0
 0
 0
 0
 0
 0
 0
 0
 0
 0
 0
 0
 0
 0
 0
 0
 0
 0
 0
 0
 0
 0
 0
 0
 0
 0
 0
 0
 0
 0
 0
 0
 0
 0
 0
 0
 0
 0
 0
 0
 0


