# Created by Octave 3.8.2, Sun Nov 15 20:54:21 2015 CET <dkottke@snake4>
# name: mus
# type: matrix
# ndims: 3
 1 30 19
 0
 0
 0.7239844184752378
 0.7221603563474388
 0.7220055710306419
 0.721850613154961
 0.7354085603112851
 0.7327008928571429
 0.5175879396984923
 0.5268156424581004
 0.5264122380686799
 0.5598434004474274
 0.5235971757710889
 0.521484375
 0.5249299719887957
 0.5245535714285714
 0.5344911297852474
 0.5931537598204266
 0.5799872020476723
 0.6780898876404493
 0.6430252100840337
 0.6464646464646466
 0.6383314752879973
 0.6447072072072073
 0.6478873239436622
 0.6003344481605354
 0.6094276094276094
 0.6138392857142857
 0.6315350389321467
 0.6937853107344634
 0
 0
 0.3333333333333333
 0.75
 0.8
 0.9
 0.9
 0.8
 0.8
 0.7
 0.8333333333333333
 0.8333333333333333
 0.5
 0.6
 0.5333333333333333
 0.45
 0.5833333333333333
 0.55
 0.6166666666666667
 0.6
 0.58
 0.65
 0.65
 0.6599999999999999
 0.6799999999999999
 0.7
 0.6733333333333332
 0.6666666666666667
 0.7133333333333333
 0.7
 0
 0
 0.6353150622142937
 0.8655062640790303
 0.7873575888234289
 0.7828066900256084
 0.8978716784205562
 0.8698152151602887
 0.8729437676754599
 0.9197206890287731
 0.8632183427571786
 0.8162462023851645
 0.7075017905376818
 0.6803006572848758
 0.6996274175009418
 0.6866073382431932
 0.7220519697402682
 0.7162447238812131
 0.6890810471890011
 0.6103269959964958
 0.6347796530322907
 0.6776841560855515
 0.726285921383333
 0.7100315571690348
 0.7534639053477669
 0.7796914010121472
 0.7560094422718561
 0.7995515809844735
 0.8320309925596974
 0.773865123054994
 0
 0
 0.4250731755719853
 0.6876593444714918
 0.7278345390450971
 0.7888483925539362
 0.7806707507200927
 0.794850271579404
 0.8002271848142679
 0.7712876206910111
 0.8078332125158489
 0.7451793787703392
 0.6247265656477934
 0.6231835416443307
 0.6432107704993335
 0.624217383892355
 0.6520038159845737
 0.6574509988493792
 0.6632950794732281
 0.5948528100384249
 0.6078060143305102
 0.6305524381565639
 0.6487198368076271
 0.6596287983246856
 0.6712357649258383
 0.6641848223536485
 0.6833811834641573
 0.7067865465941093
 0.7187942253548382
 0.6794568826285645
 0
 0
 0.3618400906075154
 0.7790486605027211
 0.7134242154682353
 0.7802807676393511
 0.7935581698200381
 0.793696995724677
 0.8077951728795629
 0.7461713279311054
 0.792093896191149
 0.7420147537425142
 0.6150008065877763
 0.6171503372522121
 0.6529865737980319
 0.6363566929505385
 0.6578230002136285
 0.6492400297135861
 0.6639707147321477
 0.591320512266439
 0.6066895966570586
 0.6250030631044807
 0.6447535337124524
 0.6569099918127279
 0.6717213750191304
 0.6640261385372426
 0.6850696081262054
 0.7041957883702286
 0.7231579716355728
 0.6788008352510065
 0
 0
 0.1666535125850708
 0.6954421960207898
 0.7708333336817307
 0.8308456505608435
 0.8676741746266037
 0.8692707834953119
 0.9047404028848599
 0.771180087067445
 0.8462734307075132
 0.7356981334407745
 0.6170208783693484
 0.6047615270642682
 0.6623983589609025
 0.6188386252033646
 0.6725068414931422
 0.5857362428391086
 0.60888941682082
 0.6192184779896929
 0.6213928250306994
 0.6065306376362879
 0.6658557844709899
 0.6745597962721622
 0.6710266623018847
 0.6512102542023306
 0.7151431052475569
 0.699696603208341
 0.7066008665414426
 0.6844162733619896
 0
 0
 0.5785862941142949
 0.9146583917808767
 0.8113287372514955
 0.824786254268096
 0.7846650825929683
 0.8817122117222693
 0.8537202306206758
 0.8169769311950819
 0.8237568118771503
 0.9078984670862611
 0.7751751294137633
 0.7329635882694872
 0.7703927538507254
 0.7547325131913573
 0.7623204950468417
 0.725884484923861
 0.7171674270491118
 0.7000594680174023
 0.683810169857493
 0.7480404660338432
 0.73815250799054
 0.7299644529389915
 0.7494360404647484
 0.7486811445367769
 0.7796802971251229
 0.7867402397096779
 0.759519732527719
 0.7158649025263384
 0
 0
 0.4053718683858646
 0.6799310731363951
 0.7276133001737735
 0.7841586276728021
 0.7670926409341272
 0.81285999599504
 0.8292741845092491
 0.7998802874109515
 0.8243464780693043
 0.7805657772065762
 0.6657866409468022
 0.6512862009462688
 0.6751050755999317
 0.6595668928551431
 0.6766646417986315
 0.6662580316889419
 0.6610832973815449
 0.597067593670779
 0.6266814360330243
 0.6309029699989457
 0.6683236032893071
 0.6741504873434732
 0.6905183632765426
 0.6792944444446578
 0.6980347504200471
 0.7167179594878248
 0.7336021202963745
 0.692604966234621
 0
 0
 0.3642874570506195
 0.7550715309821506
 0.686013493509873
 0.7695273760218085
 0.7791695990875139
 0.8083213182450718
 0.8320681400434784
 0.7760534822850697
 0.8306281968044925
 0.7858434566628528
 0.6577425813284858
 0.662217066553235
 0.6866994684588105
 0.6624963654856615
 0.6768641267569848
 0.6560088622493623
 0.6640758117157803
 0.5888555878032983
 0.6227108434903751
 0.6334255495047512
 0.6581737010924187
 0.6707649479341958
 0.6864164247706898
 0.6803934200230042
 0.6991752800259736
 0.7130016557274184
 0.7321408857007327
 0.6872058757681805
 0
 0
 0.1666652290115846
 0.8330024277507524
 0.7218807539021296
 0.8106182653802718
 0.8361010710262425
 0.7845244018394851
 0.8242125301947563
 0.7546208133891211
 0.8579828022141295
 0.780854607381223
 0.647399845511221
 0.675821979843289
 0.6611005077749692
 0.6679065632897785
 0.6771145348901721
 0.661940722629859
 0.6536794635095398
 0.5925776090511756
 0.6165689925604159
 0.639821440886585
 0.6548766881722556
 0.665883010147533
 0.6777887456952099
 0.6774071425582197
 0.6976758350020491
 0.7101867352014974
 0.7372338856667134
 0.6829280635855802
 0
 0
 0.5785862941142949
 0.9013368913587767
 0.7937388269388934
 0.8248139860474383
 0.7624977571600255
 0.8433797475003139
 0.8359964386109818
 0.8107695463830898
 0.8383607241524496
 0.8206043118135247
 0.7671457585558847
 0.7675985975324053
 0.7619536082254535
 0.7516863727263943
 0.7628305410423396
 0.7422214889214577
 0.6984306745726726
 0.6754118434639794
 0.7009341921929811
 0.7323885625973889
 0.7101113132850237
 0.747926392850002
 0.7715079849263489
 0.7412516931241886
 0.778026436124964
 0.7580079257316211
 0.7579281816602704
 0.7583819866530365
 0
 0
 0
 0
 0
 0
 0
 0
 0
 0
 0
 0
 0
 0
 0
 0
 0
 0
 0
 0
 0
 0
 0
 0
 0
 0
 0
 0
 0
 0
 0
 0
 0
 0
 0
 0
 0
 0
 0
 0
 0
 0
 0
 0
 0
 0
 0
 0
 0
 0
 0
 0
 0
 0
 0
 0
 0
 0
 0
 0
 0
 0
 0
 0
 0
 0
 0
 0
 0
 0
 0
 0
 0
 0
 0
 0
 0
 0
 0
 0
 0
 0
 0
 0
 0
 0
 0
 0
 0
 0
 0
 0
 0
 0
 0
 0
 0
 0
 0
 0
 0
 0
 0
 0
 0
 0
 0
 0
 0
 0
 0
 0
 0
 0
 0
 0
 0
 0
 0
 0
 0
 0
 0
 0
 0
 0
 0
 0
 0
 0
 0
 0
 0
 0
 0
 0
 0
 0
 0
 0
 0
 0
 0
 0
 0
 0
 0
 0
 0
 0
 0
 0
 0.2678229221306476
 0.6753753287945395
 0.6449057247565855
 0.7505874331090898
 0.781329947710977
 0.8051117813069072
 0.832562822599811
 0.771851294601748
 0.8262965369558257
 0.7852600483574814
 0.658008784293669
 0.6649935967447584
 0.6888558682812764
 0.6643877583005264
 0.6755150541533989
 0.6560041062881684
 0.6627054753318872
 0.587792882981676
 0.6292902222210057
 0.6325531971035188
 0.6615867968337442
 0.6721787049728379
 0.6836180019369199
 0.6787850883055997
 0.6977140533148614
 0.70966218757278
 0.7325482936321954
 0.6815303353799447
 0
 0
 0
 0
 0
 0
 0
 0
 0
 0
 0
 0
 0
 0
 0
 0
 0
 0
 0
 0
 0
 0
 0
 0
 0
 0
 0
 0
 0
 0
 0
 0
 0
 0
 0
 0
 0
 0
 0
 0
 0
 0
 0
 0
 0
 0
 0
 0
 0
 0
 0
 0
 0
 0
 0
 0
 0
 0
 0
 0


