# Created by Octave 3.8.2, Sat Nov 21 01:27:30 2015 CET <dkottke@snake7>
# name: mus
# type: matrix
# ndims: 3
 1 30 19
 0
 0
 0.6215538847117797
 0.5101010101010101
 0.508860759493671
 0.5101010101010102
 0.5012531328320802
 0.5076530612244898
 0.5094696969696971
 0.505128205128205
 0.5037878787878788
 0.5176767676767676
 0.5056410256410255
 0.5146683673469388
 0.5115384615384616
 0.5104166666666666
 0.5922136970730321
 0.5934343434343433
 0.6165413533834587
 0.6078947368421052
 0.5714285714285713
 0.6073232323232323
 0.6121057118499574
 0.6093750000000001
 0.6693333333333332
 0.6748717948717947
 0.6771284271284272
 0.6836734693877551
 0.6860800369046246
 0.6871794871794871
 0
 0
 0.3333333333333333
 1
 1
 0.8
 0.7
 1
 1
 1
 1
 1
 1
 0.9333333333333333
 1
 1
 0.9333333333333333
 0.95
 0.9
 0.9
 1
 1
 1
 1
 0.96
 0.96
 0.9199999999999999
 0.9333333333333333
 0.9
 0.9
 0
 0
 0.6257180901673014
 0.8974536286359914
 0.9451284237127988
 0.8671895160340088
 0.8893789022050024
 0.9093905880778528
 0.9015998996756879
 0.9451696724196084
 0.9405224081721701
 0.9618621501026685
 0.9760967822286216
 0.9760318102550959
 0.9851019349991519
 0.9814072027638734
 0.9591775548961456
 0.9526066075124618
 0.9827699735231292
 0.9631182540311903
 0.9555659344126687
 0.9727751669096136
 0.9718482247540527
 0.9922457261415942
 0.9246707603327136
 0.9264536244986735
 0.9378745558873374
 0.9543981262862491
 0.9620531653015105
 0.9567446730167414
 0
 0
 0.2500208313358422
 0.9702500007384417
 0.9700000168294509
 0.8686390281804012
 0.947280289567925
 0.983302104932541
 0.9899692060924321
 0.9987500187464512
 0.996900879118897
 0.9990183655316353
 0.9970414822234075
 0.9973323880155657
 0.9977778201523755
 0.9965081131826944
 0.9718933450367405
 0.9732412079723478
 0.9962580709880072
 0.9977796777317646
 0.9977055116029887
 0.9975632006034136
 0.9998262944585811
 0.9998065083246692
 0.9762819000534999
 0.9760043384326691
 0.979758498387321
 0.9779610636395303
 0.9820391133018878
 0.9793952261010749
 0
 0
 0.6666666666666666
 1
 1
 0.8333333333333334
 0.8571428571428571
 1
 1
 1
 1
 1
 1
 1
 1
 1
 1
 1
 1
 1
 1
 1
 1
 1
 1
 1
 1
 1
 1
 1
 0
 0
 0.8333333333533504
 1.388888951755606
 1.225000007826857
 1.00833333365205
 0.9083333345355674
 1.046428573993065
 1.024801594541289
 1.004960319704522
 1.006060654096943
 1.004292929299114
 1.009965034976811
 0.9998541083334305
 1.000517767643878
 1.008543165537764
 0.9861393619452159
 1.038461539535669
 1.006756757028169
 1.005319149332295
 1.000001543980712
 1.000000000737806
 1.000000000373118
 1.000000001445407
 1.031250001096506
 1.000000002523569
 1.03527281202207
 1.031517967639345
 1.028040916669911
 1.000000000657446
 0
 0
 0.3678794411714423
 0.709934756964968
 0.9125589571734105
 1.005174802149016
 0.9096272082875176
 0.9380478489304862
 0.9833720567092029
 0.9659955453250422
 0.9779597303751728
 0.961208744767848
 0.965097525772931
 0.9885905714427615
 0.9595121211878385
 0.9918850481254181
 0.943122263497943
 0.9527332373968698
 0.9637262677623624
 0.9746114946875434
 0.9664017288254318
 0.9624592891065675
 0.9978100414406352
 0.9930863506123747
 0.9393278010019206
 0.9301205461130245
 0.9291726664042224
 0.950882567238886
 0.946650603822889
 0.9418740473424463
 0
 0
 0.2500208312917984
 0.813740728065945
 0.8596232871097395
 0.9369075068375479
 0.9542548899186648
 0.9599119363472093
 0.9572355146126496
 0.9855404024332267
 0.9914936136987419
 0.9921081763512853
 0.9851971862584763
 0.9949962075971637
 0.9957271875757505
 0.9970413993386616
 0.9839277535560249
 0.9835527760543784
 0.9898027481858177
 0.9894768733297364
 0.9921602994750812
 0.9917192850441903
 0.9979183573634676
 0.9984007144739003
 0.9795053708193313
 0.983012859395342
 0.9813814617630158
 0.9753676103060599
 0.9805909205189557
 0.9780509829243368
 0
 0
 1
 1
 1
 1
 1
 1
 1
 1
 1
 1
 1
 1
 1
 1
 1
 1
 1
 1
 1
 1
 1
 1
 1
 1
 1
 1
 1
 1
 0
 0
 0.8333333333473889
 1.421569311649328
 1.293076733079943
 1.218998273983056
 1.038467698421264
 1.092846216893936
 0.9379878225958392
 0.9808647573885108
 1.025924556556259
 0.9758253359973332
 1.004218533682337
 1.004808221481574
 0.982568051737561
 1.045529844489544
 1.079559525160517
 1.029303092800755
 1.037377718998007
 1.02967917468651
 0.9955306561145942
 1.000000000015565
 1.000000000000037
 1.000000000000102
 1.116763958097678
 1.000000000000676
 0.8877294104367618
 0.8817248904030839
 0.876218816585737
 0.9928152780999885
 0
 0
 0.3678794411714423
 0.7099347549200506
 0.9240000624987406
 1.056259504284128
 0.9445070319794182
 0.9430420458987694
 0.9947437379806707
 0.9800427224879991
 1.037464318500851
 0.9891447759651288
 0.9411375014287284
 0.9604922109952491
 0.9498023663388389
 1.011615616829678
 1.033529492279269
 0.9704020782321201
 0.9592793465336532
 1.010594893921205
 0.9881285346792934
 1.03698090278179
 0.981846849055374
 0.9939538622619022
 0.928878351837176
 0.9546972500797363
 0.9367323503766253
 1.005393939008606
 0.9469158295023683
 0.948643652520486
 0
 0
 0
 0
 0
 0
 0
 0
 0
 0
 0
 0
 0
 0
 0
 0
 0
 0
 0
 0
 0
 0
 0
 0
 0
 0
 0
 0
 0
 0
 0
 0
 0
 0
 0
 0
 0
 0
 0
 0
 0
 0
 0
 0
 0
 0
 0
 0
 0
 0
 0
 0
 0
 0
 0
 0
 0
 0
 0
 0
 0
 0
 0
 0
 0
 0
 0
 0
 0
 0
 0
 0
 0
 0
 0
 0
 0
 0
 0
 0
 0
 0
 0
 0
 0
 0
 0
 0
 0
 0
 0
 0
 0
 0
 0
 0
 0
 0
 0
 0
 0
 0
 0
 0
 0
 0
 0
 0
 0
 0
 0
 0
 0
 0
 0
 0
 0
 0
 0
 0
 0
 0
 0
 0
 0
 0
 0
 0
 0
 0
 0
 0
 0
 0
 0
 0
 0
 0
 0
 0
 0
 0
 0
 0
 0
 0
 0
 0
 0
 0
 0
 0
 1
 1
 1
 1
 1
 1
 1
 1
 1
 1
 1
 1
 1
 1
 1
 1
 1
 1
 1
 1
 1
 1
 1
 1
 1
 1
 1
 1
 0
 0
 0
 0
 0
 0
 0
 0
 0
 0
 0
 0
 0
 0
 0
 0
 0
 0
 0
 0
 0
 0
 0
 0
 0
 0
 0
 0
 0
 0
 0
 0
 0
 0
 0
 0
 0
 0
 0
 0
 0
 0
 0
 0
 0
 0
 0
 0
 0
 0
 0
 0
 0
 0
 0
 0
 0
 0
 0
 0


