# Created by Octave 3.8.2, Sun Nov 15 16:03:54 2015 CET <dkottke@snake4>
# name: mus
# type: matrix
# ndims: 3
 1 30 19
 0
 0
 0.7228714524207015
 0.7232739420935412
 0.7348189415041796
 0.7357859531772578
 0.7392996108949426
 0.7137276785714286
 0.7113344500279166
 0.7022346368715081
 0.7009800015934985
 0.7035794183445189
 0.7004830917874394
 0.7036830357142858
 0.7030812324929971
 0.7059151785714286
 0.7043884220354808
 0.7053872053872053
 0.703567429211326
 0.7039325842696627
 0.7084593837535014
 0.7109365257513407
 0.6769788182831663
 0.6717342342342343
 0.6715492957746479
 0.670011148272018
 0.6764870931537597
 0.6732700892857145
 0.6868743047830922
 0.6892655367231642
 0
 0
 0.6666666666666666
 1
 0.4
 0.5
 0.8
 0.6
 0.7
 0.8
 0.8333333333333333
 0.8333333333333333
 0.8333333333333333
 0.8666666666666666
 0.8666666666666666
 0.8666666666666666
 0.8833333333333332
 0.7333333333333333
 0.7166666666666666
 0.7
 0.67
 0.6699999999999999
 0.7100000000000001
 0.7200000000000001
 0.72
 0.72
 0.6733333333333335
 0.6666666666666667
 0.6666666666666666
 0.6333333333333334
 0
 0
 0.8460219151571462
 0.8992271572882009
 0.6148469568821318
 0.6415900971553375
 0.6344364820695104
 0.6769355582337186
 0.6481821189322874
 0.7599980514158408
 0.7501318791234257
 0.8380704535840234
 0.8658305549978372
 0.8742036573677536
 0.8579854024715605
 0.891436665451425
 0.8866532664435599
 0.8203850044468306
 0.8336053340288255
 0.8394496068633615
 0.775478202116067
 0.7337359564970423
 0.6968652160695694
 0.7058561058667612
 0.6918527056735102
 0.7361069861641334
 0.7042594106272859
 0.7218999858374645
 0.7241618095523003
 0.6961565012238462
 0
 0
 0.8618753933418496
 0.7931191787119718
 0.4773885347987298
 0.5566853286989329
 0.6070491431511164
 0.5975569178787581
 0.6199106805056019
 0.6633671674549457
 0.7061327446607404
 0.743923278387794
 0.7513889846427555
 0.7867607962022547
 0.8052282030007593
 0.8246731251578805
 0.8337508190310217
 0.7642498937088862
 0.780570074641956
 0.7459805880961816
 0.7088239646087591
 0.6740718319422181
 0.6391267183202196
 0.6487075549390559
 0.6661529756209484
 0.6852483840005671
 0.660327620204882
 0.6762548668493233
 0.6715563300923393
 0.6733172398021779
 0
 0
 0.8789393818937701
 0.8530004360777642
 0.4500347591030868
 0.5478501481737
 0.6487348778396731
 0.5958578062692115
 0.626668353598916
 0.6611942262341585
 0.6965941422281728
 0.7500586451214484
 0.7662164152723017
 0.7741843377361634
 0.8176059184505945
 0.8325920855342965
 0.8297256386834374
 0.7735505533656404
 0.7829009743429006
 0.7412968362322222
 0.7183261225053723
 0.6800694161731516
 0.6335314875727617
 0.6507435661126484
 0.6653262607725791
 0.6758063859240173
 0.6611457231915103
 0.67225592469368
 0.671354473034511
 0.668694141104396
 0
 0
 0.7072454000678302
 0.9895750910657863
 0.5444437758607354
 0.5533101438651066
 0.6730141706100619
 0.5387638936719599
 0.7466527625113302
 0.6520638157381721
 0.66604907904702
 0.7314450390751215
 0.7323485944900496
 0.7520136618987521
 0.8750639595888903
 0.8255339000203504
 0.8053829150986881
 0.7952851398999919
 0.7514830595703788
 0.7249252086430938
 0.6685514366129315
 0.6724780497044952
 0.6600980699040516
 0.6297927479675907
 0.6629764273640331
 0.681677934366086
 0.6507408503887019
 0.6710265410137837
 0.6666691281953254
 0.6590596379588866
 0
 0
 0.5785862941142949
 0.8746687987512838
 0.6475643325382164
 0.7207120719355158
 0.6519501870210465
 0.7306780452379524
 0.7637414800291307
 0.7201485953814881
 0.7309257240664537
 0.8121135274367722
 0.7835264011970259
 0.8133936690305038
 0.8948984406111018
 0.8234715152147232
 0.9169472620182533
 0.8074324056174056
 0.8069973249512331
 0.7731605913290132
 0.7614703806811255
 0.6690403598232878
 0.7294392664048996
 0.6803291206590153
 0.7047652896093951
 0.7143756675961016
 0.714869758043592
 0.6594073331108626
 0.7384476547242899
 0.741584926354916
 0
 0
 0.8584635275550531
 0.7671792061163306
 0.5371671002400755
 0.6074772209971563
 0.6280066330187331
 0.6340392572290207
 0.6554319908497663
 0.6604863203796111
 0.7007010237991222
 0.7667842924490396
 0.785105923446398
 0.8087730457783691
 0.8379113974219737
 0.8565721180667334
 0.8587573603170913
 0.7868879482316271
 0.8182065217085014
 0.77919014578239
 0.7440773560510044
 0.6974651344691984
 0.6640566626890122
 0.6731509366801699
 0.6974957569768938
 0.7137452931716031
 0.6878651156994073
 0.7012434701486715
 0.6975851951132623
 0.6943500615619959
 0
 0
 0.8791061482504495
 0.8284236169898749
 0.4767434724671738
 0.5896215547139363
 0.6856854958019929
 0.6080068043024585
 0.6285446150273348
 0.6865657571159963
 0.6804370183350743
 0.7650727002124662
 0.7922059690621328
 0.8004359409526789
 0.8507225185419028
 0.8577239348533948
 0.8554564350548968
 0.7976256248296876
 0.8189397950833526
 0.779012849238128
 0.7469817062284663
 0.7024601008662623
 0.6567553042629323
 0.6715991404688416
 0.6939255399582728
 0.7039782957636033
 0.6808497800216479
 0.6997893950562409
 0.6949616377322796
 0.6925983631729162
 0
 0
 0.7785935526209501
 0.9884619546449751
 0.4544728945740227
 0.6924478986108368
 0.6640946936788235
 0.6606274431927179
 0.6378205896859971
 0.6684579769697108
 0.7951831039216969
 0.7722945819898983
 0.8492349072198246
 0.8535434079581734
 0.9222271066656236
 0.8611279574646716
 0.8552692334549938
 0.8149261791047143
 0.8137422409052569
 0.7789491252446727
 0.7231645068332808
 0.6891758843346969
 0.6511929928909339
 0.6503623057424611
 0.6802746962634606
 0.6922801269872041
 0.6798840887619162
 0.707729502061639
 0.6995946174485846
 0.6865868329886878
 0
 0
 0.5785862941142949
 0.8776100794785986
 0.658770037954566
 0.7415608584366633
 0.6151312914763672
 0.6866710689535351
 0.775335629881564
 0.7248958644206017
 0.7603081097138518
 0.7568411219579618
 0.7742971299707547
 0.7999424860209476
 0.8176060584087925
 0.8265296421374041
 0.8624318801348937
 0.7828154346666473
 0.7754259839731782
 0.7891276487054472
 0.7675204199056262
 0.7067530691931405
 0.6934843557738736
 0.6584958422411543
 0.6872003255719021
 0.6704788029103029
 0.7277218682877126
 0.6818199277648487
 0.7179863609781629
 0.7306617568782315
 0
 0
 0
 0
 0
 0
 0
 0
 0
 0
 0
 0
 0
 0
 0
 0
 0
 0
 0
 0
 0
 0
 0
 0
 0
 0
 0
 0
 0
 0
 0
 0
 0
 0
 0
 0
 0
 0
 0
 0
 0
 0
 0
 0
 0
 0
 0
 0
 0
 0
 0
 0
 0
 0
 0
 0
 0
 0
 0
 0
 0
 0
 0
 0
 0
 0
 0
 0
 0
 0
 0
 0
 0
 0
 0
 0
 0
 0
 0
 0
 0
 0
 0
 0
 0
 0
 0
 0
 0
 0
 0
 0
 0
 0
 0
 0
 0
 0
 0
 0
 0
 0
 0
 0
 0
 0
 0
 0
 0
 0
 0
 0
 0
 0
 0
 0
 0
 0
 0
 0
 0
 0
 0
 0
 0
 0
 0
 0
 0
 0
 0
 0
 0
 0
 0
 0
 0
 0
 0
 0
 0
 0
 0
 0
 0
 0
 0
 0
 0
 0
 0
 0
 0.6094663842686479
 0.6812544647435032
 0.4899168439917817
 0.5969111064169831
 0.6906533240900687
 0.6040539790656786
 0.6287624420113173
 0.6707835233673533
 0.6754055253009841
 0.7503781544100697
 0.7857307855375891
 0.8042916350072407
 0.8432524968709971
 0.8640391490219684
 0.8542130018240059
 0.7997015442462563
 0.8185397879394449
 0.782396146080297
 0.7472758029049839
 0.7051962917620334
 0.656561554569486
 0.6687362342204136
 0.6949193980000893
 0.6997499051791854
 0.6835536738022772
 0.6998281718687425
 0.6945753897382108
 0.6880219733817803
 0
 0
 0
 0
 0
 0
 0
 0
 0
 0
 0
 0
 0
 0
 0
 0
 0
 0
 0
 0
 0
 0
 0
 0
 0
 0
 0
 0
 0
 0
 0
 0
 0
 0
 0
 0
 0
 0
 0
 0
 0
 0
 0
 0
 0
 0
 0
 0
 0
 0
 0
 0
 0
 0
 0
 0
 0
 0
 0
 0


