# Created by Octave 3.8.2, Fri Nov 20 22:31:11 2015 CET <dkottke@snake10>
# name: mus
# type: matrix
# ndims: 3
 1 30 19
 0
 0
 0.6618357487922706
 0.6586538461538461
 0.9707317073170731
 0.7696078431372547
 0.729064039408867
 0.75
 0.7536231884057972
 0.7550000000000001
 0.7129186602870813
 0.7549019607843137
 0.7548076923076922
 0.8061224489795918
 0.9641025641025642
 0.9759615384615384
 0.9754901960784315
 0.9848484848484849
 0.9808612440191387
 0.9800000000000001
 0.9735449735449736
 0.97979797979798
 0.9903381642512077
 0.9895833333333333
 0.99
 0.9951923076923077
 0.9931972789115646
 1
 1
 1
 0
 0
 1
 1
 0.6
 0.9
 0.8
 0.8
 0.9
 0.7
 0.7666666666666667
 0.8333333333333333
 0.7
 0.8
 0.6666666666666666
 0.5666666666666667
 0.65
 0.6
 0.5666666666666667
 0.5
 0.53
 0.65
 0.65
 0.62
 0.6
 0.5733333333333334
 0.6333333333333334
 0.6399999999999999
 0.72
 0.7333333333333333
 0
 0
 1
 1
 0.6660072224629252
 0.828041469689535
 0.8525052029400032
 0.7731157614673061
 0.7766507358805763
 0.7999836865670897
 0.8565086331459174
 0.8069022197673715
 0.8429330916205993
 0.6956666547792423
 0.6449455680087184
 0.6501265445257647
 0.6130316729607757
 0.6253178561686359
 0.7028519539495466
 0.6344754171043742
 0.6577535386661929
 0.5991611990160738
 0.6716892448268492
 0.6290598582018927
 0.6868250798054766
 0.6614849419667868
 0.6781077628035002
 0.6739105735455129
 0.700753856496297
 0.6903346736709636
 0
 0
 0.999999998988259
 0.999999999965381
 0.5729744427069174
 0.8393815630460129
 0.669770360731933
 0.7455278123543466
 0.8201792667517013
 0.82750703478015
 0.8045353798420536
 0.8338352203049957
 0.7555157217204626
 0.7305843649990199
 0.640743749554446
 0.6472025456387999
 0.5872187038474148
 0.6303801734979187
 0.6584295428622629
 0.6532466700360299
 0.6057477789261875
 0.62839814186618
 0.6126726456798774
 0.6423219072683544
 0.6782403556377871
 0.7000766748627155
 0.6803462246430506
 0.6372414367890885
 0.637874136714029
 0.6601254783745203
 0
 0
 1
 1
 1
 1
 0.7142857142857143
 0.75
 0.8888888888888888
 0.8
 0.9090909090909091
 1
 0.7692307692307693
 0.5555555555555556
 0.6
 1
 0.5
 1
 1
 0
 0
 1
 0
 1
 0
 1
 1
 0
 1
 1
 0
 0
 0.999999999994493
 0.9999999999996119
 0.7515383465729574
 0.9589863380097974
 0.7004790158861196
 0.7994660637499384
 0.8520698488662561
 0.8589864991775193
 0.8802736387593534
 0.9044608156953697
 0.7747823091811016
 0.6820405967385061
 0.6184199621929349
 0.7483259474763573
 0.5599984966712424
 0.7069681764050945
 0.7490663042090357
 0.5946441519767761
 0.5560242640921654
 0.7518190133433156
 0.4754101201635006
 0.6893005255353266
 0.5925363840293787
 0.7160138012620394
 0.6585517843608173
 0.5069040853978595
 0.7226650626546809
 0.7590957146096
 0
 0
 1
 1
 0.7867751884907327
 0.76792077106858
 0.7606669333108524
 0.772301612422215
 0.8035873401219398
 0.7711444340078113
 0.8005380089400159
 0.7824383130372853
 0.7541014873460552
 0.735206872143052
 0.7424890235809666
 0.6989787324670702
 0.6604976866925649
 0.6886564930970211
 0.7021774699558139
 0.7043567061362888
 0.7203185469443629
 0.723748054165917
 0.70357961532755
 0.6928356718778136
 0.7275934894679168
 0.736006891716139
 0.7263457136482738
 0.7203275603221957
 0.709100032540688
 0.7269363597447298
 0
 0
 0.9999999997485595
 0.9999999999884243
 0.5832482492595269
 0.7631871864158869
 0.6381800280972522
 0.7256451068288504
 0.7199606576584565
 0.7473093893436565
 0.7905005066717833
 0.7453882689249929
 0.7134789356201314
 0.6606082561244221
 0.5996160454098306
 0.5816792050124139
 0.5646909160936909
 0.5877073799522987
 0.6077720833846162
 0.5960215119846665
 0.5725786842080217
 0.586881568328198
 0.575353034891519
 0.5937806909828277
 0.6082371381182732
 0.6228653403762651
 0.6258844423497276
 0.5904981787457904
 0.5994307691532814
 0.6190544281447096
 0
 0
 0.9697872705413163
 0.8983644516832423
 0.9508867020324817
 0.9090279488629748
 0.8880284623261863
 0.922043623985664
 0.9124933225086069
 0.9404500833110552
 0.9382451272121666
 0.9286233222956619
 0.9253675684329464
 0.9165635789530805
 0.9108016940572081
 0.9182639829168548
 0.9153917252565514
 0.9055840973281392
 0.8967622736053689
 0.9089790261960653
 0.9070135075195646
 0.9090099952593163
 0.9021229345767831
 0.9123111823720985
 0.9072825457643315
 0.9046732875048986
 0.8969716601535259
 0.9064200014934262
 0.893241040610544
 0.906560942142889
 0
 0
 0.9999999999996189
 0.9999999999847807
 0.4212986510325626
 0.899261019237083
 0.6477786445805807
 0.8478098566091523
 0.7503294499939875
 0.8187204933664461
 0.8383978903682349
 0.8313121263395932
 0.7715472542692434
 0.6889021005473817
 0.6462530545517499
 0.6570632398065454
 0.590089690972616
 0.6437516767460736
 0.6708670075678792
 0.6314631695136099
 0.5736511227712995
 0.6147472437585551
 0.5980102076282817
 0.6194893275674278
 0.6016920286642538
 0.7150683687488293
 0.659793189927514
 0.5938077465689096
 0.5992474507325983
 0.6596015360150964
 0
 0
 1
 1
 0.7915417572283856
 0.7523145219952885
 0.7801652535208321
 0.70244484232312
 0.8346152809866806
 0.7763118584782456
 0.7462985297629974
 0.7479998178241019
 0.7444717427490394
 0.716074516237152
 0.4307745374172302
 0.7286085996175321
 0.6540373739095501
 0.6936008241101124
 0.6792017638901288
 0.7031066763643086
 0.6968204991439579
 0.7432873243709809
 0.7046396876918867
 0.6728786222953249
 0.7002272149479756
 0.728682713613979
 0.700759471723975
 0.7156933816953817
 0.7090004989100744
 0.7083534808102986
 0
 0
 0
 0
 0
 0
 0
 0
 0
 0
 0
 0
 0
 0
 0
 0
 0
 0
 0
 0
 0
 0
 0
 0
 0
 0
 0
 0
 0
 0
 0
 0
 0
 0
 0
 0
 0
 0
 0
 0
 0
 0
 0
 0
 0
 0
 0
 0
 0
 0
 0
 0
 0
 0
 0
 0
 0
 0
 0
 0
 0
 0
 0
 0
 0
 0
 0
 0
 0
 0
 0
 0
 0
 0
 0
 0
 0
 0
 0
 0
 0
 0
 0
 0
 0
 0
 0
 0
 0
 0
 0
 0
 0
 0
 0
 0
 0
 0
 0
 0
 0
 0
 0
 0
 0
 0
 0
 0
 0
 0
 0
 0
 0
 0
 0
 0
 0
 0
 0
 0
 0
 0
 0
 0
 0
 0
 0
 0
 0
 0
 0
 0
 0
 0
 0
 0
 0
 0
 0
 0
 0
 0
 0
 0
 0
 0
 0
 0
 0
 0
 0
 0
 0.8972930881293227
 0.9065641668865962
 0.9341812163053338
 0.8914677582705599
 0.9082003615435377
 0.9068117206588311
 0.9044070171659307
 0.9345004205331388
 0.9173859387329946
 0.9288585904723851
 0.9169815965278928
 0.9294975526471011
 0.9240696382268472
 0.9056079287038178
 0.9027104810870228
 0.8919177432067685
 0.905786058861253
 0.9119640688237201
 0.911179228376354
 0.9108259608682217
 0.9063944136931419
 0.8983030862616339
 0.9039471574440828
 0.9101155623599966
 0.9091511247136499
 0.8968853384514355
 0.8985080730023326
 0.9121087243442535
 0
 0
 0
 0
 0
 0
 0
 0
 0
 0
 0
 0
 0
 0
 0
 0
 0
 0
 0
 0
 0
 0
 0
 0
 0
 0
 0
 0
 0
 0
 0
 0
 0
 0
 0
 0
 0
 0
 0
 0
 0
 0
 0
 0
 0
 0
 0
 0
 0
 0
 0
 0
 0
 0
 0
 0
 0
 0
 0
 0


