# Created by Octave 3.8.2, Fri Nov 20 23:17:27 2015 CET <dkottke@snake7>
# name: mus
# type: matrix
# ndims: 3
 1 30 19
 0
 0
 0.8471177944862159
 0.8294314381270903
 0.8702928870292898
 0.8718592964824118
 0.805346700083542
 0.8196308724832215
 0.8395989974937331
 0.8873949579831936
 0.8949124270225183
 0.8872053872053874
 0.8837792642140458
 0.8963025210084035
 0.9004219409282692
 0.8969594594594594
 0.9052941176470587
 0.8914141414141411
 0.8955722639933161
 0.8847457627118643
 0.878863826232247
 0.8783670033670034
 0.875418060200669
 0.8792517006802721
 0.9429787234042559
 0.9414715719063539
 0.9257154882154879
 0.9250283446712018
 0.9470142977291839
 0.9470085470085465
 0
 0
 0.3333333333333333
 0.75
 0.2
 0.4
 0.3
 0.8
 0.5
 0.6
 0.7333333333333333
 0.7333333333333333
 0.6666666666666666
 0.7333333333333333
 0.8666666666666666
 0.8666666666666666
 0.9
 0.8333333333333333
 0.7666666666666667
 0.85
 0.86
 0.9
 0.8699999999999999
 0.8699999999999999
 0.8400000000000001
 0.8466666666666667
 0.8466666666666667
 0.86
 0.7933333333333334
 0.8
 0
 0
 0.5186023916257432
 0.6400659897689465
 0.5500530744449503
 0.7619012561745766
 0.5303687326455959
 0.5750537859294003
 0.467779689391314
 0.6946465735285736
 0.8036212130572614
 0.7965637604892406
 0.6342698791778609
 0.7429093467623855
 0.7372555561805132
 0.7611014131891413
 0.7662637109010549
 0.8282509829019002
 0.8804639955935869
 0.8496411800471664
 0.8411231765319751
 0.8534017548627131
 0.8975803141728048
 0.8695809491538238
 0.8345637044625688
 0.8519372739144142
 0.8444054935965721
 0.840326785145458
 0.8498864813643031
 0.8567035344436225
 0
 0
 0.277250071153552
 0.6241069595924355
 0.4504238025006314
 0.4530724435930817
 0.5443577101851041
 0.5734471548485738
 0.5740504892241161
 0.6176659775707851
 0.62404993056548
 0.6548864656842818
 0.639945118701685
 0.670651059609359
 0.655615340612268
 0.6984804926927323
 0.7095024289577915
 0.7272187502150212
 0.7502330420984631
 0.7559429466605201
 0.761177613400504
 0.7714266537535558
 0.7866547059689146
 0.7933315392939557
 0.762584219448041
 0.7847647691237426
 0.7865480752430325
 0.7953346958091655
 0.7656029028153495
 0.7826254467803894
 0
 0
 0.3333333333333333
 1
 0.2
 0.1666666666666667
 0.2857142857142857
 0.75
 0.4444444444444444
 0.4
 0.7272727272727273
 0.3333333333333333
 0.6923076923076923
 0.7777777777777778
 1
 0.6666666666666666
 0.5
 1
 1
 1
 1
 1
 1
 1
 0
 1
 1
 1
 1
 1
 0
 0
 0.3333333333028776
 0.6288168085590448
 0.3875000850338003
 0.4530805041121022
 0.5190827789854243
 0.6016499239610308
 0.5321983458725428
 0.6291103589971055
 0.649264503411938
 0.6214792132640595
 0.6129695331742716
 0.6503385421785105
 0.7507002598427304
 0.6918771766422369
 0.7209149957669173
 0.7916878606984149
 0.7632291524597909
 0.7308248964777181
 0.8772508379527606
 0.7426893739716285
 0.7799125567836857
 0.845096653425305
 0.7124315925711184
 0.8271883748438247
 0.8288856253370006
 0.8539899166337597
 0.7771386745399069
 0.7816836300812997
 0
 0
 0.7892931470571475
 0.6215966250724232
 0.653100631078295
 0.6551412529414067
 0.734118368452259
 0.682515613010829
 0.7081493305854308
 0.7005570686263616
 0.7198594573233823
 0.719375310419447
 0.745392686549018
 0.7376129308379922
 0.7417093504940008
 0.7710343515326656
 0.7419863368331163
 0.8016699972066405
 0.7742408017247187
 0.8235518713263252
 0.8217719834362964
 0.832424656289506
 0.8240225117976298
 0.7895814450357039
 0.8310003941052669
 0.8225795902835079
 0.7905709568726776
 0.7824728768460972
 0.8121468229296581
 0.8223345890601197
 0
 0
 0.2777500147843473
 0.6250242105586301
 0.4780505607393316
 0.5532149861918476
 0.5649262252351045
 0.6099008493032082
 0.5911115148961433
 0.6324642319383583
 0.6165454286111058
 0.6497379764719847
 0.6303037789029692
 0.6751179861676146
 0.6668152065218312
 0.7000468759617586
 0.7166124833153137
 0.7441622442584886
 0.7568878470647724
 0.7684471807450817
 0.7675266937756188
 0.7826719488198025
 0.7987793490254982
 0.802765562593537
 0.7769010556575998
 0.7891865268064897
 0.8037531192572744
 0.8111628320783612
 0.7836604747069928
 0.8045661436066158
 0
 0
 0.9997226349179965
 1
 0.9999999916197588
 0.9999999999999982
 0.9999999999897861
 1
 0.9999999999999998
 0.9999999999999981
 1
 0.9988836722324961
 0.9944879379061001
 0.9783917138248943
 0.9839677968147136
 0.9757495083442332
 0.9719768482972838
 0.9637791803102864
 0.9709154571718981
 0.9640465303000609
 0.9708330176690132
 0.9656975951461403
 0.9674391627509595
 0.9642967449049874
 0.9658818283362706
 0.9526460338752345
 0.9522738464213253
 0.9544080885466657
 0.9519133859184074
 0.9473388576164917
 0
 0
 0.3333333329090311
 0.6057057116130248
 0.4400222822438768
 0.5696157093205938
 0.5672449447885407
 0.6254640859234324
 0.5793577632221483
 0.6071212709130251
 0.6095641105993549
 0.6549517885286495
 0.6471281402726043
 0.6953602547519036
 0.7030383807956019
 0.7110431134136503
 0.7024766391126187
 0.714525595795675
 0.7295244726473991
 0.7352168568193991
 0.7568063887268653
 0.7611607687810066
 0.7752786926116033
 0.7854051417453488
 0.7586918137064332
 0.8196806057076644
 0.7911476657628267
 0.7989313676453195
 0.7767339416661505
 0.7917714238289998
 0
 0
 0.7892931470571475
 0.626812176533049
 0.6571231687781013
 0.6368496453093331
 0.7233092623424395
 0.676018002637366
 0.7030861932799817
 0.7199848500793252
 0.7174456639194572
 0.7294828132064571
 0.7068492654641292
 0.7193790184018858
 0.7135423008321866
 0.7312235981830577
 0.7270158578373194
 0.7957018347230183
 0.7847924244381698
 0.7654771652337959
 0.7874328669617644
 0.7742813503373069
 0.78346048581741
 0.8004146766489196
 0.8002294649904715
 0.8013878954609941
 0.782987975152709
 0.7992271906645327
 0.8157606557998965
 0.7980449295570243
 0
 0
 0
 0
 0
 0
 0
 0
 0
 0
 0
 0
 0
 0
 0
 0
 0
 0
 0
 0
 0
 0
 0
 0
 0
 0
 0
 0
 0
 0
 0
 0
 0
 0
 0
 0
 0
 0
 0
 0
 0
 0
 0
 0
 0
 0
 0
 0
 0
 0
 0
 0
 0
 0
 0
 0
 0
 0
 0
 0
 0
 0
 0
 0
 0
 0
 0
 0
 0
 0
 0
 0
 0
 0
 0
 0
 0
 0
 0
 0
 0
 0
 0
 0
 0
 0
 0
 0
 0
 0
 0
 0
 0
 0
 0
 0
 0
 0
 0
 0
 0
 0
 0
 0
 0
 0
 0
 0
 0
 0
 0
 0
 0
 0
 0
 0
 0
 0
 0
 0
 0
 0
 0
 0
 0
 0
 0
 0
 0
 0
 0
 0
 0
 0
 0
 0
 0
 0
 0
 0
 0
 0
 0
 0
 0
 0
 0
 0
 0
 0
 0
 0
 0.999982328091845
 0.9999998650362272
 0.9999999999988165
 0.9999999999999858
 0.999999968971358
 0.9999998804647343
 0.9930218974817647
 0.9996012964374306
 0.999999993756405
 0.9999995410097975
 0.9927982044102462
 0.9844416390668692
 0.9871967321210475
 0.9717239391795101
 0.9652210902644496
 0.970463721077009
 0.9663482696793519
 0.958823862743442
 0.9598728871829385
 0.9635974152746792
 0.9645463932371047
 0.9642960431900458
 0.9575980844813435
 0.9575628973148068
 0.9621019833618218
 0.9471599834486946
 0.951881828695658
 0.9533143745358805
 0
 0
 0
 0
 0
 0
 0
 0
 0
 0
 0
 0
 0
 0
 0
 0
 0
 0
 0
 0
 0
 0
 0
 0
 0
 0
 0
 0
 0
 0
 0
 0
 0
 0
 0
 0
 0
 0
 0
 0
 0
 0
 0
 0
 0
 0
 0
 0
 0
 0
 0
 0
 0
 0
 0
 0
 0
 0
 0
 0


