# Created by Octave 3.8.2, Fri Nov 20 22:58:28 2015 CET <dkottke@snake10>
# name: mus
# type: matrix
# ndims: 3
 1 30 19
 0
 0
 0.7053140096618356
 0.8317307692307693
 0.8146341463414636
 0.8235294117647058
 0.7980295566502464
 0.8173076923076923
 0.8019323671497587
 0.8350000000000002
 0.8373205741626792
 0.818627450980392
 0.8004807692307693
 0.8316326530612246
 0.8358974358974358
 0.8125
 0.8390522875816995
 0.8383838383838383
 0.8708133971291865
 0.86
 0.8835978835978836
 0.8754208754208753
 0.8711755233494364
 0.90625
 0.9025000000000001
 0.9471153846153846
 0.9440665154950869
 0.9438775510204083
 0.9352568613652358
 0.9444444444444445
 0
 0
 0.3333333333333333
 1
 1
 0.8
 0.9
 0.8
 1
 0.9
 0.8333333333333333
 0.9333333333333332
 0.9333333333333332
 0.9333333333333332
 0.9333333333333332
 0.9333333333333332
 0.9
 0.8833333333333332
 0.9
 0.9
 0.8099999999999999
 0.86
 0.9199999999999999
 0.9199999999999999
 0.9199999999999999
 0.8799999999999999
 0.8866666666666667
 0.9266666666666665
 0.9333333333333333
 0.9666666666666668
 0
 0
 0.5970231437467945
 0.8856803244671757
 0.8595287647047649
 0.7375597037757338
 0.8118688813010245
 0.8129526124379289
 0.8174067092162944
 0.8676741619691062
 0.8817934554990597
 0.9276460262497869
 0.8970546518479207
 0.8460049049284264
 0.8929552391467529
 0.8846428721248694
 0.9273576875663381
 0.8986318305596689
 0.9471198011862132
 0.9447470962315554
 0.9250504671702175
 0.9319636281326045
 0.9296035975831258
 0.9550172173848459
 0.9379582826905934
 0.9232979533781018
 0.9427518611629186
 0.9370608159110996
 0.9452462209673969
 0.9360641013821945
 0
 0
 0.4722430534813861
 0.9821500005006418
 0.9600000089971523
 0.8576420043383312
 0.8883313755511163
 0.9169163822117207
 0.9666007129557241
 0.927874876234016
 0.9362444486997233
 0.943513294073996
 0.9520351721324155
 0.9472804200909494
 0.9666433427324765
 0.9605377524741749
 0.9933411834340771
 0.9958402026303498
 0.9967744413182891
 0.9922637947433711
 0.9679747084921223
 0.9710971546941789
 0.975962952185689
 0.9734287872975337
 0.9757948591345124
 0.9700426767360162
 0.9796161686769594
 0.9799002067652453
 0.9622770239688854
 0.9660358988455212
 0
 0
 0.3333333333333333
 1
 1
 0.6666666666666666
 1
 1
 1
 0.9
 1
 1
 0.8461538461538461
 1
 1
 1
 1
 1
 1
 1
 1
 1
 1
 1
 1
 0
 1
 1
 1
 1
 0
 0
 0.3333333333676003
 1.333333333633075
 1.175000030739453
 0.8750000040089383
 0.9702380962201529
 1.003571431116367
 1.059523813606578
 0.9178571579713348
 1.047727279594139
 1.027272738665063
 0.8995347879454437
 1.015610525326056
 1.004905359068697
 1.018198845312901
 1.012300641857885
 1.035256411552527
 1.027027631480294
 1.026595744941154
 1.021552864291935
 1.020833333878907
 1.011363636921807
 1.07142891693866
 1.031250001230632
 0.7500035242346001
 1.000000003000049
 1.000000004178986
 1.028040914963615
 0.8713102034692963
 0
 0
 0.3678794411714423
 0.8794661581628052
 0.8470826938886951
 0.8810341472957708
 0.7952881920870554
 0.8835420476291862
 0.8957426538677358
 0.8902306487708906
 0.9115242132490853
 0.858001385434673
 0.9125063104618458
 0.84402666400309
 0.9543687963417544
 0.908795675054263
 0.9233312742436767
 0.9141860659712877
 0.954011824524464
 0.9075958850980134
 0.9280652795729878
 0.9269156415747628
 0.9643718502989624
 0.9390971553833778
 0.9383697640089945
 0.9518348058716743
 0.9629627303665194
 0.9339057033200554
 0.9640489050957649
 0.9583377685385002
 0
 0
 0.4722430534889887
 0.8882410722932196
 0.8668490572035371
 0.8966867121337919
 0.8466297161352144
 0.8791375800768017
 0.8856911075378925
 0.8997339775399915
 0.9110798111049043
 0.9356509667865678
 0.9372587048905706
 0.951938525114851
 0.9576458559939438
 0.9634636860588902
 0.9752599704849056
 0.9833054834275877
 0.9880700999971198
 0.9829748153666178
 0.9632417789775009
 0.9705674901698318
 0.9724244538149022
 0.9735776009984713
 0.9715604199218838
 0.9705671443879863
 0.9723110980621783
 0.9811192358312848
 0.9780825347659869
 0.9660262874015847
 0
 0
 1
 1
 1
 1
 1
 1
 1
 1
 1
 1
 1
 1
 1
 1
 1
 1
 1
 1
 1
 1
 1
 1
 1
 1
 1
 1
 1
 1
 0
 0
 0.3333333333749297
 1.333333333325813
 1.260000144892078
 1.201726706268285
 0.7511539250803592
 0.8535763297287426
 0.9323578314389139
 0.913367432740646
 1.012957838826221
 1.008095844220112
 0.9388647662455988
 1.014042766498844
 0.9817527953555982
 0.9097763531157184
 1.08906102124092
 1.156794127333524
 0.9451066682337895
 1.039817442564971
 0.95450081822197
 0.9566099625752018
 1.064620864310289
 1.033023339941235
 1.116763958097695
 0.9999970658915243
 1.000000000001579
 1.000000000003528
 0.8762188165857674
 0.5808714098167661
 0
 0
 0.3678794411714423
 0.8395561116587819
 0.7733580246856734
 0.9524581314369888
 0.8531986840398558
 0.8683888215619174
 0.966454215841649
 0.8423078139632467
 0.9967415057289927
 1.009741668835375
 0.8227996717826509
 0.8481226294461525
 0.9841126942454509
 0.8904742735582469
 0.8958385769693067
 0.9177542245850059
 1.047716592100431
 0.9256323817178009
 1.030835975748737
 0.9396361187292046
 1.041643539008343
 0.9413767614664853
 0.9495254412999939
 0.9179849747942448
 0.9453338395136794
 0.9341187720750359
 0.9698912701712137
 1.009435499230073
 0
 0
 0
 0
 0
 0
 0
 0
 0
 0
 0
 0
 0
 0
 0
 0
 0
 0
 0
 0
 0
 0
 0
 0
 0
 0
 0
 0
 0
 0
 0
 0
 0
 0
 0
 0
 0
 0
 0
 0
 0
 0
 0
 0
 0
 0
 0
 0
 0
 0
 0
 0
 0
 0
 0
 0
 0
 0
 0
 0
 0
 0
 0
 0
 0
 0
 0
 0
 0
 0
 0
 0
 0
 0
 0
 0
 0
 0
 0
 0
 0
 0
 0
 0
 0
 0
 0
 0
 0
 0
 0
 0
 0
 0
 0
 0
 0
 0
 0
 0
 0
 0
 0
 0
 0
 0
 0
 0
 0
 0
 0
 0
 0
 0
 0
 0
 0
 0
 0
 0
 0
 0
 0
 0
 0
 0
 0
 0
 0
 0
 0
 0
 0
 0
 0
 0
 0
 0
 0
 0
 0
 0
 0
 0
 0
 0
 0
 0
 0
 0
 0
 0
 1
 1
 1
 1
 1
 1
 1
 1
 1
 1
 1
 1
 1
 1
 1
 1
 1
 1
 1
 1
 1
 1
 1
 1
 1
 1
 1
 1
 0
 0
 0
 0
 0
 0
 0
 0
 0
 0
 0
 0
 0
 0
 0
 0
 0
 0
 0
 0
 0
 0
 0
 0
 0
 0
 0
 0
 0
 0
 0
 0
 0
 0
 0
 0
 0
 0
 0
 0
 0
 0
 0
 0
 0
 0
 0
 0
 0
 0
 0
 0
 0
 0
 0
 0
 0
 0
 0
 0


