# Created by Octave 3.8.2, Fri Nov 20 22:24:41 2015 CET <dkottke@snake7>
# name: mus
# type: matrix
# ndims: 3
 1 30 19
 0
 0
 0.7084377610693398
 0.8729096989966555
 0.9380753138075321
 0.9221105527638197
 0.8947368421052635
 0.9337248322147651
 0.9406850459482028
 0.9470588235294125
 0.9424520433694739
 0.9166666666666669
 0.9431438127090293
 0.9500840336134458
 0.9417721518987338
 0.9349662162162162
 0.94453781512605
 0.9482323232323224
 0.9278752436647164
 0.8805084745762712
 0.8538011695906429
 0.8376823793490461
 0.8712374581939801
 0.8299319727891156
 0.8161702127659577
 0.8469899665551839
 0.8707912457912457
 0.8921485260770975
 0.9251471825063076
 0.893162393162393
 0
 0
 0.3333333333333333
 0.5
 0.6
 0.6
 0.6
 0.6
 0.5
 0.8
 0.8333333333333333
 0.6666666666666666
 0.5999999999999999
 0.7
 0.8
 0.8333333333333334
 0.8333333333333333
 0.7666666666666666
 0.5833333333333333
 0.7
 0.6599999999999999
 0.65
 0.5700000000000001
 0.6699999999999999
 0.64
 0.6066666666666667
 0.7200000000000001
 0.7333333333333334
 0.7533333333333333
 0.6666666666666667
 0
 0
 0.6400424595559602
 0.6951475319124687
 0.575246023527624
 0.583645712596053
 0.5721242123139092
 0.6716678869101473
 0.6809914606519409
 0.6562374839904893
 0.6998425316938677
 0.7089919689493245
 0.6532969742124473
 0.5850921324625129
 0.7124814035812366
 0.6831583201711348
 0.6889063860089777
 0.6487493326305774
 0.6585425954931985
 0.7053385240216357
 0.6527230503955465
 0.6109647878960407
 0.7309816972047791
 0.6484308808451884
 0.667678297971515
 0.6875289254824863
 0.6776796536575649
 0.6603996384601429
 0.6452999127130664
 0.6287863239266622
 0
 0
 0.6377609553860379
 0.5381477370650652
 0.6589408113103349
 0.5676347165506743
 0.5482855331383329
 0.5865149462145919
 0.6173313749773097
 0.6300404779232699
 0.6313145503188645
 0.6561365057702045
 0.6232866278280369
 0.5786181044107824
 0.619579835115204
 0.6318006107497046
 0.6137687430446531
 0.582048873137596
 0.5479805515301939
 0.5795882423833011
 0.5850894528994274
 0.5757922433244113
 0.6098832814698102
 0.6169278092796202
 0.6141844782986948
 0.6123057005553141
 0.6233268193052184
 0.6022912267485898
 0.6010847371631994
 0.6016192054042881
 0
 0
 0.6666666666666666
 0.25
 0.4
 0.8333333333333334
 0.8571428571428571
 0.75
 0.4444444444444444
 0.7
 0.9090909090909091
 0.8333333333333334
 0.7692307692307693
 0.4444444444444444
 0.4
 0.6666666666666666
 1
 1
 1
 1
 0
 1
 1
 1
 1
 1
 0
 1
 1
 1
 0
 0
 0.6926058246654632
 0.3611201500058759
 0.5249234274133734
 0.6902438453345545
 0.5813481077055299
 0.5606846569925392
 0.5407500808780278
 0.6066973587149164
 0.6418893036512026
 0.6440630363956061
 0.6773793819695022
 0.5568782962900728
 0.6158333037984103
 0.6087781311512476
 0.6085886763686034
 0.5992023260298034
 0.5828021367611248
 0.6156869726060581
 0.5330805281457307
 0.5913817540450336
 0.5938973840684358
 0.6917152109025595
 0.6990655552064881
 0.6370725892617527
 0.6052139702023748
 0.6140337898094865
 0.5829832357949637
 0.602753565345711
 0
 0
 0.3678794411714423
 0.7786449801093176
 0.5567560799079601
 0.6338496179453081
 0.6512265070341861
 0.6694814291705715
 0.7233174386846142
 0.7031791630519852
 0.7176516951220515
 0.6938362368106835
 0.6919607152709514
 0.7001997676570387
 0.6785376027790584
 0.7240158663673512
 0.681390949496968
 0.6751606641403907
 0.6600736544345402
 0.6734056619016129
 0.6649800069223909
 0.718167452269285
 0.6974879428154801
 0.7251397026831209
 0.648773138036268
 0.690027111019778
 0.6969654645024606
 0.6886369760050388
 0.6531166818931362
 0.6792120254157439
 0
 0
 0.6370278724538321
 0.4838354883872006
 0.5873822507003497
 0.5414407960374388
 0.532038092280764
 0.5506220333409557
 0.5848499719648965
 0.5835658826895389
 0.6152056192476139
 0.6266036058621718
 0.6051650875779051
 0.5692795161268051
 0.6085717177560934
 0.6372764990444575
 0.614603533599727
 0.5874149955568126
 0.5611264483222584
 0.5914470695769798
 0.6096259572700168
 0.5970944114329629
 0.6146035366104471
 0.6177897182243781
 0.6294676892736443
 0.614332747957137
 0.6306866297685876
 0.6115067610161788
 0.5951765176398642
 0.6070348488837375
 0
 0
 0.9998324801930433
 0.9999936712266044
 0.9999999999999006
 1
 1
 0.9999999999999993
 0.9999999999998495
 0.9995370686605569
 0.9999999999999991
 0.9999999999999954
 0.9904063378744241
 0.9785848506687168
 0.979887195084149
 0.9719905004940236
 0.9665952613164414
 0.9607586474124348
 0.9674502736482286
 0.9667074004485081
 0.9664522680403931
 0.9647790424812317
 0.9561987237018454
 0.9587420572336729
 0.9623184982603094
 0.956241120604767
 0.9556207833496135
 0.9438291801678881
 0.9514707587298484
 0.94267648099057
 0
 0
 0.6764017009058887
 0.3511788289824833
 0.516794414458307
 0.5743393314539003
 0.4932161778241991
 0.5766983324275596
 0.5366976944412587
 0.5774456246798365
 0.6168918841516356
 0.7098071830319992
 0.6035265162471894
 0.5695558564657529
 0.6625090023119538
 0.6040124577674951
 0.5843567993363961
 0.5903592550566946
 0.568021987492298
 0.5722720461744392
 0.6153470694596035
 0.6350567602985576
 0.5985554863228238
 0.6093765183610848
 0.6089134149267305
 0.6045710887423195
 0.6137945822821598
 0.5928873025482594
 0.5913945773546012
 0.5979851063518438
 0
 0
 0.3678794411714423
 0.782736757380489
 0.5735895572961984
 0.6346895786729421
 0.6382806796821233
 0.6664439224221533
 0.720309690329956
 0.6903274690745909
 0.720420738229081
 0.6626596716957102
 0.6969140255599929
 0.6485796944628841
 0.6759707261324795
 0.6892339174821509
 0.6851534580466669
 0.6559448289497045
 0.7529063260977367
 0.6781857655809108
 0.678920570408466
 0.6704026690471954
 0.6842693027960391
 0.6905125034570131
 0.7085954285837542
 0.6527532949303532
 0.6591315603224187
 0.6555140846365395
 0.6616949562475455
 0.6716254899446931
 0
 0
 0
 0
 0
 0
 0
 0
 0
 0
 0
 0
 0
 0
 0
 0
 0
 0
 0
 0
 0
 0
 0
 0
 0
 0
 0
 0
 0
 0
 0
 0
 0
 0
 0
 0
 0
 0
 0
 0
 0
 0
 0
 0
 0
 0
 0
 0
 0
 0
 0
 0
 0
 0
 0
 0
 0
 0
 0
 0
 0
 0
 0
 0
 0
 0
 0
 0
 0
 0
 0
 0
 0
 0
 0
 0
 0
 0
 0
 0
 0
 0
 0
 0
 0
 0
 0
 0
 0
 0
 0
 0
 0
 0
 0
 0
 0
 0
 0
 0
 0
 0
 0
 0
 0
 0
 0
 0
 0
 0
 0
 0
 0
 0
 0
 0
 0
 0
 0
 0
 0
 0
 0
 0
 0
 0
 0
 0
 0
 0
 0
 0
 0
 0
 0
 0
 0
 0
 0
 0
 0
 0
 0
 0
 0
 0
 0
 0
 0
 0
 0
 0
 0.9999641473618515
 0.9999999919382528
 0.9999999999995329
 0.9999999999999944
 0.9999999816034741
 0.9999999807815302
 0.9999998441193598
 0.9999300770421943
 0.999999549808764
 0.9999782253725359
 0.9948506132503938
 0.9920703104329577
 0.9833986380961034
 0.9750804063919821
 0.9717519174111993
 0.9706279896607339
 0.9641193255313012
 0.9640565546642091
 0.9651504910012064
 0.9564100005006743
 0.956014557099525
 0.9626388884758121
 0.9556977701812913
 0.9502072350701388
 0.9557022865557274
 0.9521577028998448
 0.9548492762920111
 0.9477939651330769
 0
 0
 0
 0
 0
 0
 0
 0
 0
 0
 0
 0
 0
 0
 0
 0
 0
 0
 0
 0
 0
 0
 0
 0
 0
 0
 0
 0
 0
 0
 0
 0
 0
 0
 0
 0
 0
 0
 0
 0
 0
 0
 0
 0
 0
 0
 0
 0
 0
 0
 0
 0
 0
 0
 0
 0
 0
 0
 0
 0


