# Created by Octave 3.8.2, Fri Nov 20 21:25:46 2015 CET <dkottke@snake7>
# name: mus
# type: matrix
# ndims: 3
 1 30 19
 0
 0
 0.6566416040100242
 0.7249163879598662
 0.8995815899581598
 0.9112227805695149
 0.8362573099415206
 0.8708053691275168
 0.9256474519632404
 0.91764705882353
 0.9174311926605495
 0.9175084175084179
 0.918687290969899
 0.9294117647058824
 0.9316455696202527
 0.9256756756756757
 0.9168067226890751
 0.9179292929292924
 0.9197994987468665
 0.919491525423729
 0.9039264828738506
 0.9099326599326597
 0.9073996655518398
 0.9141156462585035
 0.9148936170212774
 0.9172240802675582
 0.9189814814814811
 0.9145408163265304
 0.9167367535744321
 0.9153846153846152
 0
 0
 0.6666666666666666
 0.5
 0.6
 0.8
 0.4
 0.6
 0.6
 0.7
 0.8666666666666668
 0.8333333333333333
 0.8333333333333333
 0.9
 0.9333333333333332
 0.95
 1
 1
 0.95
 0.95
 0.9
 0.9199999999999999
 0.95
 0.96
 0.96
 0.96
 0.9666666666666668
 0.9666666666666668
 0.9666666666666668
 0.9666666666666668
 0
 0
 0.767602735724795
 0.7300318446669702
 0.6439054185265792
 0.7208245385621149
 0.744201880527377
 0.7663261000863766
 0.6845654079765835
 0.7467173199512989
 0.7906052564677111
 0.8741397047823405
 0.8455163161369452
 0.8977908267880144
 0.900652674223527
 0.8964208111027648
 0.938373030116197
 0.9600682952906701
 0.9626258065700142
 0.9619796005308745
 0.9657732850173837
 0.9795437231837439
 0.9656965744112926
 0.9598668147317913
 0.9717879158040019
 0.9750420294243779
 0.9775489632793968
 0.9672476476127072
 0.9756298657564432
 0.9808833698326771
 0
 0
 0.6944486107283697
 0.6250187771370885
 0.6266832704128962
 0.9016252103796371
 0.7003879023408097
 0.7795644448413694
 0.7517219103818124
 0.8427623311194509
 0.88904626663486
 0.8888228094774001
 0.8931534742596008
 0.9292850911452484
 0.9474663822874692
 0.949293487984967
 0.9935765752746865
 0.9959456335410908
 0.9925272675670906
 0.9939640331088724
 0.9975611178608896
 0.9976985334598655
 0.9985694144055638
 0.9980766575361918
 0.9982888933423482
 0.9981694054055319
 0.9980526404485499
 0.9984218707221142
 0.9973302273206774
 0.9984174494899373
 0
 0
 0.6666666666666666
 1
 0.6
 0.8333333333333334
 0.4285714285714285
 0.5
 0.7777777777777778
 0.7
 0.7272727272727273
 0.75
 0.9230769230769231
 0.8888888888888888
 0.8
 1
 1
 1
 1
 1
 1
 1
 1
 1
 1
 1
 1
 1
 1
 1
 0
 0
 1.000000000193648
 1.305555572575627
 0.8000000337503508
 0.9250000001775279
 0.5226203868437136
 0.5711322847077565
 0.7361111167420281
 0.7017857178854265
 0.7598485241523353
 0.8037885550830659
 0.933624789979649
 0.8891223156134652
 0.8696794395594536
 1.062500190043022
 1.023351648434326
 1.029914530038123
 1.02364864887708
 1.013297872696595
 0.8750046188588624
 1.000000000742729
 1.000000001089
 1.000000001371252
 1.000000001794413
 1.000000002344739
 1.000000003282366
 1.000000003978616
 1.000000005449373
 1.00000000627891
 0
 0
 0.5785862941142949
 1.030100706257188
 0.8009280539584276
 0.819090129723432
 0.6939899145440027
 0.8569407387174892
 0.7669275642281048
 0.800490474236324
 0.8624249707523124
 0.9007388608063833
 0.8469913061905336
 0.8967025450358771
 0.9297007773856831
 0.90683225925523
 0.951985087402234
 0.9593079152286372
 0.9656115368675405
 0.97206408381946
 0.9773215332892384
 0.9588933149930308
 0.9705192404611499
 0.9553674211158636
 0.9701952315407339
 0.9690452765089593
 0.9769563166988888
 0.9790607307503494
 0.9731703154858239
 0.9595076016393672
 0
 0
 0.694448610708988
 0.6961059627540063
 0.6497576457229615
 0.8856809141805919
 0.7306682903618693
 0.7404324415151649
 0.7787879646143394
 0.7696115596635709
 0.8587339481453387
 0.8898897449707892
 0.9140588324278135
 0.9363233058134753
 0.9354572678267025
 0.9394472814492987
 0.97470706552658
 0.9794725426421123
 0.982482929730305
 0.9808526617622464
 0.9874691729338435
 0.9852534790658212
 0.9901933159297616
 0.990999653318838
 0.9927928913116957
 0.990419702914238
 0.9912933677694682
 0.9969536420266688
 0.9888596410040714
 0.9917038318423758
 0
 0
 1
 1
 1
 1
 1
 1
 1
 1
 1
 1
 1
 1
 1
 1
 1
 1
 1
 1
 1
 1
 1
 1
 1
 1
 1
 1
 1
 1
 0
 0
 0.9999999999976589
 1.338255431679813
 0.8230798446276546
 0.8884555191980936
 0.5726198518508521
 0.6179282740128383
 0.604365789066129
 0.6826718221592269
 0.8765231680072076
 0.8656867878829246
 0.8802722812638082
 0.8657252897739741
 0.9744834148901084
 1.087267058352664
 1.038727303254521
 1.127543142450599
 1.13082201060573
 1.074197929224559
 0.9994160072373732
 0.9964733481681576
 1.000000000000036
 1.000000000000111
 1.000000000000257
 1.000000000000634
 1.000000000001589
 1.000000000003453
 1.000000000007573
 1.000000000000047
 0
 0
 0.5785862941142949
 1.006873799518342
 0.8108465462182547
 0.8867380834931423
 0.7898081989920815
 0.894048541222122
 0.8872548133449905
 0.9632725484085554
 0.8858619455073165
 0.9155392204452104
 0.8661736202026438
 0.8899590531862166
 1.010114823760452
 0.9031214370455056
 0.9301057560141404
 0.8958497095223836
 1.017231063895782
 0.9956617954807171
 1.102854574396234
 0.9660655092846159
 1.007831481096926
 0.9686242419989742
 0.9825353184503808
 0.9741974386972169
 0.9705229929858818
 0.9618537111573735
 0.9654679450063867
 1.071197576224851
 0
 0
 0
 0
 0
 0
 0
 0
 0
 0
 0
 0
 0
 0
 0
 0
 0
 0
 0
 0
 0
 0
 0
 0
 0
 0
 0
 0
 0
 0
 0
 0
 0
 0
 0
 0
 0
 0
 0
 0
 0
 0
 0
 0
 0
 0
 0
 0
 0
 0
 0
 0
 0
 0
 0
 0
 0
 0
 0
 0
 0
 0
 0
 0
 0
 0
 0
 0
 0
 0
 0
 0
 0
 0
 0
 0
 0
 0
 0
 0
 0
 0
 0
 0
 0
 0
 0
 0
 0
 0
 0
 0
 0
 0
 0
 0
 0
 0
 0
 0
 0
 0
 0
 0
 0
 0
 0
 0
 0
 0
 0
 0
 0
 0
 0
 0
 0
 0
 0
 0
 0
 0
 0
 0
 0
 0
 0
 0
 0
 0
 0
 0
 0
 0
 0
 0
 0
 0
 0
 0
 0
 0
 0
 0
 0
 0
 0
 0
 0
 0
 0
 0
 1
 1
 1
 1
 1
 1
 1
 1
 1
 1
 1
 1
 1
 1
 1
 1
 1
 1
 1
 1
 1
 1
 1
 1
 1
 1
 1
 1
 0
 0
 0
 0
 0
 0
 0
 0
 0
 0
 0
 0
 0
 0
 0
 0
 0
 0
 0
 0
 0
 0
 0
 0
 0
 0
 0
 0
 0
 0
 0
 0
 0
 0
 0
 0
 0
 0
 0
 0
 0
 0
 0
 0
 0
 0
 0
 0
 0
 0
 0
 0
 0
 0
 0
 0
 0
 0
 0
 0


