# Created by Octave 3.8.2, Sat Nov 21 00:50:00 2015 CET <dkottke@snake2>
# name: mus
# type: matrix
# ndims: 3
 1 30 19
 0
 0
 0.6817042606516293
 0.4974747474747475
 0.4405063291139241
 0.5176767676767675
 0.5338345864661654
 0.5408163265306123
 0.5391414141414143
 0.5358974358974358
 0.538510101010101
 0.5353535353535352
 0.5379487179487179
 0.53125
 0.6705128205128204
 0.7890625
 0.7777777777777778
 0.7386363636363638
 0.786967418546366
 0.7868421052631579
 0.8020050125313285
 0.7840909090909091
 0.7979539641943734
 0.78515625
 0.7893333333333334
 0.7907692307692309
 0.7918470418470419
 0.8788265306122449
 0.8872102410333293
 0.8871794871794874
 0
 0
 0.6666666666666666
 1
 1
 0.9
 0.7
 0.9
 0.8
 1
 0.9
 1
 1
 1
 0.9333333333333333
 0.8
 0.8666666666666666
 0.85
 0.7
 0.9
 0.8
 0.8
 0.77
 0.8
 0.76
 0.82
 0.7333333333333333
 0.7866666666666667
 0.7933333333333333
 0.8
 0
 0
 0.6839397205857212
 0.8407448204501696
 0.9431091497054298
 0.9204474126644332
 0.8914859707344309
 0.7837560668627209
 0.8636726661459744
 0.9049712093227735
 0.9066419355889703
 0.9139856866011711
 0.9272145414417481
 0.9797721421174862
 0.8975113084378795
 0.8386896758255027
 0.8400878382822854
 0.7956735247709649
 0.809697717901229
 0.8581813660631683
 0.8450747392767745
 0.8812698322282686
 0.8832622137831261
 0.8548322162312836
 0.9123610656756813
 0.9138948574519216
 0.9212437905380746
 0.8775080288042877
 0.8786790163606918
 0.8943932683741712
 0
 0
 0.7200869387851973
 0.7708826954004255
 0.8293855571447792
 0.8624074632041459
 0.7582347384651088
 0.774660208290854
 0.8199993977239739
 0.8510000441092191
 0.8590576311670948
 0.9031930330949444
 0.8886452384985428
 0.9364014776861033
 0.8542761286640769
 0.7386553521492543
 0.7489856234011956
 0.6972451649260306
 0.7190892723209737
 0.7309371549222992
 0.7408529940415175
 0.7497931033452703
 0.7663464587518586
 0.7754770361819909
 0.7929649873131196
 0.7933806533441023
 0.8000140808658862
 0.77322663809575
 0.7797299580919943
 0.7749129610568559
 0
 0
 0.3333333333333333
 1
 1
 1
 0.8571428571428571
 1
 0.8888888888888888
 1
 1
 1
 1
 1
 1
 0.6666666666666666
 1
 1
 1
 1
 1
 1
 1
 1
 1
 1
 1
 1
 1
 1
 0
 0
 0.3333333330962538
 0.7882516720982581
 0.8237332443705496
 0.7956914805662696
 0.8478619958293997
 0.8086825751057097
 0.8940614612223711
 0.8336927478589079
 0.9368145372208717
 0.8415781302065577
 0.8306814868510317
 0.9232067383276242
 0.7958311538047591
 0.7645659602255545
 0.7272405301906413
 0.6573180643414153
 0.7615516768386387
 0.667078842124358
 0.7005353810909726
 0.6615932980234357
 0.7580233790619041
 0.7330119136497136
 0.7567951625742004
 0.7777221506074681
 0.7839692315097935
 0.7181124978484568
 0.7467746565347192
 0.7323489502530623
 0
 0
 0.5785862941142949
 0.762525545816943
 0.7338822886385746
 0.8483883233771758
 0.7672910915219332
 0.8609738027857872
 0.8537683418512133
 0.862071741685429
 0.8689958689883553
 0.899750692800461
 0.8792160541970959
 0.91134537569028
 0.868691197207518
 0.799656339776633
 0.8117864791357119
 0.7667332882740561
 0.7768957702183992
 0.7959075822747873
 0.7731539789540303
 0.7510006196256973
 0.8040822519203595
 0.8518052550611258
 0.8026732224868566
 0.8512886948227572
 0.836527982230117
 0.7909151584388823
 0.9096297525594151
 0.8894310946282309
 0
 0
 0.7189226854104003
 0.6490970905523746
 0.7980208850177667
 0.8682279945178215
 0.8023339961797773
 0.8043596748156704
 0.8342513291795044
 0.8586243111943971
 0.8521879324116017
 0.8798226180438575
 0.8783030228603644
 0.9205285656951224
 0.8529570088903479
 0.7404755993200995
 0.7380172621589403
 0.6860738214869673
 0.7044530147298832
 0.7136633191495906
 0.7370193530895502
 0.7516744649026436
 0.774700180256072
 0.7922529528224801
 0.8065821503126266
 0.8171274051596322
 0.8160017570002491
 0.7855120137504542
 0.7911286216173293
 0.7834496892414408
 0
 0
 0.9998312530473628
 0.9999999841052349
 0.9999999999007815
 0.9999999999722442
 0.9999999999294824
 0.9999999999984397
 0.9999999999999979
 0.9999999990489808
 0.9999999999001311
 0.9999312236450737
 0.989081827727875
 0.9857540396566834
 0.9809889193784713
 0.980808977617432
 0.9717126523732323
 0.9738967388683479
 0.9633292647189764
 0.9577376096523108
 0.9591765309015573
 0.9630405394215769
 0.953232258841953
 0.9554944927144179
 0.9606700515905717
 0.9536242952229416
 0.9578106947235313
 0.9545177860639928
 0.945182288791841
 0.9475395727219663
 0
 0
 0.3333333333095694
 0.5710009394113512
 0.8292361575294456
 0.8248328987564616
 0.7955432836904034
 0.8130922566375103
 0.8509010674548265
 0.892390251355778
 0.8771823018357096
 0.9024156482546587
 0.9350048068616199
 0.9821677880561895
 0.8210126820867
 0.7180588093040545
 0.8110744680455333
 0.7023449240765642
 0.6791357139375624
 0.7003366008820271
 0.7426304185562269
 0.7250765840862154
 0.7487361550114212
 0.7653956648548023
 0.7837693802435184
 0.8736790581570609
 0.8043310144858868
 0.7549075572602046
 0.7784853644752932
 0.8400831541231744
 0
 0
 0.5785862941142949
 0.7383890678289879
 0.7358315610799282
 0.8049812288493036
 0.779572736728365
 0.8485334201007697
 0.7708287513908829
 0.9387305277130681
 0.873333113755955
 0.8613435595594987
 0.8587538757061123
 0.9111281472297191
 0.836818420259323
 0.7859968642883467
 0.7839255008148961
 0.8158873179410849
 0.776889636017569
 0.7708742949580463
 0.8362357857688375
 0.8875607421133105
 0.7964527425259289
 0.7839582141062207
 0.8186263774252336
 0.8250391540099471
 0.8227030064500755
 0.8035079527639436
 0.7972670608696308
 0.8272189058637306
 0
 0
 0
 0
 0
 0
 0
 0
 0
 0
 0
 0
 0
 0
 0
 0
 0
 0
 0
 0
 0
 0
 0
 0
 0
 0
 0
 0
 0
 0
 0
 0
 0
 0
 0
 0
 0
 0
 0
 0
 0
 0
 0
 0
 0
 0
 0
 0
 0
 0
 0
 0
 0
 0
 0
 0
 0
 0
 0
 0
 0
 0
 0
 0
 0
 0
 0
 0
 0
 0
 0
 0
 0
 0
 0
 0
 0
 0
 0
 0
 0
 0
 0
 0
 0
 0
 0
 0
 0
 0
 0
 0
 0
 0
 0
 0
 0
 0
 0
 0
 0
 0
 0
 0
 0
 0
 0
 0
 0
 0
 0
 0
 0
 0
 0
 0
 0
 0
 0
 0
 0
 0
 0
 0
 0
 0
 0
 0
 0
 0
 0
 0
 0
 0
 0
 0
 0
 0
 0
 0
 0
 0
 0
 0
 0
 0
 0
 0
 0
 0
 0
 0
 0.9999854823298787
 0.9999999900671622
 0.9999999999003651
 0.9999999999999408
 0.9999999785711112
 0.9999999671692638
 0.9999791109105242
 0.9999998595902704
 0.9999988612963374
 0.9982321125210538
 0.9965861426753397
 0.9841207392950119
 0.9770671331749846
 0.9744471653026198
 0.9665800608497762
 0.972015569685815
 0.9622930778351155
 0.9547394265133954
 0.9617345770383072
 0.9628772466907307
 0.9578822075408661
 0.9596372145044645
 0.9601860536893291
 0.9507549390457889
 0.9446389483075237
 0.9510697202167911
 0.959846588093784
 0.9535413289894111
 0
 0
 0
 0
 0
 0
 0
 0
 0
 0
 0
 0
 0
 0
 0
 0
 0
 0
 0
 0
 0
 0
 0
 0
 0
 0
 0
 0
 0
 0
 0
 0
 0
 0
 0
 0
 0
 0
 0
 0
 0
 0
 0
 0
 0
 0
 0
 0
 0
 0
 0
 0
 0
 0
 0
 0
 0
 0
 0
 0


