# Created by Octave 3.8.2, Fri Nov 20 20:00:33 2015 CET <dkottke@snake3>
# name: mus
# type: matrix
# ndims: 3
 1 30 19
 0
 0
 0.5219810795770731
 0.6135857461024499
 0.6328690807799447
 0.4141583054626534
 0.4291272929405226
 0.4760044642857143
 0.3986599664991625
 0.4379888268156421
 0.4281730539399253
 0.6437360178970913
 0.6406540319583794
 0.6347656249999999
 0.6347338935574229
 0.6422991071428571
 0.6404481792717086
 0.5129068462401798
 0.5202767557190848
 0.5174157303370784
 0.5160784313725492
 0.5157126823793492
 0.5158862876254181
 0.5275900900900898
 0.5323943661971829
 0.53288740245262
 0.5235690235690237
 0.5192522321428571
 0.5358731924360399
 0.5502824858757063
 0
 0
 0
 0.5
 0.6
 0.6
 0.8
 0.4
 0.4
 0.2
 0.4666666666666666
 0.6
 0.5333333333333333
 0.6
 0.8
 0.6833333333333333
 0.7166666666666666
 0.65
 0.6833333333333333
 0.7
 0.73
 0.68
 0.7
 0.7
 0.6799999999999999
 0.7333333333333332
 0.7333333333333334
 0.7533333333333334
 0.6933333333333332
 0.6666666666666666
 0
 0
 0.3832970157770169
 0.5989934220576223
 0.6521142063391445
 0.6536786300035031
 0.7060639401447206
 0.6488607105874308
 0.6521229857913504
 0.5455910733501219
 0.309002878349375
 0.4472563140541909
 0.5659382040684257
 0.5786466973549677
 0.7258211541044519
 0.6391828514522877
 0.7303482900038312
 0.6513093325472885
 0.6285931084949189
 0.6493114691427182
 0.6802164228967877
 0.6651274318423247
 0.7028935159776655
 0.5948250590588831
 0.6187880861114065
 0.7101702040637178
 0.724859028386541
 0.7338633493040968
 0.6460067890631143
 0.6213678269291995
 0
 0
 0.1944736082535269
 0.6111215426740779
 0.6966729157224233
 0.6327311349152616
 0.7789811194341414
 0.5994912728970724
 0.3454008194699348
 0.279836941811915
 0.4528153904587886
 0.5919272691369168
 0.7370827321943816
 0.7440280008929439
 0.8634382197810282
 0.8583778638614378
 0.8456839883216261
 0.7401272774763318
 0.7014692209498815
 0.7347343928496984
 0.7206065552829546
 0.7357585167776776
 0.7540623473966386
 0.7159957499800765
 0.7070416117717504
 0.7543092114542272
 0.7503452862373478
 0.7646896331016007
 0.748911238734664
 0.7226369481588877
 0
 0
 0
 0
 0.4
 0.3333333333333333
 0.4285714285714285
 0.5
 0.2222222222222222
 0
 0.1818181818181818
 0.6666666666666666
 0.6923076923076923
 0.8888888888888888
 0.6
 1
 0.5
 1
 1
 1
 1
 1
 1
 0
 1
 1
 1
 1
 1
 1
 0
 0
 0.1666916641778233
 0.3611444461592123
 0.5000001593522705
 0.5166771393069572
 0.5505964755400929
 0.515774395485512
 0.3075421326110832
 0.2379009049823252
 0.3222257415342064
 0.6825161639632523
 0.7224942097947602
 0.8864709716099279
 0.6999667766249709
 0.9955296355674506
 0.7298185429470125
 0.8494271697479922
 0.7397275538378169
 0.8829371618799338
 0.8658878493645984
 0.6736454625010798
 0.8146722674964995
 0.5684683490739043
 0.8437531839707522
 0.7223884006888788
 0.9133335817094022
 0.8750006373368093
 0.7352863064885602
 0.7500034638159074
 0
 0
 0.5785862941142949
 0.5378752655829067
 0.6288939388012197
 0.7350249789317046
 0.7302171534636233
 0.6950411746179994
 0.7295417729979209
 0.5572695064943065
 0.7496668222556298
 0.586266597211349
 0.6415661106134126
 0.6352609594450689
 0.669331831461587
 0.7523599307462621
 0.7684817640840688
 0.6473236111063279
 0.6266268150721857
 0.67394869565646
 0.7093220590122292
 0.7023615947645045
 0.684318242395803
 0.6937574744484072
 0.6953339279397666
 0.7132941231782428
 0.7083482532673326
 0.7189305281758167
 0.7187716274999447
 0.6556265513340276
 0
 0
 0.1944736083154806
 0.611530140674536
 0.692997853011413
 0.6537707525004867
 0.7473447789011991
 0.6514632025745709
 0.4705912830464479
 0.3962922241575567
 0.5398425620050676
 0.5684961655777384
 0.6778135633265081
 0.7272232959476465
 0.7889940371267017
 0.840697542606868
 0.8075276402452937
 0.7328572154599519
 0.6916412590217688
 0.7255412039168447
 0.7296997796140886
 0.7582653275525507
 0.7602551338288392
 0.7242552961780043
 0.7405566594195174
 0.7413773481492362
 0.7593828824829337
 0.7639426739800111
 0.7494928623725373
 0.7021154937108625
 0
 0
 1
 1
 1
 1
 1
 1
 1
 1
 1
 1
 1
 1
 1
 1
 1
 1
 1
 1
 1
 1
 1
 1
 1
 1
 1
 1
 1
 1
 0
 0
 0.1666916641929792
 0.377484311246208
 0.6361532506227768
 0.5722353251890351
 0.6001985622278025
 0.5383468637970956
 0.3961518956047761
 0.3420221282856885
 0.4110664751606107
 0.5818144825793072
 0.6816154276438805
 0.7923726078883881
 0.79019906372293
 0.8612358569022969
 1.016446827679641
 0.7305194892853519
 0.6786681768900302
 0.6836624091745369
 0.8593376359564912
 0.8002277392793802
 0.7490806578749767
 0.7301363083736171
 0.9729179308579916
 0.5008332986455166
 0.7343365693546765
 0.9998340469594176
 0.5840865313444376
 0.9855709356517339
 0
 0
 0.5785862941142949
 0.5535336666207811
 0.6392612641518238
 0.7468640228665225
 0.763342876305741
 0.7084868255999024
 0.6708396303739129
 0.6016994842752494
 0.6762281081644137
 0.7338085098570295
 0.5794074622972255
 0.6705780529866532
 0.7080286036392601
 0.9467850357884292
 0.9674044728133194
 0.7277403284289625
 0.7437479558013643
 0.5981150675447264
 0.6958763130439514
 0.7268272148586608
 0.6863105305236207
 0.7693561913354974
 0.7941290202487927
 0.7475950838459999
 0.8206710883747292
 0.7490675227491543
 0.7053368054365385
 0.6856593318242225
 0
 0
 0
 0
 0
 0
 0
 0
 0
 0
 0
 0
 0
 0
 0
 0
 0
 0
 0
 0
 0
 0
 0
 0
 0
 0
 0
 0
 0
 0
 0
 0
 0
 0
 0
 0
 0
 0
 0
 0
 0
 0
 0
 0
 0
 0
 0
 0
 0
 0
 0
 0
 0
 0
 0
 0
 0
 0
 0
 0
 0
 0
 0
 0
 0
 0
 0
 0
 0
 0
 0
 0
 0
 0
 0
 0
 0
 0
 0
 0
 0
 0
 0
 0
 0
 0
 0
 0
 0
 0
 0
 0
 0
 0
 0
 0
 0
 0
 0
 0
 0
 0
 0
 0
 0
 0
 0
 0
 0
 0
 0
 0
 0
 0
 0
 0
 0
 0
 0
 0
 0
 0
 0
 0
 0
 0
 0
 0
 0
 0
 0
 0
 0
 0
 0
 0
 0
 0
 0
 0
 0
 0
 0
 0
 0
 0
 0
 0
 0
 0
 0
 0
 1
 1
 1
 1
 1
 1
 1
 1
 1
 1
 1
 1
 1
 1
 1
 1
 1
 1
 1
 1
 1
 1
 1
 1
 1
 1
 1
 1
 0
 0
 0
 0
 0
 0
 0
 0
 0
 0
 0
 0
 0
 0
 0
 0
 0
 0
 0
 0
 0
 0
 0
 0
 0
 0
 0
 0
 0
 0
 0
 0
 0
 0
 0
 0
 0
 0
 0
 0
 0
 0
 0
 0
 0
 0
 0
 0
 0
 0
 0
 0
 0
 0
 0
 0
 0
 0
 0
 0


