# Created by Octave 3.8.2, Fri Nov 20 22:01:53 2015 CET <dkottke@snake7>
# name: mus
# type: matrix
# ndims: 3
 1 30 19
 0
 0
 0.4653299916457813
 0.5994983277591973
 0.644351464435146
 0.6700167504187602
 0.6850459482038425
 0.8615771812080537
 0.8404344193817866
 0.852100840336135
 0.8665554628857371
 0.8510101010101011
 0.9036371237458185
 0.9189915966386561
 0.9215189873417716
 0.9146959459459459
 0.9151260504201675
 0.9486531986531976
 0.9557226399331658
 0.9516949152542374
 0.9415204678362569
 0.9444444444444442
 0.9489966555183945
 0.9481292517006802
 0.95404255319149
 0.9540133779264209
 0.9492845117845111
 0.9547902494331071
 0.9554247266610593
 0.9581196581196579
 0
 0
 0.6666666666666666
 1
 0.4
 0.5
 0.4
 0.5
 0.6
 0.8
 0.7
 0.8333333333333333
 0.8
 0.7999999999999999
 0.7999999999999999
 0.7333333333333332
 0.7666666666666666
 0.8166666666666667
 0.7833333333333333
 0.8
 0.86
 0.78
 0.9099999999999999
 0.79
 0.8800000000000001
 0.8466666666666667
 0.7733333333333334
 0.8266666666666668
 0.8266666666666668
 0.8
 0
 0
 0.7076442415417921
 0.9187900670949423
 0.7113316114682919
 0.7133549868057135
 0.7608477219098624
 0.6969527092632896
 0.6460157590708473
 0.682083119565327
 0.6747159471779551
 0.7411336818898904
 0.7266316073219112
 0.7065372884211434
 0.7413541073582977
 0.8304591190253519
 0.7954406869694268
 0.7860271393404369
 0.8340311059691339
 0.8338001352967832
 0.8070936849736767
 0.8024674945479382
 0.8299276425739111
 0.8675837852364677
 0.818783040520097
 0.832852710835119
 0.8288125342601107
 0.8218335454827285
 0.8187916712337245
 0.8270276865303431
 0
 0
 0.5828101633131975
 0.9129471201336142
 0.3341545298545444
 0.5385753169642241
 0.5329855193100845
 0.5306374539884072
 0.6641938370437382
 0.6904755412051852
 0.6576948866676918
 0.7703767514194165
 0.7191034338458666
 0.7493308051121672
 0.7455133098430923
 0.7909418892525389
 0.7940444948845006
 0.7850492460365814
 0.7943153124025724
 0.8203733597854955
 0.802400229994009
 0.814035848813972
 0.834670352533988
 0.8400229035600141
 0.8214179529213232
 0.8279953057765543
 0.8110809307171879
 0.8115438315205851
 0.8226481304123243
 0.8203061307676056
 0
 0
 1
 1
 0.2
 0.6666666666666666
 0.4285714285714285
 0.625
 0.7777777777777778
 0.6
 0.4545454545454545
 0.8333333333333334
 0.6153846153846154
 0.8888888888888888
 0.6
 0.6666666666666666
 0.5
 1
 1
 1
 1
 1
 0
 1
 1
 1
 1
 1
 1
 0
 0
 0
 0.9217555697876886
 0.9412717860847114
 0.5291857102754287
 0.6394261335690556
 0.545760961596399
 0.596605531309975
 0.7426321363341063
 0.6529943519980661
 0.6044925185660039
 0.6703020326409779
 0.6712722134336893
 0.8070985135279828
 0.6965218794076982
 0.7496686442783624
 0.729951619552636
 0.8834345927598195
 0.865178101072138
 0.8100905887741559
 0.8501397212982669
 0.9054178573161394
 0.7418617668738732
 0.8811339739936379
 0.8126317591173805
 0.8181895467682381
 0.7698322844761615
 0.8652086936305241
 0.8435378302626082
 0.7004232211298543
 0
 0
 0.3678794411714423
 0.6955858405496986
 0.7844926625685639
 0.7481970481901878
 0.7813729793740412
 0.7782978239673026
 0.6780757166715821
 0.7486140126225098
 0.7056039053475027
 0.7840949723854109
 0.7385018533962882
 0.7384336147323792
 0.7626654323857426
 0.799958678976717
 0.7937568305449
 0.7780428497948584
 0.7931041193842975
 0.7760449616906577
 0.7678069074742757
 0.789605998805246
 0.8340686818735625
 0.8646027254149558
 0.8498572480495303
 0.824211932623544
 0.8134184601218714
 0.8091553762149496
 0.7963503265807814
 0.8032598854649571
 0
 0
 0.5971149097613273
 0.8696151918765018
 0.4305005521187104
 0.57870617607345
 0.5347652786577421
 0.5430355487962728
 0.6002045143499256
 0.660102216739303
 0.6489252273998921
 0.6951055630313062
 0.6615717859764415
 0.6941194645590828
 0.6844710710642972
 0.7287593217014307
 0.7228945448091254
 0.7274103028801409
 0.7305264347830274
 0.7438074484893913
 0.7186525223738343
 0.7312563066121436
 0.7502065190483933
 0.761831383456341
 0.7649577111355934
 0.7619282478549382
 0.7475475088299882
 0.7579422382099253
 0.7585836877756177
 0.777397636994695
 0
 0
 0.9020990971650283
 0.9471186244811761
 0.9159985646865109
 0.9078221056185141
 0.9085566331542263
 0.9173213261562093
 0.923207905845194
 0.9172166051519878
 0.8973516088876479
 0.9365217052191669
 0.8981236639793742
 0.9214061798698298
 0.9107183316329875
 0.9195766173720173
 0.9000353824686191
 0.9125105740289676
 0.9124265769845729
 0.9129125281324184
 0.9089286345299089
 0.9134872363635546
 0.8991822823679274
 0.8995167295953507
 0.900762093309929
 0.9050921983272162
 0.908618550284341
 0.9048549502270652
 0.8993249527278528
 0.9106896876876541
 0
 0
 0.8616971092492893
 0.9357059678796509
 0.6687749372345917
 0.6161441122316378
 0.5569001516955261
 0.6109789747032363
 0.5862770390422767
 0.6622100036166707
 0.6228798365122826
 0.7720554412338517
 0.7165130293712301
 0.7866975777706628
 0.7869618179392693
 0.7769812412181438
 0.8079842277045424
 0.7807397301712065
 0.8250183143198073
 0.8109997165488865
 0.7560631183466249
 0.7679053864688477
 0.7933527227406224
 0.8117051095278653
 0.8019884504824624
 0.8062194841709773
 0.5192354901723378
 0.5500204642370448
 0.8106702047707183
 0.8249417030938948
 0
 0
 0.3678794411714423
 0.718831957604908
 0.7760509030559675
 0.7613387200736914
 0.7627121405532673
 0.774534819333044
 0.6393918312485471
 0.7452628598864295
 0.7299213037071132
 0.8245368331404369
 0.7106523842460456
 0.7276329980062539
 0.7396998167485496
 0.817419215127517
 0.7793453455104343
 0.8437349429771582
 0.8172959606267183
 0.7818184937711063
 0.7515081450932852
 0.7894392398498381
 0.8716432339984157
 0.8740142323020473
 0.9008536347562921
 0.8130314965593995
 0.85568518599638
 0.7772293296855256
 0.822131592249735
 0.8198608704074053
 0
 0
 0
 0
 0
 0
 0
 0
 0
 0
 0
 0
 0
 0
 0
 0
 0
 0
 0
 0
 0
 0
 0
 0
 0
 0
 0
 0
 0
 0
 0
 0
 0
 0
 0
 0
 0
 0
 0
 0
 0
 0
 0
 0
 0
 0
 0
 0
 0
 0
 0
 0
 0
 0
 0
 0
 0
 0
 0
 0
 0
 0
 0
 0
 0
 0
 0
 0
 0
 0
 0
 0
 0
 0
 0
 0
 0
 0
 0
 0
 0
 0
 0
 0
 0
 0
 0
 0
 0
 0
 0
 0
 0
 0
 0
 0
 0
 0
 0
 0
 0
 0
 0
 0
 0
 0
 0
 0
 0
 0
 0
 0
 0
 0
 0
 0
 0
 0
 0
 0
 0
 0
 0
 0
 0
 0
 0
 0
 0
 0
 0
 0
 0
 0
 0
 0
 0
 0
 0
 0
 0
 0
 0
 0
 0
 0
 0
 0
 0
 0
 0
 0
 0.8983140729197966
 0.9106933836599411
 0.9695543918848856
 0.929860194615386
 0.9292825646178727
 0.9290195844198498
 0.9200553787039176
 0.9121110370380591
 0.911075087506163
 0.9049609305262946
 0.9229857527536995
 0.921237612747931
 0.9070095469391229
 0.9163294253193102
 0.9026277706702418
 0.9110365852930259
 0.902083412949654
 0.9003120166391132
 0.9023817596638332
 0.9078217805944049
 0.902944400877783
 0.9095629753382745
 0.8986719034684159
 0.8970895013652952
 0.8949102704723695
 0.9055476225205539
 0.9072652021563001
 0.9051313727608961
 0
 0
 0
 0
 0
 0
 0
 0
 0
 0
 0
 0
 0
 0
 0
 0
 0
 0
 0
 0
 0
 0
 0
 0
 0
 0
 0
 0
 0
 0
 0
 0
 0
 0
 0
 0
 0
 0
 0
 0
 0
 0
 0
 0
 0
 0
 0
 0
 0
 0
 0
 0
 0
 0
 0
 0
 0
 0
 0
 0


