# Created by Octave 3.8.2, Fri Nov 20 22:14:46 2015 CET <dkottke@snake5>
# name: mus
# type: matrix
# ndims: 3
 1 30 19
 0
 0
 0.6618357487922705
 0.6586538461538461
 0.9463414634146341
 0.946078431372549
 0.9458128078817736
 0.9471153846153846
 0.9613526570048309
 0.96
 0.9521531100478466
 0.9411764705882353
 0.7067307692307693
 0.6887755102040816
 0.8461538461538463
 0.8605769230769231
 0.9321895424836603
 0.9217171717171717
 0.9282296650717704
 0.97
 0.9682539682539684
 0.9696969696969696
 0.9388083735909822
 0.96875
 0.9625
 0.9711538461538463
 0.9561602418745275
 0.9591836734693878
 0.960591133004926
 0.9555555555555556
 0
 0
 1
 1
 0.8
 0.7
 0.9
 0.9
 0.8
 0.9
 0.9333333333333332
 0.9333333333333332
 1
 1
 0.9333333333333332
 0.9333333333333332
 0.8833333333333334
 0.8333333333333333
 0.9
 0.9
 0.96
 1
 1
 1
 0.9199999999999999
 0.9199999999999999
 0.9333333333333332
 1
 1
 1
 0
 0
 1
 1
 0.7130800300352647
 0.8072032295572898
 0.9030748476462879
 0.8845412448670287
 0.9437412702642584
 0.9155065519699161
 0.9353129961465443
 0.9509053032643153
 0.9696582131762292
 0.9833248230159284
 0.9387553055560246
 0.9601312533253131
 0.9385438345583347
 0.9157425807248073
 0.9400495563095369
 0.9579494969716438
 0.9702670499521852
 0.9637784886131573
 0.9417804796528852
 0.9577980571950929
 0.9615576950525795
 0.9459101618615022
 0.9670874210063843
 0.9867904017092155
 0.9685553377303566
 0.9810922653500376
 0
 0
 0.9999999997278047
 0.9999999999839866
 0.8129402123849213
 0.7928529944001473
 0.8360675248292572
 0.8467958043048089
 0.8659492351834354
 0.8725747321722132
 0.8851882611721289
 0.9047125628216204
 0.9650493516886542
 0.9653561511402362
 0.9479315013587049
 0.9475118680280528
 0.9148034650805121
 0.916987335450295
 0.9186137079118057
 0.9662725766866614
 0.9675343896902184
 0.9715356257733021
 0.966620674772162
 0.9637280237355854
 0.9715508465452296
 0.9699108652205385
 0.9748537415225088
 0.9756628054635837
 0.9783101665208424
 0.9757979487870541
 0
 0
 1
 1
 0.8
 0.8333333333333334
 0.8571428571428571
 1
 0.6666666666666666
 0.8
 0.9090909090909091
 0.9166666666666666
 1
 1
 0.8
 1
 1
 0
 1
 1
 1
 1
 1
 1
 1
 1
 1
 1
 1
 1
 0
 0
 0.9999999999768369
 0.9999999988442884
 0.6822651787231706
 0.7241756251553687
 0.8027821045895438
 0.9204251693225849
 0.7954818000821784
 0.8705489915787725
 0.912685538238485
 0.9240586837430084
 0.9811796294330641
 0.989180525309493
 0.9373547574128667
 0.9696385633639262
 0.9261597481545866
 0.742418395413968
 0.9441237085759584
 0.9586969465639731
 0.9918916352860672
 0.9452385874632824
 0.9700262729753053
 0.9923480080383831
 0.9666139545836799
 0.9944696631813081
 0.9934283044129586
 0.9789764558825347
 0.9589336967603019
 0.9607639335817536
 0
 0
 1
 0.9999999999874162
 0.8042800054412976
 0.7599912573015939
 0.7833653412999798
 0.8144341256280712
 0.8650463361494845
 0.9601570004518017
 0.9155469656939959
 0.9537630784265728
 0.9208184248899591
 0.9419558122864546
 0.9197569748936197
 0.9359619908539496
 0.9652411169403217
 0.9458170795127722
 0.9303118163662816
 0.9289375142504623
 0.9713846760924244
 0.9518295792294984
 0.9400645772369064
 0.9410201994848627
 0.9738240773376374
 0.9738267757955201
 0.8971812756773985
 0.9694138056793317
 0.9479050550498076
 0.9749218363917953
 0
 0
 0.999999999801283
 0.9999999999879932
 0.7407989010633149
 0.7543657881016457
 0.8119167705065133
 0.8018612600591773
 0.8326527781415972
 0.8496589027772309
 0.8543926078304747
 0.8711136592418501
 0.8877949096772813
 0.8965150779617018
 0.9135739258417539
 0.9134691576251251
 0.8799985215526173
 0.8811192887007838
 0.87881522078403
 0.9056862614171526
 0.9145048933005415
 0.904603837770717
 0.9033488707705011
 0.9161735521854262
 0.9040151126334314
 0.9139651576332145
 0.9037449268847747
 0.9064250212164244
 0.9224567226606469
 0.915279339474188
 0
 0
 0.948119845748416
 0.9261262462839408
 0.9248817026388637
 0.9218720664839596
 0.9282106764236042
 0.9302786514088693
 0.9227373232904251
 0.9159363828371831
 0.9262872466708977
 0.9242581436466697
 0.9289339949693785
 0.933006612952804
 0.9226779701837208
 0.9109847386243718
 0.9136348762952962
 0.9025152223746687
 0.9083550624533534
 0.9118484218161977
 0.9060122442565653
 0.9105265766808985
 0.9012337083807896
 0.8980000994752949
 0.9017563853915351
 0.9058685248325105
 0.9092943558089005
 0.9031903724799863
 0.9137257064872363
 0.9042611873432517
 0
 0
 0.9999999999996096
 0.9999999999995177
 0.6751008136555362
 0.4174657526115875
 0.8750445908369522
 0.8138547941649201
 0.8435233314288499
 0.9188023197205384
 0.88171507473647
 0.9003194791930365
 0.9091558206092879
 0.9604593574024287
 0.8844583013157906
 0.9401977556973745
 0.9301135283338304
 0.4879203771958406
 0.9292059351136629
 0.9723821789238646
 0.981238843443301
 0.9821962776228634
 0.9812917776364403
 0.9821017795757061
 0.9804940905754098
 0.9858452084723128
 0.9904749507619204
 0.9905509758683047
 0.992175310729963
 0.9926525222997716
 0
 0
 1
 1
 0.806500080826101
 0.8229376311161016
 0.8103548844118907
 0.7503356961337774
 0.865089529324334
 0.9060211613433126
 0.8725781760514781
 0.9350777616943685
 0.8732669559428375
 0.9511016296161913
 0.8845235685171384
 0.9310553642586481
 0.9067902496962532
 0.9628661761272549
 0.6002643659432092
 0.9269607840009684
 0.9048630544642891
 0.9890169424177657
 0.9518929094780546
 0.9863076480366835
 0.9363709444423377
 0.9437241901371325
 0.9754048226217603
 0.9700831823424872
 0.9441163380943139
 0.9801921451040845
 0
 0
 0
 0
 0
 0
 0
 0
 0
 0
 0
 0
 0
 0
 0
 0
 0
 0
 0
 0
 0
 0
 0
 0
 0
 0
 0
 0
 0
 0
 0
 0
 0
 0
 0
 0
 0
 0
 0
 0
 0
 0
 0
 0
 0
 0
 0
 0
 0
 0
 0
 0
 0
 0
 0
 0
 0
 0
 0
 0
 0
 0
 0
 0
 0
 0
 0
 0
 0
 0
 0
 0
 0
 0
 0
 0
 0
 0
 0
 0
 0
 0
 0
 0
 0
 0
 0
 0
 0
 0
 0
 0
 0
 0
 0
 0
 0
 0
 0
 0
 0
 0
 0
 0
 0
 0
 0
 0
 0
 0
 0
 0
 0
 0
 0
 0
 0
 0
 0
 0
 0
 0
 0
 0
 0
 0
 0
 0
 0
 0
 0
 0
 0
 0
 0
 0
 0
 0
 0
 0
 0
 0
 0
 0
 0
 0
 0
 0
 0
 0
 0
 0
 0.9899353151608287
 0.8967603660990914
 0.9416611614936319
 0.9284688713810473
 0.902419718006148
 0.9266386298123905
 0.9187700475229048
 0.9031431413816864
 0.9131987162745724
 0.9161772066032674
 0.9085746361808564
 0.9112396464648641
 0.9227260058886273
 0.9138283559260082
 0.9088068887139128
 0.90107551205241
 0.897126835484188
 0.9018052215849026
 0.9190691651213904
 0.9065849932681487
 0.8960731706290781
 0.9108769990184562
 0.908774439000878
 0.9080171897592064
 0.898975512520406
 0.9035959394858294
 0.9008174238356536
 0.9023607295400642
 0
 0
 0
 0
 0
 0
 0
 0
 0
 0
 0
 0
 0
 0
 0
 0
 0
 0
 0
 0
 0
 0
 0
 0
 0
 0
 0
 0
 0
 0
 0
 0
 0
 0
 0
 0
 0
 0
 0
 0
 0
 0
 0
 0
 0
 0
 0
 0
 0
 0
 0
 0
 0
 0
 0
 0
 0
 0
 0
 0


