# Created by Octave 3.8.2, Sat Nov 21 01:32:50 2015 CET <dkottke@snake4>
# name: mus
# type: matrix
# ndims: 3
 1 30 19
 0
 0
 0.4937343358395989
 0.4065656565656566
 0.420253164556962
 0.4835858585858585
 0.6491228070175437
 0.6836734693877551
 0.6887626262626266
 0.5948717948717948
 0.6672979797979797
 0.6414141414141413
 0.6225641025641028
 0.6913265306122449
 0.782051282051282
 0.7604166666666666
 0.8371696504688835
 0.8106060606060607
 0.8421052631578947
 0.8236842105263158
 0.837092731829574
 0.8169191919191918
 0.8118783745382211
 0.8515625
 0.8400000000000001
 0.8302564102564103
 0.8659211159211158
 0.8596938775510203
 0.8287394764156383
 0.835897435897436
 0
 0
 1
 0.25
 0.6
 0.9
 0.6
 0.4
 0.6
 0.4
 0.3333333333333333
 0.7
 0.6333333333333333
 0.4
 0.4
 0.45
 0.5666666666666667
 0.5333333333333333
 0.6166666666666666
 0.65
 0.6799999999999999
 0.64
 0.77
 0.6699999999999999
 0.8
 0.8066666666666666
 0.7533333333333333
 0.8133333333333332
 0.8
 0.7
 0
 0
 1
 0.4888112968729224
 0.524361035231901
 0.7202978861816989
 0.7138600937036061
 0.6565478297031504
 0.74293763940972
 0.5234276572338894
 0.5761823639584259
 0.5226437137676809
 0.5804686625934865
 0.5066403252161046
 0.5926042547462494
 0.6188905031245103
 0.6363053126759646
 0.6737079973641309
 0.6386726511611964
 0.718555404200656
 0.7591530532722149
 0.7313241950067553
 0.7509975260562833
 0.7479512915952076
 0.7619358120307729
 0.758057250368783
 0.7772366784989375
 0.7988519137872527
 0.7885411856729204
 0.8108729218984134
 0
 0
 0.9999999999825407
 0.3846243248777736
 0.5833579634987344
 0.720135884411782
 0.6139832591357901
 0.4396785919396944
 0.5573859790340668
 0.4187944854352919
 0.4706919418968869
 0.51639034763869
 0.4992899041463806
 0.4848581840726259
 0.4874160101771881
 0.5365097144039654
 0.527952227228201
 0.5843406219400216
 0.6218648624116807
 0.6462215659896928
 0.6684467571708571
 0.6750483842959093
 0.6935250412803527
 0.6581658543192234
 0.671069116795454
 0.6910286663378374
 0.6971328205996117
 0.7082332514920623
 0.7137550543376086
 0.7278488775148581
 0
 0
 1
 0.75
 0.6
 0.8333333333333334
 0.5714285714285714
 0.5
 0.7777777777777778
 0.2
 0.4545454545454545
 0.5
 0.4615384615384616
 0.4444444444444444
 0.2
 0
 0
 1
 0
 1
 1
 0
 1
 1
 1
 1
 1
 1
 1
 1
 0
 0
 0.9999999999754838
 0.5168535480128268
 0.5580194003736337
 0.6563177280273281
 0.5606885987157827
 0.4568452960075591
 0.5383075535848663
 0.3984640634811457
 0.4607973576775638
 0.4977585221572132
 0.488948463296391
 0.4721210193403146
 0.4680034442076274
 0.5041045627049013
 0.4867177504056603
 0.6474676062501833
 0.6024543316648868
 0.6394169411055475
 0.680050251176645
 0.6153138852112396
 0.7893260084828597
 0.7414623658240379
 0.6736447670843714
 0.7012181214715939
 0.7201810785704699
 0.7385084067078365
 0.6796240228688579
 0.8682695361503464
 0
 0
 1
 0.6517517603025228
 0.7043290444089024
 0.7661470912865247
 0.6915477573858204
 0.6409234904004725
 0.6900959906155633
 0.6286459735735577
 0.5974374680326603
 0.6915838423633828
 0.6644691610901413
 0.6332233566841418
 0.6330102727417328
 0.6508286490986273
 0.6690294470576181
 0.7104430399217736
 0.6803052857605788
 0.6992497548288011
 0.7145143859471288
 0.6834208380068135
 0.7690116203119179
 0.6823795836784836
 0.7237272565713476
 0.751094570572865
 0.75456519947237
 0.8174790926806774
 0.7796315803105528
 0.8264987611178783
 0
 0
 0.9999999999643315
 0.3707208301024053
 0.5649302974484315
 0.626059075026386
 0.5871654377323583
 0.4349995412753564
 0.5469266134727291
 0.422877633015506
 0.4591119761785159
 0.4993337972204947
 0.4842912966637832
 0.4813137403576467
 0.5174541803327533
 0.5691907805610895
 0.5467714732790424
 0.6006587328911903
 0.6330292128264228
 0.6677185160432388
 0.6729210844504709
 0.687012289060875
 0.7067867854872247
 0.6619167031818508
 0.6815810321322582
 0.7026988142257596
 0.692837384192074
 0.6985311547813016
 0.7150612182639071
 0.7275950426681308
 0
 0
 0.9999746137375968
 0.9999997114642987
 1
 0.9999999999949565
 0.9999999999999994
 1
 1
 0.9999999999999997
 0.9999999999999996
 0.9999999983148707
 0.9903224114757117
 0.9913603877247902
 0.9867883905766076
 0.9709482114342085
 0.9781343190857085
 0.9803249587476642
 0.9720889679179515
 0.9717816401564101
 0.9553764629794257
 0.9597888141135502
 0.96274857260172
 0.9516013587134395
 0.9556762342981832
 0.9559849819580907
 0.9527797640231045
 0.9501185105761458
 0.9500375723478985
 0.9353027353290084
 0
 0
 0.999999999980119
 0.5949510236107673
 0.4882849137649593
 0.5915348167166411
 0.5415867495214349
 0.4437303903651064
 0.5426712822601876
 0.4111166433319833
 0.4454967723020301
 0.4756458856095479
 0.4772808178167901
 0.4781081372678213
 0.4985490332076395
 0.5284520684956685
 0.5324356446299527
 0.5691765346159665
 0.6076988727854774
 0.6397674512894292
 0.7949393524796703
 0.6749665134729136
 0.8022327146809271
 0.6423075189599599
 0.7597651639724091
 0.6840151548783311
 0.6768182759510052
 0.7607531023127169
 0.6938856423163892
 0.7148522555663785
 0
 0
 1
 0.675312649814802
 0.6516487370437315
 0.7663158559426433
 0.6914755187140313
 0.6277858094009539
 0.5994558418125479
 0.6425999658190217
 0.5786365728402799
 0.6524070477427715
 0.6632077871346815
 0.7263669471076777
 0.6114319370830105
 0.6350147778332136
 0.6777268216393106
 0.6801246193595358
 0.6614138184913294
 0.688177811959398
 0.6825376544554134
 0.6799611654342446
 0.7241913224384295
 0.7114438289057361
 0.7276408608428555
 0.7323073129326948
 0.7275315467516995
 0.8118081582559165
 0.7423919372754082
 0.7590880831063429
 0
 0
 0
 0
 0
 0
 0
 0
 0
 0
 0
 0
 0
 0
 0
 0
 0
 0
 0
 0
 0
 0
 0
 0
 0
 0
 0
 0
 0
 0
 0
 0
 0
 0
 0
 0
 0
 0
 0
 0
 0
 0
 0
 0
 0
 0
 0
 0
 0
 0
 0
 0
 0
 0
 0
 0
 0
 0
 0
 0
 0
 0
 0
 0
 0
 0
 0
 0
 0
 0
 0
 0
 0
 0
 0
 0
 0
 0
 0
 0
 0
 0
 0
 0
 0
 0
 0
 0
 0
 0
 0
 0
 0
 0
 0
 0
 0
 0
 0
 0
 0
 0
 0
 0
 0
 0
 0
 0
 0
 0
 0
 0
 0
 0
 0
 0
 0
 0
 0
 0
 0
 0
 0
 0
 0
 0
 0
 0
 0
 0
 0
 0
 0
 0
 0
 0
 0
 0
 0
 0
 0
 0
 0
 0
 0
 0
 0
 0
 0
 0
 0
 0
 0.9999720539081386
 0.999999914139982
 0.9999999999901114
 0.9999999999999764
 0.9999933694093168
 0.9999999998978344
 0.9999999977628142
 0.9999997603979309
 0.9999996591954654
 0.9999997501030093
 0.9928249506944665
 0.9919494294268645
 0.9691960282484833
 0.9707408236271581
 0.9811817448836516
 0.9768476173520594
 0.9686055806673443
 0.963827498733981
 0.9578410381795518
 0.9611796843691569
 0.959364578749072
 0.9525706843281078
 0.9556243749277964
 0.9536869887725365
 0.9572902894468207
 0.9506411932223667
 0.9406731965302823
 0.9526685696475891
 0
 0
 0
 0
 0
 0
 0
 0
 0
 0
 0
 0
 0
 0
 0
 0
 0
 0
 0
 0
 0
 0
 0
 0
 0
 0
 0
 0
 0
 0
 0
 0
 0
 0
 0
 0
 0
 0
 0
 0
 0
 0
 0
 0
 0
 0
 0
 0
 0
 0
 0
 0
 0
 0
 0
 0
 0
 0
 0
 0


