# Created by Octave 3.8.2, Mon Nov 16 00:07:05 2015 CET <dkottke@snake6>
# name: mus
# type: matrix
# ndims: 3
 1 30 19
 0
 0
 0.6618357487922704
 0.6634615384615384
 0.6585365853658539
 0.6568627450980393
 0.9655172413793105
 0.9711538461538461
 0.9710144927536233
 0.975
 0.9712918660287079
 0.9754901960784315
 0.8942307692307693
 0.9693877551020408
 0.9692307692307693
 0.9711538461538461
 0.9705882352941178
 0.9696969696969696
 0.9665071770334929
 0.9650000000000001
 0.9682539682539681
 0.9747474747474748
 0.9758454106280191
 0.9791666666666666
 0.98
 0.9423076923076923
 0.9304610733182163
 0.9387755102040817
 0.9458128078817734
 0.9555555555555556
 0
 0
 1
 1
 1
 1
 0.8
 0.9
 0.9
 0.9
 0.9333333333333332
 0.9
 0.8666666666666666
 0.7666666666666666
 0.7999999999999999
 0.7499999999999999
 0.8833333333333332
 0.8166666666666668
 0.85
 0.9
 0.9099999999999999
 0.9
 0.8800000000000001
 0.95
 0.96
 0.9666666666666668
 0.8800000000000001
 0.9
 0.8866666666666667
 0.9
 0
 0
 1
 1
 1
 1
 0.831434517645718
 0.918456447911116
 0.9226705849699731
 0.9243562397935159
 0.9395271332054013
 0.9460891466256216
 0.8951897439315907
 0.857051502486826
 0.8835162131018446
 0.8919873197643439
 0.9003533458149249
 0.8867057499082709
 0.9119525069193335
 0.9405606001507877
 0.9379965440312104
 0.923225741138592
 0.9134473234804189
 0.9260522252269989
 0.9247388870870636
 0.9107775453090596
 0.9208269877135384
 0.9423529064616676
 0.9211832349839264
 0.9419613938675274
 0
 0
 0.9999999999776052
 0.9999999998634135
 0.999999999928052
 0.9999999999474023
 0.7679997558837588
 0.8053475550435689
 0.8489288405146873
 0.8843351707448754
 0.8916167025613222
 0.9028300221075616
 0.8544085763264864
 0.8186790969047181
 0.8179329129131598
 0.8391018633652908
 0.8540154296125171
 0.8472073368235771
 0.8612003061956824
 0.8711704261570506
 0.8769297126680392
 0.8808878169151914
 0.8866613852871
 0.8802399211467767
 0.8871540944895436
 0.87528596769002
 0.8724218128887653
 0.880572754385065
 0.8862815972479582
 0.8728555114070924
 0
 0
 0.9999999999804113
 0.9999999996484523
 0.9999999999244205
 0.9999999999477104
 0.7966964006322825
 0.8503609857428738
 0.8609416816534725
 0.88244408882337
 0.8813488920895101
 0.8963740016460342
 0.8547092453600617
 0.8146180025542837
 0.8227137832663414
 0.8428152213456016
 0.8473398195110126
 0.8433116146310806
 0.8562881570442789
 0.8766643078140918
 0.8743108251101042
 0.8754072603263471
 0.885219712371659
 0.8820238347445349
 0.8847611234170306
 0.8761313536114771
 0.873676233566497
 0.879037689146962
 0.883177478074275
 0.8742999251199964
 0
 0
 0.9999999999754399
 0.9999999999071659
 0.9999999998927108
 0.9999999999873321
 0.7201233180420886
 0.8447408521485017
 0.8712647753153614
 0.8700418188904061
 0.8852315598561959
 0.9042115698643904
 0.8387542806938878
 0.7867863419387942
 0.8062165389308317
 0.8466274978850155
 0.8561274626284654
 0.8438963747701361
 0.8478840302710526
 0.8651245923039866
 0.8990228154606116
 0.8508927089591367
 0.8921295134102635
 0.8356219310224634
 0.8861795206741406
 0.8580081865229853
 0.8485710206281926
 0.8742704990229097
 0.8801089148962106
 0.8964993785471821
 0
 0
 1
 0.9999999999988323
 0.9999999999979705
 0.9999999996755905
 0.8038859081892975
 0.8724699163240985
 0.8696685107006776
 0.9128631129654221
 0.9232910098218393
 0.9366262122021887
 0.8765405625902704
 0.833747660125457
 0.8773245050865739
 0.8872557158560963
 0.89090064833281
 0.8851645708892736
 0.8947315508850177
 0.8720958661906089
 0.905236130949063
 0.878815744902403
 0.8896149896778718
 0.876583189815996
 0.9001997786538755
 0.9026771282805069
 0.8922045956437686
 0.8995614550540225
 0.8993682388827103
 0.9394994058993006
 0
 0
 0.9999999999709895
 0.9999999999670711
 0.9999999999639148
 0.9999999999961554
 0.7064666215264013
 0.8038189746054125
 0.8215749755256339
 0.8703789622850089
 0.8970884951642379
 0.9074828319891051
 0.8663227680059964
 0.8544691579527003
 0.8620863932663637
 0.8685217327805389
 0.8791972712431539
 0.8678622341584107
 0.8797370189625198
 0.8974309327130462
 0.9027607774438061
 0.8966905350202042
 0.9054000191443283
 0.8949016977795829
 0.9030488917772398
 0.8835976091984302
 0.8807905444436701
 0.8876001433763711
 0.891928042977878
 0.8821299393096365
 0
 0
 0.9999999999730887
 0.9999999999677076
 0.9999999999855682
 0.9999999999921363
 0.7085003652738555
 0.81427150444415
 0.8372479912550818
 0.8646214413765659
 0.877813877804222
 0.9043929845958176
 0.8695284246616443
 0.8530428495119322
 0.8605961480162414
 0.8747604858802691
 0.8758740324923975
 0.8662165701062828
 0.8808245076171153
 0.8972207613492098
 0.895154522498765
 0.8949950956586965
 0.902251428569304
 0.8939426766616528
 0.8979307722345602
 0.882464879864607
 0.8782231308598081
 0.8883410537644775
 0.8903737019350777
 0.8816875840539612
 0
 0
 0.999999999999897
 0.9999999999999521
 0.9999999999825844
 0.9999999999999877
 0.7206136009956088
 0.8169371200932347
 0.8822722844161905
 0.8726859098105834
 0.8928391194024778
 0.9033010171345951
 0.8463523954794634
 0.8646758379321043
 0.9089477237635344
 0.8660713714977456
 0.8726394078286333
 0.861195341896283
 0.8870177367811783
 0.9199419965775802
 0.8961745893440984
 0.8910924237265307
 0.9068017181618829
 0.899766052140171
 0.9041427514858704
 0.8937170998430576
 0.8789834028305136
 0.8980256282599478
 0.8900232186730427
 0.8737663371133775
 0
 0
 1
 0.9999999999858251
 0.9999999999999438
 0.9999999999999909
 0.8056202572931975
 0.9055183795367036
 0.8781201265784064
 0.8952110076837367
 0.889395654029058
 0.9108753582996776
 0.8583973141691016
 0.8239710793592631
 0.8436014163641686
 0.8793926523830812
 0.8566103691502418
 0.8796507658467587
 0.9732194836922119
 0.9123548696650543
 0.8897611727620219
 0.9635350622572014
 0.9088951535928109
 0.8932434476392842
 0.8999614837643953
 0.9088091110212453
 0.91559970674373
 0.9014420090537577
 0.9091363104499806
 0.9023093068247177
 0
 0
 0
 0
 0
 0
 0
 0
 0
 0
 0
 0
 0
 0
 0
 0
 0
 0
 0
 0
 0
 0
 0
 0
 0
 0
 0
 0
 0
 0
 0
 0
 0
 0
 0
 0
 0
 0
 0
 0
 0
 0
 0
 0
 0
 0
 0
 0
 0
 0
 0
 0
 0
 0
 0
 0
 0
 0
 0
 0
 0
 0
 0
 0
 0
 0
 0
 0
 0
 0
 0
 0
 0
 0
 0
 0
 0
 0
 0
 0
 0
 0
 0
 0
 0
 0
 0
 0
 0
 0
 0
 0
 0
 0
 0
 0
 0
 0
 0
 0
 0
 0
 0
 0
 0
 0
 0
 0
 0
 0
 0
 0
 0
 0
 0
 0
 0
 0
 0
 0
 0
 0
 0
 0
 0
 0
 0
 0
 0
 0
 0
 0
 0
 0
 0
 0
 0
 0
 0
 0
 0
 0
 0
 0
 0
 0
 0
 0
 0
 0
 0
 0
 0.9729390951430429
 0.9866446025051691
 0.9983156783843166
 0.9990727059892195
 0.696117912217344
 0.8077410028485417
 0.8345548096179042
 0.8630027801537828
 0.8747791556024833
 0.8969040010349434
 0.8672803978032748
 0.8532635060954006
 0.8519744355685496
 0.8745914677915708
 0.873641746565106
 0.8634552939341765
 0.8796672227138037
 0.8976625826993221
 0.8930254207962858
 0.8958556308163435
 0.9001090007030481
 0.8922672297116745
 0.895869132577796
 0.8798429732719812
 0.8771631561150038
 0.8851671312743611
 0.8873867429998282
 0.8772208608779003
 0
 0
 0
 0
 0
 0
 0
 0
 0
 0
 0
 0
 0
 0
 0
 0
 0
 0
 0
 0
 0
 0
 0
 0
 0
 0
 0
 0
 0
 0
 0
 0
 0
 0
 0
 0
 0
 0
 0
 0
 0
 0
 0
 0
 0
 0
 0
 0
 0
 0
 0
 0
 0
 0
 0
 0
 0
 0
 0
 0


