# Created by Octave 3.8.2, Sat Nov 21 00:52:36 2015 CET <dkottke@snake7>
# name: mus
# type: matrix
# ndims: 3
 1 30 19
 0
 0
 0.3709273182957393
 0.4292929292929293
 0.5797468354430378
 0.577020202020202
 0.5238095238095239
 0.6938775510204082
 0.690656565656566
 0.7000000000000001
 0.7051767676767676
 0.6843434343434343
 0.7002564102564104
 0.7168367346938777
 0.7448717948717949
 0.7916666666666666
 0.8110258596192103
 0.8194444444444445
 0.8220551378446114
 0.8157894736842105
 0.8045112781954888
 0.8282828282828282
 0.8016481955100881
 0.8098958333333334
 0.8160000000000002
 0.8215384615384617
 0.7765752765752765
 0.7232142857142857
 0.7571214392803599
 0.7589743589743591
 0
 0
 0
 0.5
 0.4
 0.4
 0.3
 0.3
 0.3
 0.4
 0.3666666666666666
 0.6
 0.5666666666666667
 0.6
 0.7333333333333333
 0.7666666666666666
 0.7666666666666666
 0.8
 0.6833333333333333
 0.7
 0.76
 0.72
 0.71
 0.71
 0.72
 0.6866666666666668
 0.7466666666666666
 0.74
 0.7666666666666666
 0.7999999999999999
 0
 0
 0.3759835509000136
 0.4038387415938851
 0.6583959376460401
 0.7787578044100049
 0.5722585916844085
 0.5401266087158236
 0.4945815625345368
 0.698564248586633
 0.4759542655252267
 0.5275804499222363
 0.5389964025000518
 0.69833009198193
 0.7456386788297394
 0.6983685392042422
 0.7902740656417804
 0.7811018956715083
 0.8245091629480497
 0.8160009473558163
 0.8112412473370904
 0.8044403256535475
 0.7487339194457507
 0.7739701954658552
 0.8040537653760831
 0.8146176971256609
 0.7809268404256142
 0.7868636438492707
 0.8748015630215444
 0.8429326249275704
 0
 0
 0.05985826172334292
 0.5893222339643701
 0.4636472392117087
 0.6351213914889582
 0.4400881662302299
 0.2566063431616084
 0.347117252650496
 0.4857002750192643
 0.4109699974517296
 0.4769039456756334
 0.5512393255587542
 0.5803885485308451
 0.6689741189181739
 0.6878697855002553
 0.7211946656693035
 0.777029497549612
 0.7900332990730319
 0.8068588415958172
 0.8308553515931753
 0.791543097027686
 0.7503781968193427
 0.7463743456161849
 0.7780383785768328
 0.7836610493454294
 0.7658678188551966
 0.780643239830033
 0.7899724203885584
 0.7897212755693529
 0
 0
 0
 0.75
 0.4
 0.8333333333333334
 0.4285714285714285
 0.125
 0.1111111111111111
 0.5
 0.3636363636363636
 0.1666666666666667
 0.1538461538461539
 0.1111111111111111
 0.8
 0.3333333333333333
 1
 1
 1
 1
 1
 1
 1
 1
 0
 1
 0
 1
 1
 1
 0
 0
 0.07066340511250357
 0.7810178209456892
 0.6048486652239684
 0.7908665961019695
 0.3754646015144027
 0.1518020589474158
 0.243164453179567
 0.501226594582319
 0.3752332180184098
 0.3609777639135969
 0.4289122061623216
 0.5250630574603335
 0.694640825430153
 0.6065149074560738
 0.7798999814971731
 0.8607942716808514
 0.8698013011334036
 0.7288388775522203
 0.847904054656905
 0.8481581084659215
 0.8390862520343327
 0.7854808055262138
 0.6514513916811497
 0.7460086415768757
 0.6998704388440046
 0.8813615614338451
 0.7171032443086272
 0.8204340840894819
 0
 0
 0.7892931470571475
 0.4706005384751436
 0.6869619575094542
 0.7074981880362947
 0.5840903142630969
 0.5816883809079517
 0.570253404977288
 0.6527953557128348
 0.6306913043988662
 0.6140535709976471
 0.7060898202215464
 0.677884883981138
 0.6955476104324124
 0.7703418132288354
 0.7442861736452311
 0.7356732992321939
 0.8165091388877438
 0.8193820686008256
 0.8242644209387096
 0.7541139864547761
 0.8263278189427361
 0.7723477731323908
 0.7841664176322398
 0.7954926203183831
 0.8327263413442841
 0.8072203142359918
 0.8224199632684086
 0.8585876072266164
 0
 0
 0.027364543560726
 0.5648741838777388
 0.6184152599192005
 0.6406216790441782
 0.4166392854143591
 0.2843283631107728
 0.3972743635933463
 0.4927403167261287
 0.447479909790756
 0.4751389609792852
 0.5347344588585461
 0.5693139907320115
 0.620709892673128
 0.6399572939614543
 0.6527216262328083
 0.6909022913209795
 0.7152505727123597
 0.726293715580315
 0.7433622260992506
 0.7206100755185274
 0.6834648171831159
 0.6882819249441127
 0.7012926629021338
 0.7149418636381215
 0.7118872315258343
 0.7260747138001189
 0.7371556406891986
 0.7275662301469931
 0
 0
 0.8798622895305203
 0.932691782485185
 0.9448165979255714
 0.9186571051494403
 0.898331359413361
 0.9201419211345704
 0.9132051947612297
 0.9256073279176537
 0.9381014102720909
 0.9179663090960568
 0.9315686591198687
 0.918527350353916
 0.9226239680591536
 0.9092421099111849
 0.9025152112018672
 0.9019389104486463
 0.9090112002998026
 0.9108124800957753
 0.899865182126554
 0.9140373258543664
 0.9050106401187606
 0.9073695018634274
 0.9053136474969773
 0.8994656695976603
 0.8963337619483791
 0.9028875711766814
 0.9063106946402637
 0.9028889850083528
 0
 0
 0.003311859797993866
 0.7531183103226113
 0.6183168290542314
 0.6400987165302428
 0.4144903359855185
 0.1848428909335542
 0.285594891910909
 0.4888248357956615
 0.3782332878970585
 0.4423523640118101
 0.5203159274564345
 0.5674233669923247
 0.6491210137835964
 0.6350081017420437
 0.7039476957421182
 0.7597936365455176
 0.7831287264426059
 0.7960862202242551
 0.8476252461703871
 0.7894821699754324
 0.6958165354111412
 0.7451836843008363
 0.7076677989590318
 0.7357277886059543
 0.6806010948533213
 0.7586480373657579
 0.7999701459210447
 0.8038230792469774
 0
 0
 0.7892931470571475
 0.547888182890841
 0.6616057354289189
 0.6304401435713847
 0.5656502808991202
 0.5495348083164376
 0.5949379766696374
 0.689428594575567
 0.6480518993025066
 0.6169355993073244
 0.6774877542789807
 0.6326367923985373
 0.6963754902789276
 0.7393623633910322
 0.7532791831258495
 0.7106792395239578
 0.7659072715271239
 0.8654310808425174
 0.801733221260735
 0.7582435832795476
 0.8396241578385502
 0.7639170727170335
 0.7671351055571801
 0.7777656061715551
 0.77680974036225
 0.8399641717139561
 0.7745204979966687
 0.8758097770043299
 0
 0
 0
 0
 0
 0
 0
 0
 0
 0
 0
 0
 0
 0
 0
 0
 0
 0
 0
 0
 0
 0
 0
 0
 0
 0
 0
 0
 0
 0
 0
 0
 0
 0
 0
 0
 0
 0
 0
 0
 0
 0
 0
 0
 0
 0
 0
 0
 0
 0
 0
 0
 0
 0
 0
 0
 0
 0
 0
 0
 0
 0
 0
 0
 0
 0
 0
 0
 0
 0
 0
 0
 0
 0
 0
 0
 0
 0
 0
 0
 0
 0
 0
 0
 0
 0
 0
 0
 0
 0
 0
 0
 0
 0
 0
 0
 0
 0
 0
 0
 0
 0
 0
 0
 0
 0
 0
 0
 0
 0
 0
 0
 0
 0
 0
 0
 0
 0
 0
 0
 0
 0
 0
 0
 0
 0
 0
 0
 0
 0
 0
 0
 0
 0
 0
 0
 0
 0
 0
 0
 0
 0
 0
 0
 0
 0
 0
 0
 0
 0
 0
 0
 0.8850762961729015
 0.9129173842410082
 0.9404141838084729
 0.9075162811285276
 0.9015544633461577
 0.9122691011571872
 0.9188476666837953
 0.9011224411639147
 0.9202704879578563
 0.9186527934346072
 0.9144388568599187
 0.9199705314003812
 0.909367491614223
 0.9053871924510057
 0.9192478452979853
 0.9175879330643008
 0.9028729679501096
 0.9102359980981209
 0.9084840081895305
 0.9082572474625694
 0.9010326484125667
 0.8961393026619818
 0.9010475955159507
 0.8997997906717036
 0.9016350761332224
 0.9077013008754143
 0.9111293387525976
 0.9066603737844228
 0
 0
 0
 0
 0
 0
 0
 0
 0
 0
 0
 0
 0
 0
 0
 0
 0
 0
 0
 0
 0
 0
 0
 0
 0
 0
 0
 0
 0
 0
 0
 0
 0
 0
 0
 0
 0
 0
 0
 0
 0
 0
 0
 0
 0
 0
 0
 0
 0
 0
 0
 0
 0
 0
 0
 0
 0
 0
 0
 0


