# Created by Octave 3.8.2, Fri Nov 20 23:59:12 2015 CET <dkottke@snake10>
# name: mus
# type: matrix
# ndims: 3
 1 30 19
 0
 0
 0.6666666666666664
 0.7211538461538461
 0.902439024390244
 0.9019607843137254
 0.9162561576354681
 0.9375
 0.9178743961352657
 0.95
 0.9043062200956937
 0.9705882352941176
 0.951923076923077
 0.9744897959183673
 0.9589743589743591
 0.9711538461538461
 0.965686274509804
 0.9671717171717172
 0.9330143540669859
 0.9150000000000003
 0.9206349206349207
 0.9057239057239058
 0.9227053140096619
 0.9166666666666666
 0.9249999999999999
 0.9278846153846154
 0.9176114890400605
 0.9183673469387755
 0.9352568613652357
 0.9500000000000001
 0
 0
 0.6666666666666666
 0.75
 0.4
 0.5
 0.6
 0.8
 0.9
 0.9
 0.9
 0.9
 0.9333333333333332
 0.9333333333333332
 0.9333333333333332
 0.9333333333333332
 0.9333333333333332
 0.95
 0.9
 0.9
 0.95
 0.95
 0.96
 1
 0.96
 0.96
 0.9666666666666668
 0.96
 0.9666666666666668
 0.9666666666666668
 0
 0
 0.7301924444024449
 0.8094672074452929
 0.6882398604416977
 0.7376699680861486
 0.7197598855860061
 0.7237760080250657
 0.7770514053901584
 0.7998680472370086
 0.8066662216596557
 0.7964032752884785
 0.9226525654955677
 0.8971957168332513
 0.8919337047012063
 0.9335820350990189
 0.9192808402977111
 0.9131527648454993
 0.9178077324071632
 0.9159212871082537
 0.9380415632434984
 0.9427370638992932
 0.945279489610522
 0.9587063872536757
 0.9625108153385906
 0.9512755687003746
 0.9584823952330435
 0.9577412068250484
 0.9520625306070045
 0.971554325123647
 0
 0
 0.8034433742359134
 0.7062328761787243
 0.5489465955823818
 0.5757636097374244
 0.5675233587384204
 0.6339917006964835
 0.7450739025473512
 0.758481730800121
 0.7665492066430291
 0.782644360450884
 0.80327935416563
 0.818270539270433
 0.8329807017778483
 0.8435122502829537
 0.8445026682925223
 0.8613662565260446
 0.8422757674218492
 0.8647014920774491
 0.8659545490664372
 0.8788358821159005
 0.8897409615321036
 0.8920347074644273
 0.8899533860245157
 0.9018524009444989
 0.9116582425087053
 0.9085261800899557
 0.9048723250439177
 0.898421522694569
 0
 0
 0
 1
 0.2
 0.1666666666666667
 0.5714285714285714
 0.625
 0.7777777777777778
 1
 1
 0.9166666666666666
 1
 0.8888888888888888
 1
 1
 1
 1
 1
 1
 1
 1
 1
 1
 1
 1
 1
 1
 1
 1
 0
 0
 0.1666701356345796
 0.6523453522052591
 0.454126975795819
 0.4597734868527238
 0.5938899014726737
 0.6463207552045641
 0.7023337587732171
 0.8617974528683464
 0.8178699618539842
 0.7476166989645456
 0.7722497363270393
 0.7818677566161926
 0.7635974700121924
 0.8928948999579969
 0.7798135666655718
 0.7940788239594068
 0.9457872956605734
 0.9489803524340105
 0.8632295644446891
 0.8254042693791304
 0.8887704266898953
 0.9174086178792507
 0.8329112276372873
 0.9230923781076095
 0.9699709086223851
 0.8844880828219537
 0.9569200046530432
 0.8305692032171571
 0
 0
 0.3678794411714423
 0.7374826998077925
 0.6727455377287964
 0.8174665078242636
 0.7716491456283541
 0.7814858892308492
 0.7991234597431648
 0.7965848120213139
 0.8353952770064654
 0.7828319562767845
 0.8197347556308896
 0.8392702296841149
 0.8608529780351755
 0.8552174454394805
 0.8088888023675209
 0.8252900665641488
 0.8456985339866854
 0.8876988067088095
 0.9258970530234736
 0.8504015631005888
 0.8950372304115307
 0.8606192794354699
 0.8525036033000701
 0.9216387222559396
 0.9375274045883307
 0.9122047432015744
 0.8682835317151002
 0.8852387065580574
 0
 0
 0.7993417255062181
 0.7003737070283038
 0.5304585272680893
 0.6262582627337631
 0.6059280499577137
 0.6864887212366655
 0.7157981448860832
 0.7389171625974968
 0.7662789186630605
 0.7574939461559804
 0.7956382678496817
 0.8102459414259358
 0.8262349392942955
 0.8526043769147555
 0.8481867477629047
 0.8715995888599666
 0.8528210080719162
 0.8937987069164524
 0.8894705102260532
 0.8964964629280516
 0.9054779289156261
 0.9122149692565712
 0.9214345843683412
 0.9263545979217981
 0.9287130043842318
 0.9286347462701271
 0.9185808586762676
 0.9254202906895016
 0
 0
 0.9999812064433158
 0.999999999235335
 0.9999999998611159
 0.9999999999665139
 1
 0.9999999986223813
 0.9999999999999998
 1
 0.9999999999896838
 0.9999940075575913
 0.9956929618252734
 0.9898360318331058
 0.9739212561534547
 0.9741319535345815
 0.9699022535989108
 0.9761798446972596
 0.9692357955326245
 0.9637716618407048
 0.9611286208591728
 0.9674476704069619
 0.9599747065394904
 0.9553856378883122
 0.9577843753821249
 0.9641221460970344
 0.9474574160722705
 0.9545270381607142
 0.9603646225110343
 0.9506119172552028
 0
 0
 0.1666493449876148
 0.7831934860167523
 0.5164711794914093
 0.606213129268467
 0.6038854106663875
 0.758941253312273
 0.75942763366689
 0.7313700180443278
 0.7338687048180572
 0.8235980257807751
 0.7572936978192846
 0.7936992936820026
 0.9022166220563675
 0.821192430009156
 0.8307491028229997
 0.819759635789572
 0.9598539562071627
 0.9787687078635033
 0.854807296406412
 0.8746452911338976
 0.8869485154698002
 0.9345210898053551
 0.9136525141183101
 0.9161470114613579
 0.9872100263936271
 0.9275091123475128
 0.9143216278510428
 0.9190565244846922
 0
 0
 0.3678794411714423
 0.7195238365914973
 0.6852423700108259
 0.8182379162885517
 0.7006138623752861
 0.7478444090551043
 0.8108847959432104
 0.8060699042060425
 0.7616967870875273
 0.7726314293984869
 0.7870763736644353
 0.8076453675460159
 0.8142280570722923
 0.8317566795161196
 0.8196252179744737
 0.8304254868632757
 0.8482165141490894
 0.8538544234466136
 0.8495304871564274
 0.8446331084257123
 0.8620447586741357
 0.8623377306354382
 0.8815163821925036
 0.8801498715992464
 0.9002320449023338
 0.8987812877705271
 0.8693206779254263
 0.8798397756292212
 0
 0
 0
 0
 0
 0
 0
 0
 0
 0
 0
 0
 0
 0
 0
 0
 0
 0
 0
 0
 0
 0
 0
 0
 0
 0
 0
 0
 0
 0
 0
 0
 0
 0
 0
 0
 0
 0
 0
 0
 0
 0
 0
 0
 0
 0
 0
 0
 0
 0
 0
 0
 0
 0
 0
 0
 0
 0
 0
 0
 0
 0
 0
 0
 0
 0
 0
 0
 0
 0
 0
 0
 0
 0
 0
 0
 0
 0
 0
 0
 0
 0
 0
 0
 0
 0
 0
 0
 0
 0
 0
 0
 0
 0
 0
 0
 0
 0
 0
 0
 0
 0
 0
 0
 0
 0
 0
 0
 0
 0
 0
 0
 0
 0
 0
 0
 0
 0
 0
 0
 0
 0
 0
 0
 0
 0
 0
 0
 0
 0
 0
 0
 0
 0
 0
 0
 0
 0
 0
 0
 0
 0
 0
 0
 0
 0
 0
 0
 0
 0
 0
 0
 0.9999706305046279
 0.9999999928055782
 0.9999999999983449
 0.9999999999999284
 1
 0.999999340722918
 0.9999999880117419
 0.9999999831292528
 0.9999314842604718
 0.9964316982482937
 0.9940978785482392
 0.9881108241842493
 0.9798293974636688
 0.9768833211660739
 0.9749563969401916
 0.9708756365099822
 0.9650756679910727
 0.9688230512742925
 0.9655677164600074
 0.9605993894556509
 0.9658973643833429
 0.9567603908610336
 0.945426814461199
 0.9656769523222026
 0.9565630503178912
 0.9443944614215477
 0.9441598692101003
 0.9506446142239893
 0
 0
 0
 0
 0
 0
 0
 0
 0
 0
 0
 0
 0
 0
 0
 0
 0
 0
 0
 0
 0
 0
 0
 0
 0
 0
 0
 0
 0
 0
 0
 0
 0
 0
 0
 0
 0
 0
 0
 0
 0
 0
 0
 0
 0
 0
 0
 0
 0
 0
 0
 0
 0
 0
 0
 0
 0
 0
 0
 0


