# Created by Octave 3.8.2, Fri Nov 20 20:19:21 2015 CET <dkottke@snake9>
# name: mus
# type: matrix
# ndims: 3
 1 30 19
 0
 0
 0.4974958263772949
 0.6224944320712695
 0.5927576601671314
 0.5752508361204015
 0.7153974430239031
 0.6702008928571429
 0.6677833612506969
 0.6050279329608942
 0.6060871643693733
 0.5799776286353469
 0.6101820884429582
 0.6057477678571426
 0.631932773109244
 0.6277901785714286
 0.6000373482726421
 0.6324354657687993
 0.615701487761958
 0.6241573033707867
 0.6319327731092436
 0.6313131313131313
 0.6595131921218882
 0.6306306306306306
 0.6247887323943663
 0.6213303604607953
 0.6192480359147023
 0.6308593749999998
 0.6665739710789764
 0.654802259887006
 0
 0
 1
 0.5
 0.4
 0.7
 0.4
 0.3
 0.2
 0.2
 0.3333333333333333
 0.4333333333333333
 0.4666666666666666
 0.4
 0.4
 0.25
 0.2833333333333333
 0.45
 0.4333333333333333
 0.5
 0.42
 0.55
 0.5199999999999999
 0.46
 0.4400000000000001
 0.5
 0.5800000000000001
 0.6533333333333334
 0.5399999999999999
 0.5666666666666667
 0
 0
 1
 0.4795928720566726
 0.5867130631435615
 0.6658213852437656
 0.6145289664686584
 0.2476534117529829
 0.3838260975575595
 0.4715937714099476
 0.5969765943771963
 0.4366788016621004
 0.6479088487324934
 0.4639671669499169
 0.6355593986565948
 0.3361252852522465
 0.2719136397784032
 0.3426099390812551
 0.4178863623762847
 0.4237660044035838
 0.4724615681680213
 0.5610497590972092
 0.5397567789571279
 0.5184903906858387
 0.551837094612293
 0.5690635377355505
 0.6052966443256639
 0.5987699404229012
 0.6302353105909705
 0.6585034781910113
 0
 0
 0.9999999998991159
 0.5010689588976083
 0.3838220172505388
 0.5717300738253236
 0.5001478187858048
 0.2168850860645543
 0.271230259161709
 0.2778998176580372
 0.3388563783976311
 0.3759589137796289
 0.4102038209842661
 0.3667502839666223
 0.4032571850113776
 0.3235257912441564
 0.2606314889752169
 0.3155543781899664
 0.3531966095124635
 0.4131818648146491
 0.4449810549353375
 0.4973738349818552
 0.4806780040890246
 0.4637758034466102
 0.5072884282767016
 0.5267466689287719
 0.5354066934460341
 0.56127542147791
 0.5748384365291332
 0.5752582123211728
 0
 0
 1
 1
 0.4
 1
 0.2857142857142857
 0.125
 0
 0
 0.2727272727272727
 0.25
 0.3846153846153846
 0.3333333333333333
 0.6
 0.3333333333333333
 0
 1
 1
 0
 0
 0
 1
 1
 0
 0
 0
 0
 1
 1
 0
 0
 0.999999999082773
 0.917466255809692
 0.3810906012633422
 0.7784226694530838
 0.4120776823943135
 0.155285705240778
 0.1879896322987128
 0.1693505682146524
 0.3172036480135219
 0.3571067851276369
 0.3619509784659655
 0.3638320173524019
 0.4711123104377736
 0.3045539630906958
 0.2138118836060717
 0.4568597577777923
 0.5600858959070671
 0.4707807693856713
 0.40228594585383
 0.4843836851048808
 0.5775821222412827
 0.4510610260544018
 0.396425903216104
 0.5801440904214086
 0.4871224368282634
 0.590055444634067
 0.597028067350009
 0.6231091607382604
 0
 0
 1
 0.8883625898000282
 0.5279454779069297
 0.6019175064781788
 0.6010859458887576
 0.4865116525111202
 0.5547894371551376
 0.5674254397324774
 0.6136802997679203
 0.6215025816720647
 0.6455447015911208
 0.6227107176862885
 0.6252141002358551
 0.604694599124263
 0.5674967478335559
 0.6009540768365365
 0.5905564047935969
 0.629884665477746
 0.6576731961666271
 0.6717496241612289
 0.6690869750315187
 0.6591535808255149
 0.6472519958827894
 0.678124618480432
 0.6665628992263001
 0.7002389178701839
 0.7105494040209569
 0.7135371336247984
 0
 0
 0.9999999998755094
 0.4993299808123088
 0.4070774341463524
 0.5599715981583497
 0.5493246310101889
 0.2883841366490278
 0.381751313207351
 0.3510959585460406
 0.4202844435656388
 0.4437401525247609
 0.4661121661410982
 0.44443421774731
 0.47862910746701
 0.4016685636160206
 0.3641345160627956
 0.4071810969732559
 0.4265725373775087
 0.4595598058723596
 0.4805985501949024
 0.5084887033695327
 0.5027219539471555
 0.4972001777715271
 0.5269155950844485
 0.5470722099755124
 0.5572280133780546
 0.5787101378599158
 0.5744879538614783
 0.5848122942452857
 0
 0
 0.9486073247705566
 0.9540037521501827
 0.925151919777626
 0.9230709595815119
 0.9414275297533754
 0.9057421160236423
 0.9226069906899649
 0.9202123727546954
 0.9177586343793247
 0.925859221104978
 0.918610201785785
 0.925909355950956
 0.9154657439529672
 0.9057136418723492
 0.8929394419479983
 0.9140897196623233
 0.9097546478933166
 0.9077371928465109
 0.9166379853544918
 0.9099417129561346
 0.9111529752819993
 0.8962942967806031
 0.9140932808130074
 0.9150853718780063
 0.9055760947812348
 0.9039548354503484
 0.8946910229364562
 0.9137988408577873
 0
 0
 0.9999999999997646
 0.8753765962366418
 0.3916668502556316
 0.548892671458455
 0.5389088177779712
 0.2116508138395724
 0.3354180348926232
 0.284918139847063
 0.355251459196032
 0.4296029178071175
 0.4129976795683845
 0.4034236486586461
 0.4337181031317708
 0.3194315297594579
 0.2841509177308863
 0.319920673682295
 0.4498907801704189
 0.467038662119588
 0.4372860699787108
 0.5209069147514649
 0.5231466774840025
 0.4601505340695324
 0.5091500210780262
 0.5155796017469597
 0.5366412131831736
 0.5538211415918396
 0.5964387558692814
 0.6147172022786533
 0
 0
 1
 0.8967238010649947
 0.5220174266755755
 0.6410061060049186
 0.5778117583949729
 0.5442054489493134
 0.5595354523829528
 0.5843465129898107
 0.6038234757842106
 0.6355156501239957
 0.659000607673037
 0.5710759656639807
 0.6685399154165397
 0.5800617096392351
 0.6229325079235367
 0.6230678709619191
 0.5952071084495045
 0.6100833109651809
 0.6261737022500846
 0.645262238053614
 0.720630946550624
 0.4577631989981838
 0.6525928225306189
 0.7783458681465365
 0.6645028268114456
 0.7040713096660474
 0.6589559342888873
 0.7406303370317548
 0
 0
 0
 0
 0
 0
 0
 0
 0
 0
 0
 0
 0
 0
 0
 0
 0
 0
 0
 0
 0
 0
 0
 0
 0
 0
 0
 0
 0
 0
 0
 0
 0
 0
 0
 0
 0
 0
 0
 0
 0
 0
 0
 0
 0
 0
 0
 0
 0
 0
 0
 0
 0
 0
 0
 0
 0
 0
 0
 0
 0
 0
 0
 0
 0
 0
 0
 0
 0
 0
 0
 0
 0
 0
 0
 0
 0
 0
 0
 0
 0
 0
 0
 0
 0
 0
 0
 0
 0
 0
 0
 0
 0
 0
 0
 0
 0
 0
 0
 0
 0
 0
 0
 0
 0
 0
 0
 0
 0
 0
 0
 0
 0
 0
 0
 0
 0
 0
 0
 0
 0
 0
 0
 0
 0
 0
 0
 0
 0
 0
 0
 0
 0
 0
 0
 0
 0
 0
 0
 0
 0
 0
 0
 0
 0
 0
 0
 0
 0
 0
 0
 0
 0.8782886483765269
 0.9365592398625256
 0.928509712260165
 0.9124610675013065
 0.9214927281015083
 0.8795194148240892
 0.9418519195199495
 0.9011107237522141
 0.9341732599672957
 0.9214572828693964
 0.9252976597777743
 0.9202178092322143
 0.932704793158094
 0.9131917352597533
 0.908272574481949
 0.916138318581411
 0.9227538746709636
 0.9135368739662196
 0.9073681074580146
 0.9046064361385356
 0.9107684906248483
 0.9191336352286337
 0.9071399849512397
 0.9055611100339234
 0.9051165117632919
 0.9131936443731469
 0.9048635281778551
 0.9031259350324196
 0
 0
 0
 0
 0
 0
 0
 0
 0
 0
 0
 0
 0
 0
 0
 0
 0
 0
 0
 0
 0
 0
 0
 0
 0
 0
 0
 0
 0
 0
 0
 0
 0
 0
 0
 0
 0
 0
 0
 0
 0
 0
 0
 0
 0
 0
 0
 0
 0
 0
 0
 0
 0
 0
 0
 0
 0
 0
 0
 0


