# Created by Octave 3.8.2, Fri Nov 20 20:32:53 2015 CET <dkottke@snake10>
# name: mus
# type: matrix
# ndims: 3
 1 30 19
 0
 0
 0.7184195882025608
 0.7232739420935412
 0.6891364902506969
 0.6917502787068005
 0.720956086714843
 0.7087053571428571
 0.722501395868229
 0.7184357541899444
 0.606087164369373
 0.5878076062639822
 0.5598290598290598
 0.5664062500000002
 0.5731092436974791
 0.5608258928571429
 0.5625770308123249
 0.5476992143658809
 0.5360742281235001
 0.5410112359550563
 0.5431932773109245
 0.6530115974560416
 0.6435340022296544
 0.6480855855855856
 0.6478873239436621
 0.7354143441099965
 0.6759259259259259
 0.6928013392857144
 0.6362625139043382
 0.664406779661017
 0
 0
 0.6666666666666666
 1
 0.8
 0.8
 0.7
 0.8
 0.8
 0.6
 0.6333333333333333
 0.7
 0.7333333333333333
 0.7666666666666667
 0.6666666666666666
 0.7166666666666666
 0.6833333333333333
 0.85
 0.8333333333333333
 0.85
 0.77
 0.73
 0.6799999999999999
 0.64
 0.64
 0.6466666666666667
 0.5200000000000001
 0.5666666666666667
 0.52
 0.6333333333333334
 0
 0
 0.7667174128132703
 0.9193037584474182
 0.8413970098078344
 0.9030748476462879
 0.7871860785277189
 0.806349918390141
 0.7810576451655554
 0.6781256838511763
 0.7143403114663653
 0.6436958251095262
 0.7246867510743671
 0.7409473894638015
 0.6923056989674606
 0.6944983904758977
 0.6822778570547358
 0.6943498188087922
 0.6974845471439814
 0.7090507833966756
 0.6582352351969836
 0.6479864366496848
 0.7071753564872119
 0.6671521378625552
 0.5881869299497542
 0.6547237885350958
 0.6393811161079239
 0.5820182006946522
 0.5937751710334488
 0.6473653092496586
 0
 0
 0.6130062339749847
 0.8993360963446747
 0.7360689520176673
 0.8892147513392139
 0.7006619553592107
 0.8467589374852099
 0.8565699949294234
 0.6062237951478621
 0.5530555074036128
 0.6661919808000367
 0.7412514173226912
 0.7662956315217466
 0.6927998538189304
 0.7419358010206949
 0.7031618619927098
 0.7417236351707068
 0.7443103909417601
 0.7309361875892785
 0.6989665802312945
 0.6604558967219348
 0.6654077373240551
 0.6598505106397264
 0.6328774995383847
 0.588786801427901
 0.5613773197514459
 0.5658106961695119
 0.5470062908264951
 0.5890007329395134
 0
 0
 0.3333333333333333
 1
 1
 0.8333333333333334
 0.5714285714285714
 0.75
 0.6666666666666666
 0.7
 0.5454545454545454
 0.8333333333333334
 0.6153846153846154
 0.7777777777777778
 0.6
 1
 0
 1
 1
 1
 1
 1
 1
 1
 1
 0
 0
 0
 1
 0
 0
 0
 0.3333333333338773
 0.9078072023260454
 0.9635947827984995
 0.8405318636848268
 0.6819339196005343
 0.7914853817778249
 0.7475055054193023
 0.6288694578236405
 0.5847763561333806
 0.7580305498252229
 0.7107015073664082
 0.7572500340775817
 0.6410962431714512
 0.8201519375970265
 0.5697221296102449
 0.7336817185109725
 0.7961993005677623
 0.8054097517998459
 0.8015748316739097
 0.7487625885456103
 0.6566983591705132
 0.6462311279054077
 0.6424799147622288
 0.5532218768264154
 0.5144069637422153
 0.5669216954127596
 0.6509555236464342
 0.538972654960884
 0
 0
 0.5785862941142949
 0.8254795625137534
 0.7878823659928937
 0.8991995122658285
 0.7935932342160515
 0.8497379600537498
 0.797827362417608
 0.6614784760882703
 0.7228021476243154
 0.6897510789252317
 0.7198320150475206
 0.7853285651023223
 0.6808192554349631
 0.7563878276748525
 0.7028359763644831
 0.7073514840965646
 0.7141203788309981
 0.7418497126547177
 0.7377907677018816
 0.6959945595713924
 0.7069517711444609
 0.7003368947549725
 0.6925012195056408
 0.6579265682324875
 0.6318053918902513
 0.6844903828084296
 0.6437166222314705
 0.6764243053341441
 0
 0
 0.5583585478783927
 0.8456675681029849
 0.7301215581080495
 0.8421461154958371
 0.6991383676101071
 0.7851636391348263
 0.802036983212337
 0.5836070153285253
 0.5823855696008379
 0.6408542535391627
 0.6744497748105689
 0.6882098639314028
 0.6363957570504539
 0.697997456655425
 0.6518989670665514
 0.6896066940052215
 0.6716127412915158
 0.6867712162145222
 0.6597173534495776
 0.6247369649574984
 0.6429913507716742
 0.6410781289874943
 0.6217731750745898
 0.5875044893719283
 0.5575519088634274
 0.5706309008925194
 0.5450947474131304
 0.5698393056537688
 0
 0
 0.9481180049748343
 0.9681019910651226
 0.9100934866793112
 0.9045788206464471
 0.9068790347034049
 0.9302470656546764
 0.9135205407294866
 0.9266068630813148
 0.931689246044334
 0.9242670896765107
 0.9301080269521925
 0.9200318543286424
 0.9236808543333189
 0.9190228285994687
 0.9222661140310506
 0.9136488506488789
 0.9091883635444722
 0.9150557913549821
 0.9038311100363791
 0.9126207987853133
 0.9082555834934459
 0.9052682888902317
 0.9107678218062812
 0.904221399814513
 0.9146482827800231
 0.9062856914689708
 0.897391693165957
 0.8949795928060982
 0
 0
 0.3333333333333863
 0.8789763649472908
 0.8163724050291787
 0.7927484031226093
 0.7587531248229114
 0.8057011025094581
 0.7759262260591133
 0.5609018982870618
 0.606979459787321
 0.6489284632187055
 0.73973293269947
 0.7652647789680364
 0.6451998839697693
 0.7406928238774162
 0.5725121210194623
 0.7569081548444294
 0.7342522634684012
 0.7646167062058259
 0.7022796522486575
 0.6418513108914349
 0.6637807928580913
 0.6680060106303666
 0.6311386310702829
 0.5986375859003221
 0.5686934699069739
 0.5844369342504454
 0.5544882638908769
 0.5698566181146073
 0
 0
 0.5785862941142949
 0.7689154103422969
 0.8448151672337731
 0.8615926212124124
 0.7720093773450666
 0.8790953338172873
 0.768601634770114
 0.6624886877312619
 0.5989249463963733
 0.720828930635096
 0.7279190094234705
 0.796554024211406
 0.6645699488596988
 0.7019982593985952
 0.7462890779828975
 0.7340776527451863
 0.7069765059252836
 0.7381211729250858
 0.7104460863403343
 0.7024634398719094
 0.7324256778458147
 0.676782850179957
 0.6853683088483491
 0.6539935958653705
 0.6481354970511709
 0.6788605206648297
 0.6460805463235044
 0.6541946554329913
 0
 0
 0
 0
 0
 0
 0
 0
 0
 0
 0
 0
 0
 0
 0
 0
 0
 0
 0
 0
 0
 0
 0
 0
 0
 0
 0
 0
 0
 0
 0
 0
 0
 0
 0
 0
 0
 0
 0
 0
 0
 0
 0
 0
 0
 0
 0
 0
 0
 0
 0
 0
 0
 0
 0
 0
 0
 0
 0
 0
 0
 0
 0
 0
 0
 0
 0
 0
 0
 0
 0
 0
 0
 0
 0
 0
 0
 0
 0
 0
 0
 0
 0
 0
 0
 0
 0
 0
 0
 0
 0
 0
 0
 0
 0
 0
 0
 0
 0
 0
 0
 0
 0
 0
 0
 0
 0
 0
 0
 0
 0
 0
 0
 0
 0
 0
 0
 0
 0
 0
 0
 0
 0
 0
 0
 0
 0
 0
 0
 0
 0
 0
 0
 0
 0
 0
 0
 0
 0
 0
 0
 0
 0
 0
 0
 0
 0
 0
 0
 0
 0
 0
 0.8845063524587302
 0.9668481071024922
 0.9351986895577378
 0.9407364766957124
 0.9348245115995651
 0.9265790972621401
 0.9184456287867346
 0.9241923606714303
 0.9219993187501688
 0.9347719614981277
 0.9192620684944596
 0.9205365775001215
 0.9018882887143601
 0.9239184316650453
 0.919130825598875
 0.8990334309619916
 0.9142760559771853
 0.9034727035844363
 0.9085135166782334
 0.9015544717678369
 0.9062989223190996
 0.9073460037078145
 0.9050518728094241
 0.9061757248812631
 0.9004490980355324
 0.9063505766632143
 0.907687836534787
 0.8984390244726962
 0
 0
 0
 0
 0
 0
 0
 0
 0
 0
 0
 0
 0
 0
 0
 0
 0
 0
 0
 0
 0
 0
 0
 0
 0
 0
 0
 0
 0
 0
 0
 0
 0
 0
 0
 0
 0
 0
 0
 0
 0
 0
 0
 0
 0
 0
 0
 0
 0
 0
 0
 0
 0
 0
 0
 0
 0
 0
 0
 0


