# Created by Octave 3.8.2, Fri Nov 20 22:20:55 2015 CET <dkottke@snake7>
# name: mus
# type: matrix
# ndims: 3
 1 30 19
 0
 0
 0.6449456975772762
 0.5844481605351171
 0.6008368200836816
 0.6122278056951425
 0.6062378167641322
 0.6476510067114094
 0.6482873851294902
 0.8285714285714287
 0.8148457047539612
 0.8021885521885519
 0.8428093645484942
 0.8500840336134455
 0.8472573839662443
 0.856418918918919
 0.8380672268907562
 0.8501683501683499
 0.8376496797549428
 0.8432203389830508
 0.8412698412698414
 0.8469416386083054
 0.8628762541806023
 0.8707482993197279
 0.8595744680851068
 0.8678929765886287
 0.8766835016835016
 0.8795351473922901
 0.8817187858398959
 0.8752136752136752
 0
 0
 0.3333333333333333
 0.75
 0.6
 0.7
 0.8
 0.7
 0.7
 0.7
 0.7333333333333333
 0.7666666666666666
 0.6666666666666666
 0.6666666666666666
 0.7333333333333332
 0.8166666666666667
 0.8833333333333332
 0.8833333333333332
 0.7833333333333333
 0.75
 0.76
 0.76
 0.8799999999999999
 0.8699999999999999
 0.8800000000000001
 0.9266666666666667
 0.9333333333333333
 0.8800000000000001
 0.9
 0.9
 0
 0
 0.5613132401952403
 0.8823961751016637
 0.6461839973517176
 0.7559308159257548
 0.777826777499369
 0.6726793495525785
 0.8147903122706524
 0.7805292143814027
 0.7451002160270936
 0.7838147688806333
 0.7908884989437147
 0.7513045262776381
 0.8172060406599206
 0.8610938434401416
 0.879093130645923
 0.8964902813009807
 0.8425068084995428
 0.8569178035180383
 0.8246958220722032
 0.8309644300410574
 0.8457743675498978
 0.8615760628439116
 0.8372940632332679
 0.8374119331809802
 0.8499915008054443
 0.8739840856337555
 0.8597949720217937
 0.8786193843517668
 0
 0
 0.395458641822622
 0.6949773832423981
 0.5146361271635761
 0.7641766974123636
 0.6401922573798562
 0.7381164828923454
 0.7742325386336629
 0.7037052871872054
 0.6842547606416093
 0.7168369421206696
 0.6915978997229545
 0.7105528952503447
 0.7969882281489643
 0.833852935156112
 0.8571386653621694
 0.9139837516514957
 0.8501079952320599
 0.8672939256043282
 0.8092720736370147
 0.8327186095284586
 0.8550534062789981
 0.8675194377687344
 0.8820486572304296
 0.8729605301521425
 0.8838348070997213
 0.8741078453339853
 0.8770869812290242
 0.8880741545512976
 0
 0
 0
 0.75
 0.4
 0.3333333333333333
 0.8571428571428571
 0.75
 1
 0.6
 0.6363636363636364
 0.3333333333333333
 0.4615384615384616
 0.6666666666666666
 1
 0.6666666666666666
 1
 1
 0
 0
 1
 1
 1
 1
 1
 0
 1
 1
 1
 1
 0
 0
 0.01297471264527494
 0.8332500545543171
 0.4085584856589727
 0.5733146799361726
 0.8114836723376442
 0.7226742361387074
 0.8832481179295951
 0.6514810960255042
 0.6578188614233662
 0.6529207862526648
 0.6561682727758411
 0.7183937543410484
 0.8895024602879956
 0.8263429100893498
 0.8910465459923402
 0.9104046338733547
 0.7501894118665824
 0.695627161614108
 0.9069994747308036
 0.8008793924112951
 0.9289016552883347
 0.9332839328049691
 0.9285355919716496
 0.7701495470295943
 0.9102795010606047
 0.9560479139269862
 0.9417302054453871
 0.8875389930522618
 0
 0
 0.7892931470571475
 0.6158218671533785
 0.6741965602915511
 0.7409702385350792
 0.6994247386254386
 0.774276828845652
 0.8046501050446925
 0.7778645495809402
 0.7408052511968647
 0.7977691896019172
 0.7922344238110073
 0.8133561810327252
 0.7658687486202322
 0.8296948293793163
 0.7878683940599697
 0.8286094249357893
 0.815907892918966
 0.8066964461192556
 0.7740671253704779
 0.8071283942892171
 0.8343661603535625
 0.8317483837034312
 0.8484926361219765
 0.8391187108891092
 0.8380011708267686
 0.8190545228868662
 0.8337738075870855
 0.8734165769142633
 0
 0
 0.3728650755544708
 0.6764235342947021
 0.4772599394488408
 0.679843410092371
 0.6295740440711468
 0.6992467918221152
 0.7522742466834446
 0.6530723310264079
 0.6767869234744701
 0.6841669957795501
 0.6566330550978009
 0.7099996462412657
 0.7222799222773344
 0.765342909036669
 0.7897934826532637
 0.8336739142734494
 0.7742712999914849
 0.8013272673718198
 0.7568593789604431
 0.7557596372284149
 0.7883549241417559
 0.7985810338796032
 0.8024691675851727
 0.8007705147846538
 0.809911651882232
 0.806047124693443
 0.8137482545111984
 0.8349579746397398
 0
 0
 0.9554919523007863
 0.9331199921389474
 0.9545326798301024
 0.9533608705907489
 0.9036342012508595
 0.9154494793366252
 0.9127360648546333
 0.9090137978269993
 0.9080753819210475
 0.9361323935609556
 0.9140234986957481
 0.9094983643164524
 0.9187845458876649
 0.9088838226586342
 0.9176112669948664
 0.9114463847432657
 0.9088787360533783
 0.9131069015283378
 0.9165971632142431
 0.904799638201772
 0.8977199941383474
 0.9041051476147631
 0.9045244036156754
 0.9135355596120917
 0.8969266062767339
 0.9012925819393556
 0.8925808242360417
 0.9022612528793243
 0
 0
 0.01115389311721193
 0.8357105613338718
 0.393105110528181
 0.6462093890124152
 0.6827041523208466
 0.7239500655448008
 0.7343870892314059
 0.6502285515813034
 0.6550636098468275
 0.700544127496359
 0.7340257532603284
 0.7800922995213966
 0.8468453775220879
 0.8965626835551983
 0.8769818141805912
 0.9296662296706342
 0.7584093733774945
 0.8808397779245534
 0.808882707491591
 0.8289526215409813
 0.8394620786344638
 0.8588835612103737
 0.863985632448911
 0.8586710247742017
 0.8753240045311537
 0.5926297774763063
 0.8625071754258357
 0.8896731312441383
 0
 0
 0.7892931470571475
 0.5862940239120293
 0.6900149450189421
 0.7453026985567578
 0.6955215337305436
 0.7732932786591576
 0.8846558608022115
 0.7787945160117908
 0.7450139650017714
 0.8061868084242185
 0.7872600104289869
 0.7919861660792282
 0.745657397974121
 0.7856510403049416
 0.7727960782138917
 0.8669485828467055
 0.8981958944945283
 0.8128407663082647
 0.7608991335543995
 0.7872736040610341
 0.8868780971228897
 0.815249490371369
 0.7752352484945474
 0.7704647644395037
 0.8027114498495647
 0.7829103028284203
 0.827448458886904
 0.8172622119859742
 0
 0
 0
 0
 0
 0
 0
 0
 0
 0
 0
 0
 0
 0
 0
 0
 0
 0
 0
 0
 0
 0
 0
 0
 0
 0
 0
 0
 0
 0
 0
 0
 0
 0
 0
 0
 0
 0
 0
 0
 0
 0
 0
 0
 0
 0
 0
 0
 0
 0
 0
 0
 0
 0
 0
 0
 0
 0
 0
 0
 0
 0
 0
 0
 0
 0
 0
 0
 0
 0
 0
 0
 0
 0
 0
 0
 0
 0
 0
 0
 0
 0
 0
 0
 0
 0
 0
 0
 0
 0
 0
 0
 0
 0
 0
 0
 0
 0
 0
 0
 0
 0
 0
 0
 0
 0
 0
 0
 0
 0
 0
 0
 0
 0
 0
 0
 0
 0
 0
 0
 0
 0
 0
 0
 0
 0
 0
 0
 0
 0
 0
 0
 0
 0
 0
 0
 0
 0
 0
 0
 0
 0
 0
 0
 0
 0
 0
 0
 0
 0
 0
 0
 0.9527704531721951
 0.9334879282883956
 0.943898217674508
 0.9022047923334308
 0.9281945045625108
 0.9297511175010298
 0.8967722101911635
 0.9183797447930986
 0.9036553260538499
 0.9300126119578219
 0.9108889860673789
 0.9238000150973591
 0.9249828860731122
 0.9097486246526088
 0.9055073646377925
 0.9068610464459098
 0.8994854131582537
 0.9007774355844462
 0.9090756003658996
 0.902271982771793
 0.9075518179079375
 0.9030142821692451
 0.914586676253014
 0.9016649979492329
 0.9020497043922715
 0.8977350840560752
 0.8968983203500809
 0.9043068221029458
 0
 0
 0
 0
 0
 0
 0
 0
 0
 0
 0
 0
 0
 0
 0
 0
 0
 0
 0
 0
 0
 0
 0
 0
 0
 0
 0
 0
 0
 0
 0
 0
 0
 0
 0
 0
 0
 0
 0
 0
 0
 0
 0
 0
 0
 0
 0
 0
 0
 0
 0
 0
 0
 0
 0
 0
 0
 0
 0
 0


