# Created by Octave 3.8.2, Sat Nov 21 00:47:03 2015 CET <dkottke@snake7>
# name: mus
# type: matrix
# ndims: 3
 1 30 19
 0
 0
 0.4285714285714286
 0.5277777777777778
 0.6784810126582278
 0.5934343434343433
 0.7142857142857145
 0.5688775510204082
 0.5618686868686869
 0.7179487179487177
 0.8465909090909087
 0.845959595959596
 0.7948717948717953
 0.8577806122448978
 0.8435897435897439
 0.8385416666666666
 0.7681159420289856
 0.7815656565656567
 0.7669172932330826
 0.8342105263157894
 0.7568922305764412
 0.7866161616161615
 0.7396987780619494
 0.7109374999999999
 0.7146666666666667
 0.701025641025641
 0.7621452621452622
 0.7971938775510204
 0.8712951216699343
 0.8743589743589744
 0
 0
 0.3333333333333333
 0
 0.4
 0.1
 0.1
 0.3
 0.4
 0.5
 0.2666666666666667
 0.2999999999999999
 0.4333333333333333
 0.3333333333333333
 0.4
 0.2999999999999999
 0.5499999999999999
 0.7166666666666666
 0.7833333333333333
 0.6
 0.54
 0.53
 0.5799999999999998
 0.61
 0.72
 0.74
 0.7
 0.7866666666666667
 0.7533333333333333
 0.7666666666666666
 0
 0
 0.5369349394628008
 -0.6698868689444959
 0.5596226773494382
 0.4766680874665256
 0.5151978392337104
 0.526280158379579
 0.5187504559007843
 0.6113316114682921
 0.4819749681047766
 0.561836326310903
 -1.543892813359012
 0.4726573588793418
 0.4620914148389003
 0.5668560347490963
 0.579912883786142
 0.6155735698708837
 0.6324242295295072
 0.6940262914832579
 0.573957866665993
 0.5832490698091671
 0.6473679152094609
 0.655616275356563
 0.7222732268385605
 0.7281861799349052
 0.7251152355125641
 0.7496169905317638
 0.7756690025476511
 0.757657119013692
 0
 0
 0.4166791654741304
 0.1319611127662146
 0.4011232209768276
 0.3003695066255318
 0.2811705846518525
 0.2770869024033721
 0.58601847612293
 0.5215213888781048
 0.3220007921169686
 0.2245927916004793
 0.3677973842998685
 0.3254960033973606
 0.4201875068075698
 0.5060667510726096
 0.573452397287844
 0.68426713846534
 0.6664869595431334
 0.6034168458324597
 0.6164388090038729
 0.6198643820887684
 0.6102659362050081
 0.654577835875514
 0.6986453772918645
 0.718535632555996
 0.6858375066167079
 0.7159442111422525
 0.8139584281876899
 0.8160283830399814
 0
 0
 0.3333333333333333
 0
 0.2
 0
 0.1428571428571428
 0.125
 0.5555555555555556
 0.4
 0.4545454545454545
 0
 0.3076923076923077
 0.1111111111111111
 0
 0.6666666666666666
 0
 0
 1
 1
 0
 1
 0
 1
 0
 1
 0
 0
 1
 1
 0
 0
 0.4166679166538867
 0.1666833341789778
 0.3625118762096467
 0.2958534481430469
 0.2815491779095192
 0.2830380810469877
 0.5972222251134826
 0.4687505311495125
 0.3678030495502431
 0.1792974331298335
 0.3838005833738645
 0.2707664155073546
 0.2934047340972517
 0.6079468680269771
 0.3275506676955896
 0.4950708836824518
 0.7607431787854441
 0.7320228449846886
 0.4220201515785657
 0.9023861128894537
 0.4640243768853451
 0.645415924247581
 0.510425555277174
 0.8750014222422327
 0.3021194875905945
 0.5000508697764537
 0.735286309092726
 1.000000005964144
 0
 0
 0.5785862941142949
 0.5235214599454743
 0.5979016596008068
 0.617235371065802
 0.5684257267955493
 0.6972478249376381
 0.5623846609527621
 0.5772239214439724
 0.5907156463092309
 0.5208398606931888
 0.6007020838401309
 0.6071782315636789
 0.6063205244731552
 0.6348122141766781
 0.6335132775445109
 0.7482026915864531
 0.7278288965941495
 0.7107103116633153
 0.7037516327397142
 0.7740312705548587
 0.7242743429813324
 0.7325249383088243
 0.70962001810094
 0.7327905724567826
 0.7749631925546219
 0.784055878840603
 0.8474743980856081
 0.8309579413017774
 0
 0
 0.4166791655414323
 0.1115362772619338
 0.3844265072228169
 0.4273242925767237
 0.3614990181012625
 0.4307072418440885
 0.5451208568523038
 0.5595634536352074
 0.44607762966881
 0.351116768577354
 0.456329943893154
 0.418238513467365
 0.4630425278583935
 0.5076077468648879
 0.5926212546014932
 0.6367566936535105
 0.6549624147228811
 0.5720373694930597
 0.6011310184605521
 0.6105454973090844
 0.6384668625774659
 0.6594244331058338
 0.6986464898796146
 0.7031672398589638
 0.6654623099778831
 0.698187622840404
 0.7870829726544294
 0.7777090224297671
 0
 0
 1
 1
 1
 1
 1
 1
 1
 1
 1
 1
 1
 1
 1
 1
 1
 1
 1
 1
 1
 1
 1
 1
 1
 1
 1
 1
 1
 1
 0
 0
 0.4166791655097657
 0.166683332010517
 0.3850149021915276
 0.3663474700336758
 0.3295644565844299
 0.3613811346527793
 0.472987904600227
 0.5322429455714812
 0.4049871160950295
 0.2898411486353924
 0.3950679692210513
 0.3669551516680326
 0.4856520036467908
 0.464889007044537
 0.6271458853797709
 0.7077879063576299
 0.6546203435801622
 0.5158998246650317
 0.7036259948534336
 0.6540651150875108
 0.5158338705935894
 0.6432737027095193
 0.4577617772291039
 0.8940060188154907
 0.8600297786472114
 0.9996662736051989
 0.5840865313444005
 1.000000000000047
 0
 0
 0.5785862941142949
 0.5852330574669091
 0.6121875257840862
 0.6211456141602617
 0.6084509080212509
 0.5557531073925948
 0.633741609715878
 0.5960037406505519
 0.6058373773555564
 0.526607120548684
 0.6426089138851161
 0.6475298330664936
 0.6382566639897745
 0.8296556860802378
 0.6199521513341335
 0.7078573169154239
 0.6920963723417347
 0.7590517921212193
 0.68305753448899
 0.8181263437395337
 0.8771304547034701
 0.8103917384958006
 0.715482869301558
 0.8304295784467361
 0.8667679410224134
 0.7926112346195653
 0.8722317438098137
 0.8659177848356562
 0
 0
 0
 0
 0
 0
 0
 0
 0
 0
 0
 0
 0
 0
 0
 0
 0
 0
 0
 0
 0
 0
 0
 0
 0
 0
 0
 0
 0
 0
 0
 0
 0
 0
 0
 0
 0
 0
 0
 0
 0
 0
 0
 0
 0
 0
 0
 0
 0
 0
 0
 0
 0
 0
 0
 0
 0
 0
 0
 0
 0
 0
 0
 0
 0
 0
 0
 0
 0
 0
 0
 0
 0
 0
 0
 0
 0
 0
 0
 0
 0
 0
 0
 0
 0
 0
 0
 0
 0
 0
 0
 0
 0
 0
 0
 0
 0
 0
 0
 0
 0
 0
 0
 0
 0
 0
 0
 0
 0
 0
 0
 0
 0
 0
 0
 0
 0
 0
 0
 0
 0
 0
 0
 0
 0
 0
 0
 0
 0
 0
 0
 0
 0
 0
 0
 0
 0
 0
 0
 0
 0
 0
 0
 0
 0
 0
 0
 0
 0
 0
 0
 0
 1
 1
 1
 1
 1
 1
 1
 1
 1
 1
 1
 1
 1
 1
 1
 1
 1
 1
 1
 1
 1
 1
 1
 1
 1
 1
 1
 1
 0
 0
 0
 0
 0
 0
 0
 0
 0
 0
 0
 0
 0
 0
 0
 0
 0
 0
 0
 0
 0
 0
 0
 0
 0
 0
 0
 0
 0
 0
 0
 0
 0
 0
 0
 0
 0
 0
 0
 0
 0
 0
 0
 0
 0
 0
 0
 0
 0
 0
 0
 0
 0
 0
 0
 0
 0
 0
 0
 0


