# Created by Octave 3.8.2, Sun Nov 15 14:45:22 2015 CET <dkottke@snake2>
# name: mus
# type: matrix
# ndims: 3
 1 30 19
 0
 0
 0.4785754034501947
 0.4988864142538976
 0.4885793871866297
 0.4849498327759199
 0.4830461367426349
 0.4838169642857143
 0.4857621440536016
 0.4798882681564248
 0.5107162775874435
 0.5128635346756151
 0.5165366034931251
 0.5175781250000002
 0.5165266106442579
 0.5150669642857143
 0.5159290382819796
 0.5802469135802469
 0.5785074388097903
 0.6516853932584273
 0.6311484593837536
 0.641538845242549
 0.6679672984020814
 0.6773648648648651
 0.6687323943661975
 0.683574879227053
 0.6938832772166101
 0.6824776785714285
 0.6793659621802
 0.6954802259887006
 0
 0
 0
 0
 0.4
 0.5
 0.6
 0.5
 0.7
 0.6
 0.5333333333333333
 0.5333333333333333
 0.5333333333333333
 0.6666666666666666
 0.5333333333333333
 0.5
 0.55
 0.5166666666666666
 0.5166666666666666
 0.5
 0.34
 0.64
 0.38
 0.37
 0.28
 0.3133333333333334
 0.3266666666666667
 0.3733333333333333
 0.3333333333333333
 0.4333333333333334
 0
 0
 0.4356066439030735
 0.5645391705847713
 0.4902609261740069
 0.407356007591842
 0.5785862941142947
 0.5955959833231423
 0.7753864947629192
 0.758727918655374
 0.5057004482464375
 0.5949197562340606
 0.5212297807133094
 0.5888140469983373
 0.7020957267403581
 0.7462477452389688
 0.7391514581326255
 0.6438944580556327
 1.015708670970784
 0.6174631156043854
 0.5313716234916038
 0.6372006781079023
 4.164278048987842
 0.6104538042290407
 0.4958917769343634
 -0.07419049064440086
 0.5876348943283702
 0.5350165610028315
 0.4307284298767553
 0.5457346086235066
 0
 0
 0.1666553640661018
 0.1315789896986941
 0.2955286458573909
 0.3954778670395884
 0.4353677916681299
 0.4865907149679507
 0.5474272385290847
 0.5906007205003023
 0.4497692714521104
 0.456370399003052
 0.5031531920537116
 0.5422791995162825
 0.5692772596520552
 0.6034148256811929
 0.6273721413924381
 0.5717183958502225
 0.5808096176978207
 0.5456006346472088
 0.5347697362723011
 0.5615045435763188
 0.5215917282461399
 0.5391455268764891
 0.4829242055393825
 0.4953217769152987
 0.507313549053689
 0.4850863529042582
 0.4912325184154472
 0.4980068041900753
 0
 0
 0.1666536646738111
 0.1317225426806223
 0.2804454544064005
 0.3646731846881161
 0.4434120054345714
 0.5068115242890732
 0.5395777963149975
 0.6108525268589479
 0.4544032345509193
 0.4607230483360518
 0.5084669573037829
 0.54822250194957
 0.5740166294390669
 0.6012225702790686
 0.6300893955220084
 0.5660253441228853
 0.5879650218959521
 0.5369980318525082
 0.5337708995173522
 0.5611199126675932
 0.513151686175637
 0.5401459333123245
 0.4835832474386005
 0.4961086311370566
 0.5058281707337399
 0.4836503606059986
 0.4941109176760464
 0.4948457047206148
 0
 0
 0.08327381365930309
 0.1388772243453664
 0.3678382737609099
 0.364993068981888
 0.5053258340469976
 0.5439438855035558
 0.4822092809843784
 0.6503291299906508
 0.4415846891024712
 0.4272343074577839
 0.4784868241666962
 0.5263095934128422
 0.5509291918679098
 0.5944241582716615
 0.6425725728664411
 0.5132898892621117
 0.6212196355524093
 0.5556742975458422
 0.5009357374594277
 0.6063507255177555
 0.5217857499363805
 0.4936832244466608
 0.5166127839983683
 0.4554480280191138
 0.4819152730235294
 0.4648573805489556
 0.4639182438240319
 0.4538644705577777
 0
 0
 0.5785862941142949
 0.5237135925035001
 0.5434267767940355
 0.6176606209312734
 0.6408293602369977
 0.6784225331669831
 0.6901493557771357
 0.7040236316271055
 0.5949842201440325
 0.6604942133587741
 0.6933174107394565
 0.7132175978122794
 0.7463174301913577
 0.7151279793658877
 0.7608028900291188
 0.7228128373574939
 0.7726572638399125
 0.7158346026091141
 0.7025603523374586
 0.7332682487242033
 0.6599492593711469
 0.6428123238355814
 0.6122331358676482
 0.630026202974829
 0.6528624825195475
 0.6491008224349645
 0.6633859784077711
 0.6784089239810184
 0
 0
 0.1666620980239016
 0.1334796816103409
 0.260508578431142
 0.375280144915178
 0.3660840745200197
 0.4240642853291139
 0.4956661575923906
 0.5221748606279411
 0.4367994874436946
 0.4641696113691414
 0.5048679514722652
 0.5628858017212153
 0.5855546608789454
 0.6308819482407135
 0.645150979133489
 0.5775535276439344
 0.6020170309722096
 0.5681013310880021
 0.5514975962880758
 0.5804724165271455
 0.5558490457631792
 0.572059117722559
 0.5020032798289195
 0.5161885890656894
 0.5274571572054256
 0.5031614619327857
 0.5017681431454589
 0.5127248052646609
 0
 0
 0.1666529533283287
 0.1275920297921445
 0.2969967772329917
 0.3486232716563098
 0.3819752466379948
 0.4412517458446236
 0.4864024921770393
 0.5341727230383715
 0.4467965887321489
 0.4564029837362026
 0.5209353785586595
 0.5502573271174366
 0.59745582600879
 0.6117493671629004
 0.6462736840299659
 0.573453990923948
 0.6084107840815585
 0.5496837499303173
 0.5440212338804934
 0.5685152656879559
 0.5341442839773767
 0.5704074783524476
 0.5061559887886004
 0.5179941233669227
 0.5250593361096777
 0.4991280362563494
 0.5019045688815589
 0.5054378145572902
 0
 0
 0.08333021007772096
 0.1222849421329322
 0.2966174295634201
 0.3600440817469477
 0.3638249697593659
 0.4303590166392557
 0.4444012757641675
 0.5040501123912693
 0.4297469753447907
 0.4375569745289779
 0.492794469862505
 0.5683754592006648
 0.5758833824241932
 0.6099194561745388
 0.6526060246536489
 0.5745919265702326
 0.5886902748738814
 0.5603650582225477
 0.5388931125948376
 0.5761341638873863
 0.5471936869911724
 0.5625771221852945
 0.4951882102889577
 0.5050176779150604
 0.5150902715942295
 0.4901477047881865
 0.491396930806181
 0.4866020256319859
 0
 0
 0.5785862941142949
 0.5448051605898847
 0.5463000910350782
 0.620074336812996
 0.624508621180507
 0.6738283783113578
 0.6457122298586724
 0.6745212184609766
 0.6214741704185552
 0.6237460967958918
 0.6696187133907762
 0.6952493588030978
 0.7331442781271349
 0.7038261744345867
 0.7407511411357306
 0.6741916220958906
 0.7211582764378011
 0.6875522527111553
 0.676355088055122
 0.6832494891146652
 0.6778339133630049
 0.6976826344717083
 0.632164688313994
 0.6603784627077258
 0.6540116874178526
 0.5835027230138156
 0.6784780446529912
 0.6628586456535046
 0
 0
 0
 0
 0
 0
 0
 0
 0
 0
 0
 0
 0
 0
 0
 0
 0
 0
 0
 0
 0
 0
 0
 0
 0
 0
 0
 0
 0
 0
 0
 0
 0
 0
 0
 0
 0
 0
 0
 0
 0
 0
 0
 0
 0
 0
 0
 0
 0
 0
 0
 0
 0
 0
 0
 0
 0
 0
 0
 0
 0
 0
 0
 0
 0
 0
 0
 0
 0
 0
 0
 0
 0
 0
 0
 0
 0
 0
 0
 0
 0
 0
 0
 0
 0
 0
 0
 0
 0
 0
 0
 0
 0
 0
 0
 0
 0
 0
 0
 0
 0
 0
 0
 0
 0
 0
 0
 0
 0
 0
 0
 0
 0
 0
 0
 0
 0
 0
 0
 0
 0
 0
 0
 0
 0
 0
 0
 0
 0
 0
 0
 0
 0
 0
 0
 0
 0
 0
 0
 0
 0
 0
 0
 0
 0
 0
 0
 0
 0
 0
 0
 0
 0.1785880728127296
 0.1128073006400255
 0.2696735598913502
 0.3466462421068346
 0.3812527839955172
 0.4444329372474879
 0.484053304247632
 0.5326283440135848
 0.4431459371330706
 0.4611882281325289
 0.5158555329762362
 0.5592126157182448
 0.590894737575404
 0.6179591510469166
 0.6501745551211
 0.5742646503880627
 0.6010356670725385
 0.5491744793276854
 0.543071910166973
 0.5708073486863149
 0.5349647214225298
 0.5712094390183425
 0.507992664080029
 0.5164255401637851
 0.5258367648288413
 0.4985408391018543
 0.5003662780914213
 0.5020593622337581
 0
 0
 0
 0
 0
 0
 0
 0
 0
 0
 0
 0
 0
 0
 0
 0
 0
 0
 0
 0
 0
 0
 0
 0
 0
 0
 0
 0
 0
 0
 0
 0
 0
 0
 0
 0
 0
 0
 0
 0
 0
 0
 0
 0
 0
 0
 0
 0
 0
 0
 0
 0
 0
 0
 0
 0
 0
 0
 0
 0


