# Created by Octave 3.8.2, Fri Nov 20 22:43:50 2015 CET <dkottke@snake10>
# name: mus
# type: matrix
# ndims: 3
 1 30 19
 0
 0
 0.9130434782608694
 0.8942307692307693
 0.9170731707317074
 0.9607843137254901
 0.9802955665024631
 0.9423076923076923
 0.9710144927536233
 0.97
 0.9760765550239235
 0.9901960784313725
 0.9807692307692308
 0.9897959183673469
 0.9794871794871796
 0.9903846153846154
 0.9803921568627452
 0.9772727272727273
 0.9904306220095694
 0.9799999999999999
 0.9947089947089948
 0.994949494949495
 1
 0.9947916666666667
 0.995
 0.9951923076923077
 0.9931972789115646
 0.9948979591836735
 0.9950738916256158
 0.9944444444444445
 0
 0
 0.6666666666666666
 0.25
 0.8
 0.8
 0.7
 0.6
 0.5
 0.2
 0.3666666666666666
 0.6
 0.2666666666666667
 0.5666666666666667
 0.6666666666666666
 0.6166666666666666
 0.7166666666666666
 0.7166666666666666
 0.6
 0.65
 0.5599999999999999
 0.6599999999999999
 0.64
 0.6100000000000001
 0.76
 0.6933333333333334
 0.7466666666666667
 0.8266666666666665
 0.7933333333333332
 0.8333333333333333
 0
 0
 0.7126724732597465
 0.603087090968115
 0.7695393795937551
 0.8150939861930069
 0.7882396127924332
 0.695528597497578
 0.7296631076743203
 0.5381989656814958
 0.6762711399449943
 0.6387008668520804
 0.5230063460156481
 0.4708864647675901
 0.6031679494090471
 0.7114219144052676
 0.6350595040024645
 0.6717967180042368
 0.7365203740123483
 0.6628589526407473
 0.6161555312588056
 0.5841315840924557
 0.5914510034809075
 0.6201083333197972
 0.6754302317880573
 0.6870248857718392
 0.6955312206333886
 0.7530105584829059
 0.7358266460383229
 0.751898318192285
 0
 0
 0.6897541902510453
 0.3124600413495766
 0.7560068999370894
 0.7582957644500783
 0.7343801173654909
 0.6242008817632296
 0.7058714875941905
 0.6317188526177119
 0.6427352616803563
 0.6376217569209525
 0.5212215805355006
 0.5764485777141585
 0.5890227201567215
 0.5547482779158532
 0.6113411750654895
 0.6870769665365023
 0.7185805249131133
 0.6481938105236746
 0.6619215368090496
 0.6524848651159199
 0.6008073835075652
 0.6224770183775659
 0.6632054852652236
 0.7025108806720198
 0.7107750098170816
 0.7109989998454138
 0.7163509959978595
 0.7462930322494697
 0
 0
 0.6666666666666666
 0
 0.8
 0.8333333333333334
 1
 0.5
 0.6666666666666666
 0.8
 0.8181818181818182
 0.5
 0.5384615384615384
 0.5555555555555556
 0.2
 0.3333333333333333
 1
 0
 1
 1
 1
 1
 0
 1
 0
 1
 1
 0
 0
 0
 0
 0
 0.710927427278446
 0.1279202503056424
 0.8314010397584205
 0.8776917718830994
 0.8948186938760624
 0.6064478829438215
 0.6076691050091968
 0.6817998944183501
 0.7067467888783602
 0.5399481658954084
 0.531081231007669
 0.5311658281184597
 0.5380928414091453
 0.5416877740970014
 0.7221051372397591
 0.5676771652868507
 0.7470237954524112
 0.7353697992123294
 0.6614503059932046
 0.7774744485233545
 0.4825592637978482
 0.7127501765016226
 0.5240929231501782
 0.7576898507697163
 0.7704417278502917
 0.6769165654865161
 0.6477618225766326
 0.650611706707203
 0
 0
 0.3678794411714423
 0.6290013784142644
 0.8178758480131363
 0.8587111094106211
 0.775519734633195
 0.7086785763944699
 0.7805776081132806
 0.757084167348735
 0.7063948975580081
 0.6979548393797754
 0.6700291126849263
 0.6702774941167087
 0.6790479058440682
 0.6701928197708538
 0.694763140184455
 0.7206843034435744
 0.7480126223883119
 0.7200195121619009
 0.7107877283826527
 0.7639032939847459
 0.7148446270586227
 0.7050571344386134
 0.72916617668965
 0.7169590118696152
 0.7353175046354354
 0.7716614996776976
 0.7581536527003898
 0.805167322224895
 0
 0
 0.6986235733761154
 0.3810919632723042
 0.7416929857811815
 0.7975576434857586
 0.7136796563918761
 0.6344975244890465
 0.6307640983973828
 0.5693679796752535
 0.5750320704438029
 0.5803562335076942
 0.487097419336732
 0.5351165409248958
 0.5632683150986728
 0.5568368389063276
 0.5687627643861722
 0.6138392532938759
 0.6336605463215578
 0.5964297621832246
 0.5923042717291337
 0.589006230093314
 0.5620417742908059
 0.5632497266324568
 0.5987914672989052
 0.616039810853481
 0.6267401619049698
 0.6373214737934746
 0.6486369726639122
 0.6620287793855717
 0
 0
 0.9805937470764297
 0.9587879013617158
 0.9006794978488217
 0.9119282321627679
 0.9345517020896433
 0.9153708569532339
 0.9161332820047965
 0.9193981763158969
 0.9429794442708626
 0.9120303719384396
 0.9113160758005762
 0.9175596809203242
 0.9253566744173339
 0.9091650352674807
 0.9165576280888253
 0.9072858812684159
 0.9117916074725966
 0.9076445883831249
 0.8971873117658469
 0.9038030075755051
 0.9047904171321882
 0.9045488509513885
 0.9013662676370722
 0.9027897049956009
 0.898915023114196
 0.8985404761329974
 0.9048146795448527
 0.9040660178257968
 0
 0
 0.7541354371732593
 0.1964307425246528
 0.793421047259976
 0.9248678163994135
 0.7733033148417137
 0.6225543926393613
 0.6015552680846294
 0.5711670791365556
 0.5744033246988804
 0.5409557629120473
 0.4945511861952148
 0.521638874084334
 0.5511214266160498
 0.6886707009381624
 0.6523978001033939
 0.3506116353628165
 0.7382633208559777
 0.6797336296774945
 0.6345750026931807
 0.6413729422768166
 0.5104710674881987
 0.6155152239077208
 0.5939385767651078
 0.6686860211256827
 0.7216824541682696
 0.6870939732548959
 0.7062896809323095
 0.7340687787659804
 0
 0
 0.3678794411714423
 0.6216355603458071
 0.8698370665537567
 0.9020172439043943
 0.7863171095667344
 0.7109627476509262
 0.6968997482078849
 0.7648369068953342
 0.6891236977251021
 0.6521931349965298
 0.680707544048724
 0.6664835307886654
 0.684653342980967
 0.6637090535887789
 0.690319543911136
 0.6066504976006462
 0.7459840986924032
 0.6950280992680529
 0.6884149819906367
 0.6883111368267307
 0.7768086908805006
 0.7064836458214414
 0.8173814680070789
 0.7061564799612391
 0.7669669428717931
 0.7215171864204559
 0.8262059478008064
 0.7127510539622416
 0
 0
 0
 0
 0
 0
 0
 0
 0
 0
 0
 0
 0
 0
 0
 0
 0
 0
 0
 0
 0
 0
 0
 0
 0
 0
 0
 0
 0
 0
 0
 0
 0
 0
 0
 0
 0
 0
 0
 0
 0
 0
 0
 0
 0
 0
 0
 0
 0
 0
 0
 0
 0
 0
 0
 0
 0
 0
 0
 0
 0
 0
 0
 0
 0
 0
 0
 0
 0
 0
 0
 0
 0
 0
 0
 0
 0
 0
 0
 0
 0
 0
 0
 0
 0
 0
 0
 0
 0
 0
 0
 0
 0
 0
 0
 0
 0
 0
 0
 0
 0
 0
 0
 0
 0
 0
 0
 0
 0
 0
 0
 0
 0
 0
 0
 0
 0
 0
 0
 0
 0
 0
 0
 0
 0
 0
 0
 0
 0
 0
 0
 0
 0
 0
 0
 0
 0
 0
 0
 0
 0
 0
 0
 0
 0
 0
 0
 0
 0
 0
 0
 0
 0.8773938554582186
 0.968776676634625
 0.916642060811744
 0.9443260856626927
 0.9440225321115779
 0.9123559683144298
 0.9010869922541339
 0.910667047236755
 0.9246550490362988
 0.933277968186621
 0.9269358087717673
 0.9090765768559497
 0.9025832110497239
 0.9176823303703435
 0.9135309404906489
 0.9152993684049678
 0.9126105947898082
 0.9114593654072118
 0.9003423581064056
 0.9019920775215944
 0.9012926629352699
 0.9005673347552805
 0.905323275894073
 0.898345801657097
 0.9040001858030837
 0.905727551585531
 0.8926914250810066
 0.913659051470234
 0
 0
 0
 0
 0
 0
 0
 0
 0
 0
 0
 0
 0
 0
 0
 0
 0
 0
 0
 0
 0
 0
 0
 0
 0
 0
 0
 0
 0
 0
 0
 0
 0
 0
 0
 0
 0
 0
 0
 0
 0
 0
 0
 0
 0
 0
 0
 0
 0
 0
 0
 0
 0
 0
 0
 0
 0
 0
 0
 0


