# Created by Octave 3.8.2, Sat Nov 21 00:51:30 2015 CET <dkottke@snake5>
# name: mus
# type: matrix
# ndims: 3
 1 30 19
 0
 0
 0.6240601503759394
 0.6186868686868687
 0.617721518987342
 0.5909090909090912
 0.5664160401002508
 0.5586734693877551
 0.5542929292929293
 0.5487179487179485
 0.548611111111111
 0.5479797979797979
 0.6353846153846158
 0.6237244897959184
 0.6179487179487178
 0.6276041666666666
 0.622904234157431
 0.6212121212121212
 0.781954887218045
 0.7789473684210527
 0.7443609022556393
 0.7752525252525253
 0.7735152031827224
 0.7708333333333334
 0.7573333333333333
 0.7569230769230769
 0.7527657527657527
 0.7589285714285714
 0.7498558413101141
 0.7461538461538461
 0
 0
 0.3333333333333333
 1
 1
 0.8
 0.8
 1
 1
 1
 1
 1
 0.9333333333333333
 0.9333333333333333
 0.9333333333333333
 0.9333333333333332
 0.95
 0.9333333333333332
 0.85
 0.85
 0.8099999999999999
 0.8
 0.8
 0.9099999999999999
 0.9199999999999999
 0.9266666666666665
 0.9199999999999999
 0.9333333333333333
 0.9266666666666667
 0.9333333333333333
 0
 0
 0.6297579584004163
 0.8754914050792235
 0.8792825321681574
 0.9258225874844039
 0.9075552097571596
 0.9145127135314526
 0.9139580822350249
 0.8709289533433721
 0.9395271332054014
 0.9367010515592382
 0.9314519356504378
 0.9326904723080875
 0.9148946466333856
 0.9512386659131538
 0.9549131581116198
 0.9501850706989845
 0.9192017352578078
 0.9011410181166635
 0.904638316533763
 0.923047039401219
 0.9309492291077884
 0.9280262221659064
 0.9569022241778679
 0.931676586240846
 0.9574215721786213
 0.9431326381425151
 0.9531545864410562
 0.9528244246035281
 0
 0
 0.4155771634382776
 0.8193056409698479
 0.8875836474581721
 0.8277589648488697
 0.8317618376153411
 0.8487442114190908
 0.870919509010682
 0.8882494624609094
 0.8960714269027996
 0.8906057349815983
 0.8879626748826167
 0.8752328000006383
 0.8915593206408754
 0.8987621107181568
 0.9029545233269654
 0.9110530148669683
 0.842897018334292
 0.8516200086980149
 0.8585559473489069
 0.8649610398768952
 0.8731971173580231
 0.8715774716834247
 0.8837659327627881
 0.8869016282587432
 0.8902703797276768
 0.8927276591741524
 0.9023582175293789
 0.9042944136982539
 0
 0
 0.3333333333333333
 1
 1
 1
 0.5714285714285714
 0.75
 0.8888888888888888
 1
 0.9090909090909091
 0.8333333333333334
 0.9230769230769231
 0.8888888888888888
 0.6
 0.6666666666666666
 1
 1
 1
 1
 1
 1
 1
 1
 1
 1
 1
 1
 1
 1
 0
 0
 0.3333333333333321
 0.6779674627676966
 0.8537208446648304
 0.8126412927064808
 0.7455783928819737
 0.8513000322060906
 0.8619135959388855
 0.9195967652850424
 0.8965968365490995
 0.907914072096174
 0.8910661446742532
 0.9510972085308416
 0.883191129522632
 0.8825756436874166
 0.928498450659774
 0.9590661799305271
 0.8251907634134136
 0.8559629777799347
 0.9236545376179518
 0.9296476340071144
 0.8281447185690753
 0.9412915886320748
 0.8568989786585295
 0.9852882430142663
 0.867711694298466
 0.870581766807816
 0.8827125330391294
 0.9702337093360078
 0
 0
 1
 0.7142073372629513
 0.8599557861406799
 0.8761791839124082
 0.8348345328089897
 0.8817315711450296
 0.8801934855989916
 0.8619316878800612
 0.8741502366375353
 0.8655064757734051
 0.882869178746492
 0.8744494110489703
 0.8843719135047023
 0.8720009338722631
 0.8791770285379092
 0.8711171308554242
 0.8419296976248146
 0.8712516753704479
 0.8467883874761911
 0.8867241504904295
 0.9098424270727239
 0.9640575249397303
 0.8767416545235887
 0.8610988839560296
 0.8776254033844039
 0.9556267250168983
 0.9357971579534063
 0.877385855744527
 0
 0
 0.4141362248771446
 0.7616242643887267
 0.8608105412922994
 0.8370344116296785
 0.8273420778381119
 0.8552692909362827
 0.8527767379053984
 0.8755030520676015
 0.8971986812563588
 0.8887829388602576
 0.8853407517645429
 0.8794455851520885
 0.8917501656051017
 0.9079548591955676
 0.9131540564136967
 0.9158850270166425
 0.8519404103450053
 0.8656320847441991
 0.8640802573530451
 0.8710403203422763
 0.8836512047789286
 0.8904598136802759
 0.9061952498670237
 0.9094471667513018
 0.9144166343304913
 0.9130912236777534
 0.9222354724579072
 0.9182493414816083
 0
 0
 0.9999843894913408
 0.9999999999999739
 0.999999998832953
 0.9999999999997556
 0.9999999999999636
 1
 0.9999999999999994
 0.9999999999981872
 0.9999999994299513
 0.9999999999620821
 0.9966529961712546
 0.986243459098622
 0.9819875437060901
 0.9805367117707861
 0.9648247747979143
 0.973537573447764
 0.9749965323749662
 0.9636881110648241
 0.9627364240995715
 0.9649705574061292
 0.959394277603591
 0.9564549280510111
 0.9639449317436731
 0.9442690313291187
 0.9612734565529106
 0.9611323871174525
 0.9526366567545452
 0.9438912423264414
 0
 0
 0.3333333333287757
 0.5784313725492104
 0.6648749132018307
 0.8067666725841355
 0.7231241773279357
 0.9752402243355108
 0.8540845898425723
 0.9564826743256378
 0.8776907665241866
 0.8910080455522367
 0.8797531371396071
 0.8650366364237086
 0.871448115308602
 0.903049942035966
 0.9483833882170433
 0.9032068300048359
 0.8667261243928219
 0.8406416582934152
 0.8498214142522109
 0.8638191492801313
 0.8742264646980171
 0.9323894710957035
 0.9369655370282861
 0.8989619871500065
 0.9200165853084914
 0.9088444619989268
 0.9188213912057864
 0.9210706160743642
 0
 0
 1
 0.7050497866120782
 0.7402953806583147
 0.8442922696013119
 0.8663846561240398
 0.9457165153163336
 0.9346502392893806
 0.8669854702862601
 0.8301759312193749
 0.8670222281633965
 0.8462218318178387
 0.8087395027913986
 0.8810190365278843
 0.9010706996552174
 0.8761474893072206
 0.8937604865318614
 0.8732378087106392
 0.8765080802398744
 0.852334805791115
 0.875673892274235
 0.8690302268957069
 0.9741012093836604
 0.89602335435974
 0.8880156411963354
 0.9039667232691334
 0.8997170231650208
 0.9104785912403737
 0.9001709563862735
 0
 0
 0
 0
 0
 0
 0
 0
 0
 0
 0
 0
 0
 0
 0
 0
 0
 0
 0
 0
 0
 0
 0
 0
 0
 0
 0
 0
 0
 0
 0
 0
 0
 0
 0
 0
 0
 0
 0
 0
 0
 0
 0
 0
 0
 0
 0
 0
 0
 0
 0
 0
 0
 0
 0
 0
 0
 0
 0
 0
 0
 0
 0
 0
 0
 0
 0
 0
 0
 0
 0
 0
 0
 0
 0
 0
 0
 0
 0
 0
 0
 0
 0
 0
 0
 0
 0
 0
 0
 0
 0
 0
 0
 0
 0
 0
 0
 0
 0
 0
 0
 0
 0
 0
 0
 0
 0
 0
 0
 0
 0
 0
 0
 0
 0
 0
 0
 0
 0
 0
 0
 0
 0
 0
 0
 0
 0
 0
 0
 0
 0
 0
 0
 0
 0
 0
 0
 0
 0
 0
 0
 0
 0
 0
 0
 0
 0
 0
 0
 0
 0
 0
 0.9999772628882493
 0.9999999215170134
 0.9999999999973319
 0.9999999999999998
 0.9999999999999967
 0.9999999279830181
 0.9999991582409269
 0.9999999379758721
 0.996264588926084
 0.9983701228892069
 0.9953677451768206
 0.9841559509003664
 0.9793373740453077
 0.9737962904509376
 0.9741497664000957
 0.972350531962342
 0.9725036327479711
 0.965782955351336
 0.9640452300544196
 0.9648834874550077
 0.9673881618552195
 0.9628597453133375
 0.9573352050142797
 0.9427416274712878
 0.9555675920534835
 0.9462890841406384
 0.9422258232441495
 0.9485454720853433
 0
 0
 0
 0
 0
 0
 0
 0
 0
 0
 0
 0
 0
 0
 0
 0
 0
 0
 0
 0
 0
 0
 0
 0
 0
 0
 0
 0
 0
 0
 0
 0
 0
 0
 0
 0
 0
 0
 0
 0
 0
 0
 0
 0
 0
 0
 0
 0
 0
 0
 0
 0
 0
 0
 0
 0
 0
 0
 0
 0


