# Created by Octave 3.8.2, Fri Nov 20 23:39:27 2015 CET <dkottke@snake10>
# name: mus
# type: matrix
# ndims: 3
 1 30 19
 0
 0
 0.5588972431077696
 0.6338383838383839
 0.5822784810126583
 0.6641414141414144
 0.6340852130325818
 0.7831632653061225
 0.8131313131313135
 0.7692307692307691
 0.7714646464646463
 0.7878787878787881
 0.7771794871794876
 0.788265306122449
 0.7705128205128206
 0.7890625
 0.7905655015629441
 0.7828282828282831
 0.8120300751879699
 0.8105263157894737
 0.8020050125313284
 0.797979797979798
 0.8042057402671212
 0.8216145833333334
 0.8213333333333334
 0.8148717948717951
 0.8203463203463203
 0.8163265306122448
 0.8228578018682966
 0.8333333333333335
 0
 0
 0.6666666666666666
 0.25
 0.8
 0.8
 0.9
 0.8
 0.4
 0.6
 0.5666666666666667
 0.5666666666666667
 0.8333333333333334
 0.8666666666666666
 0.8666666666666666
 0.8666666666666666
 0.95
 1
 1
 1
 1
 1
 0.96
 0.9199999999999999
 0.96
 0.96
 0.96
 0.9666666666666666
 0.9666666666666666
 0.9
 0
 0
 0.8282281090139789
 0.6066805411733419
 0.7980725992630997
 0.8225750303245984
 0.8072032295572898
 0.7086655247575866
 0.7197449570308978
 0.8200563475868039
 0.6962627254507368
 0.8073884873491436
 0.8441822822487606
 0.8557852501337271
 0.8692488865878808
 0.8615977679878246
 0.893013405596472
 0.9173987259630921
 0.8795175748688134
 0.9578489129644224
 0.8958881113304876
 0.8950234928984981
 0.9078592082950894
 0.8990166083177858
 0.908409922334963
 0.8898579238340343
 0.9169492006530569
 0.9130659194616089
 0.9105073108059473
 0.9145850496636594
 0
 0
 0.5271326447947057
 0.3470498493339595
 0.706650100924776
 0.7910230842262992
 0.7509679153505988
 0.6630572701949236
 0.6829464918219947
 0.7487834769815559
 0.7656632005375462
 0.8081530827201493
 0.8149633995984759
 0.8268220632120517
 0.8403787085040297
 0.8592824910311972
 0.8813950054727318
 0.9259381676784256
 0.9358355984773113
 0.9444516842897692
 0.9447039531086806
 0.9499061645596844
 0.9524095890432894
 0.9294769475622088
 0.9367289176867913
 0.9343492046612805
 0.9391528169003733
 0.9401152237858371
 0.9434986831704102
 0.9299253018899487
 0
 0
 1
 0
 0.8
 1
 0.7142857142857143
 0.875
 0.7777777777777778
 0.6
 0.9090909090909091
 1
 0.7692307692307693
 0.8888888888888888
 0.6
 1
 1
 1
 1
 1
 1
 1
 1
 1
 1
 1
 1
 1
 1
 1
 0
 0
 0.8329231326227011
 0.1572310625533724
 0.8369095336754155
 0.941739604033387
 0.7521522976224071
 0.7377836364050037
 0.7368731973029237
 0.6464727771782286
 0.8410340690623961
 0.8647483669073401
 0.7972434030072777
 0.8754821144018182
 0.7913951398003932
 0.9071903330480222
 0.9137496109314019
 0.9258280737774609
 0.9617116863642879
 0.9647967639096979
 0.9568277818723692
 0.9579751381621397
 0.9672198107455998
 0.9566937497382515
 0.9593918776346065
 0.951507702643914
 0.9274311954015562
 0.8346716191836924
 0.9496921614438889
 0.9321815933778218
 0
 0
 0.5785862941142949
 0.7510371573160503
 0.8358929923731998
 0.7753499952544373
 0.8804955657312291
 0.785535030657372
 0.7211706604159906
 0.7945477714833782
 0.7779692763377465
 0.7915501792287781
 0.7743693417426085
 0.8404409063452338
 0.8506471492123003
 0.7945749259542607
 0.8490570413866018
 0.8392135226657859
 0.8869614371838487
 0.8531227704476405
 0.8714938341009449
 0.8753963041887266
 0.9013371590915069
 0.8745992877624269
 0.8482065890952252
 0.840421779655301
 0.898145976488514
 0.8994225170045709
 0.8715043216660914
 0.9202425653130091
 0
 0
 0.4700960384964536
 0.4376270759864813
 0.6673629609374501
 0.8140879538681562
 0.7096980751535811
 0.6308538287727514
 0.6066037802299017
 0.666385762006493
 0.6934581365447503
 0.7273698216477391
 0.7371746918816034
 0.7622937203583564
 0.7571278115886804
 0.7629957069637737
 0.7909730469048338
 0.8100861665829995
 0.8359994986650712
 0.8507567264562088
 0.8449536957478415
 0.859336880367216
 0.854665291683572
 0.8245300427137252
 0.8252925786838291
 0.8442970705957801
 0.8533749730735766
 0.8594900716860965
 0.8559610860818899
 0.8448102029765153
 0
 0
 0.9572601094970135
 0.9497435205297302
 0.9320761808951804
 0.946995031713866
 0.9251312623536517
 0.9084148950867413
 0.938720439100952
 0.9113242324694418
 0.9087222221530312
 0.9139826411926713
 0.9175506315015006
 0.9030745506638008
 0.91799669944649
 0.9017183448959775
 0.9130393360332931
 0.90836520210327
 0.9036203895564207
 0.9111997330097554
 0.9057651622072388
 0.904715519731999
 0.8962892149704113
 0.9036254566759298
 0.9054653692528279
 0.8989728345319297
 0.9007452428034672
 0.8996111888324962
 0.9181245040298333
 0.9050986671308027
 0
 0
 0.7936874926217427
 0.2407283806229643
 0.7819935872729544
 0.7657634637471965
 0.8033972552014201
 0.5930865346966812
 0.5988448469054696
 0.6750969291072444
 0.7390920250366558
 0.7961877517572566
 0.8306174468386986
 0.8562188609596779
 0.8718371149008521
 0.8740119575893339
 0.8852417770963634
 0.9421040467177855
 0.9487465893980028
 0.9577208038708513
 0.9579868702680839
 0.9629475230254441
 0.9629015021435123
 0.7958658584037643
 0.9520940090183379
 0.9370982838498274
 0.9435837808257835
 0.9174343798539348
 0.9358820199234896
 0.9268082278346821
 0
 0
 0.5785862941142949
 0.744070262827162
 0.8349273273001037
 0.7701296319822687
 0.8600320951675229
 0.758448561554781
 0.7700052821764025
 0.8113528264936345
 0.750137566744858
 0.7958704966008547
 0.7519882165527638
 0.8312323019061754
 0.8111603701698922
 0.7878425956593724
 0.7867498848138259
 0.8188440507565515
 0.823091864592196
 0.9270295584605184
 0.6401298840859342
 0.8369464341409585
 0.9218608393821587
 0.7963850341233796
 0.8839131064717889
 0.8744692340827237
 0.916431549142096
 0.9235188326341917
 0.9231128623041979
 0.94728369757627
 0
 0
 0
 0
 0
 0
 0
 0
 0
 0
 0
 0
 0
 0
 0
 0
 0
 0
 0
 0
 0
 0
 0
 0
 0
 0
 0
 0
 0
 0
 0
 0
 0
 0
 0
 0
 0
 0
 0
 0
 0
 0
 0
 0
 0
 0
 0
 0
 0
 0
 0
 0
 0
 0
 0
 0
 0
 0
 0
 0
 0
 0
 0
 0
 0
 0
 0
 0
 0
 0
 0
 0
 0
 0
 0
 0
 0
 0
 0
 0
 0
 0
 0
 0
 0
 0
 0
 0
 0
 0
 0
 0
 0
 0
 0
 0
 0
 0
 0
 0
 0
 0
 0
 0
 0
 0
 0
 0
 0
 0
 0
 0
 0
 0
 0
 0
 0
 0
 0
 0
 0
 0
 0
 0
 0
 0
 0
 0
 0
 0
 0
 0
 0
 0
 0
 0
 0
 0
 0
 0
 0
 0
 0
 0
 0
 0
 0
 0
 0
 0
 0
 0
 0.9399004438331099
 0.9269189370180857
 0.9268447054071061
 0.9143179203819185
 0.909029377285384
 0.906035951400218
 0.9116610158336034
 0.9125782932542928
 0.9149701037323209
 0.9293173999879707
 0.9278582745334835
 0.9240198136012655
 0.9410373282411552
 0.9218550215658085
 0.9172468723646189
 0.9137413475686672
 0.9198507167200088
 0.9097568097523832
 0.9079498474006076
 0.9039204440049206
 0.9043622887724225
 0.9049320135506802
 0.9013598960323621
 0.9119442978556769
 0.909294938464321
 0.9111046647241354
 0.8994185116968979
 0.9013034929319252
 0
 0
 0
 0
 0
 0
 0
 0
 0
 0
 0
 0
 0
 0
 0
 0
 0
 0
 0
 0
 0
 0
 0
 0
 0
 0
 0
 0
 0
 0
 0
 0
 0
 0
 0
 0
 0
 0
 0
 0
 0
 0
 0
 0
 0
 0
 0
 0
 0
 0
 0
 0
 0
 0
 0
 0
 0
 0
 0
 0


