# Created by Octave 3.8.2, Fri Nov 20 22:50:35 2015 CET <dkottke@snake6>
# name: mus
# type: matrix
# ndims: 3
 1 30 19
 0
 0
 0.7101449275362318
 0.8413461538461539
 0.9560975609756098
 0.9656862745098038
 0.8275862068965518
 0.8365384615384616
 0.9710144927536233
 0.9299999999999999
 0.8947368421052632
 0.9656862745098038
 0.9615384615384616
 0.9693877551020409
 0.9692307692307693
 0.9663461538461539
 0.9656862745098039
 0.9621212121212122
 0.9665071770334929
 0.9650000000000001
 0.9523809523809523
 0.9545454545454545
 0.9565217391304349
 0.951388888888889
 0.9475
 0.9567307692307694
 0.9561602418745275
 0.9540816326530612
 0.9598874032371569
 0.9722222222222222
 0
 0
 0.6666666666666666
 1
 0.6
 0.8
 1
 1
 0.9
 0.9
 0.8
 0.8
 0.8666666666666666
 0.7999999999999999
 0.7999999999999999
 0.8666666666666666
 0.9
 0.8666666666666666
 0.9
 0.9
 0.86
 0.86
 0.8699999999999999
 0.8699999999999999
 0.8800000000000001
 0.8866666666666667
 0.8933333333333333
 0.8933333333333333
 0.9
 0.9333333333333333
 0
 0
 0.7126724732597465
 0.8333945813940236
 0.7140406995775572
 0.7324022967625772
 0.828941542728163
 0.9293061327062312
 0.902648190977671
 0.9074996915580877
 0.9339719775021026
 0.7597217176089132
 0.8601473533046061
 0.7967144028336584
 0.8332776290335346
 0.8256183448381502
 0.8634080648810514
 0.8839994403143916
 0.9082031623693789
 0.9040086173136728
 0.8897940923104701
 0.9141390300259306
 0.8755773457785649
 0.9008521533215468
 0.9016048770932052
 0.933380662553001
 0.9310335086520832
 0.9268053293705466
 0.9374225073083563
 0.9451776150670036
 0
 0
 0.5246389074522556
 0.8888865940262001
 0.5753815593513777
 0.644243841935694
 0.7631402570828675
 0.7672120204653325
 0.8757621545002569
 0.8933142347496635
 0.8662013843054049
 0.7524725214906516
 0.7840806622445129
 0.7609260228751175
 0.7894756655310714
 0.83390266487502
 0.834904868844392
 0.8425769329002226
 0.8583652292011984
 0.8628579727186013
 0.8349154214714991
 0.8464955096765907
 0.8545057984713154
 0.8571290076006493
 0.8631214007073115
 0.8681327639667352
 0.8779960260657849
 0.8783507454303104
 0.8779670844190387
 0.885690024795552
 0
 0
 0.3333333333333333
 1
 0.6
 0.6666666666666666
 0.7142857142857143
 0.875
 1
 1
 0.8181818181818182
 0.8333333333333334
 0.7692307692307693
 0.4444444444444444
 1
 0.6666666666666666
 1
 1
 1
 1
 1
 1
 1
 1
 0
 1
 1
 1
 1
 1
 0
 0
 0.3623645563664583
 0.8140183429013208
 0.5601031531964421
 0.6562973479979474
 0.8610650109406875
 0.7690688838896342
 0.7740223289393716
 0.9376573757010063
 0.9536587131417629
 0.81026024245443
 0.7671617636027592
 0.7397010233249697
 0.8089993939844071
 0.8366295763285736
 0.9151303726867602
 0.8161691690187804
 0.8970957326640339
 0.8506178410285934
 0.9023372105772506
 0.9565829756068276
 0.8541318318522546
 0.8089451614965613
 0.8073065890978748
 0.8567387487234379
 0.9270507487301805
 0.8723216627091007
 0.8823225755210263
 0.83929763885223
 0
 0
 0.3678794411714423
 0.7846681382938877
 0.6579976435525791
 0.7021417599989139
 0.8626524150716748
 0.8296149201753943
 0.7990930089418152
 0.7934573237571859
 0.8600134883273962
 0.7825056440260117
 0.8064151302633707
 0.8127870623948938
 0.8473427351689516
 0.8100758880211242
 0.8478448637962925
 0.8318150750914913
 0.8977444604725229
 0.9229503681446719
 0.8709580644415007
 0.8807995055524598
 0.8710170235104144
 0.9000301318121642
 0.9332501793188659
 0.8791835601398914
 0.8952349942240667
 0.9041376125155528
 0.8837418723913147
 0.9278627252276893
 0
 0
 0.5268345459009247
 0.8367867814589207
 0.5849168254426569
 0.5389369342827799
 0.7233220644305792
 0.7513579581217505
 0.8689482004695566
 0.8871115434593415
 0.8773408770273878
 0.7619088407795868
 0.7932651628885172
 0.7854104454756257
 0.8170370883469597
 0.8339332486703469
 0.8486774934723514
 0.8553191712060412
 0.8703043200972025
 0.8673770315467766
 0.8455715196911383
 0.8561847561081601
 0.8652797770819384
 0.8695124353327724
 0.8794814598089478
 0.8782221866808811
 0.8861259519861676
 0.8905775619180465
 0.8957254444494019
 0.8960822500729912
 0
 0
 0.9999963319400254
 0.999999953699503
 0.9999999998899181
 0.9999999913946781
 1
 0.9999999999999911
 1
 0.9999999999999997
 0.9993272748191393
 0.9990202035301612
 0.9951064446429765
 0.9811839246452099
 0.9808650076699903
 0.9767605583506667
 0.9706707076631456
 0.9749445310160975
 0.9713434987018028
 0.96714725396477
 0.9622344624952748
 0.9662364722729612
 0.9562730045545602
 0.9554758099596876
 0.9576217140816112
 0.955692519695145
 0.9555776260906933
 0.9493241006834364
 0.952257100958445
 0.942513421341972
 0
 0
 0.3788431368539203
 0.8440973854664469
 0.5423968170011495
 0.627362264465456
 0.7528745629642325
 0.8801050314281099
 0.7737646152407959
 0.8545462074437247
 0.9148115589688347
 0.763830414160784
 0.7940176839696467
 0.7700816119133528
 0.8229208096687346
 0.9060443676455888
 0.8519919019226825
 0.8604297759002608
 0.9240191237391147
 0.8617876858581056
 0.835657663943183
 0.8453358636720889
 0.8588293568511189
 0.8915089821335271
 0.8805657833915873
 0.8746919768640999
 0.8784181233720413
 0.8837047979865279
 0.8895711679800836
 0.8950212823886013
 0
 0
 0.3678794411714423
 0.7717909997751555
 0.7056128575119114
 0.6875689318754999
 0.782284956420126
 0.8163330855284
 0.8116170348999063
 0.8273814941276164
 0.7824404733237036
 0.7638175804304729
 0.7832769020485679
 0.8723256653346914
 0.8139868919480353
 0.8247794185834362
 0.8398883881504786
 0.8517385961973925
 0.8561179280646101
 0.8739100266324513
 0.8642297552160955
 0.8585162952080577
 0.8685744558167593
 0.8669170214694683
 0.8731640367924121
 0.8802941966350459
 0.8856847157470555
 0.9098130516949759
 0.9124113205031836
 0.9058497371071216
 0
 0
 0
 0
 0
 0
 0
 0
 0
 0
 0
 0
 0
 0
 0
 0
 0
 0
 0
 0
 0
 0
 0
 0
 0
 0
 0
 0
 0
 0
 0
 0
 0
 0
 0
 0
 0
 0
 0
 0
 0
 0
 0
 0
 0
 0
 0
 0
 0
 0
 0
 0
 0
 0
 0
 0
 0
 0
 0
 0
 0
 0
 0
 0
 0
 0
 0
 0
 0
 0
 0
 0
 0
 0
 0
 0
 0
 0
 0
 0
 0
 0
 0
 0
 0
 0
 0
 0
 0
 0
 0
 0
 0
 0
 0
 0
 0
 0
 0
 0
 0
 0
 0
 0
 0
 0
 0
 0
 0
 0
 0
 0
 0
 0
 0
 0
 0
 0
 0
 0
 0
 0
 0
 0
 0
 0
 0
 0
 0
 0
 0
 0
 0
 0
 0
 0
 0
 0
 0
 0
 0
 0
 0
 0
 0
 0
 0
 0
 0
 0
 0
 0
 0.9999884049104861
 0.9999999991776747
 0.9999999999752915
 0.9999999998869329
 0.9999999394971981
 0.9999999848711731
 0.9999989444754759
 0.9945491951622963
 0.9974237449029314
 0.9966294374263673
 0.9932266686774257
 0.9846412552897472
 0.9838569351098971
 0.9701852783393508
 0.9750037819255785
 0.9739554009365577
 0.9724169110791178
 0.9671376862585934
 0.9676668236410483
 0.9578053701347001
 0.9553056104826217
 0.9517393308987608
 0.961321150553998
 0.956236810597004
 0.9541991173571139
 0.9508658891130268
 0.9458508336486332
 0.9373926392358398
 0
 0
 0
 0
 0
 0
 0
 0
 0
 0
 0
 0
 0
 0
 0
 0
 0
 0
 0
 0
 0
 0
 0
 0
 0
 0
 0
 0
 0
 0
 0
 0
 0
 0
 0
 0
 0
 0
 0
 0
 0
 0
 0
 0
 0
 0
 0
 0
 0
 0
 0
 0
 0
 0
 0
 0
 0
 0
 0
 0


