# Created by Octave 3.8.2, Sun Nov 15 21:44:05 2015 CET <dkottke@snake7>
# name: mus
# type: matrix
# ndims: 3
 1 30 19
 0
 0
 0.9565217391304348
 0.7740384615384616
 0.7804878048780491
 0.9558823529411765
 0.9605911330049263
 0.9423076923076923
 0.9468599033816427
 0.9099999999999999
 0.9665071770334926
 0.965686274509804
 0.9663461538461539
 0.9642857142857143
 0.958974358974359
 0.9615384615384616
 0.9607843137254903
 0.9595959595959596
 0.9617224880382775
 0.9800000000000001
 0.9788359788359789
 0.9755892255892255
 0.9806763285024154
 0.9756944444444444
 0.98
 0.9807692307692308
 0.9788359788359787
 0.979591836734694
 0.9802955665024632
 0.9722222222222223
 0
 0
 0.6666666666666666
 1
 0.8
 0.6
 0.7
 0.9
 0.8
 1
 0.9
 0.8333333333333333
 0.9333333333333333
 0.8333333333333333
 0.8666666666666666
 0.8333333333333333
 0.8166666666666668
 1
 0.9333333333333332
 0.95
 0.96
 0.95
 1
 1
 1
 0.96
 0.8933333333333333
 0.8866666666666665
 0.9
 0.9
 0
 0
 0.7172092236819611
 0.8717436547304376
 0.9283596699994301
 0.7629547904392908
 0.8175299104887771
 0.7831826483218047
 0.8302509895002306
 0.8657797346754029
 0.7239096676916409
 0.78556231770356
 0.8154001500935797
 0.844648847423134
 0.8862641240380399
 0.8846283442402646
 0.9226250063079551
 0.9366124688134421
 0.8997166850463379
 0.8886359593829047
 0.9180146422519275
 0.9339270740652804
 0.9800748667655939
 0.9586828208714718
 0.9672147311709781
 0.9363989309075513
 0.9523191514556028
 0.9462098154005198
 0.9553352778108982
 0.937535900877474
 0
 0
 0.6090697425397251
 0.7587892712092241
 0.6913397878176766
 0.6800295157305722
 0.7348741775576538
 0.7247153942572367
 0.7781659898466351
 0.7451826155661121
 0.6991982339042647
 0.7172247350246482
 0.7371773485105872
 0.7650778846671004
 0.7835979339458409
 0.7999334720821338
 0.819665501112947
 0.8313828543493381
 0.8416973727401648
 0.8420561575711342
 0.8493801603932072
 0.8598580539270032
 0.8806851635784143
 0.8842084145377607
 0.8858831850732515
 0.8445600908617575
 0.8485475364912958
 0.8548856250406336
 0.8632330038554686
 0.8622294806735359
 0
 0
 0.8003537651340069
 0.8225804862501258
 0.7784289762838345
 0.7530466593661365
 0.7744165425719016
 0.7200888200305094
 0.7824812153168333
 0.7681738653274444
 0.6993535739146868
 0.7158162095590235
 0.7386979068783383
 0.7622831101706952
 0.782347027453476
 0.8069230011286479
 0.8153914502761326
 0.825427798934548
 0.8364786586460272
 0.8323543390395707
 0.8537692694967599
 0.8572943786779252
 0.881394061424959
 0.8818252200822284
 0.891498650887787
 0.8404522052198096
 0.8491601119906619
 0.8499964369997832
 0.8613040419829362
 0.863098526510609
 0
 0
 0.7798105124670597
 0.7851479936488109
 0.7396829944448703
 0.6911391442388181
 0.8291552581533488
 0.7303901818185201
 0.9054395385700893
 0.7549650112100571
 0.677309408072332
 0.7039814311029181
 0.7108767063865042
 0.7249066685115241
 0.7861316709175065
 0.7859476450388292
 0.8217331076227417
 0.9402743592143655
 0.8269567987914987
 0.8322863202466754
 0.8466515118045744
 0.8825516984188176
 0.8929641153853647
 0.8456627202693227
 0.8515221033052947
 0.7923996405144251
 0.8342258364131977
 0.7822118005080935
 0.868616904470386
 0.9819790433912858
 0
 0
 0.3678794411714423
 0.8087122613964164
 0.8606416210416451
 0.8402533925756057
 0.8580349857126152
 0.8832764164986314
 0.8147789042481614
 0.8797736068879044
 0.7716577908738276
 0.894528737982105
 0.8065015349399399
 0.8174313748735363
 0.8508975922631996
 0.8561934298610264
 0.889275495706052
 0.8464217054223788
 0.9534454739409431
 0.8591454377809414
 0.8820345242495128
 0.8819388599542008
 0.8942085484535816
 0.8895533395759621
 0.8890799808695088
 0.8603367939255806
 0.8357105831554054
 0.8879002986708773
 0.8744848493932466
 0.8623571165618642
 0
 0
 0.6289911828517276
 0.7307696778177725
 0.7163981865407087
 0.7267102283399255
 0.7768969975451265
 0.7678867145355772
 0.7875594910317019
 0.7476837639301723
 0.6934409968274129
 0.7254749910117527
 0.7563949425110632
 0.7780140544281497
 0.819690712099164
 0.8380912908178134
 0.8539025802435946
 0.8676951810960903
 0.8801818716184692
 0.8721195805236386
 0.8802145556043977
 0.8924130487668388
 0.9232940763781357
 0.9261905757059508
 0.9373612884942004
 0.8901373382709284
 0.8943226337336386
 0.8967673811598709
 0.9028643552879828
 0.9063187352203493
 0
 0
 0.7841627674992273
 0.7960989388761661
 0.7645826853665116
 0.765039293065866
 0.8211179652043201
 0.7479958550563274
 0.7736676502215898
 0.7730499865458924
 0.7025312394971361
 0.717667834724357
 0.7427328174129912
 0.7882157932031869
 0.8087497615525491
 0.8385183522351329
 0.8468271412579147
 0.8579518924104609
 0.8820686693603396
 0.8725052217011922
 0.8830568595811442
 0.8891069013140127
 0.923179773158328
 0.9254527090570345
 0.9332166717434993
 0.887276652459694
 0.8927274777852158
 0.8898966451608893
 0.9012008584394864
 0.9061591907838068
 0
 0
 0.7652027413980304
 0.6558266683803798
 0.6738741787887665
 0.6665607499111801
 0.7699934934457117
 0.7450495840233223
 0.8505416409827879
 0.7602865113939397
 0.6792662058731552
 0.7124304127302005
 0.7411601837074103
 0.7613701574419067
 0.8079092939194358
 0.8132817869090637
 0.8983737765150239
 0.8582138724739763
 0.874654142286754
 0.8691044544315993
 0.8793116007658303
 0.8939748358466251
 0.9767811514558582
 0.9256144094665182
 0.9434444385709453
 0.8871948488958306
 0.91112936418316
 0.9016011496288918
 0.9009957848726359
 0.9018366108251632
 0
 0
 0.3678794411714423
 0.8033834349996601
 0.7834827883597159
 0.7845459334678939
 0.8298848301692181
 0.7825323735431662
 0.7870146799582632
 0.8031770623478746
 0.7720459610336013
 0.8527412268430528
 0.7875617101261078
 0.7924348493516272
 0.8175897088761969
 0.8407608493074986
 0.845540399820335
 0.8475766406676404
 0.8896239759573779
 0.8772282709718555
 0.8793325236721835
 0.8874250629783976
 0.8976797293744866
 0.9029554584267251
 0.9100008575472256
 0.8762543456911746
 0.8779394702610797
 0.8917116541678601
 0.9041355746158874
 0.8963465440198646
 0
 0
 0
 0
 0
 0
 0
 0
 0
 0
 0
 0
 0
 0
 0
 0
 0
 0
 0
 0
 0
 0
 0
 0
 0
 0
 0
 0
 0
 0
 0
 0
 0
 0
 0
 0
 0
 0
 0
 0
 0
 0
 0
 0
 0
 0
 0
 0
 0
 0
 0
 0
 0
 0
 0
 0
 0
 0
 0
 0
 0
 0
 0
 0
 0
 0
 0
 0
 0
 0
 0
 0
 0
 0
 0
 0
 0
 0
 0
 0
 0
 0
 0
 0
 0
 0
 0
 0
 0
 0
 0
 0
 0
 0
 0
 0
 0
 0
 0
 0
 0
 0
 0
 0
 0
 0
 0
 0
 0
 0
 0
 0
 0
 0
 0
 0
 0
 0
 0
 0
 0
 0
 0
 0
 0
 0
 0
 0
 0
 0
 0
 0
 0
 0
 0
 0
 0
 0
 0
 0
 0
 0
 0
 0
 0
 0
 0
 0
 0
 0
 0
 0
 0.554007475845317
 0.655738886102275
 0.7466226869915157
 0.7461242009085782
 0.8111572480253395
 0.7437503758774715
 0.7839978740549431
 0.7747614028203728
 0.7030379257123104
 0.7166510019420452
 0.7439433114322249
 0.7841452417816931
 0.80172629017852
 0.8330517193004604
 0.8441074074386521
 0.8619250471729558
 0.8813187321272474
 0.8729024589899055
 0.8823241262138307
 0.8924231024856466
 0.9231820266344466
 0.9238541959738948
 0.9337044332837313
 0.8836621320777404
 0.8918521020476133
 0.8870544579290383
 0.8998490725445426
 0.9030450592916026
 0
 0
 0
 0
 0
 0
 0
 0
 0
 0
 0
 0
 0
 0
 0
 0
 0
 0
 0
 0
 0
 0
 0
 0
 0
 0
 0
 0
 0
 0
 0
 0
 0
 0
 0
 0
 0
 0
 0
 0
 0
 0
 0
 0
 0
 0
 0
 0
 0
 0
 0
 0
 0
 0
 0
 0
 0
 0
 0
 0


