# Created by Octave 3.8.2, Sun Nov 15 21:16:31 2015 CET <dkottke@snake7>
# name: mus
# type: matrix
# ndims: 3
 1 30 19
 0
 0
 0.5175292153589321
 0.5434298440979956
 0.6111420612813377
 0.5769230769230764
 0.7159533073929972
 0.7287946428571429
 0.7370184254606352
 0.7374301675977657
 0.7229702812524902
 0.7293064876957494
 0.7284466740988473
 0.7292131696428567
 0.7215686274509803
 0.7176339285714286
 0.7242577030812319
 0.7255892255892255
 0.7209246520556709
 0.7151685393258427
 0.7121568627450978
 0.7141788252899363
 0.7173913043478262
 0.7173423423423424
 0.7194366197183097
 0.720549981419547
 0.721380471380471
 0.7176339285714286
 0.7194104560622916
 0.7225988700564975
 0
 0
 0.3333333333333333
 0.5
 0.4
 0.5
 0.6
 0.4
 0.4
 0.3
 0.4666666666666666
 0.8333333333333333
 1
 0.8666666666666666
 0.9333333333333332
 0.9333333333333332
 0.95
 0.8333333333333333
 0.8
 0.85
 0.8
 0.8099999999999999
 0.8800000000000001
 0.8800000000000001
 0.8800000000000001
 0.8800000000000001
 0.8800000000000001
 0.9
 0.9
 0.9
 0
 0
 0.7215659443255162
 0.5844446155449016
 0.5714288703946012
 0.5594144245076249
 0.4248456056602231
 0.4597912062528225
 0.3468787425563875
 0.7206027129977776
 0.5308489488444581
 0.6509415539646659
 0.7392792614162229
 0.7991793075435366
 0.8407075853242827
 0.8546716503889823
 0.8374252324314593
 0.8119670581273681
 0.8720400567475219
 0.9167135696713492
 0.8947478401872656
 0.9131713716324633
 0.9098345871168176
 0.9143290568368717
 0.9204575710462541
 0.9129379338254066
 0.9221676849631963
 0.9278289865113299
 0.9263081589110667
 0.9238764864931782
 0
 0
 0.4875627104561531
 0.5815592399215679
 0.4227829638027752
 0.4029869116255553
 0.4666011898938913
 0.5096126028742053
 0.4376966813653567
 0.4747015588958679
 0.5411688576533452
 0.6136840337768993
 0.6596799928469654
 0.6763961037935041
 0.7102603431216495
 0.7355743114654341
 0.7632852476198109
 0.7705344228423512
 0.7803948526132626
 0.7971159970884121
 0.8103526677494373
 0.8163633699220917
 0.8238853197206113
 0.8351012815125259
 0.8391436004303355
 0.8440592644806918
 0.848976125936
 0.8557639449041631
 0.8574875545460356
 0.8648027530043491
 0
 0
 0.3156989866889938
 0.5784001711548471
 0.5039140651697448
 0.3920127623274964
 0.4770280313548698
 0.5286291128989623
 0.4856140235694352
 0.4835642743911869
 0.5477280349994307
 0.6146634470471487
 0.6596871568575391
 0.682303000622961
 0.7188404560979271
 0.7474149612990467
 0.7619622745630356
 0.774668738390252
 0.783444570669141
 0.7958356924081077
 0.8098289914804173
 0.815454472346855
 0.825993509610578
 0.8349157652018464
 0.8380444368444321
 0.8474288106339034
 0.8474926137586157
 0.8552874386947621
 0.8588783822280335
 0.8641901288284977
 0
 0
 0.7426586521023332
 0.2494730860155832
 0.3791539131545595
 0.4478596001871927
 0.5164011367977567
 0.4757761435148093
 0.4500815814770096
 0.5241181657848325
 0.5770774977373856
 0.6391315383456802
 0.6164559790313218
 0.6920412301037995
 0.6799843093118454
 0.790735286639575
 0.7241791472274933
 0.7017435585674552
 0.7636523167324203
 0.7891221350322236
 0.81518208436002
 0.7939742786084844
 0.7985748094846551
 0.845755923190467
 0.8451586476837496
 0.8094650753771965
 0.8138571086179348
 0.8070988748224832
 0.8580717362999253
 0.7955441605577047
 0
 0
 0.5785862941142949
 0.7850194272772623
 0.5855579579009993
 0.6505318232209047
 0.6237143559352628
 0.6588172914739662
 0.6895667669052377
 0.6921033798093814
 0.7059635511118616
 0.7505523664224552
 0.6976401076803544
 0.8878829840942061
 0.7888744530251647
 0.8830053613085511
 0.7873501891870311
 0.8173510002028906
 0.8390504463616135
 0.8462501280867702
 0.8394281911127442
 0.8241759758160424
 0.8595998752173819
 0.8723809249503462
 0.8841062839031804
 0.8818472389430716
 0.8401631648709454
 0.8418031238089111
 0.8701360842861741
 0.8941542906274165
 0
 0
 0.4858364241347567
 0.5725653320998968
 0.4444293747014363
 0.4447587837806526
 0.511184184517902
 0.5299740918941135
 0.4601063253376277
 0.4946627711705843
 0.5592607604341562
 0.5971941132256902
 0.6701487177953502
 0.7036246281498933
 0.7297503370596861
 0.7509945983651698
 0.7788651411092433
 0.7901791502174658
 0.8039249119235525
 0.8199147141909421
 0.8395251900956402
 0.8560132020385027
 0.8639557558752757
 0.8648420409485592
 0.8728077508399856
 0.8769100322170591
 0.8812879930898296
 0.888852195327607
 0.8936813223334447
 0.8970529857813678
 0
 0
 0.3175059876081843
 0.5691286276212641
 0.5090224534627212
 0.4408169047372945
 0.5274824334902383
 0.5320296237298351
 0.4797585436034222
 0.478766634359441
 0.5574966434054989
 0.6007546826454403
 0.6685118031487831
 0.7018310499717388
 0.7285991900128328
 0.7713438375888541
 0.7777421178238458
 0.7875961641758195
 0.8035666077507022
 0.8204164033313271
 0.8399001893262004
 0.8542805278695914
 0.8608387804222356
 0.8697543098407652
 0.8693010440558407
 0.8795526975776936
 0.8775559173804522
 0.8853214916066305
 0.8912317080413376
 0.8967469435986882
 0
 0
 0.5573987892228005
 0.6713169753291516
 0.484919825616533
 0.4449729993070909
 0.5045352709079535
 0.5266224210172069
 0.4582419981211252
 0.4941238766275866
 0.5565548199143672
 0.5874345619377354
 0.6886504837898463
 0.6871523594278824
 0.7084512456275672
 0.7482001158285747
 0.7578086584874703
 0.7696786938758278
 0.7934576006536163
 0.795705581305468
 0.8316516023073421
 0.8502645074123264
 0.8755446607525599
 0.8639986476263
 0.8651953620756179
 0.8662325052680607
 0.8802160510878002
 0.885671805754625
 0.8909822421882598
 0.9064186786157342
 0
 0
 0.5785862941142949
 0.8012324822510818
 0.5945274558462004
 0.6551991064830239
 0.6411562459075257
 0.7081715093814152
 0.6414317743954259
 0.6966160465737828
 0.7022947250075068
 0.7491235810501609
 0.7565455143535594
 0.8172024462004263
 0.7605355046600791
 0.7789013987490787
 0.9357788048586112
 0.8121658168478483
 0.8201571108843295
 0.8814644046879888
 0.8541850021263784
 0.8538381346867139
 0.8562203973805532
 0.871495647028943
 0.8691858431282511
 0.8883816527629458
 0.8827424854296804
 0.8893895691859928
 0.9515863262803663
 0.8947221861776405
 0
 0
 0
 0
 0
 0
 0
 0
 0
 0
 0
 0
 0
 0
 0
 0
 0
 0
 0
 0
 0
 0
 0
 0
 0
 0
 0
 0
 0
 0
 0
 0
 0
 0
 0
 0
 0
 0
 0
 0
 0
 0
 0
 0
 0
 0
 0
 0
 0
 0
 0
 0
 0
 0
 0
 0
 0
 0
 0
 0
 0
 0
 0
 0
 0
 0
 0
 0
 0
 0
 0
 0
 0
 0
 0
 0
 0
 0
 0
 0
 0
 0
 0
 0
 0
 0
 0
 0
 0
 0
 0
 0
 0
 0
 0
 0
 0
 0
 0
 0
 0
 0
 0
 0
 0
 0
 0
 0
 0
 0
 0
 0
 0
 0
 0
 0
 0
 0
 0
 0
 0
 0
 0
 0
 0
 0
 0
 0
 0
 0
 0
 0
 0
 0
 0
 0
 0
 0
 0
 0
 0
 0
 0
 0
 0
 0
 0
 0
 0
 0
 0
 0
 0.2413254877247956
 0.5577432320256713
 0.5138530662059607
 0.4429724543653342
 0.5245853817374847
 0.5419646641218749
 0.4884398860952806
 0.4811123879426716
 0.5584985262040261
 0.6007814427499754
 0.66813783467189
 0.701710475644857
 0.7228188136376608
 0.7658229444142701
 0.7774838679896964
 0.7892136528965891
 0.8004109782299689
 0.8163168669072323
 0.8378860262897422
 0.8511550527948144
 0.8591868270493636
 0.8703539962078862
 0.8687185603276124
 0.8783159737237402
 0.8791488510364505
 0.8836816237424144
 0.8904932542438462
 0.8943481605099187
 0
 0
 0
 0
 0
 0
 0
 0
 0
 0
 0
 0
 0
 0
 0
 0
 0
 0
 0
 0
 0
 0
 0
 0
 0
 0
 0
 0
 0
 0
 0
 0
 0
 0
 0
 0
 0
 0
 0
 0
 0
 0
 0
 0
 0
 0
 0
 0
 0
 0
 0
 0
 0
 0
 0
 0
 0
 0
 0
 0


