# Created by Octave 3.8.2, Fri Nov 20 22:06:09 2015 CET <dkottke@snake7>
# name: mus
# type: matrix
# ndims: 3
 1 30 19
 0
 0
 0.4987468671679197
 0.4983277591973244
 0.4979079497907948
 0.9380234505862649
 0.8384851016429967
 0.6325503355704698
 0.9331662489557218
 0.9352941176470593
 0.9449541284403663
 0.9452861952861958
 0.9448160535117051
 0.9458823529411771
 0.9443037974683544
 0.9434121621621622
 0.9445378151260497
 0.943602693602693
 0.9440267335004171
 0.9406779661016953
 0.9106098579782784
 0.918350168350168
 0.9140886287625422
 0.9183673469387752
 0.9174468085106386
 0.9163879598662206
 0.9172979797979797
 0.9178004535147395
 0.9145194586742105
 0.9153846153846151
 0
 0
 1
 1
 1
 0.6
 1
 0.9
 0.9
 0.7
 0.7666666666666667
 0.5666666666666667
 0.7
 0.9333333333333332
 1
 0.8833333333333332
 0.8333333333333333
 0.9333333333333332
 1
 1
 0.96
 0.95
 0.96
 0.95
 0.96
 0.9666666666666668
 0.9333333333333332
 0.9199999999999999
 0.9333333333333332
 0.9333333333333332
 0
 0
 1
 1
 1
 0.8008820239690043
 0.8987146214791703
 0.9226705849699731
 0.7685466134633856
 0.8379664300869464
 0.8126515067548122
 0.8429118888122271
 0.9038875740790674
 0.8726831985332679
 0.8925094040201533
 0.9062049993598134
 0.881097478218496
 0.9050547778771667
 0.9308724912960166
 0.9359891239708482
 0.9242747798887612
 0.9059064943458546
 0.9256385467705524
 0.9442590222935471
 0.9505743707670125
 0.9605487721888921
 0.9430408708666368
 0.9593654615343128
 0.9431851296597827
 0.9491000245240311
 0
 0
 0.9999999987152078
 0.9999999999585478
 0.9999999999911524
 0.6498812662575132
 0.9460782871326215
 0.8911189012641128
 0.7954734934936896
 0.7835986461482257
 0.7698187263450054
 0.8221153293972218
 0.8522998593235199
 0.8592157015242462
 0.8690633451489329
 0.8927815945355781
 0.8891500594520509
 0.8888080141485227
 0.9124860377570968
 0.9367012681722994
 0.9302833162449544
 0.9372280079274269
 0.936971597182497
 0.9440225701828682
 0.9474938962175795
 0.9509329284383221
 0.9509089245084708
 0.9483624674612886
 0.950212912015284
 0.9522847360608505
 0
 0
 1
 1
 1
 0.5
 1
 1
 0.4444444444444444
 0.8
 1
 0.75
 0.8461538461538461
 0.7777777777777778
 1
 0.6666666666666666
 1
 1
 1
 1
 1
 1
 1
 1
 1
 1
 1
 1
 1
 1
 0
 0
 0.9999999999917517
 0.9999999999993966
 0.9999999999996023
 0.6002512084156388
 0.9465068382164202
 0.9551171665487912
 0.6772107421328898
 0.7847739343673826
 0.905877838615996
 0.7982861715769924
 0.8822799916770327
 0.843623331580351
 0.8998585230189134
 0.8422122671454264
 0.9451259929907442
 0.8852702374511719
 0.9108214875331011
 0.9466019180301111
 0.9100937580829596
 0.9666834575510227
 0.971286652600039
 0.9829397505501327
 0.9761175930824968
 0.9741949827946238
 0.9660448531923581
 0.9749188151997039
 0.9285726881626902
 0.9740084516084411
 0
 0
 1
 0.9999999999983724
 1
 0.7696418943758904
 0.8876203409674447
 0.8174033790000711
 0.7491523571052938
 0.7971337293033217
 0.792735685890207
 0.8239052772539163
 0.8468896447546244
 0.8717028666835925
 0.8730198137880762
 0.8850317916767861
 0.8814051061597478
 0.8881126958719291
 0.9192213428205803
 0.9471831692351895
 0.8945857850864655
 0.9174682452149949
 0.9404989862977513
 0.8858521142599723
 0.9521567067960033
 0.9263737789859748
 0.9541125866227137
 0.9697378388654428
 0.9249365630128942
 0.9303683491700339
 0
 0
 0.9999999997459099
 0.9999999998470187
 0.999999999996023
 0.6327713443689191
 0.8838623182267829
 0.7732394579456275
 0.7429719645638834
 0.7600314132206671
 0.7452988831561433
 0.7542331038981441
 0.7912122010101584
 0.8065597063228556
 0.7982779760200014
 0.8380851119439869
 0.850533316720222
 0.8325604841441262
 0.8581115991423897
 0.8733187586545688
 0.8721226984698813
 0.878142037370175
 0.8735715161820599
 0.8727730479636288
 0.893496711866264
 0.8889066633921261
 0.9020450234744474
 0.8939413205286557
 0.9064017681187965
 0.9031250501788947
 0
 0
 0.9902943364097969
 0.9457520996802272
 0.9155547209590061
 0.9340960782015257
 0.8864207169523007
 0.9143150069591771
 0.909802419049387
 0.9142422709761812
 0.9332205434296746
 0.9134969265750169
 0.9202204763950463
 0.9049867961982325
 0.9199614077417361
 0.9150790513781768
 0.8992419473610735
 0.9045247671441949
 0.9023836340688255
 0.9077923631777984
 0.9011219706641067
 0.9020679611592212
 0.9147449445221761
 0.9004825102464123
 0.9015324374292851
 0.9037969542371229
 0.8894014843067077
 0.8997734115306505
 0.9050900258244738
 0.8998746175054205
 0
 0
 0.9999999999996247
 1
 0.9999999999885452
 0.7388349476667848
 0.9134904991809951
 0.9339066845926154
 0.7135914571319667
 0.7470339738304161
 0.8547516756790425
 0.395459717320263
 0.8935909077687541
 0.7831472715172985
 0.869509511334872
 0.8710710970252489
 0.887956288326095
 0.8986531162538438
 0.9354354500329226
 0.9647081211432504
 0.9335861879794218
 0.9377788985990512
 0.9487602360586327
 0.9529567982670241
 0.7075095087193591
 0.9559589814227613
 0.9537836021792432
 0.9490890004039069
 0.9534682650447159
 0.9591515902062012
 0
 0
 1
 0.9999999999943699
 0.999999999998973
 0.8324114057680528
 0.8760704599527208
 0.8040579231149267
 0.7419192464615419
 0.758808224933478
 0.8286741125836509
 0.7378525788612572
 0.905566638009229
 0.8884942712014435
 0.9273327684362065
 0.8529580014986637
 0.5948651801966279
 0.8827484978744198
 0.8492066377268693
 0.8684843559672342
 0.872292264665692
 0.8698761605051266
 0.9402476871315006
 0.6320029981803463
 0.9213891687678535
 0.964704266178966
 0.9054853517062738
 0.9700027298972147
 0.9718386925312913
 0.9542065609467822
 0
 0
 0
 0
 0
 0
 0
 0
 0
 0
 0
 0
 0
 0
 0
 0
 0
 0
 0
 0
 0
 0
 0
 0
 0
 0
 0
 0
 0
 0
 0
 0
 0
 0
 0
 0
 0
 0
 0
 0
 0
 0
 0
 0
 0
 0
 0
 0
 0
 0
 0
 0
 0
 0
 0
 0
 0
 0
 0
 0
 0
 0
 0
 0
 0
 0
 0
 0
 0
 0
 0
 0
 0
 0
 0
 0
 0
 0
 0
 0
 0
 0
 0
 0
 0
 0
 0
 0
 0
 0
 0
 0
 0
 0
 0
 0
 0
 0
 0
 0
 0
 0
 0
 0
 0
 0
 0
 0
 0
 0
 0
 0
 0
 0
 0
 0
 0
 0
 0
 0
 0
 0
 0
 0
 0
 0
 0
 0
 0
 0
 0
 0
 0
 0
 0
 0
 0
 0
 0
 0
 0
 0
 0
 0
 0
 0
 0
 0
 0
 0
 0
 0
 0.9327758602107282
 0.9621787801920658
 0.9139666364189267
 0.9299968863252052
 0.9061020016875471
 0.9040217840994583
 0.915267762997888
 0.9121164361400302
 0.9129841531304219
 0.9295253448691104
 0.9222668494821814
 0.9235417140201383
 0.912113418570483
 0.9109716904381431
 0.9137516263867405
 0.9105594926446813
 0.9012704763570015
 0.9055652341336957
 0.9138680967879685
 0.9112185476012212
 0.914648643013009
 0.9046519265505983
 0.9030284883905706
 0.9035016722654516
 0.9040274021008908
 0.9003235064267733
 0.902073420060601
 0.9037260101862624
 0
 0
 0
 0
 0
 0
 0
 0
 0
 0
 0
 0
 0
 0
 0
 0
 0
 0
 0
 0
 0
 0
 0
 0
 0
 0
 0
 0
 0
 0
 0
 0
 0
 0
 0
 0
 0
 0
 0
 0
 0
 0
 0
 0
 0
 0
 0
 0
 0
 0
 0
 0
 0
 0
 0
 0
 0
 0
 0
 0


