# Created by Octave 3.8.2, Fri Nov 20 20:17:27 2015 CET <dkottke@snake2>
# name: mus
# type: matrix
# ndims: 3
 1 30 19
 0
 0
 0.5229741019214702
 0.8093645484949833
 0.7916317991631808
 0.7051926298157452
 0.6931216931216925
 0.6006711409395973
 0.5923141186299082
 0.607563025210084
 0.5954962468723933
 0.9267676767676769
 0.8595317725752498
 0.8542857142857141
 0.9071729957805902
 0.9408783783783784
 0.9226890756302518
 0.8648989898989895
 0.8393205235310499
 0.8093220338983054
 0.797827903091061
 0.8150953984287319
 0.8419732441471575
 0.8095238095238094
 0.805957446808511
 0.7872073578595318
 0.7601010101010099
 0.7560941043083902
 0.71503937609909
 0.7641025641025642
 0
 0
 0.3333333333333333
 0.5
 0.6
 0.7
 0.7
 0.9
 0.9
 0.7
 0.5333333333333333
 0.4
 0.5333333333333333
 0.5
 0.6666666666666667
 0.75
 0.7666666666666666
 0.6333333333333333
 0.6666666666666666
 0.75
 0.58
 0.58
 0.65
 0.75
 0.76
 0.5866666666666667
 0.5866666666666667
 0.6866666666666666
 0.7333333333333333
 0.7333333333333334
 0
 0
 0.639838286248845
 0.5732403622534959
 0.7130800300352647
 0.7260810911742916
 0.7871860785277189
 0.8282739148515752
 0.8283448749815218
 0.7368427365621915
 0.6028504046085454
 0.4718712362200121
 0.5258278956013881
 0.4620131892438161
 0.5207569597541799
 0.6129140954085402
 0.6139824024381382
 0.6963107016172863
 0.5824692109826126
 0.5890601372267239
 0.6796020831552726
 0.6426998469004144
 0.6047380235702497
 0.6186058462661317
 0.6758050885802447
 0.617199759433728
 0.6238108407712069
 0.6432638929951443
 0.6135602262508993
 0.6151412936381524
 0
 0
 0.2071259886248496
 0.693224542990862
 0.5978932916770343
 0.7072879617770909
 0.7124845116016738
 0.7135086953674542
 0.8038202875493077
 0.6966975955540099
 0.6167898450474598
 0.3757507617729922
 0.5262713591593554
 0.5617378552105713
 0.5075146356279857
 0.6073418223512917
 0.6706756654375642
 0.6137200855377584
 0.6430309068607778
 0.671006153829487
 0.6674176652610581
 0.6493893535218381
 0.6181259202955491
 0.6705637368993943
 0.6278117154683157
 0.6502616803671852
 0.6491238014207497
 0.6395832320267003
 0.5939724578276869
 0.634592361927641
 0
 0
 0.6666666666666666
 0.25
 0.4
 0.6666666666666666
 0.5714285714285714
 0.5
 1
 0.7
 0.4545454545454545
 0.3333333333333333
 0.6153846153846154
 0.7777777777777778
 0.6
 0.6666666666666666
 1
 1
 1
 0
 1
 1
 1
 1
 0
 0
 0
 1
 1
 0
 0
 0
 0.8019093364564482
 0.1878597214926647
 0.5214267360103193
 0.7007846325055505
 0.6150380546709853
 0.6597771462268294
 0.8989865073455852
 0.7516048654533865
 0.5719511235917483
 0.3230439583113456
 0.5118984236591743
 0.6096790200483642
 0.5545141320404408
 0.6502608382185983
 0.7458440002518112
 0.6659597259017717
 0.7256854647789392
 0.5731913494561338
 0.7640730011331562
 0.7446146299539773
 0.6740057640492609
 0.6003338703299093
 0.5313150802911675
 0.5388274887148848
 0.5280369291060979
 0.7467362114141016
 0.5277995800773061
 0.4760422339260081
 0
 0
 1
 0.5368718355244453
 0.5367313749849001
 0.7615930340893782
 0.6946356307671528
 0.7745224143199023
 0.8099766270871351
 0.6687372436084567
 0.6393540880072699
 0.5745980361374716
 0.6317272513499672
 0.6822460148702643
 0.6507871573942162
 0.6901922241023194
 0.6740451841221806
 0.6667589278251664
 0.6768981183234296
 0.6683070240216038
 0.6728607446944362
 0.6274315894286876
 0.6396975124154435
 0.657622694355801
 0.6752532058874304
 0.6585848560809109
 0.6553400393258568
 0.6601033258787238
 0.646035853233623
 0.658104279515501
 0
 0
 0.1869590336760145
 0.6743510032213963
 0.6020173288679043
 0.6475513556036705
 0.6693504349931566
 0.683500396478396
 0.7359348438202602
 0.6942951293299571
 0.5964141607428401
 0.4317396804973738
 0.4977505344296783
 0.5207834775243476
 0.5027249467288464
 0.5499421624130999
 0.6061041392215151
 0.5523771080940897
 0.5799395893147019
 0.6101457203144727
 0.5900469620663766
 0.5721494274287146
 0.5622198629628961
 0.597867234468918
 0.574390665624619
 0.5747012778010661
 0.5801308896272548
 0.5904537300103916
 0.5565938602717978
 0.5827383834710708
 0
 0
 0.9621275147858684
 0.8612482332622043
 0.9181751281164927
 0.9135850395280971
 0.907874542211051
 0.9246745265304729
 0.9226320329508534
 0.9340912791868412
 0.9274206100862422
 0.9076436296049989
 0.9253168471434176
 0.912799654010608
 0.9237895131324223
 0.9126827299114573
 0.906529957740884
 0.9121828230861145
 0.8989014467861399
 0.9094487918145107
 0.9061714772164703
 0.9069288165274976
 0.8994683168189976
 0.9068086224628364
 0.8968881419688156
 0.9045198604357717
 0.9106382699373553
 0.8988797996765027
 0.9034706920963147
 0.905959141021026
 0
 0
 0.5815345799803596
 0.1991528225484973
 0.5927514663064944
 0.6548075851943851
 0.6497571283949817
 0.7734994821028855
 0.8818425356915922
 0.7701308015249224
 0.6562755022971565
 0.3356156403051212
 0.4977677791867959
 0.5113503678177276
 0.5154842344173883
 0.595797938016512
 0.6793105904811726
 0.6090566839864852
 0.6805434456584667
 0.5777208067074467
 0.6641797844282694
 0.6458598697576519
 0.6402178783407262
 0.6739758927670116
 0.6877833243084244
 0.6415940322870579
 0.5812781111709441
 0.6659790770188132
 0.5882023466720281
 0.325548621801949
 0
 0
 1
 0.5611041281621434
 0.5367313749782501
 0.7476065850869686
 0.6353527129946759
 0.788020710272576
 0.8165823779538073
 0.6750544205868209
 0.6359746200683506
 0.6031238490710907
 0.5197985267283568
 0.6813776771160629
 0.6517730151233314
 0.6939058625545022
 0.6322698020530206
 0.6362530295051897
 0.6334034668986213
 0.6512010937131734
 0.6306231871073492
 0.6671933604082775
 0.6664173953690361
 0.6636198468837909
 0.6569661891413492
 0.6618571480821618
 0.6507629652518921
 0.6662792794620698
 0.6269240136302805
 0.6604506487013673
 0
 0
 0
 0
 0
 0
 0
 0
 0
 0
 0
 0
 0
 0
 0
 0
 0
 0
 0
 0
 0
 0
 0
 0
 0
 0
 0
 0
 0
 0
 0
 0
 0
 0
 0
 0
 0
 0
 0
 0
 0
 0
 0
 0
 0
 0
 0
 0
 0
 0
 0
 0
 0
 0
 0
 0
 0
 0
 0
 0
 0
 0
 0
 0
 0
 0
 0
 0
 0
 0
 0
 0
 0
 0
 0
 0
 0
 0
 0
 0
 0
 0
 0
 0
 0
 0
 0
 0
 0
 0
 0
 0
 0
 0
 0
 0
 0
 0
 0
 0
 0
 0
 0
 0
 0
 0
 0
 0
 0
 0
 0
 0
 0
 0
 0
 0
 0
 0
 0
 0
 0
 0
 0
 0
 0
 0
 0
 0
 0
 0
 0
 0
 0
 0
 0
 0
 0
 0
 0
 0
 0
 0
 0
 0
 0
 0
 0
 0
 0
 0
 0
 0
 0.9595699776946522
 0.9502067278879752
 0.9191125008561712
 0.920490957863024
 0.8977034262112721
 0.9182083915777756
 0.924362739718982
 0.92128046549104
 0.918493494432197
 0.9246457288780143
 0.9234811398029406
 0.9266497515746952
 0.9191280224108209
 0.9225059146629997
 0.9166677039160616
 0.9131892251857218
 0.9082205137044312
 0.9115691813797868
 0.9003553977716745
 0.9018713139190394
 0.9092388771865819
 0.9103884273273073
 0.908701727107073
 0.9059037950720946
 0.8999502795417247
 0.9092939578043617
 0.9153336891854373
 0.8886611919894607
 0
 0
 0
 0
 0
 0
 0
 0
 0
 0
 0
 0
 0
 0
 0
 0
 0
 0
 0
 0
 0
 0
 0
 0
 0
 0
 0
 0
 0
 0
 0
 0
 0
 0
 0
 0
 0
 0
 0
 0
 0
 0
 0
 0
 0
 0
 0
 0
 0
 0
 0
 0
 0
 0
 0
 0
 0
 0
 0
 0


