# Created by Octave 3.8.2, Fri Nov 20 22:57:13 2015 CET <dkottke@snake10>
# name: mus
# type: matrix
# ndims: 3
 1 30 19
 0
 0
 0.5458937198067635
 0.7259615384615384
 0.7170731707317076
 0.7009803921568626
 0.7635467980295568
 0.7115384615384616
 0.7004830917874396
 0.67
 0.660287081339713
 0.8872549019607843
 0.8942307692307694
 0.923469387755102
 0.9641025641025642
 0.9038461538461539
 0.9656862745098039
 0.9494949494949495
 0.9808612440191387
 0.975
 0.9259259259259258
 0.9444444444444444
 0.9420289855072466
 0.9322916666666666
 0.9349999999999999
 0.9375
 0.9349962207105065
 0.9591836734693879
 0.9549612948627727
 0.9555555555555556
 0
 0
 0.3333333333333333
 1
 0.6
 0.7
 0.4
 0.8
 0.5
 0.6
 0.7333333333333333
 0.7
 0.7666666666666666
 0.7999999999999999
 0.7333333333333333
 0.7499999999999999
 0.7
 0.6666666666666666
 0.8
 0.8
 0.76
 0.82
 0.82
 0.8800000000000001
 0.8800000000000001
 0.9199999999999999
 0.8600000000000001
 0.9666666666666668
 0.96
 0.9666666666666666
 0
 0
 0.61621251785409
 0.9221300760863371
 0.7871860785277189
 0.7624172729572938
 0.771383064557005
 0.790614681404253
 0.6839130433227095
 0.7907680950277475
 0.8129518274894274
 0.812681607733804
 0.7977665726433493
 0.7495155830381192
 0.7394985675716945
 0.7720197244796755
 0.802484822990513
 0.7920096874490178
 0.7913358519778659
 0.8629216316785414
 0.8490131122924607
 0.9008810842156515
 0.8474094495385252
 0.8760539171176782
 0.8879480691843936
 0.9095175856212953
 0.9014406160846266
 0.9203267128255871
 0.9223149463546174
 0.925324701729569
 0
 0
 0.7235200788983859
 0.9308411810301933
 0.694100758676742
 0.7676001224746186
 0.5274630247484137
 0.6863424138308717
 0.6076088962355167
 0.704562208993017
 0.8476623682543291
 0.7078436130802799
 0.7047994785822909
 0.8225695945766111
 0.7643938824143821
 0.7719494440168364
 0.744668389576701
 0.7520690126178209
 0.8076634781871649
 0.8275599470096089
 0.8538919535517885
 0.8710096995322852
 0.8840012370134706
 0.9067224121281821
 0.9164420009432674
 0.9239372862977431
 0.930033808478991
 0.916039797229117
 0.914141190185656
 0.9324618899916888
 0
 0
 0.3333333333333333
 1
 0.2
 0.3333333333333333
 0.5714285714285714
 0.375
 0.1111111111111111
 0.9
 0.7272727272727273
 0.5833333333333334
 0.4615384615384616
 1
 0.8
 0.6666666666666666
 0.5
 1
 1
 1
 0
 1
 1
 1
 1
 1
 1
 1
 1
 1
 0
 0
 0.2630411157817641
 0.9256954861879066
 0.5148928362508911
 0.6213077932747083
 0.6179234800755474
 0.5996457952525239
 0.4411303787589527
 0.8421455317623724
 0.7454681570771389
 0.6591939581444736
 0.6400308177475396
 0.883186650782791
 0.7998185596452827
 0.7090315722843907
 0.6926064948502514
 0.8699455589952299
 0.8787831843433352
 0.8264820027612175
 0.7141820182243759
 0.9345872323940512
 0.942867275984781
 0.9481113872868456
 0.9476119102966151
 0.8775158344244907
 0.8947247365847124
 0.8387938251901335
 0.8947716128861543
 0.9571756175473825
 0
 0
 0.3678794411714423
 0.8114559520032528
 0.6467267856937353
 0.8694753303314857
 0.7725450742559541
 0.8387327244779319
 0.7782347678446555
 0.7786906226360226
 0.8562605103863175
 0.7993461326946985
 0.7764496995721766
 0.779613265421345
 0.7970865928654891
 0.7604440442509489
 0.7747868582248678
 0.7825149019334224
 0.8110642581937904
 0.8237015911656906
 0.8473832613393448
 0.8322773345627259
 0.847292914693307
 0.84653564728321
 0.8599284401301397
 0.8850847282238301
 0.871828710962647
 0.9153245954633256
 0.8580600412582726
 0.9268258311846072
 0
 0
 0.6625921877943889
 0.9069499641660329
 0.7102527217485688
 0.7822583454575989
 0.5672542204351837
 0.6911382778167646
 0.6080257655951423
 0.6922027813487174
 0.7613693435670588
 0.6634411280052048
 0.6600031796146836
 0.7433660140954738
 0.7046076184788075
 0.7080147810372681
 0.682310049861958
 0.6943448510901595
 0.7234830888865668
 0.7492417993692689
 0.7666609302018533
 0.7909096841321858
 0.7901932806260982
 0.8244948745583269
 0.8286403543996993
 0.8532755390113502
 0.8483920904678516
 0.8447284269462795
 0.8390426864712025
 0.8607900230623199
 0
 0
 0.9449615206228477
 0.9457265627987036
 0.9212795210466157
 0.9289378541174034
 0.9319517914994142
 0.9442583705727055
 0.9120349170857419
 0.9243626063058653
 0.8958191325565334
 0.9264153723094743
 0.9370675751506561
 0.9263336855244259
 0.9164749403013578
 0.911447327565217
 0.8998419854694133
 0.9117234442410016
 0.9014537628048591
 0.9151087278314769
 0.9197882230173337
 0.9046852509871465
 0.9032060711276167
 0.9032654999676631
 0.9014763921076188
 0.8984537029692279
 0.9078447782769059
 0.9106895829785738
 0.8926776273947931
 0.9061891938183607
 0
 0
 0.3320553692351686
 0.9098561890123371
 0.7484961570518539
 0.7831604708885158
 0.6473081162667587
 0.6728329389575171
 0.6196952975186379
 0.753759830606077
 0.8300213434236138
 0.7112446811210889
 0.4534299736329527
 0.8401955947090318
 0.8152381647657057
 0.8415276498344737
 0.7784677534827942
 0.7615918312466804
 0.8442431831076267
 0.8449642694423773
 0.4939695406719329
 0.8871675869972531
 0.8756669036660703
 0.8923132793345803
 0.8902747520991372
 0.908908350711761
 0.9238954759249884
 0.905320828915132
 0.9027550117927201
 0.4267063085437691
 0
 0
 0.3678794411714423
 0.7514245297700523
 0.6441708589126464
 0.8612889183780593
 0.7562690245413277
 0.4513998463412737
 0.7751996765958692
 0.7683951414568434
 0.8256304507996692
 0.7641601572186436
 0.8545479265611442
 0.7424477247906756
 0.7691052934140431
 0.7736603134181869
 0.7678421704622921
 0.749471141730395
 0.8702842212886209
 0.8142171116150947
 0.8219918703808973
 0.7957343806099847
 0.8584346000139422
 0.8794501067972148
 0.890137981241914
 0.8857566243745897
 0.9361812809664629
 0.9151576342711444
 0.8720261332916504
 0.9229839197209391
 0
 0
 0
 0
 0
 0
 0
 0
 0
 0
 0
 0
 0
 0
 0
 0
 0
 0
 0
 0
 0
 0
 0
 0
 0
 0
 0
 0
 0
 0
 0
 0
 0
 0
 0
 0
 0
 0
 0
 0
 0
 0
 0
 0
 0
 0
 0
 0
 0
 0
 0
 0
 0
 0
 0
 0
 0
 0
 0
 0
 0
 0
 0
 0
 0
 0
 0
 0
 0
 0
 0
 0
 0
 0
 0
 0
 0
 0
 0
 0
 0
 0
 0
 0
 0
 0
 0
 0
 0
 0
 0
 0
 0
 0
 0
 0
 0
 0
 0
 0
 0
 0
 0
 0
 0
 0
 0
 0
 0
 0
 0
 0
 0
 0
 0
 0
 0
 0
 0
 0
 0
 0
 0
 0
 0
 0
 0
 0
 0
 0
 0
 0
 0
 0
 0
 0
 0
 0
 0
 0
 0
 0
 0
 0
 0
 0
 0
 0
 0
 0
 0
 0
 0.9232675253386164
 0.928702510819386
 0.9259842320690187
 0.9283452435357401
 0.9306962500154498
 0.8933518106884011
 0.9288174919869344
 0.9224860982113973
 0.9238971035320075
 0.9307489620046367
 0.930811634468645
 0.9134224230380364
 0.9194524961161616
 0.9102018729604834
 0.9117416963403823
 0.9152844757857368
 0.9241636247274362
 0.9065031561916704
 0.9082583740558967
 0.9051740684510075
 0.9125869350145434
 0.9107278943219221
 0.9006817086551832
 0.9099038038542341
 0.9049655920872945
 0.8973674196126881
 0.9240599637096435
 0.8936652801990241
 0
 0
 0
 0
 0
 0
 0
 0
 0
 0
 0
 0
 0
 0
 0
 0
 0
 0
 0
 0
 0
 0
 0
 0
 0
 0
 0
 0
 0
 0
 0
 0
 0
 0
 0
 0
 0
 0
 0
 0
 0
 0
 0
 0
 0
 0
 0
 0
 0
 0
 0
 0
 0
 0
 0
 0
 0
 0
 0
 0


