# Created by Octave 3.8.2, Fri Nov 20 20:17:24 2015 CET <dkottke@snake5>
# name: mus
# type: matrix
# ndims: 3
 1 30 19
 0
 0
 0.7510442773600663
 0.6061872909698997
 0.5723849372384932
 0.5653266331658292
 0.521581732108048
 0.5058724832214765
 0.517126148705096
 0.5134453781512607
 0.5045871559633028
 0.5176767676767676
 0.5263377926421403
 0.5134453781512606
 0.5139240506329115
 0.5109797297297297
 0.7688235294117647
 0.7394781144781146
 0.7794486215538846
 0.7974576271186442
 0.7234753550543026
 0.7131032547699213
 0.7008779264214046
 0.7244897959183675
 0.7463829787234042
 0.7541806020066888
 0.7249579124579126
 0.6962868480725624
 0.9044269439559596
 0.7726495726495727
 0
 0
 0.6666666666666666
 0.5
 0.4
 0.5
 0.7
 0.7
 0.7
 0.5
 0.4666666666666666
 0.6666666666666666
 0.5999999999999999
 0.6666666666666667
 0.8
 0.8833333333333332
 0.7
 0.8
 0.6666666666666666
 0.65
 0.67
 0.6
 0.64
 0.75
 0.76
 0.6933333333333334
 0.7133333333333334
 0.64
 0.5866666666666667
 0.6333333333333334
 0
 0
 0.7918627428247432
 0.4985884141022783
 0.68842284511642
 0.7607599273878027
 0.7774677624532118
 0.5697337769823538
 0.6728809560348944
 0.6150449364987904
 0.6700918723483662
 0.5741643339781205
 0.751088942046151
 0.8189351269566287
 0.7742496593614797
 0.8213409819093445
 0.7225796006565393
 0.6368972358036271
 0.6314206594742743
 0.6240650806927001
 0.6907807329169371
 0.6231774789179541
 0.6560586248495988
 0.6740004646130499
 0.6736878726613942
 0.614592414209209
 0.6347754165047194
 0.6554097063130802
 0.6434563170682214
 0.6271252377559851
 0
 0
 0.5659945458781228
 0.5635481994150324
 0.5282817819365155
 0.4937356936703475
 0.6829181466863375
 0.7189673946844072
 0.6646827252334331
 0.5999593648115468
 0.5435348291973756
 0.6275157789992027
 0.7110598580231112
 0.7747180462448493
 0.8137875892635996
 0.7958869272043261
 0.6733891556259149
 0.672216209393689
 0.6512782037855885
 0.64451969332202
 0.6688995248154482
 0.666120530241633
 0.6698736105838782
 0.6931132768821263
 0.6772437433655347
 0.6413829441121314
 0.680752488774883
 0.6477430655241371
 0.6346722522587663
 0.6129021848481739
 0
 0
 0.6666666666666666
 0.75
 0.2
 0.6666666666666666
 0.5714285714285714
 0.875
 0.5555555555555556
 0.6
 0.5454545454545454
 0.75
 0.6923076923076923
 0.8888888888888888
 0.8
 1
 0
 1
 1
 0
 0
 0
 1
 0
 0
 1
 1
 1
 1
 1
 0
 0
 0.7323811474375426
 0.7857142857200374
 0.3610020710056266
 0.5669482429330236
 0.5580596838320788
 0.7280338091741537
 0.586019447528056
 0.6254932214116977
 0.5217364210912708
 0.6804615635237208
 0.7358376407719857
 0.8389571821136783
 0.8245690633202492
 0.8775173687058457
 0.5758968578759595
 0.7273607095516139
 0.6195575857387272
 0.4699237764668159
 0.4574429359902832
 0.4372659509757181
 0.7842900390552703
 0.5473813619116624
 0.5691983585446674
 0.765860506991237
 0.6942894145575946
 0.6488249205774671
 0.72346056373088
 0.7270919991362981
 0
 0
 0.3678794411714423
 0.8212147954766329
 0.868475938405722
 0.6664783395344133
 0.7983843595917548
 0.6520992343751784
 0.6925332422084852
 0.7080373434745248
 0.7063818426969357
 0.697175281252134
 0.7307144443298108
 0.7185405859604853
 0.691133929746905
 0.7281740651059579
 0.6654356333028757
 0.6444045103455229
 0.6635841092821277
 0.6591561989751129
 0.6911399387222221
 0.6837024441923013
 0.7039109532108953
 0.6919368185034551
 0.675067856459556
 0.6469529288316016
 0.6767596094560492
 0.6357524160359329
 0.6331762423745071
 0.6324108927815442
 0
 0
 0.5647560564842825
 0.5518212451410123
 0.5690800200334984
 0.5142688856965848
 0.6386598431253915
 0.6580032462535971
 0.5949870351912573
 0.5432061539916508
 0.5353314156080403
 0.5864752699571673
 0.6378211600591933
 0.7002783260085375
 0.7112699014983348
 0.7243588992336024
 0.6217646427524671
 0.5940870160034446
 0.5862475675653142
 0.5763462747998276
 0.5895135453320813
 0.5950313798441973
 0.6011151996914343
 0.6155008312842937
 0.5925540931719453
 0.5748708448806886
 0.6029658608571631
 0.5936587102182352
 0.5751779596245977
 0.5643598605272235
 0
 0
 0.8794155028497059
 0.9635827221363269
 0.96053387336156
 0.918380383019143
 0.9406348428921751
 0.9492378896355201
 0.9229942768454154
 0.9089357656915262
 0.9229814983644292
 0.9248177664935755
 0.9252072029856423
 0.9138542084701113
 0.9112540300513923
 0.9175914700669027
 0.8998339403134433
 0.9052481842147413
 0.9082102578230483
 0.9111340905809351
 0.9080607480125523
 0.9176598237955903
 0.9021227519784241
 0.9128579976364999
 0.911402261313921
 0.90379813869922
 0.9050874765618575
 0.9075652780158745
 0.9043294109098081
 0.9046341771368367
 0
 0
 0.7592655038965461
 0.7857142850566403
 0.319744697451636
 0.4185588963492819
 0.6022703028395768
 0.5810477320812321
 0.5742820279657198
 0.5530928413695071
 0.5118180736571984
 0.6302013687860614
 0.7467685183662055
 0.836375857356465
 0.8527319803504818
 0.8335672946726684
 0.6958236943758555
 0.6839989787670461
 0.6942637543008081
 0.5645508073679975
 0.5787475236953935
 0.5816530408540046
 0.6818513865438921
 0.6089530920714414
 0.593266973669518
 0.6344305057381746
 0.6834113550036933
 0.6526293741424198
 0.6088718719934179
 0.5653709438729336
 0
 0
 0.3678794411714423
 0.8510534025044449
 0.8485114762246121
 0.6317387588447998
 0.3819791745791488
 0.6878223564166572
 0.6935246409749778
 0.7736665135933694
 0.659857321639337
 0.6747203184608108
 0.6976652715257716
 0.6999090860972004
 0.6887349856546602
 0.6850912214049589
 0.6473620318903937
 0.6465075150109032
 0.6498248745539762
 0.6509494666138675
 0.7421658402540243
 0.6613123268619563
 0.6455107199043499
 0.6501714814251791
 0.6981971129721222
 0.6623506521844743
 0.6429896662446759
 0.6514303141003157
 0.6366193184485633
 0.6672730276088216
 0
 0
 0
 0
 0
 0
 0
 0
 0
 0
 0
 0
 0
 0
 0
 0
 0
 0
 0
 0
 0
 0
 0
 0
 0
 0
 0
 0
 0
 0
 0
 0
 0
 0
 0
 0
 0
 0
 0
 0
 0
 0
 0
 0
 0
 0
 0
 0
 0
 0
 0
 0
 0
 0
 0
 0
 0
 0
 0
 0
 0
 0
 0
 0
 0
 0
 0
 0
 0
 0
 0
 0
 0
 0
 0
 0
 0
 0
 0
 0
 0
 0
 0
 0
 0
 0
 0
 0
 0
 0
 0
 0
 0
 0
 0
 0
 0
 0
 0
 0
 0
 0
 0
 0
 0
 0
 0
 0
 0
 0
 0
 0
 0
 0
 0
 0
 0
 0
 0
 0
 0
 0
 0
 0
 0
 0
 0
 0
 0
 0
 0
 0
 0
 0
 0
 0
 0
 0
 0
 0
 0
 0
 0
 0
 0
 0
 0
 0
 0
 0
 0
 0
 0.9319543122851527
 0.878062419374661
 0.9483222433379436
 0.9271489425397768
 0.9295042941325596
 0.9062456877925597
 0.9195185455838979
 0.9007930009160503
 0.9024095736378643
 0.9152403258206865
 0.9224506958898957
 0.9300034889575318
 0.9079516733547949
 0.9021397284322429
 0.9162718794688989
 0.9226903614879064
 0.9051065020137364
 0.9018334212233233
 0.9049221329615034
 0.904474756101967
 0.9139760126215537
 0.9090724534227195
 0.9111308508516308
 0.913670672958556
 0.8975952173381553
 0.9036754568903241
 0.9011520116078038
 0.9007946359442832
 0
 0
 0
 0
 0
 0
 0
 0
 0
 0
 0
 0
 0
 0
 0
 0
 0
 0
 0
 0
 0
 0
 0
 0
 0
 0
 0
 0
 0
 0
 0
 0
 0
 0
 0
 0
 0
 0
 0
 0
 0
 0
 0
 0
 0
 0
 0
 0
 0
 0
 0
 0
 0
 0
 0
 0
 0
 0
 0
 0


