# Created by Octave 3.8.2, Fri Nov 20 20:32:46 2015 CET <dkottke@snake2>
# name: mus
# type: matrix
# ndims: 3
 1 30 19
 0
 0
 0.4987468671679195
 0.810200668896321
 0.7832635983263601
 0.8643216080402013
 0.8863826232247293
 0.9295302013422819
 0.9314954051796145
 0.9453781512605045
 0.9282735613010836
 0.946969696969697
 0.9523411371237451
 0.9462184873949584
 0.954430379746835
 0.9527027027027027
 0.9521008403361337
 0.9448653198653191
 0.9390142021720963
 0.9313559322033896
 0.9189640768588132
 0.9235409652076318
 0.9397993311036791
 0.9268707482993198
 0.9191489361702134
 0.9397993311036782
 0.9244528619528616
 0.9393424036281182
 0.9343986543313704
 0.9188034188034186
 0
 0
 1
 0.75
 1
 0.6
 0.9
 0.7
 0.8
 0.6
 0.6666666666666667
 0.6333333333333333
 0.5333333333333333
 0.2333333333333333
 0.4666666666666666
 0.5
 0.5333333333333333
 0.7166666666666667
 0.6666666666666667
 0.6
 0.58
 0.64
 0.74
 0.7
 0.6799999999999999
 0.66
 0.6666666666666667
 0.64
 0.6799999999999999
 0.6333333333333333
 0
 0
 1
 0.7629547904392908
 0.9293061327062312
 0.8500053747594231
 0.7587829830874118
 0.8053068678808042
 0.7903466813218617
 0.6669772912211834
 0.6901090233779372
 0.7398823900420486
 0.5654889448207298
 0.5518419689534186
 0.5546915174856475
 0.6657379940487557
 0.6471432347897719
 0.5927206804335458
 0.6203523451958799
 0.6021967670760284
 0.650388533607557
 0.6658215700051987
 0.6488996061550169
 0.6286628294105827
 0.6640304340765733
 0.6640230767269553
 0.6399922063928346
 0.6352440843939384
 0.6182643838437807
 0.6444170133965957
 0
 0
 0.9999999999656052
 0.7909334507271459
 0.8709167556023526
 0.726492309989192
 0.7238593808113649
 0.6798158958341953
 0.6672530873975649
 0.6159317383696465
 0.5968034026893052
 0.5731647246873883
 0.5631409186462202
 0.5472981417636267
 0.5688515686865107
 0.5403254801329199
 0.5588404369305526
 0.5902387539228248
 0.5658313818884095
 0.5873892043701965
 0.5916407444628112
 0.613599038912338
 0.6018785866568882
 0.5892912073614245
 0.6026650528463753
 0.598788091384425
 0.5955924223718925
 0.5843715135848614
 0.5883932653707463
 0.5708073150658401
 0
 0
 1
 1
 1
 0.6666666666666666
 1
 0.875
 0.6666666666666666
 0.7
 0.9090909090909091
 0.6666666666666666
 0.6153846153846154
 0.5555555555555556
 0.8
 1
 0
 1
 1
 1
 1
 1
 0
 1
 1
 1
 1
 0
 1
 1
 0
 0
 0.9999999999993355
 0.8396633518060213
 0.6706025963703057
 0.7472397014767461
 0.7155737087393184
 0.700758517076112
 0.6406501711116451
 0.5875968061865942
 0.6111241836326369
 0.5818690637056009
 0.5432169556253331
 0.5386192957878354
 0.6331450469852762
 0.5871562926122412
 0.5234333304488336
 0.6586233715791402
 0.6824555555263621
 0.5843878315114606
 0.5695934474827031
 0.702379217769623
 0.5729177554569318
 0.5999421377851913
 0.5594590621162333
 0.6086359300195453
 0.5965233063456963
 0.5885592664420903
 0.5909668675565167
 0.5904615121492933
 0
 0
 1
 0.7940265501488358
 0.7542329465204723
 0.8747968880922607
 0.8272295061497943
 0.7620912511390813
 0.7700934330613374
 0.733851158851343
 0.7257754034265586
 0.7381170228185023
 0.6912191174654315
 0.700905891635716
 0.7006313529995525
 0.6760899238742916
 0.6762297705954792
 0.6988362646967937
 0.6855154507903048
 0.6966465543983393
 0.691768903798706
 0.6726577951622466
 0.6659298860131107
 0.6931408130368925
 0.6419639596302041
 0.6756047799959926
 0.6987016052332204
 0.6499885072433508
 0.6618115973230216
 0.6290562178323864
 0
 0
 0.9999999999689003
 0.7945230044936452
 0.8236138097752651
 0.7353045076170126
 0.6971991824347565
 0.6514220815765028
 0.6467674086978528
 0.5758184421696678
 0.5714269329863374
 0.5774479849369585
 0.5474807653015726
 0.5443518137904028
 0.5723014194688263
 0.5310139688726628
 0.5577924582563916
 0.5746991126424493
 0.5682681536804005
 0.5807061243902021
 0.5876604363378769
 0.6042522766474668
 0.5905690303448375
 0.5830095121888882
 0.6015436322544756
 0.5974154419766525
 0.5908028166671323
 0.5866740750561729
 0.580973723555953
 0.5643251228530282
 0
 0
 0.9998883400816799
 0.999926643129967
 0.9999999999489675
 0.9999999971718031
 0.9999999998996215
 1
 0.9999999999994765
 0.9999999997826885
 0.9999999998892724
 0.9991048078816495
 0.9923036943797603
 0.9842671505259648
 0.9824324151455427
 0.9641183492251335
 0.9710847573117826
 0.9804373705928883
 0.9621753275921769
 0.9635725176311435
 0.9692575183957582
 0.9623154623151904
 0.9625791983221617
 0.9569422363550546
 0.9602002603303422
 0.9530316089456031
 0.9478601762865269
 0.9511573446858732
 0.956615411544921
 0.9466078563986019
 0
 0
 0.9999999999957764
 0.7434540305577797
 0.7410019592938094
 0.7171127661817568
 0.7611691813950766
 0.6605567100786489
 0.6345526815009258
 0.5832845381221121
 0.5590631105454983
 0.5558516899454237
 0.5335476007025857
 0.5294125602144533
 0.546632374611084
 0.5157909160529742
 0.5412241247638244
 0.6088714347266396
 0.5518557073246722
 0.5677229544426423
 0.5966504328748552
 0.628646602503995
 0.5757176375175981
 0.618485508854216
 0.5950183010784779
 0.5836668395700233
 0.5799136676466597
 0.5764309459625366
 0.5742952764391651
 0.5819666983282803
 0
 0
 1
 0.8089468397194548
 0.7529991151010487
 0.8046167347682857
 0.7779111972028295
 0.7597269897205094
 0.7122870042731211
 0.7334334289332127
 0.7317003407686407
 0.7103894217602382
 0.7052546636728035
 0.6702473041617083
 0.6895763502191192
 0.6403656158939482
 0.671964683858023
 0.6490790864599919
 0.6442645533616199
 0.6877981685829441
 0.6531158712580389
 0.6867903208368575
 0.6542490585781129
 0.677366395659598
 0.6484419661031761
 0.6599002916498911
 0.6680212683483453
 0.6706224022500406
 0.6515662761135708
 0.702185891352052
 0
 0
 0
 0
 0
 0
 0
 0
 0
 0
 0
 0
 0
 0
 0
 0
 0
 0
 0
 0
 0
 0
 0
 0
 0
 0
 0
 0
 0
 0
 0
 0
 0
 0
 0
 0
 0
 0
 0
 0
 0
 0
 0
 0
 0
 0
 0
 0
 0
 0
 0
 0
 0
 0
 0
 0
 0
 0
 0
 0
 0
 0
 0
 0
 0
 0
 0
 0
 0
 0
 0
 0
 0
 0
 0
 0
 0
 0
 0
 0
 0
 0
 0
 0
 0
 0
 0
 0
 0
 0
 0
 0
 0
 0
 0
 0
 0
 0
 0
 0
 0
 0
 0
 0
 0
 0
 0
 0
 0
 0
 0
 0
 0
 0
 0
 0
 0
 0
 0
 0
 0
 0
 0
 0
 0
 0
 0
 0
 0
 0
 0
 0
 0
 0
 0
 0
 0
 0
 0
 0
 0
 0
 0
 0
 0
 0
 0
 0
 0
 0
 0
 0
 0.9999719483643182
 0.999999751965877
 0.9999999999999777
 0.9999999999999564
 0.9999999775506727
 0.9999998533285956
 0.9999996083512529
 0.9999999891493697
 0.9999630472185848
 0.9999766831863742
 0.993272529282368
 0.9839675501876342
 0.9827241042624463
 0.9682953481183842
 0.9714919473956209
 0.9752797326037085
 0.9610344447329818
 0.9602368363208883
 0.9549434067773859
 0.9661970518270646
 0.9631257390435174
 0.9540268031020721
 0.9532617986438927
 0.9483914452338968
 0.9551493809943382
 0.9501601488355487
 0.9555777873467083
 0.9469746063826255
 0
 0
 0
 0
 0
 0
 0
 0
 0
 0
 0
 0
 0
 0
 0
 0
 0
 0
 0
 0
 0
 0
 0
 0
 0
 0
 0
 0
 0
 0
 0
 0
 0
 0
 0
 0
 0
 0
 0
 0
 0
 0
 0
 0
 0
 0
 0
 0
 0
 0
 0
 0
 0
 0
 0
 0
 0
 0
 0
 0


