# Created by Octave 3.8.2, Sat Nov 21 01:32:09 2015 CET <dkottke@snake7>
# name: mus
# type: matrix
# ndims: 3
 1 30 19
 0
 0
 0.6215538847117794
 0.5126262626262627
 0.511392405063291
 0.5063131313131315
 0.5112781954887217
 0.5153061224489796
 0.5113636363636364
 0.5102564102564103
 0.5088383838383838
 0.4974747474747474
 0.5064102564102564
 0.510841836734694
 0.5846153846153844
 0.6848958333333334
 0.6177891446433644
 0.616161616161616
 0.5363408521303259
 0.5684210526315789
 0.5012531328320802
 0.4999999999999999
 0.4865018471156579
 0.5065104166666667
 0.5306666666666667
 0.5507692307692308
 0.6260221260221259
 0.6033163265306121
 0.6807749971168261
 0.6461538461538462
 0
 0
 0.3333333333333333
 1
 1
 0.8
 0.7
 0.9
 0.9
 0.9
 0.9
 1
 0.9333333333333332
 0.9333333333333332
 0.8666666666666666
 0.7333333333333333
 0.6666666666666666
 0.85
 0.75
 0.8
 0.8099999999999999
 0.8699999999999999
 0.82
 0.8800000000000001
 0.8
 0.7333333333333333
 0.7
 0.8
 0.6866666666666668
 0.7666666666666667
 0
 0
 0.5758138355229416
 0.9193037584474182
 0.9152592004468962
 0.9115031217640019
 0.9426608551026597
 0.8773686115872598
 0.941423494881887
 0.9393697747228047
 0.944484986017208
 0.9409719801970094
 0.9728286619953921
 0.9728341972504041
 0.9256601294962907
 0.8545687754460483
 0.8505883837800079
 0.8359388533490479
 0.7695059274780238
 0.8310578122981529
 0.7889373904510923
 0.8287996069183254
 0.8586131003308314
 0.8484278212906183
 0.8222051507038224
 0.8247145555036896
 0.784335259048808
 0.8252383725688457
 0.8106655832416333
 0.8029541275524867
 0
 0
 0.6389013876507487
 0.9821500003967812
 0.9727780557225303
 0.9056740909409471
 0.9587603866024337
 0.9010458133467473
 0.9621921905421255
 0.9450008979873615
 0.958162308003355
 0.9965278437286003
 0.9963018527792634
 0.9982993392760962
 0.9656759849051836
 0.8880959913973563
 0.8354002882108941
 0.8816553481117898
 0.8516522799789238
 0.8650378661104263
 0.8996708583451341
 0.9183464865682499
 0.9163530475200548
 0.9429542199583797
 0.8080407383841082
 0.8726693239211598
 0.8042618216120329
 0.884803893532642
 0.9021476741171954
 0.8817546010828219
 0
 0
 0.3333333333333333
 1
 1
 0.8333333333333334
 0.7142857142857143
 0.75
 0.6666666666666666
 1
 0.9090909090909091
 1
 1
 1
 1
 0.6666666666666666
 1
 1
 1
 1
 1
 1
 1
 1
 1
 0
 1
 0
 1
 1
 0
 0
 0.3333333333366085
 1.388888846901199
 1.299999975486769
 1.000000000369403
 0.8047627419523634
 0.8395843579473951
 0.8645859445920878
 1.002777799107034
 0.9044195374121466
 1.018434343491601
 1.009382414542047
 1.008811858099769
 0.9980108917758876
 0.7694624949314317
 0.9732305954100273
 1.050720039037245
 0.9047305940535471
 1.013198361120268
 1.031262750884606
 1.01038119156912
 1.077389660192841
 1.004176123573985
 0.9373532800733551
 0.7291698972151552
 0.8809429907289226
 0.6041910417717319
 1.000000901842228
 0.9356551017347134
 0
 0
 0.3678794411714423
 0.7858347373240975
 0.8550296823639705
 0.9224891825960587
 0.9853351419835356
 0.974347188073345
 0.9356170143154701
 0.9241834571568885
 0.9240669992763748
 0.9463642229927592
 0.9779006610996135
 0.9893779589288351
 0.9233324335315229
 0.8625733158631159
 0.8657968181626217
 0.8420439790055863
 0.8221037911866849
 0.8398126194618318
 0.8461255745604872
 0.8184612557885745
 0.834792425352735
 0.8669483225653885
 0.8382929544417728
 0.8595589437644235
 0.8028818321360958
 0.8523110328488031
 0.8417959403484596
 0.8576696455632365
 0
 0
 0.6389013877154692
 0.8882231363049997
 0.8818405540225304
 0.9408510572107915
 0.9387779153717366
 0.9294890893210347
 0.9602560173806824
 0.9649047668911243
 0.9717334825029542
 0.9893358409372603
 0.9948936545360552
 0.9944402028940207
 0.9827479861502956
 0.8982764938063704
 0.8536911127636866
 0.8894238717183479
 0.8415475858887947
 0.8461891217267637
 0.8705303712939475
 0.8822812557971456
 0.9048873588858664
 0.9106326766092079
 0.8161422239548167
 0.8403126301499465
 0.7906103768756271
 0.8352231435828235
 0.8596183945937984
 0.8793169448179212
 0
 0
 1
 1
 1
 1
 1
 1
 1
 1
 1
 1
 1
 1
 1
 1
 1
 1
 1
 1
 1
 1
 1
 1
 1
 1
 1
 1
 1
 1
 0
 0
 0.3333333333589397
 1.421569377767386
 1.362307692513329
 1.177720208266835
 1.037702223261752
 0.8756501292862088
 0.931835981436978
 0.9150103832502031
 0.9235064115276053
 1.046772855073301
 0.9733683614745453
 1.022118668123067
 0.9456733084190809
 0.8369290210665377
 0.7973697859835637
 1.026941838589597
 0.7924129483154074
 0.9309569067272271
 0.9507403450036616
 0.9029996818842758
 1.023627663664337
 0.9194776338997558
 0.6870050152157567
 1.08484035306926
 0.5919868346376731
 0.7479980149607486
 0.9922990003203584
 0.7482811271946367
 0
 0
 0.3678794411714423
 0.7858347387607547
 0.7735082504289063
 0.9081711619598914
 1.028845196991724
 0.9793625199099367
 1.013203764054983
 0.901104002928501
 0.9123171559473364
 1.004335728968393
 0.9577497459432397
 0.9911234845204031
 0.9287040220328255
 0.8762996715206832
 0.895672670732504
 0.8810010013864931
 0.8332494626777344
 0.9353747815576166
 0.9491724896157034
 0.8779839083343153
 0.9935595297345777
 0.9280411388610863
 0.7949740246288194
 0.9403131019624669
 0.8144683469961516
 0.9414013913315482
 0.7836114364901187
 0.8362936986906587
 0
 0
 0
 0
 0
 0
 0
 0
 0
 0
 0
 0
 0
 0
 0
 0
 0
 0
 0
 0
 0
 0
 0
 0
 0
 0
 0
 0
 0
 0
 0
 0
 0
 0
 0
 0
 0
 0
 0
 0
 0
 0
 0
 0
 0
 0
 0
 0
 0
 0
 0
 0
 0
 0
 0
 0
 0
 0
 0
 0
 0
 0
 0
 0
 0
 0
 0
 0
 0
 0
 0
 0
 0
 0
 0
 0
 0
 0
 0
 0
 0
 0
 0
 0
 0
 0
 0
 0
 0
 0
 0
 0
 0
 0
 0
 0
 0
 0
 0
 0
 0
 0
 0
 0
 0
 0
 0
 0
 0
 0
 0
 0
 0
 0
 0
 0
 0
 0
 0
 0
 0
 0
 0
 0
 0
 0
 0
 0
 0
 0
 0
 0
 0
 0
 0
 0
 0
 0
 0
 0
 0
 0
 0
 0
 0
 0
 0
 0
 0
 0
 0
 0
 1
 1
 1
 1
 1
 1
 1
 1
 1
 1
 1
 1
 1
 1
 1
 1
 1
 1
 1
 1
 1
 1
 1
 1
 1
 1
 1
 1
 0
 0
 0
 0
 0
 0
 0
 0
 0
 0
 0
 0
 0
 0
 0
 0
 0
 0
 0
 0
 0
 0
 0
 0
 0
 0
 0
 0
 0
 0
 0
 0
 0
 0
 0
 0
 0
 0
 0
 0
 0
 0
 0
 0
 0
 0
 0
 0
 0
 0
 0
 0
 0
 0
 0
 0
 0
 0
 0
 0


