# Created by Octave 3.8.2, Fri Nov 20 22:24:03 2015 CET <dkottke@snake7>
# name: mus
# type: matrix
# ndims: 3
 1 30 19
 0
 0
 0.6499582289055967
 0.5919732441471572
 0.9255230125523022
 0.9321608040201014
 0.9211918685602901
 0.9328859060402684
 0.9323308270676682
 0.9403361344537823
 0.8915763135946616
 0.9124579124579121
 0.8733277591973235
 0.8833613445378151
 0.9409282700421935
 0.9307432432432432
 0.9405882352941168
 0.9427609427609424
 0.9440267335004172
 0.9440677966101695
 0.9473684210526311
 0.9420594837261499
 0.9473244147157194
 0.9447278911564628
 0.9395744680851069
 0.9385451505016719
 0.9440235690235688
 0.9469954648526078
 0.9439559599357745
 0.947008547008547
 0
 0
 0.3333333333333333
 1
 0.6
 0.4
 0.7
 0.8
 0.5
 0.7
 0.8333333333333333
 0.7333333333333333
 0.8666666666666666
 0.8333333333333333
 0.8666666666666666
 0.7499999999999999
 0.7666666666666666
 0.8
 0.7666666666666667
 0.8
 0.78
 0.8099999999999999
 0.8800000000000001
 0.82
 0.8800000000000001
 0.8866666666666667
 0.8866666666666667
 0.9666666666666668
 0.8266666666666665
 0.8333333333333334
 0
 0
 0.5045541565938332
 0.8726979430136932
 0.6790725887458411
 0.7501041264209065
 0.7555800505862911
 0.7753356585580308
 0.7241863655052259
 0.7753485213046185
 0.7265294988356795
 0.7682330831635741
 0.7804874321306988
 0.7854244847352166
 0.7964390977082948
 0.7911834512679567
 0.7794527783708018
 0.8641542728448255
 0.8282330533319633
 0.8531254754920661
 0.8320624388868438
 0.9011478819223944
 0.8888254961873601
 0.9008406783475472
 0.9072840809877952
 0.917190328269311
 0.9090762011114067
 0.926173303307201
 0.8899640394611437
 0.8973429403019637
 0
 0
 0.4322975473176782
 0.8630265630153233
 0.6198860793697326
 0.7006349492887954
 0.6349704226889046
 0.7810929976262568
 0.6477613703170521
 0.7077316269700316
 0.7777307270973167
 0.8086370421256219
 0.8379197955696739
 0.8331783473861515
 0.8053599774424276
 0.8624347556096223
 0.7793906865718784
 0.8270610043214607
 0.839621353294792
 0.848034840664162
 0.8771022735687094
 0.8847973364561569
 0.896076063468494
 0.9091698521714959
 0.9269550820622507
 0.931393064174692
 0.9268199860800712
 0.9343961667915778
 0.8907594026732811
 0.8958932179872557
 0
 0
 0.3333333333333333
 1
 1
 0.6666666666666666
 0.7142857142857143
 0.75
 0.5555555555555556
 0.4
 0.7272727272727273
 0.9166666666666666
 0.7692307692307693
 0.8888888888888888
 0.6
 1
 1
 1
 1
 1
 1
 1
 1
 1
 1
 1
 1
 1
 1
 0
 0
 0
 0.4740035718771027
 0.9078988082229633
 0.8725375559387853
 0.6863165579758588
 0.7082009693931838
 0.3472713171614565
 0.6106561114411799
 0.6368784206495791
 0.7176336028053849
 0.8493711637482517
 0.8034593733335671
 0.8600318748056099
 0.7376593071611132
 0.9151120069882384
 0.8600315400535453
 0.8188923246194689
 0.8986646094526221
 0.924870165528052
 0.9010062171914202
 0.9353990353277193
 0.9335296604747714
 0.9191246911558719
 0.8869770889290376
 0.969762982995292
 0.9148831757118505
 0.9622989895770113
 0.901393623041191
 0.8440510254410694
 0
 0
 0.3678794411714423
 0.814350609190569
 0.5925445081625177
 0.6945977668834555
 0.8045507169978212
 0.7600188988406161
 0.7000390494132924
 0.7539074057997533
 0.8228245209359206
 0.7731851491165318
 0.7406161377315436
 0.7773708675197231
 0.8068365343599054
 0.8061830484259699
 0.7931789843029822
 0.7657120629085807
 0.8104795037149044
 0.8143631404307027
 0.8282776479767699
 0.8376730475738958
 0.8653647222955309
 0.8554721044242243
 0.8494600395015771
 0.9153343336292026
 0.90753660534367
 0.883707877308876
 0.9092863294523412
 0.9027359396510468
 0
 0
 0.368717752704907
 0.7812884840438397
 0.6158303111236766
 0.6713012038558783
 0.6290813442893676
 0.7164620328187112
 0.6314465094420286
 0.6918975411974435
 0.7102613742704341
 0.7281807632260382
 0.7689943336207015
 0.7506213916020259
 0.72734091513174
 0.7908546053768611
 0.7089559143049422
 0.7608866703485636
 0.7580116141186405
 0.7744172119868648
 0.7912055195331694
 0.8065115599246684
 0.8282557520640039
 0.8233613272000592
 0.8438488280011884
 0.8523091804181442
 0.8493715758086561
 0.8368640346381749
 0.8380370249048251
 0.8330563116165387
 0
 0
 0.9896241503677169
 0.919104376503502
 0.8995925728128684
 0.9294072179719528
 0.9138167740674883
 0.9376581015264954
 0.9291694482434995
 0.9268821486140214
 0.940754606462474
 0.9291211215936733
 0.9329109961418044
 0.9230164036086118
 0.9029197340925612
 0.9227545435302775
 0.9132289214231551
 0.9010706321116547
 0.9027158497353527
 0.9125219175022855
 0.903303087372201
 0.9126601927147026
 0.8962555843554955
 0.905298901411752
 0.9048203502846504
 0.9043074095002794
 0.9090403833070719
 0.9100147428216413
 0.9054832772375264
 0.9043695595004086
 0
 0
 0.4402078632300663
 0.8789955131891395
 0.790188980981719
 0.6842994236276003
 0.5687999130954087
 0.702073484349695
 0.6573990248764794
 0.6856423313896273
 0.7922545535961941
 0.8062217749311054
 0.846188882528357
 0.8304857112389133
 0.7779929587722014
 0.8323152651581684
 0.771740735737112
 0.8315477044175925
 0.8168603791778313
 0.831189193084018
 0.85230248508252
 0.8662910446073019
 0.883534716886806
 0.8919105147470503
 0.917137241752551
 0.9291012711301476
 0.896957193694913
 0.9192944569737859
 0.8764532359203306
 0.8890846119381486
 0
 0
 0.3678794411714423
 0.797291701636566
 0.6379831169246649
 0.6434110329601568
 0.6495393591922097
 0.7422371837022254
 0.6966984465275173
 0.7407542904762333
 0.7812745957220635
 0.8324776745502291
 0.8050076016128537
 0.7964124949860885
 0.7881785206756118
 0.8690744359001358
 0.7694526650034845
 0.7736262673726233
 0.7643865078408009
 0.881223806918745
 0.7888535836838779
 0.823164584545751
 0.8016305360508543
 0.9049740000620371
 0.8447129526375593
 0.802501185639003
 0.8203194618327455
 0.9210994199274498
 0.853143585589325
 0.9196128069079971
 0
 0
 0
 0
 0
 0
 0
 0
 0
 0
 0
 0
 0
 0
 0
 0
 0
 0
 0
 0
 0
 0
 0
 0
 0
 0
 0
 0
 0
 0
 0
 0
 0
 0
 0
 0
 0
 0
 0
 0
 0
 0
 0
 0
 0
 0
 0
 0
 0
 0
 0
 0
 0
 0
 0
 0
 0
 0
 0
 0
 0
 0
 0
 0
 0
 0
 0
 0
 0
 0
 0
 0
 0
 0
 0
 0
 0
 0
 0
 0
 0
 0
 0
 0
 0
 0
 0
 0
 0
 0
 0
 0
 0
 0
 0
 0
 0
 0
 0
 0
 0
 0
 0
 0
 0
 0
 0
 0
 0
 0
 0
 0
 0
 0
 0
 0
 0
 0
 0
 0
 0
 0
 0
 0
 0
 0
 0
 0
 0
 0
 0
 0
 0
 0
 0
 0
 0
 0
 0
 0
 0
 0
 0
 0
 0
 0
 0
 0
 0
 0
 0
 0
 0.935527757398271
 0.9406485534000161
 0.9399320885740862
 0.8984022194452399
 0.9496027797723462
 0.9199156564828133
 0.8913368775928751
 0.9201491847721135
 0.9074699513940329
 0.9147330396364654
 0.9250896294694025
 0.9111816589605758
 0.9085666698268069
 0.9152668551744425
 0.9090174962571238
 0.9060588910084095
 0.913960862688305
 0.9052435961606174
 0.904646160895189
 0.9085112375685035
 0.915137065390342
 0.9048727703061471
 0.9018150742049929
 0.9081804144648286
 0.899551113152008
 0.8927521249134464
 0.9035844209647252
 0.9091288959618352
 0
 0
 0
 0
 0
 0
 0
 0
 0
 0
 0
 0
 0
 0
 0
 0
 0
 0
 0
 0
 0
 0
 0
 0
 0
 0
 0
 0
 0
 0
 0
 0
 0
 0
 0
 0
 0
 0
 0
 0
 0
 0
 0
 0
 0
 0
 0
 0
 0
 0
 0
 0
 0
 0
 0
 0
 0
 0
 0
 0


