# Created by Octave 3.8.2, Fri Nov 20 22:00:58 2015 CET <dkottke@snake8>
# name: mus
# type: matrix
# ndims: 3
 1 30 19
 0
 0
 0.9661835748792271
 0.3365384615384616
 0.3560975609756098
 0.715686274509804
 0.9408866995073891
 0.9663461538461539
 0.9613526570048311
 0.96
 0.8899521531100477
 0.9558823529411763
 0.9567307692307693
 0.9591836734693878
 0.9589743589743591
 0.9519230769230769
 0.937091503267974
 0.9419191919191919
 0.9473684210526317
 0.945
 0.9417989417989419
 0.9360269360269362
 0.9468599033816424
 0.9427083333333334
 0.965
 0.966346153846154
 0.9629629629629629
 0.9642857142857143
 0.9655172413793104
 0.9611111111111112
 0
 0
 0.6666666666666666
 1
 1
 0.4
 0.5
 0.5
 0.8
 0.7
 0.9
 0.9333333333333332
 0.9
 0.9333333333333332
 0.9333333333333332
 0.95
 0.8666666666666666
 0.9
 0.8833333333333332
 0.9
 0.9099999999999999
 0.9
 0.96
 0.96
 0.96
 0.96
 0.9666666666666668
 0.96
 0.9666666666666668
 1
 0
 0
 0.8419698602928606
 0.8663810200850203
 0.7870515847917979
 0.7441416785693933
 0.8461839973517177
 0.8142339582218117
 0.8780007321460883
 0.8143672625573469
 0.8853453710200964
 0.8913257903071482
 0.8734071840393709
 0.8649540491430552
 0.9076737642035438
 0.9356742078944463
 0.9159300169301914
 0.9401444485184081
 0.9262729583642704
 0.9435305634113156
 0.949063961540104
 0.9465574304680008
 0.973046543794765
 0.9674410934859521
 0.9628671064948504
 0.9633466918562076
 0.952338597993345
 0.9596491534211368
 0.943013353314645
 0.9744114158225625
 0
 0
 0.6078465488813037
 0.8585684804238023
 0.9030813356527295
 0.6263657608452537
 0.5714304928444961
 0.7414469852418207
 0.8035414372301015
 0.7458546377582305
 0.8510530401969297
 0.8847390477587093
 0.9041918155181347
 0.904390738392147
 0.9310441235551865
 0.9270211665411682
 0.9288882982336782
 0.9338093683190679
 0.9402078336869729
 0.9429534924164064
 0.945807097145885
 0.9482862793336204
 0.9475205877325537
 0.9534632139751785
 0.932028610972675
 0.9389771855946847
 0.9350705062527978
 0.9357662384639182
 0.9405737756037071
 0.9564065722191151
 0
 0
 0.6666666666666666
 1
 1
 0
 0.1428571428571428
 0.75
 1
 0.9
 0.8181818181818182
 1
 0.8461538461538461
 1
 1
 1
 1
 1
 1
 1
 1
 1
 1
 1
 1
 1
 1
 1
 1
 0
 0
 0
 0.7015833424330387
 0.965492869275749
 0.8941732155706285
 0.3472279591442337
 0.3968821080758227
 0.7545806085601293
 0.9357960031078341
 0.8311703990118927
 0.8596940827366246
 0.9285671986292776
 0.8967368738829935
 0.9273674092383983
 0.9719755246635451
 0.9491021427590567
 0.9262511831716811
 0.953837384769763
 0.8941452006623066
 0.9793135999992876
 0.9577460649443577
 0.9613777185915043
 0.9747426210141827
 0.8601764416683841
 0.9566834851155891
 0.9357603555139119
 0.9557128601822116
 0.9626876356901067
 0.9345232315251866
 0.901407750570256
 0
 0
 0.3678794411714423
 0.8582417878823285
 0.7915568557458312
 0.8499499746877469
 0.865303947692143
 0.7950428085125255
 0.8671261785202573
 0.8086577731676712
 0.8741365386068241
 0.824946469736043
 0.873389177817988
 0.8694637488958928
 0.8950077977012026
 0.9046002531573702
 0.9120894896503577
 0.9064688886564011
 0.9299995024003008
 0.9170561808266785
 0.9169143881269715
 0.9218133241728559
 0.9710692414778107
 0.9465368618653798
 0.9397096601750737
 0.9376734666963215
 0.9368739631018999
 0.9655911838192066
 0.970409859191687
 0.9493558686361159
 0
 0
 0.6132857322293509
 0.7750346423783417
 0.8486842640070296
 0.6807374225645346
 0.6141788928956464
 0.7109753131390687
 0.7846242617634016
 0.7266889038765808
 0.7974007318246268
 0.8027174511383758
 0.8521526207017469
 0.8532535546239294
 0.8649123196373429
 0.8765161182175848
 0.8525742968720192
 0.8750560865427711
 0.8653014569372893
 0.8802791637423049
 0.8936576190668079
 0.8983296865927127
 0.8978088091267552
 0.9001262933708558
 0.8909887056022366
 0.8791358577483931
 0.8925882513440124
 0.8860197011091069
 0.8963220275320437
 0.9075071969539361
 0
 0
 0.9025902465960551
 0.9304526898986184
 0.8893558302668074
 0.949086443239877
 0.8777971919216598
 0.9218941125903685
 0.9144540182725104
 0.9313774360735252
 0.9215655643662423
 0.9314248245890059
 0.9224044206542169
 0.9089909122662385
 0.9274847797760014
 0.9106520112509504
 0.9168579000166597
 0.9112912965372201
 0.9075429182720396
 0.9143081283190841
 0.8940087497234912
 0.9044416948423474
 0.9077206705267579
 0.9054449860242295
 0.8961810001539814
 0.9125041695008901
 0.905056320703793
 0.9044996421065247
 0.9066027945768617
 0.9046164000699337
 0
 0
 0.7849729033145979
 0.9718399454511116
 0.8157203626639125
 0.6668210105574446
 0.5721331777426435
 0.8470790945576643
 0.9111585421078223
 0.708053523087301
 0.8799953961678848
 0.9016834315032397
 0.8956102547775353
 0.9498108048706697
 0.9665091362489416
 0.9710142541734206
 0.9682167874971994
 0.9625686484315155
 0.9604473193364533
 0.9608006125064548
 0.9571498575160893
 0.9555013335553174
 0.9679697728663883
 0.5350257191712183
 0.9579212256276639
 0.9466415510740428
 0.9577670942232637
 0.9578863818428688
 0.9672163517047909
 0.9779639353713699
 0
 0
 0.3678794411714423
 0.8420462307470441
 0.7655554425239323
 0.8568467754213442
 0.8637392715527953
 0.7683541484871433
 0.771857181111389
 0.7583350495422826
 0.8008388972986202
 0.7997647383812784
 0.9286793265126287
 0.8895870560845653
 0.8184985288930389
 0.9037121111952374
 0.84127325110623
 0.9306688371043541
 0.8758036768456711
 0.8879725765081579
 0.9806907882992226
 0.9368694013842447
 0.9161038201783831
 0.9742449975008161
 0.9604903857721179
 0.9458246280581797
 0.9686514753829798
 0.954092137250065
 0.9629317972085787
 0.9546658252698076
 0
 0
 0
 0
 0
 0
 0
 0
 0
 0
 0
 0
 0
 0
 0
 0
 0
 0
 0
 0
 0
 0
 0
 0
 0
 0
 0
 0
 0
 0
 0
 0
 0
 0
 0
 0
 0
 0
 0
 0
 0
 0
 0
 0
 0
 0
 0
 0
 0
 0
 0
 0
 0
 0
 0
 0
 0
 0
 0
 0
 0
 0
 0
 0
 0
 0
 0
 0
 0
 0
 0
 0
 0
 0
 0
 0
 0
 0
 0
 0
 0
 0
 0
 0
 0
 0
 0
 0
 0
 0
 0
 0
 0
 0
 0
 0
 0
 0
 0
 0
 0
 0
 0
 0
 0
 0
 0
 0
 0
 0
 0
 0
 0
 0
 0
 0
 0
 0
 0
 0
 0
 0
 0
 0
 0
 0
 0
 0
 0
 0
 0
 0
 0
 0
 0
 0
 0
 0
 0
 0
 0
 0
 0
 0
 0
 0
 0
 0
 0
 0
 0
 0
 0.9228483783657578
 0.8859484939280305
 0.9325591352757497
 0.9714135649347827
 0.9186518783962406
 0.9397594704150101
 0.9079045188743403
 0.8940250437022772
 0.9259242250105288
 0.9249609243016204
 0.9218503828968344
 0.925550803152387
 0.911871078421037
 0.8988288396059562
 0.9145427536432394
 0.9040203198216358
 0.9202228729380908
 0.9183495250829654
 0.9110036797018433
 0.9031315923327763
 0.9111122610269482
 0.8981683354883639
 0.9020515443878354
 0.9110067403913685
 0.9004453751440019
 0.8981393590292716
 0.9013762573391048
 0.8998064944252128
 0
 0
 0
 0
 0
 0
 0
 0
 0
 0
 0
 0
 0
 0
 0
 0
 0
 0
 0
 0
 0
 0
 0
 0
 0
 0
 0
 0
 0
 0
 0
 0
 0
 0
 0
 0
 0
 0
 0
 0
 0
 0
 0
 0
 0
 0
 0
 0
 0
 0
 0
 0
 0
 0
 0
 0
 0
 0
 0
 0


