# Created by Octave 3.8.2, Fri Nov 20 23:45:14 2015 CET <dkottke@snake10>
# name: mus
# type: matrix
# ndims: 3
 1 30 19
 0
 0
 0.5664160401002508
 0.5555555555555556
 0.5518987341772155
 0.5441919191919193
 0.6441102756892231
 0.6428571428571429
 0.6452020202020204
 0.623076923076923
 0.6275252525252526
 0.6691919191919192
 0.7294871794871797
 0.7028061224489796
 0.7397435897435898
 0.7291666666666666
 0.7166808752486501
 0.7196969696969697
 0.7719298245614035
 0.7500000000000001
 0.7318295739348371
 0.7601010101010101
 0.7797669792554703
 0.7812499999999999
 0.7733333333333334
 0.8364102564102563
 0.8876863876863876
 0.8826530612244898
 0.8838657594279784
 0.8641025641025641
 0
 0
 0.3333333333333333
 0.5
 0.4
 0.7
 0.4
 0.5
 0.7
 0.7
 0.7333333333333333
 0.8333333333333333
 0.8666666666666666
 0.8666666666666666
 0.7333333333333333
 0.8666666666666666
 0.8166666666666667
 0.95
 0.8
 0.8
 0.77
 0.72
 0.7
 0.7899999999999999
 0.76
 0.7333333333333334
 0.7
 0.72
 0.72
 0.7333333333333333
 0
 0
 0.4971768282045564
 0.5718616073182465
 0.7080832141520896
 0.7302952282331487
 0.5439421707328027
 0.6927385722044326
 0.6961623540638264
 0.7398627917634319
 0.7415214954959932
 0.7717906547789596
 0.6918696138855069
 0.744012986877302
 0.8721593266147787
 0.8057427441788496
 0.8451975191536838
 0.8655283665521633
 0.8461730405491987
 0.7826198445486661
 0.7873664927160486
 0.7858830429680869
 0.7433567288540245
 0.7593396096803224
 0.7591451635290949
 0.7901176802541012
 0.7322042167314866
 0.748717858826954
 0.747011599590645
 0.7426731089595429
 0
 0
 0.4982392883434467
 0.3524459345590835
 0.4608392987362737
 0.5925326260119829
 0.4786563936967295
 0.5304446745708035
 0.5365544971635824
 0.577227372768128
 0.6322279934749421
 0.6821167132556252
 0.6542792489442356
 0.6963164673946302
 0.7176899607978058
 0.7424674517471302
 0.7256580791863587
 0.731070825936631
 0.6983130110797187
 0.7030349558479734
 0.6499139068795788
 0.6645553252080476
 0.6403436264069416
 0.6680151018967191
 0.6886883901628241
 0.6778496267647077
 0.6533573479254905
 0.6710982824591688
 0.6736329505492379
 0.6804034051663235
 0
 0
 0.3333333333333333
 1
 0.6
 0.5
 0.7142857142857143
 0.75
 0.8888888888888888
 0.6
 0.9090909090909091
 0.8333333333333334
 0.6923076923076923
 0.8888888888888888
 1
 1
 1
 1
 1
 1
 1
 0
 1
 1
 0
 1
 1
 1
 1
 1
 0
 0
 0.4166665642258197
 0.6092838317025338
 0.6952699661952798
 0.5815143655325559
 0.5228268320436555
 0.541958991406968
 0.6194352533776386
 0.5857670615316479
 0.6632033860519723
 0.6495797354669375
 0.6908442891844385
 0.7497170154770993
 0.719915296355079
 0.6996089863762252
 0.745141072140365
 0.7584069122184156
 0.6743547171300533
 0.6429252594339792
 0.6737252749808308
 0.6023320717846435
 0.6139390803980446
 0.6681575806349629
 0.6801545585364996
 0.675122309866378
 0.6202733160258751
 0.6283837132619777
 0.6480456973818784
 0.6452398139055754
 0
 0
 0.3678794411714423
 0.5068561421223166
 0.6974690464815708
 0.6731817450254161
 0.6413633635758156
 0.6733999496725396
 0.7005185877067108
 0.7280293480050783
 0.6931306083574146
 0.697522951589773
 0.7135871138253664
 0.744207456324228
 0.7531627800248161
 0.7701068439538726
 0.8212273728563094
 0.7565014847058864
 0.7981377163623095
 0.7315246811675771
 0.7349741744974517
 0.748053826705939
 0.7544903173107511
 0.7399715274469305
 0.7492260133541782
 0.6918285599662851
 0.7290099485198129
 0.7476520766363605
 0.7323728130962367
 0.7402485769501718
 0
 0
 0.4988369090169008
 0.318606908759869
 0.502955454832149
 0.5414218237855686
 0.4745997122053098
 0.5258077819070777
 0.4967256439481793
 0.5514758626991723
 0.6133206295604364
 0.6468405007815329
 0.6218724362769402
 0.6576744036919465
 0.6924984313532736
 0.7263374390227794
 0.7271551883519231
 0.7292043123542336
 0.7021836658218933
 0.7014577766206817
 0.6559416742476608
 0.6775574152001553
 0.6474750855534934
 0.6626263678100793
 0.6905127179179992
 0.6810707674887675
 0.6573544228414601
 0.6854381492707455
 0.6811931353693971
 0.682167097262359
 0
 0
 0.9999363036828424
 0.9999996890761498
 0.9999999836060216
 0.9999999999973146
 0.9999999690348342
 1
 1
 1
 1
 0.9999999999930677
 0.9996752757092162
 0.9919763023279339
 0.9758126091769355
 0.9800707339978739
 0.9741656502816439
 0.9654416767840651
 0.9611479675313588
 0.9582278967077523
 0.967151650221844
 0.965064088413387
 0.960490764225006
 0.9525106453055999
 0.9528367442182701
 0.9525995010537213
 0.9518511054651784
 0.9485358526840166
 0.9440179985948508
 0.9421211944800779
 0
 0
 0.4166611606187572
 0.4731141600366275
 0.7880276068474843
 0.543422728806489
 0.4714250925583111
 0.4950369898383264
 0.5012677968283644
 0.5449286063825902
 0.5806562754160072
 0.6756693857119448
 0.7300177333794815
 0.5945614180107659
 0.6580768845563498
 0.6890074547319679
 0.7050263119860681
 0.7095594380376775
 0.6675506676005952
 0.7108685554103618
 0.6700159024958914
 0.6656893328693199
 0.6261051799349995
 0.6456868443655633
 0.6829085382099542
 0.7923244051031392
 0.6405477710006802
 0.6615102108231296
 0.6751462504874248
 0.6692714860964538
 0
 0
 0.3678794411714423
 0.5343808543752737
 0.6950205670277325
 0.6654874682713755
 0.6256674299560884
 0.6662078122861075
 0.7367242303728947
 0.6828421883746194
 0.7105900295072844
 0.7159345640761251
 0.6758310582241103
 0.7105588570655814
 0.8042001692498798
 0.7609265645580294
 0.7558249399298995
 0.714448292717862
 0.7934200518998301
 0.7270902083770621
 0.6997344430051389
 0.7476393052105472
 0.681040569020269
 0.7225201301747879
 0.7322302124384299
 0.8259530800889157
 0.6966725002211364
 0.7075068542424854
 0.7216832082153694
 0.7290491137086498
 0
 0
 0
 0
 0
 0
 0
 0
 0
 0
 0
 0
 0
 0
 0
 0
 0
 0
 0
 0
 0
 0
 0
 0
 0
 0
 0
 0
 0
 0
 0
 0
 0
 0
 0
 0
 0
 0
 0
 0
 0
 0
 0
 0
 0
 0
 0
 0
 0
 0
 0
 0
 0
 0
 0
 0
 0
 0
 0
 0
 0
 0
 0
 0
 0
 0
 0
 0
 0
 0
 0
 0
 0
 0
 0
 0
 0
 0
 0
 0
 0
 0
 0
 0
 0
 0
 0
 0
 0
 0
 0
 0
 0
 0
 0
 0
 0
 0
 0
 0
 0
 0
 0
 0
 0
 0
 0
 0
 0
 0
 0
 0
 0
 0
 0
 0
 0
 0
 0
 0
 0
 0
 0
 0
 0
 0
 0
 0
 0
 0
 0
 0
 0
 0
 0
 0
 0
 0
 0
 0
 0
 0
 0
 0
 0
 0
 0
 0
 0
 0
 0
 0
 0.9999824209424535
 0.9999999884226529
 0.9999999999990589
 0.9999999999998401
 0.9999999786544207
 0.9999999757021111
 0.9999999133901252
 0.9999999486498899
 0.9999970340506129
 0.9989219422459201
 0.9943835275408701
 0.9849791250160267
 0.9769842247348298
 0.9726439362877979
 0.9729532794620411
 0.9710459861348322
 0.963529574078167
 0.9672950909092755
 0.9650221694509243
 0.9626223538927394
 0.9614740268121609
 0.9569310213258931
 0.956456506465289
 0.9495098005858543
 0.9498802257926856
 0.945531027536183
 0.9467996075330138
 0.93640362165994
 0
 0
 0
 0
 0
 0
 0
 0
 0
 0
 0
 0
 0
 0
 0
 0
 0
 0
 0
 0
 0
 0
 0
 0
 0
 0
 0
 0
 0
 0
 0
 0
 0
 0
 0
 0
 0
 0
 0
 0
 0
 0
 0
 0
 0
 0
 0
 0
 0
 0
 0
 0
 0
 0
 0
 0
 0
 0
 0
 0


