# Created by Octave 3.8.2, Fri Nov 20 22:42:04 2015 CET <dkottke@snake5>
# name: mus
# type: matrix
# ndims: 3
 1 30 19
 0
 0
 0.9178743961352656
 0.9230769230769231
 0.4829268292682926
 0.7647058823529411
 0.9310344827586208
 0.9807692307692307
 0.9806763285024155
 0.9549999999999998
 0.9569377990430623
 0.9313725490196078
 0.860576923076923
 0.9642857142857143
 0.9589743589743591
 0.9375
 0.9460784313725491
 0.8585858585858586
 0.8755980861244019
 0.8649999999999999
 0.7989417989417988
 0.8611111111111112
 0.7648953301127216
 0.8541666666666666
 0.8525
 0.764423076923077
 0.6621315192743763
 0.6734693877551019
 0.9064039408866994
 0.85
 0
 0
 0.3333333333333333
 0
 0.8
 0.2
 0.5
 0.5
 0.6
 0.6
 0.5
 0.5
 0.6666666666666667
 0.7333333333333333
 0.7333333333333333
 0.6333333333333333
 0.5833333333333333
 0.5666666666666667
 0.4666666666666666
 0.65
 0.77
 0.68
 0.6900000000000001
 0.7
 0.6799999999999999
 0.62
 0.6933333333333334
 0.6399999999999999
 0.6599999999999999
 0.6333333333333334
 0
 0
 0.7120339676447682
 0.5259095808785819
 0.793593286913124
 0.6690528233669327
 0.7092245429388635
 0.7597941876451481
 0.7324022967625773
 0.6150217803940375
 0.6170154436075453
 0.5818984826470528
 0.6422193948752902
 0.647945545344544
 0.6361811348987587
 0.58599349953924
 0.5447825273468082
 0.5826114242228019
 0.5599957387281926
 0.5889856907856266
 0.6762097735696566
 0.6886829049491079
 0.7653869087427955
 0.7501820660262738
 0.7901824529785217
 0.7062445767518486
 0.6772555432042628
 0.7128447284842545
 0.6950780183796259
 0.7248590362614391
 0
 0
 0.3871931524295949
 0.3798670647231369
 0.6865235954607176
 0.4088744153700601
 0.4679439264612858
 0.5481675331944527
 0.59044397620732
 0.5520921644501904
 0.5809363100956114
 0.5762533905414864
 0.5940435606145643
 0.6152582490116084
 0.6148829358995611
 0.5820260195781333
 0.5327554607625911
 0.5444177518012956
 0.5479342907391994
 0.560963544102327
 0.5930247743913845
 0.6242831817489026
 0.6411103173055203
 0.6636649653930489
 0.6821880878321354
 0.6403403784388146
 0.6229652045395818
 0.614176672363217
 0.6053300520943758
 0.6294983615242847
 0
 0
 0.3333333333333333
 0
 0.6
 0.1666666666666667
 0.2857142857142857
 0.625
 0.3333333333333333
 0.8
 0.4545454545454545
 0.5833333333333334
 0.8461538461538461
 0.5555555555555556
 0.8
 0.3333333333333333
 0
 0
 0
 1
 0
 0
 1
 1
 1
 1
 0
 1
 0
 0
 0
 0
 0.3726976682943643
 0.277690320495444
 0.6815668109926666
 0.3831912128376594
 0.4412620330105379
 0.5630707005901791
 0.5166603817385429
 0.6017667473432304
 0.538023760228992
 0.547961451968205
 0.5988104858976906
 0.5909153868780402
 0.615355985863106
 0.5657357137952276
 0.546444134411696
 0.49854014327784
 0.5552508960053962
 0.5869063990465315
 0.5725001974486732
 0.5958634694674537
 0.6254224064411733
 0.7073639483956219
 0.653580477418819
 0.6485032320980231
 0.6350437532719226
 0.6509500613048778
 0.5917809038952185
 0.6506017353272934
 0
 0
 0.3678794411714423
 0.6785519474727254
 0.6941249466651308
 0.7317461044025036
 0.6987935208440146
 0.7175832563214281
 0.6847488564041759
 0.7171191262602925
 0.7226721287170046
 0.7182670008813793
 0.7157518711440306
 0.7539271681638239
 0.73491674200727
 0.745304210427536
 0.7341855708667067
 0.6871728271602855
 0.7044798676615577
 0.7168805584728306
 0.7222190045580825
 0.7207362482914185
 0.771506955668445
 0.7656515946037066
 0.7884294131314096
 0.7426594601900989
 0.7441209183046577
 0.786597408384256
 0.7547029565420532
 0.7346577765722617
 0
 0
 0.3858208119946332
 0.4007449725203711
 0.591668398151748
 0.4866041151270173
 0.4901214080558068
 0.5227139506111544
 0.5769473077376129
 0.5272512422740887
 0.5511981875261862
 0.5672776560466514
 0.5666609093782766
 0.6012168109688336
 0.620235599927628
 0.5857390642953542
 0.5547218201578418
 0.5572453963204083
 0.5686636144251908
 0.5825284150153772
 0.6248339731774428
 0.6536666044783778
 0.6792875087235543
 0.6831947162436209
 0.7064396562195441
 0.6617527125490967
 0.6429718342271549
 0.6370714655660873
 0.6254060853525198
 0.6554123711893066
 0
 0
 0.9985388020759971
 0.9999999999390204
 0.9999999998042284
 0.9999999981181404
 0.9999999999999968
 1
 1
 1
 0.999999999999998
 0.9999999997059033
 0.997092361027063
 0.9872009599128693
 0.9857777940200474
 0.9733965595337554
 0.9679873692723723
 0.9652410890989296
 0.9674609406316824
 0.9689306244408642
 0.9640630040968259
 0.963048477578922
 0.9671673529534537
 0.9639584049141564
 0.9457463840282917
 0.9481135840950746
 0.9552329821885668
 0.949128960032413
 0.9555772624394504
 0.9417890728166587
 0
 0
 0.3333333333333136
 0.2915235373457492
 0.7149431519502226
 0.4348224215044639
 0.5024881834195482
 0.5321548421922069
 0.5250625569143599
 0.526650090869533
 0.520918465070947
 0.570180967210169
 0.5789166533348965
 0.5716981799549979
 0.5823210181570594
 0.5760405626612133
 0.5402085537235661
 0.5440373607628864
 0.5455123676117525
 0.592511034780668
 0.611727873989893
 0.6274798594036644
 0.6519774871428146
 0.6786285106434008
 0.6775151749808925
 0.6680028181939995
 0.6302581822666725
 0.6364295878380397
 0.620932279199542
 0.6414521966761361
 0
 0
 0.3678794411714423
 0.6785880240478703
 0.7600159278153552
 0.6767277094261686
 0.6793181253462361
 0.7284693486235392
 0.6888092646244446
 0.7003969745865719
 0.7098839205613957
 0.6939565510669792
 0.7268010128078545
 0.7229888285707717
 0.7399394608777375
 0.7043597029824782
 0.6989889590756483
 0.673698046515207
 0.6977074041513955
 0.6993630018924173
 0.7153959942809665
 0.7285136754861761
 0.7140902883697322
 0.7658641558726449
 0.78477582853137
 0.7278603996923838
 0.774798484700048
 0.7330649567148532
 0.7177591880130942
 0.7425338052579131
 0
 0
 0
 0
 0
 0
 0
 0
 0
 0
 0
 0
 0
 0
 0
 0
 0
 0
 0
 0
 0
 0
 0
 0
 0
 0
 0
 0
 0
 0
 0
 0
 0
 0
 0
 0
 0
 0
 0
 0
 0
 0
 0
 0
 0
 0
 0
 0
 0
 0
 0
 0
 0
 0
 0
 0
 0
 0
 0
 0
 0
 0
 0
 0
 0
 0
 0
 0
 0
 0
 0
 0
 0
 0
 0
 0
 0
 0
 0
 0
 0
 0
 0
 0
 0
 0
 0
 0
 0
 0
 0
 0
 0
 0
 0
 0
 0
 0
 0
 0
 0
 0
 0
 0
 0
 0
 0
 0
 0
 0
 0
 0
 0
 0
 0
 0
 0
 0
 0
 0
 0
 0
 0
 0
 0
 0
 0
 0
 0
 0
 0
 0
 0
 0
 0
 0
 0
 0
 0
 0
 0
 0
 0
 0
 0
 0
 0
 0
 0
 0
 0
 0
 0.9999549648173071
 0.9999997721729419
 0.9999999999977416
 0.9999999999833979
 0.9999999999345554
 0.9999992460431135
 0.9999998708698824
 0.9999999786059484
 0.9999999964156511
 0.9988257730156295
 0.9937761953618052
 0.9902686223720901
 0.9782169940105726
 0.9709504689461668
 0.9757927200799954
 0.9727580165848837
 0.9701333812999624
 0.9641305550715131
 0.9649218786552278
 0.9576040850308011
 0.9589507077267114
 0.9625142536431962
 0.9521338338401922
 0.9522070816602921
 0.9519759713050384
 0.942714317923086
 0.9478665645366092
 0.9549385859423235
 0
 0
 0
 0
 0
 0
 0
 0
 0
 0
 0
 0
 0
 0
 0
 0
 0
 0
 0
 0
 0
 0
 0
 0
 0
 0
 0
 0
 0
 0
 0
 0
 0
 0
 0
 0
 0
 0
 0
 0
 0
 0
 0
 0
 0
 0
 0
 0
 0
 0
 0
 0
 0
 0
 0
 0
 0
 0
 0
 0


