# Created by Octave 3.8.2, Fri Nov 20 20:10:46 2015 CET <dkottke@snake3>
# name: mus
# type: matrix
# ndims: 3
 1 30 19
 0
 0
 0.3784084585420147
 0.5929844097995546
 0.5303621169916436
 0.472129319955407
 0.4274596998332409
 0.4849330357142857
 0.5248464544946956
 0.5011173184357546
 0.4823520038243967
 0.5089485458612975
 0.5481233742103306
 0.5785435267857146
 0.5719887955182071
 0.5619419642857143
 0.5842763772175537
 0.5830527497194166
 0.5919852823548232
 0.5921348314606742
 0.5908123249299719
 0.5987654320987652
 0.5933667781493869
 0.5968468468468465
 0.5898591549295777
 0.5841694537346714
 0.5928731762065097
 0.5945870535714285
 0.6034482758620687
 0.5943502824858757
 0
 0
 0.6666666666666666
 0
 0
 0.4
 0.4
 0.6
 0.4
 0.6
 0.4333333333333333
 0.7
 0.7333333333333333
 0.2999999999999999
 0.5333333333333334
 0.6
 0.4166666666666667
 0.3166666666666667
 0.5166666666666666
 0.5
 0.47
 0.46
 0.47
 0.47
 0.4400000000000001
 0.42
 0.4866666666666666
 0.5333333333333333
 0.4866666666666667
 0.4333333333333333
 0
 0
 0.7923032449563311
 0.5546423335526071
 0.5171301286726295
 0.4679091367723834
 0.6461349944100863
 0.5484043779385785
 0.6862574959680925
 0.5617219105939912
 0.5942962093458126
 0.6237841410761016
 0.5318245338118357
 0.5894057343891946
 0.5007774787847297
 0.3605310732506577
 0.5036033714195581
 0.5310499043041534
 0.486792769935615
 0.4276557626819443
 0.4267647335712669
 0.4537328696074876
 0.265558404175365
 0.4609672024177571
 0.4934703549706956
 0.5573203746158215
 0.5064215821544524
 0.3991696274085934
 0.4941104652916453
 0.526918120889253
 0
 0
 0.6291801379994798
 0.1522616140210495
 0.08975410519646428
 0.3298512364780369
 0.5155724096016866
 0.4834876786952472
 0.3972652607368354
 0.4259724805014373
 0.50248781341594
 0.3903095586695235
 0.4216553343394892
 0.4698268094452205
 0.4458575919874434
 0.4443537312522629
 0.4920061132018138
 0.4758978960401075
 0.4693995874425284
 0.4398463272957431
 0.4314439181927795
 0.4715324934001361
 0.4313383570338837
 0.4685178425674062
 0.4382138067033896
 0.4015569874551619
 0.4575060467052065
 0.484768753304651
 0.4602119479447819
 0.4433341078958449
 0
 0
 0.3333333333333333
 0
 0
 0
 0.2857142857142857
 0.625
 0.3333333333333333
 0.5
 0.3636363636363636
 0.3333333333333333
 0.3846153846153846
 0.3333333333333333
 0.2
 0.6666666666666666
 1
 1
 1
 0
 1
 1
 0
 0
 0
 0
 0
 0
 1
 1
 0
 0
 0.333333333338137
 0.041143052514518
 0.04054387109164859
 0.1451865646058136
 0.358357065116634
 0.5588971148684763
 0.3946928232989386
 0.4554417688489887
 0.4061607325625159
 0.3842171556632106
 0.4056174735766216
 0.4494966002506685
 0.3667201371971031
 0.4953794423719214
 0.6175123055257093
 0.5631163500621653
 0.6070450683587351
 0.3312803394209264
 0.5945454233389043
 0.549190760655941
 0.3959958039119507
 0.4218508191482632
 0.327834894619459
 0.3794948101809419
 0.3561798083643326
 0.4520813034400215
 0.5822364129976523
 0.5031483629983693
 0
 0
 0.7892931470571475
 0.6984303359426467
 0.4778868225401912
 0.561489695347356
 0.5693333352338831
 0.6190891056691197
 0.6602402881387596
 0.6473038006783572
 0.6111598667875019
 0.5821785344080037
 0.5769090920252432
 0.5927111785666918
 0.5556718983174698
 0.610700130247274
 0.6215835928107591
 0.5949075674344244
 0.5461583041143112
 0.5469851974012931
 0.5161741142067761
 0.5371979642409679
 0.5405695334443651
 0.5393461055299128
 0.4744301121870587
 0.4990766821986805
 0.5171094238250307
 0.5328200815756072
 0.532736580060165
 0.51943086374077
 0
 0
 0.6609592899205652
 0.221163457423485
 0.1680497528829186
 0.3342652752702975
 0.498376166953707
 0.4565214567191929
 0.4320336441403875
 0.4522813342191309
 0.5115770204042517
 0.4387847411199727
 0.4620775682099534
 0.477580168545069
 0.4617646441245249
 0.478677670015006
 0.4892535322618173
 0.4921346313616646
 0.4820850651041695
 0.4725100739070331
 0.4551268789423329
 0.4760145845855874
 0.4561411724300504
 0.4655027652294461
 0.4428956936268413
 0.4382415182259662
 0.4483992324612131
 0.4735487135349733
 0.4604087563431484
 0.4460590694636218
 0
 0
 0.9528590116972349
 0.9550469002222275
 0.9640456316510881
 0.9112647796425519
 0.9410426814158598
 0.9159543353718543
 0.9158907742809989
 0.9211161112647437
 0.9153077912359416
 0.9314913903325093
 0.9270940214100509
 0.938252400270015
 0.9115096920059313
 0.8989715037836978
 0.9017083578213035
 0.9085785915906054
 0.913853356477807
 0.9120092826391271
 0.9045470347856183
 0.9126885232355443
 0.895965549338399
 0.900528316452907
 0.8995222197566306
 0.908113951208755
 0.9077199292619798
 0.9122932138718082
 0.9110572748960818
 0.9070629428990917
 0
 0
 0.3333333354779957
 0.05792478507546939
 0.05042148055727225
 0.237946082655436
 0.406794827264479
 0.5031550980277741
 0.4171068434537135
 0.4403211251077156
 0.4654157975398925
 0.4273756409113622
 0.4379530240999195
 0.4753063804215144
 0.4475436559871642
 0.4745294105583191
 0.4891897540652619
 0.4651930627512808
 0.4869406855961694
 0.4313632983230721
 0.4608530794955182
 0.4671614770632303
 0.4328511027153587
 0.457270470568243
 0.4199379773115252
 0.3900651534369544
 0.4243981512693807
 0.4635898325636333
 0.616975234291949
 0.4418431987393581
 0
 0
 0.7892931470571475
 0.7711534139439032
 0.5437243771224618
 0.5263041863130058
 0.5015505859358851
 0.6107570775532208
 0.6203577391727138
 0.5849496556096968
 0.6108359556728807
 0.6054407708750529
 0.6119690260786779
 0.6038622823877835
 0.5610311277921072
 0.5897695652488282
 0.5908430254347304
 0.6071139651121946
 0.5599754238545201
 0.5803307834147335
 0.5886682074957037
 0.5335077520673079
 0.5460526880715076
 0.5078551609260066
 0.5501057070442298
 0.3727741609021002
 0.523739605356406
 0.4934492719520513
 0.5155891492652429
 0.5149069595870082
 0
 0
 0
 0
 0
 0
 0
 0
 0
 0
 0
 0
 0
 0
 0
 0
 0
 0
 0
 0
 0
 0
 0
 0
 0
 0
 0
 0
 0
 0
 0
 0
 0
 0
 0
 0
 0
 0
 0
 0
 0
 0
 0
 0
 0
 0
 0
 0
 0
 0
 0
 0
 0
 0
 0
 0
 0
 0
 0
 0
 0
 0
 0
 0
 0
 0
 0
 0
 0
 0
 0
 0
 0
 0
 0
 0
 0
 0
 0
 0
 0
 0
 0
 0
 0
 0
 0
 0
 0
 0
 0
 0
 0
 0
 0
 0
 0
 0
 0
 0
 0
 0
 0
 0
 0
 0
 0
 0
 0
 0
 0
 0
 0
 0
 0
 0
 0
 0
 0
 0
 0
 0
 0
 0
 0
 0
 0
 0
 0
 0
 0
 0
 0
 0
 0
 0
 0
 0
 0
 0
 0
 0
 0
 0
 0
 0
 0
 0
 0
 0
 0
 0
 0.9622256099958221
 0.8915457365507374
 0.9256463262895781
 0.9239320335325447
 0.9027293912466466
 0.9349216662201305
 0.9316303133788438
 0.9289974670835847
 0.9231233928273034
 0.9326110242269162
 0.9254806910014685
 0.9221878719877286
 0.9357187835080285
 0.9274452769690881
 0.9054337531556333
 0.9021208046117034
 0.9029825492900764
 0.911123167454009
 0.9101063362321063
 0.9116646237721194
 0.9016196691479035
 0.9005745586892846
 0.9070018955647008
 0.8934954029467734
 0.9013392565214434
 0.9119868221061663
 0.8884131921987055
 0.8965529842767386
 0
 0
 0
 0
 0
 0
 0
 0
 0
 0
 0
 0
 0
 0
 0
 0
 0
 0
 0
 0
 0
 0
 0
 0
 0
 0
 0
 0
 0
 0
 0
 0
 0
 0
 0
 0
 0
 0
 0
 0
 0
 0
 0
 0
 0
 0
 0
 0
 0
 0
 0
 0
 0
 0
 0
 0
 0
 0
 0
 0


