# Created by Octave 3.8.2, Sun Nov 15 22:11:59 2015 CET <dkottke@snake6>
# name: mus
# type: matrix
# ndims: 3
 1 30 19
 0
 0
 0.7443609022556387
 0.8561872909698997
 0.8744769874476999
 0.8668341708542721
 0.9019771651350608
 0.9026845637583892
 0.9039264828738501
 0.9033613445378159
 0.9499582985821512
 0.9318181818181822
 0.9381270903010021
 0.9075630252100841
 0.9088607594936703
 0.9079391891891891
 0.905882352941176
 0.9069865319865313
 0.9281537176274015
 0.9288135593220342
 0.9289891395154547
 0.9351851851851847
 0.9230769230769231
 0.9302721088435372
 0.8919148936170218
 0.8892140468227422
 0.9122474747474747
 0.9299886621315194
 0.9419680403700583
 0.9367521367521365
 0
 0
 0.3333333333333333
 0.25
 0.6
 0.6
 0.8
 1
 1
 1
 0.8
 0.7
 0.8
 0.8
 0.7999999999999999
 0.7999999999999999
 0.7833333333333333
 0.8333333333333333
 0.8
 0.85
 0.86
 0.86
 0.8400000000000001
 0.8099999999999999
 0.9199999999999999
 0.9266666666666665
 0.8800000000000001
 0.9
 0.8933333333333333
 0.9333333333333333
 0
 0
 0.5259095808785818
 0.5671348347152267
 0.6796395807297446
 0.8161690211570011
 0.875682956763717
 0.8829832590910396
 0.922881291822916
 0.9403699606171727
 0.8653583209695173
 0.8082266628430123
 0.8435432187414161
 0.7380092826542421
 0.7391619201951796
 0.7839904705828017
 0.818304501294183
 0.8396560850885956
 0.8631188615549669
 0.8781148098297699
 0.8634055730626103
 0.8917275430733571
 0.8737157979653105
 0.9118559250062122
 0.8993831882635683
 0.8906941171057771
 0.9078914610857084
 0.9025840049279964
 0.8977657885864638
 0.9206103710405567
 0
 0
 0.5117303493031933
 0.4071545772940353
 0.5914906454265317
 0.6752246126755561
 0.7440665134265876
 0.7663065104790079
 0.7982707361435193
 0.8402149069661757
 0.7280460974560282
 0.715569843006302
 0.7302252502429445
 0.688910055541995
 0.7146616200922966
 0.7324638859204448
 0.7629102842755658
 0.7694693531076977
 0.7847365863642844
 0.8002799128318958
 0.7953998236354796
 0.8102629767742285
 0.8244084679367738
 0.8298481071813757
 0.8332822608613322
 0.842110527660359
 0.8342508434521066
 0.8313940207252639
 0.8340072866970478
 0.843030521134436
 0
 0
 0.277753274825343
 0.5491167232802309
 0.6461041519101626
 0.6629980439461284
 0.755104020114632
 0.7717407803910756
 0.8015210490708155
 0.8454185202211945
 0.7323195516079698
 0.7016334205841384
 0.7333387497834779
 0.6867583616915752
 0.7191986105834933
 0.7311371582104379
 0.756751118456032
 0.7734650345243335
 0.7804550688027418
 0.7971728923714005
 0.7960784603050285
 0.8036204820288007
 0.8198017409591668
 0.8323332523150085
 0.8336422395177103
 0.8385691078344084
 0.8347872612781093
 0.8294091193374684
 0.8331818021745844
 0.8462716224296317
 0
 0
 0.9124687215517663
 0.4719148083280323
 0.5957926770463932
 0.7832509109845922
 0.717759940884047
 0.755683683048978
 0.8117044113931277
 0.8544562314522172
 0.728769983811643
 0.6898646810998659
 0.78192180831046
 0.6794180982158994
 0.7330212446445815
 0.7266507084561022
 0.7518158168577285
 0.8863783235287243
 0.7859014659364101
 0.7775070296449103
 0.7656126029460633
 0.8200726831873689
 0.8182764959250225
 0.829399854829345
 0.9176937295847094
 0.8030266040676146
 0.8102695683420507
 0.8372736969332443
 0.8193047389848553
 0.8232549389890372
 0
 0
 0.5785862941142949
 0.8402647141359915
 0.7938037754245006
 0.7671595322504074
 0.7602107342489594
 0.7564737778032941
 0.8061272753960167
 0.8028953579078907
 0.7838531077068581
 0.8475536999133149
 0.845011471093843
 0.769348688000062
 0.7882315427565443
 0.7931805525302743
 0.8350577305851525
 0.7895016372719716
 0.8530956119980958
 0.8571150527602123
 0.8761177350971276
 0.8102127468369266
 0.8417029427526875
 0.7740934689616156
 0.8103028117532584
 0.8771458853892311
 0.8638340248412468
 0.8806300319561846
 0.8526643266065259
 0.8531087708556663
 0
 0
 0.5189148625077389
 0.5456410901105971
 0.6035447875660419
 0.6825818257510443
 0.7210082981249529
 0.7542486023534436
 0.7973529293440125
 0.8392507038420493
 0.7495764892907646
 0.7543068252745501
 0.7635693638623495
 0.7054696111938942
 0.7404361250531187
 0.7590045422659389
 0.7873942572385201
 0.8002747548450614
 0.8134671738900359
 0.8273914613783646
 0.8336349903261014
 0.8368762809251655
 0.8520969326993547
 0.8603367737119313
 0.8617954653306571
 0.8787634339610706
 0.8669829080981344
 0.8619376636827691
 0.8692370840840864
 0.8821254370396407
 0
 0
 0.2522821779687737
 0.5742836123971359
 0.6115916618026054
 0.6361761849548051
 0.7373543652666077
 0.7636629037950233
 0.8136271722272169
 0.8356149790774455
 0.750634846555764
 0.7255257598326944
 0.7636084077281259
 0.6963239397908605
 0.745761153775642
 0.7606392506176246
 0.7855321147162327
 0.8007810096707089
 0.8145056457834842
 0.8275005855756397
 0.8226530120593465
 0.8348377624589296
 0.8586990758355635
 0.861414837397672
 0.8658512985722924
 0.8730923225880923
 0.8671191499746378
 0.8601912033495928
 0.8659254717818233
 0.883498469277426
 0
 0
 0.8046609120887021
 0.5233905486729449
 0.548281607953315
 0.7604295552162103
 0.7027414873493143
 0.7612152675506887
 0.8473019171146837
 0.791941098110895
 0.7834273132018869
 0.7320416428218444
 0.804414743033609
 0.7041334328155182
 0.7294768120777737
 0.7367968621413314
 0.7785982139987475
 0.7930325622565517
 0.8085080647090765
 0.8189191450887918
 0.8351180624922449
 0.8337884341221721
 0.8505800598909126
 0.8672343147351291
 0.8645405772383223
 0.8738250897119799
 0.8732259637150418
 0.8634804703910471
 0.8680045826256894
 0.8713673307164034
 0
 0
 0.5785862941142949
 0.8606567756677469
 0.8081358357420841
 0.7792652911201476
 0.7424017522232774
 0.7473219448259765
 0.8848455011354897
 0.8232911023817047
 0.8292768768005216
 0.7925555080855708
 0.8120788283886773
 0.7441177657585542
 0.7911477690004399
 0.8176763313071105
 0.7842166581361758
 0.791996831787096
 0.8223558733879928
 0.8368093076518213
 0.8433724313806213
 0.836159695518007
 0.855835444631218
 0.876480431995758
 0.8798654583955248
 0.9181820853492035
 0.8705712493876387
 0.8622079221316623
 0.8627227573327589
 0.8712128397209643
 0
 0
 0
 0
 0
 0
 0
 0
 0
 0
 0
 0
 0
 0
 0
 0
 0
 0
 0
 0
 0
 0
 0
 0
 0
 0
 0
 0
 0
 0
 0
 0
 0
 0
 0
 0
 0
 0
 0
 0
 0
 0
 0
 0
 0
 0
 0
 0
 0
 0
 0
 0
 0
 0
 0
 0
 0
 0
 0
 0
 0
 0
 0
 0
 0
 0
 0
 0
 0
 0
 0
 0
 0
 0
 0
 0
 0
 0
 0
 0
 0
 0
 0
 0
 0
 0
 0
 0
 0
 0
 0
 0
 0
 0
 0
 0
 0
 0
 0
 0
 0
 0
 0
 0
 0
 0
 0
 0
 0
 0
 0
 0
 0
 0
 0
 0
 0
 0
 0
 0
 0
 0
 0
 0
 0
 0
 0
 0
 0
 0
 0
 0
 0
 0
 0
 0
 0
 0
 0
 0
 0
 0
 0
 0
 0
 0
 0
 0
 0
 0
 0
 0
 0.2378472373035486
 0.5357757281014666
 0.5800659461700732
 0.6401647327928488
 0.7317948130913229
 0.7687490570964705
 0.8063140017661657
 0.8349680182796316
 0.7477109202023803
 0.7354196046325077
 0.7678241839649399
 0.6953820134132913
 0.7376716242279242
 0.7572448089778466
 0.780124114349275
 0.7987735890669562
 0.8119275334847664
 0.8233341527860492
 0.8225194437579143
 0.8337588354827731
 0.8563016093734769
 0.8629572726870616
 0.8627912831406594
 0.8718698028620858
 0.8667108837940751
 0.8568497626315893
 0.865125333427237
 0.8808480376074324
 0
 0
 0
 0
 0
 0
 0
 0
 0
 0
 0
 0
 0
 0
 0
 0
 0
 0
 0
 0
 0
 0
 0
 0
 0
 0
 0
 0
 0
 0
 0
 0
 0
 0
 0
 0
 0
 0
 0
 0
 0
 0
 0
 0
 0
 0
 0
 0
 0
 0
 0
 0
 0
 0
 0
 0
 0
 0
 0
 0


