# Created by Octave 3.8.2, Fri Nov 20 23:17:31 2015 CET <dkottke@snake7>
# name: mus
# type: matrix
# ndims: 3
 1 30 19
 0
 0
 0.7178631051752931
 0.717706013363029
 0.719220055710307
 0.6059085841694534
 0.7342968315730972
 0.7265625
 0.7197096594081506
 0.7340782122905029
 0.7267150027886226
 0.7220357941834454
 0.7081939799331097
 0.7473493303571428
 0.7406162464985995
 0.7444196428571429
 0.7458450046685338
 0.7452300785634119
 0.7388417853143495
 0.7404494382022473
 0.7422969187675067
 0.7408030926549444
 0.7370865849126721
 0.7426801801801801
 0.7363380281690139
 0.7396878483835005
 0.7410213243546575
 0.738560267857143
 0.7366518353726366
 0.7378531073446329
 0
 0
 0.6666666666666666
 1
 0.6
 0.3
 0.7
 0.5
 0.7
 0.8
 0.8666666666666668
 0.8333333333333333
 0.8666666666666666
 0.8666666666666666
 0.7333333333333333
 0.6666666666666666
 0.8333333333333334
 0.7666666666666666
 0.6166666666666666
 0.8
 0.8099999999999999
 0.82
 0.86
 0.8400000000000001
 0.8400000000000001
 0.7666666666666667
 0.7733333333333334
 0.8266666666666668
 0.7533333333333333
 0.8666666666666666
 0
 0
 0.6681367066150072
 0.9344467568622237
 0.8230062435280039
 0.5235942595073401
 0.7130172662918348
 0.7675395049991451
 0.7865539579688903
 0.8163782221932814
 0.8040741407596389
 0.78977592572796
 0.7676728549680613
 0.7907390457678112
 0.7183534234239635
 0.7637991185221712
 0.7315218942703703
 0.7742179708784169
 0.7756791063603472
 0.8057676733007396
 0.7595225481437631
 0.78827788615717
 0.7847963354361122
 0.7856948909657154
 0.7900896610421964
 0.7742686737705717
 0.7956175245406036
 0.7906597847270016
 0.7699546611672503
 0.7845537682363466
 0
 0
 0.7198388722898913
 0.8269373539428629
 0.5704596783590763
 0.4691560088215895
 0.5563384795746974
 0.6541187438508371
 0.6859898833647835
 0.6950339721000538
 0.7378746817066788
 0.7284538268294358
 0.6881878270036182
 0.6997690566829088
 0.6684952768100514
 0.7172454724624922
 0.6965397296884273
 0.7131466935517823
 0.6882258131578879
 0.7172764612601208
 0.6998654215702325
 0.7125885144264823
 0.7063916945732598
 0.7211472048062724
 0.7059244158199774
 0.7205752842752524
 0.7144093133112421
 0.7228224136431074
 0.7147888964043139
 0.7238159900476723
 0
 0
 0.3333333333333333
 1
 0.8
 0.3333333333333333
 0.8571428571428571
 0.5
 0.5555555555555556
 0.8
 0.8181818181818182
 0.6666666666666666
 0.4615384615384616
 0.7777777777777778
 0.2
 0.6666666666666666
 0.5
 1
 1
 0
 1
 0
 0
 1
 1
 1
 1
 1
 1
 1
 0
 0
 0.4611538187849553
 0.721494495112658
 0.8645967357054613
 0.4466717629886783
 0.6796019861445334
 0.6304400949734932
 0.6278155432099933
 0.6965758643758662
 0.713566239326849
 0.7686844700991949
 0.6508922230104438
 0.6695642671717014
 0.6244210394218607
 0.7017906839535488
 0.7040952767941285
 0.669847352279931
 0.6964807046327584
 0.6944800673298451
 0.6904148918804148
 0.7124928902635723
 0.6492874516703595
 0.7261541890477208
 0.7359165636525877
 0.7072795682373199
 0.6655155564078541
 0.7516222297152244
 0.7380102157120478
 0.7288090432169306
 0
 0
 0.7892931470571475
 0.7857215995894742
 0.8404639799589814
 0.6458656784480422
 0.6612572413980208
 0.7497552853876966
 0.7058960992201255
 0.7178599859730306
 0.7916650237829587
 0.7667191958292918
 0.7794321496138445
 0.7501121730635216
 0.7987079089053343
 0.7700684096643055
 0.755309227956515
 0.7935390416614583
 0.7811675874434565
 0.7791531419583411
 0.7794136469039792
 0.7480198036711337
 0.7209351115141991
 0.8029692325583577
 0.7536586009154831
 0.8550577810474046
 0.7790612537546201
 0.7717371361310559
 0.7332909626664035
 0.7466900589711395
 0
 0
 0.7191455120941921
 0.7700802980726288
 0.5564175083068368
 0.4838164739632069
 0.557826203876466
 0.6524215571190983
 0.6739456981916954
 0.6966054565461509
 0.7291745577170878
 0.7349901736560046
 0.6920646453204845
 0.695969799035446
 0.6827829572869262
 0.7072459803706429
 0.6857106497872408
 0.7067778460619942
 0.7028811499960862
 0.7255102841827923
 0.7054177233590325
 0.7209093744008188
 0.7145313977447282
 0.7275908043317648
 0.7277523207534822
 0.7379944218058443
 0.734256490543333
 0.7441164666190484
 0.7300581935624648
 0.7358993895491889
 0
 0
 0.9997664454391906
 0.9999991261145426
 0.9999997770273155
 0.9999999999999994
 0.999999999999694
 0.9999999999991344
 1
 0.9981252872379458
 0.9993492861796426
 0.9998518812623295
 0.9954433272208687
 0.9843240351564232
 0.9736577776962019
 0.9753862895184331
 0.9803410182718731
 0.969406954952675
 0.9691104765037507
 0.9654767726898804
 0.9609247132837905
 0.9677376791407435
 0.9603491398281915
 0.9583088043651843
 0.9577103375642999
 0.9540029799578029
 0.9493669649203859
 0.9518717620914021
 0.9416169332941418
 0.9534400100005449
 0
 0
 0.4002006155604086
 0.8658229941396822
 0.6906020452488238
 0.4543589892183564
 0.6105808315951547
 0.6102550728416071
 0.5989556483454339
 0.6571681888527662
 0.7049761689834098
 0.7727793174499266
 0.6618379262682486
 0.7526186956988343
 0.6763274651036364
 0.7707962299224893
 0.6865743955686557
 0.7343885197289114
 0.6937356123718756
 0.7078462699761678
 0.6948130494958294
 0.7299674481431159
 0.706795887872772
 0.7240458265965635
 0.7803760824593858
 0.7304785271553204
 0.7798609083640298
 0.7338927292053818
 0.7197918399909868
 0.7960439446054779
 0
 0
 0.7892931470571475
 0.7847828215508436
 0.8021099325115025
 0.673527150957557
 0.6706480825374562
 0.7413290075313264
 0.6813057951456846
 0.7482742612009884
 0.7595083096591903
 0.7345005156553785
 0.7509293491962802
 0.7163912870154117
 0.6925898594430554
 0.731628593062346
 0.726686813100093
 0.7408530363486231
 0.7556763057212187
 0.7551294463382304
 0.7506638754015247
 0.7557701404013123
 0.7206507971649388
 0.735542936012609
 0.7496377361424891
 0.7905690711771914
 0.740283608577749
 0.7269264844191734
 0.7364477285059201
 0.7572175838979713
 0
 0
 0
 0
 0
 0
 0
 0
 0
 0
 0
 0
 0
 0
 0
 0
 0
 0
 0
 0
 0
 0
 0
 0
 0
 0
 0
 0
 0
 0
 0
 0
 0
 0
 0
 0
 0
 0
 0
 0
 0
 0
 0
 0
 0
 0
 0
 0
 0
 0
 0
 0
 0
 0
 0
 0
 0
 0
 0
 0
 0
 0
 0
 0
 0
 0
 0
 0
 0
 0
 0
 0
 0
 0
 0
 0
 0
 0
 0
 0
 0
 0
 0
 0
 0
 0
 0
 0
 0
 0
 0
 0
 0
 0
 0
 0
 0
 0
 0
 0
 0
 0
 0
 0
 0
 0
 0
 0
 0
 0
 0
 0
 0
 0
 0
 0
 0
 0
 0
 0
 0
 0
 0
 0
 0
 0
 0
 0
 0
 0
 0
 0
 0
 0
 0
 0
 0
 0
 0
 0
 0
 0
 0
 0
 0
 0
 0
 0
 0
 0
 0
 0
 0.9999845420470985
 0.9999999752854553
 0.9999999999975975
 0.9999999999999988
 0.9999996182059847
 0.9999996035569916
 0.9999999799284025
 0.9999964986563005
 0.9971960173597544
 0.9960557135446899
 0.9895200449730036
 0.9837230252765151
 0.984489125529684
 0.9749773246247484
 0.9734986345197454
 0.9752478225287727
 0.9735460632775388
 0.9673493638213566
 0.9596379497166904
 0.9628204932523172
 0.9604473345142788
 0.9602895008860294
 0.9527267078931225
 0.9516728368451496
 0.9495339761370443
 0.9509895601442822
 0.9585890645803388
 0.9447089519417239
 0
 0
 0
 0
 0
 0
 0
 0
 0
 0
 0
 0
 0
 0
 0
 0
 0
 0
 0
 0
 0
 0
 0
 0
 0
 0
 0
 0
 0
 0
 0
 0
 0
 0
 0
 0
 0
 0
 0
 0
 0
 0
 0
 0
 0
 0
 0
 0
 0
 0
 0
 0
 0
 0
 0
 0
 0
 0
 0
 0


