# Created by Octave 3.8.2, Fri Nov 20 23:52:10 2015 CET <dkottke@snake2>
# name: mus
# type: matrix
# ndims: 3
 1 30 19
 0
 0
 0.4937343358395991
 0.6641414141414141
 0.4962025316455698
 0.5820707070707074
 0.5814536340852132
 0.6683673469387755
 0.662247474747475
 0.6692307692307694
 0.6748737373737372
 0.6666666666666665
 0.7694871794871798
 0.7914540816326531
 0.773076923076923
 0.796875
 0.8593350383631716
 0.8636363636363636
 0.87468671679198
 0.8552631578947368
 0.8746867167919801
 0.8636363636363635
 0.8681443591929525
 0.8619791666666667
 0.8666666666666667
 0.856923076923077
 0.8665223665223666
 0.8596938775510204
 0.865298120170684
 0.8666666666666669
 0
 0
 1
 0
 0.4
 0.4
 0.9
 0.8
 0.5
 0.6
 0.6
 0.6
 0.4
 0.5333333333333333
 0.5333333333333333
 0.4333333333333333
 0.35
 0.4
 0.4666666666666666
 0.45
 0.51
 0.49
 0.53
 0.58
 0.48
 0.6066666666666667
 0.6
 0.6133333333333333
 0.6533333333333333
 0.5333333333333333
 0
 0
 1
 0.5234011659625954
 0.5125356506279655
 0.7113316114682919
 0.5972705192095822
 0.6480581243558469
 0.6590779479458844
 0.5472937652175861
 0.4829499844489145
 0.5958330595732546
 0.3932847881423994
 0.6193612253159035
 0.6001064003154669
 0.4947087434263568
 0.5736743754672269
 0.5366877356702975
 0.4705715789321118
 0.5361914806505825
 0.5145023114843502
 0.5426261720688048
 0.5290509988956571
 0.5502949321956545
 0.5284168941758765
 0.566496924814178
 0.5598816956086438
 0.64453018067595
 0.5584745288253916
 0.6039405557003104
 0
 0
 1
 0.3159993198609126
 0.6591787447613549
 0.5846994826150183
 0.7765467773109612
 0.7173107482184305
 0.6728281156165827
 0.669698317609723
 0.6084509661683744
 0.6294703574813345
 0.5553247347175743
 0.5744007052672071
 0.6253756762160568
 0.5856229770919514
 0.4965944361463844
 0.4608704373780045
 0.5193615189522767
 0.5449447820979798
 0.504639329334187
 0.5680848196372892
 0.5017700604425931
 0.5835385872469193
 0.4788974848196342
 0.5128522073846172
 0.4947598506964852
 0.5676159184822888
 0.5311389077831209
 0.5838605652952431
 0
 0
 1
 0
 0.4
 0.5
 0.8571428571428571
 0.625
 0.3333333333333333
 0.6
 0.6363636363636364
 0.5833333333333334
 0.4615384615384616
 0.6666666666666666
 0.6
 0.6666666666666666
 1
 1
 0
 1
 0
 0
 1
 0
 0
 1
 0
 0
 0
 1
 0
 0
 1.000000000035511
 0.3333666683677073
 0.4625093757715087
 0.4833333334356181
 0.9202380959268882
 0.6767857176061388
 0.4598230340116042
 0.5429563653915781
 0.6537878867737368
 0.5878788295902029
 0.4893939643497749
 0.640236960082327
 0.5982831681260752
 0.645301919796307
 0.7067884433012909
 0.6322404648355516
 0.3196397899296481
 0.6750333255125701
 0.3701894008531145
 0.3263994357562848
 0.7364221155036991
 0.4077548298221638
 0.3906551744359757
 0.7223884016897513
 0.09376374879763702
 0.2916942211361895
 0.4167151159760839
 0.6685880234732176
 0
 0
 1
 0.6436286770702108
 0.6506842342408613
 0.6631593500993992
 0.7510907161029453
 0.7319808572663116
 0.6842523047425707
 0.6877760606794875
 0.6309774544056262
 0.6531514315723033
 0.6535779243296136
 0.6614161620390234
 0.6425703773391329
 0.6628341509845116
 0.6297538939320426
 0.6283394361838195
 0.6377170620599694
 0.6318862311540422
 0.6721252088855465
 0.7474153181929079
 0.6454215152070815
 0.6878720991201154
 0.714041325081566
 0.6496466233897634
 0.7177527824234662
 0.7097738987750986
 0.683390894790035
 0.7162029234249895
 0
 0
 1
 0.3425550877166082
 0.6038156796796266
 0.5558561339370214
 0.7016894454711051
 0.7376910340207937
 0.6754028626503712
 0.6540265088811523
 0.5863470273710875
 0.6606124291106313
 0.5100025364411673
 0.5399301336084983
 0.5725993286678036
 0.5946258904027455
 0.5288961062462052
 0.5053683645111426
 0.4897757960943706
 0.5082898700996091
 0.5092379248854276
 0.5494342753286368
 0.5160561484974888
 0.5387135061132871
 0.531243561842993
 0.5508780240681961
 0.524656689825837
 0.5399289117873002
 0.5917640950493638
 0.6090766843206422
 0
 0
 1
 1
 1
 1
 1
 1
 1
 1
 1
 1
 1
 1
 1
 1
 1
 1
 1
 1
 1
 1
 1
 1
 1
 1
 1
 1
 1
 1
 0
 0
 1.000000000024633
 0.333366664179867
 0.4400115385342697
 0.4595572608937458
 0.8502082216751101
 0.8220604873448636
 0.5007614097415445
 0.5583098663796731
 0.5028836303051994
 0.5841815167681002
 0.4432042194685145
 0.4786908053453998
 0.5785541591235935
 0.6296270503574828
 0.5089587398237199
 0.6445845012734562
 0.4941015747370774
 0.4239965387187333
 0.5668257254092445
 0.4757274252482487
 0.5766295101896959
 0.5650181697839955
 0.6855762005313071
 0.5008332986455351
 0.3647606640415246
 0.5875335106544847
 0.9920124730753059
 0.2990395075561228
 0
 0
 1
 0.6996646208564254
 0.7101588094514855
 0.6679794542610639
 0.7986201661620629
 0.8415429107456659
 0.6922811285051009
 0.7075590231456044
 0.7196921538887218
 0.7091408855158573
 0.6394134936408001
 0.6955197985016903
 0.6109979928889524
 0.7471752402460264
 0.6496805605854102
 0.7630951919833668
 0.6002942578048089
 0.7832296677244197
 0.6698292215673637
 0.7430903252070491
 0.6963754502986116
 0.6691738799102389
 0.7106860237965837
 0.6501964113068324
 0.7021809931639543
 0.6644792837744328
 0.6861332819634605
 0.6807265512288802
 0
 0
 0
 0
 0
 0
 0
 0
 0
 0
 0
 0
 0
 0
 0
 0
 0
 0
 0
 0
 0
 0
 0
 0
 0
 0
 0
 0
 0
 0
 0
 0
 0
 0
 0
 0
 0
 0
 0
 0
 0
 0
 0
 0
 0
 0
 0
 0
 0
 0
 0
 0
 0
 0
 0
 0
 0
 0
 0
 0
 0
 0
 0
 0
 0
 0
 0
 0
 0
 0
 0
 0
 0
 0
 0
 0
 0
 0
 0
 0
 0
 0
 0
 0
 0
 0
 0
 0
 0
 0
 0
 0
 0
 0
 0
 0
 0
 0
 0
 0
 0
 0
 0
 0
 0
 0
 0
 0
 0
 0
 0
 0
 0
 0
 0
 0
 0
 0
 0
 0
 0
 0
 0
 0
 0
 0
 0
 0
 0
 0
 0
 0
 0
 0
 0
 0
 0
 0
 0
 0
 0
 0
 0
 0
 0
 0
 0
 0
 0
 0
 0
 0
 1
 1
 1
 1
 1
 1
 1
 1
 1
 1
 1
 1
 1
 1
 1
 1
 1
 1
 1
 1
 1
 1
 1
 1
 1
 1
 1
 1
 0
 0
 0
 0
 0
 0
 0
 0
 0
 0
 0
 0
 0
 0
 0
 0
 0
 0
 0
 0
 0
 0
 0
 0
 0
 0
 0
 0
 0
 0
 0
 0
 0
 0
 0
 0
 0
 0
 0
 0
 0
 0
 0
 0
 0
 0
 0
 0
 0
 0
 0
 0
 0
 0
 0
 0
 0
 0
 0
 0


