# Created by Octave 3.8.2, Sat Nov 21 00:11:44 2015 CET <dkottke@snake7>
# name: mus
# type: matrix
# ndims: 3
 1 30 19
 0
 0
 0.9197994987468677
 0.9063545150501672
 0.8803347280334737
 0.907872696817421
 0.9214703425229747
 0.9312080536912751
 0.9331662489557216
 0.9201680672268912
 0.9474562135112586
 0.9486531986531989
 0.9462792642140458
 0.9159663865546217
 0.9139240506329109
 0.9121621621621622
 0.9128571428571423
 0.9322390572390569
 0.9440267335004173
 0.9322033898305088
 0.9314954051796155
 0.9320987654320987
 0.9339464882943148
 0.9328231292517009
 0.9336170212765963
 0.9423076923076917
 0.9486531986531985
 0.9461451247165533
 0.9470142977291838
 0.9461538461538459
 0
 0
 0.6666666666666666
 1
 0.6
 0.6
 0.8
 1
 1
 0.9
 0.9333333333333332
 0.9
 0.9333333333333333
 1
 0.9333333333333332
 0.9333333333333332
 0.95
 1
 0.95
 1
 1
 1
 1
 1
 1
 1
 0.96
 0.9666666666666668
 0.96
 0.9666666666666668
 0
 0
 0.7866593113953617
 0.8604450896920657
 0.7825684602610989
 0.8474570179215807
 0.7682695412206362
 0.86851892376366
 0.907915610926324
 0.9329952207641729
 0.9062354504404306
 0.8992012974626713
 0.9502731827054868
 0.9317353947309215
 0.9362471379999721
 0.943895490361956
 0.9743550221890003
 0.9734213180638093
 0.9668632256996597
 0.9749951620346328
 0.9773559929256531
 0.9736668557686972
 0.9760060882218285
 0.97813626405471
 0.9693415976246085
 0.979666950653445
 0.9682707786873345
 0.9738507804527038
 0.9690798097977478
 0.9786879866923321
 0
 0
 0.7201532136174086
 0.7851283066415995
 0.6540240389492937
 0.7158049301253361
 0.7196488096729688
 0.8091446030485878
 0.865721227103676
 0.8992252488640581
 0.8509684947262411
 0.8921504210211554
 0.9207635224377378
 0.8933583501716377
 0.9088993890517351
 0.9222923119179544
 0.934769039240734
 0.9255870078738476
 0.9308868895219164
 0.9288411410840467
 0.9255247461967674
 0.9246482263957286
 0.9309082986119416
 0.939117979358953
 0.942261133926988
 0.9495412975593216
 0.928656597734401
 0.9376880331884015
 0.9367687413943083
 0.9366891115351306
 0
 0
 0.3333333333333333
 1
 0.4
 0.8333333333333334
 0.8571428571428571
 0.875
 1
 0.9
 0.9090909090909091
 1
 1
 1
 1
 1
 1
 1
 1
 1
 1
 1
 1
 1
 1
 1
 1
 1
 1
 1
 0
 0
 0.3333333333332511
 0.8658161544230273
 0.6456119438914159
 0.9040963082723836
 0.9081136698876073
 0.8287045453116013
 0.9722580746684302
 0.9221223720941998
 0.9562235371716882
 0.9317669734530066
 0.8478265537759522
 0.8787952177990381
 0.8995851708408439
 0.9872656202178484
 0.9905901799184845
 0.9137107960550751
 0.9812639803346055
 0.8879003103375084
 0.8406434336011427
 0.9338970990992683
 0.8625790152683784
 0.9970088687249647
 0.9972510461823837
 0.9004647072101141
 0.8774136987177305
 0.9021845375864923
 0.9935821748382394
 0.8892848233032271
 0
 0
 0.5785862941142949
 0.6995347361955204
 0.7332272156121802
 0.8078334873008115
 0.7869132152688095
 0.9143652240950039
 0.8342148755097976
 0.8647014122756668
 0.9311356408150792
 0.8625466661729571
 0.9167465476915365
 0.8647552397403145
 0.8568288349510735
 0.8808639941281304
 0.917951067341427
 0.9112444748687508
 0.9082669973049196
 0.8988897736637886
 0.9249621149690067
 0.924286498125806
 0.9335591419297734
 0.9159014304209968
 0.8883839462390324
 0.909973425020456
 0.9206840523131731
 0.9165631395944795
 0.9692258917679165
 0.9303664668360314
 0
 0
 0.7194174056595829
 0.7331568330089192
 0.7358442250582138
 0.7354289405579671
 0.7569480684410215
 0.7909650351836501
 0.8701098376665219
 0.9000838485542311
 0.8646740521852927
 0.8894538622819188
 0.9121530453966683
 0.8780302826046509
 0.9059198991926947
 0.9233316492580118
 0.9414060892650039
 0.9351106234278705
 0.9345704971237594
 0.9381173366908765
 0.9271375663875254
 0.9331008979197933
 0.9432756305093022
 0.9523092856210797
 0.9548543001577076
 0.9627169792425475
 0.9415609009691635
 0.9444317166785542
 0.9457237685456965
 0.9496070516650841
 0
 0
 0.9999966385505474
 0.9999999999997196
 0.9999999993881526
 0.9999999999696014
 1
 0.9999999999999847
 0.9999999999999993
 0.9999999999999994
 0.9999999998639015
 0.9984469639175499
 0.9921347264584192
 0.9855278555302752
 0.979224531982945
 0.9812218210319604
 0.9708014886555946
 0.9776202338021523
 0.9666247228078104
 0.9581557559055686
 0.9595792553499037
 0.9664250277071057
 0.9543862224542299
 0.962126788461743
 0.9615285707428236
 0.9543298313307842
 0.9566656930239275
 0.9440089718545555
 0.9436229459404483
 0.9418299322004883
 0
 0
 0.3333333333333302
 0.7800862070845005
 0.7079374716116478
 0.9131825325829713
 0.9468346141056588
 0.9822932565799798
 0.8714146342821096
 0.9390845378260536
 0.9249317146054103
 0.9048395460910056
 0.9657391560588008
 0.9042004061284993
 0.8948984385215684
 0.9658643626460991
 0.9860674922793391
 0.9223755824048921
 0.9234326837465158
 0.9919242228273396
 0.9921939930851859
 0.9258763063665428
 0.9328355877256282
 0.9950442694733346
 0.9955222247326628
 0.9549000976940049
 0.9340364095835538
 0.9405620579974295
 0.9415532650306349
 0.9415527356403988
 0
 0
 0.5785862941142949
 0.6972768100786876
 0.7008461544948549
 0.853431732111304
 0.7460332293167375
 0.9150392585748675
 0.8259199406339677
 0.939198394382838
 0.9502052561199591
 0.8496193236891546
 0.854887204788651
 0.8473450675818972
 0.8940361220891695
 0.8596612570643342
 0.8950372844094606
 0.8801500465187382
 0.906824025676786
 0.8977475467063876
 0.9327535972221715
 0.9560708005650824
 0.9685461055480731
 0.912690152680296
 0.9803440708086545
 0.9242765996309387
 0.8993272120078687
 0.9131657863706752
 0.9120759190184169
 0.9484646389658079
 0
 0
 0
 0
 0
 0
 0
 0
 0
 0
 0
 0
 0
 0
 0
 0
 0
 0
 0
 0
 0
 0
 0
 0
 0
 0
 0
 0
 0
 0
 0
 0
 0
 0
 0
 0
 0
 0
 0
 0
 0
 0
 0
 0
 0
 0
 0
 0
 0
 0
 0
 0
 0
 0
 0
 0
 0
 0
 0
 0
 0
 0
 0
 0
 0
 0
 0
 0
 0
 0
 0
 0
 0
 0
 0
 0
 0
 0
 0
 0
 0
 0
 0
 0
 0
 0
 0
 0
 0
 0
 0
 0
 0
 0
 0
 0
 0
 0
 0
 0
 0
 0
 0
 0
 0
 0
 0
 0
 0
 0
 0
 0
 0
 0
 0
 0
 0
 0
 0
 0
 0
 0
 0
 0
 0
 0
 0
 0
 0
 0
 0
 0
 0
 0
 0
 0
 0
 0
 0
 0
 0
 0
 0
 0
 0
 0
 0
 0
 0
 0
 0
 0
 0.9999993724717928
 0.9999999829862238
 0.9999999997667075
 0.9999999942292531
 0.9999842372479505
 0.9999999409351339
 0.9999999819491353
 0.9999999865326907
 0.9999999935628285
 0.9966255096045017
 0.9944947380938143
 0.9879895009014662
 0.9788132400284886
 0.974632991069644
 0.9653267933433141
 0.973328065439961
 0.9693581439214379
 0.9589519203724705
 0.9686921656285598
 0.9588421628576781
 0.9464145322514371
 0.9539700017165624
 0.9537433459538438
 0.9587895625995543
 0.9446797636118394
 0.9563320557929912
 0.9505052938737447
 0.9585727227338996
 0
 0
 0
 0
 0
 0
 0
 0
 0
 0
 0
 0
 0
 0
 0
 0
 0
 0
 0
 0
 0
 0
 0
 0
 0
 0
 0
 0
 0
 0
 0
 0
 0
 0
 0
 0
 0
 0
 0
 0
 0
 0
 0
 0
 0
 0
 0
 0
 0
 0
 0
 0
 0
 0
 0
 0
 0
 0
 0
 0


