# Created by Octave 3.8.2, Fri Nov 20 21:39:23 2015 CET <dkottke@snake7>
# name: mus
# type: matrix
# ndims: 3
 1 30 19
 0
 0
 0.6967167501391218
 0.6982182628062361
 0.6713091922005574
 0.6744704570791527
 0.7165091717620918
 0.7142857142857143
 0.7308766052484634
 0.7279329608938546
 0.7291052505776434
 0.7304250559284118
 0.7317911557041989
 0.7328404017857145
 0.7299719887955177
 0.7310267857142857
 0.6256209150326797
 0.6010101010101013
 0.5868661014237722
 0.5882022471910112
 0.5889075630252103
 0.6744606559421374
 0.6630434782608701
 0.6627252252252253
 0.6664788732394368
 0.69156447417317
 0.6896745230078563
 0.6690848214285715
 0.6796440489432704
 0.6932203389830508
 0
 0
 0.6666666666666666
 1
 1
 1
 0.7
 0.8
 0.8
 0.9
 0.9333333333333332
 0.9333333333333332
 0.9
 0.9333333333333332
 0.9333333333333332
 0.7999999999999999
 0.7833333333333333
 0.7166666666666666
 0.6666666666666667
 0.7
 0.78
 0.72
 0.64
 0.62
 0.6
 0.5866666666666667
 0.6266666666666667
 0.62
 0.58
 0.7
 0
 0
 0.6515232816714361
 0.8889616417727765
 0.9388950126465727
 0.9728286619953921
 0.8072032295572898
 0.847026824763489
 0.8141565557044042
 0.9195099821758304
 0.8637418483729871
 0.8584092591043591
 0.8830413129803023
 0.8811902576636363
 0.8988006141281617
 0.8149458180393343
 0.7925382308519056
 0.6936822953118396
 0.7268659899402996
 0.7287915864056912
 0.6951002338525307
 0.6560647437507885
 0.7075297862366923
 0.7067502248732498
 0.6511300650199511
 0.653783756862687
 0.6275156665253443
 0.6747167936904446
 0.7300947803435882
 0.6992969891862562
 0
 0
 0.7222305547334588
 0.9910750002138308
 0.9950000028393062
 1
 0.7889437073330809
 0.8151392761509233
 0.9239058518589021
 0.9253004083559135
 0.9438112415078649
 0.9492901608429372
 0.9457117688237859
 0.96122909517156
 0.9532969212870201
 0.8988413387631555
 0.7470011366739744
 0.6938242986176703
 0.7787965348121595
 0.7666461842259431
 0.7338220466724603
 0.6910039477020044
 0.6938568084484367
 0.6665508426492681
 0.6581189483495522
 0.7038422046614764
 0.6668317861864161
 0.7598886809466791
 0.76570303103521
 0.7752914183917993
 0
 0
 0.6666666666666666
 1
 1
 1
 0.5714285714285714
 0.5
 0.8888888888888888
 1
 1
 0.75
 0.9230769230769231
 1
 1
 1
 0
 1
 0
 1
 1
 0
 1
 1
 1
 0
 0
 1
 1
 1
 0
 0
 0.9999999999937462
 1.238100000356362
 1.20000003521803
 1.200000000235475
 0.6880954309437495
 0.705657259611297
 0.9156746059206499
 0.9980158760002534
 1.036363654711522
 0.8342178695959043
 0.9520979999795147
 0.9948647424048598
 0.9976293650875152
 1.00141996063286
 0.5586663997696999
 0.8768094714093448
 0.5570203642761505
 0.9344777423799461
 0.8621763794060056
 0.4236297709267278
 0.6781542365190621
 0.8757905780521399
 0.5314466191325199
 0.5833528742836416
 0.6354194732953355
 0.8274177917885249
 0.7916688673911844
 0.9109440048325548
 0
 0
 0.3678794411714423
 0.8173873941650137
 0.9396973795733625
 0.9256294827599791
 0.8892071083241349
 0.848976532529204
 0.8064443299193325
 0.9011558137842227
 0.8409388696438667
 0.8351356411558672
 0.8798363435781432
 0.9685132488973025
 0.889163008410362
 0.7972236826736633
 0.8100663887224352
 0.72765462156662
 0.7086643309338474
 0.7329182932974252
 0.7383930430434318
 0.7222647276515188
 0.7199122721518174
 0.7281805981789262
 0.7004178571951087
 0.6843630509972385
 0.6192619936303727
 0.787917146205168
 0.7556926474595064
 0.73767317085841
 0
 0
 0.7222305547489595
 0.9441205164662865
 0.9593700137903469
 0.997313539917053
 0.8326896701302544
 0.8428088794372085
 0.8792838213603955
 0.9148870264152478
 0.9135482492056064
 0.9372576730066906
 0.9482689756066053
 0.9566739329934277
 0.9601726747370463
 0.8901551530252286
 0.8052152731835441
 0.7586998992082939
 0.7858807797778966
 0.7803300781555943
 0.7524266350170271
 0.6735015570173166
 0.7043861125687082
 0.6628350033387118
 0.6727606527740011
 0.6923447347323103
 0.6706833057021681
 0.7286407644597545
 0.7507069572345499
 0.7328424787017198
 0
 0
 1
 1
 1
 1
 1
 1
 1
 1
 1
 1
 1
 1
 1
 1
 1
 1
 1
 1
 1
 1
 1
 1
 1
 1
 1
 1
 1
 1
 0
 0
 0.9999999999806977
 1.175446491519541
 1.150774406749981
 1.362003454972516
 0.9116168553435149
 0.7835248793889724
 0.7731910221414627
 0.876578659628179
 0.8510114994851227
 0.8906429046773987
 0.9418442392677825
 0.9045503626324706
 0.9545109656807209
 0.811725703572493
 0.7620761251498318
 0.6799203313394098
 0.8956878505898038
 0.905460887854555
 0.6924550707235663
 0.6098247120395508
 0.6487192826780771
 0.6036598083430733
 0.5548892382107815
 0.7055122503627065
 0.8694380717950329
 0.5978732756525384
 0.9921505777966086
 0.985694033796274
 0
 0
 0.3678794411714423
 0.8173873945384111
 0.9342281420391549
 0.8796549781155963
 0.8715799147271184
 0.9373840046345321
 0.8171818598480254
 0.9424496394135362
 0.8681782381289983
 0.8462110412056824
 0.9493620710121454
 1.030871592117891
 0.854223449460243
 0.7682520529376831
 0.9958212856175537
 0.7089216146914311
 0.6662137998392819
 0.7499869087791117
 0.7595230983102463
 0.70947205647139
 0.7683424227438986
 0.7956711053194414
 0.7298709221993376
 0.7092524173289664
 0.6754133774034464
 0.7188075069259527
 0.7457329632894937
 0.7499215607446029
 0
 0
 0
 0
 0
 0
 0
 0
 0
 0
 0
 0
 0
 0
 0
 0
 0
 0
 0
 0
 0
 0
 0
 0
 0
 0
 0
 0
 0
 0
 0
 0
 0
 0
 0
 0
 0
 0
 0
 0
 0
 0
 0
 0
 0
 0
 0
 0
 0
 0
 0
 0
 0
 0
 0
 0
 0
 0
 0
 0
 0
 0
 0
 0
 0
 0
 0
 0
 0
 0
 0
 0
 0
 0
 0
 0
 0
 0
 0
 0
 0
 0
 0
 0
 0
 0
 0
 0
 0
 0
 0
 0
 0
 0
 0
 0
 0
 0
 0
 0
 0
 0
 0
 0
 0
 0
 0
 0
 0
 0
 0
 0
 0
 0
 0
 0
 0
 0
 0
 0
 0
 0
 0
 0
 0
 0
 0
 0
 0
 0
 0
 0
 0
 0
 0
 0
 0
 0
 0
 0
 0
 0
 0
 0
 0
 0
 0
 0
 0
 0
 0
 0
 1
 1
 1
 1
 1
 1
 1
 1
 1
 1
 1
 1
 1
 1
 1
 1
 1
 1
 1
 1
 1
 1
 1
 1
 1
 1
 1
 1
 0
 0
 0
 0
 0
 0
 0
 0
 0
 0
 0
 0
 0
 0
 0
 0
 0
 0
 0
 0
 0
 0
 0
 0
 0
 0
 0
 0
 0
 0
 0
 0
 0
 0
 0
 0
 0
 0
 0
 0
 0
 0
 0
 0
 0
 0
 0
 0
 0
 0
 0
 0
 0
 0
 0
 0
 0
 0
 0
 0


