# Created by Octave 3.8.2, Fri Nov 20 22:15:00 2015 CET <dkottke@snake3>
# name: mus
# type: matrix
# ndims: 3
 1 30 19
 0
 0
 0.6618357487922706
 0.875
 0.9707317073170733
 0.9558823529411765
 0.9655172413793105
 0.9182692307692307
 0.9420289855072465
 0.9199999999999999
 0.9330143540669856
 0.9215686274509804
 0.9278846153846154
 0.913265306122449
 0.9692307692307693
 0.9711538461538461
 0.9616013071895426
 0.9696969696969698
 0.9712918660287081
 0.97
 0.9682539682539681
 0.9696969696969698
 0.9710144927536233
 0.9618055555555557
 0.965
 0.9663461538461539
 0.9614512471655329
 0.9642857142857143
 0.9655172413793104
 0.9611111111111112
 0
 0
 1
 0.25
 0.4
 0.7
 0.5
 1
 1
 0.9
 0.8
 1
 1
 1
 0.9333333333333333
 0.8666666666666666
 0.8833333333333334
 0.8833333333333332
 0.95
 1
 1
 1
 1
 1
 1
 1
 1
 0.9666666666666668
 0.9666666666666668
 0.9666666666666668
 0
 0
 1
 0.5851708832687591
 0.6022370633221661
 0.7022153149736217
 0.7144922142624348
 0.8680983410484908
 0.8965429352050593
 0.9121281217838509
 0.9111546291619903
 0.9310466039416296
 0.978869112747731
 0.9781085620482933
 0.9207501415659783
 0.9319702302059396
 0.9535474867559987
 0.9532560943604469
 0.9599639768319044
 0.9650823051860749
 0.9913091018745346
 0.9607656664873622
 0.993088252111059
 0.98589792991193
 0.9930597180809732
 0.9771256634783876
 0.9823312215683424
 0.9770214935792331
 0.9886777916768476
 0.9897208352998274
 0
 0
 0.9999999999795727
 0.4857547552982088
 0.4943925315539597
 0.5945949481039112
 0.5957351628752745
 0.8738271919775602
 0.8892717518472506
 0.8925025528042489
 0.9086743231795157
 0.9706477660764674
 0.9765801358550814
 0.9759043983071749
 0.9223674357154928
 0.9298622352127013
 0.9384741789434127
 0.9410472633608354
 0.9391415374782855
 0.9693215461885933
 0.9757106649122935
 0.9793977178877645
 0.9802702016215147
 0.9778227692564364
 0.9740074281558597
 0.9821996729445706
 0.9820221230625517
 0.9788195008508883
 0.9800832849739395
 0.9772451104818822
 0
 0
 1
 0.5
 0
 0.8333333333333334
 0.7142857142857143
 1
 0.8888888888888888
 0.9
 1
 1
 1
 1
 0.8
 1
 0.5
 1
 1
 1
 1
 1
 1
 1
 1
 1
 1
 1
 1
 1
 0
 0
 0.9999999999880804
 0.4859899485082294
 0.1719578940642105
 0.7413179605916476
 0.6643505635989527
 0.9023849925880817
 0.8965096076021539
 0.9058193115508429
 0.9612585426626201
 0.9674348060117917
 0.9913417478868647
 0.9932209457470731
 0.8833110072267046
 0.9457186760039775
 0.8808997351443685
 0.9599806552037565
 0.907149421290672
 0.953560115626027
 0.986430327170934
 0.9964300176396027
 0.9874913449579905
 0.9905470125287141
 0.952965818144227
 0.9724608916923967
 0.987707400469553
 0.9907991921800765
 0.9703962805748289
 0.9641183551845562
 0
 0
 1
 0.7425453583541186
 0.6804377047156931
 0.6258703737499409
 0.7797124909197638
 0.7624614277107499
 0.8611781853572874
 0.8938783474255529
 0.8961966230041634
 0.8912471983415102
 0.9477967905926095
 0.9371386185097628
 0.9164958793054935
 0.9256897307214383
 0.9193104115447684
 0.9272065066883629
 0.9200507770219486
 0.9206358260668793
 0.9390116920759275
 0.9367556422734474
 0.9639177835697433
 0.9460030299563489
 0.9581165317976438
 0.9533334385349618
 0.9780445171265133
 0.9584786499034885
 0.958133281508038
 0.9244051405129037
 0
 0
 0.9999999999916673
 0.5022497451885634
 0.4447515876764133
 0.5826571266084951
 0.5823665685032001
 0.7418088019826394
 0.8407159333520567
 0.8588463844332169
 0.8722277025479253
 0.9180768830354743
 0.921746714535185
 0.9219176937437722
 0.8778232818784103
 0.8814441118290973
 0.884679966117657
 0.8943247165558907
 0.8904503944668954
 0.9046694149122544
 0.9236786638543695
 0.9279472588102337
 0.9194606773870038
 0.9202289963781151
 0.9402565276976869
 0.9279403110974905
 0.9214060827441142
 0.9105085207728536
 0.9260154355038499
 0.9291983042669513
 0
 0
 0.9280290495043845
 0.9344041201033626
 0.9509484420327301
 0.9291943651336685
 0.9277707949242793
 0.9375566909040347
 0.9395695448043145
 0.9044654000045176
 0.9398691214245678
 0.9242582657719203
 0.9125026360396969
 0.9042497091186508
 0.9188311994579226
 0.9081140274846186
 0.9168951629889099
 0.9178609869396781
 0.9127511464567597
 0.8992561345511436
 0.9067919977546669
 0.8958993626510726
 0.899811255439592
 0.9070645052798201
 0.9180853138859646
 0.9037284104965132
 0.9018983236193715
 0.9021149878267223
 0.8966547677383044
 0.9031136481174168
 0
 0
 0.999999999994072
 0.5207885771276104
 0.2599433266749857
 0.6316344859772062
 0.6877481902872893
 0.8745809824334307
 0.9552627957948137
 0.9260186898237899
 0.9550358189440493
 0.9769068979498546
 0.9812281562779285
 0.9766705289399336
 0.9151163432538986
 0.919395406429165
 0.9301646556428331
 0.9393679113575322
 0.9426694898461467
 0.9903645730426498
 0.9969606981062354
 0.9975944443506251
 0.9944135722912996
 0.9880959707023164
 0.9607651786463419
 0.9921680611672333
 0.9951065355896256
 0.9693401861884331
 0.9906297681403494
 0.992472140459703
 0
 0
 1
 0.7537500140618395
 0.7651974852845367
 0.6896420488254398
 0.7601781167228852
 0.6911463061196153
 0.8786954237482993
 0.8528419663293281
 0.8239439084844231
 0.8505630992231152
 0.962782107132697
 0.9526564413995345
 0.8645455708236858
 0.8715891195707431
 0.9679098286332378
 0.9554411963136848
 0.913059242091365
 0.9065082194034499
 0.9789735899736189
 0.9781353512394924
 0.9186882532994967
 0.9568808749914245
 0.9739307522764606
 0.9542180831855744
 0.9294474925412136
 0.9895482853789367
 0.9938216004613897
 0.9938991716109664
 0
 0
 0
 0
 0
 0
 0
 0
 0
 0
 0
 0
 0
 0
 0
 0
 0
 0
 0
 0
 0
 0
 0
 0
 0
 0
 0
 0
 0
 0
 0
 0
 0
 0
 0
 0
 0
 0
 0
 0
 0
 0
 0
 0
 0
 0
 0
 0
 0
 0
 0
 0
 0
 0
 0
 0
 0
 0
 0
 0
 0
 0
 0
 0
 0
 0
 0
 0
 0
 0
 0
 0
 0
 0
 0
 0
 0
 0
 0
 0
 0
 0
 0
 0
 0
 0
 0
 0
 0
 0
 0
 0
 0
 0
 0
 0
 0
 0
 0
 0
 0
 0
 0
 0
 0
 0
 0
 0
 0
 0
 0
 0
 0
 0
 0
 0
 0
 0
 0
 0
 0
 0
 0
 0
 0
 0
 0
 0
 0
 0
 0
 0
 0
 0
 0
 0
 0
 0
 0
 0
 0
 0
 0
 0
 0
 0
 0
 0
 0
 0
 0
 0
 0.9917826988796369
 0.9222348418127325
 0.9529202370671208
 0.924081309701783
 0.927839470657115
 0.923953273844099
 0.9308639782616643
 0.9246062279559146
 0.9040635894029712
 0.9184612250884417
 0.9371739535899934
 0.9216457160505725
 0.9131777948700749
 0.916946107964928
 0.9073920688287872
 0.9050801062616181
 0.901446235207978
 0.9132851686429001
 0.9100148784500263
 0.9077250253862987
 0.8949567061119958
 0.8976298157944279
 0.9128279119626874
 0.9031036341415578
 0.9042509887034025
 0.9071625506677646
 0.9013988643799583
 0.9024589267649726
 0
 0
 0
 0
 0
 0
 0
 0
 0
 0
 0
 0
 0
 0
 0
 0
 0
 0
 0
 0
 0
 0
 0
 0
 0
 0
 0
 0
 0
 0
 0
 0
 0
 0
 0
 0
 0
 0
 0
 0
 0
 0
 0
 0
 0
 0
 0
 0
 0
 0
 0
 0
 0
 0
 0
 0
 0
 0
 0
 0


