# Created by Octave 3.8.2, Fri Nov 20 21:57:28 2015 CET <dkottke@snake6>
# name: mus
# type: matrix
# ndims: 3
 1 30 19
 0
 0
 0.5822890559732661
 0.6413043478260869
 0.4853556485355649
 0.7345058626465658
 0.7206906154274569
 0.738255033557047
 0.7025898078529654
 0.7016806722689072
 0.7264386989157632
 0.7205387205387205
 0.7161371237458191
 0.7307563025210084
 0.7713080168776368
 0.7956081081081081
 0.8489915966386552
 0.8282828282828282
 0.8003341687552211
 0.7813559322033897
 0.7761069340016707
 0.7730078563411894
 0.7504180602006691
 0.7551020408163265
 0.7319148936170214
 0.7474916387959867
 0.7310606060606062
 0.86890589569161
 0.8749904426943953
 0.9042735042735038
 0
 0
 0.6666666666666666
 1
 0.8
 0.8
 0.7
 0.8
 0.7
 0.8
 0.7
 0.7666666666666666
 0.7666666666666667
 0.7999999999999999
 0.6
 0.6833333333333332
 0.5833333333333333
 0.6666666666666666
 0.7333333333333333
 0.7
 0.8699999999999999
 0.7699999999999999
 0.74
 0.78
 0.8
 0.74
 0.8866666666666667
 0.86
 0.72
 0.8
 0
 0
 0.6839397205857212
 0.8946465735285737
 0.8193701402256022
 0.8609334770577173
 0.7671689274981479
 0.7690009036055895
 0.773913182799739
 0.762194956436992
 0.6459995338119959
 0.8136844491898104
 0.722652774765616
 0.7262939014653457
 0.6513028932945486
 0.695946691307469
 0.6377406502789308
 0.685666515500464
 0.7380397018537649
 0.7184644393868471
 0.7389265074557628
 0.7740768545322414
 0.7987795719733736
 0.8233701665590578
 0.8157262286549096
 0.8056568455144808
 0.8313997304525579
 0.7903193674988768
 0.7679934138693427
 0.7969365296956752
 0
 0
 0.8888888889052891
 0.9702500008384785
 0.9325017921993901
 0.9334495932322775
 0.798316976644674
 0.8556338320829088
 0.8197948098058129
 0.8329761214572351
 0.7789592845918731
 0.8797454154930775
 0.8434060572805168
 0.8435905676339003
 0.7919318883239901
 0.7594707233314849
 0.7033071908596668
 0.6829718643919723
 0.7281154257006901
 0.7098340771378625
 0.8287021778913879
 0.8039750651739089
 0.8604775851936589
 0.8578535153793077
 0.8700273236623213
 0.8846686632267279
 0.8961242184436068
 0.8697786930482539
 0.7897656700015929
 0.800126681947501
 0
 0
 0
 1
 1
 0.8333333333333334
 0.7142857142857143
 0.75
 0.6666666666666666
 0.9
 0.3636363636363636
 0.9166666666666666
 0.6923076923076923
 0.7777777777777778
 0.8
 0.6666666666666666
 1
 0
 1
 1
 1
 1
 1
 1
 1
 1
 1
 1
 1
 1
 0
 0
 0.1666916641883888
 1.333333333426449
 1.225000000014812
 0.8916666669149296
 0.7380952391336336
 0.7464285749038432
 0.7242066844793091
 0.9591269920629071
 0.5923653396516061
 0.9325758009351016
 0.7176576912919463
 0.7612046218399731
 0.8034609855042618
 0.6978578267019422
 0.8447315115599823
 0.417618036110276
 0.8042903628878755
 0.7184252391592285
 0.9059351094310155
 0.8121637513958339
 1.035295279436912
 1.040228363190799
 0.7812533734532422
 0.927856910883342
 0.9202424963824302
 0.8022810062297276
 0.8750006623166325
 0.8750015541929553
 0
 0
 0.7892931470571475
 0.6824987198747602
 0.7931392666986317
 0.9364393312520412
 0.8045219903061387
 0.7782709185527287
 0.7635272024422899
 0.8431609570058265
 0.7138650709449135
 0.75507510822865
 0.7604941187995435
 0.8215918328625592
 0.6978498750075364
 0.7636532610824018
 0.7332627231622327
 0.7319167405330691
 0.7094401970029381
 0.7791118439042839
 0.773717729727562
 0.8046646584389097
 0.7987038747252264
 0.8070816875135468
 0.7900791245626219
 0.8723732302099172
 0.8503106501956156
 0.8168488390270898
 0.7630076610143198
 0.8064756198706435
 0
 0
 0.8888888888895828
 0.8137051593705763
 0.8631271769378721
 0.8891145556056684
 0.8469207226778995
 0.8363043484086223
 0.8193180716432168
 0.8511587712502531
 0.7684513299080816
 0.8624020119769615
 0.816818504673156
 0.8221734276315344
 0.7682496228493737
 0.7540974475854159
 0.7178532544283083
 0.7267132304723195
 0.7228155130102343
 0.7297707253015102
 0.8035890255267394
 0.773239134141477
 0.8389094798464374
 0.8370771469020101
 0.8685735956715593
 0.8677028597994775
 0.8883325482589483
 0.8635933351755947
 0.7837612865733145
 0.8028826445980456
 0
 0
 1
 1
 1
 1
 1
 1
 1
 1
 1
 1
 1
 1
 1
 1
 1
 1
 1
 1
 1
 1
 1
 1
 1
 1
 1
 1
 1
 1
 0
 0
 0.1666916641719801
 1.333333333317685
 1.223846397516898
 0.8732299503112279
 0.6781372882358924
 0.8231905950247066
 0.8130937503260586
 0.9200306924094317
 0.7431720104458357
 0.8288343650106471
 0.783896951459122
 0.7957682229650738
 0.7268451154920169
 0.797602645709203
 0.7387109716255581
 0.6460058246369106
 0.6622567594890387
 0.6746578980114027
 0.7181948230001728
 0.7825746538428875
 0.9655657868001859
 0.8908496561583966
 0.9286266986542743
 0.7066573367930625
 0.981996212257627
 0.7478473183615525
 0.9998574632231618
 0.8709976725111266
 0
 0
 0.7892931470571475
 0.6830529520258922
 0.7534433982953077
 0.9471886843253039
 0.7650395764525585
 0.7779359418993744
 0.8451699812484392
 0.7830935996022854
 0.7415393033931459
 0.7800832253594667
 0.8024365644687645
 0.7598674516745659
 0.7648806299877202
 0.809043552456172
 0.7393204512272433
 0.8195215366608681
 0.7389189971709872
 0.8018035672726107
 0.7521183931619208
 0.9260050643435537
 0.8977828584109877
 0.7817137444016132
 0.829028003190147
 0.8341493061431835
 0.853783655936853
 0.9174128124739671
 0.8395087144448931
 0.8971442096579014
 0
 0
 0
 0
 0
 0
 0
 0
 0
 0
 0
 0
 0
 0
 0
 0
 0
 0
 0
 0
 0
 0
 0
 0
 0
 0
 0
 0
 0
 0
 0
 0
 0
 0
 0
 0
 0
 0
 0
 0
 0
 0
 0
 0
 0
 0
 0
 0
 0
 0
 0
 0
 0
 0
 0
 0
 0
 0
 0
 0
 0
 0
 0
 0
 0
 0
 0
 0
 0
 0
 0
 0
 0
 0
 0
 0
 0
 0
 0
 0
 0
 0
 0
 0
 0
 0
 0
 0
 0
 0
 0
 0
 0
 0
 0
 0
 0
 0
 0
 0
 0
 0
 0
 0
 0
 0
 0
 0
 0
 0
 0
 0
 0
 0
 0
 0
 0
 0
 0
 0
 0
 0
 0
 0
 0
 0
 0
 0
 0
 0
 0
 0
 0
 0
 0
 0
 0
 0
 0
 0
 0
 0
 0
 0
 0
 0
 0
 0
 0
 0
 0
 0
 1
 1
 1
 1
 1
 1
 1
 1
 1
 1
 1
 1
 1
 1
 1
 1
 1
 1
 1
 1
 1
 1
 1
 1
 1
 1
 1
 1
 0
 0
 0
 0
 0
 0
 0
 0
 0
 0
 0
 0
 0
 0
 0
 0
 0
 0
 0
 0
 0
 0
 0
 0
 0
 0
 0
 0
 0
 0
 0
 0
 0
 0
 0
 0
 0
 0
 0
 0
 0
 0
 0
 0
 0
 0
 0
 0
 0
 0
 0
 0
 0
 0
 0
 0
 0
 0
 0
 0


