# Created by Octave 3.8.2, Fri Nov 20 22:14:47 2015 CET <dkottke@snake6>
# name: mus
# type: matrix
# ndims: 3
 1 30 19
 0
 0
 0.6618357487922706
 0.8413461538461539
 0.8975609756097563
 0.8872549019607845
 0.8916256157635469
 0.9230769230769231
 0.9468599033816427
 0.95
 0.9377990430622009
 0.9607843137254903
 0.966346153846154
 0.9642857142857143
 0.9641025641025642
 0.9663461538461539
 0.9656862745098039
 0.9646464646464646
 0.9665071770334929
 0.9600000000000002
 0.9629629629629629
 0.9646464646464646
 0.966183574879227
 0.9618055555555555
 0.9575
 0.9663461538461539
 0.9629629629629629
 0.9642857142857144
 0.9704433497536946
 0.9722222222222222
 0
 0
 1
 0.5
 0.8
 0.9
 0.8
 1
 1
 1
 0.8
 0.8666666666666666
 0.9333333333333332
 0.9
 0.9333333333333332
 0.95
 0.9333333333333332
 0.95
 0.95
 1
 1
 1
 0.9099999999999999
 0.9199999999999999
 0.9199999999999999
 0.9266666666666667
 0.9199999999999999
 0.9333333333333333
 0.9266666666666665
 0.9
 0
 0
 1
 0.6288686112938393
 0.7320358500618072
 0.7763927274892177
 0.8570203497887786
 0.9078431009056577
 0.9315841330572951
 0.9065496708598257
 0.9010580820538349
 0.9101786786883611
 0.9038273721210837
 0.9403097586591891
 0.9497614660626256
 0.9143025128102427
 0.9181791083483124
 0.9247689995996623
 0.9461970497067018
 0.9619152977155169
 0.9506039504599911
 0.9639358292520767
 0.9372640798781111
 0.925985007220322
 0.9329774584104573
 0.9267955908937673
 0.9481710146355123
 0.9473138144282405
 0.9504890592136692
 0.9040382160905549
 0
 0
 0.9999999999836413
 0.5948825247379049
 0.7661261049586754
 0.7125903679373203
 0.8094555739645088
 0.9464416160944603
 0.936210220877403
 0.924613555623519
 0.8557461358047301
 0.8704826705435275
 0.9252791533344698
 0.9340515632491355
 0.9291735902230646
 0.9164424896524188
 0.9259715373140898
 0.9333254510547363
 0.9305479189792633
 0.9607577674547687
 0.9692959420876465
 0.9715189149707769
 0.9094056448688528
 0.9153629834849839
 0.9184008596927005
 0.9214488721312385
 0.9222257597785906
 0.9288647424742393
 0.9272095705958349
 0.890323328418771
 0
 0
 1
 0.5
 0.4
 1
 0.4285714285714285
 1
 1
 1
 0.8181818181818182
 0.8333333333333334
 1
 0.8888888888888888
 1
 1
 1
 1
 1
 1
 1
 1
 1
 1
 1
 1
 1
 1
 1
 1
 0
 0
 0.9999999989085102
 0.5880563356771521
 0.3902587364758186
 0.8387372329478284
 0.5359202333400055
 0.9623266509597159
 0.9623024400740983
 0.9714266343150511
 0.8678109236565507
 0.8748651173022481
 0.9624173452101228
 0.9326642872950169
 0.9392370253093029
 0.9684274646254534
 0.929412717486741
 0.9120577799919514
 0.972188459106429
 0.9838636961642599
 0.9729204233527804
 0.9232300462747028
 0.8869744343035024
 0.8858253110667833
 0.9537630594491318
 0.6823963917540693
 0.8972125029321584
 0.9539507246490686
 0.9556831201879973
 0.8902309180874198
 0
 0
 1
 0.6757067797680505
 0.8016871462033636
 0.7305203307177275
 0.7629846321780915
 0.7907776583733075
 0.8467265839101719
 0.8488812095705258
 0.8858675775057809
 0.8941933015410852
 0.9079604430766451
 0.8878041208146876
 0.9177119019524996
 0.8904611095493369
 0.9112405368242746
 0.913705320107171
 0.9275228139821411
 0.9434892025992223
 0.9115563396474474
 0.9476151316732722
 0.9407864803838861
 0.9212771746958726
 0.7528033284933305
 0.9504237331701988
 0.9493261249025723
 0.9293921645495801
 0.9577746120877583
 0.89507677880924
 0
 0
 0.9999999999367782
 0.6164281158367515
 0.6874480166820175
 0.6773990692468543
 0.7546108955002166
 0.8596111944243945
 0.8263464443058219
 0.846279229277452
 0.8475973372036573
 0.8463055711694103
 0.8652841707632012
 0.8680019746270141
 0.8786585916963575
 0.8509127607573471
 0.8535789698698617
 0.8786168028056625
 0.8704349192101563
 0.8830016235039337
 0.899161730091243
 0.898974495165765
 0.8476111496020317
 0.8513653485086451
 0.8729852472725032
 0.8745700204901563
 0.8750951015683913
 0.8751761337276354
 0.8802271310807689
 0.8391690424577549
 0
 0
 0.9231263456400521
 0.9575684677503168
 0.9378191046496444
 0.9203461340329615
 0.9269056686851719
 0.8853868141686988
 0.9127785620719916
 0.9256400637716388
 0.9206463395314198
 0.9188677440396089
 0.9048174901641012
 0.9274155568163834
 0.9226387800440039
 0.9076823332847579
 0.9114478964380472
 0.9077752114195301
 0.9019399195191583
 0.9073984253568586
 0.9057467949244005
 0.9003243240083272
 0.903313444962798
 0.8940944554085675
 0.9037549965885648
 0.9034851892344622
 0.9063103728338333
 0.9114934556873522
 0.8988950616049809
 0.9020947436191713
 0
 0
 0.9999999999818773
 0.6302006468883525
 0.5995006744077064
 0.641273702034838
 0.648247276481857
 0.9600601952448591
 0.9527643484202639
 0.5846372346569043
 0.9206000934317279
 0.8572997505092894
 0.9192922953058328
 0.927179544535161
 0.9230019340825336
 0.8891759272949129
 0.8969952777950219
 0.9052066355933686
 0.9133500062348996
 0.90833456678992
 0.988143625244471
 0.9887853402827705
 0.9185931291395826
 0.9329578080862482
 0.9346607821228321
 0.9522206247691702
 0.9549530543138389
 0.9560553847520475
 0.9519655892133909
 0.8980385743702517
 0
 0
 1
 0.6774457321164393
 0.8542029126355779
 0.7849086565793533
 0.7940806917785294
 0.7511471663553627
 0.8192606843537672
 0.8800078988443464
 0.9123470278716336
 0.9119485723642538
 0.9435975820016487
 0.8562780506161068
 0.9812681808172055
 0.9017078326298185
 0.9301514522274995
 0.9502004718823205
 0.9603136765648376
 0.5411459801460095
 0.9403606196361233
 0.9030546944869842
 0.92311799476044
 0.9193733036671433
 0.9024096901825217
 0.7850416259427737
 0.9543055631580777
 0.9731701519127318
 0.9372503699196388
 0.9239734489208095
 0
 0
 0
 0
 0
 0
 0
 0
 0
 0
 0
 0
 0
 0
 0
 0
 0
 0
 0
 0
 0
 0
 0
 0
 0
 0
 0
 0
 0
 0
 0
 0
 0
 0
 0
 0
 0
 0
 0
 0
 0
 0
 0
 0
 0
 0
 0
 0
 0
 0
 0
 0
 0
 0
 0
 0
 0
 0
 0
 0
 0
 0
 0
 0
 0
 0
 0
 0
 0
 0
 0
 0
 0
 0
 0
 0
 0
 0
 0
 0
 0
 0
 0
 0
 0
 0
 0
 0
 0
 0
 0
 0
 0
 0
 0
 0
 0
 0
 0
 0
 0
 0
 0
 0
 0
 0
 0
 0
 0
 0
 0
 0
 0
 0
 0
 0
 0
 0
 0
 0
 0
 0
 0
 0
 0
 0
 0
 0
 0
 0
 0
 0
 0
 0
 0
 0
 0
 0
 0
 0
 0
 0
 0
 0
 0
 0
 0
 0
 0
 0
 0
 0
 0.9635807497822236
 0.8995113553936032
 0.9358157059203007
 0.9347815177471763
 0.9286631398130004
 0.9343203275501297
 0.8961670828844133
 0.9114785596056345
 0.9063155899068489
 0.9104566924700013
 0.9370631483540223
 0.918569693941917
 0.9217658590446214
 0.9166370703694473
 0.9132570755947216
 0.9093139473960252
 0.9043066676443158
 0.9082646125012248
 0.905705007877061
 0.9108001694210627
 0.9007584602184122
 0.9140419920575392
 0.9101722075164244
 0.9063037899824645
 0.9033353716462247
 0.8984215452312281
 0.9054541080601529
 0.902220040400009
 0
 0
 0
 0
 0
 0
 0
 0
 0
 0
 0
 0
 0
 0
 0
 0
 0
 0
 0
 0
 0
 0
 0
 0
 0
 0
 0
 0
 0
 0
 0
 0
 0
 0
 0
 0
 0
 0
 0
 0
 0
 0
 0
 0
 0
 0
 0
 0
 0
 0
 0
 0
 0
 0
 0
 0
 0
 0
 0
 0


