# Created by Octave 3.8.2, Fri Nov 20 21:48:12 2015 CET <dkottke@snake7>
# name: mus
# type: matrix
# ndims: 3
 1 30 19
 0
 0
 0.4987468671679199
 0.4983277591973244
 0.9079497907949797
 0.5552763819095476
 0.9473684210526317
 0.9463087248322147
 0.8270676691729308
 0.8605042016806723
 0.8557130942452035
 0.8543771043771042
 0.8394648829431435
 0.842857142857143
 0.8497890295358643
 0.9298986486486487
 0.9408403361344529
 0.9457070707070704
 0.949039264828738
 0.9474576271186441
 0.9490392648287382
 0.9447250280583614
 0.9481605351170574
 0.9472789115646258
 0.9489361702127664
 0.9531772575250832
 0.952861952861953
 0.9523809523809526
 0.9518311797538036
 0.9538461538461533
 0
 0
 1
 1
 0.6
 0.6
 0.2
 0.8
 0.6
 0.6
 0.6
 0.9333333333333332
 0.9
 0.8666666666666666
 0.7999999999999999
 0.8833333333333332
 0.8833333333333332
 0.8166666666666667
 0.8333333333333333
 0.85
 0.86
 0.96
 0.95
 0.96
 0.96
 0.96
 0.9666666666666668
 0.9266666666666665
 0.9333333333333333
 0.9333333333333333
 0
 0
 1
 1
 0.679166070047058
 0.742220339484808
 0.6884905736608866
 0.7626359851955351
 0.7928751635571759
 0.6271465820953556
 0.7275347410882681
 0.7468337365886533
 0.7975366229912352
 0.8369440485202796
 0.8469533250652604
 0.8615853309825894
 0.8737431167161702
 0.8779430037035881
 0.8559553308950316
 0.916402968874674
 0.9136151682125844
 0.866919560797289
 0.9025672512026036
 0.9246487396471552
 0.9005863983559197
 0.9284232843946235
 0.9192155734528892
 0.9169009656552423
 0.9208520745205726
 0.9392122609989937
 0
 0
 0.999999999740812
 0.9999999999314561
 0.4763915509342624
 0.5904646442487657
 0.5849125292738746
 0.649417142374646
 0.6247926618393106
 0.6022749452681943
 0.8107362350536936
 0.7943476067577926
 0.8573237730886215
 0.8716274626426269
 0.8632369139110208
 0.8939724740183274
 0.9020385048298777
 0.9119282964663088
 0.9091918181818015
 0.9189730504646945
 0.912633848242252
 0.9221150876313474
 0.9208610720500892
 0.9226402320658387
 0.9248016540841693
 0.9229625664548214
 0.9204206825469611
 0.9264989917527119
 0.9233028510013711
 0.9278806996167585
 0
 0
 1
 1
 0.4
 0.6666666666666666
 0.5714285714285714
 0.5
 0.7777777777777778
 0.6
 0.7272727272727273
 0.9166666666666666
 0.9230769230769231
 0.8888888888888888
 1
 1
 1
 0
 1
 1
 1
 0
 1
 1
 1
 1
 1
 1
 1
 1
 0
 0
 0.9999999999968652
 0.9999999999999534
 0.5511552965680229
 0.6664725347291635
 0.529114904231305
 0.5909657202706412
 0.6307719426998394
 0.6080438723451989
 0.7333018821624617
 0.8428970652677247
 0.8924788649725945
 0.8970413169619671
 0.9208021381489966
 0.9332404279929831
 0.9395594281980215
 0.7721376996622324
 0.9245028187027426
 0.9563278331494475
 0.9159946850958187
 0.8361820802812034
 0.8684549086713582
 0.8992669932240085
 0.9042405809076008
 0.8563101362982306
 0.8956058949456431
 0.9030621639051932
 0.903715352159087
 0.9245785286336893
 0
 0
 1
 1
 0.7481572669322515
 0.6960187732104264
 0.6832932533708642
 0.8558548883891945
 0.7440796207564953
 0.7362044632682833
 0.7686449810767609
 0.7394684646334382
 0.7929204718016456
 0.802848044402022
 0.8316283469262256
 0.8447608838122327
 0.873973909252679
 0.8357697640434472
 0.8275913882495323
 0.8454611844603129
 0.8774665698683212
 0.9067321425521564
 0.912480194785094
 0.9159130215013409
 0.9265818350045011
 0.9206481645567549
 0.9465217095833995
 0.9405627843546528
 0.9376096598511888
 0.9099162638258679
 0
 0
 0.9999999996875581
 0.9999999999860453
 0.4507216772311975
 0.593961095820138
 0.5649716057483529
 0.6405250815177825
 0.6118451828860055
 0.6127311624754671
 0.7159801482317288
 0.7026256514224215
 0.7758338724837675
 0.7649817300267596
 0.7844680135349714
 0.8119389992156967
 0.8237875903258532
 0.8255505844342649
 0.8423565977573357
 0.8319729406024031
 0.8500504700877956
 0.8694979038950372
 0.8674973020215025
 0.873358664673117
 0.8706640876792601
 0.8737139828487284
 0.8737037819257554
 0.8868845371473135
 0.8868822194486243
 0.8841097937714645
 0
 0
 0.8895434536915003
 0.8863820768546763
 0.8949485233107936
 0.9503281915224659
 0.9009477489453357
 0.9076800535057908
 0.9027060248651597
 0.9194911751658446
 0.9227208500905126
 0.9209202417017835
 0.9352401698205709
 0.9302338788402061
 0.9027446604829532
 0.9008094379920261
 0.9209099022577253
 0.9046770867566492
 0.9161034860762756
 0.9128675200378933
 0.9107347693152404
 0.9022722995649122
 0.9122639883821582
 0.8999606689509412
 0.9024250301380516
 0.916122253968006
 0.8957182557166605
 0.8986655605171919
 0.8981175234437778
 0.9045991850027242
 0
 0
 0.9999999999590474
 1
 0.5166100366195928
 0.676511283940347
 0.5435640935287972
 0.6234648554764155
 0.6263622464501296
 0.6127327881826352
 0.7356545735344441
 0.7758397493206614
 0.8495079432951358
 0.862568704574197
 0.8789653427063114
 0.9083373252522953
 0.9293412742619088
 0.4222155431628786
 0.9397114966131017
 0.9480443785479161
 0.9370379526992345
 0.9391768368873726
 0.950260296899977
 0.9466535904433702
 0.9603502749893715
 0.9419730656893474
 0.9435501865885219
 0.9435347832296297
 0.9549956211743185
 0.9448419933120973
 0
 0
 1
 1
 0.7796057907065004
 0.6553620006151373
 0.6750177258479308
 0.7860564866196033
 0.7036544154335933
 0.7360157614264727
 0.7749979439094055
 0.7442489301246384
 0.7784895582615629
 0.8681592459277807
 0.8460174609967467
 0.8699465077388011
 0.8167735087824601
 0.8234985616987951
 0.8064856919869993
 0.8344992957234907
 0.8936826185721957
 0.8465859049252846
 0.8771260695458155
 0.9006312786715808
 0.8683803038429811
 0.8968339940013657
 0.8623509665879906
 0.8912864011853538
 0.8905414149226505
 0.9776251722439033
 0
 0
 0
 0
 0
 0
 0
 0
 0
 0
 0
 0
 0
 0
 0
 0
 0
 0
 0
 0
 0
 0
 0
 0
 0
 0
 0
 0
 0
 0
 0
 0
 0
 0
 0
 0
 0
 0
 0
 0
 0
 0
 0
 0
 0
 0
 0
 0
 0
 0
 0
 0
 0
 0
 0
 0
 0
 0
 0
 0
 0
 0
 0
 0
 0
 0
 0
 0
 0
 0
 0
 0
 0
 0
 0
 0
 0
 0
 0
 0
 0
 0
 0
 0
 0
 0
 0
 0
 0
 0
 0
 0
 0
 0
 0
 0
 0
 0
 0
 0
 0
 0
 0
 0
 0
 0
 0
 0
 0
 0
 0
 0
 0
 0
 0
 0
 0
 0
 0
 0
 0
 0
 0
 0
 0
 0
 0
 0
 0
 0
 0
 0
 0
 0
 0
 0
 0
 0
 0
 0
 0
 0
 0
 0
 0
 0
 0
 0
 0
 0
 0
 0
 0.9765921078970775
 0.9240593931883436
 0.9305807471017913
 0.9054032423825671
 0.9367564214815137
 0.9443079174139484
 0.8861925472097932
 0.8995879788042764
 0.9402046970380871
 0.9328311741044537
 0.9139898270658285
 0.9168834824965474
 0.9124862376794276
 0.9155845959403975
 0.9086698060582012
 0.9104946153222357
 0.9085001789882051
 0.9114542404982242
 0.9085912437964172
 0.904357866476565
 0.9075622712575037
 0.9049199441673043
 0.9046590578347552
 0.8990350727210376
 0.9034751523315329
 0.8997057348530262
 0.9058101029616139
 0.8948287495281054
 0
 0
 0
 0
 0
 0
 0
 0
 0
 0
 0
 0
 0
 0
 0
 0
 0
 0
 0
 0
 0
 0
 0
 0
 0
 0
 0
 0
 0
 0
 0
 0
 0
 0
 0
 0
 0
 0
 0
 0
 0
 0
 0
 0
 0
 0
 0
 0
 0
 0
 0
 0
 0
 0
 0
 0
 0
 0
 0
 0


