# Created by Octave 3.8.2, Fri Nov 20 20:49:54 2015 CET <dkottke@snake10>
# name: mus
# type: matrix
# ndims: 3
 1 30 19
 0
 0
 0.5681691708402891
 0.5228285077951003
 0.441782729805014
 0.4214046822742474
 0.4747081712062256
 0.4955357142857143
 0.5348967057509767
 0.5312849162011173
 0.541948848697315
 0.5620805369127516
 0.5896506874767745
 0.6798270089285712
 0.6123249299719891
 0.5948660714285714
 0.6842950513538748
 0.649270482603816
 0.7252039673652219
 0.6932584269662926
 0.7335574229691872
 0.7229704451926674
 0.7288182831661095
 0.7291666666666667
 0.7307042253521125
 0.7302118171683391
 0.7300785634118965
 0.7207031250000001
 0.7255283648498335
 0.7180790960451975
 0
 0
 0.6666666666666666
 0.25
 0.6
 0.7
 0.2
 0.4
 0.3
 0.4
 0.3666666666666666
 0.6
 0.5666666666666667
 0.4333333333333333
 0.5333333333333333
 0.5499999999999999
 0.6833333333333333
 0.6333333333333333
 0.6333333333333333
 0.65
 0.54
 0.5800000000000001
 0.63
 0.79
 0.76
 0.7266666666666667
 0.7333333333333333
 0.6533333333333333
 0.6933333333333334
 0.6333333333333333
 0
 0
 0.6681367066150072
 0.5763447318489454
 0.3508982835716867
 0.6774532635541821
 0.6977581733810851
 0.4250041996438102
 0.4989440117241559
 0.518370692763261
 0.3905993698692432
 0.5619748133501481
 0.6069575241063023
 0.4035183668966413
 1.041271125138309
 0.5405539362552301
 0.6110196950431076
 0.6196931640136391
 0.6968898492873654
 0.6781609478814776
 0.6805771699235208
 0.71172885569731
 0.7342479735605056
 0.707498207032102
 0.7264208505512065
 0.774402483790489
 0.7448385021689725
 0.8134983223560583
 0.7375775193703806
 0.8015900158752726
 0
 0
 0.6909133879867891
 0.3526869189563501
 0.4597021770629344
 0.5251157886680632
 0.558197447500879
 0.4773156025478294
 0.4374983753990134
 0.4668566347862269
 0.5485073886308736
 0.5612291149896317
 0.5373303259210777
 0.4655593460378252
 0.5300176904889924
 0.563426325662416
 0.5802602589026991
 0.6006429550701704
 0.5962373051765569
 0.6095100550619432
 0.6255667922023598
 0.6355553283313295
 0.6549071674539599
 0.6617825734069224
 0.6930212269287196
 0.7085161182843618
 0.7188027377966174
 0.7218573247328719
 0.730609864074797
 0.7337858001253218
 0
 0
 0.3333333333333333
 0
 0.2
 1
 0.4285714285714285
 0.25
 0.7777777777777778
 0.2
 0.4545454545454545
 0.9166666666666666
 0.6153846153846154
 0.4444444444444444
 0.6
 0.6666666666666666
 0.5
 1
 1
 0
 1
 1
 1
 1
 1
 1
 1
 1
 1
 0
 0
 0
 0.4660339802863508
 0.333070120318434
 0.3416667531538395
 0.64033472319937
 0.4896611292182677
 0.4506826727796479
 0.4918340411774328
 0.4328883532170608
 0.5040900889466841
 0.587016705996284
 0.5311426575242513
 0.4575136681286897
 0.5238548927141078
 0.5629842952858957
 0.5664046516110778
 0.6285527601907606
 0.5930242999841908
 0.5499016108987976
 0.6213298175016418
 0.6808682260701295
 0.6436431148601738
 0.6776737662182483
 0.7190631987732864
 0.7785939410087216
 0.6960108115446183
 0.7150572173410608
 0.6932995373767982
 0.6891592271504766
 0
 0
 0.5785862941142949
 0.6115554034950764
 0.652091942898237
 0.6941792375377617
 0.725004066969608
 0.59025823364258
 0.6138673090088896
 0.5561239237970041
 0.5669567430450733
 0.6533599603992972
 0.6416455836809434
 0.6251527796549444
 0.6643793704507612
 0.654359439610924
 0.6601111940936893
 0.6743599129744797
 0.6957214929450196
 0.7230561589008535
 0.705948267183339
 0.731383453506589
 0.7445354899623006
 0.7420041662693065
 0.7608113513572684
 0.7478012393002733
 0.7871711077155118
 0.7663831063431752
 0.8046049524605803
 0.8054277033024891
 0
 0
 0.6892557775226441
 0.3817437521986246
 0.4475466558740475
 0.5127098075207264
 0.5551321583212941
 0.4788204534707285
 0.4479754080703122
 0.4582924567822921
 0.5173903630474657
 0.5613077177114451
 0.551909122746116
 0.4880301436072217
 0.5358454921890061
 0.5684311358431118
 0.5817599051861528
 0.622025605961306
 0.6116506779117643
 0.6318636270612904
 0.6336258560727961
 0.645431159507161
 0.6560922916357818
 0.6689200356987309
 0.6909229087910331
 0.7029479054186912
 0.7170311459206691
 0.719070327924361
 0.7306722096048431
 0.7389643481349144
 0
 0
 0.9999695689563802
 0.9999876927178846
 0.9999983496970312
 0.9999999857046882
 0.9999999938634208
 0.9999999951912972
 0.9999999999999523
 0.9999999999999954
 0.9998567339566279
 0.9999898653579634
 0.9971073230338765
 0.9908730911918948
 0.9760364626323932
 0.9696480715019631
 0.9707391016774326
 0.971547247313084
 0.9553809922759857
 0.9719097563617367
 0.9611695332894813
 0.96493339969146
 0.954010721094964
 0.9622856224040602
 0.9556160097910176
 0.9534975496193211
 0.9508605198703098
 0.9515639572058036
 0.9371792804614619
 0.9516343901086737
 0
 0
 0.3762570731508927
 0.3820741523981965
 0.3571611827938103
 0.5588641675557169
 0.5061168310484088
 0.4600966926961932
 0.4409969129387609
 0.4459817162863985
 0.5013058795200208
 0.5824522117342954
 0.5384180898967911
 0.4725736820922
 0.5162264068639154
 0.566602966189486
 0.6068862857854307
 0.5962886985462623
 0.6133131044853326
 0.6244550126849633
 0.6211758585383402
 0.6374714100363936
 0.6442828017319475
 0.6699356287514965
 0.680184439065377
 0.692779008982023
 0.7014977696796685
 0.7194580274008507
 0.7180231788470709
 0.7291797173459074
 0
 0
 0.5785862941142949
 0.6392669456558777
 0.6177530856341404
 0.6714451217704457
 0.6584008146134197
 0.6025122059517632
 0.5949209073857133
 0.5543399382262166
 0.5464895566484945
 0.6110245978016562
 0.6230378249917647
 0.6070064838944365
 0.6487074281414011
 0.6335574099926713
 0.6939196782797142
 0.6957459920053343
 0.6841171465795108
 0.7070943479499276
 0.712322072354012
 0.7251666867860413
 0.7375791643998153
 0.7159951284982888
 0.7377409879559322
 0.7544242801413565
 0.7592999122122603
 0.8558304527256624
 0.7677693418982265
 0.7788614751552217
 0
 0
 0
 0
 0
 0
 0
 0
 0
 0
 0
 0
 0
 0
 0
 0
 0
 0
 0
 0
 0
 0
 0
 0
 0
 0
 0
 0
 0
 0
 0
 0
 0
 0
 0
 0
 0
 0
 0
 0
 0
 0
 0
 0
 0
 0
 0
 0
 0
 0
 0
 0
 0
 0
 0
 0
 0
 0
 0
 0
 0
 0
 0
 0
 0
 0
 0
 0
 0
 0
 0
 0
 0
 0
 0
 0
 0
 0
 0
 0
 0
 0
 0
 0
 0
 0
 0
 0
 0
 0
 0
 0
 0
 0
 0
 0
 0
 0
 0
 0
 0
 0
 0
 0
 0
 0
 0
 0
 0
 0
 0
 0
 0
 0
 0
 0
 0
 0
 0
 0
 0
 0
 0
 0
 0
 0
 0
 0
 0
 0
 0
 0
 0
 0
 0
 0
 0
 0
 0
 0
 0
 0
 0
 0
 0
 0
 0
 0
 0
 0
 0
 0
 0.9999747504559975
 0.9999999799299532
 0.9999999999972481
 0.9999999999994971
 0.9999999933223175
 0.999999884326725
 0.9999999436203886
 0.9999998351392441
 0.9999999932478546
 0.9999993699508215
 0.9929226814952546
 0.9930421082190578
 0.9810493521996297
 0.9785822133731288
 0.9592173421200695
 0.9667638688837262
 0.9597330144002778
 0.9688711892266544
 0.9565153407661746
 0.958671408519982
 0.9582878566368427
 0.9604854864082005
 0.9517368220532383
 0.9465582299170624
 0.9501530255561442
 0.9376673443553765
 0.9379116003690757
 0.9455008598523489
 0
 0
 0
 0
 0
 0
 0
 0
 0
 0
 0
 0
 0
 0
 0
 0
 0
 0
 0
 0
 0
 0
 0
 0
 0
 0
 0
 0
 0
 0
 0
 0
 0
 0
 0
 0
 0
 0
 0
 0
 0
 0
 0
 0
 0
 0
 0
 0
 0
 0
 0
 0
 0
 0
 0
 0
 0
 0
 0
 0


