# Created by Octave 3.8.2, Sun Nov 15 22:34:22 2015 CET <dkottke@snake6>
# name: mus
# type: matrix
# ndims: 3
 1 30 19
 0
 0
 0.6265664160401005
 0.5151515151515151
 0.6936708860759493
 0.7058080808080808
 0.7468671679197995
 0.6224489795918368
 0.6079545454545457
 0.5974358974358974
 0.6938131313131312
 0.6691919191919191
 0.8471794871794874
 0.8469387755102039
 0.767948717948718
 0.7994791666666666
 0.8186984938903098
 0.8068181818181818
 0.819548872180451
 0.8210526315789474
 0.8395989974937346
 0.7815656565656566
 0.8309178743961353
 0.8398437500000001
 0.8400000000000001
 0.8461538461538464
 0.8520923520923521
 0.9336734693877552
 0.9422211970937606
 0.9384615384615386
 0
 0
 0.6666666666666666
 1
 0.6
 0.2
 0.8
 0.7
 0.5
 0.6
 0.4666666666666666
 0.6
 0.5666666666666667
 0.5666666666666667
 0.6
 0.55
 0.5
 0.6333333333333333
 0.5666666666666667
 0.65
 0.5599999999999999
 0.6300000000000001
 0.6
 0.51
 0.5599999999999999
 0.6133333333333334
 0.5533333333333333
 0.4333333333333334
 0.5133333333333333
 0.5333333333333333
 0
 0
 0.7671134783263209
 0.9096970630244918
 0.7607599273878027
 0.622834733232294
 0.67129730940915
 0.6605039583706489
 0.7079603018212064
 0.6966678869101474
 0.6264755537891957
 0.5295722016904991
 0.6584557435698085
 0.6183292721972394
 0.5545608658892511
 0.5716141166381756
 0.5278974694148374
 0.6136915932736031
 0.5574607721038863
 0.57292936878576
 0.5837870595336849
 0.6145884747688674
 0.6356372414315412
 0.6275746127044642
 0.6078561283550178
 0.6202844135924794
 0.6398958704494249
 0.664932973468442
 0.6984474422806747
 0.6559258958799967
 0
 0
 0.6534298947952057
 0.7490217814238271
 0.5210414728319399
 0.4468678946110836
 0.5039212239018659
 0.4917814555926522
 0.5726633350669268
 0.6054303241581002
 0.5052111600988075
 0.5341209228523756
 0.5020749600799783
 0.5348685666087338
 0.580237435743304
 0.5230310821093821
 0.5200699309718149
 0.5638580582854608
 0.5404271383607508
 0.5761536348255012
 0.552335019708164
 0.5889788621588556
 0.5672786999232555
 0.5280804470939606
 0.5576866675684923
 0.5813479333883229
 0.5744637446543829
 0.5525766615917029
 0.5707267408663197
 0.5907448514519226
 0
 0
 0.6333456682213618
 0.7275978185398344
 0.5276360497035731
 0.4665441825774839
 0.515997449937704
 0.4796546910357438
 0.5642381375159107
 0.630095670265739
 0.4709574888619247
 0.5207151758336157
 0.5221653204439423
 0.5279810460814555
 0.5685695771211298
 0.5371773152460091
 0.5203188348118054
 0.5591895464653487
 0.5425799458008164
 0.5755275340361109
 0.5568088783361786
 0.5936222423767942
 0.5680461678480105
 0.532675931054359
 0.5555871382289997
 0.5841933243369076
 0.5678275160876199
 0.5574702152688593
 0.5734093245950597
 0.5965291723186462
 0
 0
 0.9825844057306427
 0.7270156948307949
 0.5484906027116946
 0.3766383472541042
 0.5641712195768499
 0.5550575228106522
 0.558372764421162
 0.6097308143161043
 0.4974867206563248
 0.5173186888385178
 0.4951940629557053
 0.5233589268681644
 0.6374309802958941
 0.5491585004777367
 0.5341193907109143
 0.5288785688126516
 0.4936056486188276
 0.6088945454272555
 0.6001485158960149
 0.5953343179974045
 0.5581012846226433
 0.5330128912378984
 0.5910349831001385
 0.6121611709913862
 0.6000017705297362
 0.5411060750261494
 0.5504744752054391
 0.5937944234523942
 0
 0
 0.3678794411714423
 0.8265508594604906
 0.7001856635990624
 0.7032268956948691
 0.7298242080903772
 0.6408317998787321
 0.7048734431851169
 0.7239964574381406
 0.7114292155505534
 0.659444015736294
 0.616957552489747
 0.7311795025776909
 0.6427549182235855
 0.6725056682569157
 0.693516084750615
 0.685706548012907
 0.6565158897567028
 0.6475441950009653
 0.6880916983442628
 0.7004455482023511
 0.6889339275777793
 0.6594211763566816
 0.6978290730545358
 0.6926452080587744
 0.6800249892421582
 0.70211278483707
 0.7001409649872266
 0.6808148620914251
 0
 0
 0.6604786292855369
 0.7439343632354017
 0.5702276709413625
 0.5466521017454187
 0.5158413906736479
 0.5003719790123669
 0.5640335995479108
 0.6136662928862596
 0.5269105766142711
 0.5312605215696434
 0.5063368195336559
 0.5258304923112042
 0.5672408900826267
 0.5072069136471952
 0.5094746589149798
 0.5525614846123252
 0.5449358683714404
 0.5854123718242487
 0.5629689508465157
 0.594997801771719
 0.5706981111790463
 0.5319580186072553
 0.5613422785166338
 0.5869925480940313
 0.5851112808706938
 0.5721645648485265
 0.5859163606596578
 0.6111338364254515
 0
 0
 0.6155350291999214
 0.699658783859976
 0.5825910616562525
 0.5271318663510663
 0.5297667751831184
 0.4887524412252962
 0.5450028765623283
 0.6098606472660936
 0.5040705609830519
 0.5459004856822944
 0.5146279194034682
 0.5227296310180097
 0.5632583383481018
 0.5046120466659089
 0.5091778113494019
 0.5491816613698073
 0.5531528569963713
 0.5732947267822256
 0.5630499602489418
 0.5953476052547972
 0.5672422999380444
 0.532018442924349
 0.5579739295600995
 0.5919191245968176
 0.5815028046613644
 0.5688679525581853
 0.5896480604332874
 0.6156248569162335
 0
 0
 0.9138429391053983
 0.6350150563430118
 0.5712692721700016
 0.4414943044502829
 0.5116006463953114
 0.5461175661439536
 0.5498070825344669
 0.5707443465114579
 0.4976199840661347
 0.538848851616726
 0.5019151056469211
 0.5143742782147496
 0.5518691514540299
 0.4960302326258757
 0.49935424874389
 0.5547581884776118
 0.5284247220617596
 0.5927410927069691
 0.5742610696797835
 0.5854827658980002
 0.5595826215114282
 0.5188611405315442
 0.5521124123737307
 0.5717257842613096
 0.5768756162737495
 0.5591600473843273
 0.5708614472954731
 0.5937920917161995
 0
 0
 0.3678794411714423
 0.7470653019537464
 0.6934281524235916
 0.6717877612126328
 0.743197777172117
 0.6466973682916519
 0.6671372838409018
 0.7199504703117057
 0.6770137766440665
 0.6272933911102332
 0.6461331663567974
 0.6732538805017885
 0.6445163000578604
 0.6284956158429135
 0.6579497652202512
 0.6436435593504053
 0.6902335607072291
 0.645322966068998
 0.6486560593239882
 0.6786708571060007
 0.6446107032074846
 0.6331329516627276
 0.6475977961674098
 0.6725337085632284
 0.7148404386142129
 0.6778054994187828
 0.6821328998521982
 0.6874302758160057
 0
 0
 0
 0
 0
 0
 0
 0
 0
 0
 0
 0
 0
 0
 0
 0
 0
 0
 0
 0
 0
 0
 0
 0
 0
 0
 0
 0
 0
 0
 0
 0
 0
 0
 0
 0
 0
 0
 0
 0
 0
 0
 0
 0
 0
 0
 0
 0
 0
 0
 0
 0
 0
 0
 0
 0
 0
 0
 0
 0
 0
 0
 0
 0
 0
 0
 0
 0
 0
 0
 0
 0
 0
 0
 0
 0
 0
 0
 0
 0
 0
 0
 0
 0
 0
 0
 0
 0
 0
 0
 0
 0
 0
 0
 0
 0
 0
 0
 0
 0
 0
 0
 0
 0
 0
 0
 0
 0
 0
 0
 0
 0
 0
 0
 0
 0
 0
 0
 0
 0
 0
 0
 0
 0
 0
 0
 0
 0
 0
 0
 0
 0
 0
 0
 0
 0
 0
 0
 0
 0
 0
 0
 0
 0
 0
 0
 0
 0
 0
 0
 0
 0
 0.4805736769206461
 0.5891175557073631
 0.5945555071395824
 0.5581457534032832
 0.5305799624413743
 0.4943050622344745
 0.5451081052940319
 0.6085655542098675
 0.5032987687496897
 0.5337091343244115
 0.5230354229538986
 0.5218278073224112
 0.5615425113408339
 0.5052533890030523
 0.5038719993631015
 0.547193870005848
 0.5489075748192729
 0.5677383585701059
 0.5672190551752692
 0.5900795654123357
 0.5679844884022583
 0.5283765896074399
 0.5546495825830496
 0.5890015873853941
 0.5804212106022499
 0.5691175470118746
 0.5884986442669511
 0.6128107624819046
 0
 0
 0
 0
 0
 0
 0
 0
 0
 0
 0
 0
 0
 0
 0
 0
 0
 0
 0
 0
 0
 0
 0
 0
 0
 0
 0
 0
 0
 0
 0
 0
 0
 0
 0
 0
 0
 0
 0
 0
 0
 0
 0
 0
 0
 0
 0
 0
 0
 0
 0
 0
 0
 0
 0
 0
 0
 0
 0
 0


