# Created by Octave 3.8.2, Fri Nov 20 21:35:54 2015 CET <dkottke@snake8>
# name: mus
# type: matrix
# ndims: 3
 1 30 19
 0
 0
 0.6825396825396819
 0.5476588628762542
 0.7832635983263601
 0.7931323283082078
 0.8913951545530502
 0.9060402684563759
 0.8855472013366738
 0.8848739495798322
 0.8732276897414505
 0.8535353535353537
 0.8568143812709021
 0.8677310924369749
 0.9451476793248941
 0.9375
 0.9235294117647052
 0.9326599326599321
 0.9206349206349201
 0.9313559322033901
 0.9507101086048448
 0.9513187429854092
 0.9573578595317728
 0.9574829931972788
 0.9574468085106389
 0.9544314381270899
 0.9570707070707068
 0.9563492063492065
 0.9543543084333661
 0.9555555555555552
 0
 0
 0.3333333333333333
 1
 0.6
 0.7
 0.9
 0.7
 0.9
 0.9
 0.9
 0.9333333333333332
 0.8666666666666666
 0.8666666666666666
 0.7333333333333333
 0.8666666666666666
 0.8666666666666666
 0.9
 0.9
 0.9
 0.9
 0.86
 0.8299999999999998
 0.8399999999999999
 0.72
 0.8400000000000001
 0.78
 0.8266666666666668
 0.8600000000000001
 0.9
 0
 0
 0.581433684018928
 0.9066185538094176
 0.7340342619402924
 0.7300869753913356
 0.6556168027925146
 0.7781393497441275
 0.7470294751533402
 0.7579835811165174
 0.8330370719108868
 0.8158576834477239
 0.8540139370868178
 0.8725703011957816
 0.841619622816184
 0.8674688626740523
 0.8522900125030495
 0.8657154789925177
 0.8779839732584757
 0.8846851514913544
 0.8183243083039953
 0.8410661214365343
 0.8300913512054994
 0.8369762299356955
 0.8621169996480883
 0.8516827158766178
 0.8357162001627833
 0.851377590648781
 0.8616947187593405
 0.8784425248920765
 0
 0
 0.2222388873224877
 0.9791750005799713
 0.785005163653672
 0.7939890847895358
 0.868118242269371
 0.8123025041884475
 0.8748190072979505
 0.8874251144383698
 0.8958406590006142
 0.9290895158788648
 0.9487757601361648
 0.9487979886218083
 0.8880685246281768
 0.9284928558936633
 0.915644865783989
 0.9409601312509143
 0.93515165580976
 0.9369806904561527
 0.8943274879013676
 0.9038373226015353
 0.8455943351639004
 0.8801008664118604
 0.8567279640762121
 0.8533909996004789
 0.8768255615074187
 0.8809998524857932
 0.9149257399227845
 0.9053709079403895
 0
 0
 0.3333333333333333
 1
 0.8
 0.3333333333333333
 0.8571428571428571
 0.625
 0.8888888888888888
 0.9
 1
 0.8333333333333334
 0.8461538461538461
 1
 0.8
 0.6666666666666666
 0.5
 1
 1
 1
 1
 1
 1
 1
 1
 0
 0
 1
 1
 1
 0
 0
 0.4999999999954675
 1.000016667981833
 0.8499999931075205
 0.5958464249764713
 0.9000000008650436
 0.6943461677850239
 0.9672619101090099
 0.931150800668617
 1.060227282463361
 0.8755051127649913
 0.8703381157373656
 1.002684511174954
 0.7935116173899982
 0.8190924737426875
 0.7830268907281275
 0.9647440333759385
 0.9189193435739941
 0.9255325893479325
 1.066725926103209
 1.054829034051728
 0.8314333425732475
 0.8214310053886839
 0.9857733143509598
 0.54170379448021
 0.687502755598941
 0.9420309010546923
 1.0000009021734
 1.000000007079302
 0
 0
 0.5785862941142949
 0.9221300761357556
 0.6698891663568144
 0.7541209247876823
 0.6840993701821259
 0.76803165042198
 0.7364376510540888
 0.8727366258660147
 0.8157840578681332
 0.8226053361120382
 0.8651703922570462
 0.8909472671424958
 0.8642759979992188
 0.8239717549352771
 0.8613144246952217
 0.8407453066119074
 0.8639603328913563
 0.8889097312276001
 0.8681160748689269
 0.8745345357456251
 0.85050104097005
 0.8338310470857226
 0.8753711930668402
 0.8414657894821967
 0.8629295953227539
 0.8635470884490282
 0.9014575876935192
 0.8695871448857686
 0
 0
 0.2222388873682476
 0.8695669075659218
 0.7377058909722414
 0.7758329104935129
 0.7831521400932804
 0.8301346676432739
 0.8746378641667319
 0.8308435440442681
 0.8735844293947002
 0.8803405395808513
 0.9082672038429361
 0.9214686751437345
 0.8667076035879695
 0.9157747059753231
 0.934173101328951
 0.9391070257975551
 0.9426676086965972
 0.9436773366429041
 0.8996124891919753
 0.9107353896819594
 0.8390593574106527
 0.8749207023783068
 0.8424134721752431
 0.8666875485890388
 0.8621092981234461
 0.893329770001502
 0.9125858447045371
 0.9124842847656813
 0
 0
 1
 1
 1
 1
 1
 1
 1
 1
 1
 1
 1
 1
 1
 1
 1
 1
 1
 1
 1
 1
 1
 1
 1
 1
 1
 1
 1
 1
 0
 0
 0.5000000000428613
 0.7807293847496519
 0.7607700684105654
 0.722970640108318
 0.7539112831729228
 0.7760718006501142
 0.9479426280495042
 0.7766344530072412
 0.9686072844228435
 1.025162903739514
 0.9528137939920189
 0.9688244365824232
 0.8485439571956551
 1.033918668162233
 0.8800310092813797
 0.9010872252393075
 0.9384003549226103
 0.8944972922438872
 1.054401981476388
 1.004478154033424
 0.7902865377527043
 0.8560814486034622
 0.8685428979291648
 0.9899899849530813
 0.8877263326361292
 0.7480120295991007
 0.9922885572297935
 1.000000000000047
 0
 0
 0.5785862941142949
 0.9221300760782475
 0.7200959171020436
 0.7868595967490634
 0.7587414801471527
 0.8346012140865184
 0.7319922375924484
 0.9397444748048486
 0.8113391657722187
 0.7926712281108798
 0.9759486176315137
 1.089678462090888
 0.9056445809663676
 0.8052859903083952
 0.9328296126625605
 0.8423995283355639
 0.9837449275871162
 0.9029002632144969
 0.9611646234282675
 0.8486973301253784
 0.9213934186595308
 0.8726974423283904
 1.011010843246261
 0.8509328752080106
 0.8934641357638182
 0.9465417350411862
 0.8759020699263457
 0.8871412328451838
 0
 0
 0
 0
 0
 0
 0
 0
 0
 0
 0
 0
 0
 0
 0
 0
 0
 0
 0
 0
 0
 0
 0
 0
 0
 0
 0
 0
 0
 0
 0
 0
 0
 0
 0
 0
 0
 0
 0
 0
 0
 0
 0
 0
 0
 0
 0
 0
 0
 0
 0
 0
 0
 0
 0
 0
 0
 0
 0
 0
 0
 0
 0
 0
 0
 0
 0
 0
 0
 0
 0
 0
 0
 0
 0
 0
 0
 0
 0
 0
 0
 0
 0
 0
 0
 0
 0
 0
 0
 0
 0
 0
 0
 0
 0
 0
 0
 0
 0
 0
 0
 0
 0
 0
 0
 0
 0
 0
 0
 0
 0
 0
 0
 0
 0
 0
 0
 0
 0
 0
 0
 0
 0
 0
 0
 0
 0
 0
 0
 0
 0
 0
 0
 0
 0
 0
 0
 0
 0
 0
 0
 0
 0
 0
 0
 0
 0
 0
 0
 0
 0
 0
 1
 1
 1
 1
 1
 1
 1
 1
 1
 1
 1
 1
 1
 1
 1
 1
 1
 1
 1
 1
 1
 1
 1
 1
 1
 1
 1
 1
 0
 0
 0
 0
 0
 0
 0
 0
 0
 0
 0
 0
 0
 0
 0
 0
 0
 0
 0
 0
 0
 0
 0
 0
 0
 0
 0
 0
 0
 0
 0
 0
 0
 0
 0
 0
 0
 0
 0
 0
 0
 0
 0
 0
 0
 0
 0
 0
 0
 0
 0
 0
 0
 0
 0
 0
 0
 0
 0
 0


