# Created by Octave 3.8.2, Fri Nov 20 21:53:59 2015 CET <dkottke@snake4>
# name: mus
# type: matrix
# ndims: 3
 1 30 19
 0
 0
 0.8972431077694247
 0.7934782608695652
 0.8092050209205021
 0.8391959798994977
 0.7852965747702586
 0.8036912751677853
 0.7886382623224719
 0.7857142857142859
 0.8373644703919929
 0.8324915824915823
 0.8528428093645476
 0.8487394957983191
 0.8303797468354426
 0.84375
 0.8632773109243693
 0.8939393939393934
 0.9064327485380113
 0.8966101694915258
 0.9097744360902251
 0.9023569023569021
 0.9023829431438128
 0.9064625850340139
 0.911489361702128
 0.9088628762541802
 0.9090909090909093
 0.9071712018140591
 0.9080969493080508
 0.8940170940170936
 0
 0
 0.3333333333333333
 0.75
 0.8
 0.7
 0.9
 0.8
 0.9
 0.9
 0.6666666666666666
 0.8333333333333333
 0.7333333333333333
 0.7
 0.7999999999999999
 0.8
 0.6666666666666666
 0.65
 0.7
 0.7
 0.76
 0.77
 0.8300000000000001
 0.8300000000000001
 0.8400000000000001
 0.8400000000000001
 0.8200000000000001
 0.8866666666666665
 0.8600000000000001
 0.8
 0
 0
 0.6922570963597812
 0.8305184008937925
 0.6959634913594666
 0.6838850735034581
 0.7533221979186027
 0.7812354504404306
 0.7975973216834211
 0.7945190082168472
 0.7771596567212169
 0.7781688478516087
 0.7432828832183386
 0.7890544426633239
 0.8210558737499277
 0.8146452549605973
 0.7613315414250703
 0.7824499691780823
 0.7715772722044697
 0.7873549237586803
 0.812342753459111
 0.801575442162226
 0.8264995409078586
 0.8265938791605327
 0.8584369611570188
 0.8296821885188324
 0.8746055816051695
 0.8698416246529859
 0.866395509647915
 0.8551419157491076
 0
 0
 0.277802775320989
 0.883936458984999
 0.8508363685501596
 0.8159780551103559
 0.8508831939832401
 0.8805363523712404
 0.9317843317957013
 0.9354674883097005
 0.8650811016328952
 0.8901676154156135
 0.7951198331027155
 0.8238950933960902
 0.8553834310027804
 0.8723309147501487
 0.8311494994627846
 0.8209156732522364
 0.7745118678542969
 0.7837809502718822
 0.7827954851841317
 0.8020820754133733
 0.8118359597934087
 0.827657461021844
 0.8536051045300481
 0.8487269134616388
 0.8413067543202599
 0.8558493461872456
 0.8800124033007625
 0.8246051419420944
 0
 0
 0.3333333333333333
 0.75
 1
 0.5
 0.8571428571428571
 0.875
 0.8888888888888888
 0.9
 0.7272727272727273
 0.8333333333333334
 0.8461538461538461
 0.8888888888888888
 1
 1
 0.5
 1
 0
 1
 0
 1
 1
 1
 1
 1
 1
 1
 1
 1
 0
 0
 0.4166791654403172
 1.000000038240405
 1.149999995312491
 0.63333562037451
 0.8523809537707427
 0.8910714307221114
 0.9355158789703525
 0.979761917155459
 0.7420454939613677
 0.8593434856679316
 0.8326923624933378
 0.8925362503675209
 0.9964037214376432
 0.9865569891853033
 0.6815108047552286
 0.9888186244836403
 0.5855725808692376
 0.9840124983004894
 0.5600581174266042
 1.010429813734618
 0.9629558091779182
 0.8392886746481002
 1.043759981401227
 1.060836763564357
 0.9777576603275235
 0.7500021465858189
 1.000000001934478
 1.024812005236696
 0
 0
 0.7892931470571475
 0.8350174804152458
 0.8487755637331837
 0.8696843014293341
 0.7011604091811803
 0.766702164343135
 0.7586657074950439
 0.803029608651762
 0.8331836459464499
 0.8605349718636801
 0.8054999959812845
 0.7897084089432548
 0.7589068642097017
 0.8079904808182609
 0.7940842966638419
 0.8076721656933902
 0.7871111276068937
 0.8080006272914957
 0.9135640427129281
 0.8302111241264498
 0.8740076174779676
 0.8356161761679624
 0.8877296218147327
 0.8700496679187644
 0.8857074838837348
 0.8795227067154661
 0.8923856374019343
 0.8877260798984112
 0
 0
 0.2778027753387037
 0.8519914732225778
 0.8154709608413423
 0.8720544693614751
 0.8188203484376818
 0.8569906709756009
 0.8781740277168962
 0.8855015722885146
 0.8454381337693997
 0.8592883513111517
 0.7968960480583863
 0.8297608926330742
 0.8682132591364793
 0.8699883451282405
 0.8117314441642827
 0.8268693297293213
 0.7896427945122698
 0.803114088446804
 0.8217136501790091
 0.8337229027980054
 0.8342252195536551
 0.8382514177335029
 0.8695073593078962
 0.8768146619222064
 0.8563448902365329
 0.846929354504413
 0.8675758032003343
 0.8266501271682095
 0
 0
 1
 1
 1
 1
 1
 1
 1
 1
 1
 1
 1
 1
 1
 1
 1
 1
 1
 1
 1
 1
 1
 1
 1
 1
 1
 1
 1
 1
 0
 0
 0.4166791654144352
 1.024511283671516
 1.058463345213281
 0.8272884289707307
 0.7560109116908262
 0.6995550070003504
 0.7265417609347781
 1.053048204819838
 0.7717890288303769
 0.8236613589381978
 0.7191364879437457
 0.7513910054976723
 0.8670419877762365
 0.8025610663201586
 0.7395678628199926
 0.9175510830029453
 0.8933428946254768
 0.8686743116240938
 0.7729331537964803
 0.9029996818842784
 0.747001225204079
 0.9914214491736009
 0.9015281498943539
 0.9895734366294303
 0.8694409435349962
 0.9832064500294866
 1.000000000008157
 0.871152011835574
 0
 0
 0.7892931470571475
 0.8074516163963397
 0.9534217019834137
 0.8956598078935315
 0.706876917873006
 0.9107753244951118
 0.7477606557732936
 0.8237325366969902
 0.7405676798861235
 0.9031947412318377
 0.8428316534421585
 0.9069191703020301
 0.7706407142515274
 0.7821165012599135
 0.8005205858582247
 1.011513366327098
 0.8413554321088648
 0.8365807006061076
 0.8989695478025843
 0.8678661616141579
 0.9281855209916114
 0.9433900313985817
 0.8415976819162123
 0.8854121927107749
 0.8690410506073583
 1.007297688810024
 0.8554143852128996
 0.8864329133192936
 0
 0
 0
 0
 0
 0
 0
 0
 0
 0
 0
 0
 0
 0
 0
 0
 0
 0
 0
 0
 0
 0
 0
 0
 0
 0
 0
 0
 0
 0
 0
 0
 0
 0
 0
 0
 0
 0
 0
 0
 0
 0
 0
 0
 0
 0
 0
 0
 0
 0
 0
 0
 0
 0
 0
 0
 0
 0
 0
 0
 0
 0
 0
 0
 0
 0
 0
 0
 0
 0
 0
 0
 0
 0
 0
 0
 0
 0
 0
 0
 0
 0
 0
 0
 0
 0
 0
 0
 0
 0
 0
 0
 0
 0
 0
 0
 0
 0
 0
 0
 0
 0
 0
 0
 0
 0
 0
 0
 0
 0
 0
 0
 0
 0
 0
 0
 0
 0
 0
 0
 0
 0
 0
 0
 0
 0
 0
 0
 0
 0
 0
 0
 0
 0
 0
 0
 0
 0
 0
 0
 0
 0
 0
 0
 0
 0
 0
 0
 0
 0
 0
 0
 1
 1
 1
 1
 1
 1
 1
 1
 1
 1
 1
 1
 1
 1
 1
 1
 1
 1
 1
 1
 1
 1
 1
 1
 1
 1
 1
 1
 0
 0
 0
 0
 0
 0
 0
 0
 0
 0
 0
 0
 0
 0
 0
 0
 0
 0
 0
 0
 0
 0
 0
 0
 0
 0
 0
 0
 0
 0
 0
 0
 0
 0
 0
 0
 0
 0
 0
 0
 0
 0
 0
 0
 0
 0
 0
 0
 0
 0
 0
 0
 0
 0
 0
 0
 0
 0
 0
 0


