# Created by Octave 3.8.2, Sat Nov 21 01:18:26 2015 CET <dkottke@snake7>
# name: mus
# type: matrix
# ndims: 3
 1 30 19
 0
 0
 0.6165413533834589
 0.5176767676767676
 0.5139240506329115
 0.518939393939394
 0.511278195488722
 0.5255102040816326
 0.5239898989898989
 0.5205128205128204
 0.514520202020202
 0.5328282828282828
 0.6353846153846158
 0.6670918367346939
 0.6564102564102564
 0.6796875
 0.6606990622335889
 0.6755050505050505
 0.6867167919799498
 0.7552631578947367
 0.6917293233082706
 0.7563131313131312
 0.7502131287297528
 0.7773437500000001
 0.7893333333333334
 0.8010256410256409
 0.848003848003848
 0.8928571428571429
 0.8997808787913736
 0.8871794871794875
 0
 0
 0.3333333333333333
 1
 1
 0.6
 0.9
 1
 1
 1
 1
 1
 0.9333333333333333
 0.8
 0.8666666666666666
 0.8
 0.9
 0.9333333333333332
 0.9
 0.8
 0.8099999999999999
 0.73
 0.74
 0.75
 0.76
 0.74
 0.7333333333333334
 0.8200000000000001
 0.7200000000000001
 0.6666666666666667
 0
 0
 0.5218575260142961
 0.7982161738269071
 0.8989467133845503
 0.9115031217640019
 0.9239348260876302
 0.9241455329405731
 0.8748397721972661
 0.9479298073043121
 0.9794440484937883
 0.9776080067427777
 0.9110733901018305
 0.8205078513764125
 0.8667450579435632
 0.8396176991003603
 0.8628534975335901
 0.9021646765597862
 0.8799709893796828
 0.8633481958254553
 0.8456105102137946
 0.8490231130295101
 0.8442524420459374
 0.873516682607361
 0.834950358383978
 0.8149517975862666
 0.7640481953388969
 0.7822004203069652
 0.7435533130200327
 0.7837028871300551
 0
 0
 0.4166791654357269
 0.9910750002176268
 0.9800000144554527
 0.8784751629471648
 0.9187960672458634
 0.9589359170597752
 0.9635326143538366
 0.9974464845907915
 0.9983189514778835
 0.9955468507132523
 0.9534039372631939
 0.8387645905829768
 0.9204437331243975
 0.9008000276516737
 0.8878491327311366
 0.9538553866089662
 0.9580391643806041
 0.9096504642576452
 0.8220775405253732
 0.8793906217772334
 0.8370115100304042
 0.8674928405248178
 0.8832955640437002
 0.8944992474628328
 0.863722180341335
 0.8550122569414128
 0.8471962876256223
 0.8533081309498018
 0
 0
 0.3333333333333333
 1
 1
 0.6666666666666666
 0.8571428571428571
 1
 1
 1
 1
 1
 1
 1
 0.6
 0.6666666666666666
 0.5
 1
 1
 1
 1
 1
 0
 1
 1
 1
 1
 1
 1
 1
 0
 0
 0.3333333334230542
 1.388888863047713
 1.202780555727746
 0.8833334903472163
 0.8845238098055088
 1.032142859381284
 1.05158730363814
 1.035714307392275
 1.021212133637708
 1.015404040409886
 1.010780972133781
 0.9895541843522553
 0.7937528260460889
 0.8097552511378854
 0.7543470066593897
 1.042735424039497
 0.9189198053341312
 1.046530811279156
 0.8448281961986952
 0.968396509049847
 0.5991374290585363
 1.071428801401328
 0.8793666125189324
 1.017843196444074
 0.9455456177740924
 0.7916687862412799
 0.9387769986548063
 0.8713102034693125
 0
 0
 0.7892931470571475
 0.6767860148377618
 0.7959883467889695
 0.9491672069178662
 0.9354561128942587
 0.9773326743686246
 0.9453164104480427
 0.9460659057633535
 1.006656042360156
 0.9456505533039903
 0.9297760054680857
 0.8474495274079764
 0.8947021960276211
 0.8625981482165881
 0.8830211573458031
 0.9089296511826993
 0.9670687106635473
 0.8508033206666908
 0.8571684779537103
 0.8389773277023664
 0.8703439387343778
 0.863013480674825
 0.8748318447568691
 0.8836874549980576
 0.8121634690761461
 0.8403731442837367
 0.7936469167377951
 0.8079206841956097
 0
 0
 0.4166791654448754
 0.9441026870504601
 0.8915947044611441
 0.9380472774644194
 0.9398633117234317
 0.9270549359013496
 0.9510852821493337
 0.9689718534694762
 0.9745304182705822
 0.9851555334982414
 0.9577886795054464
 0.8430788435133184
 0.9176686723503561
 0.8796932326531544
 0.8989553999432733
 0.9203130945117828
 0.9375933598291101
 0.8723882947505444
 0.8541340528749823
 0.8520895366485266
 0.8424157557927771
 0.8564243998708488
 0.8489758406396427
 0.8707065971330766
 0.8234312058561462
 0.8354689333316825
 0.8104898545256454
 0.8275624009168728
 0
 0
 1
 1
 1
 1
 1
 1
 1
 1
 1
 1
 1
 1
 1
 1
 1
 1
 1
 1
 1
 1
 1
 1
 1
 1
 1
 1
 1
 1
 0
 0
 0.3333333333456233
 1.421569323955122
 1.15701941667345
 1.240587220311636
 0.9455602787988193
 0.9774158350657367
 1.157491319803456
 0.9974474441752517
 1.043353115204829
 1.029164966892849
 0.9701906392287124
 0.8226805159362474
 0.8500873153539849
 1.002531445785077
 0.9350745217705907
 0.9141832929722065
 0.9384003549515976
 0.9913340704399796
 0.809944917685999
 0.7467130791735608
 0.8300854378846083
 1.033023339941208
 0.797321491177594
 0.79903167458364
 0.7478540562304455
 0.9915202484965177
 0.7481536819446571
 0.5808714098168491
 0
 0
 0.7892931470571475
 0.6795374951504072
 0.8099250239030376
 0.9789079816774862
 0.9034735655184494
 0.94680326548376
 1.025916858878761
 0.9601484776291649
 0.9451497813067173
 0.9667291923758594
 1.067946775255073
 0.9512672347204862
 0.8866995544412795
 1.03056606994136
 0.8515206742841189
 0.855273678946147
 1.032640010465461
 0.9150525250561077
 0.8521804751640127
 0.9518811561768344
 0.9579282959168729
 0.8344806760426962
 0.8340422525525297
 0.8555496249202865
 0.9132813522588917
 0.8335218685208378
 0.8274601663906851
 0.824480174736804
 0
 0
 0
 0
 0
 0
 0
 0
 0
 0
 0
 0
 0
 0
 0
 0
 0
 0
 0
 0
 0
 0
 0
 0
 0
 0
 0
 0
 0
 0
 0
 0
 0
 0
 0
 0
 0
 0
 0
 0
 0
 0
 0
 0
 0
 0
 0
 0
 0
 0
 0
 0
 0
 0
 0
 0
 0
 0
 0
 0
 0
 0
 0
 0
 0
 0
 0
 0
 0
 0
 0
 0
 0
 0
 0
 0
 0
 0
 0
 0
 0
 0
 0
 0
 0
 0
 0
 0
 0
 0
 0
 0
 0
 0
 0
 0
 0
 0
 0
 0
 0
 0
 0
 0
 0
 0
 0
 0
 0
 0
 0
 0
 0
 0
 0
 0
 0
 0
 0
 0
 0
 0
 0
 0
 0
 0
 0
 0
 0
 0
 0
 0
 0
 0
 0
 0
 0
 0
 0
 0
 0
 0
 0
 0
 0
 0
 0
 0
 0
 0
 0
 0
 1
 1
 1
 1
 1
 1
 1
 1
 1
 1
 1
 1
 1
 1
 1
 1
 1
 1
 1
 1
 1
 1
 1
 1
 1
 1
 1
 1
 0
 0
 0
 0
 0
 0
 0
 0
 0
 0
 0
 0
 0
 0
 0
 0
 0
 0
 0
 0
 0
 0
 0
 0
 0
 0
 0
 0
 0
 0
 0
 0
 0
 0
 0
 0
 0
 0
 0
 0
 0
 0
 0
 0
 0
 0
 0
 0
 0
 0
 0
 0
 0
 0
 0
 0
 0
 0
 0
 0


