# Created by Octave 3.8.2, Sat Nov 21 01:13:29 2015 CET <dkottke@snake7>
# name: mus
# type: matrix
# ndims: 3
 1 30 19
 0
 0
 0.6165413533834583
 0.7146464646464646
 0.7367088607594935
 0.7373737373737373
 0.7092731829573935
 0.6964285714285714
 0.6938131313131316
 0.7153846153846154
 0.6881313131313129
 0.7121212121212119
 0.6951282051282052
 0.7417091836734694
 0.7525641025641027
 0.8125
 0.8013640238704179
 0.8371212121212124
 0.8320802005012531
 0.8394736842105264
 0.7869674185463659
 0.827020202020202
 0.78743961352657
 0.8255208333333331
 0.8426666666666668
 0.8358974358974359
 0.8315295815295816
 0.8469387755102041
 0.8368123630492447
 0.8564102564102565
 0
 0
 0.6666666666666666
 0.25
 0.8
 0.4
 0.8
 0.8
 0.7
 0.7
 0.5666666666666667
 0.6666666666666667
 0.7999999999999999
 0.5
 0.4666666666666666
 0.55
 0.6166666666666667
 0.5666666666666667
 0.7
 0.7
 0.7
 0.64
 0.64
 0.72
 0.7200000000000001
 0.72
 0.74
 0.76
 0.5866666666666667
 0.7
 0
 0
 0.7172092236819611
 0.6014892129124311
 0.791400215586576
 0.7703295302922907
 0.8019355582337186
 0.82003914702738
 0.7035370939168262
 0.6855004237041762
 0.6265343578460689
 0.5116669531678166
 0.6162304696936377
 0.5046761339103232
 0.5642304916942942
 0.5060080677318813
 0.6627338375909371
 0.464275344507308
 0.6041016301566986
 0.5581841487074803
 0.6546852857406833
 0.5577857788151361
 0.6237390539334898
 0.4966188955259629
 0.5595837194320115
 0.5644001193869739
 0.5741641686722811
 0.5250605113165203
 0.6009898451751956
 0.4820953697877536
 0
 0
 0.9911708083690266
 0.416195367454409
 0.683116335180119
 0.6843767774607181
 0.735825308265689
 0.6937629018057299
 0.5783518543467693
 0.5554423014405631
 0.5629647334485409
 0.5376120361136659
 0.5980290860922208
 0.520847218776171
 0.5334524437728523
 0.4862460699709797
 0.4948548783053291
 0.4898580985432187
 0.4934331001018656
 0.520818602280122
 0.5317609238320233
 0.5237213313158677
 0.548475633296955
 0.5331816801831667
 0.5330325889709076
 0.5351481034727469
 0.5108892370747825
 0.5141711330842282
 0.526759274528608
 0.5041203921329941
 0
 0
 0.6666666666666666
 0.75
 0.6
 0.8333333333333334
 1
 0.875
 0.5555555555555556
 0.7
 0.5454545454545454
 0.75
 0.6923076923076923
 0.4444444444444444
 0.6
 0.6666666666666666
 0.5
 0
 0
 1
 0
 1
 0
 0
 0
 0
 1
 1
 0
 1
 0
 0
 0.7446904195643523
 0.5901620090372985
 0.7073965042902601
 0.5425127893071245
 0.6840112198101393
 0.7257074404052846
 0.5506228876248496
 0.5592523498455567
 0.6077966127599739
 0.5373958519024506
 0.5814430679512231
 0.52106198434759
 0.5337258507615377
 0.5038783201838604
 0.4941880155948876
 0.4469942553707471
 0.466834924323714
 0.5851802187900691
 0.4776486406673718
 0.5160186218795638
 0.5323330244997436
 0.5201728211699316
 0.4843108906518315
 0.5518465599168721
 0.5316648010496724
 0.5244143674278865
 0.5097217958196897
 0.507620075551268
 0
 0
 0.3678794411714423
 0.7969889806146688
 0.8167023983827835
 0.713668650442398
 0.7342135433587276
 0.7382268853546924
 0.722052278588712
 0.6784459683654547
 0.6577087622493778
 0.6566143170334193
 0.6653704791495335
 0.6634519907506342
 0.6380117639292222
 0.667209044434379
 0.6832577494226147
 0.6330348787917179
 0.6730140484804763
 0.6342632713737437
 0.6398109748705858
 0.6392250276366735
 0.6597742823369875
 0.6640431803927325
 0.6530513489462135
 0.6515675020001281
 0.6142314161507552
 0.6521992389495606
 0.6382058566906396
 0.6367442438925341
 0
 0
 0.9948456202682977
 0.4603841934590805
 0.6238630721994811
 0.6471259161999059
 0.7277535144676729
 0.6623371642424135
 0.5741840862660702
 0.5515231640234896
 0.5405953679045931
 0.5263186941623013
 0.5935836906253182
 0.4975440536032545
 0.5195657386264165
 0.4998386173320519
 0.5053641160393382
 0.4879077050305301
 0.5013084204561021
 0.5113264579903337
 0.5248070969192595
 0.5137138264256795
 0.5463176163445468
 0.529196509117855
 0.5397325778182632
 0.5390199035053415
 0.5169701187653062
 0.5138793480431129
 0.5121063116244936
 0.5021503759205147
 0
 0
 0.9999000186917412
 0.9999999994849942
 0.9999999485752027
 0.9999999999999998
 0.9999999999943452
 1
 1
 0.9999999999999996
 0.999999999999994
 0.9949544797839702
 0.9881966799266855
 0.9835083427908561
 0.981140836700217
 0.9789294521856536
 0.9724979875687512
 0.9735617069043219
 0.9564205613572175
 0.9680828493596785
 0.9628981775731027
 0.9557087409579468
 0.9649483388715648
 0.9577361764598938
 0.9595534525840567
 0.9523624142424749
 0.9601185752379278
 0.9502960143391608
 0.9413631853133636
 0.9522264399040233
 0
 0
 0.6996203310985558
 0.6016155020052152
 0.6960479700965206
 0.6490564434149838
 0.8126786705064197
 0.7608282346901858
 0.5697454613548699
 0.5598437925485654
 0.5612152406002487
 0.4951237795085371
 0.5718411033010911
 0.4880191071988838
 0.5092634180193555
 0.4806274885896471
 0.488070175296584
 0.4766567064859695
 0.4883610404007712
 0.5330589444310001
 0.5099744002103327
 0.5067940220199553
 0.5228625803500503
 0.5396707389013987
 0.520614454495717
 0.5215604389339336
 0.5070233363092419
 0.5023257206199098
 0.5076840652953198
 0.4920240697963447
 0
 0
 0.3678794411714423
 0.834322137588835
 0.8170177150913185
 0.7281649846826832
 0.701330537909446
 0.724362322981425
 0.7025277416748026
 0.6384197521469249
 0.6701579606678194
 0.7053171749078264
 0.6886093896138837
 0.6597627262332477
 0.6358506853392097
 0.614817902958213
 0.6388131757310034
 0.6034862413991615
 0.6199632873289974
 0.6266266346825284
 0.6189241586262445
 0.6386906193261258
 0.6520047069762606
 0.6585623424461797
 0.6473804375231061
 0.6454986233122809
 0.6218671984416789
 0.6406824321562962
 0.6266665425572997
 0.6056882368937052
 0
 0
 0
 0
 0
 0
 0
 0
 0
 0
 0
 0
 0
 0
 0
 0
 0
 0
 0
 0
 0
 0
 0
 0
 0
 0
 0
 0
 0
 0
 0
 0
 0
 0
 0
 0
 0
 0
 0
 0
 0
 0
 0
 0
 0
 0
 0
 0
 0
 0
 0
 0
 0
 0
 0
 0
 0
 0
 0
 0
 0
 0
 0
 0
 0
 0
 0
 0
 0
 0
 0
 0
 0
 0
 0
 0
 0
 0
 0
 0
 0
 0
 0
 0
 0
 0
 0
 0
 0
 0
 0
 0
 0
 0
 0
 0
 0
 0
 0
 0
 0
 0
 0
 0
 0
 0
 0
 0
 0
 0
 0
 0
 0
 0
 0
 0
 0
 0
 0
 0
 0
 0
 0
 0
 0
 0
 0
 0
 0
 0
 0
 0
 0
 0
 0
 0
 0
 0
 0
 0
 0
 0
 0
 0
 0
 0
 0
 0
 0
 0
 0
 0
 0.9999903800403275
 0.9999999971272351
 0.9999999999755218
 0.9999999999999818
 0.9999999999398863
 0.999999850636379
 0.9999998847256741
 0.9999998590377709
 0.9990085864002406
 0.9939448105663448
 0.9931284992284896
 0.983885810927452
 0.976432559380811
 0.9798669322904651
 0.9757311239298875
 0.9737813653117824
 0.9529909352981943
 0.9664216289408765
 0.9649555230881092
 0.9568622273059738
 0.9559881959211396
 0.9552795553215176
 0.9558981264704363
 0.9591534175557351
 0.9534906104183037
 0.9400733343756627
 0.9530235627555633
 0.9580644459513575
 0
 0
 0
 0
 0
 0
 0
 0
 0
 0
 0
 0
 0
 0
 0
 0
 0
 0
 0
 0
 0
 0
 0
 0
 0
 0
 0
 0
 0
 0
 0
 0
 0
 0
 0
 0
 0
 0
 0
 0
 0
 0
 0
 0
 0
 0
 0
 0
 0
 0
 0
 0
 0
 0
 0
 0
 0
 0
 0
 0


