# Created by Octave 3.8.2, Fri Nov 20 21:26:54 2015 CET <dkottke@snake4>
# name: mus
# type: matrix
# ndims: 3
 1 30 19
 0
 0
 0.4974958263772954
 0.3535634743875278
 0.4150417827298051
 0.4860646599777031
 0.4341300722623685
 0.4659598214285715
 0.529871580122837
 0.5547486033519553
 0.575173292964704
 0.657718120805369
 0.5734856930509104
 0.5904017857142855
 0.5613445378151261
 0.6300223214285714
 0.6794024276377214
 0.6346801346801348
 0.6697728363461846
 0.6078651685393258
 0.5864425770308123
 0.5899114602818306
 0.6495726495726498
 0.6317567567567569
 0.5645070422535214
 0.5633593459680418
 0.5732323232323233
 0.5652901785714286
 0.5642380422691878
 0.5774011299435029
 0
 0
 1
 0.5
 0.6
 0.3
 0.1
 0.3
 0.1
 0.3
 0.5333333333333333
 0.2666666666666667
 0.3333333333333333
 0.4333333333333333
 0.6
 0.3333333333333333
 0.3166666666666667
 0.3833333333333333
 0.4333333333333333
 0.3
 0.38
 0.53
 0.35
 0.32
 0.4400000000000001
 0.4600000000000001
 0.4
 0.5066666666666666
 0.5533333333333332
 0.5666666666666667
 0
 0
 1
 0.7705636490177827
 0.7153215923006142
 0.5933357738202945
 0.12443797544767
 0.5180117549099194
 0.5227506140918586
 0.3334664675322744
 0.3537827700509076
 0.6092453682230448
 0.4105029516497982
 0.4955601568213318
 0.5409880775755007
 0.4653548503721547
 0.4411099464946966
 0.4652016996014454
 0.3875556397847194
 0.3833898522866928
 0.3738325126676565
 0.5583403173901562
 0.6044076027085199
 0.5281159798699145
 0.4606431824448373
 0.5919079417746196
 0.5392517996210405
 0.4462679604794759
 0.5482573966777258
 0.4346218679273935
 0
 0
 1
 0.7167778564514632
 0.6888951364801629
 0.4685758571974403
 0.2082488119908698
 0.3501660714245667
 0.2098801812446409
 0.4252232091940423
 0.3911115667966648
 0.4736973784222554
 0.5062994547359505
 0.5554086091649099
 0.5463384162503314
 0.4835602330712066
 0.4437250635522328
 0.4939818995230635
 0.4031537450467601
 0.4095319801805285
 0.4505096458148586
 0.4766401466442755
 0.4691344591021807
 0.5390193742531469
 0.4937966487226649
 0.5186341155573474
 0.4940928886929384
 0.5146407476731778
 0.5324037100766567
 0.5202872484086732
 0
 0
 1
 0.75
 0.4
 0.5
 0
 0.125
 0
 0.3
 0.5454545454545454
 0.3333333333333333
 0.3076923076923077
 0.5555555555555556
 0.2
 0.3333333333333333
 0
 1
 0
 0
 0
 1
 1
 1
 0
 1
 1
 1
 0
 0
 0
 0
 1.000000000028027
 0.861111111471319
 0.4916737508396749
 0.3958347787479661
 0.1970260433527193
 0.2776807614219913
 0.2187539910358007
 0.3236121942429995
 0.4907780383536169
 0.3753796296513961
 0.4088302940141576
 0.5582400236893252
 0.3890607651441479
 0.4693452791562848
 0.306837184043916
 0.7365481577831231
 0.2743567297944458
 0.3044901366041485
 0.2752596614120253
 0.6175558969861011
 0.6287582008868029
 0.6177159321323691
 0.5208511105278653
 0.5129207462759928
 0.6510609164257731
 0.7379307155190138
 0.5625099100864958
 0.2708687485792994
 0
 0
 1
 0.567683714026696
 0.7805488757073107
 0.5984504294483077
 0.5292725327279422
 0.5400676167400658
 0.6394322181583801
 0.5734834861781452
 0.5615764248322719
 0.5674125323608986
 0.5507892110341405
 0.587832971818901
 0.5174564233402552
 0.6778108281717298
 0.57894319947254
 0.6294143884461618
 0.6320987985561323
 0.5413407654865044
 0.6067159989097179
 0.6262019079954364
 0.6676232474999316
 0.6207261686633792
 0.5678439158449237
 0.5932584594643194
 0.5483779161211487
 0.5707607698414139
 0.6658794942501445
 0.5533220393131018
 0
 0
 1
 0.7422979708013524
 0.5767210837205302
 0.4672075548507694
 0.3522559707630261
 0.3919809678366158
 0.3647289443224608
 0.4515919128948536
 0.3918299416210822
 0.4699380562166136
 0.5006280302592219
 0.5526470998206293
 0.5560469410788405
 0.5120324598339261
 0.4440031978715855
 0.4932521201946454
 0.4412599034183884
 0.430062669295011
 0.4650671581853524
 0.5170621760164203
 0.474877342062432
 0.5197667751129352
 0.4812375131927483
 0.5121888880880688
 0.4804799913144157
 0.5152315634666172
 0.5284416930940765
 0.5132871927624898
 0
 0
 1
 1
 1
 1
 1
 1
 1
 1
 1
 1
 1
 1
 1
 1
 1
 1
 1
 1
 1
 1
 1
 1
 1
 1
 1
 1
 1
 1
 0
 0
 1.000000000025841
 0.8529411772595777
 0.5316841328553312
 0.367864006931818
 0.2775802981876844
 0.3483803457125669
 0.3425295737477367
 0.3637125663977406
 0.3351639239363142
 0.3908148454357689
 0.4977865716243039
 0.5032990548195562
 0.454648084568571
 0.4655614954696056
 0.5092699744809849
 0.4311358415018178
 0.4766587994116833
 0.409158700656483
 0.4224962558161584
 0.5960703590734084
 0.3625849029592829
 0.6469393362904485
 0.7368449142447087
 0.4948445046469117
 0.4955150541938612
 0.5877470299159755
 0.3109489918718608
 0.7409154493385107
 0
 0
 1
 0.5718770979209402
 0.873752201090247
 0.6064332392270604
 0.5745332496760308
 0.5874723502597348
 0.5685245254921613
 0.5986391482542831
 0.6431102417163055
 0.5823880277703622
 0.5788438617595657
 0.6297124719408181
 0.5675599883708129
 0.592623193718081
 0.6198544288963816
 0.6668272873270547
 0.6194236168595435
 0.6042140761159703
 0.5559142211775523
 0.7952511554168268
 0.690185973598525
 0.6871168137900889
 0.6808970740574208
 0.6595814882872144
 0.5206515427469309
 0.6557539727080739
 0.6980917967997693
 0.5736663600375009
 0
 0
 0
 0
 0
 0
 0
 0
 0
 0
 0
 0
 0
 0
 0
 0
 0
 0
 0
 0
 0
 0
 0
 0
 0
 0
 0
 0
 0
 0
 0
 0
 0
 0
 0
 0
 0
 0
 0
 0
 0
 0
 0
 0
 0
 0
 0
 0
 0
 0
 0
 0
 0
 0
 0
 0
 0
 0
 0
 0
 0
 0
 0
 0
 0
 0
 0
 0
 0
 0
 0
 0
 0
 0
 0
 0
 0
 0
 0
 0
 0
 0
 0
 0
 0
 0
 0
 0
 0
 0
 0
 0
 0
 0
 0
 0
 0
 0
 0
 0
 0
 0
 0
 0
 0
 0
 0
 0
 0
 0
 0
 0
 0
 0
 0
 0
 0
 0
 0
 0
 0
 0
 0
 0
 0
 0
 0
 0
 0
 0
 0
 0
 0
 0
 0
 0
 0
 0
 0
 0
 0
 0
 0
 0
 0
 0
 0
 0
 0
 0
 0
 0
 1
 1
 1
 1
 1
 1
 1
 1
 1
 1
 1
 1
 1
 1
 1
 1
 1
 1
 1
 1
 1
 1
 1
 1
 1
 1
 1
 1
 0
 0
 0
 0
 0
 0
 0
 0
 0
 0
 0
 0
 0
 0
 0
 0
 0
 0
 0
 0
 0
 0
 0
 0
 0
 0
 0
 0
 0
 0
 0
 0
 0
 0
 0
 0
 0
 0
 0
 0
 0
 0
 0
 0
 0
 0
 0
 0
 0
 0
 0
 0
 0
 0
 0
 0
 0
 0
 0
 0


