# Created by Octave 3.8.2, Fri Nov 20 22:14:44 2015 CET <dkottke@snake5>
# name: mus
# type: matrix
# ndims: 3
 1 30 19
 0
 0
 0.5217391304347828
 0.7644230769230769
 0.8390243902439027
 0.8725490196078429
 0.8571428571428573
 0.8557692307692307
 0.8647342995169084
 0.8650000000000002
 0.8660287081339713
 0.8578431372549019
 0.9711538461538463
 0.9693877551020409
 0.9692307692307693
 0.9663461538461539
 0.965686274509804
 0.9646464646464646
 0.8851674641148325
 0.9650000000000001
 0.9682539682539681
 0.9696969696969696
 0.966183574879227
 0.9635416666666666
 0.965
 0.9663461538461539
 0.9667422524565382
 0.9693877551020408
 0.9655172413793104
 0.9777777777777779
 0
 0
 0.6666666666666666
 1
 1
 0.7
 0.6
 0.9
 0.9
 0.9
 0.9
 0.9
 0.9333333333333333
 0.7999999999999999
 0.7999999999999999
 0.8666666666666666
 0.9
 1
 1
 1
 1
 1
 1
 1
 1
 1
 1
 1
 1
 1
 0
 0
 0.7918627428247432
 0.9306990517475261
 0.6919897618015689
 0.8161690211570011
 0.7318141895036782
 0.8688457343927143
 0.8737865950872313
 0.9062905626695981
 0.9268847220288301
 0.9404602635541482
 0.9253796730792383
 0.92930625852201
 0.9412630599515512
 0.9649425623233177
 0.9646986304135935
 0.9261551408885436
 0.9756494182718147
 0.973294868527969
 0.9696913004005376
 0.9787508946525285
 0.9969986928241841
 0.9809215319195538
 0.9841685206597542
 0.998848856637728
 0.9948859812365398
 0.9819228681410768
 0.999026404784375
 0.9911482833622932
 0
 0
 0.5936966581184565
 0.9129036494543337
 0.8323439164636394
 0.8411509464857203
 0.7761435309026817
 0.8617313186381355
 0.9111867494216294
 0.8993314593986372
 0.915688558628172
 0.9334373077552124
 0.9174869392544514
 0.9297122221864575
 0.9353498680061969
 0.9658909924806942
 0.9623416434442226
 0.9702220936825046
 0.9789889218727995
 0.9803309528048684
 0.9818683477214936
 0.9824928239955011
 0.9868075234388948
 0.9866893172045813
 0.9855565464371088
 0.9854396760145753
 0.9833739715094293
 0.9865987810671155
 0.9880365850284824
 0.9858146970522478
 0
 0
 0.6666666666666666
 1
 1
 1
 0.8571428571428571
 0.875
 0.8888888888888888
 0.9
 0.9090909090909091
 0.9166666666666666
 0.8461538461538461
 0.7777777777777778
 1
 1
 1
 1
 1
 1
 1
 1
 1
 1
 1
 1
 1
 1
 1
 1
 0
 0
 0.7221986084714008
 0.9412794105344191
 0.9295632154012167
 0.950347711292751
 0.8563154123923188
 0.8767456608734321
 0.9039650094917391
 0.9485776322049371
 0.9355065182079862
 0.9481972101868819
 0.8969052865563022
 0.8927288957109744
 0.9402242490528117
 0.9856423645502952
 0.9846477836126875
 0.9933525409005148
 0.9964611238582821
 0.9532099778318164
 0.995802857542517
 0.9960715037193504
 0.9991340259901902
 0.9970876087201708
 0.9956762021074403
 0.9982552007605547
 0.9986926055177536
 0.9872819756196607
 0.9998254379040824
 0.9968772626443576
 0
 0
 0.5785862941142949
 0.7600883250931078
 0.809948581716705
 0.8670830629442842
 0.8166060792565887
 0.8482289841125095
 0.8138112328814311
 0.8608392436006208
 0.8829056995333255
 0.9000482341928741
 0.8807978081602706
 0.8709735882879979
 0.9152333723417752
 0.9224452608652663
 0.9271638844142749
 0.9106295867643911
 0.9587297265686078
 0.972719006721062
 0.9526713544234661
 0.977427681332263
 0.9679576222694358
 0.9797651370451326
 0.9602830703731537
 0.9849706562609024
 0.9484292939461781
 0.9661338255730882
 0.9588732126094002
 0.9512211600336943
 0
 0
 0.5833275364492886
 0.8694653644594063
 0.7143307417420334
 0.8173756087874916
 0.7245954065838611
 0.7991748309569507
 0.8587193199160149
 0.8489604011746423
 0.8472851979027776
 0.864840333436283
 0.8682963156693639
 0.8780074803473705
 0.8743789562483031
 0.8844716460594129
 0.8939083690540695
 0.9010703770801884
 0.9016545571936428
 0.9193909941741115
 0.9191880325303615
 0.9196760190859781
 0.9238286768479402
 0.9273549890564038
 0.9288267238583687
 0.9277699620057354
 0.9243636281493375
 0.9313634898805789
 0.926699706369997
 0.919773010895489
 0
 0
 0.929129130805332
 0.9399411563452442
 0.9044995894850314
 0.9376692179496524
 0.913864683641802
 0.9243351575285303
 0.9340643672315934
 0.9073503468721493
 0.9084136891414437
 0.9361239190891131
 0.9178498355847633
 0.9252866823213949
 0.9200707822438001
 0.924727804764383
 0.9264642623186984
 0.9152322580832435
 0.9035197191216541
 0.8999363236231639
 0.9093021765022516
 0.8989049513651549
 0.9059458188419379
 0.9076957532721007
 0.8967783741869073
 0.9093467769024336
 0.9110746792463654
 0.9128190466673456
 0.9006055488775404
 0.8994547994212551
 0
 0
 0.729033754621853
 0.935680954472593
 0.8765412877283548
 0.7813003732985337
 0.8268244661818356
 0.9275070707358473
 0.9548253692987321
 0.9819241218436484
 0.9609601243055266
 0.9673235237339296
 0.8635957033337329
 0.8835681752502319
 0.9195751235245124
 0.953186491328289
 0.9001576896028225
 0.957414482286372
 0.9892747887668116
 0.9950589851565785
 0.9936560979870612
 0.9975146663826679
 0.99904969060113
 0.998479671027769
 0.9990854255220011
 0.9982811746353668
 0.9976367976199401
 0.9981561760630424
 0.9991077224183397
 0.967276561482234
 0
 0
 0.5785862941142949
 0.578542924312309
 0.8274946232637951
 0.9272198843865224
 0.8006413866899275
 0.8415121211620595
 0.784243350029062
 0.8268070503242729
 0.8620702777746383
 0.9252118390632853
 0.8213419188919597
 0.8331112070886106
 0.9669370693622176
 0.9703344401743268
 0.9290018275134809
 0.8942426080197436
 0.8964632851028077
 0.9126927094013322
 0.9891082523998224
 0.9199656660538955
 0.9686754759608085
 0.9896204518166987
 0.9888246527116409
 0.9375226059166017
 0.9885144930829254
 0.5485641992254435
 0.9552910797330256
 0.974880451561835
 0
 0
 0
 0
 0
 0
 0
 0
 0
 0
 0
 0
 0
 0
 0
 0
 0
 0
 0
 0
 0
 0
 0
 0
 0
 0
 0
 0
 0
 0
 0
 0
 0
 0
 0
 0
 0
 0
 0
 0
 0
 0
 0
 0
 0
 0
 0
 0
 0
 0
 0
 0
 0
 0
 0
 0
 0
 0
 0
 0
 0
 0
 0
 0
 0
 0
 0
 0
 0
 0
 0
 0
 0
 0
 0
 0
 0
 0
 0
 0
 0
 0
 0
 0
 0
 0
 0
 0
 0
 0
 0
 0
 0
 0
 0
 0
 0
 0
 0
 0
 0
 0
 0
 0
 0
 0
 0
 0
 0
 0
 0
 0
 0
 0
 0
 0
 0
 0
 0
 0
 0
 0
 0
 0
 0
 0
 0
 0
 0
 0
 0
 0
 0
 0
 0
 0
 0
 0
 0
 0
 0
 0
 0
 0
 0
 0
 0
 0
 0
 0
 0
 0
 0.8998371043733522
 0.8652152369276761
 0.9118950347017808
 0.9028718013381568
 0.9150081075390768
 0.9227384948936521
 0.9185257588259098
 0.92941882362046
 0.9266826484754886
 0.9196787577208796
 0.9214908230858683
 0.92922827019794
 0.9080848450213833
 0.9150847890303069
 0.8966977506329786
 0.9249763153190631
 0.9153886071320763
 0.9185425658852894
 0.9096105772040832
 0.9101646780882329
 0.9100416652369285
 0.904475342075222
 0.9064582360090548
 0.8998249386391658
 0.9104401310815344
 0.908441323907586
 0.9197778517465856
 0.8984130594382668
 0
 0
 0
 0
 0
 0
 0
 0
 0
 0
 0
 0
 0
 0
 0
 0
 0
 0
 0
 0
 0
 0
 0
 0
 0
 0
 0
 0
 0
 0
 0
 0
 0
 0
 0
 0
 0
 0
 0
 0
 0
 0
 0
 0
 0
 0
 0
 0
 0
 0
 0
 0
 0
 0
 0
 0
 0
 0
 0
 0


