# Created by Octave 3.8.2, Fri Nov 20 22:57:34 2015 CET <dkottke@snake10>
# name: mus
# type: matrix
# ndims: 3
 1 30 19
 0
 0
 0.9468599033816425
 0.9326923076923077
 0.9512195121951218
 0.8333333333333333
 0.8226600985221675
 0.8798076923076923
 0.966183574879227
 0.97
 0.9760765550239233
 0.9754901960784315
 0.9759615384615385
 0.9744897959183675
 0.9743589743589745
 0.9759615384615384
 0.9754901960784315
 0.9444444444444445
 0.9521531100478469
 0.95
 0.9470899470899471
 0.9494949494949496
 0.9565217391304347
 0.9565972222222222
 0.965
 0.9086538461538463
 0.9614512471655329
 0.9744897959183673
 0.9605911330049262
 0.9444444444444445
 0
 0
 0.3333333333333333
 1
 1
 0.9
 0.8
 0.9
 0.6
 0.8
 0.7333333333333333
 0.8333333333333333
 0.8333333333333333
 0.8333333333333333
 1
 1
 0.9333333333333332
 0.9
 0.8333333333333333
 0.85
 0.86
 0.9199999999999999
 0.9
 0.96
 0.96
 0.96
 0.9666666666666668
 0.96
 0.9666666666666668
 0.9666666666666668
 0
 0
 0.6839397205857212
 0.8717436547304376
 0.905620888786014
 0.9072889847051449
 0.895700107793288
 0.8780007321460883
 0.7831826483218047
 0.806975767557232
 0.8444677516591457
 0.8613264950003434
 0.8728986162069722
 0.8569592964547166
 0.8864702701057845
 0.9137843664968183
 0.9357835096263062
 0.8478209027267229
 0.8579946117483147
 0.8730774030303686
 0.8851854141209345
 0.9224624657207892
 0.9448535675173318
 0.9174025532743734
 0.9175151809807149
 0.9227478504565104
 0.910692776515715
 0.930271803183314
 0.9269480004876203
 0.9496238464365596
 0
 0
 0.4928590027726323
 0.8901505728627045
 0.9075515733480447
 0.8480162335573828
 0.8106815586558794
 0.8516187538083955
 0.7543802814623033
 0.7663176088376659
 0.8059055394915826
 0.8562824697757055
 0.8701040076111313
 0.8742550645793477
 0.900532265503851
 0.9290661667808394
 0.9298632633661115
 0.8575710536579735
 0.8700709258685261
 0.877475681688312
 0.8818985653763401
 0.914214982638085
 0.9156876467110197
 0.9424691688931838
 0.9477063373612977
 0.945982416873107
 0.9464477616116724
 0.9537945465322125
 0.9495170060490398
 0.95627866490147
 0
 0
 0.3333333333333333
 1
 1
 0.8333333333333334
 0.7142857142857143
 0.875
 0.7777777777777778
 0.6
 0.8181818181818182
 0.75
 1
 0.8888888888888888
 1
 0.6666666666666666
 1
 0
 0
 1
 0
 1
 1
 1
 1
 1
 1
 1
 1
 1
 0
 0
 0.3882075574480156
 0.8880265276375808
 0.9581366920242411
 0.8909948620896617
 0.7993107867235429
 0.7913100560450081
 0.7585027088144957
 0.7192578824462862
 0.7499204545465483
 0.3865597335240712
 0.8987195790344957
 0.8841819524781189
 0.9078570532436367
 0.8723001508465511
 0.9638945628402155
 0.7359799503429615
 0.7717108180978812
 0.9295625575051648
 0.7802816550041167
 0.9639900620976647
 0.9620697644762704
 0.9525412514197353
 0.9687752980470741
 0.9762894336873218
 0.9700148993380202
 0.9485860406436236
 0.9493841473089188
 0.9723040314192331
 0
 0
 0.3678794411714423
 0.6906573300753882
 0.877236607021922
 0.8907110018933637
 0.8774935340058991
 0.8371848116328902
 0.8131353621667855
 0.8007838538329136
 0.7911273146853732
 0.7911984727135428
 0.8340208750086636
 0.8155227794268721
 0.862266454921262
 0.8882463361397489
 0.858434458005079
 0.8143927833641567
 0.8253130711866227
 0.8597009473287326
 0.8578026906339328
 0.8979029420666134
 0.9208320037437379
 0.8993697908609143
 0.929721907325624
 0.894589524741171
 0.8715047521268071
 0.9181607685645556
 0.8948793354228857
 0.9265889194139323
 0
 0
 0.5040172579974362
 0.8247814454382268
 0.8807422348390272
 0.8540523731626367
 0.7619983113137258
 0.8210001522200703
 0.7043660591584771
 0.7267988448399727
 0.7564701435776806
 0.7662892930916476
 0.8093581111234343
 0.8372792521727949
 0.8442440480108471
 0.8711047641788703
 0.8735093416644248
 0.8012207050450261
 0.8243938650028725
 0.8192168220011957
 0.8268737896946051
 0.8515374144050377
 0.8601337138085463
 0.8616079626254661
 0.8544103862615927
 0.8689716703574292
 0.8625962670157465
 0.8819442368115281
 0.8878314882713939
 0.8754046190018522
 0
 0
 0.938232121787181
 0.9788360866048119
 0.9209209206626353
 0.9340894090298613
 0.9280142863050724
 0.8886267281604967
 0.9319013093081608
 0.9062427459424228
 0.91944124896351
 0.9198399784133036
 0.9083985642276189
 0.9310676482239196
 0.9280054043635624
 0.9195064041741035
 0.9115834231191294
 0.905547105048315
 0.9072155292654761
 0.9026934925634031
 0.8967764050449577
 0.9031701357359447
 0.909513707666425
 0.9041031816784353
 0.8943606169194018
 0.9096041351109579
 0.8988220342032315
 0.9071463708335807
 0.9076498055947408
 0.90294787584265
 0
 0
 0.2681701818539776
 0.8433638324567497
 0.9317413071323555
 0.9469089530734008
 0.809462515700489
 0.8037969711309819
 0.7185242145644531
 0.8074350364408571
 0.8193163330370173
 0.8866261047739179
 0.8595012774467518
 0.9235200538038937
 0.9326591853812021
 0.9670337913931562
 0.9616748858199246
 0.527317407852635
 0.8932995159677104
 0.8999965057461381
 0.8845816213060826
 0.9218696001595922
 0.8618211675033312
 0.8508035647362797
 0.935742532939571
 0.926560782362523
 0.8625458975039361
 0.9509321280215999
 0.9591042781733781
 0.9530830472860895
 0
 0
 0.3678794411714423
 0.7736372761373552
 0.9017558191218732
 0.8467623242819857
 0.8001783253432947
 0.8472609208780417
 0.7945545400751155
 0.7930501312660846
 0.7517392057847008
 0.7875667438241527
 0.8013948985673625
 0.854866963550842
 0.8442825473895843
 0.9074238843616426
 0.8349920917011772
 0.7856797518445121
 0.8032708160344607
 0.8652230267040459
 0.8689221055248577
 0.8288763825452616
 0.9188014956493422
 0.9003473995522582
 0.9295684328388234
 0.9468983004457121
 0.9355861587209242
 0.9177088568120659
 0.8759934475034418
 0.8616069851711339
 0
 0
 0
 0
 0
 0
 0
 0
 0
 0
 0
 0
 0
 0
 0
 0
 0
 0
 0
 0
 0
 0
 0
 0
 0
 0
 0
 0
 0
 0
 0
 0
 0
 0
 0
 0
 0
 0
 0
 0
 0
 0
 0
 0
 0
 0
 0
 0
 0
 0
 0
 0
 0
 0
 0
 0
 0
 0
 0
 0
 0
 0
 0
 0
 0
 0
 0
 0
 0
 0
 0
 0
 0
 0
 0
 0
 0
 0
 0
 0
 0
 0
 0
 0
 0
 0
 0
 0
 0
 0
 0
 0
 0
 0
 0
 0
 0
 0
 0
 0
 0
 0
 0
 0
 0
 0
 0
 0
 0
 0
 0
 0
 0
 0
 0
 0
 0
 0
 0
 0
 0
 0
 0
 0
 0
 0
 0
 0
 0
 0
 0
 0
 0
 0
 0
 0
 0
 0
 0
 0
 0
 0
 0
 0
 0
 0
 0
 0
 0
 0
 0
 0
 0.8726418044360549
 0.9642319596878518
 0.8919488882785567
 0.8983503229596977
 0.9107591631085994
 0.898546569696421
 0.9340853813959967
 0.914463024862182
 0.9150624056746254
 0.9249525242141746
 0.9223610449106173
 0.9091411324870127
 0.9180904214294703
 0.9145005822664217
 0.9127399170175323
 0.9153946345665441
 0.9111217362415122
 0.9074931833472576
 0.9070695948612805
 0.9029945049606327
 0.9058657477807686
 0.9143651668655182
 0.9166769990597616
 0.9053517651214439
 0.9161526961350172
 0.8986509990754427
 0.9001817096841178
 0.8979640489703331
 0
 0
 0
 0
 0
 0
 0
 0
 0
 0
 0
 0
 0
 0
 0
 0
 0
 0
 0
 0
 0
 0
 0
 0
 0
 0
 0
 0
 0
 0
 0
 0
 0
 0
 0
 0
 0
 0
 0
 0
 0
 0
 0
 0
 0
 0
 0
 0
 0
 0
 0
 0
 0
 0
 0
 0
 0
 0
 0
 0


