# Created by Octave 3.8.2, Sat Nov 21 01:44:28 2015 CET <dkottke@snake7>
# name: mus
# type: matrix
# ndims: 3
 1 30 19
 0
 0
 0.4260651629072683
 0.5176767676767676
 0.5164556962025316
 0.5063131313131313
 0.5137844611528823
 0.5076530612244898
 0.509469696969697
 0.505128205128205
 0.4993686868686869
 0.5101010101010102
 0.5164102564102565
 0.5184948979591836
 0.5205128205128206
 0.5182291666666666
 0.633134413185564
 0.8396464646464646
 0.8521303258145361
 0.8789473684210526
 0.7969924812030075
 0.8800505050505051
 0.8795112247797671
 0.8697916666666669
 0.8693333333333335
 0.8651282051282052
 0.8665223665223664
 0.8635204081632654
 0.8460385192019374
 0.8384615384615386
 0
 0
 0.3333333333333333
 1
 1
 0.9
 0.8
 0.9
 0.9
 1
 1
 0.9
 0.9333333333333333
 0.9333333333333333
 0.9333333333333332
 1
 0.9333333333333333
 0.85
 0.9
 0.85
 0.85
 0.74
 0.78
 0.72
 0.8
 0.6866666666666668
 0.7866666666666667
 0.8200000000000001
 0.8266666666666665
 0.8
 0
 0
 0.6145606348606356
 0.8282281090139789
 0.910678616687269
 0.9115031217640019
 0.9273097186266898
 0.8826513967916236
 0.931520272793573
 0.9539786559665631
 0.9460296807165177
 0.9150851382640304
 0.9451590483119917
 0.9045718528288561
 0.9428508379756929
 0.9659577129896993
 0.9083410571607545
 0.8832684034696596
 0.8839610103448261
 0.8428370885515726
 0.8217654383798673
 0.8516307777720037
 0.8559550883040941
 0.8544421791776761
 0.8614846222132504
 0.8722498778590229
 0.8916554491711359
 0.8507905462352953
 0.8847363321560304
 0.9220462308093008
 0
 0
 0.3897075954542
 0.8720311086054865
 0.9270241545044692
 0.9003029509188905
 0.8784854748610684
 0.8855765309975956
 0.8978382334869968
 0.9560748754058718
 0.9557989253081129
 0.926415796204291
 0.9310075334536416
 0.9347816219099124
 0.9354955814698267
 0.9643290116532324
 0.9341755566625825
 0.8415589028049546
 0.8843558040846707
 0.8367628685694858
 0.8556415509569136
 0.8211735951656276
 0.8333705174302397
 0.8591631495335573
 0.8710462062322349
 0.8769065101350535
 0.8882965422021997
 0.8764357994509655
 0.8892572358828262
 0.8976707312466201
 0
 0
 0
 1
 1
 0.8333333333333334
 1
 0.875
 0.6666666666666666
 1
 1
 1
 0.7692307692307693
 0.8888888888888888
 0.8
 1
 1
 1
 1
 1
 1
 0
 1
 1
 1
 1
 1
 1
 1
 1
 0
 0
 0.001478127087333414
 0.9078812803864331
 0.9262814829266829
 0.9029742921483165
 0.9654381406812839
 0.8801189134982723
 0.8321860107605681
 0.9657931807649721
 0.9701933806209919
 0.9376156831513313
 0.8838611854486755
 0.9108335326480897
 0.9016767729031616
 0.983538383596618
 0.9532018003222175
 0.8691083222109223
 0.9170583459224579
 0.8877766311189826
 0.9181131891733174
 0.6958193200062655
 0.8876390166697355
 0.7453025530301784
 0.91331974186558
 0.9166417521417146
 0.9233870937687894
 0.8686220464714121
 0.8953034934975342
 0.8746484988378644
 0
 0
 0.3678794411714423
 0.7896221997368424
 0.7784194077781835
 0.8940803197493842
 0.8855554268103905
 0.8782216414047503
 0.9291382737029483
 0.9519860565581055
 0.951290172417081
 0.9105787561424137
 0.9031344511435442
 0.8939838407167574
 0.9221341248916052
 0.9594815418053275
 0.9116255802791698
 0.8598534324592637
 0.8985680655533856
 0.7919500634127129
 0.7877771659487114
 0.8484802687736124
 0.8805689051689244
 0.8467419601928852
 0.8893218482077023
 0.8581005411609112
 0.8655362030976365
 0.8609034592300128
 0.8635532554601908
 0.851755816724894
 0
 0
 0.4057188227007179
 0.8014566136857149
 0.8880360118252136
 0.8593685394156114
 0.8401411160384531
 0.8551185429437229
 0.9047014163297949
 0.8995998508541736
 0.9153667835594692
 0.8712035771932901
 0.8918033687185188
 0.8780643254404743
 0.8945398799484168
 0.9060851388345437
 0.8933786488516586
 0.7881284150601767
 0.8102203630539798
 0.7404755583197995
 0.77254926263324
 0.7259230064113493
 0.742156335086924
 0.7468309619704735
 0.7586250695343625
 0.776320312091322
 0.7836889014520557
 0.7892097027468745
 0.8036301907719656
 0.7927206010463583
 0
 0
 0.9565448327688064
 0.9148989927531006
 0.9286934555428021
 0.9405864192302433
 0.9297119464794222
 0.8979793480501083
 0.9302385597440088
 0.9036463612596326
 0.9314109284888247
 0.9217946650844731
 0.9241904791126733
 0.9275502151331081
 0.9174976891926587
 0.9047792034026003
 0.9033673287313401
 0.9039368822554067
 0.9065772229879158
 0.9052565102776816
 0.9023227040351645
 0.9023789540843918
 0.9053407366080405
 0.9122472974613066
 0.9073999992329138
 0.9004894627509897
 0.9022709498482672
 0.9136472918171868
 0.9033226690917588
 0.8967344249624011
 0
 0
 0.003156400701929796
 0.8789010973705963
 0.9036597973088031
 0.9375976295489536
 0.9474587581891557
 0.9521519499200288
 0.8934418567186062
 0.986175620654332
 0.9323034025227011
 0.9160381572370349
 0.9462348905387983
 0.9422927956324256
 0.9387101959256701
 0.9894747883080818
 0.9738525156682858
 0.8749797043275913
 0.9059225753149014
 0.7233902999649003
 0.8825062509812576
 0.8332265925347515
 0.8230659369437353
 0.7160838347562455
 0.8412907583187209
 0.8899452534203537
 0.8698399557681291
 0.8831295246217816
 0.913587124415019
 0.8992818020668929
 0
 0
 0.3678794411714423
 0.764317178036948
 0.7713026255898461
 0.8506659726501518
 0.8651361640335997
 0.8920030451269692
 0.8728606100860372
 0.9336728759049849
 0.9333912142058509
 0.8768492679795448
 0.9103375273321298
 0.8727642448373907
 0.9537726756926523
 0.9243208584656624
 0.884462181062912
 0.8976942575637304
 0.8127236390755366
 0.7705114061170806
 0.7715193317617873
 0.8734587334275632
 0.781495051998771
 0.9143642414418645
 0.8799092568999982
 0.7652864637127732
 0.8439545920177719
 0.8976208076200074
 0.8714318228081342
 0.9318816947137351
 0
 0
 0
 0
 0
 0
 0
 0
 0
 0
 0
 0
 0
 0
 0
 0
 0
 0
 0
 0
 0
 0
 0
 0
 0
 0
 0
 0
 0
 0
 0
 0
 0
 0
 0
 0
 0
 0
 0
 0
 0
 0
 0
 0
 0
 0
 0
 0
 0
 0
 0
 0
 0
 0
 0
 0
 0
 0
 0
 0
 0
 0
 0
 0
 0
 0
 0
 0
 0
 0
 0
 0
 0
 0
 0
 0
 0
 0
 0
 0
 0
 0
 0
 0
 0
 0
 0
 0
 0
 0
 0
 0
 0
 0
 0
 0
 0
 0
 0
 0
 0
 0
 0
 0
 0
 0
 0
 0
 0
 0
 0
 0
 0
 0
 0
 0
 0
 0
 0
 0
 0
 0
 0
 0
 0
 0
 0
 0
 0
 0
 0
 0
 0
 0
 0
 0
 0
 0
 0
 0
 0
 0
 0
 0
 0
 0
 0
 0
 0
 0
 0
 0
 0.906240042881677
 0.8954879816227952
 0.9326790731878696
 0.9014444185243295
 0.9378240385356978
 0.9192165155803654
 0.902920060992163
 0.921234762753449
 0.9298451000897587
 0.9112452997755943
 0.9244636094603336
 0.9226186877451119
 0.9126691496849096
 0.9196510967858268
 0.9177974618588558
 0.9072099648120672
 0.9108123389676822
 0.9173178638485249
 0.914407998364942
 0.9148373715809476
 0.9102506140368226
 0.9047274716910734
 0.8973732680143557
 0.9087132539135087
 0.9037944592361342
 0.9000504710451978
 0.9129460704998694
 0.8945447507654338
 0
 0
 0
 0
 0
 0
 0
 0
 0
 0
 0
 0
 0
 0
 0
 0
 0
 0
 0
 0
 0
 0
 0
 0
 0
 0
 0
 0
 0
 0
 0
 0
 0
 0
 0
 0
 0
 0
 0
 0
 0
 0
 0
 0
 0
 0
 0
 0
 0
 0
 0
 0
 0
 0
 0
 0
 0
 0
 0
 0


