# Created by Octave 3.8.2, Fri Nov 20 23:58:40 2015 CET <dkottke@snake7>
# name: mus
# type: matrix
# ndims: 3
 1 30 19
 0
 0
 0.49874686716792
 0.8520066889632107
 0.5037656903765687
 0.50251256281407
 0.5009746588693957
 0.5218120805369127
 0.7209690893901417
 0.7134453781512603
 0.7005838198498749
 0.7095959595959596
 0.6973244147157192
 0.712605042016807
 0.7080168776371306
 0.6984797297297297
 0.6937815126050421
 0.6877104377104379
 0.6906154274575327
 0.6932203389830509
 0.6925647451963245
 0.6983726150392817
 0.6929347826086961
 0.6981292517006803
 0.6885106382978726
 0.6994147157190638
 0.7015993265993264
 0.8652210884353738
 0.8578637510513035
 0.8598290598290598
 0
 0
 1
 0.5
 1
 1
 1
 0.9
 0.8
 0.9
 1
 1
 0.9333333333333332
 0.8
 0.9333333333333332
 0.9333333333333332
 0.9333333333333332
 0.85
 0.7666666666666667
 0.8
 0.62
 0.86
 0.8699999999999999
 0.96
 0.9199999999999999
 0.9266666666666667
 0.8600000000000001
 0.78
 0.6799999999999999
 0.6666666666666667
 0
 0
 1
 0.7035403580687772
 0.8740339466102511
 0.944162683970144
 0.9172223077724508
 0.9205868049138299
 0.8561321940764486
 0.8834214430032353
 0.8910172448953979
 0.9206237183985282
 0.9153346858437396
 0.9044622208812685
 0.9294647687265293
 0.9602280813210486
 0.9227549671070309
 0.9444117435867737
 0.9269555174782684
 0.9155849791747293
 0.8794557442162664
 0.8813335965583219
 0.9052169706201505
 0.8940282232308183
 0.9184911463767587
 0.8926059791574087
 0.9097810141070841
 0.8536875219732681
 0.7855465671793288
 0.7721103663682715
 0
 0
 0.9999999999816566
 0.5103164898907681
 0.7695233807200659
 0.8987707601960009
 0.8985967327079821
 0.8991006541569906
 0.8108742663585554
 0.7932941470425721
 0.8374105061329106
 0.8467202666113288
 0.8622250958354962
 0.8732241074009452
 0.8653713610868315
 0.8879628135394003
 0.8900423417976371
 0.9061485116054302
 0.8660286166828105
 0.8742600770222789
 0.8218139721859069
 0.8286765053741338
 0.8366734697207624
 0.8520810270203457
 0.8568063928696803
 0.8485456038718057
 0.8469358686554909
 0.7985264875483293
 0.7230459185014071
 0.7386028238411834
 0
 0
 1
 0.5
 1
 1
 1
 0.75
 0.8888888888888888
 0.7
 1
 1
 1
 1
 1
 1
 1
 1
 1
 1
 1
 1
 1
 1
 1
 1
 0
 1
 1
 1
 0
 0
 0.9999999999907334
 0.4283602658894682
 0.7212809787155807
 0.7125358976806724
 0.9745614029125855
 0.8851624076926252
 0.8920026467653045
 0.7653100187823025
 0.9378435819624564
 0.9398644692178202
 0.9263352647862053
 0.821749963620241
 0.823134548607618
 0.9776554748325056
 0.8692541706921254
 0.8504452458895994
 0.8621589744927245
 0.8349309616913009
 0.9145404957866443
 0.9421250025598373
 0.8021076582972053
 0.8287688028199849
 0.8337637880074684
 0.8368857027775574
 0.8018362692820911
 0.7615138126780521
 0.7232516625915519
 0.6678071456619302
 0
 0
 1
 0.6677289632502864
 0.6526128830089654
 0.7319195148898034
 0.873674857802164
 0.8109491357033916
 0.8143231321922219
 0.828144988626458
 0.8213913720727566
 0.8454985170874352
 0.8475432978127185
 0.8257865954284143
 0.9285316266063177
 0.8945734419995267
 0.8500756125728768
 0.8909587249979091
 0.8957240969649385
 0.8667321138656802
 0.8300472801817181
 0.9297506197055568
 0.8554096502451372
 0.9439018791157233
 0.8876268187438496
 0.836062477362303
 0.8719917617613514
 0.8265642097445097
 0.7623233564994054
 0.7602788330920397
 0
 0
 0.9999999999731075
 0.4541412438710308
 0.7104717834921723
 0.9090959577322418
 0.8689724008626598
 0.9169273753319275
 0.8129288418126833
 0.8046830735168595
 0.8220215370956494
 0.8316230910085091
 0.8403616677171853
 0.8523223463262871
 0.8601238209408004
 0.8956950512489904
 0.8986362790105229
 0.9157726095783785
 0.8787059328709333
 0.8821923021992012
 0.8379702604634794
 0.844472032529845
 0.8565830277272953
 0.8720165869555219
 0.8777347313859204
 0.869630587322854
 0.8693356413547331
 0.8119559166031456
 0.7439758297957642
 0.7524385084067953
 0
 0
 0.9999954644939409
 0.999976623389312
 0.9999999969546812
 0.9999999999993281
 0.9999999972459879
 1
 0.9999999999999998
 0.9999999999998397
 0.9999999999907307
 0.9992324848653354
 0.9899147320582493
 0.9878011210520999
 0.9816633896429655
 0.9686187712706988
 0.9809637268812108
 0.9679874119296864
 0.9725819809971405
 0.9635744731556628
 0.9609190804148775
 0.9619228816250396
 0.9668874648337898
 0.9507633821697988
 0.9557776219530568
 0.9575266409127747
 0.9609879335178545
 0.9578372307713291
 0.9525979363170705
 0.9421778615685644
 0
 0
 0.9999999999890329
 0.4050916563218994
 0.7784100079734978
 0.7548199846052335
 0.9801669713970727
 0.993482138423786
 0.8366116455423777
 0.8941698042826669
 0.7466277285357013
 0.7962613380646856
 0.8560916377831022
 0.8596795355655112
 0.8406799954895648
 0.9011726193204261
 0.8763871934032939
 0.9049427011633546
 0.8585723729819168
 0.8652244623527903
 0.8514226818471746
 0.8268305722345081
 0.8297512140675105
 0.9405089817078425
 0.8834535845780137
 0.883586077047725
 0.8885770795676221
 0.8057882116597546
 0.7425617210140442
 0.7612971938386572
 0
 0
 1
 0.7144630591063955
 0.6212198835127815
 0.6751160403721392
 0.8486509178930587
 0.8319152066396434
 0.8079927292441936
 0.776672305683853
 0.7832825215152213
 0.9060383069011642
 0.8802299209899574
 0.8215567520138963
 0.8077096688465203
 0.9024131655659571
 0.8606117502118077
 0.8711287785397241
 0.8611580325938837
 0.8566211122467253
 0.7992223928580453
 0.8667276366173028
 0.8426649422043004
 0.8772388979293467
 0.8588832903765773
 0.8681836215678606
 0.8544567801971867
 0.8137594872884997
 0.7608326015310942
 0.7944502954257385
 0
 0
 0
 0
 0
 0
 0
 0
 0
 0
 0
 0
 0
 0
 0
 0
 0
 0
 0
 0
 0
 0
 0
 0
 0
 0
 0
 0
 0
 0
 0
 0
 0
 0
 0
 0
 0
 0
 0
 0
 0
 0
 0
 0
 0
 0
 0
 0
 0
 0
 0
 0
 0
 0
 0
 0
 0
 0
 0
 0
 0
 0
 0
 0
 0
 0
 0
 0
 0
 0
 0
 0
 0
 0
 0
 0
 0
 0
 0
 0
 0
 0
 0
 0
 0
 0
 0
 0
 0
 0
 0
 0
 0
 0
 0
 0
 0
 0
 0
 0
 0
 0
 0
 0
 0
 0
 0
 0
 0
 0
 0
 0
 0
 0
 0
 0
 0
 0
 0
 0
 0
 0
 0
 0
 0
 0
 0
 0
 0
 0
 0
 0
 0
 0
 0
 0
 0
 0
 0
 0
 0
 0
 0
 0
 0
 0
 0
 0
 0
 0
 0
 0
 0.9999967784759636
 0.9999999582361228
 0.9999999998707514
 0.9999999989110506
 0.9999999788637777
 0.9999999998630565
 0.9999998149820288
 0.9999992191132573
 0.9999580311130156
 0.99999623065122
 0.9952804278427011
 0.9833205643895436
 0.9757969949961546
 0.9726553026235297
 0.9767324370998851
 0.9668156836386479
 0.9702407202448481
 0.9632638433128561
 0.9664296315756363
 0.9644117134377904
 0.9596773551843073
 0.9538708146621324
 0.9545444343538175
 0.9540193514399083
 0.952364050358447
 0.9583939958718261
 0.9433054975818411
 0.9514593563012101
 0
 0
 0
 0
 0
 0
 0
 0
 0
 0
 0
 0
 0
 0
 0
 0
 0
 0
 0
 0
 0
 0
 0
 0
 0
 0
 0
 0
 0
 0
 0
 0
 0
 0
 0
 0
 0
 0
 0
 0
 0
 0
 0
 0
 0
 0
 0
 0
 0
 0
 0
 0
 0
 0
 0
 0
 0
 0
 0
 0


