# Created by Octave 3.8.2, Sun Nov 15 23:25:06 2015 CET <dkottke@snake4>
# name: mus
# type: matrix
# ndims: 3
 1 30 19
 0
 0
 0.6956521739130433
 0.8798076923076923
 0.9804878048780489
 0.9803921568627452
 0.935960591133005
 0.9807692307692307
 0.9855072463768116
 0.9850000000000001
 0.985645933014354
 0.9705882352941174
 0.9903846153846154
 0.9897959183673469
 0.9846153846153847
 0.9903846153846154
 0.9812091503267975
 0.9898989898989899
 0.9904306220095694
 0.9949999999999999
 0.9947089947089948
 0.994949494949495
 0.9951690821256037
 0.9947916666666666
 0.995
 0.9951923076923077
 1
 1
 1
 1
 0
 0
 0.6666666666666666
 0.75
 0.6
 0.5
 0.4
 0.6
 0.9
 0.8
 0.8666666666666668
 0.5
 0.5666666666666667
 0.6333333333333333
 0.7333333333333332
 0.7666666666666666
 0.7166666666666666
 0.6166666666666666
 0.7
 0.75
 0.82
 0.68
 0.65
 0.6599999999999999
 0.68
 0.7
 0.7066666666666667
 0.7133333333333334
 0.7666666666666667
 0.7666666666666668
 0
 0
 0.6237377626020491
 0.6055371706534969
 0.5456633483419742
 0.7587406533804338
 0.6324390489688008
 0.7482053107332911
 0.7376699680861486
 0.7144922142624347
 0.6311699086108118
 0.4825054076989637
 0.5652430622929876
 0.6957995063085046
 0.479898285191718
 0.4909141343904326
 0.5261182016707124
 0.602253046228669
 0.5800229293439911
 0.5874293465126339
 0.6116078440071101
 0.6384313610592744
 0.6396240324347929
 0.7005889627432114
 0.7571658270822583
 0.7267098120131212
 0.7169163653860439
 0.726178846218296
 0.7348872915533686
 0.7406135964232254
 0
 0
 0.6666544715861912
 0.6982253629484504
 0.7106824622676978
 0.577816160496322
 0.5340014802125462
 0.5551581841975389
 0.6018085315006882
 0.5621098322070205
 0.5311040790629946
 0.5228066127121768
 0.5113635090773239
 0.5152312232746645
 0.5261915868910796
 0.5387876653786213
 0.547869047507216
 0.5649308293810091
 0.5412884140654332
 0.5491758072281321
 0.5778716433685226
 0.579718818883765
 0.6017053887099655
 0.6182964375294014
 0.6425294327849665
 0.6467465726833758
 0.6221461805592013
 0.6372199798815336
 0.6465004652004661
 0.6566534903889987
 0
 0
 0.8583938172638229
 0.6920737148139913
 0.5875028746984053
 0.5738608272861387
 0.5322075227052971
 0.5998937650898395
 0.5941726752324935
 0.5708071867064777
 0.542073638500158
 0.5203912848548138
 0.5067264293481892
 0.5122911557322491
 0.5184258952202956
 0.5306926797671926
 0.5586664515669419
 0.55518956148512
 0.5487445178469793
 0.5516428087909661
 0.5775849790556445
 0.5682142158677785
 0.5950459500592916
 0.6277758287193486
 0.6463903936135444
 0.6544646331583924
 0.626292047551702
 0.6380706210503263
 0.6525583528808063
 0.6556349195844215
 0
 0
 0.9498596537810936
 0.7048198448842358
 0.6851294689319288
 0.603075370630229
 0.4856664966850345
 0.5508051614611192
 0.5608708106528258
 0.5783522693167196
 0.5654911409000676
 0.5262918446300608
 0.5075898390548376
 0.4878554587183761
 0.5114719268989704
 0.5389414811868882
 0.5472458345427723
 0.5144318025279616
 0.5712139884119535
 0.5015652692966528
 0.5964348762962091
 0.5882097338730611
 0.59370567846439
 0.6297733750255374
 0.6319133634769587
 0.7155910674658023
 0.609781016324157
 0.581461503762522
 0.6099610512489141
 0.6194955740498783
 0
 0
 0.7892931470571475
 0.734374358231157
 0.8117251196635891
 0.7221821804458548
 0.6594351183151917
 0.743107711687406
 0.7108410905690237
 0.8160804466255055
 0.6446166515493431
 0.7760428481303009
 0.6979486799473336
 0.750674364228252
 0.6879391790333266
 0.6712782261446785
 0.692982142017649
 0.7318749679834301
 0.7068887922962827
 0.7055721881456719
 0.7214936282062386
 0.7383757907782715
 0.7222530110359472
 0.7012206719827045
 0.7619520545063508
 0.7539039667927293
 0.7667725826855407
 0.7359362323324514
 0.7898204107521328
 0.7973079647821441
 0
 0
 0.6471205682522343
 0.7174629042705589
 0.6913420411230295
 0.5546684235837389
 0.4942868961417032
 0.5691915438370894
 0.5771579971439316
 0.564520063353122
 0.5407237599341739
 0.4816408030296569
 0.5069832678554163
 0.488607986971989
 0.5030828982197377
 0.5229310051371961
 0.5287585881046192
 0.5581492270743598
 0.5394910406687038
 0.5573116872666403
 0.5786419946945154
 0.5860083858192862
 0.6149807287092518
 0.6363696020816449
 0.6613057272268418
 0.6674692239785702
 0.6460583131101202
 0.6521969435071808
 0.6680843676342176
 0.678926262508067
 0
 0
 0.841121280314477
 0.6663704335408327
 0.6040079344223557
 0.5918266962439661
 0.4855092489869817
 0.602015455819399
 0.6010070833437217
 0.552924587029339
 0.5459903230755092
 0.4970669907340855
 0.4948233619255747
 0.4907560167259251
 0.4926101951348182
 0.5135315730475676
 0.5403973131902632
 0.5608569626316073
 0.5392216656434394
 0.5534991313182472
 0.5795277868586881
 0.5730788089490149
 0.6157611395879483
 0.63515475572062
 0.6660841323444417
 0.6772240899857307
 0.647658589828051
 0.6512662074933321
 0.6713408570369936
 0.673053339811074
 0
 0
 0.8686821643443621
 0.6139948187055354
 0.6889071551134192
 0.5391440202327947
 0.4875821912274502
 0.5869711329073221
 0.5837351284114779
 0.5636847236170458
 0.5224191481737098
 0.4785561998879481
 0.5040212876834963
 0.4816064725533976
 0.5311222408439202
 0.5455636997939893
 0.530297007902044
 0.574095071922039
 0.5243104721313234
 0.5262907819015654
 0.5841831931296679
 0.5865845148110781
 0.5948372265874107
 0.6141618163634824
 0.6968103112105024
 0.6740802858269223
 0.6299960938876418
 0.6511235090934426
 0.6578999510963817
 0.6639809329160655
 0
 0
 0.7892931470571475
 0.7889872482651124
 0.8110486674142132
 0.7358586516855247
 0.6603593559536808
 0.7417069062850243
 0.7132305002538191
 0.7695988297808165
 0.6729107049500982
 0.6827275452779056
 0.696848006325072
 0.6763358004662161
 0.6788647124874247
 0.6972777154277846
 0.6750757406744911
 0.6859803587916633
 0.6837250064671472
 0.6704477223969049
 0.6910264433057488
 0.6966837736776749
 0.7115434255079818
 0.7327718539530075
 0.7388795830849065
 0.7646118031072167
 0.7458196988706846
 0.7485207806468255
 0.7426609059886166
 0.7602166145405926
 0
 0
 0
 0
 0
 0
 0
 0
 0
 0
 0
 0
 0
 0
 0
 0
 0
 0
 0
 0
 0
 0
 0
 0
 0
 0
 0
 0
 0
 0
 0
 0
 0
 0
 0
 0
 0
 0
 0
 0
 0
 0
 0
 0
 0
 0
 0
 0
 0
 0
 0
 0
 0
 0
 0
 0
 0
 0
 0
 0
 0
 0
 0
 0
 0
 0
 0
 0
 0
 0
 0
 0
 0
 0
 0
 0
 0
 0
 0
 0
 0
 0
 0
 0
 0
 0
 0
 0
 0
 0
 0
 0
 0
 0
 0
 0
 0
 0
 0
 0
 0
 0
 0
 0
 0
 0
 0
 0
 0
 0
 0
 0
 0
 0
 0
 0
 0
 0
 0
 0
 0
 0
 0
 0
 0
 0
 0
 0
 0
 0
 0
 0
 0
 0
 0
 0
 0
 0
 0
 0
 0
 0
 0
 0
 0
 0
 0
 0
 0
 0
 0
 0
 0.5375836525957722
 0.6073903275969791
 0.5830627260924167
 0.6179213924916422
 0.4864261450146157
 0.6066535663417958
 0.5935816210996199
 0.5566215071397156
 0.5494497217016926
 0.4944825897889078
 0.490718560372844
 0.4859011589417548
 0.4896555240404031
 0.5136867438817806
 0.5395333833466779
 0.5556042863004039
 0.5366038124697295
 0.5566442130000322
 0.5812405441070121
 0.5732000119469125
 0.6084000783440594
 0.6334285495387185
 0.6677882356476129
 0.6738253643528244
 0.6470539604735358
 0.6491703747220183
 0.6680095237873047
 0.6707996593912449
 0
 0
 0
 0
 0
 0
 0
 0
 0
 0
 0
 0
 0
 0
 0
 0
 0
 0
 0
 0
 0
 0
 0
 0
 0
 0
 0
 0
 0
 0
 0
 0
 0
 0
 0
 0
 0
 0
 0
 0
 0
 0
 0
 0
 0
 0
 0
 0
 0
 0
 0
 0
 0
 0
 0
 0
 0
 0
 0
 0


