# Created by Octave 3.8.2, Mon Nov 16 02:33:04 2015 CET <dkottke@snake6>
# name: mus
# type: matrix
# ndims: 3
 1 30 19
 0
 0
 0.6618357487922704
 0.8846153846153846
 0.8634146341463416
 0.8627450980392155
 0.87192118226601
 0.8461538461538461
 0.8743961352657006
 0.8850000000000001
 0.6985645933014354
 0.6813725490196078
 0.6754807692307693
 0.8622448979591838
 0.8615384615384615
 0.8221153846153846
 0.8635620915032681
 0.8712121212121211
 0.7942583732057416
 0.8899999999999999
 0.8835978835978836
 0.8905723905723906
 0.9082125603864735
 0.8993055555555556
 0.905
 0.9086538461538461
 0.891912320483749
 0.8928571428571429
 0.8754398311048556
 0.8944444444444445
 0
 0
 1
 0.5
 0.6
 0.7
 0.6
 0.8
 0.8
 0.8
 1
 1
 1
 0.9333333333333333
 0.9333333333333333
 0.9333333333333333
 0.9
 1
 1
 1
 1
 1
 0.96
 0.96
 0.96
 0.96
 1
 1
 1
 1
 0
 0
 1
 0.7059904377541593
 0.7242878413620122
 0.7829719414688618
 0.7998284897042901
 0.8636726661459744
 0.8775793184402026
 0.8706259922930886
 0.9317726944961611
 0.9466911662054583
 0.9321182791322389
 0.953706902597493
 0.9665879133190619
 0.941274319492337
 0.9702645697365102
 0.9431012636994539
 0.9691692666609911
 0.9683538584727653
 0.9678409221071492
 0.9981884329441256
 0.9853396263795733
 0.9826369987255423
 0.9901257239406828
 0.9817457351889699
 0.9810352155892827
 0.9828875727029752
 0.996615297940598
 0.9857564645452175
 0
 0
 0.99999999996642
 0.6120288741330854
 0.5850366030090917
 0.6638675166559304
 0.7449250958825895
 0.785439788530034
 0.8215101096820522
 0.8437749137058868
 0.8639219161267335
 0.8752273659673027
 0.8858701184852016
 0.8699725592421107
 0.8774842302354828
 0.8837846799724427
 0.8894760844693563
 0.894994408366096
 0.9025155077855648
 0.9042896616247438
 0.9108045129687674
 0.9201863055599819
 0.9158943052428868
 0.9164595810268179
 0.9187762703891893
 0.9221207874789996
 0.9246484265758447
 0.9313862307198857
 0.9307332458676084
 0.9317463464939694
 0
 0
 0.9999999999888673
 0.5716718028589117
 0.6557141126919084
 0.7250052715140675
 0.7725115924998538
 0.7974161446457038
 0.793278385423
 0.8306513562569701
 0.8581787219260677
 0.8702123466395622
 0.8879704950395101
 0.87440642753964
 0.8848116264867291
 0.8860720233330882
 0.8942533581068492
 0.8943469593346809
 0.9071321984835787
 0.9070794408189619
 0.9076023410638673
 0.9181250511356214
 0.9170034941418199
 0.9213497235543423
 0.9230112055749669
 0.924858949720467
 0.9249806624032475
 0.9337308329498772
 0.9338463658503253
 0.9372321366910354
 0
 0
 0.9999999999862489
 0.549050249920126
 0.7668854876609883
 0.7632435418068838
 0.7145715529756971
 0.79077967386787
 0.8147759755514054
 0.8206367786032103
 0.8898264659262304
 0.8421934332723703
 0.8446109744792728
 0.9467424551282718
 0.8383069577285073
 0.8574342979032047
 0.8485117308863601
 0.9502240805868341
 0.8900685456678141
 0.892384354388844
 0.9534269875829474
 0.9297811963510452
 0.8646599037089879
 0.8826818582114068
 0.946536775921011
 0.9192574872927476
 0.9024727606532836
 0.8936435201152443
 0.8898044109785413
 0.9344754519056965
 0
 0
 1
 0.8015766358775036
 0.9429225019751422
 0.7981125093947961
 0.8026817150707924
 0.8712347520478978
 0.8338537109638914
 0.9130915825804903
 0.8383424168458966
 0.9830645211821221
 0.9106164295828807
 0.880029502224656
 0.892074604895925
 0.8923386091441003
 0.9120943460794062
 0.8823534853544825
 0.9099898044764266
 0.906974648110965
 0.8972600734301125
 0.9019615451566537
 0.9294951409149576
 0.9297185655088823
 0.9319199347035541
 0.9135356608207336
 0.9521813374813941
 0.9390532496218276
 0.9560590909228391
 0.9465461248934411
 0
 0
 0.9999999999685001
 0.6255839679389307
 0.6641922231316024
 0.6465366301034512
 0.7157757288236964
 0.7758987403985408
 0.8081675481076754
 0.8383307967560879
 0.8611999839626785
 0.8682318399770517
 0.8834658396744189
 0.8955517246812816
 0.9047809454844279
 0.9270453381782524
 0.9282118289356744
 0.9317627788836818
 0.9335029099342931
 0.9291843612460507
 0.943645087999643
 0.9519733304998436
 0.9530552425133484
 0.9560374509893828
 0.9561635929403841
 0.9576439393327223
 0.9612693168493591
 0.9684458713935959
 0.9691860440672793
 0.9695073925484931
 0
 0
 0.9999999999759088
 0.571105277598059
 0.6189672222324676
 0.6891127006695028
 0.7231233921020327
 0.7710316225463878
 0.7907440888170723
 0.8229501287726161
 0.8431301298553157
 0.8590816418675788
 0.8856049115510141
 0.9110247476322912
 0.9107849349043117
 0.9239713805845156
 0.9300582226526576
 0.924249570366007
 0.9363606705343358
 0.9344433741578168
 0.9363686687501379
 0.9538070299543137
 0.9519905222583925
 0.9558600625580961
 0.9609163555553863
 0.9607132896115077
 0.9608147896526933
 0.9691712292518373
 0.9714732893875558
 0.9705717807558573
 0
 0
 0.9999999999899939
 0.6386237570933018
 0.6883844408117484
 0.7143592709373487
 0.6935822383216441
 0.744429125704593
 0.7979462762133572
 0.8244803059498266
 0.8556178958853734
 0.8437429306758877
 0.9670130045238784
 0.8855877300444872
 0.9006393730285072
 0.9232422174579674
 0.923893288417011
 0.9128192176676549
 0.9258891480636785
 0.9364961059355577
 0.9457086625490499
 0.9540458274590776
 0.9380722481143491
 0.956823097184999
 0.969005765899384
 0.9500307811937273
 0.9485910049458877
 0.9677492617009218
 0.9867547118986393
 0.9615145933877977
 0
 0
 1
 0.8295975793318386
 0.8777233408786198
 0.8787584161354568
 0.8081085244479493
 0.8631799770804145
 0.8346814346178041
 0.8743072580762892
 0.8288520907805859
 0.8412534240713502
 0.8972630837190543
 0.8512141533978418
 0.8542613259471697
 0.891516122256589
 0.9004101138559707
 0.8807192754447148
 0.9845718509937973
 0.9070453466434798
 0.9002036476095497
 0.9328927986063079
 0.9317955581295254
 0.931440386907053
 0.9324223021803151
 0.9342280266345407
 0.9495620732999528
 0.9411930362733119
 0.9637503412389233
 0.9517942890065314
 0
 0
 0
 0
 0
 0
 0
 0
 0
 0
 0
 0
 0
 0
 0
 0
 0
 0
 0
 0
 0
 0
 0
 0
 0
 0
 0
 0
 0
 0
 0
 0
 0
 0
 0
 0
 0
 0
 0
 0
 0
 0
 0
 0
 0
 0
 0
 0
 0
 0
 0
 0
 0
 0
 0
 0
 0
 0
 0
 0
 0
 0
 0
 0
 0
 0
 0
 0
 0
 0
 0
 0
 0
 0
 0
 0
 0
 0
 0
 0
 0
 0
 0
 0
 0
 0
 0
 0
 0
 0
 0
 0
 0
 0
 0
 0
 0
 0
 0
 0
 0
 0
 0
 0
 0
 0
 0
 0
 0
 0
 0
 0
 0
 0
 0
 0
 0
 0
 0
 0
 0
 0
 0
 0
 0
 0
 0
 0
 0
 0
 0
 0
 0
 0
 0
 0
 0
 0
 0
 0
 0
 0
 0
 0
 0
 0
 0
 0
 0
 0
 0
 0
 0.9834795292789603
 0.562621062130804
 0.6157760153893288
 0.6872115342583087
 0.7154463373870049
 0.7671620432894656
 0.7886085904729793
 0.8196698720043005
 0.8409505878197439
 0.8584822664303775
 0.8846594306030489
 0.9074149399808618
 0.9114593652876783
 0.9258058513235736
 0.9276389454067238
 0.9197801978419727
 0.9358930182999523
 0.9351629526933549
 0.9345511141795813
 0.9532665626407189
 0.9520320045069212
 0.9556090559439938
 0.9611871425801586
 0.959401201083075
 0.9613320955581492
 0.9699315074185521
 0.9708004261966019
 0.9675923319847456
 0
 0
 0
 0
 0
 0
 0
 0
 0
 0
 0
 0
 0
 0
 0
 0
 0
 0
 0
 0
 0
 0
 0
 0
 0
 0
 0
 0
 0
 0
 0
 0
 0
 0
 0
 0
 0
 0
 0
 0
 0
 0
 0
 0
 0
 0
 0
 0
 0
 0
 0
 0
 0
 0
 0
 0
 0
 0
 0
 0


