# Created by Octave 3.8.2, Fri Nov 20 20:13:07 2015 CET <dkottke@snake3>
# name: mus
# type: matrix
# ndims: 3
 1 30 19
 0
 0
 0.6772398441847529
 0.6809576837416481
 0.6495821727019498
 0.6471571906354517
 0.6364647026125626
 0.6272321428571429
 0.6800670016750417
 0.6798882681564246
 0.6923751095530239
 0.6907158836689039
 0.6847826086956519
 0.6844308035714283
 0.6946778711484595
 0.6690848214285714
 0.6727917833800185
 0.6459034792368125
 0.6514557670772676
 0.6550561797752807
 0.6984873949579831
 0.6939768050879165
 0.6951876625789672
 0.6976351351351351
 0.7042253521126759
 0.7062430323299891
 0.6885521885521882
 0.688895089285714
 0.6804783092324805
 0.68135593220339
 0
 0
 0.3333333333333333
 0.75
 1
 1
 1
 1
 0.9
 0.9
 0.9333333333333332
 0.9
 0.9333333333333332
 0.9
 0.9333333333333332
 0.6333333333333333
 0.5999999999999999
 0.5333333333333333
 0.5833333333333333
 0.7
 0.77
 0.54
 0.6500000000000001
 0.7100000000000001
 0.7200000000000001
 0.66
 0.5133333333333334
 0.6
 0.58
 0.6333333333333333
 0
 0
 0.6090833386191814
 0.8180258997311728
 0.915717258822859
 0.9236725175564157
 0.9556849499658218
 0.8777900252931455
 0.830990896292043
 0.8696530271918146
 0.8933051281350395
 0.8601605991530876
 0.8926207461255097
 0.9064651604577708
 0.9079024970687698
 0.6550558275233483
 0.6740974705702842
 0.6694058557549236
 0.6709634551226279
 0.6468825537131944
 0.7392356631150337
 0.6507624023082361
 0.7387350201198384
 0.7246725474983036
 0.7021416289432684
 0.6614403470004415
 0.619775527342068
 0.6286469697234385
 0.6451277868122491
 0.7003061287222976
 0
 0
 0.3297543835102847
 0.7209151364872296
 0.8727069700413073
 0.9364678814355452
 0.9414361034480346
 0.9171920913751747
 0.8643974114375531
 0.9058496209761284
 0.8864054844916807
 0.9023841831042735
 0.9196744129905881
 0.9208261401896346
 0.8823982046104427
 0.6425684010541189
 0.6617182739716643
 0.6617918495431653
 0.6956406155856375
 0.6623335006202111
 0.7513092365897406
 0.6704003938175688
 0.6940579753920533
 0.7121829668413037
 0.7214256943030594
 0.6476628779762805
 0.6020003266856681
 0.6367804102834657
 0.6386852464209419
 0.6448608379927173
 0
 0
 0.3333333333333333
 0.5
 1
 1
 1
 1
 0.8888888888888888
 1
 0.9090909090909091
 0.75
 0.9230769230769231
 0.8888888888888888
 0.6
 0.3333333333333333
 0
 0
 0
 0
 1
 1
 0
 1
 1
 1
 1
 1
 0
 1
 0
 0
 0.2715566390833209
 0.5878839572613159
 0.9691901618768729
 0.9804631425173016
 0.9781558275463561
 0.9011953646557269
 0.8640742868192179
 0.9385621270286341
 0.8833313418506024
 0.8532154062169109
 0.9131386640361299
 0.8962161293242203
 0.846450077190631
 0.6310031209533629
 0.5315296164248013
 0.4603382787426212
 0.6338002306461227
 0.5595817070481806
 0.7189214564107752
 0.7751086712456776
 0.5517332710019882
 0.7631004513104189
 0.6867188837865724
 0.7762340466872413
 0.7003618295960805
 0.7110804283491484
 0.457655119381394
 0.6377491063328541
 0
 0
 0.3678794411714423
 0.7144982619669833
 0.8422896436881619
 0.8918606156036322
 0.9067813643898868
 0.9163143814179717
 0.8565778334117207
 0.8421189249908453
 0.8505881111429232
 0.9002508147004793
 0.8331721239992956
 0.8968182018063542
 0.8828626547586818
 0.7415322770834174
 0.739259354724459
 0.6641945148567714
 0.7392234220585711
 0.647486700808899
 0.7222753695379501
 0.7277056655616851
 0.704343733594058
 0.7120359470013832
 0.763245474699395
 0.6946835086495822
 0.6581080367254915
 0.6865257219770827
 0.6793778229414977
 0.6647095283725237
 0
 0
 0.2902133118829878
 0.71510525556714
 0.8017555360683835
 0.8821144409786347
 0.8737969684860591
 0.8455617583290563
 0.8309254406300025
 0.8408232867621979
 0.8525101688966373
 0.8436361018809908
 0.8591920389149654
 0.8859356556993266
 0.8449747565538062
 0.6615693956665127
 0.6729212254815539
 0.635608454070178
 0.6711428714034856
 0.6450921291337334
 0.6858737924631804
 0.6317017034866307
 0.6323134399203906
 0.6575156494183417
 0.6486474808289939
 0.6153231844138132
 0.5746654859419181
 0.6024001485057456
 0.5954247316533995
 0.5987822276030442
 0
 0
 0.9638837048935134
 0.8992547329634372
 0.9349865365600294
 0.8819035169772876
 0.9155876590903085
 0.9154462410478974
 0.9127052848150318
 0.9336132122124197
 0.9174818222541555
 0.9159670729337626
 0.9144311431039081
 0.918271050050576
 0.9102044562802255
 0.9181825347972917
 0.9153417767683757
 0.9100945513816631
 0.9077395953599741
 0.9177532073976222
 0.9130767059262028
 0.9090626049921019
 0.8972790359898439
 0.9115580824619894
 0.9044480125785417
 0.9088937136831655
 0.9112515880685429
 0.9093722068766038
 0.909304197835195
 0.9021936791483658
 0
 0
 0.2849902133450692
 0.6303373525488861
 0.964753471880023
 0.979584440678205
 0.9524308976536222
 0.9130327890103933
 0.8464658550534837
 0.9048435677214235
 0.8994118795086214
 0.9238398535594241
 0.9455912851164378
 0.9617905143918097
 0.8602242065021951
 0.6524966163065773
 0.7222171711350767
 0.6205227114178595
 0.6835914459847611
 0.7464066308160427
 0.7115990236930705
 0.6414234832499165
 0.6506163493989422
 0.6616793933343609
 0.6432122801486885
 0.6590488431632266
 0.579429697065312
 0.6050673839757316
 0.610467285526476
 0.6238458510267793
 0
 0
 0.3678794411714423
 0.7084179456859121
 0.8221599247688198
 0.9234533953897452
 0.883588264326936
 0.9455493987023968
 0.8655633369655658
 0.8616184116026353
 0.9153045597199196
 0.8423873751815472
 0.8077212710929846
 0.8609159130438431
 0.8583404196443999
 0.6990352978593795
 0.6938993221007386
 0.6335154157341427
 0.7070745950080509
 0.6451900529859699
 0.7218187117241617
 0.6935334087701319
 0.6705601612178518
 0.7129801424709395
 0.7409788607860026
 0.6796832131393917
 0.4358783691860583
 0.6787098257136225
 0.5267881133024085
 0.6696974072964901
 0
 0
 0
 0
 0
 0
 0
 0
 0
 0
 0
 0
 0
 0
 0
 0
 0
 0
 0
 0
 0
 0
 0
 0
 0
 0
 0
 0
 0
 0
 0
 0
 0
 0
 0
 0
 0
 0
 0
 0
 0
 0
 0
 0
 0
 0
 0
 0
 0
 0
 0
 0
 0
 0
 0
 0
 0
 0
 0
 0
 0
 0
 0
 0
 0
 0
 0
 0
 0
 0
 0
 0
 0
 0
 0
 0
 0
 0
 0
 0
 0
 0
 0
 0
 0
 0
 0
 0
 0
 0
 0
 0
 0
 0
 0
 0
 0
 0
 0
 0
 0
 0
 0
 0
 0
 0
 0
 0
 0
 0
 0
 0
 0
 0
 0
 0
 0
 0
 0
 0
 0
 0
 0
 0
 0
 0
 0
 0
 0
 0
 0
 0
 0
 0
 0
 0
 0
 0
 0
 0
 0
 0
 0
 0
 0
 0
 0
 0
 0
 0
 0
 0
 0.8951701579140607
 0.9320766312137134
 0.8958408907587565
 0.9000244514704401
 0.925017119953867
 0.9114845538815673
 0.9254711565849862
 0.917125034109793
 0.9162530010760135
 0.9294860054213143
 0.9221237323221797
 0.9117570235306872
 0.9129426892120736
 0.9117348262324507
 0.9040524830148733
 0.9211873590719746
 0.8955968245087927
 0.9109250891348043
 0.8989039689964655
 0.9008769445634486
 0.907142615794799
 0.9108482833105146
 0.9108013845415567
 0.9079164442082528
 0.9073533121178691
 0.907977374283599
 0.9110774547738089
 0.9016195795236447
 0
 0
 0
 0
 0
 0
 0
 0
 0
 0
 0
 0
 0
 0
 0
 0
 0
 0
 0
 0
 0
 0
 0
 0
 0
 0
 0
 0
 0
 0
 0
 0
 0
 0
 0
 0
 0
 0
 0
 0
 0
 0
 0
 0
 0
 0
 0
 0
 0
 0
 0
 0
 0
 0
 0
 0
 0
 0
 0
 0


