# Created by Octave 3.8.2, Fri Nov 20 22:37:56 2015 CET <dkottke@snake2>
# name: mus
# type: matrix
# ndims: 3
 1 30 19
 0
 0
 0.6618357487922705
 0.9375
 0.9024390243902439
 0.9607843137254901
 0.911330049261084
 0.9615384615384616
 0.9710144927536232
 0.96
 0.9425837320574161
 0.9558823529411765
 0.9567307692307693
 0.9693877551020409
 0.9692307692307693
 0.9807692307692307
 0.9852941176470589
 0.9898989898989899
 0.9856459330143541
 0.985
 0.9947089947089948
 0.9898989898989901
 0.9951690821256037
 0.9947916666666667
 0.995
 0.9951923076923077
 1
 1
 1
 1
 0
 0
 1
 0.25
 0.6
 0.6
 0.7
 0.8
 0.2
 0.7
 0.5666666666666667
 0.5666666666666667
 0.4666666666666666
 0.6333333333333333
 0.5333333333333333
 0.6166666666666666
 0.4666666666666666
 0.5666666666666667
 0.7333333333333333
 0.8
 0.72
 0.82
 0.86
 0.66
 0.76
 0.7733333333333334
 0.7066666666666667
 0.7533333333333333
 0.78
 0.7333333333333333
 0
 0
 1
 0.6628690352914359
 0.7849930072011709
 0.7871430771291592
 0.8019355582337186
 0.675511446468007
 0.7132279731447777
 0.6205031564318662
 0.7408893749371646
 0.602524321454297
 0.5952990779682227
 0.5694027779522934
 0.4872846095015401
 0.7336665378802343
 0.5560035592429013
 0.5714737886641581
 0.5869290242762363
 0.6659230923003358
 0.6237626025188562
 0.5776516542683607
 0.5787994600453276
 0.5999558411929757
 0.5867914879322151
 0.6301254209402065
 0.6652773641317012
 0.7092044131108111
 0.6632357647722719
 0.7432664637163248
 0
 0
 0.9999999999775367
 0.634430634951164
 0.6844991345819343
 0.6469051178369394
 0.6597213473020684
 0.582673117786041
 0.5538236327142564
 0.6191827913048342
 0.5989930413369764
 0.6231986646889714
 0.5425871232817803
 0.5724075339545579
 0.5362231154002399
 0.5603358521047548
 0.5344410478363666
 0.5585719230884504
 0.5864238435312579
 0.5681766087943454
 0.5774248427230959
 0.5539381522230913
 0.573348570768634
 0.5905803658838608
 0.5802575569575436
 0.5925318353249006
 0.6101375382469835
 0.6155402037124963
 0.6342872930145499
 0.6341037933715578
 0
 0
 1
 0.25
 0.8
 0.8333333333333334
 0.7142857142857143
 0.875
 0.6666666666666666
 0.7
 0.3636363636363636
 0.8333333333333334
 0.5384615384615384
 0.8888888888888888
 0.6
 0.6666666666666666
 0
 1
 0
 1
 1
 1
 1
 1
 1
 1
 0
 1
 0
 0
 0
 0
 0.9999999999961867
 0.3887916703295256
 0.7621637822331534
 0.6588502854443369
 0.6497348740224314
 0.665834685026736
 0.6234199236752518
 0.6595938858139836
 0.5571294931660163
 0.5909405201107054
 0.5423702899191634
 0.5937015457026643
 0.5268685484020461
 0.5895139289127989
 0.4870416859682553
 0.5661408780482312
 0.5239163461006942
 0.561574780416593
 0.5958100698408876
 0.5837612743276782
 0.5871318352327634
 0.5997578128041681
 0.5473257106128122
 0.6801151265078312
 0.5783349146030421
 0.5837068618875865
 0.6062058856895872
 0.6059271662640924
 0
 0
 1
 0.8300889690720673
 0.8350189109784529
 0.7675592300104503
 0.7146118893190914
 0.7210716802141776
 0.7478846867331063
 0.6915189691912814
 0.6602047443341874
 0.6929925482529642
 0.6999275716312611
 0.6864518044777786
 0.6906942159832613
 0.6787904288407817
 0.6664343708198159
 0.6940173514647832
 0.6650900842523654
 0.6766840675571173
 0.7266317212848983
 0.6812756133380375
 0.7111251676051297
 0.7258096283605298
 0.6996572776844173
 0.6956611652965363
 0.7367440844099526
 0.7399608221947512
 0.7512537329928015
 0.758694322582639
 0
 0
 0.9999999999762648
 0.6713900787871697
 0.734694580907376
 0.6046278804295153
 0.5786363992457582
 0.6075285226978107
 0.5351904089529526
 0.5772884722137707
 0.567393463073835
 0.5831085712268282
 0.5215485638653203
 0.5431757623162794
 0.5238755095056451
 0.5526285265259184
 0.5238009658629001
 0.5494935908323223
 0.5725934904298842
 0.5700354942420076
 0.575170212969603
 0.5576228280997882
 0.5751748405921013
 0.5950130547783571
 0.5837598043448813
 0.5996484768476705
 0.6164989809795455
 0.61294090716222
 0.6326411399393717
 0.6394277105029292
 0
 0
 0.9999999367068578
 0.9999999432225801
 0.9999999999970833
 0.9999999819793288
 0.9999999999998179
 1
 1
 1
 0.9999999999999993
 0.9985534988364984
 0.9989018762824775
 0.9868737685855342
 0.9860311321394443
 0.9788347267936899
 0.9772988742984727
 0.9805130788154505
 0.9590044816152874
 0.9671322452227364
 0.962170082396724
 0.9614934682045481
 0.9686729997819183
 0.9576578236619242
 0.9561981436698599
 0.9477044886347492
 0.9550338676895987
 0.951931608926826
 0.9454590359058301
 0.9573649861722056
 0
 0
 0.9999999999918195
 0.4769756159534002
 0.8549074241511198
 0.5213568829534468
 0.6341342492877436
 0.608031203691168
 0.5524913425511027
 0.5450847231312508
 0.5332026358734063
 0.6123171046117231
 0.5041477543589054
 0.557350218709242
 0.5256846534878253
 0.5342095068891789
 0.5169593287285693
 0.5357231706807998
 0.5456037391474921
 0.5434069904444179
 0.6006368608986221
 0.5367248532603133
 0.6315233099234028
 0.5714486314973051
 0.5685553018864475
 0.6353696744529721
 0.5923532919889811
 0.628378847847444
 0.6263423945171248
 0.6242339755678741
 0
 0
 1
 0.8548791131759641
 0.8405667649943014
 0.7985276161119059
 0.7111253946818804
 0.7512067171624083
 0.7559550065584266
 0.6662778230448639
 0.6773310674903773
 0.6923144895530564
 0.6702751109103621
 0.6767347496369092
 0.655110067769931
 0.6789679115189327
 0.6576635309926452
 0.7267694044105214
 0.6854440776273018
 0.6793004917262826
 0.7541430155749433
 0.6718875538317715
 0.6637916831993195
 0.6995834146682952
 0.6946670729109039
 0.6750787657040921
 0.7071993204852941
 0.7134450404713704
 0.7302000558288297
 0.7312400733640569
 0
 0
 0
 0
 0
 0
 0
 0
 0
 0
 0
 0
 0
 0
 0
 0
 0
 0
 0
 0
 0
 0
 0
 0
 0
 0
 0
 0
 0
 0
 0
 0
 0
 0
 0
 0
 0
 0
 0
 0
 0
 0
 0
 0
 0
 0
 0
 0
 0
 0
 0
 0
 0
 0
 0
 0
 0
 0
 0
 0
 0
 0
 0
 0
 0
 0
 0
 0
 0
 0
 0
 0
 0
 0
 0
 0
 0
 0
 0
 0
 0
 0
 0
 0
 0
 0
 0
 0
 0
 0
 0
 0
 0
 0
 0
 0
 0
 0
 0
 0
 0
 0
 0
 0
 0
 0
 0
 0
 0
 0
 0
 0
 0
 0
 0
 0
 0
 0
 0
 0
 0
 0
 0
 0
 0
 0
 0
 0
 0
 0
 0
 0
 0
 0
 0
 0
 0
 0
 0
 0
 0
 0
 0
 0
 0
 0
 0
 0
 0
 0
 0
 0
 0.9999911927702588
 0.9999999947041416
 0.9999999999982871
 1
 0.9999999991794261
 0.9999999829167276
 0.9999982295894254
 0.9999997867272411
 0.9998161486785706
 0.9976821230831696
 0.9971200301212146
 0.9777388534218577
 0.98179675270944
 0.9781830456750982
 0.973176993695806
 0.9777198700485069
 0.9638667389735101
 0.9641909154522768
 0.9625471123850941
 0.9598136877222149
 0.9578044877294962
 0.9493729341132466
 0.9595210352378319
 0.941466565524912
 0.9512782970804677
 0.9557882614341404
 0.940958814013142
 0.9499960413958296
 0
 0
 0
 0
 0
 0
 0
 0
 0
 0
 0
 0
 0
 0
 0
 0
 0
 0
 0
 0
 0
 0
 0
 0
 0
 0
 0
 0
 0
 0
 0
 0
 0
 0
 0
 0
 0
 0
 0
 0
 0
 0
 0
 0
 0
 0
 0
 0
 0
 0
 0
 0
 0
 0
 0
 0
 0
 0
 0
 0


