# Created by Octave 3.8.2, Fri Nov 20 20:41:30 2015 CET <dkottke@snake10>
# name: mus
# type: matrix
# ndims: 3
 1 30 19
 0
 0
 0.4279354479688371
 0.5590200445434298
 0.4813370473537604
 0.5518394648829433
 0.5625347415230681
 0.5686383928571429
 0.5773310999441652
 0.5782122905027933
 0.5805115130268508
 0.6258389261744964
 0.6258825715347455
 0.6473214285714284
 0.6476190476190473
 0.6545758928571429
 0.6556489262371616
 0.5505050505050504
 0.5493121100623901
 0.5702247191011233
 0.5680672268907564
 0.5681506422247162
 0.6678743961352662
 0.5974099099099099
 0.5729577464788731
 0.5520252694165739
 0.541806958473625
 0.6526227678571429
 0.6637931034482759
 0.6672316384180792
 0
 0
 0
 0
 0.2
 0.4
 0.5
 0.7
 0.7
 0.7
 0.7
 0.6333333333333333
 0.6333333333333333
 0.6
 0.5999999999999999
 0.3666666666666666
 0.5333333333333333
 0.45
 0.5333333333333333
 0.45
 0.48
 0.51
 0.38
 0.34
 0.4400000000000001
 0.5
 0.4733333333333333
 0.5066666666666666
 0.5199999999999999
 0.6
 0
 0
 0.2537951304948609
 0.4315815129913744
 0.5139766549414044
 0.411711374605815
 0.5057289312708499
 0.6295960840326557
 0.6466478796296758
 0.7186671547640588
 0.723153773504649
 0.6750924867732511
 0.730047423802567
 0.6571831054191457
 0.6912050282638404
 0.4385678431832047
 0.6238486462682813
 0.7506876976781564
 0.5843282925879356
 0.3983322333427284
 0.4887772096153319
 0.6662908313799303
 0.5160521665120568
 0.3830986324761841
 0.4734147518120235
 0.5199000811172859
 0.500404849853983
 0.4614856453046695
 0.4628796368789971
 0.5306496300423006
 0
 0
 0.06270290627339617
 0.06150736625427587
 0.1981002991849218
 0.3478352429574074
 0.5863906012337747
 0.6057004694458787
 0.6201014993413909
 0.6938692155129533
 0.7204405236985236
 0.6503681212156452
 0.6652944636191015
 0.5484251397394003
 0.6127392108349253
 0.5324705543000824
 0.5721008461414543
 0.5117020303052482
 0.5581176452050596
 0.4476085367732383
 0.4840897658859987
 0.5089098345539654
 0.4603702427712614
 0.4254913815255572
 0.4768338418953796
 0.5153090003099384
 0.5444377937201819
 0.5292625325702196
 0.4809657990570407
 0.5269519425521952
 0
 0
 0
 0
 0.2
 0.1666666666666667
 0.5714285714285714
 0.375
 0.7777777777777778
 0.8
 0.5454545454545454
 0.4166666666666667
 0.6153846153846154
 0.5555555555555556
 0.4
 0.6666666666666666
 1
 1
 1
 0
 1
 0
 0
 1
 1
 0
 1
 1
 0
 0
 0
 0
 0.08917187184182929
 0.03396486545280364
 0.2288265060511109
 0.1858307263806373
 0.4841969814093874
 0.5037099829528966
 0.68762969606929
 0.7560980052755353
 0.6661563113814011
 0.5396809302221809
 0.6855331658150037
 0.5613808669337619
 0.5825032758334586
 0.5164951839303172
 0.6478090081469523
 0.5460421486180811
 0.5911871647630562
 0.3418804778490047
 0.5290978194930838
 0.3794976793974685
 0.3736928012374469
 0.5128148178477313
 0.5339606380325677
 0.5407682042020331
 0.5695453181004562
 0.717145205748254
 0.3496204228377973
 0.3266740301617235
 0
 0
 0.3678794411714423
 0.5559995312564967
 0.4301015460239634
 0.4916248276767025
 0.5109600277576439
 0.5674625607542818
 0.7455115230489198
 0.670643176314726
 0.7423358234908115
 0.6988424806551751
 0.6387758003952828
 0.6536441572977781
 0.701027012376241
 0.5697428008174739
 0.6189411131599298
 0.6332243145775783
 0.6315205572270846
 0.6104481142139426
 0.6156291547854107
 0.6488247930358793
 0.6509836404116414
 0.644322959427594
 0.6186021066116988
 0.6608303372035347
 0.6595874092093067
 0.6583198345276811
 0.613895538139382
 0.6552721769481546
 0
 0
 0.0535107281487815
 0.06990852576719872
 0.2586868015130936
 0.367073929736917
 0.5185185563197245
 0.5421088150918348
 0.6006939472851922
 0.6667998712310887
 0.7219213338167009
 0.5877788414826193
 0.6172275006046777
 0.5519774757015812
 0.5925258465704265
 0.492082550415444
 0.5369301084693603
 0.510038506273655
 0.5442943304122484
 0.473364811272435
 0.4948459978960677
 0.520733801348959
 0.4889582114858901
 0.480960447009193
 0.5013407973287312
 0.5266842022305888
 0.5575954628460353
 0.5336329877830233
 0.5011944493384302
 0.5259129601093455
 0
 0
 0.9265219191466585
 0.9140542581208415
 0.9296601735201331
 0.9079164851684836
 0.916884121029147
 0.9052369703362547
 0.9174569360421577
 0.9152359272979453
 0.9255631221408881
 0.9318581976885358
 0.9181957814731944
 0.9243628761532771
 0.9207115433450324
 0.9157894554336213
 0.9146161386369048
 0.9106725272047506
 0.9124359543752915
 0.8968688148612177
 0.9041250951593066
 0.9120335014187372
 0.8961613223687522
 0.9060445341599945
 0.9028052242204925
 0.8876436054404445
 0.9160672951028113
 0.9119511655500477
 0.904219839999185
 0.9047364241245367
 0
 0
 0.1480832642781201
 0.04893063493365502
 0.2170970217211893
 0.2482677008258415
 0.4538183459679137
 0.3448379295853114
 0.6207371314995261
 0.7350629496147656
 0.6843788502096892
 0.5840164555832073
 0.7253876293968252
 0.5824275336214267
 0.6177503652730277
 0.5004868253952566
 0.530183323688897
 0.5115719858159984
 0.5517264177419428
 0.4188146486132555
 0.5147919079822652
 0.4708165936469924
 0.4449768284190331
 0.507633521624296
 0.460853667394964
 0.4902787947065034
 0.5252842270362363
 0.7823140215444008
 0.4786307366838654
 0.5075855666338667
 0
 0
 0.3678794411714423
 0.5428444849788419
 0.4635371987534947
 0.4830508810177789
 0.5950065321106972
 0.5713696816619745
 0.5020168942284662
 0.7011883749593741
 0.6970435371921688
 0.7508498296887867
 0.6486527537520562
 0.5343915474918183
 0.7156198126835659
 0.6023746635191214
 0.624387832162161
 0.6335377366693991
 0.6484566333380805
 0.6054077521360262
 0.6244163165365513
 0.6657785353393189
 0.6535844207144238
 0.5579850289589406
 0.6674193978078535
 0.6638753556841351
 0.6940718366611228
 0.6247221874257362
 0.6443734995897561
 0.6543574137936411
 0
 0
 0
 0
 0
 0
 0
 0
 0
 0
 0
 0
 0
 0
 0
 0
 0
 0
 0
 0
 0
 0
 0
 0
 0
 0
 0
 0
 0
 0
 0
 0
 0
 0
 0
 0
 0
 0
 0
 0
 0
 0
 0
 0
 0
 0
 0
 0
 0
 0
 0
 0
 0
 0
 0
 0
 0
 0
 0
 0
 0
 0
 0
 0
 0
 0
 0
 0
 0
 0
 0
 0
 0
 0
 0
 0
 0
 0
 0
 0
 0
 0
 0
 0
 0
 0
 0
 0
 0
 0
 0
 0
 0
 0
 0
 0
 0
 0
 0
 0
 0
 0
 0
 0
 0
 0
 0
 0
 0
 0
 0
 0
 0
 0
 0
 0
 0
 0
 0
 0
 0
 0
 0
 0
 0
 0
 0
 0
 0
 0
 0
 0
 0
 0
 0
 0
 0
 0
 0
 0
 0
 0
 0
 0
 0
 0
 0
 0
 0
 0
 0
 0
 0.9668796673283419
 0.9618133620575589
 0.9296643786421341
 0.9285391207391884
 0.939564811123368
 0.9232938639229435
 0.9266993240938026
 0.901562728967826
 0.9225433126565652
 0.9336197487595113
 0.9146162489698526
 0.9068031251587954
 0.9086134621285353
 0.9225129147323168
 0.9119130208621183
 0.9189539972735329
 0.9146993728880712
 0.9086002068577008
 0.906964127391658
 0.9126188015741907
 0.9123441259141288
 0.902660028599462
 0.9186284006187853
 0.9071594434230794
 0.9081890208351908
 0.8928562218219503
 0.9028779508719219
 0.9002233129532772
 0
 0
 0
 0
 0
 0
 0
 0
 0
 0
 0
 0
 0
 0
 0
 0
 0
 0
 0
 0
 0
 0
 0
 0
 0
 0
 0
 0
 0
 0
 0
 0
 0
 0
 0
 0
 0
 0
 0
 0
 0
 0
 0
 0
 0
 0
 0
 0
 0
 0
 0
 0
 0
 0
 0
 0
 0
 0
 0
 0


