# Created by Octave 3.8.2, Fri Nov 20 20:01:28 2015 CET <dkottke@snake5>
# name: mus
# type: matrix
# ndims: 3
 1 30 19
 0
 0
 0.7228714524207023
 0.6275055679287305
 0.636768802228413
 0.6348940914158308
 0.6620344635908845
 0.6662946428571429
 0.6761585706309318
 0.7279329608938552
 0.719066209863756
 0.6901565995525724
 0.743496841322928
 0.7412109374999999
 0.7282913165266101
 0.7287946428571429
 0.7291876750700277
 0.7250280583613917
 0.7287633978563423
 0.7280898876404492
 0.7383753501400557
 0.7302032672403046
 0.7336492010405057
 0.7257882882882882
 0.7216901408450704
 0.7244518766257897
 0.7261503928170592
 0.7271205357142855
 0.7324805339265856
 0.7271186440677967
 0
 0
 0.6666666666666666
 0.5
 0.6
 0.6
 0.5
 0.6
 0.6
 0.6
 0.6666666666666666
 0.7333333333333333
 0.8333333333333334
 0.8666666666666666
 0.7333333333333333
 0.7999999999999999
 0.8333333333333334
 0.8833333333333332
 0.9
 0.85
 0.82
 0.86
 0.75
 0.71
 0.6799999999999999
 0.8066666666666666
 0.8133333333333335
 0.82
 0.8333333333333334
 0.6666666666666667
 0
 0
 0.7920656056485007
 0.7399787772194586
 0.5682224617628623
 0.7406223180384782
 0.7055629272196826
 0.7041769442213303
 0.7625350127408249
 0.7094065008971168
 0.7910376059375637
 0.7342320381923541
 0.8457457169861294
 0.8637427289433977
 0.8484274531226683
 0.8774634088195751
 0.877740409462167
 0.8740239528048362
 0.8998080380363805
 0.9032536444048469
 0.804135275073069
 0.8339505181839212
 0.8384742394377266
 0.7116277839808507
 0.7564825217768731
 0.7769194816966489
 0.7650465196243542
 0.8127302730740739
 0.7859892997283189
 0.7496890034705876
 0
 0
 0.6111194436532142
 0.6805701471373153
 0.6508451494683518
 0.8350774558444215
 0.772474894802623
 0.7864232040285921
 0.78742496369718
 0.8172359719391175
 0.8386843914477673
 0.7875394495573925
 0.8855277611746224
 0.8939780077748958
 0.8957366688636244
 0.9016440058995474
 0.8876393442086092
 0.9281713537622335
 0.9291024405424874
 0.9420094274024935
 0.8450159027606241
 0.8593492858586387
 0.8196580149312576
 0.7354143365610518
 0.8037526028460532
 0.8363715941332969
 0.8637683466974871
 0.8523553779862539
 0.8513872235041499
 0.7884087923751064
 0
 0
 1
 0.25
 0.6
 0.1666666666666667
 0.4285714285714285
 0.625
 0.7777777777777778
 0.7
 1
 0.75
 0.7692307692307693
 0.7777777777777778
 0.6
 1
 1
 1
 1
 1
 0
 0
 1
 1
 1
 0
 1
 0
 0
 1
 0
 0
 1.499999999990629
 0.5277902786733182
 0.6791671875046046
 0.5708633712723685
 0.5761924046734346
 0.6217272936548426
 0.8154761985287879
 0.7172621814949679
 0.9674242568660354
 0.7611111694813855
 0.8079261443399025
 0.8285863599213805
 0.7883442065088123
 0.9702765759439071
 1.042520144443662
 1.011752516625171
 1.005067833890109
 0.9335114145884175
 0.6625822360259178
 0.6805782718733525
 0.9208893519689242
 0.6071439319752893
 0.7538266537145555
 0.4583587365549298
 0.8305153026861072
 0.6250044613564132
 0.4583443445958255
 0.8750006872948664
 0
 0
 0.5785862941142949
 0.7518213403644197
 0.8231019325635172
 0.7818402539106636
 0.7903453063418179
 0.7605529540451884
 0.7841289476927462
 0.8106843906223831
 0.8236088388997516
 0.7847964641465204
 0.8355637202364375
 0.8844437610856232
 0.9632551685659136
 0.8556366130081767
 0.8766628026963759
 0.913815573143872
 0.9013330738334656
 0.9017032423862886
 0.8922679861019731
 0.8746984816093837
 0.8523036021448485
 0.7630566319052563
 0.7691626107036067
 0.7637190194232393
 0.7967352782283519
 0.8516928352727232
 0.8495729304806707
 0.8066928053920024
 0
 0
 0.6111194436998222
 0.7377599021913183
 0.5968773210160742
 0.7690131864897712
 0.7546421132070421
 0.7610646349049173
 0.8475110069107085
 0.833691527705604
 0.8414274524494437
 0.7974256161861368
 0.8691156897035416
 0.9099088955242012
 0.9284057817580967
 0.916682940719084
 0.9304328071324779
 0.9456298649022026
 0.950348229679212
 0.9408453010230086
 0.8566486424653479
 0.8440067038949822
 0.8117781724211987
 0.7480077987758865
 0.7778294143740569
 0.8022597208269159
 0.8273316101307265
 0.8572884296086809
 0.8371204454160399
 0.7555659637573139
 0
 0
 1
 1
 1
 1
 1
 1
 1
 1
 1
 1
 1
 1
 1
 1
 1
 1
 1
 1
 1
 1
 1
 1
 1
 1
 1
 1
 1
 1
 0
 0
 1.499999999993188
 0.6176595577634258
 0.6816669711491369
 0.6891587210913179
 0.6492073079163079
 0.6683931611963798
 0.7129631781215913
 0.7270934515813288
 0.7856895513394075
 0.7284653314638934
 0.8618347066927314
 0.8499860866702905
 0.9230102483187785
 0.8490230249363955
 0.9459792047950977
 0.89270757713218
 0.8645802360935364
 0.8825676788208638
 0.9809474890905275
 0.9883099804244457
 0.6990647295907981
 0.7752354554678078
 0.8574780024988707
 0.6665883494655284
 0.6027806383832559
 0.9998322266457809
 0.4962889250814695
 0.9998769018524609
 0
 0
 0.5785862941142949
 0.7518213402968004
 0.8712209860214349
 0.8816771337967821
 0.7991908094595788
 0.7842148880790616
 0.7896530365529043
 0.8983813709412956
 0.8463541435802147
 1.056093376192932
 0.86582999547888
 0.8255837501245471
 0.8762102907774497
 0.8854079347951993
 0.9410145630339659
 0.9689865379371198
 1.096972599054811
 1.107521022455318
 0.8611497437131318
 1.028290948020745
 0.9319372765390217
 0.7916711434369138
 0.8145761856691676
 0.8073495199830796
 0.8657406364269494
 0.8786479894651171
 0.8920274646988878
 0.8787868962895959
 0
 0
 0
 0
 0
 0
 0
 0
 0
 0
 0
 0
 0
 0
 0
 0
 0
 0
 0
 0
 0
 0
 0
 0
 0
 0
 0
 0
 0
 0
 0
 0
 0
 0
 0
 0
 0
 0
 0
 0
 0
 0
 0
 0
 0
 0
 0
 0
 0
 0
 0
 0
 0
 0
 0
 0
 0
 0
 0
 0
 0
 0
 0
 0
 0
 0
 0
 0
 0
 0
 0
 0
 0
 0
 0
 0
 0
 0
 0
 0
 0
 0
 0
 0
 0
 0
 0
 0
 0
 0
 0
 0
 0
 0
 0
 0
 0
 0
 0
 0
 0
 0
 0
 0
 0
 0
 0
 0
 0
 0
 0
 0
 0
 0
 0
 0
 0
 0
 0
 0
 0
 0
 0
 0
 0
 0
 0
 0
 0
 0
 0
 0
 0
 0
 0
 0
 0
 0
 0
 0
 0
 0
 0
 0
 0
 0
 0
 0
 0
 0
 0
 0
 1
 1
 1
 1
 1
 1
 1
 1
 1
 1
 1
 1
 1
 1
 1
 1
 1
 1
 1
 1
 1
 1
 1
 1
 1
 1
 1
 1
 0
 0
 0
 0
 0
 0
 0
 0
 0
 0
 0
 0
 0
 0
 0
 0
 0
 0
 0
 0
 0
 0
 0
 0
 0
 0
 0
 0
 0
 0
 0
 0
 0
 0
 0
 0
 0
 0
 0
 0
 0
 0
 0
 0
 0
 0
 0
 0
 0
 0
 0
 0
 0
 0
 0
 0
 0
 0
 0
 0


