# Created by Octave 3.8.2, Fri Nov 20 20:43:14 2015 CET <dkottke@snake6>
# name: mus
# type: matrix
# ndims: 3
 1 30 19
 0
 0
 0.5364496382860322
 0.566815144766147
 0.6027855153203346
 0.6008918617614268
 0.5942190105614228
 0.5814732142857143
 0.5857063093243996
 0.5849162011173186
 0.587682256393913
 0.5878076062639823
 0.6079524340393905
 0.6065848214285713
 0.6240896358543415
 0.6227678571428571
 0.6196451914098973
 0.6414141414141414
 0.6376579747240442
 0.6353932584269661
 0.6387675070028013
 0.6330589849108369
 0.636194723151245
 0.6278153153153152
 0.6287323943661974
 0.6363805276848759
 0.6271043771043767
 0.6314174107142857
 0.6615684093437153
 0.6689265536723165
 0
 0
 0.3333333333333333
 0.75
 0.6
 0.4
 0.7
 0.8
 0.8
 0.8
 0.8333333333333333
 0.8333333333333333
 0.8666666666666666
 0.8333333333333333
 0.8666666666666666
 0.8833333333333332
 0.8833333333333332
 0.8333333333333333
 0.85
 0.85
 0.85
 0.5900000000000001
 0.61
 0.71
 0.64
 0.62
 0.62
 0.62
 0.76
 0.7333333333333334
 0
 0
 0.5816849243046309
 0.751186588546206
 0.6559888115218735
 0.6442888935378903
 0.7688674827412587
 0.8350165341457465
 0.7927730668568882
 0.8693617511754315
 0.8866985171736187
 0.8892747757840958
 0.8518873920253514
 0.89310862311245
 0.884651099528179
 0.8738898085613382
 0.8930578135679791
 0.8390793610638225
 0.8511952478052304
 0.8861293860775575
 0.8581922497036989
 0.6844098453392313
 0.6828193487380938
 0.6927130444244396
 0.6587285624415278
 0.6461218374709248
 0.6796291101402578
 0.6483985925219535
 0.748062196095008
 0.7306982718423984
 0
 0
 0.4417200402070128
 0.6734627093290964
 0.4484931150172538
 0.6548188994431844
 0.6732380804567835
 0.6989131675555079
 0.7478459559015201
 0.7613636694129593
 0.7823930919966787
 0.7925436539762268
 0.788119565733039
 0.8129826190923216
 0.8158121241230981
 0.8274469244839107
 0.8034875564210627
 0.7878122410055637
 0.8122293717750726
 0.8189911101469904
 0.8153288379539511
 0.6627060407999209
 0.6817254334543433
 0.6893265160921127
 0.6602851381896083
 0.6608311192508858
 0.6543323834197589
 0.6433511403745747
 0.6938049249459545
 0.6668273630114177
 0
 0
 0.3333333333333333
 0.75
 0.6
 0.6666666666666666
 0.7142857142857143
 0.75
 0.8888888888888888
 1
 1
 0.8333333333333334
 0.8461538461538461
 0.8888888888888888
 1
 1
 1
 1
 1
 1
 1
 1
 1
 0
 0
 1
 1
 0
 1
 1
 0
 0
 0.3333333333332211
 0.5970837616969641
 0.5533842038705089
 0.6412781522398965
 0.6258747517647477
 0.6664311430480475
 0.6974640691757059
 0.7695105915186301
 0.8203899083545244
 0.8491638433440889
 0.7634368447451744
 0.9193344476843235
 0.9290825163923866
 0.8567341759366953
 0.7360133566789691
 0.7832870931356872
 0.7654119388217848
 0.8316310111737139
 0.8084853048865136
 0.6675689257305606
 0.6856286908026864
 0.6831502987345091
 0.5794828710699154
 0.680184397962046
 0.6482541243433276
 0.6292860177502497
 0.7243498405261349
 0.6771345585325389
 0
 0
 0.5785862941142949
 0.7557726416729071
 0.6127878527520301
 0.7197996026793181
 0.6971869466831306
 0.8022055703061474
 0.7506962995682311
 0.7662021417322975
 0.7764461370778686
 0.7750017384925977
 0.8072571712829992
 0.8128890170939392
 0.8155820605420804
 0.8194888848681803
 0.9282405599594387
 0.8212895705237245
 0.8447825128703371
 0.8484175998490301
 0.7972980479816252
 0.7233170048188572
 0.7388881971929618
 0.7287548245514691
 0.7386377762609941
 0.7321404335199148
 0.7107075586794915
 0.7010341856889172
 0.8172114371531847
 0.7482594422989906
 0
 0
 0.443405863182628
 0.6485821132449575
 0.4389024603273752
 0.6542444302108936
 0.651452673418899
 0.7019563517620798
 0.7022053543871625
 0.7545689963477433
 0.7730072143711328
 0.7812531107067907
 0.7987670253302066
 0.8276601066366776
 0.8369094333082181
 0.8447296137586577
 0.8185626315823777
 0.8011461479556339
 0.824332511176846
 0.8287308126320481
 0.8261882543648944
 0.6839276333092791
 0.6958156258198106
 0.6980300857767104
 0.6667241059713986
 0.6765845091299991
 0.6596537283631942
 0.6604539844290894
 0.6853381290321248
 0.664788774911611
 0
 0
 0.9999790080475424
 0.9999998307954753
 0.9999999935918228
 1
 1
 1
 0.9999999999999997
 0.9999999837983847
 0.9999010928419259
 0.9987603899452464
 0.995949334005215
 0.9861031336438512
 0.9824260754722346
 0.971530021760404
 0.974066194445885
 0.9818625395890959
 0.9647394868538115
 0.9617756341980868
 0.9616632696258995
 0.9585128980729367
 0.9567322461168206
 0.9499737276698736
 0.9520126107020142
 0.952918302145261
 0.950527984469446
 0.9589706477713061
 0.9471839275618064
 0.9497389557515209
 0
 0
 0.3333333332916611
 0.5782282586275406
 0.5393572203952187
 0.6536763001467865
 0.5765551548138662
 0.7253580520074798
 0.7599472549295496
 0.6715350803474752
 0.7360407671031728
 0.8528426207529801
 0.774410990476606
 0.7896782131495196
 0.8025998814565878
 0.9203903324373119
 0.9085459131445286
 0.7829681309367301
 0.866864391258339
 0.8243442856174561
 0.8150756973305894
 0.6740384735952618
 0.6942959965054821
 0.6945193880595343
 0.6651103953663402
 0.6650158234330914
 0.6728532248541337
 0.6546874548324759
 0.6828676704546244
 0.6561112065499083
 0
 0
 0.5785862941142949
 0.7686377681328656
 0.599595609219999
 0.7180254871722183
 0.6874729012873003
 0.7193897686271399
 0.7283758909428873
 0.7694672314944242
 0.757913769305347
 0.8726411213887838
 0.7929126400564249
 0.8111480558682309
 0.807026729265659
 0.7981282101080474
 0.7768432939272225
 0.8102514033601473
 0.8117235984526743
 0.8033843631563614
 0.7975928733192793
 0.7485813780878501
 0.7328270819776601
 0.7314672758324661
 0.7141063715004566
 0.7259184076986508
 0.7378426904607217
 0.7027800753322866
 0.7486468545268663
 0.755640694058436
 0
 0
 0
 0
 0
 0
 0
 0
 0
 0
 0
 0
 0
 0
 0
 0
 0
 0
 0
 0
 0
 0
 0
 0
 0
 0
 0
 0
 0
 0
 0
 0
 0
 0
 0
 0
 0
 0
 0
 0
 0
 0
 0
 0
 0
 0
 0
 0
 0
 0
 0
 0
 0
 0
 0
 0
 0
 0
 0
 0
 0
 0
 0
 0
 0
 0
 0
 0
 0
 0
 0
 0
 0
 0
 0
 0
 0
 0
 0
 0
 0
 0
 0
 0
 0
 0
 0
 0
 0
 0
 0
 0
 0
 0
 0
 0
 0
 0
 0
 0
 0
 0
 0
 0
 0
 0
 0
 0
 0
 0
 0
 0
 0
 0
 0
 0
 0
 0
 0
 0
 0
 0
 0
 0
 0
 0
 0
 0
 0
 0
 0
 0
 0
 0
 0
 0
 0
 0
 0
 0
 0
 0
 0
 0
 0
 0
 0
 0
 0
 0
 0
 0
 0.9999756401181636
 0.9999999860076112
 0.9999999999782087
 0.9999999999999988
 0.9999999644220716
 0.9999990740969411
 0.9999998262303252
 0.9999999903147451
 0.9996651188781474
 0.9964496730985619
 0.9916081580047925
 0.9810763928035489
 0.9850021260873327
 0.9700376787915082
 0.9673934515131642
 0.9737665846838541
 0.9681590115743484
 0.9689280956774671
 0.9685160197157565
 0.949938542206304
 0.9664116059264438
 0.934426091149225
 0.9507442262284778
 0.9486421600698555
 0.9547293972989737
 0.955479161803644
 0.9577760030407646
 0.939109912619042
 0
 0
 0
 0
 0
 0
 0
 0
 0
 0
 0
 0
 0
 0
 0
 0
 0
 0
 0
 0
 0
 0
 0
 0
 0
 0
 0
 0
 0
 0
 0
 0
 0
 0
 0
 0
 0
 0
 0
 0
 0
 0
 0
 0
 0
 0
 0
 0
 0
 0
 0
 0
 0
 0
 0
 0
 0
 0
 0
 0


