# Created by Octave 3.8.2, Fri Nov 20 22:26:25 2015 CET <dkottke@snake3>
# name: mus
# type: matrix
# ndims: 3
 1 30 19
 0
 0
 0.3719806763285023
 0.4038461538461539
 0.9609756097560973
 0.9705882352941176
 0.975369458128079
 0.8605769230769231
 0.8985507246376813
 0.885
 0.8899521531100477
 0.9411764705882353
 0.9615384615384617
 0.9744897959183675
 0.9897435897435898
 0.9855769230769231
 0.9803921568627452
 0.9747474747474748
 0.9856459330143541
 0.9949999999999999
 0.9841269841269842
 0.9242424242424243
 0.9951690821256037
 0.9565972222222223
 0.9375
 0.9663461538461539
 0.9455782312925169
 0.9591836734693879
 0.9852216748768473
 0.9722222222222222
 0
 0
 0.3333333333333333
 1
 0.4
 0.6
 0.7
 0.8
 0.9
 0.8
 0.8
 0.5333333333333333
 0.8
 0.7666666666666666
 0.6
 0.7499999999999999
 0.8333333333333334
 0.6666666666666666
 0.8333333333333333
 0.65
 0.72
 0.6300000000000001
 0.62
 0.7100000000000001
 0.76
 0.7666666666666667
 0.7466666666666667
 0.6666666666666666
 0.6933333333333334
 0.7333333333333333
 0
 0
 0.5461698552000098
 0.9044468922701018
 0.7915347093224969
 0.6742644059097738
 0.7239740226448631
 0.7787578044100048
 0.7001102288868195
 0.722493835149738
 0.7251082801066391
 0.5788565547062647
 0.6321679167720911
 0.7481160595153713
 0.6859567385096821
 0.6835959737545125
 0.71542798137858
 0.7139216993178992
 0.7300529315524932
 0.6461898254240267
 0.6798689898126102
 0.6931174672546874
 0.6470516602634501
 0.6958916144445596
 0.6739451036709649
 0.6936196177377294
 0.7268350015716845
 0.7304330650370098
 0.7589009116533039
 0.7560771844530662
 0
 0
 0.1252238206088859
 0.8764454686552303
 0.5798613846866755
 0.4948131351079669
 0.6124456927780753
 0.7274664017646274
 0.7525919353583224
 0.7386596650420387
 0.7394822537954704
 0.5935553591948467
 0.7040017062596401
 0.7415247724664874
 0.6777480649900406
 0.7292005254357441
 0.756566537940881
 0.7950003580309464
 0.7203139401417592
 0.6593990140632749
 0.6921853035967435
 0.6660988496522893
 0.6752194835450496
 0.741155798796477
 0.6753113312992255
 0.677491216334257
 0.7134523926414447
 0.7253351021813637
 0.7257833161594982
 0.739659472547466
 0
 0
 0.3333333333333333
 1
 0.6
 0.8333333333333334
 1
 0.5
 0.8888888888888888
 0.7
 0.9090909090909091
 0.4166666666666667
 1
 0.6666666666666666
 0.6
 0.6666666666666666
 0.5
 1
 1
 0
 1
 1
 0
 1
 1
 1
 0
 0
 1
 1
 0
 0
 0.4342487462214571
 0.9078913338317778
 0.6678891061049301
 0.7014559809894503
 0.8074445970541733
 0.5853695893154752
 0.815471705056614
 0.7668650496415026
 0.8264070435812507
 0.5719970707167678
 0.8026096130893534
 0.7134643913228362
 0.666529433165356
 0.6840309598670806
 0.6530857443306094
 0.8566985537472032
 0.8116917662506624
 0.5664162473093228
 0.7204845012550309
 0.705619321808884
 0.5503652623523365
 0.8269669136896136
 0.7752366261529877
 0.7513408653328644
 0.7018782407048513
 0.6483270398255069
 0.8330881027787638
 0.7012073511843352
 0
 0
 0.3678794411714423
 0.4620366276338824
 0.6531289286044095
 0.7005990296375186
 0.6551054301473216
 0.7353982527808923
 0.7411118208700369
 0.7385281214329112
 0.7236298497594109
 0.7141842261267926
 0.72738148214123
 0.7377069151650777
 0.7659792270721971
 0.7161777834151888
 0.7453282089723681
 0.7241881319984806
 0.7480728244040471
 0.7182276544790345
 0.7302394893276269
 0.7097671783635602
 0.6888779536279739
 0.7147016296512201
 0.7121046076547772
 0.7610394534711697
 0.7307583323872524
 0.7477384393836894
 0.7311155876775688
 0.7971716410308394
 0
 0
 0.1044042260762912
 0.8028518866192208
 0.6547724475777993
 0.4864133108279118
 0.5639355223917213
 0.683291898526424
 0.6880600865289636
 0.6725377783466701
 0.6840512356243678
 0.5727640305206475
 0.6278229344848077
 0.6369694602479727
 0.610481034248367
 0.6559612636915053
 0.6499783603814301
 0.6893347652485156
 0.6530577576816141
 0.6004245960712367
 0.6217559854426573
 0.5968703020291094
 0.6122496608615987
 0.6466003166508377
 0.6119419017001408
 0.6290842763492586
 0.6580633523472191
 0.658023115333952
 0.6625310593432975
 0.6837903555060455
 0
 0
 0.8996937023990361
 0.9389704778704758
 0.9181688236246983
 0.9316081023121718
 0.9119180435641223
 0.9217387372711066
 0.9211166658743335
 0.9092127216732645
 0.914248868556069
 0.9171192433335492
 0.9210201494843707
 0.9265141370253134
 0.918809076691265
 0.9067604906702641
 0.9071767989585069
 0.9105050522620364
 0.9120223434083848
 0.8987666685378376
 0.9150317767623779
 0.9036138108395578
 0.9055884056561209
 0.9032482337847267
 0.9043458719725339
 0.9002532652772018
 0.9083156762929289
 0.8994004497488792
 0.8963904220209024
 0.8903652628487081
 0
 0
 0.4690457938398107
 0.8789753213712374
 0.7429954325330304
 0.509724191575365
 0.6203535305131027
 0.5943217501458253
 0.7144024870360329
 0.8419431145434153
 0.7560690422828471
 0.6086046497509835
 0.6779033827034882
 0.7127524488766988
 0.7073918831420677
 0.730101038983002
 0.6007824948750133
 0.8172405548634549
 0.7837857620296941
 0.4949283610339736
 0.6907503517892232
 0.7012044324986766
 0.7271771434079347
 0.7320092193673331
 0.7214097251767698
 0.7008718702164104
 0.6976786556188166
 0.734578146686555
 0.7481252867749495
 0.7224243907738754
 0
 0
 0.3678794411714423
 0.4583012519448049
 0.6516851898365964
 0.743407855271331
 0.6855451188388945
 0.6986430251280338
 0.7497628139494178
 0.726630667174516
 0.7037685218657821
 0.7080347466111068
 0.729948648743754
 0.7371743063430483
 0.7285948385433889
 0.7120161218815134
 0.7295384645678705
 0.7165177314907826
 0.7825373690257481
 0.6543045795964341
 0.7289118394395957
 0.7006841861929554
 0.6918664264110911
 0.7139228005152362
 0.8240029971815712
 0.7588295532459222
 0.7342242489775873
 0.7254805465732935
 0.7334562677696338
 0.8063081643027918
 0
 0
 0
 0
 0
 0
 0
 0
 0
 0
 0
 0
 0
 0
 0
 0
 0
 0
 0
 0
 0
 0
 0
 0
 0
 0
 0
 0
 0
 0
 0
 0
 0
 0
 0
 0
 0
 0
 0
 0
 0
 0
 0
 0
 0
 0
 0
 0
 0
 0
 0
 0
 0
 0
 0
 0
 0
 0
 0
 0
 0
 0
 0
 0
 0
 0
 0
 0
 0
 0
 0
 0
 0
 0
 0
 0
 0
 0
 0
 0
 0
 0
 0
 0
 0
 0
 0
 0
 0
 0
 0
 0
 0
 0
 0
 0
 0
 0
 0
 0
 0
 0
 0
 0
 0
 0
 0
 0
 0
 0
 0
 0
 0
 0
 0
 0
 0
 0
 0
 0
 0
 0
 0
 0
 0
 0
 0
 0
 0
 0
 0
 0
 0
 0
 0
 0
 0
 0
 0
 0
 0
 0
 0
 0
 0
 0
 0
 0
 0
 0
 0
 0
 0.946191726810054
 0.9509994522677615
 0.9539728270186686
 0.9377133633055988
 0.9314833075891257
 0.9160119986542412
 0.9027911167764942
 0.9194785858774506
 0.9145391360981967
 0.921726616919468
 0.9122340443228558
 0.9166604934009718
 0.9236203984739932
 0.9210033862488261
 0.9170449884299384
 0.919791562095709
 0.9029359071625775
 0.9112908969616851
 0.9115126596462813
 0.9114992943988881
 0.9007786125292648
 0.9086290308842044
 0.9016631295761917
 0.8980654297927606
 0.9126622985342275
 0.8965607015062121
 0.8886483966635492
 0.8853820657944184
 0
 0
 0
 0
 0
 0
 0
 0
 0
 0
 0
 0
 0
 0
 0
 0
 0
 0
 0
 0
 0
 0
 0
 0
 0
 0
 0
 0
 0
 0
 0
 0
 0
 0
 0
 0
 0
 0
 0
 0
 0
 0
 0
 0
 0
 0
 0
 0
 0
 0
 0
 0
 0
 0
 0
 0
 0
 0
 0
 0


