# Created by Octave 3.8.2, Sat Nov 21 00:07:21 2015 CET <dkottke@snake5>
# name: mus
# type: matrix
# ndims: 3
 1 30 19
 0
 0
 0.4912280701754385
 0.5429292929292929
 0.5316455696202531
 0.5416666666666667
 0.5338345864661654
 0.5382653061224489
 0.5271464646464646
 0.5487179487179488
 0.5511363636363638
 0.5353535353535352
 0.5328205128205128
 0.538265306122449
 0.5358974358974359
 0.5442708333333334
 0.5387894288150042
 0.5404040404040404
 0.6716791979949874
 0.8473684210526314
 0.7919799498746868
 0.8573232323232322
 0.8360329639102019
 0.9401041666666669
 0.9093333333333333
 0.8558974358974359
 0.8427128427128426
 0.8278061224489796
 0.7982931611117519
 0.7999999999999999
 0
 0
 0.3333333333333333
 1
 1
 0.9
 0.8
 1
 1
 0.9
 0.9
 1
 0.9
 0.9333333333333332
 0.9333333333333332
 0.9333333333333333
 0.9333333333333333
 0.95
 0.9
 0.85
 0.9
 0.85
 0.8800000000000001
 0.8400000000000001
 0.76
 0.7666666666666667
 0.8533333333333333
 0.7133333333333334
 0.7533333333333333
 0.8
 0
 0
 0.5891216367614376
 0.8387206265028464
 0.9054461056552988
 0.9182973427364449
 0.9339940774793217
 0.9688968110669204
 0.9332710068183605
 0.8936854115837611
 0.9029723615371835
 0.9301356277599484
 0.9116599698328439
 0.8565209645443754
 0.9534492476269497
 0.9630966019681967
 0.9398853266420868
 0.9866814002812739
 0.9646680811044306
 0.9116963008198274
 0.8886399029977188
 0.8560158079882483
 0.8337774419580491
 0.8616424639880583
 0.865597971457532
 0.8898435038339849
 0.8755845472589081
 0.9035714447571506
 0.9155335618221855
 0.9011626963425068
 0
 0
 0.2337454255202517
 0.9082720215217603
 0.9169434505909766
 0.8951021352369684
 0.9240595043890308
 0.9438584758361914
 0.9322727049666578
 0.8900644151557709
 0.902479463969988
 0.9166403129471118
 0.9209038831921588
 0.9243787501569922
 0.9305485145965967
 0.9460065488576335
 0.9495826014243642
 0.9798823867404042
 0.9399737045568196
 0.8622235391415874
 0.8987908780840322
 0.8576251703707897
 0.8696543480760979
 0.854052870156023
 0.8694141262581229
 0.8691436578414042
 0.8562279664078583
 0.890615628809545
 0.901260550862911
 0.9045260106657184
 0
 0
 1
 1
 1
 0.8333333333333334
 0.8571428571428571
 1
 1
 1
 0.9090909090909091
 0.8333333333333334
 1
 1
 1
 1
 0.5
 1
 1
 0
 1
 1
 1
 0
 1
 0
 1
 1
 1
 1
 0
 0
 0.8729278681237191
 0.9545733488726651
 0.9648178894197608
 0.8996735709188158
 0.9248945071834639
 0.9671189416739595
 0.9537302578744109
 0.9345418993056874
 0.8871417909154051
 0.8913451235016555
 0.9387461228007314
 0.9519218805367342
 0.935112928564237
 0.9629076544893997
 0.891838922889294
 0.9945836737709197
 0.9289630062899662
 0.7734032572434711
 0.9298048631546439
 0.92311914710868
 0.927270848162346
 0.7526024452292925
 0.9240489468037034
 0.7474848506916831
 0.8837355025010307
 0.9452377440999274
 0.9425745690371617
 0.963738681089526
 0
 0
 0.5785862941142949
 0.7085639478939828
 0.7732675530923843
 0.8982543134687377
 0.9397433749799643
 0.935239004571452
 0.9214188283595699
 0.888557503231126
 0.90101103436481
 0.9116783293353959
 0.9035620140683289
 0.9214609680762537
 0.9221963111309878
 0.9422138489005374
 0.9524516416048288
 0.9395789845996295
 0.8888761597476548
 0.9303175982173926
 0.9142270381263992
 0.8382619748186454
 0.8877389322563656
 0.8297019360800398
 0.8885507742404284
 0.8394259512724895
 0.8134154464173075
 0.8184095670743263
 0.865456765604755
 0.907593751266338
 0
 0
 0.229224375055902
 0.8659585411174233
 0.8617451056357324
 0.8602837434446884
 0.9140389003292776
 0.9179016486486071
 0.8831689768715428
 0.8439884874238353
 0.8740787076017367
 0.8700373179664234
 0.8804572871408431
 0.8757748704116425
 0.8800465583669129
 0.8979435200835939
 0.9098913299776834
 0.9181300177743751
 0.894895680802286
 0.8079467669375126
 0.8265930361213161
 0.7861016066227215
 0.8042063692534108
 0.7815257628935
 0.7896224000412049
 0.7776806562395087
 0.790670314811201
 0.7990988680042332
 0.8100308063750316
 0.8216781664603909
 0
 0
 0.9182140451588074
 0.9570700563033281
 0.9121529866785374
 0.9239612598297937
 0.9184566935442731
 0.9296590616217498
 0.9367314823410995
 0.9250338231995161
 0.9320323693401017
 0.9273143629192844
 0.926953156689497
 0.9297641839320103
 0.9058302687029309
 0.9261853317333252
 0.9020543673838528
 0.9046110595671161
 0.9130285228659594
 0.9049283170217944
 0.9026228774114046
 0.9085969288596887
 0.9038350901606753
 0.8956054483862478
 0.9086237632449887
 0.9018106183748672
 0.9042635224881307
 0.9006069856749145
 0.8964293778637163
 0.9028655180528146
 0
 0
 0.8581597156021286
 0.9563373308306161
 0.9579505619280761
 0.9756866572343609
 0.647549669827021
 0.9523877523886852
 0.8322135634671831
 0.8700387339601621
 0.9160819543965985
 0.8994770452842847
 0.9242956907849629
 0.9453133780306376
 0.954351677448449
 0.9894974517559604
 0.9882016092709744
 0.997839774151725
 0.9678731562620388
 0.8639849833809097
 0.8969170619156475
 0.8699407175945937
 0.910167110759917
 0.9084901144187513
 0.7804413915040294
 0.8556813950398637
 0.8500091203808642
 0.9070356531165342
 0.862092369187174
 0.930950626429775
 0
 0
 0.5785862941142949
 0.6998740074350412
 0.7464363090877426
 0.9328344927457121
 0.8788659382309827
 0.9319844744783553
 0.8804288288131887
 0.9111481214161639
 0.8666679613496313
 0.9071221398289286
 0.8558935011673785
 0.9001826796872128
 0.92933942672272
 0.967248200030048
 0.8856650621286497
 0.9647503703472414
 0.9065684414693105
 0.9036625549263495
 0.9428548848722806
 0.8545828631708643
 0.8120700753311599
 0.7996710637881829
 0.9096302504807643
 0.8173977650553628
 0.7906714309034087
 0.8180955279808394
 0.8208379061994021
 0.8273864015829129
 0
 0
 0
 0
 0
 0
 0
 0
 0
 0
 0
 0
 0
 0
 0
 0
 0
 0
 0
 0
 0
 0
 0
 0
 0
 0
 0
 0
 0
 0
 0
 0
 0
 0
 0
 0
 0
 0
 0
 0
 0
 0
 0
 0
 0
 0
 0
 0
 0
 0
 0
 0
 0
 0
 0
 0
 0
 0
 0
 0
 0
 0
 0
 0
 0
 0
 0
 0
 0
 0
 0
 0
 0
 0
 0
 0
 0
 0
 0
 0
 0
 0
 0
 0
 0
 0
 0
 0
 0
 0
 0
 0
 0
 0
 0
 0
 0
 0
 0
 0
 0
 0
 0
 0
 0
 0
 0
 0
 0
 0
 0
 0
 0
 0
 0
 0
 0
 0
 0
 0
 0
 0
 0
 0
 0
 0
 0
 0
 0
 0
 0
 0
 0
 0
 0
 0
 0
 0
 0
 0
 0
 0
 0
 0
 0
 0
 0
 0
 0
 0
 0
 0
 0.9384792209882753
 0.9140191577747352
 0.9014964701573684
 0.877705115582622
 0.9357236831389321
 0.91841005442771
 0.9064458068645839
 0.9136852821693708
 0.922335252312581
 0.9207142595857337
 0.9292262464257438
 0.9286723555187081
 0.9151389322608884
 0.9097673092118409
 0.8985794625555753
 0.9187477127896755
 0.9093447899971121
 0.896533043147028
 0.8964087092836304
 0.9103852080836072
 0.9019082435867957
 0.8972706227083306
 0.9125082447683162
 0.9129646087294875
 0.9069138237564228
 0.9135267722925762
 0.9024333213028478
 0.903146396416573
 0
 0
 0
 0
 0
 0
 0
 0
 0
 0
 0
 0
 0
 0
 0
 0
 0
 0
 0
 0
 0
 0
 0
 0
 0
 0
 0
 0
 0
 0
 0
 0
 0
 0
 0
 0
 0
 0
 0
 0
 0
 0
 0
 0
 0
 0
 0
 0
 0
 0
 0
 0
 0
 0
 0
 0
 0
 0
 0
 0


