# Created by Octave 3.8.2, Fri Nov 20 21:38:27 2015 CET <dkottke@snake8>
# name: mus
# type: matrix
# ndims: 3
 1 30 19
 0
 0
 0.817042606516291
 0.5033444816053512
 0.6527196652719659
 0.6608040201005027
 0.6212754107490948
 0.6216442953020134
 0.6232247284878866
 0.653781512605042
 0.6522101751459547
 0.6447811447811446
 0.6442307692307693
 0.6917647058823531
 0.6835443037974682
 0.706081081081081
 0.6996638655462186
 0.7024410774410774
 0.7273739905318851
 0.7245762711864407
 0.7109440267335004
 0.7188552188552189
 0.7052675585284282
 0.7168367346938777
 0.7242553191489361
 0.7307692307692311
 0.7207491582491582
 0.7261904761904761
 0.7203150087927211
 0.7264957264957266
 0
 0
 0.3333333333333333
 1
 0.6
 0.4
 0.6
 0.7
 0.8
 0.9
 0.6666666666666666
 0.8
 0.7333333333333333
 0.5666666666666667
 0.6
 0.55
 0.6666666666666666
 0.65
 0.5166666666666666
 0.6
 0.67
 0.6300000000000001
 0.7
 0.62
 0.6
 0.6133333333333333
 0.7066666666666668
 0.7133333333333333
 0.6533333333333333
 0.6666666666666666
 0
 0
 0.5461698552000098
 0.8350989846534198
 0.6674302716901219
 0.6947489623335635
 0.633182763018886
 0.7880008878567023
 0.7717712327761699
 0.8101270770100895
 0.7561089413376125
 0.8056213494795474
 0.761494952189629
 0.7101075633757183
 0.7685217290898206
 0.7517716876675838
 0.7249427842123628
 0.7645066707451831
 0.7187812133095102
 0.6893492795168894
 0.6865379859985217
 0.7125329152860761
 0.7391376013306579
 0.7625668296297308
 0.7140583178353577
 0.739599824156541
 0.6944239456505742
 0.6801014270929734
 0.7405944838874761
 0.6968898470878742
 0
 0
 0.4166791654481021
 0.9910750001786457
 0.8316685081939267
 0.7864649255582132
 0.8025737356407376
 0.8408259499362446
 0.8880516538195209
 0.8521474171969841
 0.8696703391603238
 0.8847689597903158
 0.871058938050681
 0.7136429409772647
 0.7289812574013275
 0.7650067412320246
 0.7340316961645602
 0.7513157176181934
 0.6662585635534826
 0.6907142327003895
 0.7440391227967441
 0.72353028882915
 0.7907178219527121
 0.7758923634669684
 0.6622504201541166
 0.707274546595507
 0.7266710252325007
 0.7090751435672907
 0.6546330194467002
 0.6680549317030195
 0
 0
 0
 1
 0.6
 0.6666666666666666
 0.8571428571428571
 0.5
 0.8888888888888888
 0.9
 0.8181818181818182
 0.9166666666666666
 0.8461538461538461
 0.2222222222222222
 0.4
 0.3333333333333333
 1
 1
 1
 1
 1
 1
 1
 0
 1
 0
 1
 1
 1
 1
 0
 0
 0.2500374962604225
 1.190483333741769
 0.775000014259257
 0.6833333346357621
 0.9226190486481214
 0.7089300641566618
 0.9573412690396741
 0.9841269894204947
 0.8886363693749209
 0.9547980036177024
 0.8596154410489285
 0.5529841966838804
 0.5947591899621458
 0.6071578141667987
 0.8806613090328149
 0.8977906421268673
 0.7907022140811483
 0.6565305494259609
 0.791792882592783
 0.9360010132472331
 0.9756084975518881
 0.511931332842778
 1.011479956255384
 0.5000312654927633
 0.8558184228932202
 0.5833375725061232
 0.6066841680880393
 0.7970760045856334
 0
 0
 0.7892931470571475
 0.9616896625757274
 0.648812634110833
 0.7826459627038426
 0.8211581556548977
 0.8369204681369907
 0.8186715184016842
 0.7042049703595193
 0.7287600782362424
 0.8007316667402175
 0.8226416382903394
 0.6916570650381455
 0.7753089441322245
 0.7261179905715555
 0.7660375515468821
 0.7685379753163825
 0.7149781168321174
 0.79289037391425
 0.8222301072149785
 0.7352074794262964
 0.7785290606066388
 0.7757160994437773
 0.7529667215142212
 0.7743048545225382
 0.6865202583239288
 0.7473046088322381
 0.7204643962421419
 0.7295143883518587
 0
 0
 0.4166791654551916
 0.9442898344650363
 0.7620288818758794
 0.7922930602545617
 0.7800724913256908
 0.8286274866601508
 0.8100880966346153
 0.8210544936820813
 0.7723460834696163
 0.8554561525398747
 0.8118870558587215
 0.7487560166711849
 0.7628506344144728
 0.7737988702894909
 0.7419445694988666
 0.765821751471661
 0.6652309654189038
 0.6904834973585072
 0.7392782784587207
 0.7295243303815798
 0.7774543139285317
 0.7476605249910308
 0.6625913888849171
 0.7204696327724375
 0.7140640702425068
 0.7273897643139239
 0.686318757398831
 0.7077798833908983
 0
 0
 1
 1
 1
 1
 1
 1
 1
 1
 1
 1
 1
 1
 1
 1
 1
 1
 1
 1
 1
 1
 1
 1
 1
 1
 1
 1
 1
 1
 0
 0
 0.2500374962617192
 1.096503070885721
 0.8607692309967682
 0.6452516300867761
 0.9393451278758197
 0.9199375589115467
 0.9839011495215226
 0.8967253866862237
 0.7779716097809043
 0.8285544694212311
 0.7927080527619688
 0.6857582187607397
 0.6726604657923658
 0.7123208327386253
 0.6993120037319965
 0.7257753241297591
 0.705741238143621
 0.6410632116505918
 0.7003010622128493
 0.7646660790368132
 0.8285545519190183
 0.860560569967499
 0.7580376110920637
 0.8283044386768996
 0.7388818888755682
 0.9830404969930377
 0.0188186182526575
 0.7481501387290349
 0
 0
 0.7892931470571475
 0.9616896632682229
 0.5824570298770584
 0.8318550536602095
 0.8600036750312066
 0.9963313174761219
 0.787984125563055
 0.7311293998398691
 0.7500786330542129
 0.7662884081534541
 0.8034015713452666
 0.8668658453492932
 0.7182688166847102
 0.9293251698830041
 0.8966998099325575
 0.783794825929568
 0.7520560184821231
 0.8112322744216144
 0.8225039832132746
 0.7660307505788376
 0.841611655137365
 0.7491298613261217
 0.7865677043689424
 0.8337259108849275
 0.722473987334291
 0.7008561172966283
 0.7875099691287946
 0.7897021271755907
 0
 0
 0
 0
 0
 0
 0
 0
 0
 0
 0
 0
 0
 0
 0
 0
 0
 0
 0
 0
 0
 0
 0
 0
 0
 0
 0
 0
 0
 0
 0
 0
 0
 0
 0
 0
 0
 0
 0
 0
 0
 0
 0
 0
 0
 0
 0
 0
 0
 0
 0
 0
 0
 0
 0
 0
 0
 0
 0
 0
 0
 0
 0
 0
 0
 0
 0
 0
 0
 0
 0
 0
 0
 0
 0
 0
 0
 0
 0
 0
 0
 0
 0
 0
 0
 0
 0
 0
 0
 0
 0
 0
 0
 0
 0
 0
 0
 0
 0
 0
 0
 0
 0
 0
 0
 0
 0
 0
 0
 0
 0
 0
 0
 0
 0
 0
 0
 0
 0
 0
 0
 0
 0
 0
 0
 0
 0
 0
 0
 0
 0
 0
 0
 0
 0
 0
 0
 0
 0
 0
 0
 0
 0
 0
 0
 0
 0
 0
 0
 0
 0
 0
 1
 1
 1
 1
 1
 1
 1
 1
 1
 1
 1
 1
 1
 1
 1
 1
 1
 1
 1
 1
 1
 1
 1
 1
 1
 1
 1
 1
 0
 0
 0
 0
 0
 0
 0
 0
 0
 0
 0
 0
 0
 0
 0
 0
 0
 0
 0
 0
 0
 0
 0
 0
 0
 0
 0
 0
 0
 0
 0
 0
 0
 0
 0
 0
 0
 0
 0
 0
 0
 0
 0
 0
 0
 0
 0
 0
 0
 0
 0
 0
 0
 0
 0
 0
 0
 0
 0
 0


