# Created by Octave 3.8.2, Sun Nov 15 18:18:10 2015 CET <dkottke@snake5>
# name: mus
# type: matrix
# ndims: 3
 1 30 19
 0
 0
 0.7356705620478589
 0.7037861915367484
 0.5376044568245127
 0.5613154960981044
 0.5441912173429684
 0.5625
 0.5773310999441654
 0.6351955307262568
 0.6304676918173855
 0.6392617449664431
 0.7295615013006312
 0.7311662946428571
 0.7305322128851537
 0.7416294642857143
 0.7409523809523813
 0.7502805836139169
 0.7130859062549991
 0.7235955056179775
 0.7269467787114844
 0.726773911959097
 0.7276105536975103
 0.7308558558558559
 0.7290140845070424
 0.7285395763656631
 0.7264309764309761
 0.7296316964285714
 0.7285873192436042
 0.7305084745762711
 0
 0
 0
 0.5
 0.8
 0.8
 0.7
 0.6
 0.5
 0.6
 0.8333333333333333
 0.6
 0.5
 0.6333333333333333
 0.6
 0.6833333333333332
 0.7166666666666666
 0.6833333333333333
 0.6333333333333333
 0.65
 0.5700000000000001
 0.7300000000000001
 0.82
 0.62
 0.6000000000000001
 0.5800000000000001
 0.5933333333333334
 0.6466666666666666
 0.6466666666666666
 0.6666666666666667
 0
 0
 0.5451815491355501
 0.5886199537782402
 0.7999836865670897
 0.8312195106529191
 0.6734043779385785
 0.4946137614432904
 0.3207111387834893
 0.5739973019401742
 0.5467892360514273
 0.6010904569273869
 0.6272756849257917
 0.6211405331795544
 0.5564301019962906
 0.6199035958176444
 0.6089251614067441
 0.5850119012442516
 0.5825119258254831
 0.5110077622436497
 0.5642350869280186
 0.6210760139310116
 0.5408040085404777
 0.4862180274415349
 0.4675046800775913
 0.4785589989185083
 0.5019055648209059
 0.5084793552403398
 0.4956598908011181
 0.51273748339259
 0
 0
 0.1111086523600767
 0.5422935957876637
 0.6227245825598129
 0.5703342179505071
 0.4891402053978494
 0.5519922052725816
 0.4596455518534672
 0.5660975211345851
 0.5339120698267912
 0.5482106652776784
 0.5664618612594982
 0.5559173277606115
 0.5505147205248637
 0.575005606810904
 0.5794321729349465
 0.5611144835123031
 0.54765097980827
 0.5426520770765079
 0.5408489484415802
 0.5549395071710574
 0.5365503700719424
 0.5339847680509318
 0.5080800325426522
 0.5037977583153274
 0.5256381640207105
 0.5326731836393847
 0.5179203026432962
 0.522961221989899
 0
 0
 0.1666401622917247
 0.5367505599795087
 0.5951866559192678
 0.556731720911613
 0.5002197757116724
 0.5643429514668274
 0.4839078586716749
 0.5620728793648473
 0.5269719692141049
 0.5440071854116963
 0.5542701767043171
 0.5697074336997899
 0.5469918946711287
 0.5843070430102324
 0.5697573996185277
 0.5628864636684322
 0.5534963792902212
 0.5401244486900322
 0.5449165508664645
 0.5599957143753951
 0.5350576238308715
 0.5408228657710583
 0.5124578673014769
 0.5080211793594592
 0.5268777059146426
 0.5340386514530669
 0.5182350807160069
 0.5226217124065872
 0
 0
 0.08333607890257277
 0.5275581124927163
 0.7740924071071259
 0.5768705526749309
 0.4813714962157873
 0.70194355760158
 0.5349771752342951
 0.5639757058563847
 0.5381668645609504
 0.5342856116464306
 0.5520209501189177
 0.5366841054050678
 0.558821669368352
 0.5906159098829916
 0.5668817913576781
 0.556724447480807
 0.5275956168548793
 0.5463887304360096
 0.5820502372889488
 0.5483129910539439
 0.542485630957565
 0.5058774442108478
 0.4484309486233864
 0.5587272461178897
 0.5272426855930717
 0.5356937127051473
 0.547343154036553
 0.5256494215740507
 0
 0
 0.3678794411714423
 0.9531041801322688
 0.6305123357370566
 0.6740859562203459
 0.6875858567900697
 0.7152624315620821
 0.6956771494958152
 0.6257941967997352
 0.6418169614066664
 0.6808852005399234
 0.6834708587646308
 0.636725846646585
 0.6828654663650998
 0.6308237174952419
 0.7297260464209444
 0.5942307742352633
 0.691378303117543
 0.7356854480738954
 0.6865418366333977
 0.6789704589648684
 0.6634149642200713
 0.727053940351043
 0.6777277197076561
 0.6662078577937082
 0.631119936706996
 0.6853696880204693
 0.6690565674543111
 0.653741551819274
 0
 0
 0.1110934542605244
 0.5675435118117548
 0.5775170760287299
 0.6147696624908893
 0.5718537221165968
 0.6004770884937952
 0.5224921419606392
 0.5831581155730392
 0.5337706450016616
 0.5478764354621397
 0.5582993063178875
 0.5534889292131576
 0.5518542359206502
 0.5740904246149007
 0.5831710679826142
 0.5539491287954982
 0.5464647715496582
 0.5397060534678452
 0.5365049916604078
 0.5516410792664551
 0.5385044875218234
 0.5393417230939487
 0.5127164583835672
 0.5108289654511373
 0.525172347213373
 0.5356687285195516
 0.5207727157295775
 0.5280038571847724
 0
 0
 0.166654698079303
 0.5246229725722855
 0.5945412091047859
 0.6064292770416756
 0.5229926044093267
 0.5895991472379589
 0.5542328703744135
 0.5885947149353411
 0.539782479888982
 0.5485170529927995
 0.545716718917016
 0.5524496575810269
 0.5377032660888625
 0.5766114454895992
 0.5702950147715927
 0.5533717509177907
 0.5545267952600956
 0.5430779691056151
 0.5414715186615096
 0.5569644208387921
 0.5401444986061379
 0.5351764450905597
 0.5122652599312878
 0.5117348754382242
 0.5246228957496121
 0.5384993738902472
 0.5223036257908391
 0.5240472435497069
 0
 0
 0.08337564936025274
 0.5545267429151601
 0.8038799248859136
 0.5654626843058617
 0.557346255683198
 0.5499143398460216
 0.5261398789443352
 0.5720741951465447
 0.5310598539557927
 0.5436439019394486
 0.5611616116857282
 0.5393486914545385
 0.541596775464347
 0.5670018762533718
 0.5696359820440046
 0.5577356328321361
 0.5336783772428035
 0.5316069036263742
 0.5238556407713142
 0.5457664988393778
 0.5265685437726422
 0.520785954003357
 0.5007113963640504
 0.5050834036426384
 0.5306634252708167
 0.5385662053269058
 0.5243734298928705
 0.525416087269131
 0
 0
 0.3678794411714423
 0.9550773419972777
 0.5994047252164516
 0.6180349586551113
 0.6752846221094966
 0.7007189075377345
 0.684729720427579
 0.6595240882595717
 0.6386212111495323
 0.6423858223795234
 0.6543016033576299
 0.6694432126670752
 0.6767457776112912
 0.667342712728401
 0.6734942873242366
 0.638353702512552
 0.6415594228677189
 0.6509052284535836
 0.7220958264147186
 0.6559673757490642
 0.666811899065073
 0.6750703196442609
 0.6625940044874399
 0.6588882013809046
 0.6571821932509573
 0.6759926506209805
 0.6485254694530139
 0.6553000225130771
 0
 0
 0
 0
 0
 0
 0
 0
 0
 0
 0
 0
 0
 0
 0
 0
 0
 0
 0
 0
 0
 0
 0
 0
 0
 0
 0
 0
 0
 0
 0
 0
 0
 0
 0
 0
 0
 0
 0
 0
 0
 0
 0
 0
 0
 0
 0
 0
 0
 0
 0
 0
 0
 0
 0
 0
 0
 0
 0
 0
 0
 0
 0
 0
 0
 0
 0
 0
 0
 0
 0
 0
 0
 0
 0
 0
 0
 0
 0
 0
 0
 0
 0
 0
 0
 0
 0
 0
 0
 0
 0
 0
 0
 0
 0
 0
 0
 0
 0
 0
 0
 0
 0
 0
 0
 0
 0
 0
 0
 0
 0
 0
 0
 0
 0
 0
 0
 0
 0
 0
 0
 0
 0
 0
 0
 0
 0
 0
 0
 0
 0
 0
 0
 0
 0
 0
 0
 0
 0
 0
 0
 0
 0
 0
 0
 0
 0
 0
 0
 0
 0
 0
 0.2089099347266599
 0.4865759744514424
 0.5949321918057671
 0.6415850573147185
 0.5402941355859718
 0.5958821530330964
 0.5491959259739255
 0.5958416522009911
 0.529141011839304
 0.5498747293926868
 0.5458756741596396
 0.5552628829527821
 0.5340266348866668
 0.572787189580362
 0.5718736415349586
 0.5545026075883572
 0.5528189903868405
 0.5381006656926079
 0.5392781641464113
 0.5524929665000616
 0.5364735345254015
 0.5389836216383952
 0.5079303433852331
 0.5066065724109581
 0.5230488904884453
 0.5368005775742364
 0.519129096072947
 0.5263298934978718
 0
 0
 0
 0
 0
 0
 0
 0
 0
 0
 0
 0
 0
 0
 0
 0
 0
 0
 0
 0
 0
 0
 0
 0
 0
 0
 0
 0
 0
 0
 0
 0
 0
 0
 0
 0
 0
 0
 0
 0
 0
 0
 0
 0
 0
 0
 0
 0
 0
 0
 0
 0
 0
 0
 0
 0
 0
 0
 0
 0


