# Created by Octave 3.8.2, Sat Nov 21 00:08:04 2015 CET <dkottke@snake5>
# name: mus
# type: matrix
# ndims: 3
 1 30 19
 0
 0
 0.5764411027568924
 0.5176767676767676
 0.5164556962025318
 0.5871212121212122
 0.604010025062657
 0.5867346938775511
 0.5391414141414143
 0.5358974358974359
 0.5429292929292928
 0.5505050505050505
 0.5379487179487179
 0.5350765306122449
 0.6628205128205129
 0.7734375
 0.7928388746803069
 0.7790404040404041
 0.7894736842105262
 0.8026315789473685
 0.8170426065162909
 0.914141414141414
 0.8948564933219665
 0.90625
 0.9066666666666666
 0.9035897435897439
 0.9068061568061569
 0.899234693877551
 0.9004728405028255
 0.894871794871795
 0
 0
 0.6666666666666666
 1
 1
 0.8
 0.9
 1
 0.8
 0.9
 1
 1
 1
 1
 0.9333333333333333
 0.8
 0.8666666666666666
 0.6333333333333333
 0.5666666666666667
 0.7
 0.77
 0.6899999999999999
 0.6500000000000001
 0.7500000000000001
 0.76
 0.8466666666666667
 0.7866666666666666
 0.8133333333333332
 0.8666666666666668
 0.8666666666666668
 0
 0
 0.6685221459801466
 0.9034260257345259
 0.9058543848553212
 0.8219527092632896
 0.9129221679164742
 0.9312050980483491
 0.846219742208694
 0.8592604273057074
 0.8664118552342315
 0.9096675315485069
 0.9214062189145786
 0.950740093245003
 0.8904425104229724
 0.7485760985273342
 0.8106264531783741
 0.8406762179390802
 0.8803409758282632
 0.8096944387983722
 0.8709906743023811
 0.7684792221355798
 0.8067438949274399
 0.8178091783821233
 0.8405998770474197
 0.8576195837022633
 0.8740886072007037
 0.8673130603959551
 0.8749476602930242
 0.8822186208534843
 0
 0
 0.7500124987574416
 0.979175000517881
 1
 0.9496538878553502
 0.9081675230683108
 0.9921875644909568
 0.8201138498857125
 0.8745349383227912
 0.9452315209024784
 0.9855914917357507
 0.991068262116747
 0.9995797295865505
 0.9678222219125576
 0.8688700431768767
 0.9063253709057378
 0.9418090872006252
 0.9422071710919284
 0.8468927198811578
 0.8859704992849164
 0.8501038902292694
 0.8632467706156418
 0.8587340993092083
 0.8809790450951317
 0.8914824393175701
 0.9117141811759903
 0.9052246392509463
 0.9250138007582094
 0.935305887562295
 0
 0
 0.6666666666666666
 1
 1
 1
 0.8571428571428571
 1
 0.5555555555555556
 0.7
 0.9090909090909091
 1
 1
 1
 1
 0.6666666666666666
 0.5
 1
 1
 1
 1
 0
 1
 0
 1
 1
 1
 0
 1
 1
 0
 0
 0.9000299977447443
 1.388888961670649
 1.150000136592338
 1.03333333368853
 0.9523809538319253
 1.00714286203682
 0.738593481354718
 0.7923623296307654
 0.95568185263522
 1.047979848095083
 1.005361418286103
 1.010620915240993
 1.017958540381864
 0.7292724671427412
 0.7774475188812542
 0.9711539320093314
 1.027027099789636
 0.935700240273696
 0.8448279756935424
 0.5902964375948871
 1.023515387626216
 0.7142884780708706
 1.000000001847219
 0.6458382185715569
 1.000000003196955
 0.7500038240196032
 1.000000901912365
 1.024812006842144
 0
 0
 0.3678794411714423
 0.8877756985271048
 0.8092023735569407
 0.830060500025452
 0.9207882964468332
 0.9726481507293743
 0.9010426475594202
 0.9101261019322988
 0.92722049484055
 0.9191178079828334
 0.9371744227500982
 0.9892899601675647
 0.8882283997108785
 0.8609850399563852
 0.8757660498708184
 0.8748568414614422
 0.8491511249567386
 0.9075943761991708
 0.8324243002145825
 0.8354826522501351
 0.812308059730493
 0.8676077399185365
 0.8776320033022554
 0.888764822004497
 0.8908466441654788
 0.8750551060670477
 0.8997198063667581
 0.8900031337868046
 0
 0
 0.7500124987564801
 0.8696026041930247
 0.9222127919640903
 0.9130723169681872
 0.9336117970193987
 0.9703943898194308
 0.8521203695148482
 0.8920823188757591
 0.9382198740146129
 0.9544207049107906
 0.9719454097964751
 0.9860607223783665
 0.957453644819065
 0.8584048428919107
 0.8932356071510481
 0.8963709996932262
 0.9100002877973009
 0.8224561269930306
 0.8602005935739599
 0.8131369214706793
 0.8460732993328424
 0.850645299310174
 0.8793724566593788
 0.8658260951301162
 0.8963317273242906
 0.8920274053289283
 0.9089755506877533
 0.914330816165405
 0
 0
 1
 1
 1
 1
 1
 1
 1
 1
 1
 1
 1
 1
 1
 1
 1
 1
 1
 1
 1
 1
 1
 1
 1
 1
 1
 1
 1
 1
 0
 0
 0.9000299969972976
 1.421569367603488
 1.176923077117789
 0.9716756851354281
 1.063156936854227
 1.025148280049777
 0.8493625825698852
 0.9205944639315544
 1.069862223509571
 1.09553977718594
 0.9844241787148622
 0.9935012282400133
 0.9583718815363895
 0.7938953520456653
 0.8570262575571748
 0.8471862420280364
 1.032792152308765
 0.7890798508563629
 0.8077113600108603
 0.7697534161840139
 0.9129328814554732
 1.033016530489175
 1.000000000000257
 0.9089374297789147
 1.000000000001688
 0.9999981774280415
 0.9922990003203562
 0.8711520118355132
 0
 0
 0.3678794411714423
 0.8877756983780185
 0.7951031956615364
 0.7756082563294828
 0.9922373226111625
 0.9839676831556545
 0.9489809878651785
 0.8969099189542211
 0.918458799851107
 0.8988216294236756
 0.8953009572154008
 0.9379820363739592
 0.8862753687887043
 0.9990350938198234
 0.8375215314996749
 0.8840830248211969
 0.8681094874105398
 0.9377295671980352
 0.8470702184121441
 0.8288670474844153
 0.9387523613833051
 0.8596402815763948
 0.9012668576634769
 0.9326026306740175
 0.8842598075669604
 0.8709366454040832
 0.859088979720699
 0.9053161783773597
 0
 0
 0
 0
 0
 0
 0
 0
 0
 0
 0
 0
 0
 0
 0
 0
 0
 0
 0
 0
 0
 0
 0
 0
 0
 0
 0
 0
 0
 0
 0
 0
 0
 0
 0
 0
 0
 0
 0
 0
 0
 0
 0
 0
 0
 0
 0
 0
 0
 0
 0
 0
 0
 0
 0
 0
 0
 0
 0
 0
 0
 0
 0
 0
 0
 0
 0
 0
 0
 0
 0
 0
 0
 0
 0
 0
 0
 0
 0
 0
 0
 0
 0
 0
 0
 0
 0
 0
 0
 0
 0
 0
 0
 0
 0
 0
 0
 0
 0
 0
 0
 0
 0
 0
 0
 0
 0
 0
 0
 0
 0
 0
 0
 0
 0
 0
 0
 0
 0
 0
 0
 0
 0
 0
 0
 0
 0
 0
 0
 0
 0
 0
 0
 0
 0
 0
 0
 0
 0
 0
 0
 0
 0
 0
 0
 0
 0
 0
 0
 0
 0
 0
 1
 1
 1
 1
 1
 1
 1
 1
 1
 1
 1
 1
 1
 1
 1
 1
 1
 1
 1
 1
 1
 1
 1
 1
 1
 1
 1
 1
 0
 0
 0
 0
 0
 0
 0
 0
 0
 0
 0
 0
 0
 0
 0
 0
 0
 0
 0
 0
 0
 0
 0
 0
 0
 0
 0
 0
 0
 0
 0
 0
 0
 0
 0
 0
 0
 0
 0
 0
 0
 0
 0
 0
 0
 0
 0
 0
 0
 0
 0
 0
 0
 0
 0
 0
 0
 0
 0
 0


