# Created by Octave 3.8.2, Fri Nov 20 20:19:31 2015 CET <dkottke@snake6>
# name: mus
# type: matrix
# ndims: 3
 1 30 19
 0
 0
 0.4987468671679202
 0.7834448160535117
 0.6033472803347275
 0.8500837520938023
 0.8276246170983015
 0.8145973154362416
 0.90392648287385
 0.8840336134453785
 0.9049207673060874
 0.9234006734006739
 0.8969481605351158
 0.9164705882352945
 0.9240506329113919
 0.9341216216216216
 0.9296638655462179
 0.9318181818181812
 0.9211918685602891
 0.8898305084745762
 0.8705096073517123
 0.854517396184063
 0.8578595317725752
 0.8715986394557823
 0.8748936170212773
 0.8720735785953176
 0.8627946127946126
 0.8623866213151926
 0.865738970869332
 0.8589743589743589
 0
 0
 1
 0.25
 0.8
 0.5
 0.6
 0.5
 0.6
 0.6
 0.6333333333333333
 0.3333333333333333
 0.4
 0.6333333333333333
 0.6666666666666666
 0.5
 0.6499999999999999
 0.6666666666666666
 0.7333333333333333
 0.8
 0.72
 0.85
 0.6900000000000001
 0.6300000000000001
 0.72
 0.7266666666666668
 0.6733333333333333
 0.7933333333333332
 0.72
 0.8333333333333334
 0
 0
 1
 0.6312630073500081
 0.7640083247040051
 0.7434826672198587
 0.5355606844772725
 0.7085093516707269
 0.5749597290069117
 0.6753864947629192
 0.6261615513340359
 0.4975872136876519
 0.5831812490020752
 0.6039151728440537
 0.6709571030619987
 0.6141843827888357
 0.6063077353491338
 0.5473386145591826
 0.5487676114799511
 0.6596901338157455
 0.6871083183209856
 0.6665493232730249
 0.6629890755655445
 0.6612780119988053
 0.699943619989484
 0.6594889951232834
 0.7141003977771089
 0.6874808933003321
 0.6663762520388911
 0.699942706791353
 0
 0
 0.9999999996006578
 0.3659985482017298
 0.7209459468745123
 0.6019947847998113
 0.5931511593968996
 0.6373274002591935
 0.5334468914377126
 0.5696827355771376
 0.5855571357580901
 0.6104228493032479
 0.5514821455002203
 0.5829328494883151
 0.5583264995900349
 0.5896135909074728
 0.6080438446204935
 0.6164256040967955
 0.5965583549928609
 0.6334829919603652
 0.6664945935065436
 0.6718209118221279
 0.6876355496779804
 0.7048480885900338
 0.7313128092459874
 0.7109525333516038
 0.7096101644688854
 0.7547330114527929
 0.7471690231198437
 0.7538207615338806
 0
 0
 1
 0
 0.4
 0.5
 0.7142857142857143
 1
 0.3333333333333333
 0.5
 0.5454545454545454
 0.8333333333333334
 0.5384615384615384
 0.6666666666666666
 1
 0.3333333333333333
 1
 0
 0
 1
 0
 1
 1
 1
 1
 0
 0
 0
 1
 1
 0
 0
 0.9999999943731407
 0.09212154896196478
 0.352382997047471
 0.6409443616352964
 0.6140584665237034
 0.7947429603959418
 0.520265194653977
 0.5287780586242342
 0.539478762988913
 0.6563101327504461
 0.5124396773455054
 0.6298459268224176
 0.6793010307499247
 0.5280175035216026
 0.6860239646805644
 0.4212472060259829
 0.434254548673402
 0.7387224284525198
 0.5766063621231939
 0.7826162521998379
 0.7576102301143355
 0.7420425049700348
 0.6976629928690012
 0.596556691031095
 0.5456246016110913
 0.7434495369967729
 0.8210534160616612
 0.820620198492539
 0
 0
 1
 0.8901824305072579
 0.6924855156964997
 0.7657676198532213
 0.7917540327738395
 0.7227166620156663
 0.7227215713315299
 0.6884073076852225
 0.6713324685722857
 0.6180629871886962
 0.6284566099948329
 0.6111024791054189
 0.6784048201968667
 0.6670441254208935
 0.6593029461254942
 0.651746539333326
 0.637591692141511
 0.658589843545492
 0.6975544182731772
 0.6925757308156452
 0.6814447922032165
 0.6694801740666378
 0.7065117997212061
 0.6774617159796803
 0.6949456984858617
 0.6861562316773044
 0.6764040271316054
 0.7056434753704849
 0
 0
 0.9999999997717466
 0.4338259551028126
 0.6381373898628534
 0.6313956092924106
 0.5189045417111313
 0.5786126107130428
 0.4909587236311794
 0.5479707589963644
 0.5423004536021603
 0.5345961079423759
 0.5301703556718784
 0.5223988614356272
 0.5388197298641737
 0.5367034051053664
 0.5682096248650986
 0.5560098756441918
 0.5419450595881307
 0.5779462542595606
 0.5885360016561713
 0.6035417557107591
 0.6044645730832048
 0.6194467885149303
 0.6282817060884232
 0.6203300905905031
 0.6296019309888327
 0.653889470473539
 0.6492195555362328
 0.6535771114169684
 0
 0
 0.8873519286256293
 0.9373266696520469
 0.9435446303725328
 0.9259803359857277
 0.8927946242786116
 0.9229486286902592
 0.9331486483977917
 0.9259052705992361
 0.9160570734524967
 0.9217791587582825
 0.9081519159256322
 0.9167725192046181
 0.9067275641031777
 0.9118302575976212
 0.9245846443947826
 0.9134888222849614
 0.9090288304606322
 0.8896058103914705
 0.9039755084308276
 0.9055416718348215
 0.8982412202359035
 0.9042076532283971
 0.9121608512487698
 0.9100609589619105
 0.8984638708551103
 0.9005659364068352
 0.9137357905502771
 0.8941758442449989
 0
 0
 0.9999999999976045
 0.1210277397665049
 0.4433496307889886
 0.6679589509544337
 0.4999208411338382
 0.5748845739123402
 0.5194101228562289
 0.5214656786566473
 0.5469407915464873
 0.5505249074752527
 0.5164851194539121
 0.5633030870961262
 0.5673686422871095
 0.5289290281629415
 0.5970047521507722
 0.5070101019061133
 0.5501836196210008
 0.6061469439781312
 0.5758916553444554
 0.5907144981684009
 0.5855146899276265
 0.6821275632667689
 0.7390558444464831
 0.73520181960899
 0.6093221841316523
 0.7698821590938338
 0.7657165369187304
 0.7638768413602455
 0
 0
 1
 0.7567879463771735
 0.6743072962575752
 0.7072170825344574
 0.8038231127549094
 0.7026935227223158
 0.8084603179414651
 0.6497201618474118
 0.4128366373221899
 0.5455015440711757
 0.6537368224987091
 0.6460855678208369
 0.6927178160449665
 0.6386289895635682
 0.6585100174669198
 0.6607665173607541
 0.6266385681194921
 0.6253973069629104
 0.6667407509935163
 0.6501891069168604
 0.6681554921960072
 0.7318335172486845
 0.6875080276243388
 0.6437246608078826
 0.6468359090726005
 0.7207668130007137
 0.6926650369777746
 0.6747706021670069
 0
 0
 0
 0
 0
 0
 0
 0
 0
 0
 0
 0
 0
 0
 0
 0
 0
 0
 0
 0
 0
 0
 0
 0
 0
 0
 0
 0
 0
 0
 0
 0
 0
 0
 0
 0
 0
 0
 0
 0
 0
 0
 0
 0
 0
 0
 0
 0
 0
 0
 0
 0
 0
 0
 0
 0
 0
 0
 0
 0
 0
 0
 0
 0
 0
 0
 0
 0
 0
 0
 0
 0
 0
 0
 0
 0
 0
 0
 0
 0
 0
 0
 0
 0
 0
 0
 0
 0
 0
 0
 0
 0
 0
 0
 0
 0
 0
 0
 0
 0
 0
 0
 0
 0
 0
 0
 0
 0
 0
 0
 0
 0
 0
 0
 0
 0
 0
 0
 0
 0
 0
 0
 0
 0
 0
 0
 0
 0
 0
 0
 0
 0
 0
 0
 0
 0
 0
 0
 0
 0
 0
 0
 0
 0
 0
 0
 0
 0
 0
 0
 0
 0
 0.8854201047067334
 0.9259601931503553
 0.8715352137267435
 0.9188237363959142
 0.9170294046227365
 0.9091579204779504
 0.9411528717941832
 0.909695001085487
 0.9306863075174274
 0.9259537509543497
 0.9309188537506877
 0.9345968945224495
 0.9101808126119415
 0.9169709661280748
 0.9068065964017894
 0.9025004517000877
 0.9099821184770861
 0.9091230348890643
 0.9045229769827777
 0.9076519767933783
 0.9011124138790162
 0.8970093438022343
 0.8956944197950023
 0.8932039232610117
 0.9017708617458416
 0.908401465901719
 0.889900559429263
 0.904761877811299
 0
 0
 0
 0
 0
 0
 0
 0
 0
 0
 0
 0
 0
 0
 0
 0
 0
 0
 0
 0
 0
 0
 0
 0
 0
 0
 0
 0
 0
 0
 0
 0
 0
 0
 0
 0
 0
 0
 0
 0
 0
 0
 0
 0
 0
 0
 0
 0
 0
 0
 0
 0
 0
 0
 0
 0
 0
 0
 0
 0


