# Created by Octave 3.8.2, Mon Nov 16 01:13:53 2015 CET <dkottke@snake3>
# name: mus
# type: matrix
# ndims: 3
 1 30 19
 0
 0
 0.4937343358395988
 0.494949494949495
 0.4936708860759494
 0.4924242424242425
 0.5689223057644108
 0.5280612244897959
 0.5372474747474747
 0.6384615384615384
 0.7253787878787878
 0.7171717171717173
 0.6207692307692307
 0.6243622448979591
 0.6833333333333331
 0.75
 0.7067348678601875
 0.7866161616161615
 0.7969924812030075
 0.7289473684210527
 0.7418546365914788
 0.7095959595959598
 0.7249218527990908
 0.7552083333333334
 0.8080000000000001
 0.8061538461538462
 0.8235930735930735
 0.8150510204081632
 0.8228578018682966
 0.823076923076923
 0
 0
 1
 1
 1
 1
 0.8
 0.8
 0.8
 0.6
 0.4333333333333333
 0.5333333333333333
 0.7
 0.6666666666666667
 0.7333333333333334
 0.7166666666666666
 0.7
 0.7833333333333333
 0.6833333333333333
 0.7
 0.76
 0.78
 0.7699999999999999
 0.75
 0.76
 0.7333333333333333
 0.74
 0.7466666666666667
 0.76
 0.9
 0
 0
 1
 1
 1
 1
 0.7044878922556885
 0.5107583818614034
 0.6509953210240682
 0.6433590531156057
 0.6272753798024076
 0.5204827793848495
 0.547692518705957
 0.6981204368480427
 0.7892098459204222
 0.7269085341432828
 0.7064632288842192
 0.7326878319407086
 0.6796096605963796
 0.656448655824721
 0.6237081232931945
 0.7557680168714543
 0.7567033630641991
 0.7450599643163327
 0.7125958457468593
 0.7736503828804075
 0.7281963166378542
 0.7775892870711619
 0.7276218628541096
 0.7862504003388789
 0
 0
 0.9999999999760567
 0.999999999893726
 0.9999999999101378
 0.9999999999131504
 0.7751529808837967
 0.5895002771001614
 0.6337298537774394
 0.5626896991577921
 0.4872195703020439
 0.5391219901712696
 0.5776251630799174
 0.6244527666598416
 0.6313139734486809
 0.6240875603321148
 0.6246225928348826
 0.6345882701414979
 0.5767268539291535
 0.5958106555075116
 0.6312166505358955
 0.6469980415503851
 0.6680564951285092
 0.6550367257307278
 0.6316875418045688
 0.6465115553839658
 0.6351419963660689
 0.649636201188078
 0.6672882807837229
 0.6772037858743057
 0
 0
 0.9999999999810265
 0.9999999998853313
 0.9999999999256961
 0.9999999999197229
 0.7524350634066057
 0.567344502195542
 0.6371743545542556
 0.5330220643776343
 0.4813435969518287
 0.5587411772035007
 0.5711138626090688
 0.6309386610131352
 0.6286256754028926
 0.6212903877521174
 0.6199070172021924
 0.6252284977768335
 0.5832719749861747
 0.5992648833276266
 0.6238251728833299
 0.6423679039435263
 0.6643597989425912
 0.6520160159895236
 0.6329550289575669
 0.6439550034157374
 0.6404149135681532
 0.6529522375280593
 0.6696919734380377
 0.6808828868574966
 0
 0
 0.9999999999834314
 0.9999999999269867
 0.9999999999480312
 0.999999999999441
 0.723452804803655
 0.606352206033747
 0.624861790220883
 0.5348291426444867
 0.4472954519270479
 0.5601198461192576
 0.5611830812944271
 0.6058623821320915
 0.5913792653996549
 0.6093944546118261
 0.6286423408519233
 0.6498863697221609
 0.5513812733042546
 0.6187311089115363
 0.5861202910662197
 0.6799301591602526
 0.6852945107619948
 0.6834917767432054
 0.6789425838549041
 0.6603393016284052
 0.6968549414394877
 0.6480161493463962
 0.6274842994492073
 0.642837322127522
 0
 0
 1
 0.9999999999867966
 0.9999999999988758
 0.9999999999997413
 0.7716714122023616
 0.6923195289904918
 0.7047513320285279
 0.6815624617087435
 0.6167991059066724
 0.6712857100463783
 0.6564800482727404
 0.7345182306278089
 0.7064584380490524
 0.732766040450873
 0.7091297729443327
 0.7276238949862448
 0.6956770717448355
 0.7299245930948475
 0.6810809331426974
 0.6982699568496209
 0.7213055235135561
 0.7182248246709587
 0.7288021132083491
 0.7417783643815077
 0.7585676423621969
 0.7404101133906398
 0.7269091600377855
 0.8052463698535716
 0
 0
 0.9999999999692997
 0.9999999999762791
 0.9999999999898066
 0.9999999999895794
 0.7292133028775033
 0.548777710391592
 0.5936499190332361
 0.5623785213141336
 0.505188489607506
 0.55367158992049
 0.5669466410880495
 0.6184785265032245
 0.6284451472623023
 0.6163481841856261
 0.6292645059807007
 0.6276495759510521
 0.5680412357656283
 0.5883428134587276
 0.6292013473377925
 0.6495937645606306
 0.6761538969112366
 0.662413083848206
 0.6372683682404072
 0.6556997852231045
 0.6346447146011458
 0.654156238714483
 0.6761612179028836
 0.6891949597011526
 0
 0
 0.9999999999772887
 0.9999999999585992
 0.9999999999783885
 0.999999999987348
 0.6923148172112421
 0.4779802189251946
 0.5688177557088889
 0.5540344361907286
 0.5086323284915162
 0.5645676118903222
 0.5717024290375765
 0.6316966103035064
 0.63585933468675
 0.62300681683385
 0.613856766865851
 0.6147160255524251
 0.5670504334768702
 0.5965138152139242
 0.6113347829898405
 0.6422872896171327
 0.6655732703765759
 0.6629351675337991
 0.6285007775161876
 0.654737016926905
 0.6379725868718897
 0.6508767220765557
 0.6757153738048711
 0.6844292773505368
 0
 0
 0.9999999999925914
 0.9999999999637555
 0.999999999993063
 0.9999999999999869
 0.6607537433111076
 0.5189184236957187
 0.5897666418472622
 0.5430186576922146
 0.4578629585522371
 0.533012145819628
 0.558345073582903
 0.6015045586723701
 0.6198261715026854
 0.6971452955741935
 0.6303648757422456
 0.6163508703253809
 0.5591167414740477
 0.5838194115228894
 0.6177399066619675
 0.6371415568657858
 0.6646094091114296
 0.6881248455603057
 0.62457162105784
 0.6455392957629821
 0.614538895015471
 0.6518251033238067
 0.6665847697375812
 0.6835171213368507
 0
 0
 1
 0.9999999999883434
 0.9999999999999738
 0.9999999999999903
 0.7733599096901785
 0.6892165409920025
 0.6798011537601386
 0.6758841071542108
 0.6144394828378605
 0.6609033135299447
 0.6232503140585258
 0.6876203257834697
 0.6879215750258035
 0.7202697160954319
 0.6845985149617729
 0.693734483450047
 0.7007311795011887
 0.6786596719139815
 0.6775941711184839
 0.6872428400335143
 0.6978847647539859
 0.69389787041342
 0.6846459794752149
 0.6923642663391599
 0.687793387827012
 0.6886035283845074
 0.7136577501120597
 0.7144402353215166
 0
 0
 0
 0
 0
 0
 0
 0
 0
 0
 0
 0
 0
 0
 0
 0
 0
 0
 0
 0
 0
 0
 0
 0
 0
 0
 0
 0
 0
 0
 0
 0
 0
 0
 0
 0
 0
 0
 0
 0
 0
 0
 0
 0
 0
 0
 0
 0
 0
 0
 0
 0
 0
 0
 0
 0
 0
 0
 0
 0
 0
 0
 0
 0
 0
 0
 0
 0
 0
 0
 0
 0
 0
 0
 0
 0
 0
 0
 0
 0
 0
 0
 0
 0
 0
 0
 0
 0
 0
 0
 0
 0
 0
 0
 0
 0
 0
 0
 0
 0
 0
 0
 0
 0
 0
 0
 0
 0
 0
 0
 0
 0
 0
 0
 0
 0
 0
 0
 0
 0
 0
 0
 0
 0
 0
 0
 0
 0
 0
 0
 0
 0
 0
 0
 0
 0
 0
 0
 0
 0
 0
 0
 0
 0
 0
 0
 0
 0
 0
 0
 0
 0
 0.9948544917739172
 0.9919009014036362
 0.9990928947623209
 0.999060649967481
 0.6729407750778188
 0.4810735895930328
 0.5539285381150555
 0.5538620111951483
 0.5015666568255932
 0.5654567492155398
 0.5684904626858518
 0.6333770592361863
 0.6261881527328181
 0.6105019095560467
 0.617041087552755
 0.618504302132276
 0.570633939033923
 0.5995031617170905
 0.6116177434957663
 0.6382869121565961
 0.6679359773663524
 0.6568175221736482
 0.6264484397065189
 0.6485580552272451
 0.6366398435621985
 0.6534452292013034
 0.6723751985530472
 0.6850946059423147
 0
 0
 0
 0
 0
 0
 0
 0
 0
 0
 0
 0
 0
 0
 0
 0
 0
 0
 0
 0
 0
 0
 0
 0
 0
 0
 0
 0
 0
 0
 0
 0
 0
 0
 0
 0
 0
 0
 0
 0
 0
 0
 0
 0
 0
 0
 0
 0
 0
 0
 0
 0
 0
 0
 0
 0
 0
 0
 0
 0


