# Created by Octave 3.8.2, Fri Nov 20 21:30:58 2015 CET <dkottke@snake7>
# name: mus
# type: matrix
# ndims: 3
 1 30 19
 0
 0
 0.909774436090226
 0.7533444816053512
 0.8895397489539757
 0.9154103852596319
 0.9214703425229742
 0.9379194630872483
 0.9273182957393474
 0.9327731092436982
 0.9316096747289404
 0.9351851851851856
 0.9280936454849491
 0.925714285714286
 0.9417721518987338
 0.9434121621621622
 0.9439495798319322
 0.944444444444444
 0.9256474519632409
 0.9338983050847458
 0.9331662489557221
 0.9427609427609425
 0.9383361204013382
 0.9438775510204083
 0.9463829787234046
 0.9464882943143806
 0.9440235690235689
 0.945294784580499
 0.937839284348956
 0.9418803418803413
 0
 0
 0
 0.75
 0.6
 0.7
 0.7
 0.7
 0.7
 0.7
 0.7
 0.7333333333333333
 0.7666666666666666
 0.8
 0.8
 0.8666666666666666
 0.8666666666666666
 0.95
 0.85
 0.8
 0.82
 0.8
 0.8400000000000001
 0.9199999999999999
 0.9199999999999999
 0.9199999999999999
 0.9266666666666665
 0.9266666666666667
 0.9333333333333333
 0.9333333333333333
 0
 0
 0.4130309096591964
 0.5991989210326174
 0.473635053747992
 0.6370647169020059
 0.6878549512927711
 0.6977049109179683
 0.74005429252282
 0.8174029136464018
 0.7865451806145497
 0.759654173827819
 0.8032418694221096
 0.8381987950312825
 0.8339599680216185
 0.8933268133294805
 0.8966921741849413
 0.896586061236713
 0.8402159536540165
 0.8530937110604134
 0.8797390218463332
 0.896441229540079
 0.8891716235307737
 0.9162197190889841
 0.9128722463851322
 0.9034246415036736
 0.9102680441339259
 0.9194453149700977
 0.9148088003277342
 0.9220185873148944
 0
 0
 0.1389097202790741
 0.8948493060182181
 0.6975061196304624
 0.7916723879326913
 0.7709736469632466
 0.816729986542998
 0.826863095333827
 0.8404766095229047
 0.8602909548489789
 0.8710049829432436
 0.8557917612417439
 0.873306084273178
 0.8798087734371517
 0.9313682435718835
 0.9612013766435143
 0.9560647277237352
 0.8744133418406781
 0.8838455605953984
 0.8979339181246311
 0.9329736884078975
 0.9383047490243024
 0.9437842960196623
 0.9480214522452853
 0.9516542363432361
 0.9547391888252864
 0.9471858460242158
 0.9547374857782757
 0.9539946934066219
 0
 0
 0
 1
 0.2
 0.5
 0.5714285714285714
 0.875
 0.7777777777777778
 0.8
 0.9090909090909091
 1
 0.9230769230769231
 0.5555555555555556
 1
 1
 1
 1
 1
 0
 1
 1
 1
 0
 0
 1
 1
 1
 1
 1
 0
 0
 0.1666916642499022
 1.238100000726356
 0.3708338125044588
 0.529166870829996
 0.5988134772632255
 0.9339285719191275
 0.7876984215061443
 0.8119047799004917
 0.9507575790133718
 1.016161634233953
 0.9227856162015694
 0.7648457038566074
 0.9665359424887245
 1.01121750946534
 0.9777724648582009
 1.00320546520274
 0.837838405799694
 0.6629388190295732
 0.8231738670055224
 1.041666667157453
 1.034091125769869
 0.7142884780708689
 0.7343781634337503
 1.04166666787839
 1.000001115902991
 1.000000003838516
 1.000000004856197
 1.000000006221501
 0
 0
 0.3678794411714423
 0.5258678973540547
 0.6183182572607833
 0.691514889805676
 0.7534142485785744
 0.7412971263588741
 0.9430070577316898
 0.8568555399160227
 0.9091024323703499
 0.9155057945733592
 0.8560740918283221
 0.8239130228707561
 0.8859074361440127
 0.9094309665588057
 0.9979404125625682
 0.8959768453120264
 0.8633207299807368
 0.8936216922381022
 0.8899055929589346
 0.8950040685001415
 0.9578540403619935
 0.9274066903251881
 0.9231448571016287
 0.9203196618239896
 0.9188865378569854
 0.9362049197669925
 0.9202485090960194
 0.9718015054503866
 0
 0
 0.1389097201730987
 0.8247379476738541
 0.7684373794239218
 0.757204362220753
 0.7905419924750902
 0.7607341599077254
 0.8492743733992509
 0.8654466964150983
 0.8416972197036059
 0.8610716042796919
 0.8806461951228837
 0.8971520960807127
 0.9121878641918694
 0.9504717892980052
 0.9466793379465017
 0.9575316243056914
 0.8702028335993955
 0.8745323616627858
 0.9056106268961157
 0.9275370767629355
 0.9365051965377617
 0.9261007691895569
 0.9355098391292455
 0.940609556194929
 0.9475529192953456
 0.9491084883588924
 0.9584611746648704
 0.9542786726681731
 0
 0
 1
 1
 1
 1
 1
 1
 1
 1
 1
 1
 1
 1
 1
 1
 1
 1
 1
 1
 1
 1
 1
 1
 1
 1
 1
 1
 1
 1
 0
 0
 0.1666916641963152
 1.175516753836271
 0.4283335096126611
 0.5395034605055302
 0.6107146458757344
 0.8977725958740639
 0.8153710192937853
 0.7419388567173953
 0.9277551689500272
 0.7896930606051732
 0.8936046277415836
 0.8248486285776748
 0.8145571146190526
 0.8713807175067048
 0.8622344584847198
 1.043437040299899
 0.8237505226498937
 1.002782007973221
 0.8882688872428314
 1.12211246154519
 0.9259648660123108
 1.033016530489171
 1.116758793813004
 1.084844317652188
 0.9909981061288144
 1.000000000002454
 1.000000000008445
 1.000000000000049
 0
 0
 0.3678794411714423
 0.5461446092997175
 0.6013159059035816
 0.6742168652472975
 0.7639516096487242
 0.7898239182958509
 0.7864530422793009
 0.7699591534842286
 0.7926930240207632
 1.067250427730484
 0.8361525173691636
 0.8281243254773314
 1.127871759849238
 1.012956281495783
 1.032290468607951
 0.8994978040690749
 0.9170083178984587
 1.013394043287647
 0.9287409091807174
 0.9218654116379047
 0.8822255157250866
 0.9949826547836951
 0.9398676731205313
 0.9534228765967413
 0.9297670806998666
 0.9375165010957579
 0.9236251497452642
 0.9171379632845323
 0
 0
 0
 0
 0
 0
 0
 0
 0
 0
 0
 0
 0
 0
 0
 0
 0
 0
 0
 0
 0
 0
 0
 0
 0
 0
 0
 0
 0
 0
 0
 0
 0
 0
 0
 0
 0
 0
 0
 0
 0
 0
 0
 0
 0
 0
 0
 0
 0
 0
 0
 0
 0
 0
 0
 0
 0
 0
 0
 0
 0
 0
 0
 0
 0
 0
 0
 0
 0
 0
 0
 0
 0
 0
 0
 0
 0
 0
 0
 0
 0
 0
 0
 0
 0
 0
 0
 0
 0
 0
 0
 0
 0
 0
 0
 0
 0
 0
 0
 0
 0
 0
 0
 0
 0
 0
 0
 0
 0
 0
 0
 0
 0
 0
 0
 0
 0
 0
 0
 0
 0
 0
 0
 0
 0
 0
 0
 0
 0
 0
 0
 0
 0
 0
 0
 0
 0
 0
 0
 0
 0
 0
 0
 0
 0
 0
 0
 0
 0
 0
 0
 0
 1
 1
 1
 1
 1
 1
 1
 1
 1
 1
 1
 1
 1
 1
 1
 1
 1
 1
 1
 1
 1
 1
 1
 1
 1
 1
 1
 1
 0
 0
 0
 0
 0
 0
 0
 0
 0
 0
 0
 0
 0
 0
 0
 0
 0
 0
 0
 0
 0
 0
 0
 0
 0
 0
 0
 0
 0
 0
 0
 0
 0
 0
 0
 0
 0
 0
 0
 0
 0
 0
 0
 0
 0
 0
 0
 0
 0
 0
 0
 0
 0
 0
 0
 0
 0
 0
 0
 0


