# Created by Octave 3.8.2, Fri Nov 20 23:49:28 2015 CET <dkottke@mudflap>
# name: mus
# type: matrix
# ndims: 3
 1 30 19
 0
 0
 0.9371980676328501
 0.7307692307692307
 0.8390243902439027
 0.892156862745098
 0.9408866995073892
 0.9519230769230769
 0.9468599033816425
 0.9650000000000001
 0.9617224880382775
 0.9754901960784315
 0.9567307692307694
 0.9591836734693878
 0.9692307692307693
 0.9663461538461539
 0.9803921568627452
 0.9747474747474747
 0.9808612440191389
 0.9799999999999999
 0.9788359788359789
 0.9848484848484849
 0.9855072463768116
 0.9739583333333333
 0.98
 0.9807692307692308
 0.9788359788359788
 0.9897959183673469
 0.9950738916256158
 0.9944444444444445
 0
 0
 0.3333333333333333
 1
 0.6
 0.6
 0.4
 0.6
 0.4
 0.5
 0.5333333333333333
 0.6
 0.7666666666666666
 0.8
 0.6666666666666666
 0.7499999999999999
 0.7
 0.6166666666666666
 0.6333333333333333
 0.65
 0.76
 0.7300000000000001
 0.82
 0.8
 0.8400000000000001
 0.8466666666666667
 0.8866666666666667
 0.7933333333333333
 0.8600000000000001
 0.9
 0
 0
 0.5683079110439118
 0.8469866901248333
 0.6662656504791283
 0.6960679923215666
 0.6535097342630861
 0.6391202839844001
 0.5881485074617046
 0.766958220645205
 0.8050961610278614
 0.7934543611117106
 0.8134943341665837
 0.7615036285236831
 0.7065928814557071
 0.7922064104023467
 0.6442373029791817
 0.751087610101573
 0.7352837499510911
 0.7693724184058681
 0.8248508460819617
 0.7719242986361041
 0.799678742037669
 0.8058206003232432
 0.8197252975278346
 0.8674540118358141
 0.8722677765965148
 0.8077447075406404
 0.8080937034203928
 0.8345433834153075
 0
 0
 0.1328883693701935
 0.9172695724190896
 0.5521163497195185
 0.6751258220009567
 0.5406138237065694
 0.5963572358194963
 0.7092268043277253
 0.7349724277972415
 0.7072108242635949
 0.7846294193468526
 0.7985526475050028
 0.8335123107959111
 0.7050686036825911
 0.7569878777886176
 0.6741772849282833
 0.6952536677335407
 0.7770578010238743
 0.7814697210297189
 0.8235713722248174
 0.8041706739147961
 0.8368205557346255
 0.8234815028964032
 0.8495417901548084
 0.8550003371202674
 0.8712796604439359
 0.8043161706614915
 0.8310595687888194
 0.8462790221549511
 0
 0
 0
 1
 0.6
 0.8333333333333334
 0.5714285714285714
 0.75
 0.6666666666666666
 0.8
 0.8181818181818182
 0.6666666666666666
 0.9230769230769231
 0.6666666666666666
 0.8
 1
 0.5
 1
 1
 1
 1
 0
 1
 1
 1
 1
 1
 0
 1
 1
 0
 0
 0.01303175216227426
 0.8428420887342254
 0.6612393164605286
 0.8425515593064816
 0.6145312504759393
 0.6143969176080007
 0.6440832803587099
 0.68202938229145
 0.8141500654336606
 0.7056207847441021
 0.8414033961269327
 0.7634808044738819
 0.7424122594847753
 0.8104746673087888
 0.6068559809122006
 0.7985454535465438
 0.7772179220226616
 0.8685319985047185
 0.8502562236337459
 0.6982763204363853
 0.8431235623621753
 0.7863665533909224
 0.8896859651534581
 0.9141803324771131
 0.8465452327725682
 0.6682087555088417
 0.7283419943878287
 0.9171359954223897
 0
 0
 0.5785862941142949
 0.7534307810403437
 0.7137473282880302
 0.7287344180851023
 0.7277911953949987
 0.7586904988435574
 0.7404823588529577
 0.7761846374492303
 0.7289014794709304
 0.7723474579361551
 0.7593963407277127
 0.7763677988804504
 0.7265979325909677
 0.76027738556945
 0.7295198286273312
 0.7506044250241258
 0.7481440945667683
 0.7653845724847949
 0.7566292223483471
 0.7759678477716637
 0.7950680584365883
 0.8156729186070418
 0.7896371403894642
 0.819846650954863
 0.8370562272429348
 0.7883569983509913
 0.7878924495955586
 0.8103111156255955
 0
 0
 0.1097721216240013
 0.8829572180878913
 0.5676169742288253
 0.67539598551653
 0.5747121989855171
 0.6126395987989353
 0.6695018964881101
 0.6893453483646189
 0.6421528569123289
 0.6985901847825754
 0.7082970534503087
 0.7513732683716063
 0.634877923601359
 0.6694172711086843
 0.6205316257806845
 0.655661630396085
 0.7010341567632401
 0.6915066950927488
 0.7194836120187789
 0.7068457143954082
 0.7462454946150713
 0.7076910412529953
 0.7555400027282539
 0.7577499468303887
 0.771552192258926
 0.7186348514638727
 0.7526589571333551
 0.7593101139849563
 0
 0
 0.9148898557316125
 0.9659797400010259
 0.9251277711892812
 0.9164517879801696
 0.9049027700644913
 0.9353253727075429
 0.9102404916721789
 0.9155858666132708
 0.9133847834904095
 0.9233839993266183
 0.9159517990628381
 0.9307708873693297
 0.9188399662002117
 0.9114704616566728
 0.9141683173805407
 0.9037961774234048
 0.8985778369942109
 0.9101260187676162
 0.9049930096892407
 0.9091008722874536
 0.9100010919479126
 0.9097636127455843
 0.9041476934248132
 0.9059765296985809
 0.9058037352258
 0.9163051172204776
 0.8966797404619782
 0.8989186215666338
 0
 0
 0.05065481875969602
 0.7593426895139804
 0.6772710153769934
 0.8109666507366651
 0.6398361915944157
 0.6062094523259222
 0.6514816189710517
 0.6448282901003415
 0.6694726665316678
 0.7358688396351813
 0.7793413536638831
 0.8428774270849585
 0.686686020636348
 0.7623834422317053
 0.6182535991540343
 0.7151093374438324
 0.7713665254912885
 0.8089530072008275
 0.8361008818450009
 0.3987206479510894
 0.8612547468577934
 0.8160793143538401
 0.8667123278624227
 0.8850292449907826
 0.876769076080316
 0.8222515620990385
 0.8141282985102563
 0.8100992404526388
 0
 0
 0.5785862941142949
 0.7233270952120094
 0.7355356600160582
 0.7910536121967564
 0.7128170272995564
 0.7499495201066285
 0.7486203700293224
 0.7519654648478387
 0.7527396606616369
 0.7470826822214562
 0.7968367393359752
 0.7699837513388706
 0.7443148529536123
 0.7608832987705998
 0.742685451376802
 0.7478581352934415
 0.6707576289131743
 0.8048707677282299
 0.7641603703015192
 0.7671308692397769
 0.7596256467181092
 0.7698357476481817
 0.8333444002075695
 0.8600593708416138
 0.886484918305694
 0.787678484585834
 0.7939220579132815
 0.7926702037025917
 0
 0
 0
 0
 0
 0
 0
 0
 0
 0
 0
 0
 0
 0
 0
 0
 0
 0
 0
 0
 0
 0
 0
 0
 0
 0
 0
 0
 0
 0
 0
 0
 0
 0
 0
 0
 0
 0
 0
 0
 0
 0
 0
 0
 0
 0
 0
 0
 0
 0
 0
 0
 0
 0
 0
 0
 0
 0
 0
 0
 0
 0
 0
 0
 0
 0
 0
 0
 0
 0
 0
 0
 0
 0
 0
 0
 0
 0
 0
 0
 0
 0
 0
 0
 0
 0
 0
 0
 0
 0
 0
 0
 0
 0
 0
 0
 0
 0
 0
 0
 0
 0
 0
 0
 0
 0
 0
 0
 0
 0
 0
 0
 0
 0
 0
 0
 0
 0
 0
 0
 0
 0
 0
 0
 0
 0
 0
 0
 0
 0
 0
 0
 0
 0
 0
 0
 0
 0
 0
 0
 0
 0
 0
 0
 0
 0
 0
 0
 0
 0
 0
 0
 0.9076860407453741
 0.8760562431526726
 0.9296592080556643
 0.9471809732448254
 0.8976047175753152
 0.9227596571982267
 0.9152459245135497
 0.9117164735945675
 0.9240172060493231
 0.9220214999333852
 0.9241895933224087
 0.9202458357006014
 0.9184590735856974
 0.9092043893234223
 0.9095066386497533
 0.9108155086476062
 0.9073342172770366
 0.9041754279075537
 0.9060943073688504
 0.914758932069376
 0.8961417720252286
 0.9094027973814828
 0.9080540396959494
 0.8940249042885442
 0.9039303046095709
 0.8989174078526359
 0.8972228656266963
 0.9049276398844492
 0
 0
 0
 0
 0
 0
 0
 0
 0
 0
 0
 0
 0
 0
 0
 0
 0
 0
 0
 0
 0
 0
 0
 0
 0
 0
 0
 0
 0
 0
 0
 0
 0
 0
 0
 0
 0
 0
 0
 0
 0
 0
 0
 0
 0
 0
 0
 0
 0
 0
 0
 0
 0
 0
 0
 0
 0
 0
 0
 0


