# Created by Octave 3.8.2, Sat Nov 21 01:39:23 2015 CET <dkottke@snake4>
# name: mus
# type: matrix
# ndims: 3
 1 30 19
 0
 0
 0.4987468671679197
 0.494949494949495
 0.6025316455696201
 0.6073232323232323
 0.7042606516290726
 0.6785714285714286
 0.7601010101010104
 0.7897435897435896
 0.7752525252525249
 0.7702020202020203
 0.7369230769230771
 0.7895408163265306
 0.8243589743589745
 0.8020833333333334
 0.8212560386473432
 0.8055555555555557
 0.8721804511278196
 0.8657894736842104
 0.9774436090225564
 0.9621212121212123
 0.864450127877238
 0.9817708333333335
 0.9733333333333334
 0.9871794871794872
 0.9973544973544973
 1
 0.9807403990312538
 0.9692307692307692
 0
 0
 1
 1
 0.6
 0.9
 0.5
 0.7
 0.7
 0.7
 0.7333333333333333
 0.5666666666666667
 0.6333333333333333
 0.5666666666666667
 0.4666666666666666
 0.4833333333333333
 0.5333333333333333
 0.55
 0.3666666666666666
 0.4
 0.38
 0.47
 0.47
 0.53
 0.5199999999999999
 0.6666666666666667
 0.64
 0.6333333333333334
 0.5866666666666667
 0.6666666666666666
 0
 0
 1
 1
 0.6862300124655347
 0.7596624958620588
 0.719415874397528
 0.7331370588958908
 0.7690669251820533
 0.5898860714980274
 0.6857083994386399
 0.530572002535892
 0.5513403405530484
 0.6352986419730252
 0.5775236642713396
 0.6055156347924712
 0.4704427212254586
 0.5801109942540039
 0.5997419447445014
 0.6333281363869319
 0.4871680878401041
 0.4609512870068921
 0.5173143182892347
 0.5076934744825004
 0.5063826923558949
 0.5212915799315059
 0.58479300285639
 0.5765174475074808
 0.568721473948945
 0.5401444230640442
 0
 0
 0.999999999975658
 0.9999999999195013
 0.7370879019358285
 0.803170649044842
 0.6895925723405908
 0.7338407069574052
 0.6581074152091577
 0.5856764944754582
 0.6302567860403834
 0.5794752957786206
 0.5792616807849106
 0.5288109629469783
 0.4725869457048447
 0.4938428766325521
 0.4853099022204015
 0.5242755655239341
 0.5275166937474045
 0.5185131633875818
 0.4677942056169617
 0.4910598558280835
 0.5309701193728571
 0.4833952652003121
 0.4753520582838341
 0.4850914375810323
 0.4873120221884716
 0.4939354920857764
 0.5131576154012213
 0.5142115618556176
 0
 0
 1
 1
 1
 0.8333333333333334
 0.5714285714285714
 0.875
 0.5555555555555556
 0.4
 0.7272727272727273
 0.6666666666666666
 0.6153846153846154
 0.5555555555555556
 0.6
 0.3333333333333333
 0.5
 1
 1
 0
 1
 1
 0
 1
 0
 0
 1
 1
 1
 0
 0
 0
 0.9999999999996969
 0.9999999996447304
 0.7533788777457414
 0.8358857648805328
 0.6939486072686608
 0.8628473110473942
 0.633064238456207
 0.564509431854856
 0.6099518500705297
 0.5646344927275526
 0.5936884105183069
 0.530406718096172
 0.4843712260441617
 0.4656177629314109
 0.4707120212696395
 0.5475370164663114
 0.6066784909687875
 0.5028850497457887
 0.5087257702144321
 0.4913519439416505
 0.551045062699387
 0.5245917911148856
 0.4604389294900131
 0.4849872549490565
 0.4765518218581181
 0.5097540329054141
 0.5573410702516688
 0.5084961248212001
 0
 0
 1
 0.9999999999757566
 0.7091914321261383
 0.6938939980223421
 0.7251900354927107
 0.7675083278802247
 0.7588077050076449
 0.7154255129626809
 0.7061179082715117
 0.6778692182320096
 0.7113884746559835
 0.6554630402736473
 0.598289749360402
 0.6326435184946846
 0.6290494699188862
 0.6347966566083185
 0.6493323962360409
 0.6888891291901769
 0.6524693624321574
 0.6328705954120771
 0.6331023311429502
 0.6365819749353592
 0.6163204754601996
 0.6673440861092785
 0.6580434892304201
 0.6342379862970576
 0.6478118469149468
 0.6563774843077683
 0
 0
 0.9999999999754109
 0.9999999999650266
 0.7270261582167317
 0.7743630845371411
 0.7113089974311183
 0.7628991413060623
 0.6662998123887213
 0.6121237157586993
 0.6136723413708159
 0.5802034642428431
 0.5794824342589935
 0.5152838794175304
 0.4703066577289785
 0.4981286929368617
 0.4885115407087673
 0.5240952157672737
 0.5306873104146789
 0.5156549172878053
 0.4848735292622523
 0.4895082574848919
 0.5164542257441075
 0.4908509820532781
 0.4784372531430903
 0.4923173973503367
 0.4971018618488268
 0.5058552576208289
 0.5214932296140932
 0.5168209132777269
 0
 0
 0.9992952687110643
 0.9999991790804204
 0.9999999998505473
 0.9999999992899937
 0.9999999999997865
 1
 0.9999999999999997
 0.999999999999999
 0.999999999933464
 0.999999987362041
 0.9947911182964698
 0.984844216640403
 0.9828642815963992
 0.980170825493055
 0.9751806978991788
 0.9669398520891884
 0.9630920267212405
 0.9651137904531274
 0.9647338853416438
 0.9577862253136227
 0.9624702012912761
 0.9575296064858574
 0.9588791681930922
 0.9501377602719326
 0.9503953365806874
 0.9420556408287604
 0.961435440467289
 0.9582464207698022
 0
 0
 0.9999999999682865
 0.9999999999999404
 0.6987150037378078
 0.8250513617800415
 0.7524203437750562
 0.7102403770447342
 0.7105605327871076
 0.5903543194358506
 0.6473519298590974
 0.55781800170754
 0.5568098834779792
 0.5071693109370502
 0.4598073285471107
 0.4794145672081725
 0.473206394362281
 0.5136926386318205
 0.5386553406809136
 0.5077135938929093
 0.4797967585222466
 0.4752836235908467
 0.51207522483704
 0.498122900647569
 0.4670331915933597
 0.4799637012691622
 0.4857874019906863
 0.4922713666742489
 0.5225558373961111
 0.5127161031536496
 0
 0
 1
 0.9999999999705452
 0.7892687681048923
 0.6907573396679774
 0.7515838839494116
 0.7688265057758915
 0.7773593178049364
 0.7156643002498313
 0.730267100920577
 0.6537850588516771
 0.6844076567521682
 0.6222146408249264
 0.6282767855909304
 0.6594424142916875
 0.6239304752212094
 0.6423508153504428
 0.6354899830656313
 0.6373497431944009
 0.6064215789749863
 0.6350578471142684
 0.6292831180699302
 0.6348847679369908
 0.6053007832999624
 0.6407487544666344
 0.6239351632017047
 0.6207736109035382
 0.6303679420747701
 0.6181282983127278
 0
 0
 0
 0
 0
 0
 0
 0
 0
 0
 0
 0
 0
 0
 0
 0
 0
 0
 0
 0
 0
 0
 0
 0
 0
 0
 0
 0
 0
 0
 0
 0
 0
 0
 0
 0
 0
 0
 0
 0
 0
 0
 0
 0
 0
 0
 0
 0
 0
 0
 0
 0
 0
 0
 0
 0
 0
 0
 0
 0
 0
 0
 0
 0
 0
 0
 0
 0
 0
 0
 0
 0
 0
 0
 0
 0
 0
 0
 0
 0
 0
 0
 0
 0
 0
 0
 0
 0
 0
 0
 0
 0
 0
 0
 0
 0
 0
 0
 0
 0
 0
 0
 0
 0
 0
 0
 0
 0
 0
 0
 0
 0
 0
 0
 0
 0
 0
 0
 0
 0
 0
 0
 0
 0
 0
 0
 0
 0
 0
 0
 0
 0
 0
 0
 0
 0
 0
 0
 0
 0
 0
 0
 0
 0
 0
 0
 0
 0
 0
 0
 0
 0
 0.9999926135843903
 0.9999998954668294
 0.9999999999998027
 0.9999999999999033
 0.999999990401132
 0.9999990977393397
 0.9999999981579999
 0.9999967232619292
 0.999999063861546
 0.9988328970164635
 0.9984294666518151
 0.9910735556528263
 0.9751551521837007
 0.9794587491715837
 0.9767349643151628
 0.9709356826972144
 0.9680588686918201
 0.9657382914892527
 0.9619311301343881
 0.9580827229450961
 0.9612054069421621
 0.963588935297912
 0.9593039513110615
 0.9634231616408298
 0.9463904336003561
 0.9562790380352137
 0.9550066250762174
 0.9462694127164613
 0
 0
 0
 0
 0
 0
 0
 0
 0
 0
 0
 0
 0
 0
 0
 0
 0
 0
 0
 0
 0
 0
 0
 0
 0
 0
 0
 0
 0
 0
 0
 0
 0
 0
 0
 0
 0
 0
 0
 0
 0
 0
 0
 0
 0
 0
 0
 0
 0
 0
 0
 0
 0
 0
 0
 0
 0
 0
 0
 0


