# Created by Octave 3.8.2, Mon Nov 16 02:37:11 2015 CET <dkottke@snake5>
# name: mus
# type: matrix
# ndims: 3
 1 30 19
 0
 0
 0.9468599033816425
 0.375
 0.3804878048780487
 0.392156862745098
 0.4926108374384237
 0.4759615384615384
 0.5893719806763286
 0.6449999999999999
 0.8133971291866028
 0.9166666666666667
 0.9471153846153847
 0.9693877551020408
 0.9794871794871796
 0.9855769230769231
 0.9411764705882354
 0.9621212121212122
 0.9760765550239234
 0.985
 0.9894179894179894
 0.9898989898989901
 0.9951690821256037
 0.9947916666666666
 1
 1
 1
 1
 1
 1
 0
 0
 0.6666666666666666
 1
 0.8
 0.7
 0.8
 0.8
 0.7
 0.7
 0.7333333333333333
 0.6333333333333333
 0.6666666666666666
 0.8666666666666666
 0.6
 0.6166666666666666
 0.6833333333333333
 0.75
 0.6833333333333333
 0.8
 0.6599999999999999
 0.6799999999999999
 0.61
 0.6799999999999999
 0.64
 0.6933333333333334
 0.6666666666666667
 0.7866666666666666
 0.6133333333333334
 0.7
 0
 0
 0.74066848868572
 0.8557116115717422
 0.8909680998196466
 0.773167559992059
 0.771383064557005
 0.8343844135869178
 0.795158255674226
 0.8622060614974666
 0.8253240189103752
 0.7704361107243269
 0.8007872253577187
 0.8579835811165174
 0.7432935846991013
 0.8366771048201295
 0.8208540235300875
 0.7938158356851173
 0.7633254911242482
 0.7661005971023537
 0.7423084048755371
 0.7489750427095828
 0.7043980353651274
 0.7719487431475677
 0.7306619585421866
 0.7192397168130458
 0.7186989089101952
 0.756897434525813
 0.7714747228101134
 0.8000000243449
 0
 0
 0.7335153562441558
 0.8739352047837589
 0.7307892039568097
 0.6790597839562904
 0.7390013844642663
 0.7392556893083669
 0.7313462712809342
 0.707767437574657
 0.6719605055253458
 0.7135859976185341
 0.6880881915014548
 0.7003128918969598
 0.6839165609551492
 0.6910627706275703
 0.6875816515081613
 0.682941016463071
 0.6630785711556573
 0.6774213328982792
 0.6630216235503246
 0.6500346442283316
 0.6300152775383921
 0.6436805965110484
 0.6131287473235373
 0.6288261759228614
 0.6412808257489638
 0.6546969722598656
 0.6675777927919719
 0.6861769852075651
 0
 0
 0.8608614009529834
 0.6512418353090196
 0.6894041546892771
 0.7118526762998647
 0.70745092650221
 0.7552610489017247
 0.7225391316586304
 0.7181575461005519
 0.6848804070412631
 0.6966413479314221
 0.6822985642320353
 0.6960992508678263
 0.6889891579604769
 0.6988215598951567
 0.6944424806828806
 0.6795076581992298
 0.6592216583652287
 0.6823503788546138
 0.6658075487959071
 0.6551162562518958
 0.6291430782082976
 0.6441203225332228
 0.6141586477499771
 0.6331726478634744
 0.6422751773217412
 0.6585332977770727
 0.6743225793188649
 0.6887729133346716
 0
 0
 0.9212750944338605
 0.7061849896060642
 0.7557908816131157
 0.818010126314642
 0.7199400701389554
 0.7040439273914181
 0.6869913978707098
 0.7116620046028255
 0.6749937646971061
 0.703099795154432
 0.6749791502986252
 0.6571775160801987
 0.6907202112060196
 0.6494152783376747
 0.6665971097322576
 0.692308636937502
 0.6577407222886589
 0.7052761432761637
 0.6453790815009048
 0.6326883616636475
 0.6560952669986732
 0.6009111627965632
 0.5828617260324366
 0.6908093182601577
 0.6992801721471629
 0.6617969067693729
 0.6458617705103393
 0.652256042260126
 0
 0
 0.3678794411714423
 0.7507615042007444
 0.6758319908995883
 0.7967165936017909
 0.7506421578025224
 0.7780175082460103
 0.7486257784175088
 0.7559646559187477
 0.7096789918924881
 0.7694473178953837
 0.8009526251231351
 0.7872147984359726
 0.7880828199514117
 0.7559180440660909
 0.8215147562566133
 0.7742073181337957
 0.7495345806148322
 0.8510154723531902
 0.7526181588781049
 0.7818977265993995
 0.7403437736615136
 0.7516215060409763
 0.6955840292539333
 0.7390034197179867
 0.7741691406152322
 0.7689632311503217
 0.7982694459674868
 0.7549334315077364
 0
 0
 0.717723170831204
 0.8539430653857788
 0.705144722787212
 0.7629206940939658
 0.7535126072214124
 0.7046589818695528
 0.7246258047137268
 0.6805811987315828
 0.6650076824287008
 0.6995948905540366
 0.6809490223361053
 0.6941823531376031
 0.6978338054629087
 0.6881976398400121
 0.6977431488818682
 0.6971544423969193
 0.676713027097628
 0.6986069577531607
 0.6757823849894965
 0.6679688111992605
 0.6508883538603851
 0.6642695895467275
 0.6344245573570036
 0.6532969141119964
 0.6681634015110213
 0.6857026817722036
 0.6994633127595929
 0.7175155367110068
 0
 0
 0.8720476743384038
 0.5913628809316784
 0.6832970453593297
 0.7322883692608204
 0.7077613278815256
 0.7103590881151763
 0.7138819893898933
 0.7045096687157671
 0.672041488863614
 0.6748992328530492
 0.661070881611966
 0.7004915000793331
 0.7117091562708255
 0.7144062703104459
 0.707804202745149
 0.691453519526448
 0.676540535047675
 0.706822157291064
 0.6761007038260414
 0.6664417301397765
 0.636753747269825
 0.6586869578784031
 0.6363849998047351
 0.6583339435235187
 0.6628742326667614
 0.6821279630251024
 0.6995996961996439
 0.7167255861823187
 0
 0
 0.9886118319390429
 0.6227557212938734
 0.7390247633742295
 0.7511339588235078
 0.8462013104756906
 0.6890385817853473
 0.6741350046430451
 0.7028363495447923
 0.6650224382336084
 0.6730630548271459
 0.6840094781221936
 0.686378183162163
 0.6808790920928059
 0.6632400184371501
 0.7031295598001374
 0.6897299990726456
 0.6448442463638362
 0.7051355768335978
 0.662458923663787
 0.6611924426507889
 0.7163441781905904
 0.7351787948746109
 0.6241883872003301
 0.6518637608419375
 0.6592239083070052
 0.6812852113344228
 0.6968266031573581
 0.7020386683557819
 0
 0
 0.3678794411714423
 0.780948372837874
 0.6915681783933563
 0.7058756948480409
 0.7322552061284016
 0.7629780422159546
 0.7503560219999444
 0.7355692767598756
 0.7401988282434799
 0.704054072212275
 0.7169149622472768
 0.749119850555637
 0.7587212877307559
 0.762119964656616
 0.7758590131477168
 0.7651370674745025
 0.754865618879878
 0.7498390390930678
 0.7363507481406273
 0.7573027379739909
 0.7212174016237195
 0.7468312563555168
 0.7144314762477942
 0.741381523433688
 0.7649584685202883
 0.7620554468841068
 0.774171937101829
 0.7679860837313252
 0
 0
 0
 0
 0
 0
 0
 0
 0
 0
 0
 0
 0
 0
 0
 0
 0
 0
 0
 0
 0
 0
 0
 0
 0
 0
 0
 0
 0
 0
 0
 0
 0
 0
 0
 0
 0
 0
 0
 0
 0
 0
 0
 0
 0
 0
 0
 0
 0
 0
 0
 0
 0
 0
 0
 0
 0
 0
 0
 0
 0
 0
 0
 0
 0
 0
 0
 0
 0
 0
 0
 0
 0
 0
 0
 0
 0
 0
 0
 0
 0
 0
 0
 0
 0
 0
 0
 0
 0
 0
 0
 0
 0
 0
 0
 0
 0
 0
 0
 0
 0
 0
 0
 0
 0
 0
 0
 0
 0
 0
 0
 0
 0
 0
 0
 0
 0
 0
 0
 0
 0
 0
 0
 0
 0
 0
 0
 0
 0
 0
 0
 0
 0
 0
 0
 0
 0
 0
 0
 0
 0
 0
 0
 0
 0
 0
 0
 0
 0
 0
 0
 0
 0.6296054038790414
 0.5420005628337782
 0.6873641021062433
 0.7053819075655366
 0.7147070602076965
 0.7063454173010424
 0.7088173034897207
 0.7057988011259829
 0.6678481560496183
 0.6683421749153486
 0.6592587015474209
 0.7045141791663521
 0.7042171700203993
 0.7087832469842249
 0.7073374090987367
 0.6919874320295542
 0.6790842350852259
 0.7030772960922594
 0.6747912047331772
 0.6693277791797981
 0.6379785835387555
 0.6566938918917224
 0.6352242347607369
 0.6548994912340725
 0.6621801003754682
 0.6788468274269606
 0.6942915072860882
 0.712214099328087
 0
 0
 0
 0
 0
 0
 0
 0
 0
 0
 0
 0
 0
 0
 0
 0
 0
 0
 0
 0
 0
 0
 0
 0
 0
 0
 0
 0
 0
 0
 0
 0
 0
 0
 0
 0
 0
 0
 0
 0
 0
 0
 0
 0
 0
 0
 0
 0
 0
 0
 0
 0
 0
 0
 0
 0
 0
 0
 0
 0


