# Created by Octave 3.8.2, Fri Nov 20 21:39:55 2015 CET <dkottke@snake7>
# name: mus
# type: matrix
# ndims: 3
 1 30 19
 0
 0
 0.7039510294936017
 0.7143652561247216
 0.7164345403899729
 0.7107023411371236
 0.7476375764313525
 0.7388392857142857
 0.7487437185929633
 0.7497206703910614
 0.7455979603218872
 0.7477628635346752
 0.7505574136008912
 0.5905412946428571
 0.5887955182072825
 0.5965401785714286
 0.5990662931839402
 0.6015712682379351
 0.5977043673012318
 0.6016853932584268
 0.5938375350140057
 0.5934031674772416
 0.5932738758825713
 0.5878378378378379
 0.587042253521127
 0.5834262356001489
 0.5698653198653201
 0.5636160714285715
 0.6334816462736373
 0.6209039548022601
 0
 0
 0.6666666666666666
 1
 0.8
 0.9
 0.2
 0.5
 0.7
 0.6
 0.5333333333333333
 0.4666666666666666
 0.6333333333333333
 0.4333333333333333
 0.4
 0.5833333333333333
 0.6666666666666667
 0.6
 0.5666666666666667
 0.5
 0.53
 0.55
 0.47
 0.41
 0.4400000000000001
 0.4600000000000001
 0.4533333333333333
 0.4666666666666667
 0.4133333333333334
 0.4666666666666667
 0
 0
 0.6237377626020491
 0.8740339466102511
 0.8444677516591457
 0.8124709008808613
 0.6839397205857213
 0.721445540409549
 0.6603229402290032
 0.6409729752499218
 0.7052211127329493
 0.5471047463941542
 0.656999344388028
 0.616336076927224
 0.5150589694330713
 0.6303775421553344
 0.5508492761472296
 0.2426493586150182
 0.4747114802591076
 0.415669697707741
 0.8169714546957648
 0.3799300749098198
 0.5183340334501184
 0.500779292460976
 0.5723675645585403
 0.50853653982591
 0.5591350238972856
 0.5265325421827416
 0.5166555979804703
 0.5063031989797931
 0
 0
 0.8055597218072834
 0.9732250007540286
 0.80667214293708
 0.8865768304450882
 0.5518803008505739
 0.6730664202526035
 0.6372860760920179
 0.5980741523661676
 0.6555940503608698
 0.5281764166693482
 0.5966180503750432
 0.4678032924798523
 0.4993615264230669
 0.5376314871000684
 0.5611110051201831
 0.4640110820474467
 0.4985331266047057
 0.4058682773625514
 0.5205882575564595
 0.5227581125452454
 0.4864238717996451
 0.5190078615325728
 0.4972090349825934
 0.5274097388514282
 0.5449942474618042
 0.4957792633416964
 0.4851956978629254
 0.5132315389728337
 0
 0
 0.6666666666666666
 1
 0.8
 0.6666666666666666
 0.2857142857142857
 0.375
 0.5555555555555556
 0.6
 0.6363636363636364
 0.3333333333333333
 0.6153846153846154
 0.5555555555555556
 0.2
 0.3333333333333333
 0
 1
 0
 1
 0
 0
 0
 0
 0
 1
 1
 1
 1
 0
 0
 0
 0.9999999999963585
 1.285716666800866
 0.9500000198127982
 0.7583333365886376
 0.561932585754952
 0.5372047542651628
 0.5625000013376433
 0.5882936578435211
 0.5655303285446084
 0.4383867162455538
 0.6089161234808074
 0.5195203702546624
 0.3969925938374229
 0.5190088791944689
 0.3720350671681324
 0.6885167552675451
 0.3513769164205308
 0.5572917646006342
 0.4596801724457406
 0.3541804587124276
 0.3276644616761607
 0.1637044003760926
 0.4270884793783782
 0.6793948331307917
 0.600454678523542
 0.5000038669513142
 0.9637398493751531
 0.2277360069128526
 0
 0
 0.3678794411714423
 0.7484933921352984
 0.9147049552737734
 0.809530983515156
 0.7151396249928353
 0.7323540382210185
 0.7259134744004995
 0.7974675797176779
 0.6108580331454332
 0.7044756073420486
 0.702032698603391
 0.6916820959058336
 0.7269449130198502
 0.6945842945588148
 0.6884257429271677
 0.6832894047967438
 0.6439172452885915
 0.6039276011899809
 0.5986064207761655
 0.5881998430736303
 0.6094737409642079
 0.5695501889188296
 0.623363652890504
 0.6393651000604148
 0.5977879738044979
 0.5801702149959812
 0.6362065620621455
 0.6216938361890291
 0
 0
 0.8055597218172607
 0.8323257140429705
 0.875709092619104
 0.9137427980003788
 0.7165670476883665
 0.746558409693064
 0.6466165586002488
 0.6839575235807847
 0.6526802092238024
 0.5725908879885623
 0.6177944545181607
 0.5430475552693461
 0.5728669975149613
 0.5934844007648291
 0.6039152721946319
 0.4897922067427899
 0.5083950236131369
 0.4493141928400323
 0.5290694223430605
 0.5269575775430294
 0.5051408725680471
 0.5234776149827022
 0.500261493800461
 0.5142154455207498
 0.5118000840580103
 0.4924753173410405
 0.4919411283130146
 0.5110433774184521
 0
 0
 1
 1
 1
 1
 1
 1
 1
 1
 1
 1
 1
 1
 1
 1
 1
 1
 1
 1
 1
 1
 1
 1
 1
 1
 1
 1
 1
 1
 0
 0
 0.9999999999964768
 1.254425544203956
 0.876156057733622
 0.841450777751634
 0.6571438330645066
 0.614664329627497
 0.5216999787634771
 0.6268069801347578
 0.557777629721449
 0.5056095469785777
 0.5608003242108874
 0.4723074173952616
 0.5178936063148001
 0.6779714877744543
 0.5269905850305778
 0.4367047256462069
 0.4829679912524152
 0.377028244752051
 0.6406664510271362
 0.4964124919137949
 0.4717677531243616
 0.3216340436372521
 0.3740079231933811
 0.3104159005578747
 0.5914882293988298
 0.9747266985260072
 0.5935848600398713
 0.008757378406927391
 0
 0
 0.3678794411714423
 0.7641859193901159
 0.9708542282144376
 0.8385533542273765
 0.7169377074389771
 0.7327724623235417
 0.864147316180327
 0.7495154970579222
 0.636682248559182
 0.6811686026030175
 0.7662043581243934
 0.7106509620878876
 0.7655280736543986
 0.9021847887203956
 0.6856698884400102
 0.7712890563864294
 0.745337941154589
 0.6105655661470216
 0.6292275215514884
 0.6855870434378033
 0.6591138601077215
 0.650484172403212
 0.5737294034263309
 0.5930106083080908
 0.602337424646775
 0.6599769123401983
 0.6365169737121089
 0.6157449827677324
 0
 0
 0
 0
 0
 0
 0
 0
 0
 0
 0
 0
 0
 0
 0
 0
 0
 0
 0
 0
 0
 0
 0
 0
 0
 0
 0
 0
 0
 0
 0
 0
 0
 0
 0
 0
 0
 0
 0
 0
 0
 0
 0
 0
 0
 0
 0
 0
 0
 0
 0
 0
 0
 0
 0
 0
 0
 0
 0
 0
 0
 0
 0
 0
 0
 0
 0
 0
 0
 0
 0
 0
 0
 0
 0
 0
 0
 0
 0
 0
 0
 0
 0
 0
 0
 0
 0
 0
 0
 0
 0
 0
 0
 0
 0
 0
 0
 0
 0
 0
 0
 0
 0
 0
 0
 0
 0
 0
 0
 0
 0
 0
 0
 0
 0
 0
 0
 0
 0
 0
 0
 0
 0
 0
 0
 0
 0
 0
 0
 0
 0
 0
 0
 0
 0
 0
 0
 0
 0
 0
 0
 0
 0
 0
 0
 0
 0
 0
 0
 0
 0
 0
 1
 1
 1
 1
 1
 1
 1
 1
 1
 1
 1
 1
 1
 1
 1
 1
 1
 1
 1
 1
 1
 1
 1
 1
 1
 1
 1
 1
 0
 0
 0
 0
 0
 0
 0
 0
 0
 0
 0
 0
 0
 0
 0
 0
 0
 0
 0
 0
 0
 0
 0
 0
 0
 0
 0
 0
 0
 0
 0
 0
 0
 0
 0
 0
 0
 0
 0
 0
 0
 0
 0
 0
 0
 0
 0
 0
 0
 0
 0
 0
 0
 0
 0
 0
 0
 0
 0
 0


