# Created by Octave 3.8.2, Fri Nov 20 23:24:20 2015 CET <dkottke@mudflap>
# name: mus
# type: matrix
# ndims: 3
 1 30 19
 0
 0
 0.8695652173913042
 0.7836538461538461
 0.7756097560975612
 0.7794117647058824
 0.8226600985221676
 0.8605769230769231
 0.8937198067632852
 0.9100000000000001
 0.9090909090909092
 0.9068627450980393
 0.9182692307692308
 0.8979591836734695
 0.8974358974358976
 0.9134615384615384
 0.926470588235294
 0.9116161616161617
 0.9282296650717704
 0.93
 0.9312169312169313
 0.8855218855218856
 0.8663446054750402
 0.9201388888888891
 0.9049999999999999
 0.9423076923076924
 0.9244142101284958
 0.923469387755102
 0.9408866995073891
 0.9222222222222222
 0
 0
 0.3333333333333333
 1
 1
 1
 0.5
 0.6
 0.4
 0.5
 0.4666666666666666
 0.4666666666666666
 0.5333333333333333
 0.6333333333333333
 0.5333333333333333
 0.7499999999999999
 0.7166666666666666
 0.8166666666666667
 0.8
 0.85
 0.9
 0.78
 0.78
 0.79
 0.8800000000000001
 0.8466666666666667
 0.8533333333333333
 0.9266666666666665
 0.9333333333333333
 0.9
 0
 0
 0.5409600703744998
 0.9465919060404777
 0.8731458742486908
 0.7960178338531959
 0.7724365988217192
 0.7102250473958105
 0.4627348087316437
 0.7275560391448916
 0.6563121754933529
 0.5526451911466133
 0.652973394937391
 0.7886520068433962
 0.6799323482681151
 0.7748342602221422
 0.8302060241375908
 0.7846147207480569
 0.8553227027151546
 0.8607702461184004
 0.8837617075089281
 0.8218759142542814
 0.8600823161230291
 0.8368447736481842
 0.8610502929085757
 0.8583340199083578
 0.8971840583078976
 0.8781965565840629
 0.8588264336736051
 0.8894065841613561
 0
 0
 0.5833541645973912
 0.9821500004056276
 0.9883341736726257
 0.8906303154904214
 0.7021212715700298
 0.7663871709253739
 0.6671306575600714
 0.6594732425054275
 0.7352567761193067
 0.7584168913209731
 0.7794861590836192
 0.8376125287576082
 0.7658006425459857
 0.8150967725095754
 0.782275066278979
 0.8311088579973853
 0.8596188336179343
 0.9032997597090552
 0.926921155598305
 0.8758010836138901
 0.8781312337259615
 0.8735430845585112
 0.9381709671559251
 0.9035853348607648
 0.9406850736526077
 0.9158972894813345
 0.9164376982723105
 0.9233987912699745
 0
 0
 0.6666666666666666
 1
 1
 1
 0.5714285714285714
 0.875
 0.2222222222222222
 0.4
 0.6363636363636364
 0.75
 0.5384615384615384
 1
 0.8
 0.3333333333333333
 1
 1
 1
 1
 1
 1
 0
 1
 1
 1
 1
 1
 1
 1
 0
 0
 1.000000000048047
 1.095250000757806
 1.074999988922077
 1.175000000882761
 0.6214296306994165
 0.8732142878884039
 0.4424628449022907
 0.504367004595923
 0.6685606255011831
 0.7825757661578634
 0.6395418332303244
 0.9608577552923905
 0.8279867848858709
 0.6286854928034092
 0.9462009239368793
 0.9496962538519238
 0.9998703623570804
 1.024176092110899
 1.048809196997359
 1.035626311837783
 0.5183353434491087
 1.067047271036823
 1.043759981265159
 1.0393399783361
 1.000000002193948
 1.031517969079786
 1.000000004812025
 1.000000005993183
 0
 0
 0.3678794411714423
 0.9032351685584076
 0.8961196619448368
 0.8958666618241462
 0.8095305081298876
 0.7700281469752831
 0.6769521072640943
 0.7272666338321129
 0.6896322893871947
 0.7061200431157061
 0.7790122229803487
 0.784142386470811
 0.7352648228888302
 0.8776782211329951
 0.8169514441772747
 0.8161925278173333
 0.8377132071379514
 0.910082149890898
 0.8780300971404917
 0.9371332750795973
 0.8615447512334985
 0.8806216218548714
 0.8880513457351835
 0.8880322718613063
 0.8772452814349633
 0.9121515463756857
 0.9085440772602094
 0.8899115490576193
 0
 0
 0.5833541646257734
 0.8882230498669739
 0.9357676096951133
 0.9394911177334185
 0.7363389893180717
 0.7620703979483728
 0.6707838846126617
 0.6872086015607531
 0.6889509734221435
 0.7087124849769528
 0.7604642940024073
 0.808296510795112
 0.7892045681592988
 0.8278556863617906
 0.803823929207917
 0.839719236207577
 0.8571255650977277
 0.8940010468221815
 0.9004419823060515
 0.8611928509418666
 0.8775674979041869
 0.8664747868360048
 0.9171251427722009
 0.8952891430523265
 0.9230548043244328
 0.9162577058842848
 0.8996471486502789
 0.9059266930360979
 0
 0
 1
 1
 1
 1
 1
 1
 1
 1
 1
 1
 1
 1
 1
 1
 1
 1
 1
 1
 1
 1
 1
 1
 1
 1
 1
 1
 1
 1
 0
 0
 1.000000000219998
 0.9386162282310377
 0.9569245345016513
 1.239378238749193
 0.690247693151872
 0.659657115148046
 0.5011724626198624
 0.5575984057424673
 0.5932843005049393
 0.6115981031599349
 0.781408364117569
 0.7842683807956212
 0.7526676185052004
 0.7487257688708177
 0.7565764532598287
 0.7758777444353475
 0.9719295747900849
 0.816193269732723
 0.9738042631891455
 0.8616220298742848
 0.7945408803876866
 0.9918512573339331
 0.9015281498943731
 0.8943025556065464
 1.000000000001654
 0.8817248904030746
 1.000000000007338
 1.000000000000052
 0
 0
 0.3678794411714423
 0.9032351685990777
 0.9004129841299287
 0.9796265103737247
 0.8234913000665267
 0.877546203683925
 0.7320773965835855
 0.7402896583014507
 0.7002628824252572
 0.7145596526667108
 0.7577466350637806
 0.9813519299882845
 0.755102355093087
 0.8260218811268444
 0.9899979170418659
 0.8141220332587872
 0.8644512334105607
 0.8439971628374385
 0.8905742691013186
 0.9215758662947449
 0.8685491932294245
 0.8968327354294836
 0.9537077547458025
 0.9284860300750251
 0.8817076366917989
 0.8757367464791201
 0.91212245067151
 0.9015922952256952
 0
 0
 0
 0
 0
 0
 0
 0
 0
 0
 0
 0
 0
 0
 0
 0
 0
 0
 0
 0
 0
 0
 0
 0
 0
 0
 0
 0
 0
 0
 0
 0
 0
 0
 0
 0
 0
 0
 0
 0
 0
 0
 0
 0
 0
 0
 0
 0
 0
 0
 0
 0
 0
 0
 0
 0
 0
 0
 0
 0
 0
 0
 0
 0
 0
 0
 0
 0
 0
 0
 0
 0
 0
 0
 0
 0
 0
 0
 0
 0
 0
 0
 0
 0
 0
 0
 0
 0
 0
 0
 0
 0
 0
 0
 0
 0
 0
 0
 0
 0
 0
 0
 0
 0
 0
 0
 0
 0
 0
 0
 0
 0
 0
 0
 0
 0
 0
 0
 0
 0
 0
 0
 0
 0
 0
 0
 0
 0
 0
 0
 0
 0
 0
 0
 0
 0
 0
 0
 0
 0
 0
 0
 0
 0
 0
 0
 0
 0
 0
 0
 0
 0
 1
 1
 1
 1
 1
 1
 1
 1
 1
 1
 1
 1
 1
 1
 1
 1
 1
 1
 1
 1
 1
 1
 1
 1
 1
 1
 1
 1
 0
 0
 0
 0
 0
 0
 0
 0
 0
 0
 0
 0
 0
 0
 0
 0
 0
 0
 0
 0
 0
 0
 0
 0
 0
 0
 0
 0
 0
 0
 0
 0
 0
 0
 0
 0
 0
 0
 0
 0
 0
 0
 0
 0
 0
 0
 0
 0
 0
 0
 0
 0
 0
 0
 0
 0
 0
 0
 0
 0


