# Created by Octave 3.8.2, Fri Nov 20 22:11:56 2015 CET <dkottke@snake4>
# name: mus
# type: matrix
# ndims: 3
 1 30 19
 0
 0
 0.8128654970760233
 0.8394648829431438
 0.6979079497907951
 0.68676716917923
 0.6535783904204953
 0.7013422818791947
 0.7209690893901418
 0.7319327731092438
 0.7114261884904083
 0.712962962962963
 0.6770484949832776
 0.7284033613445376
 0.7552742616033752
 0.768581081081081
 0.7390756302521009
 0.7403198653198652
 0.7543859649122808
 0.7610169491525423
 0.7443609022556392
 0.7455106621773289
 0.7654682274247494
 0.7772108843537415
 0.7736170212765962
 0.7713210702341138
 0.7773569023569025
 0.7661564625850341
 0.7670311185870479
 0.7692307692307692
 0
 0
 0.3333333333333333
 1
 0.8
 0.9
 0.7
 0.9
 0.7
 0.8
 0.9333333333333332
 0.9333333333333332
 1
 0.8666666666666666
 0.7999999999999999
 0.7499999999999999
 0.8833333333333334
 0.7833333333333333
 0.7666666666666667
 0.75
 0.77
 0.82
 0.74
 0.7100000000000001
 0.76
 0.7266666666666668
 0.7466666666666667
 0.7466666666666666
 0.76
 0.7666666666666667
 0
 0
 0.6137041029381036
 0.8571875774498443
 0.8375801341898845
 0.8325738775517314
 0.8979388681058058
 0.8355734106715685
 0.8240597777927181
 0.7690009036055896
 0.9077692852455834
 0.8937791375300841
 0.9286794224629594
 0.9346521344142928
 0.7529128555246587
 0.8538951607690324
 0.8424274857191605
 0.8141376199756111
 0.772908798603088
 0.7731484641098769
 0.7772116445020749
 0.8237855232767257
 0.7156169219091097
 0.7744993261454554
 0.76759631880191
 0.7546324102321138
 0.7404825367205448
 0.7676466083087237
 0.7571259561236974
 0.7651222656340493
 0
 0
 0.253017007616718
 0.9127872452490834
 0.7830896225996636
 0.8379595882329152
 0.8268654055005642
 0.8783374794528732
 0.7627478175176251
 0.8346519512931991
 0.8485742458648216
 0.8893818806337204
 0.9267565877639882
 0.9360817029104822
 0.7978986311778631
 0.8200869510878818
 0.8355267489888157
 0.8459628916940467
 0.7643493023456013
 0.7674171572989233
 0.755492745570303
 0.7595406117559995
 0.7120751352908986
 0.7295763204167337
 0.7498002585103083
 0.7624115406108768
 0.7077744582203358
 0.7358611083377525
 0.7413031590178611
 0.75379204861205
 0
 0
 0.6666666666666666
 1
 0.8
 0.8333333333333334
 0.8571428571428571
 1
 0.6666666666666666
 0.7
 1
 1
 1
 1
 0.6
 1
 1
 1
 1
 0
 1
 1
 1
 1
 1
 1
 1
 1
 0
 1
 0
 0
 0.7463140662493287
 0.9654911257287462
 0.88945658577411
 0.8460461668840304
 0.8684522451676514
 0.9539379961515164
 0.7292011032877945
 0.784095663768114
 0.9265401429104847
 0.9496597145513842
 0.9593606721550092
 0.963160259262448
 0.7548921423136086
 0.888010569345892
 0.8623127371752992
 0.8603296479807454
 0.8284247385086311
 0.6809682779693007
 0.878875120336249
 0.754863518793628
 0.7149691759506761
 0.7063012721054938
 0.7234127789834572
 0.7430148984816927
 0.70843348224561
 0.7307908794552052
 0.6273307118407782
 0.7894043791157601
 0
 0
 0.5785862941142949
 0.7484129651568915
 0.8283547877061006
 0.8283685781797371
 0.8898511800390125
 0.8578865216190561
 0.8436678323594928
 0.8367230994059313
 0.8584173091695618
 0.8613685777482838
 0.8451205323418898
 0.8496530129155049
 0.745539029751466
 0.831908882806254
 0.7731292698397937
 0.8236742401173682
 0.7696221707008796
 0.7695152632645509
 0.7642187946756304
 0.773113235066876
 0.7005216071934548
 0.7569798705315454
 0.7477831934522495
 0.7445983335067315
 0.7314470735400178
 0.7282572231153897
 0.7530103856148135
 0.768480304374069
 0
 0
 0.2007053123715475
 0.8727304845019952
 0.7549216388467269
 0.781791668301168
 0.7671632008097422
 0.7723952744073619
 0.7254854779942355
 0.7712957280999335
 0.780693573399541
 0.8347792199925668
 0.8483854224182722
 0.8672887921547159
 0.7505346859080574
 0.7444553215860376
 0.7362579366285591
 0.774647685497956
 0.721829241597575
 0.7134653060245573
 0.7017304154201236
 0.7243025122158694
 0.6750107491593602
 0.6930765552116349
 0.6889838376206125
 0.7106063352366896
 0.6783705746240701
 0.6953786365276599
 0.7155988301530257
 0.7187336099698957
 0
 0
 0.934090264802812
 0.9142091129117118
 0.8931354987961629
 0.9245430661918385
 0.9351324014380387
 0.9392940717557139
 0.9487270751291199
 0.920770106710552
 0.9391246056403381
 0.928862544705165
 0.9293614355651969
 0.9389752062871555
 0.9324778485302809
 0.9151221940854602
 0.9121991174565672
 0.911680491093665
 0.9052100177687374
 0.8907376281347135
 0.905657241814213
 0.9076138005326793
 0.8988631065714152
 0.9031695296107196
 0.9048944004856446
 0.8976200910755993
 0.9095567696978851
 0.90823932789175
 0.9013623060172954
 0.9041355321096867
 0
 0
 0.6240023436783524
 0.9718019332085368
 0.9118081100563218
 0.8458224893367314
 0.8781124684057129
 0.9162876291134536
 0.7754636464999662
 0.8122915618884859
 0.8785394952960732
 0.9105516280842971
 0.9414861879380334
 0.9579403131576695
 0.8601241372306947
 0.8839747060455361
 0.8540605489802833
 0.8281482078123972
 0.7771904311561488
 0.7987660920640849
 0.7867047332755631
 0.7743517344930879
 0.6849754065608197
 0.72959300581627
 0.7336208427171139
 0.729471075311304
 0.7173833466581578
 0.7315038587176332
 0.7279263697483825
 0.7582764454666535
 0
 0
 0.5785862941142949
 0.803783503533021
 0.7519620831802131
 0.8776126146393644
 0.891928392390325
 0.8443845214220875
 0.8547296326934868
 0.8412095724966819
 0.797279291151975
 0.8998802998055124
 0.8136759785914196
 0.8176693370409485
 0.7398073616684505
 0.8058958495236974
 0.7758065898777819
 0.7992513340196252
 0.8181278397549214
 0.7449999241105382
 0.7590122691619592
 0.8164126583135296
 0.7162040716848878
 0.7468979931949485
 0.7422476732770023
 0.739491345746265
 0.7216150906249781
 0.4123797259336828
 0.6478781889470269
 0.758203365929331
 0
 0
 0
 0
 0
 0
 0
 0
 0
 0
 0
 0
 0
 0
 0
 0
 0
 0
 0
 0
 0
 0
 0
 0
 0
 0
 0
 0
 0
 0
 0
 0
 0
 0
 0
 0
 0
 0
 0
 0
 0
 0
 0
 0
 0
 0
 0
 0
 0
 0
 0
 0
 0
 0
 0
 0
 0
 0
 0
 0
 0
 0
 0
 0
 0
 0
 0
 0
 0
 0
 0
 0
 0
 0
 0
 0
 0
 0
 0
 0
 0
 0
 0
 0
 0
 0
 0
 0
 0
 0
 0
 0
 0
 0
 0
 0
 0
 0
 0
 0
 0
 0
 0
 0
 0
 0
 0
 0
 0
 0
 0
 0
 0
 0
 0
 0
 0
 0
 0
 0
 0
 0
 0
 0
 0
 0
 0
 0
 0
 0
 0
 0
 0
 0
 0
 0
 0
 0
 0
 0
 0
 0
 0
 0
 0
 0
 0
 0
 0
 0
 0
 0
 0.9463317348050373
 0.9118725005556674
 0.9390495570712871
 0.9128617630790254
 0.929128281426901
 0.9147109952355953
 0.929290334427378
 0.9095165540986728
 0.9250404329974774
 0.9188323084716004
 0.9365837346290898
 0.9118611298644582
 0.9152628497262728
 0.9106546232208471
 0.9029597899897863
 0.9185944951005385
 0.9076423606245955
 0.8965210529238962
 0.9017865589176332
 0.9037571958419538
 0.9065554543171428
 0.9154219976988264
 0.90616584296072
 0.9050030109166854
 0.9090185404032096
 0.9091934313010507
 0.9032023789815811
 0.904238059081633
 0
 0
 0
 0
 0
 0
 0
 0
 0
 0
 0
 0
 0
 0
 0
 0
 0
 0
 0
 0
 0
 0
 0
 0
 0
 0
 0
 0
 0
 0
 0
 0
 0
 0
 0
 0
 0
 0
 0
 0
 0
 0
 0
 0
 0
 0
 0
 0
 0
 0
 0
 0
 0
 0
 0
 0
 0
 0
 0
 0


