# Created by Octave 3.8.2, Fri Nov 20 23:20:33 2015 CET <dkottke@snake8>
# name: mus
# type: matrix
# ndims: 3
 1 30 19
 0
 0
 0.4210526315789473
 0.4646464646464646
 0.6405063291139239
 0.64520202020202
 0.6566416040100252
 0.6658163265306123
 0.6452020202020204
 0.6743589743589744
 0.7613636363636361
 0.8257575757575759
 0.8182051282051286
 0.7793367346938777
 0.7807692307692308
 0.796875
 0.7982381358340439
 0.797979797979798
 0.7819548872180448
 0.8368421052631581
 0.8421052631578949
 0.8244949494949494
 0.8502415458937198
 0.8684895833333331
 0.8746666666666667
 0.8697435897435899
 0.9470899470899471
 0.9413265306122449
 0.9342636374120633
 0.9256410256410258
 0
 0
 0
 0.75
 0.4
 0.5
 0.5
 0.8
 0.8
 0.7
 0.4666666666666666
 0.6
 0.5333333333333333
 0.8
 0.8666666666666666
 0.8166666666666667
 0.7333333333333333
 0.7833333333333333
 0.9
 0.85
 0.85
 0.71
 0.7
 0.67
 0.64
 0.66
 0.5933333333333334
 0.6799999999999999
 0.8
 0.7666666666666667
 0
 0
 0.3928315684936222
 0.5140999363791977
 0.5824129232875849
 0.6333700758794365
 0.695528597497578
 0.6669772912211834
 0.7469410696156341
 0.4297192723562306
 0.5354594338057543
 0.4347784697742916
 0.6037668273701798
 0.7236971503130849
 0.8294270092358913
 0.7146346474106459
 0.7680808846980635
 0.8230814959754835
 0.7709244411308538
 0.8439681272130656
 0.8326669838709828
 0.7214907366366796
 0.7387064388027722
 0.7534603470960114
 0.7300871817523304
 0.7252125036919177
 0.7405490893993202
 0.7209075398193423
 0.7382924184948427
 0.772330364456711
 0
 0
 0.1115606756767501
 0.631381875609079
 0.3426366678539284
 0.3967835913268808
 0.5341132257084495
 0.6879533698686298
 0.6661437766530104
 0.6152670917428567
 0.4048913226837093
 0.5112776629002274
 0.6630590437703191
 0.6966281124636549
 0.7769659341837195
 0.7314620112698783
 0.7383571271149121
 0.7398625933580223
 0.8018163509305325
 0.8071975684046125
 0.8167399810885165
 0.7400021056095469
 0.7593276659585474
 0.7041763308432075
 0.7075292635350965
 0.7255586424535874
 0.6962058598666341
 0.7197580717226287
 0.7409068569669185
 0.7796651612669411
 0
 0
 0
 0.75
 0.4
 0.3333333333333333
 0.5714285714285714
 0.5
 0.7777777777777778
 0.5
 0.4545454545454545
 0.5833333333333334
 0.9230769230769231
 0.4444444444444444
 0.8
 1
 1
 1
 1
 0
 1
 1
 1
 1
 1
 1
 1
 1
 1
 0
 0
 0
 0.03728617107682564
 0.7700971642908256
 0.4247919116040338
 0.3461679308320137
 0.6272407819659325
 0.5963278292038311
 0.711735931985257
 0.5526519570748099
 0.4624904401829442
 0.568109960044846
 0.7083862575727767
 0.6160143192941936
 0.8050909888303468
 0.7859735175915352
 0.7943943429128364
 0.8075161534221642
 0.8447321719595497
 0.7081603781727664
 0.8329939694697044
 0.7429885793375146
 0.7398170756491613
 0.7126498797086636
 0.7925505936723812
 0.64873221544704
 0.7709144586544678
 0.7880041903039691
 0.7907952732737522
 0.7089943158560588
 0
 0
 0.7892931470571475
 0.4228481734018041
 0.4119337563853811
 0.580144864412856
 0.7291417151388073
 0.7050243576159541
 0.6477416999533029
 0.735268298998988
 0.7057606945151491
 0.639549740419701
 0.7002980856460223
 0.7379987372144472
 0.7392269588203373
 0.7185011065160154
 0.7290549809091418
 0.7267112882727093
 0.7770931677125194
 0.8121489813095296
 0.8162413582004576
 0.7608215261384726
 0.7191549911222256
 0.695702974980692
 0.7014229223362454
 0.7233815288473668
 0.7508876126856406
 0.73971689130289
 0.7332193537999242
 0.7327838290060819
 0
 0
 0.03732866055938576
 0.609617992086914
 0.3613985849859419
 0.4097685322497419
 0.5428156948544584
 0.5895386803425062
 0.6065059408099195
 0.556581736777051
 0.4338131967396874
 0.5099849358148162
 0.5797593831627305
 0.6219729100972137
 0.6976763577417869
 0.644828908835883
 0.6670830055174289
 0.6671110747538849
 0.7080951206098735
 0.7101983365812988
 0.7168269964559685
 0.6434613944947267
 0.6568098856872231
 0.6062379358407617
 0.6235217665271384
 0.6467154579136375
 0.6261801145974469
 0.6453232266085994
 0.6546346837645158
 0.6792386758040511
 0
 0
 0.9362557340469285
 0.9151795646864801
 0.9288643070185573
 0.9481651875582772
 0.9262990160102186
 0.9012264276377908
 0.9152501868987233
 0.9314335323492337
 0.9320286868174918
 0.9301686068622124
 0.9250946950905614
 0.917530378688619
 0.9083676718538053
 0.9162424930630003
 0.9054661305476122
 0.8944007760030921
 0.9031879835975138
 0.905475958290785
 0.9078025856407287
 0.9131013693351329
 0.9003282236650951
 0.9092037051432634
 0.9132717924629538
 0.8995562135210962
 0.8977543194816715
 0.9101734100125008
 0.8974159304008509
 0.9177169044892406
 0
 0
 0.08249739469043083
 0.7250546205406305
 0.4158958508947452
 0.3702917866333382
 0.6443949640726943
 0.6418399476305618
 0.6121516999048791
 0.5445108633363569
 0.4541809119847051
 0.5028317194911464
 0.4425761191472325
 0.7049176278515161
 0.7929776427761437
 0.7644066008042782
 0.7839731506715608
 0.7750501274262946
 0.8379373297757583
 0.8284547982572212
 0.8456795932781909
 0.7362870281618249
 0.7872479885887007
 0.7017098072329128
 0.7167212865009127
 0.7008641299532892
 0.6951846209619766
 0.7519643283479749
 0.6328895441310163
 0.8005130213582992
 0
 0
 0.7892931470571475
 0.4234730325465365
 0.3527108463603451
 0.5226471931845593
 0.7465554924281073
 0.7794064994803791
 0.6327521380829081
 0.7671958092426685
 0.6792353914333881
 0.6451500950618141
 0.690985421816355
 0.7073312670400344
 0.7098019583024728
 0.6523488327283808
 0.7004448627286161
 0.6980436148585449
 0.7765125333582648
 0.8154464098463112
 0.9064231960136148
 0.6829579783019654
 0.7601892121784836
 0.6851833668706848
 0.7146793193010718
 0.7363753526022628
 0.799700299710187
 0.7333527225960688
 0.798217879873286
 0.8155806448068074
 0
 0
 0
 0
 0
 0
 0
 0
 0
 0
 0
 0
 0
 0
 0
 0
 0
 0
 0
 0
 0
 0
 0
 0
 0
 0
 0
 0
 0
 0
 0
 0
 0
 0
 0
 0
 0
 0
 0
 0
 0
 0
 0
 0
 0
 0
 0
 0
 0
 0
 0
 0
 0
 0
 0
 0
 0
 0
 0
 0
 0
 0
 0
 0
 0
 0
 0
 0
 0
 0
 0
 0
 0
 0
 0
 0
 0
 0
 0
 0
 0
 0
 0
 0
 0
 0
 0
 0
 0
 0
 0
 0
 0
 0
 0
 0
 0
 0
 0
 0
 0
 0
 0
 0
 0
 0
 0
 0
 0
 0
 0
 0
 0
 0
 0
 0
 0
 0
 0
 0
 0
 0
 0
 0
 0
 0
 0
 0
 0
 0
 0
 0
 0
 0
 0
 0
 0
 0
 0
 0
 0
 0
 0
 0
 0
 0
 0
 0
 0
 0
 0
 0
 0.9081587576519586
 0.9698240398632864
 0.9206667816669316
 0.9340421443995083
 0.8975690091082267
 0.9269826533036549
 0.9238623372788584
 0.9118986266770682
 0.9144603821785604
 0.9230558304711324
 0.9150879150831437
 0.9180716143182658
 0.9167248732980116
 0.9111785006336742
 0.9064768342966287
 0.9083776145448987
 0.9071901416443997
 0.9143378308669469
 0.9067427283668268
 0.9029513234168861
 0.90478635744331
 0.899446208239481
 0.9128495445595507
 0.903971359658983
 0.9091203942937111
 0.8966242050700794
 0.9151671657306003
 0.9056680194962863
 0
 0
 0
 0
 0
 0
 0
 0
 0
 0
 0
 0
 0
 0
 0
 0
 0
 0
 0
 0
 0
 0
 0
 0
 0
 0
 0
 0
 0
 0
 0
 0
 0
 0
 0
 0
 0
 0
 0
 0
 0
 0
 0
 0
 0
 0
 0
 0
 0
 0
 0
 0
 0
 0
 0
 0
 0
 0
 0
 0


