# Created by Octave 3.8.2, Fri Nov 20 20:06:28 2015 CET <dkottke@snake9>
# name: mus
# type: matrix
# ndims: 3
 1 30 19
 0
 0
 0.5008347245409018
 0.6085746102449888
 0.5292479108635099
 0.5362318840579711
 0.5352973874374649
 0.6037946428571429
 0.6058068118369627
 0.6212290502793296
 0.6159668552306593
 0.6957494407158836
 0.6850613154960975
 0.6392299107142859
 0.6689075630252097
 0.6400669642857143
 0.6574042950513538
 0.661054994388328
 0.6565349544072946
 0.6471910112359553
 0.6450420168067226
 0.643658810325477
 0.6495726495726497
 0.6480855855855856
 0.651267605633803
 0.6493868450390192
 0.6487093153759821
 0.6489955357142857
 0.650723025583982
 0.6491525423728814
 0
 0
 1
 0.25
 0.4
 1
 0.7
 0.5
 0.6
 0.5
 0.5333333333333333
 0.6666666666666666
 0.5
 0.5
 0.6666666666666666
 0.7499999999999999
 0.6499999999999999
 0.6666666666666666
 0.6
 0.65
 0.8
 0.8699999999999999
 0.8699999999999999
 0.8300000000000001
 0.76
 0.78
 0.7666666666666667
 0.7933333333333333
 0.86
 0.9
 0
 0
 1
 0.5618255217211134
 0.6667625314871191
 0.6996796352074068
 0.8029890924984329
 0.5983341318209809
 0.6380088986590189
 0.5506801547232019
 0.4436422746323954
 0.6526647486550563
 0.6923922552542152
 0.7043675666386977
 0.7351217831366694
 0.8099624859648749
 0.7046351513281932
 0.7300753255754133
 0.8150314210262075
 0.8136365620364432
 0.8121932979727825
 0.848212262294662
 0.866214363004514
 0.8491636143502493
 0.8438406648502196
 0.8578489144601584
 0.8923593677759736
 0.8854951652089285
 0.896354581648957
 0.8962625193412803
 0
 0
 1
 0.4652986282831808
 0.4483451672182082
 0.837197568071791
 0.8787704220886624
 0.7050449108514442
 0.5838824629455117
 0.6436817954061053
 0.659302456850869
 0.6136739038242585
 0.6857932093530601
 0.8024432037969368
 0.8062909252561873
 0.8068798498839278
 0.7706393684079503
 0.7323525006745244
 0.8368065914664421
 0.8628346020318343
 0.8854680841693691
 0.9144158271595632
 0.9047058594324755
 0.8995307697527521
 0.874557222469647
 0.9122637604433824
 0.9130823301914029
 0.9236838605355556
 0.9283941552644757
 0.934881937647385
 0
 0
 1
 0.75
 0.4
 0.8333333333333334
 0.7142857142857143
 0.625
 0.3333333333333333
 0.3
 0.5454545454545454
 0.6666666666666666
 0.6923076923076923
 1
 0.8
 0
 0.5
 1
 1
 0
 0
 1
 1
 1
 1
 1
 1
 1
 0
 1
 0
 0
 1.000000000010607
 0.7500000198091862
 0.5000000516842353
 0.9749999746547666
 0.8392857150695807
 0.5892857177655249
 0.5014896748886479
 0.4627013585696039
 0.5639525341499717
 0.6750000378932536
 0.6805362076207169
 0.9175155399433783
 0.8141161371124208
 0.5231315954841746
 0.6083546318796046
 0.8787840362933657
 0.9435568846225151
 0.6348910450022308
 0.686392639643302
 1.058432752374565
 1.022670515114273
 1.000001123093552
 0.9857733141122409
 0.9708504794939565
 1.035272807256088
 1.000001618124485
 0.750003973898539
 1.024812005651634
 0
 0
 1
 0.6859066908262862
 0.6996572294907035
 0.6477738687130075
 0.8061213751278151
 0.724394620174673
 0.6780568257639101
 0.6476959910369537
 0.6910030565385544
 0.6879085488228109
 0.7224877370046979
 0.7436329928731302
 0.8700996281800842
 0.8999442881628847
 0.8552541029570359
 0.8291064253799421
 0.8519290548940663
 0.8315126539121478
 0.8385528949159984
 0.8710075403894305
 0.8539128934298352
 0.8754824788969776
 0.8656933673174727
 0.9159471701739376
 0.8734197625620255
 0.916475841686067
 0.9246649944323269
 0.9036806017791745
 0
 0
 1
 0.4620292563421149
 0.4668755542148035
 0.7378168414995996
 0.8203072282171708
 0.7103120634884894
 0.6511229493652253
 0.6721644972275361
 0.685559217574815
 0.6836882400034171
 0.7091185850589532
 0.7726315887394232
 0.7880157748168067
 0.7901185027924067
 0.7863897262226585
 0.7739336526091345
 0.8365945549488004
 0.8450504450295107
 0.8675257874398762
 0.8797127432621636
 0.902935271547378
 0.8861796861385892
 0.8741561854644688
 0.8855888857772685
 0.9100353398393891
 0.9012238415929469
 0.9210552208128228
 0.9268076260691346
 0
 0
 1
 1
 1
 1
 1
 1
 1
 1
 1
 1
 1
 1
 1
 1
 1
 1
 1
 1
 1
 1
 1
 1
 1
 1
 1
 1
 1
 1
 0
 0
 1.000000000011147
 0.6764711985807104
 0.5892308696540864
 0.9233167590867655
 1.028754994880505
 0.5697136492668343
 0.6348404253141621
 0.5384338326339084
 0.5811950106274058
 0.6069761126357371
 0.6476710119802706
 0.7363550419880387
 0.9165382846042102
 0.8158608436144371
 0.6911497417118415
 0.7064062364959907
 0.9250012777253478
 0.7809447739257986
 0.9867764665884419
 1.020633989396146
 0.8604512935815845
 0.9883404199850281
 0.8684243288393092
 0.8285350676343322
 0.887729410436758
 0.9916803447062171
 0.9999985442725076
 0.8711520118355721
 0
 0
 1
 0.7256715076822212
 0.7416442801856927
 0.6352154147969391
 0.6839505758908713
 0.771508383660144
 0.6892200652648038
 0.6508732008319443
 0.6976571533242466
 0.7225390866575701
 0.7425166966412466
 0.7786173792649738
 0.7813031293890376
 0.9054238800584462
 0.8090882153382001
 0.8207099358453578
 0.9459235754257406
 0.8214648846751508
 0.9801226314565054
 0.9678116075931813
 0.919093774806145
 0.9983206515731049
 0.9123771822723661
 0.9646688777015671
 0.8843867081015878
 0.9994284127991093
 0.9014111719603463
 0.9126598196522597
 0
 0
 0
 0
 0
 0
 0
 0
 0
 0
 0
 0
 0
 0
 0
 0
 0
 0
 0
 0
 0
 0
 0
 0
 0
 0
 0
 0
 0
 0
 0
 0
 0
 0
 0
 0
 0
 0
 0
 0
 0
 0
 0
 0
 0
 0
 0
 0
 0
 0
 0
 0
 0
 0
 0
 0
 0
 0
 0
 0
 0
 0
 0
 0
 0
 0
 0
 0
 0
 0
 0
 0
 0
 0
 0
 0
 0
 0
 0
 0
 0
 0
 0
 0
 0
 0
 0
 0
 0
 0
 0
 0
 0
 0
 0
 0
 0
 0
 0
 0
 0
 0
 0
 0
 0
 0
 0
 0
 0
 0
 0
 0
 0
 0
 0
 0
 0
 0
 0
 0
 0
 0
 0
 0
 0
 0
 0
 0
 0
 0
 0
 0
 0
 0
 0
 0
 0
 0
 0
 0
 0
 0
 0
 0
 0
 0
 0
 0
 0
 0
 0
 0
 1
 1
 1
 1
 1
 1
 1
 1
 1
 1
 1
 1
 1
 1
 1
 1
 1
 1
 1
 1
 1
 1
 1
 1
 1
 1
 1
 1
 0
 0
 0
 0
 0
 0
 0
 0
 0
 0
 0
 0
 0
 0
 0
 0
 0
 0
 0
 0
 0
 0
 0
 0
 0
 0
 0
 0
 0
 0
 0
 0
 0
 0
 0
 0
 0
 0
 0
 0
 0
 0
 0
 0
 0
 0
 0
 0
 0
 0
 0
 0
 0
 0
 0
 0
 0
 0
 0
 0


