# Created by Octave 3.8.2, Sat Nov 21 03:13:26 2015 CET <dkottke@snake7>
# name: mus
# type: matrix
# ndims: 3
 1 30 19
 0
 0
 0.5764411027568924
 0.5328282828282829
 0.5291139240506327
 0.5164141414141413
 0.5238095238095238
 0.6479591836734694
 0.6553030303030307
 0.6307692307692309
 0.5391414141414141
 0.547979797979798
 0.5387179487179486
 0.5331632653061223
 0.535897435897436
 0.5416666666666666
 0.5430520034100595
 0.5441919191919192
 0.6867167919799498
 0.8500000000000001
 0.862155388471178
 0.861111111111111
 0.8644501278772379
 0.86328125
 0.8640000000000001
 0.9266666666666669
 0.9108946608946608
 0.8596938775510203
 0.834044516203437
 0.8230769230769232
 0
 0
 0.3333333333333333
 0.75
 0.8
 1
 1
 0.9
 0.9
 1
 1
 1
 1
 1
 1
 1
 1
 1
 0.95
 0.85
 0.9
 0.85
 0.8800000000000001
 0.8300000000000001
 0.8799999999999999
 0.8466666666666667
 0.82
 0.8933333333333333
 0.9
 0.9
 0
 0
 0.6425858834731978
 0.9086936970580972
 0.8744165909667199
 0.931083529794102
 0.9515374238231439
 0.8398118023619854
 0.9168178972283575
 0.9511262325897565
 0.891275263881488
 0.9361558235583157
 0.9036612154794822
 0.9714094224085985
 0.967367512246289
 0.9759570152588335
 0.9737079844151408
 0.9885274859124393
 0.961157236769557
 0.8967260721480181
 0.8755817601332975
 0.9182183790433233
 0.9628205107379032
 0.8901265699109738
 0.9152827398834003
 0.8905383839088398
 0.9112715994929764
 0.9170760924269162
 0.9205640186951303
 0.9343292953938174
 0
 0
 0.5254206378717333
 0.7577481009711362
 0.7166151818390112
 0.8340391444912826
 0.8987353066540417
 0.8328730891247322
 0.8563982481499209
 0.8819673155458733
 0.8515856597110959
 0.8752138287456996
 0.8775526927808152
 0.9234928425755774
 0.9177213461554073
 0.9309141617229127
 0.9277847035419968
 0.9466675180142795
 0.8905684719480742
 0.8072912903224529
 0.824254130054953
 0.8200286730257286
 0.836608490502646
 0.7915246295555639
 0.8036994164354183
 0.7771729634932004
 0.7862494451048735
 0.8019446044679763
 0.8148417158293118
 0.80712395186273
 0
 0
 0
 1
 0.8
 1
 1
 1
 0.7777777777777778
 1
 1
 1
 1
 1
 1
 1
 1
 1
 1
 1
 1
 1
 1
 1
 1
 1
 1
 1
 1
 1
 0
 0
 0.2500109539041621
 0.624769631257279
 0.9025552844509921
 0.9551904363389755
 0.9816489082696737
 0.9529089858785333
 0.8107407215822586
 0.980961514048398
 0.8675735966789078
 0.9010303748320779
 0.9657544474411239
 0.9856427391010766
 0.907543342163438
 0.9387684246638904
 0.8676410495551333
 0.8900230883290254
 0.9501168043843807
 0.7656787896663952
 0.8012607786677308
 0.7548373049870388
 0.8164327577861
 0.7823823284630202
 0.8005183147766533
 0.8208284614648621
 0.8649344641363925
 0.89702002743571
 0.8999321457373362
 0.9055925971798877
 0
 0
 0.3678794411714423
 0.7098748955957193
 0.6782349637536771
 0.8334503291123673
 0.848488830684447
 0.9361550155263341
 0.8401197010280892
 0.8651705702334392
 0.8241385209546727
 0.8898120409721534
 0.8479771629689824
 0.8876016603781126
 0.9060353478347641
 0.9796524573707852
 0.8935400722064025
 0.918988693130936
 0.8754118244204003
 0.885108759875565
 0.8715097853390151
 0.8568720394324207
 0.868031216283304
 0.8230820363936364
 0.8716535021012513
 0.793073325079125
 0.8239056565376334
 0.8467960011705782
 0.787977073772134
 0.902662252255514
 0
 0
 0.5268176651297531
 0.7749360741887594
 0.6765380197100245
 0.7900608007108
 0.8726767845920851
 0.835302820039333
 0.8514396983931457
 0.8704692217585445
 0.8409283253068008
 0.8634853248461921
 0.8576988177006525
 0.9124624250718617
 0.9149804050646259
 0.9348590120274816
 0.9392471573989316
 0.9597143236429732
 0.8988663947743726
 0.8275346923207951
 0.8421331955948612
 0.8360326328686976
 0.8499580682286529
 0.8019369838116619
 0.8275096128538583
 0.7976761061226953
 0.8121427106758333
 0.8323608227184673
 0.8478980900317581
 0.8349912245852928
 0
 0
 0.9996658100138673
 0.9999996154505847
 0.9999999999999981
 0.9999999995512054
 1
 0.9999999999999999
 1
 1
 0.9999999997414543
 0.9999999999941657
 0.9924271886348771
 0.9918795721010752
 0.9810985813775182
 0.962804754635891
 0.9752476949456148
 0.9676717820284777
 0.9727765174577085
 0.9726920814540605
 0.9640029578482222
 0.960769304715924
 0.9521265645608961
 0.9641507970798414
 0.9657265625789937
 0.9557532371152504
 0.952926985397592
 0.9522046937871842
 0.9542405439244941
 0.9400376829805089
 0
 0
 0.2500178088363026
 0.6421712687561326
 0.9135934768464422
 0.7872608355428476
 0.955475509556074
 0.902782236496696
 0.840730338000706
 0.9767346581158877
 0.9025195221071401
 0.8562007522176508
 0.9502466807796678
 0.8882659102379775
 0.9062833192592628
 0.9485333990857269
 0.9940435111533981
 0.9388541578963764
 0.9757245246283172
 0.8091880093683759
 0.8199059454954534
 0.8916706477004597
 0.8184616476620199
 0.7832421283154037
 0.8165806061472787
 0.9172909032709504
 0.7961277655534416
 0.8117275133754889
 0.910188543751702
 0.8172146551808367
 0
 0
 0.3678794411714423
 0.7452564617760038
 0.6634391125614685
 0.9072613411071336
 0.8527214547544572
 0.8726582103284065
 0.8419016088591408
 0.8550281790031451
 0.8495207327661627
 0.8268489701071722
 0.8206686023910003
 0.8523197651332777
 0.9827251572470295
 0.9523034851488099
 0.9221927764539435
 0.8914210174177991
 0.935661623595448
 0.841739512648771
 0.8312019155266807
 0.820044048631372
 0.8490530371053602
 0.7997542644421451
 0.8149653436124236
 0.7968931081702663
 0.8033319376604748
 0.8295419849369129
 0.9073582901229371
 0.8369300487367107
 0
 0
 0
 0
 0
 0
 0
 0
 0
 0
 0
 0
 0
 0
 0
 0
 0
 0
 0
 0
 0
 0
 0
 0
 0
 0
 0
 0
 0
 0
 0
 0
 0
 0
 0
 0
 0
 0
 0
 0
 0
 0
 0
 0
 0
 0
 0
 0
 0
 0
 0
 0
 0
 0
 0
 0
 0
 0
 0
 0
 0
 0
 0
 0
 0
 0
 0
 0
 0
 0
 0
 0
 0
 0
 0
 0
 0
 0
 0
 0
 0
 0
 0
 0
 0
 0
 0
 0
 0
 0
 0
 0
 0
 0
 0
 0
 0
 0
 0
 0
 0
 0
 0
 0
 0
 0
 0
 0
 0
 0
 0
 0
 0
 0
 0
 0
 0
 0
 0
 0
 0
 0
 0
 0
 0
 0
 0
 0
 0
 0
 0
 0
 0
 0
 0
 0
 0
 0
 0
 0
 0
 0
 0
 0
 0
 0
 0
 0
 0
 0
 0
 0
 0.9999653756231116
 0.9999999763044187
 0.9999999998297409
 1
 0.999999999999685
 0.9977710994767006
 0.999999218104485
 0.9999999970893948
 0.9999994691582709
 0.9995393627210084
 0.9918318701499134
 0.9896151968731958
 0.9842333972516832
 0.9684074391984048
 0.9730859281428224
 0.9626455285429076
 0.9735139196879549
 0.96846021566606
 0.9685983370260582
 0.9680948265441274
 0.9640733765076682
 0.9607536152052366
 0.9587844548083198
 0.943269319725395
 0.9526409539982917
 0.9494139905373032
 0.9534135077098088
 0.9470346322782892
 0
 0
 0
 0
 0
 0
 0
 0
 0
 0
 0
 0
 0
 0
 0
 0
 0
 0
 0
 0
 0
 0
 0
 0
 0
 0
 0
 0
 0
 0
 0
 0
 0
 0
 0
 0
 0
 0
 0
 0
 0
 0
 0
 0
 0
 0
 0
 0
 0
 0
 0
 0
 0
 0
 0
 0
 0
 0
 0
 0


