# Created by Octave 3.8.2, Fri Nov 20 21:44:42 2015 CET <dkottke@snake7>
# name: mus
# type: matrix
# ndims: 3
 1 30 19
 0
 0
 0.49874686716792
 0.9214046822742475
 0.911297071129708
 0.9221105527638198
 0.9365079365079368
 0.9496644295302014
 0.9473684210526305
 0.9428571428571433
 0.9174311926605496
 0.9259259259259259
 0.9431438127090293
 0.9500840336134458
 0.9485232067510544
 0.9467905405405406
 0.9470588235294107
 0.9478114478114473
 0.9498746867167915
 0.9500000000000002
 0.9532163742690055
 0.9538439955106618
 0.9540133779264214
 0.9549319727891156
 0.9489361702127664
 0.9397993311036782
 0.9391835016835014
 0.9401927437641726
 0.9397507454698367
 0.9418803418803415
 0
 0
 1
 0.5
 0.6
 0.6
 0.7
 0.6
 0.7
 0.8
 0.8333333333333333
 0.8333333333333333
 0.7666666666666666
 0.6666666666666666
 0.7333333333333333
 0.8333333333333333
 0.8166666666666668
 0.7833333333333333
 0.8833333333333332
 0.7
 0.8099999999999999
 0.8699999999999999
 0.9099999999999999
 0.95
 0.96
 0.8533333333333333
 0.78
 0.78
 0.7866666666666667
 0.8333333333333333
 0
 0
 1
 0.6637656601975757
 0.7344215707699462
 0.7355628995567201
 0.7703295302922907
 0.7920323361454045
 0.8097317117926042
 0.7406269383470739
 0.7763774121329857
 0.834701700871897
 0.739604484632475
 0.7045302605388777
 0.7580986947094003
 0.7948634692008962
 0.8519581429677043
 0.8563607094675381
 0.8302576559050305
 0.847170038934056
 0.8554306683037303
 0.8653762558076447
 0.8980071182828818
 0.9022050762559491
 0.9025695999048706
 0.8613895833151253
 0.862579176183883
 0.884677828214428
 0.8811515457241397
 0.8969521338422787
 0
 0
 1
 0.7291729373778366
 0.7508416654551183
 0.7210734076360112
 0.7748348771858294
 0.7578783869611809
 0.8046118802359316
 0.8433425436550488
 0.8795460501419371
 0.8882008984659545
 0.7985054020404422
 0.7815716662329559
 0.8559673696580878
 0.8776433620131044
 0.9051926536454232
 0.9092778045033159
 0.9022682918635804
 0.9227472628399919
 0.9384570556159351
 0.943488718706746
 0.9409405816226395
 0.9475113902484024
 0.9506654514348544
 0.9117599698990445
 0.9205346272725166
 0.9176822454369715
 0.9375003155518015
 0.9364502069453353
 0
 0
 1
 0.5
 0.4
 0.6666666666666666
 0.8571428571428571
 0.625
 0.6666666666666666
 0.8
 0.9090909090909091
 0.9166666666666666
 0.7692307692307693
 0.6666666666666666
 0.6
 0.6666666666666666
 1
 1
 1
 1
 1
 1
 1
 1
 1
 1
 1
 1
 1
 1
 0
 0
 1.000000000018544
 0.5000000000069171
 0.5000005000044703
 0.6250000023091649
 0.7976190483336776
 0.6482142878613398
 0.6711311780450955
 0.8069444471012163
 0.9500000222805021
 0.9462121242107825
 0.8087413072262335
 0.7013889204434747
 0.7280770077997519
 0.7780803742095553
 1.001123911578366
 1.042543244786919
 0.9628380035641673
 0.9521282630969488
 1.077586214428654
 1.046424808612836
 1.034091912861512
 1.017857143896087
 1.000000001983084
 1.060836764002763
 0.9777576536925146
 0.875000637336809
 0.7916688689067993
 1.000000006016763
 0
 0
 1
 0.7165373727668709
 0.8148958939444275
 0.7180565973115837
 0.7681009466932792
 0.8151812139809729
 0.8457994744412649
 0.7847641726633301
 0.7886093161607708
 0.8716133488170149
 0.9011092717855749
 0.7482039850429495
 0.8178349450320379
 0.7751742775815447
 0.9216799358253368
 0.866690327943662
 0.869487812567146
 0.8881415842070797
 0.8490302499331855
 0.8910679611981922
 0.9659009579150423
 0.8603789456707064
 0.885301875920434
 0.8661972372188012
 0.9337171088491669
 0.9631489533754487
 0.8868518005066165
 0.9252722504939349
 0
 0
 1
 0.7506193831025589
 0.6208631181830163
 0.6259980494788281
 0.7746368771064311
 0.8061180771991774
 0.8327209940916696
 0.8009428204844312
 0.8781511244318098
 0.8859529650522939
 0.7674755034842996
 0.7948570720009887
 0.8469440875506061
 0.8655246039174552
 0.8950878819774769
 0.8897034052993884
 0.8927245741471177
 0.910281203785503
 0.9177662985891498
 0.9268577361012394
 0.9347736426823048
 0.9463682470879439
 0.9447627388161546
 0.9021461411003054
 0.9196381013484978
 0.9223850421595252
 0.9171485732791184
 0.9192614422270368
 0
 0
 1
 1
 1
 1
 1
 1
 1
 1
 1
 1
 1
 1
 1
 1
 1
 1
 1
 1
 1
 1
 1
 1
 1
 1
 1
 1
 1
 1
 0
 0
 1.000000000026672
 0.5000000000175151
 0.5450011057544002
 0.4865515561939215
 0.5750086239416627
 0.7434623376069542
 0.6794602890129043
 0.711184913111266
 0.9268628007847433
 0.8902014337505775
 0.7498395036940937
 0.7684563924603782
 0.7970532218059522
 0.8720000875969632
 0.8138839112397431
 1.026649863180196
 0.8711701083765135
 1.059591623275988
 1.04724175530419
 0.8733565395439662
 0.9302256467015227
 1.102025663753919
 1.000000000000267
 0.9895734366294111
 0.8694409434397641
 0.9998340469594178
 0.9921564635470219
 1.000000000000048
 0
 0
 1
 0.7445108711964106
 0.8243988205582909
 0.7334317260099474
 0.7821289739306405
 0.8219531477837385
 0.8802268394140533
 0.7613320802499274
 0.9634067519347989
 0.8261605701337171
 1.026049589798734
 0.7479476630605243
 0.7775370375115362
 0.8044743871007827
 0.8086077382562937
 0.9218472596611856
 0.9301138654526265
 0.9097389384753956
 0.8453744894115318
 0.8413889388123554
 0.9963426689138924
 1.001162658731493
 1.002183491093666
 0.9272446132855771
 0.8480694574768404
 0.9020663355886712
 0.8910944778668906
 0.9845629231572532
 0
 0
 0
 0
 0
 0
 0
 0
 0
 0
 0
 0
 0
 0
 0
 0
 0
 0
 0
 0
 0
 0
 0
 0
 0
 0
 0
 0
 0
 0
 0
 0
 0
 0
 0
 0
 0
 0
 0
 0
 0
 0
 0
 0
 0
 0
 0
 0
 0
 0
 0
 0
 0
 0
 0
 0
 0
 0
 0
 0
 0
 0
 0
 0
 0
 0
 0
 0
 0
 0
 0
 0
 0
 0
 0
 0
 0
 0
 0
 0
 0
 0
 0
 0
 0
 0
 0
 0
 0
 0
 0
 0
 0
 0
 0
 0
 0
 0
 0
 0
 0
 0
 0
 0
 0
 0
 0
 0
 0
 0
 0
 0
 0
 0
 0
 0
 0
 0
 0
 0
 0
 0
 0
 0
 0
 0
 0
 0
 0
 0
 0
 0
 0
 0
 0
 0
 0
 0
 0
 0
 0
 0
 0
 0
 0
 0
 0
 0
 0
 0
 0
 0
 1
 1
 1
 1
 1
 1
 1
 1
 1
 1
 1
 1
 1
 1
 1
 1
 1
 1
 1
 1
 1
 1
 1
 1
 1
 1
 1
 1
 0
 0
 0
 0
 0
 0
 0
 0
 0
 0
 0
 0
 0
 0
 0
 0
 0
 0
 0
 0
 0
 0
 0
 0
 0
 0
 0
 0
 0
 0
 0
 0
 0
 0
 0
 0
 0
 0
 0
 0
 0
 0
 0
 0
 0
 0
 0
 0
 0
 0
 0
 0
 0
 0
 0
 0
 0
 0
 0
 0


