# Created by Octave 3.8.2, Sat Nov 21 00:45:26 2015 CET <dkottke@snake7>
# name: mus
# type: matrix
# ndims: 3
 1 30 19
 0
 0
 0.4937343358395989
 0.494949494949495
 0.5367088607594938
 0.5378787878787881
 0.6240601503759398
 0.6683673469387755
 0.6988636363636368
 0.6564102564102564
 0.6426767676767677
 0.6666666666666666
 0.7035897435897439
 0.763392857142857
 0.8102564102564105
 0.7916666666666666
 0.7377095765842571
 0.851010101010101
 0.8095238095238092
 0.7657894736842105
 0.7593984962406016
 0.7727272727272727
 0.8130150610969027
 0.8307291666666667
 0.8400000000000001
 0.8528205128205129
 0.897065897065897
 0.9323979591836735
 0.9349555991235151
 0.9256410256410258
 0
 0
 1
 1
 0.6
 0.7
 0.7
 0.3
 0.2
 0.6
 0.5666666666666667
 0.7
 0.7666666666666666
 0.5
 0.4666666666666666
 0.5833333333333333
 0.65
 0.6666666666666666
 0.8
 0.85
 0.85
 0.8
 0.76
 0.71
 0.7600000000000001
 0.8066666666666666
 0.8133333333333332
 0.7133333333333334
 0.7666666666666666
 0.7999999999999999
 0
 0
 1
 1
 0.5802628533595966
 0.6849785083021414
 0.6029400895568015
 0.5616789096739783
 0.625575558327971
 0.6840254757335762
 0.7347788762018219
 0.7429539169047806
 0.7195456804337398
 0.7105951892020477
 0.6714899811204474
 0.6900142468315988
 0.7654364073906134
 0.7314403554267357
 0.7041455337556446
 0.6636176691454138
 0.7579971030356115
 0.7487338916043513
 0.7254550004974055
 0.8469719535403724
 0.7983311735841812
 0.822224656402786
 0.8325699706236683
 0.8549751467758725
 0.8564111274561208
 0.8389970875810074
 0
 0
 1
 1
 0.585847906441374
 0.8026724595848465
 0.6854592971678247
 0.5322918859759879
 0.5633736676650408
 0.6733956052587832
 0.7369243558280317
 0.7223534965632997
 0.7567269769332359
 0.5959749759891618
 0.6560983211942913
 0.7578332777513154
 0.8219760300197817
 0.7776596363036401
 0.8388669411115774
 0.876135368033662
 0.8733858156365308
 0.9008261876782866
 0.821103496451107
 0.8477124073843565
 0.8565640817291509
 0.883163395520944
 0.8624052011880131
 0.8768156791770618
 0.8917592187420879
 0.921672530767317
 0
 0
 1
 1
 0.8
 0.6666666666666666
 0.7142857142857143
 0.375
 0.5555555555555556
 0.5
 0.8181818181818182
 0.75
 0.8461538461538461
 0.3333333333333333
 0.6
 0.3333333333333333
 1
 0
 1
 1
 1
 0
 1
 1
 1
 1
 1
 1
 1
 0
 0
 0
 1.000000000039585
 1.000000000003961
 0.6750001910413119
 0.6666666668093933
 0.7726190501706398
 0.4107142875450896
 0.5406746053541683
 0.5714285854936451
 0.8465909163634961
 0.7598485084488389
 0.8556983513907634
 0.4989299133651319
 0.6026705908275247
 0.5820300205920484
 0.9073921451712756
 0.529059980913862
 0.9605784385233784
 0.7154265939802669
 1.068637878155697
 0.6319647268560864
 0.8743869812273141
 0.948776138078085
 0.8279533304658301
 0.9708504760377461
 0.9455456212418762
 1.000000912924907
 1.000000005084462
 0.6875030928262763
 0
 0
 1
 1.000000001379536
 0.8809720478363402
 0.738285988194443
 0.6178295325151968
 0.5957398421734104
 0.606049201671361
 0.638264487572815
 0.6677806787189802
 0.6817006683345822
 0.7534471178736072
 0.7462010430745708
 0.6938488821179224
 0.741496273874917
 0.7951661655426259
 0.7381511546589332
 0.7412528822259661
 0.7843971078091772
 0.8421879535927826
 0.8396490586711529
 0.8309230777790131
 0.8410473142132688
 0.832532745953004
 0.8370227125016709
 0.8775002282287636
 0.8387397892092172
 0.8428593168728905
 0.8513737547458954
 0
 0
 1
 1
 0.5098921362751405
 0.7114792254390515
 0.5599037404125387
 0.5266754579665596
 0.5458249548453828
 0.6604982443046135
 0.7288606027590281
 0.7346699856305753
 0.6856809055913241
 0.6322427796649406
 0.6565173963508493
 0.7166615989817321
 0.7682205640470468
 0.7180564619884984
 0.7844681568190848
 0.8409710570567595
 0.8364755213677104
 0.8423833400302259
 0.7838455344126625
 0.8478069289927662
 0.8410610622526594
 0.8718498005492095
 0.8559840687929208
 0.8536064379699372
 0.8531578252905838
 0.880031526147658
 0
 0
 1
 1
 1
 1
 1
 1
 1
 1
 1
 1
 1
 1
 1
 1
 1
 1
 1
 1
 1
 1
 1
 1
 1
 1
 1
 1
 1
 1
 0
 0
 1.000000000023952
 1.000000000017397
 0.520003846055586
 0.6533693578574471
 0.6438739632898864
 0.4088672235816134
 0.434263623239168
 0.7495497138893141
 0.7756737190780276
 0.6921446238690496
 0.683069740579232
 0.5591633677114455
 0.600151381212214
 0.7300924273407429
 0.6713010934259682
 0.6489582556477826
 0.844863024163833
 0.8166901936824416
 1.006942896160574
 0.7768054303443861
 0.8860918927560761
 0.7128101521208627
 0.8076810338845284
 0.8285350678224191
 0.7478540560480552
 0.9916862015329674
 1.000000000007644
 0.8711504847050826
 0
 0
 1
 1.000000001708568
 0.913305218091937
 0.7872737914555419
 0.6371108199236191
 0.6273625380655465
 0.7568716367017991
 0.6876083765225254
 0.70928654518269
 0.6936597051221273
 0.7368113533352887
 0.691610138816687
 0.709300952469469
 0.8295006167695502
 0.787777205182759
 0.8607318332875449
 0.8124460888166803
 0.8773435281421491
 0.8411967222647263
 0.7547347724846766
 0.8071569055250662
 0.9046245563359605
 0.8583017524222138
 0.9511000899726374
 0.8047090962110334
 0.9183523502093432
 0.8387644012510703
 0.9463915135072513
 0
 0
 0
 0
 0
 0
 0
 0
 0
 0
 0
 0
 0
 0
 0
 0
 0
 0
 0
 0
 0
 0
 0
 0
 0
 0
 0
 0
 0
 0
 0
 0
 0
 0
 0
 0
 0
 0
 0
 0
 0
 0
 0
 0
 0
 0
 0
 0
 0
 0
 0
 0
 0
 0
 0
 0
 0
 0
 0
 0
 0
 0
 0
 0
 0
 0
 0
 0
 0
 0
 0
 0
 0
 0
 0
 0
 0
 0
 0
 0
 0
 0
 0
 0
 0
 0
 0
 0
 0
 0
 0
 0
 0
 0
 0
 0
 0
 0
 0
 0
 0
 0
 0
 0
 0
 0
 0
 0
 0
 0
 0
 0
 0
 0
 0
 0
 0
 0
 0
 0
 0
 0
 0
 0
 0
 0
 0
 0
 0
 0
 0
 0
 0
 0
 0
 0
 0
 0
 0
 0
 0
 0
 0
 0
 0
 0
 0
 0
 0
 0
 0
 0
 1
 1
 1
 1
 1
 1
 1
 1
 1
 1
 1
 1
 1
 1
 1
 1
 1
 1
 1
 1
 1
 1
 1
 1
 1
 1
 1
 1
 0
 0
 0
 0
 0
 0
 0
 0
 0
 0
 0
 0
 0
 0
 0
 0
 0
 0
 0
 0
 0
 0
 0
 0
 0
 0
 0
 0
 0
 0
 0
 0
 0
 0
 0
 0
 0
 0
 0
 0
 0
 0
 0
 0
 0
 0
 0
 0
 0
 0
 0
 0
 0
 0
 0
 0
 0
 0
 0
 0


