# Created by Octave 3.8.2, Fri Nov 20 23:35:22 2015 CET <dkottke@snake10>
# name: mus
# type: matrix
# ndims: 3
 1 30 19
 0
 0
 0.7922705314009661
 0.875
 0.9219512195121953
 0.9656862745098038
 0.975369458128079
 0.9759615384615384
 0.9806763285024155
 0.9650000000000001
 0.9665071770334928
 0.9558823529411763
 0.9519230769230771
 0.9489795918367347
 0.9846153846153847
 0.9807692307692307
 0.9803921568627452
 0.9621212121212122
 0.9808612440191389
 0.9800000000000001
 0.9894179894179894
 0.9856902356902357
 0.9903381642512077
 0.9895833333333334
 0.995
 0.9951923076923077
 0.9947089947089947
 0.9948979591836735
 0.9950738916256158
 0.9944444444444445
 0
 0
 0.6666666666666666
 1
 0.6
 0.9
 0.6
 0.7
 0.8
 0.8
 0.8
 0.9
 0.8
 0.8666666666666666
 0.7333333333333332
 0.6666666666666666
 0.7666666666666666
 0.8
 0.7833333333333333
 0.8
 0.77
 0.77
 0.78
 0.78
 0.8400000000000001
 0.8533333333333333
 0.8600000000000001
 0.8866666666666667
 0.82
 0.8666666666666668
 0
 0
 0.7172092236819611
 0.8408490791601859
 0.7097405597215807
 0.7452167135333875
 0.7753864947629192
 0.8012630849525734
 0.8340479926820425
 0.7740832747920073
 0.7693854737155308
 0.8205170958216214
 0.8086950703550405
 0.8184857077085829
 0.8239497981794124
 0.8109750642488975
 0.8133308095297378
 0.8038427715735781
 0.7913542947842063
 0.7829588795934006
 0.8034260996154012
 0.8149548987137623
 0.8288521719731498
 0.8377368121217266
 0.8669067744956883
 0.8830907223260838
 0.8557347018476185
 0.8725306929317868
 0.8966529853305982
 0.9107676888811158
 0
 0
 0.6085265221345196
 0.9150025821294604
 0.5582364312988265
 0.7062839317621854
 0.6600335756846751
 0.7057256650298993
 0.7684377742955965
 0.7695778108449635
 0.695984001201797
 0.7377511841530365
 0.7304658487140255
 0.7663179179358957
 0.6998052439674768
 0.7226489494190715
 0.7540499089839604
 0.710875516335618
 0.7256146014572981
 0.7386606589053912
 0.7315439683723391
 0.7423193447448481
 0.7513520194701571
 0.7600573554005845
 0.7723100815762308
 0.7816729691264143
 0.7898860637972258
 0.8023195961341058
 0.8089489710555456
 0.8180115376407664
 0
 0
 0.6666666666666666
 1
 0.4
 0.6666666666666666
 0.5714285714285714
 0.625
 0.6666666666666666
 0.8
 0.8181818181818182
 0.9166666666666666
 1
 1
 0.8
 1
 0
 1
 1
 1
 1
 1
 1
 1
 1
 1
 1
 1
 1
 1
 0
 0
 0.6695096794398894
 0.5029062785718448
 0.7116635803547904
 0.7353174549914745
 0.7098969371966908
 0.7181731916805277
 0.7062120680818166
 0.7817984078621791
 0.7328178042543313
 0.7738244272700319
 0.7507500466108102
 0.8265445741540425
 0.6956574684133912
 0.8206978893622692
 0.6806094738248381
 0.6898752480966379
 0.7367612384685298
 0.7995342359764375
 0.7620527576622171
 0.7023476833387375
 0.7039031767901822
 0.7426625294845983
 0.7257327027956026
 0.7796582543519794
 0.778811909270436
 0.7758112697844501
 0.9063264604432246
 0.7883482755712609
 0
 0
 0.3678794411714423
 0.7576031452652278
 0.7508243896964942
 0.7357189750883414
 0.7812647097102445
 0.7748606728784037
 0.8013224241619555
 0.8203005462236278
 0.7688369403726707
 0.8159940246341718
 0.7948818642446323
 0.7951474674364684
 0.7695120839748036
 0.8008436165515196
 0.8150546713556145
 0.7949791723377209
 0.8025751809316983
 0.8052927700472061
 0.8124363926991041
 0.8480171895411168
 0.794823902447479
 0.8371841219539292
 0.7952716557211181
 0.8456042267218939
 0.8343485253029437
 0.8297682777426489
 0.8711181651477877
 0.849565287677235
 0
 0
 0.6099657594026012
 0.8900714928571566
 0.5734818717625032
 0.7185007715952579
 0.7133352584333853
 0.7477085545603972
 0.7847519420079438
 0.7635021546145405
 0.6729423366278661
 0.7232447089554506
 0.7032672839768556
 0.7568147720680907
 0.7043641641439202
 0.7261062871049689
 0.7647684136886737
 0.7188454704483448
 0.7426377938092459
 0.7600247965810344
 0.761678211164195
 0.7729160654785197
 0.7815327660419416
 0.7970358382169305
 0.8019124335208044
 0.8050070342822424
 0.8121837063413117
 0.830712127051649
 0.8431157622113169
 0.8452925324219328
 0
 0
 0.9994440989312108
 0.9999999999999992
 0.9999999999966316
 0.9999999897505002
 0.9999999999950419
 0.9999999999999993
 0.9999999814659686
 1
 0.9999999999999991
 0.9994205374908446
 0.9952150083594657
 0.9894853083082451
 0.9761383925012276
 0.9730836627438662
 0.9737018125587038
 0.9679399302950419
 0.9762105859013231
 0.9690510300562524
 0.962932677272906
 0.9617487575453613
 0.9533006202624065
 0.95169285263477
 0.9549529739950146
 0.9538253619786736
 0.9508690787984339
 0.9363621051366822
 0.9539433846191973
 0.9445878122732295
 0
 0
 0.7076511382616512
 0.4794760059345564
 0.7511958996597127
 0.7659023947064905
 0.728032236420857
 0.7336938732671403
 0.8175089520168715
 0.7831531780526894
 0.6690721877988088
 0.7149810471209982
 0.7753012792838563
 0.743521045144797
 0.6843381141663294
 0.7137524133981146
 0.7394552324919033
 0.7180951676397266
 0.7134417524543751
 0.8704122892721864
 0.7396167315349749
 0.746959174903447
 0.7923592002039533
 0.7706011730582252
 0.8367133060665588
 0.7995213665475922
 0.7977389509764443
 0.8189703351285155
 0.8325347206571904
 0.8313333066918775
 0
 0
 0.3678794411714423
 0.7697876397288
 0.7911678893000978
 0.7505389312162495
 0.7513083917709829
 0.7678968408797564
 0.7788436614815941
 0.7947098140887296
 0.746118183142874
 0.7800912726243271
 0.7731570243971168
 0.77320097613001
 0.7730945338160383
 0.7927011953057436
 0.8052563707827626
 0.7675152026030863
 0.7698211517009512
 0.7939076896435799
 0.778841194132161
 0.7790568163473968
 0.78241490996971
 0.7990008149308272
 0.8130948952119044
 0.8132787896744333
 0.8092471635610097
 0.82905987762224
 0.8365946895042582
 0.8291217519020493
 0
 0
 0
 0
 0
 0
 0
 0
 0
 0
 0
 0
 0
 0
 0
 0
 0
 0
 0
 0
 0
 0
 0
 0
 0
 0
 0
 0
 0
 0
 0
 0
 0
 0
 0
 0
 0
 0
 0
 0
 0
 0
 0
 0
 0
 0
 0
 0
 0
 0
 0
 0
 0
 0
 0
 0
 0
 0
 0
 0
 0
 0
 0
 0
 0
 0
 0
 0
 0
 0
 0
 0
 0
 0
 0
 0
 0
 0
 0
 0
 0
 0
 0
 0
 0
 0
 0
 0
 0
 0
 0
 0
 0
 0
 0
 0
 0
 0
 0
 0
 0
 0
 0
 0
 0
 0
 0
 0
 0
 0
 0
 0
 0
 0
 0
 0
 0
 0
 0
 0
 0
 0
 0
 0
 0
 0
 0
 0
 0
 0
 0
 0
 0
 0
 0
 0
 0
 0
 0
 0
 0
 0
 0
 0
 0
 0
 0
 0
 0
 0
 0
 0
 0.9999902991929689
 0.9999999836514434
 0.9999999999951088
 0.9999999999999587
 0.9999999803258278
 0.9999998519362989
 0.9999991649542487
 0.9999999274095102
 0.9999999931747106
 0.99840540842514
 0.997442781040385
 0.981034740755335
 0.9812942610731528
 0.9687776116921092
 0.9713117175946031
 0.9718773088093674
 0.9723993783799315
 0.9642633294460526
 0.964064655156108
 0.9626680791996359
 0.9632905094345195
 0.9544472249302318
 0.9572751839048753
 0.9580393624914171
 0.9558029492916122
 0.9515831738263132
 0.9564688102436193
 0.9525791907645514
 0
 0
 0
 0
 0
 0
 0
 0
 0
 0
 0
 0
 0
 0
 0
 0
 0
 0
 0
 0
 0
 0
 0
 0
 0
 0
 0
 0
 0
 0
 0
 0
 0
 0
 0
 0
 0
 0
 0
 0
 0
 0
 0
 0
 0
 0
 0
 0
 0
 0
 0
 0
 0
 0
 0
 0
 0
 0
 0
 0


