# Created by Octave 3.8.2, Fri Nov 20 20:49:10 2015 CET <dkottke@snake10>
# name: mus
# type: matrix
# ndims: 3
 1 30 19
 0
 0
 0.7056204785754056
 0.7065701559020044
 0.7225626740947088
 0.7263099219620964
 0.7304057809894398
 0.7237723214285714
 0.7040759352317132
 0.7055865921787714
 0.7154808381802248
 0.6884787472035794
 0.6886845039018947
 0.6798270089285705
 0.6823529411764702
 0.6763392857142857
 0.6585247432306256
 0.6638608305274976
 0.6565749480083186
 0.6623595505617978
 0.6630812324929971
 0.6618032173587729
 0.672426607209216
 0.6661036036036034
 0.6681690140845071
 0.6707543664065405
 0.6672278338945002
 0.6847098214285714
 0.7010567296996664
 0.7039548022598873
 0
 0
 0.3333333333333333
 0.5
 0.6
 0.9
 0.9
 0.7
 0.7
 0.7
 0.8
 0.7666666666666666
 0.7
 0.7333333333333333
 0.6
 0.6166666666666666
 0.4166666666666667
 0.5833333333333333
 0.6333333333333333
 0.6
 0.58
 0.64
 0.5599999999999999
 0.6300000000000001
 0.6000000000000001
 0.5133333333333334
 0.5466666666666666
 0.6133333333333334
 0.72
 0.6666666666666666
 0
 0
 0.6515232816714361
 0.6679076774270258
 0.7300318446669702
 0.8946465735285738
 0.8356486547045749
 0.8527004790353347
 0.6582753031189164
 0.7801543962444825
 0.7569778421761707
 0.681313251663618
 0.5849532205336104
 0.6564099106811685
 0.5067598944729585
 0.5383741846489909
 0.5924256042632383
 0.4161835172955706
 0.4337794670611304
 0.5105979759920406
 0.5734538390964083
 0.6281988498541264
 0.5676483835850807
 0.6247608030894797
 0.6135311124122977
 0.6029582445044002
 0.6229441313188895
 0.6311622205136577
 0.6425519366673264
 0.6982599142128985
 0
 0
 0.3871682355911417
 0.5448088054941598
 0.6142103696041308
 0.7854869141626803
 0.792002029905029
 0.8228559064270486
 0.6907881727282721
 0.706810012980493
 0.7171337039654907
 0.6643069407792351
 0.5688495670450151
 0.6220730311658844
 0.5303422351066365
 0.5699735196084076
 0.4993408294485043
 0.4785251645780858
 0.5108011528450227
 0.5385745649970367
 0.5622438850490762
 0.5893889344585522
 0.568758582684381
 0.5892496638903997
 0.554948058910621
 0.5731274857878625
 0.5966401659669517
 0.6093290181454014
 0.6081397459783249
 0.621079038335809
 0
 0
 0
 0.75
 0.6
 1
 0.4285714285714285
 0.75
 0.8888888888888888
 0.6
 0.8181818181818182
 0.6666666666666666
 0.6153846153846154
 0.7777777777777778
 0.6
 0.6666666666666666
 0.5
 1
 0
 0
 1
 0
 1
 0
 1
 0
 0
 0
 1
 1
 0
 0
 0.08333372111824155
 0.5704120062795605
 0.6903070899520982
 0.7360258043276958
 0.710789041178691
 0.8059349021467416
 0.7205588552068871
 0.7165966378931804
 0.7862716742258874
 0.6568692723891115
 0.5966981484535689
 0.6484107516993003
 0.5391307565446203
 0.559447427878323
 0.4824912251870583
 0.4987897975915199
 0.476583415337395
 0.5197203724280587
 0.5829674772731588
 0.5451811040569252
 0.588345223192554
 0.557758268469282
 0.5878975633912078
 0.5356301980269951
 0.5306511053519039
 0.6029023081921773
 0.6268594308760742
 0.5976954045175155
 0
 0
 0.7892931470571475
 0.6628688821803865
 0.7214062707351798
 0.8235667638174654
 0.8560214734620611
 0.9357539456503824
 0.7298822443603575
 0.7917636080351284
 0.7792057983897988
 0.7258967298297304
 0.6885635949661658
 0.7054758121272402
 0.6346914337204456
 0.6756401058919063
 0.6385924628236709
 0.6035374977786553
 0.6259791203960132
 0.7136849879876971
 0.6865143320035391
 0.7106857253896588
 0.684562348696874
 0.6917137327378646
 0.6239459306084439
 0.6782370749414539
 0.7061250106025622
 0.7213837763104251
 0.7387895469897697
 0.71012591747988
 0
 0
 0.3869542331010248
 0.5485548244618267
 0.577124501793598
 0.8519507913086307
 0.7767787944343615
 0.8753694838987366
 0.7044114034525882
 0.7351274764137489
 0.7290662358272613
 0.6715672430150753
 0.570104462402335
 0.6259826413932352
 0.5412976565913881
 0.5512080057026397
 0.4953530988296502
 0.4759769921965377
 0.505705953091901
 0.5375978503824839
 0.5603097732376725
 0.5964281869283643
 0.5681650980294005
 0.5979624015361364
 0.5512344915386378
 0.5715463834318321
 0.599721946595982
 0.605367518379627
 0.6005260420165804
 0.6247138326796949
 0
 0
 0.9996979447660301
 0.9999996773280815
 0.9999999933854942
 0.999999993615045
 1
 0.9999999962251233
 1
 0.9999999999999999
 0.9979061268890927
 0.9976529325676226
 0.9903002382862791
 0.9889044382505991
 0.9750374123912905
 0.9759784157830894
 0.9675132259937081
 0.977334421916327
 0.9721886115238983
 0.9703589512699367
 0.9603616394053718
 0.9653445023990046
 0.9629838307162895
 0.9651472837987188
 0.9525199019202177
 0.9632231603340636
 0.9548296737688242
 0.9548699415683162
 0.9380254027370767
 0.9505272091515157
 0
 0
 0.08332541256847426
 0.4800979349064006
 0.5794455814179298
 0.9154539822743191
 0.7056596953615826
 0.8510839011422519
 0.6916437429726812
 0.7113409764371266
 0.7391160232572431
 0.6549669120480814
 0.548145542140981
 0.6379958054842712
 0.5157595627250967
 0.5683651799865423
 0.4784955965292593
 0.4546340743736922
 0.4908733259664875
 0.521428273647931
 0.5493659343767234
 0.5828621889387073
 0.5635675919970031
 0.5767384327803153
 0.5501046766483545
 0.5698409220849248
 0.587108739612091
 0.5939907109313192
 0.595121493745324
 0.300350388964047
 0
 0
 0.7892931470571475
 0.6709441100433542
 0.7212315800073557
 0.7958053750620563
 0.7934156287954274
 0.8999142415222107
 0.7313004976166233
 0.7817791813727218
 0.7682937801234182
 0.6711518732110754
 0.6802960658964573
 0.6730265757344017
 0.6687500353304636
 0.6361861725402796
 0.6270708741308275
 0.5978782163026782
 0.6281235956352573
 0.6730031714006627
 0.6614869220472117
 0.6572765149781263
 0.6869730005551007
 0.6779137437342496
 0.630137927653322
 0.6865113189770543
 0.6705371804802104
 0.6672077068523794
 0.6850562340934564
 0.7098082791475142
 0
 0
 0
 0
 0
 0
 0
 0
 0
 0
 0
 0
 0
 0
 0
 0
 0
 0
 0
 0
 0
 0
 0
 0
 0
 0
 0
 0
 0
 0
 0
 0
 0
 0
 0
 0
 0
 0
 0
 0
 0
 0
 0
 0
 0
 0
 0
 0
 0
 0
 0
 0
 0
 0
 0
 0
 0
 0
 0
 0
 0
 0
 0
 0
 0
 0
 0
 0
 0
 0
 0
 0
 0
 0
 0
 0
 0
 0
 0
 0
 0
 0
 0
 0
 0
 0
 0
 0
 0
 0
 0
 0
 0
 0
 0
 0
 0
 0
 0
 0
 0
 0
 0
 0
 0
 0
 0
 0
 0
 0
 0
 0
 0
 0
 0
 0
 0
 0
 0
 0
 0
 0
 0
 0
 0
 0
 0
 0
 0
 0
 0
 0
 0
 0
 0
 0
 0
 0
 0
 0
 0
 0
 0
 0
 0
 0
 0
 0
 0
 0
 0
 0
 0.9999815362015023
 0.9999999403636485
 0.9999999999916404
 0.9999999970157525
 0.9999999951262305
 1
 0.9990105600520901
 0.994565987667185
 0.9999999966349743
 0.9999091526522788
 0.989023863024483
 0.9888965333981413
 0.9752398075415557
 0.9793258588192459
 0.9778716716723613
 0.9696670545679592
 0.9665040548913971
 0.9690974874529222
 0.9573993894633366
 0.9662591878860669
 0.9623320057538464
 0.9535013834103339
 0.9429775394590189
 0.9585075960268888
 0.9517524227335448
 0.9617034677741759
 0.9528897537584049
 0.9457387626158106
 0
 0
 0
 0
 0
 0
 0
 0
 0
 0
 0
 0
 0
 0
 0
 0
 0
 0
 0
 0
 0
 0
 0
 0
 0
 0
 0
 0
 0
 0
 0
 0
 0
 0
 0
 0
 0
 0
 0
 0
 0
 0
 0
 0
 0
 0
 0
 0
 0
 0
 0
 0
 0
 0
 0
 0
 0
 0
 0
 0


