# Created by Octave 3.8.2, Fri Nov 20 21:55:58 2015 CET <dkottke@snake3>
# name: mus
# type: matrix
# ndims: 3
 1 30 19
 0
 0
 0.723475355054302
 0.560200668896321
 0.7238493723849374
 0.672529313232831
 0.6460595934280139
 0.6283557046979866
 0.6290726817042608
 0.6302521008403364
 0.6622185154295244
 0.6607744107744108
 0.8411371237458185
 0.8610084033613449
 0.688607594936709
 0.8716216216216216
 0.6525210084033615
 0.6645622895622896
 0.8156502367028682
 0.8118644067796605
 0.7986633249791145
 0.7647306397306394
 0.7650501672240804
 0.822278911564626
 0.8068085106382981
 0.8244147157190637
 0.8169191919191919
 0.8489229024943311
 0.8421897698600811
 0.8623931623931622
 0
 0
 0.6666666666666666
 1
 0.6
 0.7
 0.6
 0.6
 0.7
 0.8
 0.7666666666666667
 0.7333333333333333
 0.7
 0.5666666666666667
 0.6666666666666666
 0.6166666666666666
 0.5333333333333333
 0.45
 0.6166666666666666
 0.7
 0.62
 0.5900000000000001
 0.5700000000000001
 0.6599999999999999
 0.72
 0.7733333333333332
 0.74
 0.72
 0.68
 0.7333333333333334
 0
 0
 0.5846064899126622
 0.9191473703823938
 0.634014601559304
 0.6540083521053737
 0.5625267744905456
 0.7728071763227164
 0.733669809895074
 0.8375744607374507
 0.6320968177142624
 0.7472435775894
 0.6781463942894969
 0.6678942026060372
 0.7040911746528273
 0.7368468740404207
 0.6587025233475399
 0.7147303759815571
 0.68918139011253
 0.7257777195387141
 0.7308248949861766
 0.7260894975244929
 0.7706543667724202
 0.7547914321818381
 0.7113506629742298
 0.7289882912571986
 0.6667364180444633
 0.7389409939810471
 0.7168269093424904
 0.7397409442605278
 0
 0
 0.8055597218130066
 0.9732250006208162
 0.782229525959948
 0.8107682230615958
 0.5701081988002122
 0.7609425998290877
 0.8328621499909765
 0.8319723349262145
 0.808140214380316
 0.8189115572555274
 0.7380535477410088
 0.6989111654279972
 0.652424493300339
 0.6687515294603934
 0.7136872584811509
 0.7305950654172793
 0.7281085423449752
 0.7787630225359227
 0.7204847406359527
 0.7500298396091246
 0.8303349251365559
 0.7418926789205783
 0.7542057571026697
 0.7707968885815776
 0.753852750541218
 0.7752408287845628
 0.7969798207868697
 0.8048955632533685
 0
 0
 1
 1
 0.6
 0.6666666666666666
 0.4285714285714285
 0.875
 0.7777777777777778
 0.8
 0.5454545454545454
 0.5833333333333334
 0.7692307692307693
 0.5555555555555556
 0.2
 1
 1
 1
 0
 1
 0
 1
 0
 1
 1
 1
 1
 1
 1
 1
 0
 0
 1.400029996357615
 1.388888925133307
 0.6000000338356344
 0.6750000003093766
 0.4994062457661983
 0.8107142885106526
 0.8035714293475374
 0.8593254090475979
 0.6351015809169468
 0.6390159357302994
 0.760955747070388
 0.5932632094741036
 0.5135047190098604
 0.8352416788045292
 0.9037771911655195
 0.9163388266573975
 0.5464230331515049
 0.8913900499584975
 0.4847288379989713
 0.9575980111318431
 0.6767916575972118
 0.912723897501443
 0.9373532820672846
 0.808375538098382
 0.7085760766870449
 0.9420308988159866
 0.875001714210272
 1.000000007166434
 0
 0
 0.3678794411714423
 0.7504699067870881
 0.7625047294836198
 0.7975181071586596
 0.6687837176611974
 0.7379240601840286
 0.7175193640520762
 0.7169628325789407
 0.7578839655662104
 0.7018227700747416
 0.8197067240879209
 0.7812133562242416
 0.7104330548561633
 0.7179116083330296
 0.7937303003494784
 0.7650814840833283
 0.7699834184888186
 0.7765062490988144
 0.7569556000300147
 0.7458109704570516
 0.7480648994535745
 0.7411291117805985
 0.7147698505087372
 0.7769852158287823
 0.7447010060649812
 0.8000499853431322
 0.7899737676603416
 0.7783983128185916
 0
 0
 0.8055597218094149
 0.8323436056918476
 0.7427613950980397
 0.8186914419544455
 0.6358887371169023
 0.7680446277335177
 0.7714431016514913
 0.8052152683454423
 0.7507232211977678
 0.7461099584233424
 0.7149150382701291
 0.727664793327818
 0.6919445621521175
 0.7011009298057426
 0.7474730950626106
 0.7427134966720117
 0.7277801179582579
 0.7591709403925084
 0.7065475472707499
 0.7618013991365339
 0.8017498255787059
 0.7344338231461386
 0.7462544824285211
 0.7627056029946527
 0.7414920387784416
 0.7623241595199857
 0.7711502365164137
 0.7862052552092116
 0
 0
 1
 1
 1
 1
 1
 1
 1
 1
 1
 1
 1
 1
 1
 1
 1
 1
 1
 1
 1
 1
 1
 1
 1
 1
 1
 1
 1
 1
 0
 0
 1.4000299973487
 1.421569364553413
 0.5516706400657247
 0.6402420155729031
 0.5529775891686914
 0.6469011284217091
 0.6992921793975884
 0.9134977874499661
 0.8435315456339949
 0.737536789934361
 0.6390453266366313
 0.6440346626559944
 0.6862078293162108
 0.6220915627573951
 0.6773558277099403
 0.8589915089480974
 0.6766118563944691
 0.8179790190725102
 0.7858069528095003
 0.7068496934768168
 0.9918731404139605
 0.7414381298015489
 0.6870050152157562
 0.7474332393211554
 0.4493877973012164
 0.7480120293737185
 0.8760388658251461
 0.9928470168981371
 0
 0
 0.3678794411714423
 0.7504699090515414
 0.7865032291041585
 0.7950397885436329
 0.6788814574259234
 0.7485226955301025
 0.7797510361412985
 0.7778204663948693
 0.8371360901508826
 0.7059334298769966
 0.8502912543528263
 0.745554226218244
 0.6846474714625259
 0.7701924575063013
 0.6910361307083975
 0.8080059556655882
 0.8967819264531931
 0.8292921205062656
 0.7107727266538463
 0.8985801702089664
 0.7752007593914217
 0.7587193458179965
 0.7948742825162642
 0.7899942380589351
 0.8640843306770181
 0.8298512816278508
 0.8026015211750087
 0.8977860701099701
 0
 0
 0
 0
 0
 0
 0
 0
 0
 0
 0
 0
 0
 0
 0
 0
 0
 0
 0
 0
 0
 0
 0
 0
 0
 0
 0
 0
 0
 0
 0
 0
 0
 0
 0
 0
 0
 0
 0
 0
 0
 0
 0
 0
 0
 0
 0
 0
 0
 0
 0
 0
 0
 0
 0
 0
 0
 0
 0
 0
 0
 0
 0
 0
 0
 0
 0
 0
 0
 0
 0
 0
 0
 0
 0
 0
 0
 0
 0
 0
 0
 0
 0
 0
 0
 0
 0
 0
 0
 0
 0
 0
 0
 0
 0
 0
 0
 0
 0
 0
 0
 0
 0
 0
 0
 0
 0
 0
 0
 0
 0
 0
 0
 0
 0
 0
 0
 0
 0
 0
 0
 0
 0
 0
 0
 0
 0
 0
 0
 0
 0
 0
 0
 0
 0
 0
 0
 0
 0
 0
 0
 0
 0
 0
 0
 0
 0
 0
 0
 0
 0
 0
 1
 1
 1
 1
 1
 1
 1
 1
 1
 1
 1
 1
 1
 1
 1
 1
 1
 1
 1
 1
 1
 1
 1
 1
 1
 1
 1
 1
 0
 0
 0
 0
 0
 0
 0
 0
 0
 0
 0
 0
 0
 0
 0
 0
 0
 0
 0
 0
 0
 0
 0
 0
 0
 0
 0
 0
 0
 0
 0
 0
 0
 0
 0
 0
 0
 0
 0
 0
 0
 0
 0
 0
 0
 0
 0
 0
 0
 0
 0
 0
 0
 0
 0
 0
 0
 0
 0
 0


