# Created by Octave 3.8.2, Fri Nov 20 20:58:50 2015 CET <dkottke@snake3>
# name: mus
# type: matrix
# ndims: 3
 1 30 19
 0
 0
 0.7301057317751825
 0.7310690423162584
 0.7142061281337061
 0.7101449275362322
 0.7020566981656488
 0.7020089285714286
 0.716359575656057
 0.7145251396648045
 0.7224125567683849
 0.7225950782997762
 0.7168338907469335
 0.7190290178571425
 0.7187675070028007
 0.7170758928571429
 0.7306442577030808
 0.7312008978675645
 0.7270436730123181
 0.7286516853932583
 0.7208963585434174
 0.7214739992517768
 0.7198996655518397
 0.721283783783784
 0.7239436619718307
 0.7054998141954663
 0.7042648709315376
 0.7059151785714285
 0.7141268075639601
 0.7101694915254239
 0
 0
 0.6666666666666666
 0.75
 0.8
 0.9
 0.7
 0.7
 1
 0.9
 0.9333333333333332
 0.9
 0.9333333333333332
 0.9
 0.9333333333333332
 0.95
 0.8833333333333334
 0.8833333333333332
 0.85
 0.85
 0.85
 0.86
 0.8699999999999999
 0.8799999999999999
 0.8400000000000001
 0.6866666666666668
 0.68
 0.7333333333333334
 0.8
 0.7333333333333333
 0
 0
 0.6764144758377622
 0.8244109558809563
 0.7892931470571475
 0.9034260257345259
 0.7736041683349928
 0.8328586294114295
 0.8557514713189719
 0.8604304180199556
 0.9067079915314994
 0.8966484447078051
 0.9083713476423486
 0.9117449813149923
 0.9410993859132271
 0.9441824173361876
 0.9034347608036835
 0.8815090230342246
 0.8349086892867722
 0.8224073301795403
 0.8219640388684397
 0.8430510447320452
 0.8171218058496973
 0.8331022819844981
 0.8303795857691174
 0.7009170252600434
 0.738678372704288
 0.7345811236692641
 0.7034314549695226
 0.6868553290278652
 0
 0
 0.8296345082928809
 0.7671073451278535
 0.7861668006077609
 0.7624716806760934
 0.7306908000078415
 0.768418655949468
 0.8294317345817898
 0.8534323647275508
 0.8487206665226177
 0.8713981054393715
 0.884231694439207
 0.8951809998019178
 0.9014957866853713
 0.9032699659308375
 0.8459592333350655
 0.8519300178548248
 0.8041356760990335
 0.8117456507212303
 0.7763894542761661
 0.7663734698953544
 0.7729753135609722
 0.7764747035697082
 0.7890061163688147
 0.6796657561857868
 0.6939271533079395
 0.6855270671304227
 0.6859921355835548
 0.6726106142393581
 0
 0
 0.3333333333333333
 0.75
 0.6
 1
 0.7142857142857143
 0.375
 1
 0.9
 1
 0.9166666666666666
 1
 1
 1
 1
 1
 1
 1
 1
 1
 1
 1
 1
 1
 1
 0
 0
 0
 1
 0
 0
 0.3333333333002197
 0.5839969539037942
 0.6837292768998897
 0.6823107811565545
 0.7415375351046635
 0.729729990528359
 0.8957637790957983
 0.9015279418450505
 0.8038991080463278
 0.9443890459604046
 0.9518575575944195
 0.949170552975658
 0.9831619402074382
 0.8628583832883583
 0.9294755242494357
 0.8393376259957324
 0.7974955826017901
 0.7533182476710836
 0.7105374510197668
 0.8668446190722809
 0.7401454428753802
 0.7656678385182148
 0.8166725761578363
 0.6793124663238113
 0.6546647532243012
 0.6750745634846561
 0.6686655580707891
 0.7803506324752522
 0
 0
 0.5785862941142949
 0.740848865968021
 0.7835785792890133
 0.7784346752264915
 0.7704026861203114
 0.8981722352342819
 0.8288912327247298
 0.8135497559251299
 0.834008088901565
 0.8818817389681026
 0.8711520010397866
 0.8683194090661379
 0.8594038722339002
 0.8832547842225676
 0.837386753823226
 0.8489754943453858
 0.8220727673667028
 0.8233396130528898
 0.7810375102433151
 0.7918563934463005
 0.8036623629769946
 0.8363853449035911
 0.7573676094021635
 0.7656645548408951
 0.7420530228214084
 0.725570858141604
 0.7380488239412992
 0.7608178272117511
 0
 0
 0.8303045566370082
 0.7581858228300439
 0.7594417553982993
 0.7877090233813537
 0.734321913379099
 0.7932115084456475
 0.8195377332029026
 0.8550801251927365
 0.8460747743283392
 0.8658843949778529
 0.8943344857909781
 0.8992282998593161
 0.9229327432528704
 0.9213326909973452
 0.8584882995657488
 0.8680248018863014
 0.8159062427731433
 0.8280636625346005
 0.7869412388412899
 0.7804198502025086
 0.7940310874987992
 0.7911169899163784
 0.8055780887514216
 0.6882968618826332
 0.7100099511424771
 0.6990830738458685
 0.6936334669360399
 0.6866712009394251
 0
 0
 0.9985112407025011
 0.9999987057519869
 0.9999999999994881
 1
 0.9999999999999991
 0.999999999996947
 1
 0.9999999999999997
 0.9999927492911206
 0.9992566889069872
 0.9927410141191141
 0.985746319223898
 0.9810410915035349
 0.97891827005066
 0.9785944320262638
 0.9717620697452891
 0.9671876640088507
 0.9670490484400459
 0.9693298157223676
 0.9645605724294453
 0.9616760065662243
 0.9568506634513134
 0.962582361331188
 0.9532458945877788
 0.9590122154481622
 0.9565579602407382
 0.9564548153865349
 0.9483937579071477
 0
 0
 0.333333332393579
 0.4302010391327289
 0.7749797899063611
 0.8630874841046748
 0.7643511435849059
 0.8088096809453674
 0.7734002899660911
 0.853810341028694
 0.9502547659394123
 0.8442096519242329
 0.8852474930770551
 0.9278300483272445
 0.9364154441504788
 0.9685210146662058
 0.9344592345848362
 0.8447674321129659
 0.7922574149904128
 0.905577633854181
 0.7690883191118075
 0.8201756438886871
 0.772242375876218
 0.7752708850975822
 0.8780370897647537
 0.6848896059923475
 0.7170026729651094
 0.6919621654628596
 0.6905597918439367
 0.6824971603594899
 0
 0
 0.5785862941142949
 0.7747331031329765
 0.7691627336041869
 0.7783914290955669
 0.7591130936080608
 0.8218071452343935
 0.7680339738790285
 0.8025462660188966
 0.8115611727837493
 0.8330792441534153
 0.8217767961702941
 0.846210713367388
 0.8515352720180425
 0.879824074059866
 0.8490202163696574
 0.8472560226328557
 0.8099463008865493
 0.8565357349941759
 0.7633949082999866
 0.7723825589497487
 0.7717481204870392
 0.7950257565941043
 0.7884778346364957
 0.7399035292576112
 0.7662232221972324
 0.7446294804508918
 0.7886551205357694
 0.7413919342045807
 0
 0
 0
 0
 0
 0
 0
 0
 0
 0
 0
 0
 0
 0
 0
 0
 0
 0
 0
 0
 0
 0
 0
 0
 0
 0
 0
 0
 0
 0
 0
 0
 0
 0
 0
 0
 0
 0
 0
 0
 0
 0
 0
 0
 0
 0
 0
 0
 0
 0
 0
 0
 0
 0
 0
 0
 0
 0
 0
 0
 0
 0
 0
 0
 0
 0
 0
 0
 0
 0
 0
 0
 0
 0
 0
 0
 0
 0
 0
 0
 0
 0
 0
 0
 0
 0
 0
 0
 0
 0
 0
 0
 0
 0
 0
 0
 0
 0
 0
 0
 0
 0
 0
 0
 0
 0
 0
 0
 0
 0
 0
 0
 0
 0
 0
 0
 0
 0
 0
 0
 0
 0
 0
 0
 0
 0
 0
 0
 0
 0
 0
 0
 0
 0
 0
 0
 0
 0
 0
 0
 0
 0
 0
 0
 0
 0
 0
 0
 0
 0
 0
 0
 0.9999846023755892
 0.9999999998425733
 0.9999999999996134
 0.9999999999915197
 0.9999999842871672
 0.9999975273081526
 0.9995407544062402
 0.9999999737221139
 0.99999927350486
 0.9999902709163904
 0.9925059511403449
 0.984212033444931
 0.9782456304316673
 0.9804399989017529
 0.9682716108145067
 0.9670560839343758
 0.9683541617088842
 0.9671067289558856
 0.9678187192662322
 0.9610788704931268
 0.9647832602794169
 0.9537268993424598
 0.9636921598030374
 0.9537038177497311
 0.9470114068799057
 0.9515092483059767
 0.9508750488242033
 0.950155576572547
 0
 0
 0
 0
 0
 0
 0
 0
 0
 0
 0
 0
 0
 0
 0
 0
 0
 0
 0
 0
 0
 0
 0
 0
 0
 0
 0
 0
 0
 0
 0
 0
 0
 0
 0
 0
 0
 0
 0
 0
 0
 0
 0
 0
 0
 0
 0
 0
 0
 0
 0
 0
 0
 0
 0
 0
 0
 0
 0
 0


