# Created by Octave 3.8.2, Fri Nov 20 22:15:01 2015 CET <dkottke@snake6>
# name: mus
# type: matrix
# ndims: 3
 1 30 19
 0
 0
 0.8695652173913043
 0.7163461538461539
 0.7951219512195125
 0.8284313725490196
 0.9458128078817735
 0.9471153846153846
 0.9371980676328503
 0.96
 0.9617224880382773
 0.9558823529411765
 0.9615384615384617
 0.9591836734693879
 0.9435897435897438
 0.9711538461538461
 0.965686274509804
 0.9621212121212122
 0.9665071770334929
 0.9650000000000001
 0.9629629629629631
 0.9646464646464646
 0.9710144927536233
 0.96875
 0.98
 0.9759615384615385
 0.9720332577475433
 0.9693877551020409
 0.9753694581280788
 0.9722222222222223
 0
 0
 0.6666666666666666
 0.75
 0.8
 0.7
 0.4
 0.8
 0.8
 0.9
 0.9
 0.8333333333333333
 0.8333333333333333
 0.7666666666666666
 0.8
 0.8833333333333332
 0.8833333333333332
 0.95
 0.95
 0.9
 0.9
 0.82
 0.82
 0.8799999999999999
 0.76
 0.7666666666666667
 0.7733333333333334
 0.82
 0.8600000000000001
 0.8666666666666668
 0
 0
 0.8502872360669206
 0.5819362006289153
 0.8356486547045749
 0.755967063173329
 0.7962464732042616
 0.7369870113224315
 0.7810772157997959
 0.8211425383661575
 0.8417449357479156
 0.8057820792301905
 0.792621681454612
 0.8698433668393009
 0.8544415515143723
 0.8486598013939456
 0.8799970515449158
 0.8587742183653664
 0.8957898830930823
 0.89335839204085
 0.8703090985307327
 0.8491334857179224
 0.8596885822133801
 0.8558861409059332
 0.8465566324863497
 0.8268685995052752
 0.8840315199450789
 0.8638842938827288
 0.8891867251960807
 0.8838673344357394
 0
 0
 0.571606139009321
 0.779942323901534
 0.815701393916612
 0.6622172786102442
 0.6343388086831556
 0.7896082606196587
 0.7575206698066469
 0.8550480827427113
 0.8459946510494762
 0.7812762876632168
 0.7864111585939344
 0.7992499994859638
 0.8323650499946077
 0.8710508824816315
 0.8791090369690818
 0.8856732489467928
 0.8909295622220618
 0.8881520891423422
 0.8925189400928462
 0.8314693928779726
 0.8532859990542824
 0.8512383139836468
 0.8094646048623629
 0.815675219465852
 0.819473280503021
 0.8422986963962769
 0.8612293546821606
 0.8662624205828422
 0
 0
 0.3333333333333333
 0.75
 0.8
 0.8333333333333334
 0.5714285714285714
 0.625
 0.7777777777777778
 0.8
 0.6363636363636364
 0.5833333333333334
 0.8461538461538461
 0.7777777777777778
 0.6
 1
 1
 1
 1
 1
 1
 0
 1
 0
 1
 0
 0
 1
 1
 1
 0
 0
 0.3333333396338987
 0.7998081292725734
 0.8207274874396647
 0.8344636129722971
 0.6224170415411372
 0.7046691719376543
 0.7406248264826005
 0.7997373934535004
 0.7687822535210695
 0.7450409557571489
 0.8122231893101305
 0.8131124619080754
 0.7867174096961389
 0.9459470004423862
 0.9171787776297423
 0.9485296628865588
 0.9238408938395656
 0.9535683636653181
 0.875029782876938
 0.769302557857085
 0.8308233636035472
 0.7938447913574045
 0.8717365108724268
 0.7013570742639065
 0.7473253490359213
 0.8688928078000487
 0.8752156866929774
 0.8828480006245342
 0
 0
 0.5785862941142949
 0.5947683176861883
 0.6032343583435757
 0.7236212718836822
 0.7708779715499777
 0.7690836725154383
 0.7847679836249187
 0.8369843236441974
 0.8169119538905836
 0.5631079842768779
 0.796550543063121
 0.8164406187486314
 0.8353919399614453
 0.8377853763305985
 0.833647983093979
 0.8565019849805785
 0.8617673840212843
 0.9026125051044385
 0.8944012359977802
 0.8312007728513104
 0.8966022063592446
 0.8717662568439335
 0.8229052957005266
 0.8764906017541212
 0.8261264246563376
 0.8373401433228693
 0.9003658217790884
 0.8858976740325233
 0
 0
 0.552451142728852
 0.7073472046937421
 0.7711652280394968
 0.5800257878385304
 0.6514205476176247
 0.7827246912030807
 0.7557185537665654
 0.7767439820703992
 0.76661766994352
 0.7570345449290212
 0.7635760832749556
 0.7698686648277541
 0.8022524756247826
 0.8078520254556638
 0.8009338496502424
 0.8026798708976195
 0.83218688935096
 0.828628927138424
 0.832738030089613
 0.7889048534904306
 0.8023856361202386
 0.8017655596569822
 0.7734117331872612
 0.7725632269913735
 0.7833810567358429
 0.801887610148625
 0.8180060092219162
 0.8153650035812287
 0
 0
 0.9743807009011469
 0.8872051362976565
 0.9311609597785523
 0.9238325362822395
 0.9313258150121859
 0.9231589603747359
 0.8930690441888766
 0.9251189732500016
 0.917527386032218
 0.9133220061208066
 0.9134607155562793
 0.9192675965897019
 0.9201328594525848
 0.9181909467383552
 0.9018300532290781
 0.9129339334125083
 0.9077242687472507
 0.9085986846253824
 0.9006949853976495
 0.901068588848122
 0.9000004023410246
 0.8997347846416611
 0.8968302486649772
 0.8907321143226862
 0.9019480556516626
 0.9024949112092101
 0.8990813913911814
 0.910281742266144
 0
 0
 0.3333333315229816
 0.7702139519410722
 0.8059838631938827
 0.7950841205856887
 0.6514970530008201
 0.7368684770692154
 0.7178657220570663
 0.7379076597151342
 0.8294669518874629
 0.4480983850933032
 0.8258562988438126
 0.806941624290145
 0.8316642993843013
 0.9083234301866561
 0.8815790998467106
 0.8943915076437641
 0.8852584427735082
 0.9085173362982748
 0.8914231239457846
 0.5059698808953359
 0.8811251361038661
 0.8223002259860729
 0.4791550809858151
 0.6378519562566133
 0.8447500529063979
 0.8519194095867102
 0.843529804530387
 0.8806579992060869
 0
 0
 0.5785862941142949
 0.6396002788577106
 0.6063305368127463
 0.7427535456863974
 0.7671192829178249
 0.7474784634413533
 0.8017569216071214
 0.7727272777937001
 0.8733590020997389
 0.8160005469236983
 0.7959736898415684
 0.8071788155346857
 0.834814171617864
 0.8382868782869615
 0.8258596997225753
 0.8222452354112735
 0.8298025477724156
 0.8519376247172447
 0.8762014615959006
 0.843175848274625
 0.788478830191238
 0.9409588537223574
 0.8495721156808151
 0.8519796085900535
 0.8315918352291773
 0.8459639983475876
 0.911252048532061
 0.8940535682806645
 0
 0
 0
 0
 0
 0
 0
 0
 0
 0
 0
 0
 0
 0
 0
 0
 0
 0
 0
 0
 0
 0
 0
 0
 0
 0
 0
 0
 0
 0
 0
 0
 0
 0
 0
 0
 0
 0
 0
 0
 0
 0
 0
 0
 0
 0
 0
 0
 0
 0
 0
 0
 0
 0
 0
 0
 0
 0
 0
 0
 0
 0
 0
 0
 0
 0
 0
 0
 0
 0
 0
 0
 0
 0
 0
 0
 0
 0
 0
 0
 0
 0
 0
 0
 0
 0
 0
 0
 0
 0
 0
 0
 0
 0
 0
 0
 0
 0
 0
 0
 0
 0
 0
 0
 0
 0
 0
 0
 0
 0
 0
 0
 0
 0
 0
 0
 0
 0
 0
 0
 0
 0
 0
 0
 0
 0
 0
 0
 0
 0
 0
 0
 0
 0
 0
 0
 0
 0
 0
 0
 0
 0
 0
 0
 0
 0
 0
 0
 0
 0
 0
 0
 0.9214051028076464
 0.8809168365932986
 0.8958789448731863
 0.9330329124316022
 0.91462811163854
 0.9147814757816981
 0.9170286687692091
 0.9077992558971455
 0.9203411682414239
 0.9235136288924559
 0.9087544258970268
 0.9106169908013001
 0.9141152215506541
 0.9109549131704926
 0.9064994872563427
 0.9175340247737831
 0.9017680250261924
 0.9173369587312385
 0.9066948683853672
 0.9063557619280349
 0.9164040483531256
 0.9029302139688784
 0.9110032370862043
 0.8908067751224726
 0.9058898316924032
 0.9057019126585505
 0.8959495696384701
 0.9025705398671579
 0
 0
 0
 0
 0
 0
 0
 0
 0
 0
 0
 0
 0
 0
 0
 0
 0
 0
 0
 0
 0
 0
 0
 0
 0
 0
 0
 0
 0
 0
 0
 0
 0
 0
 0
 0
 0
 0
 0
 0
 0
 0
 0
 0
 0
 0
 0
 0
 0
 0
 0
 0
 0
 0
 0
 0
 0
 0
 0
 0


