# Created by Octave 3.8.2, Sat Nov 21 00:24:15 2015 CET <dkottke@mudflap>
# name: mus
# type: matrix
# ndims: 3
 1 30 19
 0
 0
 0.4937343358395991
 0.6035353535353535
 0.6075949367088607
 0.6022727272727274
 0.6040100250626567
 0.6020408163265306
 0.5972222222222223
 0.5974358974358973
 0.5877525252525252
 0.5883838383838382
 0.5907692307692308
 0.5841836734693876
 0.5782051282051281
 0.5807291666666666
 0.5811310031258879
 0.5593434343434343
 0.5914786967418547
 0.5684210526315789
 0.5388471177944861
 0.643939393939394
 0.7064506962205171
 0.7122395833333334
 0.7093333333333333
 0.694871794871795
 0.7033429533429533
 0.6977040816326531
 0.6965747895283129
 0.8128205128205128
 0
 0
 1
 0
 0.4
 0.4
 0.5
 0.7
 0.7
 0.7
 0.8333333333333333
 0.8333333333333333
 0.8333333333333333
 0.7
 0.8666666666666666
 0.8833333333333332
 1
 1
 0.95
 1
 0.95
 0.9
 0.74
 0.76
 0.72
 0.72
 0.7066666666666667
 0.7866666666666667
 0.8666666666666668
 0.7
 0
 0
 1
 0.4685504931330274
 0.6747785530664667
 0.6796395807297446
 0.6324605496680806
 0.652072149586462
 0.7892904714898086
 0.765939116543317
 0.7492423711323946
 0.7982795162917754
 0.8343410853275792
 0.8805902993952927
 0.8753464610230706
 0.8900261122363095
 0.9381692282355093
 0.920712972925753
 0.96633911746584
 0.9500706565608735
 0.9899812933911117
 0.899975382912756
 0.8837761242672721
 0.8755095647287008
 0.8670438156321556
 0.8777129820316266
 0.8306996761956082
 0.8320468983330644
 0.8350012398996585
 0.7176206234076417
 0
 0
 1
 0.3403069607503799
 0.6050054928650543
 0.4242104769101219
 0.5871151568371463
 0.7866318940119881
 0.8578404336666386
 0.8205620131373671
 0.8593041996063523
 0.9025878061134045
 0.8936158742536887
 0.9375965852686179
 0.9577698291716376
 0.951254930888929
 0.97157124802656
 0.9681353869152411
 0.9952699434332958
 0.9948583378155059
 0.9989999462321847
 0.9153876557189228
 0.8608412552027103
 0.8797361336744577
 0.8642750666408574
 0.863942565689391
 0.8442914339534335
 0.8270842457895493
 0.8163254270260124
 0.7071437473848153
 0
 0
 1
 0
 0.6
 0.1666666666666667
 0.5714285714285714
 0.875
 0.8888888888888888
 0.4
 0.8181818181818182
 1
 0.6923076923076923
 0.8888888888888888
 1
 1
 1
 1
 1
 1
 1
 1
 1
 1
 0
 1
 1
 1
 0
 1
 0
 0
 1.00000000002239
 0.3611444461428744
 0.7000001869387238
 0.3375160409164063
 0.6476190482758537
 0.9196431479625182
 0.9672619065910785
 0.6328399246014096
 0.8640151518052486
 1.042424253371618
 0.8024493873667662
 0.9234944821649169
 1.02665155802557
 0.9954802184813696
 1.008866133945915
 0.9871801839478985
 1.010135135351711
 1.005319149302847
 1.012931035026128
 0.8263896989887286
 0.829546726723312
 1.003242218954925
 0.6875025307472495
 0.8750014392474468
 1.062500413906613
 1.031517968714356
 0.6041692055468797
 0.9357560154602499
 0
 0
 1
 0.5453486503662698
 0.6531974213156241
 0.6381358294813653
 0.5585580326147709
 0.6756617876115828
 0.753418105247634
 0.7751462559684218
 0.7797038315572702
 0.7726172131399328
 0.8280672467316743
 0.8279991588502297
 0.9101624818471896
 0.8853721761840276
 0.9148406359982455
 0.9937771955459804
 0.9687666314756985
 0.9912486718552667
 0.995465296200412
 0.9283716590063134
 0.8969638503644072
 0.8813982698224763
 0.842417887058007
 0.8800912679711407
 0.8574351960974975
 0.8708497381163456
 0.8998467824746201
 0.7501640759031492
 0
 0
 1
 0.3689019392889391
 0.6894926045182268
 0.4947236755913129
 0.561228640720584
 0.6904770211022018
 0.791561281983577
 0.8011287797236537
 0.7907678703634247
 0.8488438329281742
 0.8869863096412163
 0.9190405647655459
 0.9520133698112561
 0.9397123249067317
 0.9802751809814836
 0.9802563369491404
 0.9914370341447614
 0.9945127624252401
 0.989197054785549
 0.9267202717511301
 0.8699840855890433
 0.8750539958880331
 0.8841623862940754
 0.8510540323564219
 0.8398980166014168
 0.8161304753089668
 0.8304224778905437
 0.7127869106015355
 0
 0
 1
 1
 1
 1
 1
 1
 1
 1
 1
 1
 1
 1
 1
 1
 1
 1
 1
 1
 1
 1
 1
 1
 1
 1
 1
 1
 1
 1
 0
 0
 1.000000000034814
 0.3774843112296753
 0.7592306699393797
 0.4126337234550378
 0.6474728122257025
 0.7434380199804396
 0.9335675304579043
 0.802894454742048
 0.8767185122004548
 1.002748017520795
 1.029207872519463
 0.9270664836122063
 0.8871618587368089
 1.015911354411874
 0.9829014150042504
 1.02820573071417
 0.9940294962285102
 1.029679174445687
 1.072680519971466
 0.9256453553394328
 0.838223033736164
 0.9021692701871808
 0.9015229856095658
 0.8940060188155016
 1.030079145153785
 0.8817248904030307
 0.7481414794400448
 0.7482811271910096
 0
 0
 1
 0.5581326151576352
 0.648163413185329
 0.6343864035371982
 0.5685538640074204
 0.6488659520690526
 0.8222511065987823
 0.727173360500207
 0.6975446464624027
 0.9003553625452689
 0.774301629307
 0.8454159513411054
 1.051661513669361
 0.8776533163964177
 0.9879046519205188
 0.9414444570025425
 0.99247399761915
 1.088867939501951
 0.9900653057380375
 1.028305988267824
 0.8959269696669366
 0.9828729085836707
 0.8384949350632889
 0.8954705526427298
 0.9064638548831998
 0.9300198400665934
 0.9009167247624221
 0.7984260447939096
 0
 0
 0
 0
 0
 0
 0
 0
 0
 0
 0
 0
 0
 0
 0
 0
 0
 0
 0
 0
 0
 0
 0
 0
 0
 0
 0
 0
 0
 0
 0
 0
 0
 0
 0
 0
 0
 0
 0
 0
 0
 0
 0
 0
 0
 0
 0
 0
 0
 0
 0
 0
 0
 0
 0
 0
 0
 0
 0
 0
 0
 0
 0
 0
 0
 0
 0
 0
 0
 0
 0
 0
 0
 0
 0
 0
 0
 0
 0
 0
 0
 0
 0
 0
 0
 0
 0
 0
 0
 0
 0
 0
 0
 0
 0
 0
 0
 0
 0
 0
 0
 0
 0
 0
 0
 0
 0
 0
 0
 0
 0
 0
 0
 0
 0
 0
 0
 0
 0
 0
 0
 0
 0
 0
 0
 0
 0
 0
 0
 0
 0
 0
 0
 0
 0
 0
 0
 0
 0
 0
 0
 0
 0
 0
 0
 0
 0
 0
 0
 0
 0
 0
 1
 1
 1
 1
 1
 1
 1
 1
 1
 1
 1
 1
 1
 1
 1
 1
 1
 1
 1
 1
 1
 1
 1
 1
 1
 1
 1
 1
 0
 0
 0
 0
 0
 0
 0
 0
 0
 0
 0
 0
 0
 0
 0
 0
 0
 0
 0
 0
 0
 0
 0
 0
 0
 0
 0
 0
 0
 0
 0
 0
 0
 0
 0
 0
 0
 0
 0
 0
 0
 0
 0
 0
 0
 0
 0
 0
 0
 0
 0
 0
 0
 0
 0
 0
 0
 0
 0
 0


