# Created by Octave 3.8.2, Sat Nov 21 00:45:52 2015 CET <dkottke@snake7>
# name: mus
# type: matrix
# ndims: 3
 1 30 19
 0
 0
 0.62406015037594
 0.6111111111111112
 0.5974683544303797
 0.571969696969697
 0.6090225563909775
 0.5586734693877551
 0.5795454545454548
 0.6153846153846155
 0.7184343434343434
 0.8131313131313131
 0.772820512820513
 0.7200255102040816
 0.726923076923077
 0.8307291666666666
 0.8135834043762434
 0.8737373737373737
 0.9022556390977444
 0.886842105263158
 0.8496240601503761
 0.8030303030303029
 0.8209718670076727
 0.7499999999999999
 0.7520000000000001
 0.84
 0.8374218374218373
 0.8647959183673468
 0.8699111982470302
 0.9282051282051283
 0
 0
 0.3333333333333333
 0.75
 0.8
 0.1
 0.6
 0.6
 0.3
 0.5
 0.4666666666666666
 0.2666666666666667
 0.2666666666666667
 0.5
 0.6
 0.5666666666666667
 0.4833333333333333
 0.5833333333333333
 0.65
 0.75
 0.76
 0.78
 0.77
 0.79
 0.76
 0.7666666666666668
 0.82
 0.82
 0.8266666666666665
 0.7666666666666667
 0
 0
 0.4698221066805808
 0.6832761632347634
 0.6925962599475319
 0.3972611023054908
 0.6290204377832993
 0.6590254757335762
 0.1924517576463514
 0.5835183068798354
 0.5940266984359963
 0.6135636317028084
 0.3572870078018303
 0.6293687491116335
 0.6306298399021841
 0.5568128888993351
 0.6339905624112822
 0.6639831192870844
 0.6820990920708774
 0.7446024927320242
 0.7431183372617949
 0.7638074245172302
 0.7673598049305193
 0.7849304547654595
 0.7706664219379814
 0.7900605646078871
 0.776307802061813
 0.7615362841167377
 0.8047454015119122
 0.7822885683000949
 0
 0
 0.5555722205616984
 0.675606250848892
 0.8791688736183368
 0.3736730848655215
 0.6552863928030714
 0.700816056850643
 0.5288861766397185
 0.5424649875434649
 0.5294108251438594
 0.3242093131278301
 0.3433525591746888
 0.5827574702505799
 0.6563794237010935
 0.6152347090319868
 0.7066674466517967
 0.7436874606170637
 0.7643990313079682
 0.7919411868640442
 0.7905069699954123
 0.8195235259640679
 0.8194645383031119
 0.8767966532412551
 0.8512936351085838
 0.814530126186077
 0.8331210330235956
 0.8261698370211067
 0.8101857977655178
 0.7662626434680928
 0
 0
 0
 0.75
 0.8
 0.1666666666666667
 0.5714285714285714
 0.75
 0.4444444444444444
 0.4
 0.6363636363636364
 0.3333333333333333
 0.07692307692307693
 0.4444444444444444
 0.6
 1
 1
 1
 1
 1
 1
 1
 0
 1
 1
 1
 1
 1
 0
 1
 0
 0
 0.2500374962795101
 0.9444444444765187
 0.9250000000554666
 0.3875078679774386
 0.6071428581125905
 0.7321422175036361
 0.4791666672054328
 0.4716269882478358
 0.6367424283334309
 0.3234850211562671
 0.2975277095574364
 0.4666290870698223
 0.5652824370393525
 0.7971548148348607
 0.8681764728507653
 0.9223094901920591
 0.8593421407420988
 0.8194207244486595
 0.9830298537672234
 0.9912129110625614
 0.6540615939708231
 1.057813934550656
 1.062500936501069
 1.041666667746037
 0.7983032689338475
 0.9169048647744145
 0.6041692055468814
 0.7080200126336826
 0
 0
 0.3678794411714423
 0.7492998544948843
 0.7889984336649654
 0.5596891396049339
 0.6790732291376546
 0.6333347215181746
 0.5905851566829365
 0.5997535224631143
 0.6266124463315492
 0.5920207967137857
 0.6375949938934793
 0.6099691830804871
 0.6852915724349309
 0.6455543632491575
 0.7292793685886818
 0.7319730507040633
 0.7405959404297073
 0.8611336987489441
 0.8295743000917316
 0.8356168339396559
 0.8783497789586221
 0.8225713544794918
 0.809984841470735
 0.7991784513496643
 0.7854823945834835
 0.8191183152147979
 0.7909475967737054
 0.8418315013765563
 0
 0
 0.5555722205745441
 0.6129883419133613
 0.8094025483696025
 0.4731837972769115
 0.637507409389192
 0.6503500840558021
 0.5524304501892712
 0.581113405889247
 0.5121434809789366
 0.4161647958744309
 0.4355749488782698
 0.5410674210026147
 0.6130144207202443
 0.6345435523566318
 0.6869372317622745
 0.7047508513116748
 0.7301715537054695
 0.7616643611495638
 0.7896501952089735
 0.8001940210254298
 0.7993678337331134
 0.8553253550461327
 0.835483347737928
 0.8171082006432099
 0.7967156631090427
 0.820407774282395
 0.8140584471824652
 0.7929866180203408
 0
 0
 1
 1
 1
 1
 1
 1
 1
 1
 1
 1
 1
 1
 1
 1
 1
 1
 1
 1
 1
 1
 1
 1
 1
 1
 1
 1
 1
 1
 0
 0
 0.2500374962738771
 0.9362745098534552
 0.9361537925568462
 0.5908462873865247
 0.5777122804875803
 0.5301487663463091
 0.5342291115627391
 0.6019143674745309
 0.4509520250872837
 0.3325333818407947
 0.3773819840048734
 0.5531489963035874
 0.5235023932931878
 0.5696348284793964
 0.80426522967572
 0.8109690196769368
 0.678236152401249
 0.7185312951041226
 0.7322066628924296
 0.7924330325888003
 0.8866073297246035
 0.9506791747265705
 1.045018688696652
 1.084844317652211
 0.8514189062759598
 0.983372403065939
 0.7481418903691326
 0.7410385733010433
 0
 0
 0.3678794411714423
 0.7646766762534709
 0.809801705038696
 0.5638377684088506
 0.691442315750658
 0.6558842619251342
 0.6527840315537443
 0.6158533359287187
 0.5886517286832704
 0.586480510282625
 0.6051345963640542
 0.6129458646997136
 0.6077029971025887
 0.6778050979334739
 0.8611599504048669
 0.7967966920486192
 0.7237802112322904
 0.8528026127956677
 0.8447944538730003
 0.7857480684230536
 0.8710159349568891
 0.8004115623922592
 0.7903637323727742
 0.8328964269085189
 0.826877418759047
 0.8071884541457638
 0.8174500119463434
 0.8346899155606944
 0
 0
 0
 0
 0
 0
 0
 0
 0
 0
 0
 0
 0
 0
 0
 0
 0
 0
 0
 0
 0
 0
 0
 0
 0
 0
 0
 0
 0
 0
 0
 0
 0
 0
 0
 0
 0
 0
 0
 0
 0
 0
 0
 0
 0
 0
 0
 0
 0
 0
 0
 0
 0
 0
 0
 0
 0
 0
 0
 0
 0
 0
 0
 0
 0
 0
 0
 0
 0
 0
 0
 0
 0
 0
 0
 0
 0
 0
 0
 0
 0
 0
 0
 0
 0
 0
 0
 0
 0
 0
 0
 0
 0
 0
 0
 0
 0
 0
 0
 0
 0
 0
 0
 0
 0
 0
 0
 0
 0
 0
 0
 0
 0
 0
 0
 0
 0
 0
 0
 0
 0
 0
 0
 0
 0
 0
 0
 0
 0
 0
 0
 0
 0
 0
 0
 0
 0
 0
 0
 0
 0
 0
 0
 0
 0
 0
 0
 0
 0
 0
 0
 0
 1
 1
 1
 1
 1
 1
 1
 1
 1
 1
 1
 1
 1
 1
 1
 1
 1
 1
 1
 1
 1
 1
 1
 1
 1
 1
 1
 1
 0
 0
 0
 0
 0
 0
 0
 0
 0
 0
 0
 0
 0
 0
 0
 0
 0
 0
 0
 0
 0
 0
 0
 0
 0
 0
 0
 0
 0
 0
 0
 0
 0
 0
 0
 0
 0
 0
 0
 0
 0
 0
 0
 0
 0
 0
 0
 0
 0
 0
 0
 0
 0
 0
 0
 0
 0
 0
 0
 0


