# Created by Octave 3.8.2, Fri Nov 20 20:47:51 2015 CET <dkottke@snake10>
# name: mus
# type: matrix
# ndims: 3
 1 30 19
 0
 0
 0.593767390094602
 0.5695991091314031
 0.5158774373259054
 0.5050167224080268
 0.5041689827682041
 0.5055803571428571
 0.5734226689000559
 0.564245810055866
 0.5595570074097682
 0.6476510067114095
 0.660813823857302
 0.5991908482142856
 0.6302521008403359
 0.6512276785714286
 0.6532586367880485
 0.6907968574635239
 0.7048872180451127
 0.6870786516853935
 0.6965826330532211
 0.688676892380596
 0.6995540691192869
 0.6632882882882885
 0.6839436619718309
 0.6878483835005575
 0.6893939393939391
 0.6992187499999999
 0.6938264738598445
 0.6915254237288135
 0
 0
 0
 0.5
 0.6
 0.7
 0.7
 0.7
 0.6
 0.7
 0.7333333333333333
 0.6666666666666666
 0.7
 0.5
 0.6
 0.6166666666666667
 0.55
 0.5
 0.4833333333333333
 0.5
 0.41
 0.54
 0.5700000000000001
 0.51
 0.52
 0.7266666666666666
 0.5666666666666667
 0.6333333333333334
 0.6600000000000001
 0.7666666666666668
 0
 0
 0.2614611802381042
 0.7045523475040436
 0.6976814718646029
 0.8189237982522362
 0.7482053107332911
 0.7947715252336616
 0.7930858704101187
 0.7819045472324586
 0.7644885424667641
 0.638477399819309
 0.7733642296753063
 0.6559005404432069
 0.6669836712596087
 0.6943180718888338
 0.6508343085161765
 0.6619231507503941
 0.5405498346812783
 0.7129201416711786
 0.691573131427156
 0.5817102709796382
 0.6109391002595747
 0.6393422713100878
 0.6048003467437146
 0.6508278249816282
 0.6282248659351053
 0.5874183265964642
 0.6360206831814167
 0.6827658296336436
 0
 0
 0.07079073079426736
 0.5170957408603348
 0.4964990103697973
 0.7459140479729184
 0.6902700555166756
 0.707363121323172
 0.7368536205416049
 0.7103655729169494
 0.7170373979968132
 0.6833936153202433
 0.7200963241641645
 0.6068886339605037
 0.5863313575370069
 0.6405392950819069
 0.6772934263697716
 0.6639519211043077
 0.5984984581870247
 0.6284716470346625
 0.6441864041560856
 0.6119525714005589
 0.6188662018935388
 0.5997455777133985
 0.6232325476134727
 0.6725476427137742
 0.6123029532578728
 0.6407443108253863
 0.6663285551207464
 0.6955032200105269
 0
 0
 0
 0.5
 0.8
 0.8333333333333334
 1
 0.875
 0.7777777777777778
 0.6
 0.6363636363636364
 0.75
 0.6153846153846154
 0.3333333333333333
 0.6
 1
 1
 1
 1
 1
 0
 1
 1
 0
 1
 1
 0
 0
 1
 1
 0
 0
 0.002302143146619251
 0.419911927953589
 0.810317120261196
 0.836661339086733
 0.8503098007307075
 0.8598258072060888
 0.7517500609854193
 0.6461802928983653
 0.6734905173306416
 0.7151679601535401
 0.7036609295964389
 0.5336565563862845
 0.5536784910963486
 0.7307386685143031
 0.7142602144609482
 0.7496938794044674
 0.6402623520823716
 0.7585590742795095
 0.5464136459197173
 0.669094190842118
 0.5562515993480395
 0.4918942918561097
 0.7612301492049933
 0.7553594726044948
 0.5149154739211644
 0.5083654958279258
 0.7853860399024222
 0.7380204449802583
 0
 0
 0.7892931470571475
 0.7156929983970808
 0.6380280431461949
 0.6857357681089655
 0.8167986554162089
 0.7784410228312969
 0.811783133986212
 0.7493190181648158
 0.7530273810374056
 0.745582773789623
 0.7327587308502307
 0.6460481378479073
 0.6577986427629424
 0.6932574700365648
 0.6818221654437363
 0.6962794142296427
 0.6767893306165589
 0.6774410748906625
 0.699009965140593
 0.6152421150202383
 0.6758469099164429
 0.6936893691215639
 0.6526438795323675
 0.6964832695744627
 0.6745074148693233
 0.683518032932879
 0.7321242727908122
 0.7183953830180636
 0
 0
 0.06937405138586007
 0.4658832142265712
 0.4734415672234785
 0.6496197481670163
 0.653631680171452
 0.6558588506043328
 0.7324675715908749
 0.6717093561166833
 0.6581625691873445
 0.6528062750913528
 0.6643710882121944
 0.5719908404406827
 0.5525215893056324
 0.5755765771627669
 0.586378495306035
 0.5763880936749971
 0.5531697479472891
 0.5729494657362855
 0.5877728871127753
 0.54892848035731
 0.5647545742544218
 0.5587777782945479
 0.5657572302034963
 0.5943919491403682
 0.5700721359497004
 0.5953199755149009
 0.611366471862677
 0.6367126017456786
 0
 0
 0.942300276095194
 0.923948127517615
 0.9041194889086052
 0.8917733907965304
 0.9301782348216482
 0.9504423631453214
 0.9111589309718994
 0.9217974654476921
 0.9368860195653425
 0.9309312539732024
 0.9229410480739297
 0.9037166825353106
 0.9210954152165096
 0.9121716554201598
 0.9146415093726428
 0.9143993949505737
 0.9076429930325038
 0.9082668383853394
 0.9102042168226701
 0.9067019323058018
 0.9047303613424962
 0.8953122905263149
 0.8974027405726193
 0.8981515222598243
 0.9014894814637927
 0.9067692457675989
 0.9032939900799385
 0.9122538447963329
 0
 0
 0.03424369520651027
 0.3854584225603972
 0.7980426427098561
 0.843768755183937
 0.6457334312550121
 0.7421933737720108
 0.7256451879324443
 0.6647591476108672
 0.6690299936115616
 0.6490569828180014
 0.7705450628250128
 0.3088083944537335
 0.5696840210398877
 0.6182587563469338
 0.6577539363825665
 0.6693634390378446
 0.615977300685339
 0.6428336663023794
 0.6681673579870113
 0.5928619705284748
 0.5908369097941599
 0.5562437353948274
 0.6115677174593435
 0.6666498021626301
 0.5733122115525536
 0.5909419945268811
 0.6901602897049746
 0.6836002738617579
 0
 0
 0.7892931470571475
 0.7169546318664142
 0.5976120716813759
 0.5925722762573721
 0.8120867534862271
 0.8154274208647776
 0.7542995893685586
 0.7508260254429617
 0.7985780630694914
 0.7390045867259831
 0.687880186497656
 0.6551555930577238
 0.6453527354714738
 0.67948125624984
 0.6576740598529993
 0.6350068170540766
 0.682356379641791
 0.6640356376974652
 0.6377213348485916
 0.6644119008096262
 0.6425384406236208
 0.6954922199520526
 0.6758908871375553
 0.7005654264636965
 0.6809972697814279
 0.6991457178884929
 0.7072847496693365
 0.7073210124086362
 0
 0
 0
 0
 0
 0
 0
 0
 0
 0
 0
 0
 0
 0
 0
 0
 0
 0
 0
 0
 0
 0
 0
 0
 0
 0
 0
 0
 0
 0
 0
 0
 0
 0
 0
 0
 0
 0
 0
 0
 0
 0
 0
 0
 0
 0
 0
 0
 0
 0
 0
 0
 0
 0
 0
 0
 0
 0
 0
 0
 0
 0
 0
 0
 0
 0
 0
 0
 0
 0
 0
 0
 0
 0
 0
 0
 0
 0
 0
 0
 0
 0
 0
 0
 0
 0
 0
 0
 0
 0
 0
 0
 0
 0
 0
 0
 0
 0
 0
 0
 0
 0
 0
 0
 0
 0
 0
 0
 0
 0
 0
 0
 0
 0
 0
 0
 0
 0
 0
 0
 0
 0
 0
 0
 0
 0
 0
 0
 0
 0
 0
 0
 0
 0
 0
 0
 0
 0
 0
 0
 0
 0
 0
 0
 0
 0
 0
 0
 0
 0
 0
 0
 0.898461607951718
 0.9579299750345045
 0.9270091888234552
 0.9191110805475451
 0.9402224765185668
 0.90759501144038
 0.9313286201334063
 0.9319223214584005
 0.9179553781620896
 0.916899951699471
 0.9262628051624544
 0.9093365198663291
 0.9270175917673749
 0.9137755771037727
 0.9200556650355833
 0.9167808547227999
 0.9078108412024388
 0.8989504001201826
 0.9125455258473523
 0.9043875534088384
 0.9024343512810552
 0.9031132486120063
 0.9029551590142865
 0.909187115870715
 0.8936350298269627
 0.9074050619802342
 0.8954867360328962
 0.8981159593152414
 0
 0
 0
 0
 0
 0
 0
 0
 0
 0
 0
 0
 0
 0
 0
 0
 0
 0
 0
 0
 0
 0
 0
 0
 0
 0
 0
 0
 0
 0
 0
 0
 0
 0
 0
 0
 0
 0
 0
 0
 0
 0
 0
 0
 0
 0
 0
 0
 0
 0
 0
 0
 0
 0
 0
 0
 0
 0
 0
 0


