# Created by Octave 3.8.2, Fri Nov 20 23:50:47 2015 CET <dkottke@snake10>
# name: mus
# type: matrix
# ndims: 3
 1 30 19
 0
 0
 0.5714285714285716
 0.5782828282828283
 0.6354430379746835
 0.6666666666666666
 0.6591478696741856
 0.6658163265306123
 0.7114898989898992
 0.7589743589743591
 0.6957070707070705
 0.6893939393939394
 0.578974358974359
 0.704719387755102
 0.7435897435897438
 0.7213541666666666
 0.7220801364023871
 0.7171717171717173
 0.8395989974937341
 0.8236842105263158
 0.8295739348370926
 0.8434343434343434
 0.8039215686274508
 0.8437500000000001
 0.8133333333333334
 0.8430769230769233
 0.8350168350168349
 0.8558673469387754
 0.8341598431553454
 0.8692307692307695
 0
 0
 0
 0.5
 0.4
 0.3
 0.2
 0.4
 0.4
 0.5
 0.4666666666666666
 0.6
 0.5
 0.5
 0.6666666666666666
 0.55
 0.4666666666666666
 0.5333333333333333
 0.6833333333333333
 0.55
 0.49
 0.58
 0.53
 0.5399999999999999
 0.64
 0.6933333333333334
 0.6266666666666667
 0.7133333333333334
 0.6599999999999999
 0.5666666666666667
 0
 0
 0.4083999898142986
 0.6301422262173333
 0.581830612682088
 0.4493752245693499
 0.3131299325465687
 0.4971249336291895
 0.5376522347002373
 0.5345093652920057
 0.4530813231626373
 0.3292767539294166
 0.5493176476362596
 0.5930669684474792
 0.6520095836756332
 0.3617314719816441
 0.4244718873611512
 0.4813303792602222
 0.4552604986524982
 0.4291205523669794
 0.5300771341084073
 0.558865931625973
 0.5459895328041329
 0.5967237282829918
 0.6233465459711518
 0.5416564199529534
 0.5669107220053999
 0.5931709436289964
 0.5478642728755445
 0.5918258892131939
 0
 0
 0.1944152051508001
 0.456625796117059
 0.4852322662787177
 0.3219450646085077
 0.3619776437368503
 0.4853464018747046
 0.4393574300065963
 0.3902296556313207
 0.4328462331948528
 0.416041321672734
 0.4492876378275498
 0.4177716389262915
 0.4349230627497546
 0.4368266097321506
 0.458509624081198
 0.4421525487713902
 0.4460935417040813
 0.4915413610384409
 0.4892902315649497
 0.5025914441321193
 0.4959885595499876
 0.4966066253442507
 0.4989091661922373
 0.4778271243619161
 0.501373346926997
 0.5059087805840242
 0.5138807505286874
 0.5019970834364087
 0
 0
 0
 0.75
 0.4
 0
 0.2857142857142857
 0.375
 0.3333333333333333
 0.3
 0.2727272727272727
 0.25
 0.6153846153846154
 0.3333333333333333
 0.6
 0
 0.5
 0
 0
 0
 1
 0
 1
 0
 0
 1
 1
 1
 1
 0
 0
 0
 0.166667600879283
 0.5822535792017492
 0.3792735895814973
 0.2832440820260164
 0.3742026659187057
 0.4287472249276781
 0.4106636608715751
 0.3854092135489203
 0.4094054040918115
 0.3915680658994193
 0.4569388941805554
 0.4117450926813573
 0.4488697156029794
 0.4095879923889454
 0.4475773305781738
 0.4228466110294076
 0.4431907650402753
 0.4820392625653782
 0.5061481728766758
 0.4685406079445407
 0.4837608658993206
 0.4885243474935114
 0.4829816097281786
 0.5286914103874494
 0.5129400211502401
 0.5310871834239794
 0.5223880842056734
 0.485205869566609
 0
 0
 0.5785862941142949
 0.5249560220747975
 0.6418712489583555
 0.5929870488274502
 0.5729635441951749
 0.6502463637626015
 0.5735610848752118
 0.6125990228491676
 0.5902552360746623
 0.5796475238845927
 0.5950111232451336
 0.6224513658680951
 0.6537077784933054
 0.6565520350574254
 0.621326872780769
 0.6086900361385528
 0.6437397135535248
 0.6228291858183389
 0.6180669967982561
 0.6494977422658639
 0.6610721779979279
 0.6186655481523927
 0.618462479299137
 0.6005931168832152
 0.5857648408112107
 0.5797468277624046
 0.6252971987686002
 0.6181445686542753
 0
 0
 0.1944222297885182
 0.4100318776250366
 0.4433562866630691
 0.3640259084092101
 0.3422169874654908
 0.4435274926173912
 0.4330149753054222
 0.3997309845228472
 0.4340869912609178
 0.4281359161189638
 0.4447429906040838
 0.43291354881919
 0.4345796700056189
 0.4415660175979295
 0.4611491602327698
 0.4432900381772422
 0.4553043963827099
 0.4783033380855627
 0.4852277586838568
 0.5057122950380062
 0.4938400453759678
 0.5030436455863949
 0.4988475756099316
 0.4784108901894871
 0.4971379578225754
 0.5024217530653207
 0.504782074782672
 0.5010117960598514
 0
 0
 0.9996397757443753
 0.9999971220965513
 0.9999999464278889
 0.9999999999397967
 0.9999999994205391
 0.9999999999047156
 0.9999999999999998
 0.9999999999999994
 0.9995984136799536
 0.9934205704682643
 0.9939291637497152
 0.9842269692841714
 0.9785233733428316
 0.9765046780760516
 0.9724406232851989
 0.9648389835209485
 0.9674685028596223
 0.9673184002211832
 0.9642980646073203
 0.9632386887089194
 0.9673805760826804
 0.9590779629318286
 0.9613700711869878
 0.9598314003830518
 0.957141552042139
 0.9504852751642734
 0.9523854653911058
 0.9556401180686884
 0
 0
 0.1666659179365026
 0.4884295599306584
 0.3666662055226664
 0.342633590428604
 0.3703039888426298
 0.4275947991316855
 0.4123291291963039
 0.3857242848716896
 0.408909022012395
 0.4109025797115382
 0.4369075041815358
 0.4192832155135001
 0.435786809480586
 0.4262581264569194
 0.4444314515693819
 0.4384083721626113
 0.4523823541281426
 0.469293823316085
 0.4813769026118138
 0.4899126869063656
 0.4822836374754546
 0.4869093262391845
 0.4973287135091387
 0.4770650630321911
 0.4972132606446005
 0.4940679827633595
 0.5079447937953829
 0.4946065524953975
 0
 0
 0.5785862941142949
 0.5455657258428812
 0.6866514325912758
 0.5971043178505065
 0.5670331833990896
 0.6503252317736417
 0.588586261168727
 0.5819807765506571
 0.6110129671291809
 0.5923772178915445
 0.5746387039426876
 0.5804861366776362
 0.611322812258416
 0.5874539947170202
 0.5758663214038492
 0.5875235678659675
 0.6320202094142015
 0.6126637218665979
 0.5820961608644152
 0.6220848491251318
 0.6173740417817308
 0.5895972056073235
 0.613390100627754
 0.5880856094265627
 0.5917003186041663
 0.6106977865402895
 0.6025204397792254
 0.6102621153507659
 0
 0
 0
 0
 0
 0
 0
 0
 0
 0
 0
 0
 0
 0
 0
 0
 0
 0
 0
 0
 0
 0
 0
 0
 0
 0
 0
 0
 0
 0
 0
 0
 0
 0
 0
 0
 0
 0
 0
 0
 0
 0
 0
 0
 0
 0
 0
 0
 0
 0
 0
 0
 0
 0
 0
 0
 0
 0
 0
 0
 0
 0
 0
 0
 0
 0
 0
 0
 0
 0
 0
 0
 0
 0
 0
 0
 0
 0
 0
 0
 0
 0
 0
 0
 0
 0
 0
 0
 0
 0
 0
 0
 0
 0
 0
 0
 0
 0
 0
 0
 0
 0
 0
 0
 0
 0
 0
 0
 0
 0
 0
 0
 0
 0
 0
 0
 0
 0
 0
 0
 0
 0
 0
 0
 0
 0
 0
 0
 0
 0
 0
 0
 0
 0
 0
 0
 0
 0
 0
 0
 0
 0
 0
 0
 0
 0
 0
 0
 0
 0
 0
 0
 0.9999601793580606
 0.9999999899271033
 0.9999999999986925
 0.9999999999990927
 0.9999997845053916
 0.9999956739761116
 0.9992556107070655
 0.999997925958054
 0.9999535953869213
 0.9999463295490647
 0.9920005516636843
 0.9912653321353212
 0.9780458382546816
 0.9766433247980371
 0.9776068893278266
 0.97024323831832
 0.9632765610896158
 0.9597863037622975
 0.958750934273594
 0.962329463151204
 0.962197074536521
 0.961537709319031
 0.9554293268745195
 0.9572680690395714
 0.9560095068780676
 0.9469314539721255
 0.950487243231073
 0.9417851778217083
 0
 0
 0
 0
 0
 0
 0
 0
 0
 0
 0
 0
 0
 0
 0
 0
 0
 0
 0
 0
 0
 0
 0
 0
 0
 0
 0
 0
 0
 0
 0
 0
 0
 0
 0
 0
 0
 0
 0
 0
 0
 0
 0
 0
 0
 0
 0
 0
 0
 0
 0
 0
 0
 0
 0
 0
 0
 0
 0
 0


