# Created by Octave 3.8.2, Sun Nov 15 18:13:00 2015 CET <dkottke@snake5>
# name: mus
# type: matrix
# ndims: 3
 1 30 19
 0
 0
 0.5303283249860885
 0.5317371937639198
 0.5582172701949857
 0.6031215161649949
 0.5875486381322962
 0.6428571428571429
 0.6582914572864317
 0.6905027932960893
 0.6460839773723213
 0.6851230425055932
 0.7250092902266811
 0.6912667410714284
 0.5042016806722689
 0.4871651785714285
 0.4890382819794582
 0.4814814814814815
 0.4718844984802434
 0.4792134831460673
 0.4812324929971991
 0.4876543209876544
 0.4868078781122259
 0.4870495495495494
 0.4935211267605633
 0.4842066146413974
 0.4898989898989899
 0.488560267857143
 0.4972191323692993
 0.4887005649717514
 0
 0
 0
 0.5
 0.6
 0.6
 0.3
 0.5
 0.6
 0.6
 0.6333333333333333
 0.8
 0.8666666666666666
 0.7666666666666666
 0.8666666666666666
 0.7499999999999999
 0.7
 0.6166666666666666
 0.6166666666666666
 0.65
 0.72
 0.6399999999999999
 0.6
 0.6
 0.6
 0.6866666666666668
 0.74
 0.6866666666666666
 0.6066666666666667
 0.5666666666666667
 0
 0
 0.470599031981083
 0.5281998727583954
 0.62906814429852
 0.5807001167947092
 0.5818113990062772
 0.6432732979677507
 0.6468569504751989
 0.6871860785277188
 0.7160259662899081
 0.7213275905047113
 0.6799593947601519
 0.7087450307131054
 0.7197437882075148
 0.7717489591814546
 0.6650083050723379
 0.5391514178378083
 0.6147198296018057
 0.6991646449210875
 0.6423068035697543
 0.7181739887822502
 0.6862474037457699
 0.7561273555428519
 0.7566422502843515
 0.6343142558730187
 0.6624557832836502
 0.7118395029499176
 0.7178853297435235
 0.6677925854085738
 0
 0
 0.1666556589830783
 0.5217979297486849
 0.5549901916296185
 0.6351068454783699
 0.4884721890854133
 0.5114673380669731
 0.5492168396959435
 0.6194580885443837
 0.6567860327959967
 0.6804515025503955
 0.6476931224914471
 0.6546832833249155
 0.6456357745728248
 0.6481567927789522
 0.6053769578542899
 0.568656639430755
 0.5907901518086889
 0.6106023164480673
 0.6158092140553427
 0.634502638113723
 0.6523577688711125
 0.6530830381625647
 0.6215091983461746
 0.5936369562643432
 0.5999121006018029
 0.6060459750874007
 0.6124444239491738
 0.6289969105712027
 0
 0
 0.1388677215774519
 0.3913869160204947
 0.5783038241921765
 0.5994217026106603
 0.5060636734993729
 0.5308453392642996
 0.5564388023993092
 0.6379036158663576
 0.6461816602578379
 0.6669366777798332
 0.6414425006794541
 0.6559039758293521
 0.6423117052510953
 0.6444396890977354
 0.6146719267962353
 0.5682402989591381
 0.596194992021256
 0.6034031510736323
 0.6215772426863523
 0.6311970102930444
 0.653933420898146
 0.654739516035125
 0.6229106822437002
 0.5946406450489322
 0.5982510796939461
 0.6004731714656455
 0.6154858751699374
 0.630055516568672
 0
 0
 0.1666656789626194
 0.6115609321830902
 0.4874976229685604
 0.4997946538393629
 0.447595199386175
 0.46615398401338
 0.5835136032049371
 0.5750431577734821
 0.64863557592208
 0.6954898264858528
 0.6431844257869634
 0.6325913019103395
 0.6413062355909259
 0.6325807656530895
 0.570749739616129
 0.6209483768687971
 0.6027504416696078
 0.643603130893172
 0.6435046863510308
 0.6591930535409625
 0.6707109403309869
 0.6692503898962696
 0.6281526022710137
 0.5483423158101826
 0.6126167513408938
 0.6171911535692767
 0.6218541538661547
 0.6222933208260207
 0
 0
 0.3678794411714423
 0.5423682208392826
 0.5819092681638409
 0.6764737470062079
 0.6185702403756336
 0.7027477351605688
 0.6662073535026432
 0.7179248065206655
 0.7536083196384278
 0.7424102243705368
 0.7577559409221211
 0.7014392569689459
 0.7765980513810447
 0.7322999912721836
 0.7335613247321884
 0.816488450466381
 0.718370587695235
 0.7883753481800146
 0.7172477242580072
 0.7542867649176559
 0.7693337629487279
 0.7472260129413846
 0.7402595094593827
 0.7510179850985329
 0.7113099616447364
 0.7194140159905656
 0.7306991490772322
 0.7333520550308554
 0
 0
 0.1666578917075127
 0.4999498809185537
 0.5312344828184973
 0.6372063906153583
 0.4701076605610739
 0.4948067690474338
 0.5370559014738416
 0.6143534003865038
 0.6320448210862802
 0.6680509949604295
 0.6314577747489414
 0.6509311117364678
 0.6579129397477724
 0.6403763532227912
 0.6260308908202934
 0.5867151033274903
 0.6033384319252864
 0.6230182681707226
 0.6254830555294623
 0.6406791672691853
 0.6596583992312439
 0.6642391124884441
 0.6324164217944983
 0.6056105594876535
 0.6106772544979963
 0.6186210302261552
 0.6257744223019278
 0.6434660605505038
 0
 0
 0.1388633906935491
 0.3639270928319144
 0.5497216481283439
 0.5729069085104723
 0.5239584103221055
 0.4999456948920398
 0.5234966340019469
 0.6213953178699537
 0.6391896169210284
 0.6489533049381706
 0.6286126052157986
 0.6500175323204788
 0.6402685030294591
 0.6411008117596544
 0.6262941656947578
 0.5842933106821728
 0.6051872025459777
 0.6060749899244013
 0.6229787665830802
 0.6347878955735271
 0.6608384714863331
 0.6586964815726404
 0.6393285041908601
 0.6086738187830257
 0.6098618322247679
 0.6134575647956713
 0.6316021635518499
 0.6411440344534273
 0
 0
 0.166665928764442
 0.5547200177838781
 0.5728189829431501
 0.5894564630614347
 0.4383435512929432
 0.5365167885591331
 0.5210406948915665
 0.5728001569076511
 0.6426003753124129
 0.6561305972410856
 0.6195522935709692
 0.6607319019080817
 0.6507210194569152
 0.6250595758218093
 0.5986334339849883
 0.5854691610359547
 0.5863383227767095
 0.6105811813477531
 0.617006661129515
 0.6330243824488858
 0.6433619810842205
 0.6506613927752039
 0.6249692647265589
 0.5964723448616598
 0.6127187837334435
 0.6075708843353529
 0.6166380732006091
 0.632211101038492
 0
 0
 0.3678794411714423
 0.5805977335101579
 0.6758988919551114
 0.6741010625474991
 0.6031896173486888
 0.6798415947784697
 0.6329281851901479
 0.7198584710184277
 0.7107253959437977
 0.6762869724740299
 0.6958934185707867
 0.6788459025052912
 0.6886983802018657
 0.7280611324374511
 0.696041846490522
 0.6851688017869323
 0.7020311279319345
 0.6784731442093037
 0.7908796835214166
 0.7218048910256299
 0.7019010417800166
 0.7172783127538834
 0.7222157226587967
 0.7149928201137914
 0.7135469794097075
 0.7040074289175705
 0.7240892337526555
 0.7479379859423726
 0
 0
 0
 0
 0
 0
 0
 0
 0
 0
 0
 0
 0
 0
 0
 0
 0
 0
 0
 0
 0
 0
 0
 0
 0
 0
 0
 0
 0
 0
 0
 0
 0
 0
 0
 0
 0
 0
 0
 0
 0
 0
 0
 0
 0
 0
 0
 0
 0
 0
 0
 0
 0
 0
 0
 0
 0
 0
 0
 0
 0
 0
 0
 0
 0
 0
 0
 0
 0
 0
 0
 0
 0
 0
 0
 0
 0
 0
 0
 0
 0
 0
 0
 0
 0
 0
 0
 0
 0
 0
 0
 0
 0
 0
 0
 0
 0
 0
 0
 0
 0
 0
 0
 0
 0
 0
 0
 0
 0
 0
 0
 0
 0
 0
 0
 0
 0
 0
 0
 0
 0
 0
 0
 0
 0
 0
 0
 0
 0
 0
 0
 0
 0
 0
 0
 0
 0
 0
 0
 0
 0
 0
 0
 0
 0
 0
 0
 0
 0
 0
 0
 0
 0.1548392398163538
 0.3488913436030656
 0.5099890349554942
 0.5639953707307872
 0.5433785866802787
 0.5078640112752395
 0.5298104850430111
 0.6186856081723527
 0.6465120281361602
 0.6352971981451513
 0.6204513478732955
 0.6413470662531662
 0.6429238761914102
 0.6381733260649065
 0.6237147066115206
 0.5823592036518174
 0.5993610511697287
 0.6021960704338509
 0.6274839497560276
 0.6375248850982626
 0.6541529520803142
 0.6561213102361142
 0.6369324058522934
 0.6040056672970506
 0.6060371754682252
 0.6111299063980749
 0.6318878485653058
 0.638541080153479
 0
 0
 0
 0
 0
 0
 0
 0
 0
 0
 0
 0
 0
 0
 0
 0
 0
 0
 0
 0
 0
 0
 0
 0
 0
 0
 0
 0
 0
 0
 0
 0
 0
 0
 0
 0
 0
 0
 0
 0
 0
 0
 0
 0
 0
 0
 0
 0
 0
 0
 0
 0
 0
 0
 0
 0
 0
 0
 0
 0


