# Created by Octave 3.8.2, Fri Nov 20 20:20:41 2015 CET <dkottke@snake5>
# name: mus
# type: matrix
# ndims: 3
 1 30 19
 0
 0
 0.5893155258764607
 0.5400890868596881
 0.535933147632312
 0.6811594202898552
 0.6842690383546421
 0.6595982142857143
 0.6739251814628694
 0.6620111731843574
 0.647757150824636
 0.6515659955257267
 0.6526384243775546
 0.655970982142857
 0.6425770308123248
 0.6456473214285714
 0.634136321195145
 0.6324354657687991
 0.6292593185090384
 0.6213483146067413
 0.624761904761905
 0.6197780271854346
 0.6167781493868449
 0.6154279279279279
 0.620281690140845
 0.6120401337792643
 0.6116722783389449
 0.6085379464285713
 0.6120689655172413
 0.5728813559322037
 0
 0
 0
 0
 0
 0.1
 0.3
 0.4
 0.5
 0.5
 0.4333333333333333
 0.3666666666666666
 0.5666666666666667
 0.6333333333333333
 0.4
 0.5166666666666667
 0.6
 0.6166666666666666
 0.6833333333333333
 0.7
 0.76
 0.7
 0.55
 0.62
 0.6
 0.5800000000000001
 0.6266666666666667
 0.7933333333333333
 0.7866666666666667
 0.7333333333333334
 0
 0
 0.4075541853450506
 0.4008636448330641
 0.3617297458788666
 0.4201396487235292
 0.5229939927925961
 0.4659671622330347
 0.4794140939440104
 0.6304591162461805
 0.5565782847679317
 0.7228440811984468
 0.6207646378943803
 0.5575101718886941
 0.5600822908343166
 0.605834671249194
 0.5963445857624425
 0.6180999232237138
 0.597534060763474
 0.6312827021849462
 0.6154002531484274
 0.6406779852891948
 0.7762257443334268
 0.7478416067770634
 0.7260149744102358
 0.7293287028137189
 0.7163545715415092
 0.7664128080659419
 0.7223311026119055
 0.7589792639658965
 0
 0
 0.1388733886695209
 0.2287665383359554
 0.2052873178781168
 0.2407491697601581
 0.4442092452235499
 0.3927450065283351
 0.4667194042900778
 0.5173372803612184
 0.4555601614361864
 0.4975946051148892
 0.5289466714891793
 0.5412361094752889
 0.5422573124798566
 0.5738389949969961
 0.5535652676964079
 0.5759911607784477
 0.5945169774300917
 0.6192742705371469
 0.6361551340744187
 0.6522824306996077
 0.6778031394168064
 0.6872835534990365
 0.7043164715606055
 0.6799464645879393
 0.6893137152916385
 0.7033815447390362
 0.7072969459220619
 0.6530532519725142
 0
 0
 0
 0
 0
 0
 0.7142857142857143
 0.375
 0.6666666666666666
 0.4
 0.8181818181818182
 0.5833333333333334
 0.6153846153846154
 0.8888888888888888
 0.8
 0.3333333333333333
 0
 1
 0
 0
 0
 1
 1
 1
 1
 1
 1
 0
 1
 1
 0
 0
 0.2500056145179534
 0.1661287998076419
 0.2791455086986118
 0.2366741507198284
 0.4399689895883007
 0.365136899058799
 0.5366248398411729
 0.494324603636582
 0.4857087091058063
 0.4680896730278734
 0.5634382729158995
 0.6104136425870177
 0.5633778466027779
 0.5293745720465002
 0.5162300137442858
 0.5909148370316567
 0.5724436331750693
 0.5762801847981498
 0.6150120169985356
 0.6882523526692701
 0.69887653968163
 0.6937544199144535
 0.6908071804521549
 0.6884177444233037
 0.6839887379858218
 0.697067116598219
 0.75201771067989
 0.6569174470481298
 0
 0
 0.7892931470571475
 0.6880244186846166
 0.4728381163332094
 0.542407778325657
 0.6195604017187056
 0.5828097489842515
 0.6160348428891035
 0.6884760832531369
 0.6018400601506034
 0.6157323964877095
 0.6963006889569789
 0.648606924638133
 0.6901148325185653
 0.700058105598711
 0.6798253304743118
 0.6738303968792866
 0.6812365510645882
 0.7372314551606763
 0.7547625364936934
 0.7464977621619819
 0.7756710895315904
 0.7649412914876639
 0.7932142971485696
 0.7411111826080623
 0.7797773082764633
 0.8027125855161008
 0.7669722884285949
 0.7508472688054868
 0
 0
 0.1388629521580184
 0.2263551014000671
 0.2143873572467277
 0.2545246946147072
 0.3736194810120179
 0.3496547742264516
 0.4741511087026672
 0.53212407252945
 0.4475677170108914
 0.5122075323924673
 0.5366907753927125
 0.5445083661325276
 0.5372931416837402
 0.5806321557890305
 0.5551935427858973
 0.5859033457223654
 0.6139384514492922
 0.6296366245962868
 0.6473448439216684
 0.6619591109563198
 0.6820062325840623
 0.6910253622485537
 0.7055816546876905
 0.68202252283159
 0.6902199413254465
 0.7030899019937783
 0.710465810130662
 0.6524394747602096
 0
 0
 0.9994255131786319
 0.9999999999999603
 1
 0.9999999999994138
 0.9999999999972127
 0.9999999999998778
 1
 1
 1
 0.9967219155457935
 0.9926282871120164
 0.9906944634662272
 0.976916469949445
 0.9789517675207009
 0.9800099013674773
 0.9634854642195728
 0.9713730467637978
 0.9683349217932639
 0.9643377406506365
 0.9622308659244557
 0.9652063926485556
 0.9654579342665394
 0.9614085686910424
 0.9554404118117492
 0.9476467597831781
 0.9586934591424259
 0.9511835142038769
 0.9487649854117719
 0
 0
 0.2499817448390039
 0.1176450810800206
 0.341510581218087
 0.2375380204670331
 0.3687153013266557
 0.3530011350974187
 0.4941378482875779
 0.5186699215616046
 0.4531677739376799
 0.4669815980364883
 0.5188144370736286
 0.517588472954931
 0.5247898259049082
 0.5618961425352142
 0.5451445417868935
 0.5791002499529777
 0.6010937388069247
 0.6365881716133641
 0.6423557351991643
 0.6714142714247161
 0.6765559766325813
 0.6930413062652524
 0.7057983209396936
 0.6808689815895186
 0.7028535637314055
 0.700066984715802
 0.7094006623789109
 0.6454895665799841
 0
 0
 0.7892931470571475
 0.687857391597284
 0.5150322225671783
 0.5428223565272667
 0.6174496220340315
 0.5860458265097367
 0.646272177838396
 0.6271894695249044
 0.5980015784768502
 0.6776418812762507
 0.6551386683593216
 0.6653894444298712
 0.6620774425105966
 0.676994323865926
 0.6644434385711158
 0.7021317900270574
 0.7061686145331392
 0.7282192867121074
 0.760721809089937
 0.743271883688582
 0.7602175747744346
 0.7519069390869789
 0.7870682638254715
 0.762050292297611
 0.7683111549163637
 0.7922318017510294
 0.7862661981973565
 0.7363712580299925
 0
 0
 0
 0
 0
 0
 0
 0
 0
 0
 0
 0
 0
 0
 0
 0
 0
 0
 0
 0
 0
 0
 0
 0
 0
 0
 0
 0
 0
 0
 0
 0
 0
 0
 0
 0
 0
 0
 0
 0
 0
 0
 0
 0
 0
 0
 0
 0
 0
 0
 0
 0
 0
 0
 0
 0
 0
 0
 0
 0
 0
 0
 0
 0
 0
 0
 0
 0
 0
 0
 0
 0
 0
 0
 0
 0
 0
 0
 0
 0
 0
 0
 0
 0
 0
 0
 0
 0
 0
 0
 0
 0
 0
 0
 0
 0
 0
 0
 0
 0
 0
 0
 0
 0
 0
 0
 0
 0
 0
 0
 0
 0
 0
 0
 0
 0
 0
 0
 0
 0
 0
 0
 0
 0
 0
 0
 0
 0
 0
 0
 0
 0
 0
 0
 0
 0
 0
 0
 0
 0
 0
 0
 0
 0
 0
 0
 0
 0
 0
 0
 0
 0
 0.9999806321093323
 0.9999999838626429
 0.9999999999981267
 0.9999999999997269
 0.9999999864658976
 0.999999493448914
 0.9999999533237756
 0.9990586083783047
 0.9999995844683549
 0.9988337439376035
 0.9929950936738049
 0.9876281729489256
 0.9781842634108087
 0.9818777078332205
 0.9871272295173782
 0.9742489263135058
 0.9704389506266591
 0.9655401405509907
 0.965354407855389
 0.9672783412653416
 0.9638158124326224
 0.9678000148346098
 0.9623438111084179
 0.9585783397391882
 0.9543474904649326
 0.9534375651786944
 0.9612443395013919
 0.9425120316382291
 0
 0
 0
 0
 0
 0
 0
 0
 0
 0
 0
 0
 0
 0
 0
 0
 0
 0
 0
 0
 0
 0
 0
 0
 0
 0
 0
 0
 0
 0
 0
 0
 0
 0
 0
 0
 0
 0
 0
 0
 0
 0
 0
 0
 0
 0
 0
 0
 0
 0
 0
 0
 0
 0
 0
 0
 0
 0
 0
 0


