# Created by Octave 3.8.2, Sat Nov 21 01:18:06 2015 CET <dkottke@snake4>
# name: mus
# type: matrix
# ndims: 3
 1 30 19
 0
 0
 0.666666666666666
 0.5454545454545454
 0.5417721518987341
 0.5580808080808082
 0.6265664160401002
 0.6989795918367347
 0.6338383838383839
 0.5769230769230771
 0.567550505050505
 0.6767676767676767
 0.7841025641025645
 0.714923469387755
 0.6987179487179487
 0.6953125
 0.7342995169082123
 0.7967171717171717
 0.781954887218045
 0.8473684210526314
 0.8897243107769426
 0.9848484848484849
 0.9551008809320831
 0.9635416666666666
 0.9653333333333334
 0.9538461538461539
 0.9200336700336702
 0.9094387755102041
 0.9084304001845231
 0.9153846153846156
 0
 0
 0
 1
 0.4
 0.8
 0
 0.3
 0.3
 0.5
 0.5666666666666667
 0.6666666666666666
 0.5333333333333333
 0.6666666666666666
 0.8
 0.7333333333333333
 0.7499999999999999
 0.6333333333333333
 0.6333333333333333
 0.6
 0.5700000000000001
 0.61
 0.71
 0.51
 0.48
 0.4666666666666666
 0.5666666666666667
 0.7
 0.7933333333333334
 0.8666666666666668
 0
 0
 0.5914342729522737
 0.8901634489978747
 0.6734043779385785
 0.7596624958620588
 0.4996937316148036
 0.529440761173722
 0.4643880878415281
 0.3687293331108004
 0.537253456255173
 0.5144330747921071
 0.5306455084513214
 0.5712286752464635
 0.6614393108082715
 0.6987785013688432
 0.5963278755248942
 0.6343643246482633
 0.6710867515096679
 0.5984922324010242
 0.6864649701786698
 0.543500983875294
 0.6936028543363849
 0.6326665881579947
 0.7063117410658351
 0.6558337028809711
 0.689096498880722
 0.6909546046529178
 0.7755058844031922
 0.7613229928693562
 0
 0
 0.13888137052123
 0.7461625475387952
 0.4814593763660392
 0.6145451976093789
 0.3287319876845658
 0.3354933090630893
 0.425860416259937
 0.4389023565077183
 0.5013790711131683
 0.5299352329245282
 0.5706250867981372
 0.5895178974814227
 0.6225016452925057
 0.6462248823383872
 0.5893725511827923
 0.5602034645512258
 0.5958121455512091
 0.564542620353799
 0.5832778831993256
 0.5388867385584039
 0.5292940861795923
 0.538645402403535
 0.563588734699766
 0.5813451583771383
 0.6004326878752948
 0.618031525885346
 0.6293285158879788
 0.6397423248488404
 0
 0
 0
 1
 0.4
 1
 0
 0
 0.3333333333333333
 0.5
 0.8181818181818182
 0.75
 0.8461538461538461
 0.8888888888888888
 0.8
 1
 1
 1
 0
 1
 0
 1
 1
 1
 0
 1
 0
 1
 1
 1
 0
 0
 0.1666478046535471
 0.8337904924633258
 0.5086183399764033
 0.7280968043869505
 0.3218256480948957
 0.2982963411345977
 0.4287655366029796
 0.4690070822494309
 0.5189027834138612
 0.540474539071513
 0.62586950301825
 0.6319173184611142
 0.6080593275992259
 0.7442968614293197
 0.6063593211571205
 0.5653551335747363
 0.5287517568804262
 0.5512010822670154
 0.5495276073854487
 0.6067529745401692
 0.5080532474058169
 0.5778296339345302
 0.5386774123430113
 0.6591163507928294
 0.6122177234995768
 0.5857311198763858
 0.684619932153844
 0.6234393514417776
 0
 0
 0.5785862941142949
 0.7716021058746021
 0.6615378616293595
 0.6706748069891949
 0.6001277148712022
 0.686618840856827
 0.6541184986956365
 0.6639458417836035
 0.6756144049758472
 0.6379680086130248
 0.6969028036285083
 0.6791866505747365
 0.696763513962145
 0.7479945775178963
 0.6915393661744438
 0.7029014291802831
 0.698188413014607
 0.7227856594643773
 0.7204860486540724
 0.660426253237597
 0.6501345521849858
 0.6797913401947616
 0.6783685712843116
 0.6487468457364789
 0.6930894154418656
 0.7172811153178211
 0.701009239250679
 0.7325324207038157
 0
 0
 0.1388827550786099
 0.6456451559085308
 0.5172323286269171
 0.630295656557376
 0.3987931938791647
 0.4202538757408116
 0.4688486964121615
 0.4546468518945367
 0.485571232857314
 0.4902875323354201
 0.5452946097379897
 0.5405178473602932
 0.5999848208607906
 0.6212019091539934
 0.58093428105505
 0.5439574612915209
 0.5708765498089162
 0.5495645767669803
 0.5636819654417886
 0.5236799456267526
 0.5163805822615455
 0.5288330216089248
 0.5505360064431184
 0.5774902274026547
 0.5902998153159171
 0.6023432830614677
 0.6353307400610489
 0.6272472246602677
 0
 0
 0.9997040396028321
 0.9999999999999997
 0.9999999961283317
 1
 0.9999999999999986
 1
 0.9999999972212772
 0.9989287338849719
 0.9999999999999998
 0.9983769568460849
 0.9900399079477886
 0.9888719071694198
 0.9798165431811015
 0.9730206470025247
 0.9655047732615697
 0.9760673394345866
 0.964949556348687
 0.9627977806339494
 0.9567169233194901
 0.9572200941678148
 0.9611579636075116
 0.957588533971113
 0.9542566239203036
 0.9568697607745229
 0.957610087232862
 0.9490677070390757
 0.9376486956036971
 0.9484018091543168
 0
 0
 0.1666645320969659
 0.6532542187650076
 0.4547068926350174
 0.6514333578440478
 0.4096324598414329
 0.3443054643088599
 0.4481356670093756
 0.4598763749233601
 0.4798906806943655
 0.4801492137890707
 0.5159576321180661
 0.5382162100891187
 0.5639206321220327
 0.5882032397126052
 0.5557597999440769
 0.5395624780787005
 0.5497479714931738
 0.5311416469247811
 0.6382727384038691
 0.5059838195374745
 0.507846335137993
 0.5123558207064989
 0.5384892684765
 0.6442750009283194
 0.5767167941270674
 0.5882431387058702
 0.6090587550548485
 0.6097493285898798
 0
 0
 0.5785862941142949
 0.7052453220581901
 0.6100478940231036
 0.6375611267078271
 0.6362599586295423
 0.6623300341322105
 0.6701714865958093
 0.6361919482815585
 0.6189802040690178
 0.6667984746094432
 0.6967597031425421
 0.6522455950511808
 0.6868199608012744
 0.682902019128148
 0.6650193038049715
 0.6736103134873418
 0.6934972941531869
 0.6684362987810868
 0.6638225763630823
 0.6256522303307377
 0.6239527339567377
 0.6523804655018787
 0.6863995307058021
 0.6672556713468895
 0.6583034807933226
 0.7053029417907788
 0.696809883859294
 0.7134565923985866
 0
 0
 0
 0
 0
 0
 0
 0
 0
 0
 0
 0
 0
 0
 0
 0
 0
 0
 0
 0
 0
 0
 0
 0
 0
 0
 0
 0
 0
 0
 0
 0
 0
 0
 0
 0
 0
 0
 0
 0
 0
 0
 0
 0
 0
 0
 0
 0
 0
 0
 0
 0
 0
 0
 0
 0
 0
 0
 0
 0
 0
 0
 0
 0
 0
 0
 0
 0
 0
 0
 0
 0
 0
 0
 0
 0
 0
 0
 0
 0
 0
 0
 0
 0
 0
 0
 0
 0
 0
 0
 0
 0
 0
 0
 0
 0
 0
 0
 0
 0
 0
 0
 0
 0
 0
 0
 0
 0
 0
 0
 0
 0
 0
 0
 0
 0
 0
 0
 0
 0
 0
 0
 0
 0
 0
 0
 0
 0
 0
 0
 0
 0
 0
 0
 0
 0
 0
 0
 0
 0
 0
 0
 0
 0
 0
 0
 0
 0
 0
 0
 0
 0
 0.9999747631223508
 0.9999999903278346
 0.9999999999965554
 0.9999999999999998
 1
 0.9998669608629585
 0.99999996560185
 0.9996015369686317
 0.999998537477073
 0.9990464353254013
 0.9926713285447488
 0.9794883558851534
 0.9820857868374144
 0.9768082170864607
 0.9642302079890754
 0.9675018279218663
 0.9691603295563405
 0.9636297448335117
 0.9667819025589888
 0.9569453265368848
 0.9539464579408681
 0.9545041933390647
 0.9486480889309012
 0.9597464293739295
 0.9558403961387133
 0.954048079213875
 0.9427276749309437
 0.9461991413028304
 0
 0
 0
 0
 0
 0
 0
 0
 0
 0
 0
 0
 0
 0
 0
 0
 0
 0
 0
 0
 0
 0
 0
 0
 0
 0
 0
 0
 0
 0
 0
 0
 0
 0
 0
 0
 0
 0
 0
 0
 0
 0
 0
 0
 0
 0
 0
 0
 0
 0
 0
 0
 0
 0
 0
 0
 0
 0
 0
 0


