# Created by Octave 3.8.2, Sat Nov 21 00:45:41 2015 CET <dkottke@snake7>
# name: mus
# type: matrix
# ndims: 3
 1 30 19
 0
 0
 0.4987468671679197
 0.494949494949495
 0.4936708860759494
 0.6300505050505047
 0.6466165413533835
 0.5306122448979592
 0.5328282828282829
 0.5282051282051281
 0.585858585858586
 0.7323232323232322
 0.7358974358974362
 0.7359693877551019
 0.7243589743589745
 0.7291666666666666
 0.7627166808752487
 0.7777777777777778
 0.769423558897243
 0.744736842105263
 0.75187969924812
 0.7500000000000001
 0.7388462631429383
 0.7343750000000001
 0.7253333333333333
 0.7338461538461538
 0.7344877344877345
 0.7487244897959183
 0.7703840387498559
 0.7641025641025639
 0
 0
 1
 1
 1
 0.6
 0.8
 1
 1
 1
 0.8
 0.7
 0.7333333333333333
 0.7333333333333333
 0.8666666666666666
 0.8666666666666666
 0.8833333333333332
 0.9
 0.8833333333333332
 0.9
 0.9099999999999999
 0.9099999999999999
 0.9099999999999999
 0.9099999999999999
 0.9199999999999999
 0.9666666666666668
 0.9666666666666668
 0.9266666666666665
 0.9333333333333333
 0.9333333333333333
 0
 0
 1
 1
 1
 0.6818326520562927
 0.7840254757335761
 0.9034962613521735
 0.91589786469681
 0.9376479720883395
 0.8314933217025913
 0.8024635523716406
 0.8101797281781582
 0.8330012695148907
 0.8367129029263888
 0.8564110865715687
 0.8586110814471583
 0.841494079462533
 0.884564876952865
 0.8704754264123631
 0.8967839831311617
 0.9139688625757132
 0.8955058377330374
 0.8737302280134248
 0.9110887736184965
 0.9372421426189902
 0.9146496542749186
 0.9220296245493174
 0.9119874066451132
 0.9139250149783634
 0
 0
 1
 1
 1
 0.8071073023341439
 0.8168377816378281
 0.9799833164361115
 0.9830249078407551
 0.9894679799865332
 0.8906401575744333
 0.8442210535320598
 0.8967960118261158
 0.8991841078672669
 0.9229974079688675
 0.926487785265274
 0.8836295687947712
 0.878838479637574
 0.9142700381398159
 0.9357755990679205
 0.9439027661316093
 0.946819889000721
 0.9422435642267259
 0.9444068258350734
 0.951178087836846
 0.9737936372385326
 0.9781740352096502
 0.9527439407207831
 0.9575356305322376
 0.9616046948684037
 0
 0
 1
 1
 1
 0.5
 0.5714285714285714
 1
 1
 1
 0.9090909090909091
 0.8333333333333334
 0.6923076923076923
 0.8888888888888888
 0.8
 1
 1
 1
 0
 1
 1
 1
 1
 1
 1
 1
 1
 0
 1
 1
 0
 0
 1.000000000011839
 1.000000000005754
 1.000000000004964
 0.591667599986586
 0.6428578713947263
 1.116071428849445
 1.054563494996692
 1.090476198713943
 0.9359848702833367
 0.8345960100457467
 0.7959514559789022
 0.8969422567342018
 0.8348118964237277
 0.9825352049325571
 0.9522354383451799
 0.9989316923114893
 0.620204383829186
 1.049215358105934
 1.060345091162704
 1.062500172532988
 0.8137647710964377
 1.000000733886457
 0.9857733140446985
 1.000000002476454
 1.000000003062417
 0.6875028680150153
 1.000000004851106
 1.024812007510814
 0
 0
 1
 1.000000002773247
 1.000000000191966
 0.7694718773452405
 0.8504072820212027
 0.8438227979287797
 0.8306621104160158
 0.8946043985238411
 0.9460564126295998
 0.875704559389583
 0.8021204203332237
 0.824880141908215
 0.9101392559501962
 0.8492586597531318
 0.8609964179876112
 0.9386064886588663
 0.8701711880837321
 0.8824975496703441
 0.8919389576699845
 0.9018174735205572
 0.8836047515887963
 0.9082997348973578
 0.964814008921032
 0.9269541073890185
 0.9618159758033594
 0.9450031174888563
 0.9314359152506295
 0.928519224960791
 0
 0
 1
 1
 1
 0.7434655329896668
 0.7428037680430429
 0.9235736634421595
 0.9441403407662858
 0.9383665232717131
 0.8705927385630179
 0.8689119621769253
 0.8920588991502051
 0.9116752556986283
 0.9189441555434568
 0.9386996182356467
 0.90675251062464
 0.9100998192140141
 0.9149887790817339
 0.9335683378550906
 0.9451134024857292
 0.9452198246800307
 0.9496320901403322
 0.9520340185875943
 0.9607718691665661
 0.9775767379130179
 0.980205798580278
 0.953681195379765
 0.9518579630508195
 0.953820076394588
 0
 0
 1
 1
 1
 1
 1
 1
 1
 1
 1
 1
 1
 1
 1
 1
 1
 1
 1
 1
 1
 1
 1
 1
 1
 1
 1
 1
 1
 1
 0
 0
 1.000000000019248
 1.000000000008296
 1.000000000074996
 0.5964137867632876
 0.6650797385803742
 1.17451271700898
 1.049830849131008
 1.160026240314952
 0.8288976373242911
 0.7594154551205208
 0.9659859399436072
 0.8315967096638989
 0.9000673089126987
 0.8863580569849677
 0.9205943229618825
 0.8325718029325999
 0.8456883887661555
 0.8495622219722179
 0.9940894855768299
 1.048643384576936
 0.9692501787596923
 0.9883404199850298
 0.8684243296781401
 1.000000000000681
 1.000000000001647
 0.8815419507240334
 1.000000000007787
 0.8711520118355579
 0
 0
 1
 1.000000000173131
 1.000000001022875
 0.7887559340939867
 0.9585264438979775
 0.9229856165325749
 0.8403968109859482
 0.9194788863772714
 0.8450479385192823
 1.008279368833379
 0.8124243284025107
 0.8227949653370794
 0.8857132582156535
 0.9622894585664444
 0.9967041736796677
 1.038409326577141
 0.9637750081552993
 0.8258614261528486
 0.8411955044592079
 0.9241419781346256
 0.8738535580357523
 1.056505548182011
 0.9817362754774641
 1.015738413501607
 1.057193980494151
 1.013567518109564
 0.9714823888882648
 0.9421424133281556
 0
 0
 0
 0
 0
 0
 0
 0
 0
 0
 0
 0
 0
 0
 0
 0
 0
 0
 0
 0
 0
 0
 0
 0
 0
 0
 0
 0
 0
 0
 0
 0
 0
 0
 0
 0
 0
 0
 0
 0
 0
 0
 0
 0
 0
 0
 0
 0
 0
 0
 0
 0
 0
 0
 0
 0
 0
 0
 0
 0
 0
 0
 0
 0
 0
 0
 0
 0
 0
 0
 0
 0
 0
 0
 0
 0
 0
 0
 0
 0
 0
 0
 0
 0
 0
 0
 0
 0
 0
 0
 0
 0
 0
 0
 0
 0
 0
 0
 0
 0
 0
 0
 0
 0
 0
 0
 0
 0
 0
 0
 0
 0
 0
 0
 0
 0
 0
 0
 0
 0
 0
 0
 0
 0
 0
 0
 0
 0
 0
 0
 0
 0
 0
 0
 0
 0
 0
 0
 0
 0
 0
 0
 0
 0
 0
 0
 0
 0
 0
 0
 0
 0
 1
 1
 1
 1
 1
 1
 1
 1
 1
 1
 1
 1
 1
 1
 1
 1
 1
 1
 1
 1
 1
 1
 1
 1
 1
 1
 1
 1
 0
 0
 0
 0
 0
 0
 0
 0
 0
 0
 0
 0
 0
 0
 0
 0
 0
 0
 0
 0
 0
 0
 0
 0
 0
 0
 0
 0
 0
 0
 0
 0
 0
 0
 0
 0
 0
 0
 0
 0
 0
 0
 0
 0
 0
 0
 0
 0
 0
 0
 0
 0
 0
 0
 0
 0
 0
 0
 0
 0


