# Created by Octave 3.8.2, Fri Nov 20 23:04:56 2015 CET <dkottke@snake10>
# name: mus
# type: matrix
# ndims: 3
 1 30 19
 0
 0
 0.323671497584541
 0.3221153846153846
 0.8829268292682928
 0.6372549019607843
 0.9261083743842364
 0.9663461538461539
 0.966183574879227
 0.9550000000000001
 0.9617224880382775
 0.9705882352941176
 0.9759615384615385
 0.9693877551020409
 0.9743589743589743
 0.9807692307692307
 0.9803921568627452
 0.9848484848484849
 0.9712918660287081
 0.9800000000000001
 0.9841269841269842
 0.9898989898989901
 0.9855072463768116
 0.9895833333333334
 0.99
 0.9903846153846154
 0.9879062736205594
 0.9846938775510204
 0.9901477832512315
 0.9888888888888889
 0
 0
 1
 1
 0.6
 1
 0.8
 0.5
 0.3
 0.5
 0.6333333333333333
 0.7666666666666666
 0.8333333333333333
 0.8666666666666666
 0.8666666666666666
 0.8166666666666667
 0.7499999999999999
 0.4666666666666666
 0.5333333333333333
 0.5
 0.51
 0.58
 0.66
 0.63
 0.6
 0.6866666666666668
 0.7466666666666667
 0.74
 0.8
 0.8333333333333333
 0
 0
 1
 1
 0.7343748715560847
 0.8725223539695742
 0.8683082169107171
 0.6482030225713498
 0.6984801294461978
 0.6267131510248707
 0.7876074922336047
 0.7705279557427953
 0.7756481107759676
 0.8685490247426518
 0.872733060822517
 0.7756211645967186
 0.7385458159488298
 0.6255144698082842
 0.645405465154951
 0.6481177349704241
 0.6567497383823322
 0.6493399586316272
 0.6658751192702905
 0.6343243587539469
 0.6117263900060589
 0.6587006714497189
 0.6846231392532093
 0.7251798050844291
 0.7300264781982136
 0.739480152133754
 0
 0
 0.9999999999747955
 0.999999999892904
 0.6486303000515322
 0.8172609365176851
 0.7623258968882499
 0.6783687717261879
 0.6017820795947457
 0.6115528826575928
 0.6703656941463738
 0.6672627890935294
 0.7334071837383573
 0.7372525049180289
 0.7436012718719751
 0.6914895610612981
 0.682312790807444
 0.6030906433449216
 0.5957008521274869
 0.6210604114147472
 0.5893704365312555
 0.592580099423094
 0.6060720015759832
 0.5769851946838367
 0.5867313819876876
 0.6170680631357655
 0.6294483209177129
 0.6527076576192371
 0.6736974324573674
 0.6709251385688683
 0
 0
 1
 1
 0.4
 1
 0.7142857142857143
 0.625
 0.4444444444444444
 0.8
 0.5454545454545454
 0.9166666666666666
 0.8461538461538461
 1
 1
 0.3333333333333333
 1
 1
 0
 0
 1
 0
 0
 1
 1
 0
 0
 1
 1
 1
 0
 0
 0.9999999999827786
 0.9999999992719744
 0.529079346750648
 0.7700015566639209
 0.7625851487856848
 0.6558597629657683
 0.5651040743970532
 0.6407437560195296
 0.6290169950909614
 0.6797285099221224
 0.7189010123210186
 0.7109772196419641
 0.7179946593398623
 0.6677060150723565
 0.6939962937574781
 0.5932596125424249
 0.5784560049701751
 0.5659209467466474
 0.62795541402069
 0.5623785690209447
 0.6037542221305126
 0.5840254248091934
 0.6209539165222044
 0.598764142604188
 0.5684811329886456
 0.6578689172346958
 0.7590557184980029
 0.6510869171556589
 0
 0
 1
 0.9999999999992981
 0.8089402311029728
 0.811927470146552
 0.78198024948678
 0.7824906199399717
 0.7401329295570652
 0.723549933092951
 0.7825303029547901
 0.7547201117521495
 0.7515928752139164
 0.7802026887901058
 0.7651238865805869
 0.7796142989937286
 0.7723897437314957
 0.7307047340720991
 0.7287392487004705
 0.6765298109788774
 0.711565439517918
 0.7410183877309517
 0.7393597590217753
 0.684252882073484
 0.7429265685070586
 0.741462643708138
 0.7715019192849804
 0.7072918435583567
 0.73959344405532
 0.7492077552582659
 0
 0
 0.9999999999748267
 0.99999999999205
 0.6440502625381181
 0.7667014924163196
 0.7766115222740338
 0.6925903187675271
 0.6147679038636524
 0.6273199651475602
 0.6739028585449662
 0.6959975066100463
 0.7181583358005468
 0.7172427073534129
 0.7294895092857092
 0.6829807958438434
 0.6857058938832851
 0.6305877254795983
 0.6238918057464217
 0.6334387907298968
 0.6021896287124697
 0.6030266468478731
 0.6154772092790434
 0.5934137992601014
 0.5971804272710892
 0.6312407963748171
 0.637927367645553
 0.6710668280140428
 0.6886754492074851
 0.6895759577582308
 0
 0
 0.998898843016513
 0.9999999999997443
 0.9999999994357895
 1
 0.9999999999990475
 0.9999999941914639
 1
 1
 1
 0.9998485907542438
 0.9922499393745647
 0.985793264613562
 0.9765942690719226
 0.9825684351130247
 0.9702993426375776
 0.9726331886609728
 0.9764799670967043
 0.9616439572720616
 0.9667563324626827
 0.956288623650525
 0.9578684483751525
 0.9526103090370023
 0.9554467922987426
 0.949767906791394
 0.9433690271980006
 0.9465929786609856
 0.9415966811050187
 0.9460289501188396
 0
 0
 0.9999999999401945
 0.9999999999997725
 0.5463120475760064
 0.6735174793164076
 0.744653063310815
 0.6389268623645982
 0.6232317382689704
 0.6064659033340363
 0.706893898750014
 0.6781093766842791
 0.7893186377114236
 0.8202896447341698
 0.6778672699537763
 0.6803195430376603
 0.6488919012209396
 0.6291156807450721
 0.5929076553548746
 0.6164131870081775
 0.6295730996072115
 0.5865401672360107
 0.6012894904349052
 0.6037844065583908
 0.5883207356710322
 0.6720360420620078
 0.6312684200951466
 0.6524290637537904
 0.6734496510418072
 0.6706901522475734
 0
 0
 1
 0.9999999999466166
 0.8264788227464692
 0.8114353536875524
 0.7563055328127054
 0.7452987934678593
 0.7415274972888317
 0.7443101566835684
 0.7415397612124692
 0.725012423505197
 0.7390112052011295
 0.7516652331345631
 0.7625299291933249
 0.7443755192644457
 0.7173128431416159
 0.7669585222501926
 0.6954404970169725
 0.7320565162188779
 0.7299163804069595
 0.7177200053359355
 0.7345582019086048
 0.6819660677305497
 0.7116563309673742
 0.7177891918257304
 0.7637528354407235
 0.7807313205160122
 0.751591316409541
 0.7643213707820253
 0
 0
 0
 0
 0
 0
 0
 0
 0
 0
 0
 0
 0
 0
 0
 0
 0
 0
 0
 0
 0
 0
 0
 0
 0
 0
 0
 0
 0
 0
 0
 0
 0
 0
 0
 0
 0
 0
 0
 0
 0
 0
 0
 0
 0
 0
 0
 0
 0
 0
 0
 0
 0
 0
 0
 0
 0
 0
 0
 0
 0
 0
 0
 0
 0
 0
 0
 0
 0
 0
 0
 0
 0
 0
 0
 0
 0
 0
 0
 0
 0
 0
 0
 0
 0
 0
 0
 0
 0
 0
 0
 0
 0
 0
 0
 0
 0
 0
 0
 0
 0
 0
 0
 0
 0
 0
 0
 0
 0
 0
 0
 0
 0
 0
 0
 0
 0
 0
 0
 0
 0
 0
 0
 0
 0
 0
 0
 0
 0
 0
 0
 0
 0
 0
 0
 0
 0
 0
 0
 0
 0
 0
 0
 0
 0
 0
 0
 0
 0
 0
 0
 0
 0.999976847803167
 0.9999997655166469
 0.9999999998859959
 0.9999999999999984
 1
 0.9999999768791182
 0.9999999623141593
 0.9998905912378914
 0.9999999924822126
 0.9983121385754513
 0.9943558280274432
 0.9894424314555507
 0.9664474316833969
 0.9814328147963104
 0.9668649373097034
 0.9639166800488342
 0.9654319189976264
 0.9620391389245807
 0.9626436829783968
 0.9596022589016451
 0.9550639727246604
 0.9600269576765035
 0.9581067830472482
 0.9463772678644424
 0.9513977358170217
 0.9519496394453127
 0.9469829947299089
 0.960469937486426
 0
 0
 0
 0
 0
 0
 0
 0
 0
 0
 0
 0
 0
 0
 0
 0
 0
 0
 0
 0
 0
 0
 0
 0
 0
 0
 0
 0
 0
 0
 0
 0
 0
 0
 0
 0
 0
 0
 0
 0
 0
 0
 0
 0
 0
 0
 0
 0
 0
 0
 0
 0
 0
 0
 0
 0
 0
 0
 0
 0


