# Created by Octave 3.8.2, Sat Nov 21 01:03:18 2015 CET <dkottke@snake7>
# name: mus
# type: matrix
# ndims: 3
 1 30 19
 0
 0
 0.611528822055138
 0.5707070707070707
 0.5670886075949366
 0.5416666666666667
 0.5463659147869672
 0.5331632653061225
 0.5258838383838385
 0.5282051282051282
 0.5309343434343432
 0.5151515151515151
 0.5207692307692308
 0.5070153061224489
 0.5102564102564103
 0.5260416666666666
 0.5868144359192951
 0.5833333333333334
 0.6215538847117794
 0.6052631578947368
 0.6290726817042606
 0.5946969696969697
 0.6118215402102871
 0.6158854166666666
 0.6586666666666666
 0.6635897435897438
 0.65981240981241
 0.6339285714285714
 0.6469842002075884
 0.6666666666666666
 0
 0
 0.3333333333333333
 1
 0.8
 0.6
 0.9
 0.9
 0.9
 1
 1
 1
 1
 1
 1
 0.9333333333333333
 0.8666666666666666
 0.9
 0.85
 0.9
 1
 1
 1
 1
 0.96
 0.96
 0.9199999999999999
 0.9333333333333333
 0.9333333333333333
 0.9333333333333333
 0
 0
 0.6068518475578483
 0.8725958563601357
 0.8823179810691515
 0.8836722582711335
 0.8989467133845503
 0.8773686115872599
 0.8745860363052052
 0.8965063791740686
 0.929764266905671
 0.9237564985604509
 0.9346521298396568
 0.9492249948853758
 0.9754399316602335
 0.9647173421114991
 0.9295058877482064
 0.9399723083403625
 0.9640138153336333
 0.9633477887690955
 0.9916490490132278
 0.9904808100748375
 0.9933964252513887
 1
 0.9752513457386812
 0.9880361020774733
 0.9864420081962941
 0.9885528463185499
 0.9990257837839314
 0.9866318571487581
 0
 0
 0.3889138872645663
 0.9821500005057394
 0.8516699965192528
 0.8425969754372251
 0.8957497104214588
 0.8892120412254796
 0.9280930493187388
 0.9568760307904735
 0.9361451668619422
 0.9558545894994652
 0.9526911047983505
 0.9975586277002289
 0.9988629876316881
 0.9785730017079955
 0.9658682963384506
 0.9582333767790113
 0.9978840958964555
 0.9958739518273706
 1
 0.9998463299894813
 1
 1
 0.9761383450202057
 0.9813464070723003
 0.9973001847953727
 0.9987943489634902
 1
 0.9996257505607631
 0
 0
 0.6666666666666666
 1
 0.8
 1
 0.8571428571428571
 1
 0.8888888888888888
 1
 1
 1
 0.9230769230769231
 1
 1
 0.6666666666666666
 1
 1
 1
 1
 1
 1
 1
 1
 1
 1
 1
 1
 1
 1
 0
 0
 0.9000299971149778
 1.142866667277437
 1.025000020437022
 1.04166666695864
 0.9071428573629734
 0.9267857178283441
 0.8601190600722414
 1.044841289180009
 1.008712164502549
 1.014646531265401
 0.9223776223895126
 1.012079831954868
 1.011990407710514
 0.8699706888893212
 1.021915899171319
 0.9946586581142217
 1.010135135385283
 1.010638298173398
 1.000000000584523
 1.000000000725614
 1.0000000010136
 1.000000001405037
 1.000000001897205
 1.000000002420088
 1.000000003077104
 1.000000004158231
 1.000000005867999
 1.000000005993584
 0
 0
 0.5785862941142949
 0.6577451620315713
 0.9855246332034294
 0.9604376754270478
 0.8655440400306307
 0.8995605072893557
 0.8944765587117673
 0.9542846943821383
 0.950190692938637
 0.9159253052886318
 0.9279957651080175
 0.9697087248340732
 0.9685687664364577
 0.9338216201173586
 0.9382929818943484
 0.977842157148076
 0.9627639878775223
 0.9713718471732264
 0.9925794944987021
 0.9877364987464232
 1.010526153097583
 0.9925383066115379
 0.996060865230064
 0.9751914556777665
 0.9893554277059684
 0.9880595138355349
 1.000734760097157
 0.9949176112634821
 0
 0
 0.3889138864566338
 0.8882408624028771
 0.8498767587757087
 0.8935981248418268
 0.91036987082287
 0.8879626514273645
 0.9027324785015428
 0.9468997941948503
 0.9608325341199269
 0.9743485186909715
 0.9746335854324133
 0.9876945088037004
 0.9959217606665571
 0.9828920587663247
 0.9662966709138302
 0.9748419510815938
 0.9808726808386606
 0.9873023433379141
 0.9993125082267149
 0.9983752623864631
 1
 1
 0.9848479741396833
 0.9839992539387306
 0.9902223198413848
 0.9965846191045307
 1
 0.9984350977209393
 0
 0
 1
 1
 1
 1
 1
 1
 1
 1
 1
 1
 1
 1
 1
 1
 1
 1
 1
 1
 1
 1
 1
 1
 1
 1
 1
 1
 1
 1
 0
 0
 0.9000299974562431
 1.017702302910408
 1.076154385917607
 0.9658031130058415
 0.9756192310560932
 0.7733501398072922
 0.8618413200876276
 1.047709014347192
 0.956692762873935
 0.9662048556906155
 0.9234746518972612
 1.0247983004454
 1.039406641493358
 0.941544637303932
 0.9103336521949703
 0.9273102066376225
 0.9788973394654079
 0.9766972319024688
 1.000000000005943
 1.000000000007444
 1.000000000000035
 1.000000000000098
 1.000000000000271
 1.000000000000636
 1.000000000001587
 1.000000000003935
 1.000000000007815
 1.000000000000047
 0
 0
 0.5785862941142949
 0.6678201937282047
 0.961532238068042
 0.9916898841935678
 0.8821054316357428
 0.9870520691914786
 0.8582959353709725
 0.9408721329800718
 0.9277401352574126
 0.931781153574244
 0.919170536679726
 1.08354972649687
 1.087732536906997
 0.9448708053755824
 0.9506152380826999
 0.9710541797083703
 0.9454083284525727
 0.9445555199506321
 0.9951517307600266
 0.9698830092789009
 1.128088577430183
 1.056799759042521
 1.025017021835859
 0.9850157288350787
 0.9968349066917661
 1.038294916860178
 1.011618924747643
 0.9889228134497497
 0
 0
 0
 0
 0
 0
 0
 0
 0
 0
 0
 0
 0
 0
 0
 0
 0
 0
 0
 0
 0
 0
 0
 0
 0
 0
 0
 0
 0
 0
 0
 0
 0
 0
 0
 0
 0
 0
 0
 0
 0
 0
 0
 0
 0
 0
 0
 0
 0
 0
 0
 0
 0
 0
 0
 0
 0
 0
 0
 0
 0
 0
 0
 0
 0
 0
 0
 0
 0
 0
 0
 0
 0
 0
 0
 0
 0
 0
 0
 0
 0
 0
 0
 0
 0
 0
 0
 0
 0
 0
 0
 0
 0
 0
 0
 0
 0
 0
 0
 0
 0
 0
 0
 0
 0
 0
 0
 0
 0
 0
 0
 0
 0
 0
 0
 0
 0
 0
 0
 0
 0
 0
 0
 0
 0
 0
 0
 0
 0
 0
 0
 0
 0
 0
 0
 0
 0
 0
 0
 0
 0
 0
 0
 0
 0
 0
 0
 0
 0
 0
 0
 0
 1
 1
 1
 1
 1
 1
 1
 1
 1
 1
 1
 1
 1
 1
 1
 1
 1
 1
 1
 1
 1
 1
 1
 1
 1
 1
 1
 1
 0
 0
 0
 0
 0
 0
 0
 0
 0
 0
 0
 0
 0
 0
 0
 0
 0
 0
 0
 0
 0
 0
 0
 0
 0
 0
 0
 0
 0
 0
 0
 0
 0
 0
 0
 0
 0
 0
 0
 0
 0
 0
 0
 0
 0
 0
 0
 0
 0
 0
 0
 0
 0
 0
 0
 0
 0
 0
 0
 0


