# Created by Octave 3.8.2, Mon Nov 16 00:21:12 2015 CET <dkottke@snake7>
# name: mus
# type: matrix
# ndims: 3
 1 30 19
 0
 0
 0.7293233082706772
 0.7222222222222222
 0.7341772151898731
 0.7234848484848487
 0.7844611528822053
 0.7780612244897959
 0.7424242424242429
 0.8461538461538461
 0.775252525252525
 0.7424242424242425
 0.7823076923076925
 0.8105867346938777
 0.8025641025641028
 0.8072916666666666
 0.8007956805910771
 0.8686868686868688
 0.8721804511278195
 0.8657894736842104
 0.9022556390977445
 0.9520202020202019
 0.9346405228758171
 0.9075520833333334
 0.8853333333333334
 0.8687179487179489
 0.9135401635401637
 0.8954081632653061
 0.8911313573982238
 0.9871794871794872
 0
 0
 0
 0.75
 0.4
 0.7
 0.1
 0.3
 0.1
 0.2
 0.4666666666666666
 0.4333333333333333
 0.3666666666666666
 0.4333333333333333
 0.5999999999999999
 0.4333333333333333
 0.5166666666666667
 0.5666666666666667
 0.7166666666666666
 0.6
 0.48
 0.6
 0.6
 0.61
 0.64
 0.7733333333333332
 0.6733333333333332
 0.6733333333333333
 0.6133333333333334
 0.5666666666666667
 0
 0
 0.3761968169455023
 0.6912899596418671
 0.6597962270193527
 0.7080832141520896
 0.6417983499971506
 0.5214339007618933
 0.5086332549446877
 0.5066960607035492
 0.3451611891626849
 0.3975049455640693
 0.2951229423865276
 0.4528710309074258
 0.4345699878345636
 0.3739505926470394
 0.4746663149927545
 0.3704890807637307
 0.4378299493015541
 0.5433896060923343
 0.5224631048241557
 0.4956357495139319
 0.5422218491954121
 0.5952604348199375
 0.5654048267656702
 0.5709240292761676
 0.6421107242816855
 0.5451156785412429
 0.6787909543273613
 0.6782096617515576
 0
 0
 0.2221823614268287
 0.3895872790689426
 0.527526981216439
 0.5086487306518678
 0.4701636601956104
 0.3258629045375765
 0.2884152791654629
 0.3487362785683216
 0.3938775954238259
 0.4178713178506089
 0.3975676071321235
 0.4168528057567085
 0.4672202772265215
 0.4716294764457749
 0.4748087015451252
 0.4631651595233505
 0.4912316944021658
 0.5283962429577144
 0.4796223731183693
 0.5001880810084232
 0.5046688867175202
 0.5226943509718919
 0.5481272073513194
 0.5699631977905327
 0.5469892217983154
 0.5648092912167039
 0.575203906114792
 0.5552676666465717
 0
 0
 0.1666451855013442
 0.4571966524534375
 0.547645896586627
 0.5397701935768915
 0.4503728868443401
 0.3215710173435656
 0.2834289192248562
 0.3484238710821214
 0.3982759565496327
 0.4226199601570118
 0.3946483429072072
 0.4105618247609729
 0.4748751917872632
 0.4770908957521651
 0.4776696110570797
 0.4674124424096403
 0.4944545869991988
 0.5297575656217614
 0.4777230595886164
 0.5001950141574778
 0.504471491288817
 0.5180299539813343
 0.5446453830274106
 0.5716923634644981
 0.54338869767991
 0.5631374477489524
 0.5752455762883604
 0.5615219539069748
 0
 0
 0.2499934408184774
 0.4424365171914996
 0.4990762121817428
 0.5397168868892063
 0.4588855584390428
 0.3005518353201073
 0.2863482290676522
 0.3466926983546537
 0.3921453487287707
 0.4207965861587087
 0.3929261861202997
 0.3936064496232669
 0.4548168452332986
 0.4971249752216792
 0.437889168854153
 0.4317011892648898
 0.4434911371380199
 0.5485634929624772
 0.4885651526688217
 0.4796070625362267
 0.528471441650622
 0.5064539410754241
 0.5645320513117013
 0.6086433042225512
 0.5791094167180783
 0.5605867097238613
 0.5626679023078763
 0.5838140469422527
 0
 0
 0.5785862941142949
 0.6485443857926465
 0.7620129517342462
 0.7124486745735763
 0.673799944299763
 0.6112045361901924
 0.5488807135724922
 0.6216869149612895
 0.6500580752858546
 0.6023731395945655
 0.6389975392319351
 0.6078077764319268
 0.6878382794071827
 0.6263605641414943
 0.6055259450542869
 0.6483854883810675
 0.6505370205251657
 0.6007378610669064
 0.6783303189614361
 0.5709385042057992
 0.6368679995470152
 0.619070673119947
 0.6688209480535978
 0.633542715657584
 0.6787898408021964
 0.6575272750918735
 0.6934321236933954
 0.6685525280582767
 0
 0
 0.2222098483305241
 0.3933158537502266
 0.5905957614424077
 0.4835916323594481
 0.5117522707730466
 0.3826181765982759
 0.3491330456739478
 0.3678399413775276
 0.4051499083881678
 0.4040745494494824
 0.3960559335948149
 0.4059927493188634
 0.442997917998585
 0.4646556237579863
 0.4672891343822694
 0.4671003379303217
 0.4789218450117996
 0.5219869137797344
 0.4798524989327118
 0.5025728732897864
 0.5021251584639258
 0.5215834706822525
 0.5510924277179444
 0.5705462969558399
 0.5541870956782904
 0.5768916420700511
 0.5907877795718487
 0.5692182754021233
 0
 0
 0.1666577012451301
 0.4640355586262066
 0.5852838760406862
 0.5167295243077473
 0.4956988340035555
 0.3850724555224564
 0.3464594140180791
 0.3732867023715146
 0.4060751916552116
 0.4119273382646468
 0.3950445465265781
 0.4097187874711619
 0.4400217578243348
 0.4667391113958108
 0.4659968438176176
 0.4593582458250695
 0.478888222356153
 0.5165155618655981
 0.4788941356657368
 0.499246766393066
 0.4978741913938707
 0.5120720864679953
 0.5413346340680507
 0.5722720420908793
 0.5537244824609763
 0.5745094588678563
 0.5863171081152041
 0.5723679963284418
 0
 0
 0.2499830587240465
 0.489943246099578
 0.453492492546815
 0.5049474230519544
 0.4829156019000734
 0.3101340949177374
 0.3047809604426518
 0.3638693434628472
 0.3946088205360014
 0.4057364617219208
 0.3797980386768324
 0.4039062743835351
 0.4364084080169627
 0.4476069583336979
 0.4474937667081074
 0.4546849179435331
 0.4649072433053332
 0.5051044902017244
 0.469353409528582
 0.4868250507146011
 0.4899456577457542
 0.5078167421692374
 0.5493488990394398
 0.563673346914021
 0.538888550980635
 0.5568583288015618
 0.6169466042883606
 0.5551818364801823
 0
 0
 0.5785862941142949
 0.6621134343310846
 0.7736310607238498
 0.7133995179425351
 0.7146996207629872
 0.627128801892381
 0.6291981569606935
 0.5778107032031782
 0.6693827082091097
 0.5969322345351765
 0.623574544466747
 0.5811810271767087
 0.6303848105070063
 0.6267800566082014
 0.6254633111518541
 0.6192091147189103
 0.6150391765018282
 0.1740090585356936
 0.6197769113727983
 0.620955671334404
 0.6382617984369811
 0.6492784075853585
 0.6438082817137638
 0.6428747091494282
 0.6606874630235802
 0.6335367287986583
 0.6873396578627647
 0.6833418605779535
 0
 0
 0
 0
 0
 0
 0
 0
 0
 0
 0
 0
 0
 0
 0
 0
 0
 0
 0
 0
 0
 0
 0
 0
 0
 0
 0
 0
 0
 0
 0
 0
 0
 0
 0
 0
 0
 0
 0
 0
 0
 0
 0
 0
 0
 0
 0
 0
 0
 0
 0
 0
 0
 0
 0
 0
 0
 0
 0
 0
 0
 0
 0
 0
 0
 0
 0
 0
 0
 0
 0
 0
 0
 0
 0
 0
 0
 0
 0
 0
 0
 0
 0
 0
 0
 0
 0
 0
 0
 0
 0
 0
 0
 0
 0
 0
 0
 0
 0
 0
 0
 0
 0
 0
 0
 0
 0
 0
 0
 0
 0
 0
 0
 0
 0
 0
 0
 0
 0
 0
 0
 0
 0
 0
 0
 0
 0
 0
 0
 0
 0
 0
 0
 0
 0
 0
 0
 0
 0
 0
 0
 0
 0
 0
 0
 0
 0
 0
 0
 0
 0
 0
 0.1790090523584595
 0.4473123408470544
 0.5775001320669715
 0.5068226725736282
 0.5038916330248994
 0.3844359472934999
 0.3529962602703214
 0.3807722806462127
 0.404998094016673
 0.4088342975151661
 0.3929676122632855
 0.4130846033153075
 0.4442380421424381
 0.4617216059884067
 0.462903055296111
 0.4594366306505488
 0.4819122911539165
 0.5108374506718797
 0.4761600919016394
 0.4943779117444601
 0.4893767673206333
 0.5111768862138842
 0.5373354868784688
 0.570667288770588
 0.5514470462721616
 0.5729567818864961
 0.5856881654011238
 0.5720380453623939
 0
 0
 0
 0
 0
 0
 0
 0
 0
 0
 0
 0
 0
 0
 0
 0
 0
 0
 0
 0
 0
 0
 0
 0
 0
 0
 0
 0
 0
 0
 0
 0
 0
 0
 0
 0
 0
 0
 0
 0
 0
 0
 0
 0
 0
 0
 0
 0
 0
 0
 0
 0
 0
 0
 0
 0
 0
 0
 0
 0


