# Created by Octave 3.8.2, Sat Nov 21 00:02:33 2015 CET <dkottke@snake10>
# name: mus
# type: matrix
# ndims: 3
 1 30 19
 0
 0
 0.4987468671679199
 0.494949494949495
 0.4708860759493669
 0.5277777777777778
 0.5162907268170427
 0.5178571428571429
 0.5132575757575756
 0.5153846153846156
 0.509469696969697
 0.5176767676767676
 0.5107692307692306
 0.5892857142857142
 0.5807692307692307
 0.5807291666666666
 0.6382495026996305
 0.6363636363636362
 0.6416040100250626
 0.6552631578947368
 0.669172932330827
 0.6502525252525253
 0.6891162262006252
 0.6783854166666666
 0.776
 0.762051282051282
 0.7621452621452622
 0.7614795918367347
 0.7523930342521048
 0.7846153846153847
 0
 0
 1
 1
 0.6
 1
 0.8
 0.7
 0.7
 0.8
 0.8666666666666668
 0.8333333333333333
 0.8333333333333333
 0.7999999999999999
 0.7999999999999999
 0.7999999999999999
 0.7833333333333333
 0.7499999999999999
 0.8
 0.85
 0.75
 0.82
 0.8699999999999999
 0.8799999999999999
 0.8799999999999999
 0.8400000000000001
 0.8533333333333333
 0.8200000000000001
 0.8
 0.7666666666666666
 0
 0
 1
 1
 0.6903899303696861
 0.8881963637446089
 0.9167707930875733
 0.8455518767928891
 0.8197819230642845
 0.8487124795870318
 0.910028173793402
 0.8971750557638879
 0.9196604870707895
 0.920668869867016
 0.921045132104414
 0.9124335865960317
 0.893673308541171
 0.8880042908310419
 0.8958775076397265
 0.9059566549896785
 0.8398437105352826
 0.8712518006651864
 0.8929018625646271
 0.8815341298245905
 0.8176214702266089
 0.8107544815493465
 0.8419746834253614
 0.8556292077195236
 0.8021341369323545
 0.834969623280898
 0
 0
 0.9999999999797513
 0.9999999997366599
 0.6213792342853773
 0.8234846438179116
 0.8192626082558118
 0.7128113063108868
 0.7321495184559387
 0.7718324532761689
 0.7892237877883445
 0.8032070359643246
 0.8151233144698478
 0.8171290108859995
 0.8227322772327641
 0.8393655739982376
 0.8172950730523492
 0.8269348687302228
 0.8281610493334925
 0.8342083310632442
 0.7866021076961093
 0.804253549560128
 0.8089651951728183
 0.8110701230897989
 0.7256430059219511
 0.7363190119534085
 0.7423238591403037
 0.7567754402662702
 0.7563290042027447
 0.7337434185703763
 0
 0
 1
 1
 0.2
 1
 1
 0.75
 0.6666666666666666
 0.7
 0.7272727272727273
 0.75
 0.9230769230769231
 0.8888888888888888
 1
 0.6666666666666666
 0.5
 1
 1
 1
 0
 1
 1
 1
 1
 1
 1
 1
 1
 1
 0
 0
 0.999999999995932
 0.9999999994333519
 0.4999727834029297
 0.823465829985329
 0.8225749129175071
 0.8208727588966819
 0.7376168055869737
 0.7252721766216844
 0.7708683713981221
 0.7912592361362651
 0.8133268079198137
 0.7859447557328901
 0.8108657004226211
 0.7779150257154679
 0.7719449920925159
 0.7952809854660785
 0.8389941977238303
 0.9667585442781733
 0.7087713346983432
 0.8190065277419531
 0.7644640284688575
 0.8106096319231826
 0.7479216805861583
 0.7252687104880345
 0.68870735420966
 0.7489850086294851
 0.7219737757373251
 0.8360664851148765
 0
 0
 1
 1
 0.8023190302432407
 0.8489961565649491
 0.8114331844225503
 0.7924919813645132
 0.8002503302025555
 0.7954984310990343
 0.8566281787676794
 0.8300354880619243
 0.8664979147334831
 0.8390241836746331
 0.8467130495050151
 0.9484898871027747
 0.8647020449830093
 0.865103732232654
 0.8801571178756192
 0.8761903673074301
 0.7998712614254513
 0.8363399324736986
 0.8546484459176935
 0.8340871267074653
 0.8040419371643712
 0.7597708008302176
 0.8204422486830698
 0.7752989066595348
 0.8736796500618993
 0.8134942672349714
 0
 0
 0.9999999999780839
 0.9999999999337236
 0.5999453630745547
 0.7477187216096748
 0.7336403250501586
 0.6946986383631104
 0.7148764632599508
 0.759680520090336
 0.7873086015406646
 0.7980296885860387
 0.8372176727306646
 0.8049384349958847
 0.843061369726988
 0.8583905482580603
 0.8400486703444066
 0.8460181655767842
 0.8477042462142242
 0.8410833737133125
 0.8051521723568161
 0.8205847760431393
 0.833501068130606
 0.8369341012731266
 0.7282263029010323
 0.7385107563591434
 0.740294605282581
 0.7492380320793595
 0.7616335362975016
 0.7341596668740098
 0
 0
 0.9996683041882627
 0.9999999849238282
 0.9999999999999993
 0.9999999999999893
 0.9999999999900849
 0.9999999999912472
 0.9999999997266839
 0.9963925298830807
 0.9999999999994573
 0.9999999555041844
 0.9967504016839975
 0.9852804536537729
 0.9752566068783073
 0.976191985178722
 0.9679678504181142
 0.9745416935452191
 0.9768239162173308
 0.9697419073602375
 0.9672163564813551
 0.9592435377083046
 0.963450699529517
 0.9576643448960854
 0.953338258189647
 0.9515029267037122
 0.9538030160361805
 0.9489075911212603
 0.9502927285781589
 0.944245914969614
 0
 0
 0.9999999999504084
 0.9999999999998925
 0.4777862175799679
 0.9505889448756122
 0.7398980821054419
 0.8147601480919218
 0.7114918793066419
 0.7268565328765531
 0.8397664472237744
 0.8054265431928571
 0.8609130402729728
 0.7838777581851947
 0.8176301902847666
 0.8153718085612579
 0.8152194253913474
 0.8238626040164903
 0.8311773409961464
 0.8909818071335655
 0.7884026792669316
 0.8472266380556628
 0.8205401060955182
 0.8124580233482993
 0.7996809886931147
 0.7292398046030527
 0.7298575134768082
 0.7459989523904177
 0.752293434863228
 0.7215483246655297
 0
 0
 1
 0.9999999999780264
 0.8699933568630199
 0.7869568123857423
 0.7284161798084126
 0.7513352055924684
 0.7676929368445056
 0.775088871810054
 0.7854299611527781
 0.7840714039522334
 0.8097299846354729
 0.7643220593011183
 0.7950921127449899
 0.9245485576659261
 0.8260399857107453
 0.8330525034737282
 0.8473099991407391
 0.9432175711938201
 0.8065904547288483
 0.8359269614397749
 0.807060153986416
 0.8187153355284065
 0.774510739411137
 0.8768061779580761
 0.7912960825327751
 0.8231156527144835
 0.8030487266901228
 0.800700576872839
 0
 0
 0
 0
 0
 0
 0
 0
 0
 0
 0
 0
 0
 0
 0
 0
 0
 0
 0
 0
 0
 0
 0
 0
 0
 0
 0
 0
 0
 0
 0
 0
 0
 0
 0
 0
 0
 0
 0
 0
 0
 0
 0
 0
 0
 0
 0
 0
 0
 0
 0
 0
 0
 0
 0
 0
 0
 0
 0
 0
 0
 0
 0
 0
 0
 0
 0
 0
 0
 0
 0
 0
 0
 0
 0
 0
 0
 0
 0
 0
 0
 0
 0
 0
 0
 0
 0
 0
 0
 0
 0
 0
 0
 0
 0
 0
 0
 0
 0
 0
 0
 0
 0
 0
 0
 0
 0
 0
 0
 0
 0
 0
 0
 0
 0
 0
 0
 0
 0
 0
 0
 0
 0
 0
 0
 0
 0
 0
 0
 0
 0
 0
 0
 0
 0
 0
 0
 0
 0
 0
 0
 0
 0
 0
 0
 0
 0
 0
 0
 0
 0
 0
 0.9999658220652717
 0.9999999717692587
 0.9999999999954469
 0.9999999999999566
 0.9999999528413034
 0.9969572808723322
 0.9999997302115858
 0.9989165048349204
 0.9999999826354354
 0.9973839570772599
 0.9956408643706307
 0.9851182921311098
 0.9794403000372585
 0.9716970653359039
 0.9701177354479806
 0.9715092173340085
 0.9689261388809122
 0.9691570176909053
 0.9523043888062055
 0.9577138252164805
 0.9575847561603426
 0.9612426913807643
 0.9554981685795145
 0.9474510168305061
 0.9541364281335937
 0.9462769975942664
 0.949667162845176
 0.9438107350099734
 0
 0
 0
 0
 0
 0
 0
 0
 0
 0
 0
 0
 0
 0
 0
 0
 0
 0
 0
 0
 0
 0
 0
 0
 0
 0
 0
 0
 0
 0
 0
 0
 0
 0
 0
 0
 0
 0
 0
 0
 0
 0
 0
 0
 0
 0
 0
 0
 0
 0
 0
 0
 0
 0
 0
 0
 0
 0
 0
 0


