# Created by Octave 3.8.2, Sun Nov 15 20:00:58 2015 CET <dkottke@snake7>
# name: mus
# type: matrix
# ndims: 3
 1 30 19
 0
 0
 0.6828046744574302
 0.7238307349665924
 0.708635097493037
 0.7140468227424744
 0.7087270705947759
 0.7087053571428571
 0.7113344500279158
 0.7195530726256982
 0.7235280057365948
 0.7265100671140942
 0.7290040876997393
 0.7280970982142858
 0.7260504201680671
 0.7248883928571429
 0.7246311858076562
 0.7250280583613916
 0.7225643896976485
 0.7230337078651683
 0.7232492997198878
 0.7241551315625387
 0.7248234856930511
 0.7134009009009008
 0.7132394366197181
 0.7095875139353399
 0.7112794612794613
 0.7106584821428572
 0.7082869855394884
 0.7101694915254236
 0
 0
 0.6666666666666666
 0.5
 0.6
 0.7
 0.9
 0.9
 0.9
 0.9
 0.9
 0.8333333333333333
 0.9333333333333332
 0.9333333333333332
 0.7999999999999999
 0.8166666666666667
 0.9333333333333332
 0.95
 0.95
 0.9
 0.9
 0.8099999999999999
 0.79
 0.7999999999999999
 0.8400000000000001
 0.8399999999999999
 0.8466666666666667
 0.8600000000000001
 0.8666666666666666
 0.8666666666666668
 0
 0
 0.6560520488726966
 0.7868430673717655
 0.7278369816154822
 0.7808648729394334
 0.895700107793288
 0.8697831648813171
 0.8997667333384979
 0.9071685807891775
 0.9235134123817446
 0.888717276456927
 0.8357398831266406
 0.9088241346337285
 0.8283144344658504
 0.8892477638722595
 0.9095377052721045
 0.8808203542211757
 0.9187875586800263
 0.9413131246255836
 0.876426148724886
 0.8945355043217151
 0.8386431504463713
 0.8466928413865555
 0.8615295676568435
 0.8725521109305254
 0.835374513383436
 0.899056118647042
 0.9098642322143473
 0.9155034646900195
 0
 0
 0.5870077535225877
 0.477519694516615
 0.5922530909973408
 0.739216367457211
 0.729580549436682
 0.8155937816694615
 0.8370860407220039
 0.8282202338065374
 0.8374025272753796
 0.8470689368976304
 0.8286473125285438
 0.8334384001241102
 0.8207164302074919
 0.8496577376534031
 0.8511963990335782
 0.8678061618959909
 0.8750102181407473
 0.8843437903092582
 0.8445541695012529
 0.8522420734615888
 0.8324070186424136
 0.7876625320379739
 0.7966328302839448
 0.8086657984159318
 0.8247035110068166
 0.8306777241143153
 0.8369759727627432
 0.8408226748251953
 0
 0
 0.8830632225222838
 0.6577183057786599
 0.6007542309490985
 0.7058541503166902
 0.7594956575164834
 0.7697698598002577
 0.8499418403989929
 0.8335370369614974
 0.8413385356694426
 0.8529118728767042
 0.8145942739154406
 0.8339784014860729
 0.8203318034433124
 0.8266591356826188
 0.8556152220475434
 0.8615025491053377
 0.8704275645270036
 0.8828048304703116
 0.844476992506736
 0.8452162629337557
 0.8317636896083966
 0.7867238575887474
 0.8020489740389567
 0.8087438705733181
 0.8180426815715167
 0.8239850917239333
 0.8337750808812771
 0.8361612421170959
 0
 0
 0.8644871527444347
 0.4443961320713171
 0.6249682228077478
 0.7583212166678561
 0.7254962300817785
 0.8206898466807147
 0.7885610227415475
 0.804850088183479
 0.7946588226501583
 0.9337440077067257
 0.8063046052175648
 0.8431929786759851
 0.8170481394138219
 0.8265213154499989
 0.8362832729016503
 0.8619297974144217
 0.927230076388332
 0.8638211142740594
 0.8625553883245248
 0.8655848389163441
 0.8670605242603018
 0.7854572902967752
 0.771961397335288
 0.8015646701031345
 0.8358197542828658
 0.8381903090551682
 0.9240007689507103
 0.7877733198576161
 0
 0
 0.7892931470571475
 0.6987588980821245
 0.7096291893657349
 0.7482256905841147
 0.8424874159287824
 0.8297527754639735
 0.8068956027467471
 0.8463853392569269
 0.8725503042191101
 0.9566213650591363
 0.8761707701767668
 0.8840287972908086
 0.8458559568270521
 0.8855628099599885
 0.8954944589916636
 0.8433000764102908
 0.8861485402730922
 0.9020181576145979
 0.8958696450981605
 0.9117575638389011
 0.9036619174566762
 0.8395861143500934
 0.8630657687768633
 0.8668960440241017
 0.890172589552636
 0.918703828178702
 0.8623765109149368
 0.8533712193206818
 0
 0
 0.6184326551882859
 0.5284326505810067
 0.5984479618572289
 0.7192628822372779
 0.7370427471418991
 0.8097336227411113
 0.8293519292355923
 0.8429368064538575
 0.8249732287866279
 0.8664049635260209
 0.8563142994910727
 0.8511917050652532
 0.8517947969155758
 0.8695452084919226
 0.8771453361640009
 0.8916334592464038
 0.8954340292970615
 0.9068569983701908
 0.8685998517546138
 0.8769069144053896
 0.8514163412092399
 0.8036445235145506
 0.8171784475010729
 0.8285069133041222
 0.8407186540566568
 0.849135018274961
 0.8542515375696652
 0.8569594779018904
 0
 0
 0.8885180723070264
 0.6726825686655858
 0.6167946327576309
 0.7178832892423974
 0.7304485388959813
 0.7601006101609187
 0.8549768223687912
 0.8224858213935156
 0.8380602208606315
 0.8611222457068917
 0.8424432901075141
 0.8560950275388648
 0.8570678984675673
 0.8457422447256354
 0.8856909886609542
 0.8825131562752151
 0.9008954832536723
 0.905713666356762
 0.8680735591900607
 0.8746090005330278
 0.853177107594532
 0.8025652212806408
 0.8116508065286604
 0.8275279846173782
 0.8344851706552366
 0.8405683152562087
 0.8485136179109403
 0.8591438582724265
 0
 0
 0.8197265953739001
 0.4831935633155344
 0.6231458032799935
 0.6626777798721281
 0.7323129261713656
 0.825366194994767
 0.807110972402949
 0.798630967002618
 0.8271568371089093
 0.8546558670282882
 0.839856089763268
 0.8420512999653509
 0.8572712687926358
 0.8674516457787513
 0.8806647308284596
 0.8851208108380929
 0.8979020163715222
 0.904054108264021
 0.8678923364448695
 0.8729245057929307
 0.8619348813754042
 0.8213601945137452
 0.811979054963624
 0.8227067132092765
 0.8505119171100471
 0.846984145202488
 0.8431694501625043
 0.8567320479691798
 0
 0
 0.7892931470571475
 0.6986132445807937
 0.7907510968354816
 0.7562630721061678
 0.8001919674568496
 0.9138160923233919
 0.8076104884920535
 0.8292183126051067
 0.8391695219170352
 0.8531840311005803
 0.9229720487343449
 0.8648799305118527
 0.8755830546287494
 0.8975267582499119
 0.8877529283362149
 0.9012970101252852
 0.8841279687959677
 0.9453830882057433
 0.9189707192125034
 0.9173055605780851
 0.9002640179948255
 0.8336297283469922
 0.841925928247574
 0.861586630697931
 0.8688550820761263
 0.8947749222545317
 0.8902713932122314
 0.8826595668754263
 0
 0
 0
 0
 0
 0
 0
 0
 0
 0
 0
 0
 0
 0
 0
 0
 0
 0
 0
 0
 0
 0
 0
 0
 0
 0
 0
 0
 0
 0
 0
 0
 0
 0
 0
 0
 0
 0
 0
 0
 0
 0
 0
 0
 0
 0
 0
 0
 0
 0
 0
 0
 0
 0
 0
 0
 0
 0
 0
 0
 0
 0
 0
 0
 0
 0
 0
 0
 0
 0
 0
 0
 0
 0
 0
 0
 0
 0
 0
 0
 0
 0
 0
 0
 0
 0
 0
 0
 0
 0
 0
 0
 0
 0
 0
 0
 0
 0
 0
 0
 0
 0
 0
 0
 0
 0
 0
 0
 0
 0
 0
 0
 0
 0
 0
 0
 0
 0
 0
 0
 0
 0
 0
 0
 0
 0
 0
 0
 0
 0
 0
 0
 0
 0
 0
 0
 0
 0
 0
 0
 0
 0
 0
 0
 0
 0
 0
 0
 0
 0
 0
 0
 0.5509380506762253
 0.5931294081463865
 0.5920627926876934
 0.7028222544462926
 0.7214418328987805
 0.7644130693094795
 0.8457651278943908
 0.8261538973573939
 0.8385077234262288
 0.8642779380206226
 0.8446720562165926
 0.8558924940065025
 0.8579828361556816
 0.8450290857726024
 0.8847839079662252
 0.8793118719710488
 0.9037383124299783
 0.9053322988350559
 0.8675054507299653
 0.8718897132148842
 0.8519035217577947
 0.8041484344550303
 0.81304686443938
 0.8241718208811528
 0.8330195357347578
 0.8371809706145675
 0.8466325849900362
 0.8554071796943246
 0
 0
 0
 0
 0
 0
 0
 0
 0
 0
 0
 0
 0
 0
 0
 0
 0
 0
 0
 0
 0
 0
 0
 0
 0
 0
 0
 0
 0
 0
 0
 0
 0
 0
 0
 0
 0
 0
 0
 0
 0
 0
 0
 0
 0
 0
 0
 0
 0
 0
 0
 0
 0
 0
 0
 0
 0
 0
 0
 0


