# Created by Octave 3.8.2, Sat Nov 21 00:59:38 2015 CET <dkottke@snake7>
# name: mus
# type: matrix
# ndims: 3
 1 30 19
 0
 0
 0.4937343358395991
 0.6994949494949495
 0.5189873417721518
 0.5037878787878789
 0.5087719298245613
 0.5204081632653061
 0.5189393939393939
 0.5666666666666668
 0.625631313131313
 0.6792929292929294
 0.6910256410256413
 0.7130102040816325
 0.6884615384615385
 0.6979166666666666
 0.6737709576584255
 0.6742424242424242
 0.6265664160401001
 0.6421052631578947
 0.6115288220551377
 0.6616161616161615
 0.6763285024154589
 0.6666666666666667
 0.6506666666666667
 0.8276923076923078
 0.8647186147186147
 0.8660714285714286
 0.86391419674778
 0.8487179487179488
 0
 0
 1
 0.5
 1
 0.6
 0.9
 0.7
 0.8
 0.4
 0.5333333333333333
 0.5
 0.6
 0.5666666666666667
 0.7333333333333332
 0.6333333333333333
 0.6666666666666666
 0.8333333333333333
 0.7333333333333333
 0.7
 0.71
 0.8099999999999999
 0.8400000000000001
 0.74
 0.8
 0.66
 0.66
 0.8266666666666668
 0.7933333333333334
 0.5333333333333334
 0
 0
 1
 0.7108905971249232
 0.885476282838251
 0.6976356660270067
 0.7703561995648801
 0.7232910658811462
 0.6533147005857419
 0.684236182586519
 0.5320006955812067
 0.4979146930329
 0.6392142213953782
 0.6466778637509949
 0.6616519787651975
 0.6316316519623225
 0.6648981086045546
 0.7039099700478583
 0.6814306916816688
 0.6944080125601872
 0.7240767418159678
 0.7078873057811388
 0.7637684252382794
 0.7414952853457792
 0.7522810225664354
 0.6353228651631111
 0.6974165304163643
 0.7392759847400859
 0.6736056026359033
 0.6433949516967226
 0
 0
 1
 0.7013972910058816
 1
 0.7235814182326239
 0.8631808219411535
 0.8268660218200249
 0.8236639256187508
 0.5848287309568948
 0.6224861626191884
 0.5638169595843532
 0.667933889905865
 0.6596201619294727
 0.7003478164855375
 0.6490389100581758
 0.7131063774368634
 0.7321663401574343
 0.7157016802984337
 0.7124149212783497
 0.6849498869683526
 0.6828641677325991
 0.7493366017865594
 0.7425063566814544
 0.7749360486715017
 0.6362736848709244
 0.6871758222465332
 0.6871172964767239
 0.693628546042401
 0.6669769492954402
 0
 0
 1
 0.75
 1
 0.8333333333333334
 0.7142857142857143
 0.625
 0.8888888888888888
 0.3
 0.6363636363636364
 0.5
 0.4615384615384616
 0.5555555555555556
 0.6
 0.3333333333333333
 1
 1
 1
 1
 1
 0
 1
 0
 0
 1
 0
 0
 1
 1
 0
 0
 1.000000000013792
 0.8888888775778179
 1.175000034207818
 0.7750000029924548
 0.7464285727732008
 0.6428571442930868
 0.9980158743682729
 0.4663716795625964
 0.6386363777919497
 0.547979829035342
 0.5247978190024841
 0.5736335865574866
 0.6251199473410169
 0.4469325568297239
 0.8598788640938733
 0.8747320480253891
 0.8088382139572843
 0.9284051772046884
 0.8045600956259504
 0.475717566377335
 0.6433097604981362
 0.4702628777568088
 0.5885610812342227
 0.8083755389294639
 0.6041900905321467
 0.6250019120104269
 0.8742818048513751
 0.9357560142611666
 0
 0
 1
 0.6641864469215738
 0.7370649581977042
 0.7284219328041879
 0.7828303348708319
 0.7905545765623194
 0.8301526712182605
 0.6864782117412191
 0.6157191118517145
 0.6684260570098399
 0.6615250309759853
 0.6742726153003877
 0.6647931592120631
 0.677674053846274
 0.7008802329913468
 0.7177869474205469
 0.8351172129512687
 0.796314705145116
 0.7028233173357361
 0.8013817261404665
 0.761220429460587
 0.7974627094208444
 0.7359984127436714
 0.7646828461308925
 0.7850426831748971
 0.7251526898680078
 0.7600749011628793
 0.7546127602833228
 0
 0
 1
 0.7144694525256884
 0.9813591544230852
 0.7268993357660415
 0.8253723790104868
 0.7789848333700832
 0.8206075286421493
 0.617810403005855
 0.6262859916020145
 0.5454263835921798
 0.6633513226098545
 0.6385095549680864
 0.7363246286384885
 0.6745255539177992
 0.6968280502316786
 0.7137908103022709
 0.7011366589371273
 0.7229101934514855
 0.7103800507280599
 0.7184142784117371
 0.7464770836692425
 0.7586465734639439
 0.7669565735468289
 0.6280256653521872
 0.6387206506771859
 0.6520069212361954
 0.6920249809263789
 0.6784146109559852
 0
 0
 1
 1
 1
 1
 1
 1
 1
 1
 1
 1
 1
 1
 1
 1
 1
 1
 1
 1
 1
 1
 1
 1
 1
 1
 1
 1
 1
 1
 0
 0
 1.000000000003519
 0.848039131232323
 1.04310003017409
 0.5807959654193657
 0.8336418118414811
 0.7189885001382114
 0.9550504534169407
 0.6261366813698979
 0.5516152906490754
 0.4819734513024071
 0.6228595766895999
 0.5926536376657165
 0.619553334153258
 0.5934227815151814
 0.6176526482470635
 0.6421427187744642
 0.7725860656869092
 0.6717754866560559
 0.6692074771938734
 0.7329415205342003
 0.7941569162325426
 0.7124772578951901
 0.6870012401073553
 0.7474418950792403
 0.7478400259325488
 0.5980819667108939
 0.5842664821049384
 0.7482811271811598
 0
 0
 1
 0.67178401180785
 0.7269915317731043
 0.7326368947530425
 0.7108192979509936
 0.7126907317986677
 0.8489087687614261
 0.7398415864433361
 0.6805137224202171
 0.6218200983256688
 0.9041028622128636
 0.8915696091440781
 0.7688289210959732
 0.925904878358653
 0.817115655723987
 0.6339095087467264
 0.7259273446934653
 0.6578299349480944
 0.7980157202101142
 0.9221123796851676
 0.8215174287519769
 0.710899320803787
 0.8295993983323897
 0.8616625846500687
 0.723031654977056
 0.7115755545221792
 0.7338359709172703
 0.7616680182547311
 0
 0
 0
 0
 0
 0
 0
 0
 0
 0
 0
 0
 0
 0
 0
 0
 0
 0
 0
 0
 0
 0
 0
 0
 0
 0
 0
 0
 0
 0
 0
 0
 0
 0
 0
 0
 0
 0
 0
 0
 0
 0
 0
 0
 0
 0
 0
 0
 0
 0
 0
 0
 0
 0
 0
 0
 0
 0
 0
 0
 0
 0
 0
 0
 0
 0
 0
 0
 0
 0
 0
 0
 0
 0
 0
 0
 0
 0
 0
 0
 0
 0
 0
 0
 0
 0
 0
 0
 0
 0
 0
 0
 0
 0
 0
 0
 0
 0
 0
 0
 0
 0
 0
 0
 0
 0
 0
 0
 0
 0
 0
 0
 0
 0
 0
 0
 0
 0
 0
 0
 0
 0
 0
 0
 0
 0
 0
 0
 0
 0
 0
 0
 0
 0
 0
 0
 0
 0
 0
 0
 0
 0
 0
 0
 0
 0
 0
 0
 0
 0
 0
 0
 1
 1
 1
 1
 1
 1
 1
 1
 1
 1
 1
 1
 1
 1
 1
 1
 1
 1
 1
 1
 1
 1
 1
 1
 1
 1
 1
 1
 0
 0
 0
 0
 0
 0
 0
 0
 0
 0
 0
 0
 0
 0
 0
 0
 0
 0
 0
 0
 0
 0
 0
 0
 0
 0
 0
 0
 0
 0
 0
 0
 0
 0
 0
 0
 0
 0
 0
 0
 0
 0
 0
 0
 0
 0
 0
 0
 0
 0
 0
 0
 0
 0
 0
 0
 0
 0
 0
 0


