# Created by Octave 3.8.2, Mon Nov 16 07:56:40 2015 CET <dkottke@snake7>
# name: mus
# type: matrix
# ndims: 3
 1 30 19
 0
 0
 0.6618357487922707
 0.9807692307692307
 0.975609756097561
 0.8872549019607843
 0.891625615763547
 0.8942307692307693
 0.9661835748792271
 0.9450000000000001
 0.9617224880382773
 0.9558823529411765
 0.9615384615384616
 0.9489795918367349
 0.9487179487179488
 0.9759615384615384
 0.9803921568627452
 0.9747474747474748
 0.9712918660287081
 0.97
 0.9735449735449736
 0.9747474747474748
 0.9758454106280193
 0.9756944444444444
 0.98
 0.9807692307692308
 0.9841269841269841
 0.9846938775510204
 0.9852216748768473
 0.9833333333333334
 0
 0
 1
 0.5
 0.8
 1
 1
 1
 1
 1
 0.9
 1
 1
 0.9333333333333332
 1
 1
 1
 1
 1
 1
 1
 0.95
 0.96
 0.96
 0.96
 0.96
 0.9666666666666668
 0.96
 0.9666666666666668
 0.9666666666666668
 0
 0
 1
 0.7213987166644505
 0.7914880101086355
 0.8827647994793819
 0.9366519157111408
 0.9233770729094162
 0.9534337854996295
 0.9254097740582302
 0.9275752519207349
 0.9525367011527965
 0.9338982501339279
 0.9548635820017418
 0.9261220043958557
 0.9873302220077722
 0.9546465513583988
 0.9773514447939624
 0.9734571584899787
 0.9686957445414437
 0.9818714776664429
 0.9503667273205728
 0.9640348009092966
 0.9719041827308003
 0.9725473658254777
 0.9755902485073555
 0.9662592922955795
 0.9587361939404547
 0.9753023012173364
 0.976123825720336
 0
 0
 0.9999999999713179
 0.539682017431502
 0.7232745862180501
 0.8062798331981297
 0.7891792895311264
 0.8465852412929236
 0.8256389995349653
 0.8378806349442276
 0.8429275107188592
 0.8488758920582898
 0.8600519086708485
 0.8713158410993823
 0.877445908459451
 0.8663296046807899
 0.8758416764104298
 0.8821631325059344
 0.8893112291053287
 0.8924722213478914
 0.8969576362417531
 0.8719993949709851
 0.8726484899088801
 0.8736786530767032
 0.8868687467979598
 0.8948590746391443
 0.8893660601728267
 0.895810325798763
 0.901288275633141
 0.9021106061535963
 0
 0
 0.9999999999836928
 0.6294979095482247
 0.7920791140400425
 0.8149162500927695
 0.8267212028045455
 0.8392539853064042
 0.8168726662681985
 0.8287923327418809
 0.8310404914811753
 0.8496392794179091
 0.8607164084083964
 0.8558716435191002
 0.8734103431993767
 0.878977040382562
 0.8714704599132528
 0.8896496536283959
 0.8782585112123561
 0.8905470160684372
 0.8977918197575374
 0.877479822189956
 0.8791117175199171
 0.8748872504114409
 0.887183036738628
 0.8878208749782269
 0.8915988167561717
 0.893137694841532
 0.8990166149180165
 0.8995514324209728
 0
 0
 0.9999999944447009
 0.5695894667504975
 0.5993602592484073
 0.8008871330340971
 0.7505959996049325
 0.8212244083841946
 0.8204391651858325
 0.8063147152285098
 0.8909887587052133
 0.9267697051014685
 0.8152747872348328
 0.9426270589932128
 0.8825541449121937
 0.8492334434737525
 0.8617600534001003
 0.9328540456022507
 0.8896683704410246
 0.8441381311682099
 0.9452133861197983
 0.8667158451113001
 0.8749471543447835
 0.8103347980058206
 0.8974513745418504
 0.9221947297845426
 0.9881605944049653
 0.9853366130981844
 0.9165965477255298
 0.8729169927638168
 0
 0
 1
 0.8126869384816684
 0.822201414330212
 0.7733100413350515
 0.8218590380471776
 0.8326639363268816
 0.8202495509485566
 0.793487124506537
 0.8231289536138253
 0.8371651803401343
 0.8586833128757603
 0.8211667597397035
 0.8677231526705184
 0.8587933701554504
 0.8622199298374263
 0.8946778048591771
 0.882047204146034
 0.8558575397128462
 0.8627434172820155
 0.9104751453657007
 0.8925113410721704
 0.8836952519567907
 0.9083537010418197
 0.8755839445215401
 0.898018920970919
 0.8955701683934792
 0.8989307362767307
 0.9146382871863143
 0
 0
 0.9999999999788235
 0.5736761421466813
 0.7400163317269707
 0.7686917811024032
 0.7413466323753941
 0.7897358066181844
 0.8002565614349668
 0.8543071028622896
 0.870060316457846
 0.8802225688066163
 0.8881222637073365
 0.8994923408528115
 0.9199576888532949
 0.9020586609720784
 0.914377157882279
 0.9263437397554335
 0.9283765450491976
 0.9381260718354989
 0.9401674254665003
 0.9181397147287005
 0.9295482693327047
 0.9324146931989515
 0.9384585073184933
 0.944315489412305
 0.9447275885933351
 0.951038078871781
 0.9522550479999733
 0.9536713555026312
 0
 0
 0.9999999999790297
 0.6708615896154465
 0.7453308078705461
 0.7637933126662828
 0.7615654658631692
 0.7887051571959184
 0.7735052003690971
 0.8348617686900057
 0.8739300475407762
 0.8668182534724829
 0.8898337366478352
 0.8895857417325214
 0.9079253515206422
 0.9179515171227527
 0.9040905615713761
 0.9334650461500924
 0.9281924992904252
 0.9330723669793513
 0.9429425148475393
 0.9228127115311766
 0.9243905162861269
 0.9288107818865855
 0.9360459677377421
 0.9424854983345202
 0.9479543753306034
 0.9430512947610131
 0.9520237946763312
 0.9524029235072529
 0
 0
 0.9999999999736739
 0.5832926421420861
 0.6045832702463018
 0.7379565725065503
 0.7807209529676855
 0.7836885156151152
 0.8255046857192955
 0.8452981470307289
 0.819331557026923
 0.859062671345082
 0.8611571303522276
 0.9002141833247579
 0.8902162350912844
 0.9059890646960447
 0.8835155381890971
 0.9232480263036088
 0.9276492993463994
 0.9123844345838574
 0.9526124321156758
 0.9176658994987976
 0.9894190577613832
 0.9147004589858281
 0.9400969550082214
 0.9423765448976421
 0.9371951392104816
 0.9395605200182902
 0.9446215217095265
 0.9483834205032829
 0
 0
 1
 0.8158228221154755
 0.865242353951319
 0.7801677428776527
 0.8798926919869944
 0.8092018797811237
 0.7913582031207282
 0.7966605174388914
 0.8066172110147213
 0.8510391494244164
 0.8141482300216715
 0.8479126245308972
 0.8333442714047534
 0.8593140026353078
 0.8626524119662873
 0.8861291957079948
 0.8709628016381171
 0.8957517911709728
 0.8975956820913946
 0.8988334595655531
 0.890198472615835
 0.8917135880946807
 0.8877446711080813
 0.9132246347579741
 0.9141096818417689
 0.9188521319606533
 0.9158713680925459
 0.9144786127809402
 0
 0
 0
 0
 0
 0
 0
 0
 0
 0
 0
 0
 0
 0
 0
 0
 0
 0
 0
 0
 0
 0
 0
 0
 0
 0
 0
 0
 0
 0
 0
 0
 0
 0
 0
 0
 0
 0
 0
 0
 0
 0
 0
 0
 0
 0
 0
 0
 0
 0
 0
 0
 0
 0
 0
 0
 0
 0
 0
 0
 0
 0
 0
 0
 0
 0
 0
 0
 0
 0
 0
 0
 0
 0
 0
 0
 0
 0
 0
 0
 0
 0
 0
 0
 0
 0
 0
 0
 0
 0
 0
 0
 0
 0
 0
 0
 0
 0
 0
 0
 0
 0
 0
 0
 0
 0
 0
 0
 0
 0
 0
 0
 0
 0
 0
 0
 0
 0
 0
 0
 0
 0
 0
 0
 0
 0
 0
 0
 0
 0
 0
 0
 0
 0
 0
 0
 0
 0
 0
 0
 0
 0
 0
 0
 0
 0
 0
 0
 0
 0
 0
 0
 0.97820043719669
 0.6005959311915936
 0.7267124838617236
 0.7531398493725406
 0.7586637666279561
 0.7706916555288787
 0.7739755530821357
 0.8499357477882985
 0.8751027321705506
 0.8706507553569538
 0.8861086063549748
 0.8893730774812321
 0.9011859772969887
 0.9113756280962367
 0.9004693264062641
 0.9362094771435576
 0.9249915622033205
 0.9313619911583504
 0.9458814986594652
 0.9224241681664561
 0.9276660662056799
 0.9269545415704825
 0.9385031296617455
 0.941343043611345
 0.946891929734743
 0.9440005360294723
 0.9503816172194085
 0.9518998673646369
 0
 0
 0
 0
 0
 0
 0
 0
 0
 0
 0
 0
 0
 0
 0
 0
 0
 0
 0
 0
 0
 0
 0
 0
 0
 0
 0
 0
 0
 0
 0
 0
 0
 0
 0
 0
 0
 0
 0
 0
 0
 0
 0
 0
 0
 0
 0
 0
 0
 0
 0
 0
 0
 0
 0
 0
 0
 0
 0
 0


