# Created by Octave 3.8.2, Fri Nov 20 20:44:14 2015 CET <dkottke@snake10>
# name: mus
# type: matrix
# ndims: 3
 1 30 19
 0
 0
 0.5169727323316642
 0.5824053452115813
 0.5571030640668521
 0.5535117056856186
 0.5625347415230685
 0.55859375
 0.6823003908431037
 0.6988826815642457
 0.6492709744243493
 0.6442953020134221
 0.6061872909698998
 0.6523437500000001
 0.6638655462184874
 0.6556919642857143
 0.6275630252100838
 0.6515151515151517
 0.6587745960646295
 0.6511235955056178
 0.6476190476190475
 0.6421000124703831
 0.6529171311780009
 0.6604729729729728
 0.6664788732394369
 0.6618357487922706
 0.6618967452300784
 0.6582031249999999
 0.6843715239154617
 0.6875706214689264
 0
 0
 0
 0.5
 0.6
 0.3
 0.4
 0.9
 1
 0.9
 0.3333333333333333
 0.5666666666666667
 0.4333333333333333
 0.6333333333333333
 0.5333333333333333
 0.5666666666666667
 0.5833333333333333
 0.6166666666666666
 0.7166666666666666
 0.75
 0.72
 0.5800000000000001
 0.65
 0.7
 0.6
 0.5466666666666666
 0.66
 0.6133333333333333
 0.5800000000000001
 0.6333333333333333
 0
 0
 0.4040006159616456
 0.6301422262173333
 0.7204909093615222
 0.7462917484973817
 0.7334558310272916
 0.7966678869101472
 0.7727966225564211
 0.6884503196453761
 0.5292664961890927
 0.5975523648902812
 0.5508794002445119
 0.4737402978943666
 0.4228664769421753
 0.4421385316840521
 0.5165665723809814
 0.6008035853500826
 0.5258734538364123
 0.5945127589981722
 0.6302504939336273
 0.6654157909799082
 0.6894310407814369
 0.7317884176634901
 0.6454871281934863
 0.6186829284633024
 0.6986587646652058
 0.6176778401897685
 0.6025065581291049
 0.647551060749185
 0
 0
 0.1666565858484287
 0.4945626924650273
 0.5665312595178404
 0.4662253192279917
 0.5073187041374713
 0.6266026800218473
 0.7055772936479103
 0.6327863068875644
 0.4379899100823496
 0.529532073881416
 0.4963832575738835
 0.4832041601388735
 0.4786286089780385
 0.5160949770573892
 0.5670180728915903
 0.5877735152231546
 0.5696589290039216
 0.5762483592115494
 0.6018504863107941
 0.627144126425823
 0.6368886957569818
 0.6339710648953523
 0.5880740364317406
 0.5951590425984726
 0.6132090774230907
 0.5695889479302987
 0.5687408062692718
 0.5800881369834665
 0
 0
 0
 0.5
 0.8
 0.6666666666666666
 0.4285714285714285
 0.375
 0.6666666666666666
 1
 0.4545454545454545
 0.75
 0.5384615384615384
 0.5555555555555556
 0.2
 0.6666666666666666
 0.5
 1
 0
 1
 1
 1
 1
 1
 0
 1
 1
 1
 1
 1
 0
 0
 0.2499835094187489
 0.5334340877545768
 0.6104362716324002
 0.6679698850628943
 0.5427144549120082
 0.6094767426904926
 0.6694931609354936
 0.6281347974805809
 0.4398013007633399
 0.5546844237393107
 0.4989758679449098
 0.479832836497989
 0.4714899775156376
 0.5364439857158495
 0.5541069228438006
 0.6875619555710279
 0.5405262467233821
 0.5923838341682347
 0.669141936433729
 0.6255049521250842
 0.6331534710538748
 0.6035233420730982
 0.564078445753829
 0.6978295602377893
 0.6246366053053918
 0.6000983372959443
 0.5678202941494122
 0.5953229999153561
 0
 0
 0.3678794411714423
 0.6055563018766076
 0.6883575598845025
 0.7681936409755306
 0.7405577632818512
 0.7677393873233259
 0.7912448998028955
 0.685849709807534
 0.5821762144285934
 0.6828488086621231
 0.6514590496225688
 0.6436805916740423
 0.6114756542889888
 0.6219058158645772
 0.6541179193966042
 0.7378392192140919
 0.717092800342453
 0.6710453525888066
 0.7343394480982537
 0.6954806138555638
 0.7384716017731101
 0.7274085883789221
 0.7092062821611027
 0.7122717786619531
 0.7053202550907317
 0.6724895187955892
 0.6975566045904403
 0.6978543227407598
 0
 0
 0.1666509263636117
 0.4567071603419086
 0.528587378895281
 0.5079364810760244
 0.6041642294257539
 0.6815415663380928
 0.6957829217474657
 0.573258118790791
 0.4350005886019342
 0.5208046339152722
 0.4902075936740505
 0.4931674059950966
 0.49006737291446
 0.5353182563768581
 0.5767028187240113
 0.6034879146302924
 0.5976628734571743
 0.5997669984242036
 0.6256791417234302
 0.6431106979321773
 0.6596672036066547
 0.6570184238395123
 0.6069034547461084
 0.6165244317438049
 0.6268251169221705
 0.5860382100482212
 0.5774688039249608
 0.5870658955948728
 0
 0
 0.998644415144021
 0.9999999999999939
 0.9999999999999793
 0.9999999999788857
 0.9999999997754822
 0.9999999968761695
 0.9999999999999998
 0.9999999999994613
 0.9999999999999999
 0.9995870833144271
 0.997134832959983
 0.9784856006789189
 0.9796522161379883
 0.9723167306434433
 0.9800061574869045
 0.9734359605331359
 0.9637320387089444
 0.970262493688541
 0.9580060521476185
 0.9703392438930052
 0.962223263273012
 0.9585629605217503
 0.9522877342511795
 0.9566355102326706
 0.9596204902360813
 0.9566893481223113
 0.9409350980082106
 0.9395608117348668
 0
 0
 0.2501157798288455
 0.5194601165104858
 0.5627013279618037
 0.597524877709502
 0.6159067516455989
 0.6639231765731964
 0.6683052265835273
 0.5889198150514044
 0.4293033071846339
 0.5230696426172989
 0.5181432904902199
 0.4752198453055737
 0.4810756199861949
 0.5276784035246703
 0.5560130567088835
 0.5905886214924064
 0.5710383618972319
 0.5891650121642477
 0.6445930521530401
 0.6414903242591196
 0.6464827617393196
 0.6487591383673618
 0.5977514915315569
 0.6281780109963629
 0.6279185912549123
 0.5797087586181124
 0.572053743119412
 0.5864416173159924
 0
 0
 0.3678794411714423
 0.6254784355195089
 0.7852035014136646
 0.7124587837491227
 0.7215814052535916
 0.7602323663798564
 0.7546580574053643
 0.6833892895162625
 0.6145486993139474
 0.6576095741075042
 0.6015850377707139
 0.6390881495729047
 0.6134049241372129
 0.7476303814373757
 0.6494278589015235
 0.6869865381131338
 0.6863777737810406
 0.6753161205919641
 0.6883755529363129
 0.6852051915174281
 0.6852236321790433
 0.7272344390791985
 0.6936491756707946
 0.686214378030068
 0.6921542526958999
 0.6569859749885102
 0.657311298395564
 0.7363505071915284
 0
 0
 0
 0
 0
 0
 0
 0
 0
 0
 0
 0
 0
 0
 0
 0
 0
 0
 0
 0
 0
 0
 0
 0
 0
 0
 0
 0
 0
 0
 0
 0
 0
 0
 0
 0
 0
 0
 0
 0
 0
 0
 0
 0
 0
 0
 0
 0
 0
 0
 0
 0
 0
 0
 0
 0
 0
 0
 0
 0
 0
 0
 0
 0
 0
 0
 0
 0
 0
 0
 0
 0
 0
 0
 0
 0
 0
 0
 0
 0
 0
 0
 0
 0
 0
 0
 0
 0
 0
 0
 0
 0
 0
 0
 0
 0
 0
 0
 0
 0
 0
 0
 0
 0
 0
 0
 0
 0
 0
 0
 0
 0
 0
 0
 0
 0
 0
 0
 0
 0
 0
 0
 0
 0
 0
 0
 0
 0
 0
 0
 0
 0
 0
 0
 0
 0
 0
 0
 0
 0
 0
 0
 0
 0
 0
 0
 0
 0
 0
 0
 0
 0
 0.9999739765990253
 0.9999999977307479
 0.9999999999999827
 0.9999999996559445
 0.9999999999999991
 0.9999999392053346
 0.9999998050343859
 0.9999999888909863
 0.9981220980873466
 0.9998459688132384
 0.9884719111979007
 0.9903892919713708
 0.9905561833575248
 0.9747880284307823
 0.9720246458832359
 0.9700580448863241
 0.9615464601204465
 0.965773963182909
 0.9535576446868466
 0.9584960805267675
 0.9571160487276799
 0.9558846582659082
 0.9543615671709175
 0.9519757604301188
 0.9550371365621165
 0.9459711454712706
 0.9435719794562873
 0.9415527125182146
 0
 0
 0
 0
 0
 0
 0
 0
 0
 0
 0
 0
 0
 0
 0
 0
 0
 0
 0
 0
 0
 0
 0
 0
 0
 0
 0
 0
 0
 0
 0
 0
 0
 0
 0
 0
 0
 0
 0
 0
 0
 0
 0
 0
 0
 0
 0
 0
 0
 0
 0
 0
 0
 0
 0
 0
 0
 0
 0
 0


