# Created by Octave 3.8.2, Sat Nov 21 00:06:00 2015 CET <dkottke@snake3>
# name: mus
# type: matrix
# ndims: 3
 1 30 19
 0
 0
 0.5989974937343361
 0.5025252525252525
 0.5012658227848101
 0.5025252525252525
 0.4962406015037595
 0.5127551020408163
 0.514520202020202
 0.5102564102564102
 0.5132575757575757
 0.5126262626262627
 0.507948717948718
 0.5127551020408163
 0.582051282051282
 0.5651041666666666
 0.5660699062233588
 0.5643939393939393
 0.5513784461152882
 0.6157894736842106
 0.7644110275689221
 0.6325757575757576
 0.7107132708155728
 0.7109375
 0.7040000000000001
 0.7184615384615385
 0.7788600288600288
 0.7525510204081634
 0.7789182331910969
 0.7897435897435898
 0
 0
 0.3333333333333333
 1
 0.8
 0.6
 0.9
 0.9
 0.9
 0.9
 0.9
 1
 1
 1
 0.9333333333333333
 0.9333333333333333
 0.9333333333333333
 0.95
 0.95
 0.9
 0.8
 0.8099999999999999
 0.8699999999999999
 0.8799999999999999
 0.8799999999999999
 0.8866666666666667
 0.82
 0.8466666666666667
 0.86
 0.9
 0
 0
 0.5461698552000098
 0.8665523264695267
 0.8881963637446089
 0.8408948253288664
 0.9150722378444625
 0.915717258822859
 0.914242310852259
 0.9538551992055153
 0.9381063894769618
 0.9571424082977085
 0.9480313766535328
 0.9591260727372687
 0.9218517839846483
 0.9422966423783815
 0.9201294177254103
 0.9484023271124647
 0.9457962333596819
 0.9478866076931042
 0.9078292465640311
 0.8854366999548809
 0.8840587048039827
 0.8817408649874513
 0.8647088394113672
 0.880353443846126
 0.8908732813473728
 0.8882106429819411
 0.9165520928088869
 0.8990424055908943
 0
 0
 0.3571068088577493
 0.8765409971804469
 0.7587538978064498
 0.8076329472204559
 0.8787713445825777
 0.9027603809558019
 0.8911407962863812
 0.9302223218532181
 0.926756605405519
 0.9567247848349505
 0.9692094325326257
 0.9682642105788296
 0.9205418328773193
 0.9203803886132315
 0.9308161180318111
 0.9292459913488957
 0.9350729985192953
 0.9223315218534844
 0.8630404455605537
 0.8280623150649775
 0.8276447391638603
 0.8399521771737776
 0.8434958263706904
 0.8480896847003919
 0.8497607198835151
 0.8550770884008949
 0.8642250175622227
 0.8692256353271018
 0
 0
 0
 1
 0.8
 0.6666666666666666
 1
 1
 0.8888888888888888
 1
 1
 1
 1
 1
 1
 1
 1
 1
 1
 1
 1
 1
 1
 1
 1
 1
 1
 1
 1
 1
 0
 0
 1.332489483175653e-11
 0.9256932881526274
 0.8810434163463453
 0.8238003309337438
 0.9890916393099493
 0.9824930060089613
 0.909919007660859
 0.9426684544874168
 0.927307259665041
 0.9653170959607151
 0.9696388371431954
 0.9734400551204653
 0.9176503482352121
 0.9355766934251679
 0.9481447941203764
 0.9239775115413645
 0.9507648606486494
 0.9279610849238011
 0.8771538612998927
 0.7963260331375113
 0.8355023029346825
 0.8593774292855583
 0.8392889424623721
 0.9074298681076891
 0.9122735183778645
 0.7612323451860404
 0.8683516919178924
 0.9165892467069222
 0
 0
 0.5785862941142949
 0.6250468313269587
 0.8098683035867871
 0.8696691173971316
 0.870213810355116
 0.8919380075748551
 0.9101166510668703
 0.9446350265789183
 0.9241331022626306
 0.8796182495861643
 0.9410491684236606
 0.8955544825445444
 0.9200458932256135
 0.917237158391882
 0.9485729177188225
 0.9136208999251654
 0.9351064882443431
 0.8804983598084493
 0.8865729272954133
 0.8765833299880874
 0.8361137893070564
 0.909564924343039
 0.9003910941904918
 0.9045753952847841
 0.8827372061557489
 0.8837573695056647
 0.9316489872744632
 0.918816091749477
 0
 0
 0.3723579660925361
 0.8109385310755438
 0.7741668982844173
 0.7976303794286104
 0.881844654995012
 0.8928591485028559
 0.8808387184969169
 0.912547723953159
 0.8900070245083795
 0.921226650433444
 0.9233986761963447
 0.9115671062724576
 0.8704340995865609
 0.876506130521669
 0.8820993970499076
 0.8833901526262041
 0.8839327881034393
 0.8730768963369627
 0.8312121518293012
 0.7932755509770705
 0.7829423367214934
 0.8017628819343383
 0.7988999853667045
 0.7993930822014778
 0.7979308368862671
 0.8126867596078033
 0.8204404476992476
 0.8276527492054997
 0
 0
 0.9428497434850482
 0.9183530957323721
 0.9408019654459896
 0.9619038109370179
 0.9190829937238661
 0.9387462677808757
 0.9072983061029081
 0.9012232927106035
 0.9093880531528341
 0.9257248128191178
 0.9107584054820814
 0.9112129053912678
 0.9125839411686945
 0.9050292391067902
 0.9201365336404134
 0.9044099109551684
 0.9054723877246635
 0.9165661339662974
 0.8954077068673821
 0.9087144471569055
 0.9035670451493926
 0.912064879174346
 0.8985219201644097
 0.9021269501683006
 0.9074371523293938
 0.9143821841444745
 0.9061488080827437
 0.8961462032496289
 0
 0
 2.335559289816522e-14
 0.9098340256435457
 0.9319893693029467
 0.9668361632471744
 0.9661158968408601
 0.9715466378057783
 0.9366861114042249
 0.9314552848241938
 0.9205145138901982
 0.9506815768336957
 0.9878919176066666
 0.9804876955583243
 0.9082241618394968
 0.9396264579078308
 0.9423015560954383
 0.9387964060894212
 0.933529225455173
 0.9250784887991663
 0.8576569487360993
 0.8232985208834924
 0.836806472132016
 0.8381354661254897
 0.8429680343361569
 0.83196270395773
 0.8449744693520909
 0.8468181539942645
 0.8594832503403518
 0.8634540930542871
 0
 0
 0.5785862941142949
 0.620892374734431
 0.7727027691699452
 0.8629813093735327
 0.8052427673509075
 0.8764524563256814
 0.9325795089706135
 0.939716894923503
 0.946386968978902
 0.6267875698940796
 0.8670196817599343
 0.8864198273014947
 0.9761049478095006
 0.9470645538902009
 0.8879014209149237
 0.8954009291768
 0.9159486175499554
 0.900283955627561
 0.8746968928151798
 0.8108263528357432
 0.8494403655970345
 0.9388339888081677
 0.848055254183563
 0.8763751080053216
 0.9192645487108266
 0.9147247696699065
 0.889343914895385
 0.9354761633359086
 0
 0
 0
 0
 0
 0
 0
 0
 0
 0
 0
 0
 0
 0
 0
 0
 0
 0
 0
 0
 0
 0
 0
 0
 0
 0
 0
 0
 0
 0
 0
 0
 0
 0
 0
 0
 0
 0
 0
 0
 0
 0
 0
 0
 0
 0
 0
 0
 0
 0
 0
 0
 0
 0
 0
 0
 0
 0
 0
 0
 0
 0
 0
 0
 0
 0
 0
 0
 0
 0
 0
 0
 0
 0
 0
 0
 0
 0
 0
 0
 0
 0
 0
 0
 0
 0
 0
 0
 0
 0
 0
 0
 0
 0
 0
 0
 0
 0
 0
 0
 0
 0
 0
 0
 0
 0
 0
 0
 0
 0
 0
 0
 0
 0
 0
 0
 0
 0
 0
 0
 0
 0
 0
 0
 0
 0
 0
 0
 0
 0
 0
 0
 0
 0
 0
 0
 0
 0
 0
 0
 0
 0
 0
 0
 0
 0
 0
 0
 0
 0
 0
 0
 0.8625027760062041
 0.9028175792230461
 0.8977495256362382
 0.9413951796058421
 0.924038920619963
 0.9003442890792867
 0.9174644549853866
 0.9039224643073028
 0.9497530019615681
 0.9074194780937579
 0.9214592177839042
 0.9116519639328604
 0.9132759791464831
 0.9186768261514515
 0.9174055215068766
 0.9144761257903794
 0.9102764485423686
 0.8993573778198879
 0.9045898313288391
 0.9144231064869122
 0.8972258320248514
 0.9104653252958215
 0.9061151421430138
 0.9022786359105703
 0.9024955969306037
 0.9033288336480761
 0.9024187431050045
 0.9067515305005193
 0
 0
 0
 0
 0
 0
 0
 0
 0
 0
 0
 0
 0
 0
 0
 0
 0
 0
 0
 0
 0
 0
 0
 0
 0
 0
 0
 0
 0
 0
 0
 0
 0
 0
 0
 0
 0
 0
 0
 0
 0
 0
 0
 0
 0
 0
 0
 0
 0
 0
 0
 0
 0
 0
 0
 0
 0
 0
 0
 0


