# Created by Octave 3.8.2, Fri Nov 20 20:10:15 2015 CET <dkottke@snake3>
# name: mus
# type: matrix
# ndims: 3
 1 30 19
 0
 0
 0.4974958263772958
 0.4972160356347439
 0.5281337047353757
 0.496655518394649
 0.592551417454141
 0.6484375
 0.6286990508096034
 0.6569832402234635
 0.6574774918333206
 0.6621923937360179
 0.6616499442586395
 0.6563895089285717
 0.6565826330532211
 0.6534598214285714
 0.651802054154995
 0.6195286195286198
 0.6312989921612542
 0.6494382022471907
 0.6275630252100841
 0.6348048385085422
 0.636194723151245
 0.6469594594594593
 0.6304225352112677
 0.64065403195838
 0.6254208754208757
 0.6344866071428573
 0.6395995550611788
 0.6288135593220338
 0
 0
 1
 1
 0.4
 0.5
 0.3
 0.4
 0.7
 0.6
 0.5333333333333333
 0.6666666666666666
 0.6
 0.6
 0.6666666666666666
 0.6833333333333333
 0.7333333333333333
 0.3833333333333333
 0.4666666666666666
 0.45
 0.48
 0.46
 0.48
 0.49
 0.5599999999999999
 0.54
 0.6
 0.6
 0.5199999999999999
 0.6
 0
 0
 1
 1
 0.6409383220259552
 0.5890030464102385
 0.3906130469074351
 0.4808097921430424
 0.5335865794410476
 0.5994928311462594
 0.5343924653498382
 0.5992404737249538
 0.5674163899012021
 0.5085063569584851
 0.568935527614441
 0.5971541165321667
 0.6358638446355016
 0.5606644331394961
 0.4108195272921322
 0.3799894386681283
 0.4112391406916411
 0.224083737988825
 0.4780683032091808
 0.5622620643364165
 0.5662683110041571
 0.5950622998435171
 0.5076230910637165
 0.522109812059544
 0.6174176730860454
 0.6099487538740015
 0
 0
 0.9999999998893243
 0.9999999999925241
 0.4588239226178936
 0.3967228631465417
 0.368956347248015
 0.6173704034596486
 0.5146645068308641
 0.5865486868999481
 0.4872181949318172
 0.5587890208360889
 0.5054259235003035
 0.4370448908993269
 0.5175830743346114
 0.5850096976238593
 0.6249104867155939
 0.4007150448143001
 0.4565220071005375
 0.4770885930153567
 0.4415775617608889
 0.4685291993622683
 0.5105198346275266
 0.5296959059307634
 0.5166439762564473
 0.5409682506280925
 0.5164308814666261
 0.5333199453624554
 0.556181920188912
 0.551911365902588
 0
 0
 1
 1
 0
 0.6666666666666666
 0
 0.375
 0.6666666666666666
 0.4
 0.5454545454545454
 0.75
 0.5384615384615384
 0.3333333333333333
 0.8
 0.6666666666666666
 1
 0
 0
 1
 1
 0
 1
 0
 0
 1
 0
 1
 0
 0
 0
 0
 0.9999999999019219
 0.9999999999981024
 0.1418795760580376
 0.551495759902947
 0.1543941321783781
 0.5124068084872868
 0.5515447187567643
 0.5253135659678918
 0.5012170085303794
 0.6489175194796545
 0.5017331987617465
 0.3979997234058359
 0.6063324825214051
 0.6211644611665064
 0.7259323674935398
 0.2974140844922505
 0.3710771145182727
 0.554552145543573
 0.52735682181735
 0.4407641479842841
 0.6146375910109388
 0.5273116721281123
 0.3882668388467105
 0.5053789947848432
 0.4418897905718482
 0.5895833658089574
 0.4652165600017028
 0.4284188774578056
 0
 0
 1
 1
 0.6387184517690614
 0.5323930321353478
 0.5821292632757226
 0.6570754322298249
 0.5944087806842886
 0.6582382074036859
 0.6419504080895727
 0.6432691231939558
 0.7216294253098501
 0.5174281460139563
 0.6477221121177053
 0.6562423037733975
 0.6568518113652009
 0.600516114138507
 0.599067081558009
 0.5825546013046307
 0.614465941440652
 0.5799102463604586
 0.5956759997690522
 0.6250840508778753
 0.5710475570492778
 0.625298393753654
 0.5788917902573953
 0.5911752267781265
 0.570544295761414
 0.6119580466647965
 0
 0
 0.9999999999805185
 0.9999999999170673
 0.4337843519235298
 0.4122052601905788
 0.3918940622680775
 0.5663759822973128
 0.480907258389254
 0.5941828185493405
 0.5050615038349088
 0.5464231140012406
 0.5137824731110542
 0.4702493595103801
 0.5185453714311483
 0.5591785753283942
 0.593411869633499
 0.4595564749949958
 0.4845832848954243
 0.4927245308251924
 0.4672032343982406
 0.4832077087316995
 0.512869557632888
 0.5243003598312271
 0.5177264654119805
 0.5225937276917582
 0.5122774722570451
 0.5271583749180028
 0.5338784308079754
 0.5229769345224277
 0
 0
 0.9140859823040424
 0.9216747786581199
 0.9309513037956999
 0.9278212464068832
 0.9288803101142232
 0.9101560789512951
 0.9308797539121725
 0.9297246253684065
 0.9261423762932751
 0.9147316878876565
 0.925019615410322
 0.9263889669616786
 0.8967517491939176
 0.8947961043319116
 0.9053655280885226
 0.9105640605681574
 0.9055081722628919
 0.9031820754319857
 0.9211828469073928
 0.9092322014989285
 0.9072926652124971
 0.8955989274656948
 0.9050061660856009
 0.9032475452531006
 0.9044354898071783
 0.9153412380153423
 0.901827550257959
 0.906517229622222
 0
 0
 0.9999999999953429
 0.9999999999925625
 0.2209156260148126
 0.7139243452113753
 0.2106370208272963
 0.5996122718902661
 0.4805412629261503
 0.5498062504289353
 0.5100008868927656
 0.5499453775279343
 0.5214451288190183
 0.4079596639101093
 0.5231430154018851
 0.5756236631805356
 0.6365593878950843
 0.3920288922965214
 0.4357477391788009
 0.494694331624706
 0.468353665936057
 0.4672456981456668
 0.51154926590484
 0.5432916612806534
 0.5156596798865073
 0.5240413546269242
 0.5106262397094634
 0.5272215663867482
 0.5379752217731582
 0.5406142912010892
 0
 0
 1
 0.9999999999981523
 0.6874997454342743
 0.5406840644298131
 0.6470396340082848
 0.6519941113186336
 0.5544433563653286
 0.6971971325709994
 0.6709754311118544
 0.6221162552011904
 0.7897795293242194
 0.6366641887079854
 0.6404699784596667
 0.6386145556034061
 0.639063311520464
 0.5796235255296435
 0.4311440345726968
 0.597141068858671
 0.5936734490503356
 0.6065457919072114
 0.6121724174507778
 0.5990866258913012
 0.6150355574993293
 0.6134824777325258
 0.5401808719486393
 0.6110316700803891
 0.5939934640637851
 0.5883099167928048
 0
 0
 0
 0
 0
 0
 0
 0
 0
 0
 0
 0
 0
 0
 0
 0
 0
 0
 0
 0
 0
 0
 0
 0
 0
 0
 0
 0
 0
 0
 0
 0
 0
 0
 0
 0
 0
 0
 0
 0
 0
 0
 0
 0
 0
 0
 0
 0
 0
 0
 0
 0
 0
 0
 0
 0
 0
 0
 0
 0
 0
 0
 0
 0
 0
 0
 0
 0
 0
 0
 0
 0
 0
 0
 0
 0
 0
 0
 0
 0
 0
 0
 0
 0
 0
 0
 0
 0
 0
 0
 0
 0
 0
 0
 0
 0
 0
 0
 0
 0
 0
 0
 0
 0
 0
 0
 0
 0
 0
 0
 0
 0
 0
 0
 0
 0
 0
 0
 0
 0
 0
 0
 0
 0
 0
 0
 0
 0
 0
 0
 0
 0
 0
 0
 0
 0
 0
 0
 0
 0
 0
 0
 0
 0
 0
 0
 0
 0
 0
 0
 0
 0
 0.8943336600264663
 0.8853050425036525
 0.9004556275093131
 0.9414453983631961
 0.90420775813945
 0.8932788564802885
 0.9049850172505242
 0.9189251054095793
 0.9210794476911986
 0.919692551161215
 0.9226774507865912
 0.9094356500644982
 0.9284815454273646
 0.916724304131123
 0.904675381093332
 0.9019583356850244
 0.9085076010737323
 0.8999035568520629
 0.9069264971014596
 0.9107219902766917
 0.9032306927729514
 0.9010835870345798
 0.9079168647891901
 0.9022020598730844
 0.9004359449890315
 0.905533384533358
 0.9032459694796864
 0.9034410743369227
 0
 0
 0
 0
 0
 0
 0
 0
 0
 0
 0
 0
 0
 0
 0
 0
 0
 0
 0
 0
 0
 0
 0
 0
 0
 0
 0
 0
 0
 0
 0
 0
 0
 0
 0
 0
 0
 0
 0
 0
 0
 0
 0
 0
 0
 0
 0
 0
 0
 0
 0
 0
 0
 0
 0
 0
 0
 0
 0
 0


