# Created by Octave 3.8.2, Fri Nov 20 21:20:15 2015 CET <dkottke@snake7>
# name: mus
# type: matrix
# ndims: 3
 1 30 19
 0
 0
 0.7318295739348367
 0.8285953177257525
 0.5213389121338913
 0.5251256281407035
 0.5157337788916737
 0.5100671140939598
 0.5121136173767752
 0.5092436974789917
 0.8482068390325264
 0.872053872053872
 0.8745819397993302
 0.8788235294117648
 0.8860759493670877
 0.8893581081081081
 0.901680672268907
 0.9074074074074069
 0.913116123642439
 0.9084745762711863
 0.9081035923141182
 0.9124579124579125
 0.9306020066889633
 0.9277210884353742
 0.8825531914893624
 0.882943143812709
 0.8819444444444445
 0.9489795918367347
 0.950378469301934
 0.9495726495726495
 0
 0
 0.6666666666666666
 1
 1
 1
 1
 1
 1
 1
 0.9
 0.8
 0.8666666666666666
 1
 0.8666666666666668
 0.8666666666666668
 1
 1
 1
 1
 1
 1
 1
 1
 1
 1
 1
 0.9666666666666666
 0.9666666666666666
 0.9666666666666666
 0
 0
 0.7181083994413189
 0.9401400985957805
 0.9270425937777355
 0.9215224476284274
 0.9182457410581732
 0.9230919986758588
 0.9359225644545135
 0.9690857700554919
 0.9628806631526998
 0.9772909879342184
 0.9942424869985562
 0.9693873043653027
 0.9819394126048984
 0.9850331631496968
 0.9934017081829226
 0.9957483244444852
 0.9939319691200083
 0.9985952876470476
 1
 0.9920242229910474
 0.9987338180393758
 1
 1
 1
 0.9990260368797165
 0.9722807812310433
 0.9731027290236048
 0.9782359794717991
 0
 0
 0.7777777778058379
 0.9762000005603705
 0.9900000079388748
 0.9571763790396002
 1
 0.9836424530152039
 0.9853396166075866
 0.9919215957328804
 0.9593673168202497
 0.9926005438133687
 0.9970415500194627
 0.9974490382363798
 0.9977778333006571
 0.9998616770944359
 1
 0.9998758655702451
 0.9995930708634395
 1
 1
 1
 1
 1
 1
 1
 1
 0.9777216823142914
 0.9756721639499617
 0.9836891332332018
 0
 0
 0.6666666666666666
 1
 1
 1
 1
 1
 1
 1
 0.8181818181818182
 1
 1
 1
 1
 1
 1
 1
 1
 1
 1
 1
 1
 1
 1
 1
 1
 1
 1
 1
 0
 0
 0.9999999999904883
 1.190483333484178
 1.200000000026915
 1.066666667005157
 1.06666666807227
 1.078571432349657
 1.012896831406797
 1.021626988193506
 0.8944459980899313
 1.01767676768249
 0.9989511739273471
 1.004960317482718
 0.9950403317823309
 1.006294964092977
 1.000000000108029
 1.000000000169827
 1.00000000024941
 1.000000000369756
 1.000000000266456
 1.000000000425793
 1.000000001065512
 1.00000000137066
 1.000000001833823
 1.000000002439762
 1.000000002996295
 1.031517977539382
 0.8750013925691769
 1.000000006440119
 0
 0
 0.5785862941142949
 0.7539093701190043
 0.8715225009687795
 0.9072515156979686
 0.842987917968178
 0.9132531862028248
 0.9243957964905237
 0.9857169543576745
 0.9480581483594116
 0.9703357825300252
 0.9527333206854107
 0.9823956260329517
 0.9813749008481812
 0.9715405882399528
 0.9982647671996453
 1.002518446054634
 0.9998998906270696
 0.9970241174549118
 0.9959823814706816
 0.9969891521828637
 1.000267859234296
 0.9939218015233255
 0.9944163068048244
 0.9992035916603319
 0.9949602004563946
 0.9657912887973569
 0.9789600849802594
 0.9736994099018305
 0
 0
 0.7777777777814792
 0.8509820614418011
 0.9766671153748733
 0.9206580157096442
 0.9742781403481892
 0.9518263662307707
 0.9668119590468601
 0.9814309921376957
 0.9809386559132971
 0.9819472465000015
 0.98351559448453
 0.982579017414772
 0.986905307560285
 0.9885993581079132
 1
 0.9981174276715362
 0.9948168790179124
 1
 1
 1
 1
 1
 1
 1
 1
 0.9814193983382353
 0.9803308583892404
 0.9772288510029683
 0
 0
 1
 1
 1
 1
 1
 1
 1
 1
 1
 1
 1
 1
 1
 1
 1
 1
 1
 1
 1
 1
 1
 1
 1
 1
 1
 1
 1
 1
 0
 0
 1.000000000069864
 1.096503070486578
 1.187692307940984
 1.003800731014444
 1.071931268210422
 1.096491786319168
 1.044472041709602
 0.9874175629806742
 0.9293499969640324
 0.9961964340967179
 0.9989269056386374
 0.988815741932254
 0.9782542186170419
 0.9858751316177912
 1.000000000000054
 1.000000000000201
 1.000000000000714
 1.000000000002116
 1.000000000005687
 1.000000000015726
 1.000000000000036
 1.000000000000104
 1.000000000000278
 1.000000000000668
 1.000000000001515
 0.8817248904030791
 0.8760388658252337
 1.000000000000052
 0
 0
 0.5785862941142949
 0.7675187872601076
 0.7761481817019171
 0.9582284262898427
 0.8768754572241594
 0.8368212984738959
 1.037334304440784
 1.088885667728888
 0.9949356258560973
 0.9152964543932931
 0.9937322027865794
 0.9766863682242997
 1.091725568988073
 0.9635192570544137
 1.049690814024492
 0.9963844953052909
 1.097630562095782
 0.9996774355684995
 1.026450288720514
 0.9903905044261369
 0.9958632326627624
 1.002797282850584
 0.9931572729746934
 1.01472842584783
 0.9997621956259191
 0.9807220025160092
 0.9870386573948925
 0.9943198614939159
 0
 0
 0
 0
 0
 0
 0
 0
 0
 0
 0
 0
 0
 0
 0
 0
 0
 0
 0
 0
 0
 0
 0
 0
 0
 0
 0
 0
 0
 0
 0
 0
 0
 0
 0
 0
 0
 0
 0
 0
 0
 0
 0
 0
 0
 0
 0
 0
 0
 0
 0
 0
 0
 0
 0
 0
 0
 0
 0
 0
 0
 0
 0
 0
 0
 0
 0
 0
 0
 0
 0
 0
 0
 0
 0
 0
 0
 0
 0
 0
 0
 0
 0
 0
 0
 0
 0
 0
 0
 0
 0
 0
 0
 0
 0
 0
 0
 0
 0
 0
 0
 0
 0
 0
 0
 0
 0
 0
 0
 0
 0
 0
 0
 0
 0
 0
 0
 0
 0
 0
 0
 0
 0
 0
 0
 0
 0
 0
 0
 0
 0
 0
 0
 0
 0
 0
 0
 0
 0
 0
 0
 0
 0
 0
 0
 0
 0
 0
 0
 0
 0
 0
 1
 1
 1
 1
 1
 1
 1
 1
 1
 1
 1
 1
 1
 1
 1
 1
 1
 1
 1
 1
 1
 1
 1
 1
 1
 1
 1
 1
 0
 0
 0
 0
 0
 0
 0
 0
 0
 0
 0
 0
 0
 0
 0
 0
 0
 0
 0
 0
 0
 0
 0
 0
 0
 0
 0
 0
 0
 0
 0
 0
 0
 0
 0
 0
 0
 0
 0
 0
 0
 0
 0
 0
 0
 0
 0
 0
 0
 0
 0
 0
 0
 0
 0
 0
 0
 0
 0
 0


