# Created by Octave 3.8.2, Sat Nov 21 01:59:55 2015 CET <dkottke@snake7>
# name: mus
# type: matrix
# ndims: 3
 1 30 19
 0
 0
 0.4987468671679198
 0.494949494949495
 0.6683544303797468
 0.6224747474747474
 0.6190476190476192
 0.6122448979591837
 0.6098484848484852
 0.6205128205128204
 0.6502525252525253
 0.6641414141414141
 0.6610256410256412
 0.6619897959183675
 0.6974358974358974
 0.6875
 0.6956521739130435
 0.6729797979797979
 0.7719298245614035
 0.8000000000000002
 0.8045112781954886
 0.7891414141414141
 0.8312020460358055
 0.8346354166666666
 0.8346666666666668
 0.8328205128205131
 0.8335738335738336
 0.8456632653061226
 0.8486910390958365
 0.8487179487179488
 0
 0
 1
 1
 0.8
 0.6
 0.8
 0.7
 0.7
 0.8
 0.8666666666666668
 0.8
 0.8666666666666666
 0.7333333333333332
 0.7999999999999999
 0.7999999999999999
 0.8333333333333334
 0.7
 0.7
 0.7
 0.71
 0.76
 0.8300000000000001
 0.9199999999999999
 0.8800000000000001
 0.8800000000000001
 0.8933333333333333
 0.9266666666666667
 0.8666666666666666
 0.8
 0
 0
 1
 1
 0.6967536420580023
 0.5846992468607672
 0.6578463786760216
 0.6857344098524301
 0.6750933047769609
 0.7348915824406586
 0.8435638142783175
 0.6664388538418962
 0.7321936418430155
 0.7635789445117951
 0.800628150617992
 0.7878078314735992
 0.78986557552467
 0.8413335409079099
 0.753266808546915
 0.8453833425112175
 0.8148155317281022
 0.8476139215266861
 0.8508251549296774
 0.87549960237408
 0.8800796847500288
 0.8628351462180373
 0.8979259511275842
 0.9108526347227081
 0.8571211313620518
 0.8724334292484336
 0
 0
 0.9999999999817801
 0.9999999998968379
 0.6972160388672327
 0.4660629256212087
 0.5889893794887696
 0.6372318993451961
 0.6847616612404673
 0.7189132362228637
 0.761127465083446
 0.6086081675064086
 0.66290670488765
 0.6967502482218279
 0.6840704783702158
 0.6736543917404311
 0.7000809885112145
 0.7125879982913297
 0.6982951712718184
 0.719214307798932
 0.734171019091753
 0.7573127157968796
 0.7714987581189007
 0.7927675635918896
 0.7943871733995457
 0.7997051583477371
 0.8060655889589353
 0.8161484409066174
 0.7818119204735264
 0.7805248390260917
 0
 0
 1
 1
 0.8
 0.6666666666666666
 1
 0.875
 0.8888888888888888
 0.9
 0.8181818181818182
 0.5833333333333334
 0.6923076923076923
 0.7777777777777778
 0.6
 0.6666666666666666
 0.5
 0
 1
 1
 1
 0
 1
 1
 1
 1
 1
 1
 1
 1
 0
 0
 0.999999999974242
 0.9999999999993542
 0.6716395029531751
 0.4875821336228172
 0.6577948608888393
 0.6260477291354779
 0.6927091078854745
 0.7615043645562289
 0.7787239133238395
 0.5932195609575853
 0.6361822735935334
 0.7264318205642109
 0.7227968203771171
 0.643764186939729
 0.6819171337414415
 0.6517934864402104
 0.686450376887215
 0.6569459179633127
 0.6805085461055046
 0.7055970130698476
 0.7232734783316553
 0.8597651438191236
 0.9150008660015737
 0.7627093077803579
 0.7582141545311298
 0.8283887751015709
 0.9119655870797514
 0.8031075940457696
 0
 0
 1
 0.9999999999517311
 0.7260382209981728
 0.5985119906110421
 0.6751424052426945
 0.645772378992522
 0.6703688405844288
 0.7779187504577638
 0.7776972709099419
 0.7018738395173646
 0.7666895151544447
 0.7688014508245177
 0.7384075027961541
 0.7750955688661306
 0.7513483124073247
 0.7865400544813769
 0.7779437697545207
 0.7506682237531613
 0.8384053764323761
 0.8065568188970211
 0.7955928093427412
 0.8272094573327861
 0.8193851224898544
 0.8263571615011999
 0.9259085484236724
 0.8497493622050217
 0.8315627275301355
 0.8299433443869716
 0
 0
 0.9999999999686795
 0.9999999999848788
 0.6626876904227581
 0.4159257116921633
 0.5495641726284075
 0.5922616603847219
 0.6537092693344361
 0.7176109462203304
 0.7457965372252799
 0.6437397158229534
 0.678704463241119
 0.7240135298026464
 0.6909809690993461
 0.6905832005362122
 0.7157101200484229
 0.7373616658148205
 0.7194619829078288
 0.7263535661311361
 0.7502479633318279
 0.7737270464148813
 0.7788225324542478
 0.8144770140937806
 0.811162930092908
 0.8162305541996723
 0.8268174164544304
 0.8431029319763366
 0.7971809949972603
 0.8067101178541711
 0
 0
 0.9999961694728844
 0.9999999999325635
 0.9999999991106572
 0.9999999977110252
 0.9999999999999658
 0.9999999999999041
 1
 1
 0.9999999998095993
 0.997131172647173
 0.9931734316378582
 0.9860419719061323
 0.9800379559162985
 0.976633006265356
 0.9696887537885754
 0.9653535992576319
 0.9724184586529795
 0.9683645600479771
 0.9594170266249794
 0.9663817338793711
 0.9699675938580404
 0.9644768132938472
 0.9525692322653844
 0.9442090155526528
 0.9526133460155051
 0.9536606268901728
 0.9433846284917222
 0.9517220352019504
 0
 0
 0.9999999999826851
 0.9999999999999128
 0.6123037851311666
 0.456083998774118
 0.5223333024680418
 0.6748845513734005
 0.6405302069454868
 0.6929489569255993
 0.7781643028075709
 0.6140363091832302
 0.7727401545855073
 0.6888671877394457
 0.7523005102702209
 0.7085669048285353
 0.7101262545270364
 0.7085844527694987
 0.6905555756176167
 0.7684853022737355
 0.8233114903464618
 0.7898119096298077
 0.7403897248460509
 0.7891365256473905
 0.7911955854428686
 0.8173695057671321
 0.828854707243681
 0.830064063647597
 0.8948978771164222
 0.7893259467702705
 0
 0
 1
 1
 0.7269604394787618
 0.5978861847880657
 0.6707081997666599
 0.6148212594659748
 0.648921953691584
 0.7464560947504311
 0.7269303553855221
 0.7014873007919306
 0.7122152447859786
 0.7237780853669704
 0.7169791694600417
 0.7263643941840574
 0.750782112944872
 0.772909876549465
 0.8004702659845635
 0.7640618063851938
 0.7885141770539348
 0.7918877455752982
 0.8280568211695772
 0.8132796061430693
 0.7991055961824927
 0.8168737521151763
 0.8265763076807712
 0.8488644356601471
 0.8072169878578472
 0.8803587198948687
 0
 0
 0
 0
 0
 0
 0
 0
 0
 0
 0
 0
 0
 0
 0
 0
 0
 0
 0
 0
 0
 0
 0
 0
 0
 0
 0
 0
 0
 0
 0
 0
 0
 0
 0
 0
 0
 0
 0
 0
 0
 0
 0
 0
 0
 0
 0
 0
 0
 0
 0
 0
 0
 0
 0
 0
 0
 0
 0
 0
 0
 0
 0
 0
 0
 0
 0
 0
 0
 0
 0
 0
 0
 0
 0
 0
 0
 0
 0
 0
 0
 0
 0
 0
 0
 0
 0
 0
 0
 0
 0
 0
 0
 0
 0
 0
 0
 0
 0
 0
 0
 0
 0
 0
 0
 0
 0
 0
 0
 0
 0
 0
 0
 0
 0
 0
 0
 0
 0
 0
 0
 0
 0
 0
 0
 0
 0
 0
 0
 0
 0
 0
 0
 0
 0
 0
 0
 0
 0
 0
 0
 0
 0
 0
 0
 0
 0
 0
 0
 0
 0
 0
 0.9999830296037509
 0.9999999398263386
 0.9999999999934677
 0.9999999927996188
 0.9999993636737358
 0.9999994558801257
 0.9999999991722286
 0.9999999845070726
 0.9999515915234847
 0.9990778012480681
 0.9974606702232042
 0.986907578486976
 0.9803999370679131
 0.9740991406191741
 0.962607590453205
 0.9669163210912917
 0.9745719253733053
 0.9662043119282534
 0.9640445381973043
 0.9685220607119397
 0.9545688675592457
 0.9555375214088753
 0.9628610648180751
 0.956775613041924
 0.9615419820006624
 0.9472686617038288
 0.9444939955131891
 0.9454565809571415
 0
 0
 0
 0
 0
 0
 0
 0
 0
 0
 0
 0
 0
 0
 0
 0
 0
 0
 0
 0
 0
 0
 0
 0
 0
 0
 0
 0
 0
 0
 0
 0
 0
 0
 0
 0
 0
 0
 0
 0
 0
 0
 0
 0
 0
 0
 0
 0
 0
 0
 0
 0
 0
 0
 0
 0
 0
 0
 0
 0


