# Created by Octave 3.8.2, Fri Nov 20 21:41:08 2015 CET <dkottke@snake7>
# name: mus
# type: matrix
# ndims: 3
 1 30 19
 0
 0
 0.4887218045112781
 0.4874581939799331
 0.5606694560669452
 0.4120603015075378
 0.4355332776385408
 0.6619127516778524
 0.7009189640768587
 0.7210084033613444
 0.8190158465387813
 0.808080808080808
 0.8283862876254173
 0.8156302521008404
 0.9527426160337548
 0.9510135135135135
 0.9504201680672261
 0.9444444444444438
 0.9431913116123637
 0.9449152542372883
 0.9456975772765241
 0.9461279461279456
 0.9473244147157195
 0.9481292517006803
 0.9531914893617027
 0.9515050167224074
 0.9553872053872052
 0.9522392290249435
 0.9512195121951215
 0.9478632478632477
 0
 0
 0
 0.5
 0
 0.5
 0.7
 0.6
 0.5
 0.8
 0.6
 0.7666666666666666
 0.8666666666666666
 0.8666666666666666
 0.7999999999999999
 0.7999999999999999
 0.7499999999999999
 0.7833333333333333
 0.85
 0.8
 0.85
 0.86
 0.8300000000000001
 0.8300000000000001
 0.8400000000000001
 0.8466666666666667
 0.8466666666666667
 0.8666666666666668
 0.86
 0.8666666666666668
 0
 0
 0.6222694221634228
 0.6633270936673986
 0.4347747882323889
 0.4097333102720658
 0.5682959661753094
 0.7106486547045749
 0.6036620456219142
 0.7251450809901514
 0.7655420767314784
 0.7819560903574048
 0.7974771150436033
 0.803977384721337
 0.7626587345379299
 0.8201567070919347
 0.7980673178028415
 0.8094144883082975
 0.8598666324971019
 0.8402862722156984
 0.873317825714456
 0.8683109142927992
 0.8771005984549007
 0.8991375196415279
 0.9027323923988579
 0.9074037293465351
 0.8979898514511784
 0.9088723477434748
 0.9253116123377479
 0.9276498685195481
 0
 0
 0.04320182671658839
 0.5325149249922904
 0.07627924680232318
 0.474130704245248
 0.5330742703517309
 0.512553760990754
 0.6165724478248604
 0.7234002612689033
 0.7428829719596047
 0.810009265712012
 0.8075037370047725
 0.8381302499782929
 0.7775222707733906
 0.8327115599092335
 0.8282235395202189
 0.8291215683233053
 0.8432796308959477
 0.8587184783582736
 0.8559712237838112
 0.8633763516588693
 0.8607880833832824
 0.8631667886297051
 0.8662671810119743
 0.8718163173861809
 0.8823293815490023
 0.8860412821499576
 0.8899514332427658
 0.8892142110581668
 0
 0
 0
 0.75
 0
 0.3333333333333333
 0.8571428571428571
 0.25
 0.7777777777777778
 0.9
 0.7272727272727273
 0.9166666666666666
 0.9230769230769231
 0.8888888888888888
 1
 0.6666666666666666
 1
 1
 1
 1
 1
 0
 1
 1
 1
 1
 1
 1
 1
 1
 0
 0
 0.01473863060892877
 0.7409722722736329
 0.05012506033016983
 0.2643352080123359
 0.6726589505092717
 0.3550517355024881
 0.701215863752461
 0.7927113012960256
 0.7924627302617102
 0.85218318477963
 0.8651032831980654
 0.8810863657478547
 0.8502463798994913
 0.7960300594342868
 0.8991942000842207
 0.8398556601630889
 0.9307351408298847
 0.9264505717342003
 0.9041150330724794
 0.7723282256972773
 0.9032964317660868
 0.9055664770318115
 0.8656962958733522
 0.8794129487763968
 0.8858552863357536
 0.9075691805588586
 0.8294381644727961
 0.9311839136412599
 0
 0
 0.7892931470571475
 0.4995595680456336
 0.6021932782806452
 0.4919867615584046
 0.4473096424533454
 0.5075250669736786
 0.6783657568350389
 0.7109929307080847
 0.698317106854188
 0.7785460013013908
 0.7558220036671861
 0.7490008050064288
 0.7718812070924145
 0.7902633761513839
 0.7811116175306745
 0.8380773664431128
 0.8133049254190221
 0.8386692298464549
 0.824345164976426
 0.8762044044906363
 0.8666858076144368
 0.8532747560310041
 0.9111469701937271
 0.8762157056295153
 0.880895626634947
 0.8926421506084251
 0.8885432840980984
 0.8934291196020501
 0
 0
 0.05954533289606448
 0.4770733303710903
 0.1400540256424126
 0.391751367018406
 0.513014759061331
 0.5019816628633911
 0.5572328962484417
 0.6534327700455687
 0.6625276496779421
 0.7460482189920767
 0.7323569088849375
 0.7443575021903527
 0.6930416964113821
 0.7459852649403813
 0.7463097767340837
 0.7736696113846392
 0.7712592599719836
 0.8075689429197312
 0.8048489699266405
 0.822612369652142
 0.8218462412674727
 0.8195642627338596
 0.8395780238143677
 0.8398441192787512
 0.8441316969781664
 0.8449965225764574
 0.8529942751598872
 0.8499758171013477
 0
 0
 0.9549384450802473
 0.9354774544055564
 0.945982262760337
 0.9479738282100197
 0.9126733684042211
 0.9135482323659243
 0.9094376149840513
 0.9011133491312745
 0.9235684919682935
 0.919283349680883
 0.9083350045526082
 0.9210286355344558
 0.9147676267689231
 0.9093851530100392
 0.9093126625514693
 0.9056921793607587
 0.9078165882276422
 0.9188561693957967
 0.9078114376904232
 0.9080169962671761
 0.9009612409380482
 0.9137196546945516
 0.9044769001075587
 0.9026750875337186
 0.9138658035620881
 0.906443077935618
 0.896797800499193
 0.8980520823300944
 0
 0
 0.1107210949786291
 0.6789306581454312
 0.0555104299241046
 0.2085693551449611
 0.4566359841556818
 0.4726418379858702
 0.5685509561166355
 0.6698491388337279
 0.7399519764638872
 0.8358798516839082
 0.8422247780101993
 0.8804194257706299
 0.789408846980183
 0.8600251427926543
 0.8601143576705699
 0.8592040958539835
 0.8679939103796709
 0.8894979081564452
 0.8676029137124115
 0.8647584405987834
 0.8695007165063897
 0.8718928591000837
 0.8745507486962379
 0.8841636322792902
 0.8913099907811641
 0.8778463852917368
 0.8813957902739679
 0.8970123770275003
 0
 0
 0.7892931470571475
 0.4650221905369699
 0.6740326780073751
 0.4266903465184552
 0.4691227754579699
 0.5649797637814102
 0.6902398349617919
 0.6957585747570555
 0.6964497798410103
 0.759571043161603
 0.8882110146000458
 0.755426539808328
 0.7607503559979827
 0.7649010842445401
 0.7506887638289249
 0.835951197953771
 0.7942965742902669
 0.8702396306781365
 0.7889266948234095
 0.8180754074392785
 0.9267186005438722
 0.8479696033228925
 0.9043663253954916
 0.8508682024786065
 0.9433267958745075
 0.6392258115296083
 0.9476964125014662
 0.9078782773742248
 0
 0
 0
 0
 0
 0
 0
 0
 0
 0
 0
 0
 0
 0
 0
 0
 0
 0
 0
 0
 0
 0
 0
 0
 0
 0
 0
 0
 0
 0
 0
 0
 0
 0
 0
 0
 0
 0
 0
 0
 0
 0
 0
 0
 0
 0
 0
 0
 0
 0
 0
 0
 0
 0
 0
 0
 0
 0
 0
 0
 0
 0
 0
 0
 0
 0
 0
 0
 0
 0
 0
 0
 0
 0
 0
 0
 0
 0
 0
 0
 0
 0
 0
 0
 0
 0
 0
 0
 0
 0
 0
 0
 0
 0
 0
 0
 0
 0
 0
 0
 0
 0
 0
 0
 0
 0
 0
 0
 0
 0
 0
 0
 0
 0
 0
 0
 0
 0
 0
 0
 0
 0
 0
 0
 0
 0
 0
 0
 0
 0
 0
 0
 0
 0
 0
 0
 0
 0
 0
 0
 0
 0
 0
 0
 0
 0
 0
 0
 0
 0
 0
 0
 0.924997655589299
 0.8907688079825851
 0.8696122902765484
 0.9402300766898085
 0.9297727609984856
 0.9183086529009264
 0.933889711734568
 0.9048653193254138
 0.9344008020845782
 0.9255943628095376
 0.9172922875045783
 0.9256899095222301
 0.92598724544814
 0.9245172101878057
 0.9207654086574735
 0.9223225131999419
 0.9107368648325108
 0.9039777017508981
 0.9070371496881087
 0.9011600871714937
 0.9168754915880091
 0.9104814361500027
 0.9059574555121107
 0.9102276627153904
 0.9059382690323364
 0.9048589535422963
 0.9041588128856609
 0.8882569951017238
 0
 0
 0
 0
 0
 0
 0
 0
 0
 0
 0
 0
 0
 0
 0
 0
 0
 0
 0
 0
 0
 0
 0
 0
 0
 0
 0
 0
 0
 0
 0
 0
 0
 0
 0
 0
 0
 0
 0
 0
 0
 0
 0
 0
 0
 0
 0
 0
 0
 0
 0
 0
 0
 0
 0
 0
 0
 0
 0
 0


