# Created by Octave 3.8.2, Fri Nov 20 23:29:13 2015 CET <dkottke@snake7>
# name: mus
# type: matrix
# ndims: 3
 1 30 19
 0
 0
 0.8020050125313283
 0.862876254180602
 0.5615062761506272
 0.9070351758793971
 0.8874965190754672
 0.9328859060402684
 0.9256474519632404
 0.9470588235294127
 0.9499582985821512
 0.945286195286195
 0.9439799331103671
 0.9487394957983201
 0.9426160337552743
 0.9442567567567568
 0.9436974789915956
 0.9431818181818173
 0.947368421052631
 0.9516949152542376
 0.9548872180451122
 0.954545454545454
 0.9556856187290972
 0.9540816326530616
 0.9531914893617027
 0.9556856187290965
 0.9568602693602692
 0.9574829931972789
 0.9557305604404004
 0.9547008547008545
 0
 0
 0.6666666666666666
 0.75
 1
 0.7
 0.7
 0.8
 0.9
 0.8
 0.9333333333333332
 0.8333333333333333
 0.9
 0.9333333333333332
 0.9333333333333332
 0.95
 1
 1
 0.95
 0.9
 0.9
 0.9099999999999999
 0.8800000000000001
 0.8800000000000001
 0.8800000000000001
 0.8800000000000001
 0.8866666666666667
 0.8933333333333333
 0.9
 0.9
 0
 0
 0.7120339676447682
 0.7284222784292123
 0.8882299571833518
 0.8303809833810036
 0.8946465735285737
 0.8154207968220611
 0.7731157614673061
 0.747201029024092
 0.8550336851753175
 0.8556376459330162
 0.8974161821213031
 0.9236303431204446
 0.8850571942702943
 0.9050164092971535
 0.9204311135285925
 0.9338439729492221
 0.9558949161375045
 0.865967958882376
 0.8706154863137284
 0.8918163150913005
 0.9050361883367687
 0.8801808376767378
 0.9321623724587479
 0.9225784632997631
 0.9183679638657342
 0.9280302206124096
 0.9246984724917059
 0.9374597048618935
 0
 0
 0.9099041771899766
 0.5158132733668642
 0.8571943625738918
 0.6896670497443096
 0.7707619861284521
 0.6555440342252731
 0.7673112243801995
 0.6940736194343845
 0.7373610352244231
 0.7796282458820714
 0.8101776299381193
 0.8100646698350757
 0.8302139364034868
 0.8422506046943404
 0.8532158676010737
 0.8661790047499368
 0.8732317290856203
 0.8161752079405961
 0.816447747973472
 0.8306839324450284
 0.8348997229879542
 0.8490381331051965
 0.8492950316353852
 0.8612136078280994
 0.8742886640508692
 0.8758848863655624
 0.8859900800091867
 0.8918391246444994
 0
 0
 0.3333333333333333
 0.75
 1
 0.5
 0.8571428571428571
 0.25
 1
 1
 0.9090909090909091
 1
 0.9230769230769231
 1
 0.8
 1
 1
 1
 1
 1
 1
 1
 1
 1
 1
 1
 1
 1
 1
 1
 0
 0
 0.4166585275744961
 0.6376039360518255
 0.6579722521317757
 0.6699557643763507
 0.7399991851601838
 0.5523317096643698
 0.7410840212386114
 0.7806960619625696
 0.7739143349726341
 0.7950358829114826
 0.8543300654862408
 0.8455006516864394
 0.8333286853400994
 0.8169748019620079
 0.8735878514288681
 0.8737876704611464
 0.8605652728414924
 0.7912987517126211
 0.811770660228777
 0.8043351479527256
 0.8294028428580429
 0.8193379297536773
 0.9134760626694006
 0.8308063051511642
 0.8645282891966551
 0.8930433858438102
 0.8632951166041218
 0.8835386569311485
 0
 0
 0.7892931470571475
 0.8529085952288635
 0.6660972494287409
 0.803361814751836
 0.7596351476935461
 0.8096316356897588
 0.8016656926402229
 0.8082367436957336
 0.7702431047445566
 0.7939822013239124
 0.8046165382488043
 0.8368721279702014
 0.8366618149444424
 0.8332960577985287
 0.8178892213504887
 0.8684222697773789
 0.8741694300191086
 0.8409793429647636
 0.8309445993807181
 0.8423320066887724
 0.8698098421675212
 0.845366917455182
 0.8795997398717195
 0.9492606492269158
 0.8698569561975327
 0.9451124581615969
 0.862199300232085
 0.9120538707973372
 0
 0
 0.9119689097731926
 0.5194818398246416
 0.8217212854825833
 0.7202021532510877
 0.7813234260755143
 0.6544746003496312
 0.7204614653694148
 0.6877510608643458
 0.7190379206675654
 0.7593805735300807
 0.822759340973393
 0.8183406533903216
 0.8274158209110215
 0.8331269648460757
 0.8537661383922449
 0.8655271362572269
 0.8889689090679855
 0.8292373673212674
 0.8257295098313577
 0.8380025967145956
 0.8564514010397591
 0.8619365878654807
 0.8693982124601841
 0.8752255156208674
 0.8925480587845674
 0.893899498135125
 0.898163556712995
 0.9012544898984893
 0
 0
 0.9989769905423818
 1
 0.9999999999920749
 0.999999999999996
 1
 0.9999999999999999
 0.9999999999883222
 0.999999999189556
 1
 0.9999989874742999
 0.9907979383890536
 0.9863775488266006
 0.9854363737777107
 0.9767572911421579
 0.961668204158811
 0.9689544031036001
 0.9709218269005634
 0.9641058282790828
 0.9674628999168906
 0.9615769387900808
 0.9539896591664468
 0.951219323405786
 0.9527165214073514
 0.9512638941747453
 0.9501057749965954
 0.9517574292690812
 0.9504987902882353
 0.9522263953283812
 0
 0
 0.4166584530450226
 0.5984352737288609
 0.6658039186291502
 0.6387969277258834
 0.8976574477202597
 0.6420386123817272
 0.7798642337891928
 0.715477282970689
 0.7082772905437906
 0.8306005639067635
 0.8533600273104198
 0.9200260724438258
 0.7860358706415705
 0.875243001978696
 0.8514720499248594
 0.8542436774549325
 0.8695655579400755
 0.8089978759509645
 0.8104701406929902
 0.9252951513727645
 0.8900919382319742
 0.8441468274421853
 0.855270600511292
 0.869747011956412
 0.9013434664652878
 0.8856033123793521
 0.8906594352971404
 0.8954179155979425
 0
 0
 0.7892931470571475
 0.8689568883589414
 0.7013164714156673
 0.7618483137625705
 0.7302524293845369
 0.778810068386109
 0.7783510508627005
 0.7785331949205292
 0.767587166810311
 0.7486015815589971
 0.784620057306421
 0.8245688196969397
 0.8012880675888637
 0.8609367398981634
 0.8817945713188534
 0.8427587271569303
 0.8662121502248342
 0.8246957575489727
 0.8302172015946883
 0.8212088740757296
 0.8346216581682121
 0.9298171613200318
 0.861040889508992
 0.8695702867496268
 0.8887059610543542
 0.889954256428685
 0.8682372493876455
 0.8952234328648404
 0
 0
 0
 0
 0
 0
 0
 0
 0
 0
 0
 0
 0
 0
 0
 0
 0
 0
 0
 0
 0
 0
 0
 0
 0
 0
 0
 0
 0
 0
 0
 0
 0
 0
 0
 0
 0
 0
 0
 0
 0
 0
 0
 0
 0
 0
 0
 0
 0
 0
 0
 0
 0
 0
 0
 0
 0
 0
 0
 0
 0
 0
 0
 0
 0
 0
 0
 0
 0
 0
 0
 0
 0
 0
 0
 0
 0
 0
 0
 0
 0
 0
 0
 0
 0
 0
 0
 0
 0
 0
 0
 0
 0
 0
 0
 0
 0
 0
 0
 0
 0
 0
 0
 0
 0
 0
 0
 0
 0
 0
 0
 0
 0
 0
 0
 0
 0
 0
 0
 0
 0
 0
 0
 0
 0
 0
 0
 0
 0
 0
 0
 0
 0
 0
 0
 0
 0
 0
 0
 0
 0
 0
 0
 0
 0
 0
 0
 0
 0
 0
 0
 0
 0.9999912201281265
 0.9999999956124331
 0.9999999999998974
 0.9999999999999871
 0.9999999999981635
 0.9999994964136645
 0.9999979083500148
 0.9999889296946569
 0.996103447688913
 0.9994025855611484
 0.9962263698556822
 0.9817863907178237
 0.9835561648470906
 0.9711766740082032
 0.9668310861615595
 0.9712235145038293
 0.9744292666710006
 0.9670480041349397
 0.962762817379787
 0.9646743078484618
 0.9656802094764958
 0.952631465015192
 0.9589656391388292
 0.9612744962403258
 0.9491921802339947
 0.9514571751879963
 0.9517783530656203
 0.9515185072250675
 0
 0
 0
 0
 0
 0
 0
 0
 0
 0
 0
 0
 0
 0
 0
 0
 0
 0
 0
 0
 0
 0
 0
 0
 0
 0
 0
 0
 0
 0
 0
 0
 0
 0
 0
 0
 0
 0
 0
 0
 0
 0
 0
 0
 0
 0
 0
 0
 0
 0
 0
 0
 0
 0
 0
 0
 0
 0
 0
 0


