# Created by Octave 3.8.2, Fri Nov 20 23:26:58 2015 CET <dkottke@mudflap>
# name: mus
# type: matrix
# ndims: 3
 1 30 19
 0
 0
 0.6618357487922704
 0.8653846153846154
 0.6731707317073172
 0.7598039215686274
 0.7586206896551725
 0.7644230769230769
 0.816425120772947
 0.825
 0.7799043062200955
 0.8774509803921569
 0.8894230769230771
 0.8928571428571429
 0.8871794871794874
 0.8701923076923077
 0.8880718954248367
 0.8888888888888888
 0.9138755980861245
 0.9150000000000003
 0.925925925925926
 0.9057239057239058
 0.9130434782608694
 0.9027777777777779
 0.9
 0.8605769230769231
 0.9191232048374905
 0.923469387755102
 0.9310344827586207
 0.9222222222222222
 0
 0
 1
 0.25
 1
 0.6
 0.7
 0.5
 0.6
 0.6
 0.8333333333333333
 0.7666666666666666
 0.8
 0.7
 0.8
 0.75
 0.6499999999999999
 0.8166666666666667
 0.9
 0.9
 0.8
 0.76
 0.75
 0.8
 0.8400000000000001
 0.8
 0.82
 0.78
 0.8666666666666668
 0.8666666666666668
 0
 0
 1
 0.5873657463202471
 0.8172440561209953
 0.8258443358329484
 0.7439911736744341
 0.6837208849178382
 0.6653250472325745
 0.7787087353850743
 0.8208991749985752
 0.7911756852497021
 0.8326385568053913
 0.8484162174894531
 0.8434561302573857
 0.8432041893865263
 0.8261204889922749
 0.8423999956960402
 0.8171875008201784
 0.8356151697497871
 0.8757855456142833
 0.8013066463274415
 0.8437386822582672
 0.8705877745764889
 0.8549247521045547
 0.846302372284135
 0.8414368056408676
 0.8792981484966569
 0.890608731961092
 0.8753324925592374
 0
 0
 1
 0.4271083711551165
 0.9611122463014314
 0.817136059234407
 0.7761138692109307
 0.8670871062238947
 0.8256790520190471
 0.8365558618663479
 0.8856783269032532
 0.8569279215676778
 0.8656027457790126
 0.9478763926325078
 0.9463711007150383
 0.9481598603017981
 0.9551556712507111
 0.9318861302413488
 0.8769159886245993
 0.9095341629056175
 0.9111930498587415
 0.8719120679032641
 0.8894000513179136
 0.922974706995369
 0.8686156400286399
 0.9079847337653209
 0.9062362050866043
 0.9296692416115918
 0.9339124383187614
 0.9417463260201524
 0
 0
 1
 0.5
 1
 0.6666666666666666
 0.4285714285714285
 0.75
 1
 0.6
 0.8181818181818182
 0.8333333333333334
 0.4615384615384616
 0.8888888888888888
 0.8
 1
 1
 1
 1
 1
 1
 1
 1
 1
 1
 1
 1
 1
 0
 1
 0
 0
 1.000000000038539
 0.638897222460125
 1.050000027408046
 0.6916666677744657
 0.5714298142303316
 0.6750001767708161
 0.9781769235455995
 0.6869050059064248
 0.8632575999199715
 0.8739899224900087
 0.73228923626077
 0.9333860094776634
 0.8846119430268091
 0.9929952720907742
 1.038336746746087
 0.9807695960661438
 1.050393149546091
 1.071808616538663
 0.9568968660141426
 1.034722833759687
 0.986486814611625
 1.021732393905262
 0.8955066286506786
 0.8333376882756468
 1.000000003170207
 1.031517972359058
 0.6875029804242166
 0.9605680215651925
 0
 0
 1
 0.7388069454850992
 0.8391318425762859
 0.8669362859567964
 0.8110665280869833
 0.7558904349343299
 0.7361046217432869
 0.7794882258756919
 0.8718892229887811
 0.7841751758827838
 0.7969407085420566
 0.7930039991166599
 0.8370253881986801
 0.8207560308945696
 0.9161850175838543
 0.8242904990373782
 0.8294325836466635
 0.819809251494373
 0.8947932323425378
 0.8407071651621087
 0.8026907867525064
 0.8508476038826561
 0.8411904119057811
 0.8560802480387191
 0.8442684146848665
 0.8791418974005498
 0.9272190669158982
 0.9102052596810214
 0
 0
 1
 0.4945147252091572
 0.8299363410359741
 0.8858652257281936
 0.8008695896638079
 0.7840627149409005
 0.770145878195699
 0.7838809881817158
 0.8315816800237023
 0.8600274080052003
 0.8876830179078022
 0.9331410991801424
 0.935488882564665
 0.9423681667165336
 0.9333224316460784
 0.9119345834036059
 0.8908378229649209
 0.904194466034574
 0.8956076920688723
 0.8425409184671
 0.852266581629386
 0.8954213396722841
 0.8874892863111465
 0.8790276015846582
 0.8995036300555506
 0.9008571496974302
 0.9231306251747278
 0.9368616109552613
 0
 0
 1
 1
 1
 1
 1
 1
 1
 1
 1
 1
 1
 1
 1
 1
 1
 1
 1
 1
 1
 1
 1
 1
 1
 1
 1
 1
 1
 1
 0
 0
 1.000000000024242
 0.671569460777549
 0.9553863357349931
 0.7191709855903584
 0.6485239027917613
 0.6932704987525076
 0.6478289406324294
 0.8984943427341694
 0.8075694184074038
 1.024939621158985
 0.905483559832399
 0.943161262526128
 1.018601321309226
 1.009730747759704
 0.8801909868296497
 0.982731684677412
 0.836329725777464
 1.070496359807021
 0.8966484674261512
 0.9265077203271783
 0.8344025055597913
 0.890956234439536
 0.8577943229993057
 0.9892768998382411
 1.000000000001523
 0.8817248904030758
 0.8762169049635224
 0.5894744488991822
 0
 0
 1
 0.7582251036505516
 0.8738034917341443
 0.8618753966078915
 0.9196133106656819
 0.8276352290017924
 0.7543247654605771
 0.8171720779208641
 0.9544378551668092
 0.8655388594362708
 0.8292270375619835
 0.8102916423405395
 0.8529353581019399
 0.8129787324839796
 0.9470407149578096
 1.013780657408233
 0.8402300799268999
 0.8249263610406058
 0.9134398171918225
 0.8826933830895689
 0.8034102540804797
 0.9415747398632028
 0.9213237727840375
 0.8762519224949139
 0.9741729951628932
 0.971077629160882
 0.9962064107819266
 0.9032598877687333
 0
 0
 0
 0
 0
 0
 0
 0
 0
 0
 0
 0
 0
 0
 0
 0
 0
 0
 0
 0
 0
 0
 0
 0
 0
 0
 0
 0
 0
 0
 0
 0
 0
 0
 0
 0
 0
 0
 0
 0
 0
 0
 0
 0
 0
 0
 0
 0
 0
 0
 0
 0
 0
 0
 0
 0
 0
 0
 0
 0
 0
 0
 0
 0
 0
 0
 0
 0
 0
 0
 0
 0
 0
 0
 0
 0
 0
 0
 0
 0
 0
 0
 0
 0
 0
 0
 0
 0
 0
 0
 0
 0
 0
 0
 0
 0
 0
 0
 0
 0
 0
 0
 0
 0
 0
 0
 0
 0
 0
 0
 0
 0
 0
 0
 0
 0
 0
 0
 0
 0
 0
 0
 0
 0
 0
 0
 0
 0
 0
 0
 0
 0
 0
 0
 0
 0
 0
 0
 0
 0
 0
 0
 0
 0
 0
 0
 0
 0
 0
 0
 0
 0
 1
 1
 1
 1
 1
 1
 1
 1
 1
 1
 1
 1
 1
 1
 1
 1
 1
 1
 1
 1
 1
 1
 1
 1
 1
 1
 1
 1
 0
 0
 0
 0
 0
 0
 0
 0
 0
 0
 0
 0
 0
 0
 0
 0
 0
 0
 0
 0
 0
 0
 0
 0
 0
 0
 0
 0
 0
 0
 0
 0
 0
 0
 0
 0
 0
 0
 0
 0
 0
 0
 0
 0
 0
 0
 0
 0
 0
 0
 0
 0
 0
 0
 0
 0
 0
 0
 0
 0


