# Created by Octave 3.8.2, Fri Nov 20 23:14:17 2015 CET <dkottke@snake8>
# name: mus
# type: matrix
# ndims: 3
 1 30 19
 0
 0
 0.5488721804511277
 0.7045454545454546
 0.4962025316455698
 0.4936868686868686
 0.4862155388471176
 0.4923469387755102
 0.4911616161616163
 0.4897435897435898
 0.4842171717171715
 0.4873737373737375
 0.5756410256410257
 0.5682397959183672
 0.5666666666666667
 0.5651041666666666
 0.5663540778630292
 0.5606060606060607
 0.5864661654135338
 0.6052631578947368
 0.5864661654135337
 0.6363636363636364
 0.6774651889741404
 0.7096354166666667
 0.7253333333333333
 0.7723076923076923
 0.7471139971139973
 0.7436224489795918
 0.7836466382193519
 0.7923076923076924
 0
 0
 0.6666666666666666
 0.5
 0.4
 0.8
 0.4
 0.9
 0.9
 0.9
 0.9
 0.9
 0.8666666666666666
 0.8666666666666666
 0.8666666666666666
 0.8666666666666666
 0.7666666666666666
 0.8333333333333333
 0.85
 0.8
 0.8099999999999999
 0.8099999999999999
 0.79
 0.7899999999999999
 0.8400000000000001
 0.8466666666666667
 0.8466666666666667
 0.86
 0.8600000000000001
 0.8666666666666668
 0
 0
 0.5033338466347047
 0.6240339466102512
 0.4881538576445783
 0.6677779488782349
 0.6967046391163708
 0.7481544745284028
 0.8000408325646527
 0.8544873197643439
 0.8638217731398232
 0.8629063181872474
 0.8335079868968311
 0.8934435860879558
 0.8442344355174985
 0.8789234948818869
 0.8054877304597198
 0.8141934315646414
 0.8536698652317609
 0.7723595415203908
 0.8046640806477873
 0.8300427589305961
 0.8289077378178169
 0.7881685103707702
 0.8247729129078877
 0.8179980337787902
 0.8252500472525874
 0.8688040750172912
 0.8669549362331158
 0.8332751466792897
 0
 0
 0.7322831241584798
 0.5673386518233333
 0.3464280219972247
 0.6350378252681581
 0.7161390925796941
 0.7452214397917406
 0.8021139529162815
 0.8457249664624779
 0.8492662596804615
 0.8682942823296289
 0.7937702792787014
 0.8403166852042407
 0.8301405022533237
 0.8537201677516837
 0.7675863598535619
 0.8189937046622364
 0.8300219761668107
 0.7863178577976371
 0.7905263246740285
 0.8103856091577066
 0.784350961903074
 0.8264217744306652
 0.8389052745144916
 0.8344154279531045
 0.846936323272471
 0.8518052697972225
 0.8656391420376478
 0.8376046649801641
 0
 0
 0.6666666666666666
 0.5
 0.8
 0.6666666666666666
 0.5714285714285714
 1
 0.8888888888888888
 0.8
 1
 0.6666666666666666
 0.9230769230769231
 0.8888888888888888
 1
 1
 1
 1
 1
 1
 0
 1
 1
 0
 1
 1
 1
 1
 0
 1
 0
 0
 0.4504184353665042
 0.4456010129974
 0.671201791655762
 0.6014549540946499
 0.6549345202102559
 0.8630326048270962
 0.7799376866106306
 0.7962044883721844
 0.9026121105491816
 0.8118358155610177
 0.8563456444110338
 0.8772225819207562
 0.907307551005177
 0.9059752158148493
 0.769604601056304
 0.858090777078365
 0.8835397722810234
 0.8617837196543695
 0.7051594380094993
 0.8500830858151122
 0.7177868694357068
 0.7210117096951011
 0.8736679605647857
 0.9147718343197654
 0.8003382796187967
 0.9137502219656666
 0.805517890934515
 0.9299871372005275
 0
 0
 0.3678794411714423
 0.2846582542223686
 0.4003951013025921
 0.5697834873965788
 0.6801778542380573
 0.8909117140604688
 0.7214260299641908
 0.7419561849813503
 0.8512545974998693
 0.8351992467918313
 0.7763624744983948
 0.7809199323445574
 0.870793008835088
 0.8704493592877823
 0.7995913792847347
 0.7890737859977376
 0.7997080766178282
 0.772847569481339
 0.7901942417533117
 0.8058672763855914
 0.8108285531518347
 0.7877297607413711
 0.7899577724097165
 0.7944251169672996
 0.8411568591060024
 0.7956330764274777
 0.8014524593680992
 0.819588964168428
 0
 0
 0.7437831932836725
 0.5423907943506993
 0.3351442359865342
 0.6228432442103267
 0.687187398075732
 0.6771343016510054
 0.7305402992158151
 0.8017360739411983
 0.8057093044003929
 0.8215614989676628
 0.7318357999060949
 0.7737370884149142
 0.7807718005031902
 0.7984427328546433
 0.7354906482517596
 0.772662311773756
 0.7837185205684744
 0.7373311973815905
 0.7493187624989751
 0.7553392075689566
 0.7384657417751692
 0.7551728152828818
 0.7627077917212794
 0.7435632605241925
 0.7674872205365869
 0.7662575400047297
 0.793582618133484
 0.7718565753850288
 0
 0
 0.8575303881732577
 0.927802473456391
 0.9342564801993969
 0.9416589134747133
 0.9373493140443514
 0.9228388118460339
 0.9164732020361795
 0.9155496150801626
 0.9142477463042854
 0.9097838382275449
 0.9252711520889511
 0.9128851642384964
 0.9127317016757374
 0.9190381333360718
 0.9119022918388484
 0.9126849983627316
 0.9056640222194812
 0.9044793815221815
 0.9085469628589924
 0.9095324840592126
 0.9131020675746131
 0.9062414262376969
 0.9057085649475701
 0.9060818944647719
 0.8967897652451119
 0.9062485452686154
 0.9103099205593782
 0.9038578397872321
 0
 0
 0.6598085642270408
 0.4208267831678616
 0.5669640386992514
 0.5498769193536266
 0.8100497626470703
 0.8173538214529665
 0.7686799485653188
 0.7804713378203456
 0.8943445915442696
 0.8817191905154214
 0.8661307559062655
 0.9004385360811759
 0.9078791581616595
 0.8066247649778293
 0.8226673880382707
 0.8295604353950381
 0.8505446280122455
 0.7726033337593611
 0.7804549008771542
 0.8181651805956149
 0.7511923557907143
 0.8256744024302454
 0.8295509187799928
 0.8092440450431974
 0.8284490556452393
 0.8725819067036054
 0.9047962721489926
 0.8268735147370951
 0
 0
 0.3678794411714423
 0.2944363236571267
 0.5287128730514835
 0.5891062384382886
 0.5483358416036942
 0.7904240090205903
 0.6971280459194138
 0.7689621857192281
 0.8258997659673887
 0.8492940653532562
 0.7641011091221646
 0.74039343701635
 0.773806997453971
 0.7977624489368631
 0.8506938225566473
 0.7609087354733959
 0.711854008973272
 0.7565347764543325
 0.7816182001198203
 0.7826620382172288
 0.8873119359005062
 0.8088268279862648
 0.780868385681513
 0.7688622659597323
 0.7853286457166534
 0.78514891806311
 0.7975215541755714
 0.7933325192966678
 0
 0
 0
 0
 0
 0
 0
 0
 0
 0
 0
 0
 0
 0
 0
 0
 0
 0
 0
 0
 0
 0
 0
 0
 0
 0
 0
 0
 0
 0
 0
 0
 0
 0
 0
 0
 0
 0
 0
 0
 0
 0
 0
 0
 0
 0
 0
 0
 0
 0
 0
 0
 0
 0
 0
 0
 0
 0
 0
 0
 0
 0
 0
 0
 0
 0
 0
 0
 0
 0
 0
 0
 0
 0
 0
 0
 0
 0
 0
 0
 0
 0
 0
 0
 0
 0
 0
 0
 0
 0
 0
 0
 0
 0
 0
 0
 0
 0
 0
 0
 0
 0
 0
 0
 0
 0
 0
 0
 0
 0
 0
 0
 0
 0
 0
 0
 0
 0
 0
 0
 0
 0
 0
 0
 0
 0
 0
 0
 0
 0
 0
 0
 0
 0
 0
 0
 0
 0
 0
 0
 0
 0
 0
 0
 0
 0
 0
 0
 0
 0
 0
 0
 0.9537041459410125
 0.8824752244118558
 0.9076678506186546
 0.9100857250363725
 0.9116856403880964
 0.9436733619962013
 0.9191648261030063
 0.9185819940579201
 0.9031983506611999
 0.9293593350472603
 0.9335199118543912
 0.9249698780127374
 0.9114795604084146
 0.9261293728800795
 0.9188653643432779
 0.9091018039996335
 0.9155519283440116
 0.8979918898973118
 0.9081216422290338
 0.9072284712386506
 0.9084512248374778
 0.9051307388847943
 0.9063764140587562
 0.9065279789953181
 0.9001144543581756
 0.9036389650894148
 0.9038545129106356
 0.896836154696424
 0
 0
 0
 0
 0
 0
 0
 0
 0
 0
 0
 0
 0
 0
 0
 0
 0
 0
 0
 0
 0
 0
 0
 0
 0
 0
 0
 0
 0
 0
 0
 0
 0
 0
 0
 0
 0
 0
 0
 0
 0
 0
 0
 0
 0
 0
 0
 0
 0
 0
 0
 0
 0
 0
 0
 0
 0
 0
 0
 0


