# Created by Octave 3.8.2, Fri Nov 20 22:16:42 2015 CET <dkottke@snake2>
# name: mus
# type: matrix
# ndims: 3
 1 30 19
 0
 0
 0.6618357487922704
 0.9855769230769231
 0.8146341463414636
 0.8235294117647057
 0.8571428571428573
 0.8653846153846154
 0.8647342995169084
 0.8800000000000001
 0.9282296650717702
 0.8921568627450981
 0.9134615384615385
 0.9081632653061227
 0.9076923076923079
 0.9134615384615384
 0.9166666666666666
 0.9141414141414141
 0.9377990430622011
 0.9350000000000002
 0.9735449735449735
 0.9747474747474748
 0.9758454106280193
 0.9739583333333334
 0.98
 0.9807692307692308
 0.9841269841269842
 0.9846938775510204
 0.9852216748768473
 0.9833333333333334
 0
 0
 1
 0.5
 0.8
 1
 1
 0.8
 1
 1
 1
 1
 1
 1
 1
 1
 1
 1
 1
 1
 0.95
 0.9
 0.9199999999999999
 0.9199999999999999
 0.9199999999999999
 1
 0.9333333333333332
 0.9199999999999999
 0.9333333333333332
 0.9333333333333332
 0
 0
 1
 0.7213987166644505
 0.8811971999364767
 0.7914880101086355
 0.8746933215281142
 0.9044728510215713
 0.9640374288470525
 0.9490711861481113
 0.9677618514997436
 0.9562632775248622
 0.9631263007350008
 0.9710870603648049
 0.958783035520832
 0.965584094713643
 0.9631991164531573
 0.972650852482526
 0.9720209074166919
 0.9721624330506076
 0.9640791170627805
 0.9665048041532852
 0.9853837656977731
 0.9732942824425522
 0.9747218868701467
 0.9775668998834984
 0.9803170932296131
 0.9883417087159388
 0.979126904178495
 0.981274904008607
 0
 0
 0.9999999992018476
 0.5390093660394368
 0.7914055438455238
 0.8654712081836901
 0.8859959683323338
 0.9319200381690977
 0.9623603148691828
 0.9667561500314767
 0.9656319395786273
 0.9668223273254717
 0.9738958349232923
 0.9708310849989397
 0.9738304717913018
 0.9754931026043905
 0.9771866021945533
 0.9776324224902018
 0.9790797141350386
 0.9795757777273372
 0.9638664410543215
 0.9702719765715716
 0.9761499993285877
 0.9775096982459898
 0.9780493031294221
 0.9757198974672211
 0.9771977990431481
 0.9784527481187562
 0.9756466867340121
 0.9748132358175156
 0
 0
 1
 0.75
 0.8
 1
 1
 1
 1
 1
 1
 1
 1
 1
 1
 1
 1
 1
 1
 1
 1
 1
 1
 1
 1
 1
 1
 1
 1
 1
 0
 0
 0.9999999999941862
 0.7810227285592218
 0.8505416749189206
 0.8789656569786538
 0.8892355813777956
 0.954880642929992
 0.9851546158632685
 0.9841259790642287
 0.9814711144786885
 0.9909002238687247
 0.9933824591696625
 0.9935586947195548
 0.9935975801302334
 0.9881776241822572
 0.9922406785800333
 0.9930495682774169
 0.9730028033989818
 0.9977255828682171
 0.9734430677820551
 0.9660954787404231
 0.9965298432303534
 0.9440885475177272
 0.9936997475452913
 0.9557142496861702
 0.9549986785295752
 0.9527353832283385
 0.9796936061985477
 0.9973117371727171
 0
 0
 1
 0.7789725659756557
 0.8217982228199141
 0.7689146180246705
 0.7737806709814684
 0.8417979968013914
 0.9308388126127195
 0.9117871016531933
 0.8731167817985337
 0.9284556176456282
 0.9320149301847979
 0.9483817588260828
 0.943638140448855
 0.956763872704133
 0.9609867005909346
 0.95307596235464
 0.9697520134267978
 0.9789057301122088
 0.9691547959223431
 0.9619421981612549
 0.9681286374856732
 0.9453122164840976
 0.9782452992572748
 0.9714933158330703
 0.9045446949782137
 0.9811946499708315
 0.9360570886178129
 0.9806190625012255
 0
 0
 0.999999999618486
 0.53509888149162
 0.7381303473196276
 0.7898153169392922
 0.7760435732818649
 0.8273666122957779
 0.8989914960807353
 0.9164316787443003
 0.9012088688769303
 0.9059185497826819
 0.8930132239191833
 0.9181431240411791
 0.896008883559527
 0.9009198427899809
 0.8893885783867402
 0.9151784954180257
 0.9274863749587364
 0.9195280753978075
 0.9146070771515533
 0.9107283825128277
 0.9182099485125638
 0.9043632580447061
 0.8983156933345177
 0.9099118341168208
 0.908848313471048
 0.9109532510057387
 0.9306134877904324
 0.9247825108903109
 0
 0
 0.9257887832118131
 0.9085781402686971
 0.9291931094647043
 0.9322568682382509
 0.9183879282295584
 0.9157335813986301
 0.911375514704105
 0.9114708067867177
 0.9333242364316547
 0.9164539008275493
 0.930386942538046
 0.9288738994579655
 0.9143636352836341
 0.908642224423526
 0.9203400022052863
 0.9022725824611479
 0.9059937863204107
 0.9044773668041146
 0.9073664928231676
 0.9089249889791128
 0.9121239585123753
 0.904565902389177
 0.8946851827681338
 0.9037003073576969
 0.8964052282173874
 0.9023212121840939
 0.9139615156795481
 0.9009030022924899
 0
 0
 0.9999999979589089
 0.7531664441029657
 0.8752107177691657
 0.727297099114781
 0.7620695090380774
 0.9156157495431411
 0.8463131858765299
 0.9925712318547649
 0.9841067371513601
 0.8991760287312019
 0.9800751464766435
 0.9747726438107616
 0.975619021365957
 0.9709354064336122
 0.9509783022988341
 0.9523436093072948
 0.956551996096584
 0.5729058722366279
 0.9578605307951426
 0.9900877789951057
 0.9926184505901299
 0.9896990658937191
 0.9902068855464434
 0.9904789336617424
 0.9916510053077823
 0.9896756846295638
 0.9916635862579352
 0.9900840474989883
 0
 0
 1
 0.7752074942974428
 0.8060061900158992
 0.7822050992756737
 0.7651558346324026
 0.8247213881990161
 0.9133913439081366
 0.812950235520996
 0.8410162131685068
 0.9343752794166638
 0.8350273161876332
 0.8695595928168558
 0.8119272285162654
 0.8857912909309374
 0.8914986838117994
 0.9063990348132157
 0.9191423364332481
 0.9218912482784919
 0.9150854816517449
 0.9115757591034268
 0.8652455799796002
 0.9453409172810057
 0.9226604607169757
 0.989462187923442
 0.9860912500412863
 0.9393229877561675
 0.9784564059029829
 0.9484476951029005
 0
 0
 0
 0
 0
 0
 0
 0
 0
 0
 0
 0
 0
 0
 0
 0
 0
 0
 0
 0
 0
 0
 0
 0
 0
 0
 0
 0
 0
 0
 0
 0
 0
 0
 0
 0
 0
 0
 0
 0
 0
 0
 0
 0
 0
 0
 0
 0
 0
 0
 0
 0
 0
 0
 0
 0
 0
 0
 0
 0
 0
 0
 0
 0
 0
 0
 0
 0
 0
 0
 0
 0
 0
 0
 0
 0
 0
 0
 0
 0
 0
 0
 0
 0
 0
 0
 0
 0
 0
 0
 0
 0
 0
 0
 0
 0
 0
 0
 0
 0
 0
 0
 0
 0
 0
 0
 0
 0
 0
 0
 0
 0
 0
 0
 0
 0
 0
 0
 0
 0
 0
 0
 0
 0
 0
 0
 0
 0
 0
 0
 0
 0
 0
 0
 0
 0
 0
 0
 0
 0
 0
 0
 0
 0
 0
 0
 0
 0
 0
 0
 0
 0
 0.9389272462380293
 0.926821564704872
 0.9315437780377551
 0.9247456533293479
 0.9244431007761057
 0.9277244700051248
 0.9249410046562704
 0.9220146601929716
 0.9313285368876918
 0.9262164200115962
 0.9222140230237643
 0.9239188766710508
 0.9299817112331553
 0.9082361163665595
 0.9054689225342404
 0.9099475041383016
 0.9216690934723485
 0.9164199521675864
 0.9080077263749821
 0.9084287639771581
 0.8917906255458734
 0.9148159873298065
 0.893276740876897
 0.9042434438619823
 0.90522097981309
 0.9065359387272787
 0.9052206798990138
 0.9030640410857009
 0
 0
 0
 0
 0
 0
 0
 0
 0
 0
 0
 0
 0
 0
 0
 0
 0
 0
 0
 0
 0
 0
 0
 0
 0
 0
 0
 0
 0
 0
 0
 0
 0
 0
 0
 0
 0
 0
 0
 0
 0
 0
 0
 0
 0
 0
 0
 0
 0
 0
 0
 0
 0
 0
 0
 0
 0
 0
 0
 0


