# Created by Octave 3.8.2, Sat Nov 21 00:43:44 2015 CET <dkottke@snake7>
# name: mus
# type: matrix
# ndims: 3
 1 30 19
 0
 0
 0.3959899749373436
 0.4570707070707071
 0.5670886075949367
 0.5277777777777779
 0.4862155388471177
 0.6658163265306123
 0.6881313131313135
 0.6333333333333333
 0.6319444444444444
 0.7398989898989898
 0.744615384615385
 0.7404336734693878
 0.7423076923076922
 0.7265625
 0.726911054276783
 0.7664141414141415
 0.7644110275689222
 0.8289473684210525
 0.8446115288220554
 0.8383838383838383
 0.8246660983233874
 0.7669270833333333
 0.7653333333333333
 0.8482051282051284
 0.8585858585858585
 0.8545918367346937
 0.8400415177026871
 0.8461538461538463
 0
 0
 0
 0.25
 0.8
 0.6
 0.7
 0.5
 0.4
 0.5
 0.3666666666666666
 0.5333333333333333
 0.5
 0.4666666666666666
 0.6666666666666667
 0.6833333333333333
 0.7
 0.6166666666666666
 0.5666666666666667
 0.55
 0.67
 0.6799999999999999
 0.74
 0.59
 0.76
 0.7733333333333333
 0.7866666666666666
 0.8133333333333332
 0.7666666666666667
 0.7666666666666667
 0
 0
 0.4958086018867457
 0.5291346857705641
 0.7745436673511478
 0.7425936746146944
 0.7597941876451481
 0.6670323361454046
 0.6576029999752844
 0.5924929464085231
 0.4794079589965416
 0.5635219811344456
 0.5679837529105214
 0.4937250914482425
 0.588853622990877
 0.6717371249684642
 0.7170962056501931
 0.6402778166453965
 0.624509862460757
 0.6625860191382174
 0.6962267049064872
 0.7002169792998706
 0.7297518637585458
 0.7984397090631266
 0.7724350793245549
 0.7497258118861034
 0.790182578308828
 0.7875160923711889
 0.8379254350634414
 0.8073732306311734
 0
 0
 0.1389097202408738
 0.5590486287354973
 0.8341696458503247
 0.8005458093122692
 0.7697007287958472
 0.6715718924790225
 0.6443635318608136
 0.3551398278193039
 0.4278621293416228
 0.2641451186537519
 0.4251352206119574
 0.5408828489751365
 0.6098934809550535
 0.6664769330249639
 0.712598632542581
 0.7194615983780167
 0.7297421928455353
 0.7021921971011948
 0.7737532593483778
 0.7800265852644794
 0.7926923943490404
 0.8224556113266888
 0.8841912200217417
 0.8673605083498829
 0.8731627723170527
 0.8463440933563471
 0.8694272896846679
 0.8805416274080716
 0
 0
 0
 0.5
 0.6
 0.1666666666666667
 0.4285714285714285
 0.75
 0.3333333333333333
 0.3
 0.4545454545454545
 0.4166666666666667
 0.6923076923076923
 0.4444444444444444
 0.6
 1
 1
 1
 1
 0
 1
 0
 1
 1
 1
 1
 1
 1
 0
 1
 0
 0
 0.1666916642421234
 0.4444444799194748
 0.700000125193315
 0.479177370795931
 0.6095249237587348
 0.7107142879703044
 0.4548629873516213
 0.3276800458512121
 0.4333333500061574
 0.3712121357271332
 0.5928611202809719
 0.4751858974080956
 0.5817147322127469
 0.8523318860664579
 0.8666811262055633
 0.8371258242317074
 0.8535136971070979
 0.5239930176976422
 0.7495085381295254
 0.6111305822426009
 0.8499687845522185
 0.9127238995172788
 0.9212132642991588
 0.949353695330691
 0.9455456151010792
 1.000000003959325
 0.5416708613378372
 1.000000006096639
 0
 0
 0.5785862941142949
 0.6687467356067334
 0.6648071660575321
 0.7504090769956665
 0.8594807529639247
 0.7360941670842804
 0.6793579746953157
 0.5798955358188616
 0.6988092568020515
 0.6279069199445002
 0.7412150860859136
 0.6382672932294671
 0.6623046760085285
 0.7186929389504797
 0.7745714268587345
 0.7566485699715571
 0.7060856485427282
 0.6929887344322114
 0.7602026102127031
 0.7513972983150292
 0.803848856962239
 0.7334636234065022
 0.8126872823217048
 0.8200800699726735
 0.7902752757183308
 0.8165145564038597
 0.8169865232511562
 0.8283021067847545
 0
 0
 0.1389097209553317
 0.5729320547285673
 0.6860981547380048
 0.8503348557895379
 0.8204952334388453
 0.6637123302782383
 0.6335721280885124
 0.4648658024090437
 0.4606561370812961
 0.3784142048742932
 0.4630368156069296
 0.532925435913813
 0.5990773477678791
 0.650340544033156
 0.7066083700144804
 0.7379462197135405
 0.7415969311157833
 0.6816754768145848
 0.7715276497222039
 0.7545060710738567
 0.7700402267439086
 0.8020701159161402
 0.8629744669561373
 0.8298140481344887
 0.8485654529403519
 0.8253101798461097
 0.8614019966203248
 0.8762064072023866
 0
 0
 1
 1
 1
 1
 1
 1
 1
 1
 1
 1
 1
 1
 1
 1
 1
 1
 1
 1
 1
 1
 1
 1
 1
 1
 1
 1
 1
 1
 0
 0
 0.1666916642085465
 0.4117647060941782
 0.7715387650695302
 0.787699093726215
 0.7881363691328456
 0.5640482612203822
 0.5067260451974179
 0.3796298655095074
 0.398083464935449
 0.3322339016226285
 0.4132447628086456
 0.5066929070326318
 0.5338212182087037
 0.6337949717561393
 0.835862640074966
 0.6352111907365506
 0.7069423650739959
 0.8117094576657947
 0.7472726209454187
 0.7732800668130574
 0.8147171900913294
 0.7414381298014027
 0.744748019118408
 0.7476772593185381
 0.7478540560452596
 1.000000000003694
 0.9921550098486414
 1.000000000000049
 0
 0
 0.5785862941142949
 0.6745903082293031
 0.6545764450685043
 0.6616009326123788
 0.9024461624828544
 0.7122060373355784
 0.9191939639707916
 0.6529947970222865
 0.6411473483326408
 0.608169892296509
 0.5877653673407041
 0.6561706700565682
 0.6934485631808538
 0.8417441811835654
 0.7521666377831042
 0.7716986504496883
 0.736849798835059
 0.7265860271836305
 0.7049444662486002
 0.8398267890700862
 0.7749610566397122
 0.7360187026860477
 0.8606746132337088
 0.7999021139207275
 0.7958531866900534
 0.8955568125440064
 0.8819887927153356
 0.8484438220559575
 0
 0
 0
 0
 0
 0
 0
 0
 0
 0
 0
 0
 0
 0
 0
 0
 0
 0
 0
 0
 0
 0
 0
 0
 0
 0
 0
 0
 0
 0
 0
 0
 0
 0
 0
 0
 0
 0
 0
 0
 0
 0
 0
 0
 0
 0
 0
 0
 0
 0
 0
 0
 0
 0
 0
 0
 0
 0
 0
 0
 0
 0
 0
 0
 0
 0
 0
 0
 0
 0
 0
 0
 0
 0
 0
 0
 0
 0
 0
 0
 0
 0
 0
 0
 0
 0
 0
 0
 0
 0
 0
 0
 0
 0
 0
 0
 0
 0
 0
 0
 0
 0
 0
 0
 0
 0
 0
 0
 0
 0
 0
 0
 0
 0
 0
 0
 0
 0
 0
 0
 0
 0
 0
 0
 0
 0
 0
 0
 0
 0
 0
 0
 0
 0
 0
 0
 0
 0
 0
 0
 0
 0
 0
 0
 0
 0
 0
 0
 0
 0
 0
 0
 1
 1
 1
 1
 1
 1
 1
 1
 1
 1
 1
 1
 1
 1
 1
 1
 1
 1
 1
 1
 1
 1
 1
 1
 1
 1
 1
 1
 0
 0
 0
 0
 0
 0
 0
 0
 0
 0
 0
 0
 0
 0
 0
 0
 0
 0
 0
 0
 0
 0
 0
 0
 0
 0
 0
 0
 0
 0
 0
 0
 0
 0
 0
 0
 0
 0
 0
 0
 0
 0
 0
 0
 0
 0
 0
 0
 0
 0
 0
 0
 0
 0
 0
 0
 0
 0
 0
 0


