# Created by Octave 3.8.2, Sun Nov 15 22:10:03 2015 CET <dkottke@snake3>
# name: mus
# type: matrix
# ndims: 3
 1 30 19
 0
 0
 0.924812030075189
 0.7600334448160535
 0.7723849372384939
 0.8216080402010053
 0.8443330548593713
 0.8389261744966443
 0.8521303258145352
 0.8546218487394959
 0.8540450375312757
 0.8526936026936031
 0.8490802675585276
 0.850420168067227
 0.8691983122362864
 0.8665540540540541
 0.8660504201680665
 0.8695286195286194
 0.8688387635756055
 0.9050847457627118
 0.9289891395154549
 0.9284511784511783
 0.9257943143812711
 0.9260204081632655
 0.9268085106382987
 0.9234949832775917
 0.9301346801346796
 0.9301303854875287
 0.9304992736447736
 0.9196581196581197
 0
 0
 0
 0.75
 0.6
 0.7
 0.8
 0.8
 0.9
 0.9
 1
 1
 1
 1
 0.8666666666666666
 0.8166666666666667
 0.8833333333333334
 0.9
 0.9
 0.85
 0.85
 0.86
 0.8699999999999999
 0.9199999999999999
 0.9199999999999999
 0.9199999999999999
 0.9266666666666665
 0.9266666666666667
 0.9333333333333333
 0.9333333333333333
 0
 0
 0.3979804201632784
 0.7133406768103052
 0.7806928673451943
 0.7387665037494227
 0.7987749554395758
 0.8367021889692893
 0.8938037461168024
 0.8727529349145812
 0.9211999437777963
 0.9801483890017891
 0.9680428166719557
 0.9449984581889095
 0.9126770599446835
 0.9148443304320957
 0.9065743404810302
 0.92265425859021
 0.9340457690906215
 0.8966887644514848
 0.8759643772778721
 0.8849802859616918
 0.8997114298312244
 0.9227030601209201
 0.919931282454689
 0.9242712026186037
 0.9238303063051758
 0.9304087031814019
 0.9429406444654598
 0.950216906414011
 0
 0
 0.2222100464834026
 0.4498501137014248
 0.5677504460919127
 0.5615452868911759
 0.6170145142400113
 0.7273240990590243
 0.758803958780386
 0.8004898590997653
 0.8165345616482726
 0.8448155803800581
 0.8581344809323571
 0.8649174816914448
 0.8208138692727696
 0.8237820177161672
 0.8421955071460115
 0.8598248820302321
 0.8640635681900124
 0.8280725384544059
 0.8362797308607575
 0.8331398025281456
 0.8441777535320018
 0.8621075079338296
 0.8642543573495494
 0.8682252241582068
 0.8783712933826391
 0.881901186730192
 0.8898518042911323
 0.8862147350321775
 0
 0
 0.1944311729465723
 0.5595895625953544
 0.6171066984075497
 0.5511126085255845
 0.6871637532237042
 0.739553403707789
 0.7510120372577946
 0.8166567406033522
 0.8224305644161931
 0.830635664377658
 0.8663405974778998
 0.8637588948172257
 0.8159557874126521
 0.8320553141211779
 0.8446072465498934
 0.8643501444264016
 0.8710985360055953
 0.8244832218466485
 0.8245909985738735
 0.834490382553449
 0.8421629868095108
 0.8636766944573303
 0.8682592188257721
 0.8738914555136269
 0.8739513058431012
 0.8787580880968738
 0.8849862995666249
 0.8861540940102434
 0
 0
 0.1666646474946776
 0.4844706120089938
 0.6515714453063838
 0.6170100472683221
 0.6412434427765574
 0.6917525737761386
 0.6908126008884147
 0.8215421753962268
 0.9592637345250749
 0.814086240583045
 0.813275991269892
 0.8239156165057743
 0.8400246850110374
 0.8200738168692979
 0.8039051159379076
 0.8256505957816179
 0.8445237183375267
 0.8276560993941373
 0.855988509755971
 0.8622676272948475
 0.7940761280501868
 0.8480725266695907
 0.997897084311959
 0.8709699898273234
 0.859421696010465
 0.892470606177115
 0.8607792020352043
 0.9116480329939255
 0
 0
 0.3678794411714423
 0.6237556740413481
 0.6501919363582582
 0.6767754601854781
 0.816365740370277
 0.8902953232135468
 0.7524510849877591
 0.8342832787878799
 0.7901718706058968
 0.8933257109346173
 0.8750153547105326
 0.8996213618045017
 0.8524685704343834
 0.8488937256976267
 0.8829956316429466
 0.8638361033756971
 0.8769878528699602
 0.8044915839471469
 0.8485287487431685
 0.8486677897350761
 0.924056519461427
 0.8660124188217803
 0.8809253031139062
 0.8752508685433321
 0.8976844583177472
 0.9102244734614885
 0.9229191027835645
 0.9138874408761178
 0
 0
 0.2221591021795955
 0.4327281467264724
 0.5773497680587737
 0.6503245511744271
 0.6458825602835713
 0.7371637600710235
 0.7877642774782307
 0.828620585012004
 0.8412106955291321
 0.8654231386909338
 0.8965273259061003
 0.9033815709494099
 0.8535950368163658
 0.8598711355372914
 0.8880121488585474
 0.897802717080641
 0.8950101092587323
 0.8614797846582907
 0.8671502557900752
 0.8644192238309323
 0.8718592755846583
 0.8924412268843999
 0.8952912133477378
 0.8996672421270999
 0.9062455041447689
 0.9112028669985368
 0.9189884972566326
 0.9192500149543354
 0
 0
 0.1944300205653531
 0.5162382981432156
 0.6139214612924232
 0.6675198891447661
 0.7160895573078396
 0.7549677532217087
 0.7571820027199789
 0.8528772906051419
 0.8576719339887944
 0.8515527112158625
 0.9170623237896733
 0.9006527200835807
 0.8618264086665223
 0.877112182786418
 0.8812271438834245
 0.8963363366828194
 0.8979328864171038
 0.8543259649752446
 0.8592377463048256
 0.8619950119881156
 0.8768190605071928
 0.8945848537864802
 0.8958922023291847
 0.8987361526198214
 0.9011797857346469
 0.9098133703609701
 0.915981040475217
 0.9177019519960661
 0
 0
 0.1666504767408539
 0.4675383024389104
 0.5800000000005106
 0.6945094964828255
 0.6353575234462363
 0.6978656839670072
 0.9345725881635641
 0.7699166678671987
 0.7893858256346177
 0.8317718517439905
 0.8964855848134634
 0.908643613824486
 0.8421979566227887
 0.8608360468979162
 0.9458041838133013
 0.8877414114646599
 0.9017929136717739
 0.9023086591720518
 0.8679163121669795
 0.8622019588223115
 0.8900669935717024
 0.9036929258784896
 0.8922627526840092
 0.8977928273439537
 0.9039434087367216
 0.9103039191570427
 0.9149127208469999
 0.9164021591743364
 0
 0
 0.3678794411714423
 0.6070655895629966
 0.6434352762617731
 0.6189900952286133
 0.8073745272685108
 0.7600760028752415
 0.7514242522611073
 0.8046260527581354
 0.7679331319957803
 0.7902548159709913
 0.841218882609281
 0.8741354603641367
 0.8334617109361147
 0.956641771110508
 0.8824305174951856
 0.8867584431499534
 0.9779152713395782
 0.8722419123099918
 0.8587475923608364
 0.8793575539306451
 0.8619858602206584
 0.8824184387403091
 0.8918436482576086
 0.9044906838007784
 0.9007041084785298
 0.9268465691814167
 0.9121074386398774
 0.9126175501831408
 0
 0
 0
 0
 0
 0
 0
 0
 0
 0
 0
 0
 0
 0
 0
 0
 0
 0
 0
 0
 0
 0
 0
 0
 0
 0
 0
 0
 0
 0
 0
 0
 0
 0
 0
 0
 0
 0
 0
 0
 0
 0
 0
 0
 0
 0
 0
 0
 0
 0
 0
 0
 0
 0
 0
 0
 0
 0
 0
 0
 0
 0
 0
 0
 0
 0
 0
 0
 0
 0
 0
 0
 0
 0
 0
 0
 0
 0
 0
 0
 0
 0
 0
 0
 0
 0
 0
 0
 0
 0
 0
 0
 0
 0
 0
 0
 0
 0
 0
 0
 0
 0
 0
 0
 0
 0
 0
 0
 0
 0
 0
 0
 0
 0
 0
 0
 0
 0
 0
 0
 0
 0
 0
 0
 0
 0
 0
 0
 0
 0
 0
 0
 0
 0
 0
 0
 0
 0
 0
 0
 0
 0
 0
 0
 0
 0
 0
 0
 0
 0
 0
 0
 0.2080819661487422
 0.5001367615928091
 0.603357070255898
 0.6366614010917392
 0.7151817859704186
 0.7677497014765752
 0.7588433727394956
 0.8509771688526476
 0.8560186317689187
 0.8483843770313508
 0.9063288523826788
 0.9023251446041873
 0.8580000709565462
 0.8775346991996418
 0.8845747573124947
 0.8927778154806056
 0.8978713472709667
 0.8520115155993395
 0.8599103819389672
 0.86142657994759
 0.8747016121221256
 0.893622483959907
 0.8964884542790976
 0.8978245218374561
 0.9029098656985274
 0.9068709274976655
 0.9135466606110546
 0.9179505234863075
 0
 0
 0
 0
 0
 0
 0
 0
 0
 0
 0
 0
 0
 0
 0
 0
 0
 0
 0
 0
 0
 0
 0
 0
 0
 0
 0
 0
 0
 0
 0
 0
 0
 0
 0
 0
 0
 0
 0
 0
 0
 0
 0
 0
 0
 0
 0
 0
 0
 0
 0
 0
 0
 0
 0
 0
 0
 0
 0
 0


