# Created by Octave 3.8.2, Sun Nov 15 23:06:41 2015 CET <dkottke@snake3>
# name: mus
# type: matrix
# ndims: 3
 1 30 19
 0
 0
 0.9381787802840441
 0.9289297658862876
 0.92887029288703
 0.6264656616415409
 0.9387357282094128
 0.9412751677852349
 0.9415204678362563
 0.9411764705882356
 0.9407839866555459
 0.9267676767676766
 0.92391304347826
 0.9285714285714286
 0.9274261603375522
 0.9239864864864865
 0.9240336134453776
 0.9259259259259253
 0.9220272904483423
 0.9262711864406781
 0.9348370927318291
 0.9360269360269355
 0.9364548494983279
 0.9294217687074834
 0.9302127659574473
 0.9314381270903007
 0.930765993265993
 0.9309807256235829
 0.931875525651808
 0.9307692307692303
 0
 0
 0
 0.25
 0.8
 1
 0.8
 0.9
 0.8
 0.7
 0.8
 0.9
 1
 0.9
 0.9333333333333332
 1
 0.95
 0.9333333333333332
 1
 1
 1
 1
 1
 0.96
 1
 0.96
 1
 1
 1
 1
 0
 0
 0.491220038016039
 0.5516354175750928
 0.7190575294095299
 0.8660417145051116
 0.8000434966970889
 0.8430233945575748
 0.9004425549411661
 0.8665887112197923
 0.8993658877637788
 0.9317610806255076
 0.9319056316810845
 0.9519287365500377
 0.9313396669196219
 0.9189807235463555
 0.9441543567167369
 0.9480156092810991
 0.9551689360127613
 0.9807574031903357
 0.9687726125180256
 0.9487222676149347
 0.9438801906589636
 0.9440037431588584
 0.9723324314504319
 0.9554009423788895
 0.9680498174591438
 0.9470730237161507
 0.9656718811896218
 0.9618546396441739
 0
 0
 0.1388795822523391
 0.453293170095555
 0.6205560746473853
 0.7617541429020759
 0.6860940378334056
 0.7222294997231561
 0.7543741189802809
 0.805760020649834
 0.8248660386385829
 0.8303307304516016
 0.8537876458671507
 0.861506015724529
 0.8820081098043094
 0.8723525353029646
 0.8821492636888038
 0.8913724950480221
 0.8981914053174421
 0.8977902094690644
 0.8768425832510215
 0.8652982333247288
 0.8698252431424089
 0.8721650316296786
 0.8788534713306916
 0.8891694207432671
 0.8924078920371804
 0.8977638960944437
 0.9057177415205082
 0.9105080808710764
 0
 0
 0.1944082836803491
 0.3960093907852993
 0.5443508923342641
 0.7616309050354946
 0.6584589793971296
 0.6915063301939158
 0.7637512186908066
 0.7773496591886787
 0.8096993949495801
 0.8281194113627494
 0.8406513575392893
 0.8684851566200469
 0.8832043545080339
 0.8776179443632178
 0.880698254983512
 0.8850277884607024
 0.9016786842098335
 0.8957566399233856
 0.8813429381076457
 0.8663447154245598
 0.8738218386389364
 0.870332435849326
 0.8813875369358091
 0.8888886633911871
 0.8943189120430183
 0.8999107917872924
 0.9098649731100761
 0.9105891773940367
 0
 0
 0.08333323790817504
 0.3610309234424382
 0.6459981085960222
 0.7000000000010428
 0.642916244618161
 0.6935374149667989
 0.8187932682761287
 0.790564373897708
 0.8358497802191074
 0.8350707009079085
 0.8597901658102769
 0.964007975475013
 0.8803234254399039
 0.9819071659033354
 0.9769827798794816
 0.8991468574584756
 0.9493729230415952
 0.850534364662583
 0.896551920694874
 0.8692340952516858
 0.8487348835911136
 0.9430147188659627
 0.8544411523763894
 0.893386812262451
 0.8417681700013323
 0.8841158848460198
 0.9103541080366769
 0.9108353995471906
 0
 0
 0.5785862941142949
 0.820279418780087
 0.723190331149052
 0.7475100746828386
 0.7190190070199761
 0.7498655419622884
 0.8066406681865368
 0.8782590263352431
 0.8463834255316466
 0.8541439740982621
 0.9647947620269107
 0.8029746061394712
 0.9641808356745973
 0.8827953733329892
 0.8715127635585669
 0.8808577490205806
 0.8903565205921928
 0.9037838674630436
 0.8559684885464569
 0.8842692935114052
 0.9184782280296337
 0.8895640843155865
 0.8908625833571431
 0.9064451869512066
 0.9121446427507024
 0.9150778899123377
 0.9032257569820368
 0.8713705675777125
 0
 0
 0.1388690661942364
 0.4573768511312585
 0.5732319509105429
 0.6970334491104555
 0.7111245311876242
 0.7434377918756434
 0.7778083814812861
 0.8012254682676546
 0.8185772419278006
 0.8595229969360335
 0.886728655318563
 0.9002890745192745
 0.9053949511229201
 0.9010037091742359
 0.9053644585907978
 0.9080347507265415
 0.9307966655906506
 0.9342714533472128
 0.9138639362279275
 0.8965409610187381
 0.8968150432382568
 0.8991569035824729
 0.9107752894462386
 0.9170546781811043
 0.9222934516759439
 0.9278654052460185
 0.9354247813974423
 0.9383470503773694
 0
 0
 0.1944376878372809
 0.3795434221731976
 0.4842321154073751
 0.7203746587027026
 0.6733277482557052
 0.7337265446644037
 0.7714364463432871
 0.7854004850792711
 0.8141292896715037
 0.85566139346045
 0.868353144993832
 0.8994271924367161
 0.9160184363310305
 0.9062456530096021
 0.8992664302033493
 0.9061373880332001
 0.9314305292908949
 0.9301354227570025
 0.9164654240752197
 0.8857371995110265
 0.9048954892077887
 0.8998394306708979
 0.9085285250443982
 0.916749895464106
 0.9269791762826721
 0.9327660462770107
 0.9351221343377925
 0.9364695646532595
 0
 0
 0.08327431624608712
 0.3295856267104916
 0.5679542081568323
 0.6408287938746006
 0.8469171223587737
 0.6976710763949434
 0.7892284866966748
 0.796366906020993
 0.8255494226579013
 0.9376072011317707
 0.9729639067362843
 0.9755867108280769
 0.925506300005863
 0.9025617172185878
 0.9042897780564809
 0.9028545095886714
 0.9232325767862023
 0.9278251453368729
 0.9084644713833905
 0.8807570026692326
 0.8933894807906184
 0.890139613222818
 0.9069515180102417
 0.9185601356425384
 0.9312556916672924
 0.9258569458274616
 0.9247995042345395
 0.9607779019846003
 0
 0
 0.5785862941142949
 0.8553514984945211
 0.6794002284399534
 0.7160884188705579
 0.780504642004712
 0.8828835207038408
 0.7969221003447102
 0.8871710536975991
 0.7993959915681011
 0.8193215442527161
 0.7981477824706028
 0.839627403908181
 0.8661213205648319
 0.8735041855165344
 0.8803356688417738
 0.8661353946354169
 0.8945416689945925
 0.9038562309819584
 0.8551728742548181
 0.8741501894411404
 0.8877325039031423
 0.9329427717814927
 0.9082246478679764
 0.9159592454588261
 0.9103227224178526
 0.9289647004759176
 0.9266229634072214
 0.9316033913057181
 0
 0
 0
 0
 0
 0
 0
 0
 0
 0
 0
 0
 0
 0
 0
 0
 0
 0
 0
 0
 0
 0
 0
 0
 0
 0
 0
 0
 0
 0
 0
 0
 0
 0
 0
 0
 0
 0
 0
 0
 0
 0
 0
 0
 0
 0
 0
 0
 0
 0
 0
 0
 0
 0
 0
 0
 0
 0
 0
 0
 0
 0
 0
 0
 0
 0
 0
 0
 0
 0
 0
 0
 0
 0
 0
 0
 0
 0
 0
 0
 0
 0
 0
 0
 0
 0
 0
 0
 0
 0
 0
 0
 0
 0
 0
 0
 0
 0
 0
 0
 0
 0
 0
 0
 0
 0
 0
 0
 0
 0
 0
 0
 0
 0
 0
 0
 0
 0
 0
 0
 0
 0
 0
 0
 0
 0
 0
 0
 0
 0
 0
 0
 0
 0
 0
 0
 0
 0
 0
 0
 0
 0
 0
 0
 0
 0
 0
 0
 0
 0
 0
 0
 0.2079849751303092
 0.3861716765242255
 0.4569334952170501
 0.7105979646338051
 0.6794417982099071
 0.7370572151004108
 0.7869653286265814
 0.8033488509880371
 0.8141255630223784
 0.8613931713891345
 0.8682514268925609
 0.8987238072344613
 0.9108680093577136
 0.8995036971564681
 0.8971630547296294
 0.9056229383202029
 0.9270425242929364
 0.9299403356739044
 0.9156878546273541
 0.8892231598099837
 0.9018392124510943
 0.8994408687420131
 0.908599554092307
 0.9143634116826839
 0.9265853031395709
 0.9306450337009893
 0.9355328512410251
 0.9358614070296916
 0
 0
 0
 0
 0
 0
 0
 0
 0
 0
 0
 0
 0
 0
 0
 0
 0
 0
 0
 0
 0
 0
 0
 0
 0
 0
 0
 0
 0
 0
 0
 0
 0
 0
 0
 0
 0
 0
 0
 0
 0
 0
 0
 0
 0
 0
 0
 0
 0
 0
 0
 0
 0
 0
 0
 0
 0
 0
 0
 0


