# Created by Octave 3.8.2, Fri Nov 20 22:35:45 2015 CET <dkottke@snake10>
# name: mus
# type: matrix
# ndims: 3
 1 30 19
 0
 0
 0.8067632850241545
 0.7355769230769231
 0.9609756097560973
 0.9509803921568626
 0.9605911330049263
 0.9663461538461539
 0.9565217391304349
 0.97
 0.985645933014354
 0.9803921568627449
 0.9759615384615385
 0.9744897959183675
 0.9846153846153847
 0.9903846153846154
 1
 1
 0.9904306220095694
 0.9949999999999999
 0.9947089947089948
 0.994949494949495
 0.9806763285024154
 0.9947916666666667
 0.995
 0.9951923076923077
 0.9947089947089947
 0.9948979591836735
 1
 1
 0
 0
 0.6666666666666666
 1
 0.4
 0.8
 0.8
 0.7
 0.8
 0.7
 0.8
 0.9
 0.7666666666666667
 0.8333333333333333
 1
 0.8
 0.7666666666666667
 0.7833333333333333
 0.9
 0.9
 0.86
 0.8699999999999999
 0.82
 0.74
 0.8400000000000001
 0.82
 0.8533333333333335
 0.8533333333333333
 0.7866666666666667
 0.8
 0
 0
 0.7147748697968703
 0.9736616433821434
 0.6815985333308006
 0.7097405597215807
 0.795614352645433
 0.7366164338214343
 0.6253152467018049
 0.7114105383492235
 0.5927972413895017
 0.7943501115277759
 0.8105745392043755
 0.7286960016598051
 0.7466181875756337
 0.6812648434890975
 0.7426325050192939
 0.7836642639856741
 0.6848554935601284
 0.7793262674938743
 0.7535163937463254
 0.8070322755915157
 0.7617639051656719
 0.6931018993112051
 0.7427742161478845
 0.7308410726650749
 0.7661402844563805
 0.7425167574364857
 0.6946408131068766
 0.7242078053169085
 0
 0
 0.7500124987612343
 0.9762000006080788
 0.6125078655431669
 0.8937146696317265
 0.8755998227984539
 0.6711354987237659
 0.695286513108167
 0.8258063973512608
 0.8076645005367284
 0.8312833983066161
 0.8314789065266363
 0.849424797798281
 0.8382797251953729
 0.820077247618595
 0.8193017350588238
 0.7884157324795409
 0.7847551003712693
 0.8079824174410726
 0.8735625463404155
 0.8273877366701092
 0.7813229942198415
 0.7894394430962044
 0.8246731101424624
 0.8003458024000404
 0.840720938606297
 0.8208216401698375
 0.7412227381755712
 0.7868680417334804
 0
 0
 0.3333333333333333
 1
 0.6
 0.8333333333333334
 1
 0.25
 0.5555555555555556
 0.8
 0.7272727272727273
 0.5833333333333334
 0.7692307692307693
 1
 1
 0.3333333333333333
 1
 0
 1
 1
 1
 1
 1
 1
 0
 1
 1
 1
 0
 1
 0
 0
 0.4166791654517965
 1.388889116666244
 0.6750000155728771
 0.9083333353447778
 1.102380952655276
 0.5503380780418231
 0.6011912756875017
 0.838095246385324
 0.7833333533978406
 0.7029051124068384
 0.8055362085028859
 1.011676071112696
 0.9794614457106041
 0.6048351295330161
 0.9340746013441296
 0.5808810346788036
 0.826254295311283
 1.013118507460344
 0.9655171042624211
 1.022447725597646
 0.9208893583962436
 0.939542805062468
 0.6354423968395013
 0.7653819701731137
 1.003060780554029
 1.031517971558227
 0.5833364241438643
 0.8713102034693075
 0
 0
 0.5785862941142949
 0.9743765846593183
 0.786589901550821
 0.7475214924218223
 0.7303629547094432
 0.8225235803019293
 0.6891784326625778
 0.7638446451655551
 0.8769987157864233
 0.8461237345274479
 0.7694442111428084
 0.8812340275810244
 0.763132098350068
 0.7544275603819091
 0.7644239395237857
 0.8087629488490434
 0.8004009700655246
 0.807229929613239
 0.8316410422746017
 0.8630882604641023
 0.8050964308440731
 0.7718766467396098
 0.8032501732620694
 0.7853262569381056
 0.8224098251970153
 0.8055078845608884
 0.7941039757231397
 0.8205459988422789
 0
 0
 0.7500124987615302
 0.850981995944788
 0.688725251256498
 0.8331067121231908
 0.8051906950845924
 0.7593575211885596
 0.7351719581623894
 0.7864016099582656
 0.7433139498773114
 0.8284213627188302
 0.8046047085987883
 0.8177131634571413
 0.8178264649473238
 0.7655187356707832
 0.8210612022277497
 0.7596500646980999
 0.7784837078553821
 0.7815875912654472
 0.8548840754089765
 0.8205618405774765
 0.7553913354445768
 0.7576588814894971
 0.7914332667778665
 0.7914999566748085
 0.8135863118217795
 0.8056859679248025
 0.7473867524202604
 0.7753846975807303
 0
 0
 1
 1
 1
 1
 1
 1
 1
 1
 1
 1
 1
 1
 1
 1
 1
 1
 1
 1
 1
 1
 1
 1
 1
 1
 1
 1
 1
 1
 0
 0
 0.4166791654969041
 1.421569412176986
 0.60000164524795
 0.8433506054725728
 0.9583007682155518
 0.678506360698826
 0.6522442179026264
 0.8102078608625863
 0.8892146273615169
 0.9455714344352829
 0.8681354860068624
 0.7814500759019287
 0.8439317955061989
 0.7283847156059602
 0.8785394387281412
 0.8688480212679872
 0.873594083386338
 0.7759281524196072
 0.9451021397951181
 0.8590756357690031
 0.6991165057128008
 0.6798868001563665
 0.8684205832836517
 0.691375060691273
 0.7453796757197121
 0.8817248904030621
 0.9845965469423346
 0.5808714098168644
 0
 0
 0.5785862941142949
 0.9666252507786475
 0.7409291735934915
 0.7124423406084883
 0.7520511107637631
 0.8333189920682154
 0.7152894894093024
 0.7700563045413823
 0.7861000115446208
 0.8036510845275593
 0.7682707292892321
 0.8480248361210247
 0.8019284154603481
 0.7456439749580309
 0.834739598889924
 0.8831206669999654
 0.7878579420053982
 0.9952392798551603
 0.8810023404056395
 0.8976671432769165
 0.8754832754521606
 0.8582866224464502
 0.8376948290386359
 0.8691855070609762
 0.8374046992203459
 0.8886999164760501
 0.8302850451218009
 0.8724607547385601
 0
 0
 0
 0
 0
 0
 0
 0
 0
 0
 0
 0
 0
 0
 0
 0
 0
 0
 0
 0
 0
 0
 0
 0
 0
 0
 0
 0
 0
 0
 0
 0
 0
 0
 0
 0
 0
 0
 0
 0
 0
 0
 0
 0
 0
 0
 0
 0
 0
 0
 0
 0
 0
 0
 0
 0
 0
 0
 0
 0
 0
 0
 0
 0
 0
 0
 0
 0
 0
 0
 0
 0
 0
 0
 0
 0
 0
 0
 0
 0
 0
 0
 0
 0
 0
 0
 0
 0
 0
 0
 0
 0
 0
 0
 0
 0
 0
 0
 0
 0
 0
 0
 0
 0
 0
 0
 0
 0
 0
 0
 0
 0
 0
 0
 0
 0
 0
 0
 0
 0
 0
 0
 0
 0
 0
 0
 0
 0
 0
 0
 0
 0
 0
 0
 0
 0
 0
 0
 0
 0
 0
 0
 0
 0
 0
 0
 0
 0
 0
 0
 0
 0
 1
 1
 1
 1
 1
 1
 1
 1
 1
 1
 1
 1
 1
 1
 1
 1
 1
 1
 1
 1
 1
 1
 1
 1
 1
 1
 1
 1
 0
 0
 0
 0
 0
 0
 0
 0
 0
 0
 0
 0
 0
 0
 0
 0
 0
 0
 0
 0
 0
 0
 0
 0
 0
 0
 0
 0
 0
 0
 0
 0
 0
 0
 0
 0
 0
 0
 0
 0
 0
 0
 0
 0
 0
 0
 0
 0
 0
 0
 0
 0
 0
 0
 0
 0
 0
 0
 0
 0


