# Created by Octave 3.8.2, Fri Nov 20 23:00:43 2015 CET <dkottke@snake9>
# name: mus
# type: matrix
# ndims: 3
 1 30 19
 0
 0
 0.3526570048309178
 0.4326923076923077
 0.7024390243902441
 0.6666666666666667
 0.729064039408867
 0.8509615384615384
 0.78743961352657
 0.735
 0.6889952153110048
 0.8186274509803921
 0.7836538461538463
 0.8724489795918366
 0.8923076923076925
 0.9807692307692307
 0.9901960784313726
 0.9898989898989899
 0.9856459330143541
 0.9800000000000001
 0.9576719576719578
 0.9461279461279462
 0.9291465378421901
 0.9461805555555556
 0.98
 0.9903846153846154
 0.9894179894179894
 0.9897959183673469
 0.9901477832512315
 1
 0
 0
 0.6666666666666666
 1
 1
 0.8
 0.5
 0.9
 0.4
 0.8
 0.8666666666666668
 0.8333333333333333
 0.9
 0.8666666666666666
 0.8666666666666666
 0.8
 0.8333333333333334
 0.7666666666666666
 0.8333333333333333
 0.85
 0.82
 0.8699999999999999
 0.8699999999999999
 0.8699999999999999
 0.9199999999999999
 0.7666666666666667
 0.7
 0.7933333333333333
 0.8333333333333334
 0.8333333333333334
 0
 0
 0.6488219117619124
 0.883022434929324
 0.8602921953313696
 0.8935930392638595
 0.8075687414450479
 0.8441199302208489
 0.7273453322919489
 0.7247337503999784
 0.7614860482675836
 0.776699587556984
 0.7029866992049469
 0.8221815795100649
 0.7196887063360364
 0.7397393533384184
 0.7567488130393364
 0.8039248241321356
 0.8344703183229509
 0.8237451594312653
 0.8849977251973311
 0.8851922347260167
 0.8649055488503204
 0.8253036070926023
 0.8643590644000076
 0.8470377132372764
 0.8698450432618097
 0.8550359510631313
 0.8988959314613282
 0.8421031715965401
 0
 0
 0.6382716857615942
 0.8857160467702883
 0.8921465911313213
 0.9032452498834438
 0.7114032606297442
 0.8253099799297348
 0.6065936724031517
 0.7249496674198339
 0.7965546062390092
 0.8161380779758624
 0.8382703169476622
 0.8433620658923449
 0.763089977822447
 0.8252446786833347
 0.8222300221816073
 0.8207004222967617
 0.8630552434576404
 0.876801979649834
 0.8837214959953076
 0.8942746501724825
 0.9049050328587868
 0.86949221920421
 0.8459977158194418
 0.8228560240695267
 0.8367269555482838
 0.8616214678498528
 0.8726644642461918
 0.8448941348549691
 0
 0
 0.6666666666666666
 1
 1
 1
 1
 0.75
 0.3333333333333333
 0.8
 0.9090909090909091
 1
 0.9230769230769231
 0.8888888888888888
 0.8
 1
 1
 1
 1
 1
 1
 1
 1
 1
 1
 1
 1
 1
 1
 1
 0
 0
 0.6259543420637714
 0.866312732930841
 0.9580122169744804
 0.9526630028146741
 0.9277963602554107
 0.7565255116697399
 0.5900873150068731
 0.7115313482293831
 0.8589267760763222
 0.8939826134737215
 0.8748329995420656
 0.8668201380739875
 0.7758384405591106
 0.8725072266372693
 0.8596532297091775
 0.8910821390062629
 0.8916354158255821
 0.8757160457368816
 0.9285615120025004
 0.9387463890281698
 0.9564113804410008
 0.863003980557453
 0.8862354475624805
 0.8541968613954456
 0.931387003718994
 0.8061442935753049
 0.8293861164181321
 0.9194661814989828
 0
 0
 0.3678794411714423
 0.6529600929428697
 0.8487064320078129
 0.8646980364858096
 0.8460526274394305
 0.8397234690986509
 0.7585956085441072
 0.7579588355563882
 0.787144790506222
 0.801959135318996
 0.7879961962764661
 0.7644612828320552
 0.8223354296715668
 0.7867388326988397
 0.7772992850181303
 0.7771923864330177
 0.8038273496370971
 0.7992749428772948
 0.8401929623260351
 0.8611001313439959
 0.887448017696844
 0.865356845817884
 0.8374292199721903
 0.8623506060143081
 0.8803486970715572
 0.8303286759366386
 0.8306676706323669
 0.7999122670355248
 0
 0
 0.6861980129110591
 0.821531626321246
 0.8054923983039224
 0.8565021143924476
 0.7507771689649496
 0.8145951704561186
 0.5930206632866906
 0.7029799855516733
 0.7524665081578784
 0.7063347330095532
 0.720537746841631
 0.7399086810889026
 0.6795309726716947
 0.7089183452535546
 0.7186616896138313
 0.7303546234435634
 0.7668222367761069
 0.7855647239794442
 0.796357109675827
 0.8080294696208014
 0.8170545481043617
 0.7882272422389177
 0.775638113962998
 0.7546807041209543
 0.7728234949503766
 0.7878675900774678
 0.8117207757437978
 0.7698370639091794
 0
 0
 0.9703423701047278
 0.9462891898919826
 0.9329582151694754
 0.8888933979161505
 0.9252736380882619
 0.9260010649618843
 0.8959572618571173
 0.9134005868032921
 0.9357828920646595
 0.9178961536182881
 0.918187694184035
 0.9267559571306299
 0.9060414360974971
 0.9135646989924994
 0.9020193269107396
 0.9171741870223276
 0.904687254791793
 0.9207761102585063
 0.9006855064876129
 0.9051430185805956
 0.8902127373900047
 0.9136926488677977
 0.9103139897683248
 0.9073085634514202
 0.9079550405739315
 0.8975821466573481
 0.9070754612909967
 0.9126701648568063
 0
 0
 0.6833520926511891
 0.8033911593326232
 0.7794300353635301
 0.9193030583631498
 0.8186072551154375
 0.7734276684980698
 0.5469733256386967
 0.6908723355571347
 0.7770989565304433
 0.7996059730606033
 0.8269570138709511
 0.8377975791084045
 0.7804750069859312
 0.8454618100398765
 0.8436831270196369
 0.8759167297613182
 0.9044880138180614
 0.9085658609771285
 0.8886301887147314
 0.9189544488824082
 0.9240420837963409
 0.8593421278328583
 0.8325355852647005
 0.8366673341236676
 0.8458559271454235
 0.7940713705926531
 0.8606937271293529
 0.8179396970073446
 0
 0
 0.3678794411714423
 0.6036691121043788
 0.8148283095878242
 0.8801795584641782
 0.8696207118146043
 0.8172587403220731
 0.774836115542233
 0.7653395689625766
 0.777419296059754
 0.8190747155350762
 0.752772588986355
 0.7507933832001192
 0.7631206895632517
 0.7781414049327169
 0.8182056335251613
 0.7711202136437331
 0.7810311777867147
 0.8777372381635644
 0.7879969527486388
 0.8518134251160187
 0.8525689585133172
 0.8573303845844241
 0.9088469428977741
 0.8402816966398765
 0.8062755140864466
 0.8306740055779686
 0.8131953597610411
 0.7884611930051577
 0
 0
 0
 0
 0
 0
 0
 0
 0
 0
 0
 0
 0
 0
 0
 0
 0
 0
 0
 0
 0
 0
 0
 0
 0
 0
 0
 0
 0
 0
 0
 0
 0
 0
 0
 0
 0
 0
 0
 0
 0
 0
 0
 0
 0
 0
 0
 0
 0
 0
 0
 0
 0
 0
 0
 0
 0
 0
 0
 0
 0
 0
 0
 0
 0
 0
 0
 0
 0
 0
 0
 0
 0
 0
 0
 0
 0
 0
 0
 0
 0
 0
 0
 0
 0
 0
 0
 0
 0
 0
 0
 0
 0
 0
 0
 0
 0
 0
 0
 0
 0
 0
 0
 0
 0
 0
 0
 0
 0
 0
 0
 0
 0
 0
 0
 0
 0
 0
 0
 0
 0
 0
 0
 0
 0
 0
 0
 0
 0
 0
 0
 0
 0
 0
 0
 0
 0
 0
 0
 0
 0
 0
 0
 0
 0
 0
 0
 0
 0
 0
 0
 0
 0.9716032921773247
 0.8936993184926814
 0.9546656761270202
 0.9201434575418251
 0.9122163288325698
 0.9187223375978693
 0.8921957732169857
 0.9056790810336185
 0.9207398201828692
 0.9237943022361748
 0.9309371110454852
 0.9163567084923362
 0.9216508972869906
 0.9126727576693215
 0.900524580201609
 0.9087916052604577
 0.9223268096103242
 0.9117096401686777
 0.9161251455181006
 0.8969774296549892
 0.9099014252482479
 0.8994800388775899
 0.9198573642407485
 0.9011354328049487
 0.9092988502409354
 0.907417856287838
 0.9083816025881724
 0.9098982698581618
 0
 0
 0
 0
 0
 0
 0
 0
 0
 0
 0
 0
 0
 0
 0
 0
 0
 0
 0
 0
 0
 0
 0
 0
 0
 0
 0
 0
 0
 0
 0
 0
 0
 0
 0
 0
 0
 0
 0
 0
 0
 0
 0
 0
 0
 0
 0
 0
 0
 0
 0
 0
 0
 0
 0
 0
 0
 0
 0
 0


