# Created by Octave 3.8.2, Sat Nov 21 00:56:29 2015 CET <dkottke@snake7>
# name: mus
# type: matrix
# ndims: 3
 1 30 19
 0
 0
 0.5463659147869675
 0.5454545454545454
 0.6835443037974682
 0.6856060606060606
 0.6666666666666666
 0.6632653061224489
 0.7297979797979802
 0.6794871794871795
 0.682449494949495
 0.6161616161616159
 0.7412820512820514
 0.7844387755102041
 0.7692307692307694
 0.7682291666666666
 0.7624325092355785
 0.7916666666666667
 0.7869674185463656
 0.7815789473684212
 0.7894736842105265
 0.7853535353535354
 0.7684001136686559
 0.7669270833333333
 0.768
 0.7589743589743591
 0.7768157768157768
 0.774234693877551
 0.7617345173567062
 0.7641025641025642
 0
 0
 0.3333333333333333
 0.5
 0.2
 0.6
 0.6
 0.7
 0.6
 0.5
 0.6
 0.5
 0.4
 0.2666666666666667
 0.4
 0.6166666666666666
 0.7166666666666666
 0.65
 0.6666666666666666
 0.75
 0.82
 0.8099999999999999
 0.8400000000000001
 0.82
 0.8400000000000001
 0.7733333333333332
 0.8066666666666666
 0.7933333333333333
 0.8266666666666665
 0.8666666666666666
 0
 0
 0.4559598137238141
 0.660678616687269
 0.5917554724232231
 0.6941466019469765
 0.7090047770573796
 0.8160529173808897
 0.7359843132626058
 0.7423055188508912
 0.629521838318953
 0.5331725434483489
 0.6243663848615542
 0.3981864530633467
 0.5406501136595379
 0.5574728011392844
 0.6017023910005146
 0.6546248348687355
 0.6816571932376678
 0.7187976022680147
 0.741303815690205
 0.7987226664410328
 0.7927109054474384
 0.8087711290898674
 0.8239051643162322
 0.7731482182120931
 0.8170872401208462
 0.7709265065041153
 0.792400517930324
 0.7804796527654676
 0
 0
 0.7101302543621836
 0.4939157691711596
 0.4136969561691688
 0.4860841623566812
 0.6802030615470498
 0.7149554509865441
 0.6518632175354788
 0.6167882813774676
 0.7080144091145189
 0.5191358090888269
 0.4363797100918271
 0.3801647413018327
 0.4662638859606502
 0.5610223405747052
 0.6168734787515804
 0.6575423817874055
 0.7177478683076921
 0.74631394131555
 0.7852446320063194
 0.8086167143704862
 0.7952490689711706
 0.8180352578095238
 0.8252257345405448
 0.7958858029697815
 0.8272949163068789
 0.7780754971191566
 0.7913512993819031
 0.8189804497198724
 0
 0
 0
 0.5
 0
 0.3333333333333333
 0.8571428571428571
 0.5
 0.7777777777777778
 0.8
 0.6363636363636364
 0.5
 0.3846153846153846
 0.5555555555555556
 0.6
 0.6666666666666666
 0.5
 1
 1
 1
 1
 0
 1
 1
 1
 0
 1
 1
 0
 1
 0
 0
 0.01004571482900085
 0.5438111405393371
 0.132047136044393
 0.4285102158334407
 0.7909351243583288
 0.649621512269648
 0.7341440195512012
 0.7132259985559291
 0.678434496066163
 0.511758266943563
 0.4215482579482396
 0.4330964199985757
 0.5441617079170767
 0.5853067687714363
 0.5865029978080529
 0.7267410905178557
 0.7468871475066599
 0.8040752980714316
 0.851860378082143
 0.6726056670708739
 0.7950249305099418
 0.8781197773927818
 0.8676887162415114
 0.6551020216871029
 0.8739868210654924
 0.6674006237304393
 0.7117049560331408
 0.8841238123664656
 0
 0
 0.7892931470571475
 0.5043676523870514
 0.4872727461828907
 0.7008599436032824
 0.6972726257906803
 0.7522769291979784
 0.7421765932889899
 0.7486409095704234
 0.7124398409622273
 0.6737767950066168
 0.6093843973408239
 0.6178301239027967
 0.6451024692014493
 0.6223571815350054
 0.6745711722430098
 0.670066727043986
 0.7368862537891181
 0.7388274031069952
 0.7202636498958798
 0.7468851375792425
 0.7487807796892159
 0.7833554210124082
 0.84670459620153
 0.7765256776263634
 0.7837442182586434
 0.7378305024900631
 0.7647046637042805
 0.8001464226750418
 0
 0
 0.7191354061824672
 0.4653126567146369
 0.4532173858387603
 0.5078414365838965
 0.6091551715665379
 0.6379263511813926
 0.6037168188225557
 0.6203104171051863
 0.6731905164031826
 0.4994391229374688
 0.4828868841787913
 0.430052457593131
 0.4829434511978102
 0.5273348985561476
 0.5674079249785539
 0.5888349459115552
 0.6389087534869011
 0.6518392253527913
 0.688175958949983
 0.7099471283567095
 0.7119077119779912
 0.7267867306576884
 0.7357134681538565
 0.6981198446190764
 0.743071012007646
 0.7067055263961274
 0.7134713870016056
 0.7323455806596317
 0
 0
 0.9889268024973555
 0.959508128202979
 0.9279667383849577
 0.9524416115388582
 0.9351985669568349
 0.9070220967300253
 0.9225066413677929
 0.919889504796326
 0.9154479720083954
 0.9166043403133385
 0.917779321998899
 0.9295153757770439
 0.904847160256507
 0.910346219741919
 0.9086106782045119
 0.9108263578999628
 0.9140442197733456
 0.9080405625332372
 0.9050831432378643
 0.9024092061746932
 0.9058756989127875
 0.8997230946119869
 0.9088680397576115
 0.9153718596856192
 0.8983703923148137
 0.9045341920944445
 0.9000341878482669
 0.8983168925100558
 0
 0
 0.1629788506042724
 0.5259086960742736
 0.2361562556881937
 0.5708176756959993
 0.7021661710871411
 0.8084565059680631
 0.6332839589815273
 0.6587816948549692
 0.7265530333558321
 0.5038257202159572
 0.4132864352013108
 0.4347969127432895
 0.4796004902960965
 0.5497853411726988
 0.6128713989927922
 0.6356149870377052
 0.6996663022635857
 0.7595880585586672
 0.8038156874377013
 0.6846550416735417
 0.7983864984149305
 0.8463658777763181
 0.8097952359108169
 0.6194249484248522
 0.8529599067033542
 0.5562210486512645
 0.8038849794336147
 0.8269091046177829
 0
 0
 0.7892931470571475
 0.5088598600906622
 0.4635681047210117
 0.7011453423093168
 0.653433400473116
 0.7427911964089713
 0.737640471173058
 0.7741983068035475
 0.7268438922894882
 0.6839238740288188
 0.6276925046787021
 0.6385488383619778
 0.622958560185481
 0.6509329031193682
 0.6666564265828628
 0.6599566407693795
 0.662724873069493
 0.7526366182034314
 0.7017911592910787
 0.5157813241043933
 0.7277458353317008
 0.8718519789316481
 0.808390123712621
 0.8408228145380399
 0.7362521328590553
 0.7470203708173101
 0.4907325561078004
 0.7542466766916203
 0
 0
 0
 0
 0
 0
 0
 0
 0
 0
 0
 0
 0
 0
 0
 0
 0
 0
 0
 0
 0
 0
 0
 0
 0
 0
 0
 0
 0
 0
 0
 0
 0
 0
 0
 0
 0
 0
 0
 0
 0
 0
 0
 0
 0
 0
 0
 0
 0
 0
 0
 0
 0
 0
 0
 0
 0
 0
 0
 0
 0
 0
 0
 0
 0
 0
 0
 0
 0
 0
 0
 0
 0
 0
 0
 0
 0
 0
 0
 0
 0
 0
 0
 0
 0
 0
 0
 0
 0
 0
 0
 0
 0
 0
 0
 0
 0
 0
 0
 0
 0
 0
 0
 0
 0
 0
 0
 0
 0
 0
 0
 0
 0
 0
 0
 0
 0
 0
 0
 0
 0
 0
 0
 0
 0
 0
 0
 0
 0
 0
 0
 0
 0
 0
 0
 0
 0
 0
 0
 0
 0
 0
 0
 0
 0
 0
 0
 0
 0
 0
 0
 0
 0.9395573792658565
 0.9128106202847498
 0.9552579932976871
 0.9051215204102689
 0.9047529233617008
 0.8917102298407709
 0.9207149688180181
 0.902191472897161
 0.9203802015563179
 0.929007356857475
 0.9232330583485734
 0.9147771610010412
 0.9177502870381028
 0.9135834461465208
 0.9170218927293772
 0.9072671737734583
 0.9069012239134407
 0.9093412155103231
 0.9098740785515248
 0.9030385381558715
 0.899730956611815
 0.909576955531505
 0.9057775209627793
 0.9031189686231379
 0.8978284833486784
 0.9092257891428606
 0.9085111403281656
 0.9012959536440255
 0
 0
 0
 0
 0
 0
 0
 0
 0
 0
 0
 0
 0
 0
 0
 0
 0
 0
 0
 0
 0
 0
 0
 0
 0
 0
 0
 0
 0
 0
 0
 0
 0
 0
 0
 0
 0
 0
 0
 0
 0
 0
 0
 0
 0
 0
 0
 0
 0
 0
 0
 0
 0
 0
 0
 0
 0
 0
 0
 0


