# Created by Octave 3.8.2, Fri Nov 20 21:36:37 2015 CET <dkottke@snake7>
# name: mus
# type: matrix
# ndims: 3
 1 30 19
 0
 0
 0.5338345864661652
 0.5744147157190636
 0.9188284518828458
 0.9338358458961478
 0.9390142021720975
 0.9387583892617449
 0.9373433583959887
 0.9361344537815131
 0.9357798165137609
 0.8846801346801345
 0.8570234113712366
 0.8289075630252104
 0.8278481012658225
 0.8175675675675675
 0.7951260504201674
 0.7954545454545455
 0.796714007240323
 0.872033898305085
 0.8721804511278193
 0.8712121212121212
 0.8687290969899664
 0.8605442176870749
 0.9285106382978728
 0.9197324414715716
 0.9156144781144779
 0.9153911564625853
 0.9142136248948693
 0.9119658119658117
 0
 0
 0.6666666666666666
 0.5
 0.6
 0.8
 0.9
 0.8
 1
 0.9
 1
 0.7
 0.8666666666666666
 0.7666666666666666
 0.7999999999999999
 0.8166666666666667
 0.9
 0.8666666666666666
 0.9
 0.9
 0.9099999999999999
 0.9099999999999999
 0.9099999999999999
 0.9099999999999999
 0.8799999999999999
 0.86
 0.8400000000000001
 0.9
 0.8933333333333333
 0.9
 0
 0
 0.7968183918051064
 0.6772150337896727
 0.6884228451164203
 0.7978934267691006
 0.8746294224990028
 0.8809506280872883
 0.8903649188891041
 0.9022320202345164
 0.9628867235553098
 0.8201328270398482
 0.8253205206110518
 0.7624500246714416
 0.793682333198321
 0.8340780530138832
 0.8036328310360548
 0.8703079249729645
 0.8913085197208437
 0.8921039823464452
 0.909720854843409
 0.9186051732583593
 0.897691700973488
 0.8999721183094139
 0.8704188910955577
 0.8879800837441726
 0.8748264102695268
 0.8856405871404249
 0.8972983655150922
 0.870373025078518
 0
 0
 0.4496785062223481
 0.6484986783139272
 0.5777749602638537
 0.8059673202960806
 0.7723509358616019
 0.8778259605485834
 0.8886406684180875
 0.9126518042599858
 0.9170174512160932
 0.7223316339985687
 0.7936779227019958
 0.812615284047763
 0.7988200879855422
 0.8193745100535206
 0.8646311241392519
 0.8759878818634622
 0.8939510051773238
 0.8907124114715563
 0.9001542613869369
 0.9096818224109008
 0.9100572560956693
 0.9084987533773324
 0.8800641449226901
 0.8839246111530792
 0.8530901543882137
 0.8631524885066721
 0.862873938269261
 0.8689190768236116
 0
 0
 1
 0.75
 0.6
 0.5
 0.5714285714285714
 1
 1
 0.7
 1
 0.8333333333333334
 1
 0.7777777777777778
 0.8
 0.6666666666666666
 1
 1
 1
 1
 0
 1
 1
 1
 1
 1
 1
 1
 1
 1
 0
 0
 0.9313044177126115
 0.7718862602745595
 0.5428876850337895
 0.587517379053936
 0.6885734732638461
 0.9527862408072523
 0.9612707187958174
 0.8557639738075394
 0.9778266358985989
 0.7507780162104295
 0.821010657410661
 0.7828400463165623
 0.7958833044721629
 0.7940130873936098
 0.8928408915435595
 0.9221131561752071
 0.9095379426026455
 0.9439941096018062
 0.7930687543475003
 0.8415886972845065
 0.9069838976332384
 0.8897114240359016
 0.8640493942424137
 0.8532585466450644
 0.8551223821762883
 0.8610097010598534
 0.8505564312889563
 0.863146950009813
 0
 0
 0.5785862941142949
 0.8762081084652674
 0.767512613572348
 0.7942091470327871
 0.8644750758123727
 0.8663703050232401
 0.8325788090821634
 0.8788116826341945
 0.8696514858377615
 0.8130776828881316
 0.7679873312849373
 0.7908769368290766
 0.8152164243030739
 0.7955810190245166
 0.8044733359217057
 0.8671768968081904
 0.8622506379825057
 0.8484505904287208
 0.8937607826951278
 0.8624894274570747
 0.8641039904582244
 0.9190722113943446
 0.8630101555804331
 0.8956057835323241
 0.8737788394342937
 0.8862994688246705
 0.8635144689399613
 0.8598778838035699
 0
 0
 0.4510756923989165
 0.647530229008081
 0.6088115885971361
 0.781833417186252
 0.7656963233555822
 0.7939578648841092
 0.8235266603968481
 0.8438654458353126
 0.860331513237108
 0.7209171391114548
 0.7425687211357893
 0.7676199453670081
 0.744661281986948
 0.7687906853142634
 0.7947080495590916
 0.7978721973791612
 0.8394629381527059
 0.8299937162944496
 0.8381616570126964
 0.8523564724891953
 0.8544152010706528
 0.8557907762832926
 0.821987453415576
 0.8292272013441938
 0.8085228849311817
 0.8163710090740847
 0.8263744986098214
 0.8308745636589069
 0
 0
 0.9061420998901176
 0.9332345732854298
 0.9354466925821805
 0.9486960903012748
 0.9300347389145106
 0.9093083831854458
 0.9435089678632492
 0.9334175728174274
 0.9162700367202936
 0.9265548691551029
 0.9222287565080033
 0.9234996707693369
 0.9149732146969607
 0.906376190967046
 0.9123055359862944
 0.9210325905071635
 0.9046552558926008
 0.9084690685191074
 0.9035897678922227
 0.9008694716109675
 0.9033817397266327
 0.8974527576338834
 0.8892655983035289
 0.907634142799107
 0.909616932957496
 0.9068672929539413
 0.9006489375206471
 0.907052952440824
 0
 0
 0.6794892871240191
 0.762960086260364
 0.6087314931169331
 0.6358761928315921
 0.7884852831971987
 0.933409087579103
 0.9592705206615545
 0.9684113842908958
 0.9784607485992241
 0.767262374536251
 0.7638858586758778
 0.8201350714029922
 0.8089182669472567
 0.8269155988319854
 0.8900522426444253
 0.9098157152519363
 0.9160131258591008
 0.8930148895408667
 0.8970474876694901
 0.898890604890657
 0.904589078525341
 0.9019705408419234
 0.7988579794531556
 0.8686932000869929
 0.8427651927043993
 0.8473371231255478
 0.5735532641595174
 0.8673964026132814
 0
 0
 0.5785862941142949
 0.9104491141540776
 0.7679062255194047
 0.7498725233301605
 0.8804072071793134
 0.8907558627085455
 0.6971078915186874
 0.8963445820668421
 0.8415409603288265
 0.8073154175405526
 0.7744461674594352
 0.7913382965369966
 0.863406788352812
 0.7878613397558015
 0.7840429238252706
 0.6949138980925508
 0.8917884640297081
 0.9096577645957258
 0.8439341376577296
 0.8557965263998659
 0.8559150668966264
 0.8763892615097588
 0.877208772944619
 0.8579567417760984
 0.8453411738490054
 0.9109495211332475
 0.8518341212148174
 0.8824210722731065
 0
 0
 0
 0
 0
 0
 0
 0
 0
 0
 0
 0
 0
 0
 0
 0
 0
 0
 0
 0
 0
 0
 0
 0
 0
 0
 0
 0
 0
 0
 0
 0
 0
 0
 0
 0
 0
 0
 0
 0
 0
 0
 0
 0
 0
 0
 0
 0
 0
 0
 0
 0
 0
 0
 0
 0
 0
 0
 0
 0
 0
 0
 0
 0
 0
 0
 0
 0
 0
 0
 0
 0
 0
 0
 0
 0
 0
 0
 0
 0
 0
 0
 0
 0
 0
 0
 0
 0
 0
 0
 0
 0
 0
 0
 0
 0
 0
 0
 0
 0
 0
 0
 0
 0
 0
 0
 0
 0
 0
 0
 0
 0
 0
 0
 0
 0
 0
 0
 0
 0
 0
 0
 0
 0
 0
 0
 0
 0
 0
 0
 0
 0
 0
 0
 0
 0
 0
 0
 0
 0
 0
 0
 0
 0
 0
 0
 0
 0
 0
 0
 0
 0
 0.9209949961172019
 0.9410855776238735
 0.8788043257546622
 0.908866701923711
 0.92203307910439
 0.8970220885206843
 0.9152469635936008
 0.9198455456303922
 0.9055547443958728
 0.9225654037773877
 0.9340711169441854
 0.9313185748606178
 0.9201520664200374
 0.9007443458679275
 0.908761156356398
 0.9072574787161662
 0.9100301131586311
 0.9087553675927751
 0.901729569614502
 0.9068880059822564
 0.9108942185067422
 0.9081116052177739
 0.904460638723474
 0.9090632618291006
 0.907354778941153
 0.9098639365511673
 0.9038688524999523
 0.8970192822468468
 0
 0
 0
 0
 0
 0
 0
 0
 0
 0
 0
 0
 0
 0
 0
 0
 0
 0
 0
 0
 0
 0
 0
 0
 0
 0
 0
 0
 0
 0
 0
 0
 0
 0
 0
 0
 0
 0
 0
 0
 0
 0
 0
 0
 0
 0
 0
 0
 0
 0
 0
 0
 0
 0
 0
 0
 0
 0
 0
 0


