# Created by Octave 3.8.2, Sat Nov 21 00:04:11 2015 CET <dkottke@snake6>
# name: mus
# type: matrix
# ndims: 3
 1 30 19
 0
 0
 0.6215538847117796
 0.5202020202020202
 0.5164556962025318
 0.5214646464646465
 0.5263157894736842
 0.5255102040816326
 0.5271464646464649
 0.5205128205128206
 0.5101010101010101
 0.5227272727272727
 0.6192307692307694
 0.6211734693877551
 0.6230769230769229
 0.6744791666666666
 0.6996305768684286
 0.6363636363636362
 0.7142857142857142
 0.8421052631578947
 0.7619047619047619
 0.8446969696969695
 0.8655868144359193
 0.88671875
 0.8693333333333333
 0.8882051282051282
 0.8817941317941317
 0.8329081632653059
 0.8380809595202396
 0.894871794871795
 0
 0
 0.3333333333333333
 1
 1
 0.8
 0.8
 1
 1
 1
 1
 1
 0.9333333333333333
 0.9333333333333333
 0.8666666666666666
 0.7999999999999999
 0.7
 0.7666666666666667
 0.8
 0.7
 0.75
 0.65
 0.7
 0.71
 0.68
 0.6666666666666667
 0.7
 0.72
 0.7
 0.6666666666666667
 0
 0
 0.578586294114295
 0.8419698602928606
 0.8743035950016388
 0.8309955450354204
 0.8937387812019184
 0.893142372202181
 0.9098174669404591
 0.9632841582617996
 0.9759570152588335
 0.9458054340897925
 0.9185799577739882
 0.9289004093309471
 0.9608993834603751
 0.8198515884393524
 0.8308023970868894
 0.7778919162451698
 0.7166829557434475
 0.7427129825726169
 0.7229790996782279
 0.7545820630759351
 0.7699388256521156
 0.7600917843198607
 0.7768261451164984
 0.8027003234118498
 0.8096188266320132
 0.8379639104856099
 0.8271484189491002
 0.805452649139048
 0
 0
 0.3231254476622949
 0.93078556370011
 0.8755937896499837
 0.7232562395290484
 0.8954090121897825
 0.8879958753496179
 0.9383300354228863
 0.966018971653305
 0.9589450734387917
 0.9718985435679719
 0.9171975086680727
 0.9251232506841622
 0.9639273982602442
 0.8058483069055089
 0.7300707548189728
 0.7472692043477892
 0.7486213926709633
 0.6960116626294237
 0.7384249103952137
 0.6807676168659262
 0.714377170503692
 0.7552033807041073
 0.7795636205790255
 0.7924078612058586
 0.8101180115458947
 0.8267233064939222
 0.8395798379500237
 0.8208202641751825
 0
 0
 0.3333333333333333
 1
 1
 0.8333333333333334
 1
 0.75
 1
 1
 1
 1
 0.9230769230769231
 1
 1
 1
 1
 1
 0
 1
 1
 1
 1
 1
 0
 0
 1
 0
 1
 1
 0
 0
 0.3333333333245251
 0.9413192228705316
 0.9868481015306807
 0.8995448496929497
 0.9609006867279316
 0.8674598755171048
 0.9585704939826387
 0.9762588252650133
 0.9892083811168778
 0.9810247420264693
 0.9126990095419547
 0.9223870250548173
 0.9823790483398374
 0.7895694547565779
 0.7629879421537995
 0.8008898852336711
 0.5490439446797971
 0.7745026096944497
 0.8440926185620046
 0.8118282060955582
 0.7884703543426836
 0.7993525661622778
 0.6804279021736963
 0.6828358780017849
 0.8405847456087527
 0.711290777442152
 0.8870975362218866
 0.8994577531441523
 0
 0
 0.7892931470571475
 0.6439209913489836
 0.8444015395744441
 0.8831210919269479
 0.9044397234736277
 0.8940689771209797
 0.9690167544313677
 0.9561225825707584
 0.9536221457296041
 0.9439010781776571
 0.8912532175166407
 0.9207799684591577
 0.9383383047172218
 0.8784280298347061
 0.8068444595751287
 0.7829692597932636
 0.7795596440635859
 0.7624381947793245
 0.7507698955025666
 0.7393221938913066
 0.7272511320867341
 0.7555021289425249
 0.7923882993941347
 0.7582953436378066
 0.7505660227455633
 0.8475153433998045
 0.7896876935226629
 0.7803806829586196
 0
 0
 0.324758883152421
 0.9102527562221613
 0.7825466718299562
 0.8008301444312721
 0.8720476257531303
 0.86897739287275
 0.9099932135824531
 0.9116084297434484
 0.9162697100889446
 0.9230231784940255
 0.8823588313595819
 0.8667370511477878
 0.8980243951117058
 0.7529459439889156
 0.6798279583103509
 0.6861329313562422
 0.6895245067558505
 0.6230782538568732
 0.6596965370750151
 0.6174335831590174
 0.6451254655993907
 0.6504518287631492
 0.6752087501023009
 0.6867604318175238
 0.6974694629933719
 0.7097115953134696
 0.7255155083286927
 0.7073047184057775
 0
 0
 0.9497343365336233
 0.9407408425502013
 0.9166306214189613
 0.909853983715516
 0.9231025192059856
 0.8988055831751984
 0.9211081698269099
 0.908991313719669
 0.907971971009069
 0.9177323902952096
 0.9264093230341978
 0.9386081857614963
 0.9175402135602809
 0.9113364250293883
 0.9147227364148363
 0.9037358668178405
 0.9034542119662604
 0.901386849174675
 0.9140848977987321
 0.895180172077801
 0.9094443496579492
 0.9036868160273497
 0.9051333331288279
 0.9091504783628771
 0.8983436299907753
 0.8992238402784728
 0.8952502725714568
 0.899397186915155
 0
 0
 0.3333333333336956
 0.935691493772991
 0.9390133748396677
 0.975687100077738
 0.9598979812796572
 0.9580819411462118
 0.9096172461036774
 0.9655853724478869
 0.9697025480794117
 0.9751008129336376
 0.9230043893914113
 0.947435543904056
 0.9841699902530594
 0.810788819373616
 0.7419300757730063
 0.7781166117541425
 0.6774392612411476
 0.6862359606108267
 0.753162209639364
 0.6600371561821978
 0.707446243313973
 0.7383908760538918
 0.4759948208739901
 0.7970311661743403
 0.8125216479544757
 0.8467733852184745
 0.8387333185177757
 0.8154629582852841
 0
 0
 0.7892931470571475
 0.624303569619298
 0.9026100386729283
 0.8634680803755483
 0.876890815340361
 0.8857663995777169
 0.9374740695482383
 0.8993513456378814
 0.9251943795560289
 0.9130137836692847
 0.8823511101315001
 0.9244593441371862
 0.8643956961827252
 0.9131057154069446
 0.7886057689132406
 0.7566317095294377
 0.4752206992617586
 0.7462667676016149
 0.730910902022171
 0.70805192270828
 0.7056707602225274
 0.713712698615718
 0.7885826875103559
 0.7031383050329801
 0.7430962526562523
 0.7563592222307671
 0.7553638510585715
 0.738729950035832
 0
 0
 0
 0
 0
 0
 0
 0
 0
 0
 0
 0
 0
 0
 0
 0
 0
 0
 0
 0
 0
 0
 0
 0
 0
 0
 0
 0
 0
 0
 0
 0
 0
 0
 0
 0
 0
 0
 0
 0
 0
 0
 0
 0
 0
 0
 0
 0
 0
 0
 0
 0
 0
 0
 0
 0
 0
 0
 0
 0
 0
 0
 0
 0
 0
 0
 0
 0
 0
 0
 0
 0
 0
 0
 0
 0
 0
 0
 0
 0
 0
 0
 0
 0
 0
 0
 0
 0
 0
 0
 0
 0
 0
 0
 0
 0
 0
 0
 0
 0
 0
 0
 0
 0
 0
 0
 0
 0
 0
 0
 0
 0
 0
 0
 0
 0
 0
 0
 0
 0
 0
 0
 0
 0
 0
 0
 0
 0
 0
 0
 0
 0
 0
 0
 0
 0
 0
 0
 0
 0
 0
 0
 0
 0
 0
 0
 0
 0
 0
 0
 0
 0
 0.8649542044294402
 0.8708350410622807
 0.9617934232816278
 0.9113560840474609
 0.9506462902861077
 0.9328380635808619
 0.9180808078181606
 0.9078512975696161
 0.9204201532242496
 0.9164678723329688
 0.9317991728622637
 0.9257043644119974
 0.9115177749088045
 0.8997540843934795
 0.9074042003146664
 0.9219546594327214
 0.9149860193893169
 0.9093983369011625
 0.9055477598271919
 0.8997256023540592
 0.9003271850888133
 0.9164721233379414
 0.9030887831524648
 0.8884556160739774
 0.9008034268448251
 0.9096060252141394
 0.8950066869465805
 0.9147209971769492
 0
 0
 0
 0
 0
 0
 0
 0
 0
 0
 0
 0
 0
 0
 0
 0
 0
 0
 0
 0
 0
 0
 0
 0
 0
 0
 0
 0
 0
 0
 0
 0
 0
 0
 0
 0
 0
 0
 0
 0
 0
 0
 0
 0
 0
 0
 0
 0
 0
 0
 0
 0
 0
 0
 0
 0
 0
 0
 0
 0


