# Created by Octave 3.8.2, Fri Nov 20 23:54:19 2015 CET <dkottke@snake5>
# name: mus
# type: matrix
# ndims: 3
 1 30 19
 0
 0
 0.5588972431077693
 0.6085858585858586
 0.5417721518987342
 0.5820707070707072
 0.5839598997493737
 0.6122448979591837
 0.590277777777778
 0.5717948717948718
 0.6022727272727272
 0.6161616161616161
 0.6233333333333333
 0.6230867346938774
 0.6205128205128205
 0.6223958333333334
 0.6246092639954532
 0.6338383838383839
 0.6365914786967419
 0.6131578947368421
 0.6290726817042607
 0.6035353535353535
 0.609548167092924
 0.6041666666666667
 0.6053333333333332
 0.6082051282051282
 0.6048581048581049
 0.5905612244897959
 0.6005074385883982
 0.594871794871795
 0
 0
 0.6666666666666666
 0.75
 0.6
 0.5
 0.4
 0.7
 0.8
 0.8
 0.9
 0.9333333333333332
 0.7666666666666666
 0.8333333333333333
 0.7999999999999999
 0.8333333333333333
 0.7
 0.7333333333333333
 0.6666666666666666
 0.75
 0.8
 0.8699999999999999
 0.9099999999999999
 0.8800000000000001
 0.9199999999999999
 0.9199999999999999
 0.96
 1
 1
 1
 0
 0
 0.5370009110095266
 0.6701979693068395
 0.6651476141165744
 0.7592962856254041
 0.8183190910849893
 0.7667475137922621
 0.7092411797750324
 0.726395785499856
 0.7639974931306928
 0.7936840125156073
 0.7897110624637097
 0.7943292901639626
 0.8315915714022293
 0.7012082400995988
 0.679850870976632
 0.7256638666150776
 0.7356521542610457
 0.8075247886725198
 0.7884660881557726
 0.8187762696285229
 0.853229045088822
 0.8620349834253137
 0.879057301224908
 0.881164477950223
 0.8318799876125252
 0.9175473715689245
 0.9068784054180881
 0.926651459333816
 0
 0
 0.5277902765592666
 0.7594357645562714
 0.8627808062437025
 0.8327602597658934
 0.6622420069971444
 0.7035437210677969
 0.8787285273598385
 0.7853041689799537
 0.785948731748545
 0.8574918508130766
 0.8412779403064408
 0.7853740199246033
 0.8310243660452415
 0.8048677868545977
 0.7515293550984341
 0.7347547557110993
 0.7581408563691175
 0.8083086273386343
 0.8343547140679481
 0.8386795407699075
 0.8830256103740822
 0.8818859420592666
 0.9229367407839904
 0.9117975628479635
 0.9222585653375501
 0.9347043587599373
 0.9444580658872926
 0.9509048446147873
 0
 0
 0.6666666666666666
 0.75
 0.8
 0.6666666666666666
 0.5714285714285714
 0.5
 0.5555555555555556
 0.8
 0.8181818181818182
 0.6666666666666666
 0.7692307692307693
 0.4444444444444444
 0.8
 0.3333333333333333
 0.5
 1
 1
 0
 1
 1
 1
 1
 0
 1
 0
 0
 1
 1
 0
 0
 0.9999999999833403
 1.000000011372103
 0.8250001051113629
 0.8666666669325798
 0.6345243987821384
 0.5821443891551306
 0.6175602394875606
 0.8460317553806219
 0.901136375004453
 0.736995431534939
 0.7889861244081295
 0.6595278091106518
 0.8216372359225632
 0.6238783793353233
 0.6817695738936216
 0.9283081016745419
 0.9289373279739057
 0.5759794722257514
 0.9544956487251161
 0.8125006855052053
 1.005022256475327
 1.021732393905258
 0.6094121917856887
 0.829872328924194
 0.7500036741315048
 0.7500038240196032
 0.9387769990478845
 1.000000001396588
 0
 0
 0.3678794411714423
 0.6680793081419186
 0.6639450486715727
 0.7749126073436015
 0.7772968542145331
 0.7926529774584125
 0.8191815274446586
 0.8136524359023647
 0.7599529704534994
 0.8574012095964769
 0.8695421854426639
 0.8058211045078238
 0.8170640898547905
 0.7917754070557075
 0.6925799068061247
 0.8156405126779467
 0.8314719060020872
 0.8356021911878347
 0.8028893708302248
 0.8175851464126001
 0.8718173667768596
 0.8389978091734815
 0.8531363919193038
 0.8804964924081266
 0.9070577709000394
 0.8946411044188152
 0.9270129631868578
 0.9080129406712409
 0
 0
 0.5277902773596927
 0.7015614978319
 0.7765878621710859
 0.8180224905173901
 0.7627997705972908
 0.6826324541397534
 0.7641260230801085
 0.7595980090012194
 0.7752598634635305
 0.7961995491329599
 0.816831495446419
 0.8187877869559994
 0.816617303314536
 0.8171048883495745
 0.7744170126713679
 0.7677091607175541
 0.7654799185560027
 0.8329316258057895
 0.8395402470455828
 0.8356078297731457
 0.8826113651494842
 0.8963313025388066
 0.900918342478798
 0.9138147825499896
 0.9230754345755057
 0.9440945625424221
 0.9353049203247692
 0.9338880578062121
 0
 0
 1
 1
 1
 1
 1
 1
 1
 1
 1
 1
 1
 1
 1
 1
 1
 1
 1
 1
 1
 1
 1
 1
 1
 1
 1
 1
 1
 1
 0
 0
 1.000000000006487
 1.024510833483562
 0.7269247991150252
 1.102417962537554
 0.6511907614797732
 0.6374948388626109
 0.6364933596584481
 0.7568572086370711
 0.8542568908631611
 0.7944645768061853
 0.8388827466023139
 0.769641493541834
 0.8425399426972628
 0.8191849208491602
 0.8178304598634059
 0.681108613387863
 0.7605916386347954
 0.8386515914014616
 0.8210126944206777
 0.8623014256239392
 0.7949370390547775
 0.8909562344405249
 1.113502750508381
 0.828276082093915
 0.9999976982894907
 0.9999981774280415
 0.7481536819521116
 0.9928350021926798
 0
 0
 0.3678794411714423
 0.6680793094438718
 0.5729671920138105
 0.7178538920719101
 0.9442008743784153
 0.9097648934291565
 0.7573927893948307
 0.765053049009323
 0.6978925055742342
 0.763365703371687
 0.7678780635733458
 0.8842917878542009
 0.881450822108739
 0.7992480031386733
 0.8527913860104579
 0.7739992828890231
 0.9042689806693889
 0.840869712231479
 0.764456894790317
 0.8269023300167204
 0.8723496320774105
 0.8801303805748361
 0.8606636672470919
 1.032842741303889
 0.9932905887040724
 0.9819552825050868
 0.9031084952879437
 0.9368318233448243
 0
 0
 0
 0
 0
 0
 0
 0
 0
 0
 0
 0
 0
 0
 0
 0
 0
 0
 0
 0
 0
 0
 0
 0
 0
 0
 0
 0
 0
 0
 0
 0
 0
 0
 0
 0
 0
 0
 0
 0
 0
 0
 0
 0
 0
 0
 0
 0
 0
 0
 0
 0
 0
 0
 0
 0
 0
 0
 0
 0
 0
 0
 0
 0
 0
 0
 0
 0
 0
 0
 0
 0
 0
 0
 0
 0
 0
 0
 0
 0
 0
 0
 0
 0
 0
 0
 0
 0
 0
 0
 0
 0
 0
 0
 0
 0
 0
 0
 0
 0
 0
 0
 0
 0
 0
 0
 0
 0
 0
 0
 0
 0
 0
 0
 0
 0
 0
 0
 0
 0
 0
 0
 0
 0
 0
 0
 0
 0
 0
 0
 0
 0
 0
 0
 0
 0
 0
 0
 0
 0
 0
 0
 0
 0
 0
 0
 0
 0
 0
 0
 0
 0
 1
 1
 1
 1
 1
 1
 1
 1
 1
 1
 1
 1
 1
 1
 1
 1
 1
 1
 1
 1
 1
 1
 1
 1
 1
 1
 1
 1
 0
 0
 0
 0
 0
 0
 0
 0
 0
 0
 0
 0
 0
 0
 0
 0
 0
 0
 0
 0
 0
 0
 0
 0
 0
 0
 0
 0
 0
 0
 0
 0
 0
 0
 0
 0
 0
 0
 0
 0
 0
 0
 0
 0
 0
 0
 0
 0
 0
 0
 0
 0
 0
 0
 0
 0
 0
 0
 0
 0


