# Created by Octave 3.8.2, Mon Nov 16 03:11:25 2015 CET <dkottke@snake2>
# name: mus
# type: matrix
# ndims: 3
 1 30 19
 0
 0
 0.4987468671679196
 0.4983277591973244
 0.4979079497907952
 0.8425460636515912
 0.4973544973544974
 0.4983221476510067
 0.5004177109440269
 0.5075630252100839
 0.6505421184320268
 0.9023569023569027
 0.9306020066889623
 0.9394957983193283
 0.935021097046413
 0.9349662162162162
 0.9414285714285707
 0.9402356902356899
 0.9423558897243102
 0.9355932203389833
 0.9365079365079361
 0.9354657687991019
 0.9381270903010035
 0.9200680272108844
 0.9208510638297878
 0.921822742474916
 0.9257154882154882
 0.9268707482993201
 0.9262940591788361
 0.9264957264957263
 0
 0
 1
 1
 1
 0.8
 0.7
 0.7
 0.9
 0.8
 0.8333333333333333
 0.8
 0.7333333333333333
 0.6333333333333333
 0.6666666666666666
 0.6833333333333333
 0.7833333333333333
 0.75
 0.8
 0.9
 0.9
 0.9099999999999999
 0.9099999999999999
 0.9199999999999999
 0.9199999999999999
 0.9199999999999999
 0.9266666666666665
 0.9266666666666665
 0.9333333333333333
 0.9333333333333333
 0
 0
 1
 1
 1
 0.8258443358329484
 0.7318926835578272
 0.7386726661459744
 0.802569314799967
 0.8671297309409151
 0.8298076668790485
 0.7698176741415164
 0.778814508068665
 0.6899895435041602
 0.7187370929611424
 0.7629996552960149
 0.8413314303518012
 0.829063717121992
 0.8284825481358286
 0.8526151746286192
 0.8715146210631497
 0.8915346168159768
 0.8738745688498577
 0.8943154178169784
 0.9088337488452978
 0.9050249775596855
 0.8965999151911133
 0.9162002661162082
 0.906330807684145
 0.919448013393324
 0
 0
 0.9999999999793278
 0.9999999997134752
 0.999999999924428
 0.7337946541347036
 0.7425451962495803
 0.7900476751186259
 0.7981454502263949
 0.810650778143418
 0.7523490081162258
 0.7163836214937249
 0.6635664429853281
 0.675910754197148
 0.695113908168278
 0.7341040804397387
 0.749685743485822
 0.7690466634561707
 0.7769365370307502
 0.7831821331440528
 0.792944568557957
 0.8124339527434297
 0.821773548391973
 0.8318102646191912
 0.8340955589813648
 0.8489289563745626
 0.8518731384537656
 0.857405166735925
 0.8631911150355925
 0.868377190529193
 0
 0
 0.9999999999834289
 0.9999999998761806
 0.9999999999208454
 0.7183902498784779
 0.7089112409910792
 0.781530379552234
 0.7897436694927547
 0.8038478124509887
 0.769427685095858
 0.710121017685432
 0.6516377634182221
 0.6584358195601562
 0.6943139821770189
 0.7254328354836228
 0.7581999474530244
 0.7646229585143092
 0.7757489029257723
 0.7844969938121803
 0.8024851996142642
 0.8123593296421312
 0.8241433536359738
 0.8307167588637377
 0.8363932629703317
 0.8469173539154855
 0.8525474408971281
 0.8625967170122014
 0.8581347600181217
 0.8614411066983201
 0
 0
 0.9999999999973421
 0.9999999999982887
 0.9999999999013922
 0.6881159818765576
 0.7015035490026165
 0.7979795495450065
 0.8117341995518558
 0.7912026457274685
 0.7475497150880192
 0.7130928892516628
 0.6969172613098789
 0.6628039673897146
 0.7569816811117671
 0.720622926905007
 0.7833625706617879
 0.8500841412701577
 0.7563531877229333
 0.7510961012931529
 0.7583737996739816
 0.8374600202814481
 0.8313728790385342
 0.7992958411389514
 0.8255277549706198
 0.8677676168735009
 0.8751052721839114
 0.8705188484130594
 0.8217934070798978
 0.9195183417227494
 0
 0
 1
 0.9999999999914397
 0.9999999997987289
 0.8322866897284155
 0.7734632094113494
 0.7958391328365606
 0.8730671747985678
 0.8476143416438946
 0.844019238203879
 0.7911814835537817
 0.7560956645011112
 0.7620503435849384
 0.7815070719393089
 0.7895338533309392
 0.7628559699573787
 0.6900148692763239
 0.8079902558722799
 0.7927571480049157
 0.8096137367492842
 0.8301914790828389
 0.8276674502300748
 0.8347853200352786
 0.8497036863400729
 0.812689509211213
 0.8633144898983304
 0.8753948916472291
 0.8341417979796035
 0.8648293514244437
 0
 0
 0.9999999999725715
 0.9999999999778452
 0.9999999999907178
 0.7086689902935178
 0.7249674064017749
 0.7694952097612823
 0.786818946069794
 0.8065800366955712
 0.7643989892834195
 0.7290897044337552
 0.6788358317151202
 0.7087175476638152
 0.7212030320998872
 0.7655944102118538
 0.7674743706291712
 0.7940527755363473
 0.8100834094732091
 0.8139361353911793
 0.833357468847375
 0.8468971373305948
 0.8606828058750912
 0.8714569277649113
 0.8800962765244558
 0.8889317763852985
 0.8924532489402289
 0.8989985590079344
 0.9046243889752104
 0.9085916577326573
 0
 0
 0.9999999999766942
 0.999999999978149
 0.9999999999790836
 0.6956106785659674
 0.6760678055156324
 0.7417671120315855
 0.7788876708636668
 0.8133554720791304
 0.7811561155696951
 0.7377163560066258
 0.6803320144042356
 0.6863210667708292
 0.7257308875903458
 0.759110684461658
 0.7733868116601046
 0.7873307454074208
 0.8079442413971247
 0.8191079433774232
 0.8304346979116685
 0.845223783029911
 0.86224103596658
 0.8698855672611732
 0.878683110090457
 0.8920773865791246
 0.893644884428863
 0.8982623005476896
 0.9077917248225568
 0.9054037697200059
 0
 0
 0.999999999987273
 0.9999999999825667
 0.9999999999999891
 0.8489843894231036
 0.7100408423760025
 0.7365909130291499
 0.7696247079257258
 0.8070976642903164
 0.7576316117491555
 0.7375337820048303
 0.6709343819558686
 0.6893282557572116
 0.7231587602403696
 0.7454298138133795
 0.8305100154567294
 0.7716135006276278
 0.8061005395482772
 0.7960486158968898
 0.8116936457317188
 0.8384740197119438
 0.857551839028721
 0.865799688453904
 0.8782290178166158
 0.8769182305576291
 0.900230073873147
 0.8967984358943948
 0.8998519061718231
 0.9084812324074751
 0
 0
 1
 0.9999999999869142
 0.9999999999998087
 0.7640374404883039
 0.7854336732041853
 0.8479991830692849
 0.8704077395005632
 0.8515694688104303
 0.791029809942239
 0.8159071875135647
 0.7216333599500635
 0.7702596471283889
 0.8262886391337333
 0.8433947762588491
 0.7604030416157551
 0.7829667346993052
 0.8199663579277232
 0.896863384053506
 0.7764701679250786
 0.8023533454037776
 0.850433693440219
 0.8331304669205698
 0.8390366050799508
 0.8643516162227639
 0.8609261054417536
 0.8674459169450712
 0.8712198463242997
 0.8785845579769356
 0
 0
 0
 0
 0
 0
 0
 0
 0
 0
 0
 0
 0
 0
 0
 0
 0
 0
 0
 0
 0
 0
 0
 0
 0
 0
 0
 0
 0
 0
 0
 0
 0
 0
 0
 0
 0
 0
 0
 0
 0
 0
 0
 0
 0
 0
 0
 0
 0
 0
 0
 0
 0
 0
 0
 0
 0
 0
 0
 0
 0
 0
 0
 0
 0
 0
 0
 0
 0
 0
 0
 0
 0
 0
 0
 0
 0
 0
 0
 0
 0
 0
 0
 0
 0
 0
 0
 0
 0
 0
 0
 0
 0
 0
 0
 0
 0
 0
 0
 0
 0
 0
 0
 0
 0
 0
 0
 0
 0
 0
 0
 0
 0
 0
 0
 0
 0
 0
 0
 0
 0
 0
 0
 0
 0
 0
 0
 0
 0
 0
 0
 0
 0
 0
 0
 0
 0
 0
 0
 0
 0
 0
 0
 0
 0
 0
 0
 0
 0
 0
 0
 0
 0.9783642444617952
 0.9900886122788971
 0.9972789257289634
 0.6674214383326844
 0.6796540851313183
 0.7374849130813248
 0.7724355603503261
 0.8082010115504743
 0.7807511947246772
 0.7433556015522732
 0.6878856291178123
 0.686680487680825
 0.722312872256943
 0.7622515460788239
 0.7769155346669381
 0.7885056512064171
 0.8033667664978735
 0.8167549261808713
 0.8314287103509013
 0.84526287104761
 0.8622002730912507
 0.8738910996047177
 0.8758989660202835
 0.8906809233382545
 0.8940867276755702
 0.8965958842917001
 0.9034987637285121
 0.9049873806249333
 0
 0
 0
 0
 0
 0
 0
 0
 0
 0
 0
 0
 0
 0
 0
 0
 0
 0
 0
 0
 0
 0
 0
 0
 0
 0
 0
 0
 0
 0
 0
 0
 0
 0
 0
 0
 0
 0
 0
 0
 0
 0
 0
 0
 0
 0
 0
 0
 0
 0
 0
 0
 0
 0
 0
 0
 0
 0
 0
 0


