# Created by Octave 3.8.2, Fri Nov 20 21:31:38 2015 CET <dkottke@snake7>
# name: mus
# type: matrix
# ndims: 3
 1 30 19
 0
 0
 0.3511407902058993
 0.3452115812917594
 0.5743732590529249
 0.6243032329988852
 0.5925514174541414
 0.5641741071428571
 0.5801228364042433
 0.5681564245810053
 0.566010676440124
 0.6465324384787474
 0.6408398364920103
 0.6336495535714283
 0.6140056022408967
 0.6037946428571429
 0.6106816059757237
 0.6083052749719418
 0.6111822108462647
 0.6247191011235955
 0.6238655462184876
 0.6363012844494326
 0.6378669639539207
 0.6413288288288289
 0.659718309859155
 0.6657376439985134
 0.6938832772166104
 0.7039620535714286
 0.6993882091212458
 0.6655367231638418
 0
 0
 0.3333333333333333
 0.75
 0
 0.7
 0.3
 0.6
 0.5
 0.6
 0.5333333333333333
 0.6333333333333333
 0.5999999999999999
 0.5333333333333333
 0.5333333333333333
 0.6166666666666666
 0.5999999999999999
 0.65
 0.7833333333333333
 0.65
 0.61
 0.64
 0.6900000000000001
 0.72
 0.68
 0.6066666666666667
 0.52
 0.5399999999999999
 0.62
 0.6
 0
 0
 0.6007659628451215
 0.6614073459217552
 0.4776225937458447
 0.5333985783789666
 0.4327624893608848
 0.6881538576445783
 0.4109481723618634
 0.5786890091703734
 0.7118118292310511
 0.5902182602065633
 0.6697711506422299
 0.6775006536188428
 0.6324162518187841
 0.7390368397246418
 0.7371835922974117
 0.7290678592393122
 0.7597058458025711
 0.6910097925358762
 0.7242429556988514
 0.7069117298096269
 0.7271552903582741
 0.7194267538987282
 0.6454028110875286
 0.7099588835634938
 0.6811651224390358
 0.6286321710424267
 0.6748244507418022
 0.6340566087371919
 0
 0
 0.4722430545715402
 0.7787774311651599
 0.2375156194195531
 0.5953081115965134
 0.5969441801872122
 0.6650520772646296
 0.5102591583798068
 0.7094697880204701
 0.7113601658004177
 0.6066296278088292
 0.6767158654925296
 0.6961554412173829
 0.6779537891895209
 0.7456729627935258
 0.7524392014584713
 0.7540566775984762
 0.7925033309326037
 0.6818307542022606
 0.7425724980938433
 0.7818778126649227
 0.7451882090985192
 0.7690116846894416
 0.7776362811118694
 0.7200857997523898
 0.6805615044116683
 0.645995842164328
 0.6447941032738809
 0.6424034495836281
 0
 0
 0.3333333333333333
 0.75
 0
 0.5
 0.5714285714285714
 0.875
 0.5555555555555556
 0.4
 0.6363636363636364
 0.5833333333333334
 0.7692307692307693
 0.4444444444444444
 0.8
 1
 0.5
 1
 1
 1
 0
 1
 0
 1
 1
 0
 1
 1
 1
 0
 0
 0
 0.3333333333398765
 0.9722222224650724
 0.254180626467299
 0.4166669916054678
 0.5726190480913127
 0.8647841583011247
 0.5783730189824727
 0.507143886709317
 0.6666666936412059
 0.5924242834275145
 0.7938175112663823
 0.5881079863673603
 0.7318727472300391
 0.9026469752838227
 0.6285623406096301
 0.9206669989851674
 0.945958885324522
 0.9024476342956191
 0.5233152459385345
 0.8325999876849157
 0.5574792900525004
 1.030995028638133
 0.8889332392594734
 0.5416803453301735
 0.5682426419660028
 0.8022917530302438
 1.000000005193192
 0.6250048110628175
 0
 0
 0.7892931470571475
 0.9701854666008408
 0.5672861203726258
 0.5892530308223576
 0.6707229217298001
 0.6501926970574922
 0.6120431611834548
 0.6787202144701149
 0.7176297514566944
 0.812396541735976
 0.8243698732237852
 0.752535021329668
 0.7804091938807964
 0.7525586022725196
 0.7260369268563056
 0.7736168427237144
 0.7869468167897811
 0.781417357510345
 0.7629635149817389
 0.7185670747240843
 0.7103986165847949
 0.7550759329573743
 0.7248097643755174
 0.7737715111286395
 0.7460941469354405
 0.7044552756808606
 0.7174531917112726
 0.6906929008401721
 0
 0
 0.4722430534822895
 0.774010115211185
 0.2685503412089202
 0.3644961345524464
 0.5389269207129093
 0.5790598355372243
 0.5164722790615686
 0.6642601648811818
 0.688071867361267
 0.6544463137479783
 0.6904391817153078
 0.708323519063615
 0.7046246756758792
 0.7285123763932677
 0.7394347614962987
 0.772737201260409
 0.7779560477516702
 0.7344089028885936
 0.7497123921026513
 0.7583148630897546
 0.7428984049040962
 0.7694811499246521
 0.7393688077577969
 0.7272089468967771
 0.6912125501604048
 0.6314575683133472
 0.6652266019448088
 0.6477887225461044
 0
 0
 1
 1
 1
 1
 1
 1
 1
 1
 1
 1
 1
 1
 1
 1
 1
 1
 1
 1
 1
 1
 1
 1
 1
 1
 1
 1
 1
 1
 0
 0
 0.3333333333398596
 0.9803925663058789
 0.3016793043604077
 0.2827370812773246
 0.4178434375120763
 0.5282895349303312
 0.4351545872282466
 0.6001212766971868
 0.6164208613990346
 0.5551464658430397
 0.700507630287991
 0.6140253002203264
 0.7061786049270724
 0.6825178890999136
 0.7115368785413019
 0.7466796232942503
 0.7082871548420462
 0.7092345239134572
 0.7192280044732875
 0.8493419805953518
 0.9641790320402456
 0.8564036254359844
 0.6012574803161169
 0.596396751876306
 0.4491384946817646
 0.7478385452519972
 1.000000000008033
 0.9998757315665729
 0
 0
 0.7892931470571475
 0.9635980798196286
 0.5984994437419995
 0.5710390424289624
 0.6553369482586804
 0.6936691556763122
 0.636229830238203
 0.7756389242156695
 0.69768397474619
 0.7353562976579334
 0.9633888977295287
 0.7190732658488405
 0.8419425736357233
 0.9197909255873162
 0.8387823013261643
 0.8593833059992479
 0.9002691894590341
 0.7028568401283241
 0.8131155433155024
 0.7461053923958499
 0.7195486928146154
 0.8058080696650533
 0.7200440486645067
 0.8278822949504731
 0.7520486987406431
 0.6933812871831319
 0.7758076515182409
 0.7389344801669523
 0
 0
 0
 0
 0
 0
 0
 0
 0
 0
 0
 0
 0
 0
 0
 0
 0
 0
 0
 0
 0
 0
 0
 0
 0
 0
 0
 0
 0
 0
 0
 0
 0
 0
 0
 0
 0
 0
 0
 0
 0
 0
 0
 0
 0
 0
 0
 0
 0
 0
 0
 0
 0
 0
 0
 0
 0
 0
 0
 0
 0
 0
 0
 0
 0
 0
 0
 0
 0
 0
 0
 0
 0
 0
 0
 0
 0
 0
 0
 0
 0
 0
 0
 0
 0
 0
 0
 0
 0
 0
 0
 0
 0
 0
 0
 0
 0
 0
 0
 0
 0
 0
 0
 0
 0
 0
 0
 0
 0
 0
 0
 0
 0
 0
 0
 0
 0
 0
 0
 0
 0
 0
 0
 0
 0
 0
 0
 0
 0
 0
 0
 0
 0
 0
 0
 0
 0
 0
 0
 0
 0
 0
 0
 0
 0
 0
 0
 0
 0
 0
 0
 0
 1
 1
 1
 1
 1
 1
 1
 1
 1
 1
 1
 1
 1
 1
 1
 1
 1
 1
 1
 1
 1
 1
 1
 1
 1
 1
 1
 1
 0
 0
 0
 0
 0
 0
 0
 0
 0
 0
 0
 0
 0
 0
 0
 0
 0
 0
 0
 0
 0
 0
 0
 0
 0
 0
 0
 0
 0
 0
 0
 0
 0
 0
 0
 0
 0
 0
 0
 0
 0
 0
 0
 0
 0
 0
 0
 0
 0
 0
 0
 0
 0
 0
 0
 0
 0
 0
 0
 0


