# Created by Octave 3.8.2, Fri Nov 20 20:10:54 2015 CET <dkottke@snake5>
# name: mus
# type: matrix
# ndims: 3
 1 30 19
 0
 0
 0.7245409015025052
 0.7243875278396437
 0.7181058495821735
 0.7235228539576366
 0.7126181211784334
 0.7220982142857143
 0.7208263539921822
 0.7106145251396649
 0.7283085013146366
 0.7270693512304248
 0.7293756967670009
 0.7287946428571431
 0.7333333333333329
 0.7332589285714286
 0.7335200746965451
 0.7289562289562292
 0.7317229243321069
 0.7297752808988766
 0.7270588235294115
 0.7396807581992768
 0.7441471571906356
 0.7319819819819819
 0.7374647887323945
 0.7370865849126718
 0.7368125701459035
 0.7377232142857143
 0.742213570634038
 0.7463276836158191
 0
 0
 0.3333333333333333
 1
 1
 1
 1
 0.8
 0.8
 0.9
 0.8333333333333333
 0.8666666666666668
 0.8333333333333333
 0.9
 0.9333333333333332
 0.8833333333333332
 0.8833333333333332
 0.8333333333333333
 0.85
 0.85
 0.85
 0.8699999999999999
 0.86
 0.8400000000000001
 0.8400000000000001
 0.8
 0.78
 0.8200000000000001
 0.8
 0.8
 0
 0
 0.5698068419083426
 0.913801741977924
 0.8683823246847825
 0.956102738970239
 0.9378414783818585
 0.6813820300387683
 0.7574170022535888
 0.887301568560394
 0.8376939916133086
 0.8630118847917826
 0.8990113395460564
 0.8626416698111856
 0.882872053707492
 0.9325437060792954
 0.9167910581153998
 0.9222244181162281
 0.9156441165033031
 0.8951150623083488
 0.9247853571079426
 0.9132294406708277
 0.911074267344915
 0.8000711776371018
 0.8205317878417978
 0.8374668047260907
 0.8479814075617719
 0.8436755092911266
 0.8597070665070012
 0.854268647749527
 0
 0
 0.423747806923961
 0.9174079114139834
 0.9301918367238957
 0.9583616526067859
 0.9395421398076763
 0.7440812171733913
 0.7824799623849451
 0.8788980341396148
 0.8398293719116179
 0.8597791177795473
 0.879181190689258
 0.8978073782258091
 0.9063965056440539
 0.918132621056606
 0.9072736495542166
 0.9172609494058201
 0.890518711393235
 0.8982660512906685
 0.8938198477253053
 0.8982599327419259
 0.8947016960028578
 0.8022589251157544
 0.8291529495728045
 0.835059931767426
 0.8344744318883608
 0.852195259683963
 0.8529217808334802
 0.853480022146745
 0
 0
 0
 1
 1
 1
 1
 0.75
 0.7777777777777778
 0.9
 0.8181818181818182
 0.8333333333333334
 1
 1
 1
 1
 0.5
 1
 1
 1
 1
 1
 1
 1
 0
 1
 1
 1
 1
 1
 0
 0
 0.1407757123601791
 0.9413131820086845
 0.9608975254104269
 0.9890833450124258
 0.9531560070090785
 0.6989418066886939
 0.7577456003672494
 0.8655798778767914
 0.7820010427621327
 0.8398863885048778
 0.9415658082786583
 0.9455911236089943
 0.9220949011046531
 0.9134947055748861
 0.8368710581628358
 0.9104959814296929
 0.9122597836567128
 0.9161023791673587
 0.8535233264821459
 0.950561631319445
 0.8805318864212917
 0.9021104306454911
 0.7329198051023331
 0.7982628619706666
 0.8966838157447068
 0.9158000617966944
 0.7977733769792874
 0.8244316401333764
 0
 0
 0.5785862941142949
 0.5528829698669457
 0.8376564141640328
 0.9310078282456165
 0.8712820578628158
 0.7979252507997308
 0.8112177942884202
 0.8221148062286737
 0.7831319839422335
 0.8777045392766811
 0.8566651114375683
 0.8653544402219343
 0.8873378198510653
 0.8698402445927351
 0.8866950799716181
 0.9277584727716872
 0.9050257135897116
 0.8913187093180941
 0.9040207682980694
 0.9145810837387257
 0.9217515383072913
 0.8117807813205981
 0.8694032052299288
 0.8561738110989195
 0.8135447394110019
 0.8095104438206158
 0.8293724798157815
 0.8865355705121643
 0
 0
 0.4200672416865244
 0.8797682508610872
 0.9040522086207124
 0.9283425086204183
 0.8659867177387193
 0.7313260319239463
 0.7456567486368849
 0.8198865380341922
 0.7774141421387178
 0.8042910927521264
 0.8032924624675012
 0.8448874543793544
 0.8401392784851842
 0.8492373526689496
 0.857567073648022
 0.8796146876045819
 0.8551759316145335
 0.8552167074950748
 0.8511857446049969
 0.8370078518126919
 0.8310185620978106
 0.7249385315317706
 0.7423454785394141
 0.7394236988931605
 0.7451373351569299
 0.7723804501077881
 0.7620621407667246
 0.7723887359842934
 0
 0
 0.9290109311913609
 0.9257392085701635
 0.9229015979624409
 0.9005976856540635
 0.8878519585824647
 0.917273914696586
 0.9128143635539606
 0.9225025969927901
 0.9169032388063204
 0.9287439333783531
 0.9224008359496315
 0.9222584037357909
 0.9189354063636468
 0.9156592259103611
 0.9048869797717898
 0.8925885397273191
 0.905344375305429
 0.919164133623668
 0.9079686939196573
 0.8984318136501669
 0.9063393261546736
 0.899242150089486
 0.8985589383784337
 0.9011644946463755
 0.906458271763864
 0.9135605162342371
 0.8972767721805567
 0.911149293912208
 0
 0
 0.01403629637826342
 0.9357032617070283
 0.9520075982005989
 0.9892516455898541
 0.8738080461160671
 0.7081883327483924
 0.764025846109862
 0.801532846990324
 0.7908449880510299
 0.8051769788063204
 0.8988531013539848
 0.8161238408490162
 0.9327040315309232
 0.9465066734761645
 0.9363060388989751
 0.9502490324984803
 0.9232843719540297
 0.9147442283944789
 0.9044407073895451
 0.9279754416883808
 0.8888086350020761
 0.7897522608864973
 0.8205383922109901
 0.8539271277212968
 0.8422602889431055
 0.8628793022822736
 0.8731428470371607
 0.8396459070982329
 0
 0
 0.5785862941142949
 0.5750541125468946
 0.8331384422421619
 0.8902376326283439
 0.8395812313910043
 0.7872957594128644
 0.7350577474178519
 0.9294800548306121
 0.7846678965160048
 0.8541248419049362
 0.6117368009873017
 0.8933791959329261
 0.8520232641971258
 0.8535844169657203
 0.869884407708318
 0.8679768380680257
 0.9385532281253917
 0.9430992681051054
 0.9320965033918129
 0.8660398270539412
 0.8510379807619437
 0.8861637967304887
 0.8147741109157289
 0.8912742890867065
 0.8835103911980502
 0.846556125502492
 0.7798449218128621
 0.8036024473799184
 0
 0
 0
 0
 0
 0
 0
 0
 0
 0
 0
 0
 0
 0
 0
 0
 0
 0
 0
 0
 0
 0
 0
 0
 0
 0
 0
 0
 0
 0
 0
 0
 0
 0
 0
 0
 0
 0
 0
 0
 0
 0
 0
 0
 0
 0
 0
 0
 0
 0
 0
 0
 0
 0
 0
 0
 0
 0
 0
 0
 0
 0
 0
 0
 0
 0
 0
 0
 0
 0
 0
 0
 0
 0
 0
 0
 0
 0
 0
 0
 0
 0
 0
 0
 0
 0
 0
 0
 0
 0
 0
 0
 0
 0
 0
 0
 0
 0
 0
 0
 0
 0
 0
 0
 0
 0
 0
 0
 0
 0
 0
 0
 0
 0
 0
 0
 0
 0
 0
 0
 0
 0
 0
 0
 0
 0
 0
 0
 0
 0
 0
 0
 0
 0
 0
 0
 0
 0
 0
 0
 0
 0
 0
 0
 0
 0
 0
 0
 0
 0
 0
 0
 0.8818588610290481
 0.8979679945049507
 0.9355243913178316
 0.9436278429759007
 0.9136150203445577
 0.9180868987156686
 0.9171131427207683
 0.88870692766154
 0.9226131316179881
 0.9115286945537198
 0.9232936424591055
 0.9121740846757741
 0.9072919956132822
 0.9140759571179387
 0.9120216102314667
 0.9105291681765751
 0.908984615382492
 0.9021952856560653
 0.9041300235445918
 0.9012018237659579
 0.9045590223393071
 0.9170964655213816
 0.9015739593892819
 0.9051415943557024
 0.9098958747712561
 0.9012334597466378
 0.8999240664307423
 0.9051340443386636
 0
 0
 0
 0
 0
 0
 0
 0
 0
 0
 0
 0
 0
 0
 0
 0
 0
 0
 0
 0
 0
 0
 0
 0
 0
 0
 0
 0
 0
 0
 0
 0
 0
 0
 0
 0
 0
 0
 0
 0
 0
 0
 0
 0
 0
 0
 0
 0
 0
 0
 0
 0
 0
 0
 0
 0
 0
 0
 0
 0


