# Created by Octave 3.8.2, Fri Nov 20 20:01:28 2015 CET <dkottke@snake5>
# name: mus
# type: matrix
# ndims: 3
 1 30 19
 0
 0
 0.4974958263772959
 0.5412026726057907
 0.7136490250696388
 0.7118171683389073
 0.7159533073929973
 0.703125
 0.692908989391401
 0.6944134078212288
 0.6956417815313525
 0.6873601789709172
 0.6753994797473057
 0.6757812500000004
 0.6666666666666664
 0.6735491071428571
 0.6705508870214754
 0.6846240179573512
 0.6768517037274034
 0.6780898876404496
 0.6736134453781512
 0.6807581992767175
 0.6799516908212563
 0.6875000000000001
 0.6912676056338029
 0.6902638424377555
 0.6818181818181817
 0.6693638392857145
 0.6693548387096773
 0.659322033898305
 0
 0
 1
 0.25
 0.6
 0.8
 0.6
 0.6
 0.5
 0.7
 0.8333333333333333
 0.8666666666666666
 0.5666666666666667
 0.7999999999999999
 0.7333333333333333
 0.75
 0.7666666666666666
 0.6
 0.6166666666666666
 0.65
 0.74
 0.5800000000000001
 0.58
 0.5700000000000001
 0.6000000000000001
 0.62
 0.6333333333333333
 0.5333333333333334
 0.5333333333333333
 0.5333333333333333
 0
 0
 1
 0.669239242473429
 0.6701979693068395
 0.80720322955729
 0.6135420250025237
 0.6982762397889359
 0.6863446910703805
 0.7632030534235391
 0.7945608183807188
 0.8083169657799878
 0.8010024278849717
 0.7338376351353593
 0.8269946232444222
 0.7790390309018076
 0.7290650878852021
 0.5206680286214801
 0.6318634599921221
 0.7286375810533722
 0.6878294717800131
 0.6420409715685788
 0.6256141006107643
 0.6447489675315001
 0.686410017540946
 0.6793976306290348
 0.6123351528027199
 0.6109608572770899
 0.6080769591818992
 0.6106747571218228
 0
 0
 1
 0.6319611468011803
 0.7788981274408217
 0.8362333202459546
 0.7092807782427799
 0.7325928449667022
 0.7596665915064831
 0.8057710150741419
 0.8008230467634725
 0.7771685746597525
 0.7951258577376503
 0.8503120919432994
 0.8770749160329628
 0.8653864853748973
 0.7620352033332267
 0.6790530384824378
 0.6983648370864931
 0.6723236779454518
 0.7244594964202746
 0.6923699195700108
 0.6623416566093551
 0.6774518231960223
 0.682390019341139
 0.6715957904922755
 0.6303667483258714
 0.6510278209870145
 0.6516166592203292
 0.6288950792830406
 0
 0
 1
 0
 0.8
 0.6666666666666666
 1
 0.625
 1
 0.6
 0.6363636363636364
 0.8333333333333334
 0.7692307692307693
 0.7777777777777778
 1
 1
 1
 1
 1
 0
 0
 1
 1
 1
 1
 1
 0
 1
 1
 0
 0
 0
 1.000000000034979
 0.4722472235450637
 0.6750012179649798
 0.6750001166647449
 0.9857164236146744
 0.6410714314511252
 1.030755019578879
 0.7264894536105827
 0.6513262629402352
 0.84318183535066
 0.776748313012938
 0.8022585078648621
 0.9921790977774998
 0.9663038964513304
 0.8590398679455247
 0.8517293416415571
 0.8460793264180023
 0.5833081282159499
 0.5039165440548622
 0.9696159155829538
 0.6993512312668217
 0.9580094683731638
 1.011479955514516
 0.8378706259406901
 0.7187532148652229
 0.7379307155574846
 0.5567584674955705
 0.4583447576076013
 0
 0
 1
 1.053479557477277
 0.7458866194563029
 0.836973424879062
 0.7247482359363079
 0.7692816431187406
 0.713917417480865
 0.8276880865245186
 0.7757104104698033
 0.8347158833088786
 0.7649341437178733
 0.7805762122775675
 0.815294611067066
 0.7511155864315113
 0.7811996651282822
 0.6911682615679158
 0.7400783249082151
 0.7293759484286155
 0.700498979202261
 0.6674837623413408
 0.6872711029708301
 0.702819894885752
 0.6695826446159688
 0.6927773443100516
 0.6221406675653158
 0.6311383902296334
 0.6535500593502221
 0.6387213402756668
 0
 0
 1
 0.6838388548245306
 0.7378215039134985
 0.802400874152446
 0.7154796666440986
 0.7536452782577876
 0.7890616007639234
 0.7860415635840658
 0.786160073834017
 0.7575502030140027
 0.7686291897581783
 0.8186060786444908
 0.8564846379736865
 0.8398543283964487
 0.7824270473652408
 0.7048767681392158
 0.7145575807780754
 0.6865205419466059
 0.7144934837389094
 0.6796593702455911
 0.6537779235798961
 0.6821679261057767
 0.6608014120243104
 0.7005356209778812
 0.6198943633289428
 0.653335759578521
 0.6582989403921543
 0.6224732298283004
 0
 0
 1
 1
 1
 1
 1
 1
 1
 1
 1
 1
 1
 1
 1
 1
 1
 1
 1
 1
 1
 1
 1
 1
 1
 1
 1
 1
 1
 1
 0
 0
 1.00000000001167
 0.6029661746740218
 0.6150081722300879
 0.6784237471859159
 0.7291381113229218
 0.7582693414848174
 0.7008037314342399
 0.8229581731549859
 0.6653897966114958
 0.6789056024353507
 0.7103117220884758
 0.7453579152694093
 0.7922516713522384
 0.9187968820211199
 0.6888665555017017
 0.6776972575026465
 0.663482283151917
 0.6940752966956838
 0.6453742956230799
 0.8176770450978398
 0.6246391948361198
 0.7472547322867069
 0.7580376110920695
 0.6570701366428675
 1.030076067353161
 0.5877470299159816
 0.4884965993218899
 0.4965324971127906
 0
 0
 1
 1.02375993120703
 0.736377485265382
 0.9188678820804492
 0.8144771860286778
 0.856505590095225
 0.7321083415816168
 0.7985826397100568
 0.820514006053258
 0.7605010048949876
 0.7739884271980562
 0.8120812985675646
 0.8503239533877701
 0.7890203395306811
 0.8348439419820328
 0.7475206526777831
 0.7142580877248159
 0.8423529962585462
 0.7310345498164887
 0.7125617874381305
 0.7109471155593595
 0.7376732365214727
 0.7373142901945418
 0.6577562555013921
 0.6333170742084723
 0.6994036805357848
 0.6911585519526502
 0.6713814181681602
 0
 0
 0
 0
 0
 0
 0
 0
 0
 0
 0
 0
 0
 0
 0
 0
 0
 0
 0
 0
 0
 0
 0
 0
 0
 0
 0
 0
 0
 0
 0
 0
 0
 0
 0
 0
 0
 0
 0
 0
 0
 0
 0
 0
 0
 0
 0
 0
 0
 0
 0
 0
 0
 0
 0
 0
 0
 0
 0
 0
 0
 0
 0
 0
 0
 0
 0
 0
 0
 0
 0
 0
 0
 0
 0
 0
 0
 0
 0
 0
 0
 0
 0
 0
 0
 0
 0
 0
 0
 0
 0
 0
 0
 0
 0
 0
 0
 0
 0
 0
 0
 0
 0
 0
 0
 0
 0
 0
 0
 0
 0
 0
 0
 0
 0
 0
 0
 0
 0
 0
 0
 0
 0
 0
 0
 0
 0
 0
 0
 0
 0
 0
 0
 0
 0
 0
 0
 0
 0
 0
 0
 0
 0
 0
 0
 0
 0
 0
 0
 0
 0
 0
 1
 1
 1
 1
 1
 1
 1
 1
 1
 1
 1
 1
 1
 1
 1
 1
 1
 1
 1
 1
 1
 1
 1
 1
 1
 1
 1
 1
 0
 0
 0
 0
 0
 0
 0
 0
 0
 0
 0
 0
 0
 0
 0
 0
 0
 0
 0
 0
 0
 0
 0
 0
 0
 0
 0
 0
 0
 0
 0
 0
 0
 0
 0
 0
 0
 0
 0
 0
 0
 0
 0
 0
 0
 0
 0
 0
 0
 0
 0
 0
 0
 0
 0
 0
 0
 0
 0
 0


