# Created by Octave 3.8.2, Fri Nov 20 20:18:14 2015 CET <dkottke@snake2>
# name: mus
# type: matrix
# ndims: 3
 1 30 19
 0
 0
 0.4987468671679197
 0.8720735785953178
 0.8585774058577412
 0.8701842546063654
 0.898913951545531
 0.9286912751677853
 0.8387635756056796
 0.6840336134453782
 0.7881567973311091
 0.8636363636363639
 0.9103260869565208
 0.914453781512605
 0.7274261603375528
 0.7609797297297297
 0.9495798319327723
 0.8636363636363631
 0.8262322472848789
 0.7101694915254237
 0.7827903091060985
 0.7072109988776657
 0.7165551839464884
 0.6879251700680272
 0.7157446808510638
 0.7650501672240803
 0.7609427609427608
 0.8319160997732427
 0.6720697301016897
 0.6547008547008546
 0
 0
 1
 0.5
 0.8
 0.5
 0.7
 0.5
 0.6
 0.6
 0.7333333333333333
 0.6
 0.3
 0.2333333333333333
 0.4666666666666666
 0.3666666666666666
 0.3833333333333333
 0.5666666666666667
 0.5166666666666666
 0.45
 0.52
 0.65
 0.7
 0.6699999999999999
 0.4400000000000001
 0.5399999999999999
 0.5466666666666666
 0.6533333333333333
 0.6133333333333333
 0.6
 0
 0
 1
 0.7032903499376157
 0.8244109558809563
 0.7886204722630102
 0.7296631076743201
 0.7366164338214343
 0.7252460106770388
 0.6784778090138461
 0.7028102386113817
 0.6076531788944002
 0.7250623481332389
 0.7741975060927417
 0.6226071737018049
 0.5637555432711305
 0.5586750418779147
 0.6541946473053448
 0.662780430013734
 0.61561814544712
 0.6008358040286451
 0.5814091206143699
 0.6373274169919133
 0.6213127237352124
 0.6135732678374096
 0.6320100512165356
 0.6025210975178388
 0.6470583167800988
 0.6281588274951345
 0.7014237749330804
 0
 0
 0.9999999978389869
 0.4029239658123448
 0.7813690589505009
 0.6230201066308905
 0.6560821656153484
 0.5656327753143414
 0.7044137443025577
 0.7104188880073634
 0.6760881188241818
 0.6440577673797391
 0.6934106022939055
 0.6130652956054949
 0.4964470498750223
 0.4683683306166706
 0.5972310265052899
 0.6259461200769638
 0.6520514134880224
 0.6448687871113541
 0.6192093940671412
 0.624637307255729
 0.6423248490678752
 0.6411658696201147
 0.6282311940502752
 0.6509551030153051
 0.6421159963725379
 0.67282300441299
 0.6474628352897429
 0.6904462914785735
 0
 0
 1
 0.75
 0.8
 0.8333333333333334
 0.2857142857142857
 0.25
 0.7777777777777778
 0.8
 0.7272727272727273
 0.5833333333333334
 0.8461538461538461
 0.7777777777777778
 0.6
 0
 0.5
 0
 1
 1
 1
 1
 1
 1
 1
 1
 1
 1
 0
 1
 0
 0
 0.9999999999999604
 0.860344107301143
 0.8615536345321844
 0.8563179177979281
 0.4699480728583885
 0.4758712897591132
 0.7572030996799068
 0.7855544107886012
 0.6838436781457138
 0.6279020378658323
 0.7293304922251473
 0.6721812992853905
 0.5282129662498415
 0.3835523487027092
 0.5684717441888081
 0.5122196470004277
 0.690946461112269
 0.6555521880818029
 0.7147210000051438
 0.7206300256217061
 0.7484397008369796
 0.7051014086970355
 0.6674863106498201
 0.7596686023774621
 0.7431718892550829
 0.6127299986247389
 0.5820622885286909
 0.6800056721900202
 0
 0
 1
 0.5854842747928608
 0.7964884696326882
 0.8636531956580109
 0.824670552017972
 0.7404168253354635
 0.7356041820100025
 0.7506871134101597
 0.7510840291401636
 0.721209330074404
 0.7472807727035919
 0.7065470397149802
 0.6390292650886822
 0.6447962082436502
 0.6850438253732314
 0.6653240189770879
 0.6916590894030737
 0.6716530499454436
 0.6825276515945452
 0.671113207854352
 0.6726267026605673
 0.6716613155940411
 0.6226782583626205
 0.6672500805679549
 0.6599466467615633
 0.6724115434062087
 0.6643490958861811
 0.6776606591379681
 0
 0
 0.9999999999953162
 0.4441506702666741
 0.7555029078343014
 0.7279242719068327
 0.6904104568589768
 0.596474622181185
 0.6624864595970508
 0.6708606735217656
 0.6543343634598505
 0.6249033183275249
 0.6137018255435086
 0.5568066884917918
 0.5120736446977953
 0.5054757595417311
 0.5454925965237624
 0.572889172653626
 0.5874597139213017
 0.5887919360919481
 0.5699697966666133
 0.5712218435954283
 0.5777795164431321
 0.5825104834938081
 0.5636942039124865
 0.583852612635101
 0.5783781040755933
 0.5886580409096107
 0.5812371591891664
 0.6126841270279382
 0
 0
 0.9048672625902535
 0.9571052796176313
 0.906220774884403
 0.9191054327583158
 0.9389189402144908
 0.8947857257775755
 0.9129303094461489
 0.9223995939913702
 0.9075226968075885
 0.9137240147058419
 0.9306094717262916
 0.9330166283995378
 0.9179296009316393
 0.8963289021052587
 0.9059648728783688
 0.9164196872464114
 0.9065587759471819
 0.8972203567283927
 0.9056395888108691
 0.9061453867893002
 0.8952302508367983
 0.9007707276800213
 0.9116007992891794
 0.8956657927721556
 0.9066425486202018
 0.90675467807799
 0.9009880819144157
 0.9079224592084378
 0
 0
 0.9999999980614394
 0.8839494830302606
 0.8918131950179379
 0.8599548781225756
 0.6460079405046999
 0.6076051728807529
 0.6392321722988193
 0.7328740720974256
 0.6560456080988415
 0.6433449295072873
 0.698166254097643
 0.5855846721033924
 0.5205892647144021
 0.4818291021821514
 0.5531785343317992
 0.5562494031881138
 0.6559668357292636
 0.6586435769289509
 0.6550144420778801
 0.6465846490395769
 0.6541590041679172
 0.6702446491208982
 0.6350766282304778
 0.6501684335892199
 0.6608726317659469
 0.6843876461720829
 0.4439459491188959
 0.7046997331674588
 0
 0
 1
 0.5922949829776876
 0.7832422703223831
 0.8475091452760903
 0.9004749117505495
 0.7243589768677072
 0.7507158765013556
 0.7445575671605515
 0.7107694259331332
 0.7318706142975288
 0.6956525285190792
 0.4110663832053992
 0.6659535355993288
 0.6529942059903441
 0.6820674550803352
 0.6603816867386447
 0.6433725101677648
 0.6692000973327172
 0.680760295287554
 0.6713271092363332
 0.6228541677609862
 0.6618026046374219
 0.6450895625515571
 0.7740397062902806
 0.656917143104027
 0.6497473820765227
 0.7027153088693031
 0.6636597571489603
 0
 0
 0
 0
 0
 0
 0
 0
 0
 0
 0
 0
 0
 0
 0
 0
 0
 0
 0
 0
 0
 0
 0
 0
 0
 0
 0
 0
 0
 0
 0
 0
 0
 0
 0
 0
 0
 0
 0
 0
 0
 0
 0
 0
 0
 0
 0
 0
 0
 0
 0
 0
 0
 0
 0
 0
 0
 0
 0
 0
 0
 0
 0
 0
 0
 0
 0
 0
 0
 0
 0
 0
 0
 0
 0
 0
 0
 0
 0
 0
 0
 0
 0
 0
 0
 0
 0
 0
 0
 0
 0
 0
 0
 0
 0
 0
 0
 0
 0
 0
 0
 0
 0
 0
 0
 0
 0
 0
 0
 0
 0
 0
 0
 0
 0
 0
 0
 0
 0
 0
 0
 0
 0
 0
 0
 0
 0
 0
 0
 0
 0
 0
 0
 0
 0
 0
 0
 0
 0
 0
 0
 0
 0
 0
 0
 0
 0
 0
 0
 0
 0
 0
 0.9473775937524818
 0.9548786998497578
 0.9436465144998575
 0.9564698495815863
 0.887945632049718
 0.9103720487887959
 0.9082137996693426
 0.9381103242025509
 0.9204551940563412
 0.9225263399283791
 0.9328162486438342
 0.9298210649806037
 0.9028307249600664
 0.920666680301269
 0.9171866752881959
 0.9110164178181732
 0.9115885664546858
 0.902744760940121
 0.9100370630722482
 0.9161623573192822
 0.9069306569075101
 0.9062132248884324
 0.9095829037508159
 0.8984538538249325
 0.9112367557012978
 0.893615148378946
 0.912630123806117
 0.8976146099909111
 0
 0
 0
 0
 0
 0
 0
 0
 0
 0
 0
 0
 0
 0
 0
 0
 0
 0
 0
 0
 0
 0
 0
 0
 0
 0
 0
 0
 0
 0
 0
 0
 0
 0
 0
 0
 0
 0
 0
 0
 0
 0
 0
 0
 0
 0
 0
 0
 0
 0
 0
 0
 0
 0
 0
 0
 0
 0
 0
 0


