# Created by Octave 3.8.2, Fri Nov 20 23:12:11 2015 CET <dkottke@snake7>
# name: mus
# type: matrix
# ndims: 3
 1 30 19
 0
 0
 0.6240601503759394
 0.5819397993311036
 0.6401673640167361
 0.5946398659966501
 0.6223893065998324
 0.6451342281879194
 0.6299081035923141
 0.6344537815126055
 0.7956630525437859
 0.8215488215488215
 0.8369565217391297
 0.8359663865546217
 0.841350210970464
 0.8133445945945946
 0.830756302521008
 0.835016835016835
 0.7825118351434142
 0.7940677966101698
 0.786967418546366
 0.7934904601571269
 0.7903428093645487
 0.7950680272108842
 0.7880851063829789
 0.7976588628762542
 0.8162878787878788
 0.834467120181406
 0.8259805795550119
 0.8384615384615384
 0
 0
 0.6666666666666666
 1
 0.6
 0.9
 0.5
 0.8
 0.9
 0.9
 0.7333333333333333
 0.6666666666666666
 0.6333333333333333
 0.7
 0.8
 0.8
 0.7
 0.7333333333333333
 0.7166666666666667
 0.7
 0.8699999999999999
 0.8300000000000001
 0.8300000000000001
 0.79
 0.72
 0.7333333333333334
 0.7533333333333333
 0.7133333333333334
 0.6466666666666667
 0.6333333333333333
 0
 0
 0.6110027330285799
 0.8826745932477298
 0.8090469145205399
 0.908913183363246
 0.722920488380149
 0.7758079084688049
 0.7726274103888564
 0.7980178831756594
 0.7060926432226022
 0.6312516238151595
 0.6445608238133674
 0.7581708382177001
 0.6890808261253526
 0.739788357795206
 0.7206214669758277
 0.7228989837579035
 0.7645607153375651
 0.7411241065074052
 0.7524656081249514
 0.7743968674673113
 0.8239279738515548
 0.7772908383242426
 0.787866732838062
 0.7998299155378249
 0.7554320308063681
 0.8041113976136156
 0.7697659795321339
 0.7854098968332518
 0
 0
 0.610381034664421
 0.740425735882579
 0.6533040280098823
 0.6617732138571593
 0.6379725464453559
 0.6661724400608073
 0.7444177102017167
 0.7609659940139134
 0.6541688155188581
 0.6393822984553686
 0.6322139102234576
 0.6658746048372676
 0.6448568304449068
 0.6704019824161822
 0.6567434570188675
 0.6728099081480835
 0.6794121252343064
 0.6999893356532522
 0.7088706629957595
 0.7252862125727351
 0.730717622122914
 0.7410800642880465
 0.7094927314047765
 0.7322061644715593
 0.6912940932689685
 0.716013437457933
 0.6796431637484152
 0.7000925602385056
 0
 0
 0.6666666666666666
 1
 0.4
 0.1666666666666667
 0.5714285714285714
 0.75
 1
 0.8
 0.8181818181818182
 0.5833333333333334
 0.4615384615384616
 0.6666666666666666
 0.8
 1
 1
 1
 1
 1
 0
 1
 1
 1
 1
 1
 1
 1
 1
 1
 0
 0
 0.752280944801872
 0.9896165139351196
 0.6062398458102941
 0.5266366257275639
 0.6399110035390227
 0.8078671224112601
 0.7714328525025113
 0.8650135356356599
 0.6618193201751711
 0.6119215279399935
 0.6025000522638629
 0.6372358211102215
 0.6357397416879319
 0.7508824938659292
 0.6798964978802255
 0.7007015408938199
 0.6791596277806526
 0.7587174379400304
 0.6763903489739467
 0.7279373050964196
 0.7286408759451516
 0.7070142334593809
 0.7007064734790728
 0.6731744540634722
 0.6580984386514416
 0.7431877413962569
 0.7606950511178806
 0.7145601713347962
 0
 0
 0.5785862941142949
 0.6429494281441708
 0.7586237086512554
 0.7922886836885235
 0.7487121357242954
 0.837908553120885
 0.779980201235127
 0.7813004354293216
 0.6916018226527134
 0.7697916457684928
 0.7655495620692729
 0.7458910802380809
 0.7163898974172187
 0.7580320008926199
 0.74811096445792
 0.7630457265897416
 0.7236188916338151
 0.769426303876161
 0.7582245857689398
 0.7577865588995416
 0.7763777674142669
 0.7760395805991803
 0.7405949237893411
 0.7764710130956836
 0.7250713074997953
 0.7818507777524244
 0.7699699747631933
 0.7405360576325825
 0
 0
 0.6091226588790232
 0.6589833741867791
 0.6426462784034441
 0.7244056396257536
 0.6650409772833646
 0.6620839502217454
 0.7116468287867187
 0.7362141264151376
 0.6212706121214358
 0.6345268152071915
 0.6165360810176937
 0.6732920464970026
 0.6418815512053256
 0.6738578215672716
 0.6617743467001729
 0.6813334984678926
 0.6977617977667866
 0.7108690946319498
 0.7136929155613461
 0.7298207366571732
 0.7481954861333973
 0.7477839675811047
 0.7171845877559703
 0.7359232311572899
 0.70827971586915
 0.7309546702305008
 0.7074142380653468
 0.7157226916565725
 0
 0
 0.9994364407650664
 0.9999982183880114
 0.9999999917599086
 0.9999999999828183
 0.9999999948101813
 0.9999999999999997
 0.9999999999999997
 1
 0.9999999999946549
 0.9999999999999984
 0.9949186101349532
 0.9882591319187186
 0.9875905979337711
 0.9770068439969528
 0.9685385905659214
 0.9743723971713725
 0.9705792687041793
 0.9667912980071969
 0.9680695719253355
 0.9647832859989801
 0.9651255402266978
 0.9609158629810551
 0.9440285166129355
 0.9566933317503468
 0.9473988376905613
 0.9432937337614737
 0.949276138102793
 0.9458556377594368
 0
 0
 0.6986101257548099
 0.9884295479641606
 0.6837811989102218
 0.7066028856019302
 0.6298015447633452
 0.7309806378005467
 0.7145177188680264
 0.7101904474175655
 0.583979650945226
 0.6179042192357528
 0.5926963128542964
 0.6619599753346667
 0.6967917983637683
 0.6818937194898091
 0.639695507335388
 0.6839782049159812
 0.6768298551601565
 0.6906378824994006
 0.6929213594729779
 0.7802432040025525
 0.7097287595206883
 0.7361442444994529
 0.693175067477549
 0.7379486900542703
 0.7366770433535006
 0.7211037154253395
 0.7223304691783876
 0.7134692290729083
 0
 0
 0.5785862941142949
 0.658706990757443
 0.8496524396446274
 0.7878700629565751
 0.7628011335797729
 0.8468758398428837
 0.7797455558970517
 0.7845595441969526
 0.7106471538326006
 0.7411538376829139
 0.7167200232182299
 0.7145556588721566
 0.6981052457636063
 0.7434060511393886
 0.7233306765593969
 0.7371445343386775
 0.7377486578162906
 0.7459230893589919
 0.7338565637028955
 0.7506943529038297
 0.7451473358534124
 0.7658043550705379
 0.7388664431055126
 0.7548239977858433
 0.7272936029894581
 0.7373835258956211
 0.7221131614431582
 0.7560884359168851
 0
 0
 0
 0
 0
 0
 0
 0
 0
 0
 0
 0
 0
 0
 0
 0
 0
 0
 0
 0
 0
 0
 0
 0
 0
 0
 0
 0
 0
 0
 0
 0
 0
 0
 0
 0
 0
 0
 0
 0
 0
 0
 0
 0
 0
 0
 0
 0
 0
 0
 0
 0
 0
 0
 0
 0
 0
 0
 0
 0
 0
 0
 0
 0
 0
 0
 0
 0
 0
 0
 0
 0
 0
 0
 0
 0
 0
 0
 0
 0
 0
 0
 0
 0
 0
 0
 0
 0
 0
 0
 0
 0
 0
 0
 0
 0
 0
 0
 0
 0
 0
 0
 0
 0
 0
 0
 0
 0
 0
 0
 0
 0
 0
 0
 0
 0
 0
 0
 0
 0
 0
 0
 0
 0
 0
 0
 0
 0
 0
 0
 0
 0
 0
 0
 0
 0
 0
 0
 0
 0
 0
 0
 0
 0
 0
 0
 0
 0
 0
 0
 0
 0
 0.9999853127543875
 0.9999999441232421
 0.9999999999911418
 0.9999999661332539
 0.9999999999929312
 0.9999999999833917
 0.9999994521012215
 0.9999993185015049
 0.9999999883393782
 0.9996050336023499
 0.9916189255745016
 0.9884496832744598
 0.9811113413431398
 0.9667378916008346
 0.9737693891689644
 0.9696034126485169
 0.9705429488294536
 0.9623336945038551
 0.9666429966534655
 0.9600079374426577
 0.9633075429505988
 0.9674133374788048
 0.9614685360055272
 0.9503426616152758
 0.9514493941349212
 0.9562097917914787
 0.9555955025766303
 0.9421017418487911
 0
 0
 0
 0
 0
 0
 0
 0
 0
 0
 0
 0
 0
 0
 0
 0
 0
 0
 0
 0
 0
 0
 0
 0
 0
 0
 0
 0
 0
 0
 0
 0
 0
 0
 0
 0
 0
 0
 0
 0
 0
 0
 0
 0
 0
 0
 0
 0
 0
 0
 0
 0
 0
 0
 0
 0
 0
 0
 0
 0


