# Created by Octave 3.8.2, Fri Nov 20 20:09:04 2015 CET <dkottke@snake6>
# name: mus
# type: matrix
# ndims: 3
 1 30 19
 0
 0
 0.9465329991645788
 0.6045150501672241
 0.8426778242677828
 0.932998324958124
 0.7607908660540235
 0.6208053691275168
 0.7878028404344191
 0.8168067226890757
 0.8165137614678892
 0.8392255892255893
 0.8256688963210697
 0.9463865546218488
 0.9493670886075946
 0.9484797297297297
 0.9352941176470582
 0.9486531986531984
 0.9548872180451123
 0.9500000000000002
 0.9398496240601498
 0.9457070707070704
 0.9423076923076924
 0.9370748299319726
 0.9404255319148941
 0.9347826086956517
 0.9215067340067339
 0.9291383219954651
 0.9338634452175241
 0.9418803418803413
 0
 0
 0.3333333333333333
 0.5
 0.8
 0.7
 0.3
 0.3
 0.7
 0.3
 0.4
 0.5666666666666667
 0.5666666666666667
 0.5999999999999999
 0.6
 0.5666666666666667
 0.7166666666666666
 0.7166666666666666
 0.4833333333333333
 0.6
 0.47
 0.51
 0.55
 0.6199999999999999
 0.5600000000000001
 0.5800000000000001
 0.6
 0.5666666666666667
 0.62
 0.6666666666666666
 0
 0
 0.669239242473429
 0.6592825356668768
 0.8061496952925756
 0.7597941876451481
 0.5948047027042345
 0.5778204198750234
 0.5749597290069117
 0.5803314232088745
 0.5461756536583356
 0.5304895242941108
 0.5215412058707926
 0.5392716920546935
 0.5985904039098421
 0.6007761879936028
 0.5978483607725906
 0.7331405887515872
 0.5629743422737037
 0.6488005972774116
 0.6038229534798398
 0.5816005930564307
 0.5941485305061005
 0.6309888723390648
 0.5776116544593817
 0.6222503238479375
 0.6145296001764529
 0.6332441173877854
 0.594224460261385
 0.6642625821853076
 0
 0
 0.5000083326277851
 0.8050750432286246
 0.856671426667674
 0.7756658103662147
 0.5855019490121623
 0.7322845487431059
 0.7352963877577864
 0.6369699816583408
 0.6623658831027861
 0.6814123103785061
 0.6191827023298959
 0.5905636454975413
 0.6665978715741354
 0.6062017145537415
 0.6947632384155897
 0.5961136401844642
 0.5809882843464967
 0.6524630405774856
 0.6938504359395403
 0.6137140977671941
 0.6847863591290912
 0.7089009566983394
 0.6570559956158151
 0.6629161715231989
 0.6733054985367327
 0.7008390658113065
 0.6557987811615116
 0.6829025925710271
 0
 0
 0.3333333333333333
 0.75
 1
 0.6666666666666666
 0.7142857142857143
 0.75
 0.5555555555555556
 0.6
 0.5454545454545454
 0.9166666666666666
 0.3076923076923077
 0.3333333333333333
 0.8
 0.3333333333333333
 0
 1
 0
 0
 0
 1
 1
 1
 1
 0
 0
 0
 1
 0
 0
 0
 0.4166791654118022
 0.9444444444755701
 1.200000000330864
 0.6916666669112682
 0.6857142866447907
 0.8196428576996178
 0.6547619086829886
 0.6251984242818724
 0.5166666889543863
 0.8125206821528619
 0.4535865712133464
 0.5017247803359308
 0.7592927262602174
 0.5226194344337869
 0.4481066731519748
 0.7428553515165564
 0.3915649448085518
 0.5306426511647694
 0.4584511481994021
 0.7281558520067072
 0.6483586116602776
 0.785219435188147
 0.7215466267984798
 0.2916842535109221
 0.6562522963326595
 0.4166878624094122
 0.7602491565761341
 0.4791997970760997
 0
 0
 0.3678794411714423
 1.010084176554391
 0.7634295061746883
 0.8328755188768171
 0.6964307067513441
 0.6566482130410031
 0.7203422482442656
 0.8022332418165457
 0.6404963047650072
 0.7071770073219426
 0.6710433225739905
 0.6595307448798537
 0.7094667448049099
 0.7236160200721876
 0.7406051083190042
 0.6704115201401284
 0.6562139729121026
 0.6824009839577989
 0.7354774427249297
 0.6508347198086811
 0.6909766883678876
 0.6680264935995688
 0.6929609554248682
 0.6493210392701637
 0.6842630882054264
 0.6666756896790557
 0.6690152336419366
 0.6670954595117666
 0
 0
 0.5000083325621137
 0.7560534153442314
 0.7742036775652582
 0.8098281275856697
 0.6221708811179723
 0.6601566755622826
 0.7047470497595204
 0.6264817889272973
 0.6063308942534247
 0.6317489246705985
 0.5956769299020133
 0.610249857013181
 0.6586086801233501
 0.6378325182538367
 0.6588340403429446
 0.6230840388248982
 0.6001384634791301
 0.6601587301797047
 0.6684518660879051
 0.6258201045096494
 0.637075289674278
 0.6702518689856009
 0.6571213052801448
 0.6614436097837415
 0.6669403899058693
 0.6975540969021508
 0.6690477642829846
 0.6765723935161764
 0
 0
 1
 1
 1
 1
 1
 1
 1
 1
 1
 1
 1
 1
 1
 1
 1
 1
 1
 1
 1
 1
 1
 1
 1
 1
 1
 1
 1
 1
 0
 0
 0.4166791652400731
 0.9362745098693221
 1.187692554142268
 0.7022452512973645
 0.5373041660877058
 0.7084467666007804
 0.7909346628374101
 0.6736356199034246
 0.4816765669842487
 0.6070998893002896
 0.5748174130794876
 0.5335796798123985
 0.5674762042959907
 0.5889811378426973
 0.6051583691034883
 0.562939490172142
 0.5544612151878535
 0.7651893012128553
 0.6446415776332831
 0.5531554822684761
 0.859250904056701
 0.5920266032247861
 0.7362783667138163
 0.647090193878827
 0.7453765979190905
 0.5877446158143396
 0.7328148574305261
 0.748150441390349
 0
 0
 0.3678794411714423
 0.9924162133954799
 0.7974046021495305
 0.8473612829991906
 0.6942138308161613
 0.6933218158580949
 0.682171694660112
 0.7340225656752268
 0.6452960525341778
 0.8800050924048661
 0.7373446203413391
 0.6516024811989124
 0.6483962206763203
 0.9212188572799156
 0.8151955945337809
 0.7112972801579254
 0.7232416825986272
 0.6832457626612476
 0.6916137548500202
 0.6515850772688084
 0.758547833639602
 0.7233911715937602
 0.7397411937005657
 0.6930749231927955
 0.6709718569601033
 0.7199062623557104
 0.7052952642898345
 0.7597949317827434
 0
 0
 0
 0
 0
 0
 0
 0
 0
 0
 0
 0
 0
 0
 0
 0
 0
 0
 0
 0
 0
 0
 0
 0
 0
 0
 0
 0
 0
 0
 0
 0
 0
 0
 0
 0
 0
 0
 0
 0
 0
 0
 0
 0
 0
 0
 0
 0
 0
 0
 0
 0
 0
 0
 0
 0
 0
 0
 0
 0
 0
 0
 0
 0
 0
 0
 0
 0
 0
 0
 0
 0
 0
 0
 0
 0
 0
 0
 0
 0
 0
 0
 0
 0
 0
 0
 0
 0
 0
 0
 0
 0
 0
 0
 0
 0
 0
 0
 0
 0
 0
 0
 0
 0
 0
 0
 0
 0
 0
 0
 0
 0
 0
 0
 0
 0
 0
 0
 0
 0
 0
 0
 0
 0
 0
 0
 0
 0
 0
 0
 0
 0
 0
 0
 0
 0
 0
 0
 0
 0
 0
 0
 0
 0
 0
 0
 0
 0
 0
 0
 0
 0
 1
 1
 1
 1
 1
 1
 1
 1
 1
 1
 1
 1
 1
 1
 1
 1
 1
 1
 1
 1
 1
 1
 1
 1
 1
 1
 1
 1
 0
 0
 0
 0
 0
 0
 0
 0
 0
 0
 0
 0
 0
 0
 0
 0
 0
 0
 0
 0
 0
 0
 0
 0
 0
 0
 0
 0
 0
 0
 0
 0
 0
 0
 0
 0
 0
 0
 0
 0
 0
 0
 0
 0
 0
 0
 0
 0
 0
 0
 0
 0
 0
 0
 0
 0
 0
 0
 0
 0


