# Created by Octave 3.8.2, Fri Nov 20 22:42:59 2015 CET <dkottke@snake6>
# name: mus
# type: matrix
# ndims: 3
 1 30 19
 0
 0
 0.3381642512077295
 0.6971153846153846
 0.6926829268292686
 0.7450980392156863
 0.9211822660098524
 0.5721153846153846
 0.9565217391304348
 0.9599999999999997
 0.9665071770334928
 0.9607843137254903
 0.9615384615384617
 0.9540816326530613
 0.9538461538461539
 0.9615384615384616
 0.9852941176470589
 0.9848484848484849
 0.9808612440191389
 0.975
 0.9841269841269842
 0.9848484848484849
 0.9903381642512077
 0.9947916666666666
 0.995
 0.9951923076923077
 0.9894179894179894
 0.9897959183673469
 0.9746657283603096
 0.9888888888888889
 0
 0
 0.3333333333333333
 1
 1
 0.8
 0.6
 0.2
 0.8
 0.4
 0.8333333333333333
 0.8
 0.7666666666666666
 0.7
 0.7333333333333333
 0.6166666666666666
 0.7166666666666666
 0.55
 0.5833333333333333
 0.6
 0.54
 0.74
 0.5900000000000001
 0.66
 0.68
 0.8400000000000001
 0.7466666666666667
 0.7866666666666668
 0.8666666666666668
 0.8
 0
 0
 0.6538387415938851
 0.9497176828204557
 0.8144863577350973
 0.8031114326702253
 0.6753007396150643
 0.6677152929091217
 0.585119842562943
 0.7401984503214627
 0.718495644468349
 0.5973630223340197
 0.7534428810778707
 0.6965527669831452
 0.757807523031687
 0.676344326099741
 0.6720942962081897
 0.7203313321004687
 0.716485972333282
 0.6330715566997867
 0.6873834194773523
 0.670319651780052
 0.6368158965015056
 0.7125690811823628
 0.7166358194738274
 0.698336529880446
 0.705165346742531
 0.6920128220718266
 0.7356544909464968
 0.7269535550801507
 0
 0
 0.5262419662862733
 0.6712572469646634
 0.8188293134490593
 0.759822523437126
 0.5154932697736243
 0.4764032827907809
 0.5208109988017591
 0.5516419008005818
 0.5716644087234959
 0.584280462183508
 0.6160601259578729
 0.6548552900328011
 0.6616745194370257
 0.6120517422860424
 0.6182783402342744
 0.608891288949186
 0.6235080325127005
 0.5951386835712091
 0.6020317515933302
 0.6129278593104648
 0.6028853054442452
 0.6233526109123927
 0.6460618558865963
 0.6580698328192103
 0.6181292756166358
 0.6398551315301393
 0.6608892001667908
 0.6670288596713206
 0
 0
 0.6666666666666666
 1
 1
 1
 0.4285714285714285
 0.375
 0.4444444444444444
 0.4
 0.7272727272727273
 0.6666666666666666
 0.4615384615384616
 0.6666666666666666
 0.8
 1
 1
 0
 1
 0
 0
 1
 1
 1
 1
 0
 1
 1
 0
 1
 0
 0
 0.7136381832868305
 0.8580923535654095
 0.6636452406963472
 0.6424585731353204
 0.4838903927198696
 0.4783091391944578
 0.4908887457247698
 0.5230322788291635
 0.5494030996440903
 0.5526674784300275
 0.5829170758151333
 0.7269298594710141
 0.6337929434897491
 0.6109604563109196
 0.6685932358184715
 0.5393201180516445
 0.6375923019863693
 0.5584750892245027
 0.5440802356255803
 0.5946900696587418
 0.6141512809877312
 0.6284272703652215
 0.6673833891604192
 0.6337030112093217
 0.5674131013158048
 0.6590078269882573
 0.633883036696996
 0.6347869406166416
 0
 0
 0.3678794411714423
 0.6575152547767444
 0.7315544696191351
 0.8202979410739923
 0.7496470385991569
 0.7131215388524496
 0.7101808543719282
 0.6790488315847132
 0.707711827185602
 0.733593722787474
 0.710348640880639
 0.7157076528306942
 0.724266552386561
 0.6743690529042494
 0.7217243672469035
 0.7311847065738014
 0.7368275048454076
 0.7121745702765162
 0.7481788702205214
 0.7526866005040447
 0.7369544096358036
 0.7680941911590466
 0.7432553218137264
 0.7488507403853523
 0.7381651948811055
 0.7643165136233466
 0.763114738972278
 0.7511861071801844
 0
 0
 0.5248424571237469
 0.5904010553060773
 0.762669111500176
 0.7547850421177609
 0.5669590166172497
 0.5177274327782893
 0.5087673035340698
 0.5372618207876453
 0.5452398623936042
 0.5729439407195952
 0.6238751980988008
 0.6342328235663407
 0.6641673572703427
 0.6205052680322991
 0.6129030030887674
 0.6135005134414424
 0.6332166666550034
 0.6133429504642431
 0.6188469071808452
 0.6309467406946869
 0.6213904475349036
 0.6402105230256973
 0.658277910175271
 0.6728011976055484
 0.6434197758112303
 0.6572026719760915
 0.6745238724037969
 0.6906756465531242
 0
 0
 0.9999578102044511
 0.9999999999212507
 0.9999994282977224
 0.9999999999984566
 1
 1
 0.9999999999999997
 0.9999999911745527
 1
 0.9998267532117193
 0.9897208379627402
 0.9896738443931601
 0.9748865136123421
 0.9768277688326242
 0.975887078623913
 0.9721555134960921
 0.9690430115617309
 0.9642728044052479
 0.96165390207958
 0.9573231831106366
 0.9647157188616408
 0.9635384740951265
 0.9573088498204444
 0.9610162452861419
 0.9543212325168353
 0.9474041373693286
 0.9553106480717797
 0.9523437864017136
 0
 0
 0.7286588501124165
 0.8144854338476536
 0.6757244268454153
 0.674587076961111
 0.5232765935576781
 0.4958453544241957
 0.5059773899768035
 0.5310094154672295
 0.5154809320223165
 0.554261770859317
 0.5865763712465862
 0.6009624779929384
 0.6151411252780622
 0.6832761106982763
 0.5898345860814808
 0.6289782697283745
 0.6179074640569889
 0.6077414875896592
 0.6031518966778834
 0.6320754728689961
 0.6043714752346767
 0.6203315379627272
 0.6567681093855171
 0.6374810366337313
 0.6157413849048143
 0.6437694945720975
 0.6598475410344833
 0.6621962281981442
 0
 0
 0.3678794411714423
 0.7023449892120188
 0.7526200374768799
 0.8324754914410909
 0.7452353103567373
 0.7019419154623766
 0.7251939654922207
 0.6872356773105827
 0.6668549562796648
 0.7070179171652182
 0.6969051852244501
 0.735498186304146
 0.7288744771390232
 0.7019420357619655
 0.7020060115010839
 0.7047269346300939
 0.7101327854021323
 0.7209499898800152
 0.7221399719499704
 0.7466449729193575
 0.7382163712509293
 0.7444481401859765
 0.7807388964152799
 0.7520151623651318
 0.7273239388479706
 0.7788065306416324
 0.7710012229189271
 0.7439270100309087
 0
 0
 0
 0
 0
 0
 0
 0
 0
 0
 0
 0
 0
 0
 0
 0
 0
 0
 0
 0
 0
 0
 0
 0
 0
 0
 0
 0
 0
 0
 0
 0
 0
 0
 0
 0
 0
 0
 0
 0
 0
 0
 0
 0
 0
 0
 0
 0
 0
 0
 0
 0
 0
 0
 0
 0
 0
 0
 0
 0
 0
 0
 0
 0
 0
 0
 0
 0
 0
 0
 0
 0
 0
 0
 0
 0
 0
 0
 0
 0
 0
 0
 0
 0
 0
 0
 0
 0
 0
 0
 0
 0
 0
 0
 0
 0
 0
 0
 0
 0
 0
 0
 0
 0
 0
 0
 0
 0
 0
 0
 0
 0
 0
 0
 0
 0
 0
 0
 0
 0
 0
 0
 0
 0
 0
 0
 0
 0
 0
 0
 0
 0
 0
 0
 0
 0
 0
 0
 0
 0
 0
 0
 0
 0
 0
 0
 0
 0
 0
 0
 0
 0
 0.999970259676071
 0.999999998560306
 0.9999999999986716
 1
 0.9999999987828441
 0.9999999998773902
 0.9999999931203817
 0.9999999849448351
 0.9999954836241186
 0.9941725457727153
 0.9865561067061119
 0.991827103414583
 0.9716564906454677
 0.9688891788012149
 0.976471788849545
 0.9731535796234745
 0.9700872418965201
 0.9668374299804544
 0.9593956817127113
 0.9572581994396883
 0.9643680893241635
 0.964297213275046
 0.9549372146234306
 0.9585488661035071
 0.9465263290291164
 0.9456436327901541
 0.9530587504489332
 0.9567422863718711
 0
 0
 0
 0
 0
 0
 0
 0
 0
 0
 0
 0
 0
 0
 0
 0
 0
 0
 0
 0
 0
 0
 0
 0
 0
 0
 0
 0
 0
 0
 0
 0
 0
 0
 0
 0
 0
 0
 0
 0
 0
 0
 0
 0
 0
 0
 0
 0
 0
 0
 0
 0
 0
 0
 0
 0
 0
 0
 0
 0


