# Created by Octave 3.8.2, Sat Nov 21 02:29:17 2015 CET <dkottke@snake7>
# name: mus
# type: matrix
# ndims: 3
 1 30 19
 0
 0
 0.4711779448621554
 0.5101010101010101
 0.508860759493671
 0.5088383838383839
 0.5213032581453633
 0.5178571428571429
 0.5075757575757576
 0.5179487179487179
 0.5138888888888888
 0.5303030303030303
 0.5258974358974359
 0.5229591836734694
 0.5269230769230768
 0.5208333333333334
 0.6479113384484227
 0.8497474747474748
 0.857142857142857
 0.8421052631578947
 0.8496240601503759
 0.861111111111111
 0.8542199488491047
 0.8997395833333334
 0.8933333333333334
 0.9384615384615386
 0.9179894179894179
 0.9247448979591837
 0.919732441471572
 0.894871794871795
 0
 0
 0.3333333333333333
 1
 0.8
 0.8
 1
 1
 0.9
 0.9
 0.9333333333333332
 0.9333333333333332
 1
 1
 1
 1
 0.9333333333333333
 0.85
 0.9
 0.85
 0.9
 0.8699999999999999
 0.86
 0.8400000000000001
 0.76
 0.7266666666666667
 0.78
 0.7533333333333334
 0.7933333333333332
 0.9
 0
 0
 0.6764144758377622
 0.8763242384900648
 0.8537952448967961
 0.9336273413230014
 0.9325738070582872
 0.8978071763227166
 0.8917404899567468
 0.9032855544992306
 0.9431329549066497
 0.9494914993319727
 0.9401772501886755
 0.9712770312882563
 0.9668740816572672
 0.9650397956175538
 0.965804659829514
 0.8459206534310437
 0.8983266167512547
 0.8956532303991734
 0.8915956756514207
 0.8675889342765033
 0.8758849067613333
 0.9047732425199497
 0.9024819668661265
 0.8552252610705439
 0.8675688809755429
 0.8706790181590538
 0.9054371366104219
 0.903247077474986
 0
 0
 0.3601881234724362
 0.7197084407171249
 0.7557806079147251
 0.8611178522812876
 0.9033287585497509
 0.8996697894006636
 0.8768734199826416
 0.8530955264328257
 0.8936583643049568
 0.8994471670551493
 0.8997892608872828
 0.9134195466782314
 0.9286520272366557
 0.9368019891077749
 0.8834181374688208
 0.7893895600241798
 0.8025177720966
 0.7932281439059156
 0.8074197138984888
 0.7614390520457982
 0.7752659029643183
 0.7450048282915498
 0.7610074055798046
 0.7519067201981631
 0.7574652167464722
 0.7514993850128294
 0.7565741796528794
 0.7685227954673723
 0
 0
 0.6666666666666666
 1
 0.6
 0.8333333333333334
 1
 1
 0.8888888888888888
 1
 0.9090909090909091
 1
 1
 1
 1
 1
 1
 1
 1
 1
 1
 1
 1
 1
 0
 1
 1
 0
 1
 1
 0
 0
 0.7062292294636902
 0.5954511909071184
 0.7277795309668713
 0.9102751785099493
 0.9355157886626722
 0.9084205623125184
 0.9566861027796149
 0.8924586156936583
 0.8906605365564075
 0.8142000195111224
 0.8628640841647286
 0.9289115987957541
 0.990675996964801
 0.9935025447194666
 0.9756800741647406
 0.863686090174921
 0.7883140368653138
 0.8033816425950275
 0.9070467778450209
 0.7550437182290233
 0.7333738859244688
 0.6740256435903433
 0.7118570468362573
 0.7357549369201548
 0.7071607757343473
 0.707545569726411
 0.7879798671138812
 0.7254200739716244
 0
 0
 0.5785862941142949
 0.731926148553276
 0.8154204207393002
 0.8971986595514091
 0.8526599520559571
 0.9216444151369084
 0.8465997157905404
 0.9256160669542592
 0.8628919884722044
 0.883698748144391
 0.9666706467777569
 0.8771179112226943
 0.9879774239667681
 0.9288389440797363
 0.903760697764095
 0.850359429337551
 0.8124712442986799
 0.8618654140329823
 0.8114270003398162
 0.858718979926809
 0.8332565310287294
 0.8473330904151659
 0.7860189879801455
 0.7714676629661213
 0.8564058187993846
 0.820156920799051
 0.776323267782559
 0.7749367288488275
 0
 0
 0.360598165118604
 0.6296966018458355
 0.7515623297984372
 0.890991503736217
 0.8698419426687205
 0.8952463051525444
 0.8586565779856421
 0.8348026956141509
 0.8840256544800175
 0.8739419464737119
 0.8839991774174889
 0.9056477880774503
 0.925299755552595
 0.9337148782599759
 0.8942186330722895
 0.7995636980153129
 0.8066640338056967
 0.7962288932651101
 0.814238413449728
 0.7742933808702179
 0.7802405231025842
 0.7589990917387666
 0.7874831671901231
 0.7588621801522765
 0.773999457079231
 0.7669539401897613
 0.7761988902678163
 0.7846263297926438
 0
 0
 0.9999812398844151
 0.9999992614877754
 0.9999999998596075
 0.9999999997229693
 0.9999999994737905
 1
 0.9999999999999993
 1
 1
 0.9993694976806522
 0.9980786086799935
 0.9863243974445461
 0.9754552087159681
 0.9804034646127366
 0.9713923213948219
 0.9673366396327553
 0.9685305306553813
 0.9607728243625259
 0.9548266421549687
 0.9614896149982126
 0.9637650061412876
 0.965345743784745
 0.9620503874364286
 0.9454544413107057
 0.9514427282146456
 0.9476747671395115
 0.9491525343458141
 0.9522223150270036
 0
 0
 0.7063555932856088
 0.6883369269700763
 0.7910817640173126
 0.9660194216354095
 0.9526554149055697
 0.8920575798085874
 0.93323585492129
 0.8954356820404957
 0.9069280160952448
 0.9176987412680088
 0.8836895075874999
 0.9244246320252312
 0.9497073910210339
 0.9418042804015097
 0.8702179171621812
 0.8065140947863569
 0.8432191864378227
 0.7725603115013056
 0.7916891444501629
 0.7485710104970339
 0.7540512416763537
 0.769638254526436
 0.7641458365589037
 0.8595730675377036
 0.7689450814115204
 0.7442543265533813
 0.7533097075846523
 0.7686275283706731
 0
 0
 0.5785862941142949
 0.7436051886124587
 0.8255429975009666
 0.7542358467086195
 0.8918416359539432
 0.8435941806923863
 0.9041680681173361
 0.913173513703975
 0.8369416819731703
 0.8437610726390319
 0.8469909598549867
 0.8693169299211805
 0.8799515985093674
 0.9566513274108153
 0.8730887995235038
 0.8294491136125518
 0.87390407365014
 0.8212144328518062
 0.7992082434387948
 0.790167487322361
 0.8937410504382859
 0.7774252765157587
 0.8718166709371411
 0.7822592015362387
 0.7903098371457733
 0.801482543708638
 0.7855893988360027
 0.9105232856468247
 0
 0
 0
 0
 0
 0
 0
 0
 0
 0
 0
 0
 0
 0
 0
 0
 0
 0
 0
 0
 0
 0
 0
 0
 0
 0
 0
 0
 0
 0
 0
 0
 0
 0
 0
 0
 0
 0
 0
 0
 0
 0
 0
 0
 0
 0
 0
 0
 0
 0
 0
 0
 0
 0
 0
 0
 0
 0
 0
 0
 0
 0
 0
 0
 0
 0
 0
 0
 0
 0
 0
 0
 0
 0
 0
 0
 0
 0
 0
 0
 0
 0
 0
 0
 0
 0
 0
 0
 0
 0
 0
 0
 0
 0
 0
 0
 0
 0
 0
 0
 0
 0
 0
 0
 0
 0
 0
 0
 0
 0
 0
 0
 0
 0
 0
 0
 0
 0
 0
 0
 0
 0
 0
 0
 0
 0
 0
 0
 0
 0
 0
 0
 0
 0
 0
 0
 0
 0
 0
 0
 0
 0
 0
 0
 0
 0
 0
 0
 0
 0
 0
 0
 0.9999991960817687
 0.9999999898826198
 0.9999999999976573
 1
 0.9999999999957163
 0.999999923609905
 0.9999995129081831
 0.9945025383661649
 0.9999999991241352
 0.9955754472334368
 0.9956486130320956
 0.9829073484997202
 0.9822549958198002
 0.965357710768346
 0.9691497799641268
 0.9739005655511496
 0.9603182949642434
 0.9646493511347125
 0.9624554953846827
 0.966248653035062
 0.9572772493067653
 0.9564009548645102
 0.9630919129329683
 0.9512796804905173
 0.9490184596165322
 0.9494176491317621
 0.9556296198222065
 0.9512294976551691
 0
 0
 0
 0
 0
 0
 0
 0
 0
 0
 0
 0
 0
 0
 0
 0
 0
 0
 0
 0
 0
 0
 0
 0
 0
 0
 0
 0
 0
 0
 0
 0
 0
 0
 0
 0
 0
 0
 0
 0
 0
 0
 0
 0
 0
 0
 0
 0
 0
 0
 0
 0
 0
 0
 0
 0
 0
 0
 0
 0


