# Created by Octave 3.8.2, Fri Nov 20 22:41:19 2015 CET <dkottke@snake10>
# name: mus
# type: matrix
# ndims: 3
 1 30 19
 0
 0
 0.5845410628019324
 0.8990384615384616
 0.9414634146341465
 0.946078431372549
 0.9211822660098524
 0.9519230769230769
 0.9565217391304348
 0.9650000000000002
 0.9665071770334928
 0.9754901960784315
 0.903846153846154
 0.8367346938775511
 0.8564102564102565
 0.9855769230769231
 0.9763071895424837
 0.9848484848484849
 0.9904306220095694
 0.99
 0.9841269841269842
 0.9898989898989901
 0.9951690821256037
 0.9947916666666667
 0.995
 0.9951923076923077
 0.9947089947089947
 0.9948979591836735
 0.9950738916256158
 0.9944444444444445
 0
 0
 0.3333333333333333
 0.75
 0.6
 0.4
 0.6
 0.3
 0.6
 0.4
 0.4
 0.3666666666666666
 0.6666666666666667
 0.4666666666666666
 0.4666666666666666
 0.6833333333333333
 0.55
 0.5833333333333333
 0.7
 0.65
 0.49
 0.64
 0.52
 0.7
 0.6799999999999999
 0.6466666666666667
 0.7466666666666667
 0.7133333333333334
 0.7533333333333333
 0.6666666666666667
 0
 0
 0.6340354659413614
 0.7270388495967592
 0.7480678932205023
 0.70436538490161
 0.5734411301448021
 0.6158305708802915
 0.5958642560556089
 0.6428518842618649
 0.5377191033499468
 0.7003748551152638
 0.7428473364727445
 0.7139514483596373
 0.5962647705902947
 0.5896557741638155
 0.6860618396046456
 0.5732556651566518
 0.632109215447108
 0.6508355465268018
 0.5932202853158524
 0.5703125232238391
 0.5768061335045735
 0.5655410890162368
 0.7128030352318997
 0.631479068770222
 0.707394981052039
 0.7510938025996587
 0.7243091780541578
 0.7171724152502268
 0
 0
 0.5531190908345516
 0.6169250072485821
 0.5565902442906433
 0.6324063497425376
 0.4902508583118004
 0.5257578726101479
 0.4897480053871672
 0.513091498573514
 0.4915394035413539
 0.5505948125897052
 0.6054275036723389
 0.5365101553258402
 0.5424191105931856
 0.5613914994277853
 0.5408686454511561
 0.5522138572273604
 0.5908461865848237
 0.6097833534190178
 0.5674336474538751
 0.5618657078034164
 0.5545534443325394
 0.5692411225988511
 0.5857238395857359
 0.6088135283562802
 0.6361030555783188
 0.6523707200042427
 0.663220510628605
 0.639844121790754
 0
 0
 0.6666666666666666
 0.75
 0.6
 0.3333333333333333
 0.8571428571428571
 0.25
 0.2222222222222222
 0.3
 0.5454545454545454
 0.4166666666666667
 0.8461538461538461
 0.6666666666666666
 0.6
 0.6666666666666666
 0
 0
 1
 1
 0
 0
 0
 1
 1
 1
 1
 1
 1
 1
 0
 0
 0.7368599840306751
 0.4714447600660966
 0.598022352947322
 0.5606807255661018
 0.6138756424840888
 0.49437007236855
 0.4613818947283902
 0.4838387456738431
 0.5187308012213721
 0.5351161442253062
 0.615411109703758
 0.5829328164150328
 0.5224378155168908
 0.5707179887962499
 0.4843714362570904
 0.5044757401272698
 0.6965382431997075
 0.586972034729723
 0.5134735382821654
 0.5452262319596091
 0.5439849933898435
 0.5602764577266802
 0.6001317372036147
 0.6431377231217882
 0.6576957176362896
 0.7631417107676979
 0.7146761886826075
 0.6339047134029252
 0
 0
 0.3678794411714423
 0.7111752953797236
 0.7694554782834812
 0.7393062950969042
 0.6860543014285556
 0.6662807624982364
 0.6991274812285072
 0.7193412968464645
 0.6956690465989482
 0.6715910916183054
 0.7451885430633697
 0.7124153460626022
 0.6848083563084894
 0.7511698405321099
 0.704513068954926
 0.7619477950826321
 0.7859846349899572
 0.7106818594773883
 0.7007618982428849
 0.7003856544516395
 0.7196459896437665
 0.7181779549279845
 0.725751768434463
 0.7000463367423591
 0.6971227524309908
 0.7556947021912627
 0.7759765026620595
 0.759518929472228
 0
 0
 0.5541973283334888
 0.6158821278380404
 0.5218606661183443
 0.6841086179599345
 0.5439595119071544
 0.5229481739552041
 0.526829274978612
 0.5474163268848788
 0.5179666237157158
 0.5553200248675995
 0.575898383159375
 0.5420040359613604
 0.5578248937295589
 0.565464593536911
 0.5451274382351614
 0.5470312765033403
 0.5933478531996076
 0.6153860408927511
 0.5706507802957678
 0.5850514725520116
 0.5734500029223741
 0.5770318265861152
 0.6014435686235712
 0.6256571307016386
 0.6409016136535783
 0.655186257018746
 0.6711552471202411
 0.6520877779937987
 0
 0
 0.9999960581311161
 0.9999999999670883
 0.9999999998874068
 0.9999999999996656
 0.9999999999965703
 0.9999999991408572
 0.9999999999999998
 0.9962054530303039
 0.998402786328401
 0.9929631775187097
 0.9957320214007797
 0.9818080742749099
 0.9865653375023522
 0.9782205518897816
 0.9734683880143733
 0.9695882159751107
 0.9689125590107714
 0.9645002428050042
 0.9610410460943734
 0.9630769519948686
 0.9630128587003501
 0.9595424071016793
 0.9575466932902708
 0.955085077131786
 0.949748488569032
 0.9410702097242354
 0.9477697944478737
 0.9612001091376967
 0
 0
 0.7385475592720203
 0.3673968076756647
 0.5684237909749429
 0.5781610785310747
 0.5511119145450826
 0.4868137397722934
 0.4663010036550442
 0.4905035745755136
 0.5261781696291105
 0.5489869045933669
 0.5770889256527931
 0.5245655384316711
 0.5209602939144131
 0.535523130977367
 0.5186732224616549
 0.5291343292928045
 0.5749582702645678
 0.5911013757053529
 0.5588374912689122
 0.5598623895225443
 0.557207151419865
 0.5693257345094818
 0.5883863591880441
 0.5989914163462468
 0.6175816415280971
 0.6385063061626092
 0.6594322672618412
 0.6392632669547564
 0
 0
 0.3678794411714423
 0.7033408844534373
 0.7797901586182349
 0.729294257324002
 0.6794307545485434
 0.6594283737673263
 0.7078628728979256
 0.7412799889390216
 0.6795320856768274
 0.7348512618009321
 0.717724732519881
 0.7250184169124143
 0.680928797189581
 0.7206478180862094
 0.6844502376499216
 0.6820154301711795
 0.7158199826555387
 0.7205530990234568
 0.6824190881710276
 0.6980628409568178
 0.7015702167706979
 0.6906605672360929
 0.7168558957365897
 0.7603871447998887
 0.7094009611600293
 0.7318004640680511
 0.7413375740756595
 0.7483032638781331
 0
 0
 0
 0
 0
 0
 0
 0
 0
 0
 0
 0
 0
 0
 0
 0
 0
 0
 0
 0
 0
 0
 0
 0
 0
 0
 0
 0
 0
 0
 0
 0
 0
 0
 0
 0
 0
 0
 0
 0
 0
 0
 0
 0
 0
 0
 0
 0
 0
 0
 0
 0
 0
 0
 0
 0
 0
 0
 0
 0
 0
 0
 0
 0
 0
 0
 0
 0
 0
 0
 0
 0
 0
 0
 0
 0
 0
 0
 0
 0
 0
 0
 0
 0
 0
 0
 0
 0
 0
 0
 0
 0
 0
 0
 0
 0
 0
 0
 0
 0
 0
 0
 0
 0
 0
 0
 0
 0
 0
 0
 0
 0
 0
 0
 0
 0
 0
 0
 0
 0
 0
 0
 0
 0
 0
 0
 0
 0
 0
 0
 0
 0
 0
 0
 0
 0
 0
 0
 0
 0
 0
 0
 0
 0
 0
 0
 0
 0
 0
 0
 0
 0
 0.9999834973190317
 0.9999999999350837
 0.9999999999833454
 1
 0.9999999999751372
 0.9999999684524796
 0.999999876098702
 0.9944835810940471
 0.999956478052264
 0.9998789179845217
 0.9963460070041025
 0.9848141625774516
 0.9864909705533274
 0.9824831734778124
 0.9702859596948242
 0.9685846456626247
 0.9704236257513819
 0.9656331678365414
 0.9628898886514499
 0.965185974895693
 0.9582944547784746
 0.9633083231331846
 0.964125680058453
 0.9553509681017419
 0.9511523015741049
 0.9446416940940251
 0.9520123875905006
 0.9510139796484562
 0
 0
 0
 0
 0
 0
 0
 0
 0
 0
 0
 0
 0
 0
 0
 0
 0
 0
 0
 0
 0
 0
 0
 0
 0
 0
 0
 0
 0
 0
 0
 0
 0
 0
 0
 0
 0
 0
 0
 0
 0
 0
 0
 0
 0
 0
 0
 0
 0
 0
 0
 0
 0
 0
 0
 0
 0
 0
 0
 0


