# Created by Octave 3.8.2, Fri Nov 20 20:00:50 2015 CET <dkottke@snake2>
# name: mus
# type: matrix
# ndims: 3
 1 30 19
 0
 0
 0.5770728992765727
 0.5517817371937639
 0.6306406685236772
 0.6906354515050174
 0.7081712062256819
 0.7081473214285714
 0.705192629815744
 0.6815642458100558
 0.5582025336626566
 0.5788590604026844
 0.5723708658491269
 0.5811941964285711
 0.5859943977591034
 0.5870535714285714
 0.5866666666666664
 0.6150392817059487
 0.6126619740841468
 0.605056179775281
 0.6275630252100839
 0.6167851353036538
 0.6383314752879973
 0.6300675675675677
 0.6270422535211267
 0.6410256410256411
 0.6618967452300785
 0.6632254464285715
 0.6829810901001112
 0.6813559322033901
 0
 0
 0.6666666666666666
 0
 0.4
 0.7
 0.8
 0.7
 0.7
 0.6
 0.4666666666666666
 0.5666666666666667
 0.7
 0.5333333333333334
 0.5333333333333333
 0.4666666666666666
 0.5666666666666667
 0.5666666666666667
 0.7333333333333333
 0.75
 0.71
 0.72
 0.75
 0.7100000000000001
 0.72
 0.6866666666666668
 0.62
 0.58
 0.5533333333333333
 0.5333333333333332
 0
 0
 0.7366164338214343
 0.3972950505087034
 0.5554922560642315
 0.552180558436473
 0.6525787073524503
 0.7111718640828512
 0.5541492071951835
 0.5706259922930886
 0.3940866075411947
 0.04004042533619401
 0.5022875782212033
 0.3849285101723412
 0.4044716591127537
 0.5457256229189352
 0.5272056427628506
 0.6003347241301733
 0.676243738218567
 0.7120318353346815
 0.688731564402797
 0.6834748472361576
 0.7167005466941412
 0.6692684773271556
 0.6348938719391918
 0.6334905868596028
 0.4861217605692161
 0.4942617872262794
 0.5959989180037897
 0.5167775757338404
 0
 0
 0.8888888888934994
 0.2048777792088113
 0.5986212557243689
 0.6066931938554051
 0.7756768028345752
 0.840245279073865
 0.6432002929101545
 0.724623122591335
 0.5167480487556901
 0.5262531992989187
 0.6296500819325175
 0.5636371966276339
 0.5421033942533307
 0.6135897010304867
 0.6080197965575442
 0.6476160050550316
 0.7419732940202683
 0.7735633363055099
 0.7557314991407516
 0.7696729110821472
 0.7729576431873426
 0.7469266164671203
 0.7829252852041074
 0.7333604801414172
 0.6715569469434277
 0.6051477621527904
 0.5961599958859378
 0.5640646958266139
 0
 0
 0.6666666666666666
 0
 0.6
 0.6666666666666666
 0.7142857142857143
 0.875
 0.4444444444444444
 0.8
 0.4545454545454545
 0.75
 0.3076923076923077
 0.1111111111111111
 0.4
 1
 0.5
 0
 1
 1
 1
 1
 1
 0
 1
 1
 0
 0
 1
 0
 0
 0
 0.8333333333301473
 0.1944611146744577
 0.6250000000370948
 0.6583333334837079
 0.808333333579149
 0.9214285731003592
 0.4950399533365269
 0.8287698443654797
 0.4479168952072069
 0.6479696959017484
 0.4525096380315881
 0.3729075306593976
 0.4633386339399934
 0.7501951709093768
 0.5239257008900871
 0.4240275976544438
 0.8888235464877736
 0.9081361265309009
 0.9625684685283523
 0.9960318182352396
 0.6597236434980238
 0.6041872335870516
 0.8118133189555704
 1.017843202073143
 0.541705366965766
 0.3541783243522443
 0.71032345954426
 0.4166895152547287
 0
 0
 0.5785862941142949
 0.6845185868233117
 0.6430025758421495
 0.6175569962430578
 0.6699496014402111
 0.7573113781256466
 0.6206000944787677
 0.5377052427737991
 0.6041337705356399
 0.577493159922762
 0.6297289576453202
 0.5591838415095034
 0.5464549215363564
 0.5208675088846031
 0.623980089371254
 0.6411186446706547
 0.6460890225668002
 0.7225631058316934
 0.6797560502771739
 0.6744297538786634
 0.7177870075475302
 0.6879621508898767
 0.7386906334097934
 0.673373942045507
 0.6447534316955029
 0.6140979590188341
 0.6209227154155814
 0.6253106359835177
 0
 0
 0.888888888895391
 0.2273450994272761
 0.557816147279099
 0.5960329851066057
 0.6592679968421924
 0.7988742273024267
 0.6586337464726136
 0.7106294046115283
 0.5469632836906492
 0.5416248326955638
 0.639816678297829
 0.5417131680519627
 0.5759608761446512
 0.6159135263648489
 0.6576514298107902
 0.6383409023859444
 0.7094501317197962
 0.7543622319113281
 0.7382269497110064
 0.7475735128473648
 0.7711858628191005
 0.7426511356751867
 0.7556725336615515
 0.7169696846047769
 0.6592981291369593
 0.5950454666091062
 0.5854986704719737
 0.5758928988824918
 0
 0
 1
 1
 1
 1
 1
 1
 1
 1
 1
 1
 1
 1
 1
 1
 1
 1
 1
 1
 1
 1
 1
 1
 1
 1
 1
 1
 1
 1
 0
 0
 0.8333333333526967
 0.2108009798714167
 0.5815387124707595
 0.5117454681469649
 0.7466753515300928
 0.7784414315847525
 0.5900529637404761
 0.6479881547132966
 0.4579022382409538
 0.4575316591257066
 0.5620933739298259
 0.4698000422615353
 0.5347978246593831
 0.5421144294051048
 0.5665018433419761
 0.7648924903057593
 0.8011360121274611
 0.8221707298262391
 0.7534917868440919
 0.8383763404334206
 0.9118838094014324
 0.7472431105043188
 0.7471916518007344
 0.7990316745835815
 0.9906185265254208
 0.3041041062238345
 0.7403429171042978
 0.5807155433618695
 0
 0
 0.5785862941142949
 0.6845185883870406
 0.7986332927802573
 0.6403787404565502
 0.5589721476539895
 0.6461862606135473
 0.6967261421660998
 0.5447349296750102
 0.7330582448305529
 0.6500822618212959
 0.645597726401882
 0.7634494939271691
 0.5880271605490247
 0.612762198896287
 0.6441789425615276
 0.6100241029605641
 0.7016866566449769
 0.7926225559107695
 0.8296147702728731
 0.6750722696199118
 0.7350301292957777
 0.7302745455484823
 0.6612701808197987
 0.7646490627475139
 0.6656392339270429
 0.6741121769156815
 0.65109385895786
 0.6555352114110669
 0
 0
 0
 0
 0
 0
 0
 0
 0
 0
 0
 0
 0
 0
 0
 0
 0
 0
 0
 0
 0
 0
 0
 0
 0
 0
 0
 0
 0
 0
 0
 0
 0
 0
 0
 0
 0
 0
 0
 0
 0
 0
 0
 0
 0
 0
 0
 0
 0
 0
 0
 0
 0
 0
 0
 0
 0
 0
 0
 0
 0
 0
 0
 0
 0
 0
 0
 0
 0
 0
 0
 0
 0
 0
 0
 0
 0
 0
 0
 0
 0
 0
 0
 0
 0
 0
 0
 0
 0
 0
 0
 0
 0
 0
 0
 0
 0
 0
 0
 0
 0
 0
 0
 0
 0
 0
 0
 0
 0
 0
 0
 0
 0
 0
 0
 0
 0
 0
 0
 0
 0
 0
 0
 0
 0
 0
 0
 0
 0
 0
 0
 0
 0
 0
 0
 0
 0
 0
 0
 0
 0
 0
 0
 0
 0
 0
 0
 0
 0
 0
 0
 0
 1
 1
 1
 1
 1
 1
 1
 1
 1
 1
 1
 1
 1
 1
 1
 1
 1
 1
 1
 1
 1
 1
 1
 1
 1
 1
 1
 1
 0
 0
 0
 0
 0
 0
 0
 0
 0
 0
 0
 0
 0
 0
 0
 0
 0
 0
 0
 0
 0
 0
 0
 0
 0
 0
 0
 0
 0
 0
 0
 0
 0
 0
 0
 0
 0
 0
 0
 0
 0
 0
 0
 0
 0
 0
 0
 0
 0
 0
 0
 0
 0
 0
 0
 0
 0
 0
 0
 0


