# Created by Octave 3.8.2, Fri Nov 20 22:27:30 2015 CET <dkottke@snake3>
# name: mus
# type: matrix
# ndims: 3
 1 30 19
 0
 0
 0.6763285024154587
 0.9230769230769231
 0.7853658536585368
 0.7549019607843137
 0.7586206896551723
 0.7932692307692307
 0.6908212560386474
 0.7549999999999999
 0.7511961722488038
 0.818627450980392
 0.8317307692307693
 0.8316326530612247
 0.8461538461538461
 0.8125
 0.9901960784313726
 0.9595959595959596
 0.9952153110047847
 0.9949999999999999
 0.9894179894179894
 0.994949494949495
 0.9903381642512077
 0.9947916666666666
 0.9625
 0.9807692307692308
 1
 1
 1
 1
 0
 0
 0
 0
 0.8
 0.2
 0.8
 0.8
 0.7
 0.9
 0.7
 0.5666666666666667
 0.5666666666666667
 0.7333333333333333
 0.7333333333333333
 0.6333333333333333
 0.5833333333333333
 0.6333333333333333
 0.5833333333333333
 0.7
 0.73
 0.5900000000000001
 0.52
 0.62
 0.6
 0.54
 0.5933333333333334
 0.64
 0.7266666666666667
 0.7333333333333334
 0
 0
 0.3915839621275132
 0.470942575763055
 0.7505918883533582
 0.7124729402550658
 0.6765649807327212
 0.7829719414688618
 0.7705402371452336
 0.8723116471166313
 0.8337522930280893
 0.6785641501050438
 0.6697977071188382
 0.7781267355702318
 0.717862576291358
 0.7370004848440361
 0.6350648257161426
 0.6430130919963426
 0.6339563143822888
 0.6960154852396906
 0.6890766082833768
 0.6957865879836523
 0.6914270492379468
 0.7619718762928673
 0.6179283080451133
 0.6472611116977487
 0.6379487108722917
 0.6303323635936622
 0.7294445316193128
 0.6888945599834757
 0
 0
 0.222255552240547
 0.2916916768040556
 0.7441716374307213
 0.502912174748338
 0.6727849619155074
 0.7856476275902632
 0.8612076196386819
 0.8891666151523124
 0.7795627237463434
 0.7411254398725242
 0.7953514302359349
 0.8736901377052766
 0.8329398413590722
 0.8093875195162928
 0.7125036393879283
 0.7493359227392432
 0.7364683931004148
 0.7682596840402399
 0.7724952235194804
 0.773396046506319
 0.7679871127372778
 0.7237653422364909
 0.6818428871583613
 0.6939489148869558
 0.6082030139523702
 0.681772087186071
 0.6842887113045624
 0.742949294235973
 0
 0
 0
 0
 0.6
 0
 0.8571428571428571
 0.375
 0.8888888888888888
 0.7
 0.7272727272727273
 0.6666666666666666
 0.6923076923076923
 0.7777777777777778
 0.6
 0.6666666666666666
 0.5
 0
 0
 0
 1
 1
 0
 0
 0
 0
 0
 0
 1
 0
 0
 0
 0.2500374962470136
 0.166675000465187
 0.6750000003507104
 0.3416876651714774
 0.926191595374228
 0.537798702585971
 0.8621031793173176
 0.7912698609975461
 0.7309974971774599
 0.682323289485095
 0.7490676799242204
 0.809115436363244
 0.6878946182126608
 0.7524425099103922
 0.5897249537332748
 0.4791827976016264
 0.4579069112736133
 0.526652871069594
 0.9190299657701835
 1.014029315027484
 0.6319651950619971
 0.6279962464336061
 0.4219093848812194
 0.3958577595167465
 0.458343517633974
 0.2916942211402515
 0.9637398452207753
 0.6250020618845999
 0
 0
 0.3678794411714423
 0.6812663313701496
 0.6384276577975422
 0.6714161078926906
 0.6858266969439485
 0.7170366388008452
 0.7334643389951117
 0.8696872954353776
 0.8614986550775652
 0.7808204589438796
 0.7963684974100771
 0.8228385333901365
 0.7170594649494964
 0.752719278821483
 0.7329282772567955
 0.6998559733333182
 0.7891156563534661
 0.7879827177485992
 0.7831016513168945
 0.7425886031075267
 0.8231144111099417
 0.7435427850892306
 0.7879845384479383
 0.7785399831210248
 0.7396492453810966
 0.7829243752512149
 0.8043136637098007
 0.7773711551526292
 0
 0
 0.2222555522478283
 0.3162053439440261
 0.6833765283805121
 0.5717034979195154
 0.6902808815117336
 0.7406916671061621
 0.8098801120087944
 0.8637903925784921
 0.8081756712975943
 0.7666450027718785
 0.728155971877077
 0.8325254665003948
 0.7844287140586861
 0.7923230474800634
 0.7134943481300915
 0.7019081145063039
 0.6978166207417935
 0.7403633237826195
 0.7573090855080234
 0.7574897353380435
 0.7605489675724038
 0.7622424006834405
 0.7012084519869792
 0.696398751383516
 0.6107120014502191
 0.6786172825757518
 0.6823411237880784
 0.7375497081738505
 0
 0
 1
 1
 1
 1
 1
 1
 1
 1
 1
 1
 1
 1
 1
 1
 1
 1
 1
 1
 1
 1
 1
 1
 1
 1
 1
 1
 1
 1
 0
 0
 0.2500374962619742
 0.2156945802290237
 0.7230769232909849
 0.4359513547263687
 0.8200575844227864
 0.7212305199033908
 0.6722632251393763
 0.8299474275413041
 0.7979030092246563
 0.7480529601632945
 0.7800331420100572
 0.9101415425990032
 0.7560448438855385
 0.8427932673406848
 0.6428220311403426
 0.6664511814239679
 0.6801306868289181
 0.8097088780367132
 0.8840611084191931
 0.9191555172469812
 0.8892538706717568
 0.8198182955204235
 0.8290667393335968
 0.7376973168172211
 0.4957058364317851
 0.5875335106545077
 0.5935848600398561
 0.5894729217688643
 0
 0
 0.3678794411714423
 0.7228159375556344
 0.6233565532441236
 0.667247746570249
 0.699347931226283
 0.6837635583476961
 0.7137497895289096
 0.8805286706743635
 0.9623836699446887
 0.8549771711691054
 0.9436580967122348
 0.9609221149109131
 0.749122938778416
 0.8138952298767633
 0.7266288740208088
 0.7537444079584451
 0.8558822346053332
 0.7736467989981356
 0.8972033698076904
 0.7206265758448986
 0.8633417885401153
 0.7768708550184557
 0.8331304781816536
 0.8620084364636895
 0.770312662122639
 0.8355422851354826
 0.7879114718925542
 0.7867505175075583
 0
 0
 0
 0
 0
 0
 0
 0
 0
 0
 0
 0
 0
 0
 0
 0
 0
 0
 0
 0
 0
 0
 0
 0
 0
 0
 0
 0
 0
 0
 0
 0
 0
 0
 0
 0
 0
 0
 0
 0
 0
 0
 0
 0
 0
 0
 0
 0
 0
 0
 0
 0
 0
 0
 0
 0
 0
 0
 0
 0
 0
 0
 0
 0
 0
 0
 0
 0
 0
 0
 0
 0
 0
 0
 0
 0
 0
 0
 0
 0
 0
 0
 0
 0
 0
 0
 0
 0
 0
 0
 0
 0
 0
 0
 0
 0
 0
 0
 0
 0
 0
 0
 0
 0
 0
 0
 0
 0
 0
 0
 0
 0
 0
 0
 0
 0
 0
 0
 0
 0
 0
 0
 0
 0
 0
 0
 0
 0
 0
 0
 0
 0
 0
 0
 0
 0
 0
 0
 0
 0
 0
 0
 0
 0
 0
 0
 0
 0
 0
 0
 0
 0
 1
 1
 1
 1
 1
 1
 1
 1
 1
 1
 1
 1
 1
 1
 1
 1
 1
 1
 1
 1
 1
 1
 1
 1
 1
 1
 1
 1
 0
 0
 0
 0
 0
 0
 0
 0
 0
 0
 0
 0
 0
 0
 0
 0
 0
 0
 0
 0
 0
 0
 0
 0
 0
 0
 0
 0
 0
 0
 0
 0
 0
 0
 0
 0
 0
 0
 0
 0
 0
 0
 0
 0
 0
 0
 0
 0
 0
 0
 0
 0
 0
 0
 0
 0
 0
 0
 0
 0


