# Created by Octave 3.8.2, Mon Nov 16 00:15:51 2015 CET <dkottke@snake6>
# name: mus
# type: matrix
# ndims: 3
 1 30 19
 0
 0
 0.6040100250626563
 0.6060606060606061
 0.5240506329113924
 0.5366161616161617
 0.5964912280701755
 0.5790816326530612
 0.5940656565656569
 0.594871794871795
 0.5397727272727272
 0.585858585858586
 0.5799999999999998
 0.5918367346938774
 0.5884615384615383
 0.5911458333333334
 0.5919295254333617
 0.5934343434343435
 0.6190476190476191
 0.6052631578947367
 0.6240601503759398
 0.6073232323232324
 0.6004546746234726
 0.5976562499999999
 0.6
 0.5948717948717949
 0.6001683501683502
 0.5918367346938774
 0.5952023988005997
 0.5897435897435896
 0
 0
 0.6666666666666666
 0.5
 0.8
 1
 0.8
 0.9
 0.9
 0.7
 0.7
 0.7333333333333333
 0.7
 0.5
 0.7999999999999999
 0.8166666666666667
 0.9333333333333332
 0.8
 0.6
 0.55
 0.58
 0.6799999999999999
 0.75
 0.7500000000000001
 0.72
 0.7
 0.64
 0.6266666666666667
 0.72
 0.7333333333333333
 0
 0
 0.5866904038428662
 0.6701979693068395
 0.8282281090139789
 0.9178243273522875
 0.9017153759599333
 0.800832612433992
 0.8855861788520311
 0.8128923145867469
 0.7733933286745691
 0.7959918418883958
 0.7729749181442489
 0.7473307569661312
 0.7442265253706684
 0.7436982787328552
 0.7827020394189045
 0.8067984252004411
 0.6707719344067571
 0.8054008650444507
 0.7787644137512206
 0.7721010252524302
 0.7877227719037285
 0.7311516615082592
 0.7581057622384065
 0.7380506612225192
 0.7049084229690872
 0.7267807874630174
 0.7195127326024404
 0.7164969683530386
 0
 0
 0.7782198423663487
 0.5948573292021503
 0.6839156851557757
 0.8350551502402143
 0.8147447154615635
 0.6957428081577275
 0.7283352138626538
 0.7401822052135633
 0.7179738608442308
 0.6861470920760611
 0.6728954920120734
 0.6530522035741836
 0.6711505982133165
 0.6585552264786941
 0.6481714321490428
 0.6487534026776502
 0.6557312131148033
 0.6715313097812684
 0.6813813425352175
 0.6577802778540341
 0.669793560417406
 0.677552116486723
 0.6606736915430168
 0.6642537361630031
 0.6585870021871558
 0.6352336553239595
 0.6431615167357231
 0.6431102215665895
 0
 0
 0.7192036310116302
 0.7183680313194144
 0.8044030152126476
 0.7801031936536301
 0.8012158473405809
 0.6616669180284989
 0.7495372462319625
 0.7157340410149859
 0.722715579548308
 0.6704570782181923
 0.6838148382616585
 0.6711050182987772
 0.6690988213130541
 0.6584756287794473
 0.6488646525632762
 0.6468671467830966
 0.655738350544432
 0.6703541663759658
 0.6755568663433006
 0.6632345592987168
 0.6768678108007808
 0.6785494403045669
 0.6585521622698161
 0.6681687705693904
 0.6573837572449538
 0.6347740662880744
 0.641666868724131
 0.6438510950148617
 0
 0
 0.7310341418550974
 0.4996047114281675
 0.5999187311687262
 0.9822622235564988
 0.8133644892701867
 0.6628775777558796
 0.682908853743424
 0.6831455986017183
 0.6998780008162229
 0.6646868049895858
 0.6683300229275713
 0.6485547090618923
 0.7344442578118704
 0.6352080735905019
 0.6143184764571414
 0.6390349439290827
 0.6803970811734955
 0.6976742732438254
 0.692305678367961
 0.6353901595256933
 0.6937081741167475
 0.6291914722115813
 0.6768012532399019
 0.6280458372168667
 0.6362017223655001
 0.6356378378882934
 0.6305837283969529
 0.6243540916489693
 0
 0
 0.5785862941142949
 0.6877530931234624
 0.6609303841042478
 0.721773381627186
 0.7738027413862881
 0.7180692202501139
 0.7764273996123675
 0.7209326270361126
 0.8065173810902214
 0.7144142800686643
 0.7816890857146797
 0.8111824267662003
 0.7708295189310151
 0.7723993324422457
 0.7241919787516145
 0.6555496940833972
 0.7772233127664436
 0.7572723542231447
 0.7438102717811396
 0.7498158751564243
 0.7820362483773093
 0.750648043733224
 0.7570182239347741
 0.7363403837932329
 0.7553981775811287
 0.7502862271484447
 0.7160606030893857
 0.691403437772987
 0
 0
 0.7857161784568414
 0.6365650036236298
 0.7114214516224234
 0.7933766046650272
 0.8161098909454028
 0.7079015260050678
 0.7501861697357403
 0.7600674854212514
 0.7333392479212093
 0.7241707213723332
 0.7051855853243204
 0.6808746220986387
 0.6898109275970206
 0.6816245095353232
 0.6710819263474783
 0.6810749102434647
 0.6770145816117733
 0.6875318492940664
 0.6877750800469953
 0.6773492386154979
 0.6795145245225619
 0.6895729504466985
 0.6744656618918285
 0.6822629094451113
 0.6817669764606663
 0.6545460425396252
 0.6636565715288544
 0.6649505004619252
 0
 0
 0.6979353576144279
 0.7178754849079441
 0.7881930089042561
 0.7322697205625297
 0.817185929078396
 0.6892966795401519
 0.7533670815424847
 0.7393258973214313
 0.7331359896482479
 0.7134260803009906
 0.7020001440972883
 0.692386419472249
 0.6863167750732692
 0.6777147691548364
 0.6848059474838685
 0.6692965826458445
 0.6755711365476038
 0.6721224875568163
 0.6845771535696284
 0.6787177258350081
 0.6831784752159015
 0.6822889462572735
 0.6659147101415996
 0.6827764770885536
 0.6740778511639837
 0.6543998270523901
 0.6596896624369918
 0.6630197412887524
 0
 0
 0.7408175339673425
 0.6306770471791078
 0.8196059681896044
 0.8006018055850831
 0.7923725709456961
 0.6630907243190549
 0.7100322964746791
 0.7214183662945094
 0.7600245800082277
 0.7997213581149292
 0.6968031767953058
 0.6679331992280665
 0.6769657494717157
 0.6730753046005642
 0.6675415995141902
 0.6484407092261646
 0.6698577493056036
 0.6612338425286053
 0.6851405349817212
 0.668279835392952
 0.6717872724557524
 0.6650910239408728
 0.6495719791731445
 0.6628493152415487
 0.6559736990786372
 0.6533425649595939
 0.6600695694404362
 0.6720007323739965
 0
 0
 0.5785862941142949
 0.7267922137793071
 0.6689064104704788
 0.6828629697516809
 0.7255377665202886
 0.7004771262830869
 0.7652281696959315
 0.7718663653322465
 0.7636428903061486
 0.7183314096217045
 0.7794275808928017
 0.7350258537225436
 0.7547548870258324
 0.7210374289475426
 0.7211104716283907
 0.6996108089556906
 0.7304032552953282
 0.7073439868075404
 0.7380533796581483
 0.7629221636064204
 0.7381414692910192
 0.7468338924525028
 0.7256661884371484
 0.7466349274322369
 0.7352618808840587
 0.7155509979915108
 0.714307590720471
 0.7223330918124131
 0
 0
 0
 0
 0
 0
 0
 0
 0
 0
 0
 0
 0
 0
 0
 0
 0
 0
 0
 0
 0
 0
 0
 0
 0
 0
 0
 0
 0
 0
 0
 0
 0
 0
 0
 0
 0
 0
 0
 0
 0
 0
 0
 0
 0
 0
 0
 0
 0
 0
 0
 0
 0
 0
 0
 0
 0
 0
 0
 0
 0
 0
 0
 0
 0
 0
 0
 0
 0
 0
 0
 0
 0
 0
 0
 0
 0
 0
 0
 0
 0
 0
 0
 0
 0
 0
 0
 0
 0
 0
 0
 0
 0
 0
 0
 0
 0
 0
 0
 0
 0
 0
 0
 0
 0
 0
 0
 0
 0
 0
 0
 0
 0
 0
 0
 0
 0
 0
 0
 0
 0
 0
 0
 0
 0
 0
 0
 0
 0
 0
 0
 0
 0
 0
 0
 0
 0
 0
 0
 0
 0
 0
 0
 0
 0
 0
 0
 0
 0
 0
 0
 0
 0.4694180171926925
 0.6592320628919898
 0.7648181044968456
 0.7322011739545062
 0.8005454377678504
 0.6836587927114166
 0.763697151339111
 0.7300481255900226
 0.7303650097929953
 0.7180884569227038
 0.7012329390446213
 0.6865284653821488
 0.6932572465565032
 0.6871127621366391
 0.6773542577789393
 0.6685117040042605
 0.671295780877617
 0.6669223380097558
 0.686703507419117
 0.6784566833871726
 0.6833564577187604
 0.6839283963524334
 0.6636773816344476
 0.683027826062791
 0.6760659856161172
 0.6524242447505362
 0.6575298249338311
 0.6623344019125977
 0
 0
 0
 0
 0
 0
 0
 0
 0
 0
 0
 0
 0
 0
 0
 0
 0
 0
 0
 0
 0
 0
 0
 0
 0
 0
 0
 0
 0
 0
 0
 0
 0
 0
 0
 0
 0
 0
 0
 0
 0
 0
 0
 0
 0
 0
 0
 0
 0
 0
 0
 0
 0
 0
 0
 0
 0
 0
 0
 0


