# Created by Octave 3.8.2, Fri Nov 20 20:18:07 2015 CET <dkottke@snake10>
# name: mus
# type: matrix
# ndims: 3
 1 30 19
 0
 0
 0.7017250973845309
 0.7048997772828508
 0.7119777158774377
 0.4849498327759195
 0.5019455252918289
 0.4966517857142857
 0.4963707426018983
 0.4972067039106145
 0.488965022707354
 0.4983221476510069
 0.528149386845039
 0.4933035714285715
 0.5025210084033613
 0.5262276785714286
 0.5312791783380019
 0.5437710437710439
 0.5545912653975364
 0.5646067415730338
 0.5645938375350139
 0.567651826911086
 0.5670754366406541
 0.5675675675675675
 0.5729577464788733
 0.5735785953177259
 0.5653759820426489
 0.5800781250000002
 0.5678531701890988
 0.5723163841807908
 0
 0
 0.3333333333333333
 0.5
 0.4
 0.3
 0.4
 0.6
 0.7
 0.5
 0.2
 0.2333333333333333
 0.1
 0.4
 0.1333333333333333
 0.1833333333333333
 0.1833333333333333
 0.2166666666666666
 0.2666666666666667
 0.4
 0.19
 0.18
 0.3099999999999999
 0.41
 0.32
 0.3466666666666667
 0.4266666666666667
 0.4266666666666666
 0.4933333333333333
 0.4333333333333333
 0
 0
 0.6116973710053146
 0.6905243097401853
 0.6444321856589363
 0.642851884261865
 0.6303104797400924
 0.6798811540350626
 0.7166009187992832
 0.6183706927632611
 0.3467067147313007
 0.5562086702449944
 0.4205787860598216
 0.3664164108383274
 0.539354576020696
 0.4479766240423902
 0.5295549495139211
 0.4225484388608337
 0.5194903120058767
 0.3149985816067516
 0.5236094836307692
 0.424623118611716
 0.5532819509096715
 0.3185847355389332
 0.4935825495287561
 0.5044207684995017
 0.4486449822862824
 0.3516843682756927
 0.4628608375574342
 0.4834549586620779
 0
 0
 0.3611319424516024
 0.7500125117895021
 0.6255727254178726
 0.5110172921613094
 0.6260370966723022
 0.6159923700845572
 0.8116821481049834
 0.5954068297992585
 0.3653045990880017
 0.5466957462188465
 0.551166980729176
 0.4953674629306232
 0.4292140061443807
 0.40414165452499
 0.4619914808096646
 0.4508950634279156
 0.4993675031425676
 0.4795197003003349
 0.5157910281864557
 0.5017618038669024
 0.5098289409487841
 0.4796388363720842
 0.4706550355244667
 0.4145752049883589
 0.3393879507128703
 0.3713091714848874
 0.3768770604629659
 0.389277744257273
 0
 0
 0.6666666666666666
 0.75
 0.8
 0.3333333333333333
 0.5714285714285714
 0.375
 0.5555555555555556
 0.5
 0.1818181818181818
 0.5833333333333334
 0.7692307692307693
 0.4444444444444444
 0.2
 0.3333333333333333
 0.5
 0
 0
 1
 0
 0
 0
 1
 0
 0
 0
 1
 1
 0
 0
 0
 0.8333333333297606
 0.8611111111492368
 0.6083337145198556
 0.4333347333133609
 0.5940476200464853
 0.4994060516763829
 0.6269844880483285
 0.5017857255173396
 0.3653434681005369
 0.5494949597628005
 0.6823418509225365
 0.4209559687667371
 0.3444909362304273
 0.3762649771415709
 0.4833292041362177
 0.3438919475283612
 0.2737058542392737
 0.7201819407302951
 0.4324760955780415
 0.3645967197493574
 0.3390294934830415
 0.6972915603024685
 0.4114613741699842
 0.2083548283785217
 0.1458465729516195
 0.788182780548588
 0.785212004325711
 0.3333516121673292
 0
 0
 0.7892931470571475
 1.178642641335791
 0.7468903180025994
 0.6798174280954521
 0.7084885155806414
 0.6517204014816095
 0.7211911939751648
 0.6198056798984565
 0.610860275372336
 0.5829933962490179
 0.5330850169669286
 0.508162165933273
 0.5978906447619025
 0.6123392332608871
 0.5389845070485263
 0.5678673175815515
 0.5472074108429005
 0.615256615508628
 0.5500283413187184
 0.5319499946357258
 0.545984604908156
 0.5113363054657812
 0.5066763235783674
 0.5479192258634489
 0.5245578261453073
 0.4745542726858558
 0.5077222208601601
 0.491765861911192
 0
 0
 0.3611319423966489
 0.7305999451180513
 0.5840403192763957
 0.5317814496368524
 0.656321986044303
 0.6611661155679823
 0.7117018458910719
 0.5940222522592425
 0.5148483549444263
 0.4997117520694259
 0.5218170233029258
 0.477888566474154
 0.4516426501129322
 0.4344591899632514
 0.4653983402706793
 0.4451763646683659
 0.4725389047068405
 0.4765351997931254
 0.4794767500636226
 0.4896934112175341
 0.5203073420996794
 0.481640682652323
 0.4662250774977837
 0.4145105094957908
 0.3710343114704257
 0.4048569162205413
 0.4127759682874353
 0.4139514151559908
 0
 0
 1
 1
 1
 1
 1
 1
 1
 1
 1
 1
 1
 1
 1
 1
 1
 1
 1
 1
 1
 1
 1
 1
 1
 1
 1
 1
 1
 1
 0
 0
 0.8333333333354923
 0.8529411765225323
 0.5083894246000458
 0.434927135253319
 0.5872292349494416
 0.534819705039253
 0.6962634846826646
 0.469765360594615
 0.4224023367899707
 0.4211840859102515
 0.5184940012239995
 0.4200287597431454
 0.4232166023340989
 0.389251384679312
 0.3969169830870208
 0.4328080371006524
 0.4695976715243833
 0.4667642207924095
 0.3942851997259507
 0.561050062034646
 0.5154434684286688
 0.6319641589108199
 0.3727269158543347
 0.4948961668165885
 0.2957425757991222
 0.4960240595445742
 0.4963073642563739
 0.4964385839126166
 0
 0
 0.7892931470571475
 1.172680029827183
 0.7686926923772598
 0.6917333380323506
 0.7645309968725743
 0.6537215267352741
 0.7548365242105872
 0.6718909164148538
 0.696297104446628
 0.5944722411142268
 0.6307909253879991
 0.5505910464048815
 0.7165219592982695
 0.6438069835698599
 0.5639426521297577
 0.5939518883247999
 0.5894260230163055
 0.6982288439663737
 0.5666531340063283
 0.596990882039341
 0.5248294288000628
 0.5051166402322002
 0.5423483710527155
 0.4585022101547044
 0.6506130873033935
 0.5046788529697109
 0.5350396687302843
 0.4977645918134798
 0
 0
 0
 0
 0
 0
 0
 0
 0
 0
 0
 0
 0
 0
 0
 0
 0
 0
 0
 0
 0
 0
 0
 0
 0
 0
 0
 0
 0
 0
 0
 0
 0
 0
 0
 0
 0
 0
 0
 0
 0
 0
 0
 0
 0
 0
 0
 0
 0
 0
 0
 0
 0
 0
 0
 0
 0
 0
 0
 0
 0
 0
 0
 0
 0
 0
 0
 0
 0
 0
 0
 0
 0
 0
 0
 0
 0
 0
 0
 0
 0
 0
 0
 0
 0
 0
 0
 0
 0
 0
 0
 0
 0
 0
 0
 0
 0
 0
 0
 0
 0
 0
 0
 0
 0
 0
 0
 0
 0
 0
 0
 0
 0
 0
 0
 0
 0
 0
 0
 0
 0
 0
 0
 0
 0
 0
 0
 0
 0
 0
 0
 0
 0
 0
 0
 0
 0
 0
 0
 0
 0
 0
 0
 0
 0
 0
 0
 0
 0
 0
 0
 0
 1
 1
 1
 1
 1
 1
 1
 1
 1
 1
 1
 1
 1
 1
 1
 1
 1
 1
 1
 1
 1
 1
 1
 1
 1
 1
 1
 1
 0
 0
 0
 0
 0
 0
 0
 0
 0
 0
 0
 0
 0
 0
 0
 0
 0
 0
 0
 0
 0
 0
 0
 0
 0
 0
 0
 0
 0
 0
 0
 0
 0
 0
 0
 0
 0
 0
 0
 0
 0
 0
 0
 0
 0
 0
 0
 0
 0
 0
 0
 0
 0
 0
 0
 0
 0
 0
 0
 0


