# Created by Octave 3.8.2, Mon Nov 16 04:01:53 2015 CET <dkottke@snake7>
# name: mus
# type: matrix
# ndims: 3
 1 30 19
 0
 0
 0.4310776942355887
 0.5252525252525253
 0.6126582278481011
 0.592171717171717
 0.6791979949874687
 0.6836734693877551
 0.6736111111111114
 0.6871794871794872
 0.6931818181818181
 0.7626262626262625
 0.8215384615384617
 0.8086734693877552
 0.8076923076923079
 0.8046875
 0.806194941744814
 0.8207070707070708
 0.7844611528822056
 0.7999999999999999
 0.7919799498746867
 0.7916666666666665
 0.8078999715828362
 0.8359375
 0.8346666666666668
 0.8251282051282053
 0.81974506974507
 0.8252551020408162
 0.8440779610194902
 0.8256410256410258
 0
 0
 0
 0
 0.4
 0.5
 0.6
 0.5
 0.6
 0.7
 0.6333333333333333
 0.5
 0.6333333333333333
 0.6333333333333333
 0.6
 0.4333333333333333
 0.5499999999999999
 0.6666666666666666
 0.8
 0.7
 0.8099999999999999
 0.79
 0.8099999999999999
 0.8800000000000001
 0.8400000000000001
 0.8933333333333333
 0.8866666666666667
 0.86
 0.7866666666666666
 0.7999999999999999
 0
 0
 0.2857735094238179
 0.4092139164138558
 0.6466270487104244
 0.6989902100816392
 0.5173439163539368
 0.5237008399393763
 0.619465059592628
 0.5204686128393686
 0.5763861268456703
 0.5758313654883539
 0.4841741925225432
 0.552883466120027
 0.608133340894447
 0.6555435653803505
 0.6663483351323913
 0.6773633188044837
 0.6790231528945898
 0.7513358568910998
 0.7543221391121653
 0.781738394922755
 0.7998910057563764
 0.8024161233858502
 0.8302464080060942
 0.8332523928911435
 0.8573878376389439
 0.7806779189312811
 0.7961061426995389
 0.8260223663053673
 0
 0
 0.1388740794044473
 0.3294728819567591
 0.3575009635538565
 0.4868322599697861
 0.452092608517664
 0.4240495610643186
 0.5067439779125612
 0.5929465636190588
 0.5002658253672916
 0.4742981172932354
 0.4819706759069246
 0.4924438966770603
 0.5484529260966694
 0.5089725589443196
 0.5475786313968374
 0.5856949555795192
 0.6079936715777984
 0.6182880955803274
 0.6323726065310445
 0.6505046005056436
 0.6701991721981514
 0.6821534239088263
 0.6963653381324151
 0.7107394805023652
 0.7160957756593715
 0.6896897544988144
 0.6770196029634785
 0.68429475495563
 0
 0
 0.194438947238069
 0.2979970793378546
 0.4444822977386007
 0.474828879271559
 0.446825385306286
 0.4161384946004071
 0.51109086170439
 0.5719453257966908
 0.5065677115460001
 0.4602269872370326
 0.479087340668932
 0.4957462387620247
 0.5495071401274554
 0.5231320438287229
 0.5502260250584177
 0.5810127401604367
 0.6039650343218556
 0.615540088242711
 0.6322548416647632
 0.6404207542684253
 0.6733237163009426
 0.6869042765651682
 0.6994437935336316
 0.7091328359836182
 0.7247173863860219
 0.694432393786611
 0.6829057691331393
 0.6920019154698827
 0
 0
 0.2500081004585137
 0.3330701202979947
 0.4992403271984185
 0.5031637676026475
 0.5265224318279843
 0.3945379316166565
 0.5408450629826058
 0.6149858644832843
 0.4894938247683464
 0.4647000580561145
 0.472933391404637
 0.4910091707197097
 0.6175656400873608
 0.4919417326599475
 0.5125485372546319
 0.5606991607025293
 0.555833415424926
 0.6032205340092899
 0.6175543645208306
 0.5957189753547414
 0.663960802717259
 0.7023032304633919
 0.7135759196413641
 0.7279616081086372
 0.7578639712496409
 0.6634070450283377
 0.6307557592095662
 0.6895084546096695
 0
 0
 0.3678794411714423
 0.4852024946565872
 0.7216993551497997
 0.6832554647824018
 0.6597932379416616
 0.6706602987809113
 0.716265018359964
 0.6731250964927726
 0.6870493650561805
 0.6946015512106885
 0.6673866121272998
 0.6910485146502316
 0.6931526855045503
 0.7267263064557985
 0.7073892825620697
 0.7251107802836864
 0.6825369499892613
 0.6878097064901162
 0.7552274592183281
 0.7299057015384605
 0.745392922796897
 0.7218630846770165
 0.7246808788237127
 0.7644327963873172
 0.7860097910244667
 0.7704468411790553
 0.7950394489544488
 0.7395893236762594
 0
 0
 0.1388714171129857
 0.3659221547832375
 0.3749736010780282
 0.4884582067234018
 0.4967723801357768
 0.4306074580156537
 0.4697384575142844
 0.5730645493822236
 0.4803918368935853
 0.4646447942560877
 0.4932769346171335
 0.504574192933355
 0.5418186357437008
 0.5124974860267428
 0.5610305774422791
 0.596332976853361
 0.6096323755943218
 0.6188537756227376
 0.6293825385011047
 0.6557347010983333
 0.6835392926554463
 0.7018959837826775
 0.7151043967792459
 0.7318926654000166
 0.7471221404177684
 0.7144957483361845
 0.7029025762572442
 0.7144338661205381
 0
 0
 0.1944292711241331
 0.3295941689456111
 0.490035324964629
 0.4623394122744027
 0.4744257210068295
 0.4180615445925673
 0.4890235186734492
 0.540648449487401
 0.4771941092794152
 0.4511226722619187
 0.4909480097773241
 0.5026827882677389
 0.5523499969326949
 0.5232612263461413
 0.5581233225439934
 0.5921992715333887
 0.5999424817039007
 0.6230494775890646
 0.6374985496881984
 0.6515459330467821
 0.6824355905689278
 0.6906799094873737
 0.7161050696907606
 0.7245215514559307
 0.7473015979865441
 0.7118835594040575
 0.7014907065200244
 0.7191575157893796
 0
 0
 0.2499919641469109
 0.5449786114097982
 0.4400000000000001
 0.4633419511379092
 0.4807140460496899
 0.3920845708240507
 0.4990884181284081
 0.5546886869375933
 0.4662774401445811
 0.4558764830794804
 0.4755924794130731
 0.4916161172115142
 0.5397537107481442
 0.5043467055779217
 0.551079951095932
 0.5863160531331414
 0.6092272493813154
 0.6129645490340183
 0.6253034875411815
 0.6564967671207158
 0.6674698058502687
 0.6909706174933536
 0.7257187684743492
 0.728637148892554
 0.7160864055194045
 0.7072905747269272
 0.6975060965868705
 0.1359211489685679
 0
 0
 0.3678794411714423
 0.5614744447589497
 0.7235230581244347
 0.67936836707935
 0.6605909866290276
 0.6565027665372973
 0.690312744329955
 0.6593645262565456
 0.6662217583943385
 0.6791500696693569
 0.6770289805547995
 0.6446128755876023
 0.6856024622941411
 0.6721611340931293
 0.8075355034597327
 0.687147727152336
 0.6862211743206834
 0.7173414291508721
 0.7263302593922458
 0.7361730824919803
 0.7163222835032357
 0.7383634355364723
 0.7418317566352424
 0.7694314379120573
 0.7844376204428372
 0.7470162913930637
 0.7728858602270151
 0.7602144084222237
 0
 0
 0
 0
 0
 0
 0
 0
 0
 0
 0
 0
 0
 0
 0
 0
 0
 0
 0
 0
 0
 0
 0
 0
 0
 0
 0
 0
 0
 0
 0
 0
 0
 0
 0
 0
 0
 0
 0
 0
 0
 0
 0
 0
 0
 0
 0
 0
 0
 0
 0
 0
 0
 0
 0
 0
 0
 0
 0
 0
 0
 0
 0
 0
 0
 0
 0
 0
 0
 0
 0
 0
 0
 0
 0
 0
 0
 0
 0
 0
 0
 0
 0
 0
 0
 0
 0
 0
 0
 0
 0
 0
 0
 0
 0
 0
 0
 0
 0
 0
 0
 0
 0
 0
 0
 0
 0
 0
 0
 0
 0
 0
 0
 0
 0
 0
 0
 0
 0
 0
 0
 0
 0
 0
 0
 0
 0
 0
 0
 0
 0
 0
 0
 0
 0
 0
 0
 0
 0
 0
 0
 0
 0
 0
 0
 0
 0
 0
 0
 0
 0
 0
 0.2169380278258788
 0.3583686021787547
 0.4684516171244434
 0.4887912974585658
 0.4819092393830452
 0.4145264386932888
 0.4886100397483844
 0.5377763216830241
 0.4784514341418327
 0.4487070801542893
 0.4785718245961502
 0.4993520238433949
 0.5520798215136202
 0.5220250273494271
 0.5560987123376387
 0.5925150695023726
 0.5983136305214676
 0.6174702698440389
 0.6363677653889378
 0.6498270332309474
 0.6802866957376683
 0.6911860223242515
 0.7110028300821473
 0.7166668001801475
 0.7472602944231693
 0.7108103797984886
 0.6976410225432491
 0.7182606399539905
 0
 0
 0
 0
 0
 0
 0
 0
 0
 0
 0
 0
 0
 0
 0
 0
 0
 0
 0
 0
 0
 0
 0
 0
 0
 0
 0
 0
 0
 0
 0
 0
 0
 0
 0
 0
 0
 0
 0
 0
 0
 0
 0
 0
 0
 0
 0
 0
 0
 0
 0
 0
 0
 0
 0
 0
 0
 0
 0
 0


