# Created by Octave 3.8.2, Sat Nov 21 00:21:35 2015 CET <dkottke@snake9>
# name: mus
# type: matrix
# ndims: 3
 1 30 19
 0
 0
 0.6165413533834588
 0.5025252525252525
 0.5012658227848104
 0.5037878787878789
 0.4962406015037593
 0.5025510204081632
 0.5012626262626262
 0.5102564102564103
 0.5088383838383838
 0.5075757575757576
 0.5064102564102564
 0.5165816326530612
 0.5576923076923077
 0.6536458333333334
 0.5583972719522591
 0.592171717171717
 0.4385964912280701
 0.5000000000000001
 0.4285714285714284
 0.4684343434343434
 0.4853651605569765
 0.5273437500000001
 0.6613333333333332
 0.6569230769230768
 0.6654641654641653
 0.6619897959183675
 0.7019951562680199
 0.6871794871794871
 0
 0
 0.3333333333333333
 1
 0.8
 0.6
 0.9
 0.9
 1
 0.9
 0.9
 1
 1
 1
 0.9333333333333333
 0.8
 0.7333333333333333
 0.85
 0.75
 0.8
 0.8099999999999999
 0.9199999999999999
 0.8099999999999999
 0.76
 0.72
 0.6866666666666668
 0.62
 0.6866666666666666
 0.7866666666666667
 0.8333333333333333
 0
 0
 0.5866904038428662
 0.8767140754057778
 0.830144475688925
 0.8240847253503595
 0.8925395049991453
 0.9003436444302032
 0.9705805209154488
 0.9323339102558644
 0.9477979813758447
 0.9506822108773295
 0.9726339280757238
 0.9680449101602366
 0.9239336116404248
 0.8517412870681105
 0.8202053080775786
 0.8381348247706378
 0.801414735164569
 0.8160378636601661
 0.8478712921777167
 0.8190595925453023
 0.7970694794454013
 0.7900477352560042
 0.7963431399602672
 0.8165148971001109
 0.7491371808872542
 0.8046597903645241
 0.8228945498030658
 0.8657085228711821
 0
 0
 0.2500208312817192
 0.9910750001786875
 0.8958363771041331
 0.8495411833772702
 0.9403204930868482
 0.9790746424555067
 0.9969136004285941
 0.9231270165606147
 0.9624136981989474
 0.996817168100971
 0.9943650836350693
 0.9971849630636725
 0.9604641871653116
 0.8736341044899942
 0.8348588106986309
 0.8726311120395347
 0.8731343326615351
 0.8439855429707085
 0.8957756973748547
 0.9153884521358676
 0.7885198566178105
 0.7798211631668304
 0.7696513825938071
 0.8398629112344946
 0.7237958585174818
 0.7913364134449614
 0.8441542340798452
 0.8896505017899117
 0
 0
 0.6666666666666666
 1
 1
 0.6666666666666666
 0.4285714285714285
 1
 1
 1
 0.8181818181818182
 1
 1
 1
 0.8
 1
 1
 1
 1
 0
 1
 1
 0
 0
 0
 1
 0
 1
 1
 1
 0
 0
 0.9999999999837675
 1.238100000118335
 1.125000089798454
 0.8416666695535499
 0.7369070867971848
 0.9821428618783135
 1.035714287094005
 1.031150801511392
 0.8931201729173648
 1.00883838389661
 0.9886947309592579
 1.015114379107342
 0.8912073433406273
 1.032350513201499
 0.9483318734808878
 1.034799187125309
 0.9931817037239785
 0.6549592588561807
 0.9741384073558836
 1.046424808161567
 0.541065407060115
 0.4285944226385904
 0.5937850865498526
 0.8750012442436453
 0.5625336081517774
 0.6666751449648595
 0.7852120034008973
 0.9357560113210062
 0
 0
 0.7892931470571475
 0.6831298521601286
 0.8797374242304326
 0.9518157904629968
 0.9317405139740237
 0.9610805314967529
 0.9291535640575743
 0.9250075034863037
 0.9189207985989171
 0.9422916144691372
 0.9524696283054734
 0.9713280113526965
 0.9523304714406978
 0.8973468672709677
 0.8323940378420107
 0.8546910693843708
 0.8492161531435716
 0.8908059832102722
 0.8851893126281756
 0.8564205854191472
 0.8230295346594499
 0.8805827018876069
 0.855626364849823
 0.8140764698730132
 0.8036002861182476
 0.84054459008996
 0.8331247381274706
 0.8877157536377889
 0
 0
 0.2500208313717009
 0.9441527901366387
 0.8535659056188933
 0.9308135475063999
 0.9105403987687651
 0.9668494785963088
 0.9755572921644378
 0.9618147111335874
 0.9733705102943664
 0.9886983650009977
 0.9900348322779784
 0.990798082564998
 0.9696307740360035
 0.8953629462894381
 0.849186076175665
 0.859925942207166
 0.8420042369746729
 0.8492802514222924
 0.8788325064890125
 0.8697320700274276
 0.8049402004593949
 0.7997011355053808
 0.7637264777801507
 0.7996670317032789
 0.7425836497516584
 0.7952836218555287
 0.8357686945952608
 0.8860483784716846
 0
 0
 1
 1
 1
 1
 1
 1
 1
 1
 1
 1
 1
 1
 1
 1
 1
 1
 1
 1
 1
 1
 1
 1
 1
 1
 1
 1
 1
 1
 0
 0
 1.000000000023625
 1.175446491810281
 1.09661993842139
 1.110362695107112
 0.9433552730640452
 0.9415618312127428
 1.075183285450958
 0.9183335242565417
 0.9252034698569139
 1.014794529966184
 0.9692937356892795
 0.988412082145767
 0.8983520936229897
 0.9536505610907986
 0.7770578202957807
 0.9136798150627996
 0.7959558237730259
 0.9663493538179507
 0.9993794364854967
 0.8733565395167626
 0.8818923102631822
 0.7066650409476564
 1.044658035974432
 0.8940060188154854
 0.8874770300167947
 0.9913542954600688
 0.4963073641133642
 0.7482811271866213
 0
 0
 0.7892931470571475
 0.6831298516097438
 0.9066528567662748
 1.062242858404351
 0.9801320848736725
 1.053443777454488
 1.013407653595431
 0.8990229636223903
 0.9284813226048809
 1.029552471071876
 0.9472249975746707
 0.9439920260349761
 0.9244547376003981
 1.098439461309535
 0.8509646701793651
 0.9220486430756226
 0.9317901620690635
 0.8164403711287858
 0.9578921277260443
 0.8446831935156062
 0.8613044624828857
 0.9082476731705458
 0.803381135320634
 0.828123844220215
 0.8151367067230587
 0.8682040383464654
 0.9151309713838751
 0.9412548841397776
 0
 0
 0
 0
 0
 0
 0
 0
 0
 0
 0
 0
 0
 0
 0
 0
 0
 0
 0
 0
 0
 0
 0
 0
 0
 0
 0
 0
 0
 0
 0
 0
 0
 0
 0
 0
 0
 0
 0
 0
 0
 0
 0
 0
 0
 0
 0
 0
 0
 0
 0
 0
 0
 0
 0
 0
 0
 0
 0
 0
 0
 0
 0
 0
 0
 0
 0
 0
 0
 0
 0
 0
 0
 0
 0
 0
 0
 0
 0
 0
 0
 0
 0
 0
 0
 0
 0
 0
 0
 0
 0
 0
 0
 0
 0
 0
 0
 0
 0
 0
 0
 0
 0
 0
 0
 0
 0
 0
 0
 0
 0
 0
 0
 0
 0
 0
 0
 0
 0
 0
 0
 0
 0
 0
 0
 0
 0
 0
 0
 0
 0
 0
 0
 0
 0
 0
 0
 0
 0
 0
 0
 0
 0
 0
 0
 0
 0
 0
 0
 0
 0
 0
 1
 1
 1
 1
 1
 1
 1
 1
 1
 1
 1
 1
 1
 1
 1
 1
 1
 1
 1
 1
 1
 1
 1
 1
 1
 1
 1
 1
 0
 0
 0
 0
 0
 0
 0
 0
 0
 0
 0
 0
 0
 0
 0
 0
 0
 0
 0
 0
 0
 0
 0
 0
 0
 0
 0
 0
 0
 0
 0
 0
 0
 0
 0
 0
 0
 0
 0
 0
 0
 0
 0
 0
 0
 0
 0
 0
 0
 0
 0
 0
 0
 0
 0
 0
 0
 0
 0
 0


