# Created by Octave 3.8.2, Fri Nov 20 20:21:32 2015 CET <dkottke@snake10>
# name: mus
# type: matrix
# ndims: 3
 1 30 19
 0
 0
 0.646633277685032
 0.512249443207127
 0.7002785515320346
 0.6989966555183942
 0.7292940522512521
 0.7254464285714286
 0.716359575656057
 0.6128491620111732
 0.617002629272568
 0.6381431767337808
 0.6429765886287623
 0.6078404017857141
 0.5815126050420167
 0.5926339285714286
 0.5898786181139122
 0.5712682379349048
 0.5745480723084307
 0.6612359550561798
 0.6560224089635855
 0.6546327472253398
 0.660163507989595
 0.6559684684684683
 0.6608450704225354
 0.6560758082497216
 0.6548821548821548
 0.6888950892857146
 0.6943826473859844
 0.6881355932203393
 0
 0
 0.3333333333333333
 1
 0.6
 0.7
 0.7
 0.7
 0.9
 0.8
 0.7333333333333333
 0.8666666666666666
 0.7666666666666666
 0.7999999999999999
 0.7999999999999999
 0.8166666666666667
 0.6333333333333333
 0.7333333333333333
 0.7333333333333333
 0.75
 0.72
 0.6300000000000001
 0.75
 0.8400000000000001
 0.6000000000000001
 0.7266666666666668
 0.6733333333333333
 0.6333333333333334
 0.7266666666666666
 0.6666666666666667
 0
 0
 0.5342269566526417
 0.8623955246087494
 0.778204256517654
 0.7983849997106224
 0.7646898502393605
 0.8213886274206246
 0.8293290851237092
 0.6714515159397902
 0.7676491452609069
 0.7794039092362094
 0.6649935234428279
 0.6751802841236132
 0.7408636010995642
 0.7532838601132713
 0.6964318003878684
 0.7305473416327835
 0.6745475164046446
 0.7307647598718549
 0.7452060996465476
 0.7015730841004477
 0.7558987484162296
 0.7287277204596589
 0.733889570867392
 0.747585863269939
 0.7567649028085283
 0.7236161875085336
 0.7126199839253868
 0.7315175708517065
 0
 0
 0.6389013877677253
 0.9791750005452698
 0.730842210220667
 0.8420226292459694
 0.8770253471976885
 0.8477793309853998
 0.9200659469374878
 0.7806513122361737
 0.8097136618394029
 0.8714478191064429
 0.7987712620299547
 0.8176976829382993
 0.7876152167825897
 0.7951104944692939
 0.7718336162065957
 0.7140065839222595
 0.6857318055688982
 0.7881755148191901
 0.8117850183468712
 0.7945840943671859
 0.7471936721905418
 0.7924557101610187
 0.7355210204586271
 0.7408503427647736
 0.7959306925054781
 0.7586491983101927
 0.7115821143485053
 0.7412897159640442
 0
 0
 0
 1
 0.4
 0.8333333333333334
 0.8571428571428571
 0.875
 0.8888888888888888
 0.6
 0.5454545454545454
 0.5833333333333334
 0.8461538461538461
 0.8888888888888888
 0.8
 1
 1
 0
 0
 0
 0
 1
 1
 1
 1
 1
 1
 1
 0
 1
 0
 0
 0.08334583224308562
 1.333333333330109
 0.5000002500022971
 0.9750000022687972
 0.8857142868472412
 0.8785714290334652
 0.9305555580570877
 0.6432545187454772
 0.6497491700263489
 0.7147747633518877
 0.8555944484997677
 0.9019899933897557
 0.812699058788716
 0.9791483015411294
 0.8753033057783529
 0.5088297619574436
 0.4136623318459565
 0.4969996856071992
 0.6355891549844185
 0.9239831089991631
 0.6363653183765692
 0.6636936698203459
 0.8750011138881716
 0.6250026083445618
 0.5291216923602116
 0.8750014071412701
 0.7500039738985382
 0.791668950094336
 0
 0
 0.3678794411714423
 0.6979660729695056
 0.834761509387093
 1.041517024687807
 0.8019328113394263
 0.8412874905903995
 0.8446764379861662
 0.725081488948135
 0.7929351883611808
 0.7673229597215561
 0.7985228846517181
 0.790942812186301
 0.7715212484762499
 0.7223598655622379
 0.7228395231469629
 0.7157931636847512
 0.7264647999485073
 0.8362035132076467
 0.7519343021150435
 0.839474970775498
 0.7600972560022127
 0.8628251451111992
 0.805385973132918
 0.7877189637927146
 0.7791840297801008
 0.7507259602670242
 0.7870266458347187
 0.7643844599885822
 0
 0
 0.6389013876492163
 0.8696380479886067
 0.7108756469167132
 0.8104705012685124
 0.7958973109071791
 0.8447997790806849
 0.914020178207258
 0.7434479094723474
 0.7922684884610465
 0.8289696113241658
 0.77354057336669
 0.7903052946857847
 0.7858299361888921
 0.8008385057365321
 0.7701283675799828
 0.723473775162237
 0.7119453082282644
 0.7748026986558572
 0.7723234668686699
 0.7673071712166116
 0.7380180817885262
 0.7657296963829695
 0.7550900539986439
 0.7772201042675745
 0.7667954058183676
 0.7270600128730449
 0.7399109225370597
 0.7312008255364983
 0
 0
 1
 1
 1
 1
 1
 1
 1
 1
 1
 1
 1
 1
 1
 1
 1
 1
 1
 1
 1
 1
 1
 1
 1
 1
 1
 1
 1
 1
 0
 0
 0.0833458321209504
 1.333333333329275
 0.5450033404381343
 1.069602763658763
 0.8153733734319195
 0.7674804843766687
 0.9696683960222392
 0.6584553281678288
 0.6816997278972329
 0.74538434331715
 0.8117178185487109
 0.7134869464999257
 0.7162161105414568
 0.8593339671223617
 0.6662485707417191
 0.8257444426458291
 0.6619747827408072
 0.7585024844664257
 0.9075099972460439
 0.6634596562018218
 0.8029189908130392
 0.8213117266737913
 0.9011726614569507
 0.7472218114884698
 0.3649559986790658
 0.8815137852432127
 0.9999985442725076
 0.9927044035773043
 0
 0
 0.3678794411714423
 0.7330925731655753
 0.8222010044434698
 1.101675791320154
 0.7862503501639384
 0.9379690100542035
 0.8865586271882151
 0.7459250330680506
 0.7610268043078464
 0.7778893732766879
 0.7845684846535195
 1.005482034996146
 0.9576585025867921
 0.7473932640159828
 0.6743997369712045
 0.8549539445318144
 0.7895019457437609
 0.7878036959725278
 0.8171094803558206
 0.7740179076042824
 0.75486637391793
 0.858234510082873
 0.7053822549830937
 0.8801446524125982
 0.7513531317964227
 0.8269722058100351
 0.7707019710670465
 0.7883956247686131
 0
 0
 0
 0
 0
 0
 0
 0
 0
 0
 0
 0
 0
 0
 0
 0
 0
 0
 0
 0
 0
 0
 0
 0
 0
 0
 0
 0
 0
 0
 0
 0
 0
 0
 0
 0
 0
 0
 0
 0
 0
 0
 0
 0
 0
 0
 0
 0
 0
 0
 0
 0
 0
 0
 0
 0
 0
 0
 0
 0
 0
 0
 0
 0
 0
 0
 0
 0
 0
 0
 0
 0
 0
 0
 0
 0
 0
 0
 0
 0
 0
 0
 0
 0
 0
 0
 0
 0
 0
 0
 0
 0
 0
 0
 0
 0
 0
 0
 0
 0
 0
 0
 0
 0
 0
 0
 0
 0
 0
 0
 0
 0
 0
 0
 0
 0
 0
 0
 0
 0
 0
 0
 0
 0
 0
 0
 0
 0
 0
 0
 0
 0
 0
 0
 0
 0
 0
 0
 0
 0
 0
 0
 0
 0
 0
 0
 0
 0
 0
 0
 0
 0
 1
 1
 1
 1
 1
 1
 1
 1
 1
 1
 1
 1
 1
 1
 1
 1
 1
 1
 1
 1
 1
 1
 1
 1
 1
 1
 1
 1
 0
 0
 0
 0
 0
 0
 0
 0
 0
 0
 0
 0
 0
 0
 0
 0
 0
 0
 0
 0
 0
 0
 0
 0
 0
 0
 0
 0
 0
 0
 0
 0
 0
 0
 0
 0
 0
 0
 0
 0
 0
 0
 0
 0
 0
 0
 0
 0
 0
 0
 0
 0
 0
 0
 0
 0
 0
 0
 0
 0


