# Created by Octave 3.8.2, Mon Nov 16 03:07:54 2015 CET <dkottke@snake2>
# name: mus
# type: matrix
# ndims: 3
 1 30 19
 0
 0
 0.6908212560386472
 0.9086538461538461
 0.8829268292682928
 0.8186274509803921
 0.8325123152709362
 0.9278846153846154
 0.9323671497584541
 0.945
 0.9473684210526315
 0.946078431372549
 0.9471153846153847
 0.9438775510204083
 0.9025641025641028
 0.9086538461538461
 0.9068627450980391
 0.9015151515151515
 0.9473684210526317
 0.9450000000000001
 0.9365079365079365
 0.9393939393939394
 0.9420289855072463
 0.935763888888889
 0.9325
 0.9423076923076923
 0.9667422524565382
 0.9642857142857143
 0.9655172413793104
 0.9611111111111111
 0
 0
 0.6666666666666666
 0.25
 0.6
 1
 1
 1
 1
 1
 1
 1
 1
 1
 1
 0.95
 0.9333333333333332
 0.95
 1
 1
 1
 1
 1
 1
 1
 1
 1
 1
 1
 1
 0
 0
 0.7779035874386149
 0.586111538862254
 0.7505918883533582
 0.8632183427571786
 0.8914859707344309
 0.9165216700057064
 0.9110788868820895
 0.9707644546821156
 0.9723799443213789
 0.9778855386397729
 0.9705913435249761
 0.9776052000822252
 0.9539618767247993
 0.9528434865075157
 0.9691726040162424
 0.9591922593263187
 0.9826341387992473
 0.9721026007298966
 1
 0.993402868770956
 0.9887577931008931
 0.9849946960455727
 0.9867605432381735
 0.9935925961536923
 0.9894148855923123
 0.9887413322373043
 0.9869026203234063
 0.9892674808784643
 0
 0
 0.6530915828959257
 0.4744592397751565
 0.6670390537064473
 0.8174653211113883
 0.8340683513472115
 0.860326191819533
 0.8544700805157789
 0.8799313076230564
 0.8822545281059158
 0.8934780928182716
 0.9087735786180773
 0.9120687249721161
 0.8913280463510825
 0.9002848576539937
 0.8966864947354382
 0.9076969168288191
 0.905509369382364
 0.9076119434407941
 0.9185074167607511
 0.917070108841707
 0.9268428671435648
 0.9249363437617658
 0.9298411158490769
 0.9311033562279712
 0.9304951259971913
 0.9345410764565348
 0.936691334845238
 0.9390923162540988
 0
 0
 0.8663738168283789
 0.5208999938498775
 0.686699968700932
 0.809186410098936
 0.7926430231236806
 0.8544068074616579
 0.8752026781713229
 0.8699262963012215
 0.8857075879018627
 0.8950169272910468
 0.9021551730315022
 0.9094635633037803
 0.8902215177318896
 0.8991591848333739
 0.9025961825612503
 0.9046193910295363
 0.9075892498108705
 0.9023218180512971
 0.9185389263842294
 0.9230767914958273
 0.9246979348482277
 0.9321394972463631
 0.9321079896772424
 0.9307426481876381
 0.9354290215538181
 0.9345481155835623
 0.9361828491603953
 0.9399428460346047
 0
 0
 0.7078821812906764
 0.5271627912153993
 0.6773730262585508
 0.9347814890093302
 0.7855851786378839
 0.7940537303494699
 0.8226996635577464
 0.9892036750224826
 0.9303043954845811
 0.8649217889969318
 0.8799658806306642
 0.8845153461402694
 0.8746184856101641
 0.9275422815186726
 0.8714212797782215
 0.8843004656757618
 0.9967099180189782
 0.9074866759080491
 0.9191405997603961
 0.8900504503424204
 0.9746790029150816
 0.9629236043862349
 0.9318270590397305
 0.9057690857473097
 0.8764758940006034
 0.9242172416662906
 0.9626163336088513
 0.9340335487806497
 0
 0
 0.3678794411714423
 0.8376900737777742
 0.7704311880274848
 0.7730204047565137
 0.8897538712772957
 0.8889535670070117
 0.8131692668121077
 0.8973196478229191
 0.861383933487998
 0.8783405470354996
 0.8479116768563476
 0.9328626804538263
 0.887671572860008
 0.9197530749167964
 0.8931849953758509
 0.9232292803208032
 0.9253163756349182
 0.8995608601005995
 0.8916394241357239
 0.9065302470314686
 0.9317583641879827
 0.9342342556433929
 0.9422751145613716
 0.8942398017080992
 0.9299291548716421
 0.888154919295574
 0.9397097792538985
 0.9362460886850279
 0
 0
 0.6228103401376628
 0.5940158146597166
 0.6977432144730134
 0.7657621421476329
 0.7849717408586991
 0.8552228914308996
 0.8241705553212552
 0.8960387349523604
 0.9199278920575781
 0.9325138059962819
 0.9473607446077706
 0.9471228983760287
 0.9328893024880133
 0.9334942710697898
 0.9334016306618743
 0.9409113159574076
 0.9424201962823424
 0.9414809249885567
 0.9564439488766699
 0.9636838866527437
 0.9659795194466199
 0.9653021272747073
 0.9672658890308934
 0.9707646870326107
 0.9702703780932209
 0.9718189883425343
 0.9736579966076332
 0.9732753724526516
 0
 0
 0.8870347126718506
 0.5691375164070787
 0.6723860918777358
 0.7405276289984201
 0.7538213947919093
 0.8271275739059307
 0.8735692141963932
 0.8849688775454675
 0.9285943417158407
 0.9405370473776747
 0.93947804564671
 0.9497820082014806
 0.9247231969076037
 0.9400604375075252
 0.9369674047901789
 0.9399243414867895
 0.9400875034813156
 0.9349581227246246
 0.9524310163869205
 0.9656331640198773
 0.9651084473136464
 0.970997037573729
 0.9668010510958015
 0.9667832363286415
 0.9739407550750331
 0.9737504498396091
 0.9732227102578592
 0.9736379541648542
 0
 0
 0.7146974719850319
 0.6356156635281252
 0.7188770643571809
 0.7450936087232527
 0.7637884830669937
 0.796016515871981
 0.8638329587585883
 0.9922146973350267
 0.9071464556806677
 0.898133545248301
 0.9750764320098021
 0.9328630623773827
 0.9275705484022326
 0.9368368396077055
 0.9276373559529704
 0.9531275626532232
 0.9448804811153376
 0.9310124611532458
 0.9461819336222017
 0.962270199817868
 0.9746929378911741
 0.9662011882193181
 0.9669023351350466
 0.9677255189311473
 0.984118015768239
 0.9717794185007887
 0.9733537446331189
 0.9750650334489825
 0
 0
 0.3678794411714423
 0.8294596643552847
 0.805620528997212
 0.7688939792246978
 0.8752843755463824
 0.8676006225043003
 0.8202842734929678
 0.8089837311991762
 0.833823071947457
 0.853724043028788
 0.8317712557399988
 0.9064165180096095
 0.8927504782334162
 0.8852305651438078
 0.9250756713544335
 0.9109280582355335
 0.9251004227327897
 0.9045205099372301
 0.9226170818163032
 0.9250122520570515
 0.9304469963353602
 0.9440007170755873
 0.9474226383360707
 0.9472822032965
 0.9457349432466763
 0.9473229947542515
 0.9597887124845734
 0.9552609584113728
 0
 0
 0
 0
 0
 0
 0
 0
 0
 0
 0
 0
 0
 0
 0
 0
 0
 0
 0
 0
 0
 0
 0
 0
 0
 0
 0
 0
 0
 0
 0
 0
 0
 0
 0
 0
 0
 0
 0
 0
 0
 0
 0
 0
 0
 0
 0
 0
 0
 0
 0
 0
 0
 0
 0
 0
 0
 0
 0
 0
 0
 0
 0
 0
 0
 0
 0
 0
 0
 0
 0
 0
 0
 0
 0
 0
 0
 0
 0
 0
 0
 0
 0
 0
 0
 0
 0
 0
 0
 0
 0
 0
 0
 0
 0
 0
 0
 0
 0
 0
 0
 0
 0
 0
 0
 0
 0
 0
 0
 0
 0
 0
 0
 0
 0
 0
 0
 0
 0
 0
 0
 0
 0
 0
 0
 0
 0
 0
 0
 0
 0
 0
 0
 0
 0
 0
 0
 0
 0
 0
 0
 0
 0
 0
 0
 0
 0
 0
 0
 0
 0
 0
 0.6557581303900366
 0.5792148403393497
 0.6591503744446893
 0.733068664515558
 0.7534471898111216
 0.826533264406927
 0.8725245733847196
 0.8760671641448918
 0.9265567065216003
 0.9407593143614239
 0.9397373515232428
 0.9540041991895307
 0.9264454735090139
 0.9367555058319039
 0.9349181819285696
 0.9381452833939016
 0.9395154039461949
 0.9359722318056221
 0.9522129883044113
 0.9635548823790259
 0.9666281008142859
 0.9694868637670425
 0.9656083989666846
 0.9645282327694665
 0.9741822238539344
 0.9728388512375222
 0.9704204641218654
 0.9735505982448256
 0
 0
 0
 0
 0
 0
 0
 0
 0
 0
 0
 0
 0
 0
 0
 0
 0
 0
 0
 0
 0
 0
 0
 0
 0
 0
 0
 0
 0
 0
 0
 0
 0
 0
 0
 0
 0
 0
 0
 0
 0
 0
 0
 0
 0
 0
 0
 0
 0
 0
 0
 0
 0
 0
 0
 0
 0
 0
 0
 0


