# Created by Octave 3.8.2, Fri Nov 20 23:38:46 2015 CET <dkottke@snake10>
# name: mus
# type: matrix
# ndims: 3
 1 30 19
 0
 0
 0.8550724637681155
 0.7644230769230769
 0.7756097560975612
 0.9313725490196078
 0.9556650246305419
 0.9567307692307693
 0.9613526570048311
 0.95
 0.9330143540669856
 0.9411764705882353
 0.9375000000000001
 0.9081632653061226
 0.9435897435897438
 0.9519230769230769
 0.9705882352941178
 0.9747474747474747
 0.9808612440191389
 0.9650000000000002
 0.9788359788359789
 0.9696969696969696
 0.9806763285024154
 0.9878472222222222
 0.99
 0.9903846153846154
 0.9947089947089947
 0.9897959183673469
 1
 0.9888888888888889
 0
 0
 0.3333333333333333
 1
 1
 0.5
 0.7
 0.9
 0.9
 0.9
 0.8
 0.9
 0.9333333333333333
 0.7999999999999999
 0.7333333333333332
 0.8166666666666667
 0.8333333333333334
 0.8333333333333333
 0.8333333333333333
 0.85
 0.9099999999999999
 0.9099999999999999
 0.8300000000000001
 0.9
 0.9199999999999999
 0.8933333333333333
 0.8533333333333335
 0.8933333333333333
 0.8600000000000001
 0.9
 0
 0
 0.6365306786735794
 0.895231042643573
 0.8862182994108596
 0.8187921064691468
 0.802220607192255
 0.7623674943648147
 0.8184325142829725
 0.8525052029400032
 0.8233975562548976
 0.8871819936245453
 0.8591705856877041
 0.8329395665953098
 0.7518269364697284
 0.7812699239155738
 0.795072779773915
 0.8172356386844942
 0.8584020095300251
 0.8459421078269713
 0.8745498343999372
 0.8863636085507393
 0.88804589714394
 0.8941275260267659
 0.8989444713643346
 0.9040858203010542
 0.8969555112614017
 0.908137419317508
 0.8835243777246379
 0.8700848220779176
 0
 0
 0.3325354275683542
 0.7641806630128921
 0.7794717987831611
 0.6907885911030447
 0.7518420420591211
 0.7490563163821983
 0.7920408428134418
 0.8248872703810988
 0.7466266559459621
 0.794274801793585
 0.7985957104735981
 0.7023491442815128
 0.7109840507215708
 0.7375119346660579
 0.7314495334897593
 0.7515057788785942
 0.7623863675006622
 0.7825998610984043
 0.7923710526216815
 0.8187875980582983
 0.8107947300889078
 0.818537778257787
 0.8299314634591255
 0.820577742747665
 0.827278230324427
 0.8447748979773719
 0.8189832327030147
 0.8131554146060727
 0
 0
 0.3333333333333333
 1
 1
 0.6666666666666666
 1
 0.75
 1
 1
 0.7272727272727273
 1
 1
 0.8888888888888888
 1
 1
 0.5
 0
 1
 1
 1
 1
 0
 1
 1
 1
 1
 1
 1
 1
 0
 0
 0.33333333333326
 0.7445528575485865
 0.8361167736434363
 0.7712388989226026
 0.9692999765022901
 0.7711194952713821
 0.804195416910706
 0.8161602669245662
 0.7376435018387669
 0.8463910703568477
 0.898691966783646
 0.7524057508324726
 0.7144062623945545
 0.7727537511499526
 0.7129071669585151
 0.6985954150585652
 0.8533508333052853
 0.7334193398942598
 0.8153850573769036
 0.9416324474103972
 0.8146165905245334
 0.9459712732384791
 0.8217082721087583
 0.9181662727372533
 0.9220536905502796
 0.9435515756628666
 0.8704394978998632
 0.7958711331907197
 0
 0
 0.5785862941142949
 0.8171665125286365
 0.7930715227421875
 0.8503949720362992
 0.8455286382981626
 0.8231020585877286
 0.8155488379269829
 0.8553538952391079
 0.8178997891442247
 0.7841359376006464
 0.80649755073143
 0.7668382491946089
 0.8162878512340145
 0.7859356830554776
 0.7600370414943954
 0.7733011407964543
 0.8786594173608012
 0.8363679452567593
 0.8203666248135425
 0.8279853975992201
 0.8456402976912432
 0.9188518900094221
 0.8394154654545772
 0.8125248861898146
 0.8734972624056924
 0.8970037912271368
 0.8618047913289921
 0.8750940177752013
 0
 0
 0.3332664735136186
 0.710613270573429
 0.7115216659811459
 0.7353358742498859
 0.7961089488759336
 0.7826562722676599
 0.8193246789783355
 0.8276865397874635
 0.7408177422429174
 0.7701172255230837
 0.7854879223007004
 0.699605334508917
 0.7121535782043488
 0.7254661961487817
 0.7216740616734344
 0.7570936872848177
 0.7774959378906814
 0.7983811700772931
 0.8035119837096706
 0.8270513880882439
 0.8338258782670743
 0.8391413479570803
 0.8482955970327118
 0.8420574082212547
 0.8520143769023953
 0.8586781578543383
 0.8417955668436098
 0.830253225016762
 0
 0
 0.99992828531454
 0.9999999999981922
 0.9999999999996741
 0.9999999999999994
 0.9999999999999999
 1
 0.9999999999999993
 0.9999999999990464
 0.9976733122623526
 0.9983981145144656
 0.9924868428407557
 0.9879124901080127
 0.9746529976696515
 0.9761011402941019
 0.9697417339585334
 0.9708426031540084
 0.9635625862874679
 0.9638700890282524
 0.9636108598623935
 0.9543324457331008
 0.9529547970194495
 0.9588479497135056
 0.9572206264243078
 0.9573704230006477
 0.9619456572711897
 0.9484089657789894
 0.9548615069973654
 0.9456505594333324
 0
 0
 0.3333333333333329
 0.6697161493760279
 0.8721630893191268
 0.7438659336679672
 0.9508113427966783
 0.7773721762781178
 0.8700471474224248
 0.8413124662016167
 0.7000629166436589
 0.7386956661371683
 0.8883910946982552
 0.6692669711952387
 0.6875341339789378
 0.7242476528138884
 0.7666218224511065
 0.7310262237764198
 0.7487492056841611
 0.7857599226306408
 0.7743069005220342
 0.8279643908286761
 0.804900648783264
 0.8209689169945634
 0.8330107873633604
 0.8232560710932381
 0.8304933876459514
 0.8496544261384489
 0.8277884399843821
 0.8249988870144132
 0
 0
 0.5785862941142949
 0.8468656502819204
 0.7785795545854415
 0.8555401058266097
 0.7935044940315006
 0.8323607931516819
 0.8173485437712156
 0.8159070616475056
 0.7738002761254504
 0.7723988682921339
 0.7746800931932882
 0.7897382380538548
 0.7630951679206457
 0.7571913888603728
 0.726356441501077
 0.766437666094
 0.8131701251408662
 0.7974176813521101
 0.7928056679370449
 0.8304880428109124
 0.8181725114666322
 0.8102666696141865
 0.848934642338061
 0.8636976989905714
 0.8293152445960891
 0.8405010614736312
 0.83210648633061
 0.8218448655909888
 0
 0
 0
 0
 0
 0
 0
 0
 0
 0
 0
 0
 0
 0
 0
 0
 0
 0
 0
 0
 0
 0
 0
 0
 0
 0
 0
 0
 0
 0
 0
 0
 0
 0
 0
 0
 0
 0
 0
 0
 0
 0
 0
 0
 0
 0
 0
 0
 0
 0
 0
 0
 0
 0
 0
 0
 0
 0
 0
 0
 0
 0
 0
 0
 0
 0
 0
 0
 0
 0
 0
 0
 0
 0
 0
 0
 0
 0
 0
 0
 0
 0
 0
 0
 0
 0
 0
 0
 0
 0
 0
 0
 0
 0
 0
 0
 0
 0
 0
 0
 0
 0
 0
 0
 0
 0
 0
 0
 0
 0
 0
 0
 0
 0
 0
 0
 0
 0
 0
 0
 0
 0
 0
 0
 0
 0
 0
 0
 0
 0
 0
 0
 0
 0
 0
 0
 0
 0
 0
 0
 0
 0
 0
 0
 0
 0
 0
 0
 0
 0
 0
 0
 0.9999818001602923
 0.9999999916859933
 0.9999999999897666
 0.9999999999996008
 0.9999999964861307
 0.9999999918687273
 0.9999999975005324
 0.9995852554640543
 0.998209680182458
 0.9984684407524974
 0.9870124682755516
 0.9827010315196707
 0.9781240838403548
 0.9742799717887229
 0.9714882192430789
 0.9773463410066436
 0.9559609439119935
 0.9615323096033065
 0.9699043221217255
 0.9577472130689142
 0.9501174833318463
 0.956025851104
 0.9617623028240384
 0.9536636255021115
 0.9516224792172627
 0.9456424750224193
 0.9572283370046882
 0.9505954446783906
 0
 0
 0
 0
 0
 0
 0
 0
 0
 0
 0
 0
 0
 0
 0
 0
 0
 0
 0
 0
 0
 0
 0
 0
 0
 0
 0
 0
 0
 0
 0
 0
 0
 0
 0
 0
 0
 0
 0
 0
 0
 0
 0
 0
 0
 0
 0
 0
 0
 0
 0
 0
 0
 0
 0
 0
 0
 0
 0
 0


