# Created by Octave 3.8.2, Fri Nov 20 20:31:30 2015 CET <dkottke@snake5>
# name: mus
# type: matrix
# ndims: 3
 1 30 19
 0
 0
 0.3394546466332785
 0.4671492204899777
 0.5186629526462397
 0.5496098104793753
 0.6498054474708181
 0.6227678571428571
 0.6984924623115568
 0.6608938547486038
 0.7150027886224205
 0.7052572706935126
 0.7251021924934959
 0.7237723214285715
 0.6358543417366946
 0.6657366071428571
 0.6591970121381883
 0.6728395061728398
 0.7013277875539912
 0.7
 0.6963585434173667
 0.6810699588477365
 0.7081010776662955
 0.6869369369369366
 0.6659154929577465
 0.6564474173169825
 0.6686307519640855
 0.6690848214285714
 0.6668520578420468
 0.6751412429378532
 0
 0
 0.3333333333333333
 0.25
 0.2
 0.6
 0.2
 0.6
 0.5
 0.7
 0.6666666666666666
 0.7
 0.6333333333333333
 0.7333333333333333
 0.6
 0.6166666666666666
 0.5666666666666667
 0.6333333333333333
 0.5166666666666666
 0.65
 0.58
 0.62
 0.7
 0.6599999999999999
 0.64
 0.6533333333333333
 0.6666666666666666
 0.6133333333333334
 0.6199999999999999
 0.6
 0
 0
 0.7005744721338412
 0.5575156088200097
 0.5606537959914988
 0.7060639401447206
 0.6134313026006684
 0.6071234061442456
 0.652447581987069
 0.7223339078585211
 0.7816476976110727
 0.7642306805446913
 0.8027144389819382
 0.8158700484933176
 0.7008774761798837
 0.7231995742396409
 0.6901899654660169
 0.7419258757910812
 0.7313821369366027
 0.6482781700153588
 0.6432812110770177
 0.6079317559135875
 0.6362504331562475
 0.7074836817171808
 0.6979996050920904
 0.6540121378647979
 0.7181299867943521
 0.619160016515252
 0.6590007166227583
 0.6836835448985449
 0
 0
 0.4409761031790767
 0.4543791084247458
 0.3205614050332264
 0.5119024635409116
 0.5401270187940189
 0.6226653041432394
 0.6050883328490112
 0.6872515412580763
 0.6804497233077009
 0.6978082206747404
 0.714068672846311
 0.7263541255788022
 0.6451318657025071
 0.6510689633136392
 0.6364387146471665
 0.6488853053761025
 0.6649262614298136
 0.5980248885233833
 0.6188111553690474
 0.6264076088836869
 0.6238684682763465
 0.6362683026885395
 0.6162784932648887
 0.6217980506753845
 0.6317996293188746
 0.6011630298868311
 0.6138048009615615
 0.6016700521298507
 0
 0
 0.6666666666666666
 0
 0.2
 0.6666666666666666
 0.5714285714285714
 0.5
 0.5555555555555556
 0.7
 0.7272727272727273
 0.9166666666666666
 0.6923076923076923
 0.8888888888888888
 0.6
 0.6666666666666666
 0.5
 1
 0
 0
 1
 1
 1
 1
 0
 1
 0
 1
 0
 1
 0
 0
 0.7296544289492631
 0.2776903205123281
 0.3041635258553228
 0.5387803934957838
 0.4968689274683916
 0.5737231839570313
 0.6007583819660038
 0.6710845028698281
 0.6803767210886112
 0.7249635131861951
 0.6767933925116575
 0.7986519750564688
 0.6440210183106182
 0.660998941950162
 0.6324358582356079
 0.6607802583419277
 0.6200741533893424
 0.5683329097461977
 0.6324986075840104
 0.651412097931563
 0.6077184933707397
 0.6776426621825191
 0.5562768398268801
 0.6159596355917295
 0.6257553251029533
 0.6596422410976956
 0.6004384752959019
 0.5738447365801681
 0
 0
 0.5785862941142949
 0.5489667049769983
 0.6193824740413197
 0.6325391042536974
 0.6771781433670639
 0.7432913279193394
 0.7130056605843492
 0.7389723176884559
 0.764015308852014
 0.7855216724000712
 0.7480730671577789
 0.7596159362561155
 0.7779381553158687
 0.8204861477671237
 0.7299450082341694
 0.7720126522967599
 0.7565482220281257
 0.7388186889230606
 0.703962314617479
 0.720394610880038
 0.7573686749139623
 0.7165836568845646
 0.7444552776028449
 0.7251148828272704
 0.6883410957855863
 0.6903470431297372
 0.7342894425588256
 0.6974069936410544
 0
 0
 0.4442254094268976
 0.4436261526978203
 0.3061266102707546
 0.4796884940768151
 0.5611806015694788
 0.6475247686659735
 0.6098080323403507
 0.680132282620077
 0.7226275026790769
 0.7314254053596949
 0.7333395714147553
 0.7488548473692147
 0.6901880244796872
 0.6860978945382427
 0.666106638671988
 0.6832192810624244
 0.6854266561824548
 0.6157485570581891
 0.6292488244088376
 0.6377863736517279
 0.6359147208467231
 0.6429961263834689
 0.6305294432732389
 0.6364267009767984
 0.6474252110630216
 0.6081031610486238
 0.6221452103598752
 0.6135428898181081
 0
 0
 0.9999397297841628
 0.9999999870631296
 0.9999999998307243
 0.9999999976507203
 0.9999999999995586
 1
 0.9945940171193538
 1
 0.9999999999999991
 0.9969944416604157
 0.9954974915771945
 0.9949922311822604
 0.980630078626023
 0.9731644666610567
 0.9740398330930586
 0.969464538244173
 0.9688798717177175
 0.9628273227469042
 0.9611140912925024
 0.9585157788446484
 0.9636919201819559
 0.9643851557076273
 0.9467489363867573
 0.9509107990851184
 0.95113732152203
 0.9566168400907905
 0.9516523542987314
 0.9421393356698134
 0
 0
 0.7208384342445313
 0.2940250025349883
 0.3061672735287789
 0.5232182113037697
 0.4888532684703952
 0.5470073612667991
 0.6124622444654388
 0.6527219317143466
 0.6725074406668153
 0.7281523681520743
 0.73261464173966
 0.7792685511098612
 0.6719007529287165
 0.680419652711668
 0.6784062158277256
 0.6666893664335347
 0.6737735224792575
 0.6082730894081662
 0.6219352461900186
 0.6308038922373294
 0.6289743697827207
 0.6442183930071479
 0.6230782144727189
 0.6323417129345263
 0.6496534721783573
 0.6043908981822448
 0.6248812492604259
 0.6084934250131937
 0
 0
 0.5785862941142949
 0.6007679092196089
 0.6520253676408188
 0.6297074567717025
 0.6758754459574139
 0.7147114435502748
 0.6928604518519427
 0.7443722814479377
 0.7564438738353492
 0.7900674102598426
 0.8229612709603705
 0.8065232017853656
 0.7617011416257804
 0.7684520925366179
 0.7338247665077355
 0.7646536064972811
 0.7620445232215405
 0.7229772434290456
 0.7442866374687909
 0.736209918958091
 0.7217019619994034
 0.7709343094372388
 0.7349937338491939
 0.7195164590550214
 0.7079451761049453
 0.6783865271540932
 0.7311082679491794
 0.6627005890792868
 0
 0
 0
 0
 0
 0
 0
 0
 0
 0
 0
 0
 0
 0
 0
 0
 0
 0
 0
 0
 0
 0
 0
 0
 0
 0
 0
 0
 0
 0
 0
 0
 0
 0
 0
 0
 0
 0
 0
 0
 0
 0
 0
 0
 0
 0
 0
 0
 0
 0
 0
 0
 0
 0
 0
 0
 0
 0
 0
 0
 0
 0
 0
 0
 0
 0
 0
 0
 0
 0
 0
 0
 0
 0
 0
 0
 0
 0
 0
 0
 0
 0
 0
 0
 0
 0
 0
 0
 0
 0
 0
 0
 0
 0
 0
 0
 0
 0
 0
 0
 0
 0
 0
 0
 0
 0
 0
 0
 0
 0
 0
 0
 0
 0
 0
 0
 0
 0
 0
 0
 0
 0
 0
 0
 0
 0
 0
 0
 0
 0
 0
 0
 0
 0
 0
 0
 0
 0
 0
 0
 0
 0
 0
 0
 0
 0
 0
 0
 0
 0
 0
 0
 0.9999951721276672
 0.9999999643481735
 0.9999999999994994
 0.9999999997121505
 0.9999999970957621
 0.9997696022740047
 0.9999999737044969
 0.9999999776017799
 0.9999969125291531
 0.9963022814189118
 0.992390015984033
 0.984368579796528
 0.9809849557580873
 0.9757225391220358
 0.9766067290049126
 0.9750735404415402
 0.9730728501945238
 0.9703061957164121
 0.9628256269121273
 0.9541142032287391
 0.9607986825129977
 0.9527646621243182
 0.9480862683885485
 0.9616526228961956
 0.9458734704101497
 0.9545727644981293
 0.9544213350453981
 0.9493900648472242
 0
 0
 0
 0
 0
 0
 0
 0
 0
 0
 0
 0
 0
 0
 0
 0
 0
 0
 0
 0
 0
 0
 0
 0
 0
 0
 0
 0
 0
 0
 0
 0
 0
 0
 0
 0
 0
 0
 0
 0
 0
 0
 0
 0
 0
 0
 0
 0
 0
 0
 0
 0
 0
 0
 0
 0
 0
 0
 0
 0


