# Created by Octave 3.8.2, Fri Nov 20 22:08:25 2015 CET <dkottke@snake5>
# name: mus
# type: matrix
# ndims: 3
 1 30 19
 0
 0
 0.6618357487922705
 0.6586538461538461
 0.658536585365854
 0.6568627450980391
 0.6551724137931034
 0.6634615384615384
 0.6521739130434782
 0.7849999999999999
 0.7511961722488038
 0.8039215686274509
 0.8125000000000001
 0.8010204081632653
 0.8000000000000002
 0.6826923076923077
 0.8194444444444445
 0.7777777777777778
 0.8038277511961721
 0.835
 0.8359788359788359
 0.8493265993265993
 0.8502415458937198
 0.8385416666666667
 0.82
 0.8605769230769231
 0.8405139833711263
 0.846938775510204
 0.9064039408866995
 0.8944444444444445
 0
 0
 1
 1
 1
 1
 1
 1
 1
 0.9
 0.8
 0.9333333333333332
 0.9
 0.9333333333333332
 0.8666666666666666
 0.8833333333333334
 0.8666666666666666
 0.85
 0.8333333333333333
 0.85
 0.9099999999999999
 0.82
 0.82
 0.8799999999999999
 0.8800000000000001
 0.8800000000000001
 0.9
 0.9199999999999999
 0.9333333333333333
 0.9333333333333333
 0
 0
 1
 1
 1
 1
 1
 1
 1
 0.8473232867642869
 0.8590959194381049
 0.8614313702166474
 0.8608697768004101
 0.8997497411867456
 0.903458111683936
 0.9449352757642678
 0.9295837764784314
 0.9097041089853313
 0.9331407088293001
 0.9195902514531419
 0.9262457603384125
 0.9280816200059814
 0.9193850520493771
 0.9215707711959988
 0.9334624249178355
 0.9229527904187032
 0.9350332240735941
 0.9401773915336223
 0.9345875906190219
 0.9146894831591458
 0
 0
 1
 1
 1
 1
 1
 1
 1
 0.9004195442186678
 0.8896215690118341
 0.9045161076834254
 0.9226854429985751
 0.9204960165939967
 0.9180583870348042
 0.9238421558386732
 0.8860908089938316
 0.9465493423231486
 0.9390679123781099
 0.907502527688729
 0.9072466835749059
 0.9228886238143833
 0.9120354242005988
 0.9064648127083396
 0.9194694194896159
 0.9143099000575604
 0.9138294112624947
 0.923609360991907
 0.931998749573606
 0.9360225781227237
 0
 0
 1
 1
 1
 1
 1
 1
 1
 0.9
 0.6363636363636364
 0.75
 0.8461538461538461
 1
 0.6
 1
 0.5
 1
 1
 1
 1
 1
 1
 1
 0
 1
 1
 1
 1
 1
 0
 0
 1.000000000036372
 1.000000000010022
 1.000000000001303
 1.000000000020667
 1.000000000194068
 1.000000000340316
 1.000000014718288
 0.8888888908693744
 0.7787905569067022
 0.8157844470730597
 0.8479312625367772
 0.9918885286792702
 0.8069709926890579
 0.9590356570739353
 0.7604145696157466
 1.00106890859753
 0.9881762405822943
 1.038077925110948
 0.9224143830365956
 1.048611679212267
 1.034091996777326
 1.01252837015089
 0.687502530747249
 0.8750018476530044
 0.8125015696151452
 0.8750006373368093
 0.9138141486104787
 1.000000007011708
 0
 0
 1
 1.000000000793191
 1.000000000065845
 1.000000000011661
 1.000000001434762
 1.00000000174677
 1.000000001379162
 0.8170927280632596
 0.8822428032237192
 0.9925754435337479
 0.9111039737555215
 0.9942783217591304
 0.9186069586882171
 0.9431063384197462
 0.9293258114585197
 0.9318072220919845
 0.9498919418962792
 0.9017109719816164
 0.9375941957121069
 0.9320246066232584
 0.9222767384087727
 0.9299490076835695
 0.9341631800727593
 0.9170670569891739
 0.9407357149043054
 0.9370871925695476
 0.925936018505202
 0.9206341536083481
 0
 0
 1
 1
 1
 1
 1
 1
 1
 0.9002742322692473
 0.9147520318694818
 0.9189080971342913
 0.9248339603494484
 0.9448688843185774
 0.9513532274678728
 0.9568210441769694
 0.9262446833805796
 0.957150453808929
 0.9492230683710632
 0.9201070285283525
 0.9175018658891477
 0.9173143385599666
 0.9237247896432208
 0.9168537454630957
 0.9226928991345281
 0.9222777608174206
 0.9213405710756816
 0.925254701906446
 0.9260897034929653
 0.928274299884118
 0
 0
 1
 1
 1
 1
 1
 1
 1
 1
 1
 1
 1
 1
 1
 1
 1
 1
 1
 1
 1
 1
 1
 1
 1
 1
 1
 1
 1
 1
 0
 0
 1.000000000002643
 1.000000000050072
 1.000000000050588
 1.000000000314444
 1.00000000000007
 1.000000000000343
 1.000000000010255
 0.8923634284073837
 0.8367822914076756
 0.8533325745570919
 0.8555090051955492
 0.8713153778002749
 0.8875306013990443
 0.9522498130662049
 0.8693263336441419
 0.9592162875825074
 0.9419442314445382
 0.8379108380036225
 0.8960343301152223
 0.9700884806284538
 0.9302256467011137
 0.9433413527944857
 0.901522985609571
 0.894006018815482
 0.8692211250325246
 0.9998340469594176
 0.9845980006407125
 1.000000000000053
 0
 0
 1
 1.000000000000223
 1.000000000129925
 1.000000000000028
 1.000000000000093
 1.000000000000519
 1.000000000016013
 0.8349676661182244
 0.8304344194505209
 0.8675460210542912
 0.9920992222420373
 0.8819407888338275
 0.9262866035858164
 0.9187095347367594
 0.951395577084629
 0.9218240779632751
 1.024075088666839
 0.9548940771890386
 0.9871910711629706
 0.9279535373803232
 0.969875661433403
 0.9542447368394238
 0.9431242135102084
 0.9798391946381633
 1.002599288290698
 0.9611506797519589
 0.9459017595870015
 0.9207900869902984
 0
 0
 0
 0
 0
 0
 0
 0
 0
 0
 0
 0
 0
 0
 0
 0
 0
 0
 0
 0
 0
 0
 0
 0
 0
 0
 0
 0
 0
 0
 0
 0
 0
 0
 0
 0
 0
 0
 0
 0
 0
 0
 0
 0
 0
 0
 0
 0
 0
 0
 0
 0
 0
 0
 0
 0
 0
 0
 0
 0
 0
 0
 0
 0
 0
 0
 0
 0
 0
 0
 0
 0
 0
 0
 0
 0
 0
 0
 0
 0
 0
 0
 0
 0
 0
 0
 0
 0
 0
 0
 0
 0
 0
 0
 0
 0
 0
 0
 0
 0
 0
 0
 0
 0
 0
 0
 0
 0
 0
 0
 0
 0
 0
 0
 0
 0
 0
 0
 0
 0
 0
 0
 0
 0
 0
 0
 0
 0
 0
 0
 0
 0
 0
 0
 0
 0
 0
 0
 0
 0
 0
 0
 0
 0
 0
 0
 0
 0
 0
 0
 0
 0
 1
 1
 1
 1
 1
 1
 1
 1
 1
 1
 1
 1
 1
 1
 1
 1
 1
 1
 1
 1
 1
 1
 1
 1
 1
 1
 1
 1
 0
 0
 0
 0
 0
 0
 0
 0
 0
 0
 0
 0
 0
 0
 0
 0
 0
 0
 0
 0
 0
 0
 0
 0
 0
 0
 0
 0
 0
 0
 0
 0
 0
 0
 0
 0
 0
 0
 0
 0
 0
 0
 0
 0
 0
 0
 0
 0
 0
 0
 0
 0
 0
 0
 0
 0
 0
 0
 0
 0


