# Created by Octave 3.8.2, Sun Nov 15 22:20:33 2015 CET <dkottke@snake3>
# name: mus
# type: matrix
# ndims: 3
 1 30 19
 0
 0
 0.6466165413533832
 0.5833333333333334
 0.6886075949367085
 0.7474747474747476
 0.776942355889724
 0.8035714285714286
 0.772727272727273
 0.7692307692307693
 0.7329545454545452
 0.7297979797979798
 0.7328205128205131
 0.7710459183673469
 0.7461538461538463
 0.7708333333333334
 0.7655583972719523
 0.7563131313131314
 0.8145363408521304
 0.805263157894737
 0.8796992481203008
 0.8661616161616161
 0.8527990906507531
 0.8697916666666666
 0.8586666666666667
 0.8446153846153847
 0.8606301106301106
 0.9323979591836735
 0.9230769230769229
 0.9717948717948718
 0
 0
 0.6666666666666666
 1
 0.6
 0.3
 0.5
 0.4
 0.7
 0.8
 0.7666666666666667
 0.7
 0.7999999999999999
 0.6333333333333333
 0.6666666666666666
 0.7333333333333333
 0.5999999999999999
 0.6
 0.5166666666666666
 0.55
 0.47
 0.41
 0.4800000000000001
 0.6899999999999999
 0.64
 0.7133333333333333
 0.7
 0.6466666666666667
 0.6133333333333334
 0.5333333333333333
 0
 0
 0.7568767081428625
 0.9038077410478281
 0.8082567638220042
 0.6549137765578793
 0.6281024045558653
 0.7429376394097198
 0.7715937714099478
 0.6631183738692408
 0.6153542543370201
 0.6678055239610844
 0.6608569191430511
 0.7010080273931478
 0.7095325545290321
 0.6775178444475118
 0.5822781422794312
 0.619607590454353
 0.610020793892263
 0.5496588471500977
 0.516055239682621
 0.7016908459578817
 0.6329513407811063
 0.6449052892310929
 0.6633922489334679
 0.7161141064337422
 0.6223081530910997
 0.5837898090188707
 0.6268298452036642
 0.6064624976731769
 0
 0
 0.6047469986208963
 0.8238702908198675
 0.5491432582265263
 0.477234279090662
 0.5219482302261851
 0.515170317770693
 0.6055085085708835
 0.6480491458338438
 0.5796059715202535
 0.5953578020247038
 0.6076768095802962
 0.5707023941586011
 0.578288178946784
 0.5111521990630591
 0.5453338921804765
 0.5793067149860026
 0.5467442839061066
 0.53457381584319
 0.4938674669543255
 0.5134310724108763
 0.5404936030121358
 0.5672771587870636
 0.5840480597001675
 0.5920419842587291
 0.5672699870179476
 0.5372225125637705
 0.5420652694030014
 0.5409547954305685
 0
 0
 0.7417958416361277
 0.8882395347822739
 0.557284069342641
 0.4939633262929445
 0.5314147685437889
 0.5513649734709626
 0.6187474866625388
 0.6483136515028211
 0.554072443125598
 0.5957747358960447
 0.5990450656813492
 0.5648946177756451
 0.5688543885067886
 0.5056094234617299
 0.5438743671862978
 0.5759803789842088
 0.5618345955091437
 0.5435823048817362
 0.4961561155282269
 0.5136056653259582
 0.5447202875178667
 0.5670993535244246
 0.584092405176723
 0.5940335998232343
 0.5647754615888269
 0.5421115722556085
 0.5393093319636751
 0.5434761505547494
 0
 0
 0.6910928555155506
 0.7924095647305069
 0.8122912211584724
 0.4999333374119286
 0.4645414322723505
 0.4794571289487097
 0.635682082094005
 0.6556026883454261
 0.5720210678259613
 0.5868195343730364
 0.5660842922363116
 0.5744135331533358
 0.5626414878821066
 0.4794896970491177
 0.5559060820788787
 0.60125459588631
 0.5758839600403518
 0.5311890373254383
 0.4832839468736189
 0.5244512346676141
 0.5813048938446976
 0.5599748794533637
 0.5601678327553381
 0.5751830271194581
 0.6103603669609654
 0.5522305448709387
 0.5799186413522394
 0.5920258981191181
 0
 0
 0.7892931470571475
 0.7470900667447936
 0.7115713712093482
 0.7155912313690231
 0.6498889809324637
 0.727394236136478
 0.826462918953712
 0.7607453723637697
 0.7136261444771514
 0.7360535438940522
 0.7164331568574644
 0.6687421299393245
 0.7540055469260855
 0.7255335941122428
 0.648026579700796
 0.6959671647207306
 0.6854449188303461
 0.6608112193965314
 0.683555031499119
 0.6721532199427741
 0.6813197128754073
 0.701997264535237
 0.7017169763135032
 0.6318418995906642
 0.6654569954556996
 0.6700661283392192
 0.6645159605851647
 0.6447562308374944
 0
 0
 0.6197812290747318
 0.7943996223057006
 0.6176411147960106
 0.544560832266004
 0.4916670758742697
 0.5424928448446972
 0.5842311022048957
 0.6552126659515148
 0.5466294487992054
 0.5860945588658776
 0.5913701533311364
 0.5647395448465238
 0.5860261328252083
 0.5040087531739784
 0.531807010333377
 0.579372711869406
 0.5556107321921449
 0.5430849732103298
 0.5117159120287296
 0.5229158758996908
 0.5521996522282965
 0.5788094327559599
 0.5994835602259057
 0.6064847824947011
 0.5730224457683647
 0.5453049696638158
 0.5482091727909477
 0.5499122561651028
 0
 0
 0.7234342054797522
 0.8862505283941685
 0.5291198868683628
 0.5961944090135465
 0.513977551548868
 0.5699327510717386
 0.6012029133898777
 0.6429955844601875
 0.5284249326755274
 0.5556362847134564
 0.576885041299085
 0.5534705757642482
 0.5609646307553294
 0.4990821039208556
 0.5401399090303881
 0.5773849289386798
 0.5652722065456048
 0.5380841548341497
 0.5070144352345548
 0.5230292984884115
 0.5611938846805828
 0.5838356996347497
 0.5932084685327654
 0.6026420176523481
 0.5738932359313322
 0.544110349237462
 0.5445503078563789
 0.553216188185887
 0
 0
 0.8137648531875969
 0.7165509254098932
 0.9193401802292961
 0.6225089038245062
 0.4771849288872682
 0.5566480544947576
 0.5986736635419246
 0.6415524812987939
 0.5342440734721242
 0.5737757787527163
 0.5847438474165706
 0.5562031071363637
 0.5591329288636133
 0.51972618827999
 0.531875812322719
 0.6363849356329432
 0.5558051282940736
 0.5359215963058247
 0.5009993968241327
 0.5114490397860216
 0.5523606958392655
 0.570806188198229
 0.5777430863576665
 0.5929229939719289
 0.5752593792039999
 0.5868009808276688
 0.5560166890935336
 0.542851712828727
 0
 0
 0.7892931470571475
 0.7465494348167836
 0.7216193638321903
 0.7502438470575398
 0.6567125392296107
 0.75230344730201
 0.8711363512704869
 0.7600147538497209
 0.7010971693324145
 0.7181939312078512
 0.6848662248827294
 0.6825213556857518
 0.6451636796340937
 0.6665954225957795
 0.6430611132836336
 0.6713277695516964
 0.6551053794869393
 0.6432820938180108
 0.6326824006594016
 0.6430925147869629
 0.6446675891710804
 0.6793377751717812
 0.6621915505507795
 0.745126167224038
 0.651985118104222
 0.640970262005967
 0.6639402671414033
 0.6477650008245156
 0
 0
 0
 0
 0
 0
 0
 0
 0
 0
 0
 0
 0
 0
 0
 0
 0
 0
 0
 0
 0
 0
 0
 0
 0
 0
 0
 0
 0
 0
 0
 0
 0
 0
 0
 0
 0
 0
 0
 0
 0
 0
 0
 0
 0
 0
 0
 0
 0
 0
 0
 0
 0
 0
 0
 0
 0
 0
 0
 0
 0
 0
 0
 0
 0
 0
 0
 0
 0
 0
 0
 0
 0
 0
 0
 0
 0
 0
 0
 0
 0
 0
 0
 0
 0
 0
 0
 0
 0
 0
 0
 0
 0
 0
 0
 0
 0
 0
 0
 0
 0
 0
 0
 0
 0
 0
 0
 0
 0
 0
 0
 0
 0
 0
 0
 0
 0
 0
 0
 0
 0
 0
 0
 0
 0
 0
 0
 0
 0
 0
 0
 0
 0
 0
 0
 0
 0
 0
 0
 0
 0
 0
 0
 0
 0
 0
 0
 0
 0
 0
 0
 0
 0.5469912626466272
 0.6841814037417216
 0.53886959772665
 0.5804291945044286
 0.5321483819240874
 0.5532514107439056
 0.6043260761217221
 0.6426171589240868
 0.5217658942634239
 0.5503479069184103
 0.5914505310132552
 0.552617708045276
 0.5674114859324749
 0.5009855547102283
 0.5348980599566432
 0.5756027024884389
 0.5653885745094978
 0.5385183733626482
 0.5064910366831784
 0.5275540170018269
 0.5607105942423242
 0.5793709044244284
 0.5934970252041141
 0.6012717557374393
 0.5715731797809228
 0.5401414390330521
 0.5435667325206236
 0.5512319782013837
 0
 0
 0
 0
 0
 0
 0
 0
 0
 0
 0
 0
 0
 0
 0
 0
 0
 0
 0
 0
 0
 0
 0
 0
 0
 0
 0
 0
 0
 0
 0
 0
 0
 0
 0
 0
 0
 0
 0
 0
 0
 0
 0
 0
 0
 0
 0
 0
 0
 0
 0
 0
 0
 0
 0
 0
 0
 0
 0
 0


