# Created by Octave 3.8.2, Fri Nov 20 23:17:07 2015 CET <dkottke@snake8>
# name: mus
# type: matrix
# ndims: 3
 1 30 19
 0
 0
 0.7167919799498751
 0.7222222222222222
 0.7316455696202532
 0.7297979797979798
 0.7192982456140353
 0.7066326530612245
 0.6938131313131316
 0.6897435897435898
 0.6976010101010098
 0.6287878787878788
 0.6207692307692307
 0.6690051020408162
 0.66025641025641
 0.7135416666666666
 0.7192384200056835
 0.7487373737373737
 0.7593984962406014
 0.8184210526315789
 0.8270676691729324
 0.8156565656565656
 0.7990906507530547
 0.7851562499999999
 0.7760000000000001
 0.767179487179487
 0.7715247715247715
 0.7653061224489794
 0.7643870372506054
 0.7820512820512818
 0
 0
 0.3333333333333333
 0.75
 0.6
 0.7
 0.8
 0.7
 0.9
 0.9
 0.8
 0.6666666666666666
 0.6666666666666666
 0.6666666666666667
 0.6666666666666666
 0.6
 0.7333333333333333
 0.7666666666666667
 0.75
 0.7
 0.71
 0.7
 0.52
 0.58
 0.72
 0.7
 0.7
 0.7933333333333333
 0.7866666666666667
 0.9
 0
 0
 0.6128261577175085
 0.7938737308167747
 0.6807502303422979
 0.7071174744094348
 0.8577728742635745
 0.7935399930687828
 0.8807399212343454
 0.9323631002053443
 0.8293274491162894
 0.7824464013420696
 0.8117368595161296
 0.6399261898580363
 0.6978097542215346
 0.8085925574674619
 0.8062677191461093
 0.7138845691598947
 0.7701502452833204
 0.7568400625361296
 0.7416477332936582
 0.8075213377358497
 0.774658601377255
 0.8364965818119161
 0.8422415616453741
 0.8485797501770389
 0.8890606421637676
 0.8768812010289879
 0.895972607091876
 0.8805987643717805
 0
 0
 0.4073541002031782
 0.6036877369080348
 0.6838175083370754
 0.6809100465884868
 0.7044835664222523
 0.8176347066467332
 0.7540137102997937
 0.7928458182267661
 0.7970740689090969
 0.73033025149789
 0.7470644330706665
 0.7106467880224584
 0.7211135615983871
 0.7365026227510231
 0.7805170722929041
 0.7411991256334901
 0.7691826701649456
 0.7352085959895589
 0.7724853353041458
 0.8061299766769379
 0.8322396417907879
 0.8519509276734493
 0.8632066256644719
 0.8668642461739765
 0.8770359785317989
 0.8803751050782108
 0.8907480596484136
 0.8798462399662128
 0
 0
 0.3333333333333333
 1
 0.8
 0.5
 0.7142857142857143
 0.875
 0.6666666666666666
 0.8
 0.8181818181818182
 0.75
 0.8461538461538461
 0.7777777777777778
 0.8
 1
 0.5
 0
 1
 1
 1
 1
 1
 1
 1
 1
 0
 0
 1
 1
 0
 0
 0.2766668806203251
 0.8662153517431772
 0.749598478335155
 0.6206819517464088
 0.6974261958341834
 0.8541305815754118
 0.6855718947449525
 0.8216704051736691
 0.7901474912325164
 0.7487986168036109
 0.802085294567463
 0.7458784767849398
 0.7587703958709485
 0.7798583592331585
 0.7136260938289095
 0.5964979327268457
 0.8248115510266021
 0.8005461785799483
 0.8318013784415084
 0.8260813972710364
 0.888434642761889
 0.8846037539143412
 0.8585852631874948
 0.9139782996051335
 0.7768411649578226
 0.7875693387225789
 0.9193473204023874
 0.8661236006385954
 0
 0
 0.3678794411714423
 0.6214281275665913
 0.7876193632233419
 0.7719189281781506
 0.7333924334550015
 0.7908872795749213
 0.8097855317252168
 0.8447104926950518
 0.8316304924299956
 0.7632481127492085
 0.7828472543115343
 0.6692239364933099
 0.7159040442728671
 0.710101573819238
 0.7302222305955985
 0.4778906442026707
 0.7431708279532899
 0.747339512862578
 0.7341301446416435
 0.7358383674043838
 0.7909366095850653
 0.8306241448764671
 0.8151666704194633
 0.8011522070871269
 0.7991893362947242
 0.8111648192503195
 0.8556273204394598
 0.8717629478843081
 0
 0
 0.4261332610563011
 0.6172231864750705
 0.6975060033522457
 0.6336809554378081
 0.6709648961412686
 0.7134004199765107
 0.7028939138796854
 0.7458353253365398
 0.7522703087165656
 0.6910648622107176
 0.6980252247002082
 0.6399162152114776
 0.651077155218311
 0.6390420312611296
 0.6832174299852829
 0.6582529580390056
 0.6716351175448187
 0.6511192715211194
 0.678287215563555
 0.7104209369693919
 0.735327818837084
 0.7551545070822205
 0.7811010582518364
 0.778351247335568
 0.7913004312612018
 0.7996179703020052
 0.8086658042675011
 0.7941055949141044
 0
 0
 1
 0.9262150125906728
 0.9489134338651074
 0.9573345036317897
 0.9332521695162315
 0.9253243971994126
 0.8892824005729077
 0.9273806847117509
 0.918480710728376
 0.9131868502275657
 0.9169012061552688
 0.9243247036669825
 0.9188041831217383
 0.9133442971415532
 0.905849686010056
 0.8999419530533023
 0.9045383524213211
 0.8951817983325422
 0.9093917813304669
 0.904425976168341
 0.9069744712120302
 0.8996995545892241
 0.9033670554068557
 0.8958098268251464
 0.9058144462703565
 0.9081352954051447
 0.9032846802761443
 0.9082096491926663
 0
 0
 0.241054067651377
 0.8034253977320557
 0.5808634067930548
 0.7115061364273282
 0.7498435866510851
 0.7911411634895897
 0.6874611871503968
 0.8811601872338969
 0.7590379976327032
 0.7199133067582869
 0.7514382069376456
 0.6766624438793392
 0.7211668042797093
 0.7321495909200126
 0.7967253798937813
 0.6280277466086961
 0.7609731139539948
 0.72471717045321
 0.7790459884236904
 0.8158162646636897
 0.8563235370437328
 0.8768386579059648
 0.8571342040503656
 0.8775660583184156
 0.8758269250211907
 0.8506180241040919
 0.91266156634997
 0.870456728708761
 0
 0
 0.3678794411714423
 0.6119443930920514
 0.7876193632266927
 0.8072902107765036
 0.7224384983362561
 0.7875684325757681
 0.8010884397869474
 0.7177021966870027
 0.7908579477216782
 0.7678561073458161
 0.8011091491245419
 0.6811110638734386
 0.7151849088150805
 0.6864627108794372
 0.7203815870445235
 0.7271653271153358
 0.7386521277238722
 0.7292746485409527
 0.7109883607624754
 0.7164516050177503
 0.7456536367701202
 0.8629612622769804
 0.7503017191024237
 0.8007974178319034
 0.7819894863656226
 0.9032690384578402
 0.7001008123615723
 0.8861639349153901
 0
 0
 0
 0
 0
 0
 0
 0
 0
 0
 0
 0
 0
 0
 0
 0
 0
 0
 0
 0
 0
 0
 0
 0
 0
 0
 0
 0
 0
 0
 0
 0
 0
 0
 0
 0
 0
 0
 0
 0
 0
 0
 0
 0
 0
 0
 0
 0
 0
 0
 0
 0
 0
 0
 0
 0
 0
 0
 0
 0
 0
 0
 0
 0
 0
 0
 0
 0
 0
 0
 0
 0
 0
 0
 0
 0
 0
 0
 0
 0
 0
 0
 0
 0
 0
 0
 0
 0
 0
 0
 0
 0
 0
 0
 0
 0
 0
 0
 0
 0
 0
 0
 0
 0
 0
 0
 0
 0
 0
 0
 0
 0
 0
 0
 0
 0
 0
 0
 0
 0
 0
 0
 0
 0
 0
 0
 0
 0
 0
 0
 0
 0
 0
 0
 0
 0
 0
 0
 0
 0
 0
 0
 0
 0
 0
 0
 0
 0
 0
 0
 0
 0
 0.918666289626257
 0.8926511955130392
 0.9290796081626147
 0.9178947366546915
 0.9336716447134951
 0.9305270353093793
 0.8837435896687678
 0.9166440966646319
 0.9097840940076233
 0.9200547037941528
 0.9139340980499689
 0.9352498357095699
 0.9042445041944315
 0.9068238158392319
 0.9190996949968784
 0.913582254453767
 0.9086985184572947
 0.9125888373911956
 0.9124502180441189
 0.8965913681288432
 0.906479726500891
 0.8934218482039987
 0.9034177931215776
 0.908483297944403
 0.9037748862204544
 0.9088916337992444
 0.9007210256275913
 0.9116174856701418
 0
 0
 0
 0
 0
 0
 0
 0
 0
 0
 0
 0
 0
 0
 0
 0
 0
 0
 0
 0
 0
 0
 0
 0
 0
 0
 0
 0
 0
 0
 0
 0
 0
 0
 0
 0
 0
 0
 0
 0
 0
 0
 0
 0
 0
 0
 0
 0
 0
 0
 0
 0
 0
 0
 0
 0
 0
 0
 0
 0


