# Created by Octave 3.8.2, Fri Nov 20 20:59:02 2015 CET <dkottke@mudflap>
# name: mus
# type: matrix
# ndims: 3
 1 30 19
 0
 0
 0.7585630743525478
 0.8921404682274248
 0.9447698744769879
 0.9430485762144061
 0.9429128376496803
 0.9211409395973155
 0.9415204678362566
 0.9487394957983195
 0.9482902418682229
 0.9553872053872055
 0.9489966555183939
 0.9504201680672272
 0.9527426160337551
 0.9543918918918919
 0.9546218487394953
 0.936868686868686
 0.9540517961570588
 0.957627118644068
 0.9515455304928983
 0.954545454545454
 0.9506688963210705
 0.9498299319727891
 0.9489361702127664
 0.9498327759197324
 0.9537037037037037
 0.9546485260770977
 0.9523663888676502
 0.9538461538461536
 0
 0
 0.3333333333333333
 0.5
 0.4
 0.8
 0.4
 0.2
 0.5
 0.4
 0.6333333333333333
 0.5333333333333333
 0.5333333333333333
 0.4333333333333333
 0.5333333333333333
 0.5
 0.7333333333333333
 0.65
 0.6166666666666666
 0.75
 0.71
 0.7899999999999999
 0.64
 0.6599999999999999
 0.72
 0.78
 0.7733333333333333
 0.7466666666666667
 0.62
 0.6333333333333333
 0
 0
 0.5150605163785167
 0.6903899303696861
 0.6297144617033273
 0.7172295572219656
 0.7010069756740922
 0.3383259237905033
 0.6403250380339705
 0.6865539579688904
 0.5919784339634413
 0.6456976537821583
 0.6368432406536702
 0.5258547823103915
 0.5123840014167342
 0.6317983699790158
 0.6765426839173914
 0.6472791821847946
 0.6178587863287038
 0.6692547314325885
 0.6175020078727937
 0.6304070392100158
 0.6123225095802685
 0.6376265030883816
 0.6381358289426994
 0.6635067610319885
 0.6617537560039646
 0.7021880176091236
 0.6659786747197161
 0.6774040026854078
 0
 0
 0.5000083326060535
 0.6508055562667791
 0.5183456681947187
 0.8474242291904936
 0.5745516454266117
 0.447801287987933
 0.5319656552285593
 0.5386339424804159
 0.564838252837227
 0.5600938456340974
 0.6371251745956679
 0.7225631583127612
 0.5414942906634642
 0.6206219538186012
 0.7584063144449644
 0.6283036920951847
 0.6704494010290057
 0.7379445219656965
 0.7353900806627434
 0.7457738004800346
 0.7029909475244545
 0.7044326575631785
 0.6873025635073902
 0.7394356718067858
 0.7475514243999829
 0.750997067763561
 0.7317424035301592
 0.69982141753279
 0
 0
 0
 0.5
 0.4
 1
 0.4285714285714285
 0.375
 0.5555555555555556
 0.6
 0.6363636363636364
 0.6666666666666666
 0.7692307692307693
 0.7777777777777778
 0.4
 0.6666666666666666
 0.5
 0
 0
 1
 1
 0
 0
 0
 1
 1
 0
 0
 1
 1
 0
 0
 1.663264085704128e-10
 0.5833333333416097
 0.44583343750059
 0.9583346313941916
 0.4583333344591373
 0.3809525446287175
 0.5307539706208082
 0.6011904804644743
 0.6276515242480811
 0.6628787942535467
 0.7364220116076088
 0.7401415225471462
 0.4616083182375655
 0.7078443163294618
 0.6307671567213035
 0.3992531323622748
 0.5357676553530479
 0.9220379605767507
 0.8835642849401711
 0.5798753087919584
 0.6262826791665589
 0.2530016117467853
 0.4895999646332705
 0.9278569080073557
 0.5104507840397012
 0.5625349729867568
 0.824550227190366
 0.7970760055213334
 0
 0
 0.5785862941142949
 0.4955400536677561
 0.6875378985594305
 0.8041906452822991
 0.6411724430308646
 0.5854719118177593
 0.6343161493682716
 0.6481960416911038
 0.5945850824058649
 0.6540272322541002
 0.6647150306237269
 0.6773642806543335
 0.6462651340172673
 0.6904850326381283
 0.746321356284482
 0.6859553603272903
 0.6833532007877559
 0.6769967711991616
 0.6758196294780439
 0.7485985431612222
 0.7068911121860084
 0.7115749539080294
 0.6664977132270913
 0.7740282102484571
 0.7045657378079262
 0.7183970428480588
 0.7107321077656802
 0.673817247488506
 0
 0
 0.5000083325189902
 0.6487500642493418
 0.5048206080789894
 0.7248584367709404
 0.6463377209064529
 0.5524209839244849
 0.538470770241216
 0.6072714839027582
 0.543518608567212
 0.5620030211937376
 0.5937550752012291
 0.6406133121933307
 0.5484243508294701
 0.6423014720066832
 0.6914854081645956
 0.600918535904391
 0.6633770978766476
 0.7065901035383009
 0.7064026954715462
 0.724387210429087
 0.6775310192481532
 0.6808885206367579
 0.673684257204072
 0.7070833451391016
 0.7148285991698574
 0.7189330704728929
 0.7220452261105205
 0.685756035524798
 0
 0
 1
 1
 1
 1
 1
 1
 1
 1
 1
 1
 1
 1
 1
 1
 1
 1
 1
 1
 1
 1
 1
 1
 1
 1
 1
 1
 1
 1
 0
 0
 1.146212197465777e-11
 0.5833333333516928
 0.4883408458308917
 0.6219367847551334
 0.474145418900395
 0.3869505411117538
 0.4766167074650906
 0.4885367184230257
 0.5743152621842716
 0.4997236815976988
 0.5816313989742256
 0.5396750773351812
 0.6486682330168239
 0.5961928950832266
 0.8006806349299481
 0.7044828205882356
 0.764177694003809
 0.8492494475573795
 0.7803982090852728
 0.7045738600828646
 0.8811783582051449
 0.6660802305917504
 0.7256777269979641
 0.7066573367978277
 0.8691301682588903
 0.8815113711415841
 0.5934049092793156
 0.7481576995917536
 0
 0
 0.5785862941142949
 0.5274815541535723
 0.6228629535219714
 0.7834455320631433
 0.6637294653600587
 0.6236208510141096
 0.754146575474768
 0.6257253933606349
 0.8761491798094516
 0.664675818083428
 0.7685690598271743
 0.9209583429092133
 0.6667797737241915
 0.8354709523122477
 0.7461798378941609
 0.7844882550978606
 0.8144098602573324
 0.7211132788519183
 0.7027090494673678
 0.776680741989939
 0.6265640794145649
 0.7474445158564187
 0.6992290825255977
 0.7650323775917165
 0.7720630702188027
 0.7552846781799047
 0.7720814098200495
 0.7641499296083959
 0
 0
 0
 0
 0
 0
 0
 0
 0
 0
 0
 0
 0
 0
 0
 0
 0
 0
 0
 0
 0
 0
 0
 0
 0
 0
 0
 0
 0
 0
 0
 0
 0
 0
 0
 0
 0
 0
 0
 0
 0
 0
 0
 0
 0
 0
 0
 0
 0
 0
 0
 0
 0
 0
 0
 0
 0
 0
 0
 0
 0
 0
 0
 0
 0
 0
 0
 0
 0
 0
 0
 0
 0
 0
 0
 0
 0
 0
 0
 0
 0
 0
 0
 0
 0
 0
 0
 0
 0
 0
 0
 0
 0
 0
 0
 0
 0
 0
 0
 0
 0
 0
 0
 0
 0
 0
 0
 0
 0
 0
 0
 0
 0
 0
 0
 0
 0
 0
 0
 0
 0
 0
 0
 0
 0
 0
 0
 0
 0
 0
 0
 0
 0
 0
 0
 0
 0
 0
 0
 0
 0
 0
 0
 0
 0
 0
 0
 0
 0
 0
 0
 0
 1
 1
 1
 1
 1
 1
 1
 1
 1
 1
 1
 1
 1
 1
 1
 1
 1
 1
 1
 1
 1
 1
 1
 1
 1
 1
 1
 1
 0
 0
 0
 0
 0
 0
 0
 0
 0
 0
 0
 0
 0
 0
 0
 0
 0
 0
 0
 0
 0
 0
 0
 0
 0
 0
 0
 0
 0
 0
 0
 0
 0
 0
 0
 0
 0
 0
 0
 0
 0
 0
 0
 0
 0
 0
 0
 0
 0
 0
 0
 0
 0
 0
 0
 0
 0
 0
 0
 0


