# Created by Octave 3.8.2, Fri Nov 20 23:39:25 2015 CET <dkottke@snake7>
# name: mus
# type: matrix
# ndims: 3
 1 30 19
 0
 0
 0.9214703425229743
 0.5652173913043478
 0.5213389121338913
 0.5234505862646563
 0.8888888888888894
 0.8699664429530202
 0.8922305764411015
 0.9420168067226894
 0.943286071726438
 0.9427609427609429
 0.9431438127090293
 0.947058823529412
 0.9443037974683541
 0.9442567567567568
 0.9444537815126044
 0.942760942760942
 0.9456975772765241
 0.9305084745762714
 0.9448621553884707
 0.9528619528619524
 0.9531772575250836
 0.9549319727891158
 0.9540425531914898
 0.949414715719063
 0.9469696969696968
 0.9444444444444445
 0.9456380457221494
 0.9461538461538458
 0
 0
 0.6666666666666666
 1
 1
 1
 0.8
 0.7
 0.8
 0.9
 0.9333333333333332
 0.9333333333333332
 0.9
 0.9333333333333332
 0.9333333333333332
 0.9333333333333332
 0.95
 0.9333333333333332
 0.95
 1
 1
 0.95
 0.96
 0.96
 0.96
 0.96
 0.9666666666666668
 0.96
 0.9666666666666668
 0.9
 0
 0
 0.6997427345564351
 0.9904224157753249
 0.8731458742486908
 0.9354979021603512
 0.7678218636873775
 0.8630405455871458
 0.8832853113004493
 0.9412127880289441
 0.8506081871501177
 0.8779949675600691
 0.9232780050848646
 0.9140758400496115
 0.9484271196521342
 0.9500580191590553
 0.9691207652615044
 0.9498633788360147
 0.9567079354467284
 0.9777357516585009
 0.9696673133463299
 0.9365082556112789
 0.9252762958222474
 0.9472189110431269
 0.9463064949126065
 0.9492215470076497
 0.9193988913483814
 0.9249051374778787
 0.9408569350401231
 0.9166710879220077
 0
 0
 0.913495410751356
 0.7192228675210965
 0.825486895946699
 0.7796714712149423
 0.7640675578285169
 0.825466297621315
 0.8441008103676355
 0.857623573158017
 0.8740468814066359
 0.8732389485336551
 0.8860222685355321
 0.9076942024246799
 0.9189094988639857
 0.9142046190946564
 0.9207548888747489
 0.9280087048065624
 0.9331728951096908
 0.9404665553711182
 0.9213051380085298
 0.895065620001565
 0.8952761855088209
 0.9011225212261912
 0.9068156614383388
 0.9081661443269435
 0.8903802651731251
 0.8878304122238574
 0.8846578976548249
 0.888500903700591
 0
 0
 0
 1
 1
 1
 1
 1
 0.7777777777777778
 0.8
 1
 0.8333333333333334
 1
 1
 0.8
 0.6666666666666666
 1
 1
 1
 1
 1
 1
 1
 1
 1
 1
 1
 1
 1
 1
 0
 0
 0.1666749241876072
 0.8044863295963477
 0.8711087780229149
 0.8567735715080422
 0.740109587118351
 0.7805749435553813
 0.8263178136911754
 0.8188336430328649
 0.9636667308054035
 0.8731251141240615
 0.8870724843544431
 0.9799842332851784
 0.9117151712734929
 0.8997487822206509
 0.9250361076690445
 0.9532584598200949
 0.9109416164617243
 0.9123653658418391
 0.9903404243415799
 0.9467505731363522
 0.8874806709349685
 0.927274067873727
 0.9178665870876639
 0.9478555444259816
 0.8642878814339511
 0.8670010456282448
 0.8233228200098858
 0.9672729672498608
 0
 0
 0.5785862941142949
 0.7334106691509797
 0.8702647044213707
 0.8250675645941279
 0.8801648976039383
 0.8323205865806553
 0.8223224398591199
 0.8607058377804075
 0.8791704078548673
 0.8696966400145832
 0.8835514393485895
 0.8796426039083949
 0.9134168899845306
 0.9901009434475359
 0.9335356559643734
 0.9248760959544292
 0.920521181153014
 0.9373846029308931
 0.8925883545258794
 0.8562368187913472
 0.9106549698956515
 0.8583700117962647
 0.8917321818461087
 0.9230286330168935
 0.8858342805722443
 0.878228156911559
 0.9338036687867837
 0.8431794136262857
 0
 0
 0.9110147538916556
 0.6318241665133639
 0.807813465323921
 0.706732979336636
 0.7912035859992264
 0.7845966514802206
 0.8322282549584417
 0.856381479616363
 0.8624934720988393
 0.8713754877718132
 0.8921145897509651
 0.9129800828804665
 0.9228323492614385
 0.9223275975826765
 0.9296443133709061
 0.9392543798822771
 0.9458094857309579
 0.9425368755752715
 0.9261071808496893
 0.9029396346195502
 0.9069601011350718
 0.9147056227808392
 0.9223092910388645
 0.9226457038618354
 0.8961859150675914
 0.9021952650667269
 0.904330651185243
 0.90323057620085
 0
 0
 0.9998471813422812
 0.9999998563634049
 0.9999999998512359
 0.9999999999544747
 0.9999999999999873
 1
 1
 1
 0.9999984448362474
 0.9999999986961341
 0.9966121519670916
 0.985566570461862
 0.9842015611741413
 0.9783394250634863
 0.969407213023775
 0.977511844212809
 0.9670407413602133
 0.9739893853891515
 0.9736595909350285
 0.9602927670122803
 0.9617433873961675
 0.9574547028068281
 0.9595043938484932
 0.9545438775356002
 0.9490256244750871
 0.9581643665148577
 0.9462518090391915
 0.9459805269691051
 0
 0
 0.1666648374756164
 0.6831238590323709
 0.8594055627610216
 0.7682172997904982
 0.8231816515811117
 0.8856235643279914
 0.8264369859862509
 0.8146989966897118
 0.8406295349859818
 0.8512961831365731
 0.8942373654030079
 0.927293766524534
 0.9718320979319049
 0.9291715650235747
 0.9232729201620645
 0.9643017857709871
 0.9514966647739301
 0.9298788011576966
 0.9843152627018102
 0.9069904559332856
 0.8846876924180167
 0.9764322627029933
 0.9773038853379139
 0.9624061055713851
 0.8955138826222365
 0.8946434024248852
 0.9285019035836179
 0.9356330772810193
 0
 0
 0.5785862941142949
 0.7388735797564354
 0.8416286594437178
 0.8041318925983583
 0.8721324567512735
 0.8400435931408434
 0.851769192497139
 0.8436417546883317
 0.8483646773342934
 0.85224383380022
 0.8836370038484715
 0.8643705706383852
 0.8892045629169117
 0.933310471360338
 0.9216562937260437
 0.9194675110032222
 0.9260460025049936
 0.9165029486183541
 0.8943695243221635
 0.8192017708207923
 0.8912405580602411
 0.8808747939627126
 0.8937100166559516
 0.9036045179455671
 0.8871477572365252
 0.9173053363109794
 0.9640446988404451
 0.8907525657340686
 0
 0
 0
 0
 0
 0
 0
 0
 0
 0
 0
 0
 0
 0
 0
 0
 0
 0
 0
 0
 0
 0
 0
 0
 0
 0
 0
 0
 0
 0
 0
 0
 0
 0
 0
 0
 0
 0
 0
 0
 0
 0
 0
 0
 0
 0
 0
 0
 0
 0
 0
 0
 0
 0
 0
 0
 0
 0
 0
 0
 0
 0
 0
 0
 0
 0
 0
 0
 0
 0
 0
 0
 0
 0
 0
 0
 0
 0
 0
 0
 0
 0
 0
 0
 0
 0
 0
 0
 0
 0
 0
 0
 0
 0
 0
 0
 0
 0
 0
 0
 0
 0
 0
 0
 0
 0
 0
 0
 0
 0
 0
 0
 0
 0
 0
 0
 0
 0
 0
 0
 0
 0
 0
 0
 0
 0
 0
 0
 0
 0
 0
 0
 0
 0
 0
 0
 0
 0
 0
 0
 0
 0
 0
 0
 0
 0
 0
 0
 0
 0
 0
 0
 0.9999693786124075
 0.9999999989417157
 0.9999999999979348
 1
 0.9999999947032771
 0.9999999993725067
 0.9999999966579144
 0.9999950284294163
 0.9997918855931152
 0.9994167297837316
 0.9934916656599844
 0.9777990074342459
 0.9835881132641733
 0.9817791107876135
 0.9658869235708853
 0.9768174819005372
 0.9679176609048797
 0.9646355513074534
 0.9696878792104593
 0.9648111478317022
 0.9612643814625914
 0.9560412125464078
 0.9547697559285032
 0.9577621136311032
 0.9473594622589743
 0.9570084892532634
 0.9527985001407139
 0.9510848131920731
 0
 0
 0
 0
 0
 0
 0
 0
 0
 0
 0
 0
 0
 0
 0
 0
 0
 0
 0
 0
 0
 0
 0
 0
 0
 0
 0
 0
 0
 0
 0
 0
 0
 0
 0
 0
 0
 0
 0
 0
 0
 0
 0
 0
 0
 0
 0
 0
 0
 0
 0
 0
 0
 0
 0
 0
 0
 0
 0
 0


