# Created by Octave 3.8.2, Fri Nov 20 19:59:01 2015 CET <dkottke@snake8>
# name: mus
# type: matrix
# ndims: 3
 1 30 19
 0
 0
 0.5346700083542189
 0.8795986622073578
 0.9364016736401682
 0.9388609715242886
 0.8688387635756063
 0.9236577181208053
 0.9264828738512938
 0.9563025210084042
 0.949124270225187
 0.954545454545455
 0.9431438127090294
 0.9300840336134456
 0.9122362869198306
 0.9459459459459459
 0.9361344537815123
 0.9494949494949488
 0.9314954051796149
 0.9161016949152545
 0.9356725146198827
 0.9351851851851848
 0.9188963210702348
 0.8979591836734695
 0.9004255319148941
 0.8490802675585284
 0.8274410774410772
 0.847363945578231
 0.8578637510513037
 0.8615384615384616
 0
 0
 0.3333333333333333
 0.25
 0.4
 0.3
 0.1
 0.6
 0.3
 0.4
 0.3666666666666666
 0.4
 0.4333333333333333
 0.4666666666666667
 0.5333333333333333
 0.6333333333333333
 0.7666666666666666
 0.6
 0.5166666666666666
 0.65
 0.72
 0.73
 0.7699999999999999
 0.75
 0.8
 0.7733333333333333
 0.7133333333333333
 0.74
 0.7933333333333333
 0.6333333333333333
 0
 0
 0.5728915143050286
 0.4397926887230228
 0.5281881597037202
 0.6839397205857212
 0.5355606844772722
 0.4937547958402144
 0.4421598169130724
 0.4034252206439488
 0.03057182332262176
 0.5869267193061631
 0.462874548211494
 0.5631837831457298
 0.6384861954190533
 0.6677547596412086
 0.5584565910395851
 0.5476953102583497
 0.5898263454782524
 0.6516424941001793
 0.6372449519509809
 0.5966839795057201
 0.6614930788029307
 0.6223490258716988
 0.649224016172911
 0.6178325610780696
 0.6966162827752247
 0.6661315472054951
 0.5989082905108013
 0.6729589028986669
 0
 0
 0.2360451491794779
 0.3128370448822385
 0.3243086567950001
 0.3070118363745604
 0.4451882642859334
 0.4292328099369718
 0.3571511676990154
 0.3407558995023334
 0.3382001661006256
 0.4290870612669057
 0.5139438149758777
 0.5188877988179708
 0.5471306038717727
 0.5299733910285611
 0.6083953557341242
 0.5905051206612545
 0.6219914374831704
 0.6398785721677946
 0.6106551135903021
 0.6226784144112458
 0.6552122290064133
 0.6784322194402714
 0.6982046207953406
 0.7213821003611265
 0.7374827723904082
 0.7162015516014905
 0.6804706031835122
 0.6373773961790714
 0
 0
 0
 0
 0.2
 0.1666666666666667
 0.4285714285714285
 1
 0.2222222222222222
 0.3
 0.5454545454545454
 0.6666666666666666
 0.7692307692307693
 0.2222222222222222
 0.8
 1
 0.5
 1
 1
 1
 1
 0
 1
 1
 1
 1
 1
 0
 0
 0
 0
 0
 0.08130096975627676
 0.06084896185117772
 0.263932337994824
 0.2473295907727048
 0.3759416364308624
 0.6975927912450703
 0.2634785615158429
 0.3439627157409755
 0.3989760534006431
 0.4947570045737751
 0.5616155073772995
 0.4491859129292567
 0.6178545605060444
 0.6830825724012772
 0.5624532651407288
 0.6800635713020594
 0.6548337261118113
 0.7253914475513445
 0.7565841507371119
 0.5241017127429233
 0.7297272261649557
 0.7358999178190662
 0.622222041590105
 0.7508054476789694
 0.7940902506026309
 0.6930078520259336
 0.4845557922094452
 0.5154161106785323
 0
 0
 0.7892931470571475
 0.6116043652545472
 0.6704245364003613
 0.6590556976629426
 0.6568964102480863
 0.6546918595283536
 0.5833928904931991
 0.615475489532385
 0.5810523804576213
 0.6263788058978574
 0.7071936486754333
 0.6457334150160176
 0.6640325512531969
 0.6355525667081272
 0.6631530143336912
 0.6377110888390021
 0.6670976494273981
 0.6651895363527208
 0.6653024779993375
 0.6791269755117648
 0.6882984122831111
 0.6895578378519486
 0.6680688299429658
 0.7284227934404054
 0.6818586963670904
 0.7242723864450571
 0.6975995347490136
 0.6426652976185498
 0
 0
 0.2373158289338457
 0.3011788574938885
 0.3079262926458249
 0.3856873808577114
 0.4177476437302263
 0.3902327873962753
 0.3805116858189989
 0.3998110448930042
 0.3535868998805102
 0.4439805004439109
 0.4950346996239229
 0.4939889108460754
 0.5183537292189679
 0.5200106210115848
 0.5631316355177874
 0.5466333257832705
 0.5768153612372653
 0.5857988678977052
 0.5594975711103388
 0.5708795795447072
 0.5933774495960116
 0.601039941890014
 0.6039836571565212
 0.6224198187268225
 0.6322800312433337
 0.6128826295943149
 0.6012956015339234
 0.5718873256593158
 0
 0
 0.960430249045459
 0.9083654630624661
 0.9290491770040259
 0.9063727242810599
 0.9028126874715473
 0.9188645220748276
 0.9092953233807596
 0.9090246385349413
 0.9076041898078673
 0.9264458226451155
 0.9314989726356987
 0.9225454622372098
 0.9134275554272916
 0.9116917725217993
 0.9024859932213268
 0.9144756906264399
 0.9076029354401027
 0.9064310308364427
 0.9115056465547499
 0.9056686592573444
 0.9077205360666206
 0.9043552286408036
 0.9031074221014577
 0.8983906999180036
 0.8867164080016625
 0.9173713497770324
 0.9187338672529135
 0.9077440197383099
 0
 0
 0.02112345581876807
 0.08951635549899717
 0.3164813005477679
 0.3069600044565571
 0.3984768759464369
 0.429857715167797
 0.308673256403443
 0.3577734521849334
 0.4159001559318954
 0.4389458260256928
 0.4395588439975986
 0.5038768266019422
 0.5413972146795148
 0.5850222000951768
 0.5467550144931309
 0.5811068886695177
 0.6393836019885233
 0.6605237603442908
 0.6422346911607376
 0.3368009409670695
 0.6726969628170187
 0.6842937640047038
 0.6983289608245355
 0.7120955690128534
 0.7166783880726252
 0.4527615367228332
 0.5819639738248453
 0.5637870998157848
 0
 0
 0.7892931470571475
 0.6281686520036471
 0.6572670209579323
 0.6341008265442707
 0.6415053205044746
 0.6598608262091097
 0.6574472696834045
 0.6140066666729646
 0.5377136925634916
 0.646174486428154
 0.6772886594720933
 0.8314703494956841
 0.634578224823378
 0.5985270805851218
 0.6718446101825366
 0.6323181547727649
 0.6390363503123986
 0.6442300810598478
 0.7794707499271671
 0.6403861978681038
 0.6948969260656859
 0.6675069906892563
 0.6619394271366652
 0.6837530315264434
 0.7463010718500481
 0.6736907336655783
 0.688750570877936
 0.6477173947981831
 0
 0
 0
 0
 0
 0
 0
 0
 0
 0
 0
 0
 0
 0
 0
 0
 0
 0
 0
 0
 0
 0
 0
 0
 0
 0
 0
 0
 0
 0
 0
 0
 0
 0
 0
 0
 0
 0
 0
 0
 0
 0
 0
 0
 0
 0
 0
 0
 0
 0
 0
 0
 0
 0
 0
 0
 0
 0
 0
 0
 0
 0
 0
 0
 0
 0
 0
 0
 0
 0
 0
 0
 0
 0
 0
 0
 0
 0
 0
 0
 0
 0
 0
 0
 0
 0
 0
 0
 0
 0
 0
 0
 0
 0
 0
 0
 0
 0
 0
 0
 0
 0
 0
 0
 0
 0
 0
 0
 0
 0
 0
 0
 0
 0
 0
 0
 0
 0
 0
 0
 0
 0
 0
 0
 0
 0
 0
 0
 0
 0
 0
 0
 0
 0
 0
 0
 0
 0
 0
 0
 0
 0
 0
 0
 0
 0
 0
 0
 0
 0
 0
 0
 0.853586448987146
 0.9451078778327653
 0.9419219915933918
 0.871523589024442
 0.9252446256855406
 0.9021072268147831
 0.9346544264087147
 0.917666044556102
 0.9095128892021795
 0.9181638928779385
 0.9057406965758933
 0.9213967453362039
 0.9129296073014519
 0.9063555422840067
 0.9078861693272366
 0.9105575583858658
 0.9038328853168378
 0.9105810694309647
 0.9134974291326042
 0.9116337583411136
 0.9093691741125687
 0.9095930986414242
 0.9041791218896197
 0.8958549231362233
 0.8970225320215574
 0.9058099056233507
 0.907325838073212
 0.8878463694123033
 0
 0
 0
 0
 0
 0
 0
 0
 0
 0
 0
 0
 0
 0
 0
 0
 0
 0
 0
 0
 0
 0
 0
 0
 0
 0
 0
 0
 0
 0
 0
 0
 0
 0
 0
 0
 0
 0
 0
 0
 0
 0
 0
 0
 0
 0
 0
 0
 0
 0
 0
 0
 0
 0
 0
 0
 0
 0
 0
 0


