# Created by Octave 3.8.2, Mon Nov 16 00:06:08 2015 CET <dkottke@snake2>
# name: mus
# type: matrix
# ndims: 3
 1 30 19
 0
 0
 0.6215538847117792
 0.5176767676767676
 0.5291139240506327
 0.5820707070707071
 0.6315789473684211
 0.6862244897959183
 0.737373737373738
 0.7333333333333333
 0.7398989898989897
 0.717171717171717
 0.7412820512820514
 0.7276785714285714
 0.7435897435897437
 0.7369791666666666
 0.7419721511793123
 0.7449494949494948
 0.7493734335839599
 0.7368421052631579
 0.6992481203007518
 0.736111111111111
 0.7402671213412901
 0.7343750000000001
 0.7333333333333333
 0.7312820512820511
 0.7324434824434826
 0.7257653061224489
 0.7292123169184639
 0.7384615384615384
 0
 0
 0.6666666666666666
 1
 0.8
 0.6
 0.8
 0.9
 0.9
 0.8
 0.8
 0.8333333333333333
 0.8666666666666666
 0.6666666666666666
 0.6
 0.7999999999999999
 0.7
 0.6666666666666667
 0.85
 0.75
 0.9
 0.76
 0.71
 0.82
 0.8
 0.8133333333333332
 0.9199999999999999
 0.9
 0.9333333333333332
 0.9666666666666668
 0
 0
 0.6478185457955179
 0.8350989846534198
 0.760152837607604
 0.8103638323514327
 0.839862791763432
 0.8577728742635745
 0.925620480911173
 0.8434448082634605
 0.8251133120574324
 0.7339358118044845
 0.8111163568262285
 0.7818634761669744
 0.7964649432089871
 0.8270548252024058
 0.7656035493881216
 0.7690418410328935
 0.761922349733128
 0.7704470187017309
 0.7871182952793041
 0.7602235011329302
 0.8359423672874651
 0.8056436576109061
 0.8228750189115892
 0.8355400708132328
 0.8006043067958645
 0.7302708253117562
 0.867010638486907
 0.8404410250593749
 0
 0
 0.7639230992087837
 0.5788349392900445
 0.7400898764629465
 0.683957212150154
 0.7467501483949439
 0.7739367898612771
 0.8041278121783721
 0.7157948941589273
 0.70560321600973
 0.6737028138675394
 0.6595375705226706
 0.6744053627602165
 0.6716226941157105
 0.6762458509700519
 0.682378843673619
 0.6778777894663136
 0.6825221749256656
 0.6906522758091178
 0.691728530777179
 0.6962506628834019
 0.7024905399252981
 0.7141876299222187
 0.7249559464392334
 0.7332424783976
 0.7193771888440127
 0.725413846409704
 0.7416004902678962
 0.7507082250010916
 0
 0
 0.6893538804005156
 0.6944287360374375
 0.5985344917357787
 0.6857208958001186
 0.7704914105969604
 0.7636037556364927
 0.8018410834654508
 0.7262513162599437
 0.7036032849621064
 0.6638388817687517
 0.6564003179340199
 0.6672465087308201
 0.6575098576620707
 0.6657564219778843
 0.663998449925002
 0.6817712719393797
 0.6723709715952358
 0.6831071762881329
 0.6931557559721465
 0.6954529990472524
 0.7015896479123398
 0.7135784730036252
 0.7230970338318329
 0.7361926122626519
 0.7183868582774551
 0.724463614487691
 0.7421467716769214
 0.7546100966797289
 0
 0
 0.4166604149403476
 0.594590445966943
 0.6041666666667966
 0.677387064684903
 0.731460677438129
 0.7872006373752353
 0.7782005614934162
 0.7646926850829303
 0.7601936130197456
 0.6589768245902292
 0.6576064580575594
 0.6511453156121381
 0.6623461050932411
 0.732643868214382
 0.7983602486017377
 0.693506134783703
 0.6389944979788968
 0.6167925541842174
 0.72553082654521
 0.7205381716600062
 0.6762578225406086
 0.7103399173521074
 0.7395993095556055
 0.7267109302651185
 0.7319954792329246
 0.7195573115954994
 0.7602876386480965
 0.722175460540122
 0
 0
 0.5785862941142949
 0.601008664450043
 0.6808519238506238
 0.7127107479070042
 0.7436985028165606
 0.742473648515541
 0.7874585165347805
 0.7518803446172717
 0.7758143990908869
 0.698263540310886
 0.8027093194743367
 0.745674839930567
 0.7671783406906251
 0.7456220874541971
 0.791878245471184
 0.8725724830203836
 0.7605841057758951
 0.776302157673498
 0.7857932316494156
 0.8020185003365211
 0.7743092512035736
 0.7702109206977079
 0.8209417047887139
 0.7997325350222163
 0.8029788630829303
 0.8208166667367343
 0.7799330382765082
 0.8008081345261089
 0
 0
 0.7931647669008703
 0.5371115840986224
 0.761991216539518
 0.7096492266350776
 0.7029991645148699
 0.7060430163464723
 0.7709253334974796
 0.7661911598055978
 0.7382593442472005
 0.7064612073580122
 0.7140056084867826
 0.6953062356276983
 0.7034607566882349
 0.7102686416957154
 0.7105353691826379
 0.7103997755170478
 0.7226925051186556
 0.7273750526741849
 0.7283434540341759
 0.7374805599226786
 0.7388613858553337
 0.7538799321017018
 0.7549225408096427
 0.7629690564246293
 0.7344930660184712
 0.7495736947051862
 0.7679286964749829
 0.7738399124207642
 0
 0
 0.7195589241125817
 0.6543879695083107
 0.6023635890987862
 0.7224161566007967
 0.7388176639425864
 0.7128197498203106
 0.7553497207846623
 0.7687501648672069
 0.7545258168771038
 0.6906872907885696
 0.6987501767324847
 0.7011106338481232
 0.6903729801953562
 0.7037312610210545
 0.6962970119611579
 0.7108377737513751
 0.7203106164259321
 0.7273578323142371
 0.7236926168168806
 0.7336547926663933
 0.7313627375335887
 0.7500244716150544
 0.7496129807697374
 0.7686704724194252
 0.7329793047773857
 0.7514641313783504
 0.7555884463136805
 0.7764651032756316
 0
 0
 0.4166590588698416
 0.5758695433031995
 0.6075508418858813
 0.679471926359991
 0.6815818345674135
 0.7481219944370715
 0.8255275906534193
 0.7673606956385736
 0.7276554704104969
 0.728685493770526
 0.6879423540336813
 0.7123920609244356
 0.6996961872948479
 0.7003098797414512
 0.6997505613084773
 0.7512960434474012
 0.7027568433050795
 0.7148620881091494
 0.7209868315638006
 0.755956815726473
 0.733993521622837
 0.7482588540549506
 0.7515331959623935
 0.7699531464790117
 0.7383763526376289
 0.7519892314331862
 0.7512487616040456
 0.7679790568686603
 0
 0
 0.5785862941142949
 0.6328314247609577
 0.6397090718960384
 0.7036106367875945
 0.7229754116031815
 0.7212687019835095
 0.7665637433851999
 0.7526144368772173
 0.7233238729486343
 0.7375865215738453
 0.7733723304366725
 0.7588478623204474
 0.7453244014079605
 0.7648484367735144
 0.756538244154318
 0.7477093380869508
 0.7606124981937203
 0.7723307095712149
 0.7886277166336262
 0.8143229896351502
 0.8081656813284124
 0.8047882337614902
 0.7881028391048567
 0.8003100924324472
 0.7873992326889656
 0.7944043479327131
 0.7952415378148184
 0.7991471877107182
 0
 0
 0
 0
 0
 0
 0
 0
 0
 0
 0
 0
 0
 0
 0
 0
 0
 0
 0
 0
 0
 0
 0
 0
 0
 0
 0
 0
 0
 0
 0
 0
 0
 0
 0
 0
 0
 0
 0
 0
 0
 0
 0
 0
 0
 0
 0
 0
 0
 0
 0
 0
 0
 0
 0
 0
 0
 0
 0
 0
 0
 0
 0
 0
 0
 0
 0
 0
 0
 0
 0
 0
 0
 0
 0
 0
 0
 0
 0
 0
 0
 0
 0
 0
 0
 0
 0
 0
 0
 0
 0
 0
 0
 0
 0
 0
 0
 0
 0
 0
 0
 0
 0
 0
 0
 0
 0
 0
 0
 0
 0
 0
 0
 0
 0
 0
 0
 0
 0
 0
 0
 0
 0
 0
 0
 0
 0
 0
 0
 0
 0
 0
 0
 0
 0
 0
 0
 0
 0
 0
 0
 0
 0
 0
 0
 0
 0
 0
 0
 0
 0
 0
 0.4577321064950778
 0.5889413631185413
 0.5654243869830955
 0.6886798318298371
 0.740422520051029
 0.7054114767129424
 0.7482551097472314
 0.772208116613943
 0.7546560592400291
 0.6925502189495932
 0.7021123383121224
 0.7023991069376039
 0.6935910241652532
 0.7023786315031193
 0.6956054762355177
 0.7123599651552447
 0.7183549658875491
 0.7304079418627741
 0.7232895156803514
 0.7317469887177067
 0.7320601645806675
 0.7527285457369506
 0.7524386150723332
 0.7685566353310395
 0.7347096927461538
 0.7492046608742039
 0.7585543370313497
 0.7712573292823528
 0
 0
 0
 0
 0
 0
 0
 0
 0
 0
 0
 0
 0
 0
 0
 0
 0
 0
 0
 0
 0
 0
 0
 0
 0
 0
 0
 0
 0
 0
 0
 0
 0
 0
 0
 0
 0
 0
 0
 0
 0
 0
 0
 0
 0
 0
 0
 0
 0
 0
 0
 0
 0
 0
 0
 0
 0
 0
 0
 0


