# Created by Octave 3.8.2, Fri Nov 20 20:47:00 2015 CET <dkottke@snake9>
# name: mus
# type: matrix
# ndims: 3
 1 30 19
 0
 0
 0.5421888053467
 0.729933110367893
 0.7439330543933057
 0.7026800670016751
 0.6641604010025057
 0.636744966442953
 0.6390977443609026
 0.847899159663866
 0.8607172643869884
 0.8611111111111112
 0.8520066889632097
 0.8470588235294118
 0.8092827004219407
 0.8361486486486487
 0.8389075630252094
 0.8257575757575756
 0.8251183514341408
 0.8457627118644067
 0.8203842940685047
 0.8292648709315372
 0.8221153846153848
 0.832482993197279
 0.8161702127659577
 0.8285953177257521
 0.8265993265993266
 0.8198696145124719
 0.8194816117440169
 0.8153846153846153
 0
 0
 0.3333333333333333
 0.5
 0.8
 0.8
 0.8
 1
 0.9
 0.7
 0.6333333333333333
 0.7666666666666667
 0.5333333333333334
 0.6
 0.7333333333333333
 0.6833333333333333
 0.65
 0.7333333333333333
 0.5
 0.6
 0.6799999999999999
 0.76
 0.78
 0.78
 0.8
 0.8133333333333332
 0.8266666666666665
 0.8133333333333332
 0.82
 0.8333333333333333
 0
 0
 0.5961451985261993
 0.4754086224946868
 0.8024623253660758
 0.8430448952568548
 0.883738976380438
 0.9146637245581447
 0.7686403959254284
 0.6558506542623077
 0.6327455405145195
 0.6924737540478725
 0.7035778056422244
 0.7095856127272565
 0.6753700871919317
 0.7128507090475267
 0.646807710246575
 0.6864761332327418
 0.6477131547769388
 0.6444237480085087
 0.6756095798873947
 0.6992329407688509
 0.7315852741535906
 0.7389034021894032
 0.7770470322246801
 0.7606871897909881
 0.7355052057415303
 0.7755436172201797
 0.8027672812930092
 0.8128718571830444
 0
 0
 0.3492967901245038
 0.2956886294808615
 0.8168910621166628
 0.8130794186536622
 0.9056611500933742
 0.9323938454203404
 0.8739252211882834
 0.7151661004642463
 0.6695110166777347
 0.7266171841824974
 0.6847138938955691
 0.7546398053444071
 0.6626824665448847
 0.6407524830082497
 0.6007291387739131
 0.6581115116368733
 0.6103256363543589
 0.6728087688751231
 0.7015975522785377
 0.7228946669747148
 0.7621672736600235
 0.7666023266192311
 0.796290976396842
 0.7981945782321381
 0.7941986109092809
 0.8212681084152442
 0.8122101873076815
 0.8239230500862329
 0
 0
 0.3333333333333333
 0.25
 0.8
 0.8333333333333334
 1
 1
 0.7777777777777778
 0.7
 0.5454545454545454
 0.6666666666666666
 0.5384615384615384
 0.7777777777777778
 0.8
 1
 0.5
 1
 0
 0
 1
 1
 1
 1
 1
 1
 1
 0
 1
 1
 0
 0
 0.3333333333391902
 0.1519607843172954
 0.7765488760868074
 0.9235543628677406
 0.9665798541030137
 0.9554576273597905
 0.8471062758814301
 0.7071475333430968
 0.645881859294442
 0.6867497113932624
 0.638967708556833
 0.7347275386797467
 0.6710916404292036
 0.754607870484204
 0.6083569438243511
 0.7504533228330488
 0.5228375039486828
 0.6045198802990103
 0.8035227363024313
 0.7097047062834066
 0.7878021870959178
 0.843219583032378
 0.7522790090482186
 0.8946472523487117
 0.7374703088750723
 0.7601823832741132
 0.8989339756962003
 0.9145565084415571
 0
 0
 0.7892931470571475
 0.4522119084220831
 0.6417548094327149
 0.7524517652797088
 0.8396407417549278
 0.8414720670546653
 0.8022465300597206
 0.7286680292311574
 0.680425354655616
 0.8043451037916344
 0.7829236544387232
 0.7937410899125183
 0.7446469738342719
 0.6967824757979816
 0.6951757471740769
 0.7358962803683209
 0.7019999020335854
 0.7088889729444262
 0.7143455331565058
 0.7194782690602194
 0.6979309703170062
 0.7159985684154719
 0.737269167589257
 0.7256284651102494
 0.728977945913341
 0.7800243210607518
 0.7429275750892177
 0.8160905010305706
 0
 0
 0.3236738231242603
 0.2923196846927261
 0.7589657207409559
 0.7922935856743671
 0.8806979989348723
 0.8774892872735786
 0.8244000720728724
 0.6987102707833504
 0.6574083738535297
 0.6963098759937255
 0.6464999943359787
 0.7108920190897082
 0.6409263666525027
 0.6339991090461018
 0.6006279361295329
 0.6379665273359408
 0.6032424024881705
 0.644189211154233
 0.6370502259721512
 0.6683442837272258
 0.6805842510108988
 0.702263814596451
 0.7233543630193978
 0.7208817619997607
 0.7224972516027036
 0.7492809316531132
 0.7359599906968771
 0.7424591100980376
 0
 0
 0.9623967110733691
 0.9553263503152787
 0.9018545851353246
 0.9270991837241217
 0.9220797648728316
 0.9346571578149055
 0.9150862159167531
 0.9302040117972981
 0.921480988762998
 0.9108949033690537
 0.9165228580754119
 0.9129592870411101
 0.9203708455069903
 0.9112410766467862
 0.9163728895562752
 0.9045227193122862
 0.9124575764494024
 0.9047551853131078
 0.9078597916749432
 0.9019075633965117
 0.9079946423274482
 0.8993940909186813
 0.9062867012295542
 0.8961389153657026
 0.9131181322601649
 0.9010097069146062
 0.8945192053888679
 0.9103501787541216
 0
 0
 0.3333333333964276
 0.1519607843171086
 0.7556489166178904
 0.9513628426389935
 0.9699491701169759
 0.8327164099574523
 0.9179104063909342
 0.64484344960035
 0.6624443957827219
 0.6990796835903694
 0.6726797500836522
 0.7110638160141765
 0.6493433220674235
 0.6404788679557963
 0.6195665177626304
 0.6447336262248269
 0.6294249051299344
 0.6612624080430896
 0.6841996344527762
 0.7097794358695695
 0.7565201940886364
 0.7355982585259103
 0.7851704688025958
 0.7640806331191332
 0.7820211817642502
 0.7802785676336207
 0.7901915779246047
 0.7996808642755142
 0
 0
 0.7892931470571475
 0.4484573083753367
 0.6484870022430478
 0.721029152230078
 0.8342014421772606
 0.8332888125042133
 0.7876901381244098
 0.723815548565202
 0.7401990431382349
 0.7842729337199694
 0.7812993498357769
 0.8790862292653197
 0.771789062850846
 0.6652260149007049
 0.711997185894343
 0.7290002553299871
 0.7234797614102835
 0.5713911236622971
 0.7022495458799054
 0.7127290904872094
 0.6863423408306184
 0.7111970555281795
 0.7450877240609538
 0.7205049659433923
 0.7303223480237179
 0.4187816226122689
 0.751946721340701
 0.8449251819795188
 0
 0
 0
 0
 0
 0
 0
 0
 0
 0
 0
 0
 0
 0
 0
 0
 0
 0
 0
 0
 0
 0
 0
 0
 0
 0
 0
 0
 0
 0
 0
 0
 0
 0
 0
 0
 0
 0
 0
 0
 0
 0
 0
 0
 0
 0
 0
 0
 0
 0
 0
 0
 0
 0
 0
 0
 0
 0
 0
 0
 0
 0
 0
 0
 0
 0
 0
 0
 0
 0
 0
 0
 0
 0
 0
 0
 0
 0
 0
 0
 0
 0
 0
 0
 0
 0
 0
 0
 0
 0
 0
 0
 0
 0
 0
 0
 0
 0
 0
 0
 0
 0
 0
 0
 0
 0
 0
 0
 0
 0
 0
 0
 0
 0
 0
 0
 0
 0
 0
 0
 0
 0
 0
 0
 0
 0
 0
 0
 0
 0
 0
 0
 0
 0
 0
 0
 0
 0
 0
 0
 0
 0
 0
 0
 0
 0
 0
 0
 0
 0
 0
 0
 0.847727284816745
 0.9289124627876679
 0.9283213192590797
 0.9264899232492332
 0.9054741857107568
 0.9112604660576903
 0.9222061079494906
 0.9309644224866817
 0.9129444255518024
 0.9231884090510021
 0.9255028756184417
 0.9067567948341194
 0.9214208406632916
 0.9098333812952387
 0.9087244267383755
 0.9127187940849609
 0.9147110926760316
 0.90857765716848
 0.8940302950716181
 0.8990897455006016
 0.9010194034157847
 0.9042197940389788
 0.9052790686764426
 0.9000901871814447
 0.8956165783224949
 0.9098336284123627
 0.9028693025759276
 0.8987893922025563
 0
 0
 0
 0
 0
 0
 0
 0
 0
 0
 0
 0
 0
 0
 0
 0
 0
 0
 0
 0
 0
 0
 0
 0
 0
 0
 0
 0
 0
 0
 0
 0
 0
 0
 0
 0
 0
 0
 0
 0
 0
 0
 0
 0
 0
 0
 0
 0
 0
 0
 0
 0
 0
 0
 0
 0
 0
 0
 0
 0


