# Created by Octave 3.8.2, Fri Nov 20 22:28:13 2015 CET <dkottke@snake3>
# name: mus
# type: matrix
# ndims: 3
 1 30 19
 0
 0
 0.8792270531400964
 0.3317307692307692
 0.3268292682926828
 0.7843137254901963
 0.5123152709359606
 0.4567307692307692
 0.9806763285024155
 0.9800000000000001
 0.985645933014354
 0.9852941176470589
 0.9855769230769231
 0.9846938775510204
 0.9846153846153847
 0.9951923076923077
 0.9901960784313726
 0.9898989898989899
 0.9904306220095694
 0.99
 0.9894179894179894
 0.9898989898989901
 0.9903381642512077
 0.9895833333333334
 0.99
 0.9903846153846154
 0.9894179894179894
 0.9948979591836735
 0.9901477832512315
 0.9944444444444445
 0
 0
 0.6666666666666666
 0.5
 0.8
 0.7
 0.3
 0.5
 0.5
 0.4
 0.6333333333333333
 0.6
 0.5666666666666667
 0.4333333333333333
 0.6
 0.5666666666666667
 0.5333333333333333
 0.5666666666666667
 0.8
 0.8
 0.86
 0.86
 0.82
 0.8400000000000001
 0.8400000000000001
 0.8466666666666667
 0.8533333333333333
 0.7533333333333333
 0.6599999999999999
 0.6333333333333333
 0
 0
 0.7278369816154822
 0.8454816411752415
 0.8795960840326557
 0.6733597790387177
 0.6670831723502929
 0.6721401368209214
 0.5817872341745611
 0.5796006318217762
 0.4472108476412511
 0.527346960033406
 0.6168706604918563
 0.6649533274422591
 0.5980008553512683
 0.6772469356365852
 0.65431244541079
 0.7092551895200556
 0.651734753667611
 0.7406525924672325
 0.7899684106301431
 0.7856450664211049
 0.7887086361241409
 0.8169769122208159
 0.849178740759444
 0.8280800581187031
 0.8582978817197437
 0.7936580131409482
 0.7477888350821476
 0.7214661391646935
 0
 0
 0.6111194437055618
 0.6379100702548923
 0.8777800583915412
 0.6354301399507211
 0.5375422845382851
 0.583365762309306
 0.3964809565995701
 0.5138532491586851
 0.6357541215211254
 0.6449380956428356
 0.6011843567689915
 0.6769472969980724
 0.7111613628577781
 0.6403097008875283
 0.6496959351088728
 0.7283932892524542
 0.8208893116647951
 0.8290360461119463
 0.8162990998140195
 0.8339675344975026
 0.8332426994758498
 0.8689714678444002
 0.8860849876197977
 0.8771781839143555
 0.8887955485462526
 0.8491824846402813
 0.8590876301086229
 0.8390734325040711
 0
 0
 0.6666666666666666
 0.25
 1
 0.5
 0.5714285714285714
 0.625
 0.4444444444444444
 0.3
 0.5454545454545454
 0.4166666666666667
 0.5384615384615384
 0.5555555555555556
 0.6
 0.6666666666666666
 0.5
 0
 1
 1
 1
 1
 1
 1
 1
 1
 1
 0
 1
 1
 0
 0
 0.8000599940331117
 0.3333337500018294
 1.050000093595319
 0.6166666669559934
 0.4726190486072684
 0.6071428584581562
 0.4216269881625702
 0.3704375315524175
 0.6215909184138296
 0.5239916544815363
 0.560839236362364
 0.5586484593976372
 0.6571998766597322
 0.6991828255109028
 0.5827422103692642
 0.4744428900636459
 0.9561828802953626
 0.8264115665232369
 1.024879146019361
 1.032026811321163
 0.9991395046901193
 0.8340293586955736
 0.885939976891852
 1.04166666765658
 0.8437515261004959
 0.6041691097908953
 0.8749984900602922
 1.000000006289294
 0
 0
 0.5785862941142949
 0.8178466256398733
 0.7549671902296715
 0.7097153737813077
 0.6612316435643701
 0.7158254186989843
 0.5910448179797959
 0.6290724957998658
 0.655554889412642
 0.6310335332809448
 0.6379355319135539
 0.7336330955546841
 0.7154788609642053
 0.8597157199810193
 0.7076766254027549
 0.7428073970785214
 0.8040026926599331
 0.878017436803631
 0.8100136265324293
 0.8288491361711439
 0.8428644202467392
 0.8202619144390852
 0.9367130839406607
 0.8769058783248584
 0.8656696417891816
 0.8462145805679474
 0.8708303144664212
 0.825991859961888
 0
 0
 0.6111194436409867
 0.5698411137787982
 0.7579857541330963
 0.7128620240664421
 0.5696023749810805
 0.5592161279403703
 0.4374745258428002
 0.5188960441726467
 0.6037155271137598
 0.620625027736042
 0.6178712502268655
 0.6129987534984841
 0.663253351308452
 0.6677686629229741
 0.6460137981450542
 0.7055854283787019
 0.7732788577664189
 0.8020013417803896
 0.8047384102410986
 0.8328834208138701
 0.8173852621317602
 0.862814179004883
 0.8648907599112201
 0.8755126462853907
 0.8899843905648276
 0.8251001106840924
 0.812348200453447
 0.8036340639404378
 0
 0
 1
 1
 1
 1
 1
 1
 1
 1
 1
 1
 1
 1
 1
 1
 1
 1
 1
 1
 1
 1
 1
 1
 1
 1
 1
 1
 1
 1
 0
 0
 0.8000599942817337
 0.3578473035499662
 0.9676941640147992
 0.7720205651979389
 0.4220392057360832
 0.4730958322101383
 0.3623563765280711
 0.4382087958915252
 0.578276643645776
 0.6481005160651259
 0.6629736880993737
 0.5537974216496427
 0.7771461418324848
 0.5729704397433224
 0.6092339714496504
 0.8483724182413236
 0.8773462542131119
 0.7150834030461717
 0.8912716133094805
 0.9008994827571433
 0.8265331878430581
 0.8158202646213565
 0.8294273920557902
 1.084844317652251
 1.029829842534245
 0.7480102295163203
 0.876038865825234
 1.000000000000048
 0
 0
 0.5785862941142949
 0.8178466263457594
 0.7745009642706928
 0.6450187185637073
 0.6673387975381355
 0.6454068450063262
 0.6267747113829231
 0.6217006553237321
 0.6882192184617369
 0.6594801000889331
 0.6627830997486512
 0.7514714229957982
 0.9022578182626927
 0.854475659416396
 0.6997602861053879
 0.9182353717460555
 0.748360860930473
 0.8707252386997444
 0.886740921409539
 0.9514432056780712
 0.9299522646835615
 0.9012339867107499
 0.8413780869871239
 0.9444127039528489
 0.8838119927156054
 0.9197878172837497
 0.8207951282014507
 0.9080899027135817
 0
 0
 0
 0
 0
 0
 0
 0
 0
 0
 0
 0
 0
 0
 0
 0
 0
 0
 0
 0
 0
 0
 0
 0
 0
 0
 0
 0
 0
 0
 0
 0
 0
 0
 0
 0
 0
 0
 0
 0
 0
 0
 0
 0
 0
 0
 0
 0
 0
 0
 0
 0
 0
 0
 0
 0
 0
 0
 0
 0
 0
 0
 0
 0
 0
 0
 0
 0
 0
 0
 0
 0
 0
 0
 0
 0
 0
 0
 0
 0
 0
 0
 0
 0
 0
 0
 0
 0
 0
 0
 0
 0
 0
 0
 0
 0
 0
 0
 0
 0
 0
 0
 0
 0
 0
 0
 0
 0
 0
 0
 0
 0
 0
 0
 0
 0
 0
 0
 0
 0
 0
 0
 0
 0
 0
 0
 0
 0
 0
 0
 0
 0
 0
 0
 0
 0
 0
 0
 0
 0
 0
 0
 0
 0
 0
 0
 0
 0
 0
 0
 0
 0
 1
 1
 1
 1
 1
 1
 1
 1
 1
 1
 1
 1
 1
 1
 1
 1
 1
 1
 1
 1
 1
 1
 1
 1
 1
 1
 1
 1
 0
 0
 0
 0
 0
 0
 0
 0
 0
 0
 0
 0
 0
 0
 0
 0
 0
 0
 0
 0
 0
 0
 0
 0
 0
 0
 0
 0
 0
 0
 0
 0
 0
 0
 0
 0
 0
 0
 0
 0
 0
 0
 0
 0
 0
 0
 0
 0
 0
 0
 0
 0
 0
 0
 0
 0
 0
 0
 0
 0


