# Created by Octave 3.8.2, Sun Nov 15 22:47:21 2015 CET <dkottke@snake4>
# name: mus
# type: matrix
# ndims: 3
 1 30 19
 0
 0
 0.5187969924812035
 0.5176767676767676
 0.5139240506329115
 0.7398989898989899
 0.7593984962406014
 0.7372448979591837
 0.7550505050505052
 0.7076923076923077
 0.7645202020202017
 0.8409090909090911
 0.8300000000000003
 0.8303571428571429
 0.8615384615384619
 0.8020833333333334
 0.7979539641943734
 0.811868686868687
 0.794486215538847
 0.7684210526315789
 0.7819548872180451
 0.8459595959595959
 0.8320545609548166
 0.8867187499999998
 0.8693333333333335
 0.8251282051282054
 0.9273689273689273
 0.8839285714285714
 0.8852496828508823
 0.8666666666666667
 0
 0
 0.6666666666666666
 1
 0.6
 0.2
 0.5
 0.4
 0.3
 0.5
 0.3
 0.4666666666666666
 0.5999999999999999
 0.4
 0.5999999999999999
 0.7
 0.7833333333333333
 0.7833333333333333
 0.75
 0.85
 0.82
 0.72
 0.6900000000000001
 0.54
 0.6399999999999999
 0.66
 0.64
 0.5866666666666667
 0.62
 0.7
 0
 0
 0.7892931470571475
 0.9122714886282545
 0.7780853357304
 0.5108978618291036
 0.6723508436738643
 0.6322924784879393
 0.5370786800919726
 0.3481643902154117
 0.3053451890562211
 0.6165448556285649
 0.6789695607527448
 0.5004431072609923
 0.6826894830685646
 0.6576727308017076
 0.7357386203924863
 0.7534052059163483
 0.7676616596268271
 0.7140169271641736
 0.6918990002045888
 0.6682409359099404
 0.7199462307613379
 0.6693275671598369
 0.6445498338895298
 0.6786342518810841
 0.6300467581170244
 0.6873775892183445
 0.727813100771457
 0.6936064213201787
 0
 0
 0.7805914363985492
 0.7016110212903909
 0.5493740349846137
 0.5364515662107711
 0.5044118511504908
 0.5440559091173091
 0.3899959682692917
 0.475235771649703
 0.3731941403985382
 0.4588174653793808
 0.5123939324381187
 0.5143335665711941
 0.5614572119381628
 0.5909188527933578
 0.6399460533769189
 0.652852660652518
 0.6528681079089587
 0.6320082664391468
 0.618711142503212
 0.5879147470403224
 0.6067748307691844
 0.572605166039121
 0.5708422364692911
 0.5829908450368761
 0.559933650785514
 0.5778648191105422
 0.5932884234024716
 0.5882694128562928
 0
 0
 0.8826672157365619
 0.8280508491937192
 0.6186867942965939
 0.4741578428937017
 0.5221091346936618
 0.5567921255731588
 0.394707591008038
 0.4443364399580374
 0.3925489063780355
 0.457143223454252
 0.5031242089514812
 0.5080817791039647
 0.5558809971661985
 0.6016643756932607
 0.6337634337700243
 0.6456433665061574
 0.6515287796722533
 0.6332502386197132
 0.6185127817517491
 0.5909405081689491
 0.6087776330337816
 0.5753137866410917
 0.5696756600927496
 0.5835978679229128
 0.5600319028809103
 0.5793073371919254
 0.596371582232571
 0.5932783305547846
 0
 0
 0.7743325754290521
 0.997177618084468
 0.8651891478781273
 0.4231279515209521
 0.481405678450773
 0.5644772007270017
 0.3801685516176516
 0.4683532324818976
 0.3940396379240247
 0.4317756011473776
 0.515340206058636
 0.5620186773816278
 0.5723021013101151
 0.5393118382247979
 0.6645268394391862
 0.6909412166811759
 0.6616113700266293
 0.6953829361120487
 0.5905503685316804
 0.6277141355172152
 0.5754161004444763
 0.5854464676515052
 0.5973866200900479
 0.5515256796561324
 0.5487561490666549
 0.5560831249726587
 0.5953996683494949
 0.5544637345955045
 0
 0
 0.7892931470571475
 0.8094946402896859
 0.8108644370795347
 0.7424789586361076
 0.6710750670023317
 0.7089529936187282
 0.6558643636148225
 0.6198036278291195
 0.5898528761191905
 0.6526683422188239
 0.7119242313561254
 0.6939073751719897
 0.6620241243221582
 0.7520863721965483
 0.7264292210258032
 0.720772462072513
 0.6830022210625345
 0.725125349602625
 0.7112162224795958
 0.674909325579835
 0.7182194172415151
 0.7402301572637067
 0.6918601941750805
 0.7049976691033264
 0.6270705728501683
 0.6686819995343253
 0.6845546604252692
 0.6842956259012698
 0
 0
 0.7458045336785063
 0.63475928615864
 0.6303892075978582
 0.6414115326621431
 0.5253247941803071
 0.5504933075871731
 0.4139807253957649
 0.474470020655977
 0.3900436790693091
 0.4515987744591625
 0.513273491092633
 0.5165331657693979
 0.5640302094133798
 0.5819059177033153
 0.6471294830164908
 0.6570444815629268
 0.6604131695348144
 0.6489811384027803
 0.6316830424048088
 0.5951759782631694
 0.6224905272179392
 0.5856754013750662
 0.5890620953557707
 0.5957866272094386
 0.573174467137041
 0.5929963811944021
 0.6087029642697717
 0.6011473966505405
 0
 0
 0.8767798510654896
 0.7947382023848509
 0.6265246250001353
 0.5357234798806382
 0.4838372702605033
 0.5582532839354399
 0.4284514689108233
 0.4310763706920365
 0.4013170271087885
 0.4690459797885668
 0.4817590359797775
 0.5068479093469294
 0.5590269392125716
 0.6015618992814709
 0.6234350656484245
 0.6600486505898453
 0.6498958264189056
 0.6424207232007774
 0.6226450765687601
 0.5965463408232941
 0.6145651032972205
 0.5832321161833515
 0.5826972331221959
 0.5974263291147526
 0.5756441160295281
 0.5968963850200418
 0.6066170136664233
 0.6053304518993521
 0
 0
 0.762410053294607
 0.9959623943254873
 0.7894692937064678
 0.5046801177653303
 0.4685525919415119
 0.5848352023063372
 0.402349396494589
 0.4538356958781417
 0.3964463366234625
 0.4261494702569438
 0.5043473930320842
 0.5110799483088673
 0.5473916553616398
 0.5593961599108049
 0.620637837194557
 0.6468639880186307
 0.6450766012427713
 0.6498744202898116
 0.6152884160145166
 0.5859045718363345
 0.599562195192417
 0.5811373283929225
 0.5746004184929229
 0.5830602001824329
 0.5574613930030149
 0.5873915865276947
 0.6022000279093459
 0.5933924347441869
 0
 0
 0.7892931470571475
 0.7784283298159552
 0.7670849737601086
 0.7389664857526484
 0.6599064723064378
 0.7067084605254448
 0.6371952817884099
 0.7286612943103445
 0.6553738988098211
 0.6382941672439061
 0.6208407794053048
 0.6502913861325383
 0.6682781377931531
 0.7053431788869343
 0.6988888111400064
 0.7142182294761388
 0.7154761772439178
 0.7072261555862442
 0.6801386728184737
 0.6661866099840539
 0.6820925778434933
 0.6447838570240735
 0.6646011366432494
 0.6855708349594944
 0.6483920570590703
 0.6632830880037003
 0.7652621128722271
 0.6860479723089637
 0
 0
 0
 0
 0
 0
 0
 0
 0
 0
 0
 0
 0
 0
 0
 0
 0
 0
 0
 0
 0
 0
 0
 0
 0
 0
 0
 0
 0
 0
 0
 0
 0
 0
 0
 0
 0
 0
 0
 0
 0
 0
 0
 0
 0
 0
 0
 0
 0
 0
 0
 0
 0
 0
 0
 0
 0
 0
 0
 0
 0
 0
 0
 0
 0
 0
 0
 0
 0
 0
 0
 0
 0
 0
 0
 0
 0
 0
 0
 0
 0
 0
 0
 0
 0
 0
 0
 0
 0
 0
 0
 0
 0
 0
 0
 0
 0
 0
 0
 0
 0
 0
 0
 0
 0
 0
 0
 0
 0
 0
 0
 0
 0
 0
 0
 0
 0
 0
 0
 0
 0
 0
 0
 0
 0
 0
 0
 0
 0
 0
 0
 0
 0
 0
 0
 0
 0
 0
 0
 0
 0
 0
 0
 0
 0
 0
 0
 0
 0
 0
 0
 0
 0.5510875254678038
 0.6155224153056721
 0.6116841912100027
 0.5281087649295311
 0.4899573502996662
 0.5440811650790139
 0.4257049531749217
 0.4383689532216471
 0.4047388725212927
 0.4680797524992614
 0.4869080622261588
 0.5096653903391112
 0.5499137319865978
 0.6002470012553479
 0.6253786730739678
 0.6556155386439906
 0.648699682860097
 0.6437873450425892
 0.618442647441225
 0.5998239651618547
 0.6179007697606279
 0.5790210502581317
 0.5797880304708003
 0.5928127205885738
 0.5757428391663779
 0.5954394568460905
 0.6083884663295952
 0.5997048966699893
 0
 0
 0
 0
 0
 0
 0
 0
 0
 0
 0
 0
 0
 0
 0
 0
 0
 0
 0
 0
 0
 0
 0
 0
 0
 0
 0
 0
 0
 0
 0
 0
 0
 0
 0
 0
 0
 0
 0
 0
 0
 0
 0
 0
 0
 0
 0
 0
 0
 0
 0
 0
 0
 0
 0
 0
 0
 0
 0
 0


