# Created by Octave 3.8.2, Fri Nov 20 22:08:19 2015 CET <dkottke@snake5>
# name: mus
# type: matrix
# ndims: 3
 1 30 19
 0
 0
 0.6618357487922705
 0.7403846153846154
 0.8878048780487805
 0.9656862745098038
 0.788177339901478
 0.7932692307692307
 0.9130434782608697
 0.9649999999999999
 0.9617224880382775
 0.9411764705882352
 0.966346153846154
 0.9540816326530612
 0.9538461538461539
 0.9567307692307693
 0.9558823529411765
 0.9494949494949495
 0.9521531100478469
 0.95
 0.9470899470899471
 0.9494949494949496
 0.9516908212560387
 0.9427083333333334
 0.95
 0.8990384615384615
 0.9561602418745275
 0.9489795918367346
 0.9605911330049262
 0.9555555555555556
 0
 0
 1
 0.25
 0.6
 0.9
 1
 1
 0.9
 0.7
 0.7666666666666667
 0.9333333333333332
 0.7
 0.8666666666666668
 0.8666666666666668
 0.9
 1
 1
 1
 0.9
 0.8699999999999999
 0.9
 0.9199999999999999
 1
 1
 1
 1
 1
 0.9333333333333332
 0.9333333333333332
 0
 0
 1
 0.6435915998094303
 0.7287709658927111
 0.7662470850165229
 0.8892713987086031
 0.9192992753228875
 0.9167707930875733
 0.8037300348585183
 0.9192992753228875
 0.8557427050874661
 0.954518424479975
 0.9169131031827142
 0.9507315645907386
 0.9439861121034654
 0.9366134330596977
 0.9410148752303718
 0.958065948324815
 0.9587396316499321
 0.9742773452251583
 0.9456732556844905
 0.9389346912097892
 0.9677079099713464
 0.9549477175423653
 0.966744270679134
 0.9604389495539177
 0.9754261607628866
 0.9815236293450564
 0.9712141920331608
 0
 0
 1
 0.4305701820110256
 0.7280620161602914
 0.9143523555597459
 0.9619149250133666
 0.9794045859350894
 0.9487030356436654
 0.9240446712497099
 0.8855440142542648
 0.9398709119653144
 0.9420558231676186
 0.9934988272510372
 0.9974092762145135
 0.9921417386615964
 0.9965435103890111
 0.9940360483372707
 0.9963992145955779
 0.9963879063083357
 0.9970172085899457
 0.997304236108104
 0.9982863636675666
 0.9973945662529231
 0.9963898538670227
 0.9967937756695969
 0.9986397200614719
 0.9967500085993881
 0.9996846942980783
 0.99952776068421
 0
 0
 1
 0.5
 0.8
 0.6666666666666666
 1
 1
 0.8888888888888888
 1
 0.8181818181818182
 0.9166666666666666
 1
 1
 1
 1
 1
 1
 1
 1
 1
 1
 1
 1
 1
 1
 1
 1
 1
 1
 0
 0
 1.000000000021373
 0.6388972226559232
 0.8750000213698821
 0.7125003791611223
 1.125000000927793
 1.083928573708791
 0.9136904785398521
 0.9992063596868161
 0.8544196146655089
 0.934090974540156
 1.012995412993281
 1.01931605977565
 1.013325703107041
 1.023381295518497
 1.010989011086997
 0.9403713658814857
 1.028716216405042
 1.01595744712125
 1.03017241422498
 1.013888889507125
 1.00000000084332
 1.017857144149051
 1.000000001838057
 1.000000002376982
 1.000000003181912
 1.000000003945026
 1.00000000498639
 1.000000006333041
 0
 0
 1
 0.8651798614746917
 0.9130665708460906
 0.7915895112826768
 0.7984984029781785
 0.8136401862161782
 0.8963484095661327
 0.8487761814451824
 0.9191274264956839
 0.9364840548729716
 0.8941682643019868
 0.9002654086428667
 0.9639284118920393
 0.9569745816568619
 0.935424583154074
 0.94595067566152
 0.9525926860293963
 0.942794996120164
 0.977508199336104
 0.9627932505480884
 0.9762924744474422
 0.9656305401226901
 0.9704029256108341
 0.9764356367953589
 0.9699161505716745
 0.9622065697556119
 0.999901518268087
 0.979715087948385
 0
 0
 1
 0.5239202681940399
 0.6408025455803252
 0.7934369179870975
 0.8997809613332379
 0.9468726370697468
 0.9433468538722489
 0.8867173304934474
 0.9263426663354581
 0.9420761037096406
 0.9285920218447475
 0.9671648096427773
 0.971866569082481
 0.9685379811391431
 0.9821747486124451
 0.9833644393588997
 0.9788367769990036
 0.9840370661016911
 0.9876496029151303
 0.9836935759940181
 0.9937296541398331
 0.9901999711181542
 0.9873069675055626
 0.9907530040833094
 0.9935061596821588
 0.9942445346229506
 0.9964659553046945
 0.9959268723309376
 0
 0
 1
 1
 1
 1
 1
 1
 1
 1
 1
 1
 1
 1
 1
 1
 1
 1
 1
 1
 1
 1
 1
 1
 1
 1
 1
 1
 1
 1
 0
 0
 1.000000000008057
 0.6715694607774586
 0.6415403509483467
 0.7198083248585275
 1.181393386752872
 1.142790313242064
 0.9332573768693727
 0.7890722008292165
 0.8707190750182661
 0.8945816134288531
 0.8860362130225518
 1.011656367164536
 0.9669213595153989
 1.021104947509223
 1.059440570313405
 0.9604379799743972
 1.158856036340693
 0.9804591036073829
 1.160978106562748
 1.07855491543558
 1.000000000000037
 1.102025668719814
 1.000000000000263
 1.000000000000648
 1.000000000001609
 1.000000000003389
 1.000000000007562
 1.000000000000048
 0
 0
 1
 0.8651798612326059
 0.9502947303055032
 0.8981858478629318
 0.7969712384632474
 0.8471878090821555
 0.8724583818043439
 0.8512163073875151
 0.9036066795743296
 0.8690455892109373
 0.9424249415532089
 0.9193525635483943
 0.9016161756741746
 0.9863544451421775
 0.957917902675789
 0.9502932274781085
 0.9515724350296839
 0.9601139238925771
 0.9487727986098353
 0.9896869632614201
 1.078724179975806
 1.016986685355519
 0.9538243187208195
 1.012725575116264
 1.048871351055468
 0.9673060105297322
 1.02526690301037
 0.9821850181616453
 0
 0
 0
 0
 0
 0
 0
 0
 0
 0
 0
 0
 0
 0
 0
 0
 0
 0
 0
 0
 0
 0
 0
 0
 0
 0
 0
 0
 0
 0
 0
 0
 0
 0
 0
 0
 0
 0
 0
 0
 0
 0
 0
 0
 0
 0
 0
 0
 0
 0
 0
 0
 0
 0
 0
 0
 0
 0
 0
 0
 0
 0
 0
 0
 0
 0
 0
 0
 0
 0
 0
 0
 0
 0
 0
 0
 0
 0
 0
 0
 0
 0
 0
 0
 0
 0
 0
 0
 0
 0
 0
 0
 0
 0
 0
 0
 0
 0
 0
 0
 0
 0
 0
 0
 0
 0
 0
 0
 0
 0
 0
 0
 0
 0
 0
 0
 0
 0
 0
 0
 0
 0
 0
 0
 0
 0
 0
 0
 0
 0
 0
 0
 0
 0
 0
 0
 0
 0
 0
 0
 0
 0
 0
 0
 0
 0
 0
 0
 0
 0
 0
 0
 1
 1
 1
 1
 1
 1
 1
 1
 1
 1
 1
 1
 1
 1
 1
 1
 1
 1
 1
 1
 1
 1
 1
 1
 1
 1
 1
 1
 0
 0
 0
 0
 0
 0
 0
 0
 0
 0
 0
 0
 0
 0
 0
 0
 0
 0
 0
 0
 0
 0
 0
 0
 0
 0
 0
 0
 0
 0
 0
 0
 0
 0
 0
 0
 0
 0
 0
 0
 0
 0
 0
 0
 0
 0
 0
 0
 0
 0
 0
 0
 0
 0
 0
 0
 0
 0
 0
 0


