# Created by Octave 3.8.2, Sun Nov 15 23:33:14 2015 CET <dkottke@snake7>
# name: mus
# type: matrix
# ndims: 3
 1 30 19
 0
 0
 0.3236714975845411
 0.3173076923076923
 0.3170731707317074
 0.3137254901960784
 0.9507389162561577
 0.375
 0.9710144927536232
 0.95
 0.9521531100478469
 0.9460784313725488
 0.9158653846153848
 0.9387755102040817
 0.9641025641025641
 0.9759615384615384
 0.9656862745098039
 0.9545454545454547
 0.9712918660287081
 0.975
 0.9682539682539684
 0.9646464646464649
 0.9565217391304349
 0.951388888888889
 0.97
 0.9807692307692308
 0.9788359788359787
 0.9744897959183675
 0.9753694581280788
 0.9722222222222223
 0
 0
 1
 1
 1
 1
 0.4
 0.8
 0.8
 0.3
 0.9
 0.9
 0.9333333333333332
 0.8
 0.9333333333333332
 1
 1
 1
 1
 1
 1
 1
 0.8400000000000001
 0.8400000000000001
 0.8800000000000001
 0.8400000000000001
 0.8400000000000001
 0.8666666666666666
 0.8
 0.8
 0
 0
 1
 1
 1
 1
 0.7119637320271206
 0.8260716226873597
 0.8367021889692892
 0.8527117809316723
 0.8592944795013666
 0.8926051063145108
 0.9180774968010272
 0.9164170212081501
 0.9091650403535309
 0.966537791774135
 0.9820856808848013
 0.9654266847472902
 0.9571989971308086
 0.9504280086897664
 0.9792082253148237
 0.9750776705998135
 0.9585069667087696
 0.9584944279140714
 0.9564411649077325
 0.9236487615390295
 0.9332200891976966
 0.9457563179790911
 0.9438585304177438
 0.9344012559927829
 0
 0
 0.9999999999739509
 0.9999999998966334
 0.9999999999185094
 0.9999999999492388
 0.6934336536682627
 0.8094143681876466
 0.7086243322888737
 0.7374323556901132
 0.7793241210848195
 0.8052627805576525
 0.8277408661372346
 0.8273677696809627
 0.8250146070325696
 0.8593984885242649
 0.8721463254941387
 0.8710647382605934
 0.8837815029837939
 0.8877070734763152
 0.8939661426316547
 0.9035561466538332
 0.8807281073570322
 0.8851020569111463
 0.8785554709490603
 0.8531613250024396
 0.8559876580876901
 0.8618221033286878
 0.867842238947294
 0.8744994297844699
 0
 0
 0.9999999999775055
 0.9999999998697335
 0.9999999998929064
 0.9999999999456954
 0.6743169117998312
 0.8093335469429956
 0.7305595007894239
 0.746461308376963
 0.7773792944172089
 0.8016601599328267
 0.802864234094534
 0.8406504977992463
 0.8289153254477435
 0.8725612518975192
 0.881451876659922
 0.8763343409492156
 0.8853306965132984
 0.8911349935423687
 0.894025389453178
 0.9039905191682488
 0.8811757664824789
 0.8901125473806081
 0.8746881475220076
 0.8545483259992508
 0.8566809110002243
 0.8604661281119083
 0.8665725737790462
 0.8676367270657714
 0
 0
 0.9999999999838801
 0.9999999998604076
 0.9999999999416916
 0.9999999999640854
 0.6528215422759789
 0.7425025563860068
 0.799496050273851
 0.7795165735459535
 0.7952490762640858
 0.9331371404087916
 0.8993067764732979
 0.8305917053353195
 0.8152232295059888
 0.8437779163555358
 0.8522067309273457
 0.8697156754923256
 0.8557989656603442
 0.918579088886908
 0.8724234634348145
 0.8561882139978675
 0.8672778521176902
 0.8664487213136157
 0.8445886934178047
 0.8091009092675233
 0.9697193021918773
 0.8936088650851836
 0.8434681029072669
 0.8958399436115667
 0
 0
 1
 0.9999999999875737
 0.9999999999993876
 0.9999999997164346
 0.8019546871584766
 0.9199049796852125
 0.79335155296347
 0.8060292729529874
 0.8537753868422557
 0.8365120066858549
 0.9272528966805639
 0.8690136252857722
 0.8625673398725535
 0.8336636958180623
 0.9640394859489337
 0.8748720563475226
 0.8411771274659703
 0.8751368756144203
 0.9026124815175262
 0.8898594296961232
 0.9770846670104317
 0.8375527449874837
 0.8360860221501059
 0.8801895284109326
 0.8369842039303856
 0.8912165734810892
 0.8863389840816048
 0.893380620997404
 0
 0
 0.9999999999718029
 0.9999999999064163
 0.9999999999885724
 0.9999999999915603
 0.6710236244895246
 0.7654419922613406
 0.7368284652327536
 0.7300527598528287
 0.7837767210271946
 0.8236748917076123
 0.8423697479017928
 0.853265158686887
 0.8538896840307161
 0.8799543271211879
 0.9020843528427457
 0.9070235544006346
 0.9197675353012088
 0.9242894036556893
 0.9297973228286666
 0.9388257193395496
 0.9159693111769793
 0.9193992073766738
 0.9193107487190361
 0.8978749004808991
 0.8993632010101887
 0.9112203912835325
 0.9080836657030199
 0.9137154320054918
 0
 0
 0.9999999999781745
 0.9999999999608409
 0.9999999999816934
 0.9999999999871965
 0.6386037984313236
 0.7682480226492169
 0.7404925817977265
 0.7477969303255911
 0.7981830457775486
 0.8245126864359064
 0.8247897229875725
 0.8652461208337892
 0.8543918333237395
 0.8993005017179951
 0.908729751396922
 0.9026359429260197
 0.9211202402375349
 0.9270586637366297
 0.9309494475130492
 0.9344953237374489
 0.9072320133582309
 0.9215927983990277
 0.9178943417786313
 0.8925998131243852
 0.9005629700124854
 0.9069907720654667
 0.9093886771221383
 0.9084613332159891
 0
 0
 0.9999999999638095
 0.999999999948604
 0.9999999999999036
 0.9999999999688662
 0.6335996981221929
 0.7666013557656136
 0.7067525944919681
 0.7417769813099668
 0.7845841809385096
 0.7964224694925088
 0.8332872899372499
 0.8567215144753132
 0.8575347878633784
 0.8821508804440473
 0.8758120908269129
 0.9372848269168229
 0.8981805556519686
 0.9347392698107446
 0.9162970038786771
 0.9669409916022403
 0.9308069216117192
 0.9024718928223973
 0.9185777621962119
 0.8945358413771125
 0.8976623014623051
 0.9006054516237091
 0.9094849645095746
 0.9421552138271893
 0
 0
 1
 0.9999999999884496
 0.9999999999999996
 0.9999999999999918
 0.8224884887021523
 0.8693685571727487
 0.8573259984479279
 0.7721298213268826
 0.8727338793668549
 0.8404101875787335
 0.9180917950589542
 0.8520504298366314
 0.8384246309334773
 0.8589568376850352
 0.9086019103224335
 0.8650159407419334
 0.8835898974045772
 0.8818412786412748
 0.9021305788206306
 0.9179131565975154
 0.8916248880273557
 0.907906325232976
 0.8890676446510853
 0.9008998709784469
 0.8721161276223653
 0.8942349528164901
 0.9001779413771556
 0.9059709523587481
 0
 0
 0
 0
 0
 0
 0
 0
 0
 0
 0
 0
 0
 0
 0
 0
 0
 0
 0
 0
 0
 0
 0
 0
 0
 0
 0
 0
 0
 0
 0
 0
 0
 0
 0
 0
 0
 0
 0
 0
 0
 0
 0
 0
 0
 0
 0
 0
 0
 0
 0
 0
 0
 0
 0
 0
 0
 0
 0
 0
 0
 0
 0
 0
 0
 0
 0
 0
 0
 0
 0
 0
 0
 0
 0
 0
 0
 0
 0
 0
 0
 0
 0
 0
 0
 0
 0
 0
 0
 0
 0
 0
 0
 0
 0
 0
 0
 0
 0
 0
 0
 0
 0
 0
 0
 0
 0
 0
 0
 0
 0
 0
 0
 0
 0
 0
 0
 0
 0
 0
 0
 0
 0
 0
 0
 0
 0
 0
 0
 0
 0
 0
 0
 0
 0
 0
 0
 0
 0
 0
 0
 0
 0
 0
 0
 0
 0
 0
 0
 0
 0
 0
 0.9999972729800715
 0.986903477253411
 0.9976610503488448
 0.9989487599537055
 0.6247034267046231
 0.7673218423607377
 0.7373041420870782
 0.7544545061929996
 0.8047232320191018
 0.8269289390765655
 0.8246799662976161
 0.8656415230740281
 0.8482078235226568
 0.8974367129741954
 0.9132708618864492
 0.8998916697076642
 0.9173377013352122
 0.9276379481048093
 0.9295417917672524
 0.9349346278944956
 0.9056760344465912
 0.9223758971042663
 0.9158053284531507
 0.891100231890236
 0.8968787566661393
 0.9040211402762571
 0.9080491874205898
 0.9075501483355594
 0
 0
 0
 0
 0
 0
 0
 0
 0
 0
 0
 0
 0
 0
 0
 0
 0
 0
 0
 0
 0
 0
 0
 0
 0
 0
 0
 0
 0
 0
 0
 0
 0
 0
 0
 0
 0
 0
 0
 0
 0
 0
 0
 0
 0
 0
 0
 0
 0
 0
 0
 0
 0
 0
 0
 0
 0
 0
 0
 0


