# Created by Octave 3.8.2, Sat Nov 21 01:11:01 2015 CET <dkottke@snake7>
# name: mus
# type: matrix
# ndims: 3
 1 30 19
 0
 0
 0.5839598997493735
 0.6792929292929293
 0.4987341772151899
 0.5252525252525252
 0.6140350877192985
 0.6020408163265306
 0.5946969696969698
 0.5948717948717948
 0.5959595959595958
 0.6464646464646466
 0.6489743589743592
 0.6460459183673468
 0.7243589743589743
 0.7317708333333334
 0.7342995169082123
 0.7335858585858585
 0.7017543859649122
 0.731578947368421
 0.7493734335839598
 0.744949494949495
 0.7323103154305199
 0.7343749999999999
 0.7333333333333335
 0.7312820512820513
 0.7312409812409812
 0.732142857142857
 0.7305962403413679
 0.7333333333333335
 0
 0
 0.3333333333333333
 0.25
 0.6
 0.6
 0.5
 0.4
 0.6
 0.3
 0.7666666666666667
 0.6
 0.5333333333333333
 0.6
 0.4666666666666666
 0.4166666666666666
 0.4
 0.45
 0.6833333333333333
 0.75
 0.58
 0.63
 0.7
 0.6599999999999999
 0.7200000000000001
 0.8466666666666667
 0.8133333333333335
 0.76
 0.7866666666666667
 0.8333333333333333
 0
 0
 0.6596273914000075
 0.6175212560711263
 0.6305378927395782
 0.795614352645433
 0.7566335848510053
 0.6044872384496118
 0.6669591010165427
 0.6678868032048315
 0.6170191555924209
 0.7045495346879229
 0.5821909701941462
 0.6288084507169145
 0.6828168887847823
 0.6439843519907533
 0.6621184233592587
 0.5847509255415512
 0.6915735077557383
 0.6809934978111807
 0.6990515143801637
 0.6788582743880092
 0.7302935454558926
 0.7374570575129904
 0.7662124175138829
 0.7098887265403936
 0.7568719404439855
 0.8120795988914314
 0.8207887012383958
 0.8285466068587034
 0
 0
 0.4444611094665331
 0.4409952044449027
 0.6902873818182721
 0.8246568242543979
 0.6776112809752989
 0.7686719098822814
 0.7450037963681844
 0.7322642336780487
 0.7792092197332909
 0.7440396548739105
 0.67790441286662
 0.7059073619937242
 0.643342658421867
 0.5496486282267089
 0.660429954438041
 0.6149004862366814
 0.6828338049991455
 0.7156171007807349
 0.6971985890453991
 0.7029447923704049
 0.7223290024851364
 0.7449131191617904
 0.7791314228552528
 0.7133272609120642
 0.7819754157837127
 0.8013671725113908
 0.8021327409259801
 0.8398062303469961
 0
 0
 0.3333333333333333
 0.75
 0.4
 1
 0.2857142857142857
 0.625
 0.5555555555555556
 0.8
 0.5454545454545454
 0.8333333333333334
 0.7692307692307693
 0.4444444444444444
 0.6
 0.6666666666666666
 0.5
 1
 1
 0
 1
 0
 1
 1
 1
 1
 1
 0
 1
 0
 0
 0
 0.3333333333956522
 0.9722222222604742
 0.5125043513460874
 1.075000000212047
 0.521431421298859
 0.6366072312423491
 0.6686507978943734
 0.8583333353267326
 0.6241796330579641
 0.8178018859565666
 0.8108391672745837
 0.560419248789332
 0.6003271981006284
 0.6586163947370702
 0.5700048788817939
 0.7936473415334967
 0.7884663619311254
 0.4609723514143703
 0.8378961099125931
 0.4514091712897721
 0.6234350936982922
 0.8331482713581546
 0.9212132719874321
 1.060836763930919
 0.6832729577109544
 0.5417069385691796
 0.8750006623166318
 0.6041693012967857
 0
 0
 0.5785862941142949
 0.8305547164355869
 0.7249341868259054
 0.7026860893075626
 0.745590769513588
 0.7697900985842918
 0.7562111191799159
 0.6779126818164196
 0.7210187304703146
 0.6965385013200269
 0.8116624935755394
 0.6526234736403733
 0.8512453181052971
 0.660909792093477
 0.6685430705457849
 0.7081356605708967
 0.7663342884828404
 0.739957057066307
 0.7213379030164601
 0.8512134787215253
 0.7202225822609332
 0.8256041952526356
 0.8038554704123662
 0.8688491681019955
 0.8011983747642504
 0.8379580077851709
 0.8407201877130462
 0.8247527633682923
 0
 0
 0.4444611095640199
 0.4424252017174677
 0.6078160379812449
 0.8114655400043101
 0.7436048764216912
 0.7390756073185228
 0.7451188033594512
 0.7178747196977355
 0.7502354959025878
 0.7093036398786272
 0.6640509449334302
 0.6969866324432046
 0.653161813878803
 0.5837234434266956
 0.6316806807915869
 0.6600633205273566
 0.6889774452855721
 0.7381059618771653
 0.6845881814638833
 0.7081160951347448
 0.7241044764600604
 0.7405428220863181
 0.7539632384995817
 0.7500978992508822
 0.7767522703776905
 0.8042557514145723
 0.7962477880614849
 0.8284255883003261
 0
 0
 1
 1
 1
 1
 1
 1
 1
 1
 1
 1
 1
 1
 1
 1
 1
 1
 1
 1
 1
 1
 1
 1
 1
 1
 1
 1
 1
 1
 0
 0
 0.3333333333398389
 0.9803925203740325
 0.565000913449171
 0.9544041462040694
 0.6341279798441646
 0.6524935820856791
 0.9218355491482023
 0.8005953655725002
 0.755858109356821
 0.6522374770898416
 0.7092945516417621
 0.6790869373087649
 0.766622668416126
 0.5158449932146654
 0.6419332039210778
 0.5878908041368589
 0.6156723777899632
 0.7034159636615394
 0.6491225807638891
 0.7157874627634371
 0.664177792311416
 0.7782232142049019
 0.7447480191184144
 0.9895734366294067
 0.6171019421972004
 0.9915184281829506
 0.9998574632231618
 0.7482675314115559
 0
 0
 0.5785862941142949
 0.8305547163845683
 0.7382574061807474
 0.6951106833045382
 0.807768076898854
 0.8622128931632151
 0.7471470175364617
 0.7743199352516477
 0.7298496015787042
 0.9045329576445373
 0.721740551435618
 0.7107258892802419
 0.857503549919518
 0.709008291765598
 0.8240170995800677
 0.7980617425026609
 0.8143005383345631
 0.8846989535982399
 0.8794178468283339
 0.9047302092692494
 0.7651617934249875
 0.8089380001736435
 0.8523226696732025
 0.8015494943002029
 0.8497452296553207
 0.9399552220642001
 0.8120100988233943
 0.8324125919749122
 0
 0
 0
 0
 0
 0
 0
 0
 0
 0
 0
 0
 0
 0
 0
 0
 0
 0
 0
 0
 0
 0
 0
 0
 0
 0
 0
 0
 0
 0
 0
 0
 0
 0
 0
 0
 0
 0
 0
 0
 0
 0
 0
 0
 0
 0
 0
 0
 0
 0
 0
 0
 0
 0
 0
 0
 0
 0
 0
 0
 0
 0
 0
 0
 0
 0
 0
 0
 0
 0
 0
 0
 0
 0
 0
 0
 0
 0
 0
 0
 0
 0
 0
 0
 0
 0
 0
 0
 0
 0
 0
 0
 0
 0
 0
 0
 0
 0
 0
 0
 0
 0
 0
 0
 0
 0
 0
 0
 0
 0
 0
 0
 0
 0
 0
 0
 0
 0
 0
 0
 0
 0
 0
 0
 0
 0
 0
 0
 0
 0
 0
 0
 0
 0
 0
 0
 0
 0
 0
 0
 0
 0
 0
 0
 0
 0
 0
 0
 0
 0
 0
 0
 1
 1
 1
 1
 1
 1
 1
 1
 1
 1
 1
 1
 1
 1
 1
 1
 1
 1
 1
 1
 1
 1
 1
 1
 1
 1
 1
 1
 0
 0
 0
 0
 0
 0
 0
 0
 0
 0
 0
 0
 0
 0
 0
 0
 0
 0
 0
 0
 0
 0
 0
 0
 0
 0
 0
 0
 0
 0
 0
 0
 0
 0
 0
 0
 0
 0
 0
 0
 0
 0
 0
 0
 0
 0
 0
 0
 0
 0
 0
 0
 0
 0
 0
 0
 0
 0
 0
 0


