# Created by Octave 3.8.2, Fri Nov 20 23:05:22 2015 CET <dkottke@snake9>
# name: mus
# type: matrix
# ndims: 3
 1 30 19
 0
 0
 0.8937198067632847
 0.9471153846153846
 0.9024390243902439
 0.8823529411764703
 0.8669950738916257
 0.8557692307692307
 0.8695652173913043
 0.8549999999999999
 0.8755980861244017
 0.9019607843137255
 0.9567307692307692
 0.9591836734693878
 0.9589743589743591
 0.9663461538461539
 0.9656862745098039
 0.9646464646464646
 0.9665071770334929
 0.96
 0.9576719576719577
 0.9595959595959597
 0.966183574879227
 0.967013888888889
 0.97
 0.9711538461538461
 0.9682539682539683
 0.9693877551020408
 0.9704433497536946
 0.9666666666666667
 0
 0
 0.3333333333333333
 1
 1
 0.7
 0.7
 1
 0.9
 1
 1
 1
 0.8666666666666666
 0.9333333333333333
 0.9333333333333333
 0.9333333333333332
 1
 1
 1
 1
 1
 1
 1
 1
 1
 1
 1
 0.9333333333333332
 0.9199999999999999
 0.9333333333333332
 0
 0
 0.6299782094662102
 0.9594794513571437
 0.8309955450354204
 0.8166850379397183
 0.8704152854401457
 0.8735758882342884
 0.8738626628436645
 0.8910172448953979
 0.8892613331452774
 0.8806797192763618
 0.8728322840898756
 0.9118944344908958
 0.8777126565123806
 0.9227467686342079
 0.9407841957812109
 0.919413338678905
 0.9656159463492954
 0.9478645134568391
 0.9663738969511714
 0.95157704440868
 0.9508691396363067
 0.9608902595257109
 0.9671187473101631
 0.9655520785682612
 0.9674018807970219
 0.9719192744380707
 0.966752908022542
 0.9750647811269583
 0
 0
 0.3318024996738549
 0.939968013080515
 0.8772379225566007
 0.7546319751333889
 0.7280520715540076
 0.847453970393106
 0.8476196860619332
 0.9162618083212912
 0.9319053011205191
 0.9397961084665781
 0.8698206614429828
 0.893158534003066
 0.90137325234743
 0.9260420193860953
 0.959632692851685
 0.9603655853658438
 0.9690835000263631
 0.9708790296664123
 0.9713200561842765
 0.9731953077549766
 0.974317203192603
 0.9774836087568679
 0.9730805677091672
 0.9658124601794714
 0.9687951306402669
 0.966959700347352
 0.9703686569302602
 0.9710737871714065
 0
 0
 0.6666666666666666
 1
 1
 0.8333333333333334
 0.8571428571428571
 0.875
 0.8888888888888888
 1
 1
 1
 0.7692307692307693
 0.7777777777777778
 1
 1
 1
 1
 1
 1
 1
 1
 1
 1
 1
 1
 1
 1
 1
 1
 0
 0
 0.7658375742829426
 0.9413273010592509
 0.9230141755695405
 0.8181524998673119
 0.8252202434770982
 0.8445783635574428
 0.8400358875389421
 0.9582930143032866
 0.9710172773303309
 0.9677007774423927
 0.8558843011208095
 0.8766871658230715
 0.9453259532580882
 0.5889428127383064
 0.9717974556936707
 0.975390844700371
 0.9854302900428842
 0.985303134360861
 0.9875206398070824
 0.9924710775883427
 0.991908319161981
 0.9544944203197572
 0.9544051975435368
 0.9907355271371133
 0.9565652632396676
 0.9773143063154736
 0.9313398067644916
 0.9976639005923369
 0
 0
 0.3678794411714423
 0.6852565152027574
 0.8495648192197882
 0.813413889978911
 0.8529666561186515
 0.8175077789842679
 0.825118140573177
 0.8177283285018275
 0.8702745751721747
 0.8658278269967957
 0.8175391518410083
 0.7925153560670205
 0.8218807107974828
 0.8922791620455703
 0.8503379534004469
 0.8968019843283828
 0.8832428828450517
 0.8782808962779203
 0.9008673080271733
 0.9291374738859779
 0.9236289340218303
 0.920160731121018
 0.9339620236351485
 0.9262069329403941
 0.9149897605697084
 0.9156322163056155
 0.9274654828843435
 0.9747370233967732
 0
 0
 0.2727666315554027
 0.902587119975353
 0.7951732471134189
 0.7688580833032227
 0.7627374621190633
 0.8164553592438168
 0.781598729926328
 0.8272109727293353
 0.8430108826176803
 0.8453049490887917
 0.776737389509264
 0.7965100517713873
 0.7949060009426889
 0.8484701312263031
 0.8787007270424723
 0.8840194317512362
 0.9021940990271857
 0.8773139536753379
 0.8956459193184367
 0.9039470541722632
 0.8964270000369754
 0.9065224619869076
 0.9024198675566231
 0.8998164235150652
 0.9018505568765769
 0.9185703650993378
 0.9098128466987575
 0.921081331849934
 0
 0
 0.8644159065964359
 0.8873468535459496
 0.9237663906467359
 0.9479696449931545
 0.9156968059086661
 0.9230454604104753
 0.9306236909180802
 0.917709442131925
 0.9297836837987629
 0.9188985999596776
 0.8991439143149902
 0.9285421174891519
 0.9209130649827996
 0.8929534651702894
 0.9098828564797177
 0.9072025107636659
 0.9027970319720396
 0.917348082689931
 0.8999200365427594
 0.9010542420275495
 0.9045692402018644
 0.8993968420690418
 0.9013438180627352
 0.8988075730803964
 0.9032473261654808
 0.8959511515167249
 0.9064420462644643
 0.9077057908653993
 0
 0
 0.7646590364341999
 0.935705331245351
 0.8976054222907344
 0.7741065254023496
 0.7860109630681829
 0.8314631893167646
 0.8768035729252823
 0.8455503150504138
 0.913399066011207
 0.9421161208524367
 0.875402827973372
 0.9162295068204819
 0.9362768464306388
 0.9580095245312443
 0.9787743710736685
 0.9797109347385912
 0.9875316162511303
 0.9879846745036862
 0.9907903989284712
 0.9910637980745611
 0.9836982449903142
 0.9943468507012752
 0.9888280366967042
 0.9833355632807955
 0.984007582726552
 0.5987519555979099
 0.984491485795842
 0.9404307323438419
 0
 0
 0.3678794411714423
 0.7114799822490598
 0.8230729708401632
 0.8224681411638634
 0.8718010300061674
 0.7603546853275416
 0.8157528042814786
 0.8117914074659502
 0.8752329352012463
 0.8499355985740344
 0.779736232086487
 0.7859945067560666
 0.8028718369812944
 0.8987670393828092
 0.8679588574015789
 0.8214851766610027
 0.8830681967213763
 0.9315345707641719
 0.9044945058669353
 0.9178092934411626
 0.850312921434512
 0.9091564735971783
 0.9377508256844369
 0.9739889871562769
 0.9619975789531559
 0.9826162354628794
 0.8455954661075401
 0.9553191556010349
 0
 0
 0
 0
 0
 0
 0
 0
 0
 0
 0
 0
 0
 0
 0
 0
 0
 0
 0
 0
 0
 0
 0
 0
 0
 0
 0
 0
 0
 0
 0
 0
 0
 0
 0
 0
 0
 0
 0
 0
 0
 0
 0
 0
 0
 0
 0
 0
 0
 0
 0
 0
 0
 0
 0
 0
 0
 0
 0
 0
 0
 0
 0
 0
 0
 0
 0
 0
 0
 0
 0
 0
 0
 0
 0
 0
 0
 0
 0
 0
 0
 0
 0
 0
 0
 0
 0
 0
 0
 0
 0
 0
 0
 0
 0
 0
 0
 0
 0
 0
 0
 0
 0
 0
 0
 0
 0
 0
 0
 0
 0
 0
 0
 0
 0
 0
 0
 0
 0
 0
 0
 0
 0
 0
 0
 0
 0
 0
 0
 0
 0
 0
 0
 0
 0
 0
 0
 0
 0
 0
 0
 0
 0
 0
 0
 0
 0
 0
 0
 0
 0
 0
 0.8403381926197607
 0.9101326098850615
 0.851998493803564
 0.9148637561021372
 0.9288181832758325
 0.9116682020332458
 0.9114663832854248
 0.930507866119532
 0.9052572063996142
 0.9353849028890759
 0.9218951579508347
 0.9223225106746858
 0.9133798364669254
 0.9159285845795291
 0.9125678692974187
 0.9170163355201572
 0.9147232177938032
 0.9094428971049002
 0.9082001479804491
 0.9040957878104907
 0.9114423483914089
 0.9023729944364065
 0.8971669612772089
 0.9107326473900978
 0.8980364041561305
 0.8992967201921057
 0.9104019150925379
 0.904304535187484
 0
 0
 0
 0
 0
 0
 0
 0
 0
 0
 0
 0
 0
 0
 0
 0
 0
 0
 0
 0
 0
 0
 0
 0
 0
 0
 0
 0
 0
 0
 0
 0
 0
 0
 0
 0
 0
 0
 0
 0
 0
 0
 0
 0
 0
 0
 0
 0
 0
 0
 0
 0
 0
 0
 0
 0
 0
 0
 0
 0


