# Created by Octave 3.8.2, Sat Nov 21 00:12:49 2015 CET <dkottke@snake6>
# name: mus
# type: matrix
# ndims: 3
 1 30 19
 0
 0
 0.6315789473684208
 0.547979797979798
 0.5594936708860758
 0.7247474747474747
 0.7343358395989974
 0.7270408163265306
 0.7001262626262631
 0.6974358974358974
 0.6906565656565654
 0.6919191919191919
 0.6958974358974361
 0.6887755102040819
 0.6833333333333333
 0.6692708333333334
 0.6760443307757883
 0.6818181818181815
 0.6416040100250625
 0.6631578947368421
 0.681704260651629
 0.6590909090909091
 0.6231884057971014
 0.6692708333333334
 0.6666666666666665
 0.6641025641025641
 0.667989417989418
 0.667091836734694
 0.6688963210702341
 0.6512820512820513
 0
 0
 0.3333333333333333
 0.5
 0.6
 0.7
 0.7
 0.5
 0.7
 0.6
 0.7333333333333333
 0.7333333333333333
 0.7
 0.7
 0.6666666666666666
 0.7
 0.65
 0.7166666666666666
 0.7833333333333333
 0.75
 0.8099999999999999
 0.78
 0.6900000000000001
 0.7
 0.8
 0.8133333333333332
 0.8200000000000001
 0.7866666666666667
 0.7866666666666667
 0.8
 0
 0
 0.6264742152376704
 0.6861154754375394
 0.7961640226965883
 0.7355413988574402
 0.7777042701452905
 0.6209337529561962
 0.5292265382514053
 0.6120922337075269
 0.626889393772516
 0.7230317945310275
 0.6317977587131663
 0.6780430838604881
 0.7499596179718969
 0.7021316340973465
 0.7400484588364327
 0.7497285796454731
 0.7565185405550776
 0.7237168013114844
 0.738526381062936
 0.780554998310391
 0.7938189881481895
 0.7616798660046006
 0.7963671240647088
 0.8098583459391999
 0.8362812542602794
 0.8299118872639507
 0.8475555250059942
 0.8436212656173869
 0
 0
 0.4428158484409895
 0.6424712013937053
 0.6308878901957384
 0.548530762522017
 0.645914692395816
 0.5825240938360688
 0.5890126768664784
 0.6250208099001174
 0.5803423638540181
 0.6419310867855159
 0.6456528235782228
 0.6132089751509737
 0.6523973845324045
 0.6720618803737609
 0.6547339274883263
 0.6986713965848681
 0.6899546141290119
 0.6899382806390608
 0.7069121535032536
 0.731087754637068
 0.7157793216540693
 0.7108798583008223
 0.718589810479707
 0.7454845256566053
 0.7615596420284544
 0.7723962154318494
 0.7889196062708005
 0.7952412227369738
 0
 0
 0.3333333333333333
 1
 0.8
 0.8333333333333334
 1
 0.375
 0.7777777777777778
 0.9
 0.5454545454545454
 0.5833333333333334
 0.7692307692307693
 0.4444444444444444
 0.8
 1
 0
 0
 0
 0
 1
 1
 0
 0
 1
 1
 1
 1
 0
 1
 0
 0
 0.5204995455823271
 0.8944338169732421
 0.7600971420146145
 0.5479411759957178
 0.7140624966445422
 0.5005077111399345
 0.6902547043407307
 0.7112161102716927
 0.5366116008950154
 0.6119017852446489
 0.6668879091265627
 0.6110236670847763
 0.6456261678438928
 0.7514466444647908
 0.5928527383106942
 0.6617202626410614
 0.6210353294217571
 0.6330214069195373
 0.7943277619496369
 0.8005139273389185
 0.6629900437481602
 0.6675648225725096
 0.709149810888055
 0.7720954660122279
 0.8718294319694228
 0.761210872693371
 0.739866664430242
 0.7849455726694894
 0
 0
 0.7892931470571475
 0.8964815802408888
 0.6913477333659164
 0.7018182421360227
 0.7706419092501374
 0.6871000639164624
 0.6623751777071897
 0.7074956144707383
 0.6710931484281749
 0.7410514988512144
 0.7398500675959563
 0.6850585339003771
 0.7323730355994362
 0.7446848330014098
 0.7614314847449237
 0.7400870540461529
 0.7291831789165071
 0.7475401571103941
 0.7853879231448279
 0.8351932822299105
 0.7590768945410694
 0.7562557174265389
 0.7817167122234198
 0.727646281959753
 0.8259812324223803
 0.8002597389274057
 0.8052021822829549
 0.846305116073605
 0
 0
 0.4432785660953393
 0.5994111965769191
 0.6880470728130927
 0.5559959022362813
 0.6436383267807857
 0.5777429570946726
 0.5442933035237557
 0.5991754122324878
 0.5622328135005157
 0.6134092648555051
 0.6427986461336422
 0.6349876587068343
 0.6797133304106988
 0.6991043605904185
 0.6849478238472795
 0.7314771045973282
 0.7265413834424136
 0.7075764375194383
 0.7468792582096284
 0.7545886782112988
 0.7492632814315122
 0.7408449151502978
 0.7528937606354702
 0.7659072127607899
 0.7843474406770948
 0.7974865106549078
 0.8103355040942273
 0.815216503602179
 0
 0
 0.9999997565545906
 0.9999993572577011
 0.9999999856375891
 0.9999999999988837
 0.9999999999999923
 1
 0.9999999999999997
 1
 0.9999999999999981
 0.9999999999999992
 0.9952425095635155
 0.9862439210800915
 0.9814443588388511
 0.9794558645296716
 0.9714850397431496
 0.9724703331174158
 0.9613701029438358
 0.9687048270776409
 0.9656896942739298
 0.9646189151419357
 0.9572812006787697
 0.9621926030146585
 0.9535856970081064
 0.9539341751895318
 0.9545442549408493
 0.9574243764429107
 0.9590389691485041
 0.9482842424364619
 0
 0
 0.4264829482792035
 0.7575964987611472
 0.5904805922238114
 0.541111820642705
 0.6582580213973371
 0.5423024554950069
 0.5878963523029584
 0.6131206567237445
 0.5495357255540771
 0.6157876146494426
 0.6231628918016452
 0.670730171608298
 0.6746639195067875
 0.6792641601445457
 0.6455443935556944
 0.6957865437800385
 0.6851134414011342
 0.7023532346056121
 0.7094206750577657
 0.7432392052141594
 0.7967166138665902
 0.7202782473416045
 0.7398875943349964
 0.754387441016271
 0.8605633241956923
 0.8512860928144723
 0.8371277992206864
 0.8112032411534809
 0
 0
 0.7892931470571475
 0.8807603706256989
 0.6732116068069975
 0.6711885480591969
 0.7662121269657517
 0.6941024067110143
 0.759975613389589
 0.6995513644874073
 0.6663182222796632
 0.6901858428223939
 0.7063576568172335
 0.6959075872894855
 0.7326851081493201
 0.7129254848119384
 0.7125271879058782
 0.7418177879144801
 0.8134946619020202
 0.7260407020342907
 0.7426223882038028
 0.7727258673837527
 0.7845502689387057
 0.7353743595162819
 0.7904941083347982
 0.7901347080403806
 0.8029856067828478
 0.8632197326229137
 0.7977632876529779
 0.839810262691619
 0
 0
 0
 0
 0
 0
 0
 0
 0
 0
 0
 0
 0
 0
 0
 0
 0
 0
 0
 0
 0
 0
 0
 0
 0
 0
 0
 0
 0
 0
 0
 0
 0
 0
 0
 0
 0
 0
 0
 0
 0
 0
 0
 0
 0
 0
 0
 0
 0
 0
 0
 0
 0
 0
 0
 0
 0
 0
 0
 0
 0
 0
 0
 0
 0
 0
 0
 0
 0
 0
 0
 0
 0
 0
 0
 0
 0
 0
 0
 0
 0
 0
 0
 0
 0
 0
 0
 0
 0
 0
 0
 0
 0
 0
 0
 0
 0
 0
 0
 0
 0
 0
 0
 0
 0
 0
 0
 0
 0
 0
 0
 0
 0
 0
 0
 0
 0
 0
 0
 0
 0
 0
 0
 0
 0
 0
 0
 0
 0
 0
 0
 0
 0
 0
 0
 0
 0
 0
 0
 0
 0
 0
 0
 0
 0
 0
 0
 0
 0
 0
 0
 0
 0.9999903744649181
 0.9999999480834747
 0.9999999999654813
 0.9999999999980158
 0.9999999999993557
 0.999999990467473
 0.9999894711700821
 0.9999992457418755
 0.9999951590408179
 0.9999932476664397
 0.9907803453226729
 0.9806709978102508
 0.9817530608978033
 0.9711974075047574
 0.980079618137915
 0.9731982855089099
 0.964005492330009
 0.971391974113637
 0.9659234601659913
 0.9644823987220565
 0.953474394852903
 0.9712232545775528
 0.9561551907409006
 0.9502773671900114
 0.9534773345502764
 0.959123370268943
 0.9532439090971879
 0.9426331681371277
 0
 0
 0
 0
 0
 0
 0
 0
 0
 0
 0
 0
 0
 0
 0
 0
 0
 0
 0
 0
 0
 0
 0
 0
 0
 0
 0
 0
 0
 0
 0
 0
 0
 0
 0
 0
 0
 0
 0
 0
 0
 0
 0
 0
 0
 0
 0
 0
 0
 0
 0
 0
 0
 0
 0
 0
 0
 0
 0
 0


