# Created by Octave 3.8.2, Sat Nov 21 00:54:15 2015 CET <dkottke@snake5>
# name: mus
# type: matrix
# ndims: 3
 1 30 19
 0
 0
 0.601503759398496
 0.5025252525252525
 0.5012658227848104
 0.5037878787878788
 0.5112781954887219
 0.5127551020408163
 0.514520202020202
 0.51025641025641
 0.5132575757575758
 0.5075757575757576
 0.5064102564102565
 0.5184948979591837
 0.5807692307692306
 0.5651041666666666
 0.5615231599886331
 0.5732323232323231
 0.5513784461152882
 0.618421052631579
 0.7619047619047619
 0.7601010101010101
 0.7607274793975561
 0.75
 0.7360000000000001
 0.641025641025641
 0.6765271765271764
 0.6505102040816327
 0.71145196632453
 0.6641025641025641
 0
 0
 0.3333333333333333
 1
 0.8
 0.6
 0.9
 0.9
 0.9
 0.9
 0.9
 1
 1
 1
 0.9333333333333333
 0.9333333333333333
 0.9333333333333333
 0.95
 0.95
 0.9
 0.8
 0.86
 0.8299999999999998
 0.8399999999999999
 0.8
 0.8866666666666667
 0.8400000000000001
 0.9
 0.86
 0.8666666666666668
 0
 0
 0.4981011843123846
 0.7822695852923857
 0.811241777572028
 0.7892931470571475
 0.9142579197660098
 0.9155305159383131
 0.8931117344799147
 0.9161386725287447
 0.8935713632627167
 0.9716217205568605
 0.9590855202251941
 0.9559236732812448
 0.9524781207337086
 0.9332325538538359
 0.9451354349049033
 0.9558985050133749
 0.9351633103949939
 0.9214580132571057
 0.8960478801230645
 0.8864825550301472
 0.9290734446134868
 0.9092007143681108
 0.9250832706665745
 0.9326827480758614
 0.910193652124209
 0.8993766716598417
 0.9159574639751273
 0.9120833154993728
 0
 0
 0.5533455808414787
 0.6498941229125332
 0.7462927869824381
 0.74140398361536
 0.8126313835801308
 0.8437207113423946
 0.8865056723719748
 0.9006674463726735
 0.8964088491328277
 0.9355203512093218
 0.9444174943551678
 0.9390870010360901
 0.9031623584503466
 0.9063147942502598
 0.9089803716494427
 0.9101290381746642
 0.9156770506449501
 0.9047493452331608
 0.8421488938485169
 0.8586696659393919
 0.8678845027015087
 0.8731395193043333
 0.8884970792822386
 0.8610331122701411
 0.8360589894962377
 0.8326339379410581
 0.8224886515197544
 0.8268627838687015
 0
 0
 0
 1
 0.6
 0.5
 0.8571428571428571
 1
 0.8888888888888888
 1
 0.9090909090909091
 1
 1
 1
 0.8
 1
 1
 1
 1
 1
 1
 1
 0
 1
 1
 1
 1
 1
 1
 1
 0
 0
 0.08333363776086633
 0.766906075219689
 0.7208424413064811
 0.8092045032401723
 0.8487256966180355
 0.9202654036636272
 0.9625825802545862
 0.9814657829173515
 0.8777087551006186
 0.9944131640363814
 0.8922940389259496
 0.9222859095468235
 0.8594144761905517
 0.974583882679469
 0.9712710123345378
 0.9730820620372079
 0.8767207099358025
 0.8808401810694023
 0.8529508476151859
 0.8596421043335963
 0.8258177413408879
 0.8363554631510425
 0.8832102139014254
 0.9697063369098604
 0.8300127835704429
 0.8206259688629859
 0.8347327223782045
 0.8152813637697575
 0
 0
 0.3678794411714423
 0.854325563307706
 0.7494005425920017
 0.734268435985902
 0.7569208796017276
 0.904311762813613
 0.8318982988319399
 0.8743343301239875
 0.890052483213768
 0.8951656817855187
 0.9240776069621093
 0.9364878046605671
 0.9337854902633971
 0.9135428814271367
 0.8788604531540181
 0.9324276889359077
 0.9238830702917336
 0.9141102385823665
 0.9002362642152169
 0.8890086908104677
 0.8855798245196227
 0.8465169134882663
 0.9029026859409814
 0.8890460081033761
 0.8604225391370076
 0.8313150365518757
 0.8474439938972583
 0.9463879772017502
 0
 0
 0.554038703592884
 0.57317612814728
 0.7747751663773785
 0.7796454443229663
 0.835151181635455
 0.8323687906613753
 0.8831817965316833
 0.9031629598248162
 0.9100276319453586
 0.9287092406646722
 0.9327878218565021
 0.9331187711951214
 0.9036718891937945
 0.9079956163655463
 0.9050953626748977
 0.9080730903827517
 0.9118534571811145
 0.9062514102838189
 0.8510525824423645
 0.8708845237388215
 0.8697526801779369
 0.8812838086389504
 0.8966954558045477
 0.8806696671584558
 0.8521334596730112
 0.864873741493781
 0.8470637627108216
 0.8451805769687548
 0
 0
 0.9998805101621429
 0.9999999999997383
 0.9999999996517474
 0.9999999873699349
 1
 0.9999999999999857
 1
 0.9999999999999997
 0.9999999999999991
 0.9996574553938883
 0.9971370268723866
 0.991645235339178
 0.9815954766165597
 0.9721521695455357
 0.9687398564726016
 0.9718367783622125
 0.9756976009976431
 0.9733073793448961
 0.9679610442980711
 0.9586309542062962
 0.9593990358766519
 0.9592344269223707
 0.9511917525302248
 0.9448653249283256
 0.955292047613981
 0.9455903304916233
 0.9443318740882883
 0.9520290742266776
 0
 0
 0.08332975147849453
 0.5775446026929206
 0.6638239578906938
 0.8631512024663259
 0.8546195229743715
 0.9852236414900678
 0.9702541336254353
 0.9484582921286006
 0.9665982450579615
 0.9594859755666505
 0.9341911543376122
 0.9444255602835914
 0.9010386653458006
 0.9191165140775982
 0.9589163615224056
 0.9154871418578946
 0.9323332270734221
 0.9079049529191298
 0.8458361937974835
 0.870158571246186
 0.8588666706508189
 0.8897399193512685
 0.8858604831740753
 0.8701069606877038
 0.9193740730367912
 0.938473348166928
 0.9030536938764057
 0.9519243016798278
 0
 0
 0.3678794411714423
 0.8671692825955271
 0.7676510951680328
 0.7178365389837909
 0.7739642124078238
 0.8898206482027409
 0.8180609176748284
 0.8543681903936881
 0.8509912741742037
 0.8973983338933625
 0.9317388156142618
 0.8930208880699713
 0.8834434308472511
 0.8947831938781339
 0.9040546782625438
 0.8969578695060988
 0.9156429299696202
 0.894762510777757
 0.8961973217922337
 0.8927152372205535
 0.864583943446177
 0.8902839821565488
 0.9078774677243456
 0.8803227206460552
 0.8715676683762954
 0.84792847830644
 0.9341186046588716
 0.8367621420140541
 0
 0
 0
 0
 0
 0
 0
 0
 0
 0
 0
 0
 0
 0
 0
 0
 0
 0
 0
 0
 0
 0
 0
 0
 0
 0
 0
 0
 0
 0
 0
 0
 0
 0
 0
 0
 0
 0
 0
 0
 0
 0
 0
 0
 0
 0
 0
 0
 0
 0
 0
 0
 0
 0
 0
 0
 0
 0
 0
 0
 0
 0
 0
 0
 0
 0
 0
 0
 0
 0
 0
 0
 0
 0
 0
 0
 0
 0
 0
 0
 0
 0
 0
 0
 0
 0
 0
 0
 0
 0
 0
 0
 0
 0
 0
 0
 0
 0
 0
 0
 0
 0
 0
 0
 0
 0
 0
 0
 0
 0
 0
 0
 0
 0
 0
 0
 0
 0
 0
 0
 0
 0
 0
 0
 0
 0
 0
 0
 0
 0
 0
 0
 0
 0
 0
 0
 0
 0
 0
 0
 0
 0
 0
 0
 0
 0
 0
 0
 0
 0
 0
 0
 1
 0.9999999981762988
 0.9999999999777649
 1
 0.9999999999999688
 0.9999996213021453
 0.9999980277527672
 0.9999998624231423
 0.9999998829178349
 0.9998008068990942
 0.989404022777564
 0.9940057143589959
 0.9756129163232435
 0.9726152121279342
 0.9735761210524312
 0.9655888179004614
 0.9729099505423325
 0.9621806568313512
 0.9701656453256011
 0.9633609078989074
 0.9655126023446844
 0.9557145301674048
 0.9602755762531833
 0.9616191526147048
 0.9608410069095845
 0.9510840689658983
 0.9498052248884008
 0.9486655630163843
 0
 0
 0
 0
 0
 0
 0
 0
 0
 0
 0
 0
 0
 0
 0
 0
 0
 0
 0
 0
 0
 0
 0
 0
 0
 0
 0
 0
 0
 0
 0
 0
 0
 0
 0
 0
 0
 0
 0
 0
 0
 0
 0
 0
 0
 0
 0
 0
 0
 0
 0
 0
 0
 0
 0
 0
 0
 0
 0
 0


