# Created by Octave 3.8.2, Fri Nov 20 23:36:21 2015 CET <dkottke@snake5>
# name: mus
# type: matrix
# ndims: 3
 1 30 19
 0
 0
 0.6376811594202897
 0.6875
 0.8195121951219514
 0.7794117647058825
 0.8177339901477833
 0.9567307692307693
 0.9806763285024155
 0.95
 0.9760765550239233
 0.9705882352941176
 0.966346153846154
 0.9744897959183675
 0.9692307692307693
 0.9663461538461539
 0.9566993464052289
 0.9848484848484849
 0.985645933014354
 0.9850000000000001
 0.9841269841269842
 0.9848484848484849
 0.9855072463768116
 0.9791666666666666
 0.98
 0.9855769230769231
 0.9841269841269841
 0.9744897959183675
 0.9852216748768473
 0.9611111111111112
 0
 0
 0.6666666666666666
 0.5
 0.8
 1
 0.9
 1
 1
 0.8
 0.7666666666666667
 1
 1
 1
 1
 1
 1
 1
 1
 1
 1
 1
 1
 1
 1
 1
 1
 1
 1
 1
 0
 0
 0.7708562974246478
 0.7242878413620121
 0.9144003409919661
 0.8834387622018263
 0.9020213133815735
 0.9325738070582872
 0.9117138286169448
 0.8883253679402882
 0.8796863869696312
 0.9521207884668402
 0.9792844083393317
 0.9530612455176565
 0.973097836859288
 0.9492497494197644
 0.9450373994938357
 0.9508888805046285
 0.9853043889092565
 0.9955848953622293
 0.9822380449781071
 0.9903989860899953
 0.9859785034478463
 0.9862206282231334
 1
 0.9949127171194843
 0.9926462306942153
 0.9976951618338499
 0.9932731968803303
 1
 0
 0
 0.6593914296677693
 0.7021028305541693
 0.7879083797169052
 0.8334599941352985
 0.8113905140319231
 0.8874093424232903
 0.826860288661536
 0.8339986764956343
 0.8649425559161441
 0.8979964251290559
 0.9208467614048211
 0.9152809237622598
 0.9279997525717394
 0.9321540053777788
 0.9391799584285389
 0.9316865570070102
 0.9425626628625305
 0.9480431282947467
 0.9510126148183141
 0.9511333791463548
 0.952277646010763
 0.9578831212877467
 0.9580988132547307
 0.9610808061658025
 0.9641132236367376
 0.9626141484439488
 0.9651043829006127
 0.9669535547807302
 0
 0
 1
 0
 0.6
 1
 0.8571428571428571
 1
 0.6666666666666666
 0.9
 1
 1
 1
 1
 1
 1
 1
 1
 1
 1
 1
 1
 1
 1
 1
 1
 1
 1
 1
 1
 0
 0
 0.9932859683726204
 0.3604963984998595
 0.7308260703781162
 0.9655400576267457
 0.9727123630078095
 0.9751287866183828
 0.8156236363032443
 0.9379016669344449
 0.8062354126432121
 0.9826297476400846
 0.9898987089798943
 0.9842290700220691
 0.9427964158330019
 0.9904103902650514
 0.9940843198177131
 0.9880523498459725
 0.9977383233021678
 0.9182196605952149
 0.9986415793141362
 0.9180281579770728
 0.945575058797832
 0.8959690059353936
 0.9991660052792101
 0.9138898075049131
 0.9361159710765986
 0.9393848276251976
 0.9299367270578527
 0.9993202789837696
 0
 0
 0.3678794411714423
 0.8236301984122985
 0.7937680524977646
 0.8161258934010093
 0.806231508056607
 0.8766582476228996
 0.8585653601366673
 0.8838904595007899
 0.8320939979136859
 0.8783404257656154
 0.8976344967991499
 0.8500711841123336
 0.8906410241410162
 0.8881360564228958
 0.895411019968563
 0.9331029500555358
 0.9286200471426824
 0.8984308738731023
 0.9655699564500296
 0.9483609418103325
 0.9276511267348129
 0.8937591527081651
 0.9841077562965987
 0.9496768443812984
 0.9450961631000124
 0.9176497293168624
 0.9088588330953189
 0.9373596575275157
 0
 0
 0.6645510202840289
 0.6729303983801267
 0.7682500666896863
 0.8052936552220231
 0.8307299823719237
 0.8845260983487252
 0.8586088848726329
 0.8408255982403403
 0.8748253753369699
 0.8867462815502273
 0.9093716349957187
 0.9156530992928675
 0.9371035720173599
 0.9354632625194487
 0.9412612411018179
 0.9419905695431718
 0.9540784230387029
 0.9576492332626583
 0.960700222240741
 0.9593349975668223
 0.9646132712936517
 0.9697176465823781
 0.973326494561359
 0.9736067089412386
 0.9764819303627097
 0.9762633386619107
 0.9797119683543137
 0.9817224713195922
 0
 0
 0.9998304278785505
 0.999999996190289
 0.9999999749992825
 1
 0.9999999999853599
 1
 1
 0.9999999999999996
 1
 0.9999999999999998
 0.9969696665467076
 0.9888406038134391
 0.9785676712618908
 0.9751530833615673
 0.9763211712006669
 0.9709991304392595
 0.9647991762250192
 0.9643834142557232
 0.9594799270051141
 0.9609392609677454
 0.9643319473151309
 0.9595826611630489
 0.9604719836606234
 0.9566507409387159
 0.9587902413656236
 0.9530293146418333
 0.9620980039327123
 0.9381963365771508
 0
 0
 0.9932977005662734
 0.4748391720300182
 0.7884208956310031
 0.8054985475788988
 0.8375394844012318
 0.8878210636804372
 0.9623663246038674
 0.852724100852692
 0.8867971938120217
 0.9828803158191973
 0.9825226049811866
 0.9264216495584445
 0.9484373790742616
 0.9372309102676682
 0.9650395551162689
 0.9906012442570253
 0.9957133610789024
 0.9723840662933239
 0.9561356529417445
 0.9962718281851192
 0.9517315100620198
 0.9687332121291727
 0.9747421050759885
 0.969263052306895
 0.9960677644341143
 0.9993478991621316
 0.9979052452255972
 0.9854702907109161
 0
 0
 0.3678794411714423
 0.820484794033851
 0.7356974128651608
 0.8974159526752055
 0.8296222876138961
 0.8022065376518482
 0.810968203460149
 0.839796135339645
 0.8725271695506126
 0.8146168998120454
 0.8595675209194654
 0.835270399550786
 0.9132471093971991
 0.9011670556766156
 0.9115930471284427
 0.9094820441472432
 0.9033192837943296
 0.9371623308875968
 0.9884547567114577
 0.9356193413167121
 0.9345506618898556
 0.9883184689956683
 0.9805890238356015
 0.9343495207416126
 0.947738870306035
 0.9505571631836499
 0.9519668577904976
 0.9502304089716039
 0
 0
 0
 0
 0
 0
 0
 0
 0
 0
 0
 0
 0
 0
 0
 0
 0
 0
 0
 0
 0
 0
 0
 0
 0
 0
 0
 0
 0
 0
 0
 0
 0
 0
 0
 0
 0
 0
 0
 0
 0
 0
 0
 0
 0
 0
 0
 0
 0
 0
 0
 0
 0
 0
 0
 0
 0
 0
 0
 0
 0
 0
 0
 0
 0
 0
 0
 0
 0
 0
 0
 0
 0
 0
 0
 0
 0
 0
 0
 0
 0
 0
 0
 0
 0
 0
 0
 0
 0
 0
 0
 0
 0
 0
 0
 0
 0
 0
 0
 0
 0
 0
 0
 0
 0
 0
 0
 0
 0
 0
 0
 0
 0
 0
 0
 0
 0
 0
 0
 0
 0
 0
 0
 0
 0
 0
 0
 0
 0
 0
 0
 0
 0
 0
 0
 0
 0
 0
 0
 0
 0
 0
 0
 0
 0
 0
 0
 0
 0
 0
 0
 0
 0.9999832128204937
 0.9999998806998128
 0.999999999884383
 0.9999999999999992
 0.9999999999999394
 0.9999984393248047
 0.9999963996019651
 0.999999882929029
 0.9999999992550529
 0.9995936697167045
 0.9961814693039626
 0.9891598887662737
 0.9834419197114717
 0.9750265663757508
 0.9787284904326159
 0.967197571461374
 0.9666467217052226
 0.9588247877005248
 0.9632817358771314
 0.9592637559614289
 0.9594213075250746
 0.9575584049702407
 0.947578395121362
 0.9554051317578484
 0.9595426258416001
 0.953898108959414
 0.9542177953343323
 0.9406042608577622
 0
 0
 0
 0
 0
 0
 0
 0
 0
 0
 0
 0
 0
 0
 0
 0
 0
 0
 0
 0
 0
 0
 0
 0
 0
 0
 0
 0
 0
 0
 0
 0
 0
 0
 0
 0
 0
 0
 0
 0
 0
 0
 0
 0
 0
 0
 0
 0
 0
 0
 0
 0
 0
 0
 0
 0
 0
 0
 0
 0


