# Created by Octave 3.8.2, Sun Nov 15 18:33:09 2015 CET <dkottke@snake1>
# name: mus
# type: matrix
# ndims: 3
 1 30 19
 0
 0
 0.6618357487922704
 0.6586538461538461
 0.9658536585365854
 0.8627450980392155
 0.8866995073891626
 0.9375
 0.9420289855072466
 0.945
 0.9569377990430621
 0.9460784313725492
 0.9471153846153847
 0.9591836734693878
 0.9487179487179488
 0.9471153846153846
 0.9656862745098039
 0.9696969696969698
 0.9665071770334929
 0.96
 0.9682539682539684
 0.9654882154882155
 0.9710144927536233
 0.967013888888889
 0.97
 0.9711538461538463
 0.9667422524565382
 0.9642857142857143
 0.9598874032371569
 0.9722222222222223
 0
 0
 1
 1
 0.4
 1
 0.8
 0.8
 0.8
 0.9
 0.9
 0.8666666666666666
 0.8333333333333334
 0.8666666666666666
 0.8666666666666666
 0.8666666666666666
 0.8833333333333332
 0.9333333333333332
 0.95
 0.9
 0.86
 0.9099999999999999
 0.9099999999999999
 0.8699999999999999
 0.8800000000000001
 0.8866666666666667
 0.8933333333333333
 0.8866666666666667
 0.8266666666666668
 0.8666666666666668
 0
 0
 1
 1
 0.591228705290866
 0.8206750187720404
 0.823468862169812
 0.7819184072041476
 0.8847562518598275
 0.870804884031134
 0.9240940859744264
 0.8966034596589507
 0.8989778657248308
 0.8207057787440126
 0.8325443971289564
 0.8945778588538988
 0.8994851437544701
 0.9468872318686929
 0.9175760347411649
 0.9136386235821551
 0.9106422988769761
 0.9368180672483355
 0.9219715085827073
 0.9362508613436017
 0.9241218417218729
 0.9294328120079003
 0.9416220068491
 0.9297506607183346
 0.8694313177241106
 0.8645333022269703
 0
 0
 0.9999999999785089
 0.9999999998645573
 0.6172725209236697
 0.7737636461478803
 0.748625739920178
 0.6393522052063494
 0.730236191329963
 0.7536002886504314
 0.7784103250486308
 0.8041569284903588
 0.7437661724096223
 0.7476932829337473
 0.7713478861692699
 0.7853118496843395
 0.793213311750785
 0.8139171823786631
 0.8265253507455909
 0.8323956437511153
 0.8122725942443192
 0.8192281443162427
 0.832546654106098
 0.83821585816055
 0.844615671636773
 0.8498224962383411
 0.8542567049873334
 0.8650655123680836
 0.7945887663129312
 0.8082121074238576
 0
 0
 0.9999999999677568
 0.9999999999061421
 0.6103143746565692
 0.7215891745929296
 0.7609125469036925
 0.6756940059428284
 0.7373594367583165
 0.7819992170212928
 0.7854474038935408
 0.7982028353138229
 0.7392710391006578
 0.7499021239225531
 0.7762585014614173
 0.7876183431731135
 0.8011221048527135
 0.8153872408578684
 0.8306476143762261
 0.8254658892891034
 0.8135836068745271
 0.8194030987364519
 0.8322338978300293
 0.8316574369139356
 0.8410000072065253
 0.8448515519365171
 0.853092468886674
 0.8640636794129752
 0.7971709440750256
 0.8059263731245269
 0
 0
 0.9999999999883913
 0.9999999998822245
 0.5996813311288441
 0.7171685595993015
 0.7237652208714805
 0.7760690523191847
 0.6945679368805692
 0.7634747543275596
 0.7683635728157795
 0.7578452405790551
 0.8729407619013799
 0.7700310380389374
 0.7493125916578651
 0.8110622265041482
 0.7761486285518309
 0.828529724572428
 0.8513435353615086
 0.7728089388116978
 0.7951583028895136
 0.8292707502929071
 0.9586806236937976
 0.8034210216011186
 0.8535700535792349
 0.8337840812103088
 0.8710418913836192
 0.8491188102589377
 0.7977052641085655
 0.8399385499674848
 0
 0
 1
 0.9999999999697873
 0.7874321914810334
 0.7952763839032518
 0.7422385281726183
 0.8254642389856336
 0.7956554478979132
 0.7987196274664714
 0.8185706165614419
 0.8437957251445116
 0.8283130865940639
 0.8066185106613208
 0.8257273414422884
 0.9319532089136723
 0.8052193379712094
 0.8538376925015293
 0.8525162968870587
 0.8243498061838405
 0.8595157582236304
 0.8510335201801955
 0.8469197095920937
 0.8773237695920143
 0.9590402069090872
 0.8977616825767747
 0.8737070525647659
 0.8428021694190873
 0.8645137215659149
 0.8633083789302973
 0
 0
 0.999999999978484
 0.9999999999555577
 0.6413460013691009
 0.7155854238039513
 0.6510722014986972
 0.6619709854055492
 0.7467379764668393
 0.7725709713395323
 0.8141409881662524
 0.814124571005203
 0.7621159455004244
 0.7611000462634829
 0.804633078597819
 0.8157048543437655
 0.8294874238484922
 0.8391722888544951
 0.864755632905213
 0.8730348495479389
 0.8576036144234941
 0.8599092544608428
 0.8741447960203348
 0.8775209970032966
 0.8886154731223446
 0.892648600557309
 0.892076654249458
 0.9072172499491064
 0.8248104328457718
 0.842312611188367
 0
 0
 0.9999999999811455
 0.9999999999723406
 0.6082201751605448
 0.6616723602642041
 0.6626708707145855
 0.698731067770213
 0.7632849016446279
 0.8021655895672153
 0.8232568903621421
 0.8075586067565502
 0.7469382862635386
 0.7748381835047317
 0.8017611984223468
 0.8198148045284251
 0.8283235108322892
 0.8388102130850852
 0.8617500466768787
 0.8668492692802423
 0.858491004836936
 0.8617071215044054
 0.8763218738167808
 0.8801096387426482
 0.8844687374277493
 0.8885575341989342
 0.8891124586512251
 0.9070550284116654
 0.8233388981627529
 0.8354556901956536
 0
 0
 0.9999999999714575
 0.9999999999996115
 0.6150591730494891
 0.7081837605375541
 0.6966032499952223
 0.7838872218592948
 0.7952230205962625
 0.7577071198100779
 0.7557135944553354
 0.7726363423975409
 0.7353343285092564
 0.732100139367859
 0.7805255229663809
 0.8001678041641322
 0.9421801287130854
 0.8463782836909807
 0.8363751972622818
 0.9217881806188559
 0.8755572448649341
 0.8544186734869461
 0.866291370847748
 0.9446190768908544
 0.883789064098779
 0.8896062603272152
 0.9054485351080517
 0.9033182155897838
 0.8237231592309723
 0.843845713247509
 0
 0
 1
 0.9999999999620076
 0.8596009224406862
 0.7687555611093112
 0.8259384316162914
 0.796549352371775
 0.7530009998560173
 0.7811883115905318
 0.7982351590131076
 0.8059287530566006
 0.7936006498592866
 0.801553713958388
 0.8082410278372388
 0.8436116290310341
 0.8024620983166677
 0.8503883417336676
 0.8465555741569368
 0.8498944153215794
 0.8713929333477304
 0.849825432201751
 0.9205816277587736
 0.8793268569335415
 0.8935258110462323
 0.9455475035597123
 0.8898075630176149
 0.9233409345144382
 0.861225393972209
 0.8773876281616562
 0
 0
 0
 0
 0
 0
 0
 0
 0
 0
 0
 0
 0
 0
 0
 0
 0
 0
 0
 0
 0
 0
 0
 0
 0
 0
 0
 0
 0
 0
 0
 0
 0
 0
 0
 0
 0
 0
 0
 0
 0
 0
 0
 0
 0
 0
 0
 0
 0
 0
 0
 0
 0
 0
 0
 0
 0
 0
 0
 0
 0
 0
 0
 0
 0
 0
 0
 0
 0
 0
 0
 0
 0
 0
 0
 0
 0
 0
 0
 0
 0
 0
 0
 0
 0
 0
 0
 0
 0
 0
 0
 0
 0
 0
 0
 0
 0
 0
 0
 0
 0
 0
 0
 0
 0
 0
 0
 0
 0
 0
 0
 0
 0
 0
 0
 0
 0
 0
 0
 0
 0
 0
 0
 0
 0
 0
 0
 0
 0
 0
 0
 0
 0
 0
 0
 0
 0
 0
 0
 0
 0
 0
 0
 0
 0
 0
 0
 0
 0
 0
 0
 0
 0.9747226389418926
 0.9891053244534986
 0.5921599558775984
 0.6584396969255928
 0.6532913999799944
 0.6969159467221456
 0.7657792271504527
 0.8064128113123025
 0.817185921981633
 0.804959353927723
 0.7496006002815958
 0.7626890908518287
 0.7961268340210599
 0.822671010649443
 0.825190447888988
 0.8369823638602546
 0.8623884587256101
 0.8624284857369656
 0.8551967312879791
 0.8602193095051857
 0.8767315740056876
 0.8805052092645443
 0.8832989792697207
 0.8875330118082292
 0.8921340102028227
 0.9049051045910909
 0.8228908421143559
 0.8360050108117076
 0
 0
 0
 0
 0
 0
 0
 0
 0
 0
 0
 0
 0
 0
 0
 0
 0
 0
 0
 0
 0
 0
 0
 0
 0
 0
 0
 0
 0
 0
 0
 0
 0
 0
 0
 0
 0
 0
 0
 0
 0
 0
 0
 0
 0
 0
 0
 0
 0
 0
 0
 0
 0
 0
 0
 0
 0
 0
 0
 0


