# Created by Octave 3.8.2, Fri Nov 20 20:09:39 2015 CET <dkottke@snake3>
# name: mus
# type: matrix
# ndims: 3
 1 30 19
 0
 0
 0.4974958263772955
 0.4972160356347439
 0.5587743732590528
 0.5590858416945373
 0.6336853807670931
 0.6456473214285714
 0.6487995533221657
 0.6636871508379889
 0.6413034817942797
 0.6784116331096198
 0.7021553325901151
 0.6999162946428569
 0.6879551820728284
 0.6975446428571429
 0.6976657329598506
 0.6812570145903477
 0.6783314669652855
 0.6758426966292136
 0.6699159663865546
 0.6771417882528993
 0.6725195094760313
 0.670608108108108
 0.6580281690140847
 0.6594202898550726
 0.6568462401795735
 0.6542968750000001
 0.6521134593993325
 0.6531073446327685
 0
 0
 1
 1
 0.6
 0.6
 0.5
 0.7
 0.7
 0.8
 0.7666666666666667
 0.7333333333333333
 0.7666666666666666
 0.5666666666666667
 0.6
 0.5
 0.5333333333333333
 0.5333333333333333
 0.6333333333333333
 0.6
 0.6599999999999999
 0.66
 0.6799999999999999
 0.7
 0.72
 0.7466666666666667
 0.74
 0.7133333333333334
 0.7133333333333334
 0.7333333333333333
 0
 0
 1
 1
 0.6211141819913741
 0.6215729461257666
 0.7160982698668252
 0.7654324364697167
 0.8312254468001949
 0.7704152854401456
 0.681107432758268
 0.6837314677439081
 0.7369964498098253
 0.6510502468784519
 0.6108894304005865
 0.4680993077227633
 0.4820313666264893
 0.542774639667321
 0.5586616878290789
 0.5447887662097646
 0.5615305342972128
 0.6104453011396918
 0.6811522065342602
 0.6866504404154707
 0.7221268990717864
 0.7129735950514906
 0.7385836668654813
 0.6798958746128774
 0.7228875884240291
 0.6916829346410696
 0
 0
 0.9999999991428703
 0.9999999999961589
 0.5724916572654597
 0.7140734015480018
 0.5006723528682072
 0.6706585132236615
 0.7265667363302604
 0.770100844941927
 0.6757184394648835
 0.681710339747243
 0.6946082786923488
 0.6305872924703223
 0.550883773386648
 0.4553324181402041
 0.5185963310625853
 0.549685939016205
 0.5893897776976619
 0.60000534398093
 0.6249268244241198
 0.6700531973441197
 0.678488713226553
 0.695631639266728
 0.7027667450696937
 0.7154656242778188
 0.7616669233033598
 0.7267720847680165
 0.7438258850346998
 0.7521580628053802
 0
 0
 1
 1
 1
 0.8333333333333334
 0.5714285714285714
 0.875
 0.8888888888888888
 0.7
 0.6363636363636364
 0.75
 0.6153846153846154
 0.7777777777777778
 0.2
 0.3333333333333333
 0.5
 1
 1
 0
 0
 1
 0
 0
 1
 1
 1
 0
 1
 0
 0
 0
 0.9999999999999468
 0.9999999999964894
 0.8638106877856635
 0.8077267541154116
 0.5888095307272871
 0.7723109851966001
 0.8195597016369258
 0.7472247456821198
 0.7118808691113858
 0.7358307587282986
 0.6705295858833369
 0.7089644277805927
 0.524995624434869
 0.4437096334264407
 0.4877268016640381
 0.6357371098642317
 0.6820234033239252
 0.5419610463574051
 0.5456834203831851
 0.6227774166086273
 0.5772308187152458
 0.6261649126436306
 0.6640162624839748
 0.80631269273165
 0.8269109791220858
 0.6614137692129076
 0.6740823065541515
 0.6966620680913891
 0
 0
 1
 0.9999999999955251
 0.8439276763323057
 0.7824524791966178
 0.5842193915261595
 0.660382048699805
 0.8116069400579677
 0.7397965679907107
 0.6621558977733224
 0.6920352164780159
 0.6707697567624531
 0.6610383954787409
 0.681071909809545
 0.5998611839826755
 0.6278582338326442
 0.5896985827178963
 0.6046191558549606
 0.6183518734990995
 0.6345788658251623
 0.6608238737738407
 0.6646640955320289
 0.710757294790888
 0.7002507262496107
 0.7447908906308884
 0.7147321655948919
 0.7029949433984164
 0.7216746733055961
 0.7017404552156641
 0
 0
 0.9999999996581574
 0.9999999999936425
 0.5293769984845387
 0.701440473601617
 0.572210897380812
 0.6314338085947485
 0.6878688220302183
 0.7261365158100612
 0.6507742663802011
 0.6438108358581118
 0.657214647240096
 0.6135959948077031
 0.5693494251192105
 0.4747858494398272
 0.4895723685284095
 0.5169447597720052
 0.5572452704009846
 0.5644309855255254
 0.5838722493422449
 0.6225274372943024
 0.64612253923792
 0.652012958558242
 0.6693497802747841
 0.6814393728560468
 0.7039711141009997
 0.6785954935002333
 0.6914832628256427
 0.701796896360385
 0
 0
 0.9422427427949533
 0.9057567142309834
 0.921059858618299
 0.9123794300379446
 0.9342871471907495
 0.9024772936494888
 0.9394987377351216
 0.9254252172856077
 0.9287711343482666
 0.9146973963289766
 0.9059467167249012
 0.9288566620960003
 0.9099670297228177
 0.9176932688942494
 0.9118263989881504
 0.9054979799412094
 0.9076914998250647
 0.9113197687826415
 0.9060340302506282
 0.8990979543655798
 0.904579905904967
 0.8963327668604639
 0.9017741484258479
 0.9074277393937665
 0.904842103567559
 0.9069149475551114
 0.9092357925676798
 0.9046687019077068
 0
 0
 0.9999999999670265
 0.9999999999999772
 0.7984126168046115
 0.676850160174583
 0.5917319639037235
 0.67690507338537
 0.7871710421397211
 0.6864738799001109
 0.7801171732429669
 0.7287129385434408
 0.6522799416712848
 0.6214236398817685
 0.5954907151068691
 0.4685079791310323
 0.4884378233209442
 0.5064174117672088
 0.5702596590117578
 0.6084278266174136
 0.5839231658030982
 0.6551899211269501
 0.5820827543705284
 0.6798202398840991
 0.6568594823671143
 0.7038164605904291
 0.7404485657829288
 0.3297550377681193
 0.5537580011386497
 0.7581134558943456
 0
 0
 1
 1
 0.8626304935891151
 0.7720845894217258
 0.5340400305250295
 0.6947868268740357
 0.8057042853778449
 0.733731607474236
 0.6137625407820733
 0.6625411602019571
 0.7011376164176034
 0.6859101918047774
 0.7092282092912163
 0.6359493464795781
 0.6240702912627625
 0.5771679157126319
 0.649521169960816
 0.6123059003833596
 0.6326663834205022
 0.6573186204265673
 0.6854680820120049
 0.7382085453454268
 0.5207632931764726
 0.7226592517583159
 0.7308485761470124
 0.638015797085036
 0.6857146128015054
 0.7171545492548469
 0
 0
 0
 0
 0
 0
 0
 0
 0
 0
 0
 0
 0
 0
 0
 0
 0
 0
 0
 0
 0
 0
 0
 0
 0
 0
 0
 0
 0
 0
 0
 0
 0
 0
 0
 0
 0
 0
 0
 0
 0
 0
 0
 0
 0
 0
 0
 0
 0
 0
 0
 0
 0
 0
 0
 0
 0
 0
 0
 0
 0
 0
 0
 0
 0
 0
 0
 0
 0
 0
 0
 0
 0
 0
 0
 0
 0
 0
 0
 0
 0
 0
 0
 0
 0
 0
 0
 0
 0
 0
 0
 0
 0
 0
 0
 0
 0
 0
 0
 0
 0
 0
 0
 0
 0
 0
 0
 0
 0
 0
 0
 0
 0
 0
 0
 0
 0
 0
 0
 0
 0
 0
 0
 0
 0
 0
 0
 0
 0
 0
 0
 0
 0
 0
 0
 0
 0
 0
 0
 0
 0
 0
 0
 0
 0
 0
 0
 0
 0
 0
 0
 0
 0.922563607406957
 0.8990631059212241
 0.918276649429279
 0.9181758274796894
 0.9259486830114079
 0.8954141008801666
 0.9273264734254942
 0.9293978259892255
 0.9307207325403246
 0.92695482010653
 0.9196302845988829
 0.9427895159131998
 0.9231323597405214
 0.9124408998679564
 0.9122921967729514
 0.9128655738637276
 0.913514632961212
 0.9082838240569729
 0.9102167518652108
 0.9012317387692045
 0.9011287230531144
 0.9028670555909725
 0.9156140679958482
 0.9008351138931557
 0.9069716377407446
 0.8987412205779981
 0.9069296703814664
 0.8925730646431688
 0
 0
 0
 0
 0
 0
 0
 0
 0
 0
 0
 0
 0
 0
 0
 0
 0
 0
 0
 0
 0
 0
 0
 0
 0
 0
 0
 0
 0
 0
 0
 0
 0
 0
 0
 0
 0
 0
 0
 0
 0
 0
 0
 0
 0
 0
 0
 0
 0
 0
 0
 0
 0
 0
 0
 0
 0
 0
 0
 0


