# Created by Octave 3.8.2, Mon Nov 16 00:20:06 2015 CET <dkottke@snake6>
# name: mus
# type: matrix
# ndims: 3
 1 30 19
 0
 0
 0.5087719298245615
 0.6792929292929293
 0.5848101265822784
 0.6199494949494953
 0.586466165413534
 0.5994897959183674
 0.5991161616161619
 0.5923076923076922
 0.601641414141414
 0.5934343434343435
 0.6038461538461539
 0.6135204081632651
 0.6115384615384614
 0.6067708333333334
 0.6027280477408354
 0.6123737373737373
 0.5789473684210527
 0.6052631578947368
 0.5739348370927316
 0.6212121212121213
 0.5964762716680875
 0.59765625
 0.6
 0.5907692307692308
 0.598965848965849
 0.5790816326530612
 0.5938184753776958
 0.5948717948717949
 0
 0
 0.6666666666666666
 0.25
 0.8
 1
 1
 1
 0.7
 0.8
 0.5333333333333333
 0.5333333333333333
 0.5666666666666667
 0.6
 0.5333333333333334
 0.7
 0.8
 0.7
 0.6
 0.55
 0.5700000000000001
 0.7300000000000001
 0.65
 0.71
 0.68
 0.7333333333333334
 0.7333333333333334
 0.76
 0.7466666666666667
 0.7666666666666667
 0
 0
 0.8226978920358924
 0.6099681658291878
 0.6224835551440558
 0.8236942659049601
 0.8691510443224886
 0.8090995912337755
 0.711501482160491
 0.6987749554395758
 0.6400895274418499
 0.7068327421145773
 0.6742125263376513
 0.6922335920170276
 0.5766664969212314
 0.6409696554826462
 0.7232345895238596
 0.729097841910727
 0.6574065287230899
 0.7122074634092428
 0.743689486293063
 0.7264454697037974
 0.7658916637401317
 0.7422206467485668
 0.7979580681938326
 0.815140764202633
 0.8094737041399082
 0.8437838375952093
 0.8380119046061826
 0.8653791161906056
 0
 0
 0.5690522179488819
 0.4600624120429812
 0.6111729470634918
 0.7251564521358175
 0.7658480710174853
 0.6680096223700384
 0.6562190482430301
 0.6128492008842319
 0.6056637237924214
 0.6117625473673112
 0.5941584907986011
 0.6184072138779163
 0.6352051167753533
 0.6223063210377522
 0.6206562562388444
 0.6413193906928203
 0.6532793173394352
 0.6650982635105255
 0.6596891689497087
 0.6760364823093948
 0.66968754788669
 0.6821071246651889
 0.694698890951599
 0.6953381567427503
 0.7050671895310133
 0.7178697360687447
 0.7311234499692582
 0.7413081379050214
 0
 0
 0.9610098989127022
 0.3817403780660393
 0.6307555320765799
 0.7076167465965502
 0.7346915685932341
 0.6820475376278368
 0.654974652244506
 0.6096340639062219
 0.5867330851945809
 0.6009740428205567
 0.6070241274151146
 0.6089088238325052
 0.6251300671772565
 0.6260900875063247
 0.6231086866076492
 0.6340795183355344
 0.6516996132501806
 0.6589174305092089
 0.6596119376183915
 0.6775641551358561
 0.6724092410059019
 0.6796272724900274
 0.6992557559087045
 0.705818850946325
 0.7079776441963805
 0.7251032794822811
 0.7347278543993252
 0.7487252976693075
 0
 0
 0.7740799712700452
 0.4164033800782414
 0.6166643012996527
 0.7693103012043551
 0.7578596514211412
 0.682543837559174
 0.6829738770345173
 0.6115297364741509
 0.589542176204338
 0.5905321003114765
 0.6010385776414759
 0.616670702892682
 0.6147256730111629
 0.637884700904923
 0.6540511005795251
 0.5853434784733897
 0.7665709236114371
 0.6645679508177027
 0.6924858786452114
 0.6375158285673067
 0.6314946155407822
 0.636374828720337
 0.7149390732152543
 0.6536391775382423
 0.664130891377321
 0.7652176075757391
 0.6960473295096256
 0.7916080229973494
 0
 0
 0.3678794411714423
 0.9367837282594929
 0.7144433108939124
 0.7035055662759218
 0.7725350501370587
 0.742425438083211
 0.7288900332105968
 0.6891187798861371
 0.7096062798625309
 0.7575606448375172
 0.7394376762555164
 0.717131697967233
 0.765049781733757
 0.7705447120819152
 0.730736326024529
 0.7621360854707665
 0.7625545788176198
 0.7465002756648051
 0.7116349027797902
 0.7596968773500385
 0.7318121118490959
 0.7659120259228984
 0.7579378576937006
 0.8268330117653633
 0.7882700120027453
 0.7888284509665531
 0.7966560343062651
 0.7950024305877129
 0
 0
 0.6187404989570442
 0.521095153134241
 0.5796749561419009
 0.6392367451247207
 0.7844500657366587
 0.6511922144635643
 0.6115904244827333
 0.6313569067990188
 0.6249134623554161
 0.6173620091304195
 0.6115080603630839
 0.6324358179027012
 0.637209822860472
 0.6311003664858853
 0.6336439376426592
 0.6496067623488685
 0.6540379406213069
 0.6617780351789038
 0.6595206338465792
 0.6646802806424779
 0.6722450960172751
 0.6891945730291149
 0.702167569908132
 0.708225227500491
 0.7272788561969716
 0.7426394439733309
 0.7651785080108077
 0.776271327166292
 0
 0
 0.9461455874342052
 0.450642753141361
 0.5909648782964068
 0.6638343851576779
 0.7053961673886269
 0.6552797860173591
 0.6254911031759849
 0.6227269412794597
 0.5902707888505683
 0.6042078558923089
 0.6156258884608455
 0.6165762148820326
 0.6124877730232019
 0.6225945353033622
 0.6280735299466486
 0.6522032938721947
 0.6447566532033259
 0.6600296953695026
 0.6472676020774339
 0.6710878150986432
 0.6738490617199909
 0.6795660956406848
 0.7051198379544845
 0.711572139120256
 0.7192207315886828
 0.7473883536043697
 0.7630964525848291
 0.7841128681127263
 0
 0
 0.7583644140602132
 0.3992346947800409
 0.625089228355086
 0.6754941434021862
 0.7374938541506788
 0.611718905422368
 0.6124794298360354
 0.6133876953217632
 0.5887744121918296
 0.5999053244421008
 0.6018493141043916
 0.6149461437992094
 0.6267255483899087
 0.6164254500145501
 0.6264934897014821
 0.6418085829610198
 0.6385693549247614
 0.651620245713907
 0.6342596303717122
 0.6503318899746103
 0.6617988756851689
 0.6711908418428545
 0.6984664958094149
 0.6887095150900817
 0.7396655113699384
 0.7417975875219236
 0.782657532197774
 0.7784275951853227
 0
 0
 0.3678794411714423
 0.9610839647346017
 0.7076250681312118
 0.6982271008252333
 0.7734291258463283
 0.7302265920676434
 0.7208311800629709
 0.6996304127978829
 0.7099497546711193
 0.6901761680627551
 0.6716623668763356
 0.7088582359499194
 0.727339809278192
 0.708264914551223
 0.6992738623797089
 0.7319739253624636
 0.7211083502632712
 0.7345883287305477
 0.7228775070583452
 0.7294646589754744
 0.7178769341333416
 0.7532326587754983
 0.7319536628567948
 0.7530524178918304
 0.7911329990142202
 0.7862874276094935
 0.765486035907927
 0.7841333910257259
 0
 0
 0
 0
 0
 0
 0
 0
 0
 0
 0
 0
 0
 0
 0
 0
 0
 0
 0
 0
 0
 0
 0
 0
 0
 0
 0
 0
 0
 0
 0
 0
 0
 0
 0
 0
 0
 0
 0
 0
 0
 0
 0
 0
 0
 0
 0
 0
 0
 0
 0
 0
 0
 0
 0
 0
 0
 0
 0
 0
 0
 0
 0
 0
 0
 0
 0
 0
 0
 0
 0
 0
 0
 0
 0
 0
 0
 0
 0
 0
 0
 0
 0
 0
 0
 0
 0
 0
 0
 0
 0
 0
 0
 0
 0
 0
 0
 0
 0
 0
 0
 0
 0
 0
 0
 0
 0
 0
 0
 0
 0
 0
 0
 0
 0
 0
 0
 0
 0
 0
 0
 0
 0
 0
 0
 0
 0
 0
 0
 0
 0
 0
 0
 0
 0
 0
 0
 0
 0
 0
 0
 0
 0
 0
 0
 0
 0
 0
 0
 0
 0
 0
 0.6643070455722788
 0.429150631920193
 0.5711732423504881
 0.6597767034554657
 0.7106815194958724
 0.6386364763652725
 0.6230472475181784
 0.6244887501914522
 0.6014841562229525
 0.6011739029188994
 0.6163344782920792
 0.6235193983258016
 0.6073010211326834
 0.6247537999838479
 0.6273760193892335
 0.6554391838466066
 0.6429326982431198
 0.6601947180564376
 0.6504559140860553
 0.6659044077273445
 0.6764400817814894
 0.6786635052392609
 0.700602224175261
 0.712973842408671
 0.7190339133603846
 0.7468644919984229
 0.7655422677586972
 0.7813354996695657
 0
 0
 0
 0
 0
 0
 0
 0
 0
 0
 0
 0
 0
 0
 0
 0
 0
 0
 0
 0
 0
 0
 0
 0
 0
 0
 0
 0
 0
 0
 0
 0
 0
 0
 0
 0
 0
 0
 0
 0
 0
 0
 0
 0
 0
 0
 0
 0
 0
 0
 0
 0
 0
 0
 0
 0
 0
 0
 0
 0


