# Created by Octave 3.8.2, Fri Nov 20 23:48:36 2015 CET <dkottke@snake3>
# name: mus
# type: matrix
# ndims: 3
 1 30 19
 0
 0
 0.6190476190476188
 0.6111111111111112
 0.711392405063291
 0.6704545454545454
 0.6942355889724311
 0.6862244897959183
 0.7316919191919198
 0.7307692307692308
 0.7329545454545454
 0.7575757575757575
 0.8266666666666669
 0.8207908163265305
 0.8461538461538463
 0.8359375
 0.8672918442739418
 0.8257575757575757
 0.8421052631578947
 0.8684210526315788
 0.81203007518797
 0.8623737373737373
 0.8630292696788859
 0.8658854166666667
 0.8666666666666668
 0.8676923076923078
 0.8671236171236171
 0.8660714285714286
 0.8605697151424289
 0.8666666666666667
 0
 0
 0.6666666666666666
 1
 0.2
 0.6
 0
 0.7
 0.7
 0.4
 0.6666666666666666
 0.5
 0.3333333333333333
 0.3666666666666666
 0.5333333333333333
 0.4333333333333333
 0.2999999999999999
 0.4833333333333333
 0.4833333333333333
 0.45
 0.58
 0.4199999999999999
 0.53
 0.49
 0.5600000000000001
 0.4666666666666667
 0.6
 0.78
 0.7333333333333333
 0.6666666666666666
 0
 0
 0.7065154548295982
 0.8220697686260356
 0.5628953582568483
 0.5387737531989374
 0.6077347454962154
 0.5199616034022828
 0.7058532332917778
 0.6373945114861015
 0.6471836294344686
 0.5631842260642934
 0.4469019915497244
 0.5339528913622906
 0.5877175865459043
 0.5613369110958942
 0.5811214940295057
 0.616047831839175
 0.6607276067239236
 0.5838888441656155
 0.5772168121109753
 0.5340756133578503
 0.5788240651089753
 0.6969884243683057
 0.5711240350668432
 0.6341410376992886
 0.5835380278630315
 0.6224569176786995
 0.6233901066405747
 0.6619515790402426
 0
 0
 0.7035185839980138
 0.8630623733975006
 0.372656860870525
 0.4554104351270161
 0.3617990065220669
 0.49102865394379
 0.526861241440284
 0.5289371692909902
 0.4872736646272021
 0.5068139642459396
 0.4398914700565869
 0.493165889143855
 0.4722061773703466
 0.5115597919517791
 0.485695974375231
 0.5376075017846981
 0.5478152427509045
 0.5019041071223727
 0.513653068137896
 0.5134537115280807
 0.5313471029768272
 0.5102594801963883
 0.519330278895712
 0.5411779835758059
 0.5818658944078422
 0.577076709896515
 0.5947840926844992
 0.6088839315213042
 0
 0
 1
 1
 0
 0.3333333333333333
 0.1428571428571428
 0.75
 0.1111111111111111
 0.5
 0.3636363636363636
 0.5833333333333334
 0.2307692307692308
 0.3333333333333333
 0.6
 0.3333333333333333
 0.5
 0
 1
 1
 0
 0
 1
 1
 0
 1
 1
 0
 1
 1
 0
 0
 0.6757020172380361
 0.8880192218481822
 0.1402654521976235
 0.3335104599105517
 0.2588259481861613
 0.6373119364217208
 0.371557913627747
 0.5046579497341593
 0.4586618613995383
 0.5340332651035251
 0.3823463383566357
 0.4526592488342412
 0.5070908441949479
 0.4705749469339297
 0.4933617545711785
 0.4418273317734177
 0.6204252662186958
 0.6054875373291446
 0.4949998042955939
 0.356142319056403
 0.4619652007167601
 0.5473551951781642
 0.4430708651734639
 0.5349943619184448
 0.7185672896731142
 0.4669425784751594
 0.6705036597460188
 0.7654137945936981
 0
 0
 0.5785862941142949
 0.4878814213535621
 0.7208023736090929
 0.6265593971176798
 0.6133287530427236
 0.648006106234338
 0.7016386806558346
 0.6014022924314594
 0.6988827490338078
 0.6267740290042874
 0.6260498969450681
 0.6213675172807668
 0.667637866350804
 0.6281500315673636
 0.6239040265556977
 0.6524660422198879
 0.63306053043605
 0.6477305873155532
 0.6934439408010851
 0.689280239914118
 0.6620980422212529
 0.6426129909248759
 0.6605432555655728
 0.6774088715915983
 0.6563780297749811
 0.6556231235546987
 0.6693513076853526
 0.6817849202446756
 0
 0
 0.6769244280963491
 0.7844392052323745
 0.4552989736011235
 0.4197287748387823
 0.3669842506459726
 0.4795272863074667
 0.4949042630684634
 0.5106376325618975
 0.5168571903600753
 0.5140737439029263
 0.4573779043384905
 0.4854268961199411
 0.5050525213332802
 0.4912073292723437
 0.4986603362247265
 0.5112999687566704
 0.5227757591967709
 0.5041242287788399
 0.5189317861578984
 0.5073741839228034
 0.5152234923603197
 0.5240646064123724
 0.5212934514138746
 0.5409600879610513
 0.5516994960537251
 0.5527880863450945
 0.5593984832726123
 0.5603980722216293
 0
 0
 0.9299115317528828
 0.932574469879054
 0.9452949248253156
 0.9311355439963283
 0.9072947781106896
 0.915466246312209
 0.924269203661617
 0.9135231484403512
 0.9213273112764742
 0.9371903262721517
 0.9045091668443322
 0.9151160943634019
 0.9077017571306309
 0.9089253567973764
 0.905570222214288
 0.9066110857537594
 0.9050353897642484
 0.9109930988340998
 0.9105517878920776
 0.9122423804552151
 0.9109029591917754
 0.9095527362220215
 0.9036812015191606
 0.8873624741129605
 0.913307177811264
 0.8993522481977391
 0.8933325077616233
 0.9065661878832566
 0
 0
 0.6825697468383266
 0.8434010441410378
 0.2464567171817166
 0.4134803827814449
 0.3576776300654891
 0.4755007282163652
 0.5351816489945409
 0.5100150476808961
 0.5187387608366465
 0.5115484131222365
 0.4541924938777839
 0.4901709646637201
 0.4978443848998539
 0.5004543798733159
 0.490513038834906
 0.5051504784321776
 0.5301971001509234
 0.5176850513094557
 0.5207635706342073
 0.5073822283501918
 0.5088379540055649
 0.5151107111968681
 0.5273124714717377
 0.5445716067684964
 0.5545977868716463
 0.5600527679354731
 0.5687556531334437
 0.6005166463633758
 0
 0
 0.5785862941142949
 0.5226818352840206
 0.7208023735503803
 0.666902057199196
 0.5867904637834527
 0.6438014574856801
 0.6616330730661459
 0.621528936878076
 0.6706165625743596
 0.6258620846652651
 0.6268196057880108
 0.6290430384980824
 0.6923975975908812
 0.6524895094136712
 0.641686382000231
 0.6393695387156916
 0.6584999597517668
 0.6382438389919396
 0.6566606574474965
 0.668182069036842
 0.6595274786691899
 0.5589561362161263
 0.6557272432517962
 0.6468623827876707
 0.5906063621867477
 0.6563756363968554
 0.6590907863019484
 0.6681583269508244
 0
 0
 0
 0
 0
 0
 0
 0
 0
 0
 0
 0
 0
 0
 0
 0
 0
 0
 0
 0
 0
 0
 0
 0
 0
 0
 0
 0
 0
 0
 0
 0
 0
 0
 0
 0
 0
 0
 0
 0
 0
 0
 0
 0
 0
 0
 0
 0
 0
 0
 0
 0
 0
 0
 0
 0
 0
 0
 0
 0
 0
 0
 0
 0
 0
 0
 0
 0
 0
 0
 0
 0
 0
 0
 0
 0
 0
 0
 0
 0
 0
 0
 0
 0
 0
 0
 0
 0
 0
 0
 0
 0
 0
 0
 0
 0
 0
 0
 0
 0
 0
 0
 0
 0
 0
 0
 0
 0
 0
 0
 0
 0
 0
 0
 0
 0
 0
 0
 0
 0
 0
 0
 0
 0
 0
 0
 0
 0
 0
 0
 0
 0
 0
 0
 0
 0
 0
 0
 0
 0
 0
 0
 0
 0
 0
 0
 0
 0
 0
 0
 0
 0
 0.9040656689695281
 0.9100813603069484
 0.9447904554765927
 0.9312996435047359
 0.9478676169979656
 0.9174589614030758
 0.9007245461626305
 0.905002688819613
 0.9207816708644578
 0.9236274346944698
 0.925711538971654
 0.9312787430833136
 0.8979443215261089
 0.9194432832212952
 0.913518242627379
 0.9148262593914049
 0.9142159134722934
 0.905870174847309
 0.9078789103692702
 0.9128338353128149
 0.9057859781709185
 0.9051064444979574
 0.9132843936862548
 0.9066928301280628
 0.9090041768440665
 0.9129232323178785
 0.9023546568653674
 0.9031259640134698
 0
 0
 0
 0
 0
 0
 0
 0
 0
 0
 0
 0
 0
 0
 0
 0
 0
 0
 0
 0
 0
 0
 0
 0
 0
 0
 0
 0
 0
 0
 0
 0
 0
 0
 0
 0
 0
 0
 0
 0
 0
 0
 0
 0
 0
 0
 0
 0
 0
 0
 0
 0
 0
 0
 0
 0
 0
 0
 0
 0


