# Created by Octave 3.8.2, Fri Nov 20 20:13:19 2015 CET <dkottke@snake8>
# name: mus
# type: matrix
# ndims: 3
 1 30 19
 0
 0
 0.6878130217028384
 0.494988864142539
 0.4941504178272978
 0.4960981047937565
 0.4941634241245137
 0.51953125
 0.6806253489670567
 0.6826815642458097
 0.6769978487769901
 0.6621923937360181
 0.6648086213303604
 0.663643973214286
 0.6627450980392154
 0.671875
 0.668048552754435
 0.6924803591470261
 0.6987282034874419
 0.6949438202247187
 0.6956862745098038
 0.6981543833395686
 0.7018766257896695
 0.6998873873873871
 0.6991549295774644
 0.7010405053883315
 0.7017396184062848
 0.6981026785714286
 0.7057842046718577
 0.7022598870056498
 0
 0
 0
 0.5
 0.6
 0.7
 0.7
 0.6
 0.4
 0.5
 0.5666666666666667
 0.7
 0.5666666666666667
 0.6666666666666667
 0.7333333333333333
 0.7
 0.6333333333333333
 0.6166666666666666
 0.8
 0.7
 0.71
 0.7
 0.77
 0.8400000000000001
 0.8
 0.72
 0.74
 0.76
 0.76
 0.7666666666666667
 0
 0
 0.4177836958158022
 0.6441395372520713
 0.7278369816154822
 0.8079494829947959
 0.8043436365530655
 0.7275052029400032
 0.6668741015047699
 0.7281881597037202
 0.7115535105880223
 0.7379452937750834
 0.6610207370196712
 0.7394070139798179
 0.7497365901793918
 0.7541445854130753
 0.6736129749252056
 0.7270367428534963
 0.7287701084317408
 0.7213963194545442
 0.7197320249609147
 0.737688387900661
 0.7774556804296537
 0.7876684110380482
 0.7384513351120399
 0.6939422296052316
 0.7221635640190858
 0.7047979377861386
 0.753411245505607
 0.7373220082864615
 0
 0
 0.1666524879684453
 0.5111731051941864
 0.5437510566460834
 0.6064657931557648
 0.6688494196852779
 0.5705150112581596
 0.4947016945333118
 0.5347426115883746
 0.5911375087878974
 0.6482777500013672
 0.6538164977801264
 0.6780411548889297
 0.7089194551207283
 0.7051826168569677
 0.6425324574537988
 0.6348405703099776
 0.6416731656362538
 0.6595121724378329
 0.6763322003120694
 0.6974349244076079
 0.7231353281623422
 0.7460748052478365
 0.6982962639291185
 0.6660051379438657
 0.6742871796543384
 0.6924370627079883
 0.6983286943768797
 0.7054983808686682
 0
 0
 0
 0.75
 1
 0.3333333333333333
 0.4285714285714285
 0.75
 0.4444444444444444
 0.3
 0.6363636363636364
 0.6666666666666666
 0.6153846153846154
 0.4444444444444444
 0.4
 1
 0.5
 1
 1
 1
 0
 1
 1
 1
 1
 1
 0
 0
 0
 0
 0
 0
 0.1666676256602686
 0.800088129323299
 0.6952090734839518
 0.4399998755165172
 0.5865030293376414
 0.5517508125552988
 0.4870970212078793
 0.5225445888713524
 0.5947945391311189
 0.6702448936923509
 0.6442993636305051
 0.656293204008304
 0.6831935488916925
 0.7023377719943619
 0.6372670826286068
 0.6417939638614288
 0.6531787450123483
 0.6766408429822779
 0.6530588189644748
 0.7097282762329501
 0.6921006759201502
 0.737808226255625
 0.6740385316464769
 0.6590187452269133
 0.7219306586203507
 0.670733003792381
 0.7134852783603923
 0.665233249217962
 0
 0
 0.5785862941142949
 0.667615555747646
 0.6251517524425096
 0.6851421094267833
 0.7665225168818688
 0.71381025382908
 0.6928521262347892
 0.6902028799343803
 0.7010533661139906
 0.7326401311349495
 0.7466529484276477
 0.7630414037555163
 0.7996187340294424
 0.7803246482946381
 0.708998346606653
 0.7085871506667247
 0.7530424267141527
 0.7565911873397094
 0.7506308418358646
 0.7697824608529941
 0.7792168473292715
 0.7884953444321493
 0.7316261472634498
 0.7178233755984723
 0.7126835773075295
 0.7368740624289353
 0.7599258502713356
 0.7357816025011548
 0
 0
 0.1666290615894498
 0.5263135743932099
 0.4674417284200562
 0.5572993422138237
 0.6282087621203842
 0.581942970028828
 0.4991946509258478
 0.5329182640305081
 0.607656603899924
 0.6683557759106861
 0.6704190257324969
 0.6915555069361019
 0.7222133678777399
 0.7140361124226043
 0.641389831378223
 0.6465324614062969
 0.6494638224390398
 0.6659727525787426
 0.6956206554215341
 0.707662849685599
 0.7364361524862039
 0.7573640228248216
 0.6936817608276341
 0.6732605238154996
 0.677457695280811
 0.706495507821059
 0.7107594951751729
 0.7199149599436993
 0
 0
 0.9999982086222698
 0.999999628908386
 0.9999999987046835
 0.9999999999914694
 0.9999999999918391
 0.9999999665096261
 1
 1
 0.9999999999999998
 0.9999999999508928
 0.9948873519718345
 0.9843795574512627
 0.9859660797432458
 0.9694761580075025
 0.9744848902565363
 0.961330377879545
 0.9707304479503791
 0.9612180175073167
 0.9675575706697148
 0.967079747307341
 0.9555172729801443
 0.9578243382288624
 0.9534787005154874
 0.960928734309823
 0.9454846591840745
 0.9628212481639403
 0.951449076668347
 0.9562822401674297
 0
 0
 0.1666639105828081
 0.8295035241822756
 0.5736288386845672
 0.4435779683605843
 0.5977041112213893
 0.658945057353239
 0.4924265936823914
 0.5244444697847808
 0.6052880636495525
 0.6599266861805513
 0.6429183026407596
 0.6931592589652948
 0.7084094800118752
 0.7675988528172755
 0.6204091598349561
 0.6217369588636321
 0.6196587292098091
 0.721141506646827
 0.6975845059726972
 0.6911658464232565
 0.7142988601091689
 0.7586940142787454
 0.6818680738948494
 0.7109002962547467
 0.6897195545170753
 0.690730027974967
 0.7021073754386971
 0.705491006847399
 0
 0
 0.5785862941142949
 0.7144006051108236
 0.6382677501357998
 0.7445047540556402
 0.7257604693311029
 0.6553521772871683
 0.6706563733090056
 0.6964332150064245
 0.6926283812446129
 0.7192184241480385
 0.7203352222553477
 0.7432009858800472
 0.7604775612983444
 0.756274717945803
 0.7084696209170527
 0.7196610296360166
 0.7212558741637789
 0.7314585199884407
 0.759038383877031
 0.7472139523139019
 0.7536726131790071
 0.7345774779112805
 0.7273579683068745
 0.6915889268303731
 0.7208398010291703
 0.6936706682373952
 0.724799904242862
 0.7359350911463897
 0
 0
 0
 0
 0
 0
 0
 0
 0
 0
 0
 0
 0
 0
 0
 0
 0
 0
 0
 0
 0
 0
 0
 0
 0
 0
 0
 0
 0
 0
 0
 0
 0
 0
 0
 0
 0
 0
 0
 0
 0
 0
 0
 0
 0
 0
 0
 0
 0
 0
 0
 0
 0
 0
 0
 0
 0
 0
 0
 0
 0
 0
 0
 0
 0
 0
 0
 0
 0
 0
 0
 0
 0
 0
 0
 0
 0
 0
 0
 0
 0
 0
 0
 0
 0
 0
 0
 0
 0
 0
 0
 0
 0
 0
 0
 0
 0
 0
 0
 0
 0
 0
 0
 0
 0
 0
 0
 0
 0
 0
 0
 0
 0
 0
 0
 0
 0
 0
 0
 0
 0
 0
 0
 0
 0
 0
 0
 0
 0
 0
 0
 0
 0
 0
 0
 0
 0
 0
 0
 0
 0
 0
 0
 0
 0
 0
 0
 0
 0
 0
 0
 0
 0.9999966609424396
 0.9999999276800824
 0.9999999999999392
 0.9999999071630952
 0.9999999806449233
 0.9999989300413327
 0.9999999835171305
 0.999999891536025
 0.9999999922937025
 0.9959564457659825
 0.9956024800416776
 0.9826402329394242
 0.9886490789209381
 0.9721346715831234
 0.9780801176049116
 0.9611953524864236
 0.9677353892135676
 0.9646661397196331
 0.9601156923762824
 0.9617394247335217
 0.9616750504719478
 0.9572282688569625
 0.9534863345069357
 0.9653367376798935
 0.9518416897309347
 0.9457664789357583
 0.9493794790172231
 0.9454708976920597
 0
 0
 0
 0
 0
 0
 0
 0
 0
 0
 0
 0
 0
 0
 0
 0
 0
 0
 0
 0
 0
 0
 0
 0
 0
 0
 0
 0
 0
 0
 0
 0
 0
 0
 0
 0
 0
 0
 0
 0
 0
 0
 0
 0
 0
 0
 0
 0
 0
 0
 0
 0
 0
 0
 0
 0
 0
 0
 0
 0


