# Created by Octave 3.8.2, Sun Nov 15 22:35:31 2015 CET <dkottke@snake6>
# name: mus
# type: matrix
# ndims: 3
 1 30 19
 0
 0
 0.6365914786967418
 0.4747474747474748
 0.5215189873417723
 0.5189393939393939
 0.5939849624060149
 0.5255102040816326
 0.5757575757575757
 0.5692307692307692
 0.571969696969697
 0.532828282828283
 0.521025641025641
 0.6301020408163265
 0.6974358974358974
 0.8098958333333334
 0.7854504120488777
 0.8080808080808081
 0.7794486215538848
 0.8078947368421052
 0.7368421052631579
 0.8207070707070705
 0.8900255754475703
 0.9440104166666667
 0.8773333333333333
 0.8594871794871797
 0.8718133718133717
 0.840561224489796
 0.8433859993080381
 0.8435897435897437
 0
 0
 0.6666666666666666
 0.25
 0.8
 0.9
 0.7
 0
 0
 0.2
 0.4333333333333333
 0.6
 0.7666666666666667
 0.6333333333333333
 0.4666666666666667
 0.4833333333333333
 0.5
 0.4833333333333333
 0.6333333333333333
 0.65
 0.48
 0.4400000000000001
 0.4899999999999999
 0.47
 0.6
 0.6066666666666667
 0.6666666666666667
 0.6799999999999999
 0.6466666666666666
 0.7
 0
 0
 0.7266505691552183
 0.6510167748134004
 0.7228746825425527
 0.8387447554008781
 0.7513659135274341
 0.6031881597037203
 0.1642523264743821
 0.5144922142624346
 0.4449970333375057
 0.6270212233232889
 0.5626277207928928
 0.5647182072260036
 -0.6748364561014024
 0.6161014796912179
 0.4344520028741615
 0.5868659847811034
 0.5861094185649541
 0.5310622112873358
 0.50257932927722
 0.5523214950973886
 0.5551902359985332
 0.5235127538295339
 0.5894477984226562
 0.611427439485946
 0.6527802471959869
 0.6188131822374499
 0.6992478240490281
 0.6736039072884498
 0
 0
 0.7245411083329801
 0.3784283912013199
 0.6461571852197636
 0.7159400512107702
 0.6257918092147645
 0.4576815768675025
 0.301396097441763
 0.4153335507421587
 0.4852882221732547
 0.5554841824835894
 0.6086202934115242
 0.5700498991067642
 0.4924563713564256
 0.4540865828273194
 0.4637098932068986
 0.5081438445372598
 0.5352707294714523
 0.5198961774426475
 0.5355901032220087
 0.5581272195460436
 0.5284274534088942
 0.5309169393291489
 0.5516832539527983
 0.5771875858971081
 0.5960872465539941
 0.5992003276095699
 0.617029130048863
 0.6268333732592893
 0
 0
 0.7647992585045061
 0.4803660529869337
 0.685563149897369
 0.7207086239699469
 0.6228014929886434
 0.4832488001317895
 0.3110601612696589
 0.3896220817900359
 0.5049277936029042
 0.5732150684260612
 0.6042161348365425
 0.5658832343511023
 0.5002298714860008
 0.4699165480295458
 0.468520597271915
 0.502802738157809
 0.5444634233223646
 0.5260727267033748
 0.5303014045462521
 0.5539752299398384
 0.5295026962760873
 0.5310231838965249
 0.5545715142953033
 0.5765445804559616
 0.5982265530673272
 0.6058854577527768
 0.6190289081400768
 0.6322292699420929
 0
 0
 0.7048024714159379
 0.5275581125048404
 0.6139996250327425
 0.698634385452662
 0.6307016237683126
 0.3853654837668379
 0.3055851078180726
 0.3953360044379144
 0.5033338815494662
 0.5586521780270347
 0.6076074436840637
 0.5564634199790394
 0.462368354675167
 0.4688252536414916
 0.4357188162635153
 0.4734621095979307
 0.5124187737056802
 0.5009060376868286
 0.5728129152611556
 0.6516234577505703
 0.5800826721898895
 0.5520412597206217
 0.5586891647581252
 0.5546510870117283
 0.6293892292266278
 0.6177761698723785
 0.6412999208423829
 0.7286150338840288
 0
 0
 0.3678794411714423
 0.6908925993300881
 0.7782057773459393
 0.7684010256787548
 0.754984774205254
 0.6704067548685891
 0.6049672037351564
 0.5879496476191309
 0.6407964375660802
 0.6732015547892971
 0.6800259910020181
 0.7005880684283973
 0.6659476594851192
 0.6091479333707098
 0.659041773379034
 0.6576930490248902
 0.6736334687807483
 0.6834069111892692
 0.6575919215415124
 0.6348445173655888
 0.6756938859204618
 0.5837363577918693
 0.7256858777355105
 0.698479511600427
 0.6979415268343359
 0.6969524514671551
 0.6783487870611454
 0.7225682922828965
 0
 0
 0.7370520291402416
 0.4067762336506315
 0.5806722548849433
 0.6756117133643855
 0.5830386258751491
 0.478504720825968
 0.3617941807991663
 0.4444999955441822
 0.4959800224372699
 0.5557881752912479
 0.5958730251754798
 0.5623657791678747
 0.4955507873370694
 0.4701073054048527
 0.4719138962219023
 0.4958679394022076
 0.5383504860460605
 0.5168358777328694
 0.5297574012656335
 0.5617353715266652
 0.5371405989630994
 0.5320720869347928
 0.553527216309897
 0.5797071015522582
 0.6033070749962843
 0.6082464449723934
 0.6210097179648502
 0.6328108690312103
 0
 0
 0.728460769944285
 0.6128752508517906
 0.5816451402840181
 0.6300753603986968
 0.6068746351543028
 0.473485175460257
 0.3745898069378526
 0.4221154001410848
 0.5066264163036477
 0.5712468787631859
 0.6037042488699602
 0.5591633271327519
 0.5044463232350143
 0.4749924674003542
 0.4689418279163621
 0.4986327363104056
 0.530199760553501
 0.5285366603909147
 0.5244387882309256
 0.5563048528817081
 0.5380541833133188
 0.5305404257987892
 0.5535348117747152
 0.5799694952617096
 0.6038232966733371
 0.6095706454067307
 0.6207599400916042
 0.6347334882674844
 0
 0
 0.7312907480173712
 0.5683947637114868
 0.5087034841774885
 0.6139910695632111
 0.5851006421142468
 0.4679784022090393
 0.344017343513834
 0.4141782301952152
 0.4871675053487414
 0.545431438161043
 0.592840949003523
 0.5519891877000515
 0.4838452387602292
 0.4560471304455965
 0.4639727256812738
 0.4900311279958861
 0.5337366485531239
 0.5043265048032417
 0.5197186852127114
 0.5942074590115274
 0.522861679932822
 0.5255205385573349
 0.5452990590964323
 0.5733564061329438
 0.5983531438686633
 0.5964402389635374
 0.671285760698349
 0.6162591240791209
 0
 0
 0.3678794411714423
 0.7287131726911177
 0.7742849975876694
 0.8169538265844322
 0.7319689802224008
 0.6407791193491439
 0.603018080840526
 0.6225591057047761
 0.6445020662881122
 0.6244912032170298
 0.6568870927096629
 0.6613273832204644
 0.6334783154571026
 0.6114214208320379
 0.6381410186253464
 0.6705437225543265
 0.6770567532665729
 0.6379902995173025
 0.6563476831442303
 0.6102238861950119
 0.648606762030106
 0.6198144169365637
 0.6430377091559281
 0.6622227120946935
 0.6673025080652352
 0.6802181485492442
 0.6809505343034917
 0.7008301096665097
 0
 0
 0
 0
 0
 0
 0
 0
 0
 0
 0
 0
 0
 0
 0
 0
 0
 0
 0
 0
 0
 0
 0
 0
 0
 0
 0
 0
 0
 0
 0
 0
 0
 0
 0
 0
 0
 0
 0
 0
 0
 0
 0
 0
 0
 0
 0
 0
 0
 0
 0
 0
 0
 0
 0
 0
 0
 0
 0
 0
 0
 0
 0
 0
 0
 0
 0
 0
 0
 0
 0
 0
 0
 0
 0
 0
 0
 0
 0
 0
 0
 0
 0
 0
 0
 0
 0
 0
 0
 0
 0
 0
 0
 0
 0
 0
 0
 0
 0
 0
 0
 0
 0
 0
 0
 0
 0
 0
 0
 0
 0
 0
 0
 0
 0
 0
 0
 0
 0
 0
 0
 0
 0
 0
 0
 0
 0
 0
 0
 0
 0
 0
 0
 0
 0
 0
 0
 0
 0
 0
 0
 0
 0
 0
 0
 0
 0
 0
 0
 0
 0
 0
 0.5427447524958935
 0.5611708420426392
 0.5807678182425716
 0.6202736402419725
 0.6060079270183287
 0.4669598049261394
 0.3728302459911562
 0.4309445882988745
 0.5151478712464483
 0.5603297795430818
 0.6069605587334177
 0.560766776018273
 0.4997276945824651
 0.4769936123630811
 0.467290445592016
 0.5007557345398573
 0.5328009549331332
 0.5287967911010452
 0.5228490494817474
 0.5524626517786787
 0.5413705745074394
 0.5300567111138553
 0.5505947925032201
 0.5764342392016671
 0.6016651964331977
 0.615145997758977
 0.6146269137925523
 0.6353130767480363
 0
 0
 0
 0
 0
 0
 0
 0
 0
 0
 0
 0
 0
 0
 0
 0
 0
 0
 0
 0
 0
 0
 0
 0
 0
 0
 0
 0
 0
 0
 0
 0
 0
 0
 0
 0
 0
 0
 0
 0
 0
 0
 0
 0
 0
 0
 0
 0
 0
 0
 0
 0
 0
 0
 0
 0
 0
 0
 0
 0


