# Created by Octave 3.8.2, Fri Nov 20 20:20:56 2015 CET <dkottke@snake6>
# name: mus
# type: matrix
# ndims: 3
 1 30 19
 0
 0
 0.4974958263772954
 0.606347438752784
 0.452924791086351
 0.4788182831661097
 0.4424680377987776
 0.4436383928571428
 0.4639865996649915
 0.4547486033519553
 0.4597243247549994
 0.4647651006711409
 0.4857859531772574
 0.4561941964285715
 0.4633053221288515
 0.6780133928571429
 0.6819794584500467
 0.6930415263748597
 0.68453047512398
 0.6882022471910113
 0.69781512605042
 0.7145529367751589
 0.7299331103678934
 0.7274774774774776
 0.7222535211267606
 0.7108881456707541
 0.7222222222222221
 0.7296316964285714
 0.7369299221357065
 0.7361581920903956
 0
 0
 1
 0.5
 0.4
 0.5
 0.6
 0.7
 0.3
 0.7
 0.3666666666666666
 0.4333333333333333
 0.4333333333333333
 0.5333333333333334
 0.4
 0.4333333333333333
 0.4166666666666666
 0.4833333333333333
 0.5333333333333333
 0.55
 0.39
 0.46
 0.48
 0.4400000000000001
 0.48
 0.5133333333333334
 0.5533333333333333
 0.5
 0.4733333333333333
 0.6
 0
 0
 1
 0.5919698602928606
 0.6551950776584227
 0.6312267601024339
 0.6482420629395147
 0.6119655106231516
 0.5455032848152546
 0.491534961230055
 0.62424505391542
 0.4278422570984401
 0.5694563227903969
 0.6146966089865565
 0.4678677562154883
 -0.06720610205043531
 0.5312845592479425
 0.5158062359242908
 0.5452012424808079
 0.4285217155026848
 0.5564462141121899
 0.5352170900918127
 0.4788344518003369
 0.5316732127679559
 0.579093438568385
 0.572366048662613
 0.5671054137124008
 0.5428681052847111
 0.5739878140401738
 0.5200676713898619
 0
 0
 0.9999999999676847
 0.5381336040525613
 0.4664460072499538
 0.5384372173545325
 0.5825973398134958
 0.4965258944279652
 0.4976735099503804
 0.5477037231846409
 0.5535277781729949
 0.5338826760306631
 0.512989162355767
 0.4890241396425014
 0.4880881380699497
 0.5320099684554018
 0.5589245391773986
 0.5384735824955527
 0.5419271820272271
 0.520218136063875
 0.5017687321397233
 0.5016504698737791
 0.4975088918255758
 0.5046876818455587
 0.529291706373779
 0.5277103025804911
 0.5254150812666991
 0.5248436524431451
 0.514684255748819
 0.5316550367649278
 0
 0
 1
 0.25
 0.6
 0.5
 0.8571428571428571
 0.5
 0.3333333333333333
 0.7
 0.5454545454545454
 0.5
 0.4615384615384616
 0.3333333333333333
 0.6
 0
 0.5
 0
 1
 0
 0
 1
 1
 0
 1
 1
 1
 1
 0
 0
 0
 0
 0.9999999999948135
 0.4720838674106961
 0.5823885337309496
 0.493405721143839
 0.6177997565515837
 0.501976809583361
 0.457688506714086
 0.5532750100280514
 0.5439511723160574
 0.5094706088978072
 0.4865343462406015
 0.4968802728306028
 0.4939626252163715
 0.4945162852990833
 0.5479446079205141
 0.4858525511128117
 0.5417215091256082
 0.4966085663581574
 0.5132968554878252
 0.5285743180987342
 0.5318312989673021
 0.4749490385643363
 0.5164559855544588
 0.5545850054974922
 0.5261339490283859
 0.5466229308158215
 0.511887925775845
 0.4895631396555878
 0
 0
 1
 0.6797599231861347
 0.6218988681335879
 0.7589654905457409
 0.641114027858845
 0.6688741059974797
 0.6545281287541181
 0.6635449828591167
 0.6596620503531313
 0.6332989889999238
 0.6493157631876441
 0.6568999492870308
 0.6787056034279517
 0.6542342686281365
 0.636801071822828
 0.6728565035566698
 0.6416310344022669
 0.6091264815733148
 0.6373127941659312
 0.6470358766247087
 0.649142445779578
 0.6387403535006509
 0.6114598929174647
 0.6483212614258282
 0.6441038637470222
 0.6689524874669153
 0.6326597367774085
 0.6256788438296312
 0
 0
 0.9999999999705194
 0.5405831412736405
 0.4796590533416732
 0.5404564929662867
 0.5704429546116142
 0.510621474861181
 0.5168430977976324
 0.550507099459856
 0.5617599900432171
 0.5221670869826961
 0.5221160181674002
 0.5088182489615597
 0.5332633803138473
 0.5427025820572081
 0.5608556843789119
 0.5393786401709969
 0.536968087064047
 0.5188586447373408
 0.5159396889230157
 0.509102552692577
 0.5079180945850786
 0.5119694668111371
 0.5268268732512298
 0.5257166986496883
 0.5206710239975553
 0.5196234513216043
 0.5196221532873108
 0.5267394266738591
 0
 0
 0.9999170176172735
 0.999995562706103
 0.9999999925791436
 0.9999999998416406
 0.9999999999951048
 1
 1
 0.9999999986293358
 0.9999999999950966
 0.99999999999991
 0.9863444254263743
 0.9813316692017068
 0.9783368188389657
 0.9720539242435648
 0.9691699222817135
 0.9671014478368782
 0.9694339228226149
 0.9654024196591812
 0.9717697600242384
 0.970557446433193
 0.960209595350464
 0.9631136644098063
 0.9672819629489094
 0.9535683437466487
 0.9462814115966036
 0.9464682805597878
 0.9551893287478362
 0.9597452209072836
 0
 0
 0.999999999981613
 0.4730028205618314
 0.4194929395943139
 0.4740143278123966
 0.5738935958380305
 0.5296864507701868
 0.4983013038277058
 0.5380270494324807
 0.5670708727496209
 0.5099060044149718
 0.4911203548043264
 0.4976868749769748
 0.5074863711039745
 0.5211807115627122
 0.5347106740014802
 0.5214905752342043
 0.5234770208583005
 0.5045079672880737
 0.4976709169622658
 0.5068409077584892
 0.5039729818622508
 0.5028191325672997
 0.520828784219925
 0.5160451134039465
 0.5208553724076704
 0.5197737194236877
 0.5142147254535222
 0.51913605616472
 0
 0
 1
 0.7218550152923547
 0.623601301949796
 0.7341529579322053
 0.6403617126168119
 0.6375299441812484
 0.7368222802372544
 0.6856181332106148
 0.6764080081098323
 0.6329020100631616
 0.6167669302655552
 0.6310501468022596
 0.6415344550002916
 0.6348654756482027
 0.6243501140131222
 0.646241722368631
 0.6272031636143041
 0.6133456130108672
 0.6573878077027635
 0.6121169955149816
 0.6321972146207219
 0.6143791660636841
 0.6212490384249052
 0.6213837381846252
 0.6189903440822077
 0.6128503929168966
 0.6299738711446959
 0.6099751867288032
 0
 0
 0
 0
 0
 0
 0
 0
 0
 0
 0
 0
 0
 0
 0
 0
 0
 0
 0
 0
 0
 0
 0
 0
 0
 0
 0
 0
 0
 0
 0
 0
 0
 0
 0
 0
 0
 0
 0
 0
 0
 0
 0
 0
 0
 0
 0
 0
 0
 0
 0
 0
 0
 0
 0
 0
 0
 0
 0
 0
 0
 0
 0
 0
 0
 0
 0
 0
 0
 0
 0
 0
 0
 0
 0
 0
 0
 0
 0
 0
 0
 0
 0
 0
 0
 0
 0
 0
 0
 0
 0
 0
 0
 0
 0
 0
 0
 0
 0
 0
 0
 0
 0
 0
 0
 0
 0
 0
 0
 0
 0
 0
 0
 0
 0
 0
 0
 0
 0
 0
 0
 0
 0
 0
 0
 0
 0
 0
 0
 0
 0
 0
 0
 0
 0
 0
 0
 0
 0
 0
 0
 0
 0
 0
 0
 0
 0
 0
 0
 0
 0
 0
 0.999967160510589
 0.9999998967699385
 0.999999999999537
 0.9999999998754647
 0.9999999999999968
 0.9997687069485071
 0.9999999537196526
 0.9958022085567815
 0.9999999940360744
 0.9981508349325416
 0.9959484309874684
 0.9764341706081264
 0.9757672417480654
 0.9740397030844384
 0.9767152587311786
 0.9686332453684693
 0.969993911440839
 0.957426658986204
 0.9684007664392071
 0.9680503426340497
 0.9597967493112237
 0.9587165851746353
 0.9587135968692857
 0.9554937060160116
 0.9480201472261363
 0.9467663742821769
 0.9532206098073674
 0.9420760883077863
 0
 0
 0
 0
 0
 0
 0
 0
 0
 0
 0
 0
 0
 0
 0
 0
 0
 0
 0
 0
 0
 0
 0
 0
 0
 0
 0
 0
 0
 0
 0
 0
 0
 0
 0
 0
 0
 0
 0
 0
 0
 0
 0
 0
 0
 0
 0
 0
 0
 0
 0
 0
 0
 0
 0
 0
 0
 0
 0
 0


