# Created by Octave 3.8.2, Fri Nov 20 22:52:17 2015 CET <dkottke@snake3>
# name: mus
# type: matrix
# ndims: 3
 1 30 19
 0
 0
 0.5265700483091786
 0.7788461538461539
 0.7121951219512197
 0.7058823529411764
 0.4975369458128079
 0.7980769230769231
 0.7971014492753623
 0.8400000000000002
 0.8277511961722486
 0.9411764705882353
 0.9086538461538463
 0.8877551020408164
 0.8512820512820513
 0.8269230769230769
 0.8823529411764707
 0.8762626262626262
 0.8038277511961723
 0.8600000000000001
 0.8412698412698413
 0.9090909090909091
 0.9420289855072463
 0.9409722222222222
 0.945
 0.9375
 0.9266817838246409
 0.9387755102040817
 0.9254046446164673
 0.9277777777777777
 0
 0
 0.6666666666666666
 1
 0.8
 0.7
 0.9
 0.9
 0.8
 1
 0.9333333333333332
 0.7333333333333333
 0.8333333333333333
 0.7666666666666666
 0.7999999999999999
 0.8166666666666667
 0.8833333333333334
 0.8166666666666667
 0.85
 0.8
 0.9
 0.8699999999999999
 0.74
 0.7500000000000001
 0.76
 0.8
 0.8533333333333333
 0.8933333333333333
 0.8933333333333333
 0.9333333333333332
 0
 0
 0.6753975508718217
 0.8251581433027394
 0.8602921953313696
 0.8683082169107171
 0.8064937064810538
 0.7524194477921482
 0.781122881330792
 0.8283015423008731
 0.8830576966167168
 0.7970290986580493
 0.8450100591710361
 0.8250467500945445
 0.8394254957632252
 0.8667814749910853
 0.8246527931677312
 0.8560868131764652
 0.8859371868595858
 0.826249374421818
 0.8605289216848657
 0.8375789297870315
 0.8005746157125101
 0.802594578220917
 0.8435680776149687
 0.8534358128271293
 0.8622620759312298
 0.8753152857658432
 0.8857336909949102
 0.8906628689759194
 0
 0
 0.7500124987588986
 0.9821500004852171
 0.8125055611760195
 0.9658571734633347
 0.8428087666665257
 0.7170941045787761
 0.7987059230361735
 0.8551219070343303
 0.9522079165715377
 0.8265457032700835
 0.8447287815702068
 0.8559273892146284
 0.8709075228195141
 0.8968200345033414
 0.8721987133802666
 0.8843736892922024
 0.8987635364106817
 0.8521277777770865
 0.900279750079753
 0.8540547221022853
 0.7610895600629466
 0.8038987574422504
 0.8206492518053401
 0.853212328946266
 0.8633549988823139
 0.8633792469669277
 0.8739708445238704
 0.8792801801887231
 0
 0
 0
 1
 0.6
 1
 0.7142857142857143
 0.375
 0.8888888888888888
 0.9
 1
 0.8333333333333334
 0.7692307692307693
 0.8888888888888888
 1
 0.6666666666666666
 1
 1
 1
 1
 1
 1
 1
 1
 1
 1
 1
 1
 1
 1
 0
 0
 5.496848131813352e-11
 1.238100000064203
 0.7500000461438716
 0.9833333337400801
 0.7238096952299604
 0.5922646872612772
 0.9156746077212483
 0.9742063569262562
 1.051893952774342
 0.8351010690735112
 0.789743616176082
 0.8706233840421485
 0.9994823313660767
 0.7850410904241619
 1.002431811282661
 1.006410126007306
 1.011824481100873
 0.9525261679578843
 0.961206899393921
 1.002011409302825
 0.9629558037249308
 0.6607155781227458
 0.8118133213729842
 0.7868787619880968
 1.062500319200242
 1.031517967800392
 1.000000902695094
 0.8750019345203006
 0
 0
 0.7892931470571475
 0.864941662853195
 0.8449931491944098
 0.8774832811863488
 0.7975511192056538
 0.8112626372483887
 0.7734727000552433
 0.864601743769648
 0.8130743307662881
 0.8498604041420443
 0.9000217718471772
 0.8394028924540529
 0.8502967514469465
 0.8810265982421566
 0.8520965833610047
 0.932496799080069
 0.8545069317849598
 0.832704361584485
 0.8997285825200976
 0.8390560434635023
 0.8631135922881945
 0.8406588869650667
 0.8719315720154542
 0.87773176778234
 0.9124425390512743
 0.8925286232217589
 0.9160480020575263
 0.905758725765702
 0
 0
 0.7500124992960782
 0.8881875474955936
 0.8054849676695486
 0.9563340309779628
 0.8101871246982469
 0.762457741212093
 0.7972113206925149
 0.8346889704059537
 0.8650820567640605
 0.8396622609106456
 0.8726860869284453
 0.8803569628877314
 0.9053406285912513
 0.9105127269025929
 0.8704184564942263
 0.8999489289372367
 0.9080404336794429
 0.8597913493201177
 0.9086385626753543
 0.8436709588300896
 0.7710891162718876
 0.7856885340566651
 0.822099569826427
 0.857507741679197
 0.8718795773983997
 0.868572818600884
 0.8683240344759035
 0.8698823076531972
 0
 0
 1
 1
 1
 1
 1
 1
 1
 1
 1
 1
 1
 1
 1
 1
 1
 1
 1
 1
 1
 1
 1
 1
 1
 1
 1
 1
 1
 1
 0
 0
 2.63071118218906e-10
 1.175446491959386
 0.8246156088641375
 0.8449065328397446
 0.723809916243947
 0.679405827501236
 0.7929939653375184
 0.8777854142062335
 0.9682210355449865
 0.8713436618971049
 0.795556992296787
 0.8269407688317046
 0.8475635274755632
 0.8282819000471844
 0.9742151436814239
 1.01435394990401
 0.8866549965631931
 0.951279415867473
 0.8266499635381448
 0.7901031165150612
 0.7470012252385272
 0.8189654886519628
 0.7472021474399306
 0.6665912807465326
 1.030079145153797
 0.8817248904030501
 0.9922894653845946
 0.8709976725110996
 0
 0
 0.7892931470571475
 0.8649416600298984
 0.8535994483996325
 0.8739801633833537
 0.7629724778849978
 0.8907381949241873
 0.7972384437358125
 0.8639455852939424
 0.8651220993298629
 0.7826553184229881
 0.7839430495625057
 0.8257495381046994
 0.9282203961066915
 0.8539667698227122
 0.9424910151763571
 0.843344170638983
 0.8560008797154678
 0.8830536302693782
 0.8396395469662862
 0.8601736062431096
 0.9737547341902368
 0.883435631667402
 0.9376185154068846
 0.985301852945171
 0.9861826781866916
 0.896426098864318
 0.9237198708551826
 0.9727471592589327
 0
 0
 0
 0
 0
 0
 0
 0
 0
 0
 0
 0
 0
 0
 0
 0
 0
 0
 0
 0
 0
 0
 0
 0
 0
 0
 0
 0
 0
 0
 0
 0
 0
 0
 0
 0
 0
 0
 0
 0
 0
 0
 0
 0
 0
 0
 0
 0
 0
 0
 0
 0
 0
 0
 0
 0
 0
 0
 0
 0
 0
 0
 0
 0
 0
 0
 0
 0
 0
 0
 0
 0
 0
 0
 0
 0
 0
 0
 0
 0
 0
 0
 0
 0
 0
 0
 0
 0
 0
 0
 0
 0
 0
 0
 0
 0
 0
 0
 0
 0
 0
 0
 0
 0
 0
 0
 0
 0
 0
 0
 0
 0
 0
 0
 0
 0
 0
 0
 0
 0
 0
 0
 0
 0
 0
 0
 0
 0
 0
 0
 0
 0
 0
 0
 0
 0
 0
 0
 0
 0
 0
 0
 0
 0
 0
 0
 0
 0
 0
 0
 0
 0
 1
 1
 1
 1
 1
 1
 1
 1
 1
 1
 1
 1
 1
 1
 1
 1
 1
 1
 1
 1
 1
 1
 1
 1
 1
 1
 1
 1
 0
 0
 0
 0
 0
 0
 0
 0
 0
 0
 0
 0
 0
 0
 0
 0
 0
 0
 0
 0
 0
 0
 0
 0
 0
 0
 0
 0
 0
 0
 0
 0
 0
 0
 0
 0
 0
 0
 0
 0
 0
 0
 0
 0
 0
 0
 0
 0
 0
 0
 0
 0
 0
 0
 0
 0
 0
 0
 0
 0


