# Created by Octave 3.8.2, Fri Nov 20 20:10:32 2015 CET <dkottke@snake5>
# name: mus
# type: matrix
# ndims: 3
 1 30 19
 0
 0
 0.5319977740678907
 0.5473273942093542
 0.558217270194986
 0.6772575250836121
 0.6764869371873273
 0.5284598214285714
 0.5337800111669458
 0.5413407821229053
 0.5413911242132102
 0.6342281879194632
 0.6348011891490152
 0.6330915178571428
 0.6302521008403359
 0.6305803571428571
 0.6286834733893556
 0.6335578002244669
 0.6324588065909452
 0.6331460674157302
 0.6321568627450981
 0.64122708567153
 0.6386101820884433
 0.650900900900901
 0.6738028169014088
 0.6737272389446303
 0.6677890011223345
 0.6657366071428571
 0.6935483870967741
 0.6875706214689266
 0
 0
 0.6666666666666666
 1
 1
 0.6
 0.7
 0.5
 0.6
 0.7
 0.6333333333333333
 0.6666666666666666
 0.6666666666666667
 0.6
 0.7333333333333333
 0.7666666666666666
 0.7666666666666666
 0.7166666666666666
 0.75
 0.75
 0.76
 0.7300000000000001
 0.7300000000000001
 0.7100000000000001
 0.6799999999999999
 0.6866666666666666
 0.6666666666666666
 0.6733333333333333
 0.6933333333333334
 0.6666666666666666
 0
 0
 0.7629547904392908
 0.8430906414255352
 0.7540254486071285
 0.8461839973517177
 0.6864284055488086
 0.6874709008808613
 0.6188831050098014
 0.7390199643516606
 0.7028102386113817
 0.6887884322145366
 0.4914387292340666
 0.6353996978146756
 0.7431379145165219
 0.6937097284261258
 0.7416229759374886
 0.6685359583193745
 0.6936111398770473
 0.7333002059532833
 0.7519629844089514
 0.717792189820698
 0.6898826283703765
 0.7111958666989825
 0.650307934094069
 0.7256444920501637
 0.6605806465609798
 0.667772431115774
 0.7057632470102567
 0.6847249325332179
 0
 0
 0.7216956322489104
 0.9265126510996059
 0.9272165739106321
 0.8176169990474965
 0.7054344577536645
 0.6180629948656168
 0.6905489267474682
 0.6960689267208754
 0.74106516113294
 0.692858597080138
 0.6107892512683997
 0.6885067803505336
 0.7340483910106216
 0.7398435397841141
 0.7483765835025568
 0.6959230497350798
 0.7572442048385455
 0.7667037966569515
 0.7698441851366734
 0.727837100455305
 0.7445719485872938
 0.724279574852164
 0.6818329057410826
 0.7048494948395304
 0.6774153191793638
 0.6972276413705838
 0.70881719718922
 0.6811193992824821
 0
 0
 1
 1
 1
 1
 0.5714285714285714
 0.25
 0.6666666666666666
 0.7
 0.8181818181818182
 0.6666666666666666
 0.6153846153846154
 0.7777777777777778
 0.6
 0.6666666666666666
 1
 1
 0
 1
 1
 1
 1
 1
 1
 0
 1
 1
 1
 0
 0
 0
 0.9589850210149748
 0.9654910206562469
 0.9837574108210532
 0.9308931613087775
 0.655046861641519
 0.4201578936245569
 0.6980516322918806
 0.7157024991243415
 0.817118015895828
 0.6406008613043341
 0.6169660867008571
 0.7272984703157446
 0.6926268316410703
 0.6914602700122985
 0.8196311391688815
 0.7729488090639867
 0.6246947276356927
 0.8034347567730211
 0.7930319379261286
 0.8160929723346811
 0.838212698012972
 0.6973430771673274
 0.734643499729666
 0.6676926458296242
 0.6991164025154754
 0.6913686553414085
 0.6639185812249033
 0.6278129636690692
 0
 0
 0.3678794411714423
 0.8565207503670114
 0.9053589161376651
 0.7776628449739618
 0.7953550775692282
 0.6362358318293555
 0.7433026609595552
 0.7125418357195507
 0.7046917370652507
 0.6758969760002298
 0.6073534782804738
 0.6708561124684418
 0.7342542875893902
 0.7287048627262622
 0.7024757390016416
 0.6631449315337461
 0.7150495975847275
 0.698908073020003
 0.7305673118059041
 0.7168297227560916
 0.7134436439898734
 0.6998849026857588
 0.7124266479960256
 0.7406323090852958
 0.7115195747025471
 0.7050413244399812
 0.7322927465166789
 0.71534334637971
 0
 0
 0.697593046746341
 0.8662771021665833
 0.8920192859855337
 0.7644650946946189
 0.6951574770939803
 0.5651623048580086
 0.6632167995069354
 0.669502893432868
 0.7028236924679304
 0.6368423299876803
 0.5592512208442584
 0.6081589157678433
 0.6704828337271755
 0.6773173031542433
 0.6852394048758529
 0.6475895620355876
 0.6759135470697774
 0.688390537144897
 0.7105691072195852
 0.6739288537139754
 0.6876654333974636
 0.6701372280589865
 0.6466130103091082
 0.6615759203756414
 0.6436401786329113
 0.6484352682025566
 0.6676530052758788
 0.641596858229554
 0
 0
 0.9742417522802652
 0.9516732460999778
 0.9224139594085421
 0.9323325648872854
 0.9550512558506555
 0.9000707480680622
 0.9043499015322479
 0.9167194634045134
 0.9349131232644632
 0.9307551718411733
 0.9246206081365796
 0.9294369137182539
 0.9164466349701543
 0.915781792014025
 0.9071775058104238
 0.9007050440003066
 0.9096693896511019
 0.9010000685994864
 0.9030404272922478
 0.8989299927386718
 0.9074223377666294
 0.9183073117258843
 0.9040836313474915
 0.9026079023983773
 0.9016590404572007
 0.9077139277319427
 0.8945342964265171
 0.913075203657112
 0
 0
 0.965460245175602
 0.9718064343902504
 0.9856394831055177
 0.8736103096176069
 0.3231243343889329
 0.514169048874354
 0.6713668842731938
 0.6870321252522695
 0.7093947147008335
 0.627928807557747
 0.5363471109941151
 0.6488796554787186
 0.7462298273557085
 0.7692889948057473
 0.7721454189226409
 0.719174492859354
 0.7115555854806802
 0.7918475079466432
 0.7580507656752749
 0.7499874855776419
 0.7849258316154063
 0.7348630982715324
 0.70043284465029
 0.6891662665693092
 0.6879956337902789
 0.676674782853285
 0.6832440874972936
 0.666093823877995
 0
 0
 0.3678794411714423
 0.8153231531883361
 0.9065408108541326
 0.7493401358290628
 0.8183320419598075
 0.6409683662655301
 0.7164888886562393
 0.732557143651639
 0.6913248049811952
 0.691304167322581
 0.6356261743622337
 0.6764829780652517
 0.7251052982064865
 0.7348234543742272
 0.7218263351464865
 0.8333195745028961
 0.6900427776087451
 0.7178743697904302
 0.7150062495147296
 0.7544710619008623
 0.7294147458969812
 0.7065815099860215
 0.6513049080593125
 0.7355386340195078
 0.7135650196873079
 0.707644612004445
 0.7309005576183358
 0.6913184518650302
 0
 0
 0
 0
 0
 0
 0
 0
 0
 0
 0
 0
 0
 0
 0
 0
 0
 0
 0
 0
 0
 0
 0
 0
 0
 0
 0
 0
 0
 0
 0
 0
 0
 0
 0
 0
 0
 0
 0
 0
 0
 0
 0
 0
 0
 0
 0
 0
 0
 0
 0
 0
 0
 0
 0
 0
 0
 0
 0
 0
 0
 0
 0
 0
 0
 0
 0
 0
 0
 0
 0
 0
 0
 0
 0
 0
 0
 0
 0
 0
 0
 0
 0
 0
 0
 0
 0
 0
 0
 0
 0
 0
 0
 0
 0
 0
 0
 0
 0
 0
 0
 0
 0
 0
 0
 0
 0
 0
 0
 0
 0
 0
 0
 0
 0
 0
 0
 0
 0
 0
 0
 0
 0
 0
 0
 0
 0
 0
 0
 0
 0
 0
 0
 0
 0
 0
 0
 0
 0
 0
 0
 0
 0
 0
 0
 0
 0
 0
 0
 0
 0
 0
 0.9029346475777074
 0.9029368130273522
 0.9220947868435907
 0.9305214110156645
 0.9067884608896289
 0.9037720764699254
 0.8974482774162468
 0.9040191380252304
 0.9348184239642409
 0.9128075377647364
 0.9294805956727122
 0.9220555853315364
 0.9046863699422933
 0.913893099366452
 0.9146811719271176
 0.9045813567144074
 0.9147910817048476
 0.9166468353198794
 0.9184758463992799
 0.9074463367545272
 0.9049785212468089
 0.9057962606600929
 0.9065485973149232
 0.90364183307694
 0.9122629868335056
 0.8981173267050776
 0.8934034745963662
 0.9003934031526735
 0
 0
 0
 0
 0
 0
 0
 0
 0
 0
 0
 0
 0
 0
 0
 0
 0
 0
 0
 0
 0
 0
 0
 0
 0
 0
 0
 0
 0
 0
 0
 0
 0
 0
 0
 0
 0
 0
 0
 0
 0
 0
 0
 0
 0
 0
 0
 0
 0
 0
 0
 0
 0
 0
 0
 0
 0
 0
 0
 0


