# Created by Octave 3.8.2, Fri Nov 20 23:22:02 2015 CET <dkottke@snake2>
# name: mus
# type: matrix
# ndims: 3
 1 30 19
 0
 0
 0.7536231884057968
 0.8894230769230769
 0.7512195121951224
 0.7696078431372548
 0.7733990147783252
 0.8990384615384616
 0.9178743961352659
 0.9150000000000003
 0.9186602870813396
 0.9607843137254901
 0.9302884615384617
 0.9540816326530613
 0.9538461538461539
 0.9567307692307693
 0.9558823529411765
 0.9595959595959596
 0.9569377990430623
 0.95
 0.9523809523809526
 0.9545454545454546
 0.9565217391304349
 0.9496527777777777
 0.9525
 0.9663461538461539
 0.9614512471655329
 0.9642857142857143
 0.9655172413793105
 0.9611111111111112
 0
 0
 0.6666666666666666
 0.5
 1
 1
 1
 0.9
 0.6
 0.9
 0.9
 0.9
 0.9333333333333333
 0.9333333333333333
 0.9333333333333332
 1
 1
 1
 1
 1
 1
 1
 0.96
 0.96
 0.96
 0.96
 0.96
 0.9333333333333333
 0.9333333333333333
 0.9333333333333333
 0
 0
 0.7198556614282529
 0.7239740226448632
 0.9075469930965034
 0.9107720979884859
 0.9681742573630295
 0.8968678623183681
 0.8646320324875489
 0.8677359129970262
 0.9411757896071952
 0.9368384679480781
 0.8713484157888925
 0.9026187807880464
 0.889937584468979
 0.9480531462765858
 0.9206945610073822
 0.9449167719638714
 0.9655349377022787
 0.946331142387318
 0.9520169378639216
 0.9712615179443596
 0.9456277396650347
 0.9437992027718927
 0.9518029378064227
 0.9290077290396149
 0.9477766868582028
 0.9597833577567548
 0.9566629964156721
 0.9657896907245903
 0
 0
 0.7474434146480432
 0.6942541210483011
 0.8210727506143553
 0.8469532046146715
 0.8779083267438477
 0.8594425698447232
 0.8107497817854451
 0.8545315146581882
 0.8721932246855171
 0.8266299832879741
 0.8276622446175964
 0.8539345902164154
 0.8648873120901412
 0.8931055961707854
 0.8880696835698434
 0.895007097289663
 0.9131695261551157
 0.9085606805368261
 0.9130787612573237
 0.9211099935471441
 0.8818212917886987
 0.8876156220670212
 0.8964768890840656
 0.9058187852160947
 0.9063004024781157
 0.9151615538995398
 0.9139605767867439
 0.921852071828607
 0
 0
 0.6666666666666666
 0.25
 1
 1
 1
 0.875
 0.8888888888888888
 0.9
 0.9090909090909091
 0.8333333333333334
 1
 1
 1
 1
 1
 1
 1
 1
 1
 1
 1
 1
 1
 1
 1
 0
 1
 1
 0
 0
 0.6958258333885565
 0.4442249020084265
 0.9297225322066093
 0.7904090683994847
 0.851742071613806
 0.945928210156685
 0.8040963184458336
 0.9458908016409234
 0.9452424870978985
 0.9339518054164431
 0.8682277178615553
 0.8012725117569931
 0.9583232519473415
 0.8576410328896725
 0.8923001429249385
 0.9765660023421475
 0.8941125211707999
 0.8704387768450613
 0.9839956721932477
 0.9791080507234612
 0.9180675933547362
 0.896921987174688
 0.8829644885932143
 0.8956589193002009
 0.9408409837245397
 0.8670262238738545
 0.8902636478133084
 0.9513612743775066
 0
 0
 0.5785862941142949
 0.6338192441642235
 0.8077572404109934
 0.7874733478025313
 0.8711858396360185
 0.8384035618042154
 0.8774458901422932
 0.8343566165742543
 0.8624034914275955
 0.8085247439873468
 0.8362288212842585
 0.8407448526169931
 0.8307706119869853
 0.8667903272726551
 0.9146992695710978
 0.9159397664728349
 0.879816239350878
 0.8989281815471863
 0.9296026228568801
 0.9177992882947527
 0.8882498518168782
 0.8996869087160253
 0.921240398253529
 0.8863961112491633
 0.9043243946960887
 0.9533341476366185
 0.9035587433586201
 0.9206660353007313
 0
 0
 0.7474469063408458
 0.6832923815775841
 0.7683791167728775
 0.8184014772729069
 0.8370394543038364
 0.8325392750590387
 0.8400807318668777
 0.8552060370354905
 0.8708833924158472
 0.826833091839321
 0.8100466797143417
 0.8506964639003015
 0.8666232802047806
 0.8813083356248539
 0.8859995462556801
 0.8932959391267435
 0.8988867739273735
 0.9068600694312424
 0.91057699069122
 0.9174801644318568
 0.8893815603363562
 0.8896284688443695
 0.9034853016223441
 0.9088571878788284
 0.9149407198670189
 0.9252151644436993
 0.9206620368544474
 0.9287600735074986
 0
 0
 0.9999381358206547
 1
 0.9999999999999999
 0.9999999999907416
 1
 0.9999999996508697
 0.9999999999998472
 0.9999999999999997
 0.9999679677556418
 0.9982041181584731
 0.9902683451803534
 0.9883345102114368
 0.9774303184172611
 0.9743295631802905
 0.9695432328086612
 0.973549111758104
 0.9644686410685125
 0.9657597831117815
 0.9522368528985804
 0.9723535053737148
 0.964106958323421
 0.9584182314918709
 0.9554037010146882
 0.95350337207104
 0.952182217817472
 0.9537227363341634
 0.9479750613404879
 0.9555414757150094
 0
 0
 0.6939176818469514
 0.4850616127525182
 0.9906551368893918
 0.7371261104337108
 0.8389502999178301
 0.954295128989716
 0.9334931468950579
 0.9344387814095662
 0.8850393043520239
 0.8565848530847555
 0.8312819387216236
 0.8553562116081386
 0.9003735793322287
 0.8684315967776545
 0.843380427978046
 0.9613851837182896
 0.9046647912187414
 0.9727173357803122
 0.9662056509278862
 0.913110605119843
 0.8778757828988043
 0.9037006129172168
 0.973306759552673
 0.9023272066562986
 0.9773519382424869
 0.9442730305516817
 0.918901422716074
 0.9724054127149823
 0
 0
 0.5785862941142949
 0.6431475133504881
 0.7561697477224231
 0.7895918846332537
 0.895875888255774
 0.7876152405480018
 0.830826058340822
 0.8288387743610119
 0.8151351268256146
 0.7944301488667044
 0.8166070974520735
 0.8256891191233584
 0.8249567294475918
 0.9621637693879267
 0.9028214237504348
 0.9229528246767202
 0.8644898377436695
 0.8950343599898358
 0.8859462796771138
 0.8993402690108807
 0.9213412276124897
 0.8751930476234688
 0.8910770207757361
 0.8914704747947911
 0.9033127855548981
 0.8977578022733346
 0.9122245186790453
 0.9156691962765844
 0
 0
 0
 0
 0
 0
 0
 0
 0
 0
 0
 0
 0
 0
 0
 0
 0
 0
 0
 0
 0
 0
 0
 0
 0
 0
 0
 0
 0
 0
 0
 0
 0
 0
 0
 0
 0
 0
 0
 0
 0
 0
 0
 0
 0
 0
 0
 0
 0
 0
 0
 0
 0
 0
 0
 0
 0
 0
 0
 0
 0
 0
 0
 0
 0
 0
 0
 0
 0
 0
 0
 0
 0
 0
 0
 0
 0
 0
 0
 0
 0
 0
 0
 0
 0
 0
 0
 0
 0
 0
 0
 0
 0
 0
 0
 0
 0
 0
 0
 0
 0
 0
 0
 0
 0
 0
 0
 0
 0
 0
 0
 0
 0
 0
 0
 0
 0
 0
 0
 0
 0
 0
 0
 0
 0
 0
 0
 0
 0
 0
 0
 0
 0
 0
 0
 0
 0
 0
 0
 0
 0
 0
 0
 0
 0
 0
 0
 0
 0
 0
 0
 0
 0.9999768840532154
 0.9999999946377665
 0.9999999999966007
 0.9999846187094003
 0.9999999999975144
 0.9999999680085849
 0.9997502421986413
 0.9999957827356798
 0.9961962004621001
 0.9999973056649287
 0.9900652157906997
 0.9835090041597022
 0.9805144134625183
 0.9790399875256136
 0.9732988032582015
 0.9747273653883223
 0.9687528563909092
 0.964704709481822
 0.9620125002944127
 0.9722976814444192
 0.9620213499931366
 0.9579315049262351
 0.9600973355688651
 0.9540452637750721
 0.9537112743842184
 0.9592301470342599
 0.9558391572438606
 0.9447494945476201
 0
 0
 0
 0
 0
 0
 0
 0
 0
 0
 0
 0
 0
 0
 0
 0
 0
 0
 0
 0
 0
 0
 0
 0
 0
 0
 0
 0
 0
 0
 0
 0
 0
 0
 0
 0
 0
 0
 0
 0
 0
 0
 0
 0
 0
 0
 0
 0
 0
 0
 0
 0
 0
 0
 0
 0
 0
 0
 0
 0


