# Created by Octave 3.8.2, Fri Nov 20 23:14:43 2015 CET <dkottke@snake10>
# name: mus
# type: matrix
# ndims: 3
 1 30 19
 0
 0
 0.5169082125603863
 0.8509615384615384
 0.6439024390243904
 0.8186274509803919
 0.4975369458128078
 0.4951923076923077
 0.9565217391304349
 0.9550000000000001
 0.9569377990430619
 0.9362745098039217
 0.9615384615384616
 0.9438775510204083
 0.9487179487179488
 0.9663461538461539
 0.965686274509804
 0.9595959595959598
 0.9760765550239234
 0.97
 0.9788359788359789
 0.9696969696969696
 0.9710144927536233
 0.96875
 0.975
 0.9711538461538461
 0.9652305366591082
 0.9744897959183675
 0.9704433497536946
 0.9777777777777779
 0
 0
 0.3333333333333333
 1
 0.8
 0.7
 0.6
 0.9
 0.8
 0.8
 0.9333333333333332
 0.8333333333333333
 0.9333333333333332
 0.8333333333333333
 0.9333333333333332
 0.95
 0.9
 0.9333333333333332
 0.95
 0.95
 0.95
 0.9099999999999999
 0.9099999999999999
 0.96
 0.9199999999999999
 0.9199999999999999
 0.8933333333333333
 0.8866666666666665
 0.9
 0.9
 0
 0
 0.4864020459517969
 0.8765723167919182
 0.8968414365800618
 0.8355734106715684
 0.7892931470571474
 0.8335415861751465
 0.8077198414301654
 0.7569554812958074
 0.8715044812130582
 0.8573476294131449
 0.8596331323481199
 0.8533157358326092
 0.9025141839169386
 0.9119596689465547
 0.9196344658985186
 0.9408624551337675
 0.9454833921578506
 0.9233982991533431
 0.9408946390253131
 0.9281595690133612
 0.9560427478936452
 0.9511097723013793
 0.9149724512224438
 0.9040254262962877
 0.9292082404631383
 0.9374044035922912
 0.9183825494853237
 0.9278641804554778
 0
 0
 0.3611152773892726
 0.9881000003588283
 0.8525031239143085
 0.8645859723760556
 0.7834123508443261
 0.8789083688525566
 0.8266071872959616
 0.8671610607386193
 0.9522437277152996
 0.9248746705547934
 0.9459069557598232
 0.9471721224856339
 0.9624237095329932
 0.9588098254682157
 0.9647223144504184
 0.9678970744156996
 0.9753418516684943
 0.9710079736314401
 0.9741384956965976
 0.9683994987010625
 0.9741710717442137
 0.9804819703404783
 0.9587886522075054
 0.9534256932835256
 0.9531104729442039
 0.9474404831322931
 0.9521682833143348
 0.9540201167346356
 0
 0
 0.3333333333333333
 1
 0.6
 0.6666666666666666
 0.4285714285714285
 0.875
 0.6666666666666666
 0.9
 0.7272727272727273
 1
 1
 0.7777777777777778
 1
 1
 1
 1
 1
 1
 1
 1
 1
 1
 1
 1
 1
 1
 1
 1
 0
 0
 0.4166791657988685
 1.142866667287593
 0.875000069556257
 0.750000003623584
 0.5589300767161474
 0.8750000021547615
 0.7023809613798987
 0.9210317560727372
 0.7986746383468359
 1.030555566141846
 1.028787942600767
 0.8684879894003961
 1.037006758254814
 1.003242403229226
 0.9888865380747206
 0.985043368409523
 1.035473545600049
 1.026595744934327
 1.025862069353081
 1.013890471981652
 0.8522750529984495
 1.035714286649735
 0.8593785086614639
 1.000000002318588
 1.0000000012542
 1.031517968788242
 0.9387769945978335
 1.000000005852371
 0
 0
 0.7892931470571475
 0.7554742959723174
 0.9423628438951449
 0.91273376732191
 0.8494184674588192
 0.8293986476756531
 0.7867111349988886
 0.8294502276715245
 0.8496315295406366
 0.910151659275241
 0.8639351561246424
 0.9193674817190469
 0.9326574321558052
 0.9099752671266818
 0.903698877489552
 0.9284932797336263
 0.9267747125699795
 0.9245784133495655
 0.9562065588475694
 0.9528976645879778
 0.9498613598401581
 0.9435884497558451
 0.9353801798070959
 0.9200235598474719
 0.9214694579057937
 0.9217729022899288
 0.9400295512007676
 0.9230078385231938
 0
 0
 0.361115277390353
 0.9254821181729498
 0.8715422364575862
 0.8833257185429894
 0.7409585334577259
 0.8015437546895332
 0.8147621558115796
 0.8417808968225825
 0.8936202766930874
 0.8872895161512467
 0.937658842125731
 0.9400999757318032
 0.9722774924191625
 0.9635727728419569
 0.9776960287614171
 0.9800166290419714
 0.9733209347988105
 0.9664300091552833
 0.9811044302295805
 0.978704410696422
 0.9684830628934805
 0.9752123809886208
 0.9530977817875853
 0.9501940554302071
 0.9412785561496971
 0.9423259040381629
 0.9514664944615976
 0.9580170548175901
 0
 0
 1
 1
 1
 1
 1
 1
 1
 1
 1
 1
 1
 1
 1
 1
 1
 1
 1
 1
 1
 1
 1
 1
 1
 1
 1
 1
 1
 1
 0
 0
 0.4166791656229956
 1.017559649389191
 1.018465354204385
 0.9234887742791436
 0.6140879265988201
 0.7228224246362908
 0.8551180362196396
 0.8238203011576664
 0.9445148214940269
 0.9435652521349066
 0.9830112382888243
 0.9899714291003341
 1.005265331794632
 0.9126117055555502
 0.9296715240027198
 0.9459124584038432
 0.9480846906746691
 0.9464984066445322
 0.972817912343708
 0.9698977578226681
 1.102052485654274
 1.115367505155865
 1.114956063669425
 1.000000000000648
 1.00000000000157
 0.8817248904030078
 0.748153681933525
 0.9928306120969156
 0
 0
 0.7892931470571475
 0.755474296123344
 1.043985110454312
 0.9260022583438813
 0.8630550070383214
 0.8551724273965073
 0.808574171832146
 0.8493514293211132
 0.8059535596483199
 0.7823693973006268
 0.8148795846230064
 0.8060197385576238
 0.9668837795410863
 1.040777689752337
 0.9080560748239117
 0.9649151858717114
 0.9112252969901797
 0.9844494720382353
 1.093739423668637
 1.054399907306586
 0.976960931472457
 1.035019636719977
 0.9202459516593097
 0.9591059802536557
 0.9256549027444689
 0.9404813585887934
 0.9918208524356258
 0.9221089701036743
 0
 0
 0
 0
 0
 0
 0
 0
 0
 0
 0
 0
 0
 0
 0
 0
 0
 0
 0
 0
 0
 0
 0
 0
 0
 0
 0
 0
 0
 0
 0
 0
 0
 0
 0
 0
 0
 0
 0
 0
 0
 0
 0
 0
 0
 0
 0
 0
 0
 0
 0
 0
 0
 0
 0
 0
 0
 0
 0
 0
 0
 0
 0
 0
 0
 0
 0
 0
 0
 0
 0
 0
 0
 0
 0
 0
 0
 0
 0
 0
 0
 0
 0
 0
 0
 0
 0
 0
 0
 0
 0
 0
 0
 0
 0
 0
 0
 0
 0
 0
 0
 0
 0
 0
 0
 0
 0
 0
 0
 0
 0
 0
 0
 0
 0
 0
 0
 0
 0
 0
 0
 0
 0
 0
 0
 0
 0
 0
 0
 0
 0
 0
 0
 0
 0
 0
 0
 0
 0
 0
 0
 0
 0
 0
 0
 0
 0
 0
 0
 0
 0
 0
 1
 1
 1
 1
 1
 1
 1
 1
 1
 1
 1
 1
 1
 1
 1
 1
 1
 1
 1
 1
 1
 1
 1
 1
 1
 1
 1
 1
 0
 0
 0
 0
 0
 0
 0
 0
 0
 0
 0
 0
 0
 0
 0
 0
 0
 0
 0
 0
 0
 0
 0
 0
 0
 0
 0
 0
 0
 0
 0
 0
 0
 0
 0
 0
 0
 0
 0
 0
 0
 0
 0
 0
 0
 0
 0
 0
 0
 0
 0
 0
 0
 0
 0
 0
 0
 0
 0
 0


