# Created by Octave 3.8.2, Fri Nov 20 23:38:53 2015 CET <dkottke@snake2>
# name: mus
# type: matrix
# ndims: 3
 1 30 19
 0
 0
 0.8454106280193233
 0.8317307692307693
 0.9219512195121953
 0.9656862745098038
 0.9704433497536947
 0.9807692307692307
 0.9565217391304349
 0.975
 0.9760765550239233
 0.9705882352941176
 0.9855769230769231
 0.9846938775510204
 0.9743589743589745
 0.9759615384615384
 0.9754901960784315
 0.9747474747474748
 0.9760765550239235
 0.97
 0.9735449735449736
 0.9663299663299666
 0.9758454106280193
 0.9739583333333333
 0.985
 0.9759615384615385
 0.9735449735449736
 0.9693877551020409
 0.9753694581280788
 0.9666666666666668
 0
 0
 0.3333333333333333
 1
 0.8
 0.7
 0.8
 0.8
 0.8
 0.8
 0.9
 0.9333333333333332
 0.9
 0.9333333333333332
 0.9333333333333332
 0.95
 0.9333333333333332
 0.95
 0.9333333333333332
 0.95
 0.96
 0.95
 0.96
 1
 1
 0.9199999999999999
 0.9199999999999999
 0.9666666666666666
 0.9666666666666666
 0.9666666666666666
 0
 0
 0.6073190467883203
 0.9381621192450325
 0.8712347009793679
 0.7854204265765869
 0.831434517645718
 0.833175189758239
 0.6943293787145557
 0.8002499034101758
 0.7268286452298557
 0.8269193707969426
 0.8162278141107209
 0.8875942667511677
 0.8776696213771782
 0.905741033987064
 0.8902008350462337
 0.9204550694113753
 0.9226158743745645
 0.9525311191225587
 0.9425759658281315
 0.9462223157286659
 0.9611146080955366
 0.936475209126391
 0.9480103464755305
 0.9292651855659758
 0.9494257553236395
 0.9339469978312421
 0.9605755308477693
 0.9530128301872258
 0
 0
 0.5545302901301894
 0.7607096631248892
 0.7657081668173827
 0.7667126890313447
 0.7956757290909692
 0.8069752954729495
 0.7023976666627283
 0.6924612682249589
 0.7014506035243024
 0.7410447741120759
 0.7615364031149969
 0.7857182074834781
 0.7855510542069745
 0.8090027833216932
 0.8258070960569873
 0.8438781767104871
 0.8509446179771274
 0.8474101157390389
 0.8629949407921162
 0.8759280681690874
 0.8708107123675307
 0.8734007472345341
 0.8668803121523851
 0.8617729496001713
 0.8683853468114898
 0.8727374228624489
 0.8749606439554161
 0.8714577801229019
 0
 0
 0.3333333333333333
 1
 0.6
 0.5
 1
 0.875
 0.8888888888888888
 0.8
 0.9090909090909091
 0.9166666666666666
 1
 0.8888888888888888
 0.6
 1
 1
 1
 1
 1
 1
 1
 1
 1
 1
 1
 1
 1
 1
 1
 0
 0
 0.4166530180148725
 0.8344851699638605
 0.692004357267756
 0.8387275992595232
 0.7525629389061815
 0.9108597939544726
 0.6759451596890999
 0.7372082870711226
 0.7740542042922096
 0.8244273101892134
 0.779359951601973
 0.8966428553381434
 0.8950012045924191
 0.8239483043087763
 0.7966830597132118
 0.9090123755840658
 0.962189680466752
 0.8190660766653155
 0.8242721583562492
 0.8696559382108404
 0.8513124257301139
 0.8414162760479603
 0.8195378168856454
 0.8490010741648196
 0.9663267675309604
 0.8470277250725823
 0.8774461514665823
 0.8901488065902747
 0
 0
 0.5785862941142949
 0.6939569316942227
 0.7910539646815287
 0.839622566662342
 0.7845386427379913
 0.829562103149231
 0.7804152825820159
 0.8073203111492708
 0.7583932304025656
 0.7831094019395273
 0.795347736228124
 0.8061312808399718
 0.7787973891735399
 0.856124572755581
 0.7982871417919796
 0.853669451589378
 0.8614046839612169
 0.8343699712716851
 0.8919496949676128
 0.823963528848583
 0.9604766045098184
 0.8801688214595831
 0.8362021172190711
 0.8386099801544896
 0.9056417283818728
 0.8617766741869234
 0.8495509745217529
 0.8425073221368019
 0
 0
 0.5532611016108901
 0.7043135474303078
 0.7757559423091932
 0.8190349767972737
 0.7770967280206749
 0.8154677724295409
 0.6735009905710221
 0.6840569560170635
 0.6826031141371304
 0.7239274939564857
 0.7414416910355112
 0.7808150928831645
 0.7755877832308052
 0.8061439481549966
 0.8364357696624259
 0.858172295318704
 0.8717572166100038
 0.8708975294417478
 0.8900310632104987
 0.8919026939747656
 0.8936677421875342
 0.8923051993740735
 0.8942580528427925
 0.8839228912158228
 0.890794133188702
 0.9010782245838337
 0.90697358475478
 0.9034289476105805
 0
 0
 0.999001872993263
 0.9999999995329113
 0.9999996544725195
 0.9999999998743666
 0.9999999999999672
 0.9999999999999999
 0.9999999986621058
 0.9999999999984154
 0.9991852210865181
 0.9981189160445596
 0.9942272157149062
 0.9816548260667693
 0.9856873201506231
 0.9734378245543821
 0.9745824637956185
 0.9786975837641873
 0.964826382738204
 0.9702316984211869
 0.9662434679490745
 0.9632986328134404
 0.9560591026837636
 0.9624724537906028
 0.9548185447995814
 0.9614203611819929
 0.9457871517191473
 0.9430674853413556
 0.9486421639082885
 0.956917933580306
 0
 0
 0.4166611694990647
 0.6938497592666711
 0.6744405755656174
 0.7937567779395307
 0.871281471059729
 0.9137030412690447
 0.6687890364814861
 0.6391623485469342
 0.6533648582692033
 0.7175261362874589
 0.7184687802793198
 0.7966927362451321
 0.777765171050071
 0.8894626208796399
 0.807145324275536
 0.8278674564027533
 0.9510647012893225
 0.9654491028272317
 0.9722399583722598
 0.961664696816664
 0.9773774008811432
 0.8906495392016812
 0.8796255758730545
 0.8708420414475679
 0.8823181692609711
 0.8913379045902954
 0.8901186259187069
 0.9848573136985745
 0
 0
 0.5785862941142949
 0.677606805108545
 0.7749907193394643
 0.8576598812819249
 0.7694045154423415
 0.7786781502557075
 0.7540254384268811
 0.8339027854883911
 0.7487949700767694
 0.7679425056381879
 0.7682207204297374
 0.7908085771040994
 0.7736725596524229
 0.793853309015934
 0.8633269047179106
 0.825599789040858
 0.9045420858325398
 0.8486837004103432
 0.8754158940791049
 0.856588938087362
 0.8339117971321961
 0.8796507505553557
 0.8592854220564394
 0.8455325862984514
 0.9346910225047729
 0.8602377324571605
 0.868826133341722
 0.8646625709544964
 0
 0
 0
 0
 0
 0
 0
 0
 0
 0
 0
 0
 0
 0
 0
 0
 0
 0
 0
 0
 0
 0
 0
 0
 0
 0
 0
 0
 0
 0
 0
 0
 0
 0
 0
 0
 0
 0
 0
 0
 0
 0
 0
 0
 0
 0
 0
 0
 0
 0
 0
 0
 0
 0
 0
 0
 0
 0
 0
 0
 0
 0
 0
 0
 0
 0
 0
 0
 0
 0
 0
 0
 0
 0
 0
 0
 0
 0
 0
 0
 0
 0
 0
 0
 0
 0
 0
 0
 0
 0
 0
 0
 0
 0
 0
 0
 0
 0
 0
 0
 0
 0
 0
 0
 0
 0
 0
 0
 0
 0
 0
 0
 0
 0
 0
 0
 0
 0
 0
 0
 0
 0
 0
 0
 0
 0
 0
 0
 0
 0
 0
 0
 0
 0
 0
 0
 0
 0
 0
 0
 0
 0
 0
 0
 0
 0
 0
 0
 0
 0
 0
 0
 0.9999861961284486
 0.9999999887970312
 0.9999999998344364
 0.999999999999445
 0.999999999999985
 0.9999997686456478
 0.9999999892225762
 0.9999995122010944
 0.9999998798806684
 0.9954971790227438
 0.989040033455062
 0.9929301578840718
 0.9862707331270648
 0.9722085957026958
 0.9696087385734463
 0.973000105164351
 0.9700341875786954
 0.9684327479304062
 0.971895106533282
 0.9577647142730434
 0.9605833923893088
 0.96077243422522
 0.9512813432533394
 0.9491920899964568
 0.9500515761672903
 0.9487640970527482
 0.9560182395942397
 0.9462194532766514
 0
 0
 0
 0
 0
 0
 0
 0
 0
 0
 0
 0
 0
 0
 0
 0
 0
 0
 0
 0
 0
 0
 0
 0
 0
 0
 0
 0
 0
 0
 0
 0
 0
 0
 0
 0
 0
 0
 0
 0
 0
 0
 0
 0
 0
 0
 0
 0
 0
 0
 0
 0
 0
 0
 0
 0
 0
 0
 0
 0


