# Created by Octave 3.8.2, Fri Nov 20 23:33:11 2015 CET <dkottke@mudflap>
# name: mus
# type: matrix
# ndims: 3
 1 30 19
 0
 0
 0.9420289855072463
 0.7836538461538461
 0.7853658536585368
 0.8823529411764706
 0.896551724137931
 0.8798076923076923
 0.9565217391304349
 0.96
 0.9330143540669856
 0.9460784313725488
 0.9399038461538463
 0.9642857142857143
 0.9538461538461539
 0.9663461538461539
 0.965686274509804
 0.9696969696969698
 0.9712918660287081
 0.97
 0.9735449735449736
 0.9654882154882155
 0.9758454106280193
 0.9774305555555556
 0.9725
 0.9807692307692308
 0.9788359788359788
 0.9846938775510204
 0.9852216748768473
 0.9833333333333334
 0
 0
 0.3333333333333333
 1
 1
 1
 0.5
 0.7
 0.4
 0.6
 0.5666666666666667
 0.7666666666666666
 0.7666666666666666
 0.6333333333333333
 0.7333333333333333
 0.7499999999999999
 0.8333333333333333
 0.7666666666666666
 0.8333333333333333
 0.9
 0.9099999999999999
 0.96
 0.96
 0.96
 0.96
 0.96
 0.96
 0.9333333333333333
 0.9266666666666667
 0.9666666666666668
 0
 0
 0.6365306786735794
 0.8595287647047649
 0.9187900670949423
 0.8177385722044325
 0.8525052029400032
 0.8000434966970889
 0.6512834303944186
 0.6375141973248987
 0.7042263825251083
 0.7648511521157765
 0.6223200530951628
 0.8151498880111346
 0.7380564781480274
 0.7588181465021956
 0.8157840968456251
 0.8109478650136061
 0.8364921693516441
 0.8579117676894348
 0.9051641642030381
 0.9057755889626067
 0.9141013077031721
 0.9097961381064487
 0.9311457583868661
 0.9110574460205287
 0.9323022928407489
 0.9352511326618298
 0.9418560375218595
 0.9272693231456031
 0
 0
 0.5353346697826598
 0.8764871418280878
 0.9231320108018801
 0.7208556917660791
 0.7893234793558225
 0.7575767202845395
 0.6030830347556714
 0.627132588008232
 0.6043935165803846
 0.6877825966902014
 0.7029890570411824
 0.7313240485561016
 0.7676957751933321
 0.7969788132386897
 0.8309746916254502
 0.8361175716686511
 0.8719928922246312
 0.8938470190393987
 0.9229430111332064
 0.9307922696879654
 0.9398506441729373
 0.9342108085580835
 0.9459925699011014
 0.9419055300515295
 0.9419532574714287
 0.9428473563412575
 0.9344112401489841
 0.9507653730142651
 0
 0
 0
 1
 1
 0.8333333333333334
 0.5714285714285714
 0.5
 0.4444444444444444
 0.6
 0.8181818181818182
 0.5833333333333334
 0.4615384615384616
 0.7777777777777778
 1
 0.3333333333333333
 1
 1
 1
 1
 1
 1
 1
 1
 1
 1
 1
 1
 1
 1
 0
 0
 0.05241193002156908
 0.9079371816732628
 0.9685330168157368
 0.804691644972686
 0.7158212314067235
 0.6928258592050315
 0.546231858804066
 0.6198231251154738
 0.7283711637390146
 0.6534697186798637
 0.5704299977566843
 0.7641614314229801
 0.8363277483872196
 0.6365989416785967
 0.8658804376703951
 0.898700852885873
 0.9141247068133556
 0.8352187792555961
 0.9420561868662064
 0.965750725831692
 0.9711522528788991
 0.968431829207492
 0.9723445656776112
 0.9383124274784123
 0.8957473808388805
 0.9621432199279927
 0.9720341940205797
 0.9813609813420103
 0
 0
 0.5785862941142949
 0.682140780388472
 0.7745557241006921
 0.8633904554560909
 0.8566718794439521
 0.845411937105183
 0.7284097314994336
 0.714447323543748
 0.7080242207891991
 0.7402412499508917
 0.6803399295529349
 0.7342273837726634
 0.7098312305923802
 0.7606600981407511
 0.8063750793023691
 0.8090699938075531
 0.8116650384823718
 0.8013640190741436
 0.8321416694056933
 0.8682968149798456
 0.8974841979874162
 0.9226337386282791
 0.9087004954780172
 0.9389478863641276
 0.9084510491305029
 0.931315952115385
 0.915406952234844
 0.9302231243355467
 0
 0
 0.5328595059880529
 0.8142001854673401
 0.8682638933013004
 0.7524892270424284
 0.7678000043110198
 0.7695276891979981
 0.5886074925678493
 0.5947305712994132
 0.5498718892352848
 0.6193952567328219
 0.6235385173636678
 0.6560254580488356
 0.6853156600919379
 0.7174691173101079
 0.7501301266255069
 0.7505720681242158
 0.7952427485300484
 0.8098866940843545
 0.8344315233461165
 0.8483343821094007
 0.8640318200389686
 0.8543633629199276
 0.8699100492247837
 0.8614900868925817
 0.8692918960685074
 0.8627953130637549
 0.8597377763910521
 0.8769244945034846
 0
 0
 0.9485899414537459
 0.9435565672597663
 0.9575343766350249
 0.9185015915037069
 0.9202177841317027
 0.920408185314445
 0.9095712534050154
 0.9200148846424178
 0.9178665009175014
 0.9301716228500803
 0.9292743683086329
 0.9096204821624413
 0.913903607486561
 0.9137997872849533
 0.9055860863886522
 0.9088848761427015
 0.9138294236041653
 0.9053113978870815
 0.9033154760606458
 0.9071183227674948
 0.8970629662001385
 0.9143331390237532
 0.8948053941208688
 0.9156976620622875
 0.9031101810776221
 0.9104397540605613
 0.9005628944730525
 0.9069151661543648
 0
 0
 0.1223000551216614
 0.8788587677052773
 0.9635484246273165
 0.7739523197332698
 0.8783843589382637
 0.7912225522288339
 0.6051432042490759
 0.6231242456338097
 0.5696855279247851
 0.6780504271194503
 0.677871053464129
 0.7441992941414549
 0.7903138632687927
 0.6688258125545257
 0.8894179770549859
 0.8944994742467822
 0.903768481914091
 0.9244618351660001
 0.9336891362915807
 0.9321454713491523
 0.9671037483872877
 0.9622648596679544
 0.9371752236469268
 0.9457537881871837
 0.9354567040303802
 0.9260728428361572
 0.9352882567316282
 0.9372028995154793
 0
 0
 0.5785862941142949
 0.6748276559662933
 0.7428634514795037
 0.8966076975534997
 0.8797648815404161
 0.781269859514803
 0.7482382617137402
 0.7338401898698407
 0.7005447290418103
 0.7259129471919974
 0.7107808811438295
 0.7105601407376367
 0.7116583809089577
 0.7398218141703579
 0.4302518154433453
 0.8753551856619974
 0.7786719530083246
 0.769235616254651
 0.8149378346272178
 0.7968458531253471
 0.8864503940298373
 0.9656188814928146
 0.8352088125712824
 0.9372984183314665
 0.8323038936706966
 0.836917610783544
 0.8746084307011869
 0.90826242331232
 0
 0
 0
 0
 0
 0
 0
 0
 0
 0
 0
 0
 0
 0
 0
 0
 0
 0
 0
 0
 0
 0
 0
 0
 0
 0
 0
 0
 0
 0
 0
 0
 0
 0
 0
 0
 0
 0
 0
 0
 0
 0
 0
 0
 0
 0
 0
 0
 0
 0
 0
 0
 0
 0
 0
 0
 0
 0
 0
 0
 0
 0
 0
 0
 0
 0
 0
 0
 0
 0
 0
 0
 0
 0
 0
 0
 0
 0
 0
 0
 0
 0
 0
 0
 0
 0
 0
 0
 0
 0
 0
 0
 0
 0
 0
 0
 0
 0
 0
 0
 0
 0
 0
 0
 0
 0
 0
 0
 0
 0
 0
 0
 0
 0
 0
 0
 0
 0
 0
 0
 0
 0
 0
 0
 0
 0
 0
 0
 0
 0
 0
 0
 0
 0
 0
 0
 0
 0
 0
 0
 0
 0
 0
 0
 0
 0
 0
 0
 0
 0
 0
 0
 0.8908587695067894
 0.9212776945320178
 0.9151087266869736
 0.9103442494030874
 0.866449325147056
 0.9122423847744073
 0.917487955476981
 0.9274075820520449
 0.9045341341578131
 0.921036323249004
 0.9149350948265511
 0.9383132086092915
 0.9226890251550937
 0.9158529832470278
 0.9104853067793032
 0.9099679444314117
 0.9198396626583927
 0.9001788099963359
 0.9037230935557412
 0.9051290756877904
 0.90193358409764
 0.9021681845240281
 0.9033996745571098
 0.9037050659544936
 0.9105917794431707
 0.9047993791886521
 0.8963745526466425
 0.9099455064640076
 0
 0
 0
 0
 0
 0
 0
 0
 0
 0
 0
 0
 0
 0
 0
 0
 0
 0
 0
 0
 0
 0
 0
 0
 0
 0
 0
 0
 0
 0
 0
 0
 0
 0
 0
 0
 0
 0
 0
 0
 0
 0
 0
 0
 0
 0
 0
 0
 0
 0
 0
 0
 0
 0
 0
 0
 0
 0
 0
 0


