# Created by Octave 3.8.2, Mon Nov 16 01:51:05 2015 CET <dkottke@snake3>
# name: mus
# type: matrix
# ndims: 3
 1 30 19
 0
 0
 0.493734335839599
 0.5353535353535354
 0.508860759493671
 0.5126262626262625
 0.7192982456140352
 0.7193877551020408
 0.7335858585858591
 0.7461538461538462
 0.7196969696969698
 0.7045454545454546
 0.7405128205128207
 0.7946428571428571
 0.7961538461538462
 0.7734375
 0.7524865018471156
 0.7954545454545456
 0.7669172932330827
 0.7947368421052632
 0.8045112781954886
 0.8080808080808081
 0.8093208297811879
 0.8046875000000001
 0.8133333333333336
 0.8312820512820515
 0.8341750841750842
 0.8303571428571429
 0.8712951216699341
 0.8615384615384615
 0
 0
 1
 0.25
 0.6
 0.4
 0.3
 0.3
 0.5
 0.6
 0.6333333333333333
 0.6666666666666666
 0.8
 0.8666666666666666
 0.8666666666666666
 0.8666666666666666
 0.8333333333333333
 0.8166666666666667
 0.9
 0.9
 0.86
 0.8699999999999999
 0.82
 0.8400000000000001
 0.8400000000000001
 0.8
 0.82
 0.8266666666666668
 0.8
 0.8
 0
 0
 1
 0.5809806901704637
 0.597463412783503
 0.3681652916642923
 0.4262883267440327
 0.5571387274594504
 0.6087190100925426
 0.5390083118699107
 0.6877912479955659
 0.689033781019625
 0.661748853343217
 0.7016242684946723
 0.7572087399989642
 0.8092588668246912
 0.7909544050692379
 0.7882601395169804
 0.8337610914101831
 0.8380413365001884
 0.8786129452122218
 0.8134488337407075
 0.8208173204810161
 0.8363325414481286
 0.8433521892778781
 0.8253638616548391
 0.8763202818038562
 0.8467274010121341
 0.8211947796887038
 0.841090383177272
 0
 0
 0.9999999999823355
 0.4540317480893151
 0.6569430913103664
 0.3914801614011327
 0.3132567385030468
 0.4203467335327716
 0.4821370831848485
 0.5256485198419708
 0.5735579039020289
 0.6038395172261367
 0.6298225744854009
 0.6575429650543215
 0.6775356651042462
 0.6882690451277188
 0.7021666752808452
 0.6927222391587496
 0.7122491435770402
 0.7214596686014493
 0.7426388550534285
 0.6961328379616852
 0.7097282679398713
 0.716663723384804
 0.729229692428467
 0.7143625871859827
 0.7201745115267028
 0.7110383551325399
 0.6960179332441414
 0.7066725016020884
 0
 0
 0.9999999999843084
 0.4492864101124531
 0.5633098762531024
 0.355343139903457
 0.3197956044356253
 0.443097914604851
 0.4971080315832916
 0.5380776149620714
 0.5602695902580406
 0.6012532234524445
 0.6367878261675004
 0.6734316688342208
 0.6754466840001885
 0.683614378618746
 0.702755569854128
 0.6845044488737723
 0.7077139561571208
 0.7263850065184485
 0.738279572206833
 0.7064930118264492
 0.7113319243181285
 0.7145868144263123
 0.7306901062848415
 0.7144284559980398
 0.7257189744569607
 0.7165496458354236
 0.7002390875766792
 0.7117305620756138
 0
 0
 0.9999999999894986
 0.4159721594613629
 0.6333189889482282
 0.3365542025088291
 0.4543527750096293
 0.4736885238086896
 0.4768631759433397
 0.5661335787820969
 0.565635446522466
 0.5869322385044637
 0.6329807767018899
 0.6618967344187227
 0.6942136065930641
 0.7768109498996669
 0.6672896544383188
 0.7005929571739871
 0.756588722389705
 0.700169105177708
 0.7020023325337683
 0.8296458679503774
 0.6944607983443623
 0.7324141637988442
 0.7150437673751218
 0.7141469950361257
 0.716429759252255
 0.7544585441693963
 0.7114119040651514
 0.6969351421845188
 0
 0
 1
 0.8568923266633139
 0.8249169685939471
 0.5607898619912566
 0.5425742240887708
 0.6144984827518229
 0.6507593909250071
 0.7045917239056371
 0.6896234414264184
 0.6938854523698871
 0.7231395135649964
 0.8138284606478604
 0.7566558014893844
 0.7995638441576391
 0.7972966939324373
 0.7582907265023719
 0.7657772965500915
 0.7779239405623058
 0.7412797339348114
 0.7014257742669588
 0.7703616550161272
 0.8251796268787926
 0.7890502299120911
 0.7871379345218503
 0.7940001529721917
 0.7567318387274391
 0.7717895403263556
 0.7945674125885286
 0
 0
 0.9999999999775135
 0.5383633168784993
 0.6168611740481655
 0.3476503512548902
 0.3058464876309714
 0.4430415503550016
 0.4838281606205633
 0.5311838366758276
 0.5823197114286935
 0.6174359944579298
 0.6312543339304973
 0.6448486512362641
 0.6957045345588407
 0.7137056978635526
 0.7226503198586707
 0.7137116103614944
 0.7294941485048556
 0.7506252498452258
 0.7740108125625765
 0.7264174586648352
 0.7449883198208643
 0.748885216848482
 0.7734093162958782
 0.748455030093614
 0.7621597523321706
 0.749196380514909
 0.7348934169933492
 0.7479071088719879
 0
 0
 0.999999999970195
 0.4787172666067657
 0.5518659835243933
 0.3084061903426079
 0.3058769675924856
 0.4445700184244381
 0.4818209731478619
 0.5409705315733566
 0.584742551196529
 0.6119338084837228
 0.6328835983680386
 0.6592418506956217
 0.6735989336999254
 0.6957349512544513
 0.7141601196583602
 0.6986812626034281
 0.725516886842014
 0.7512241973974656
 0.7720316261319621
 0.7271325895161049
 0.7366842600455118
 0.7480478688527551
 0.7661726349835475
 0.7484017679473298
 0.7638390070366309
 0.752104481927184
 0.7376994666486113
 0.751472335375769
 0
 0
 0.9999999999703285
 0.4379952019704887
 0.6532426816416579
 0.2910434856616755
 0.3290065570674823
 0.4221956660639896
 0.4716536817180162
 0.5245664859555949
 0.5595672012847093
 0.6235302614147522
 0.6154009238831171
 0.7414437957121585
 0.6722786187722688
 0.6892259457867386
 0.7515100766904831
 0.7027621893005374
 0.7262457183608465
 0.7467093853818076
 0.7385845832891512
 0.7181005697174559
 0.7349555704253118
 0.7443695197900911
 0.7519055048390052
 0.753683767546022
 0.8680596819508437
 0.7340765948382402
 0.727759499115212
 0.7286859719847736
 0
 0
 1
 0.8714076070467901
 0.830214345669156
 0.6752005509114852
 0.5792762807633849
 0.6104236888204098
 0.647457351265509
 0.7280194401321873
 0.6916893670262186
 0.7014555262377279
 0.7484647205052846
 0.7464204787989885
 0.7464372603634641
 0.7339932385158101
 0.7538297303856687
 0.7429286017830382
 0.7564798305227315
 0.7472769292431591
 0.7557366110638739
 0.7408940541150661
 0.7494378576374554
 0.7698294541420901
 0.8498531601684468
 0.7707414016446393
 0.7789241957828648
 0.7777586504912906
 0.7682515498127691
 0.7777194908568543
 0
 0
 0
 0
 0
 0
 0
 0
 0
 0
 0
 0
 0
 0
 0
 0
 0
 0
 0
 0
 0
 0
 0
 0
 0
 0
 0
 0
 0
 0
 0
 0
 0
 0
 0
 0
 0
 0
 0
 0
 0
 0
 0
 0
 0
 0
 0
 0
 0
 0
 0
 0
 0
 0
 0
 0
 0
 0
 0
 0
 0
 0
 0
 0
 0
 0
 0
 0
 0
 0
 0
 0
 0
 0
 0
 0
 0
 0
 0
 0
 0
 0
 0
 0
 0
 0
 0
 0
 0
 0
 0
 0
 0
 0
 0
 0
 0
 0
 0
 0
 0
 0
 0
 0
 0
 0
 0
 0
 0
 0
 0
 0
 0
 0
 0
 0
 0
 0
 0
 0
 0
 0
 0
 0
 0
 0
 0
 0
 0
 0
 0
 0
 0
 0
 0
 0
 0
 0
 0
 0
 0
 0
 0
 0
 0
 0
 0
 0
 0
 0
 0
 0
 0.9816600588452502
 0.4699110231324
 0.557044331395554
 0.3135598083085089
 0.3127593238228637
 0.4348427354423053
 0.4794883248045236
 0.5412083111606654
 0.5733831063864913
 0.6151505571594078
 0.6291219207248477
 0.6586711773157535
 0.6752130615792503
 0.7001952245487331
 0.7170449325943922
 0.7073421494847533
 0.7207332288618582
 0.7458111009467154
 0.7640029068880784
 0.7279808671801402
 0.7368906769548821
 0.7511456314478859
 0.764245000694053
 0.7474139374205201
 0.7632229893635065
 0.7517768902999942
 0.7329390439686312
 0.7478342951507388
 0
 0
 0
 0
 0
 0
 0
 0
 0
 0
 0
 0
 0
 0
 0
 0
 0
 0
 0
 0
 0
 0
 0
 0
 0
 0
 0
 0
 0
 0
 0
 0
 0
 0
 0
 0
 0
 0
 0
 0
 0
 0
 0
 0
 0
 0
 0
 0
 0
 0
 0
 0
 0
 0
 0
 0
 0
 0
 0
 0


