# Created by Octave 3.8.2, Fri Nov 20 20:20:40 2015 CET <dkottke@snake6>
# name: mus
# type: matrix
# ndims: 3
 1 30 19
 0
 0
 0.5008347245409015
 0.5005567928730512
 0.5181058495821725
 0.5139353400222969
 0.5275152862701504
 0.5011160714285714
 0.5019542155220547
 0.500558659217877
 0.5012349613576604
 0.5016778523489933
 0.5166295057599406
 0.6075613839285713
 0.6134453781512602
 0.6171875
 0.5412885154061625
 0.5701459034792369
 0.6421772516397375
 0.6275280898876404
 0.6402240896358543
 0.6407906222721039
 0.6261612783351915
 0.6204954954954955
 0.6287323943661973
 0.6278335191378671
 0.6259820426487097
 0.6160714285714286
 0.6407119021134595
 0.6677966101694915
 0
 0
 1
 1
 0
 0.4
 0.4
 0.7
 0.6
 0.8
 0.9333333333333332
 0.9333333333333332
 0.7666666666666666
 0.7333333333333333
 0.6
 0.7333333333333333
 0.6499999999999999
 0.8
 0.5166666666666666
 0.55
 0.61
 0.6399999999999999
 0.75
 0.6300000000000001
 0.64
 0.6066666666666667
 0.6333333333333333
 0.6133333333333333
 0.5066666666666666
 0.5666666666666667
 0
 0
 1
 1
 0.4040467055115562
 0.5591994175148262
 0.640867323086515
 0.7390940798518602
 0.746731998770111
 0.8024427270874592
 0.8524586535704051
 0.8655552043385291
 0.7902192808072473
 0.7408337260374581
 0.7459745443867614
 0.7584927193732007
 0.6919280836811466
 0.3477056862883285
 0.6430851769615202
 0.639089668073164
 0.6416712498746626
 0.6830369910453487
 0.6914774096687736
 0.6768526601915519
 0.6909128718434725
 0.7042689262339192
 0.7038879780509186
 0.6694494482368658
 0.6370555662038707
 0.6359456660623906
 0
 0
 0.9999999999776717
 0.9999999998499766
 0.3416952116580678
 0.4966740403125123
 0.5968712822097408
 0.687373456402625
 0.7258840782732885
 0.7650961773639099
 0.8363570413315582
 0.8503917921048875
 0.745486688261401
 0.6897534455022912
 0.6884151340673197
 0.7167516428579126
 0.6608191507163975
 0.6215737656251508
 0.6227635038803824
 0.6172747770969351
 0.6424623183731927
 0.6624979423239886
 0.6411694168621347
 0.6629773848102074
 0.6797074200178373
 0.6610187114610171
 0.6815595355471679
 0.6321276753770908
 0.6221047518937008
 0.6266765780518235
 0
 0
 1
 1
 0
 0.5
 0
 0.75
 0.7777777777777778
 0.7
 0.9090909090909091
 1
 0.6923076923076923
 0.7777777777777778
 0.8
 0.3333333333333333
 1
 1
 0
 1
 1
 1
 0
 1
 0
 0
 1
 1
 1
 1
 0
 0
 0.9999999999905161
 0.9999999998269206
 0.3499770582127228
 0.5539419759992485
 0.5268649886356993
 0.650881061284711
 0.7217767167368934
 0.7439617873407848
 0.8549689101603417
 0.859426218695906
 0.7766226306147764
 0.6769709153051829
 0.7054591497855942
 0.6715487601893001
 0.6781694603794844
 0.6452230441405342
 0.5929566912070684
 0.6616672782670688
 0.6513598275644644
 0.6430101662112275
 0.5969411669705447
 0.7055045107729518
 0.6515127174342354
 0.6181518079783466
 0.6530442926235698
 0.733371817514695
 0.639221291101652
 0.616080770801567
 0
 0
 1
 1
 0.5663979023124076
 0.651179798831899
 0.7848797687064635
 0.8019569730685571
 0.8522296144376411
 0.8615552662116939
 0.8335448252001267
 0.8655167975500411
 0.8017063481297799
 0.7863167247497765
 0.7498557226779937
 0.8384202578146657
 0.7480123084379765
 0.698733989525357
 0.7328912929517837
 0.7223658201303664
 0.7122689876000766
 0.762913077034765
 0.7316787497177266
 0.7388015242541528
 0.7822889455981308
 0.7486645837565902
 0.7252368856185175
 0.7005881473096318
 0.7480515579668832
 0.7293871589487773
 0
 0
 0.9999999999721232
 0.9999999999696695
 0.3517580479906474
 0.4736662376038518
 0.6105798776651509
 0.6748974193416661
 0.6983137948610804
 0.7354795335321045
 0.8148998058507397
 0.8270754510968408
 0.7333923549828447
 0.6782361590019355
 0.6908030947145251
 0.7218317658049427
 0.6769834169550305
 0.6421815088676864
 0.6408000317262531
 0.6325184481663073
 0.6554413863214763
 0.6723663161738913
 0.6529868370359743
 0.6706988060953208
 0.6822609834847937
 0.6716364238951764
 0.6865895666699826
 0.6309214524906217
 0.6174768191727416
 0.6105555993349915
 0
 0
 0.99977188617221
 1
 1
 0.9999999999999747
 1
 1
 0.9999999999710276
 1
 0.9999999999999996
 0.9978554350512705
 0.9940518952635395
 0.9841308042955242
 0.9799590186629601
 0.9699049769626963
 0.96622219665196
 0.9651599029322998
 0.9659649047239166
 0.960142308668649
 0.9576338510221979
 0.9534339589965134
 0.9553614558727572
 0.9676869191218554
 0.9558419743375446
 0.9583124119860813
 0.9573616693536454
 0.9533112399141246
 0.9391017435350365
 0.9500626712533666
 0
 0
 0.9999999999401882
 0.999999999938986
 0.3352620574458274
 0.5476170691208204
 0.4990280965075345
 0.6280066413754619
 0.677915788072894
 0.7327160838747032
 0.7905807191844665
 0.8124227803123758
 0.7267854023823664
 0.6664755946828461
 0.6651695918809377
 0.6960791782244243
 0.6556717611260564
 0.6610870763009546
 0.6305660107370684
 0.6410718074662617
 0.6551744406565702
 0.6671955881800661
 0.6456665162742756
 0.6655503871629413
 0.6757696823786583
 0.6684155258953988
 0.6841325275126156
 0.6272246044906107
 0.6072957744520567
 0.6072692113372048
 0
 0
 1
 1
 0.5900179823464521
 0.6669355273582489
 0.8113793316853606
 0.809588718083414
 0.8673706853046326
 0.8641406911626273
 0.8143211045843531
 0.8652069603619527
 0.7903634048455546
 0.7337934970973862
 0.7300142754822042
 0.7446847393659508
 0.7213076075319839
 0.7080062653605328
 0.7218771887941098
 0.7101584893455647
 0.7298220987185859
 0.750697737791012
 0.7357703378171219
 0.747301526040584
 0.7603001604907108
 0.7503674582154538
 0.7675311644254096
 0.7220100245954038
 0.7041936740299202
 0.6885578586464089
 0
 0
 0
 0
 0
 0
 0
 0
 0
 0
 0
 0
 0
 0
 0
 0
 0
 0
 0
 0
 0
 0
 0
 0
 0
 0
 0
 0
 0
 0
 0
 0
 0
 0
 0
 0
 0
 0
 0
 0
 0
 0
 0
 0
 0
 0
 0
 0
 0
 0
 0
 0
 0
 0
 0
 0
 0
 0
 0
 0
 0
 0
 0
 0
 0
 0
 0
 0
 0
 0
 0
 0
 0
 0
 0
 0
 0
 0
 0
 0
 0
 0
 0
 0
 0
 0
 0
 0
 0
 0
 0
 0
 0
 0
 0
 0
 0
 0
 0
 0
 0
 0
 0
 0
 0
 0
 0
 0
 0
 0
 0
 0
 0
 0
 0
 0
 0
 0
 0
 0
 0
 0
 0
 0
 0
 0
 0
 0
 0
 0
 0
 0
 0
 0
 0
 0
 0
 0
 0
 0
 0
 0
 0
 0
 0
 0
 0
 0
 0
 0
 0
 0
 0.9999870995821527
 0.9999998815492612
 0.9999999999988551
 0.9999999999982963
 0.9999999999999999
 0.999999918493778
 0.9999996691715135
 0.9999999509840333
 0.9999610915949302
 0.9995450159275813
 0.9926839834419694
 0.9877805337326451
 0.9774830197840075
 0.9703796727682392
 0.9655229042591942
 0.9709510646977596
 0.968184232337251
 0.9666044539031478
 0.9687734691551315
 0.9566683093932999
 0.9612169616506917
 0.9582402860936212
 0.959328941030702
 0.9498502105718247
 0.9573897439765818
 0.9423366142379309
 0.9431528702644042
 0.9490056559275675
 0
 0
 0
 0
 0
 0
 0
 0
 0
 0
 0
 0
 0
 0
 0
 0
 0
 0
 0
 0
 0
 0
 0
 0
 0
 0
 0
 0
 0
 0
 0
 0
 0
 0
 0
 0
 0
 0
 0
 0
 0
 0
 0
 0
 0
 0
 0
 0
 0
 0
 0
 0
 0
 0
 0
 0
 0
 0
 0
 0


