# Created by Octave 3.8.2, Fri Nov 20 22:23:39 2015 CET <dkottke@snake7>
# name: mus
# type: matrix
# ndims: 3
 1 30 19
 0
 0
 0.4987468671679197
 0.8361204013377926
 0.8276150627615066
 0.9271356783919601
 0.9406850459482046
 0.8976510067114094
 0.9331662489557216
 0.9521008403361351
 0.9466221851542947
 0.9351851851851852
 0.9506688963210692
 0.9554621848739498
 0.9561181434599152
 0.9552364864864865
 0.9498319327731087
 0.9406565656565649
 0.9456975772765243
 0.9525423728813562
 0.9482038429406844
 0.9444444444444441
 0.9481605351170572
 0.9447278911564625
 0.9370212765957451
 0.9448160535117054
 0.9476010101010101
 0.9506802721088435
 0.9548895175472129
 0.9538461538461538
 0
 0
 1
 0.75
 0.8
 0.6
 0.6
 0.5
 0.7
 0.3
 0.5666666666666667
 0.5666666666666667
 0.3
 0.2666666666666667
 0.4666666666666666
 0.6499999999999999
 0.7166666666666666
 0.6
 0.6666666666666667
 0.7
 0.72
 0.7300000000000001
 0.75
 0.78
 0.68
 0.6266666666666666
 0.7000000000000001
 0.64
 0.62
 0.6
 0
 0
 1
 0.775246023527624
 0.7915834389369611
 0.66028895137785
 0.7408305708802914
 0.5920988780108591
 0.5373197066774764
 0.6315594693508058
 0.7016376983318104
 0.7016252727489898
 0.5870269215725901
 0.6542020567798983
 0.6549363804380918
 0.6712844038898768
 0.656642305745887
 0.670667549699081
 0.6945127546998542
 0.6535290246073084
 0.6939405789444066
 0.7289767811060492
 0.6533948994055776
 0.6524440397248442
 0.6417840183544362
 0.6457631245690911
 0.6398208915898598
 0.6306931127663056
 0.6485416850609109
 0.6196129952767533
 0
 0
 0.9999999999846596
 0.660673036691528
 0.6936130920643854
 0.6361051463912772
 0.5343319093304704
 0.6178770796940133
 0.5323946803802933
 0.4712867472470961
 0.5144087974687163
 0.552902361538982
 0.5393661515944866
 0.5167643495387653
 0.5486143704048257
 0.5912797829120791
 0.6123054335152215
 0.6331809452544371
 0.6351626982715076
 0.6115984916469759
 0.63376600674443
 0.6390089716601101
 0.6300931992878952
 0.6295743604111838
 0.6125994418534546
 0.610273055768691
 0.6116175173441813
 0.5982120148443029
 0.5795286815853452
 0.5957501832481045
 0
 0
 1
 0.5
 0.8
 0.8333333333333334
 0.2857142857142857
 0.75
 0.5555555555555556
 0.4
 0.4545454545454545
 0.4166666666666667
 0.6153846153846154
 0.7777777777777778
 0.8
 0.6666666666666666
 1
 1
 1
 1
 0
 1
 1
 1
 1
 1
 0
 1
 1
 0
 0
 0
 0.9999999999581294
 0.6394237323098098
 0.628783186529675
 0.5942633826155596
 0.5011903071839959
 0.6166575229378906
 0.5102708727665709
 0.4692573666466696
 0.5093768573143775
 0.5313078243776382
 0.5382640486074555
 0.5276157112260935
 0.5706915104599878
 0.5693734597440996
 0.6780793818020739
 0.6117796879139697
 0.6539459545629815
 0.62075010094116
 0.5968287429489676
 0.7141436728662077
 0.578832531646036
 0.6559613699820264
 0.6019157628763232
 0.5843117327361682
 0.5714037481043938
 0.5907506610976245
 0.6145280518015174
 0.5608087660766405
 0
 0
 1
 0.7640980514700463
 0.6260261894935342
 0.7021244401408937
 0.7196529313644995
 0.7067634763973877
 0.696675065960322
 0.6729958904496535
 0.6345236914562121
 0.6841148732761452
 0.6853681862130182
 0.6483558746895748
 0.7112955021725091
 0.7110619961015084
 0.7457900027476477
 0.6754316550552701
 0.7155101951833044
 0.6877702965815102
 0.7581711487610413
 0.6700525831404878
 0.7208391517517465
 0.6946560413255936
 0.7112617828860737
 0.6561254137285875
 0.6972401263621995
 0.6614824024583572
 0.7172160484142885
 0.6596479581800647
 0
 0
 0.9999999999865352
 0.6407617477073457
 0.6990738754281459
 0.5758376666445791
 0.5672326110314088
 0.6197777441091563
 0.5504226656147411
 0.486912516660261
 0.5254836864582705
 0.5760669512197626
 0.5585673226326141
 0.5180897745312267
 0.5544909507838047
 0.5880858906428559
 0.6226743095720825
 0.6202701438403107
 0.6326916265717302
 0.6163147812689417
 0.626542971906261
 0.6398514941857645
 0.626240606988316
 0.6318715552006861
 0.6130680051778967
 0.6128760327486277
 0.6105433733973212
 0.5968424396416895
 0.5778479675400918
 0.5940949676789086
 0
 0
 0.9999641756916569
 0.9999984437568081
 0.9999999291491488
 1
 0.9999999999999973
 1
 0.9999999999999998
 0.9999999999759223
 0.9999999999999998
 0.9993101097326557
 0.9960651382142219
 0.99047357279975
 0.9800625972957354
 0.9734968378307669
 0.9677333352109889
 0.968113339491663
 0.9702262539514671
 0.974381208507619
 0.9634800273740787
 0.952823696218581
 0.9643080709822646
 0.951611889099458
 0.9575008104510304
 0.9598059190541853
 0.9498660208992254
 0.9542276675624176
 0.9426352202774234
 0.9519245404381763
 0
 0
 0.999999999949658
 0.6283299137412628
 0.7184791274947075
 0.5669359178789453
 0.6016317771452981
 0.6545694803910325
 0.5207986139208219
 0.4716677189100899
 0.5073676518688197
 0.5396978436174593
 0.5554299304009671
 0.5066794090276617
 0.5822069215140535
 0.5676715504365484
 0.6300540284032893
 0.6189107596527866
 0.6416740090273731
 0.5894430016215041
 0.6626931671930103
 0.6179162878135001
 0.605381078380149
 0.6078463187667027
 0.5940682581502189
 0.5988548215122584
 0.5986879243845583
 0.613395807412082
 0.5630006338357154
 0.5877574130313968
 0
 0
 1
 0.7737850340012519
 0.6974999545979981
 0.6863707113488652
 0.691747979673754
 0.6946176546399597
 0.7132780521609265
 0.6944906522709532
 0.6537901287292209
 0.669986576904898
 0.6802499716978277
 0.622861887914183
 0.6631979323641257
 0.6817276024072288
 0.6968912336918027
 0.6660927620145509
 0.6646044180621941
 0.656493764048768
 0.6934811702068662
 0.7098167685327769
 0.7124039588788008
 0.6758799643546268
 0.6727625343188949
 0.6855640074368825
 0.6723264493428471
 0.6737950540812079
 0.6605814560390514
 0.6859184372954984
 0
 0
 0
 0
 0
 0
 0
 0
 0
 0
 0
 0
 0
 0
 0
 0
 0
 0
 0
 0
 0
 0
 0
 0
 0
 0
 0
 0
 0
 0
 0
 0
 0
 0
 0
 0
 0
 0
 0
 0
 0
 0
 0
 0
 0
 0
 0
 0
 0
 0
 0
 0
 0
 0
 0
 0
 0
 0
 0
 0
 0
 0
 0
 0
 0
 0
 0
 0
 0
 0
 0
 0
 0
 0
 0
 0
 0
 0
 0
 0
 0
 0
 0
 0
 0
 0
 0
 0
 0
 0
 0
 0
 0
 0
 0
 0
 0
 0
 0
 0
 0
 0
 0
 0
 0
 0
 0
 0
 0
 0
 0
 0
 0
 0
 0
 0
 0
 0
 0
 0
 0
 0
 0
 0
 0
 0
 0
 0
 0
 0
 0
 0
 0
 0
 0
 0
 0
 0
 0
 0
 0
 0
 0
 0
 0
 0
 0
 0
 0
 0
 0
 0
 0.9999855012744917
 0.9999999236350912
 0.9999999999943279
 0.9999999999999998
 0.9999989252540593
 0.9999998973981188
 0.9999998397072279
 0.9999852623156056
 0.9999972469850787
 0.9981430151804344
 0.9953109137464313
 0.9875362106723091
 0.979794881505314
 0.9765701421369091
 0.965504095951544
 0.9716440394939039
 0.9695265363861545
 0.9667544272856975
 0.9652411965049663
 0.9635562996498042
 0.9594397205799208
 0.9636548498982559
 0.9517816090039268
 0.9547685838283438
 0.9546379180646619
 0.9573472396816299
 0.9467446230184164
 0.9584645018770961
 0
 0
 0
 0
 0
 0
 0
 0
 0
 0
 0
 0
 0
 0
 0
 0
 0
 0
 0
 0
 0
 0
 0
 0
 0
 0
 0
 0
 0
 0
 0
 0
 0
 0
 0
 0
 0
 0
 0
 0
 0
 0
 0
 0
 0
 0
 0
 0
 0
 0
 0
 0
 0
 0
 0
 0
 0
 0
 0
 0


