# Created by Octave 3.8.2, Fri Nov 20 23:20:13 2015 CET <dkottke@snake9>
# name: mus
# type: matrix
# ndims: 3
 1 30 19
 0
 0
 0.6618357487922704
 0.6586538461538461
 0.6585365853658538
 0.9313725490196078
 0.8128078817733992
 0.8076923076923077
 0.8260869565217395
 0.82
 0.832535885167464
 0.9362745098039216
 0.9471153846153847
 0.9540816326530613
 0.9692307692307693
 0.9759615384615384
 0.9852941176470589
 0.9848484848484849
 0.9856459330143541
 0.9850000000000001
 0.9841269841269842
 0.9848484848484849
 0.9533011272141706
 0.984375
 0.985
 0.9855769230769231
 0.9788359788359788
 0.9795918367346939
 0.980295566502463
 0.9777777777777779
 0
 0
 1
 1
 1
 0.6
 0.8
 0.6
 0.9
 0.7
 0.9
 1
 0.9333333333333332
 0.8
 0.8666666666666668
 0.9
 1
 1
 0.95
 0.95
 0.9
 0.9199999999999999
 0.9
 0.9199999999999999
 0.9199999999999999
 0.9199999999999999
 0.9666666666666668
 0.96
 0.9666666666666668
 0.9666666666666668
 0
 0
 1
 1
 1
 0.7168626663580419
 0.8619655106231517
 0.8530115033418874
 0.8315434048047969
 0.8483950916814808
 0.9051819161757164
 0.9620727664702865
 0.9279081553145526
 0.972064141685822
 0.9500684689661585
 0.9569450949504185
 0.9387843069247465
 0.9598859903565292
 0.966807886088943
 0.9606184648990418
 0.9759323739591764
 0.9567344034536284
 0.9581791606791191
 0.9734676728460039
 0.9570542068279151
 0.975493656355641
 0.9633619508740134
 0.9645142363341001
 0.9759465864163646
 0.9773924001939803
 0
 0
 0.9999999999825671
 0.9999999998734689
 0.9999999999243451
 0.7129998832475257
 0.7643959517205193
 0.7761542156781699
 0.7915585218793729
 0.8038353900898096
 0.8147069767055484
 0.8888354336126825
 0.8904848592550823
 0.9039867944815422
 0.9160554537431415
 0.922040805222027
 0.9232064534776481
 0.9241560063325077
 0.9324463261693088
 0.9153810034089607
 0.9238188847513542
 0.9268026261749382
 0.9310570676742956
 0.9323761952142989
 0.935319888552528
 0.9377138442799152
 0.9356675003942748
 0.9358831013750254
 0.9414702271784356
 0.9391964731289504
 0
 0
 1
 1
 1
 0.6666666666666666
 1
 0.875
 0.8888888888888888
 0.8
 1
 1
 1
 1
 1
 1
 1
 1
 1
 1
 1
 1
 1
 1
 1
 1
 1
 1
 1
 1
 0
 0
 0.9999999999940868
 0.9999999999953789
 0.9999999999949618
 0.7065083335586231
 0.8008153203116705
 0.8943666087802862
 0.8741115441564018
 0.8770769950246375
 0.8784201969997969
 0.8464464300019368
 0.9792106729673469
 0.8329737835725538
 0.8664878739873214
 0.8912849853320403
 0.9508523304008467
 0.9000846401842808
 0.9806228608804917
 0.947326185480759
 0.9415760078054781
 0.9496772577814659
 0.9308051232628881
 0.9363964369691123
 0.9190848449147145
 0.966319089725769
 0.9894596506255656
 0.9889886139956662
 0.9909204747599145
 0.9460783433143681
 0
 0
 1
 0.9999999999425346
 0.9999999999996777
 0.8070397432120743
 0.7750627189990548
 0.8615593661919428
 0.9289993974496887
 0.9251911102133685
 0.8441897917370481
 0.8833382447054452
 0.8519932035757195
 0.8819495467169653
 0.8830519215231054
 0.8598628892690655
 0.8707959138407998
 0.883538752700202
 0.9177834053538874
 0.9007659532251237
 0.9052693243822904
 0.9182996647330628
 0.9381516355758814
 0.9504301235332187
 0.932270206909082
 0.9382575053345199
 0.9416441659626313
 0.9519434969717311
 0.948121369586863
 0.9265299964423387
 0
 0
 0.9999999999772763
 0.9999999999758664
 0.9999999999795254
 0.6871014990161767
 0.7191592036791895
 0.7752257323630234
 0.8024598567550477
 0.8354265023581183
 0.8405844767656518
 0.8900931915130155
 0.9078489695353031
 0.9147867271501411
 0.9247694255964739
 0.9341026901677235
 0.9223454324118275
 0.9286701139212703
 0.9441065585659454
 0.927988294567294
 0.9340976681736467
 0.9379562025089889
 0.9381068070479684
 0.9381419809912255
 0.9454019430877891
 0.9481817841858954
 0.9454646929781513
 0.9438257494488514
 0.9492882558646034
 0.9511125860342989
 0
 0
 0.9996371975071041
 0.9999994988849621
 0.9999999999999905
 0.9999999999986601
 0.9999999999935053
 0.9999999999999991
 1
 0.9999999997143877
 0.9999999999999977
 0.9987557673623901
 0.9923891238010355
 0.9828047716218044
 0.9819956891517682
 0.9814433911362079
 0.9781946626141642
 0.9702579913492229
 0.9717115828197176
 0.9643323754617886
 0.967438953440436
 0.9703006923098259
 0.9602617858603372
 0.9639066911489684
 0.9519288225328176
 0.9504857729278403
 0.9511543280434416
 0.9517818073647077
 0.9502099988811138
 0.9530647314466381
 0
 0
 0.9999999999933968
 0.9999999999789778
 0.9999999998747371
 0.6816679090805978
 0.7424415596244514
 0.8980476858295338
 0.7051190779069612
 0.7786976257120254
 0.8283867865905744
 0.8807171578806968
 0.9271073784429217
 0.9853402386539174
 0.9831717149369087
 0.9190685059352776
 0.9153050762324045
 0.9225942326878169
 0.9443807707574744
 0.9645927701466307
 0.9588837535176793
 0.9594552774036901
 0.9435896571928523
 0.9493913822746468
 0.9406523888841708
 0.9568647589540938
 0.9495732535712652
 0.942609918962394
 0.9459327312217748
 0.9474594107685772
 0
 0
 1
 0.9999999999999858
 0.9999999999999215
 0.8405793608562533
 0.7855644776975704
 0.8440156217411683
 0.8413692293550575
 0.8144823542963582
 0.7975309234338525
 0.8572985271899187
 0.8262747259047812
 0.846067506881063
 0.8718867918543832
 0.9268760335414146
 0.936057113061169
 0.9715881275688452
 0.924788878209305
 0.9069981797961953
 0.9129349786554469
 0.9344310481577646
 0.9273291319597508
 0.9680157838197018
 0.970812550463431
 0.9378246922141312
 0.9445693340000156
 0.9861199276225808
 0.9315679211764623
 0.9418245460677912
 0
 0
 0
 0
 0
 0
 0
 0
 0
 0
 0
 0
 0
 0
 0
 0
 0
 0
 0
 0
 0
 0
 0
 0
 0
 0
 0
 0
 0
 0
 0
 0
 0
 0
 0
 0
 0
 0
 0
 0
 0
 0
 0
 0
 0
 0
 0
 0
 0
 0
 0
 0
 0
 0
 0
 0
 0
 0
 0
 0
 0
 0
 0
 0
 0
 0
 0
 0
 0
 0
 0
 0
 0
 0
 0
 0
 0
 0
 0
 0
 0
 0
 0
 0
 0
 0
 0
 0
 0
 0
 0
 0
 0
 0
 0
 0
 0
 0
 0
 0
 0
 0
 0
 0
 0
 0
 0
 0
 0
 0
 0
 0
 0
 0
 0
 0
 0
 0
 0
 0
 0
 0
 0
 0
 0
 0
 0
 0
 0
 0
 0
 0
 0
 0
 0
 0
 0
 0
 0
 0
 0
 0
 0
 0
 0
 0
 0
 0
 0
 0
 0
 0
 0.9999918845778694
 0.999999913764545
 0.9999999998014628
 0.999999999887407
 0.9999999999999656
 0.9998446022723322
 0.9999999137338956
 0.9999997699964375
 0.9999965658298031
 0.9951150579900183
 0.9942834951352553
 0.9855241888171563
 0.9824268872903503
 0.9804590606159403
 0.9734315146983785
 0.975500524620584
 0.9700085833931668
 0.9625008780254717
 0.9666862345400102
 0.9675799057868572
 0.962741517181063
 0.9571152873764559
 0.9576066259947669
 0.959590700679238
 0.9545709438593768
 0.9538790928618163
 0.9406431989773015
 0.9525956738295596
 0
 0
 0
 0
 0
 0
 0
 0
 0
 0
 0
 0
 0
 0
 0
 0
 0
 0
 0
 0
 0
 0
 0
 0
 0
 0
 0
 0
 0
 0
 0
 0
 0
 0
 0
 0
 0
 0
 0
 0
 0
 0
 0
 0
 0
 0
 0
 0
 0
 0
 0
 0
 0
 0
 0
 0
 0
 0
 0
 0


