# Created by Octave 3.8.2, Sat Nov 21 00:42:11 2015 CET <dkottke@snake7>
# name: mus
# type: matrix
# ndims: 3
 1 30 19
 0
 0
 0.6666666666666669
 0.6414141414141414
 0.6177215189873416
 0.633838383838384
 0.6215538847117795
 0.6454081632653061
 0.6616161616161619
 0.6564102564102565
 0.6180555555555552
 0.633838383838384
 0.5517948717948719
 0.5924744897959184
 0.6076923076923075
 0.6041666666666666
 0.6067064506962204
 0.5820707070707071
 0.6115288220551379
 0.631578947368421
 0.7092731829573934
 0.7032828282828283
 0.7783461210571183
 0.78125
 0.7786666666666665
 0.7107692307692307
 0.7177729677729678
 0.7997448979591836
 0.8520355207011879
 0.8410256410256411
 0
 0
 0.3333333333333333
 0.25
 0.6
 0.9
 0.9
 0.8
 0.9
 0.8
 0.7
 0.9333333333333332
 0.9333333333333332
 0.8666666666666666
 0.8
 0.8666666666666666
 0.8666666666666666
 0.9
 0.9
 0.85
 0.8
 0.8099999999999999
 0.8400000000000001
 0.8299999999999998
 0.76
 0.7666666666666667
 0.7666666666666667
 0.7200000000000001
 0.76
 0.7666666666666667
 0
 0
 0.5496141018346526
 0.5648445428354132
 0.6581388814498617
 0.8107938463370303
 0.8120838882938234
 0.8008820239690043
 0.8784221458519741
 0.8671297309409149
 0.8848021554971329
 0.8972816361959242
 0.8912115636241809
 0.8903130842728049
 0.9092154473606223
 0.9242960378355323
 0.9304366375498668
 0.9335520888755219
 0.9260619619363866
 0.9014138208964656
 0.8076500065486896
 0.7784462806181243
 0.7925938624144181
 0.8263331020263509
 0.7961074751382622
 0.788041520584732
 0.7980102985557586
 0.7707700505154823
 0.7737107878119585
 0.7480466283719676
 0
 0
 0.4444611095396915
 0.5347430843300243
 0.6311220029757455
 0.901429630611594
 0.9456231231647397
 0.9240516690823375
 0.9014946475940112
 0.8939622089407743
 0.9293726872733674
 0.947205449018107
 0.9537038636912157
 0.9677774884498798
 0.9249920477290816
 0.9275388061145136
 0.9292681321446101
 0.919280596774169
 0.9323066666949242
 0.8908477432691438
 0.8630989708982166
 0.8681443519936775
 0.8169071159762683
 0.8258004094081409
 0.7904613735448025
 0.8237527289947277
 0.8099635561717332
 0.7844585130634592
 0.767911417590847
 0.8053331315826778
 0
 0
 1
 0.25
 0.2
 1
 0.7142857142857143
 0.75
 0.8888888888888888
 0.8
 0.8181818181818182
 1
 0.8461538461538461
 0.8888888888888888
 0.6
 1
 1
 0
 1
 1
 1
 1
 1
 1
 1
 1
 1
 1
 1
 1
 0
 0
 1.400029997194218
 0.388889125395376
 0.5375231273322302
 0.950000002878302
 0.8369047631809585
 0.8035719196005013
 0.8650793686537965
 0.7926589414280609
 0.8615533360964335
 1.017676816633656
 0.8996807171891605
 0.9174531980214938
 0.7947206741182969
 1.040231092643804
 1.035651848205129
 0.659810456060779
 1.003378603474583
 1.028402536880772
 1.007637765787319
 1.012809914281336
 0.8685042298189418
 0.8340293559228937
 1.000000001918133
 0.9748496262792067
 0.7407881138898537
 0.9169048697468627
 0.9138141487677617
 0.9356551017347127
 0
 0
 0.3678794411714423
 0.6723047970470259
 0.7132590778363519
 0.8438259424778549
 0.7862976290736093
 0.8129747272307469
 0.839669986584622
 0.8065341656021935
 0.8640703414516573
 0.9133112662427079
 0.8932607154970662
 0.8969664580473697
 0.9070371112333604
 0.9168362690421303
 0.9007426132523054
 0.9157032177492547
 0.9500076578510672
 0.8746999058772481
 0.8518816013598819
 0.8091408273952038
 0.8434303557783085
 0.8356499192664413
 0.826125076959068
 0.8306815758804016
 0.7982855777019777
 0.797524776623013
 0.7857190664041931
 0.8281205446099249
 0
 0
 0.444461109487706
 0.5784541014056849
 0.5823158732888695
 0.801692293206843
 0.8834637308290965
 0.9002142498013614
 0.932277484268927
 0.8569637578680398
 0.9444541447454404
 0.960407042295506
 0.9777855537343666
 0.9689216411125234
 0.929483545072027
 0.9289359503332481
 0.9444765303997994
 0.9429076147567187
 0.9541581451246951
 0.9048792987610481
 0.8555309139233707
 0.8569335514362628
 0.834245907346969
 0.8240742710989672
 0.793570926601021
 0.8114592651371061
 0.7821851988986438
 0.7839331514598642
 0.7538371323816798
 0.7905533804628542
 0
 0
 1
 1
 1
 1
 1
 1
 1
 1
 1
 1
 1
 1
 1
 1
 1
 1
 1
 1
 1
 1
 1
 1
 1
 1
 1
 1
 1
 1
 0
 0
 1.400029997023345
 0.4460790701319711
 0.5750235554631145
 0.7206552430677517
 1.086955034468996
 0.8690334519221149
 0.8515168264275024
 0.8044948989971024
 0.8951755886731335
 0.9493371690070118
 0.9698481843891283
 0.9254548375205802
 0.9324451288418976
 0.8660115309782254
 1.040203896113157
 0.9014089208556318
 0.8667255589012193
 0.8026789490973411
 0.8224726164234033
 0.8299665022775795
 0.8597754400838222
 0.8158202649516221
 1.000000000000262
 0.6084899125378863
 0.5917375320182052
 0.983372403065939
 0.984598000640715
 0.7482811271942678
 0
 0
 0.3678794411714423
 0.6767798571323206
 0.7370638423100917
 0.8411204200737037
 0.7989910663588043
 0.7710705705121083
 0.8570743735547195
 0.9297642757657913
 0.8837424395463513
 0.9561354420387533
 0.9436165487133485
 1.168994151938224
 0.935330536018618
 0.9018210305593279
 0.92407244354322
 1.100913466306435
 0.9185269636491266
 0.8750663221217293
 0.9516345887909384
 0.8829790838229227
 0.7904255089418114
 0.9209837550976584
 0.8483264605301895
 0.8741434797638008
 0.8322367363945941
 0.8077274064897734
 0.7977783322010946
 0.7937104114617434
 0
 0
 0
 0
 0
 0
 0
 0
 0
 0
 0
 0
 0
 0
 0
 0
 0
 0
 0
 0
 0
 0
 0
 0
 0
 0
 0
 0
 0
 0
 0
 0
 0
 0
 0
 0
 0
 0
 0
 0
 0
 0
 0
 0
 0
 0
 0
 0
 0
 0
 0
 0
 0
 0
 0
 0
 0
 0
 0
 0
 0
 0
 0
 0
 0
 0
 0
 0
 0
 0
 0
 0
 0
 0
 0
 0
 0
 0
 0
 0
 0
 0
 0
 0
 0
 0
 0
 0
 0
 0
 0
 0
 0
 0
 0
 0
 0
 0
 0
 0
 0
 0
 0
 0
 0
 0
 0
 0
 0
 0
 0
 0
 0
 0
 0
 0
 0
 0
 0
 0
 0
 0
 0
 0
 0
 0
 0
 0
 0
 0
 0
 0
 0
 0
 0
 0
 0
 0
 0
 0
 0
 0
 0
 0
 0
 0
 0
 0
 0
 0
 0
 0
 1
 1
 1
 1
 1
 1
 1
 1
 1
 1
 1
 1
 1
 1
 1
 1
 1
 1
 1
 1
 1
 1
 1
 1
 1
 1
 1
 1
 0
 0
 0
 0
 0
 0
 0
 0
 0
 0
 0
 0
 0
 0
 0
 0
 0
 0
 0
 0
 0
 0
 0
 0
 0
 0
 0
 0
 0
 0
 0
 0
 0
 0
 0
 0
 0
 0
 0
 0
 0
 0
 0
 0
 0
 0
 0
 0
 0
 0
 0
 0
 0
 0
 0
 0
 0
 0
 0
 0


