# Created by Octave 3.8.2, Fri Nov 20 23:48:54 2015 CET <dkottke@snake10>
# name: mus
# type: matrix
# ndims: 3
 1 30 19
 0
 0
 0.5363408521303257
 0.6843434343434344
 0.691139240506329
 0.7159090909090909
 0.7293233082706767
 0.7755102040816326
 0.7190656565656569
 0.8487179487179486
 0.8036616161616162
 0.7727272727272728
 0.8302564102564106
 0.794642857142857
 0.8333333333333335
 0.7942708333333334
 0.8573458368854791
 0.8712121212121212
 0.8646616541353384
 0.8578947368421055
 0.8721804511278198
 0.8623737373737373
 0.8473998294970161
 0.8658854166666666
 0.8640000000000003
 0.871794871794872
 0.8553391053391054
 0.8227040816326531
 0.855380002306539
 0.8538461538461541
 0
 0
 0.6666666666666666
 0.5
 0.8
 0.5
 0.6
 0.6
 0.6
 0.7
 0.5333333333333333
 0.6666666666666666
 0.5999999999999999
 0.6333333333333333
 0.4
 0.7
 0.7833333333333333
 0.6833333333333333
 0.75
 0.75
 0.9
 0.6899999999999999
 0.7699999999999999
 0.6199999999999999
 0.6799999999999999
 0.7
 0.8266666666666668
 0.78
 0.7466666666666667
 0.7333333333333334
 0
 0
 0.7432010229758985
 0.6641859531223288
 0.8305184008937925
 0.6586548982325788
 0.5683057206354307
 0.7233419020860345
 0.6552852245929131
 0.7187921064691468
 0.7303540322900222
 0.6123576107601605
 0.5511483610345962
 0.6080239453820167
 0.6386311977454837
 0.525340870776202
 0.5499078171171491
 0.5708697173298554
 0.6216344677842399
 0.6447168288139726
 0.7191284661732146
 0.6133013972596605
 0.6137127836905203
 0.6376139303443873
 0.6249313283556637
 0.5764943799089696
 0.5784830889231773
 0.6131196777762122
 0.6296023017955551
 0.6132713189293364
 0
 0
 0.8026463427834352
 0.6214758907095159
 0.6536271158780788
 0.5215449710216683
 0.5586739547921086
 0.5616218711250476
 0.5251271896373332
 0.5758921274899003
 0.6167516078140749
 0.6310660720123902
 0.5802091495600986
 0.5472364008328473
 0.5931606080495326
 0.6071542817957941
 0.5720018545313024
 0.5448259154820012
 0.5580344903045761
 0.5702141644225001
 0.540548448272415
 0.5513416124582973
 0.5717388471823956
 0.5750866194564305
 0.5750735132404513
 0.5716299367990051
 0.5771247505143069
 0.593726094970867
 0.5759902750126888
 0.5717493559056678
 0
 0
 0.6666666666666666
 0.75
 1
 0.1666666666666667
 0.5714285714285714
 0.625
 0.6666666666666666
 0.4
 0.5454545454545454
 0.8333333333333334
 0.5384615384615384
 0.3333333333333333
 0.4
 0.6666666666666666
 0.5
 1
 1
 1
 1
 0
 1
 0
 1
 1
 1
 1
 0
 1
 0
 0
 0.7055957121041275
 0.7042292998243582
 0.7998484438270559
 0.4665562716741057
 0.5498385058359497
 0.6576758771482094
 0.5426121267627338
 0.5471535994082668
 0.5961183160130666
 0.7188184145754878
 0.5546206006602659
 0.5255094428480391
 0.5773317214416868
 0.5793137276596398
 0.5371269230960108
 0.6333982853308436
 0.6267670457621585
 0.6522518088817481
 0.5392231614356765
 0.5411898248056144
 0.7010764988261668
 0.5539026124809483
 0.6203819857805281
 0.5257342993464195
 0.5710437303175911
 0.6039557636848507
 0.6209255161461316
 0.5539356045318043
 0
 0
 0.7892931470571475
 0.8790369239648977
 0.8938773478424639
 0.7532891654442299
 0.6754318208169873
 0.6761124945054185
 0.7075281270029846
 0.7231477886188279
 0.6952533623971224
 0.7587213832185448
 0.7304406621095644
 0.7270215958406401
 0.6928432618224171
 0.6872723215245606
 0.68394648793463
 0.7162611872766502
 0.6500052250765064
 0.6444607923593164
 0.6736616959055821
 0.6591494122677163
 0.6749999319327563
 0.6991372016296047
 0.6873936611045148
 0.684830709214998
 0.6778180016338521
 0.6780811401728875
 0.6616428874202104
 0.6843745107333608
 0
 0
 0.8009918885764273
 0.6145591335157774
 0.6594678716386412
 0.5223625268662656
 0.526891965720231
 0.5808362426958315
 0.5116825081433253
 0.5757778705397549
 0.6081015102388384
 0.595765219862936
 0.5865332990574305
 0.5549888978327685
 0.5751705819763512
 0.6021667761240462
 0.5674598890272963
 0.5604514326840201
 0.5586701406507171
 0.5666230049733862
 0.5571513029304589
 0.5577441577424953
 0.5807376417829064
 0.5780956790982658
 0.5761144760119613
 0.5763113649872488
 0.5770179246254477
 0.6010125135234742
 0.5758867443378211
 0.5716869753368339
 0
 0
 0.9999587268932927
 0.9999944902219318
 0.9999999999804093
 0.9999999981933497
 1
 1
 0.9999998527613655
 0.9999999999999991
 0.9999999999999991
 0.9998609403049326
 0.9954476748214974
 0.9869492957701289
 0.9760958726828509
 0.9752936983524115
 0.9659865990014146
 0.9735724387377341
 0.9706699203189053
 0.964327204418547
 0.9627362397945037
 0.9523478005299925
 0.9651191023383798
 0.9598518358701262
 0.9587567316916088
 0.9588174858827911
 0.95656104015157
 0.9474456855521096
 0.9527451933494401
 0.9457549176146889
 0
 0
 0.7467747961039616
 0.7412300905600482
 0.5968247308086418
 0.4795281119037925
 0.4979282879061929
 0.5450601694392656
 0.5411536689175408
 0.5579576393977573
 0.5941614525561772
 0.6399499041344902
 0.5627656839502407
 0.5309143707866619
 0.5568632804186603
 0.6198590969190343
 0.5423137020873523
 0.5654428191412485
 0.564186326690387
 0.5457018214954538
 0.5347421457913291
 0.5403997656983033
 0.5700133947293428
 0.5661475274895725
 0.5637577017591621
 0.5638332926413583
 0.6117727915167559
 0.5724441349094457
 0.5622822614280483
 0.5571373762048406
 0
 0
 0.7892931470571475
 0.8740200809886698
 0.8806094250063521
 0.7458987491104901
 0.699708378327664
 0.6740196341453353
 0.6997967694197638
 0.6746413570060247
 0.6946657102100482
 0.7343461958791406
 0.6938645881479294
 0.6853550977818285
 0.68427049289479
 0.6766555752964143
 0.6507038954565713
 0.6621563443376722
 0.63861848997628
 0.6578857273800842
 0.6315973572990687
 0.6487362788427973
 0.6458229189507352
 0.6509378355535298
 0.6417025415358338
 0.6503618928887549
 0.6675609762410517
 0.6498068766568552
 0.6616450259790499
 0.6585906622219747
 0
 0
 0
 0
 0
 0
 0
 0
 0
 0
 0
 0
 0
 0
 0
 0
 0
 0
 0
 0
 0
 0
 0
 0
 0
 0
 0
 0
 0
 0
 0
 0
 0
 0
 0
 0
 0
 0
 0
 0
 0
 0
 0
 0
 0
 0
 0
 0
 0
 0
 0
 0
 0
 0
 0
 0
 0
 0
 0
 0
 0
 0
 0
 0
 0
 0
 0
 0
 0
 0
 0
 0
 0
 0
 0
 0
 0
 0
 0
 0
 0
 0
 0
 0
 0
 0
 0
 0
 0
 0
 0
 0
 0
 0
 0
 0
 0
 0
 0
 0
 0
 0
 0
 0
 0
 0
 0
 0
 0
 0
 0
 0
 0
 0
 0
 0
 0
 0
 0
 0
 0
 0
 0
 0
 0
 0
 0
 0
 0
 0
 0
 0
 0
 0
 0
 0
 0
 0
 0
 0
 0
 0
 0
 0
 0
 0
 0
 0
 0
 0
 0
 0
 0.9999707998753998
 0.9999999924191825
 0.9999999999996513
 0.9999999999993459
 0.9999999999999968
 0.9999997988728478
 0.9999993135982579
 0.9999999659143358
 0.9999979278157984
 0.9986418524426899
 0.9917801205581883
 0.9860146373734746
 0.9736465284717114
 0.9778919182928144
 0.9712822845988879
 0.9723810027444969
 0.9681289786987874
 0.9695999705427009
 0.9638840206172258
 0.9675777536032464
 0.9650204366805539
 0.9586395859938175
 0.9602763422919928
 0.959562246983804
 0.9561081706345833
 0.9524705919053605
 0.9530441465388881
 0.9530874000945236
 0
 0
 0
 0
 0
 0
 0
 0
 0
 0
 0
 0
 0
 0
 0
 0
 0
 0
 0
 0
 0
 0
 0
 0
 0
 0
 0
 0
 0
 0
 0
 0
 0
 0
 0
 0
 0
 0
 0
 0
 0
 0
 0
 0
 0
 0
 0
 0
 0
 0
 0
 0
 0
 0
 0
 0
 0
 0
 0
 0


