# Created by Octave 3.8.2, Fri Nov 20 22:57:02 2015 CET <dkottke@snake10>
# name: mus
# type: matrix
# ndims: 3
 1 30 19
 0
 0
 0.3381642512077293
 0.3605769230769231
 0.9804878048780487
 0.9509803921568626
 0.8472906403940887
 0.9038461538461539
 0.9323671497584541
 0.9400000000000001
 0.9617224880382773
 0.9607843137254901
 0.9759615384615385
 0.9744897959183675
 0.9743589743589745
 0.9807692307692307
 0.9803921568627452
 0.9747474747474747
 0.9760765550239235
 0.975
 0.9735449735449736
 0.9797979797979798
 0.9903381642512077
 0.9895833333333334
 0.99
 0.9855769230769231
 0.982615268329554
 0.9846938775510204
 0.9852216748768472
 0.9777777777777779
 0
 0
 0.6666666666666666
 1
 0.8
 0.7
 0.6
 1
 0.6
 0.9
 0.7333333333333333
 0.8
 0.8666666666666666
 0.7666666666666667
 0.9333333333333332
 0.95
 0.9333333333333332
 0.7833333333333333
 0.8666666666666668
 1
 1
 1
 0.86
 0.9199999999999999
 0.9199999999999999
 0.9199999999999999
 0.96
 0.9266666666666665
 0.9
 0.9333333333333333
 0
 0
 0.6297579584004163
 0.9017058586395161
 0.7607599273878027
 0.8880619843741095
 0.8400399874363922
 0.8222426425626879
 0.7981428348807472
 0.8472375316164319
 0.7690006449534106
 0.8321439371107693
 0.8543567828705345
 0.8627104834004299
 0.8713269420680116
 0.9071905848773856
 0.938810044480054
 0.9077108302549887
 0.9502882594843625
 0.9338818811729661
 0.9797687071373734
 0.9621112041507074
 0.8863858960034239
 0.9183675132004584
 0.9145997299327325
 0.9210994544771846
 0.9067521970453531
 0.9221560723089385
 0.8958284134144754
 0.9335622554480875
 0
 0
 0.5277902765675174
 0.9881000003917422
 0.8722256167763072
 0.824659686685247
 0.9033124618093534
 0.9246465832937155
 0.8081427319298753
 0.9303408943915776
 0.8650795421166564
 0.8940962528615012
 0.8863098401554415
 0.9630130066221539
 0.951196892743052
 0.9603506277207032
 0.9649156031309832
 0.9873882115277953
 0.9952957221729329
 0.9988541827262978
 0.9991848765357911
 0.9999774555257825
 0.9283879334760661
 0.949003479452614
 0.956224023269839
 0.9587016658441012
 0.9465255356173824
 0.956985739267874
 0.9612846885622141
 0.9578627523216063
 0
 0
 0.6666666666666666
 1
 0.6
 0.6666666666666666
 0.7142857142857143
 0.875
 0.7777777777777778
 1
 0.9090909090909091
 0.75
 0.8461538461538461
 0.8888888888888888
 0.8
 1
 1
 1
 1
 1
 1
 1
 1
 1
 1
 1
 0
 1
 1
 0
 0
 0
 0.9999999999956644
 1.333333333349304
 0.7750000054345982
 0.7583333335819444
 0.8369047633403514
 0.9410714300165626
 0.7976190556913103
 1.041468260026628
 0.9723485011320696
 0.7943182084461007
 0.8811772586962158
 0.9181257520083642
 0.8724181641452404
 0.9314893587430511
 1.010926574286482
 1.022435898802918
 1.021959459645051
 1.002659574852604
 1.004310345393109
 1.00000000073905
 0.8409107464364545
 0.8571436298926342
 0.8279533292781133
 1.000000002310358
 0.6666699325616192
 0.8750020891470278
 0.8750006623166318
 0.7500041237679502
 0
 0
 0.5785862941142949
 0.9844414502537449
 0.8707957549249377
 0.970742122877421
 0.9074177970897989
 0.8748124265242863
 0.7917035834784149
 0.8446751265066015
 0.8132456311048758
 0.8824906452249952
 0.8291589702247386
 0.8875451747648186
 0.906923101817689
 0.9010996617750632
 0.9212786689089727
 0.9617743771049856
 0.9290329675080897
 0.9776596493707452
 0.9857280663873561
 0.9705081388167283
 0.9741587925549537
 0.9325467926597528
 0.9046343354242407
 0.9093623325936464
 0.9217416211963745
 0.923437920875955
 0.9117106824468445
 0.9253380508002779
 0
 0
 0.527790276568799
 0.9254642688679324
 0.8528590302993415
 0.911978405443715
 0.8695753878558222
 0.8626573337254072
 0.8280272770922236
 0.8525671343363583
 0.8744845888240773
 0.8699670833794879
 0.9059279841885103
 0.9382043181735169
 0.9504559734282804
 0.9757155763727379
 0.9663914877702909
 0.9745734257805926
 0.9819814455245468
 0.9918122914909538
 0.9920726406773895
 0.9966739496611418
 0.9433490965152049
 0.9378073121815821
 0.9412425069781615
 0.9412122824045362
 0.932698639054831
 0.9477331968530422
 0.9625163048740034
 0.9568791146233084
 0
 0
 1
 1
 1
 1
 1
 1
 1
 1
 1
 1
 1
 1
 1
 1
 1
 1
 1
 1
 1
 1
 1
 1
 1
 1
 1
 1
 1
 1
 0
 0
 1.000000000236855
 1.333333333349279
 0.8484615386724752
 0.9345423151134241
 1.055513666103509
 0.9899018448158344
 0.7063492733004024
 0.8287221923804015
 0.9254524740859501
 0.8853222985787969
 0.9021235835034705
 0.8694686899126349
 0.9066054309491388
 0.9577613122956307
 1.059734454602329
 0.9540674228788075
 1.059440500976579
 0.9933817079804422
 1.024226843682259
 1.000000000016327
 0.9913577034454448
 0.9229443889761262
 0.8076810338911885
 1.000000000000648
 0.9909958069406019
 0.8815137852432253
 0.9998574632231616
 0.9999988278851847
 0
 0
 0.5785862941142949
 0.9738949246924566
 0.9094847232827709
 1.01484181800902
 0.9451366182712149
 0.848917573176025
 0.7972192643892142
 0.8890485162275609
 0.8236725053495801
 0.9096475638188707
 0.8793975626264502
 0.8476599769870772
 1.047652540819521
 0.8878889535153446
 1.013274953450272
 1.002366991423783
 0.9281368658064109
 1.037337690126906
 1.107450342956031
 0.9722537006005503
 0.9363427567885083
 1.09220005110533
 0.9177422183423337
 1.010731197303423
 0.916287256045881
 0.9565310120415309
 0.9642209003129023
 0.9140582345035879
 0
 0
 0
 0
 0
 0
 0
 0
 0
 0
 0
 0
 0
 0
 0
 0
 0
 0
 0
 0
 0
 0
 0
 0
 0
 0
 0
 0
 0
 0
 0
 0
 0
 0
 0
 0
 0
 0
 0
 0
 0
 0
 0
 0
 0
 0
 0
 0
 0
 0
 0
 0
 0
 0
 0
 0
 0
 0
 0
 0
 0
 0
 0
 0
 0
 0
 0
 0
 0
 0
 0
 0
 0
 0
 0
 0
 0
 0
 0
 0
 0
 0
 0
 0
 0
 0
 0
 0
 0
 0
 0
 0
 0
 0
 0
 0
 0
 0
 0
 0
 0
 0
 0
 0
 0
 0
 0
 0
 0
 0
 0
 0
 0
 0
 0
 0
 0
 0
 0
 0
 0
 0
 0
 0
 0
 0
 0
 0
 0
 0
 0
 0
 0
 0
 0
 0
 0
 0
 0
 0
 0
 0
 0
 0
 0
 0
 0
 0
 0
 0
 0
 0
 1
 1
 1
 1
 1
 1
 1
 1
 1
 1
 1
 1
 1
 1
 1
 1
 1
 1
 1
 1
 1
 1
 1
 1
 1
 1
 1
 1
 0
 0
 0
 0
 0
 0
 0
 0
 0
 0
 0
 0
 0
 0
 0
 0
 0
 0
 0
 0
 0
 0
 0
 0
 0
 0
 0
 0
 0
 0
 0
 0
 0
 0
 0
 0
 0
 0
 0
 0
 0
 0
 0
 0
 0
 0
 0
 0
 0
 0
 0
 0
 0
 0
 0
 0
 0
 0
 0
 0


