# Created by Octave 3.8.2, Mon Nov 16 01:45:44 2015 CET <dkottke@snake5>
# name: mus
# type: matrix
# ndims: 3
 1 30 19
 0
 0
 0.3478260869565217
 0.4182692307692308
 0.5560975609756099
 0.5784313725490197
 0.7783251231527094
 0.9711538461538461
 0.9565217391304348
 0.9650000000000001
 0.9425837320574161
 0.9754901960784313
 0.9543269230769231
 0.979591836734694
 0.9846153846153847
 0.9855769230769231
 0.9852941176470589
 0.9772727272727273
 0.985645933014354
 0.9850000000000001
 0.9841269841269842
 0.9806397306397306
 0.9903381642512077
 0.9895833333333333
 0.995
 1
 1
 1
 1
 1
 0
 0
 0.6666666666666666
 0.25
 0.6
 0.6
 0.8
 0.9
 0.8
 0.7
 0.6333333333333333
 0.6666666666666667
 0.7
 0.7999999999999999
 0.6666666666666666
 0.7499999999999999
 0.8333333333333334
 0.8166666666666667
 0.8
 0.75
 0.85
 0.68
 0.7
 0.8
 0.72
 0.76
 0.6399999999999999
 0.72
 0.8
 0.8
 0
 0
 0.6257180901673014
 0.5715627323495331
 0.6215876926740607
 0.7393888414134122
 0.693775812611462
 0.8360700684104607
 0.7848683031453476
 0.7848683031453476
 0.7559552955840776
 0.6857457187139451
 0.7711272062355744
 0.6629421127776609
 0.7360454179347826
 0.7832729512587803
 0.6911546891452396
 0.7317300415650929
 0.7138144650150036
 0.66554010981272
 0.6547894625105122
 0.6524621386059158
 0.6153866322550953
 0.7319235429219656
 0.6994367897011039
 0.6414233708283796
 0.6479456383571934
 0.6623978665403946
 0.7225414904246361
 0.6695470734873277
 0
 0
 0.4687370014072674
 0.4804366395300149
 0.5582811934397348
 0.587277322224943
 0.6392847573743142
 0.7131093767653672
 0.6375493566247805
 0.6387514263873659
 0.6623108500227456
 0.6398174403609647
 0.6521590677229353
 0.6512241309766156
 0.6331697735577685
 0.6263425606948919
 0.6406172931008077
 0.6208304635466083
 0.5826828643372493
 0.5965911659180919
 0.6062212662096254
 0.6004853649908949
 0.6124008616309395
 0.629358548208659
 0.5950115509314885
 0.5641141612393321
 0.5891617495202682
 0.6029871995489312
 0.6192824036237637
 0.6334241589296666
 0
 0
 0.7089194593501325
 0.4353393660206121
 0.6015931197608025
 0.6307543200688117
 0.6614192844482591
 0.7349302590886206
 0.6233048563141069
 0.6673361121930819
 0.6489999191302332
 0.6308337716087022
 0.6310404901045483
 0.6462945322286932
 0.6421492216282392
 0.6332560616869011
 0.6309961164029455
 0.6113075814188631
 0.5920079506230238
 0.5974605036750533
 0.6090807303934634
 0.5999136351426789
 0.6143833226124333
 0.6338381700346302
 0.6028360657253945
 0.5679630521946047
 0.5848486585969813
 0.6014525689160359
 0.6231720343394933
 0.6376287305623317
 0
 0
 0.984263642678337
 0.5277689936627434
 0.4834043490187317
 0.7067913117213549
 0.6171648697057399
 0.7096311833258514
 0.677309153704025
 0.6211202368782083
 0.662365124826267
 0.6322197045809244
 0.7528759886656223
 0.7098217172812359
 0.6328171237340144
 0.707292754723837
 0.6444265645501664
 0.5951330935783429
 0.5863415052049786
 0.6020976279915395
 0.5650295937073188
 0.5915595234921865
 0.627900889117664
 0.6554605039814497
 0.6162329766709532
 0.5860771078865515
 0.5798014205455869
 0.5901328863801327
 0.6266376191586709
 0.6178218526473601
 0
 0
 0.5785862941142949
 0.8311198311705906
 0.8180434645048582
 0.7098868411473479
 0.7025209893617954
 0.7160730231412599
 0.7881629893859114
 0.7342096401707364
 0.7354945033454254
 0.7846035197674517
 0.7985411501691606
 0.7541077075439122
 0.7209337098342252
 0.7731725027536734
 0.7462021933378353
 0.7524548187933801
 0.7132477008529892
 0.7018744406781754
 0.6993735230362823
 0.7787830643966381
 0.7138148095463146
 0.7273422634773445
 0.7081396467488459
 0.7136797013440145
 0.7115692798631199
 0.7346448444280246
 0.7355130599998465
 0.7532228434194548
 0
 0
 0.4659833964223044
 0.5495953709451989
 0.6000114790378338
 0.6090660285037861
 0.5972175646889289
 0.6215969487765262
 0.5890505310296539
 0.6698928018004154
 0.6857589324914342
 0.6447632115226941
 0.6578107485040739
 0.6486406797617299
 0.6432076669205097
 0.6349024776158222
 0.6439575684493257
 0.6288416599251356
 0.586749092658963
 0.5977800610503176
 0.6115149447346604
 0.6114268662677922
 0.6175925373438202
 0.638308770658004
 0.6125225257477501
 0.5790784676049546
 0.6009305343509993
 0.6141209688308261
 0.6306863024763968
 0.6519835769667813
 0
 0
 0.7232061717003989
 0.5053559479615688
 0.6086547850095125
 0.6178666104698251
 0.5917354507718137
 0.6526098930578531
 0.6063819309748568
 0.6764774603262166
 0.6877186439692211
 0.6558065000926709
 0.6381079683292038
 0.6516579245296189
 0.6446275114961664
 0.6414941798993377
 0.6401864141782611
 0.6181904000237037
 0.5921953933283726
 0.5965369604914801
 0.6201887241140109
 0.6035975554593446
 0.6212952621743285
 0.6402678352545239
 0.6089687535001762
 0.5905599267303034
 0.5908380337689247
 0.6041616373581068
 0.6324568352112101
 0.6527705022120932
 0
 0
 0.8704108670723201
 0.5440246376162503
 0.4987555583760173
 0.6176939385311105
 0.5630633665789713
 0.6320339013324263
 0.5821470170339311
 0.641363494723199
 0.7574911246041702
 0.6329122285043893
 0.634878021923595
 0.6382010945338548
 0.621489226368962
 0.6340134769033708
 0.6249455834173596
 0.6086298759939545
 0.5973167813936743
 0.590281684782326
 0.6153747287829544
 0.5976866376267834
 0.6160139987167138
 0.6337468448988387
 0.6052513321324517
 0.5734378688961047
 0.5907064898063267
 0.6064988828138851
 0.6190615013119147
 0.6402513730737476
 0
 0
 0.5785862941142949
 0.8699666207215716
 0.9472256498722149
 0.692037701008943
 0.700937128722217
 0.7073303240865905
 0.7632551864493862
 0.6998041832326498
 0.7164360579263894
 0.7444203074349425
 0.7217946931832437
 0.7388725792284705
 0.7246183272802049
 0.7399094419621982
 0.7729296935968251
 0.7170191547794867
 0.7144249940937586
 0.683663325502373
 0.7253899627913259
 0.7105591929767717
 0.7055820268086259
 0.7164369557904557
 0.6949526181501182
 0.6963119662804358
 0.7055416067992103
 0.7175123231657128
 0.7473301333715535
 0.7185671945282599
 0
 0
 0
 0
 0
 0
 0
 0
 0
 0
 0
 0
 0
 0
 0
 0
 0
 0
 0
 0
 0
 0
 0
 0
 0
 0
 0
 0
 0
 0
 0
 0
 0
 0
 0
 0
 0
 0
 0
 0
 0
 0
 0
 0
 0
 0
 0
 0
 0
 0
 0
 0
 0
 0
 0
 0
 0
 0
 0
 0
 0
 0
 0
 0
 0
 0
 0
 0
 0
 0
 0
 0
 0
 0
 0
 0
 0
 0
 0
 0
 0
 0
 0
 0
 0
 0
 0
 0
 0
 0
 0
 0
 0
 0
 0
 0
 0
 0
 0
 0
 0
 0
 0
 0
 0
 0
 0
 0
 0
 0
 0
 0
 0
 0
 0
 0
 0
 0
 0
 0
 0
 0
 0
 0
 0
 0
 0
 0
 0
 0
 0
 0
 0
 0
 0
 0
 0
 0
 0
 0
 0
 0
 0
 0
 0
 0
 0
 0
 0
 0
 0
 0
 0.4689143746960026
 0.5017012454738148
 0.5823513771028594
 0.6177573432883299
 0.5953844592645569
 0.6506704970136344
 0.5942544654799672
 0.6722800226698308
 0.6792277235937794
 0.6439986280953717
 0.6350996660999341
 0.6554525103818061
 0.6402710267262712
 0.6356552288302788
 0.6343108136523868
 0.6156752738442676
 0.5954480885088496
 0.5952636552484213
 0.6165642302145358
 0.6039166087214219
 0.6182282349578229
 0.6359983104738156
 0.6091108737252477
 0.5884001467957598
 0.594753842949225
 0.6073765635456133
 0.6314153223327359
 0.651383129806048
 0
 0
 0
 0
 0
 0
 0
 0
 0
 0
 0
 0
 0
 0
 0
 0
 0
 0
 0
 0
 0
 0
 0
 0
 0
 0
 0
 0
 0
 0
 0
 0
 0
 0
 0
 0
 0
 0
 0
 0
 0
 0
 0
 0
 0
 0
 0
 0
 0
 0
 0
 0
 0
 0
 0
 0
 0
 0
 0
 0


