# Created by Octave 3.8.2, Fri Nov 20 19:56:20 2015 CET <dkottke@snake8>
# name: mus
# type: matrix
# ndims: 3
 1 30 19
 0
 0
 0.7206455203116315
 0.7344097995545658
 0.6211699164345407
 0.7385730211817176
 0.6114508060033351
 0.6986607142857143
 0.7370184254606348
 0.7178770949720672
 0.7355589196079995
 0.7321029082774049
 0.7361575622445183
 0.7289341517857146
 0.722689075630252
 0.7198660714285714
 0.7177591036414562
 0.7457912457912463
 0.7356822908334668
 0.7252808988764045
 0.7203361344537812
 0.7222845741364259
 0.7246376811594205
 0.7195945945945947
 0.7295774647887325
 0.7313266443701224
 0.7340067340067339
 0.7307477678571431
 0.7299777530589545
 0.7316384180790961
 0
 0
 0.6666666666666666
 0.75
 0.8
 0.5
 1
 0.5
 0.4
 0.8
 0.6333333333333333
 0.6666666666666666
 0.6666666666666666
 0.8666666666666666
 0.8666666666666666
 0.8833333333333332
 0.8833333333333332
 0.7333333333333333
 0.7833333333333333
 0.8
 0.55
 0.6599999999999999
 0.7100000000000001
 0.79
 0.68
 0.6866666666666668
 0.7066666666666668
 0.6066666666666667
 0.58
 0.5666666666666667
 0
 0
 0.7095662297274195
 0.8811971999364767
 0.7892931470571474
 0.8296412678334384
 0.7272571327930845
 0.6216278731165337
 0.8360700684104607
 0.7763150773225456
 0.6587904885912113
 0.7511366017138803
 0.793776340732798
 0.8170931196720911
 0.8214654001771888
 0.8472995156660937
 0.8393916353052358
 0.8749790028951827
 0.767488109602698
 0.7960293694479345
 0.7945261262807368
 0.7720163485381826
 0.7890279179505229
 0.8531318146253769
 0.8098613898497212
 0.8187935982729921
 0.7310088697405017
 0.7544666761891338
 0.7666494721511992
 0.7096445900391704
 0
 0
 0.4909601253317131
 0.6644301589632056
 0.8155013481729774
 0.5875765825693358
 0.709701260345087
 0.5793356965472917
 0.7919609948079332
 0.705605171864529
 0.64917159586519
 0.7616198886574765
 0.7946957804020467
 0.8313304931850999
 0.8405902681434224
 0.866249923051417
 0.8754979358780718
 0.8610864037697987
 0.7628716212756141
 0.8075611007199329
 0.773611131064182
 0.7560401527237695
 0.7845315188942307
 0.8157311022679323
 0.7869428102814494
 0.7961579723844595
 0.7387586482919518
 0.7832618821317621
 0.7849831716105562
 0.7517370962819963
 0
 0
 1
 0.75
 1
 0.6666666666666666
 0.8571428571428571
 0.75
 0.6666666666666666
 0.6
 0.4545454545454545
 0.75
 0.6923076923076923
 0.7777777777777778
 0.8
 1
 1
 1
 1
 1
 1
 1
 1
 1
 1
 1
 0
 1
 0
 0
 0
 0
 0.8260421932575904
 0.7423328487057703
 0.9687260667707365
 0.6124225917699609
 0.8132938524118376
 0.6624871955286594
 0.6949748119758529
 0.6537747329505573
 0.6038697349228617
 0.7745080039128991
 0.7589402896889521
 0.8184946111761814
 0.8366795354312349
 0.9265356818906679
 0.9039346458827995
 0.8328045628625373
 0.7948709546945276
 0.8748747925929621
 0.7077002509499587
 0.8310479595669539
 0.8751084059044062
 0.8220628743116861
 0.8309848249075101
 0.7903197042135784
 0.6879186837705248
 0.8688402571029736
 0.7276940232617245
 0.6576334742979344
 0
 0
 0.5785862941142949
 0.7114718581318628
 0.793807496443957
 0.7663446399083192
 0.7512771969129994
 0.7505864111198325
 0.8778264856835258
 0.7918356208377818
 0.7229009193128297
 0.7793828000334557
 0.7318927746286267
 0.7984624383554291
 0.7903223208904058
 0.8197066168494729
 0.8328306904923229
 0.8304158358615729
 0.8197585117270999
 0.796697546583214
 0.7762687902701183
 0.7796638661576142
 0.7972812867951278
 0.8433329910112151
 0.8433016232332772
 0.8021291090216507
 0.7442066286129038
 0.7771786741636014
 0.7723759634457086
 0.7251949326807243
 0
 0
 0.5239020247946613
 0.6467229306995514
 0.811431972097949
 0.6229850237092578
 0.6977190860837603
 0.6268686604234069
 0.746204279454749
 0.70137387663691
 0.6412057298942526
 0.7066375048057931
 0.72765095337701
 0.7517918335003068
 0.780270530899713
 0.8045065553181047
 0.8156866199342765
 0.7898380587700926
 0.7219094355757497
 0.7371656242742628
 0.7036879107650466
 0.6968470314556645
 0.7073672904364826
 0.7324456733912184
 0.7199717980486515
 0.7351050029236886
 0.6902749847744755
 0.7062327667384337
 0.7237677553556725
 0.6831351448846176
 0
 0
 0.9253132995983856
 0.943384813972839
 0.9302076746718256
 0.9337128125185399
 0.9249554724183903
 0.9045125468282369
 0.9323554895637729
 0.9326528795907637
 0.9279925480325277
 0.9167882259229272
 0.9236855246942364
 0.9272424574711162
 0.8987074651944349
 0.9076093704946326
 0.9120126559111903
 0.9094753449616109
 0.9026305158800885
 0.904735924133384
 0.9097675642873654
 0.9025383695448989
 0.9055118790448248
 0.9128042195663527
 0.8943319319459462
 0.8961258430678332
 0.9041011490441044
 0.9011610779997308
 0.9121814664165104
 0.8904206732151555
 0
 0
 0.9560828573109283
 0.6421526966081231
 0.965896304242492
 0.6017028014330094
 0.7200771669106955
 0.6395769148572612
 0.7707511963998148
 0.6745285693839844
 0.640584165927891
 0.7731829313627887
 0.8121212008652976
 0.8670659641814837
 0.8948686128003172
 0.8941998040837431
 0.8752914998128674
 0.8309784048146296
 0.793981640397404
 0.8180973117523991
 0.7621142848250817
 0.7641269321918222
 0.783563996240137
 0.828771104931562
 0.797948457421625
 0.7455976018928956
 0.6933558132401743
 0.7920469921680753
 0.7286656978306926
 0.6461486161420937
 0
 0
 0.5785862941142949
 0.7166163247888516
 0.7989219707822898
 0.7925756306360769
 0.7920156406040426
 0.7573819416366849
 0.7916701631819673
 0.7046649424073161
 0.7308872350285955
 0.7531009623254458
 0.8236744356904153
 0.8082666740204092
 0.7628735116010559
 0.850637440656415
 0.8644861135370281
 0.8189402261000926
 0.7995951853066176
 0.7913344233555544
 0.786652877909797
 0.752200013491469
 0.776180394624768
 0.8780869496165948
 0.8185887128934499
 0.8436405411153443
 0.7598425249994015
 0.5871907365718991
 0.8482167065411639
 0.7357385978461116
 0
 0
 0
 0
 0
 0
 0
 0
 0
 0
 0
 0
 0
 0
 0
 0
 0
 0
 0
 0
 0
 0
 0
 0
 0
 0
 0
 0
 0
 0
 0
 0
 0
 0
 0
 0
 0
 0
 0
 0
 0
 0
 0
 0
 0
 0
 0
 0
 0
 0
 0
 0
 0
 0
 0
 0
 0
 0
 0
 0
 0
 0
 0
 0
 0
 0
 0
 0
 0
 0
 0
 0
 0
 0
 0
 0
 0
 0
 0
 0
 0
 0
 0
 0
 0
 0
 0
 0
 0
 0
 0
 0
 0
 0
 0
 0
 0
 0
 0
 0
 0
 0
 0
 0
 0
 0
 0
 0
 0
 0
 0
 0
 0
 0
 0
 0
 0
 0
 0
 0
 0
 0
 0
 0
 0
 0
 0
 0
 0
 0
 0
 0
 0
 0
 0
 0
 0
 0
 0
 0
 0
 0
 0
 0
 0
 0
 0
 0
 0
 0
 0
 0
 0.9270547367455132
 0.897226215634054
 0.9122693714874779
 0.9275952448898612
 0.913796112164149
 0.8983250159481097
 0.9340413353490489
 0.905278531174
 0.9229810451593919
 0.9237566560780189
 0.9182164398064679
 0.9174504766035551
 0.919038670945142
 0.9135538638425954
 0.9096943037800105
 0.9015337908559689
 0.897198432603699
 0.9116532494087204
 0.9071695289120509
 0.8892024583192227
 0.902531935513243
 0.9011009860145155
 0.8974170671925071
 0.8979510829934981
 0.9153600849702533
 0.9082184829039189
 0.9082888038220768
 0.9129289986099486
 0
 0
 0
 0
 0
 0
 0
 0
 0
 0
 0
 0
 0
 0
 0
 0
 0
 0
 0
 0
 0
 0
 0
 0
 0
 0
 0
 0
 0
 0
 0
 0
 0
 0
 0
 0
 0
 0
 0
 0
 0
 0
 0
 0
 0
 0
 0
 0
 0
 0
 0
 0
 0
 0
 0
 0
 0
 0
 0
 0


