# Created by Octave 3.8.2, Fri Nov 20 22:28:01 2015 CET <dkottke@snake7>
# name: mus
# type: matrix
# ndims: 3
 1 30 19
 0
 0
 0.4852531997774072
 0.6319599109131403
 0.5292479108635101
 0.6348940914158305
 0.6598110061145088
 0.6657366071428571
 0.6627582356225568
 0.6581005586592176
 0.6431360050991952
 0.654921700223714
 0.6381456707543662
 0.6251395089285713
 0.6397759103641456
 0.6166294642857143
 0.6279738562091504
 0.6122334455667791
 0.6115021596544551
 0.607303370786517
 0.6228571428571429
 0.6175333582740991
 0.6200297287253811
 0.626689189189189
 0.623098591549296
 0.6248606465997771
 0.6293490460157127
 0.6266741071428569
 0.6351501668520578
 0.6316384180790962
 0
 0
 0.6666666666666666
 0
 0
 0.3
 0.5
 0.8
 0.7
 0.6
 0.7333333333333333
 0.7666666666666666
 0.6666666666666666
 0.6333333333333333
 0.7333333333333333
 0.6166666666666667
 0.5333333333333333
 0.7333333333333333
 0.6333333333333333
 0.6
 0.71
 0.6900000000000001
 0.6100000000000001
 0.68
 0.64
 0.6066666666666667
 0.5933333333333334
 0.6466666666666667
 0.5866666666666667
 0.5333333333333333
 0
 0
 0.6286291716882224
 0.608687273106131
 0.5850365038982597
 0.6291129374220197
 0.6466510111928034
 0.7216562472624919
 0.5107093590791365
 0.6577728742635746
 0.6678917050797416
 0.6726108337878611
 0.6789699479320885
 0.6098981931863919
 0.6789709652740773
 0.6306710596010368
 0.5818867891528485
 0.6173000180547796
 0.6333192935930509
 0.6037872374824279
 0.6388985135466979
 0.6332603682539202
 0.609973955281885
 0.5964694485551594
 0.6561802540642352
 0.603217184250038
 0.5589688115119589
 0.6077294671455251
 0.5624079867190741
 0.522337268751651
 0
 0
 0.6339616875581267
 0.3594025208503099
 0.2746411110474737
 0.3951814280621988
 0.5689072702796057
 0.5431088520116512
 0.5748853767605084
 0.6060677227875528
 0.6445853372448509
 0.6507564864064151
 0.6467423219030656
 0.6329721519208212
 0.6244593821917469
 0.6107386025834328
 0.5836505758662178
 0.5989374397036129
 0.5771987568276998
 0.5887818862128367
 0.5777094768249059
 0.588932186085741
 0.5732002470192444
 0.590937977662609
 0.5895606493702227
 0.5790273578996099
 0.5662465624478634
 0.5785848796720037
 0.566205870809167
 0.5527332408751203
 0
 0
 0.3333333333333333
 0
 0
 0.5
 0.4285714285714285
 0.875
 0.6666666666666666
 0.9
 0.6363636363636364
 0.9166666666666666
 0.9230769230769231
 0.5555555555555556
 1
 0.3333333333333333
 0.5
 1
 1
 1
 0
 0
 1
 0
 1
 0
 0
 1
 0
 1
 0
 0
 0.3333333300305944
 0.3298534713773382
 0.2791625370815797
 0.4378034575149907
 0.5085345042368545
 0.5443122925110434
 0.5748846178547925
 0.6102998575643082
 0.5996269705185795
 0.6658196013048232
 0.6371432617027292
 0.6979888271915669
 0.641586883204746
 0.5920541904121684
 0.5992625097852147
 0.5928463263954795
 0.6783611608098806
 0.6098287818248838
 0.5546475405791883
 0.5750112994126104
 0.5955404603883189
 0.5739090056869114
 0.7135868768997743
 0.5586139865261808
 0.5411356423774843
 0.5915127617918282
 0.6207116020380395
 0.5776759611665352
 0
 0
 0.7892931470571475
 0.7244393479151942
 0.5852877015942481
 0.6544374271389204
 0.6640970089011704
 0.6559183411635607
 0.6651598957549418
 0.6929525327262774
 0.6904844035002782
 0.6759626338205335
 0.6771399686963151
 0.678289147471362
 0.6815524406211507
 0.6889067585976956
 0.7002140525512101
 0.6861951635543327
 0.6533676463741134
 0.6551212951417976
 0.6402116649764562
 0.642475496447514
 0.6620447234174025
 0.6815602466431685
 0.62911288895003
 0.6447733744503537
 0.6426978061981017
 0.6411217471743763
 0.6468177042111243
 0.6260090036899867
 0
 0
 0.6366082752049702
 0.4339254194121882
 0.3121562534511764
 0.4090555566420863
 0.4985342775593926
 0.5086896508588641
 0.5441425724521242
 0.5746491548499847
 0.6374127848329953
 0.6168936261379185
 0.6305956597685634
 0.624028723773541
 0.6329265380572748
 0.6210603850314973
 0.5913963790956736
 0.6195413082906743
 0.5779363263478974
 0.5981607555259996
 0.5869652979331895
 0.6011457789317031
 0.5868518975865735
 0.6027554523803087
 0.6080262976295824
 0.5854057803855287
 0.57220258155446
 0.5822566712017421
 0.5808944533462136
 0.554435162372877
 0
 0
 0.9997606612811585
 0.9999999813040014
 0.9999999998871018
 0.9999999983010903
 0.9999999999997087
 1
 0.9999999999999997
 0.9999989898465599
 0.9999999999999996
 0.9979815206288735
 0.9877984536179143
 0.9887129877767648
 0.9720433459985447
 0.9702364531935841
 0.968413021254296
 0.9822432414038251
 0.9647772215358456
 0.9665652100029806
 0.9668414176607261
 0.9672758963007949
 0.9498809320795915
 0.9592746751294294
 0.9534060782487941
 0.9577091722932698
 0.950535334644705
 0.9450599536299206
 0.9547371528174666
 0.9429373487682633
 0
 0
 0.3333333333220836
 0.3919509875386983
 0.3414300469776523
 0.3978725610881128
 0.5020905418193755
 0.6272880208745035
 0.5592693150920468
 0.5498011681136178
 0.5876690551408422
 0.599670796363581
 0.6013282946674786
 0.6111703161448284
 0.699815211138239
 0.5914505347839214
 0.6506462939341717
 0.6830558219520075
 0.5676449573118161
 0.5809467283000502
 0.5662980838424543
 0.5813530781428545
 0.5681753146507296
 0.5800519854336961
 0.6371148305752595
 0.568330267787267
 0.5622162229246435
 0.6000550391809764
 0.5666958705913111
 0.5532358913757144
 0
 0
 0.7892931470571475
 0.7493740216999537
 0.5854552358716879
 0.6599744850100353
 0.6686564401166787
 0.6093045806945646
 0.6966739908116079
 0.6868477602873414
 0.6480713087668607
 0.6376568070790531
 0.6405460083459322
 0.6602999644527393
 0.6955241271213477
 0.6779548044291245
 0.6316449061767262
 0.6610551596890998
 0.6292421486629861
 0.6498224905454344
 0.637091946543545
 0.6218526040730348
 0.6216114738180817
 0.6269393718248242
 0.6191779816869436
 0.6269969758976303
 0.6155324684123471
 0.6307878170389263
 0.6101650846692971
 0.6062760943552278
 0
 0
 0
 0
 0
 0
 0
 0
 0
 0
 0
 0
 0
 0
 0
 0
 0
 0
 0
 0
 0
 0
 0
 0
 0
 0
 0
 0
 0
 0
 0
 0
 0
 0
 0
 0
 0
 0
 0
 0
 0
 0
 0
 0
 0
 0
 0
 0
 0
 0
 0
 0
 0
 0
 0
 0
 0
 0
 0
 0
 0
 0
 0
 0
 0
 0
 0
 0
 0
 0
 0
 0
 0
 0
 0
 0
 0
 0
 0
 0
 0
 0
 0
 0
 0
 0
 0
 0
 0
 0
 0
 0
 0
 0
 0
 0
 0
 0
 0
 0
 0
 0
 0
 0
 0
 0
 0
 0
 0
 0
 0
 0
 0
 0
 0
 0
 0
 0
 0
 0
 0
 0
 0
 0
 0
 0
 0
 0
 0
 0
 0
 0
 0
 0
 0
 0
 0
 0
 0
 0
 0
 0
 0
 0
 0
 0
 0
 0
 0
 0
 0
 0
 0.9999665217175762
 0.9999999770698165
 0.9999999999998849
 0.9999999967606463
 0.9996435778312794
 0.9999999354658282
 0.9999992853016118
 0.999999855780542
 0.9999694908513912
 0.9999697994703295
 0.9971256475116608
 0.988495853642201
 0.9769094805087202
 0.9807984062775605
 0.9739503817050957
 0.9697775953520743
 0.9620658645893586
 0.9624331481614508
 0.9674227144296716
 0.9656054758729949
 0.9570392636290213
 0.9694660201297083
 0.9553253604025123
 0.9596596733626375
 0.9480656728576023
 0.9518730442488321
 0.9443836955381149
 0.9471041415134404
 0
 0
 0
 0
 0
 0
 0
 0
 0
 0
 0
 0
 0
 0
 0
 0
 0
 0
 0
 0
 0
 0
 0
 0
 0
 0
 0
 0
 0
 0
 0
 0
 0
 0
 0
 0
 0
 0
 0
 0
 0
 0
 0
 0
 0
 0
 0
 0
 0
 0
 0
 0
 0
 0
 0
 0
 0
 0
 0
 0


