# Created by Octave 3.8.2, Fri Nov 20 22:42:46 2015 CET <dkottke@snake4>
# name: mus
# type: matrix
# ndims: 3
 1 30 19
 0
 0
 0.4974958263772952
 0.700445434298441
 0.7091922005571037
 0.7224080267558528
 0.7254030016675946
 0.7248883928571429
 0.7370184254606352
 0.7273743016759779
 0.7213767827264762
 0.727069351230425
 0.737829803047194
 0.691127232142857
 0.6980392156862744
 0.6847098214285714
 0.6825396825396822
 0.6829405162738494
 0.6777715565509514
 0.6707865168539326
 0.6851540616246498
 0.6884898366379847
 0.695745076179859
 0.7190315315315318
 0.7154929577464786
 0.7179487179487182
 0.7292368125701457
 0.7154017857142857
 0.7163515016685208
 0.7169491525423729
 0
 0
 1
 0.75
 0.8
 1
 0.9
 0.8
 0.8
 0.9
 0.6666666666666666
 0.8333333333333333
 0.8
 0.7999999999999999
 0.6666666666666666
 0.7999999999999999
 0.8833333333333332
 0.8333333333333333
 0.8333333333333333
 0.85
 0.86
 0.8699999999999999
 0.8800000000000001
 0.9099999999999999
 0.9199999999999999
 0.9266666666666665
 0.8133333333333335
 0.6733333333333333
 0.6866666666666666
 0.7
 0
 0
 1
 0.729433245652928
 0.811241777572028
 0.815631503675004
 0.8798970938225741
 0.8145779694102897
 0.7727229960084678
 0.8289511502109557
 0.673183366070962
 0.7698039901654984
 0.7903505458003518
 0.731459282553288
 0.7481582034689672
 0.7884533880656063
 0.7718715561072077
 0.7899909448569324
 0.8231810556286908
 0.8371622524429567
 0.8482312492008718
 0.8260162738847843
 0.8348042664098914
 0.9038235817737527
 0.8605034525754459
 0.8770822741335436
 0.8359275392896061
 0.7879419464888378
 0.7549734305851319
 0.8055784785251905
 0
 0
 0.9999999999797995
 0.5520788855595582
 0.8061178875176946
 0.8177548495946745
 0.8290420030774827
 0.754509808262543
 0.7631683713721028
 0.7923181057854295
 0.7062930737751433
 0.7243484669265696
 0.7446338714250721
 0.648202410824079
 0.6817495000905406
 0.7120498304211575
 0.703574100332038
 0.7078404011715446
 0.7349800182120433
 0.7552252088900999
 0.7632293727903154
 0.7778781274388085
 0.7902528872450655
 0.7951564693116131
 0.8040467008394998
 0.8203778946965605
 0.7518266312767437
 0.7040197743499909
 0.706664749629704
 0.7173934427508181
 0
 0
 1
 0.5
 0.8
 1
 1
 1
 0.6666666666666666
 0.8
 0.5454545454545454
 0.75
 1
 0.6666666666666666
 0.8
 1
 0
 0
 1
 1
 1
 1
 1
 1
 1
 1
 1
 1
 0
 1
 0
 0
 0.9999999999726213
 0.6672924471421369
 0.6701241628927118
 0.8148014555334089
 0.8342844583839756
 0.7554365171603868
 0.7386928505227525
 0.7741143838686254
 0.6539086147850495
 0.7006740710112535
 0.7804482550669856
 0.6473338702801191
 0.6447484790210308
 0.8067498071242525
 0.6340459287601783
 0.6497376990751547
 0.7328563305261125
 0.7242050676896954
 0.8459027990169132
 0.8720536627004255
 0.7493765804001801
 0.8558365328223247
 0.8013996425101144
 0.7846517379908911
 0.7256552344839208
 0.6985874760794316
 0.672178314153521
 0.7596832720971369
 0
 0
 1
 0.8773137103560241
 0.8153084298578688
 0.7481893147478613
 0.847152196046226
 0.8241986139461405
 0.8084450118081338
 0.8067217049062895
 0.7481668004743453
 0.7307969818455664
 0.7743168779190235
 0.7581431883499465
 0.7185448107889046
 0.7426791689745422
 0.7524563207790637
 0.7809452244223054
 0.7773966399918715
 0.7900792089192674
 0.7852434613582135
 0.8027823450650651
 0.8249245952905182
 0.8357504497461629
 0.8274023051025056
 0.8089890829749682
 0.827928411368512
 0.7882718107635673
 0.8383232866004746
 0.8003435006595168
 0
 0
 0.9999999999816885
 0.5318816754151443
 0.7653078559508141
 0.7791678273873979
 0.8011736742758829
 0.7354263785639473
 0.7581944789938422
 0.7914253285956613
 0.7030245116604205
 0.738069998060907
 0.7459159268743741
 0.6305801238328764
 0.6854745865674022
 0.6851756337125412
 0.6863315631678051
 0.7067968804079486
 0.7213701596679735
 0.7498885929226448
 0.7613005081387256
 0.7769138557376674
 0.7834426375257963
 0.7828823579480292
 0.7999654913144336
 0.8194170320059795
 0.7558402661648572
 0.7121183743241357
 0.7172600355741764
 0.7263646714760655
 0
 0
 0.9999723706109798
 0.9999994466795883
 0.9999999999995243
 0.9999999956222653
 0.9999999999958457
 0.9999999999999982
 1
 0.9999999993109937
 0.9999999999999963
 0.9999999920422911
 0.9906107141659952
 0.98952810554681
 0.9846225363479911
 0.970627428494603
 0.9644846089840583
 0.9692325122901374
 0.9757005861116165
 0.9649496814561026
 0.9689389632573678
 0.9615541165857588
 0.9615699583498492
 0.9562710536521677
 0.9620074648349231
 0.9571653122252831
 0.948759884269412
 0.9555400891528034
 0.9494976302270186
 0.9574134636803842
 0
 0
 0.9999999999900545
 0.6963777042616524
 0.6089659307859956
 0.8478203395871725
 0.8245807655638488
 0.7101795140950851
 0.7647801202283226
 0.8455103290450491
 0.7268943781358651
 0.7278217995650819
 0.7449659504609074
 0.6058696980518278
 0.7438154784398499
 0.6655877222641549
 0.7756856766975798
 0.6806420810421729
 0.7835514362726926
 0.8160627329916209
 0.834075505530916
 0.758516271371896
 0.8673253133824099
 0.8610220088679086
 0.7784181345225734
 0.8220819259355737
 0.7453922611975254
 0.690267886878277
 0.6992678364760642
 0.7153137785484862
 0
 0
 1
 0.8121264837619133
 0.7920403107243069
 0.7654141845787499
 0.841371975243727
 0.7034850495263472
 0.7724542801518854
 0.8116677465720896
 0.7450428642545439
 0.7432840453672438
 0.7680162557011752
 0.7266366342191386
 0.6811264546898099
 0.7028677397015027
 0.6941470294503893
 0.7179835941535171
 0.7317232341761799
 0.7496105736299992
 0.7510439783046958
 0.7673636857267648
 0.7931130883323605
 0.8205466246183262
 0.8176174501775197
 0.8150171298422983
 0.7829451799991107
 0.7754716589402774
 0.7637127653521608
 0.7859986076683965
 0
 0
 0
 0
 0
 0
 0
 0
 0
 0
 0
 0
 0
 0
 0
 0
 0
 0
 0
 0
 0
 0
 0
 0
 0
 0
 0
 0
 0
 0
 0
 0
 0
 0
 0
 0
 0
 0
 0
 0
 0
 0
 0
 0
 0
 0
 0
 0
 0
 0
 0
 0
 0
 0
 0
 0
 0
 0
 0
 0
 0
 0
 0
 0
 0
 0
 0
 0
 0
 0
 0
 0
 0
 0
 0
 0
 0
 0
 0
 0
 0
 0
 0
 0
 0
 0
 0
 0
 0
 0
 0
 0
 0
 0
 0
 0
 0
 0
 0
 0
 0
 0
 0
 0
 0
 0
 0
 0
 0
 0
 0
 0
 0
 0
 0
 0
 0
 0
 0
 0
 0
 0
 0
 0
 0
 0
 0
 0
 0
 0
 0
 0
 0
 0
 0
 0
 0
 0
 0
 0
 0
 0
 0
 0
 0
 0
 0
 0
 0
 0
 0
 0
 0.9999689540663458
 0.9999999473853168
 0.9999999999978791
 0.9999999999999996
 0.9999999999613405
 0.9999999999999999
 0.9999999928515639
 0.9976497302508824
 0.9999994456134668
 0.998685797333564
 0.9926631835058556
 0.9810902962783099
 0.9802602857456184
 0.9764690388823828
 0.9663898204532888
 0.9720384486228119
 0.9650287911628848
 0.9703358554779098
 0.9634381919879601
 0.9630645862242336
 0.9659692283164169
 0.9532701838355708
 0.964560504267272
 0.9639733922742777
 0.9514138082843091
 0.9520473511651349
 0.9464240234346674
 0.9544233758379127
 0
 0
 0
 0
 0
 0
 0
 0
 0
 0
 0
 0
 0
 0
 0
 0
 0
 0
 0
 0
 0
 0
 0
 0
 0
 0
 0
 0
 0
 0
 0
 0
 0
 0
 0
 0
 0
 0
 0
 0
 0
 0
 0
 0
 0
 0
 0
 0
 0
 0
 0
 0
 0
 0
 0
 0
 0
 0
 0
 0


