# Created by Octave 3.8.2, Fri Nov 20 20:09:33 2015 CET <dkottke@snake6>
# name: mus
# type: matrix
# ndims: 3
 1 30 19
 0
 0
 0.6622148024485262
 0.6430957683741648
 0.4445682451253483
 0.6360089186176139
 0.6459143968871599
 0.6462053571428571
 0.6320491345616972
 0.7150837988826816
 0.6591506652856347
 0.6420581655480982
 0.6325715347454476
 0.6470424107142854
 0.6745098039215683
 0.6981026785714286
 0.6770868347338933
 0.6043771043771047
 0.5764677651575748
 0.5691011235955057
 0.5666106442577029
 0.5619154508043396
 0.5600148643626909
 0.5653153153153152
 0.5650704225352113
 0.5724637681159421
 0.6846240179573512
 0.6855468749999999
 0.6662958843159066
 0.7073446327683615
 0
 0
 0.6666666666666666
 0.75
 0.6
 0.2
 0.8
 0.6
 0.5
 0.6
 0.6333333333333333
 0.6
 0.5333333333333333
 0.5
 0.5333333333333334
 0.55
 0.5833333333333333
 0.55
 0.4166666666666666
 0.35
 0.47
 0.5600000000000001
 0.5599999999999999
 0.62
 0.6399999999999999
 0.6199999999999999
 0.42
 0.4933333333333333
 0.4466666666666667
 0.4333333333333333
 0
 0
 0.87033424434286
 0.7918015619731338
 0.7871430771291591
 0.715545748527149
 0.7138163044235886
 0.6805684109386354
 0.6628706712988557
 0.7092245429388635
 0.5594226386654718
 0.6272620311552235
 0.5798666430136499
 0.5801256509191007
 0.5782371374852867
 0.5880527661767738
 0.5549572647311056
 0.6152350586999991
 1.372871268226265
 0.4608496119833265
 0.5204972395361976
 0.604572279070014
 0.5793951441214014
 0.5882117583845001
 0.663907819956741
 0.6442107602382894
 0.5940297647109331
 0.5448762954435999
 0.4961902122080875
 0.5223128937520596
 0
 0
 0.5099031517205519
 0.6927959251525166
 0.5644276331846783
 0.4611006675882382
 0.7000626973544981
 0.6058212669799283
 0.4544025868515909
 0.441758820346625
 0.5333540768953127
 0.6317462883156688
 0.549139951541018
 0.5216259313426215
 0.5148524760165931
 0.5272184677034547
 0.5162812379507941
 0.5126758908753229
 0.4513882528448242
 0.5231629085875297
 0.5282261288257931
 0.5574051633932362
 0.5914998716117481
 0.6145208655252099
 0.6471015347828952
 0.6035436083645582
 0.550233088615311
 0.5049391429146709
 0.5186677752647539
 0.5215664513453586
 0
 0
 0.6666666666666666
 0.75
 0.6
 0.3333333333333333
 0.7142857142857143
 0.625
 0.6666666666666666
 0.7
 0.7272727272727273
 0.6666666666666666
 0.5384615384615384
 0.4444444444444444
 0.4
 0.3333333333333333
 1
 1
 1
 1
 1
 1
 1
 0
 1
 1
 1
 1
 1
 0
 0
 0
 0.79413689162795
 0.8427830274891167
 0.5258572729019926
 0.3720864780156569
 0.6926967152336621
 0.7355338961977749
 0.6100156876663877
 0.5445785886667586
 0.5922351891921016
 0.651637641829123
 0.5577936366629346
 0.4980390287089839
 0.5010577743018882
 0.5069233212896764
 0.6858539199286625
 0.5655027036317565
 0.5628116192499577
 0.5311770733282765
 0.6684092648988458
 0.6553882093915849
 0.6574619600976459
 0.5781850862403858
 0.7699256305371651
 0.6293667929680169
 0.6668212211546249
 0.6034466455894771
 0.55263313565394
 0.5403286921949441
 0
 0
 0.3678794411714423
 0.8345778037734389
 0.5899104933741321
 0.6431282245492713
 0.7912725926751238
 0.6641911755608215
 0.6557845881558542
 0.6915854728151607
 0.6982164323526456
 0.7222369947470147
 0.6359379202818125
 0.6278142914221478
 0.6789587409762664
 0.7108985416654107
 0.7124787308702355
 0.6467250067043253
 0.6108848422760833
 0.6569430101151043
 0.6544260252171881
 0.6034435342856164
 0.6104874717609643
 0.6588186384746813
 0.666197520481043
 0.6653349599238507
 0.6622690330150316
 0.6539660859468128
 0.6319283223308239
 0.6518818838103103
 0
 0
 0.5626561564650729
 0.7053305179845291
 0.5154323090554993
 0.4487218396391017
 0.6442929363692064
 0.5671087512461128
 0.4731969674223134
 0.4794268172205348
 0.5193902659345891
 0.5883258476433362
 0.535537311323575
 0.4982642854367423
 0.5275465698528228
 0.5533639983477743
 0.5428335525173011
 0.5259087580720877
 0.4785686548757061
 0.5130354973486174
 0.5254300316142139
 0.5495122815849189
 0.5597052162783731
 0.5848593694807385
 0.5898193390156424
 0.5887383722751647
 0.5467381015624999
 0.5125471660088606
 0.522050607760736
 0.5240527677200526
 0
 0
 0.9161862660382218
 0.9262987709129508
 0.8912048291050364
 0.9039849608029821
 0.8952439880058339
 0.8831039806979198
 0.9168832992569033
 0.9054901053672283
 0.9403039365650395
 0.9171262412204109
 0.9293007484619705
 0.932703854882539
 0.9084107036678962
 0.9101575012905949
 0.9116589521568309
 0.9153046984361096
 0.9133306355179114
 0.908166428087354
 0.9134992508621825
 0.8995653303447723
 0.9015645905079448
 0.8959241043362532
 0.9069959030867484
 0.9156308565690426
 0.8982008497784457
 0.9079837153679866
 0.9039488207685151
 0.9031797798998116
 0
 0
 0.7396249838321807
 0.858196090088881
 0.4844612742057006
 0.4514409093226419
 0.6005693488883321
 0.7787334201635049
 0.5058997106988095
 0.5195779787285383
 0.5171747627483249
 0.5899624740971965
 0.5495874492377302
 0.5053790564435152
 0.5323002216619002
 0.5594665276815571
 0.5813004046001169
 0.5385809987617509
 0.4953300469287025
 0.5092779928022688
 0.5471541307335983
 0.5764970709699987
 0.5960305670643901
 0.6327696055529317
 0.6320752517379
 0.6037644420346626
 0.559386659628598
 0.5196423408853534
 0.5381191391980686
 0.5355206261515633
 0
 0
 0.3678794411714423
 0.6853165961530248
 0.5795973663085345
 0.6366637271722808
 0.6992723051877523
 0.6617917670264708
 0.6029024282457153
 0.6371544495006787
 0.662461149261941
 0.713082259015812
 0.6811591725179404
 0.6413781217219855
 0.6924708890480149
 0.7293634700291302
 0.740324948712106
 0.6612542151529606
 0.6796499605853739
 0.6204733936897944
 0.6425507644058124
 0.6317218399158326
 0.6068129851328754
 0.6682590588521664
 0.638752602776918
 0.5218236587493207
 0.6586805656822157
 0.6365981005597821
 0.5843987180722571
 0.6295417705281472
 0
 0
 0
 0
 0
 0
 0
 0
 0
 0
 0
 0
 0
 0
 0
 0
 0
 0
 0
 0
 0
 0
 0
 0
 0
 0
 0
 0
 0
 0
 0
 0
 0
 0
 0
 0
 0
 0
 0
 0
 0
 0
 0
 0
 0
 0
 0
 0
 0
 0
 0
 0
 0
 0
 0
 0
 0
 0
 0
 0
 0
 0
 0
 0
 0
 0
 0
 0
 0
 0
 0
 0
 0
 0
 0
 0
 0
 0
 0
 0
 0
 0
 0
 0
 0
 0
 0
 0
 0
 0
 0
 0
 0
 0
 0
 0
 0
 0
 0
 0
 0
 0
 0
 0
 0
 0
 0
 0
 0
 0
 0
 0
 0
 0
 0
 0
 0
 0
 0
 0
 0
 0
 0
 0
 0
 0
 0
 0
 0
 0
 0
 0
 0
 0
 0
 0
 0
 0
 0
 0
 0
 0
 0
 0
 0
 0
 0
 0
 0
 0
 0
 0
 0.9121925127330665
 0.8558527632307427
 0.9251877560149595
 0.9393497520364262
 0.9339894795892973
 0.940722669403627
 0.9108589013107583
 0.9235303959126552
 0.9171092165774437
 0.9190984068743552
 0.9242804818993904
 0.9207946959943557
 0.9186935990989565
 0.8978466651868194
 0.9093287250979523
 0.9111020720437547
 0.9035583235319381
 0.9054885336807297
 0.901929810853479
 0.9099833868873957
 0.9169359656200039
 0.910991113120057
 0.8985215323125363
 0.8972549505276769
 0.9051782218002781
 0.9005842316858441
 0.9046915569196503
 0.8974548958580221
 0
 0
 0
 0
 0
 0
 0
 0
 0
 0
 0
 0
 0
 0
 0
 0
 0
 0
 0
 0
 0
 0
 0
 0
 0
 0
 0
 0
 0
 0
 0
 0
 0
 0
 0
 0
 0
 0
 0
 0
 0
 0
 0
 0
 0
 0
 0
 0
 0
 0
 0
 0
 0
 0
 0
 0
 0
 0
 0
 0


