# Created by Octave 3.8.2, Sat Nov 21 01:14:08 2015 CET <dkottke@snake7>
# name: mus
# type: matrix
# ndims: 3
 1 30 19
 0
 0
 0.4987468671679198
 0.5984848484848485
 0.569620253164557
 0.4949494949494951
 0.5614035087719298
 0.5918367346938775
 0.6357323232323236
 0.6435897435897436
 0.6976010101010102
 0.7247474747474748
 0.8010256410256413
 0.799107142857143
 0.8038461538461539
 0.7682291666666666
 0.7595907928388748
 0.7941919191919193
 0.8070175438596491
 0.8026315789473685
 0.7644110275689223
 0.8156565656565656
 0.819551008809321
 0.7955729166666667
 0.8266666666666668
 0.8635897435897437
 0.8647186147186147
 0.8596938775510204
 0.8626456002767847
 0.8538461538461539
 0
 0
 0.3333333333333333
 0.25
 0.2
 0.3
 0.5
 0.7
 0.5
 0.7
 0.6
 0.7
 0.6
 0.6
 0.6
 0.6
 0.6333333333333333
 0.8166666666666668
 0.8
 0.75
 0.77
 0.86
 0.8800000000000001
 0.82
 0.8400000000000001
 0.8466666666666667
 0.7266666666666667
 0.7333333333333333
 0.72
 0.7333333333333333
 0
 0
 0.5985180234467269
 0.5123694936255607
 0.4825947832265114
 0.5473740329108906
 0.7052211127329493
 0.5914808314129814
 0.5774850475328839
 0.734793390891359
 0.696430228966223
 0.6469206212531391
 0.6777655215930712
 0.6411382318974415
 0.5904657509423841
 0.6336299185444967
 0.7025524159673042
 0.6176209577849815
 0.7030466805617134
 0.652861453296116
 0.7049130498789261
 0.7552880701450865
 0.7504545895754782
 0.8104844820269745
 0.7787836367059725
 0.7473123807025812
 0.7938411070721263
 0.8007845822781983
 0.797952159131185
 0.829269602170476
 0
 0
 0.4439827376681793
 0.3655312335813797
 0.2498913046531358
 0.4913913468380784
 0.4594012941123065
 0.6206934521860962
 0.6448520029429619
 0.7117082199678226
 0.6887914486453042
 0.7257135679791271
 0.6972463030208164
 0.5129675380019589
 0.5721695563992639
 0.6232870767481909
 0.6580908672953739
 0.6744658645889335
 0.7363914176309283
 0.743997983617263
 0.7537374670685192
 0.7864356138129464
 0.8035436568741916
 0.8115534547184314
 0.8179071029434367
 0.8046955412298716
 0.8052983521892747
 0.8185386071835049
 0.8211858789866507
 0.8287590255238334
 0
 0
 0.3333333333333333
 0.25
 0.2
 0.5
 0.7142857142857143
 0.625
 0.5555555555555556
 0.7
 0.5454545454545454
 0.6666666666666666
 0.9230769230769231
 0.7777777777777778
 0.6
 0.6666666666666666
 0.5
 1
 1
 1
 1
 1
 1
 1
 1
 1
 1
 1
 1
 1
 0
 0
 0.4485005222161806
 0.2067361402122636
 0.2021860581341739
 0.3613280508991638
 0.6203155344284643
 0.5906182645240181
 0.5647725541629788
 0.7023466842020224
 0.6064239055728162
 0.7130680059176538
 0.7645320222011691
 0.6027874393980591
 0.5499989381750787
 0.6429590998703595
 0.6277460078512925
 0.7478521655163746
 0.8129246975454105
 0.7358788200662922
 0.8198876420064154
 0.7968037227382395
 0.8870110766922801
 0.8090828421042877
 0.8631656432586695
 0.7986053791285376
 0.7511669948067983
 0.788159444940244
 0.7769118947223602
 0.7830038394684264
 0
 0
 0.3678794411714423
 0.5481398030358289
 0.3999410520367297
 0.5424428958637582
 0.6375427573499159
 0.7913948042528046
 0.7278637752810811
 0.7291197821967791
 0.7160711653337004
 0.7939610475319766
 0.6914229081209502
 0.675720104381779
 0.6792072788087734
 0.6547185917646626
 0.7072681079589521
 0.6985820470551274
 0.6956910916164873
 0.7346197477238633
 0.7244920825450123
 0.7295274399110387
 0.7483831307183064
 0.8040160739004176
 0.799461984708108
 0.7789170184397053
 0.7435152230758822
 0.7512293700894543
 0.7762609172421785
 0.7827202068533177
 0
 0
 0.4694137695784109
 0.3126817480280218
 0.2424012815141251
 0.4619840066994311
 0.4416608181160031
 0.6337415748629858
 0.6114908374247645
 0.6714363027512336
 0.6211811356421556
 0.6477374086212173
 0.6075951216942949
 0.5147293940306383
 0.5675140066291084
 0.5689515466132782
 0.5978589518708576
 0.5910916232011623
 0.624382175550261
 0.6478292750903851
 0.6562448489784222
 0.6842183850501592
 0.7197904614707897
 0.7153280892225264
 0.7118962518538189
 0.6986923490797831
 0.6956989212800772
 0.7084341086559232
 0.7261957348762208
 0.747593424403361
 0
 0
 0.9168497563376382
 0.9511306128845136
 0.9326117712981834
 0.9504726151894539
 0.940246733554613
 0.9301150479105077
 0.9229723744386472
 0.9275236209529261
 0.9180346984583949
 0.9290749247894046
 0.9134729785578782
 0.9262574985053887
 0.9005538983686114
 0.916737742297999
 0.9089732313143836
 0.9095024698241611
 0.9042600966705888
 0.9110427702582675
 0.9027451299333317
 0.8970585595518373
 0.8955339868059626
 0.897740419830327
 0.906548122923879
 0.9123411006439384
 0.8961048994370442
 0.8999846030495037
 0.9116633769135064
 0.901160805908226
 0
 0
 0.4413186084458248
 0.1871317147034327
 0.2188893239434596
 0.3023307657791144
 0.4421439166539663
 0.6190378798944444
 0.4292939745393444
 0.7105561212919327
 0.6062500530014342
 0.6953023614860675
 0.6712019254714821
 0.5208198525057053
 0.5512589429598397
 0.6545402121282985
 0.683570467563712
 0.7040690287071903
 0.7390791882921308
 0.7595166206522794
 0.7679064143763785
 0.8015225798316608
 0.7859288469417332
 0.845174196136688
 0.8427434716270393
 0.8309079092953295
 0.8249731605155149
 0.8293505507878021
 0.7999941681692406
 0.806740024627112
 0
 0
 0.3678794411714423
 0.5654855408160743
 0.4203740238566598
 0.5445824699850255
 0.6325452738935927
 0.7872245068287489
 0.7051976937487067
 0.7981712394177152
 0.7318666217209487
 0.7448883160060185
 0.6737440628041564
 0.7278062631743533
 0.6955305710322004
 0.6525078151564566
 0.7566650194709427
 0.7315222740439522
 0.6912578825365621
 0.7320307556777302
 0.683532215129956
 0.7864110473039162
 0.6938888230338517
 0.7558276052462338
 0.7194238628837769
 0.7925925850502442
 0.6933764308063638
 0.7359574063020524
 0.8188350692596744
 0.7292368041467547
 0
 0
 0
 0
 0
 0
 0
 0
 0
 0
 0
 0
 0
 0
 0
 0
 0
 0
 0
 0
 0
 0
 0
 0
 0
 0
 0
 0
 0
 0
 0
 0
 0
 0
 0
 0
 0
 0
 0
 0
 0
 0
 0
 0
 0
 0
 0
 0
 0
 0
 0
 0
 0
 0
 0
 0
 0
 0
 0
 0
 0
 0
 0
 0
 0
 0
 0
 0
 0
 0
 0
 0
 0
 0
 0
 0
 0
 0
 0
 0
 0
 0
 0
 0
 0
 0
 0
 0
 0
 0
 0
 0
 0
 0
 0
 0
 0
 0
 0
 0
 0
 0
 0
 0
 0
 0
 0
 0
 0
 0
 0
 0
 0
 0
 0
 0
 0
 0
 0
 0
 0
 0
 0
 0
 0
 0
 0
 0
 0
 0
 0
 0
 0
 0
 0
 0
 0
 0
 0
 0
 0
 0
 0
 0
 0
 0
 0
 0
 0
 0
 0
 0
 0.9402824574777865
 0.937256890343753
 0.8985861502898469
 0.9694833620314162
 0.9244879987384229
 0.9086194105721288
 0.9050365975201966
 0.9100247539958439
 0.905542476971084
 0.9331609802258871
 0.9316856285479506
 0.9215348211983604
 0.9136470654110089
 0.9160427024965307
 0.9079117798795056
 0.9034726083908405
 0.9057192912795715
 0.9077199957070796
 0.9172344881720731
 0.8978802712091214
 0.9124016096761459
 0.90926209296691
 0.9003756061653648
 0.9086334192043989
 0.8996337578838947
 0.9146359790831977
 0.9150333989021266
 0.9006947107432307
 0
 0
 0
 0
 0
 0
 0
 0
 0
 0
 0
 0
 0
 0
 0
 0
 0
 0
 0
 0
 0
 0
 0
 0
 0
 0
 0
 0
 0
 0
 0
 0
 0
 0
 0
 0
 0
 0
 0
 0
 0
 0
 0
 0
 0
 0
 0
 0
 0
 0
 0
 0
 0
 0
 0
 0
 0
 0
 0
 0


