# Created by Octave 3.8.2, Fri Nov 20 22:01:28 2015 CET <dkottke@snake7>
# name: mus
# type: matrix
# ndims: 3
 1 30 19
 0
 0
 0.860484544695072
 0.8578595317725752
 0.805020920502093
 0.8207705192629816
 0.9356725146198835
 0.9286912751677853
 0.932330827067668
 0.945378151260505
 0.954128440366972
 0.952020202020202
 0.9548494983277583
 0.9588235294117647
 0.9578059071729955
 0.9586148648648649
 0.9582352941176465
 0.9528619528619524
 0.9557226399331656
 0.9593220338983054
 0.9590643274853797
 0.958052749719416
 0.9590301003344484
 0.9566326530612245
 0.9557446808510643
 0.9506688963210697
 0.9541245791245789
 0.9581916099773244
 0.9574126462267755
 0.9589743589743588
 0
 0
 0.6666666666666666
 1
 0.6
 0.7
 0.6
 0.7
 0.7
 0.7
 0.8
 0.8333333333333333
 0.7666666666666666
 0.7
 0.6666666666666667
 0.7499999999999999
 0.7666666666666666
 0.8833333333333332
 0.9
 0.85
 0.8099999999999999
 0.74
 0.79
 0.79
 0.8
 0.8066666666666666
 0.8133333333333332
 0.8200000000000001
 0.8266666666666665
 0.8333333333333333
 0
 0
 0.601162028358172
 0.7848100225264485
 0.7130659156929501
 0.7355413988574402
 0.7903466813218617
 0.7069915568711896
 0.7754086855854387
 0.8256077822499515
 0.8508926490391561
 0.8903995301742598
 0.8252939179313834
 0.7765911358188162
 0.7806438596761263
 0.6970611793136098
 0.8030724578076895
 0.8158256607338059
 0.8297120295527662
 0.8532080521618298
 0.8655003201398819
 0.8387012231056548
 0.865855443998625
 0.8496760865581731
 0.8406932839416288
 0.836407137312171
 0.8312143461450452
 0.8870149584500346
 0.8633811620851333
 0.8845892544142231
 0
 0
 0.5259183752742477
 0.8786337848765013
 0.5787435018728846
 0.7119098043676223
 0.6753177153977793
 0.6074339513920557
 0.67218156020215
 0.7346226169184732
 0.7902759555642592
 0.8393366483723613
 0.7550129260663954
 0.7028842633692269
 0.7254270464649344
 0.7363265124828957
 0.779404137382277
 0.802553290168597
 0.8258681665509841
 0.815175780560873
 0.830588397073682
 0.8049244279694354
 0.8142707780744703
 0.800713531305561
 0.8012506021135569
 0.8259313708370609
 0.8378860788926386
 0.8446949940255383
 0.8472197835335438
 0.8542232370207998
 0
 0
 0.3333333333333333
 1
 0.4
 0.6666666666666666
 0.5714285714285714
 0.375
 0.6666666666666666
 0.7
 0.8181818181818182
 0.9166666666666666
 0.8461538461538461
 0.5555555555555556
 0.4
 0.6666666666666666
 1
 1
 1
 1
 1
 0
 1
 1
 1
 1
 1
 1
 1
 1
 0
 0
 0.333333334445823
 0.941291091492533
 0.6226015664014043
 0.6447880372123932
 0.585181434608851
 0.5307209055315222
 0.7224750473801609
 0.7079938450434288
 0.8263589054158351
 0.8675002735013173
 0.7844789431002606
 0.6713838548679716
 0.6677066559709434
 0.7216616491085749
 0.8578458057383778
 0.863985352813327
 0.8445372854053611
 0.8797480462130602
 0.8089081816867822
 0.6588056886112346
 0.8914324859546887
 0.7666537069462021
 0.7669750608095331
 0.8454857259810183
 0.8458687532061004
 0.8180157526621517
 0.8769002101370804
 0.8596736145481405
 0
 0
 0.7892931470571475
 0.6785191042017749
 0.6808020816808914
 0.8090848728196762
 0.7606423117233907
 0.767653343419837
 0.7636366118065274
 0.8050367800464271
 0.8175080965691451
 0.8062064271188638
 0.7892996777217268
 0.7467897414106889
 0.7514003904774106
 0.7485053852573818
 0.8379401006746141
 0.788734658236446
 0.801673531585659
 0.8002682884372431
 0.8310516899063893
 0.7795420148851969
 0.866605227186956
 0.8178381228871392
 0.8171499715862612
 0.8206749405167264
 0.8326050182069054
 0.8438430467976843
 0.8293527929511487
 0.9049976063570089
 0
 0
 0.554752706212546
 0.8452100709376746
 0.6219742708561263
 0.7481437282743204
 0.646490297867155
 0.5930649715577749
 0.654896587880907
 0.6888100366849796
 0.734313818122391
 0.7974669263714164
 0.7258353900494037
 0.6707853037464598
 0.6939226204266074
 0.7123384589404085
 0.7486423677430044
 0.7135852556308957
 0.7603532048533983
 0.7602448968905046
 0.7577266372559505
 0.7593773993985092
 0.7617151414951338
 0.755964418149652
 0.757937602496821
 0.7903029675085719
 0.7999975894033763
 0.797235443376342
 0.8005168704858796
 0.8161854882616844
 0
 0
 0.8974396611878402
 0.9048797540695371
 0.8994542564118135
 0.947164605676257
 0.8984690798672151
 0.9436394216068525
 0.9293948758754218
 0.9304091826862857
 0.9219994820430649
 0.9199223476993266
 0.9092504506306612
 0.9261448959837305
 0.9235145841395984
 0.9163525664047444
 0.9063712881098327
 0.9164446329126485
 0.910051041566882
 0.907494112296608
 0.9111517672662456
 0.8932849091991437
 0.9123552710400457
 0.9099849806839283
 0.8983613122474853
 0.9080471730444339
 0.9028174496987663
 0.9081991151958206
 0.891843119241797
 0.8991248195429932
 0
 0
 0.3333333315353338
 0.9357280519867796
 0.7026664541594191
 0.6846240511296178
 0.6330250736487504
 0.5604609314771352
 0.7773891871114293
 0.777754411723889
 0.8649599562083753
 0.8831447693361507
 0.7765352150395777
 0.7286054044872208
 0.7565955108101365
 0.7600407072102886
 0.7777851015173627
 0.7855067737032949
 0.8352959672613423
 0.802267781476352
 0.8152967641136772
 0.7781937845509139
 0.8027373933885278
 0.8027239382492046
 0.8000028951522402
 0.8128333181483943
 0.8162383786791412
 0.838208053648857
 0.8343898852588132
 0.8164237111515233
 0
 0
 0.7892931470571475
 0.6868215069582919
 0.6283387380911579
 0.7082619063750742
 0.6844313758197854
 0.7216913539956527
 0.7294811298985894
 0.8024098171914349
 0.7627942337816646
 0.8179275861916319
 0.8221632368281171
 0.7812531603938395
 0.7356230839458402
 0.7428790602379074
 0.7642873750737121
 0.8323445973594086
 0.6404889267219183
 0.7800808022157891
 0.8627196388019506
 0.7894834787918052
 0.7995488250301034
 0.8476947950917343
 0.8221080956777385
 0.8533263758649898
 0.8747168930482199
 0.9021107846655262
 0.8423531476712516
 0.9247993140517609
 0
 0
 0
 0
 0
 0
 0
 0
 0
 0
 0
 0
 0
 0
 0
 0
 0
 0
 0
 0
 0
 0
 0
 0
 0
 0
 0
 0
 0
 0
 0
 0
 0
 0
 0
 0
 0
 0
 0
 0
 0
 0
 0
 0
 0
 0
 0
 0
 0
 0
 0
 0
 0
 0
 0
 0
 0
 0
 0
 0
 0
 0
 0
 0
 0
 0
 0
 0
 0
 0
 0
 0
 0
 0
 0
 0
 0
 0
 0
 0
 0
 0
 0
 0
 0
 0
 0
 0
 0
 0
 0
 0
 0
 0
 0
 0
 0
 0
 0
 0
 0
 0
 0
 0
 0
 0
 0
 0
 0
 0
 0
 0
 0
 0
 0
 0
 0
 0
 0
 0
 0
 0
 0
 0
 0
 0
 0
 0
 0
 0
 0
 0
 0
 0
 0
 0
 0
 0
 0
 0
 0
 0
 0
 0
 0
 0
 0
 0
 0
 0
 0
 0
 0.8555133359852256
 0.9528434681233167
 0.9256778000249675
 0.9536040097753885
 0.9094447483898623
 0.9120088065146356
 0.9269859194530691
 0.9317130111231289
 0.9167671660407589
 0.9337393964065629
 0.9051973607954613
 0.9157669653239728
 0.9174458053803156
 0.910075622879077
 0.9182506966204264
 0.9000144837899249
 0.9150338036581712
 0.9137418896491993
 0.905850585948532
 0.9139573956330606
 0.90544282298693
 0.911981575925606
 0.9061787189755378
 0.8970161972577435
 0.8935348914558601
 0.9042215221691094
 0.8964465399367593
 0.8914054550067035
 0
 0
 0
 0
 0
 0
 0
 0
 0
 0
 0
 0
 0
 0
 0
 0
 0
 0
 0
 0
 0
 0
 0
 0
 0
 0
 0
 0
 0
 0
 0
 0
 0
 0
 0
 0
 0
 0
 0
 0
 0
 0
 0
 0
 0
 0
 0
 0
 0
 0
 0
 0
 0
 0
 0
 0
 0
 0
 0
 0


