# Created by Octave 3.8.2, Fri Nov 20 22:08:28 2015 CET <dkottke@snake5>
# name: mus
# type: matrix
# ndims: 3
 1 30 19
 0
 0
 0.6618357487922704
 0.6586538461538461
 0.6585365853658539
 0.6568627450980393
 0.6551724137931032
 0.9759615384615384
 0.9758454106280192
 0.97
 0.6937799043062201
 0.6862745098039217
 0.6923076923076924
 0.673469387755102
 0.9333333333333336
 0.9423076923076923
 0.9321895424836603
 0.9393939393939394
 0.8612440191387559
 0.9450000000000001
 0.9470899470899471
 0.9494949494949494
 0.9758454106280191
 0.9670138888888888
 0.9575
 0.9663461538461539
 0.9629629629629629
 0.9642857142857143
 0.9345531315974666
 0.9611111111111111
 0
 0
 1
 1
 1
 1
 1
 0.9
 0.9
 0.9
 1
 1
 1
 1
 0.9333333333333333
 0.8666666666666666
 0.8666666666666666
 0.8
 1
 0.95
 0.9
 0.9199999999999999
 1
 1
 1
 1
 1
 1
 1
 1
 0
 0
 1
 1
 1
 1
 1
 0.8969643489109451
 0.9131887765875447
 0.8931716255579738
 0.9957581207157097
 0.9337778462179607
 0.9835697694777638
 0.9856719339998861
 0.9771311783275943
 0.9580100185510332
 0.9710729591888455
 0.996823817844304
 0.9946620930587811
 0.963877883938947
 0.9768803642211908
 0.9775612476236014
 0.9650384057150251
 0.9866776516900869
 0.995764220493954
 0.9889362977922691
 0.9938096247566468
 0.99331711332664
 0.9988489576187427
 0.9962858662045228
 0
 0
 1
 1
 1
 1
 1
 0.8949269379686471
 0.9504796290842179
 0.9262524180370457
 0.9834716713515675
 0.9930557515548573
 0.992603749333015
 0.993622595590917
 0.9681512746976887
 0.9949858751879098
 0.9955371712824693
 0.9966917566208435
 0.9972826556004789
 0.9987480674392282
 0.9972183541112419
 0.998035743463886
 0.9978117653287031
 0.9995745209013428
 0.9997865996962861
 1
 1
 1
 1
 1
 0
 0
 1
 1
 1
 1
 1
 0.75
 1
 0.9
 1
 1
 1
 1
 0.8
 1
 1
 1
 1
 1
 1
 1
 1
 1
 1
 1
 1
 1
 1
 1
 0
 0
 1.000000000031385
 1.000000000004161
 1.00000000000131
 1.000000000061732
 1.000000001125668
 0.8339285742683158
 1.010912701833941
 0.9019841471371154
 1.017424284277622
 1.013636363642148
 1.013869463880268
 1.019199346608216
 0.9166475597284049
 1.017086330992195
 1.024725275598083
 1.014957265100444
 1.010135966255781
 1.00000000036933
 1.000000000547001
 1.013888889502977
 1.000000001025137
 1.000000001339855
 1.000000001950335
 1.00000000239954
 1.000000003001562
 1.000000001411817
 1.000000002166073
 1.000000006563558
 0
 0
 1
 1.000000000317758
 1.000000000326162
 1.000000000018737
 1.00000000020368
 0.8212060883308208
 0.9529275183084671
 0.8457027012320273
 0.9895024570124175
 1.008186727629895
 0.9716957612555241
 0.9900532892933394
 0.9905431046523643
 0.9934714369379047
 0.9855294434818405
 0.9838827882260606
 0.9716712993085156
 0.9664757708645774
 0.974192675822769
 0.9893422005773465
 0.9679613680988842
 0.9828328693224185
 0.9780878653610369
 0.9637182630228014
 1.007007990994748
 0.9986742219498361
 0.9976867335901307
 0.9974976801226142
 0
 0
 1
 1
 1
 1
 1
 0.9063358866858384
 0.930764055795212
 0.9497335506565382
 0.9859476104766367
 0.9796524542983344
 0.9806300358445282
 0.9826652704194426
 0.9789695877877654
 0.9736938649546593
 0.9809324635993806
 0.9817427952307423
 0.9804084033124428
 0.9847217349109941
 0.9872527506785092
 0.9869306432211976
 0.9893385184482274
 0.9958932814990423
 0.9975803761109207
 1
 0.9996973838556247
 1
 1
 1
 0
 0
 1
 1
 1
 1
 1
 1
 1
 1
 1
 1
 1
 1
 1
 1
 1
 1
 1
 1
 1
 1
 1
 1
 1
 1
 1
 1
 1
 1
 0
 0
 1.000000000024878
 1.000000000009063
 1.000000000025663
 1.000000000000032
 1.000000000000037
 1.093022426628643
 0.9695010923037024
 0.9068904119051119
 1.018270611635469
 1.007895536611884
 1.018034195456454
 0.9859125283825902
 0.951400186138208
 0.9655697923553461
 1.002365422380123
 1.009381189099416
 0.9747823900718182
 1.000000000001081
 1.000000000006249
 1.078554928252391
 1.000000000000034
 1.000000000000105
 1.000000000000262
 1.000000000000414
 1.000000000001515
 1.000000000003278
 1.000000000007849
 1.000000000000051
 0
 0
 1
 1.000000000000191
 1.000000000211499
 1.000000000000029
 1.000000000000031
 0.8375192232379611
 0.8448938068494291
 0.8613666192995741
 0.994798010619421
 1.052277550809626
 0.9198616373385996
 1.021883329806229
 1.059381131220258
 1.121271914052627
 1.021561732530391
 1.034718828264043
 0.9846243857888267
 0.9720964556954327
 1.020580126290327
 0.9685853297579314
 0.9718269791757891
 0.9711516403858158
 0.9810250820865621
 1.038807259382821
 0.9844660013385895
 1.052093212249849
 0.9985925321665889
 0.9999706886377664
 0
 0
 0
 0
 0
 0
 0
 0
 0
 0
 0
 0
 0
 0
 0
 0
 0
 0
 0
 0
 0
 0
 0
 0
 0
 0
 0
 0
 0
 0
 0
 0
 0
 0
 0
 0
 0
 0
 0
 0
 0
 0
 0
 0
 0
 0
 0
 0
 0
 0
 0
 0
 0
 0
 0
 0
 0
 0
 0
 0
 0
 0
 0
 0
 0
 0
 0
 0
 0
 0
 0
 0
 0
 0
 0
 0
 0
 0
 0
 0
 0
 0
 0
 0
 0
 0
 0
 0
 0
 0
 0
 0
 0
 0
 0
 0
 0
 0
 0
 0
 0
 0
 0
 0
 0
 0
 0
 0
 0
 0
 0
 0
 0
 0
 0
 0
 0
 0
 0
 0
 0
 0
 0
 0
 0
 0
 0
 0
 0
 0
 0
 0
 0
 0
 0
 0
 0
 0
 0
 0
 0
 0
 0
 0
 0
 0
 0
 0
 0
 0
 0
 0
 1
 1
 1
 1
 1
 1
 1
 1
 1
 1
 1
 1
 1
 1
 1
 1
 1
 1
 1
 1
 1
 1
 1
 1
 1
 1
 1
 1
 0
 0
 0
 0
 0
 0
 0
 0
 0
 0
 0
 0
 0
 0
 0
 0
 0
 0
 0
 0
 0
 0
 0
 0
 0
 0
 0
 0
 0
 0
 0
 0
 0
 0
 0
 0
 0
 0
 0
 0
 0
 0
 0
 0
 0
 0
 0
 0
 0
 0
 0
 0
 0
 0
 0
 0
 0
 0
 0
 0


