# Created by Octave 3.8.2, Fri Nov 20 22:30:08 2015 CET <dkottke@snake2>
# name: mus
# type: matrix
# ndims: 3
 1 30 19
 0
 0
 0.4879227053140097
 0.7163461538461539
 0.8585365853658538
 0.7647058823529411
 0.6945812807881773
 0.7307692307692307
 0.7391304347826086
 0.9100000000000001
 0.9377990430622009
 0.9754901960784313
 0.9903846153846154
 0.979591836734694
 0.9794871794871796
 0.9855769230769231
 0.9901960784313726
 0.9949494949494949
 0.985645933014354
 0.99
 0.9947089947089948
 0.994949494949495
 0.9951690821256037
 0.9947916666666667
 1
 0.9951923076923077
 0.9773242630385487
 0.9948979591836735
 1
 1
 0
 0
 0.6666666666666666
 1
 0.2
 0.8
 0.7
 0.9
 0.7
 0.6
 0.3666666666666666
 0.4333333333333333
 0.7
 0.6333333333333333
 0.5333333333333333
 0.7999999999999999
 0.65
 0.3833333333333333
 0.5333333333333333
 0.55
 0.61
 0.64
 0.55
 0.7
 0.68
 0.6533333333333333
 0.7066666666666667
 0.68
 0.7533333333333333
 0.8333333333333334
 0
 0
 0.7222500574844216
 0.8750459360455177
 0.6993037619461375
 0.6825929378106703
 0.6816585472629884
 0.7871860785277189
 0.7433851877472542
 0.7157564553800919
 0.3794070566322996
 0.4593306323696897
 0.7061241421027044
 0.6375621590492027
 0.7365160972247948
 0.5957791965644265
 0.5464555750208948
 0.6842256798861435
 0.7391599665462445
 0.6662778561506639
 0.6569365987331485
 0.6408985633353425
 0.6424526656881815
 0.5662816459775833
 0.6449841573045086
 0.6649542833836461
 0.6894156948873447
 0.7096765151482914
 0.6945370517958387
 0.7241931761435493
 0
 0
 0.4932944961972912
 0.930947558261364
 0.2958131222949573
 0.7213768818498054
 0.6564721505964186
 0.732656786434016
 0.7718352784225373
 0.6778940907918944
 0.4248246343754659
 0.4914561792775609
 0.5269412414230314
 0.5619980463270655
 0.4827181275975512
 0.4878810204836654
 0.4796091577626172
 0.4553729381985658
 0.512410129953709
 0.6004983754432797
 0.5633103691826332
 0.5679706454090878
 0.624862074646648
 0.6361303821406198
 0.623620396118143
 0.6279900421749823
 0.6578444122330237
 0.6724633938451954
 0.6597795676535421
 0.7095918487749238
 0
 0
 1
 1
 0.2
 1
 0.8571428571428571
 0.625
 0.7777777777777778
 0.8
 0.4545454545454545
 0.5833333333333334
 0.4615384615384616
 0.7777777777777778
 0.4
 0.3333333333333333
 0
 1
 1
 1
 0
 0
 1
 0
 0
 1
 0
 1
 0
 1
 0
 0
 0.9428860476460484
 0.9413171838269698
 0.3202755294218755
 0.8015582764373499
 0.8242688943776508
 0.6945749503065908
 0.8044290369350625
 0.7431256022519761
 0.4428206399487588
 0.5264774249689667
 0.5248278559363042
 0.6302805856934556
 0.4310463954506797
 0.4812713833919923
 0.3736074027038562
 0.5163862221979123
 0.6498392856677988
 0.7236554055933677
 0.5566115312710561
 0.5338666819349772
 0.5783178595825683
 0.4559395476568228
 0.474167251287534
 0.6696773491056283
 0.5852246069641621
 0.7002315422895056
 0.5906451685943641
 0.6920410457787967
 0
 0
 0.3678794411714423
 0.574109930116006
 0.747175817371589
 0.6120606097824591
 0.6898895373027432
 0.748094566669241
 0.8037862985323918
 0.7074577933062239
 0.6695709981682397
 0.6970097472421325
 0.7321422585655811
 0.6882242423442975
 0.7077301563863603
 0.7266413848344571
 0.7039884095211614
 0.7152257924893053
 0.7220431071113244
 0.7417758201442511
 0.7362337698058252
 0.7317413404953734
 0.7402864239492905
 0.7326913808181988
 0.7198365146094328
 0.7451226733316501
 0.7357095489092343
 0.7437118656084207
 0.7668220461297014
 0.7375434093225607
 0
 0
 0.4921044366045566
 0.8987271875961049
 0.3818200229810438
 0.6067178258353345
 0.6164544364871838
 0.6802246248821429
 0.7162317240616238
 0.6085505322175008
 0.4522683115889307
 0.4949884358593751
 0.5446035732856818
 0.5561399205648871
 0.5200257819058026
 0.5275351378489246
 0.517205551961758
 0.5089486523201573
 0.5433872075316056
 0.5775370220186264
 0.5740496611951228
 0.5746855351386078
 0.5921851293815548
 0.604756349365697
 0.5839656724262212
 0.5997770981693895
 0.6185623270609366
 0.6338703178255447
 0.61060474929048
 0.6415181011712717
 0
 0
 0.969048180006742
 0.9458464159298472
 0.9288888008416685
 0.9038115069955102
 0.8954372001691723
 0.9345222516903908
 0.918473339265436
 0.9287086152887608
 0.9221705708407277
 0.9197434371121074
 0.9236763326730224
 0.9096040005852372
 0.9138485113582355
 0.9096087533349733
 0.9166767148580738
 0.9098654966970111
 0.9076458472015474
 0.9089466928748053
 0.9068339804455946
 0.9117157403701545
 0.8949307800833185
 0.8989990422109151
 0.8993697542578716
 0.8986160147603718
 0.903894625774102
 0.9045227974765101
 0.9100298441131062
 0.9083087420399824
 0
 0
 0.9260308358581709
 0.9357061247760662
 0.4466356643353319
 0.5492830932959344
 0.8116574354612276
 0.7859958476950546
 0.8425790126289319
 0.6530053134732419
 0.4781393507782536
 0.5004040625997788
 0.5474916966905906
 0.5618579830224311
 0.5008758833630709
 0.5991832258254037
 0.520183362692811
 0.5289784538020632
 0.5621256132940128
 0.332416655627264
 0.5894904999771652
 0.5693998131775235
 0.5998030704854154
 0.6107773744669072
 0.5878979166479388
 0.6063706006360418
 0.6267492284450638
 0.6454663623526373
 0.620135788179322
 0.6906621500919014
 0
 0
 0.3678794411714423
 0.5928420509170685
 0.7892799614482235
 0.6339426539564702
 0.6816717590808236
 0.7165861420376795
 0.7986286203651054
 0.6981997003927708
 0.6746328063981861
 0.6798965170442907
 0.7126220659614504
 0.6461913918408052
 0.6694765670336478
 0.7046077760963172
 0.6914515692308371
 0.6103626068737741
 0.7128423380800408
 0.725818971337533
 0.7266518113102534
 0.3733786470997453
 0.7339136899290326
 0.7246529127039552
 0.7464132931267946
 0.7644375020184453
 0.7512556383826237
 0.7150410313930258
 0.7065648442838126
 0.7247672145770281
 0
 0
 0
 0
 0
 0
 0
 0
 0
 0
 0
 0
 0
 0
 0
 0
 0
 0
 0
 0
 0
 0
 0
 0
 0
 0
 0
 0
 0
 0
 0
 0
 0
 0
 0
 0
 0
 0
 0
 0
 0
 0
 0
 0
 0
 0
 0
 0
 0
 0
 0
 0
 0
 0
 0
 0
 0
 0
 0
 0
 0
 0
 0
 0
 0
 0
 0
 0
 0
 0
 0
 0
 0
 0
 0
 0
 0
 0
 0
 0
 0
 0
 0
 0
 0
 0
 0
 0
 0
 0
 0
 0
 0
 0
 0
 0
 0
 0
 0
 0
 0
 0
 0
 0
 0
 0
 0
 0
 0
 0
 0
 0
 0
 0
 0
 0
 0
 0
 0
 0
 0
 0
 0
 0
 0
 0
 0
 0
 0
 0
 0
 0
 0
 0
 0
 0
 0
 0
 0
 0
 0
 0
 0
 0
 0
 0
 0
 0
 0
 0
 0
 0
 0.9698840341726771
 0.9380844352695148
 0.9221788225021654
 0.9349520441191904
 0.9046505317712028
 0.9235716691410631
 0.9370065674095376
 0.9066394931871771
 0.908655275871094
 0.9155317407627468
 0.9386766678879613
 0.9273794519320692
 0.9144121816381889
 0.9129750258214189
 0.9047044875529034
 0.9124500455684906
 0.9166426228972375
 0.9095777138108067
 0.9048032086115373
 0.9029025531398064
 0.9016883163439613
 0.9080153851342452
 0.906534803750949
 0.8986834624984824
 0.8941439989740423
 0.9247602468946049
 0.8963730569855214
 0.893424765075165
 0
 0
 0
 0
 0
 0
 0
 0
 0
 0
 0
 0
 0
 0
 0
 0
 0
 0
 0
 0
 0
 0
 0
 0
 0
 0
 0
 0
 0
 0
 0
 0
 0
 0
 0
 0
 0
 0
 0
 0
 0
 0
 0
 0
 0
 0
 0
 0
 0
 0
 0
 0
 0
 0
 0
 0
 0
 0
 0
 0


