# Created by Octave 3.8.2, Sun Nov 15 15:12:18 2015 CET <dkottke@snake6>
# name: mus
# type: matrix
# ndims: 3
 1 30 19
 0
 0
 0.4974958263772949
 0.655902004454343
 0.5465181058495817
 0.7045707915273134
 0.6575875486381328
 0.6116071428571429
 0.6091568955890566
 0.582122905027933
 0.6100709106844081
 0.5911633109619685
 0.6379598662207356
 0.6060267857142857
 0.6661064425770303
 0.6947544642857143
 0.7026330532212884
 0.7037037037037039
 0.7070868661014235
 0.7112359550561799
 0.6960224089635852
 0.6925427110612296
 0.7030843552582686
 0.7032657657657657
 0.6856338028169014
 0.6902638424377556
 0.6854657687991018
 0.676060267857143
 0.6916017797552837
 0.7067796610169491
 0
 0
 1
 0.75
 0.4
 0.5
 0
 0.4
 0.5
 0.4
 0.3666666666666666
 0.4333333333333333
 0.4333333333333333
 0.4
 0.4
 0.5166666666666666
 0.5666666666666667
 0.6
 0.7333333333333333
 0.7
 0.6599999999999999
 0.64
 0.6100000000000001
 0.6699999999999999
 0.68
 0.7266666666666668
 0.7000000000000001
 0.5733333333333334
 0.6266666666666667
 0.6
 0
 0
 1
 0.663801741977924
 0.7146678033065539
 0.5983951923020528
 0.6076122381421367
 0.4765025048801774
 0.5771146181585345
 0.2034364199521947
 0.189339653652028
 0.2445401691637608
 0.3858781370583275
 0.3262592280502143
 0.3546838513230377
 0.4580228310444294
 0.4628325400808151
 0.4974009365494659
 0.5266557896058395
 0.6194549912678333
 0.5945119858396022
 0.6635301464847005
 0.5755225981540695
 0.7051810912610326
 0.697740487297831
 0.695751953477086
 0.7247139516606245
 0.5930503450919521
 0.6045536320180013
 0.6142880386156145
 0
 0
 0.9999999999842739
 0.6919757690451884
 0.521733066811912
 0.4419314411881467
 0.3627563451985862
 0.3719846675497719
 0.4783158294880341
 0.3765048415451037
 0.3321634294385035
 0.3901054989817438
 0.3914045425140205
 0.3872834286614068
 0.4085904170080114
 0.4322129700869817
 0.4726948782341804
 0.5070118398660859
 0.5128323602027391
 0.554428177729966
 0.5427233715184966
 0.571265974589418
 0.5628981351116417
 0.5983507856470033
 0.6118266295659568
 0.624375100556234
 0.6220702474112295
 0.5701928912966899
 0.574119125168708
 0.5751575289842419
 0
 0
 0.9999999999716316
 0.6220583954582358
 0.4279231694230608
 0.4497926378912795
 0.3539621936493662
 0.3962338126854613
 0.4749602005583411
 0.3765215509493962
 0.3346818488388754
 0.388904549172298
 0.3825635501890848
 0.3904037722700213
 0.4180554348747516
 0.4342715489933685
 0.4778854105713586
 0.5072638634388065
 0.5098971058089892
 0.5522078447480837
 0.5389067228191567
 0.5702123050467887
 0.5709457093520037
 0.6018760216601158
 0.6165656694488011
 0.6270753854111336
 0.6264260251021485
 0.5682906261393
 0.5745514434882441
 0.5746962571783609
 0
 0
 0.9999999999732987
 0.6741760222302593
 0.5260536291491518
 0.3865308168169131
 0.4006354139333276
 0.3678670810802694
 0.4734321250439454
 0.3767195373807837
 0.3219721656501988
 0.3730682648140788
 0.3773167294540468
 0.3683201330981323
 0.4138363976136394
 0.4337989220102642
 0.5098386638792577
 0.466057416504445
 0.4961980011138717
 0.5212997191555869
 0.555695067438928
 0.5522080565823072
 0.5470946534917455
 0.5641522457600453
 0.5904053497113865
 0.6229750353463857
 0.5951788317067458
 0.5726323802485747
 0.5441876694784408
 0.5827404526555955
 0
 0
 1
 0.6156001791793341
 0.6127218799810986
 0.642336587858894
 0.6380617745285092
 0.6194835515193737
 0.6701674906902452
 0.5298197728791729
 0.614445767992792
 0.5830254434530359
 0.6276526511263043
 0.6387062736797866
 0.6523998163335694
 0.5953350029785651
 0.647200659203011
 0.6496296966688765
 0.6752553956734234
 0.6838153388504421
 0.7047192581469144
 0.6462696292138415
 0.725621322674217
 0.7554013812386872
 0.6978078769506506
 0.706144544267685
 0.7136198671644483
 0.6435942804456705
 0.6331015701660315
 0.6931216870881098
 0
 0
 0.9999999999798366
 0.6520966250022292
 0.6502412931339113
 0.4933860990171752
 0.4249606135471219
 0.3949271522417038
 0.4898005700067321
 0.3632440433062383
 0.3392109491644971
 0.4022076489916824
 0.4008133856101377
 0.4062294934778945
 0.422588865092035
 0.4444523309828307
 0.4747926238852408
 0.50218423702528
 0.5137542860601935
 0.5518107922261187
 0.5405889462612019
 0.5737959514902018
 0.56995405886756
 0.6087419075955296
 0.6206110212718627
 0.6391076986790338
 0.6308564622142162
 0.5874396480006718
 0.5898195640142255
 0.5935471328696631
 0
 0
 0.9999999999806977
 0.5569034144774367
 0.4605110698774853
 0.4669961822474165
 0.4259303320549637
 0.4089111487183006
 0.4822342107912189
 0.3855415128436088
 0.3456098011017765
 0.4098978980350528
 0.3992422444701599
 0.4021189675575189
 0.4397442490099833
 0.4357336318022128
 0.4810419649082119
 0.5103085333462667
 0.5029089759242438
 0.5451514548259915
 0.5301689605937172
 0.5604392162200301
 0.581358650364878
 0.6081841787911185
 0.6260034473802938
 0.6340718990163212
 0.6346956687023328
 0.5847021008555043
 0.5880514509359588
 0.5887531687086491
 0
 0
 0.9999999999551302
 0.6832547587917777
 0.71651200318483
 0.4556766754555374
 0.4118825590107252
 0.3713365184402574
 0.4742278964921152
 0.3740754823561219
 0.3230624690576267
 0.4020646547427587
 0.3796485049563443
 0.3923922191202738
 0.4166871153230192
 0.4232957515226485
 0.4873669874355943
 0.4969421938237505
 0.5024284216471836
 0.5346251444071577
 0.5305600640186291
 0.5474850030457993
 0.5599975861812283
 0.5988890564328075
 0.599199486762255
 0.6252525963366582
 0.6264401109554995
 0.5820372822447715
 0.5836338519725007
 0.5839094723477848
 0
 0
 1
 0.6207525429270252
 0.6869049611183689
 0.651942661754677
 0.6229189991148302
 0.5754631294088833
 0.7275267697516029
 0.5409329649806282
 0.5805648095548007
 0.5839691558972891
 0.5946182357722593
 0.5967778106291882
 0.6426384218162633
 0.5977964104040835
 0.6123615077053377
 0.6596635436323049
 0.6452647471007944
 0.6871394284960333
 0.6562521125411713
 0.6521378612789303
 0.6906690195926586
 0.7116487672856175
 0.6880103761057658
 0.6915842523221645
 0.7092065648380528
 0.6709599575736905
 0.6800220696866911
 0.6691259040750921
 0
 0
 0
 0
 0
 0
 0
 0
 0
 0
 0
 0
 0
 0
 0
 0
 0
 0
 0
 0
 0
 0
 0
 0
 0
 0
 0
 0
 0
 0
 0
 0
 0
 0
 0
 0
 0
 0
 0
 0
 0
 0
 0
 0
 0
 0
 0
 0
 0
 0
 0
 0
 0
 0
 0
 0
 0
 0
 0
 0
 0
 0
 0
 0
 0
 0
 0
 0
 0
 0
 0
 0
 0
 0
 0
 0
 0
 0
 0
 0
 0
 0
 0
 0
 0
 0
 0
 0
 0
 0
 0
 0
 0
 0
 0
 0
 0
 0
 0
 0
 0
 0
 0
 0
 0
 0
 0
 0
 0
 0
 0
 0
 0
 0
 0
 0
 0
 0
 0
 0
 0
 0
 0
 0
 0
 0
 0
 0
 0
 0
 0
 0
 0
 0
 0
 0
 0
 0
 0
 0
 0
 0
 0
 0
 0
 0
 0
 0
 0
 0
 0
 0
 0.9636476850172533
 0.4994090009198007
 0.4671277954271293
 0.4586456625344431
 0.4324431682963898
 0.4002332504962424
 0.4918266853679332
 0.3958140755292024
 0.3494944052929427
 0.4071532339972161
 0.4068961312473665
 0.4043533278396994
 0.4378589241799682
 0.4340083409893677
 0.4829428586977288
 0.5154448830676734
 0.5027019919806084
 0.539833321287613
 0.5358901989307469
 0.561516341704879
 0.5755988163004039
 0.6099285297269348
 0.6204057969430854
 0.6343130865550838
 0.6317555713762975
 0.5820864142532688
 0.5875219406512668
 0.5899819141504241
 0
 0
 0
 0
 0
 0
 0
 0
 0
 0
 0
 0
 0
 0
 0
 0
 0
 0
 0
 0
 0
 0
 0
 0
 0
 0
 0
 0
 0
 0
 0
 0
 0
 0
 0
 0
 0
 0
 0
 0
 0
 0
 0
 0
 0
 0
 0
 0
 0
 0
 0
 0
 0
 0
 0
 0
 0
 0
 0
 0


