# Created by Octave 3.8.2, Mon Nov 16 08:46:10 2015 CET <dkottke@snake7>
# name: mus
# type: matrix
# ndims: 3
 1 30 19
 0
 0
 0.6641604010025054
 0.8545150501672241
 0.8435146443514648
 0.8659966499162485
 0.8563074352548038
 0.8439597315436241
 0.8504594820384281
 0.8436974789915972
 0.8598832360300247
 0.8611111111111114
 0.8653846153846148
 0.8509243697478991
 0.8624472573839658
 0.8597972972972973
 0.8498319327731086
 0.8468013468013467
 0.8429406850459481
 0.8499999999999998
 0.8395989974937341
 0.9043209876543209
 0.905727424749164
 0.9115646258503403
 0.9114893617021285
 0.9134615384615381
 0.9332912457912457
 0.9024943310657599
 0.9027448581695845
 0.9008547008547007
 0
 0
 0.6666666666666666
 0.75
 0.8
 1
 0.8
 0.9
 1
 1
 1
 1
 1
 1
 1
 1
 1
 1
 1
 1
 1
 0.95
 0.96
 0.96
 0.96
 0.96
 1
 0.9666666666666666
 0.9666666666666666
 0.9666666666666666
 0
 0
 0.7392502694832199
 0.7198556614282529
 0.791583438936961
 0.8777900252931455
 0.875682956763717
 0.9494303552937153
 0.9286676597450907
 0.9369988441301866
 0.9465054549054094
 0.9564831158978118
 0.9520482838365054
 0.9956361033615103
 0.997463118365303
 0.981262140577582
 0.9862375774979936
 0.9802840703676492
 0.9896747324573435
 0.9930356631136528
 0.9954348059464044
 0.9597906475533258
 0.9779380738228257
 0.9613572119067241
 0.978815097895654
 0.9699453267730868
 0.9730847155486836
 0.9428650240809668
 0.9561421437995417
 0.9409086565037705
 0
 0
 0.7986801260215808
 0.7596268027600233
 0.7932941105950237
 0.8525781794544525
 0.8360587416649207
 0.8465191918746452
 0.825078639053985
 0.8418366533892848
 0.8806340316350367
 0.8826352195751359
 0.9016043244325276
 0.9071542347303405
 0.9120612130556506
 0.920831291433295
 0.9231284579930235
 0.9263209297485058
 0.9263342806852213
 0.9317379922559833
 0.9342703474160619
 0.9039600485141444
 0.9101702930393459
 0.9099956159154089
 0.9123835465106193
 0.9221033253174408
 0.9224551669777921
 0.8843879874463308
 0.8882990499960837
 0.8925016380854941
 0
 0
 0.7008119297175237
 0.8323223689278412
 0.8225433902223461
 0.8287274995857949
 0.8430767131507366
 0.8143322726647267
 0.8190929188795435
 0.8552913235683234
 0.8840045928766174
 0.8807250200706214
 0.90127852994295
 0.9153441973122204
 0.9120185801529536
 0.9207293421371966
 0.9219509893073016
 0.9270094502988261
 0.9276113650141845
 0.9334804980926934
 0.9287452191900823
 0.9051892826801342
 0.9031267654139643
 0.9111275223636073
 0.9122774369271955
 0.9146688551180322
 0.9236564643336754
 0.8808083083102863
 0.8818255347302401
 0.8856853923220065
 0
 0
 0.9958159094493855
 0.5833333333333438
 0.9168472511331571
 0.9554530843256024
 0.8797870727017822
 0.933524061920211
 0.9145313012423144
 0.8225059858755295
 0.8573910153523076
 0.8526603529674469
 0.9085065942040622
 0.8994019237125344
 0.8941504278661879
 0.8964529327728993
 0.907240978274276
 0.9250233253171073
 0.9523411519209556
 0.9531521934086961
 0.9497409938177832
 0.9150839421135702
 0.9070413482266744
 0.9736029362620211
 0.9285698809602961
 0.9035226276936283
 0.8872324926266419
 0.8413922869976204
 0.8631256234694469
 0.8930193665206633
 0
 0
 0.5785862941142949
 0.7343407455221085
 0.8132925847587286
 0.8129336477523196
 0.7762761431328314
 0.9112763283417954
 0.8066414614613521
 0.8375617619157509
 0.8526545261127532
 0.994797544884174
 0.8814521688140958
 0.9245682160307392
 0.9154924541105074
 0.9236124242428625
 0.9293831105188256
 0.9033542566653645
 0.9125895145284874
 0.9306611101241274
 0.9413582190478835
 0.9104618351793571
 0.922376814882474
 0.8921000691150379
 0.9408186984790859
 0.9293876864367212
 0.8779742712334523
 0.8927235350982222
 0.9158903587315486
 0.8832060787157142
 0
 0
 0.8028096751419476
 0.7682293261749843
 0.8114336773033548
 0.8333811307797572
 0.833772563773813
 0.8754483348848311
 0.8560788535883205
 0.8903852529425368
 0.9090663021912738
 0.9152192335010061
 0.9292349792983352
 0.9475836857437316
 0.9513672905602354
 0.9603829986013928
 0.9573639387199854
 0.9618809151069247
 0.9611928860931632
 0.9653289667742943
 0.9696764200154825
 0.9396503686781957
 0.9436833275399268
 0.9479239326424653
 0.9482384859510208
 0.9520270531898188
 0.9594997012744247
 0.914338465141221
 0.9182724250828778
 0.922877342490155
 0
 0
 0.6828807460838315
 0.8184820671967318
 0.8160485868083177
 0.7938300718964244
 0.857091580518996
 0.8619148293764696
 0.8451366427378763
 0.9049085521094861
 0.9160215400403117
 0.9175233252549373
 0.9386976138580122
 0.9577238495802448
 0.9591981786219732
 0.9656035392241269
 0.9559188818632094
 0.9578834413560249
 0.9673278411562449
 0.9647154469914243
 0.9679043932497264
 0.9425085945184342
 0.9394523174655841
 0.9435961541948635
 0.9490227350986925
 0.9515549675775679
 0.9624956065896776
 0.9155957158614817
 0.9174947603300773
 0.9195510536760811
 0
 0
 0.9693698036068387
 0.5997877546758658
 0.9066393287562745
 0.8239225544176556
 0.8334383383325088
 0.8681464482685364
 0.8504247151609855
 0.9713865950122006
 0.9220222471832439
 0.9057805890621968
 0.9141669289020808
 0.9792025479204919
 0.9518176721882085
 0.9866598411599418
 0.9589697821602799
 0.9949816528658176
 0.9599953252471057
 0.9658683429954149
 0.9661783805697217
 0.934092016963138
 0.941182734112582
 0.9473175917140907
 0.9464789325095704
 0.9508431612627793
 0.9743952277098161
 0.9079638626570116
 0.9130451589497887
 0.9207852542164708
 0
 0
 0.5785862941142949
 0.7102000205124932
 0.7913041834823815
 0.9172649331505371
 0.7996498221397728
 0.9669753085147509
 0.8805419753479535
 0.9472224782056839
 0.8596500633507335
 0.9043526583088903
 0.8866028300269001
 0.9801897624280895
 0.9798681274227299
 0.9207304744512806
 0.9230052318613089
 0.9281011695928485
 0.9381723277490014
 0.9309553365814274
 0.9620562082141647
 0.9221296901825614
 0.9330456245003677
 0.9445637359512932
 0.9507469554697391
 0.9440598884628003
 0.9399301541937261
 0.9117204387661456
 0.8967303647362825
 0.9155978046129686
 0
 0
 0
 0
 0
 0
 0
 0
 0
 0
 0
 0
 0
 0
 0
 0
 0
 0
 0
 0
 0
 0
 0
 0
 0
 0
 0
 0
 0
 0
 0
 0
 0
 0
 0
 0
 0
 0
 0
 0
 0
 0
 0
 0
 0
 0
 0
 0
 0
 0
 0
 0
 0
 0
 0
 0
 0
 0
 0
 0
 0
 0
 0
 0
 0
 0
 0
 0
 0
 0
 0
 0
 0
 0
 0
 0
 0
 0
 0
 0
 0
 0
 0
 0
 0
 0
 0
 0
 0
 0
 0
 0
 0
 0
 0
 0
 0
 0
 0
 0
 0
 0
 0
 0
 0
 0
 0
 0
 0
 0
 0
 0
 0
 0
 0
 0
 0
 0
 0
 0
 0
 0
 0
 0
 0
 0
 0
 0
 0
 0
 0
 0
 0
 0
 0
 0
 0
 0
 0
 0
 0
 0
 0
 0
 0
 0
 0
 0
 0
 0
 0
 0
 0.4909964527274611
 0.7343351059517189
 0.7597993379353634
 0.7832425294044081
 0.8507907355729368
 0.8676983088019481
 0.847810509556421
 0.9177577292742535
 0.9171277575935882
 0.9163799111952796
 0.9370168801313959
 0.9547696449094167
 0.9551399222631825
 0.9644130191414221
 0.953567774304921
 0.9585046076444061
 0.9675765331468495
 0.9649708180057948
 0.9661595848613814
 0.9428920311681823
 0.940883877503178
 0.9435568880730114
 0.9499250770553254
 0.9496997079268553
 0.9619316688928685
 0.9150940859907724
 0.9154223011108846
 0.9172811368344231
 0
 0
 0
 0
 0
 0
 0
 0
 0
 0
 0
 0
 0
 0
 0
 0
 0
 0
 0
 0
 0
 0
 0
 0
 0
 0
 0
 0
 0
 0
 0
 0
 0
 0
 0
 0
 0
 0
 0
 0
 0
 0
 0
 0
 0
 0
 0
 0
 0
 0
 0
 0
 0
 0
 0
 0
 0
 0
 0
 0


