# Created by Octave 3.8.2, Fri Nov 20 23:46:03 2015 CET <dkottke@mudflap>
# name: mus
# type: matrix
# ndims: 3
 1 30 19
 0
 0
 0.4444444444444445
 0.6394230769230769
 0.4682926829268294
 0.5294117647058822
 0.9507389162561577
 0.9182692307692307
 0.9420289855072466
 0.925
 0.9569377990430621
 0.9509803921568626
 0.9759615384615385
 0.9744897959183675
 0.9743589743589745
 0.9759615384615384
 0.9852941176470589
 0.9848484848484849
 0.985645933014354
 0.9850000000000001
 0.9841269841269842
 0.9848484848484849
 0.9855072463768116
 0.984375
 0.985
 0.9855769230769231
 0.9841269841269841
 0.9846938775510204
 0.9852216748768473
 0.9500000000000001
 0
 0
 0.6666666666666666
 1
 0.6
 0.7
 0.7
 0.7
 0.7
 0.7
 0.7333333333333333
 0.6666666666666666
 0.6
 0.7666666666666666
 0.7333333333333333
 0.8333333333333333
 0.8833333333333334
 0.95
 0.8333333333333333
 0.9
 0.95
 0.96
 0.9099999999999999
 0.9199999999999999
 0.9199999999999999
 0.9199999999999999
 0.9266666666666665
 0.9266666666666665
 0.9333333333333333
 0.9
 0
 0
 0.8118688813010245
 0.8994353656409113
 0.7142008111679393
 0.8525052029400032
 0.7357245804937997
 0.6939016505302062
 0.7098566634976919
 0.750416841793929
 0.7375346133262519
 0.7012595201931107
 0.8274912893977874
 0.8581704580682337
 0.8577502446840651
 0.8666658872279613
 0.7912142865933117
 0.8576141428483828
 0.885256799032794
 0.898294385302902
 0.9323213148819578
 0.9320463403672993
 0.9538104785362644
 0.9467704169601396
 0.9445062354227818
 0.9581771493783393
 0.94797104181238
 0.9543252185346737
 0.9617799085551337
 0.9389245913063038
 0
 0
 0.5782969111839004
 0.8856829246774302
 0.7325528764774722
 0.7066890973320228
 0.6623842596776475
 0.7528729905077531
 0.6944074997989621
 0.6923951661191293
 0.6838891197661987
 0.7092347044662549
 0.758099290986345
 0.8113615749212018
 0.8108531309923226
 0.8376664386213357
 0.8109543346601829
 0.8194234960428051
 0.8536567798347783
 0.8830012097309903
 0.9148498689356267
 0.9190520321755522
 0.9239103047184855
 0.930178859839597
 0.9352668098164872
 0.9570164810594403
 0.9622307848124402
 0.9555613410190879
 0.9613377466809307
 0.9338058563243385
 0
 0
 0.6666666666666666
 1
 0.2
 0.5
 0.7142857142857143
 0.625
 0.7777777777777778
 0.7
 0.6363636363636364
 0.75
 0.7692307692307693
 0.7777777777777778
 0.8
 1
 0.5
 1
 1
 1
 0
 1
 1
 1
 1
 1
 1
 1
 1
 1
 0
 0
 0.7590494696647904
 0.9654902549414468
 0.3449154358577924
 0.6783507690465379
 0.6149390387864032
 0.6830668100706545
 0.6588905193110439
 0.6748757634872393
 0.6389037549545341
 0.7050997847993219
 0.7838813523904499
 0.7847910082246075
 0.7987354216114935
 0.8861082593792937
 0.7476671572612932
 0.8029303439343454
 0.8797036995987401
 0.8746989736929476
 0.8223123852968055
 0.9638290495530032
 0.9637855032297027
 0.9728128215973701
 0.8824421445645638
 0.9734570353255433
 0.9226524627174584
 0.9887535604122886
 0.9370419136969613
 0.9669754006599725
 0
 0
 1
 0.7949651164164069
 0.7993920073413834
 0.8642872030268156
 0.745637208916867
 0.759667239963037
 0.7570771929200938
 0.7728338880966218
 0.7876428543938196
 0.7900212968765943
 0.8211149501020589
 0.8341156910900421
 0.8035464832560886
 0.8505541262811951
 0.8381755710282383
 0.8748515018136982
 0.8602801412460456
 0.8727498576779568
 0.911722049109156
 0.8817100028374167
 0.8777718331330477
 0.9051039463624876
 0.9155938602360564
 0.9255591285933269
 0.9339248678036829
 0.9288649971644959
 0.9600743313478606
 0.9434259050097731
 0
 0
 0.6021532927942899
 0.8216085553332807
 0.7118697493952999
 0.7582273068377884
 0.6112826431511625
 0.7203453009552115
 0.6368997730507804
 0.6682870782411672
 0.6477468484135547
 0.6949112962103026
 0.734149052326695
 0.7556382013772127
 0.7732753607981968
 0.7773346417486665
 0.7641200432123462
 0.7810553750507655
 0.7998564709158855
 0.8173403186886801
 0.8517095430142094
 0.8560866291991456
 0.8709289773044451
 0.8640241933375996
 0.8735959039091341
 0.8857222284571058
 0.8947107383841405
 0.8966882088462602
 0.9044588690586225
 0.8734763070541146
 0
 0
 0.9477650137075274
 0.9094900049450243
 0.9063112704742425
 0.9233812734342993
 0.9244777773792641
 0.9012318231615049
 0.9354755035005553
 0.9388441419050431
 0.930838522354567
 0.9275639872773525
 0.9198766746391682
 0.9127630668554525
 0.9175264858685065
 0.9143347370717513
 0.9035212455318208
 0.9080203579007697
 0.9025689276589068
 0.9085101501955199
 0.9101543625671353
 0.9059177839081815
 0.899052007017594
 0.9042609050958954
 0.9103729695278737
 0.9103778424240054
 0.9250788177334816
 0.9148831608931911
 0.9103345424568466
 0.912735045503332
 0
 0
 0.7301192570002217
 0.9718392001923395
 0.4902615578972134
 0.7772781879157838
 0.6028600457171113
 0.6875971550563706
 0.6307288838506961
 0.6710101530061268
 0.6433408095573615
 0.5092927078178852
 0.8230940374360721
 0.8542698530241437
 0.8713359130798544
 0.8652019336992788
 0.8390149444208167
 0.8301043142398852
 0.877599163862203
 0.8842821867625179
 0.9339926556898593
 0.9548187960876553
 0.9252149931689304
 0.8763194247864302
 0.9452238624070629
 0.895707099365513
 0.9555240895567504
 0.9621784124830906
 0.9670654287479883
 0.9275254729813349
 0
 0
 1
 0.7892512378236423
 0.8273941302684277
 0.864276495075754
 0.7271659836391714
 0.7400165320387182
 0.7480357519882583
 0.7936147420998475
 0.7803018272480038
 0.7853140114316987
 0.8089888170385799
 0.8100360639238555
 0.719614018767611
 0.9058908639908876
 0.8933120407010114
 0.8103057023676813
 0.8739499981343348
 0.8926645235370525
 0.8257839617271606
 0.943745232426318
 0.9492800797303735
 0.795816180937302
 0.8580709692035253
 0.9587114011693048
 0.6429299051589097
 0.8802872135210176
 0.9425907468918397
 0.928690987765765
 0
 0
 0
 0
 0
 0
 0
 0
 0
 0
 0
 0
 0
 0
 0
 0
 0
 0
 0
 0
 0
 0
 0
 0
 0
 0
 0
 0
 0
 0
 0
 0
 0
 0
 0
 0
 0
 0
 0
 0
 0
 0
 0
 0
 0
 0
 0
 0
 0
 0
 0
 0
 0
 0
 0
 0
 0
 0
 0
 0
 0
 0
 0
 0
 0
 0
 0
 0
 0
 0
 0
 0
 0
 0
 0
 0
 0
 0
 0
 0
 0
 0
 0
 0
 0
 0
 0
 0
 0
 0
 0
 0
 0
 0
 0
 0
 0
 0
 0
 0
 0
 0
 0
 0
 0
 0
 0
 0
 0
 0
 0
 0
 0
 0
 0
 0
 0
 0
 0
 0
 0
 0
 0
 0
 0
 0
 0
 0
 0
 0
 0
 0
 0
 0
 0
 0
 0
 0
 0
 0
 0
 0
 0
 0
 0
 0
 0
 0
 0
 0
 0
 0
 0.9344334122435263
 0.9588436875044924
 0.8825229373422904
 0.9149842670007694
 0.91396553787357
 0.9000681775368965
 0.9214841072623406
 0.9092577590231117
 0.9220397297825542
 0.9279064448316581
 0.9211482934385512
 0.9318309598276618
 0.9249704449574455
 0.9102222214050105
 0.9060216088406926
 0.9053667453502918
 0.9105309807734964
 0.910365363972568
 0.9136617162730623
 0.9103527276876445
 0.9022714337815911
 0.9109148035974076
 0.8998940164321901
 0.9056308779358208
 0.8955777746014767
 0.8936259452612976
 0.9012064556066607
 0.9060948907337411
 0
 0
 0
 0
 0
 0
 0
 0
 0
 0
 0
 0
 0
 0
 0
 0
 0
 0
 0
 0
 0
 0
 0
 0
 0
 0
 0
 0
 0
 0
 0
 0
 0
 0
 0
 0
 0
 0
 0
 0
 0
 0
 0
 0
 0
 0
 0
 0
 0
 0
 0
 0
 0
 0
 0
 0
 0
 0
 0
 0


