# Created by Octave 3.8.2, Fri Nov 20 23:05:54 2015 CET <dkottke@snake7>
# name: mus
# type: matrix
# ndims: 3
 1 30 19
 0
 0
 0.6516290726817036
 0.6605351170568562
 0.6794979079497901
 0.7495812395309875
 0.7287663603453073
 0.8657718120805369
 0.8813700918964066
 0.8588235294117649
 0.8682235195996656
 0.8930976430976432
 0.8929765886287617
 0.8789915966386557
 0.8286919831223627
 0.8513513513513513
 0.8674789915966384
 0.8573232323232324
 0.856028961292119
 0.8737288135593223
 0.8713450292397658
 0.8656004489337825
 0.8536789297658867
 0.8639455782312924
 0.8757446808510642
 0.9046822742474913
 0.9099326599326596
 0.9046201814058958
 0.906109029742335
 0.9316239316239311
 0
 0
 0.6666666666666666
 1
 0.8
 0.8
 0.7
 0.9
 0.5
 0.7
 0.7333333333333333
 0.7
 0.7666666666666667
 0.8
 0.6666666666666666
 0.6333333333333333
 0.7833333333333333
 0.7166666666666666
 0.7166666666666667
 0.75
 0.73
 0.82
 0.73
 0.78
 0.8
 0.8133333333333332
 0.8533333333333333
 0.82
 0.7266666666666666
 0.7333333333333333
 0
 0
 0.6839397205857212
 0.880904822249692
 0.7199313958817161
 0.7936828731601235
 0.7878181990865474
 0.80572828158669
 0.7368987997730543
 0.7589213239790652
 0.678787716949641
 0.7642109827327075
 0.7314569678904623
 0.8212332164459473
 0.6908793282511416
 0.7974585181777919
 0.7375440232870485
 0.7795019312325565
 0.7403013381335342
 0.8088633384882891
 0.8070727588619724
 0.819624912866023
 0.739257958009043
 0.7951914167903159
 0.8299412553779968
 0.8182805906488254
 0.8428111852830082
 0.8256142636360533
 0.8163620201050704
 0.8379880485606226
 0
 0
 0.7203409342683712
 0.8191563234088267
 0.6778069633676705
 0.7192869233625333
 0.6535271068366985
 0.6772367962552084
 0.5736663703389581
 0.6912568939617194
 0.6679581321127445
 0.6798472682285882
 0.6784117086584401
 0.7026862993464316
 0.6522912796293822
 0.6875608239367148
 0.6862684577863098
 0.6980851839209307
 0.6734219407703536
 0.7057150520921198
 0.7269536644168112
 0.7249721712939786
 0.7113222307718828
 0.72854954262109
 0.7405656120399926
 0.7374337181370775
 0.7537430190074764
 0.7587543148256173
 0.7618100322911125
 0.7558043765721992
 0
 0
 0.3333333333333333
 1
 1
 0.8333333333333334
 0.8571428571428571
 0.5
 0.3333333333333333
 0.7
 0.9090909090909091
 0.6666666666666666
 0.7692307692307693
 0.8888888888888888
 0.8
 1
 0.5
 0
 1
 1
 1
 1
 1
 1
 1
 1
 1
 0
 1
 1
 0
 0
 0.3333333333333149
 0.6020408658870093
 0.9097359392165048
 0.7451717097219278
 0.7843720508513385
 0.6160606435175691
 0.5377579341769609
 0.6675045484840475
 0.6521054515755518
 0.6550283911530483
 0.6692078205592485
 0.6560998194601522
 0.6419886576063875
 0.7003045754244037
 0.6758433459518211
 0.6444053183810847
 0.7160513798673294
 0.691881621381523
 0.7098543686831988
 0.7881381674985457
 0.7216558204378793
 0.717377034793887
 0.6778561696750516
 0.8479668328546162
 0.7499819805691584
 0.7078093732146522
 0.7686784961199814
 0.6990380205564524
 0
 0
 0.3678794411714423
 0.6807143870680121
 0.7011770993802051
 0.7981998824653077
 0.7873955475332463
 0.7473967602839917
 0.7865751202086657
 0.7294702357341279
 0.7740760590566417
 0.757555494453848
 0.739960676373197
 0.7531137097374073
 0.7694466095922347
 0.7645329437397762
 0.7506021297393636
 0.7838638837837761
 0.7271229873789948
 0.7693800680138562
 0.798872644572221
 0.7173007221531802
 0.763663029495908
 0.7276308122229102
 0.8049075640461715
 0.8156871753106334
 0.7505429287001336
 0.8078855078533678
 0.8053647718566995
 0.7970855330482237
 0
 0
 0.7183140009310892
 0.7477159782046422
 0.7611018856881777
 0.7292314189753131
 0.6440464178689217
 0.6929096212794641
 0.6012727425281452
 0.6927690153357724
 0.6355571899364655
 0.6649778448880308
 0.6807474129879149
 0.68605079990364
 0.6504077656138231
 0.696673192013467
 0.6928878289816862
 0.7102955707037251
 0.6885363710364528
 0.7286199519070253
 0.7314286443464942
 0.7463220985925491
 0.7292814673635423
 0.7507568209526452
 0.7560601072847349
 0.76011322148237
 0.769404520860931
 0.7739856956502411
 0.7807204279122066
 0.767309280010415
 0
 0
 0.9998263309439833
 0.9999904758871272
 1
 0.9999999999881241
 0.9999999148231035
 1
 0.9999999999999933
 0.9999961297529903
 0.9999999999999991
 0.9992289873568012
 0.9906924659502224
 0.9916428119732675
 0.9824942562975245
 0.9722421833912568
 0.9714194134402618
 0.9708622761821233
 0.9664097202758878
 0.9710597660560855
 0.9735210093262215
 0.9642542622139293
 0.9602081393167002
 0.9612960627327785
 0.9518032669921535
 0.9564246215554301
 0.9564803258875864
 0.9543675079094791
 0.9554486303348508
 0.930849582231696
 0
 0
 0.3333333333333298
 0.8089030191642987
 0.8538654190256721
 0.8293467056634065
 0.7459318283100693
 0.6542610198374049
 0.6084492112272889
 0.6585859403790749
 0.6871274626614765
 0.6500275877662464
 0.6990124403196141
 0.6766204245941744
 0.6281641957137045
 0.6648203671572335
 0.6757992782751223
 0.6876616045252428
 0.6737454058467103
 0.708445167070811
 0.7163663015504764
 0.7446807373413027
 0.7138888935464376
 0.7922126626761098
 0.7360008064058504
 0.7571768125130386
 0.750803205275451
 0.762181736692616
 0.792779604389826
 0.7521687627018194
 0
 0
 0.3678794411714423
 0.6819543373726331
 0.6984023469090052
 0.711003811036818
 0.7689114521364585
 0.7601104307550727
 0.7573062613578272
 0.7372357893306237
 0.7395094352926848
 0.752646565594709
 0.7182775984797362
 0.7619166980820437
 0.7244161716455007
 0.7098912127807284
 0.7246292686205196
 0.7448787089862149
 0.705897736865357
 0.7411970372286243
 0.7782062196847376
 0.7251040699126849
 0.7511417053002336
 0.7908416931386686
 0.8327404344037762
 0.7771573050404038
 0.7820654342835101
 0.7672306400058925
 0.7823319536961382
 0.7818808575061607
 0
 0
 0
 0
 0
 0
 0
 0
 0
 0
 0
 0
 0
 0
 0
 0
 0
 0
 0
 0
 0
 0
 0
 0
 0
 0
 0
 0
 0
 0
 0
 0
 0
 0
 0
 0
 0
 0
 0
 0
 0
 0
 0
 0
 0
 0
 0
 0
 0
 0
 0
 0
 0
 0
 0
 0
 0
 0
 0
 0
 0
 0
 0
 0
 0
 0
 0
 0
 0
 0
 0
 0
 0
 0
 0
 0
 0
 0
 0
 0
 0
 0
 0
 0
 0
 0
 0
 0
 0
 0
 0
 0
 0
 0
 0
 0
 0
 0
 0
 0
 0
 0
 0
 0
 0
 0
 0
 0
 0
 0
 0
 0
 0
 0
 0
 0
 0
 0
 0
 0
 0
 0
 0
 0
 0
 0
 0
 0
 0
 0
 0
 0
 0
 0
 0
 0
 0
 0
 0
 0
 0
 0
 0
 0
 0
 0
 0
 0
 0
 0
 0
 0
 0.9999961732897505
 0.9999999743781844
 0.9999999999711097
 0.9999999985388234
 0.9999999794769864
 0.9999999809516249
 0.9999999721884038
 0.9999999929077632
 0.9999667216980117
 0.9964367648281099
 0.9860116505184465
 0.9827218416861664
 0.9790991017359955
 0.9785599965798936
 0.975510302810115
 0.9771783375441068
 0.9686891310339175
 0.9590926546572562
 0.9720257910035214
 0.9601195129380538
 0.9580853960359017
 0.960156275512641
 0.9584587863755014
 0.9589756218533979
 0.9605139713691317
 0.9505193473915096
 0.9547726352829197
 0.9385616518082669
 0
 0
 0
 0
 0
 0
 0
 0
 0
 0
 0
 0
 0
 0
 0
 0
 0
 0
 0
 0
 0
 0
 0
 0
 0
 0
 0
 0
 0
 0
 0
 0
 0
 0
 0
 0
 0
 0
 0
 0
 0
 0
 0
 0
 0
 0
 0
 0
 0
 0
 0
 0
 0
 0
 0
 0
 0
 0
 0
 0


