# Created by Octave 3.8.2, Fri Nov 20 20:16:41 2015 CET <dkottke@snake3>
# name: mus
# type: matrix
# ndims: 3
 1 30 19
 0
 0
 0.4987468671679197
 0.4983277591973244
 0.9497907949790801
 0.6499162479061978
 0.8421052631578954
 0.7684563758389261
 0.6457811194653302
 0.9310924369747903
 0.8607172643869886
 0.8131313131313131
 0.7899247491638789
 0.7657142857142855
 0.7789029535864975
 0.7753378378378378
 0.7604201680672269
 0.7474747474747476
 0.7410192147034251
 0.7406779661016947
 0.7418546365914787
 0.748456790123457
 0.7675585284280936
 0.7789115646258504
 0.7642553191489365
 0.7830267558528429
 0.7678872053872052
 0.7912414965986394
 0.8041134643321354
 0.8179487179487179
 0
 0
 1
 1
 0.4
 0.8
 0.4
 0.8
 0.6
 0.5
 0.5
 0.6
 0.6666666666666666
 0.5666666666666667
 0.5999999999999999
 0.7
 0.65
 0.6666666666666666
 0.6
 0.65
 0.6799999999999999
 0.64
 0.6
 0.7
 0.68
 0.6933333333333332
 0.72
 0.6599999999999999
 0.6866666666666668
 0.6666666666666666
 0
 0
 1
 1
 0.6710393010177915
 0.8540416070760448
 0.8061496952925756
 0.8217093121316945
 0.6184878721042333
 0.6119062612696704
 0.6065172068164981
 0.6221042759563365
 0.6876683545383646
 0.6568519946502355
 0.6536922692154987
 0.6377420060856021
 0.6526421078349021
 0.6631950831129909
 0.647365777746413
 0.6394626305712632
 0.6317835538841787
 0.6185023905188831
 0.5980217065358905
 0.6732424816808112
 0.6367114856383258
 0.5406055020826795
 0.6305962438900459
 0.6298319500349245
 0.6150195163903693
 0.583356859543704
 0
 0
 0.9999999987516119
 0.9999999999215656
 0.3937386194452206
 0.8287854014778081
 0.7345497997584791
 0.7421219922958019
 0.6198889451306745
 0.6463384887900722
 0.5088717731643161
 0.5985914452097647
 0.6211050024832889
 0.553739883303045
 0.6440278549628403
 0.6599398645474817
 0.6292170524050918
 0.620893973970701
 0.6388456747950122
 0.6596662318007023
 0.6599478271518736
 0.6307181196960058
 0.59891340276395
 0.6185785231247455
 0.6368922983371289
 0.6121121653424142
 0.6141565677520311
 0.6043283646012717
 0.5804783385413864
 0.574769028199401
 0
 0
 1
 1
 0.6
 1
 0.7142857142857143
 0.625
 0.4444444444444444
 0.7
 0.7272727272727273
 0.6666666666666666
 0.4615384615384616
 0.6666666666666666
 0.6
 1
 0.5
 1
 0
 1
 0
 1
 1
 1
 1
 0
 1
 0
 0
 1
 0
 0
 0.9999999994187228
 0.9999999999936836
 0.6000833564758816
 0.8779175559016579
 0.7666054963731649
 0.7025865205357247
 0.5193333560602524
 0.620244019420967
 0.595265280018096
 0.59997496772097
 0.6194329798277786
 0.5714948649132581
 0.6076607530931892
 0.7619192060518707
 0.6223093532130924
 0.7252614008988709
 0.5105283837715896
 0.7301231724866921
 0.6024455030835895
 0.7472316720197154
 0.6895078308028022
 0.7149538748769366
 0.693597011934512
 0.5748376941715365
 0.6856658377269866
 0.4079024551980695
 0.5176862298832148
 0.443539669409071
 0
 0
 1
 1
 0.6997658129131088
 0.7545089616941429
 0.8568226224786883
 0.8340903795746866
 0.7402829955666833
 0.7157394538431628
 0.6638992635298313
 0.6470700400805858
 0.7073247912467404
 0.6773990509292012
 0.6973680352211655
 0.7101435087104184
 0.6519158519021406
 0.6886359137477081
 0.6495775641970437
 0.6790318516042807
 0.6625443538943964
 0.7104054574964503
 0.6492556037793347
 0.6722741690587879
 0.677986981462092
 0.6565862228027539
 0.6592040476381715
 0.6526082482266178
 0.6490435727776545
 0.6363580597364913
 0
 0
 0.9999999996862855
 0.9999999999958036
 0.3979968522775682
 0.702181981233591
 0.7247196943497726
 0.6736379273989076
 0.6199838060509838
 0.6362825993602353
 0.5385925637808441
 0.6027909818545809
 0.6247562065129298
 0.586056335128645
 0.6124075721044907
 0.6173650385566668
 0.6008509305034461
 0.6031978931997867
 0.6166803316471736
 0.6185762599755854
 0.6042777456122971
 0.5955650761075459
 0.5692900731803997
 0.5940294343745671
 0.5905716585822386
 0.5878213875863219
 0.5851013243247535
 0.5754177733613656
 0.5637367158759842
 0.5460883230744502
 0
 0
 0.9294357224451291
 0.9246482688029463
 0.8870961588985595
 0.9341749489018942
 0.9115181487063752
 0.9025631320947567
 0.9199073711011581
 0.9160234199440268
 0.9222641003853843
 0.9244833030248354
 0.9216541863248464
 0.921220362040954
 0.9282281425249125
 0.9072043800107451
 0.9039912513474747
 0.9149687723727262
 0.9152508153489121
 0.9081739597477499
 0.9036061099091759
 0.9012989531212058
 0.910492485411126
 0.9081195137720621
 0.9009866123962784
 0.9040583673089531
 0.8963040117728752
 0.9035624488515051
 0.9078337059542398
 0.9008289869757211
 0
 0
 0.9999999977237722
 0.9999999999844233
 0.4344458748861534
 0.45031678527027
 0.7696118288323954
 0.7288086973088239
 0.5839794534256487
 0.6066688241202174
 0.5491654872401962
 0.5964284797577071
 0.6421228398860597
 0.5978852668918486
 0.612888059926104
 0.6446932805553603
 0.6124926798078666
 0.6289990620486328
 0.630026731092536
 0.6348158336117647
 0.6111877075846263
 0.6080620633981628
 0.5786433297264179
 0.616414832838604
 0.6235300147110621
 0.5896155915409073
 0.6261047537951487
 0.5849734370653337
 0.4293439587312526
 0.5533367526683119
 0
 0
 1
 1
 0.6742186093709126
 0.7097786338455985
 0.8606397770232395
 0.8123875053219551
 0.6969983067779864
 0.7298751801245197
 0.689369630153796
 0.8110796806421148
 0.6772752972859435
 0.6998269317891308
 0.6839740156365985
 0.7207656451322437
 0.6785606089173871
 0.6982000712401473
 0.5927930894869015
 0.6789932375983405
 0.6856989311594719
 0.6606544609093694
 0.6992478930244945
 0.6096530001683625
 0.6205823864617211
 0.6402318878952912
 0.6627249903562984
 0.6059253162346434
 0.6479439693437383
 0.6295539396073587
 0
 0
 0
 0
 0
 0
 0
 0
 0
 0
 0
 0
 0
 0
 0
 0
 0
 0
 0
 0
 0
 0
 0
 0
 0
 0
 0
 0
 0
 0
 0
 0
 0
 0
 0
 0
 0
 0
 0
 0
 0
 0
 0
 0
 0
 0
 0
 0
 0
 0
 0
 0
 0
 0
 0
 0
 0
 0
 0
 0
 0
 0
 0
 0
 0
 0
 0
 0
 0
 0
 0
 0
 0
 0
 0
 0
 0
 0
 0
 0
 0
 0
 0
 0
 0
 0
 0
 0
 0
 0
 0
 0
 0
 0
 0
 0
 0
 0
 0
 0
 0
 0
 0
 0
 0
 0
 0
 0
 0
 0
 0
 0
 0
 0
 0
 0
 0
 0
 0
 0
 0
 0
 0
 0
 0
 0
 0
 0
 0
 0
 0
 0
 0
 0
 0
 0
 0
 0
 0
 0
 0
 0
 0
 0
 0
 0
 0
 0
 0
 0
 0
 0
 0.9209905582313321
 0.9082622881534979
 0.9482439881358323
 0.9304126298529787
 0.8999704486566392
 0.9085866915940114
 0.9264145413010881
 0.9279178657787182
 0.9137387540724525
 0.9381859766464026
 0.9199767866087913
 0.9277210226947146
 0.9215360217459874
 0.9050023474747457
 0.9192678415569573
 0.9081225360491118
 0.9191614906777353
 0.904342525849088
 0.9081298640089541
 0.9017985018541563
 0.9035601568608433
 0.9090825600978704
 0.9113240004760165
 0.9162233560259105
 0.90940070369765
 0.896730956439475
 0.906755647418266
 0.9055598401902427
 0
 0
 0
 0
 0
 0
 0
 0
 0
 0
 0
 0
 0
 0
 0
 0
 0
 0
 0
 0
 0
 0
 0
 0
 0
 0
 0
 0
 0
 0
 0
 0
 0
 0
 0
 0
 0
 0
 0
 0
 0
 0
 0
 0
 0
 0
 0
 0
 0
 0
 0
 0
 0
 0
 0
 0
 0
 0
 0
 0


