# Created by Octave 3.8.2, Fri Nov 20 20:51:51 2015 CET <dkottke@snake9>
# name: mus
# type: matrix
# ndims: 3
 1 30 19
 0
 0
 0.7128547579298851
 0.6848552338530067
 0.6323119777158779
 0.6460423634336679
 0.6614785992217908
 0.6450892857142857
 0.6348408710217757
 0.6290502793296088
 0.6491116245717476
 0.645973154362416
 0.655425492382014
 0.6609933035714285
 0.6627450980392158
 0.6646205357142857
 0.6642016806722688
 0.6621773288439957
 0.6596944488881779
 0.6573033707865168
 0.6573669467787113
 0.6552562663673778
 0.6496655518394651
 0.6525900900900903
 0.6050704225352113
 0.6166852471200299
 0.6198092031425364
 0.6252790178571429
 0.6334816462736376
 0.6293785310734463
 0
 0
 0.6666666666666666
 0.75
 0.6
 0.4
 0.5
 0.8
 0.5
 0.8
 0.7333333333333333
 0.8666666666666666
 0.9
 0.9333333333333332
 0.8666666666666666
 0.8166666666666667
 0.8166666666666667
 0.85
 0.85
 0.75
 0.76
 0.72
 0.7000000000000001
 0.72
 0.7600000000000001
 0.7666666666666668
 0.7466666666666667
 0.78
 0.7266666666666667
 0.7333333333333333
 0
 0
 0.7541753382333387
 0.7680954969164796
 0.6929059696471191
 0.7656423778492762
 0.7072399817635134
 0.7503123792627198
 0.6778318710279202
 0.8000391965572329
 0.8142167576623878
 0.8140387446693282
 0.840547270715106
 0.8780619858231277
 0.7875612938761214
 0.7635193786167668
 0.7735872151567217
 0.7617733094852279
 0.7913135577206265
 0.7457291477309907
 0.7576874123510241
 0.779194305545682
 0.7646754920850526
 0.7589330785850561
 0.7412610629831804
 0.7728294547205918
 0.7579797938439495
 0.778475162949598
 0.7385820656461672
 0.7620415823102829
 0
 0
 0.8024339687040221
 0.7156770745003256
 0.6240596061876204
 0.5843601602120084
 0.6464710288630813
 0.6672417082305659
 0.6425339876448013
 0.7084260550293131
 0.77905045519434
 0.8083668750992158
 0.8318864676772266
 0.8261250982995146
 0.7688078733349448
 0.7749713673192146
 0.7905357072835405
 0.7525748304481065
 0.7720132663684444
 0.7220864769675542
 0.7410197636478628
 0.71393845770013
 0.7281078549439713
 0.7374148817886557
 0.7279236526372205
 0.7222776662727359
 0.7005854609674238
 0.7006567182847426
 0.6846619795239361
 0.7013842696155387
 0
 0
 1
 0.75
 0.2
 0.3333333333333333
 0.4285714285714285
 0.5
 0.4444444444444444
 0.6
 0.8181818181818182
 1
 0.9230769230769231
 0.7777777777777778
 0.8
 0.6666666666666666
 1
 1
 0
 0
 1
 0
 1
 1
 1
 1
 1
 1
 0
 1
 0
 0
 0.9943155602583605
 0.7985750109669975
 0.4333211406059502
 0.496633346380757
 0.569047687631275
 0.6391202757485038
 0.6128400423928689
 0.6941122425713178
 0.7674431968018095
 0.9007839210747332
 0.9251895983932582
 0.803273476867032
 0.7679931575145652
 0.7538873825634047
 0.8937855036163144
 0.7478444577901916
 0.7292476951809408
 0.6722306535808713
 0.759394273116541
 0.6832486168086652
 0.7590736895623617
 0.8068723598961374
 0.7956348777458451
 0.8033391203855209
 0.7133522426509529
 0.7528854305714027
 0.645952684852019
 0.6934441122532625
 0
 0
 0.7892931470571475
 0.7598587832274543
 0.7272130283702553
 0.7280816409581318
 0.7296669748824114
 0.7995873844851421
 0.7362757175771049
 0.7883986028289752
 0.8476809045381984
 0.832909260979797
 0.8217868235867076
 0.7988350872432659
 0.7897763786113784
 0.7676887250882999
 0.8014939611461485
 0.8512646848680522
 0.7811973240910975
 0.7358007733236879
 0.7374421510156735
 0.7637953884088133
 0.7488098160302601
 0.7594388904207625
 0.7879084467703655
 0.7714968219035258
 0.715682518855246
 0.735489009515858
 0.7378877283314087
 0.7474906617551444
 0
 0
 0.7996348485606013
 0.6940667823787561
 0.5906104242969625
 0.575720241978568
 0.6450243929625107
 0.6683522810095648
 0.6345592782987128
 0.6840651406075898
 0.7543393518921606
 0.7907037008890732
 0.818702996911956
 0.8303991665908774
 0.7785084334319801
 0.7897689785301232
 0.8052366268787879
 0.7730968312753997
 0.7858458366442896
 0.7387269665911533
 0.7521146859061175
 0.7240402058628033
 0.7404862152404568
 0.7528398578423742
 0.7420973594700859
 0.7304954393246845
 0.7134973993578091
 0.7145147459799115
 0.6995459709564368
 0.7143250482430004
 0
 0
 0.9999934104441253
 0.9999999992789317
 0.9999999999827912
 0.9999999999998797
 1
 0.9999999999999998
 0.9999999999999997
 1
 0.9999999999999986
 0.9981057392881618
 0.9904764505751669
 0.9881817201459243
 0.9806485074907096
 0.9789890838244252
 0.9759737198575289
 0.9729433851868778
 0.9592930131010429
 0.964875894363755
 0.9590895880293656
 0.9666890490437176
 0.9642906033081552
 0.9642659649831263
 0.9526070256289642
 0.9521606670577234
 0.9516848284746992
 0.9534067812182885
 0.9532683587627402
 0.9373012876837988
 0
 0
 0.9865776690455218
 0.8501825218157542
 0.4809945035255337
 0.5219918263124697
 0.6017331779731305
 0.6697754797178197
 0.6353301172277991
 0.7376857303525642
 0.7183326327089621
 0.8238317946081964
 0.8258060847431369
 0.8497667689170478
 0.752312617225513
 0.7711080499913739
 0.7745601737546834
 0.7749025126584114
 0.7781793964661688
 0.7147614730248959
 0.7351094903753231
 0.77815189133062
 0.7279241818396459
 0.7405414520810053
 0.7457917638550817
 0.7205570132190786
 0.754920987442447
 0.7015575265600209
 0.6971670747469316
 0.7042583915642535
 0
 0
 0.7892931470571475
 0.7632826334679604
 0.7522496672340853
 0.7528094160562616
 0.7562118326700781
 0.7976266085936093
 0.7295328575921584
 0.7685580042732246
 0.8056545798930398
 0.8517569141653512
 0.7920037313468936
 0.7560579389347266
 0.7586727246842873
 0.7954554707352645
 0.7822358021197018
 0.77104758802094
 0.7538308170243582
 0.7108283431798658
 0.7510455382202915
 0.7345668830580239
 0.7215685497314037
 0.7527610528488939
 0.7709934712560185
 0.7502041833312005
 0.7409454836831182
 0.7548279866325145
 0.7384006955834606
 0.7338923012867457
 0
 0
 0
 0
 0
 0
 0
 0
 0
 0
 0
 0
 0
 0
 0
 0
 0
 0
 0
 0
 0
 0
 0
 0
 0
 0
 0
 0
 0
 0
 0
 0
 0
 0
 0
 0
 0
 0
 0
 0
 0
 0
 0
 0
 0
 0
 0
 0
 0
 0
 0
 0
 0
 0
 0
 0
 0
 0
 0
 0
 0
 0
 0
 0
 0
 0
 0
 0
 0
 0
 0
 0
 0
 0
 0
 0
 0
 0
 0
 0
 0
 0
 0
 0
 0
 0
 0
 0
 0
 0
 0
 0
 0
 0
 0
 0
 0
 0
 0
 0
 0
 0
 0
 0
 0
 0
 0
 0
 0
 0
 0
 0
 0
 0
 0
 0
 0
 0
 0
 0
 0
 0
 0
 0
 0
 0
 0
 0
 0
 0
 0
 0
 0
 0
 0
 0
 0
 0
 0
 0
 0
 0
 0
 0
 0
 0
 0
 0
 0
 0
 0
 0
 0.9999748207914695
 0.9999999547164937
 0.9999999999906489
 0.9999999999999277
 0.9999999743686554
 0.999999983447343
 0.999999454507957
 0.9999996920833305
 0.9999896059516492
 0.9957395169153581
 0.991394991902237
 0.9890485690000602
 0.983747277929512
 0.9809738127762155
 0.9708719934882513
 0.9717207818703889
 0.9588988330054323
 0.9670968726260847
 0.9650120943012009
 0.9590666506411295
 0.9603877978607268
 0.9640045338926598
 0.963051518325462
 0.9577708367207363
 0.9498998860175478
 0.9576891599693704
 0.9518440597769922
 0.9408033658210684
 0
 0
 0
 0
 0
 0
 0
 0
 0
 0
 0
 0
 0
 0
 0
 0
 0
 0
 0
 0
 0
 0
 0
 0
 0
 0
 0
 0
 0
 0
 0
 0
 0
 0
 0
 0
 0
 0
 0
 0
 0
 0
 0
 0
 0
 0
 0
 0
 0
 0
 0
 0
 0
 0
 0
 0
 0
 0
 0
 0


