# Created by Octave 3.8.2, Fri Nov 20 21:44:43 2015 CET <dkottke@snake7>
# name: mus
# type: matrix
# ndims: 3
 1 30 19
 0
 0
 0.7061769616026732
 0.7293986636971047
 0.6986072423398335
 0.7285395763656637
 0.7059477487493069
 0.6819196428571429
 0.6510329424902288
 0.6502793296089383
 0.6465620269301251
 0.640939597315436
 0.6828316610925304
 0.6655970982142855
 0.6638655462184874
 0.6434151785714286
 0.6444444444444447
 0.6442199775533107
 0.6436570148776197
 0.6410112359550563
 0.6453781512605041
 0.6449058486095524
 0.6335934596804162
 0.6379504504504505
 0.6281690140845073
 0.6204013377926423
 0.6209315375982042
 0.6216517857142857
 0.6145717463848719
 0.5977401129943505
 0
 0
 0.6666666666666666
 0.5
 0.8
 0.7
 0.6
 0.7
 0.9
 0.8
 0.5333333333333333
 0.5666666666666667
 0.6333333333333334
 0.6333333333333333
 0.5999999999999999
 0.4333333333333333
 0.5
 0.3333333333333333
 0.3166666666666667
 0.35
 0.53
 0.55
 0.55
 0.54
 0.52
 0.5466666666666666
 0.5266666666666666
 0.5666666666666667
 0.5866666666666667
 0.6
 0
 0
 0.7453958860273865
 0.7143751548996887
 0.6971088988946494
 0.7731676225972353
 0.7167217901459418
 0.7629039542344025
 0.8008423175615613
 0.7052211390434665
 0.6417003467218005
 0.597554818901411
 0.6187593637755434
 0.6883129458599568
 0.6246085972148214
 0.5419829129487638
 0.5580961423076565
 0.5181183353419556
 0.4940999333727912
 0.4780560895764224
 0.5563396225714584
 0.5319014327439056
 0.5898050645467374
 0.570468733498061
 0.5955854337823869
 0.5919219130537635
 0.5970476630129424
 0.5690969588015095
 0.5964967104523254
 0.5707069022638765
 0
 0
 0.5895571455218288
 0.4853561051933767
 0.7657244102351258
 0.6518428972717644
 0.6271342461408941
 0.7308779973505793
 0.7731753945626404
 0.7285837993188473
 0.579102734978501
 0.5587634537682624
 0.6225612585933974
 0.6486022024406285
 0.6448823615022135
 0.5194625129795485
 0.4826030694155815
 0.4569350461038967
 0.4373779320891966
 0.4725557583178002
 0.5041155296818357
 0.5284856110461206
 0.5638845792399046
 0.5447210575505382
 0.5673158699787042
 0.5873272146374184
 0.5642698165691334
 0.5362765401426161
 0.5582415016771897
 0.5749499399565846
 0
 0
 1
 0.5
 0.6
 0.5
 0.4285714285714285
 0.5
 1
 0.8
 0.6363636363636364
 0.1666666666666667
 0.5384615384615384
 0.4444444444444444
 0.6
 0.6666666666666666
 0.5
 1
 0
 0
 0
 1
 1
 1
 1
 0
 1
 0
 0
 0
 0
 0
 0.8911154662632836
 0.5407647280949275
 0.5852155654315799
 0.6631620538611769
 0.5930280183297398
 0.6539258810457635
 0.9195095479058777
 0.7357342109417997
 0.6217519402144086
 0.5305754906240913
 0.5898147436685128
 0.606478817620045
 0.6212285011679769
 0.5570585532009427
 0.5070137890442404
 0.5797268673470428
 0.3410740185889752
 0.3292392129774958
 0.4220621181016961
 0.69369210245889
 0.7429862260729028
 0.6602556782577723
 0.651048544458928
 0.4819708627006472
 0.652427784582904
 0.5162037451186106
 0.4550062155394627
 0.4292159988296451
 0
 0
 0.3678794411714423
 0.8498018709786882
 0.7939680601824566
 0.8262106280171233
 0.7393933897416287
 0.7286370394310648
 0.8337967787356816
 0.7134750819929363
 0.6357017647378718
 0.6485735970396289
 0.6526098964842488
 0.6916094353145403
 0.6586807942062253
 0.6173446991502245
 0.5666682035641302
 0.5942456754115658
 0.5865500634317251
 0.5934654435926545
 0.5399933161047579
 0.601542403094678
 0.6152017668769497
 0.5992411029913309
 0.5917404190388632
 0.6210948238291977
 0.6110328321399954
 0.6164899224561594
 0.5907246504912752
 0.6306248816407518
 0
 0
 0.5995056713868597
 0.5098660180620204
 0.7515277734478347
 0.7220568734316047
 0.6641291887651203
 0.6912591327099793
 0.7760406975763208
 0.7251721712338361
 0.6154888326624597
 0.5666225675311802
 0.5902665938770482
 0.6103984289078721
 0.6152122749984539
 0.5111750399131054
 0.5000216895862329
 0.4777897816440654
 0.4657312158591302
 0.4858913552353652
 0.5114259833913481
 0.5321759976125071
 0.5486496231386176
 0.5281441920403978
 0.5422791333670033
 0.555901296895288
 0.5464231420232695
 0.5283370026482429
 0.5392978762790311
 0.5611510210277555
 0
 0
 0.9044850699303392
 0.9065265208780551
 0.9442075619779381
 0.9323171224302141
 0.9249805877849164
 0.9125687994187992
 0.9048461198950983
 0.9319738579675415
 0.9348745433293344
 0.9383889837865375
 0.9105390903367376
 0.9181075210357704
 0.9227082655439051
 0.9143207232723068
 0.9071773930465952
 0.9135214829986186
 0.8975521227461992
 0.9064324147219438
 0.9078751815092915
 0.9116305331356387
 0.9133613023736079
 0.8968785495585962
 0.8960196532912797
 0.909877221791391
 0.8960152700552202
 0.9037312646606221
 0.8956310064444144
 0.8999506097456996
 0
 0
 0.9074986231143982
 0.5576660787335792
 0.5716123749926441
 0.7642706762307226
 0.6524443989790559
 0.7005764656758953
 0.9005197127038598
 0.731997040241993
 0.6223746738476454
 0.5614563119057199
 0.5975030759290015
 0.6343727508423822
 0.6211187052819869
 0.5120100260333826
 0.5006013338152693
 0.4830143307787256
 0.4244640646892048
 0.4905464752681859
 0.5043591279554794
 0.5303416942695284
 0.5733566657249572
 0.5481924228143275
 0.5685032744362235
 0.5640500704523922
 0.5524588022982866
 0.5324011420002057
 0.5485057827940222
 0.5652497929922686
 0
 0
 0.3678794411714423
 0.6001325852830608
 0.7613259475964463
 0.8334052213242726
 0.7492486910470396
 0.7113879603187688
 0.8557570065570239
 0.6995728638781923
 0.7245732680468884
 0.644453688314683
 0.6919535792201218
 0.6978360766822775
 0.6615042561282571
 0.3519017477438153
 0.5525499527024067
 0.6051780193677944
 0.5818779340129736
 0.6024328947452466
 0.5104810573049924
 0.5479401255495008
 0.5657035533449837
 0.6228350536683787
 0.613145380377347
 0.6261203496534684
 0.5667769466616996
 0.6171224537745925
 0.6598631604051339
 0.5942961004927344
 0
 0
 0
 0
 0
 0
 0
 0
 0
 0
 0
 0
 0
 0
 0
 0
 0
 0
 0
 0
 0
 0
 0
 0
 0
 0
 0
 0
 0
 0
 0
 0
 0
 0
 0
 0
 0
 0
 0
 0
 0
 0
 0
 0
 0
 0
 0
 0
 0
 0
 0
 0
 0
 0
 0
 0
 0
 0
 0
 0
 0
 0
 0
 0
 0
 0
 0
 0
 0
 0
 0
 0
 0
 0
 0
 0
 0
 0
 0
 0
 0
 0
 0
 0
 0
 0
 0
 0
 0
 0
 0
 0
 0
 0
 0
 0
 0
 0
 0
 0
 0
 0
 0
 0
 0
 0
 0
 0
 0
 0
 0
 0
 0
 0
 0
 0
 0
 0
 0
 0
 0
 0
 0
 0
 0
 0
 0
 0
 0
 0
 0
 0
 0
 0
 0
 0
 0
 0
 0
 0
 0
 0
 0
 0
 0
 0
 0
 0
 0
 0
 0
 0
 0.9267689684167707
 0.9436414225316554
 0.9228880938652598
 0.9434200477628539
 0.9060883102107774
 0.9244859245521533
 0.9181650829164913
 0.9156408038464834
 0.918790921841777
 0.9371250318882929
 0.9275990101731104
 0.9228948207998111
 0.9145814867335859
 0.9132877161446816
 0.9061778979921443
 0.9102305581049218
 0.9074936465203922
 0.9148772451902174
 0.9022877768045966
 0.8975129881197818
 0.8993437574494488
 0.9093355966263266
 0.8983351484217943
 0.9014766812716001
 0.8980616889199914
 0.9075521873565866
 0.8971557510486644
 0.9004365543976365
 0
 0
 0
 0
 0
 0
 0
 0
 0
 0
 0
 0
 0
 0
 0
 0
 0
 0
 0
 0
 0
 0
 0
 0
 0
 0
 0
 0
 0
 0
 0
 0
 0
 0
 0
 0
 0
 0
 0
 0
 0
 0
 0
 0
 0
 0
 0
 0
 0
 0
 0
 0
 0
 0
 0
 0
 0
 0
 0
 0


