# Created by Octave 3.8.2, Fri Nov 20 22:37:55 2015 CET <dkottke@snake10>
# name: mus
# type: matrix
# ndims: 3
 1 30 19
 0
 0
 0.9178743961352657
 0.6923076923076923
 0.6926829268292685
 0.9313725490196076
 0.9507389162561577
 0.9519230769230769
 0.9806763285024155
 0.9750000000000002
 0.9617224880382775
 0.9754901960784311
 0.9759615384615385
 0.979591836734694
 0.9794871794871796
 0.9855769230769231
 0.9852941176470589
 0.9823232323232323
 0.9904306220095694
 0.99
 0.9894179894179894
 0.9898989898989901
 0.9903381642512077
 0.9895833333333334
 0.99
 0.9903846153846154
 0.9894179894179894
 0.9948979591836735
 0.9950738916256158
 0.9944444444444445
 0
 0
 0.3333333333333333
 1
 0.6
 0.1
 0.5
 0.4
 0.4
 0.6
 0.6
 0.7
 0.5999999999999999
 0.6666666666666666
 0.7999999999999999
 0.5
 0.45
 0.65
 0.4666666666666666
 0.55
 0.47
 0.67
 0.7
 0.6699999999999999
 0.6399999999999999
 0.7
 0.7066666666666667
 0.6799999999999999
 0.72
 0.7666666666666667
 0
 0
 0.6340354659413614
 0.8049840829145939
 0.8683082169107171
 0.6108373430341193
 0.7102780772035777
 0.6479088487324933
 0.6567585365560933
 0.7307166419390345
 0.710428582098537
 0.5711443470410471
 0.5335046828802715
 0.6024921227400668
 0.6279816245230967
 0.7096409398149172
 0.5819953257343676
 0.5873937528032681
 0.607460225862989
 0.5216622308652354
 0.5750725562648589
 0.6718774414684539
 0.7628772576146149
 0.6694140240665771
 0.7112589682496329
 0.7495972134719018
 0.7774424790237484
 0.7277148330413297
 0.733971645185679
 0.7432832766547296
 0
 0
 0.5833374996873852
 0.9583500010987506
 0.7600039906591525
 0.3663414748381338
 0.631539369640288
 0.4918203907650219
 0.5520562355824175
 0.6372161985048901
 0.5760138433549351
 0.6705094425479943
 0.6897669168054009
 0.6153825795092017
 0.7538412500272168
 0.6423316306306156
 0.5249126245755723
 0.5090946644005941
 0.5770435151604926
 0.5069850730817065
 0.5788913963062542
 0.6511219210259811
 0.7011486232171045
 0.7168821557952414
 0.7523512804053282
 0.7868152712556159
 0.7872526136201371
 0.7409463792744936
 0.765716802464922
 0.7815874425896545
 0
 0
 0.6666666666666666
 1
 0.6
 0
 0.5714285714285714
 0.125
 0.1111111111111111
 0.8
 0.3636363636363636
 0.5833333333333334
 0.6153846153846154
 0.3333333333333333
 0.4
 0.3333333333333333
 1
 1
 1
 1
 1
 0
 0
 1
 1
 1
 1
 1
 1
 1
 0
 0
 0.8333333333452176
 0.9524000017880827
 0.7250000000337619
 0.3750133966777304
 0.5208440475972458
 0.3883967362782739
 0.384429251865491
 0.7984127018306337
 0.4823261250229393
 0.6010101485253736
 0.6233100917387516
 0.5247585069706808
 0.593559699808853
 0.4869559253253817
 0.6498510689415102
 0.7011736583052959
 0.7537033932688657
 0.7348670911154753
 0.7006203576075021
 0.5798769314002332
 0.51453335528174
 0.7509293728792608
 1.059899962894836
 0.8338714755534165
 1.062500711432998
 0.8022917590759744
 0.8245502262606396
 0.9605680171251608
 0
 0
 0.7892931470571475
 0.7223173692225963
 0.7756186902336089
 0.7279123767253466
 0.7255371630845032
 0.793103265346268
 0.7104603640517959
 0.75292977079764
 0.7273227755794527
 0.7380560065030702
 0.7310643170058551
 0.753269013371477
 0.7824323979824398
 0.7143815387184118
 0.7721042275855594
 0.7203813890268418
 0.7169321153083636
 0.7441236730684746
 0.7542699604749695
 0.7992399031825804
 0.7748231997389643
 0.7645610779139825
 0.7933415716769213
 0.8038901328966037
 0.822450079731696
 0.78688246468889
 0.7945078365290345
 0.840208866365614
 0
 0
 0.5833374996150715
 0.739374442317535
 0.7987235281940817
 0.55970860424264
 0.6593409882284942
 0.5883667009351979
 0.6157995100725877
 0.6679529989200571
 0.6568292357691268
 0.661941372773167
 0.6348104288507859
 0.6514689659689604
 0.7241654594646023
 0.6452347413841288
 0.5397317297443789
 0.5724280869265308
 0.5738929469095694
 0.5320990943262696
 0.5978982320201245
 0.6479087770141826
 0.6923701759428893
 0.6933035939243734
 0.7551759244899016
 0.7676848954496694
 0.7935403217475478
 0.738501462957997
 0.7663317370827987
 0.7638920374570821
 0
 0
 1
 1
 1
 1
 1
 1
 1
 1
 1
 1
 1
 1
 1
 1
 1
 1
 1
 1
 1
 1
 1
 1
 1
 1
 1
 1
 1
 1
 0
 0
 0.8333333333495631
 0.701785963618949
 0.7930693041396094
 0.7303922556847313
 0.5569468973756572
 0.513453899562992
 0.5246022562333275
 0.5847815622387698
 0.5581326833129014
 0.5771612815426731
 0.7017960886515364
 0.6135570999819966
 0.7170756537647447
 0.5744886464024234
 0.4808954027395009
 0.5122984588976964
 0.6261895209146053
 0.6196191138003511
 0.6658553908209117
 0.7602364765744816
 0.607446080557708
 0.6061970618434614
 0.9732734192954885
 0.6081933757468362
 1.030079145153806
 0.7478473183458794
 0.5934049092793211
 0.5894744488992347
 0
 0
 0.7892931470571475
 0.7480685477574636
 0.9161159474441183
 0.6977062246648202
 0.7289690222790426
 0.8428495842905046
 0.7410351840901057
 0.8442039479649439
 0.7259311280229921
 0.8024035893592826
 0.7346554557379674
 0.7001724475021347
 0.7507547452389031
 0.7660651896445935
 0.8364950530593906
 0.9155103996695446
 0.7252208127744511
 0.8124184577824829
 0.7273850094486672
 0.7970849390868087
 0.7649872172120521
 0.8943831122158277
 0.9119510466362792
 0.8096475256693463
 0.7869861635625476
 0.8053216503989772
 0.8433723925422697
 0.8078502463967452
 0
 0
 0
 0
 0
 0
 0
 0
 0
 0
 0
 0
 0
 0
 0
 0
 0
 0
 0
 0
 0
 0
 0
 0
 0
 0
 0
 0
 0
 0
 0
 0
 0
 0
 0
 0
 0
 0
 0
 0
 0
 0
 0
 0
 0
 0
 0
 0
 0
 0
 0
 0
 0
 0
 0
 0
 0
 0
 0
 0
 0
 0
 0
 0
 0
 0
 0
 0
 0
 0
 0
 0
 0
 0
 0
 0
 0
 0
 0
 0
 0
 0
 0
 0
 0
 0
 0
 0
 0
 0
 0
 0
 0
 0
 0
 0
 0
 0
 0
 0
 0
 0
 0
 0
 0
 0
 0
 0
 0
 0
 0
 0
 0
 0
 0
 0
 0
 0
 0
 0
 0
 0
 0
 0
 0
 0
 0
 0
 0
 0
 0
 0
 0
 0
 0
 0
 0
 0
 0
 0
 0
 0
 0
 0
 0
 0
 0
 0
 0
 0
 0
 0
 1
 1
 1
 1
 1
 1
 1
 1
 1
 1
 1
 1
 1
 1
 1
 1
 1
 1
 1
 1
 1
 1
 1
 1
 1
 1
 1
 1
 0
 0
 0
 0
 0
 0
 0
 0
 0
 0
 0
 0
 0
 0
 0
 0
 0
 0
 0
 0
 0
 0
 0
 0
 0
 0
 0
 0
 0
 0
 0
 0
 0
 0
 0
 0
 0
 0
 0
 0
 0
 0
 0
 0
 0
 0
 0
 0
 0
 0
 0
 0
 0
 0
 0
 0
 0
 0
 0
 0


