# Created by Octave 3.8.2, Fri Nov 20 21:39:06 2015 CET <dkottke@snake7>
# name: mus
# type: matrix
# ndims: 3
 1 30 19
 0
 0
 0.5008347245409016
 0.544543429844098
 0.5743732590529248
 0.7134894091415833
 0.660366870483602
 0.6568080357142857
 0.6326074818537125
 0.6083798882681563
 0.6159668552306591
 0.6319910514541386
 0.6579338535860273
 0.6636439732142855
 0.6677871148459384
 0.6685267857142857
 0.6529971988795517
 0.6806958473625145
 0.6656934890417531
 0.6651685393258429
 0.6857142857142855
 0.680695847362514
 0.6686176142697885
 0.6790540540540542
 0.6754929577464788
 0.6547751765143072
 0.6809764309764306
 0.6674107142857143
 0.6610122358175754
 0.6587570621468928
 0
 0
 1
 0.5
 0.8
 0.8
 0.6
 0.7
 0.6
 0.5
 0.6666666666666667
 0.7
 0.5333333333333333
 0.6666666666666667
 0.6666666666666666
 0.5666666666666667
 0.4833333333333333
 0.8
 0.6666666666666667
 0.75
 0.77
 0.72
 0.74
 0.75
 0.64
 0.74
 0.78
 0.7866666666666666
 0.7933333333333333
 0.7999999999999999
 0
 0
 1
 0.7525419517764174
 0.7671267095057328
 0.7966678869101472
 0.7619012561745766
 0.8510302549694033
 0.7279790888581972
 0.6082567638220042
 0.6962455784164419
 0.6826629664629933
 0.6452711614519179
 0.7058318746653087
 0.7017921820731752
 0.6930899031228321
 0.6959827551874491
 0.7105815755920637
 0.5850436342887899
 0.6462280663618103
 0.6532145778818457
 0.6817508723323112
 0.6639767126437838
 0.6300135058409668
 0.7125155128379852
 0.6988684917331077
 0.6354397424305818
 0.6903107616172149
 0.6964336711351781
 0.6649186931091495
 0
 0
 1
 0.7916729234700923
 0.8725037883684821
 0.8431773919048229
 0.8536231556188223
 0.9066398005930402
 0.7480498328804156
 0.6338782633653423
 0.6827824285526584
 0.805814799522919
 0.8146569010512766
 0.8183292204116752
 0.8525844586857537
 0.8549848737558207
 0.7900830249599922
 0.8021608667913089
 0.7538848298155316
 0.7354535678903547
 0.7437244318013798
 0.7327855193856455
 0.7836144307090087
 0.7015425577190542
 0.6928538439170652
 0.6884211760928896
 0.7306853702864456
 0.7146986871752988
 0.6973578053213171
 0.7141584044995561
 0
 0
 1
 0.25
 0.6
 1
 0.7142857142857143
 1
 0.5555555555555556
 0.5
 0.5454545454545454
 0.8333333333333334
 0.9230769230769231
 0.5555555555555556
 0.8
 1
 0
 1
 1
 1
 1
 0
 1
 0
 0
 1
 1
 1
 1
 1
 0
 0
 1.000000000022473
 0.4722430566474074
 0.7500000150615578
 1.075000489159625
 0.7226190490784103
 1.075000001806095
 0.5858135365651524
 0.5454365236039955
 0.5726649965637779
 0.8527777837558765
 0.9813030264506429
 0.6660612245338495
 0.7833771301044876
 0.9745212749431763
 0.515080990004795
 0.8778996157262321
 0.7968559910595361
 0.9033659098120591
 0.9475641725173231
 0.4583528044553566
 0.73464774822315
 0.6399061181270899
 0.416685379518874
 0.6928933189209064
 0.5751515687574069
 0.8750017738699539
 0.7602491681933404
 0.643776018649959
 0
 0
 1
 0.8995467333148839
 0.9185930881251412
 0.8038400620364997
 0.7725523548732491
 0.9023188206560322
 0.6905628741906158
 0.637274232070918
 0.6779173638066376
 0.6529804865949016
 0.6891986797765286
 0.7218103890040092
 0.7047021969627321
 0.7379508409932056
 0.6654672116985829
 0.81341406307772
 0.6975166631440644
 0.7276884670186234
 0.7289775733006572
 0.7577684916128145
 0.7396566609392843
 0.7376171249349895
 0.7412473749607544
 0.7873655901061962
 0.7434408345480885
 0.77041019485466
 0.7123974824020796
 0.8203387860119242
 0
 0
 1
 0.8118919927519767
 0.8558959707007591
 0.841256167715895
 0.7847307600429853
 0.8661245280149317
 0.7514913027075187
 0.6170030610972935
 0.6900379466715161
 0.769062316737169
 0.762940616684761
 0.7779869391449348
 0.8348314822878224
 0.8315791860641055
 0.7174058434667749
 0.7877362096707732
 0.7174980384465746
 0.6967741734184248
 0.7185402558560651
 0.7012000574941871
 0.745948057789251
 0.6655564231806099
 0.6925852542876241
 0.6835233737323374
 0.7199305843719284
 0.7181799479601479
 0.6999552144366
 0.6957744854760358
 0
 0
 1
 1
 1
 1
 1
 1
 1
 1
 1
 1
 1
 1
 1
 1
 1
 1
 1
 1
 1
 1
 1
 1
 1
 1
 1
 1
 1
 1
 0
 0
 1.000000000011446
 0.4804129896332027
 0.873846973815912
 0.9362694310793593
 0.6910131695983464
 1.045496546551618
 0.7259130637486984
 0.6048532598329567
 0.5975831840665902
 0.8199291368126833
 0.8658615682395541
 0.7100572915288298
 0.8940479773518211
 0.8099788138130886
 0.8119080444458295
 0.7655680342873701
 0.6403318037142856
 0.5786071015169485
 0.7854997574118278
 0.720082960217701
 0.7556663407101712
 0.8850281711662011
 0.6008968275938992
 0.6078968389557805
 0.7384957716278325
 0.8815137852431928
 0.732814857453985
 0.4964402849296223
 0
 0
 1
 0.8995467336366693
 1.008458703370898
 0.8230568063153507
 0.7977245941834084
 0.9060174466109177
 0.7169583973202345
 0.7242341116208828
 0.7165773925257142
 0.6894943675776747
 0.7107292560234283
 0.8977733736209794
 0.7557160139314327
 0.7920546920398732
 0.7055741624329166
 0.8105863882326702
 0.6767801517219015
 0.6522357916152433
 0.7884131718415428
 0.770273360753864
 0.790720989723554
 0.6812183826323284
 0.7584904137825753
 0.7550554387507407
 0.7194729335213276
 0.7894413508450574
 0.7309998507816986
 0.7175592246426674
 0
 0
 0
 0
 0
 0
 0
 0
 0
 0
 0
 0
 0
 0
 0
 0
 0
 0
 0
 0
 0
 0
 0
 0
 0
 0
 0
 0
 0
 0
 0
 0
 0
 0
 0
 0
 0
 0
 0
 0
 0
 0
 0
 0
 0
 0
 0
 0
 0
 0
 0
 0
 0
 0
 0
 0
 0
 0
 0
 0
 0
 0
 0
 0
 0
 0
 0
 0
 0
 0
 0
 0
 0
 0
 0
 0
 0
 0
 0
 0
 0
 0
 0
 0
 0
 0
 0
 0
 0
 0
 0
 0
 0
 0
 0
 0
 0
 0
 0
 0
 0
 0
 0
 0
 0
 0
 0
 0
 0
 0
 0
 0
 0
 0
 0
 0
 0
 0
 0
 0
 0
 0
 0
 0
 0
 0
 0
 0
 0
 0
 0
 0
 0
 0
 0
 0
 0
 0
 0
 0
 0
 0
 0
 0
 0
 0
 0
 0
 0
 0
 0
 0
 1
 1
 1
 1
 1
 1
 1
 1
 1
 1
 1
 1
 1
 1
 1
 1
 1
 1
 1
 1
 1
 1
 1
 1
 1
 1
 1
 1
 0
 0
 0
 0
 0
 0
 0
 0
 0
 0
 0
 0
 0
 0
 0
 0
 0
 0
 0
 0
 0
 0
 0
 0
 0
 0
 0
 0
 0
 0
 0
 0
 0
 0
 0
 0
 0
 0
 0
 0
 0
 0
 0
 0
 0
 0
 0
 0
 0
 0
 0
 0
 0
 0
 0
 0
 0
 0
 0
 0


