# Created by Octave 3.8.2, Fri Nov 20 22:27:01 2015 CET <dkottke@snake2>
# name: mus
# type: matrix
# ndims: 3
 1 30 19
 0
 0
 0.7874396135265698
 0.6201923076923077
 0.9658536585365852
 0.9607843137254903
 0.9704433497536947
 0.9567307692307693
 0.9758454106280192
 0.97
 0.9665071770334928
 0.9754901960784313
 0.9807692307692308
 0.9846938775510204
 0.9846153846153847
 0.9855769230769231
 0.9901960784313726
 0.9898989898989899
 0.9760765550239235
 0.985
 0.9894179894179894
 0.9898989898989901
 0.9903381642512077
 0.9947916666666667
 0.995
 1
 1
 1
 1
 1
 0
 0
 0.6666666666666666
 0.75
 0.6
 0.6
 0.5
 0.3
 0.8
 0.4
 0.5333333333333333
 0.7
 0.8333333333333333
 0.5333333333333333
 0.6666666666666666
 0.7
 0.65
 0.6
 0.5
 0.65
 0.77
 0.7
 0.82
 0.58
 0.5199999999999999
 0.66
 0.6266666666666667
 0.7133333333333333
 0.6466666666666666
 0.7333333333333333
 0
 0
 0.8193941260489835
 0.9193037584474182
 0.7541753382333387
 0.7011402800096276
 0.7682224617628621
 0.7060639401447206
 0.6153359094774131
 0.6046457945253662
 0.7235526089389774
 0.687819552334625
 0.7223021889473058
 0.7690201377061459
 0.6723754644300819
 0.6597294869716089
 0.5628207850379454
 0.616274072297366
 0.5482300733987094
 0.6513506050464382
 0.6605541685524086
 0.7527856763698821
 0.6298764938327412
 0.6903614083868068
 0.5929283843993166
 0.6889038919866923
 0.7011789569466081
 0.6585660151753338
 0.6818458312071944
 0.7133592270090899
 0
 0
 0.6389013876452088
 0.7758024313932383
 0.6100089199718733
 0.760423340709763
 0.6477199136639624
 0.6337877370724806
 0.7823694380249614
 0.5100349714343221
 0.6317509411926796
 0.771016547579409
 0.7996341992195647
 0.7688765968243799
 0.7865111334071199
 0.7825915117935638
 0.607792791450689
 0.6824752589238202
 0.6849049991646416
 0.7383054598358936
 0.7125461125567535
 0.7321589826239048
 0.7533082740243076
 0.7019918088219053
 0.6145283515601672
 0.6771633036873355
 0.7242796711454178
 0.7113850610877491
 0.744473873451117
 0.7848355475061738
 0
 0
 1
 0.75
 0.2
 0.8333333333333334
 0.4285714285714285
 0.625
 0.6666666666666666
 0.6
 0.3636363636363636
 0.5833333333333334
 0.8461538461538461
 0.6666666666666666
 1
 0.3333333333333333
 0
 0
 1
 0
 0
 1
 1
 0
 0
 1
 0
 1
 1
 1
 0
 0
 1.499999999996687
 1.055555579765616
 0.3083362218496731
 0.8166672370275532
 0.5553588517066026
 0.5761909606734983
 0.745039686256334
 0.6148809601884153
 0.507072990330571
 0.6611115859567835
 0.8606643662359497
 0.665528711501187
 0.9293676842838838
 0.6117827039853267
 0.4395816852335189
 0.4725028910413032
 0.8645337669544501
 0.3401226726553114
 0.498477576199406
 0.8361995579084932
 0.7717186318119881
 0.6607349803935783
 0.557306870845155
 0.9278569103905866
 0.656272914650088
 1.031517971334549
 0.7995873818985082
 1.000000006248419
 0
 0
 0.5785862941142949
 0.9855467409526677
 0.8657572637167217
 0.7203034035466375
 0.7730265610223712
 0.752085392118782
 0.786563091959282
 0.6785280570024954
 0.7691668632353048
 0.7699482495045041
 0.7724976513508293
 0.8096519465241621
 0.7375551097501014
 0.759997029643626
 0.7753658295589798
 0.7247588114942247
 0.7950364954574708
 0.7101327261838284
 0.7308435989206514
 0.7500400204278806
 0.7578515288247848
 0.7601621583923071
 0.7502669867105087
 0.7544529137137301
 0.7384128082253346
 0.7230936525182565
 0.7801243944627709
 0.7552042987255587
 0
 0
 0.6389013876464138
 0.7554002534017665
 0.5766798277788656
 0.6484091318235059
 0.7195369525157943
 0.6387137663523258
 0.7225244355260863
 0.6360374999351562
 0.7035378656371238
 0.7622985873482254
 0.7605950807457387
 0.7238298609282574
 0.7699387622760625
 0.7647491873295922
 0.6275049924152412
 0.658377523508389
 0.673735396881264
 0.6924419013309361
 0.7021924380691696
 0.6866106096711845
 0.7188279988746988
 0.6842593124021255
 0.6491010419987748
 0.6716379060673024
 0.702184162619393
 0.7188133320433173
 0.7347599427694795
 0.7754807912621481
 0
 0
 1
 1
 1
 1
 1
 1
 1
 1
 1
 1
 1
 1
 1
 1
 1
 1
 1
 1
 1
 1
 1
 1
 1
 1
 1
 1
 1
 1
 0
 0
 1.499999999990225
 1.112746712853401
 0.3433336398850521
 0.5984474037735825
 0.6335353447707772
 0.6024148361382593
 0.6365225171381979
 0.5950890396385622
 0.5551704123290524
 0.8200050356589439
 0.8790707880144066
 0.6689359436581416
 0.7634714152803408
 0.7647825576094398
 0.5492985581362552
 0.7053162057544615
 0.7531523838247529
 0.6718244402695098
 0.6677575265810379
 0.8265516323330737
 0.6768364697152796
 0.7859840348451256
 0.6729975854324934
 0.7066573367994816
 0.7453765979191344
 0.8817248904030925
 0.7479945317466468
 1.000000000000053
 0
 0
 0.5785862941142949
 0.9746932565785107
 0.9425168629914175
 0.7236557027648741
 0.7442484131085152
 0.7283016257411089
 0.7746941775839815
 0.6952487405612818
 0.7083210301193207
 0.8167633994632999
 0.7600017287409769
 0.7535744475071297
 0.7032344217885933
 0.7738740940775474
 0.8105259193021017
 0.705921240877454
 0.715772152667994
 0.7768929210045451
 0.7643602365915384
 0.7785574443406789
 0.7676812329193785
 0.8763339085737366
 0.73120266877186
 0.739887340478482
 0.8546457155029564
 0.8124575483522667
 0.7569490607458024
 0.7721076458507907
 0
 0
 0
 0
 0
 0
 0
 0
 0
 0
 0
 0
 0
 0
 0
 0
 0
 0
 0
 0
 0
 0
 0
 0
 0
 0
 0
 0
 0
 0
 0
 0
 0
 0
 0
 0
 0
 0
 0
 0
 0
 0
 0
 0
 0
 0
 0
 0
 0
 0
 0
 0
 0
 0
 0
 0
 0
 0
 0
 0
 0
 0
 0
 0
 0
 0
 0
 0
 0
 0
 0
 0
 0
 0
 0
 0
 0
 0
 0
 0
 0
 0
 0
 0
 0
 0
 0
 0
 0
 0
 0
 0
 0
 0
 0
 0
 0
 0
 0
 0
 0
 0
 0
 0
 0
 0
 0
 0
 0
 0
 0
 0
 0
 0
 0
 0
 0
 0
 0
 0
 0
 0
 0
 0
 0
 0
 0
 0
 0
 0
 0
 0
 0
 0
 0
 0
 0
 0
 0
 0
 0
 0
 0
 0
 0
 0
 0
 0
 0
 0
 0
 0
 1
 1
 1
 1
 1
 1
 1
 1
 1
 1
 1
 1
 1
 1
 1
 1
 1
 1
 1
 1
 1
 1
 1
 1
 1
 1
 1
 1
 0
 0
 0
 0
 0
 0
 0
 0
 0
 0
 0
 0
 0
 0
 0
 0
 0
 0
 0
 0
 0
 0
 0
 0
 0
 0
 0
 0
 0
 0
 0
 0
 0
 0
 0
 0
 0
 0
 0
 0
 0
 0
 0
 0
 0
 0
 0
 0
 0
 0
 0
 0
 0
 0
 0
 0
 0
 0
 0
 0


