# Created by Octave 3.8.2, Fri Nov 20 22:27:38 2015 CET <dkottke@snake6>
# name: mus
# type: matrix
# ndims: 3
 1 30 19
 0
 0
 0.9227053140096616
 0.8365384615384616
 0.8390243902439027
 0.965686274509804
 0.9211822660098522
 0.9230769230769231
 0.8985507246376814
 0.9249999999999998
 0.9330143540669854
 0.9215686274509803
 0.9110576923076924
 0.9285714285714287
 0.9282051282051283
 0.9423076923076923
 0.9330065359477125
 0.9267676767676768
 0.9521531100478469
 0.9300000000000003
 0.9470899470899471
 0.9898989898989901
 0.9806763285024154
 0.9739583333333334
 0.985
 0.9807692307692308
 0.9894179894179894
 1
 1
 1
 0
 0
 0.3333333333333333
 1
 0.8
 0.6
 0.6
 0.6
 0.3
 0.5
 0.5333333333333333
 0.5
 0.7666666666666666
 0.9333333333333332
 0.7999999999999999
 0.8166666666666667
 0.7833333333333333
 0.7166666666666666
 0.6833333333333333
 0.75
 0.72
 0.58
 0.65
 0.6699999999999999
 0.68
 0.6933333333333334
 0.7066666666666667
 0.7066666666666668
 0.8
 0.7
 0
 0
 0.3830228261666728
 0.8184334565066909
 0.8473450351128313
 0.6468577684789089
 0.6693127482337999
 0.7429376394097199
 0.6177794047690852
 0.4378843974070908
 0.4978281259411745
 0.6919026565346266
 0.7159034619757276
 0.6464721989619509
 0.7075667359589088
 0.7237687084845839
 0.7181200539839993
 0.6772299722996906
 0.7116912930601377
 0.7031594042877447
 0.7166545313461804
 0.6943509851720117
 0.7044762694359785
 0.7186846732596508
 0.7495349928714896
 0.7072279094795882
 0.7362964348105505
 0.7235671773724297
 0.7026871729241965
 0.7720890969716117
 0
 0
 0.4722430535995767
 0.9791750005451205
 0.7933384172988641
 0.6934919381423725
 0.6728674994410861
 0.7003349680688428
 0.6102114147181339
 0.6241342750233424
 0.7317402868297912
 0.7035202486073768
 0.797540418187588
 0.7647202482233885
 0.7803275915379272
 0.7905111255167457
 0.7945465142948404
 0.7874554353643979
 0.7475223011513118
 0.7109135544550668
 0.7479910682856433
 0.7109441427843612
 0.713868682191879
 0.734665103967834
 0.7607812678611345
 0.8097567382219577
 0.7792424777151553
 0.7028519858737304
 0.7290606961122573
 0.732270316015871
 0
 0
 0.6666666666666666
 1
 1
 0.5
 0.8571428571428571
 0.75
 0.6666666666666666
 0.6
 0.8181818181818182
 0.9166666666666666
 0.6923076923076923
 0.4444444444444444
 0.4
 1
 0.5
 1
 0
 1
 1
 0
 1
 1
 1
 1
 1
 0
 1
 1
 0
 0
 0.999999999990689
 1.190483333909035
 1.125000084254876
 0.5708336125477772
 0.7833333344010666
 0.667857145889056
 0.6517857167166329
 0.6039682622605687
 0.8094121238890191
 0.8746286817306592
 0.7546037777514809
 0.6253762199717245
 0.645923608282773
 0.9679835441208422
 0.6324549918198999
 0.980237205794539
 0.5254998826926819
 0.8125097348615008
 0.7940299676075201
 0.5347327690820803
 0.7590659409188
 0.805448276393252
 0.779533294280325
 0.786878754207222
 0.7154849905791514
 0.4791719656220278
 0.6210595384387939
 0.797076004416718
 0
 0
 0.5785862941142949
 0.5077984882968696
 0.8293502984771391
 0.8314527649587936
 0.8665736963292126
 0.7059076170230942
 0.6851647993394656
 0.6614489220369875
 0.6847077802693982
 0.688002330776925
 0.7787125267977461
 0.7891450771790685
 0.7175406160158389
 0.7879514926097704
 0.7564977383283988
 0.6761876442159721
 0.7440141330430056
 0.7280024701141818
 0.7990117940702852
 0.722590332803613
 0.7356046808387493
 0.7453601678051004
 0.7596053927066049
 0.782806540877222
 0.7945838268338121
 0.7723854031131754
 0.746243311672366
 0.7970822850028513
 0
 0
 0.4722430536081196
 0.8695845873926148
 0.7930253923251154
 0.7702957274977538
 0.8089718003155699
 0.7021010426215423
 0.5816074806037788
 0.6226985393343211
 0.6954226460930744
 0.7265063245683088
 0.7079614231834311
 0.7564656175088288
 0.7821231735702028
 0.8184404397413674
 0.7780241662186194
 0.765186232230177
 0.7360643922427684
 0.73142770272803
 0.7516872991268597
 0.7133471547353665
 0.7108164141177616
 0.7362894640330777
 0.7548646124098846
 0.7652312477760267
 0.7691273082683058
 0.7110580178087487
 0.7338504773661086
 0.7194807554577825
 0
 0
 1
 1
 1
 1
 1
 1
 1
 1
 1
 1
 1
 1
 1
 1
 1
 1
 1
 1
 1
 1
 1
 1
 1
 1
 1
 1
 1
 1
 0
 0
 1.00000000002363
 1.096503070948158
 1.133076887831082
 0.7056994831052046
 0.7028668482490713
 0.5966368379868756
 0.4767422256986978
 0.5961586022294223
 0.7839499078151003
 0.6351314457126814
 0.8036667221405793
 0.7088901195559616
 0.7600372206731867
 0.8471452697336463
 0.6964903665132268
 0.6996416590019457
 0.6598001164341744
 0.6933658348859584
 0.7085070299179232
 0.5869395525710847
 0.7380892631770818
 0.6547069663828726
 0.7443925306810147
 0.6665912807465325
 0.7386888302453247
 0.3043152113836683
 0.7326018457593939
 0.7481396797622376
 0
 0
 0.5785862941142949
 0.5077984887459031
 0.7614023537099837
 0.8441921974810982
 0.9277883235331408
 0.7189451737725855
 0.7048786092723406
 0.6831723291372824
 0.7175682236977636
 0.8530264990590862
 0.6457825866330945
 0.8905915022217141
 0.7285043190562462
 0.7621623307402999
 0.7824636494548365
 0.7305511834371083
 0.7951539600510348
 0.7240669163367686
 0.8263118501090723
 0.839329472157751
 0.8699164732762745
 0.8361913642290254
 0.7679662516916235
 0.8149673079413747
 0.7679179869309334
 0.7532362850478275
 0.7598458815846791
 0.8357869014143808
 0
 0
 0
 0
 0
 0
 0
 0
 0
 0
 0
 0
 0
 0
 0
 0
 0
 0
 0
 0
 0
 0
 0
 0
 0
 0
 0
 0
 0
 0
 0
 0
 0
 0
 0
 0
 0
 0
 0
 0
 0
 0
 0
 0
 0
 0
 0
 0
 0
 0
 0
 0
 0
 0
 0
 0
 0
 0
 0
 0
 0
 0
 0
 0
 0
 0
 0
 0
 0
 0
 0
 0
 0
 0
 0
 0
 0
 0
 0
 0
 0
 0
 0
 0
 0
 0
 0
 0
 0
 0
 0
 0
 0
 0
 0
 0
 0
 0
 0
 0
 0
 0
 0
 0
 0
 0
 0
 0
 0
 0
 0
 0
 0
 0
 0
 0
 0
 0
 0
 0
 0
 0
 0
 0
 0
 0
 0
 0
 0
 0
 0
 0
 0
 0
 0
 0
 0
 0
 0
 0
 0
 0
 0
 0
 0
 0
 0
 0
 0
 0
 0
 0
 1
 1
 1
 1
 1
 1
 1
 1
 1
 1
 1
 1
 1
 1
 1
 1
 1
 1
 1
 1
 1
 1
 1
 1
 1
 1
 1
 1
 0
 0
 0
 0
 0
 0
 0
 0
 0
 0
 0
 0
 0
 0
 0
 0
 0
 0
 0
 0
 0
 0
 0
 0
 0
 0
 0
 0
 0
 0
 0
 0
 0
 0
 0
 0
 0
 0
 0
 0
 0
 0
 0
 0
 0
 0
 0
 0
 0
 0
 0
 0
 0
 0
 0
 0
 0
 0
 0
 0


