# Created by Octave 3.8.2, Sat Nov 21 01:25:21 2015 CET <dkottke@snake7>
# name: mus
# type: matrix
# ndims: 3
 1 30 19
 0
 0
 0.6290726817042606
 0.6186868686868687
 0.6126582278481012
 0.5656565656565656
 0.5689223057644111
 0.5535714285714286
 0.5523989898989901
 0.5282051282051281
 0.5265151515151514
 0.5176767676767676
 0.5261538461538461
 0.5210459183673469
 0.5923076923076922
 0.6927083333333334
 0.5964762716680875
 0.5820707070707071
 0.4761904761904762
 0.5210526315789473
 0.4411027568922306
 0.5037878787878788
 0.5007104290991758
 0.5533854166666667
 0.6773333333333333
 0.6707692307692308
 0.7006974506974508
 0.6696428571428571
 0.7418982816284166
 0.7282051282051282
 0
 0
 0.3333333333333333
 1
 1
 0.8
 0.9
 0.9
 0.9
 0.9
 0.9
 1
 0.9333333333333332
 0.9333333333333332
 0.8666666666666666
 0.7333333333333333
 0.6666666666666666
 0.8
 0.75
 0.75
 0.62
 0.73
 0.73
 0.72
 0.6799999999999999
 0.5733333333333334
 0.62
 0.5866666666666667
 0.6133333333333333
 0.7333333333333333
 0
 0
 0.625137808136553
 0.9312912436055916
 0.9354979021603512
 0.8914859707344309
 0.920943432060642
 0.9151051683772549
 0.910553299227716
 0.9003356585580308
 0.8971305098419111
 0.9046958004796068
 0.8904435750507894
 0.9267251203346752
 0.9037009415095839
 0.8579685306270214
 0.7943927838054685
 0.8264304872791095
 0.7660966262566389
 0.8158135217719494
 0.722966691675798
 0.7941629194277298
 0.7489788847462689
 0.7770131236741674
 0.7733886034829566
 0.8097764945584698
 0.7230485721986852
 0.7838951503794023
 0.7780706623997381
 0.8107910379384162
 0
 0
 0.5833541645911462
 0.9762000005745822
 0.9750000092092873
 0.9276641252855057
 0.9007408406594938
 0.9065796441847885
 0.9270030767367724
 0.9464592936758176
 0.9538575462489608
 0.9409217055581828
 0.9501083264399887
 0.9664110876171974
 0.9124521357359406
 0.8790136878487562
 0.849835646482513
 0.8349756242435187
 0.8112589552633541
 0.8091183902705507
 0.8721180585645365
 0.8683190665690287
 0.8003110853628791
 0.743005234666264
 0.7404302249428532
 0.6967400600241033
 0.7075356522733275
 0.7528143141389103
 0.7857112815894381
 0.8061730002077507
 0
 0
 0.6666666666666666
 1
 1
 1
 0.8571428571428571
 1
 0.7777777777777778
 1
 1
 1
 1
 1
 0.6
 1
 1
 1
 0
 1
 1
 1
 1
 0
 0
 1
 1
 0
 1
 1
 0
 0
 0.999999999983272
 1.333333333331296
 1.299999985247311
 1.075000000371124
 0.917857144426082
 1.037500003605813
 0.831350521649745
 1.00972224172232
 0.9856060950320971
 0.9825758203538717
 0.9907926082137857
 0.9998541693803273
 0.7743516697250832
 0.9469898534140307
 0.9486686450109253
 1.002055822413655
 0.5208971282739376
 0.8458421893349206
 0.9231764892324134
 1.010381191569121
 0.9208893510699344
 0.5178701728420463
 0.4479395898907241
 1.017843196984209
 1.000000750983328
 0.6875028680150153
 0.6460223865132991
 1.000000006304144
 0
 0
 0.7892931470571475
 0.7700095456889431
 0.9759253159591263
 0.9738676643578231
 0.9499450331471283
 0.9962306353272633
 0.9247765671525658
 0.9656580076718617
 0.946575453856485
 0.9190617376488026
 0.9272175706863057
 0.9613067600858171
 0.9220555556503385
 0.885946013214204
 0.8747609966588121
 0.8737416696587709
 0.8196680363876278
 0.8342283796758208
 0.8695069155841497
 0.8556130977905505
 0.8077987596775028
 0.8265058568266557
 0.7685308833931183
 0.7973493005521348
 0.7844768931307673
 0.7988903375608525
 0.7833230525216727
 0.8311431689621112
 0
 0
 0.5833541645966314
 0.8509464943832269
 0.8907551309345743
 0.9288732862784936
 0.9218972483138681
 0.9189115021299828
 0.935153278069117
 0.9521628284450629
 0.9560829800224127
 0.9625041575116412
 0.9649618560041292
 0.9778750254836812
 0.9351067397405475
 0.8852564512703506
 0.8638324362863846
 0.826991906733668
 0.8024674270183725
 0.8087146476558658
 0.8380179555737479
 0.8260802749257683
 0.7896210862212724
 0.7535464393431445
 0.7399558130196978
 0.716071037450557
 0.7132746030631648
 0.7427687727576179
 0.7748567208663487
 0.8174845906547757
 0
 0
 1
 1
 1
 1
 1
 1
 1
 1
 1
 1
 1
 1
 1
 1
 1
 1
 1
 1
 1
 1
 1
 1
 1
 1
 1
 1
 1
 1
 0
 0
 1.000000000286381
 1.333333333325101
 1.423845939617627
 1.034196892815527
 0.9775043420979936
 0.9257583217931049
 0.8762812791369198
 0.9319261994139437
 0.8904115305651517
 0.9053503614600406
 0.9087541970032142
 0.9196973904140556
 0.864986729552812
 0.810912415293973
 0.7888348474677043
 0.7742792513729096
 0.7532735211446462
 0.7569333396503637
 0.8466754750280825
 0.9029996818842356
 0.6990647293758351
 0.5692050310257575
 0.7443873663962294
 0.7990316745836857
 0.9909981061288144
 0.8817224763014406
 0.4961660115798336
 1.000000000000048
 0
 0
 0.7892931470571475
 0.7700095443366766
 1.085409254585256
 1.018421729316195
 0.9418190293404207
 1.008749541226696
 0.932409481482401
 0.8861162969389766
 0.9068193700486735
 0.9632173359487923
 1.021687111039621
 0.9178868478013618
 0.9144011478114087
 0.9641581010520071
 0.9248180922102667
 1.011356105223451
 0.8850777179408402
 0.7922329452891682
 0.9285558031435408
 0.8680886302483009
 0.7594945581635131
 0.8542172986141705
 0.7929661162864425
 0.8250700395223816
 0.801467538985293
 0.8140947498241849
 0.8334623180206652
 0.8201891348082877
 0
 0
 0
 0
 0
 0
 0
 0
 0
 0
 0
 0
 0
 0
 0
 0
 0
 0
 0
 0
 0
 0
 0
 0
 0
 0
 0
 0
 0
 0
 0
 0
 0
 0
 0
 0
 0
 0
 0
 0
 0
 0
 0
 0
 0
 0
 0
 0
 0
 0
 0
 0
 0
 0
 0
 0
 0
 0
 0
 0
 0
 0
 0
 0
 0
 0
 0
 0
 0
 0
 0
 0
 0
 0
 0
 0
 0
 0
 0
 0
 0
 0
 0
 0
 0
 0
 0
 0
 0
 0
 0
 0
 0
 0
 0
 0
 0
 0
 0
 0
 0
 0
 0
 0
 0
 0
 0
 0
 0
 0
 0
 0
 0
 0
 0
 0
 0
 0
 0
 0
 0
 0
 0
 0
 0
 0
 0
 0
 0
 0
 0
 0
 0
 0
 0
 0
 0
 0
 0
 0
 0
 0
 0
 0
 0
 0
 0
 0
 0
 0
 0
 0
 1
 1
 1
 1
 1
 1
 1
 1
 1
 1
 1
 1
 1
 1
 1
 1
 1
 1
 1
 1
 1
 1
 1
 1
 1
 1
 1
 1
 0
 0
 0
 0
 0
 0
 0
 0
 0
 0
 0
 0
 0
 0
 0
 0
 0
 0
 0
 0
 0
 0
 0
 0
 0
 0
 0
 0
 0
 0
 0
 0
 0
 0
 0
 0
 0
 0
 0
 0
 0
 0
 0
 0
 0
 0
 0
 0
 0
 0
 0
 0
 0
 0
 0
 0
 0
 0
 0
 0


