# Created by Octave 3.8.2, Mon Nov 16 01:27:30 2015 CET <dkottke@snake7>
# name: mus
# type: matrix
# ndims: 3
 1 30 19
 0
 0
 0.8309178743961351
 0.7403846153846154
 0.8878048780487806
 0.8921568627450979
 0.9162561576354682
 0.9134615384615384
 0.9323671497584541
 0.9650000000000001
 0.9808612440191385
 0.9705882352941176
 0.9759615384615385
 0.9897959183673469
 0.9846153846153847
 0.9903846153846154
 0.9901960784313726
 0.9898989898989899
 0.9904306220095694
 0.985
 0.9841269841269842
 0.9898989898989901
 0.9951690821256037
 0.9947916666666667
 0.995
 0.9951923076923077
 0.9947089947089947
 0.9948979591836735
 0.9950738916256158
 1
 0
 0
 0.3333333333333333
 0.25
 0.8
 0.2
 0.5
 0.5
 0.6
 0.7
 0.5666666666666667
 0.5666666666666667
 0.6333333333333333
 0.5666666666666667
 0.5333333333333333
 0.7499999999999999
 0.7833333333333333
 0.7499999999999999
 0.8
 0.85
 0.8099999999999999
 0.74
 0.86
 0.8300000000000001
 0.8800000000000001
 0.7266666666666668
 0.7333333333333334
 0.8
 0.7133333333333333
 0.6333333333333334
 0
 0
 0.5508617082007616
 0.4899936400360501
 0.7265294036273616
 0.7581171331013172
 0.6976356660270067
 0.7589513602333767
 0.719970592438949
 0.6801469972327499
 0.7651099711703013
 0.4912757089189794
 0.744924304023181
 0.6267131510248705
 0.612307470122891
 0.7389944111617894
 0.6823300182520444
 0.6969071574319867
 0.6936370297064732
 0.6330276563085293
 0.6395269062385616
 0.6676241528525102
 0.7442611993146416
 0.7205736036464652
 0.73585858059666
 0.6764583643469401
 0.7239787253846171
 0.7181769195010367
 0.7405285285178436
 0.7046197707619321
 0
 0
 0.2490987289691621
 0.4511258025775969
 0.6246653854828756
 0.5149469246463563
 0.572200447311921
 0.6029600835171035
 0.5489943126191058
 0.606160344528423
 0.6428767208389642
 0.5616950279425923
 0.5455216670422238
 0.5653745099117036
 0.5946975489824889
 0.5975829106130086
 0.5896920831630433
 0.606907558606582
 0.5758954687804948
 0.5775527186188506
 0.6120972177438039
 0.5869569620783093
 0.6105319714605543
 0.6229971868579363
 0.6264970847635392
 0.6220788017256631
 0.6230788856035261
 0.6357138619934098
 0.6455385054346247
 0.6206041526165265
 0
 0
 0.51091002151794
 0.488765580019895
 0.587142726870174
 0.5573710715567841
 0.5423522663269277
 0.5678976546123733
 0.5529172891386123
 0.6109815694233283
 0.6373160982869174
 0.5625137095193272
 0.5432037930792708
 0.5664008735138291
 0.5932067366403669
 0.602057984684549
 0.5913497505935649
 0.6094435110312727
 0.578004329322295
 0.580499234203129
 0.6080320183311179
 0.5862110480543827
 0.6125285075211009
 0.6295748347714056
 0.6287396239791546
 0.6248860365589947
 0.6233662866455585
 0.6362602881137315
 0.6473318675782838
 0.6203707063155153
 0
 0
 0.6879949264399678
 0.3607600156026047
 0.6393801836893849
 0.5907618683394036
 0.5299681837886394
 0.5507078965883937
 0.5002015408354883
 0.6002960886278191
 0.6192345010952796
 0.5524764772339867
 0.557014869262185
 0.5468379535015084
 0.5633832963809851
 0.5443747059395195
 0.6228782800528719
 0.6359405562154767
 0.6055214797646179
 0.5431952583905699
 0.606744834705223
 0.5712576618801203
 0.5617449114220998
 0.62919789647388
 0.6220642973603502
 0.6324215878179964
 0.6270805509535566
 0.6607783654652958
 0.6194753033747626
 0.5813593756775558
 0
 0
 0.3678794411714423
 0.6194318219119218
 0.7820671112113342
 0.7059987325782681
 0.7986344482539925
 0.7297920459323542
 0.7447602212284729
 0.7238450228293287
 0.8032974362707165
 0.7218879433258627
 0.729495417217517
 0.7422711978275849
 0.7161693617365763
 0.7575409786873551
 0.7151510400233475
 0.7386586529654037
 0.6641830394673138
 0.6868224806705925
 0.7226893319080614
 0.7409221301178455
 0.6462562855552862
 0.6799520387135886
 0.7067916027601483
 0.7728281500347425
 0.7255834114076468
 0.7417009942204315
 0.7233103720515747
 0.7423339776409061
 0
 0
 0.2445327721180482
 0.5030670670989178
 0.5966661217212025
 0.7012792257345944
 0.6593490806164676
 0.6327461028415295
 0.5997777048698713
 0.5901331318249458
 0.6093553769362492
 0.5652388662828272
 0.5293703478668872
 0.5367041822188979
 0.5797983580978084
 0.5667801701240643
 0.5706864378616949
 0.5948750444379181
 0.5601655075085388
 0.5679093324915294
 0.6042664014214079
 0.5821119179276512
 0.6070892767037387
 0.6279293290818638
 0.6287550553591739
 0.6301637037302047
 0.6353828718741751
 0.6506121063049182
 0.6559547645926248
 0.6301962854598054
 0
 0
 0.5185300757065803
 0.5078770495159574
 0.5726627832377971
 0.7006726609649724
 0.663984260026334
 0.5572470508290511
 0.5749118702317761
 0.6069551507757502
 0.6045760546128311
 0.5558202275481302
 0.534532123207123
 0.5460685122912435
 0.5746408042225514
 0.5705102127923858
 0.5712840160354662
 0.5956793083321701
 0.5552094689564446
 0.5607825804830446
 0.6000305431223416
 0.5801648363327434
 0.6054433440632458
 0.6279831291075472
 0.6347253590132854
 0.6308800184600558
 0.6289668220804082
 0.6488884987498997
 0.6563737933690398
 0.6292522011315463
 0
 0
 0.6830940141408552
 0.3890875880856053
 0.5837185560298828
 0.8138364611696279
 0.8252950157407376
 0.5687688195373211
 0.6082230453725916
 0.585248715547725
 0.5972795896838716
 0.5417024089844423
 0.5226710089366396
 0.536082518266857
 0.563861958187019
 0.5568980704767527
 0.5616782391559411
 0.5903787909382342
 0.5546339356490183
 0.5592647178537072
 0.5885026055240766
 0.5986114016169727
 0.5960775034531051
 0.6133406867986915
 0.6133153419124933
 0.6209944185576326
 0.6143152444725039
 0.6445368528906625
 0.6367603948351563
 0.6136364166824132
 0
 0
 0.3678794411714423
 0.6135125999659815
 0.8108996520415509
 0.7521693930994833
 0.8026158226723129
 0.7279014996616109
 0.7470487049856455
 0.725896482987076
 0.7427743440950325
 0.6703602310084072
 0.6866094957076201
 0.6806480472550065
 0.7236560613577028
 0.6758907970634001
 0.6873363599663603
 0.6925301608599201
 0.6615134033505344
 0.7321617492842865
 0.6727631934250865
 0.6862931031098061
 0.6781912247906519
 0.7075727104507737
 0.7136318593943244
 0.7105303870464474
 0.7172537429268858
 0.7425342102394339
 0.7044818567912411
 0.7166312387466141
 0
 0
 0
 0
 0
 0
 0
 0
 0
 0
 0
 0
 0
 0
 0
 0
 0
 0
 0
 0
 0
 0
 0
 0
 0
 0
 0
 0
 0
 0
 0
 0
 0
 0
 0
 0
 0
 0
 0
 0
 0
 0
 0
 0
 0
 0
 0
 0
 0
 0
 0
 0
 0
 0
 0
 0
 0
 0
 0
 0
 0
 0
 0
 0
 0
 0
 0
 0
 0
 0
 0
 0
 0
 0
 0
 0
 0
 0
 0
 0
 0
 0
 0
 0
 0
 0
 0
 0
 0
 0
 0
 0
 0
 0
 0
 0
 0
 0
 0
 0
 0
 0
 0
 0
 0
 0
 0
 0
 0
 0
 0
 0
 0
 0
 0
 0
 0
 0
 0
 0
 0
 0
 0
 0
 0
 0
 0
 0
 0
 0
 0
 0
 0
 0
 0
 0
 0
 0
 0
 0
 0
 0
 0
 0
 0
 0
 0
 0
 0
 0
 0
 0
 0.4125548162637431
 0.4604602364589732
 0.5484722958443027
 0.69825411317675
 0.6719890049681869
 0.5828337472685274
 0.5747163286586714
 0.5965431770476739
 0.5967026619328818
 0.5436899257671762
 0.531670654395267
 0.552553393151201
 0.5744462369880404
 0.5719998309651814
 0.57640669212458
 0.5843696824804818
 0.5602829891194767
 0.5620100877367087
 0.6007253623914056
 0.579402826855686
 0.6046128654038511
 0.6297627239574228
 0.634696062719038
 0.6288591327947178
 0.627831870509682
 0.6454069454688165
 0.6588626016116931
 0.6287960659219958
 0
 0
 0
 0
 0
 0
 0
 0
 0
 0
 0
 0
 0
 0
 0
 0
 0
 0
 0
 0
 0
 0
 0
 0
 0
 0
 0
 0
 0
 0
 0
 0
 0
 0
 0
 0
 0
 0
 0
 0
 0
 0
 0
 0
 0
 0
 0
 0
 0
 0
 0
 0
 0
 0
 0
 0
 0
 0
 0
 0


