# Created by Octave 3.8.2, Fri Nov 20 22:44:16 2015 CET <dkottke@snake10>
# name: mus
# type: matrix
# ndims: 3
 1 30 19
 0
 0
 0.8019323671497584
 0.9567307692307693
 0.8975609756097562
 0.9852941176470589
 0.9211822660098522
 0.9807692307692307
 0.9758454106280194
 0.9400000000000002
 0.9282296650717702
 0.9166666666666666
 0.9326923076923077
 0.9336734693877551
 0.953846153846154
 0.9711538461538461
 0.9754901960784315
 0.9823232323232323
 0.985645933014354
 0.985
 0.9894179894179894
 0.994949494949495
 0.9951690821256037
 0.9947916666666667
 1
 1
 1
 1
 1
 1
 0
 0
 0.6666666666666666
 1
 0.8
 0.2
 0.8
 0.9
 0.9
 0.9
 0.7
 0.7333333333333333
 0.7
 0.8333333333333333
 0.6666666666666666
 0.8166666666666667
 0.7166666666666666
 0.8166666666666667
 0.6833333333333333
 0.75
 0.71
 0.67
 0.79
 0.78
 0.5599999999999999
 0.7333333333333334
 0.7866666666666667
 0.7133333333333334
 0.7266666666666667
 0.8333333333333333
 0
 0
 0.6762309332829339
 0.8752959441766791
 0.7563702012848267
 0.7187063513212919
 0.7261311403681245
 0.7568442917039481
 0.7710361831607315
 0.7526301546450912
 0.7094940538486796
 0.7097826380557772
 0.6687713274110889
 0.7012595201931107
 0.7064703033611104
 0.7347802741029322
 0.6728406751389406
 0.6232577871404569
 0.660752971492042
 0.6915351070114468
 0.6023793265900547
 0.6113569859380461
 0.627479285821965
 0.6701467451516757
 0.6039687523501068
 0.6872291287444404
 0.6815940670140243
 0.6832377424126153
 0.7078834197992691
 0.7156824798146075
 0
 0
 0.2773438286018794
 0.7844750217537262
 0.714108121619788
 0.5852753374890514
 0.5972847640142436
 0.6050941766726141
 0.6692716538925771
 0.6051353563371178
 0.621116056849486
 0.6351451638839927
 0.6489044227335174
 0.612674728333404
 0.5575148477112486
 0.5917482084323807
 0.5908885065062529
 0.6052317655683164
 0.6046866891924864
 0.6294433115952871
 0.5698209535949522
 0.5414989574721769
 0.5780413964838539
 0.6045374973780901
 0.5774749609881266
 0.5976957930480703
 0.620469449975546
 0.6354988425680156
 0.6485180324854722
 0.6567819135729857
 0
 0
 1
 1
 0.4
 0.1666666666666667
 0.7142857142857143
 0.875
 0.5555555555555556
 0.8
 0.9090909090909091
 0.5
 0.7692307692307693
 0.6666666666666666
 0.6
 0.6666666666666666
 1
 1
 1
 1
 0
 0
 0
 1
 0
 0
 0
 1
 1
 1
 0
 0
 0.9998967855192903
 0.5786087340593398
 0.5583211406060156
 0.4966016708025969
 0.612459785319667
 0.581736097456019
 0.6065180997506928
 0.633504259376285
 0.636477695381529
 0.5883547347963883
 0.6871553036223302
 0.6052727940784813
 0.5450752653793365
 0.5893427379364596
 0.6594365898406184
 0.6239302765377044
 0.6307523109849797
 0.6757875180046393
 0.556207657484143
 0.5065184195981263
 0.5449764021815737
 0.6111697327150528
 0.547445490611834
 0.566141735392107
 0.6449134659881213
 0.6127366280337024
 0.6435934402208237
 0.6396415571868271
 0
 0
 0.3678794411714423
 0.6987714711465484
 0.7579538251569842
 0.7078849465154771
 0.6982838850099405
 0.7040596251834759
 0.746398755385078
 0.7083035231548621
 0.7107551382848509
 0.737618503617486
 0.7554198435973769
 0.7338819737547559
 0.7021489276509398
 0.7308914577808412
 0.7166222651760377
 0.7147302406247168
 0.759075461811433
 0.7327133463885567
 0.7145456121472451
 0.6956804394768403
 0.7388171416299055
 0.7428867008278652
 0.713267431089386
 0.7353724173669255
 0.7388505460041829
 0.7469584628001718
 0.7667763640873476
 0.7886257461654651
 0
 0
 0.2771604915987717
 0.7374509601531869
 0.6778421568449078
 0.6650678221999843
 0.566635550650199
 0.5854177707628936
 0.6278104567750642
 0.5713107677857944
 0.5934201251748273
 0.608477874295315
 0.610973639555762
 0.6005873208405186
 0.5556742739028915
 0.5792845439491158
 0.5928781059712357
 0.6067811616926695
 0.6042982165503135
 0.6268225060117922
 0.5847130331132595
 0.5477725290639649
 0.5923883099770295
 0.61704100134596
 0.5892206034171295
 0.6060756810501595
 0.6309731730468315
 0.6438885257747312
 0.665737284633073
 0.6651369976134208
 0
 0
 0.9998999091146111
 0.9999999855575343
 0.9999999999987841
 1
 0.9999999999967452
 1
 1
 0.9999999999999993
 0.9998251999201831
 0.9999498522101931
 0.9911063406098926
 0.9890110390933454
 0.9828850801750698
 0.975060178560909
 0.9748602115416528
 0.9675191326982832
 0.9669997320076799
 0.9634885321850172
 0.9646531608299113
 0.9668785537839278
 0.9617316769503541
 0.9594924679397475
 0.9598656449079072
 0.9574295034640858
 0.9428342780008114
 0.9581917322094823
 0.9495685994080157
 0.9539449558465055
 0
 0
 0.9941664316684862
 0.5953271922273776
 0.6110120484579087
 0.6181066204058339
 0.6474980383275419
 0.6451651949275352
 0.6224810135875269
 0.5526614727586537
 0.6059646031932775
 0.6167837555708368
 0.6016435107776081
 0.5822263560783321
 0.5612881011924755
 0.632040921875524
 0.6469299952220042
 0.5939324608469494
 0.5849432233013071
 0.605635679894531
 0.5943762148509932
 0.5350688612255701
 0.5697023393803945
 0.6611390680395729
 0.5766058597885294
 0.5898235808736765
 0.6728699521256352
 0.6996112662293189
 0.6408102764306947
 0.6550543269469706
 0
 0
 0.3678794411714423
 0.6912721571153353
 0.7917136621893521
 0.7373430063046238
 0.6970031157796007
 0.7213435485488925
 0.7342609965088571
 0.6952408756793529
 0.6980237266441736
 0.7469660970170428
 0.7099449791350007
 0.6891127250051816
 0.6893604150462869
 0.6967653317023067
 0.6960626331912704
 0.7414098069190288
 0.721982864870552
 0.7460719609154839
 0.7037802132943072
 0.7038724486145219
 0.7265905423769055
 0.727872939184505
 0.7793289820005752
 0.7091563575148125
 0.722928761266226
 0.7230526977622845
 0.731852366224503
 0.7611806648301892
 0
 0
 0
 0
 0
 0
 0
 0
 0
 0
 0
 0
 0
 0
 0
 0
 0
 0
 0
 0
 0
 0
 0
 0
 0
 0
 0
 0
 0
 0
 0
 0
 0
 0
 0
 0
 0
 0
 0
 0
 0
 0
 0
 0
 0
 0
 0
 0
 0
 0
 0
 0
 0
 0
 0
 0
 0
 0
 0
 0
 0
 0
 0
 0
 0
 0
 0
 0
 0
 0
 0
 0
 0
 0
 0
 0
 0
 0
 0
 0
 0
 0
 0
 0
 0
 0
 0
 0
 0
 0
 0
 0
 0
 0
 0
 0
 0
 0
 0
 0
 0
 0
 0
 0
 0
 0
 0
 0
 0
 0
 0
 0
 0
 0
 0
 0
 0
 0
 0
 0
 0
 0
 0
 0
 0
 0
 0
 0
 0
 0
 0
 0
 0
 0
 0
 0
 0
 0
 0
 0
 0
 0
 0
 0
 0
 0
 0
 0
 0
 0
 0
 0
 0.9999943807159024
 0.9999999989704622
 0.9999999999983727
 0.9999999999999984
 0.9999999999997682
 0.9999999999766185
 0.9999999367364489
 0.9999999860984581
 0.9999999495695236
 0.9999998076281749
 0.9948233155339938
 0.9848967565011827
 0.9808405021646235
 0.9745727586736816
 0.9783584500551877
 0.9688180314296044
 0.9727599080833208
 0.9670992754853984
 0.9685982457674849
 0.9628556401186005
 0.960816568022878
 0.9603417392759501
 0.9584929540680655
 0.9567670309725486
 0.9446629893006803
 0.9493013455516855
 0.9599588297539492
 0.9496079133695996
 0
 0
 0
 0
 0
 0
 0
 0
 0
 0
 0
 0
 0
 0
 0
 0
 0
 0
 0
 0
 0
 0
 0
 0
 0
 0
 0
 0
 0
 0
 0
 0
 0
 0
 0
 0
 0
 0
 0
 0
 0
 0
 0
 0
 0
 0
 0
 0
 0
 0
 0
 0
 0
 0
 0
 0
 0
 0
 0
 0


