# Created by Octave 3.8.2, Fri Nov 20 23:19:32 2015 CET <dkottke@snake7>
# name: mus
# type: matrix
# ndims: 3
 1 30 19
 0
 0
 0.8362573099415208
 0.8377926421404682
 0.771548117154812
 0.8040201005025128
 0.8897243107769431
 0.8708053691275168
 0.9014202172096898
 0.8932773109243701
 0.8949124270225178
 0.9057239057239059
 0.8963210702341129
 0.8825210084033611
 0.8827004219409278
 0.8842905405405406
 0.878319327731092
 0.8787878787878783
 0.9298245614035084
 0.9347457627118647
 0.9264828738512945
 0.9309764309764309
 0.93561872909699
 0.9277210884353744
 0.9285106382978729
 0.9448160535117051
 0.9436026936026934
 0.941326530612245
 0.9411269974768711
 0.9376068376068373
 0
 0
 0.3333333333333333
 0.75
 0.6
 0.6
 0.5
 0.8
 0.7
 0.7
 0.7333333333333333
 0.7
 0.7
 0.8
 0.7333333333333333
 0.8166666666666667
 0.8833333333333332
 0.8333333333333333
 0.7833333333333333
 0.8
 0.78
 0.86
 0.8300000000000001
 0.8300000000000001
 0.8800000000000001
 0.8466666666666667
 0.78
 0.8133333333333332
 0.8266666666666665
 0.8333333333333333
 0
 0
 0.6365306786735794
 0.723739903919371
 0.6037792431969685
 0.766390010262948
 0.7892931470571474
 0.797766449285169
 0.6777616050595172
 0.7577728742635745
 0.8249026052044895
 0.7981541119991749
 0.7648218682157752
 0.8025231357948506
 0.8095118471461406
 0.8358871072068946
 0.8596182763305071
 0.8883073687645681
 0.8123662099292966
 0.8239586137254786
 0.8246118472676575
 0.8467936628388947
 0.8409671734223296
 0.8447148204231012
 0.8589265784257133
 0.8290574817403977
 0.8433535626394941
 0.8708099382467593
 0.8603196808218331
 0.8703943061186838
 0
 0
 0.3304014101396599
 0.6193473641654732
 0.6882273489870502
 0.6669004108886569
 0.5764822459541399
 0.7050309907541489
 0.6483985662296462
 0.6733809945833259
 0.6700437648951922
 0.701412386225315
 0.6791917603882536
 0.7036853766227319
 0.7316298279089006
 0.7548341651516092
 0.7850531240535659
 0.8003091627929062
 0.733214716775472
 0.7605928983382669
 0.7338855257217348
 0.760049268263764
 0.7601223515945648
 0.7701892088965007
 0.7836640156561497
 0.7835050617773049
 0.7912409353021207
 0.8095671604036981
 0.817503242745364
 0.8158025221776191
 0
 0
 0.6666666666666666
 1
 0.4
 0.6666666666666666
 0.7142857142857143
 0.75
 0.7777777777777778
 0.6
 0.6363636363636364
 0.9166666666666666
 0.7692307692307693
 0.7777777777777778
 0.6
 1
 1
 0
 0
 1
 1
 0
 0
 1
 1
 1
 1
 1
 1
 1
 0
 0
 0.7705255620495396
 0.5961526465435912
 0.473461987116669
 0.6762928393354326
 0.592321138961035
 0.7025981588807559
 0.6088185077745407
 0.6804700400532238
 0.7292222001965667
 0.7059538706308135
 0.7242316492353372
 0.7534992030271068
 0.751142585884402
 0.8503541757117172
 0.7777994798434565
 0.7497658764394484
 0.6778145965898527
 0.7650624594140595
 0.7958209207794305
 0.6949663839366882
 0.7523149452775825
 0.7828702445071343
 0.7512582024789966
 0.7304766419206982
 0.786201535742826
 0.803747767883358
 0.769478595952203
 0.8505840343361838
 0
 0
 0.7892931470571475
 0.6247020721577716
 0.6883312664441342
 0.7797455827350971
 0.73353741297571
 0.8577247363029378
 0.7163121624908098
 0.7505261035142902
 0.7186706084529495
 0.7695962938656532
 0.835051050516995
 0.8258615516056378
 0.7904138001156857
 0.782133702539534
 0.8287543875615271
 0.8182771081116602
 0.7899566073683598
 0.8012385808427657
 0.786750189078829
 0.8109747388529341
 0.8005946888334702
 0.8009301137284053
 0.7881824166549396
 0.8334283827046391
 0.8196370969070588
 0.8232371476465883
 0.8820769545370152
 0.8285514355722056
 0
 0
 0.3318849700018081
 0.5547863568937063
 0.7114905628194204
 0.6817904360797541
 0.6063966593184991
 0.7163230746710859
 0.620957249445686
 0.6505297632270518
 0.6617417885757079
 0.702731650138637
 0.6828172212045386
 0.7164791767591723
 0.7505017008364601
 0.7574963563848633
 0.7914220772590526
 0.8066501034927275
 0.7485041085174681
 0.774886592720942
 0.7484401699597859
 0.7872729672627559
 0.789357878730653
 0.7888528229469384
 0.8107957434529856
 0.807749678155277
 0.8120214502861782
 0.8413456790319919
 0.8413971470562116
 0.8459351936037808
 0
 0
 0.9999945258199057
 0.9999999962292581
 0.9999999999999167
 0.9999999997488344
 1
 0.9999999999999445
 1
 0.9999999999999997
 0.9999999999999999
 0.9978171065897325
 0.990740191539672
 0.9855859321066888
 0.9799184923026597
 0.9803028541569812
 0.9727360267393733
 0.9711741053335665
 0.9678910784667555
 0.9651921140638042
 0.9626724281505818
 0.9669024385524544
 0.964820416333825
 0.9678778322461095
 0.9538727256092924
 0.951795139979872
 0.9502947540238725
 0.9539909428330334
 0.9528780148045192
 0.9492739169966421
 0
 0
 0.7171252923762805
 0.6825703006667245
 0.4452049780325449
 0.6937847167764873
 0.6862970557888826
 0.7084772687106768
 0.6873656510958269
 0.6539650414888054
 0.7292649835574587
 0.7253128563476349
 0.6667677132027547
 0.744389804143857
 0.7213680819814718
 0.7385891220349474
 0.75936866699534
 0.8641322531703067
 0.725034363866539
 0.8614724618032991
 0.7321452820904109
 0.8403177882202533
 0.8480680093158585
 0.779586857278442
 0.8878430517035683
 0.7936565507347429
 0.8842788410342006
 0.9053514650051726
 0.8333995079106139
 0.8361852026389577
 0
 0
 0.7892931470571475
 0.6272952868955942
 0.6825481193261461
 0.8453992334433089
 0.7063159516062204
 0.7495649341008644
 0.7226953682019507
 0.7869813353442326
 0.7394840417043658
 0.7308347376629888
 0.7821392838317458
 0.770601713981763
 0.7266744450659309
 0.7434760693796656
 0.8003224990229483
 0.7988020077018869
 0.7468613114410945
 0.7778653426316371
 0.7655467831024753
 0.7978801133819218
 0.7756911912516663
 0.7911206442543575
 0.8512287837954209
 0.8236245809966019
 0.8042868301437017
 0.8991630213643582
 0.8471740113267995
 0.8396737245964293
 0
 0
 0
 0
 0
 0
 0
 0
 0
 0
 0
 0
 0
 0
 0
 0
 0
 0
 0
 0
 0
 0
 0
 0
 0
 0
 0
 0
 0
 0
 0
 0
 0
 0
 0
 0
 0
 0
 0
 0
 0
 0
 0
 0
 0
 0
 0
 0
 0
 0
 0
 0
 0
 0
 0
 0
 0
 0
 0
 0
 0
 0
 0
 0
 0
 0
 0
 0
 0
 0
 0
 0
 0
 0
 0
 0
 0
 0
 0
 0
 0
 0
 0
 0
 0
 0
 0
 0
 0
 0
 0
 0
 0
 0
 0
 0
 0
 0
 0
 0
 0
 0
 0
 0
 0
 0
 0
 0
 0
 0
 0
 0
 0
 0
 0
 0
 0
 0
 0
 0
 0
 0
 0
 0
 0
 0
 0
 0
 0
 0
 0
 0
 0
 0
 0
 0
 0
 0
 0
 0
 0
 0
 0
 0
 0
 0
 0
 0
 0
 0
 0
 0
 0.9999827171328737
 0.9999998732754883
 0.9999999999957823
 0.9999999999999974
 0.999999997493045
 0.9999999781171085
 0.9999999667305608
 0.9999995014769967
 0.9999996372910361
 0.9999225838650481
 0.9890782748853816
 0.9807168019823251
 0.9786368511001312
 0.9705323745419966
 0.9668599012761571
 0.971725102309194
 0.9792428335317461
 0.9662297715761322
 0.9655882174023456
 0.9687568899334181
 0.9587048568819728
 0.9613795269293082
 0.9500722608425495
 0.9586799872433405
 0.9478462330294314
 0.9472960058841415
 0.9426482318677701
 0.9564182321154254
 0
 0
 0
 0
 0
 0
 0
 0
 0
 0
 0
 0
 0
 0
 0
 0
 0
 0
 0
 0
 0
 0
 0
 0
 0
 0
 0
 0
 0
 0
 0
 0
 0
 0
 0
 0
 0
 0
 0
 0
 0
 0
 0
 0
 0
 0
 0
 0
 0
 0
 0
 0
 0
 0
 0
 0
 0
 0
 0
 0


