# Created by Octave 3.8.2, Fri Nov 20 22:53:04 2015 CET <dkottke@snake7>
# name: mus
# type: matrix
# ndims: 3
 1 30 19
 0
 0
 0.6349206349206342
 0.794314381270903
 0.6292887029288695
 0.8777219430485768
 0.8813700918964082
 0.910234899328859
 0.9122807017543846
 0.9151260504201686
 0.9074228523769801
 0.900673400673401
 0.8954849498327748
 0.9201680672268912
 0.891139240506329
 0.8918918918918919
 0.9084033613445373
 0.9183501683501677
 0.9189640768588133
 0.9220338983050849
 0.9314954051796154
 0.9319584736251399
 0.9356187290969898
 0.9387755102040817
 0.9387234042553199
 0.941471571906354
 0.9391835016835013
 0.9403344671201814
 0.9397507454698367
 0.9393162393162388
 0
 0
 0.6666666666666666
 1
 0.6
 0.4
 0.8
 0.8
 0.7
 0.8
 0.8333333333333333
 0.8333333333333333
 0.7666666666666666
 0.8666666666666666
 0.9333333333333332
 0.9333333333333332
 0.8833333333333334
 0.8833333333333332
 0.9
 0.9
 0.9
 0.9199999999999999
 0.9099999999999999
 0.9199999999999999
 0.9199999999999999
 0.9266666666666665
 0.9199999999999999
 0.9333333333333333
 0.9266666666666667
 0.9333333333333333
 0
 0
 0.7574421111471814
 0.8501640156850826
 0.7806928673451943
 0.6566468576885456
 0.8183190910849893
 0.8129439162650187
 0.8434448082634606
 0.8749421254677942
 0.8572533689260373
 0.8684144797501596
 0.9031350496042715
 0.8873035120426183
 0.893132057922941
 0.895431973537545
 0.8950227731095192
 0.895434345978107
 0.9044561039922057
 0.8979644460532052
 0.9248267375818358
 0.9204056380004523
 0.9253504820765457
 0.9194875277312162
 0.9303046350210848
 0.9343976300467844
 0.9337603857892253
 0.9414976862692968
 0.9411240909018067
 0.9415103313992118
 0
 0
 0.8025295192504804
 0.7949671623782515
 0.6637619792088338
 0.5671043799611455
 0.6203701185014259
 0.7250878515525042
 0.7865089129724491
 0.7843970082044862
 0.82475042124798
 0.8364359281114093
 0.8442142699670764
 0.8521124595438936
 0.8406975926464535
 0.8489136680791431
 0.8521816100810469
 0.8593082510296255
 0.8657219235423789
 0.8768829916566507
 0.8743440286915385
 0.8861846614081021
 0.890183003424034
 0.897765394763415
 0.901955398339704
 0.9061234838326035
 0.9054798661693618
 0.9131470329931695
 0.9163149632834807
 0.9126390119441592
 0
 0
 0.3333333333333333
 1
 0.6
 0.3333333333333333
 0.5714285714285714
 0.75
 0.7777777777777778
 0.8
 0.8181818181818182
 0.75
 0.6923076923076923
 0.6666666666666666
 1
 1
 1
 1
 0
 1
 1
 1
 1
 1
 1
 0
 1
 1
 1
 1
 0
 0
 0.373182961832866
 0.8118095150545127
 0.6518941930241675
 0.6478122946193333
 0.6420968024123496
 0.7504087087880701
 0.7936946415016215
 0.9108648799094693
 0.772024224693807
 0.8601025721756428
 0.8047095313856732
 0.8360319939884351
 0.8601555926716065
 0.9530289985080157
 0.8591036231724469
 0.8155749312516481
 0.8385017441702859
 0.8896674178818083
 0.8727334356060632
 0.8607601360686107
 0.8697455753433606
 0.8700436466021481
 0.9030776129739067
 0.8655414520034214
 0.9444614692851763
 0.8911970119432707
 0.9406588635311135
 0.9322533566489212
 0
 0
 0.3678794411714423
 0.7379260221795058
 0.7205780611938681
 0.8257744098684333
 0.7428874276881055
 0.7770603299973731
 0.8303056451498597
 0.8021073079972532
 0.8303119951058129
 0.8679448372566655
 0.8513383491314404
 0.8419202936293093
 0.8246595644385365
 0.8743747745918927
 0.871181961604763
 0.8843400276048151
 0.8776470714771293
 0.8733581594849034
 0.9740908361656569
 0.8866428333610871
 0.875868548731638
 0.8872381103760932
 0.8945090525941963
 0.9242154014471878
 0.9163029512020219
 0.9174506212470346
 0.9217552227467579
 0.919916485033301
 0
 0
 0.7994493784197192
 0.7549252367075808
 0.6883053961621596
 0.6488823163059174
 0.6556540179475244
 0.7583265093983911
 0.8034963033328479
 0.8230039018771197
 0.8437571092878592
 0.8558940291380145
 0.8594440015633015
 0.8666032123324995
 0.8415710112451639
 0.8611526731357571
 0.8624587997406895
 0.8757714683118467
 0.8745203002337458
 0.8854348132569692
 0.8875368349856212
 0.8979117929314965
 0.8990637507061788
 0.9031992420016041
 0.9156763192529555
 0.9176306586363228
 0.9235691144053887
 0.9250482065812876
 0.9232760434194034
 0.9290820925169092
 0
 0
 0.9998845421053729
 0.9999999970579136
 0.9999996588005087
 0.9999999978745993
 0.9999999999986964
 1
 0.9999999999999998
 0.9999999987966306
 0.999999999138112
 0.9999835256405645
 0.9949252658755067
 0.9877414973143565
 0.9821000691234806
 0.9744270140337937
 0.9702112376908679
 0.9636008371163529
 0.9683599258384301
 0.9670021749974964
 0.964986377402575
 0.9639048194843972
 0.9640454030081234
 0.9592462873376502
 0.9498135971990187
 0.9558155174018569
 0.9556247391028637
 0.948913461095232
 0.9429353582754711
 0.937651938623804
 0
 0
 0.3500637410764127
 0.6101362923155258
 0.6471669111688791
 0.7052191286055087
 0.6979212455274443
 0.7391804506065173
 0.8932204427118653
 0.8858129776165143
 0.8433910661252747
 0.8746244124245868
 0.8624144576192061
 0.8451513697068898
 0.8377460582185872
 0.8491800056850226
 0.8444509508090727
 0.8567192628167042
 0.865081562881282
 0.8864754794847675
 0.8775372340937326
 0.9087966109946271
 0.8933999264060576
 0.934064080723236
 0.9293702586591815
 0.9077732762601018
 0.9103120498517391
 0.9459272796510647
 0.9375816264374004
 0.9452395601851762
 0
 0
 0.3678794411714423
 0.7346830769491258
 0.7172445993916173
 0.7890668599465708
 0.753119497730708
 0.8291264539534876
 0.8292550775031844
 0.7794964214381113
 0.7802312350738884
 0.8542207322625283
 0.8254535461006521
 0.8375918179007863
 0.9126253163545476
 0.8620581500099123
 0.8606625288509633
 0.9418634399714523
 0.8755033785631178
 0.8808246803988727
 0.8857408143746834
 0.883012316314656
 0.9000597105645296
 0.8904647544185883
 0.9002677741753854
 0.9067181211343255
 0.9474830453908681
 0.9084163487453534
 0.9157530728898687
 0.9408776308580561
 0
 0
 0
 0
 0
 0
 0
 0
 0
 0
 0
 0
 0
 0
 0
 0
 0
 0
 0
 0
 0
 0
 0
 0
 0
 0
 0
 0
 0
 0
 0
 0
 0
 0
 0
 0
 0
 0
 0
 0
 0
 0
 0
 0
 0
 0
 0
 0
 0
 0
 0
 0
 0
 0
 0
 0
 0
 0
 0
 0
 0
 0
 0
 0
 0
 0
 0
 0
 0
 0
 0
 0
 0
 0
 0
 0
 0
 0
 0
 0
 0
 0
 0
 0
 0
 0
 0
 0
 0
 0
 0
 0
 0
 0
 0
 0
 0
 0
 0
 0
 0
 0
 0
 0
 0
 0
 0
 0
 0
 0
 0
 0
 0
 0
 0
 0
 0
 0
 0
 0
 0
 0
 0
 0
 0
 0
 0
 0
 0
 0
 0
 0
 0
 0
 0
 0
 0
 0
 0
 0
 0
 0
 0
 0
 0
 0
 0
 0
 0
 0
 0
 0
 0.9999898555685363
 0.9999999833610992
 0.9999999999519368
 0.9999999996881349
 1
 0.9999996992451491
 0.9999993229109621
 0.9999999713222263
 0.9999805222331002
 0.9999592094200713
 0.9957728259539252
 0.9800794936989664
 0.9785779329555211
 0.9763925117996983
 0.9673388651691651
 0.9687884618197663
 0.9670273541645458
 0.9780320756526838
 0.9690846516332544
 0.9659495684050572
 0.9624820177166344
 0.9610369531349436
 0.9657880596642159
 0.9594639531738527
 0.9564458892907789
 0.9546606674431068
 0.9453328209122486
 0.9401035444078415
 0
 0
 0
 0
 0
 0
 0
 0
 0
 0
 0
 0
 0
 0
 0
 0
 0
 0
 0
 0
 0
 0
 0
 0
 0
 0
 0
 0
 0
 0
 0
 0
 0
 0
 0
 0
 0
 0
 0
 0
 0
 0
 0
 0
 0
 0
 0
 0
 0
 0
 0
 0
 0
 0
 0
 0
 0
 0
 0
 0


