# Created by Octave 3.8.2, Fri Nov 20 21:53:25 2015 CET <dkottke@snake6>
# name: mus
# type: matrix
# ndims: 3
 1 30 19
 0
 0
 0.6850459482038421
 0.5476588628762542
 0.7598326359832637
 0.7730318257956449
 0.8813700918964082
 0.8993288590604027
 0.850459482038428
 0.854621848739496
 0.8607172643869881
 0.8493265993265997
 0.8461538461538458
 0.8458823529411764
 0.8666666666666658
 0.8716216216216216
 0.948151260504201
 0.9469696969696965
 0.9172932330827062
 0.9296610169491526
 0.9515455304928984
 0.9473905723905721
 0.9397993311036792
 0.9464285714285713
 0.943829787234043
 0.9423076923076917
 0.938131313131313
 0.9399092970521542
 0.9537426408746843
 0.9521367521367518
 0
 0
 0.3333333333333333
 1
 0.6
 0.7
 0.7
 0.6
 0.9
 0.9
 0.9
 0.9333333333333332
 0.9333333333333332
 0.9333333333333332
 0.7333333333333333
 0.8666666666666666
 0.6833333333333333
 0.8
 0.8
 0.85
 0.6799999999999999
 0.73
 0.6900000000000001
 0.75
 0.8799999999999999
 0.8800000000000001
 0.86
 0.7733333333333334
 0.8600000000000001
 0.8
 0
 0
 0.723447255512506
 0.8712347009793679
 0.704265799423791
 0.7598054211084837
 0.7678676623102559
 0.6424424270302107
 0.7539951886750059
 0.7796680746868654
 0.839432051766891
 0.8382995834117073
 0.8288893280877043
 0.8457335343858957
 0.7448215303400609
 0.8386201295511847
 0.6794670878423417
 0.8078904332914844
 0.8072908797283523
 0.7860274656383599
 0.7347237209615954
 0.7709584166174498
 0.7953587046988729
 0.7795686573921374
 0.8190905734261473
 0.8062715239768583
 0.7945645549798938
 0.809773073342273
 0.8272961953327367
 0.8268224128770074
 0
 0
 0.4166791654556923
 0.9762000005698297
 0.8091732059016511
 0.7222336399444148
 0.7515513621904376
 0.7869463209707829
 0.903220693566874
 0.8910317631915362
 0.9307034066699376
 0.9358820426147358
 0.9476044250717143
 0.945175158578604
 0.8729908360893548
 0.9158982051365899
 0.7766969464205201
 0.8582245200092197
 0.8730250340619384
 0.8863753269174254
 0.7457901319040404
 0.7894461902381953
 0.7728292846353606
 0.8167408221861501
 0.8174912894456553
 0.8594530753755447
 0.8143526165566093
 0.8069722270932114
 0.8276177778274834
 0.8304915557790754
 0
 0
 1
 1
 0.6
 0.6666666666666666
 0.7142857142857143
 0.625
 0.8888888888888888
 1
 1
 0.8333333333333334
 0.9230769230769231
 0.8888888888888888
 1
 0.6666666666666666
 1
 1
 1
 1
 1
 0
 1
 1
 1
 1
 1
 1
 1
 1
 0
 0
 1.300059994138918
 1.238100000451664
 0.6750000001721341
 0.7000000003426039
 0.7404761916790468
 0.6869051678225117
 0.9444444476123584
 1.047420638498964
 1.059469711910384
 0.8906565823789441
 0.9479020979963356
 0.9244574491025173
 0.9644297195427527
 0.773515877049672
 0.9405373907922837
 0.953972991054812
 0.9949399235296447
 0.9273272061840157
 0.9565125075616765
 0.5694606703696028
 0.7961368268195893
 0.9672427973365718
 0.8125013200259914
 0.9708504770365454
 0.7983032693375867
 0.9420308945211322
 1.00000090320641
 0.7916689500416989
 0
 0
 0.3678794411714423
 0.9679580610737871
 0.657124095742557
 0.7845384839447804
 0.7405952856137624
 0.7917913293947462
 0.7194637045649253
 0.7939584544796537
 0.8076468620881568
 0.8593463235901798
 0.8529587798449032
 0.8314707287105538
 0.808045456814739
 0.8444979697361195
 0.7848101769795349
 0.8706423507465837
 0.7747668865395319
 0.8346450953527189
 0.7474549233183763
 0.7755902671102922
 0.7692923593119841
 0.877220361729915
 0.8351627333100697
 0.8025363147470855
 0.8209847406796782
 0.8329924217578933
 0.8309553589154977
 0.8834150448359257
 0
 0
 0.4166791654368732
 0.8509285390484302
 0.7672657979689375
 0.7658668189815916
 0.7577005949640739
 0.815657517302439
 0.8275650812462068
 0.8305899548877106
 0.859474200652103
 0.867967951335169
 0.9409547771751516
 0.9337675279295315
 0.8109262895133525
 0.874638906982856
 0.7892983707517651
 0.8327389983275154
 0.8514220098585062
 0.8439706544542025
 0.7626610402775079
 0.8025247915580627
 0.7878589994252784
 0.8174303476823549
 0.8467399308858063
 0.8553933588671048
 0.7997027041659867
 0.8254556905772877
 0.8289762625241893
 0.8335132240918992
 0
 0
 1
 1
 1
 1
 1
 1
 1
 1
 1
 1
 1
 1
 1
 1
 1
 1
 1
 1
 1
 1
 1
 1
 1
 1
 1
 1
 1
 1
 0
 0
 1.300059994025015
 1.175446491991641
 0.673846257638466
 0.7302245253012324
 0.6850150878311826
 0.7657913536255657
 0.9563469045302493
 0.8420715226552264
 0.8696618990396758
 0.9638209777426597
 0.9561720087579413
 0.9638718547547644
 0.7252832388808477
 0.8713090259954259
 0.8521402890626418
 0.9314597220227199
 0.8023038231840813
 0.787494650986764
 0.6886027655990982
 0.6900266436084215
 0.6633629427428089
 0.7816993123922245
 0.8681538656792653
 0.8285350678285925
 0.8514189062759563
 0.7480120295693418
 0.9922797144315538
 0.9927170722188531
 0
 0
 0.3678794411714423
 0.9619915896824237
 0.778507546289527
 0.810588817534075
 0.6765092151098789
 0.787496101668414
 0.7376440548531711
 0.8644767624114519
 0.8140217219007848
 0.9230415616697709
 0.8409258096879231
 0.8443223207748369
 0.7383447378104007
 0.7707651199519798
 0.7845719234593032
 0.7469820759957224
 0.9563465688231531
 0.8924010396087667
 0.7781313423379904
 0.7941995351649536
 0.7947956158486367
 0.7828632872345226
 0.9272621694738689
 0.8162033136576099
 0.909138521803844
 0.8398397669628913
 0.8555378651971876
 0.9091310655826493
 0
 0
 0
 0
 0
 0
 0
 0
 0
 0
 0
 0
 0
 0
 0
 0
 0
 0
 0
 0
 0
 0
 0
 0
 0
 0
 0
 0
 0
 0
 0
 0
 0
 0
 0
 0
 0
 0
 0
 0
 0
 0
 0
 0
 0
 0
 0
 0
 0
 0
 0
 0
 0
 0
 0
 0
 0
 0
 0
 0
 0
 0
 0
 0
 0
 0
 0
 0
 0
 0
 0
 0
 0
 0
 0
 0
 0
 0
 0
 0
 0
 0
 0
 0
 0
 0
 0
 0
 0
 0
 0
 0
 0
 0
 0
 0
 0
 0
 0
 0
 0
 0
 0
 0
 0
 0
 0
 0
 0
 0
 0
 0
 0
 0
 0
 0
 0
 0
 0
 0
 0
 0
 0
 0
 0
 0
 0
 0
 0
 0
 0
 0
 0
 0
 0
 0
 0
 0
 0
 0
 0
 0
 0
 0
 0
 0
 0
 0
 0
 0
 0
 0
 1
 1
 1
 1
 1
 1
 1
 1
 1
 1
 1
 1
 1
 1
 1
 1
 1
 1
 1
 1
 1
 1
 1
 1
 1
 1
 1
 1
 0
 0
 0
 0
 0
 0
 0
 0
 0
 0
 0
 0
 0
 0
 0
 0
 0
 0
 0
 0
 0
 0
 0
 0
 0
 0
 0
 0
 0
 0
 0
 0
 0
 0
 0
 0
 0
 0
 0
 0
 0
 0
 0
 0
 0
 0
 0
 0
 0
 0
 0
 0
 0
 0
 0
 0
 0
 0
 0
 0


