# Created by Octave 3.8.2, Fri Nov 20 22:03:56 2015 CET <dkottke@snake3>
# name: mus
# type: matrix
# ndims: 3
 1 30 19
 0
 0
 0.3574879227053139
 0.6490384615384616
 0.9560975609756098
 0.8872549019607844
 0.8768472906403942
 0.8798076923076923
 0.8743961352657006
 0.8899999999999999
 0.9712918660287081
 0.9656862745098038
 0.966346153846154
 0.9642857142857144
 0.9641025641025641
 0.9567307692307693
 0.9558823529411765
 0.9545454545454546
 0.9569377990430623
 0.95
 0.9523809523809523
 0.9545454545454546
 0.9565217391304347
 0.953125
 0.9475
 0.9567307692307692
 0.9523809523809523
 0.9540816326530612
 0.960591133004926
 0.9611111111111111
 0
 0
 0.6666666666666666
 0.25
 0.6
 1
 1
 1
 1
 0.9
 0.8333333333333333
 0.8
 0.8666666666666666
 1
 1
 1
 0.95
 1
 0.95
 0.95
 0.95
 0.96
 1
 1
 1
 0.8666666666666668
 1
 1
 1
 1
 0
 0
 0.7805136948511953
 0.6121078389006578
 0.6607619667620073
 0.8925395049991451
 0.915717258822859
 0.9108710012051734
 0.9488257685545523
 0.9163493793816876
 0.9001519298374824
 0.9151055028395292
 0.953459274065134
 0.9626686484769995
 0.9733729233194235
 0.9738520103684103
 0.9793845891315894
 0.9731314021894686
 0.9794164432409224
 0.9931100837919851
 0.9748418013952409
 0.991914647555056
 0.9824650499823683
 0.9953235573984162
 0.998945118272437
 0.9952424734863308
 0.9916476168544857
 0.9878138750659657
 0.9926168261064571
 0.9923003067538307
 0
 0
 0.7222305547278479
 0.6389097270520674
 0.7233440211165795
 0.9363469172837608
 0.9831222999291334
 0.9921880752543688
 0.9917695886385703
 0.9514327039027159
 0.9312346153198934
 0.9816533131288144
 0.9896085682323802
 0.9980845744007656
 0.996747256923341
 1
 0.9978374329081382
 1
 1
 1
 1
 0.9988797692392342
 0.9997126448561287
 0.999299808623524
 1
 0.9996100005544806
 0.9995059247540131
 0.9989525352888162
 1
 1
 0
 0
 1
 0.25
 0.4
 1
 1
 1
 1
 0.8
 0.7272727272727273
 1
 1
 1
 1
 1
 1
 1
 1
 1
 1
 1
 1
 1
 1
 1
 1
 1
 1
 1
 0
 0
 1.499999999996824
 0.5000208345077898
 0.5666775009955188
 1.033333336349594
 1.203571429227494
 1.151785716615499
 1.056547623198318
 0.8958347913914324
 0.836996646917691
 1.058080848670309
 1.032925498642873
 1.016573296006615
 1.012589928447732
 0.9831057162189423
 1.008928571532798
 1.001068376243169
 1.001689189441807
 1.000000000390788
 1.000000000525723
 1.000000000693146
 1.000000000991301
 1.000000001349115
 1.00000000195384
 1.000000000568874
 1.000000003055426
 1.000000004117686
 1.000000004997084
 1.000000006100338
 0
 0
 0.7892931470571475
 0.8546122715078179
 0.829629512929646
 0.9498409879629057
 0.8719666485918446
 0.8391576662653721
 0.9436139818737889
 0.9550585873149835
 0.9076319537086016
 0.8482285251867573
 0.8900811062857344
 0.9009845111625614
 0.9495348888923721
 0.970059858743499
 1.003823887338427
 1.012181262668038
 0.9742790970622484
 0.982326841698974
 0.9671261536422937
 1.007487741829032
 1.00177241076207
 0.9963052988974359
 0.9985512546509036
 0.9881144193103615
 0.9987100722841625
 0.9975081667011046
 0.9842463278206993
 0.9983799175584323
 0
 0
 0.7222305547798334
 0.707724849623081
 0.6741697569407014
 0.8464614729991304
 0.9281725144012475
 0.9611534724445042
 0.9848915654992662
 0.9745570217534937
 0.9443324078970481
 0.9120087260336986
 0.9444485374068485
 0.9791825349657984
 0.9876914912992462
 0.9994392363833472
 0.9972849854551584
 0.9998921303311337
 0.9999062088472399
 0.9998360284758481
 0.9986806697584432
 0.9964402593779071
 0.9981922640324611
 0.9980063987823056
 0.998988637577191
 0.9977827508233782
 0.996273603480902
 0.9972858832124741
 0.9989236418833543
 1
 0
 0
 1
 1
 1
 1
 1
 1
 1
 1
 1
 1
 1
 1
 1
 1
 1
 1
 1
 1
 1
 1
 1
 1
 1
 1
 1
 1
 1
 1
 0
 0
 1.499999999996537
 0.5245306363636304
 0.6066826229030329
 0.8810017286547588
 1.428835451347122
 1.386959175246633
 1.092573034726805
 0.9414671119744239
 0.9074556413630961
 1.109016994153137
 1.092163982801186
 1.043105577358673
 1.01920363470417
 0.9925785275861305
 1.026399486330741
 1.005850122039773
 1.009344430187195
 1.000000000002178
 1.000000000006019
 1.000000000016608
 1.000000000000035
 1.000000000000106
 1.000000000000264
 1.00000000000056
 1.000000000001594
 1.000000000003428
 1.00000000000768
 1.000000000000047
 0
 0
 0.7892931470571475
 0.8546122724205764
 1.041497402497609
 0.995225071998603
 0.797818546507958
 0.8045388579683254
 0.8882438795698715
 0.9474545832583312
 0.9002735169484569
 0.8451967443595252
 0.9117382840428468
 0.9704896617116618
 0.9103638552190759
 1.075014315247298
 1.050870588907495
 1.170408864837205
 1.011851665668159
 0.9682961367835905
 0.9552552515386438
 1.035952937770736
 1.060976414055634
 0.9887410508184362
 0.9914536352953709
 1.031396406307963
 1.018379094406886
 1.014481151227503
 0.9885728972215329
 0.9919303688274642
 0
 0
 0
 0
 0
 0
 0
 0
 0
 0
 0
 0
 0
 0
 0
 0
 0
 0
 0
 0
 0
 0
 0
 0
 0
 0
 0
 0
 0
 0
 0
 0
 0
 0
 0
 0
 0
 0
 0
 0
 0
 0
 0
 0
 0
 0
 0
 0
 0
 0
 0
 0
 0
 0
 0
 0
 0
 0
 0
 0
 0
 0
 0
 0
 0
 0
 0
 0
 0
 0
 0
 0
 0
 0
 0
 0
 0
 0
 0
 0
 0
 0
 0
 0
 0
 0
 0
 0
 0
 0
 0
 0
 0
 0
 0
 0
 0
 0
 0
 0
 0
 0
 0
 0
 0
 0
 0
 0
 0
 0
 0
 0
 0
 0
 0
 0
 0
 0
 0
 0
 0
 0
 0
 0
 0
 0
 0
 0
 0
 0
 0
 0
 0
 0
 0
 0
 0
 0
 0
 0
 0
 0
 0
 0
 0
 0
 0
 0
 0
 0
 0
 0
 1
 1
 1
 1
 1
 1
 1
 1
 1
 1
 1
 1
 1
 1
 1
 1
 1
 1
 1
 1
 1
 1
 1
 1
 1
 1
 1
 1
 0
 0
 0
 0
 0
 0
 0
 0
 0
 0
 0
 0
 0
 0
 0
 0
 0
 0
 0
 0
 0
 0
 0
 0
 0
 0
 0
 0
 0
 0
 0
 0
 0
 0
 0
 0
 0
 0
 0
 0
 0
 0
 0
 0
 0
 0
 0
 0
 0
 0
 0
 0
 0
 0
 0
 0
 0
 0
 0
 0


