# Created by Octave 3.8.2, Fri Nov 20 22:50:46 2015 CET <dkottke@snake3>
# name: mus
# type: matrix
# ndims: 3
 1 30 19
 0
 0
 0.536231884057971
 0.6971153846153846
 0.7512195121951222
 0.8578431372549018
 0.852216748768473
 0.7980769230769231
 0.8019323671497586
 0.78
 0.6028708133971292
 0.6813725490196078
 0.7932692307692307
 0.8520408163265306
 0.8564102564102565
 0.9807692307692307
 0.9852941176470589
 0.9797979797979799
 0.9665071770334929
 0.93
 0.9841269841269842
 0.9848484848484849
 0.9533011272141706
 0.9895833333333334
 0.9475
 0.9855769230769231
 0.9841269841269841
 0.9846938775510204
 0.9852216748768473
 0.9833333333333334
 0
 0
 0.6666666666666666
 1
 0.8
 0.6
 0.5
 1
 0.8
 0.8
 0.9333333333333332
 0.9
 0.8333333333333334
 0.8666666666666668
 0.8666666666666666
 0.8
 0.7
 0.8
 0.7166666666666667
 0.8
 0.82
 0.7899999999999999
 0.86
 0.8699999999999999
 0.8400000000000001
 0.9266666666666667
 0.9333333333333332
 0.8933333333333333
 0.9266666666666665
 0.9333333333333333
 0
 0
 0.6137041029381036
 0.9384152660111278
 0.8520568904869333
 0.8279944057609366
 0.8251133120574323
 0.911702401881743
 0.8251133120574323
 0.8019016257675728
 0.7958041853205755
 0.8553954543392691
 0.8657930975655352
 0.8788467365193151
 0.8222864861170446
 0.8140606602830236
 0.757161651439244
 0.8491623537956972
 0.8617969917250847
 0.8246734442685971
 0.8009467738611696
 0.8486708322838417
 0.8664714422420555
 0.8172750106872312
 0.8589729542560776
 0.8471121724706825
 0.8694359313167472
 0.8861388582261183
 0.8761589254349571
 0.9087341323788083
 0
 0
 0.6111194437405729
 0.9821500004690056
 0.8916695034415025
 0.8721116360123882
 0.8261532937934611
 0.9683280543098406
 0.8334572488543333
 0.9013812858348469
 0.9275348946979947
 0.9660791531431211
 0.9284592659215783
 0.9694993817660768
 0.9306411498543992
 0.8510938652116453
 0.8170225282007164
 0.8295972880747183
 0.8624679224725017
 0.8451500055918839
 0.8651023531871086
 0.8411879399553747
 0.8751681964247348
 0.8909641074936792
 0.8925219304893892
 0.8554850640710722
 0.9122869667337028
 0.9161724232583618
 0.8994344790591946
 0.8912581069744211
 0
 0
 1
 1
 1
 0.6666666666666666
 0.8571428571428571
 1
 0.7777777777777778
 1
 0.9090909090909091
 1
 1
 1
 0.8
 0.6666666666666666
 1
 1
 0
 1
 0
 1
 0
 1
 1
 1
 0
 1
 1
 1
 0
 0
 1.499999999992569
 1.333333333331727
 1.125000010595511
 0.7208337124941012
 0.8773809531885601
 1.041071429287226
 0.7609127063523896
 1.051190478922542
 0.9087121490779235
 1.025505066532758
 1.025466270833088
 1.032096262474146
 0.8502346057549586
 0.7741950282629704
 0.9530430182378273
 0.9689041180045664
 0.6340135878786318
 1.024335795867063
 0.5893074888490746
 1.013984909891959
 0.5795756889496481
 1.003242218954929
 1.031250001421194
 0.9278569080115475
 0.7500036741315048
 0.8750018015959036
 0.9387769946600383
 1.000000005141687
 0
 0
 0.7892931470571475
 0.7756943376836321
 0.9042112037379973
 0.8418162657735175
 0.9137713559959054
 0.9046928776357642
 0.9356413359569664
 0.8506068623078247
 0.825530086876394
 0.8387978132306272
 0.9136235768241102
 0.9075324213453033
 0.8900296909828861
 0.838322127330106
 0.8642884637970181
 0.8602855083117076
 0.8527244480024149
 0.8623482199333505
 0.8469450074119579
 0.8889720006578067
 0.8773109247349458
 0.8476616592642948
 0.8880255397789403
 0.8838631565762416
 0.8834821450730157
 0.8825291884954175
 0.8951200640846283
 0.9003141914739435
 0
 0
 0.6111194436281819
 0.8882680869155242
 0.8743472303288986
 0.910221769137372
 0.8754698383458247
 0.9280531306011955
 0.810968663856562
 0.8753881259617102
 0.8771059018502005
 0.9174415394604358
 0.9215114252139575
 0.9413735848682532
 0.9163162596307372
 0.8815525699651334
 0.8420897774916909
 0.8419914813988341
 0.8664120777318745
 0.8343970482734896
 0.8557826387109099
 0.8663322581554224
 0.8746243083547088
 0.8894211820123669
 0.8778082103812891
 0.8420783691956741
 0.8917784467191476
 0.9001011106368084
 0.9038132793263374
 0.9130632929453535
 0
 0
 1
 1
 1
 1
 1
 1
 1
 1
 1
 1
 1
 1
 1
 1
 1
 1
 1
 1
 1
 1
 1
 1
 1
 1
 1
 1
 1
 1
 0
 0
 1.499999999995892
 1.333333333663268
 1.032309286115554
 0.7118142340720832
 0.8609473609282789
 0.9450676165689565
 0.7604888142472108
 0.8991453584158093
 0.8586550848232526
 0.9379541778436169
 0.9455882581701293
 0.9758400005859751
 0.9701114186872581
 0.8494961496653094
 0.7630869622463469
 0.783270299496153
 0.9959665057753109
 0.945540197493543
 0.9301706819286775
 0.9191555172469911
 0.9967775759064299
 0.9021692701871785
 1.116763958097701
 0.7066573367960929
 0.9999976982894907
 0.8815137852432149
 0.7481536819537755
 1.000000000000048
 0
 0
 0.7892931470571475
 0.7756943362764681
 0.9723480488673293
 0.8457027538336517
 0.9557324289246034
 0.8949153217622003
 0.8301743476541048
 0.8689404309286044
 0.801912234920209
 0.8336853969168778
 0.9736561568992324
 0.8846435472746437
 0.9495896345449644
 1.030564873855504
 0.9341642965635633
 0.9016686078567211
 0.8570007668182391
 1.001255186041003
 0.8722531549323372
 0.8277971442984797
 0.9019253849974332
 0.9328184034712419
 0.9628798971441785
 0.9489996851060335
 0.9239225291752917
 0.8807839430536919
 0.997717246100442
 0.9733298205194498
 0
 0
 0
 0
 0
 0
 0
 0
 0
 0
 0
 0
 0
 0
 0
 0
 0
 0
 0
 0
 0
 0
 0
 0
 0
 0
 0
 0
 0
 0
 0
 0
 0
 0
 0
 0
 0
 0
 0
 0
 0
 0
 0
 0
 0
 0
 0
 0
 0
 0
 0
 0
 0
 0
 0
 0
 0
 0
 0
 0
 0
 0
 0
 0
 0
 0
 0
 0
 0
 0
 0
 0
 0
 0
 0
 0
 0
 0
 0
 0
 0
 0
 0
 0
 0
 0
 0
 0
 0
 0
 0
 0
 0
 0
 0
 0
 0
 0
 0
 0
 0
 0
 0
 0
 0
 0
 0
 0
 0
 0
 0
 0
 0
 0
 0
 0
 0
 0
 0
 0
 0
 0
 0
 0
 0
 0
 0
 0
 0
 0
 0
 0
 0
 0
 0
 0
 0
 0
 0
 0
 0
 0
 0
 0
 0
 0
 0
 0
 0
 0
 0
 0
 1
 1
 1
 1
 1
 1
 1
 1
 1
 1
 1
 1
 1
 1
 1
 1
 1
 1
 1
 1
 1
 1
 1
 1
 1
 1
 1
 1
 0
 0
 0
 0
 0
 0
 0
 0
 0
 0
 0
 0
 0
 0
 0
 0
 0
 0
 0
 0
 0
 0
 0
 0
 0
 0
 0
 0
 0
 0
 0
 0
 0
 0
 0
 0
 0
 0
 0
 0
 0
 0
 0
 0
 0
 0
 0
 0
 0
 0
 0
 0
 0
 0
 0
 0
 0
 0
 0
 0


