# Created by Octave 3.8.2, Fri Nov 20 23:22:44 2015 CET <dkottke@snake10>
# name: mus
# type: matrix
# ndims: 3
 1 30 19
 0
 0
 0.9323671497584543
 0.7163461538461539
 0.8634146341463416
 0.8970588235294117
 0.8423645320197046
 0.8125
 0.8405797101449278
 0.8450000000000001
 0.8708133971291867
 0.8676470588235294
 0.903846153846154
 0.9081632653061223
 0.9025641025641027
 0.9326923076923077
 0.9313725490196078
 0.9469696969696969
 0.9425837320574163
 0.915
 0.91005291005291
 0.8989898989898989
 0.8808373590982287
 0.90625
 0.9099999999999999
 0.889423076923077
 0.9440665154950869
 0.9387755102040817
 0.9458128078817734
 0.938888888888889
 0
 0
 0.3333333333333333
 1
 0.6
 0.6
 0.6
 0.8
 0.6
 0.7
 0.8333333333333333
 0.7666666666666666
 0.6666666666666666
 0.7
 0.7999999999999999
 0.8166666666666667
 0.85
 0.8166666666666667
 0.8
 0.75
 0.77
 0.7699999999999999
 0.74
 0.75
 0.8
 0.7666666666666666
 0.8133333333333335
 0.82
 0.8666666666666668
 0.8333333333333334
 0
 0
 0.6264742152376704
 0.7821099588886411
 0.6839397205857212
 0.8290694407249308
 0.6532984435661562
 0.7538435595578598
 0.6643456192694557
 0.7061496952925758
 0.7588299922760118
 0.6940242277941355
 0.7290157410911796
 0.7369438436902354
 0.7980758444510825
 0.767509630884804
 0.7769420458775713
 0.8192645064770622
 0.8411091212078587
 0.7788408166225882
 0.8106647834094231
 0.8362328032143307
 0.8153804076424632
 0.8177749019894563
 0.8638014408665643
 0.8340588707982057
 0.8710421583421206
 0.8525476988637636
 0.8713261234913316
 0.9052096800179376
 0
 0
 0.4969214091754399
 0.7957851714532221
 0.610379968850446
 0.6551441626352283
 0.5976458570300199
 0.6938095878627517
 0.6159348885480233
 0.6610703960989091
 0.6938625151886073
 0.7088793240463596
 0.6810450111229509
 0.6879946822665027
 0.7117030571423003
 0.7351423462380468
 0.7415920154684916
 0.7540321466560325
 0.7500182298209986
 0.7031235118803204
 0.728870964806228
 0.7599740822431303
 0.753158668096203
 0.7620898409861258
 0.7712034839518621
 0.7456243180711344
 0.7532604626862094
 0.7709633281574657
 0.7699181999100094
 0.785171323801114
 0
 0
 0
 1
 0.2
 0.6666666666666666
 0.7142857142857143
 0.75
 0.7777777777777778
 0.8
 0.5454545454545454
 0.9166666666666666
 0.4615384615384616
 0.5555555555555556
 0.8
 0.6666666666666666
 1
 0
 1
 1
 1
 1
 1
 1
 1
 1
 1
 1
 1
 1
 0
 0
 0.08333455024538083
 0.6874835185750819
 0.454151963671915
 0.7598895339287765
 0.6643896885988336
 0.6977948162422791
 0.6036936730632763
 0.747019834880287
 0.6805341536751252
 0.7310313095283811
 0.6508827593475683
 0.6615564586083732
 0.7432600094169235
 0.770557636595737
 0.7718137159243093
 0.6956894214491667
 0.7555883280631905
 0.6510327756710137
 0.824466260701319
 0.7779072447454873
 0.8310292259224688
 0.7241831163257711
 0.8819902602956448
 0.8204463819842485
 0.8074348673885807
 0.8880393814613553
 0.7536234606311067
 0.7006770268699943
 0
 0
 0.5785862941142949
 0.6640208188277311
 0.6716396012570117
 0.7504309108180154
 0.7252182282056348
 0.7343587269169737
 0.717845494663837
 0.7398905112091086
 0.7370497428577004
 0.7616525726979023
 0.7583863206997615
 0.7629881255096554
 0.7997029816310784
 0.798777992984423
 0.8071337146319775
 0.8053227638384334
 0.7653170424186823
 0.7613012217425543
 0.8168519058692938
 0.7734463389370517
 0.7807107119161718
 0.8737003736207914
 0.810347145734188
 0.7866367547219458
 0.7920114035155943
 0.857423574816332
 0.8119882912226384
 0.8230003425362346
 0
 0
 0.4987734107868266
 0.7059905129510203
 0.5919109438234038
 0.6688236768502067
 0.5974342721517494
 0.700092365041362
 0.6232388526053643
 0.6579775290297784
 0.7050505988771628
 0.7244237774139384
 0.6930433315627793
 0.7068674781461519
 0.7393568458543893
 0.7431148434114714
 0.7573971913386076
 0.7695776756373135
 0.7703698837641905
 0.7168812526288139
 0.7571192800256357
 0.7871406097834418
 0.768655469764186
 0.7718657501985776
 0.7906996840126534
 0.7702336270377511
 0.7718107530131433
 0.7920866360686761
 0.7969922979725947
 0.8112725218436487
 0
 0
 0.999329270318849
 0.9999993656355003
 0.9999998057330237
 1
 0.9999999999815494
 0.9999999999997506
 0.9999999999996263
 0.9999999999999997
 1
 0.9986787775143825
 0.9935332644280065
 0.9840060996456571
 0.9827505449316465
 0.9804290947601911
 0.9733467537599421
 0.968752109052047
 0.9657844780457405
 0.960352916143969
 0.9670147756989692
 0.9607469349995897
 0.9623212421291635
 0.9641070194055493
 0.9596210031160901
 0.957317965902531
 0.9653222065162045
 0.9510213880445102
 0.9482804926026754
 0.9336360916660926
 0
 0
 0.08333330455073107
 0.6346984021699741
 0.5319569550227298
 0.5938527561997393
 0.6239290805926748
 0.7633432858033261
 0.6278292023400786
 0.7308475987685178
 0.6856573313903451
 0.7450025634612912
 0.6773633706824281
 0.6938550040581615
 0.7185879846156403
 0.7210818221283125
 0.8132239581945437
 0.7330182959638071
 0.8737446686261664
 0.8100936842119716
 0.8287419397757813
 0.7622531189759556
 0.8824216968374091
 0.7604890716666156
 0.7705032634109299
 0.7398548607628909
 0.7661792556839854
 0.7682211110159851
 0.8141345686469366
 0.8721310626198097
 0
 0
 0.5785862941142949
 0.6716514288086585
 0.6624025895290935
 0.6938465799824202
 0.6747009642013559
 0.8043386552408514
 0.7170891766561378
 0.7287520897062684
 0.7899551754692185
 0.778349231835853
 0.7381299391623893
 0.7554549461605707
 0.7711971792407574
 0.7516715829456151
 0.7905486562619523
 0.8093854977275116
 0.7813668916204963
 0.760370496163302
 0.7942396640588754
 0.7998932711219237
 0.7923325139837545
 0.7858399741337221
 0.7835711562383025
 0.7720522981453574
 0.7705395903366025
 0.7970970111474601
 0.7949429752895659
 0.8065849034315717
 0
 0
 0
 0
 0
 0
 0
 0
 0
 0
 0
 0
 0
 0
 0
 0
 0
 0
 0
 0
 0
 0
 0
 0
 0
 0
 0
 0
 0
 0
 0
 0
 0
 0
 0
 0
 0
 0
 0
 0
 0
 0
 0
 0
 0
 0
 0
 0
 0
 0
 0
 0
 0
 0
 0
 0
 0
 0
 0
 0
 0
 0
 0
 0
 0
 0
 0
 0
 0
 0
 0
 0
 0
 0
 0
 0
 0
 0
 0
 0
 0
 0
 0
 0
 0
 0
 0
 0
 0
 0
 0
 0
 0
 0
 0
 0
 0
 0
 0
 0
 0
 0
 0
 0
 0
 0
 0
 0
 0
 0
 0
 0
 0
 0
 0
 0
 0
 0
 0
 0
 0
 0
 0
 0
 0
 0
 0
 0
 0
 0
 0
 0
 0
 0
 0
 0
 0
 0
 0
 0
 0
 0
 0
 0
 0
 0
 0
 0
 0
 0
 0
 0
 0.9999638568724839
 0.9999999990189522
 0.9999999999980355
 0.9999999999999982
 0.9999999141779686
 0.9999999237694928
 0.9999999681190014
 0.9999998684747438
 0.9999998604891221
 0.9981526395454698
 0.9977391238698459
 0.9878073990583905
 0.9829071162820469
 0.9791955893002393
 0.9678786897486268
 0.9726775021287078
 0.9704747650492784
 0.9655545367107685
 0.9622546199407124
 0.9572481823988221
 0.9678189534249741
 0.9544294929125579
 0.9582170219844568
 0.9626543546849567
 0.9505748510022943
 0.9539829460096639
 0.9566005996111576
 0.9472881759750544
 0
 0
 0
 0
 0
 0
 0
 0
 0
 0
 0
 0
 0
 0
 0
 0
 0
 0
 0
 0
 0
 0
 0
 0
 0
 0
 0
 0
 0
 0
 0
 0
 0
 0
 0
 0
 0
 0
 0
 0
 0
 0
 0
 0
 0
 0
 0
 0
 0
 0
 0
 0
 0
 0
 0
 0
 0
 0
 0
 0


