# Created by Octave 3.8.2, Fri Nov 20 22:41:22 2015 CET <dkottke@snake10>
# name: mus
# type: matrix
# ndims: 3
 1 30 19
 0
 0
 0.3236714975845411
 0.8990384615384616
 0.8829268292682928
 0.9166666666666665
 0.9162561576354682
 0.9663461538461539
 0.9613526570048311
 0.9649999999999999
 0.9808612440191388
 0.9803921568627449
 0.9855769230769231
 0.9846938775510204
 0.9794871794871796
 0.9807692307692307
 0.9803921568627452
 0.9848484848484848
 0.9904306220095694
 0.95
 0.9735449735449736
 0.9898989898989901
 0.9903381642512077
 0.9895833333333334
 0.99
 0.9711538461538463
 0.9947089947089947
 1
 0.9950738916256158
 0.9944444444444445
 0
 0
 1
 0.5
 0.6
 0.8
 0.5
 0.8
 0.4
 0.6
 0.6333333333333333
 0.4666666666666667
 0.5666666666666667
 0.8333333333333333
 0.8666666666666668
 0.8
 0.8
 0.7666666666666666
 0.7833333333333333
 0.55
 0.72
 0.6900000000000001
 0.64
 0.7
 0.7200000000000001
 0.66
 0.7133333333333333
 0.74
 0.72
 0.7
 0
 0
 1
 0.6596273914000075
 0.6466270487104244
 0.7703295302922908
 0.7777042701452905
 0.7096459566447492
 0.7201812992918919
 0.7113316114682919
 0.7201812992918919
 0.7014885913379616
 0.575689784411846
 0.5300918832143899
 0.5678012721972201
 0.5068481374369822
 0.6227824651585327
 0.6965829497660023
 0.6410083932062982
 0.6392201685042281
 0.564941218539644
 0.5933649577544492
 0.6345580157793319
 0.6101870183682807
 0.5857092876734191
 0.6128356065911899
 0.6589990802252884
 0.676687215911151
 0.7152178251510404
 0.7287131089598561
 0
 0
 1
 0.5555763951384576
 0.6541813929654697
 0.8171349723998401
 0.8340167573260758
 0.6719975622597021
 0.6480809803186826
 0.7456153219167163
 0.7370184628308745
 0.6495249546332624
 0.6688745229193435
 0.7289585020349033
 0.7298241189568287
 0.6465646923225937
 0.6576202282840208
 0.5770985989351284
 0.5968552047295524
 0.5992925087506608
 0.5928558484756389
 0.5985453101588758
 0.6261939732821723
 0.6580986026308097
 0.7130292745055188
 0.70615725911514
 0.6603737361108718
 0.6560265687167807
 0.7050281131680576
 0.7218669666388426
 0
 0
 1
 1
 0.6
 0.8333333333333334
 0.8571428571428571
 0.5
 0.8888888888888888
 0.4
 0.8181818181818182
 0.5833333333333334
 0.6923076923076923
 0.7777777777777778
 0.8
 0.3333333333333333
 0.5
 0
 1
 1
 0
 1
 1
 1
 1
 0
 0
 1
 1
 1
 0
 0
 1.00000000001197
 1.285733334023263
 0.620833562502082
 0.7000000036790754
 0.8988095246883295
 0.5613114159083039
 0.9198484593653711
 0.5533743132450335
 0.8736274169457863
 0.5929293379761301
 0.7229604055089149
 0.800406572484278
 0.8030521275189573
 0.5100935161435409
 0.5772472272370037
 0.4211530053246715
 0.8420022074471648
 0.6920836266163631
 0.5329549196279969
 0.7811051023116367
 0.9520774844694152
 0.6454159252480314
 0.6718757009270514
 0.4583587365516201
 0.4895981005684493
 0.712804690808035
 0.7995873837861021
 0.6189640146530212
 0
 0
 1
 0.9407387000036553
 0.7572108630575567
 0.7148912866672951
 0.7959740057876296
 0.7842013195174007
 0.861889692204352
 0.8012197680286312
 0.7115481341729664
 0.7402626112335919
 0.7750690649472394
 0.717291024077097
 0.7289167593865244
 0.725304723623676
 0.6723298617922622
 0.7407507704400773
 0.7481229058660651
 0.6708382864117689
 0.7375442554168882
 0.735178928179402
 0.7218143378843633
 0.7391287572746676
 0.8005370358760231
 0.7229369392495948
 0.7352764587957408
 0.8053091158241044
 0.7670314099666482
 0.8240545600443729
 0
 0
 1
 0.6115432931255619
 0.6299895397563184
 0.7422941206083252
 0.812187950853829
 0.7192777743263227
 0.6768901185283488
 0.7044463706681746
 0.7056186454632847
 0.6765931725266561
 0.6902347142548378
 0.6527033665783107
 0.7077145050100407
 0.6257950221040723
 0.6591203368456784
 0.6343296492857717
 0.6275191294941637
 0.5947482810483036
 0.6193718311134052
 0.6096271143888795
 0.6097281094668751
 0.6509393582903399
 0.6966021482820273
 0.6895493114573316
 0.6626564877521189
 0.6654809786960091
 0.6853045512288028
 0.7531370093086321
 0
 0
 1
 1
 1
 1
 1
 1
 1
 1
 1
 1
 1
 1
 1
 1
 1
 1
 1
 1
 1
 1
 1
 1
 1
 1
 1
 1
 1
 1
 0
 0
 1.000000000029613
 1.298264033760269
 0.6333340384519259
 0.5925619617891992
 0.8738575141450169
 0.6329003308270256
 0.6236758138851766
 0.7467828355897568
 0.8515512772468926
 0.5621720693991714
 0.5957425264459623
 0.7544915457032958
 0.8099972775434594
 0.7293707385775146
 0.5889753522770758
 0.5650798031059647
 0.6601365257034487
 0.607718002763909
 0.6798984647636506
 0.5395240377809978
 0.7232887412296668
 0.6432737027095193
 0.8290719036182707
 0.6665883494655284
 0.6172927248748422
 0.739564216401385
 0.7480065151415665
 0.7339179890533493
 0
 0
 1
 0.940738697653833
 0.7872314749270145
 0.7862418221816334
 0.8593952890783537
 0.7279710857603149
 0.7257913365153719
 0.7758357519990987
 0.7261915561304455
 0.7032777412724927
 0.7543967384232335
 0.6809305459196324
 0.9535153196838803
 0.6913785103122053
 0.7353543491677182
 0.6607424238967821
 0.7380241010992104
 0.6884926951077169
 0.8677665574609836
 0.7589362710013343
 0.8154726178853704
 0.774273058841947
 0.7894784246106999
 0.7593717904101901
 0.7668996527858155
 0.7344906265879941
 0.8362967230369791
 0.8506932763697271
 0
 0
 0
 0
 0
 0
 0
 0
 0
 0
 0
 0
 0
 0
 0
 0
 0
 0
 0
 0
 0
 0
 0
 0
 0
 0
 0
 0
 0
 0
 0
 0
 0
 0
 0
 0
 0
 0
 0
 0
 0
 0
 0
 0
 0
 0
 0
 0
 0
 0
 0
 0
 0
 0
 0
 0
 0
 0
 0
 0
 0
 0
 0
 0
 0
 0
 0
 0
 0
 0
 0
 0
 0
 0
 0
 0
 0
 0
 0
 0
 0
 0
 0
 0
 0
 0
 0
 0
 0
 0
 0
 0
 0
 0
 0
 0
 0
 0
 0
 0
 0
 0
 0
 0
 0
 0
 0
 0
 0
 0
 0
 0
 0
 0
 0
 0
 0
 0
 0
 0
 0
 0
 0
 0
 0
 0
 0
 0
 0
 0
 0
 0
 0
 0
 0
 0
 0
 0
 0
 0
 0
 0
 0
 0
 0
 0
 0
 0
 0
 0
 0
 0
 1
 1
 1
 1
 1
 1
 1
 1
 1
 1
 1
 1
 1
 1
 1
 1
 1
 1
 1
 1
 1
 1
 1
 1
 1
 1
 1
 1
 0
 0
 0
 0
 0
 0
 0
 0
 0
 0
 0
 0
 0
 0
 0
 0
 0
 0
 0
 0
 0
 0
 0
 0
 0
 0
 0
 0
 0
 0
 0
 0
 0
 0
 0
 0
 0
 0
 0
 0
 0
 0
 0
 0
 0
 0
 0
 0
 0
 0
 0
 0
 0
 0
 0
 0
 0
 0
 0
 0


