# Created by Octave 3.8.2, Fri Nov 20 22:16:09 2015 CET <dkottke@snake9>
# name: mus
# type: matrix
# ndims: 3
 1 30 19
 0
 0
 0.6521739130434784
 0.8701923076923077
 0.8926829268292683
 0.8627450980392155
 0.7733990147783251
 0.8990384615384616
 0.9130434782608697
 0.9200000000000002
 0.9234449760765547
 0.9215686274509803
 0.951923076923077
 0.9438775510204082
 0.953846153846154
 0.9519230769230769
 0.9468954248366015
 0.9469696969696969
 0.9521531100478469
 0.9550000000000001
 0.9576719576719577
 0.9452861952861951
 0.9468599033816424
 0.9461805555555556
 0.95
 0.9567307692307693
 0.9440665154950869
 0.9489795918367346
 0.9507389162561576
 0.9444444444444445
 0
 0
 0.6666666666666666
 0.5
 0.6
 0.9
 1
 1
 0.9
 0.9
 0.9
 1
 0.9333333333333332
 0.8666666666666666
 0.8666666666666666
 0.8833333333333332
 0.9333333333333332
 0.95
 0.9333333333333332
 0.95
 0.96
 0.96
 0.95
 0.96
 0.96
 0.96
 0.9666666666666668
 0.96
 0.9666666666666668
 0.9666666666666668
 0
 0
 0.7568767081428625
 0.7036934880491136
 0.6839397205857212
 0.7215659443255162
 0.8432153337559928
 0.8417591534399178
 0.8343844135869178
 0.8661445044575895
 0.8870611268226311
 0.9143550757111015
 0.8790492951354529
 0.9175929298844836
 0.9384077960592545
 0.9043817250482918
 0.9267843854321907
 0.9289115212809471
 0.9139767147644322
 0.9051193859878456
 0.9361407730688198
 0.935738152457616
 0.937892663260373
 0.935563249129188
 0.937736992065996
 0.9441904428135454
 0.9440544088981819
 0.9602765123072156
 0.9793540271777893
 0.9748905060164536
 0
 0
 0.6111194436853631
 0.7604229594638652
 0.6908469022373955
 0.8310265397961758
 0.9721187208297966
 0.9315397377254863
 0.8010392333777107
 0.9058630027614444
 0.8654012921264277
 0.9151161889748385
 0.9163898588041098
 0.8964826013461812
 0.919397579998538
 0.9622332993468735
 0.9672576846257138
 0.9601716529363525
 0.9660127428642445
 0.9656649473258022
 0.9710802831520577
 0.9633585961909479
 0.972325231446333
 0.9627084100318217
 0.9736795619942284
 0.9775605045272702
 0.9841307105546433
 0.9794757878203206
 0.9829979757092584
 0.9787323891982291
 0
 0
 0.6666666666666666
 0.25
 0.6
 0.8333333333333334
 1
 1
 0.8888888888888888
 0.9
 0.9090909090909091
 0.8333333333333334
 0.7692307692307693
 1
 1
 1
 1
 1
 1
 1
 1
 1
 1
 1
 1
 1
 1
 1
 1
 1
 0
 0
 1.000000000076992
 0.5000125004593223
 0.6208431261609526
 0.7500000003831511
 1.171428572055289
 1.042857144102551
 0.9236111180702151
 0.8888888971771153
 0.9223485193068452
 0.8582076390823067
 0.8335389847757233
 0.9817636464469561
 0.995367481934769
 1.022576700658757
 1.001249121108216
 0.9743594165355797
 1.064189454563612
 1.055851371232148
 1.047413793339088
 1.055555906055795
 1.004135073738185
 1.017857144180685
 1.05989996193144
 1.000000002418029
 1.000000003145904
 1.000000003981829
 1.000000902015997
 1.00000000489891
 0
 0
 0.7892931470571475
 0.7817761769611892
 0.97962641187222
 0.7814403879585589
 0.8165409557499225
 0.9113650274842668
 0.8541649365284876
 0.8421870009258023
 0.9398099229215466
 0.9363246251454773
 0.9387444098290353
 0.946830081824283
 0.93364816476687
 0.9121788804953238
 0.9643005227534878
 0.9387885815861584
 0.9658690366472182
 0.9315186954105247
 0.9552147541572231
 0.9525734141861765
 0.9466828755433461
 0.9702299748336439
 0.9444981407994555
 0.9424036979291348
 0.9653058693484455
 0.9753641856236266
 0.974722095963688
 0.9596876615360589
 0
 0
 0.611119443621874
 0.7984124194103146
 0.6342967188955437
 0.7208607228415064
 0.9193445627099645
 0.9485925329064531
 0.8909141572053397
 0.9170506465492397
 0.9128216194142442
 0.9305563344584679
 0.9223822959465334
 0.9294658475428359
 0.9389097084236521
 0.9423274665338044
 0.9557678109515186
 0.9637304047825545
 0.9550351271841141
 0.9575954918483077
 0.9555962315274799
 0.9536632230200273
 0.9576053925271986
 0.9620110426404059
 0.9634193472904508
 0.9714354413978631
 0.9787793574653344
 0.9777488451491867
 0.9753881386943258
 0.9760256553244135
 0
 0
 1
 1
 1
 1
 1
 1
 1
 1
 1
 1
 1
 1
 1
 1
 1
 1
 1
 1
 1
 1
 1
 1
 1
 1
 1
 1
 1
 1
 0
 0
 0.9999999999921894
 0.5735419109903079
 0.5883504813979105
 0.5690416983707327
 1.167260765302899
 0.9529602324934603
 0.892018314950091
 0.8712665484924895
 0.917157741260282
 0.8909911572925081
 0.869094188359874
 0.8655647553854875
 0.8723893422552994
 0.9821275397574193
 0.9642258829973266
 0.9113704404703975
 1.105472968786075
 0.9858960549064699
 1.093952093311657
 1.009365932925637
 0.8998662290943343
 1.102025663995113
 0.9732734192954865
 1.000000000000642
 1.000000000001635
 1.000000000003614
 0.9922962518791442
 1.000000000000051
 0
 0
 0.7892931470571475
 0.8251887361257785
 1.010691003797616
 0.8485780514148128
 0.814187193331645
 0.9307870054186677
 0.8078533208284404
 0.8561658202256452
 0.9362018103387055
 0.8883570829804436
 0.9962162484572319
 0.9055519136256803
 0.8855552622262202
 0.9927493375763297
 0.9346060978712685
 0.9098152662158544
 0.9235716090306068
 0.9584261743838978
 0.9512175022252551
 0.9314079533994442
 0.9628602756597748
 0.941191679915953
 0.9673545511446708
 0.9348531114497891
 0.9405175621534386
 1.016889056264871
 0.9622579676235841
 0.9834809592729996
 0
 0
 0
 0
 0
 0
 0
 0
 0
 0
 0
 0
 0
 0
 0
 0
 0
 0
 0
 0
 0
 0
 0
 0
 0
 0
 0
 0
 0
 0
 0
 0
 0
 0
 0
 0
 0
 0
 0
 0
 0
 0
 0
 0
 0
 0
 0
 0
 0
 0
 0
 0
 0
 0
 0
 0
 0
 0
 0
 0
 0
 0
 0
 0
 0
 0
 0
 0
 0
 0
 0
 0
 0
 0
 0
 0
 0
 0
 0
 0
 0
 0
 0
 0
 0
 0
 0
 0
 0
 0
 0
 0
 0
 0
 0
 0
 0
 0
 0
 0
 0
 0
 0
 0
 0
 0
 0
 0
 0
 0
 0
 0
 0
 0
 0
 0
 0
 0
 0
 0
 0
 0
 0
 0
 0
 0
 0
 0
 0
 0
 0
 0
 0
 0
 0
 0
 0
 0
 0
 0
 0
 0
 0
 0
 0
 0
 0
 0
 0
 0
 0
 0
 1
 1
 1
 1
 1
 1
 1
 1
 1
 1
 1
 1
 1
 1
 1
 1
 1
 1
 1
 1
 1
 1
 1
 1
 1
 1
 1
 1
 0
 0
 0
 0
 0
 0
 0
 0
 0
 0
 0
 0
 0
 0
 0
 0
 0
 0
 0
 0
 0
 0
 0
 0
 0
 0
 0
 0
 0
 0
 0
 0
 0
 0
 0
 0
 0
 0
 0
 0
 0
 0
 0
 0
 0
 0
 0
 0
 0
 0
 0
 0
 0
 0
 0
 0
 0
 0
 0
 0


