# Created by Octave 3.8.2, Fri Nov 20 22:34:58 2015 CET <dkottke@snake2>
# name: mus
# type: matrix
# ndims: 3
 1 30 19
 0
 0
 0.6618357487922704
 0.6586538461538461
 0.6585365853658538
 0.872549019607843
 0.7586206896551724
 0.7115384615384616
 0.8357487922705316
 0.8300000000000001
 0.8947368421052632
 0.8823529411764707
 0.8581730769230771
 0.8877551020408163
 0.8871794871794875
 0.9230769230769231
 0.9411764705882354
 0.9318181818181818
 0.937799043062201
 0.9400000000000001
 0.9365079365079365
 0.9393939393939397
 0.9194847020933976
 0.9409722222222222
 0.955
 0.9567307692307693
 0.9667422524565382
 0.9693877551020408
 0.9704433497536947
 0.9722222222222223
 0
 0
 1
 1
 1
 0.8
 0.9
 0.7
 0.9
 0.6
 0.7333333333333333
 0.7333333333333333
 0.7
 0.6666666666666667
 0.8666666666666668
 0.8333333333333334
 0.75
 0.7833333333333333
 0.8
 0.85
 0.85
 0.8400000000000001
 0.76
 0.8
 0.76
 0.78
 0.8533333333333333
 0.8533333333333333
 0.8933333333333333
 0.9
 0
 0
 1
 1
 1
 0.8032686015890713
 0.8258443358329484
 0.7886610264983189
 0.7400565457062156
 0.7732794262334907
 0.7379281121482351
 0.7171131185323651
 0.8118387803220327
 0.811959184238
 0.7701888825913968
 0.7738978702972028
 0.8308575822150411
 0.8142462579201848
 0.7722606151458955
 0.8548641794675338
 0.8488203381700626
 0.8720525352312434
 0.8517047211277925
 0.8493844993135555
 0.8649615074361051
 0.8910137154662209
 0.8978565207277381
 0.9035447068460326
 0.9118325584373581
 0.9077793803994243
 0
 0
 0.9999999999791217
 0.999999999902236
 0.9999999999042575
 0.7434193889985932
 0.7916390947266394
 0.6672270920624711
 0.6561985539886397
 0.6918725499524362
 0.6663337496934187
 0.6790057555781767
 0.6984026896425544
 0.7285682301888181
 0.753320202843678
 0.7242503771688202
 0.7430246192337898
 0.7510566387049072
 0.7720633062033885
 0.7775088815475379
 0.7917522963563441
 0.7962131654803561
 0.7894865987676548
 0.7960022351871326
 0.8157911602851265
 0.8338648903244069
 0.8388726367199051
 0.8441354765939749
 0.8556222179310453
 0.8526211168778642
 0
 0
 1
 1
 1
 1
 1
 0.625
 0.2222222222222222
 0.3
 0.7272727272727273
 0.75
 0.6923076923076923
 0.8888888888888888
 1
 1
 0.5
 1
 0
 1
 1
 0
 0
 1
 1
 1
 1
 1
 1
 1
 0
 0
 0.9999999999466891
 0.99999999999926
 0.9999999999992122
 0.8660880133580059
 0.7313984484227146
 0.6650236788707669
 0.5675338450736079
 0.670875735724546
 0.6603407374153522
 0.6850610172986018
 0.6996266011150184
 0.7222970660236933
 0.7301918176727054
 0.7314290295745245
 0.7156789111626712
 0.7404097726350193
 0.7069618580122001
 0.7662008668615926
 0.7777783751095551
 0.742508963440992
 0.7199257478175199
 0.7930939091519641
 0.7870984846858913
 0.8528494423821245
 0.8366109031965981
 0.8662239592995419
 0.835039960167839
 0.8167568748929448
 0
 0
 1
 0.9999999999445399
 0.9999999996866525
 0.8050879173625687
 0.8111739799135362
 0.7892720547093806
 0.7558504104767634
 0.806451686746847
 0.7714293866955358
 0.8045420452564491
 0.8340268383633543
 0.8352877447199116
 0.7923205392036525
 0.819390136072952
 0.8024019989361872
 0.8234618837182729
 0.8376472598626468
 0.824893133905251
 0.8221530693095829
 0.8335764108658101
 0.837701855001187
 0.8501003028932603
 0.8629773276951498
 0.853252916539584
 0.8560801416393811
 0.8772003064801547
 0.8810995137795743
 0.8830128867599423
 0
 0
 0.9999999999635197
 0.9999999998829403
 0.9999999999805905
 0.6744950711260219
 0.7073702583773231
 0.644502316354774
 0.6524701116561128
 0.6931883907957257
 0.6867583640787295
 0.7074207526010915
 0.735200320934788
 0.7427789990284622
 0.7604973833838112
 0.7264742945551672
 0.7390414025055629
 0.7579744399297048
 0.7732401761016154
 0.7776396895652069
 0.7938481180107388
 0.7982498344127706
 0.7885763261997966
 0.7991832402201531
 0.825709345859621
 0.8398554165621084
 0.8428184044727913
 0.8528422839021799
 0.8572634382987041
 0.8572053580249474
 0
 0
 0.9995075227949032
 0.9999979448728717
 0.9999999999999996
 0.9999999999793019
 0.9999999999999996
 1
 0.9999999999999998
 0.9984634444751123
 0.9999999999690098
 0.9913862529934835
 0.9904079152644838
 0.9854122055532998
 0.9831010189272074
 0.9771307187661954
 0.9709083807483936
 0.9672715139418147
 0.9646850444183743
 0.9749081363922194
 0.9654532810746229
 0.9594801288630755
 0.9677704938787044
 0.9590315591317508
 0.9432277430567937
 0.9550232076004945
 0.949819921275278
 0.9537313687897907
 0.9440108683912362
 0.9495918176204872
 0
 0
 0.9999999999903266
 0.9999999999997161
 0.9999999999999106
 0.721856398748174
 0.692519008105892
 0.6278572356915859
 0.6461457882719153
 0.681728377024992
 0.6752561456334915
 0.6974816709506227
 0.7234246895286981
 0.7322567939639679
 0.7481604581873268
 0.7187233737876998
 0.7308677487606509
 0.7438625298551129
 0.7695444354631656
 0.7730276964757377
 0.7867698656452924
 0.8402437565627836
 0.7886428014499662
 0.8149296157491892
 0.8114194502184569
 0.8587183527798341
 0.8379489764424206
 0.8580700689022782
 0.8650503122513178
 0.8656699098270366
 0
 0
 1
 0.9999999999685307
 0.9999999999999768
 0.842111141254817
 0.8217964538119856
 0.7813772807162984
 0.8185612554690708
 0.7823789692832286
 0.7479152508869223
 0.856992612302089
 0.8103921196822512
 0.788795984353391
 0.7961282776906098
 0.8306472841076893
 0.796680544699267
 0.8371991483626166
 0.8580101945023063
 0.8218622969428825
 0.8274186792034236
 0.852041110582514
 0.8951653098028181
 0.8420446747092216
 0.8796808551922357
 0.8889448310365403
 0.8654386094420731
 0.8713166614552773
 0.873234491954094
 0.9018621870153216
 0
 0
 0
 0
 0
 0
 0
 0
 0
 0
 0
 0
 0
 0
 0
 0
 0
 0
 0
 0
 0
 0
 0
 0
 0
 0
 0
 0
 0
 0
 0
 0
 0
 0
 0
 0
 0
 0
 0
 0
 0
 0
 0
 0
 0
 0
 0
 0
 0
 0
 0
 0
 0
 0
 0
 0
 0
 0
 0
 0
 0
 0
 0
 0
 0
 0
 0
 0
 0
 0
 0
 0
 0
 0
 0
 0
 0
 0
 0
 0
 0
 0
 0
 0
 0
 0
 0
 0
 0
 0
 0
 0
 0
 0
 0
 0
 0
 0
 0
 0
 0
 0
 0
 0
 0
 0
 0
 0
 0
 0
 0
 0
 0
 0
 0
 0
 0
 0
 0
 0
 0
 0
 0
 0
 0
 0
 0
 0
 0
 0
 0
 0
 0
 0
 0
 0
 0
 0
 0
 0
 0
 0
 0
 0
 0
 0
 0
 0
 0
 0
 0
 0
 0.9999796573059595
 0.9999999351865235
 0.9999999999212619
 0.9999999999999629
 0.9999999970976873
 0.999999945215836
 0.9999997049845525
 0.9999991696342638
 0.9999998134719033
 0.9944495776368417
 0.9899156720557662
 0.9850580908746991
 0.9800888387297508
 0.9800944217695935
 0.9723866120800623
 0.9654953924010283
 0.9668434667295595
 0.967473443699878
 0.9635910980604602
 0.9583535735725548
 0.9593292585694012
 0.9603233362541982
 0.9409525943017265
 0.9566206022448651
 0.9485351391055937
 0.9466380874951756
 0.9319477558624006
 0.9539459831568126
 0
 0
 0
 0
 0
 0
 0
 0
 0
 0
 0
 0
 0
 0
 0
 0
 0
 0
 0
 0
 0
 0
 0
 0
 0
 0
 0
 0
 0
 0
 0
 0
 0
 0
 0
 0
 0
 0
 0
 0
 0
 0
 0
 0
 0
 0
 0
 0
 0
 0
 0
 0
 0
 0
 0
 0
 0
 0
 0
 0


