# Created by Octave 3.8.2, Mon Nov 16 00:09:49 2015 CET <dkottke@snake2>
# name: mus
# type: matrix
# ndims: 3
 1 30 19
 0
 0
 0.6324143692564739
 0.6722408026755853
 0.8125523012552307
 0.8216080402010049
 0.8496240601503761
 0.8791946308724832
 0.9131161236424383
 0.9151260504201686
 0.9207673060884062
 0.9225589225589224
 0.9105351170568546
 0.908403361344538
 0.9080168776371301
 0.9214527027027027
 0.9181512605042013
 0.9183501683501679
 0.9197994987468666
 0.9186440677966106
 0.9206349206349203
 0.9193322109988777
 0.9205685618729098
 0.9268707482993195
 0.9293617021276602
 0.9306020066889629
 0.928872053872054
 0.9343820861678005
 0.9321813594311489
 0.9324786324786319
 0
 0
 0
 1
 0.8
 1
 0.8
 0.9
 0.8
 0.9
 1
 1
 1
 1
 1
 1
 1
 1
 1
 1
 1
 1
 1
 1
 1
 1
 1
 1
 1
 1
 0
 0
 0.3928315684936222
 0.8577728742635745
 0.8967356791485681
 0.9286669508266384
 0.9365031621235981
 0.8602608522877064
 0.8197819230642845
 0.9433824056371171
 0.9268039574723118
 0.9291145267038632
 0.9344716378830176
 0.9369278434675464
 0.9519858787483715
 0.9662291353857023
 0.9624957459065933
 0.9620010925112318
 0.9617300778573452
 0.9608688009924616
 0.9662317869752016
 0.9875821123994241
 0.9625603010391175
 0.980598009520226
 0.9689636595343749
 0.9511472119093206
 0.9736941681227352
 0.9610982373571719
 0.9750571208767227
 0.973201676209195
 0
 0
 0.1666458190363019
 0.5694231874102615
 0.5937681718876584
 0.7453421239926914
 0.7762502237079575
 0.7170995605126294
 0.7680202483799047
 0.7924034150012971
 0.8267224869245915
 0.8280652719701839
 0.8298284532867921
 0.8402336332669478
 0.8578181723183202
 0.8642875499189294
 0.8736320407798799
 0.878155115836345
 0.891782295849407
 0.8957546979430862
 0.8998217276895084
 0.8999404564945145
 0.9103781482171477
 0.9051672476196142
 0.9018362258947263
 0.9045799380678301
 0.9096953859692418
 0.8910400004952794
 0.89478864512956
 0.8978054115465877
 0
 0
 0.1388654799044681
 0.5952437934860366
 0.6118676329792803
 0.7530325913732661
 0.793953239197267
 0.722022072383758
 0.7522943521345721
 0.8010311694360057
 0.8328866918217298
 0.820263715822774
 0.8356220620232576
 0.8661546317080302
 0.8623500470235594
 0.8632042437477948
 0.8675721939156881
 0.88299407361644
 0.8934350234977648
 0.897922951484409
 0.9031999906671804
 0.905582602587699
 0.907475701143014
 0.910261886761722
 0.902649194658481
 0.9074871098855944
 0.9124168956812959
 0.8958436791243808
 0.8950688948314546
 0.8998989723858207
 0
 0
 0.166666237385543
 0.5981589294069446
 0.7398396707498801
 0.6538469136234758
 0.7613613825587073
 0.7440118197857312
 0.7252160718952921
 0.7865318733595991
 0.9692580291057091
 0.8257857808286514
 0.800111659338789
 0.7925447166412654
 0.8434767925289124
 0.9915022090129928
 0.8645512192316437
 0.8701144024736052
 0.8766559195722202
 0.8928345292132974
 0.9038101589419341
 0.8604004516641194
 0.9160437547468365
 0.9924359507503863
 0.8643912218318914
 0.8873166000418791
 0.9214363081219372
 0.9052039148100244
 0.8607048427111104
 0.8585565692029075
 0
 0
 0.5785862941142949
 0.6299511097695377
 0.6484787894704082
 0.7456576375417336
 0.7632289017188665
 0.9113356369719069
 0.7756821058627078
 0.8304519989254052
 0.852137940372891
 0.8098749288131358
 0.8515666958744859
 0.8608066370586066
 0.8837133336064096
 0.8520648607603539
 0.8598689837081284
 0.880354770829777
 0.9004142031156528
 0.8693418896094408
 0.9057488727064184
 0.9045706069393562
 0.9070533112972101
 0.9091841066282623
 0.9029116100074864
 0.9240660575096277
 0.9322862270260398
 0.9131314874187837
 0.9069971377168792
 0.9226445207639212
 0
 0
 0.1666530296511134
 0.5220158469999674
 0.5944182738452505
 0.7429660917421628
 0.7559176334363015
 0.7760017858995804
 0.8011844320510478
 0.8065821629405459
 0.8706375264907584
 0.8529461585115927
 0.8447082429784941
 0.8739256139733053
 0.8911750197048024
 0.8927765665140651
 0.9075204508695257
 0.9167292273648447
 0.9279802323663496
 0.9305704060553811
 0.9412084413223319
 0.9422970502877468
 0.9485598882524447
 0.9440253603111819
 0.9399847820079441
 0.9409445983323468
 0.944808892427938
 0.9305291460668377
 0.9327798741699118
 0.9363179368068872
 0
 0
 0.1388720087757959
 0.5077149503930227
 0.5845925969484449
 0.7235469567255506
 0.7758132212959544
 0.7554623497825358
 0.7625720440135407
 0.8342890500827316
 0.8697242764723793
 0.85009141557196
 0.845621050986096
 0.8789091204840195
 0.8950208512891746
 0.8983557407059423
 0.9097547412674026
 0.9226248708349772
 0.9268461528155688
 0.9288062338065172
 0.9301199825504993
 0.9441446602333382
 0.9442959900593729
 0.9495037719224262
 0.9351060758424028
 0.9390281643453643
 0.9471727534167158
 0.9350149068781137
 0.9302973875562986
 0.9372412845647471
 0
 0
 0.1666656484992969
 0.5344829440955663
 0.7684999563286906
 0.6872666803916386
 0.7780811416381339
 0.7355774682124325
 0.7628263570501478
 0.9353714016905601
 0.8319966378122212
 0.8788784891592569
 0.8930704412165285
 0.8505046458397373
 0.883623890329678
 0.8936155292340108
 0.8927262242662656
 0.9181186980943893
 0.9241354490897118
 0.9124682439330871
 0.9392621947506894
 0.9621615994483347
 0.9472129505156166
 0.9331446516866011
 0.9480780504128216
 0.9358503033945845
 0.9341669173384756
 0.931634823746964
 0.9305853576198645
 0.9362006064262969
 0
 0
 0.5785862941142949
 0.6507088245963598
 0.6812744597787992
 0.734912134532577
 0.8414847066486548
 0.6944885173904476
 0.7684956309084006
 0.844655978043198
 0.8212543796510933
 0.8229667371970909
 0.834933427114128
 0.8553921544635724
 0.8717297563933569
 0.8598831159205499
 0.8771766896744597
 0.8926489391259593
 0.8999348827382231
 0.8844803508032266
 0.9046010908282613
 0.9230633630802957
 0.915440204374677
 0.9201557333686221
 0.9090061470321307
 0.9238895558971852
 0.9263658405050703
 0.9170226965939037
 0.9714117842338318
 0.9234530825906236
 0
 0
 0
 0
 0
 0
 0
 0
 0
 0
 0
 0
 0
 0
 0
 0
 0
 0
 0
 0
 0
 0
 0
 0
 0
 0
 0
 0
 0
 0
 0
 0
 0
 0
 0
 0
 0
 0
 0
 0
 0
 0
 0
 0
 0
 0
 0
 0
 0
 0
 0
 0
 0
 0
 0
 0
 0
 0
 0
 0
 0
 0
 0
 0
 0
 0
 0
 0
 0
 0
 0
 0
 0
 0
 0
 0
 0
 0
 0
 0
 0
 0
 0
 0
 0
 0
 0
 0
 0
 0
 0
 0
 0
 0
 0
 0
 0
 0
 0
 0
 0
 0
 0
 0
 0
 0
 0
 0
 0
 0
 0
 0
 0
 0
 0
 0
 0
 0
 0
 0
 0
 0
 0
 0
 0
 0
 0
 0
 0
 0
 0
 0
 0
 0
 0
 0
 0
 0
 0
 0
 0
 0
 0
 0
 0
 0
 0
 0
 0
 0
 0
 0
 0.1565102741233066
 0.5344358418003944
 0.5652920566923438
 0.710685569995595
 0.7728329963210087
 0.7405290820823024
 0.7675151026033853
 0.8364412348359908
 0.8649590550062138
 0.8424016257445865
 0.84209573451372
 0.879909958436546
 0.8924628893495775
 0.8956368134382088
 0.9059644108166609
 0.9241037797954336
 0.9211001934840195
 0.9315596099982872
 0.9286458358270423
 0.9423328221929634
 0.9440361988249818
 0.9480804376263902
 0.9380112161006391
 0.9368307748505034
 0.9465696487248526
 0.9326593205907314
 0.9299297229515878
 0.9364803804956714
 0
 0
 0
 0
 0
 0
 0
 0
 0
 0
 0
 0
 0
 0
 0
 0
 0
 0
 0
 0
 0
 0
 0
 0
 0
 0
 0
 0
 0
 0
 0
 0
 0
 0
 0
 0
 0
 0
 0
 0
 0
 0
 0
 0
 0
 0
 0
 0
 0
 0
 0
 0
 0
 0
 0
 0
 0
 0
 0
 0


