# Created by Octave 3.8.2, Fri Nov 20 23:35:56 2015 CET <dkottke@snake10>
# name: mus
# type: matrix
# ndims: 3
 1 30 19
 0
 0
 0.6666666666666666
 0.7211538461538461
 0.9024390243902439
 0.9019607843137253
 0.9162561576354682
 0.9375
 0.9178743961352659
 0.95
 0.9521531100478469
 0.9656862745098038
 0.951923076923077
 0.9744897959183675
 0.958974358974359
 0.9711538461538461
 0.9656862745098039
 0.9696969696969698
 0.9330143540669856
 0.9200000000000002
 0.9206349206349207
 0.9099326599326599
 0.8904991948470209
 0.9201388888888891
 0.9249999999999999
 0.9278846153846154
 0.9206349206349206
 0.913265306122449
 0.9507389162561577
 0.9500000000000001
 0
 0
 0.6666666666666666
 0.75
 0.4
 0.5
 0.6
 0.8
 0.9
 0.9
 0.9
 0.9
 0.9333333333333332
 0.9333333333333332
 0.9333333333333332
 0.9333333333333332
 0.9333333333333332
 0.95
 0.9
 0.9
 0.95
 0.95
 0.96
 1
 0.96
 0.96
 0.9666666666666668
 0.96
 0.9666666666666668
 0.9666666666666668
 0
 0
 0.5623780746571524
 0.8516451749688079
 0.6774895108017562
 0.7524194477921483
 0.6839397205857212
 0.7823398209100333
 0.7835325754066661
 0.8210090725561402
 0.8013543522885396
 0.8503981344105747
 0.8804689454018122
 0.9088435907444896
 0.8619613250344662
 0.9247106980708318
 0.9479053452027484
 0.9014528066419103
 0.9396499716373723
 0.9467234053657501
 0.9316151561239685
 0.9429353894871567
 0.9433798354987136
 0.9663129447326504
 0.9497883667656651
 0.9581051059675488
 0.9694181262389973
 0.9580083810977087
 0.9629822877042503
 0.9666467649201997
 0
 0
 0.6358526772560466
 0.6677158872137428
 0.5493923715041429
 0.5272109384919234
 0.5757481751582135
 0.672541931191506
 0.7172583377627606
 0.7616938035443939
 0.7848375382234966
 0.782575660159689
 0.8133651222794803
 0.8261617828164162
 0.8292196156003868
 0.8406214067019042
 0.8526535727820415
 0.8599716137693849
 0.8420829458376484
 0.8643664364519137
 0.8685978725671487
 0.8808781390505506
 0.8822483772089975
 0.8919960955028696
 0.8994785602555172
 0.8972389694290193
 0.9109112894314241
 0.9100280707980343
 0.9025166512613805
 0.9011446588386693
 0
 0
 0.3333333333333333
 1
 0.2
 0.3333333333333333
 0.5714285714285714
 0.375
 1
 0.8
 0.9090909090909091
 0.9166666666666666
 1
 0.7777777777777778
 1
 1
 1
 1
 1
 1
 1
 1
 1
 1
 1
 0
 1
 1
 1
 1
 0
 0
 0.4166563411109148
 0.7842708347236264
 0.4499452276195124
 0.603985463653707
 0.5467577966955295
 0.6342829984280326
 0.7570226718587656
 0.8652676833737267
 0.7216549305512516
 0.7759816105862112
 0.8954033537882002
 0.9173326925436459
 0.824917268263419
 0.8062362610502342
 0.7738203898629596
 0.8225012854181114
 0.9408703031570856
 0.8321230435688532
 0.9635104836532438
 0.82196679885817
 0.8286909572143227
 0.8709498051509348
 0.9079475313832464
 0.8597442650743454
 0.9852284745479317
 0.9118720998516998
 0.8674477193979261
 0.933491219164017
 0
 0
 0.5785862941142949
 0.7476809686906871
 0.7491146352099505
 0.7509460097985554
 0.7346497132485033
 0.7555439053752209
 0.770578486102819
 0.7872517576857253
 0.8179285069250429
 0.8397860145320105
 0.8546067323708849
 0.8216896256619395
 0.8117202160319523
 0.8519469754133245
 0.8411803839876162
 0.8372321486138745
 0.8191689481771212
 0.8753512767600418
 0.8716051053298839
 0.8949066257730437
 0.8468359219013765
 0.9642026891460436
 0.8551665322040389
 0.8611343160645796
 0.9285471437131481
 0.8338401555383407
 0.9847869365869736
 0.9562151624985455
 0
 0
 0.6372973315305278
 0.6413702498003745
 0.5238335666372879
 0.6023059193096881
 0.6181233663477139
 0.7246194517464489
 0.7110348008724732
 0.7475137746428568
 0.7730594632764898
 0.7512285935626984
 0.7990027119049542
 0.8112019156047691
 0.8240247748451481
 0.8556098351816701
 0.8464048260233392
 0.8696660072575207
 0.8572421291953847
 0.8817649992331654
 0.8926532534852794
 0.899308636116788
 0.9074234123495913
 0.916364590089582
 0.9230156021422128
 0.924717848666999
 0.9275503798962784
 0.9340063371020838
 0.9177969997045986
 0.9198588091193062
 0
 0
 0.9999079155457198
 0.9999999996876002
 0.9999999999838109
 0.9999999999928764
 1
 1
 1
 0.9999999999999996
 0.9999997053672859
 0.9986710346849078
 0.9981371740818088
 0.9795705353898461
 0.9838789154233332
 0.9772593574940055
 0.9667076799701
 0.9634529632028134
 0.9695862792179984
 0.9689991770564663
 0.9592044138820075
 0.9665668454139604
 0.9761567382472469
 0.9549774720268077
 0.9537182619588401
 0.9550997616336467
 0.9534133194497477
 0.9471515890168635
 0.9538737586004234
 0.9511803918979607
 0
 0
 0.4166607199190562
 0.8040906804106354
 0.5396080373200258
 0.626763848749624
 0.5509143619533017
 0.6459674866603345
 0.8117640855105227
 0.7331048139299006
 0.802678953366047
 0.7640734940134623
 0.7972811488187491
 0.8122834713759095
 0.8338909168718018
 0.9208512811351733
 0.8336027126803676
 0.8429559672637621
 0.834049978046064
 0.9777589780366243
 0.9395613258013581
 0.9836992593561882
 0.8974209671723293
 0.9041179901203706
 0.9116500787558137
 0.9188149028170511
 0.9671853946335186
 0.925075248736947
 0.9155402319700559
 0.9164325469676879
 0
 0
 0.5785862941142949
 0.7443466056055342
 0.8352757835641975
 0.7869856159010629
 0.7373816671336927
 0.7533101100800259
 0.7512338261704428
 0.8428023589015454
 0.7662432632047887
 0.7818957755846649
 0.7930340088701551
 0.7968536121978411
 0.8908504163197877
 0.8302163635633063
 0.8968886589152814
 0.8823879454719376
 0.8083611583225654
 0.8902451738735714
 0.8409798639629715
 0.8624644873287945
 0.9248270871425983
 0.8927867768130264
 0.8951203715430726
 0.9039633146933861
 0.8716044846082625
 0.882478657991034
 0.8982433687077164
 0.8935681952460304
 0
 0
 0
 0
 0
 0
 0
 0
 0
 0
 0
 0
 0
 0
 0
 0
 0
 0
 0
 0
 0
 0
 0
 0
 0
 0
 0
 0
 0
 0
 0
 0
 0
 0
 0
 0
 0
 0
 0
 0
 0
 0
 0
 0
 0
 0
 0
 0
 0
 0
 0
 0
 0
 0
 0
 0
 0
 0
 0
 0
 0
 0
 0
 0
 0
 0
 0
 0
 0
 0
 0
 0
 0
 0
 0
 0
 0
 0
 0
 0
 0
 0
 0
 0
 0
 0
 0
 0
 0
 0
 0
 0
 0
 0
 0
 0
 0
 0
 0
 0
 0
 0
 0
 0
 0
 0
 0
 0
 0
 0
 0
 0
 0
 0
 0
 0
 0
 0
 0
 0
 0
 0
 0
 0
 0
 0
 0
 0
 0
 0
 0
 0
 0
 0
 0
 0
 0
 0
 0
 0
 0
 0
 0
 0
 0
 0
 0
 0
 0
 0
 0
 0
 0.9999578795701384
 0.9999999958464585
 0.9999999999999747
 0.9999999999999992
 0.9994741875899499
 0.9999998819341862
 0.9999998873320797
 0.9999999998737324
 0.9999383598521638
 0.9987511817176534
 0.9929685449879025
 0.9902060933499187
 0.9777991777445751
 0.9811672742221983
 0.9651607852957994
 0.9576426387706154
 0.96979678993562
 0.9706031420254362
 0.9675513855811357
 0.9583005840188547
 0.9702260708089927
 0.9654355114850527
 0.9562842128317706
 0.9537544442473567
 0.9526320993482064
 0.9551247706862357
 0.9451316241564417
 0.9482027762516486
 0
 0
 0
 0
 0
 0
 0
 0
 0
 0
 0
 0
 0
 0
 0
 0
 0
 0
 0
 0
 0
 0
 0
 0
 0
 0
 0
 0
 0
 0
 0
 0
 0
 0
 0
 0
 0
 0
 0
 0
 0
 0
 0
 0
 0
 0
 0
 0
 0
 0
 0
 0
 0
 0
 0
 0
 0
 0
 0
 0


