# Created by Octave 3.8.2, Sat Nov 21 00:05:43 2015 CET <dkottke@snake5>
# name: mus
# type: matrix
# ndims: 3
 1 30 19
 0
 0
 0.5137844611528823
 0.4974747474747475
 0.5265822784810127
 0.5138888888888887
 0.5162907268170426
 0.5076530612244898
 0.5031565656565657
 0.5205128205128206
 0.5164141414141414
 0.5176767676767677
 0.5130769230769231
 0.517219387755102
 0.5153846153846153
 0.5182291666666666
 0.5691957942597328
 0.5568181818181818
 0.6591478696741855
 0.6473684210526315
 0.6666666666666665
 0.6654040404040403
 0.6524580846831487
 0.6770833333333334
 0.6906666666666668
 0.6379487179487179
 0.5460557960557961
 0.7028061224489797
 0.6457156037365933
 0.6230769230769231
 0
 0
 0.3333333333333333
 1
 0.8
 0.8
 1
 1
 1
 1
 1
 1
 1
 1
 0.9333333333333332
 0.9333333333333332
 0.8666666666666666
 0.95
 0.8
 0.8
 0.8
 0.8099999999999999
 0.7899999999999999
 0.9199999999999999
 0.8800000000000001
 0.8466666666666667
 0.8466666666666667
 0.8666666666666668
 0.8266666666666668
 0.8333333333333334
 0
 0
 0.6463134968459261
 0.8498153282215838
 0.7781727216449397
 0.9041283819110021
 0.9462697524995726
 0.9366682140253737
 0.9646816249728962
 0.9626489082865136
 0.9745044707939149
 0.9739155155155764
 0.9910465578769291
 0.978937000473312
 0.969398365547655
 0.9950032488499359
 0.8528624502656829
 0.8920631719668894
 0.8756062157143064
 0.8907301025213661
 0.9117376401470768
 0.8982266290522427
 0.9383386349318106
 0.9121865670552506
 0.9311949408802185
 0.9155663356772892
 0.8678693526766477
 0.8767601299565025
 0.884723800174944
 0.8952982973407629
 0
 0
 0.1149221626619765
 0.8629452348948209
 0.7425670918533459
 0.8511816219438623
 0.9594352448862836
 0.9739853882047103
 0.9724442841828957
 0.9678554972661528
 0.9705292028642768
 0.9786212906603721
 0.9804140736997903
 0.9793718875461748
 0.979706942485151
 0.9810042958643581
 0.8611532144359657
 0.8895757998523289
 0.8355019757091818
 0.8635669753554872
 0.8926455957070697
 0.8979949411666087
 0.91316847816214
 0.911047681546398
 0.9120740816688513
 0.8853183180725901
 0.8819193573240747
 0.866821066543929
 0.8485287291946583
 0.8690645828755305
 0
 0
 0.6666666666666666
 1
 1
 1
 1
 1
 1
 1
 1
 1
 1
 1
 1
 1
 1
 0
 1
 0
 1
 1
 1
 1
 1
 1
 1
 1
 1
 0
 0
 0
 0.5779525552481583
 0.954592229576713
 0.9395615015876179
 0.9656111339133435
 0.9847506686299261
 0.9844233300168596
 0.8450238806548276
 0.9940326451625991
 0.9807538739737635
 0.9885612263074222
 0.9939228372640163
 0.9829717653444152
 0.9872647329119963
 0.9889530866574184
 0.8645637815993568
 0.7941827489663813
 0.8716836576127031
 0.7202934866809376
 0.8795564575853148
 0.8939513880032215
 0.879445031751408
 0.9035381567340274
 0.9360620335644643
 0.8894027335399503
 0.8655477949965691
 0.8432877957679022
 0.9404454473761182
 0.807863895434928
 0
 0
 0.7892931470571475
 0.6751135036204623
 0.843385102797309
 0.8502712374650986
 0.8739567536654902
 0.9075033864590903
 0.9498765155008905
 0.915945405540296
 0.9386629351096631
 0.9545413661236787
 0.9653823694128943
 0.9613859449573815
 0.9725792668971236
 0.9768958731302709
 0.8851473208552226
 0.8979093453740965
 0.8934744759344526
 0.9030219988866758
 0.8691793464304934
 0.9155053803178219
 0.9002978326354419
 0.9087637684829631
 0.9042964588883687
 0.8903543925436936
 0.8806274928484138
 0.8520473576183258
 0.8850373235175029
 0.8384296297579545
 0
 0
 0.1674220839647817
 0.7874350233335525
 0.7488417791866928
 0.8454299634671982
 0.9057596100253705
 0.9424363341594127
 0.9344147604451363
 0.9217084427444074
 0.9227955469242674
 0.9299140775677048
 0.9414136553460952
 0.9339481771383157
 0.9401051673976236
 0.9483677309656269
 0.8233915293781555
 0.8469846640602525
 0.8143668845527191
 0.8147500196073945
 0.8360868770553572
 0.8525385142947022
 0.8636061270901392
 0.8624028772420232
 0.8720421643587661
 0.851318768986517
 0.8383137693498802
 0.826108080885223
 0.8013472356178373
 0.8195329330580239
 0
 0
 0.9377418899630291
 0.9060060099788035
 0.9000447016853321
 0.9251925039593805
 0.9539674824793876
 0.9387115768372827
 0.9035132843462363
 0.9370241336987961
 0.9170925660361965
 0.9355211934491235
 0.9205860681739132
 0.9202906320132637
 0.9225018802857978
 0.912459524382094
 0.8998172771849482
 0.9120730095011736
 0.9029540271492702
 0.9055500261570109
 0.9014648554541861
 0.8977468442282864
 0.8914453749171165
 0.9004817802137417
 0.9024315776600053
 0.9073271978088581
 0.9054411570267186
 0.9088685201421356
 0.9061338156329808
 0.8908288350933281
 0
 0
 0.7406813544006507
 0.9563430606657763
 0.9215829616695665
 0.96759287917014
 0.9800902861344865
 0.9846238031849888
 0.9940248323797403
 0.9827440699909783
 0.9212687138763448
 0.9840808202784701
 0.9916493049391488
 0.9925354025850583
 0.9795535672218476
 0.9959190605755109
 0.8348224356246674
 0.8842115503103716
 0.8427397608656111
 0.862895279703859
 0.8829180568496726
 0.441586692619544
 0.9096296790284231
 0.9177045902973681
 0.9150409396065786
 0.8897204625427086
 0.8809244875259996
 0.8605137150812286
 0.8252210379241691
 0.8533214965549465
 0
 0
 0.7892931470571475
 0.674963222485877
 0.8528110559759418
 0.8571062256758637
 0.8873957374611938
 0.8760757820724818
 0.9214901846521714
 0.9096941304819384
 0.9724819191630285
 0.9837060582963977
 0.8888133931628106
 0.9856795930007251
 0.907237186335614
 0.9158868847157607
 0.8582794744155713
 0.8903106070832678
 0.8640020304461594
 0.8717263404897182
 0.9276905389959837
 0.8825270118657891
 0.9229142681420349
 0.9049046079250963
 0.8939389373652369
 0.8876480424215416
 0.648272880149971
 0.9406441117407606
 0.8908501065333279
 0.8413761659973051
 0
 0
 0
 0
 0
 0
 0
 0
 0
 0
 0
 0
 0
 0
 0
 0
 0
 0
 0
 0
 0
 0
 0
 0
 0
 0
 0
 0
 0
 0
 0
 0
 0
 0
 0
 0
 0
 0
 0
 0
 0
 0
 0
 0
 0
 0
 0
 0
 0
 0
 0
 0
 0
 0
 0
 0
 0
 0
 0
 0
 0
 0
 0
 0
 0
 0
 0
 0
 0
 0
 0
 0
 0
 0
 0
 0
 0
 0
 0
 0
 0
 0
 0
 0
 0
 0
 0
 0
 0
 0
 0
 0
 0
 0
 0
 0
 0
 0
 0
 0
 0
 0
 0
 0
 0
 0
 0
 0
 0
 0
 0
 0
 0
 0
 0
 0
 0
 0
 0
 0
 0
 0
 0
 0
 0
 0
 0
 0
 0
 0
 0
 0
 0
 0
 0
 0
 0
 0
 0
 0
 0
 0
 0
 0
 0
 0
 0
 0
 0
 0
 0
 0
 0.837086336821767
 0.9063620034422912
 0.8822571656224705
 0.9136751501837832
 0.9082859489724152
 0.9172627012746676
 0.9013015347319175
 0.9252925039730746
 0.923519823444411
 0.9312109892594346
 0.9237121661265267
 0.9315898486624499
 0.9269608673975047
 0.9062291342177641
 0.915165530543267
 0.9120229604009279
 0.9095473629810701
 0.9154300411786843
 0.9063482792408135
 0.9041887399922861
 0.9040503029764352
 0.903107392991312
 0.8946456944800295
 0.9050728612535761
 0.9076378452837197
 0.9002743838417666
 0.8955435543136682
 0.9080544826848979
 0
 0
 0
 0
 0
 0
 0
 0
 0
 0
 0
 0
 0
 0
 0
 0
 0
 0
 0
 0
 0
 0
 0
 0
 0
 0
 0
 0
 0
 0
 0
 0
 0
 0
 0
 0
 0
 0
 0
 0
 0
 0
 0
 0
 0
 0
 0
 0
 0
 0
 0
 0
 0
 0
 0
 0
 0
 0
 0
 0


