# Created by Octave 3.8.2, Sun Nov 15 14:55:05 2015 CET <dkottke@snake3>
# name: mus
# type: matrix
# ndims: 3
 1 30 19
 0
 0
 0.4852531997774075
 0.3808463251670379
 0.5008356545961006
 0.492196209587514
 0.4930516953863256
 0.5044642857142857
 0.5075376884422111
 0.4944134078212291
 0.5045813082622901
 0.5067114093959736
 0.4991638795986621
 0.5352957589285713
 0.5165266106442576
 0.5703125
 0.5685154061624651
 0.5656565656565657
 0.6152615581506958
 0.6252808988764046
 0.6230812324929973
 0.6305649083426857
 0.6246748420661468
 0.6649774774774773
 0.6461971830985915
 0.6544035674470458
 0.6627384960718291
 0.6841517857142857
 0.6896551724137933
 0.7005649717514126
 0
 0
 0.6666666666666666
 0.5
 0.6
 0.6
 0.5
 0.4
 0.4
 0.5
 0.6
 0.5333333333333333
 0.3666666666666666
 0.2666666666666667
 0.4
 0.4333333333333333
 0.5833333333333333
 0.4166666666666666
 0.35
 0.3
 0.4
 0.31
 0.35
 0.42
 0.32
 0.46
 0.4066666666666666
 0.4933333333333333
 0.58
 0.5
 0
 0
 0.6839397205857212
 0.5877474616335494
 0.6476765042267295
 0.6902609261740067
 0.6133529248498655
 0.3569613951354007
 0.6580227776737503
 0.3693514454207225
 0.5111123362002089
 0.6157797346754028
 0.6214129906210306
 0.4684777221022375
 0.5512826123907086
 0.4094294825462688
 0.5907425862070937
 0.5321261411966859
 0.4624298457418474
 0.3923938562181946
 0.4898339577756035
 0.4759705081220093
 0.4724447330551262
 0.5124477857920027
 0.3934151602162447
 0.4245865277479677
 0.4500904401453341
 0.4870018161944518
 0.6567022482418027
 0.5099908740493688
 0
 0
 0.5861569223862172
 0.6228680491922371
 0.562836477733101
 0.6518309792850977
 0.5111805817931332
 0.4245397659627137
 0.4358849473175013
 0.5058582669641312
 0.5369098135633745
 0.5639916034510507
 0.4518966942669361
 0.4199950026961453
 0.4752319391659925
 0.4581481228532296
 0.4775931824634609
 0.4647591508194392
 0.4751089546141561
 0.4721014884723455
 0.4669742938064976
 0.4789232286941018
 0.4763396906068687
 0.4699028858200795
 0.4436532806832576
 0.4529980917862342
 0.4700892055234733
 0.4887121887762396
 0.5044574129546983
 0.4907533942360446
 0
 0
 0.6368999775708488
 0.6636209735944969
 0.6363107546387152
 0.638876790776729
 0.4875020452383507
 0.428172223036191
 0.4382563880981796
 0.5208990048841109
 0.5490834938787623
 0.5586210658611164
 0.4636075697906312
 0.4248935627888727
 0.475137704432513
 0.4628937992684522
 0.4708253321798945
 0.4664079972174633
 0.4668763567594162
 0.4719536304744409
 0.480138823397053
 0.4845911061786473
 0.4772571494518452
 0.468937104311894
 0.4389878886232624
 0.4533971585180485
 0.4651047710057712
 0.4815959083563537
 0.5064456070309575
 0.4896655918341847
 0
 0
 0.3333333333205926
 0.8675931884526384
 0.4455068420078033
 0.5976022671003987
 0.4712419425825218
 0.3877096625109693
 0.4041666602391071
 0.5098520490330479
 0.5550636381641096
 0.5545944283682566
 0.4611200706591457
 0.425598019184121
 0.4595748376156706
 0.4628030628897284
 0.4780971282855647
 0.48748751845504
 0.5024740575852654
 0.4370167851306782
 0.5115168623985423
 0.4983043340143762
 0.4725681293035087
 0.4916370459534311
 0.4511427866158495
 0.42811160196554
 0.4429246356519806
 0.4542675009714761
 0.5140409544751835
 0.4461079236095215
 0
 0
 0.3678794411714423
 0.5904083692501002
 0.7933114472749372
 0.7893983366781463
 0.6247434857688036
 0.6167954196633896
 0.7040751467256194
 0.6819667665979515
 0.6615289550393797
 0.6646181438805654
 0.6524823105992071
 0.6101707419914619
 0.6437593337957261
 0.5901691785392911
 0.5827741818465548
 0.6440048082000503
 0.5950385876594511
 0.6317764731371439
 0.6293365496864731
 0.6550522441560402
 0.6490000772674153
 0.6149239440882747
 0.6039245596637473
 0.583562112691523
 0.6340781531231418
 0.6303096058758226
 0.6058723617553424
 0.6497590435479204
 0
 0
 0.6006165190010004
 0.6328113178672184
 0.5792741542788888
 0.6143968904826721
 0.5075181703381431
 0.4161862202044583
 0.4270616664470288
 0.470485349563719
 0.5005083579447294
 0.5378380780749241
 0.4733041258664722
 0.4424230173854969
 0.4460258217619378
 0.427126729443836
 0.4517605689084752
 0.4690961327019235
 0.4706872053083471
 0.4796608517752602
 0.4806699267475957
 0.5000802152255005
 0.492529420755549
 0.4935162963147965
 0.4647617760318688
 0.4808736239997335
 0.4935538567742803
 0.5050489188463173
 0.5226659607310614
 0.5051296095857142
 0
 0
 0.6201451321523879
 0.6746289810545764
 0.6536221506254338
 0.5918192534023763
 0.4617173317149935
 0.4272242854533246
 0.4474480446898046
 0.4911757629507287
 0.5059477480015701
 0.5319252481335932
 0.4788479226092224
 0.441272312949526
 0.4445711661888089
 0.4362409274420637
 0.4517540087551085
 0.4702255471001644
 0.4747392268801698
 0.4852568735937462
 0.4864633676670818
 0.4990322010166823
 0.4931342526201102
 0.4922546683285834
 0.460962836285278
 0.4790181763621159
 0.4857126695555062
 0.4973674920772335
 0.5212067252106533
 0.5047663490109587
 0
 0
 0.3333333333333051
 0.7146965802860162
 0.6183050767063268
 0.6211621935253029
 0.4414653380383118
 0.4173366679235009
 0.4421733615169868
 0.4738712126854754
 0.5265486712408588
 0.5263814381311563
 0.4661278847311243
 0.4310293859088215
 0.4348242813569558
 0.4359555620344511
 0.437478800836049
 0.4576521680023547
 0.4598648317077635
 0.4781277419021448
 0.4715246249222886
 0.4917330648837599
 0.4857457267391752
 0.48677429610898
 0.4581182271907061
 0.4755335235042242
 0.4846454099268895
 0.4976908114861531
 0.5120185010932574
 0.5020618021203216
 0
 0
 0.3678794411714423
 0.5956173245795751
 0.7967538265564125
 0.7965794148581955
 0.623688193528386
 0.6066774929385832
 0.6633701864590231
 0.6802417342629841
 0.6426799025560125
 0.6547609741629606
 0.6170565928128139
 0.6014846887463401
 0.5912458642301772
 0.567378272358538
 0.5784154791082718
 0.6257107401295018
 0.6313665590084411
 0.6189110641939379
 0.6297712939843049
 0.6563612972455036
 0.6496179324928084
 0.6240369152239528
 0.6092874787049999
 0.6227974680432327
 0.6249734257716324
 0.6324908345350825
 0.6382296181536831
 0.6402274363777684
 0
 0
 0
 0
 0
 0
 0
 0
 0
 0
 0
 0
 0
 0
 0
 0
 0
 0
 0
 0
 0
 0
 0
 0
 0
 0
 0
 0
 0
 0
 0
 0
 0
 0
 0
 0
 0
 0
 0
 0
 0
 0
 0
 0
 0
 0
 0
 0
 0
 0
 0
 0
 0
 0
 0
 0
 0
 0
 0
 0
 0
 0
 0
 0
 0
 0
 0
 0
 0
 0
 0
 0
 0
 0
 0
 0
 0
 0
 0
 0
 0
 0
 0
 0
 0
 0
 0
 0
 0
 0
 0
 0
 0
 0
 0
 0
 0
 0
 0
 0
 0
 0
 0
 0
 0
 0
 0
 0
 0
 0
 0
 0
 0
 0
 0
 0
 0
 0
 0
 0
 0
 0
 0
 0
 0
 0
 0
 0
 0
 0
 0
 0
 0
 0
 0
 0
 0
 0
 0
 0
 0
 0
 0
 0
 0
 0
 0
 0
 0
 0
 0
 0
 0.4525206840851371
 0.6053202190283161
 0.6388673742196931
 0.5902447823657422
 0.4681434647984569
 0.4249531590526618
 0.4446807798937123
 0.4858268951476912
 0.5049372843220908
 0.5309081422409598
 0.471747344616911
 0.4400053353881117
 0.4410065320320192
 0.4411491248288663
 0.4517345706549518
 0.4754923137518721
 0.4749455945416128
 0.4812192936728877
 0.4821623942181288
 0.5038943122461416
 0.4942796852888085
 0.4927973845811457
 0.4643701594273674
 0.480266402263183
 0.4879790562920161
 0.4976119269304741
 0.5190757563918041
 0.5015230239116363
 0
 0
 0
 0
 0
 0
 0
 0
 0
 0
 0
 0
 0
 0
 0
 0
 0
 0
 0
 0
 0
 0
 0
 0
 0
 0
 0
 0
 0
 0
 0
 0
 0
 0
 0
 0
 0
 0
 0
 0
 0
 0
 0
 0
 0
 0
 0
 0
 0
 0
 0
 0
 0
 0
 0
 0
 0
 0
 0
 0


