# Created by Octave 3.8.2, Mon Nov 16 04:46:40 2015 CET <dkottke@snake4>
# name: mus
# type: matrix
# ndims: 3
 1 30 19
 0
 0
 0.6950710108604845
 0.7249163879598662
 0.9313807531380763
 0.8668341708542712
 0.6953494848231681
 0.714765100671141
 0.7527151211361729
 0.6680672268907566
 0.6663886572143451
 0.6616161616161619
 0.6540551839464884
 0.6309243697478993
 0.6345991561181435
 0.9298986486486487
 0.9296638655462179
 0.9292929292929287
 0.9298245614035082
 0.928813559322034
 0.9314954051796152
 0.9302749719416383
 0.9339464882943146
 0.9328231292517006
 0.9429787234042559
 0.9448160535117052
 0.9240319865319861
 0.9250283446712021
 0.9227005122715805
 0.9256410256410255
 0
 0
 0.6666666666666666
 1
 1
 0.8
 0.7
 0.7
 0.9
 0.8
 0.8333333333333333
 0.8
 0.8
 0.9333333333333332
 0.9333333333333332
 0.8166666666666667
 0.8833333333333334
 0.9
 0.85
 1
 0.96
 0.95
 0.96
 1
 0.96
 1
 1
 0.96
 0.9666666666666668
 0.9666666666666668
 0
 0
 0.7456100190080195
 0.910678616687269
 0.9178243273522875
 0.8872718336755739
 0.7983849997106224
 0.7613806739892919
 0.897175055763888
 0.8868504199696882
 0.857128316021103
 0.8923287981462024
 0.9003958605160144
 0.9183059430161569
 0.8944634928895135
 0.8456299939978813
 0.8969885010271549
 0.9384907411844911
 0.9517420044229288
 0.9611747539303634
 0.9766375492131423
 0.9778925314623805
 0.9812064993739911
 0.9860671848351436
 0.9770907704921818
 0.9739154432587532
 0.9831967173635737
 0.9713362454715001
 0.9824225158081877
 0.9758373488562824
 0
 0
 0.8211130909092191
 0.7612219542269157
 0.8361273982787795
 0.7337433008106395
 0.6733493631632272
 0.6701619627038996
 0.7529978942510083
 0.727341027630104
 0.7707569461941846
 0.7779780156689055
 0.7912047688047134
 0.8339760204351512
 0.8468089651422916
 0.8082866116427141
 0.8298141437320842
 0.8476719940476564
 0.8623740900114922
 0.8685845004096977
 0.8641889462185264
 0.8721093599046541
 0.8765203704917316
 0.8825249630197521
 0.8858589250252716
 0.8916239477286533
 0.8748994673499768
 0.8772824277957028
 0.8822878723751827
 0.8869256069679947
 0
 0
 0.8890344497447731
 0.8607756521896252
 0.8324011605565579
 0.7965835861174337
 0.6406856764882299
 0.7398032220857721
 0.7410176751022707
 0.7289108930151255
 0.7425737870240499
 0.7522296910966164
 0.8035777946004286
 0.8249158135952889
 0.854240869889935
 0.8038322955567635
 0.8255369322502455
 0.8472641589165817
 0.8618712659784674
 0.8587489004605132
 0.86849152072907
 0.8744663129200411
 0.8796304554311746
 0.8845832301835448
 0.8878438872057611
 0.8931517833912183
 0.880264232122519
 0.8803583604845707
 0.8824001113341658
 0.8882328121184714
 0
 0
 0.9064010479918743
 0.6111111111467789
 0.8948734220803541
 0.6420494955518881
 0.7764315376394864
 0.8371907298347798
 0.8405520535128098
 0.7125446735978693
 0.7207599504273279
 0.7885204551120526
 0.7792205900955262
 0.8779356157724254
 0.8614514330217929
 0.892713304548442
 0.7910875281516881
 0.8463787886838007
 0.8312809836832135
 0.8690809571974363
 0.8952057613287887
 0.8789768063735431
 0.8503706152032516
 0.9908391907845232
 0.956419494807605
 0.8912719638411811
 0.863049080872215
 0.8844003829644532
 0.8654515223675477
 0.9868505374789753
 0
 0
 0.7892931470571475
 0.7348734535361382
 0.7212431587510675
 0.7410706015251337
 0.8503266309460236
 0.7561518409762107
 0.7984885800626789
 0.8406009616721934
 0.7995784207207496
 0.8843651577157157
 0.8835163724537464
 0.8224514862238738
 0.8838969317325625
 0.8596589969423365
 0.7545557260029657
 0.8538247842576514
 0.878718816869873
 0.8465532515320865
 0.8716153143364078
 0.8848494561832242
 0.9012334693480369
 0.8814004182864101
 0.8978481983533235
 0.8980433786693333
 0.91957610863207
 0.8782428763664477
 0.9052326088405579
 0.9029277628525509
 0
 0
 0.7817269401951452
 0.7069726773570238
 0.8091937023685364
 0.7607689260983768
 0.7137704704076906
 0.6842589783335498
 0.7626768703276015
 0.7538451769715262
 0.7805126759569198
 0.8012560472907508
 0.821351994112931
 0.8579862300746445
 0.8722135034254688
 0.8324692177097035
 0.8509783496418546
 0.8733189864322187
 0.8967065761247394
 0.9021519465127245
 0.9066933186122453
 0.9192808115313786
 0.9240717619255742
 0.9239317115646758
 0.9376742300272676
 0.9400194721486073
 0.9272204391113213
 0.9337888277559259
 0.9377468770865063
 0.9386980195934824
 0
 0
 0.8716762259136073
 0.82206907120689
 0.8093321080356546
 0.7578454852040752
 0.7014408291239165
 0.7465018573702646
 0.7824690922681999
 0.7530731079439468
 0.7513484162460947
 0.7723067433761386
 0.820702791636949
 0.8632411858663142
 0.8767023206726616
 0.8218558768280585
 0.8545382122976897
 0.8691099179598483
 0.8968064564520775
 0.8884177428265287
 0.9037293928058523
 0.9194505506850782
 0.9246407211478986
 0.9297212794235103
 0.9340405446766752
 0.9410557253942987
 0.9254513467897753
 0.9299573711495648
 0.9308332120687764
 0.9341543576622184
 0
 0
 0.9946918957820378
 0.6636158130572197
 0.8152202415994279
 0.741965085571503
 0.7052252508369523
 0.6746993095245442
 0.7552287856564347
 0.8680535151783764
 0.7711845635098695
 0.7835063647804289
 0.8093197907211541
 0.8345835542830315
 0.8689829675665951
 0.8118699768233743
 0.8368846745167741
 0.9187762667558699
 0.8590101191719534
 0.9576467072507863
 0.8815425641500414
 0.8994597989482249
 0.9246785624446944
 0.9262860631441334
 0.9137233079443968
 0.9263025377902595
 0.9137394660556291
 0.9342316397996521
 0.9358097509769686
 0.9360623183267077
 0
 0
 0.7892931470571475
 0.743826462095068
 0.7188790524984159
 0.7455745582966846
 0.8620533797999509
 0.8585248786833419
 0.7861876455858374
 0.8136312974914006
 0.789945332342963
 0.8053627197176766
 0.8412930706751188
 0.871663197117311
 0.8520942469312314
 0.8832416619637429
 0.9304082392461357
 0.884525258333791
 0.8727534554596487
 0.8612990203023888
 0.8801238917354882
 0.8904801871125566
 0.8918623848331344
 0.8973095840642912
 0.8943230365828938
 0.9125140919294423
 0.9172375255292733
 0.8988928248381409
 0.9051632591873036
 0.921501443021755
 0
 0
 0
 0
 0
 0
 0
 0
 0
 0
 0
 0
 0
 0
 0
 0
 0
 0
 0
 0
 0
 0
 0
 0
 0
 0
 0
 0
 0
 0
 0
 0
 0
 0
 0
 0
 0
 0
 0
 0
 0
 0
 0
 0
 0
 0
 0
 0
 0
 0
 0
 0
 0
 0
 0
 0
 0
 0
 0
 0
 0
 0
 0
 0
 0
 0
 0
 0
 0
 0
 0
 0
 0
 0
 0
 0
 0
 0
 0
 0
 0
 0
 0
 0
 0
 0
 0
 0
 0
 0
 0
 0
 0
 0
 0
 0
 0
 0
 0
 0
 0
 0
 0
 0
 0
 0
 0
 0
 0
 0
 0
 0
 0
 0
 0
 0
 0
 0
 0
 0
 0
 0
 0
 0
 0
 0
 0
 0
 0
 0
 0
 0
 0
 0
 0
 0
 0
 0
 0
 0
 0
 0
 0
 0
 0
 0
 0
 0
 0
 0
 0
 0
 0.5648717253589471
 0.6597060324242086
 0.7556174302493904
 0.7569116481379424
 0.7138429771421754
 0.7424746772633247
 0.7713711941705682
 0.7425947804199852
 0.7491720647401203
 0.7691614005794452
 0.8274912998859715
 0.8677670860146166
 0.8771325173239289
 0.8222592052568707
 0.8569823840463722
 0.8657055792721252
 0.8954620105702834
 0.8835926112358166
 0.9047074730812154
 0.9188773902642112
 0.9234062657901593
 0.9283692729870224
 0.9349192166958601
 0.9409468526865363
 0.9221659394783995
 0.9253119588408476
 0.9314101662218834
 0.9340004811738837
 0
 0
 0
 0
 0
 0
 0
 0
 0
 0
 0
 0
 0
 0
 0
 0
 0
 0
 0
 0
 0
 0
 0
 0
 0
 0
 0
 0
 0
 0
 0
 0
 0
 0
 0
 0
 0
 0
 0
 0
 0
 0
 0
 0
 0
 0
 0
 0
 0
 0
 0
 0
 0
 0
 0
 0
 0
 0
 0
 0


