# Created by Octave 3.8.2, Fri Nov 20 23:56:24 2015 CET <dkottke@snake7>
# name: mus
# type: matrix
# ndims: 3
 1 30 19
 0
 0
 0.703425229741019
 0.68561872909699
 0.8995815899581598
 0.8827470686767172
 0.8125870231133387
 0.8036912751677853
 0.8203842940685033
 0.8201680672268913
 0.9049207673060874
 0.8939393939393939
 0.9264214046822731
 0.923529411764706
 0.9350210970464129
 0.941722972972973
 0.9265546218487389
 0.9276094276094273
 0.9153439153439148
 0.9262711864406782
 0.9231411862990807
 0.9228395061728393
 0.916387959866221
 0.9217687074829933
 0.9234042553191497
 0.9280936454849495
 0.9284511784511783
 0.9297052154195014
 0.9296582307515864
 0.9290598290598288
 0
 0
 0.3333333333333333
 1
 0.6
 0.7
 0.7
 0.8
 0.5
 0.6
 0.7333333333333333
 0.6
 0.7333333333333333
 0.7
 0.8666666666666666
 0.8166666666666667
 0.8833333333333332
 0.8833333333333332
 0.9
 0.9
 0.9
 0.9099999999999999
 0.9099999999999999
 0.9199999999999999
 0.9199999999999999
 0.9199999999999999
 0.9266666666666665
 0.9266666666666665
 0.9333333333333333
 0.9333333333333333
 0
 0
 0.5846064899126622
 0.8551390386017889
 0.7080832141520896
 0.7397770366155771
 0.7238385216075831
 0.8135244351455755
 0.7549479300274625
 0.7663261000863765
 0.7408893749371648
 0.7361797464442128
 0.7782390911684967
 0.7722099078417868
 0.7767098909495646
 0.7713105798287679
 0.8297339896018663
 0.7719129176716956
 0.8379413693479154
 0.8047267983900935
 0.8602952699106634
 0.8364231088209731
 0.8516739245286907
 0.86533068580576
 0.8940360790833719
 0.8774504945767613
 0.8755731654854004
 0.8968896717515464
 0.8977106526587948
 0.9164682776615638
 0
 0
 0.6339268157845837
 0.8160720534002454
 0.5399197063323513
 0.6534227004769412
 0.6823335933594056
 0.7236287595794323
 0.6247324003798955
 0.6630608259481433
 0.6297614178753687
 0.6510701815771479
 0.6885495204973573
 0.6925280980968229
 0.7363565734696564
 0.7331517356140855
 0.7639986544914097
 0.7617183280108847
 0.7913170975112863
 0.7901649934125271
 0.8042199954242438
 0.8053083747322384
 0.8245699587386485
 0.8238752104718138
 0.8339528171015951
 0.8361015429606836
 0.8508137448616777
 0.8523329312204726
 0.8573972162219646
 0.8678865157374236
 0
 0
 0.3333333333333333
 1
 1
 0.5
 0.5714285714285714
 1
 0.5555555555555556
 1
 0.3636363636363636
 0.8333333333333334
 0.6153846153846154
 0.6666666666666666
 1
 0.6666666666666666
 1
 1
 1
 1
 1
 1
 1
 1
 1
 1
 1
 1
 1
 1
 0
 0
 0.3333333333332967
 0.8005486769029426
 0.6815864226310249
 0.5936109607759943
 0.6880790358289007
 0.8077466753539828
 0.6184990844280392
 0.7770040735830923
 0.6264048644738607
 0.6856538364658571
 0.675476121499973
 0.6931670222749989
 0.7083799648046756
 0.7610300056418964
 0.7053758384892619
 0.7664930421001227
 0.8366928583500058
 0.8687485458415438
 0.795517730968055
 0.7788309187801866
 0.7904439726301768
 0.8237884485133296
 0.8406714914486183
 0.8315367858278739
 0.810654694271188
 0.8286885651804932
 0.9616704174985778
 0.7797337712700257
 0
 0
 0.3678794411714423
 0.6644366060908168
 0.6399641003656223
 0.7364461768911188
 0.7436314653655488
 0.7708737320538454
 0.7290442370865075
 0.810129552275438
 0.7257342868744378
 0.7767173866936156
 0.7616128973585912
 0.7857117746033649
 0.7688679212656923
 0.747277512950981
 0.7748695682322875
 0.8318907515195164
 0.8068715126868231
 0.8188514950533987
 0.7603085777702854
 0.799050635486467
 0.8091825256870189
 0.8321354405381335
 0.820331172536604
 0.8449211090191875
 0.8529450063188949
 0.8588719662088694
 0.8755851971712767
 0.8446488422586902
 0
 0
 0.6351291653439607
 0.7416931653133965
 0.5338093813317293
 0.6819169258232675
 0.6669103836343312
 0.7225912060740667
 0.6336784233568482
 0.6939049349187936
 0.6605307807337834
 0.676073394926777
 0.6766652090268419
 0.7038759717374538
 0.7270298602375382
 0.7388393191930518
 0.7553031329065706
 0.753117576264857
 0.7748262661401247
 0.791425748909839
 0.8018043558424033
 0.7969290028130858
 0.8242483795190965
 0.814192568844516
 0.8436863341625893
 0.8460976583297877
 0.8530489979983318
 0.8605587142244181
 0.8730663385371242
 0.8726840906672427
 0
 0
 0.999987063782709
 0.999999416230815
 0.9999999907975888
 0.9999999999013549
 0.9999999999573068
 1
 0.9999999999999429
 0.9999999999926898
 0.9999999999999998
 0.9999999998502419
 0.9863829180097032
 0.9925818358759855
 0.9842252417218821
 0.9729102943013198
 0.9761783931529806
 0.9657518273040741
 0.9748088569463502
 0.9714736163678281
 0.970860958810459
 0.9677770207583596
 0.9677732797662807
 0.9494185207464069
 0.9560419956959225
 0.9501647485528599
 0.9478760365613003
 0.9525160508683289
 0.9474412164126016
 0.9555281164828213
 0
 0
 0.3333333333270369
 0.7799368220731099
 0.5159152702943253
 0.5877239393458294
 0.657961173228293
 0.7072258688343105
 0.620687847779422
 0.6913375455962188
 0.6595502217196614
 0.6854765376027272
 0.6776770963767029
 0.690820114803222
 0.7220919405529885
 0.7132603661821545
 0.8349317311663718
 0.7390302419598286
 0.7603022305618391
 0.7644705257710306
 0.7908363909764718
 0.7868039753556447
 0.8190605609158277
 0.9060753207164549
 0.8286109769708495
 0.8321309338100046
 0.8424831865334451
 0.843637344093325
 0.9645386540961048
 0.8642138527077659
 0
 0
 0.3678794411714423
 0.6719206762566035
 0.6505070092062982
 0.6904045770675953
 0.7286835005603243
 0.7650541579354699
 0.7040303728230681
 0.8814122303223447
 0.740135539874253
 0.7489621167495195
 0.8295079740584551
 0.7597857910530492
 0.7653010025279746
 0.750078846041476
 0.7411214805621427
 0.7951207659024689
 0.7728834231151765
 0.8078036991519647
 0.8434824429444409
 0.7870853377969442
 0.8043619372897527
 0.80334386508058
 0.8311050736682802
 0.8380006415349261
 0.8454696574546873
 0.8436711569645866
 0.8350878175765279
 0.9398347902603131
 0
 0
 0
 0
 0
 0
 0
 0
 0
 0
 0
 0
 0
 0
 0
 0
 0
 0
 0
 0
 0
 0
 0
 0
 0
 0
 0
 0
 0
 0
 0
 0
 0
 0
 0
 0
 0
 0
 0
 0
 0
 0
 0
 0
 0
 0
 0
 0
 0
 0
 0
 0
 0
 0
 0
 0
 0
 0
 0
 0
 0
 0
 0
 0
 0
 0
 0
 0
 0
 0
 0
 0
 0
 0
 0
 0
 0
 0
 0
 0
 0
 0
 0
 0
 0
 0
 0
 0
 0
 0
 0
 0
 0
 0
 0
 0
 0
 0
 0
 0
 0
 0
 0
 0
 0
 0
 0
 0
 0
 0
 0
 0
 0
 0
 0
 0
 0
 0
 0
 0
 0
 0
 0
 0
 0
 0
 0
 0
 0
 0
 0
 0
 0
 0
 0
 0
 0
 0
 0
 0
 0
 0
 0
 0
 0
 0
 0
 0
 0
 0
 0
 0
 0.9999795968358265
 0.9999999212544189
 0.9999999999982446
 0.9999999999999538
 0.9999999923524928
 0.9999998504482663
 0.9999993530989232
 0.9999997548997783
 0.998103160927593
 0.9990636211273988
 0.9910185167965624
 0.9889943862110115
 0.9782564966931461
 0.9690996101479309
 0.9732896251371569
 0.979416889596201
 0.9700784443318127
 0.9690164574840733
 0.9684400951888082
 0.9606083378325737
 0.9681358267230495
 0.9607465339343799
 0.9595494403246516
 0.9527831482640159
 0.9482569967587278
 0.9480545744140556
 0.9503905026539511
 0.9531619256976237
 0
 0
 0
 0
 0
 0
 0
 0
 0
 0
 0
 0
 0
 0
 0
 0
 0
 0
 0
 0
 0
 0
 0
 0
 0
 0
 0
 0
 0
 0
 0
 0
 0
 0
 0
 0
 0
 0
 0
 0
 0
 0
 0
 0
 0
 0
 0
 0
 0
 0
 0
 0
 0
 0
 0
 0
 0
 0
 0
 0


