# Created by Octave 3.8.2, Fri Nov 20 22:27:05 2015 CET <dkottke@snake7>
# name: mus
# type: matrix
# ndims: 3
 1 30 19
 0
 0
 0.4987468671679202
 0.4983277591973244
 0.8702928870292894
 0.5469011725293135
 0.9348370927318299
 0.9303691275167785
 0.90392648287385
 0.9394957983193282
 0.9524603836530434
 0.9486531986531985
 0.9423076923076914
 0.95546218487395
 0.9451476793248942
 0.9451013513513513
 0.9590756302521003
 0.9579124579124576
 0.9573934837092727
 0.9500000000000003
 0.9523809523809519
 0.9514590347923679
 0.9598662207357862
 0.9574829931972788
 0.961702127659575
 0.9615384615384613
 0.9577020202020198
 0.9600340136054423
 0.9604709840201847
 0.9589743589743586
 0
 0
 1
 1
 0.8
 0.8
 0.6
 0.7
 0.6
 0.7
 0.7
 0.7666666666666667
 0.5666666666666667
 0.5333333333333333
 0.5999999999999999
 0.7166666666666666
 0.7
 0.3833333333333333
 0.4333333333333333
 0.5
 0.43
 0.65
 0.68
 0.6300000000000001
 0.5600000000000001
 0.5
 0.5466666666666666
 0.46
 0.52
 0.6666666666666666
 0
 0
 1
 1
 0.7091326696683948
 0.8279944057609367
 0.8284748511676736
 0.7798113386747191
 0.7779149769982334
 0.6344685430536843
 0.7484017348148658
 0.7285844309845209
 0.7052952573167934
 0.7371052251806938
 0.7056431695641248
 0.7442877992093454
 0.7199959332930733
 0.5983206184079481
 0.7293750188443517
 0.6551745913973462
 0.7548705621267617
 0.650185356337378
 0.6973888499925051
 0.6056343910607922
 0.6498479556712183
 0.5280858252696752
 0.6196270235398109
 0.5770824016537597
 0.5625353067922558
 0.6486711870482801
 0
 0
 0.9999999999733361
 0.9999999998015069
 0.689801965787296
 0.750076466034562
 0.6727259297531711
 0.7054095008337014
 0.6536678445212057
 0.6429172251498096
 0.6199568374123495
 0.6104995074525632
 0.6086418697626765
 0.6279533484081781
 0.6232427537126509
 0.6382080058735184
 0.6066256273801538
 0.5713005827102816
 0.5889510214595144
 0.6004790008134813
 0.6161231351953937
 0.6082806507701277
 0.6020239676292291
 0.5812888782461292
 0.5642062285302345
 0.5479905316936697
 0.5555910665231374
 0.5434241422136976
 0.5546630436035491
 0.574473337262925
 0
 0
 1
 1
 0.8
 0.6666666666666666
 0.7142857142857143
 0.625
 0.8888888888888888
 0.8
 0.5454545454545454
 0.6666666666666666
 0.6923076923076923
 0.5555555555555556
 0.6
 0
 1
 1
 1
 1
 0
 1
 1
 1
 0
 0
 0
 0
 0
 0
 0
 0
 0.9999999999677722
 0.9999999998953863
 0.7703451552528876
 0.6946233733545497
 0.6321058670379044
 0.7473229171417971
 0.6681809159756794
 0.6470411431747154
 0.6158682281300702
 0.5951270450569048
 0.5695684598930834
 0.689237222240058
 0.5835774219238984
 0.5682779109884269
 0.6155448902869793
 0.5743771013784801
 0.598570341067779
 0.6816837642809526
 0.5623394926993682
 0.6054797974276842
 0.6070841657468575
 0.5609596306132393
 0.56121350851352
 0.5423500020682889
 0.5104376622105653
 0.5213848554967575
 0.5576466297425471
 0.5416141286292447
 0
 0
 1
 0.9999999999823701
 0.6701111973213549
 0.6978286596379405
 0.733454463932559
 0.8614129940218449
 0.7433434283404835
 0.7297976453177111
 0.7256419823583423
 0.7252464841641342
 0.7397196857637494
 0.762765239042852
 0.7208579827658045
 0.7175162763779956
 0.7042852452427395
 0.7246892530558698
 0.7306884615338191
 0.7277546258921744
 0.6791397132339579
 0.689545225569262
 0.7189454719289313
 0.702510227415328
 0.6524064815992558
 0.663258331984146
 0.6652315531721942
 0.6411648304579151
 0.6449950523797918
 0.6499949659221418
 0
 0
 0.9999999999856164
 0.9999999999498814
 0.6354942472327424
 0.7090871384572449
 0.6582169287916053
 0.7050759607400905
 0.6283984696442504
 0.6380452912085256
 0.6242047414948649
 0.6206213902108997
 0.5992760686323869
 0.6213780419668428
 0.621407434788103
 0.6593847601009903
 0.6103157117756082
 0.5838276669512429
 0.6032847277367896
 0.6008986600094303
 0.6242073528275714
 0.6117417998695817
 0.6081439830683557
 0.6012747154248487
 0.5778129877132528
 0.5595590429223123
 0.5734477433445765
 0.5526510369739445
 0.5685689620170609
 0.5807820580991981
 0
 0
 0.9998962426430654
 0.9999999522782608
 0.9999999999301604
 0.9999999999998859
 0.9999999999823209
 1
 1
 0.9999999999999996
 0.9999999978160307
 0.9999144079137494
 0.9921935121516695
 0.9894989513549106
 0.9823712022259152
 0.9707538479058513
 0.9678495927447842
 0.963414004736788
 0.9687937852975564
 0.9658509097736561
 0.9572475538043108
 0.9547079513360399
 0.9635163848590316
 0.9624465451783907
 0.9574324527233561
 0.9523474740608555
 0.9462954912486305
 0.957518046939794
 0.9485368807740612
 0.9534089781822528
 0
 0
 0.9999999999210676
 0.9999999999999001
 0.7140615047614637
 0.6827350616874603
 0.6668310302356452
 0.7646631393677995
 0.6313882035412502
 0.6040050167568805
 0.6177413141825551
 0.6400256571157125
 0.5837297594068863
 0.6536387700509976
 0.6826934356756814
 0.6266540149099193
 0.5820170405113437
 0.5820994538152882
 0.5911129619484808
 0.5862293430346834
 0.6071728230262498
 0.5889523665688017
 0.5881693045400782
 0.5747784385238346
 0.594627474112626
 0.5468363640891523
 0.5613642644016209
 0.5436895504602094
 0.562844122008186
 0.5763540957920787
 0
 0
 1
 0.9999999999864773
 0.7097759985412775
 0.6660548352152122
 0.7078154503181505
 0.7852523244810897
 0.7443570219806491
 0.8345016970053152
 0.707201591293777
 0.6933521429676526
 0.7120100322614488
 0.7122560038824491
 0.688160353735796
 0.707764822096813
 0.7453557017504973
 0.6901685940410199
 0.6987823803966973
 0.7457003293190109
 0.6966383664976711
 0.6778746527646116
 0.6975146425477938
 0.6762411614229005
 0.6835367293752804
 0.6524039566146275
 0.6407723346229801
 0.6438436790814122
 0.7448840944728867
 0.6485144807093097
 0
 0
 0
 0
 0
 0
 0
 0
 0
 0
 0
 0
 0
 0
 0
 0
 0
 0
 0
 0
 0
 0
 0
 0
 0
 0
 0
 0
 0
 0
 0
 0
 0
 0
 0
 0
 0
 0
 0
 0
 0
 0
 0
 0
 0
 0
 0
 0
 0
 0
 0
 0
 0
 0
 0
 0
 0
 0
 0
 0
 0
 0
 0
 0
 0
 0
 0
 0
 0
 0
 0
 0
 0
 0
 0
 0
 0
 0
 0
 0
 0
 0
 0
 0
 0
 0
 0
 0
 0
 0
 0
 0
 0
 0
 0
 0
 0
 0
 0
 0
 0
 0
 0
 0
 0
 0
 0
 0
 0
 0
 0
 0
 0
 0
 0
 0
 0
 0
 0
 0
 0
 0
 0
 0
 0
 0
 0
 0
 0
 0
 0
 0
 0
 0
 0
 0
 0
 0
 0
 0
 0
 0
 0
 0
 0
 0
 0
 0
 0
 0
 0
 0
 0.9999629198951183
 0.9999999778843245
 0.9999999999972996
 0.9999999994982522
 0.9999999999999992
 0.9996315374233314
 0.9999997092303831
 0.9999998295231443
 0.9997218580313294
 0.9999965242015022
 0.9931693130244201
 0.97618747497648
 0.9849937268400257
 0.9743272750626578
 0.9664101902460555
 0.9793603981665363
 0.9687097867390477
 0.9718822902337254
 0.9654392831980466
 0.955381407986454
 0.9637121802502338
 0.9557761309452878
 0.9574927035318802
 0.9569464965507133
 0.9537047658206042
 0.950601942697492
 0.9458937345473597
 0.9393253788029081
 0
 0
 0
 0
 0
 0
 0
 0
 0
 0
 0
 0
 0
 0
 0
 0
 0
 0
 0
 0
 0
 0
 0
 0
 0
 0
 0
 0
 0
 0
 0
 0
 0
 0
 0
 0
 0
 0
 0
 0
 0
 0
 0
 0
 0
 0
 0
 0
 0
 0
 0
 0
 0
 0
 0
 0
 0
 0
 0
 0


