# Created by Octave 3.8.2, Fri Nov 20 21:41:14 2015 CET <dkottke@snake7>
# name: mus
# type: matrix
# ndims: 3
 1 30 19
 0
 0
 0.8153717627401842
 0.7065217391304348
 0.94142259414226
 0.7596314907872693
 0.7385129490392646
 0.7625838926174496
 0.7685881370091889
 0.7873949579831936
 0.7214345287739784
 0.7466329966329969
 0.9019648829431428
 0.9052100840336137
 0.8995780590717294
 0.9011824324324325
 0.8876470588235288
 0.8884680134680129
 0.909774436090225
 0.9254237288135596
 0.9264828738512947
 0.9276094276094277
 0.92809364548495
 0.9251700680272108
 0.9251063829787239
 0.9205685618729094
 0.9225589225589225
 0.9193594104308389
 0.921247801819711
 0.9196581196581193
 0
 0
 0.6666666666666666
 0.75
 1
 1
 1
 1
 1
 1
 0.9
 0.9
 1
 0.9333333333333333
 1
 1
 0.9333333333333333
 0.95
 0.9
 0.9
 0.9
 0.9099999999999999
 0.9099999999999999
 0.8800000000000001
 0.9199999999999999
 0.96
 0.9666666666666668
 0.96
 0.9666666666666668
 0.9666666666666668
 0
 0
 0.8291566057220114
 0.7500918720910353
 0.9279410610680903
 0.9526984615842576
 0.9578586294114295
 0.9860539442835178
 0.9882325517437414
 0.9905181916175716
 0.9450766426047853
 0.9502731827054868
 0.9570007515101622
 0.9488769081483204
 0.9506841077943686
 0.9781147630103753
 0.948640317561073
 0.9300753057117852
 0.9789578630386021
 0.9292591545272021
 0.9128425806844146
 0.9238230631991313
 0.9415862632395128
 0.9521604727088209
 0.9514821404311573
 0.9591160365228313
 0.9466621868454698
 0.9404009622842052
 0.9455356102858465
 0.9558335205373854
 0
 0
 0.791522126201762
 0.5288039522725807
 0.9249719898376918
 0.9743262531609701
 0.9729262207013895
 0.9781173124656661
 0.9793032090273067
 0.9756961479665703
 0.9653996632154543
 0.9756407160723312
 0.9600806018945411
 0.9687000945094558
 0.9451098919156905
 0.9529028706619737
 0.9388728643436763
 0.9400652207201309
 0.9616290112756467
 0.9047532772745435
 0.9100279604738956
 0.9129230356553828
 0.9187672702774531
 0.9192896338155325
 0.9200669152075919
 0.9265745943653106
 0.9429404406259683
 0.9422778360518997
 0.9480870272342736
 0.9524913538626115
 0
 0
 0.6666666666666666
 0.75
 1
 1
 1
 1
 1
 1
 1
 1
 1
 1
 1
 1
 1
 1
 1
 1
 1
 0
 0
 1
 1
 1
 1
 1
 1
 1
 0
 0
 0.7049765710053006
 0.7527215795171127
 0.9837226735456147
 0.8033108304419734
 0.9952529427932075
 0.9960109480340166
 0.9961055230054279
 0.9939820730114692
 0.9749133245379427
 0.9855836885841549
 0.9599487628776704
 0.9737803894476098
 0.9527925615102593
 0.9539950682701992
 0.9357436352961257
 0.9288485303653948
 0.9534790544757641
 0.9567854415912542
 0.9492382265683939
 0.8413400380974264
 0.8551782216017054
 0.8926131356818281
 0.9060701096835335
 0.9311178381113572
 0.9565179769673421
 0.9915779022074245
 0.9362712986888742
 0.9721757229278694
 0
 0
 0.3678794411714423
 0.6943790672301979
 0.8716358378122921
 0.8880743118423206
 0.9417869778089469
 0.9256240533134537
 0.9251270694419942
 0.9702219830676456
 0.9404772368534785
 0.9466960945431724
 0.9419617898593737
 0.9429172372085443
 0.9015187076871238
 0.9431332898266732
 0.957241836946416
 0.9066939692909486
 0.9599065361901963
 0.9361162256927293
 0.9290100727065933
 0.9071439759915213
 0.9078436060209681
 0.9605571498401925
 0.9669170234189084
 0.9654891438414568
 0.9523646616613481
 0.9009250896755976
 0.9163147086622961
 0.9371703153420436
 0
 0
 0.7870302476891688
 0.5418725550208016
 0.8966305723615687
 0.9399660714679463
 0.9384770759577364
 0.9571105031246044
 0.9428613820790092
 0.9275589048516422
 0.9343628577314488
 0.915757897532587
 0.9091331414965971
 0.9074267800510172
 0.8941709317670016
 0.9067917927916884
 0.8875719575810629
 0.8828360150883813
 0.910621418097699
 0.8485941229764518
 0.8575023221401998
 0.8748062452144068
 0.871986584511136
 0.877012722647043
 0.8800629713047633
 0.8966938930632681
 0.8924508604242378
 0.8855128941211147
 0.8990510827692721
 0.9052828891002785
 0
 0
 0.9607913263424606
 0.8633118117911031
 0.9190905985509132
 0.8937297753685149
 0.936380135081786
 0.9325001003120165
 0.903928756749118
 0.924479255269154
 0.9198117830187004
 0.9294908402538515
 0.9313366034804228
 0.9347771691767136
 0.9115013500723896
 0.9176380560355476
 0.900421025886614
 0.9106766530017928
 0.9134498451081888
 0.907967073527969
 0.911911789088897
 0.9075724137850528
 0.900340414594354
 0.906511064630003
 0.9085704658305795
 0.9023165190025597
 0.9134571510900066
 0.91458576702479
 0.8997319639391064
 0.9118939885057841
 0
 0
 0.7101783056165304
 0.7538091629313233
 0.9856915423678798
 0.9934410751873426
 0.9899788068487808
 0.8996610164732348
 0.994780028570409
 0.9979728193917159
 0.9701578970379717
 0.9772336666843264
 0.9459557968918451
 0.9587548079454069
 0.9482374084107869
 0.9574558243909272
 0.9315612989980027
 0.9281239114009354
 0.9756725039092313
 0.9054333929234053
 0.9094092075136668
 0.916067940750215
 0.923635745596825
 0.9261684155930905
 0.9270950683615082
 0.9323893525609106
 0.9543942339389295
 0.9626181119826899
 0.9314190362951532
 0.9306854631965594
 0
 0
 0.3678794411714423
 0.6915955349517622
 0.8803160579674912
 0.90067021109062
 0.9384963265122555
 0.9036096303675027
 0.9016205050360401
 0.8848827115099154
 0.9597103079478487
 0.8840589095345602
 0.9701234494291566
 0.9642322485706373
 0.899459559371522
 0.9387816261996105
 0.9041953568189144
 0.9088279170514915
 0.9103697422279187
 0.8844103712888893
 0.8895834384434096
 0.9585820359616237
 0.9125787740887621
 0.9614445355756923
 0.9817971686084151
 0.9631027685340351
 0.9066895776710673
 0.9391734304332826
 0.9155866375247641
 0.9390049591522227
 0
 0
 0
 0
 0
 0
 0
 0
 0
 0
 0
 0
 0
 0
 0
 0
 0
 0
 0
 0
 0
 0
 0
 0
 0
 0
 0
 0
 0
 0
 0
 0
 0
 0
 0
 0
 0
 0
 0
 0
 0
 0
 0
 0
 0
 0
 0
 0
 0
 0
 0
 0
 0
 0
 0
 0
 0
 0
 0
 0
 0
 0
 0
 0
 0
 0
 0
 0
 0
 0
 0
 0
 0
 0
 0
 0
 0
 0
 0
 0
 0
 0
 0
 0
 0
 0
 0
 0
 0
 0
 0
 0
 0
 0
 0
 0
 0
 0
 0
 0
 0
 0
 0
 0
 0
 0
 0
 0
 0
 0
 0
 0
 0
 0
 0
 0
 0
 0
 0
 0
 0
 0
 0
 0
 0
 0
 0
 0
 0
 0
 0
 0
 0
 0
 0
 0
 0
 0
 0
 0
 0
 0
 0
 0
 0
 0
 0
 0
 0
 0
 0
 0
 0.943474202608716
 0.9582886143642338
 0.965968328592275
 0.9179713956475219
 0.9238797832564988
 0.9510763323315987
 0.9197625924609992
 0.8862364226719245
 0.9169082792629045
 0.9256760004949349
 0.9252203267614603
 0.9130865552959497
 0.9273418830159924
 0.9156519006640205
 0.9224836142031357
 0.9149053560189647
 0.9113167450190935
 0.905050017082389
 0.9097004918229084
 0.901851348487994
 0.9047026852090561
 0.9067877728235945
 0.9039460326132652
 0.8930659260672316
 0.911193794195154
 0.915631032882728
 0.8990956950639025
 0.9148764564613635
 0
 0
 0
 0
 0
 0
 0
 0
 0
 0
 0
 0
 0
 0
 0
 0
 0
 0
 0
 0
 0
 0
 0
 0
 0
 0
 0
 0
 0
 0
 0
 0
 0
 0
 0
 0
 0
 0
 0
 0
 0
 0
 0
 0
 0
 0
 0
 0
 0
 0
 0
 0
 0
 0
 0
 0
 0
 0
 0
 0


