# Created by Octave 3.8.2, Fri Nov 20 23:52:33 2015 CET <dkottke@snake7>
# name: mus
# type: matrix
# ndims: 3
 1 30 19
 0
 0
 0.3526570048309177
 0.4230769230769231
 0.6731707317073172
 0.6715686274509806
 0.6650246305418719
 0.6875
 0.7101449275362317
 0.705
 0.6698564593301436
 0.9068627450980394
 0.9182692307692309
 0.8469387755102042
 0.9846153846153847
 0.9855769230769231
 0.9763071895424837
 0.9898989898989899
 0.985645933014354
 0.975
 0.9947089947089948
 0.994949494949495
 0.9951690821256037
 0.9947916666666667
 0.995
 1
 1
 1
 1
 1
 0
 0
 0.3333333333333333
 1
 0.4
 0.8
 0.7
 0.8
 0.5
 0.6
 0.5
 0.7
 0.8666666666666666
 0.8666666666666666
 0.4666666666666667
 0.5333333333333333
 0.7166666666666667
 0.7166666666666667
 0.7833333333333333
 0.7
 0.77
 0.68
 0.76
 0.6900000000000001
 0.5599999999999999
 0.74
 0.7733333333333334
 0.7533333333333334
 0.72
 0.7333333333333334
 0
 0
 0.653104571374572
 0.8276034839558479
 0.6902609261740067
 0.7597941876451481
 0.7242767710296772
 0.7722258919687763
 0.7256177368554587
 0.8061496952925756
 0.7201385422336137
 0.8737865950872313
 0.8601809525829214
 0.7754180605515839
 0.5518232838543644
 0.6304666950638756
 0.638834761321914
 0.6796990080246328
 0.7013399358875706
 0.6882739757289782
 0.6545940301764995
 0.6682186108313284
 0.6834597219100742
 0.7080609617406347
 0.682790482891265
 0.6754062210380044
 0.7227505220364989
 0.6398250498599141
 0.7326944838865004
 0.7419676517859493
 0
 0
 0.3333499984508468
 0.9821500005068493
 0.655839366599819
 0.7596537300369466
 0.7828484724185824
 0.793950094712266
 0.7397463818273955
 0.8059393191906628
 0.8491692703686355
 0.837512281785414
 0.9137403071090123
 0.8505174196487266
 0.6137863472037787
 0.6490834517413553
 0.7281906716172517
 0.7431052886162449
 0.7221760133141912
 0.6651587102111293
 0.7058574524032849
 0.717300112088004
 0.6634443905268201
 0.7157560976403294
 0.739093645998037
 0.6672019447595945
 0.7201389466523599
 0.7698720360517105
 0.7555400968881222
 0.7588291405069543
 0
 0
 0
 1
 0
 1
 0.4285714285714285
 0.75
 0.6666666666666666
 0.8
 0.7272727272727273
 0.9166666666666666
 0.8461538461538461
 0.7777777777777778
 0.8
 0.6666666666666666
 1
 1
 1
 0
 1
 1
 0
 0
 1
 1
 1
 1
 1
 0
 0
 0
 0.2500374962644983
 1.142866667433545
 0.354178126251279
 0.9999999385362834
 0.5339287160650691
 0.8196428585670907
 0.7043650848602683
 0.8359127005191904
 0.7571969896189821
 0.970707078906496
 0.8619465114326749
 0.7577030812398887
 0.6717499864087504
 0.6737663448092561
 0.9218546566385329
 0.9647492629505614
 0.8189860660951376
 0.5079145839199675
 0.771331498190662
 0.7977657473553043
 0.5757737007820317
 0.4702628777323378
 0.763393279601873
 0.8750016229341316
 0.6832729535435978
 0.8274177920760495
 0.7103234624407977
 0.7500041237679502
 0
 0
 0.3678794411714423
 0.6411564907961473
 0.9917138962219265
 0.7949411968101541
 0.7323846345721203
 0.7013376189484228
 0.7290692697174856
 0.7885168247365821
 0.8416057959182155
 0.8306553705819728
 0.8378908522543052
 0.7890569385344155
 0.7548816256404609
 0.7630815000982882
 0.7168098472535102
 0.7289940520945748
 0.7197001214747307
 0.7212105372140735
 0.7785451610105306
 0.7928279718608189
 0.7498949014602178
 0.7861821372919395
 0.7663786148106688
 0.7680566825569565
 0.7375738911265319
 0.7662024619725667
 0.7705154806592061
 0.8347875458778712
 0
 0
 0.3333499984044425
 0.8882231766559388
 0.6899072892255121
 0.6548394761250637
 0.7191818116024589
 0.7576579083998796
 0.7132415742336566
 0.7238006266246073
 0.7398973130280627
 0.8157998425584907
 0.9043132678342701
 0.8432773097648242
 0.6122801713510697
 0.6393018509004387
 0.7247501166814974
 0.7411427710007198
 0.718445586249304
 0.7065591608012416
 0.6778786037835418
 0.7131998158773597
 0.6607224389689658
 0.703831204899679
 0.7045833277335498
 0.6757489542441288
 0.7113108211585394
 0.7400724543286796
 0.7243513493019382
 0.7360029678381659
 0
 0
 1
 1
 1
 1
 1
 1
 1
 1
 1
 1
 1
 1
 1
 1
 1
 1
 1
 1
 1
 1
 1
 1
 1
 1
 1
 1
 1
 1
 0
 0
 0.2500374962655049
 1.017702372171204
 0.4466672964493056
 0.6844601007810402
 0.6475527881044101
 0.754654178347629
 0.6625652424934643
 0.794610906874256
 0.8472296157839081
 1.013367072112537
 0.9741708291994846
 0.8417490336089506
 0.5659144071517479
 0.6127704181332432
 0.7136623856884545
 0.8203932333657947
 0.7978915231191528
 0.671994969894139
 0.7137177096396097
 0.7294234717350101
 0.7704835759963571
 0.7124725063135713
 0.6726472612798579
 0.8940060188155002
 0.617101942197942
 0.5978732756525378
 0.740342917105965
 0.9999988278851847
 0
 0
 0.3678794411714423
 0.6576207717937866
 1.120107722210072
 0.7878415981272495
 0.748368839457684
 0.7111985388120146
 0.6939625280837959
 0.7667229265388772
 0.8441828201945903
 0.7725007938233921
 0.823967083080577
 0.8380795776834379
 0.8407773761340525
 0.6802822490729773
 0.7806013900147959
 0.7702177658675969
 0.7806634591836985
 0.7087946516712587
 0.7583275233514745
 0.7369710288226485
 0.7186963627325437
 0.88334343932012
 0.7855140298332844
 0.73744653519543
 0.7565894957038705
 0.7775112020182683
 0.787249854767712
 0.8516402952563821
 0
 0
 0
 0
 0
 0
 0
 0
 0
 0
 0
 0
 0
 0
 0
 0
 0
 0
 0
 0
 0
 0
 0
 0
 0
 0
 0
 0
 0
 0
 0
 0
 0
 0
 0
 0
 0
 0
 0
 0
 0
 0
 0
 0
 0
 0
 0
 0
 0
 0
 0
 0
 0
 0
 0
 0
 0
 0
 0
 0
 0
 0
 0
 0
 0
 0
 0
 0
 0
 0
 0
 0
 0
 0
 0
 0
 0
 0
 0
 0
 0
 0
 0
 0
 0
 0
 0
 0
 0
 0
 0
 0
 0
 0
 0
 0
 0
 0
 0
 0
 0
 0
 0
 0
 0
 0
 0
 0
 0
 0
 0
 0
 0
 0
 0
 0
 0
 0
 0
 0
 0
 0
 0
 0
 0
 0
 0
 0
 0
 0
 0
 0
 0
 0
 0
 0
 0
 0
 0
 0
 0
 0
 0
 0
 0
 0
 0
 0
 0
 0
 0
 0
 1
 1
 1
 1
 1
 1
 1
 1
 1
 1
 1
 1
 1
 1
 1
 1
 1
 1
 1
 1
 1
 1
 1
 1
 1
 1
 1
 1
 0
 0
 0
 0
 0
 0
 0
 0
 0
 0
 0
 0
 0
 0
 0
 0
 0
 0
 0
 0
 0
 0
 0
 0
 0
 0
 0
 0
 0
 0
 0
 0
 0
 0
 0
 0
 0
 0
 0
 0
 0
 0
 0
 0
 0
 0
 0
 0
 0
 0
 0
 0
 0
 0
 0
 0
 0
 0
 0
 0


