# Created by Octave 3.8.2, Fri Nov 20 21:45:09 2015 CET <dkottke@snake7>
# name: mus
# type: matrix
# ndims: 3
 1 30 19
 0
 0
 0.5497076023391811
 0.544314381270903
 0.6050209205020914
 0.6440536013400336
 0.6950710108604837
 0.7491610738255033
 0.6449456975772762
 0.53109243697479
 0.7155963302752295
 0.7230639730639733
 0.7061036789297657
 0.7245378151260504
 0.7510548523206748
 0.7896959459459459
 0.7929411764705879
 0.9503367003366999
 0.9465329991645774
 0.9449152542372884
 0.9482038429406848
 0.9445847362514025
 0.9607023411371238
 0.9566326530612245
 0.9531914893617025
 0.9494147157190632
 0.9385521885521885
 0.9345238095238095
 0.9352396972245581
 0.9350427350427347
 0
 0
 0
 0.25
 0
 0
 0.5
 0.3
 0.3
 0.3
 0.3333333333333333
 0.4
 0.3666666666666666
 0.6
 0.6
 0.6333333333333333
 0.4666666666666666
 0.6833333333333333
 0.5666666666666667
 0.65
 0.67
 0.7699999999999999
 0.77
 0.8400000000000001
 0.8
 0.8066666666666666
 0.78
 0.8133333333333332
 0.8266666666666665
 0.8333333333333333
 0
 0
 0.5218057052684555
 0.465545748527149
 0.4405083080403578
 0.5269483685950018
 5.269728681650316
 0.5993954363507488
 0.570793412570249
 0.5360700684104607
 0.5174470120785446
 0.6375866669494232
 0.6407144259213478
 0.6133098097155698
 0.7154343936780876
 0.6109978873191871
 0.6830145935086553
 0.5533723889053161
 0.6562470972160988
 0.6803906016225786
 0.6413518253192212
 0.712555674869087
 0.7047475499996765
 0.7590416244461724
 0.7449721860880949
 0.7812897765661944
 0.768902833483247
 0.7997442176672371
 0.8164858042930986
 0.7968723982972654
 0
 0
 0.1944736082230184
 0.3765041681661148
 0.3133499986461974
 0.3078937775499832
 0.5162106328333814
 0.4923830536394164
 0.4405132627774059
 0.4628068564017155
 0.4290342145499701
 0.5157184742939634
 0.6277711754526106
 0.7464760875194257
 0.7141588311820355
 0.6801910986212365
 0.713817162242004
 0.6511173003043224
 0.7465497940121455
 0.7166495623941873
 0.7287463577321034
 0.7420681376013601
 0.7779195437657626
 0.7998169377604054
 0.7897283600661532
 0.7977769483318445
 0.8333048259467809
 0.8279028371471354
 0.8379910837499092
 0.8254323156711051
 0
 0
 0
 0.5
 0
 0
 0.1428571428571428
 0.625
 0.3333333333333333
 0.2
 0.3636363636363636
 0.4166666666666667
 0.5384615384615384
 0.4444444444444444
 0.6
 0.3333333333333333
 0.5
 0
 0
 0
 0
 0
 1
 1
 0
 1
 0
 1
 1
 1
 0
 0
 0.2500374962876857
 0.5277778507665636
 0.3125168772673354
 0.2666864975492272
 0.3095257808663163
 0.53214285897967
 0.4012902176863998
 0.3392887107416233
 0.3785361475259768
 0.4396478460160128
 0.555128826554159
 0.5712505882614263
 0.620760447460884
 0.5593530346068595
 0.6058966496736845
 0.4807816391751296
 0.4827508569357364
 0.3830382671414056
 0.3769767474010783
 0.3021088891596148
 0.9326548641632258
 0.7601627066986891
 0.6198152916111982
 0.8298707042924998
 0.5833618493612831
 0.7916687847680581
 0.791668867466272
 0.9605680186721309
 0
 0
 0.5785862941142949
 0.5165923890640718
 0.6607485572298761
 0.5795450875824744
 0.5839302233592522
 0.6218929265435046
 0.6270314141284599
 0.5625178206761137
 0.5740031675763801
 0.5850276832612167
 0.6600716804700849
 0.713038654678727
 0.6557000364160775
 0.6717663052364586
 0.7248917493185285
 0.7210068129431432
 0.6895592176408432
 0.7667264361755355
 0.7757709050038677
 0.8025210566836152
 0.7798365197802501
 0.7941705654880558
 0.7682980585392589
 0.83577286163604
 0.776955412619367
 0.8054369412250341
 0.8036622728176835
 0.8317894073264063
 0
 0
 0.1944736082327258
 0.3356769969965046
 0.3791576222875231
 0.4578913802730247
 0.4738935990712145
 0.5483350815171161
 0.5307104960577785
 0.4992005490478498
 0.4588324380766103
 0.5676326356816175
 0.6667245662251959
 0.7064705303499782
 0.7132253672567975
 0.6961872011268392
 0.7249528900859631
 0.6561785833668692
 0.700584921906385
 0.7081884598300381
 0.7490241456032926
 0.7405740460883834
 0.7517354288726728
 0.7794051918369248
 0.7885413914595388
 0.796578097654691
 0.799003128494902
 0.8119657711327363
 0.8123819560693984
 0.8274336963790403
 0
 0
 1
 1
 1
 1
 1
 1
 1
 1
 1
 1
 1
 1
 1
 1
 1
 1
 1
 1
 1
 1
 1
 1
 1
 1
 1
 1
 1
 1
 0
 0
 0.2500374962686376
 0.4950859753295748
 0.3650129322121449
 0.3564718995874165
 0.3761915708755344
 0.434728999773778
 0.453608816050974
 0.423382622590676
 0.4051029824851743
 0.4817458993641557
 0.596151883747031
 0.6437890727994432
 0.7352749483275819
 0.7709304670616757
 0.6419884069616222
 0.6046431865228605
 0.6618956441582429
 0.7357425491415894
 0.8655982040910672
 0.6988374677950563
 0.7427404454416655
 0.6474388708722859
 0.8079229420587986
 0.8282812353610521
 0.9819939130694184
 0.9915202484965175
 0.9921564635470219
 0.5894744488992353
 0
 0
 0.5785862941142949
 0.5404366755433369
 0.6702012568763145
 0.595326378815783
 0.6170580519324794
 0.5789936804479958
 0.5891928898351635
 0.5964513203310352
 0.6515101893318658
 0.6073380938499759
 0.8927610941360546
 0.7526393675871433
 0.7130274090212696
 0.8480413973403758
 0.8506739370661396
 0.7453148368428595
 0.7683680854373901
 0.7093796014004858
 0.7270199823670233
 0.6871846635314572
 0.7911037673665366
 0.7348965592769422
 0.7493090704921759
 0.9258936714573205
 0.8002100327534583
 0.8169811662142163
 0.8399745831295996
 0.9071195955377267
 0
 0
 0
 0
 0
 0
 0
 0
 0
 0
 0
 0
 0
 0
 0
 0
 0
 0
 0
 0
 0
 0
 0
 0
 0
 0
 0
 0
 0
 0
 0
 0
 0
 0
 0
 0
 0
 0
 0
 0
 0
 0
 0
 0
 0
 0
 0
 0
 0
 0
 0
 0
 0
 0
 0
 0
 0
 0
 0
 0
 0
 0
 0
 0
 0
 0
 0
 0
 0
 0
 0
 0
 0
 0
 0
 0
 0
 0
 0
 0
 0
 0
 0
 0
 0
 0
 0
 0
 0
 0
 0
 0
 0
 0
 0
 0
 0
 0
 0
 0
 0
 0
 0
 0
 0
 0
 0
 0
 0
 0
 0
 0
 0
 0
 0
 0
 0
 0
 0
 0
 0
 0
 0
 0
 0
 0
 0
 0
 0
 0
 0
 0
 0
 0
 0
 0
 0
 0
 0
 0
 0
 0
 0
 0
 0
 0
 0
 0
 0
 0
 0
 0
 1
 1
 1
 1
 1
 1
 1
 1
 1
 1
 1
 1
 1
 1
 1
 1
 1
 1
 1
 1
 1
 1
 1
 1
 1
 1
 1
 1
 0
 0
 0
 0
 0
 0
 0
 0
 0
 0
 0
 0
 0
 0
 0
 0
 0
 0
 0
 0
 0
 0
 0
 0
 0
 0
 0
 0
 0
 0
 0
 0
 0
 0
 0
 0
 0
 0
 0
 0
 0
 0
 0
 0
 0
 0
 0
 0
 0
 0
 0
 0
 0
 0
 0
 0
 0
 0
 0
 0


