# Created by Octave 3.8.2, Sat Nov 21 00:59:07 2015 CET <dkottke@snake2>
# name: mus
# type: matrix
# ndims: 3
 1 30 19
 0
 0
 0.5964912280701755
 0.5025252525252525
 0.5012658227848101
 0.5063131313131313
 0.4962406015037596
 0.5127551020408163
 0.5082070707070708
 0.5102564102564101
 0.5088383838383838
 0.5126262626262624
 0.5071794871794872
 0.5146683673469387
 0.5794871794871793
 0.5651041666666666
 0.5683432793407218
 0.5909090909090909
 0.5964912280701754
 0.618421052631579
 0.7619047619047619
 0.7373737373737375
 0.748792270531401
 0.7486979166666667
 0.736
 0.641025641025641
 0.6789321789321789
 0.6632653061224489
 0.71145196632453
 0.658974358974359
 0
 0
 0.3333333333333333
 1
 0.8
 0.6
 0.9
 0.9
 0.9
 0.9
 0.9
 1
 1
 1
 0.9333333333333333
 0.9333333333333333
 0.9333333333333333
 0.95
 0.95
 0.9
 0.8
 0.86
 0.8299999999999998
 0.8399999999999999
 0.8
 0.8866666666666667
 0.8400000000000001
 0.9
 0.86
 0.8666666666666668
 0
 0
 0.4531873551324608
 0.8467586524051981
 0.8541217596830886
 0.8341243923641374
 0.8903464336725971
 0.8157570536530331
 0.9108710012051734
 0.9113438484818348
 0.9185708058199393
 0.9623737762602049
 0.9631782748817617
 0.9705805209154488
 0.9064579182360883
 0.9328983408378687
 0.9416051391638264
 0.9495790658704435
 0.9342572603362601
 0.9370402191110971
 0.902899009384829
 0.8905822010317966
 0.9088906066804031
 0.9255814180777779
 0.9319111457038736
 0.90540527104819
 0.9062325942223624
 0.9128033142579217
 0.920740351947703
 0.912443128436296
 0
 0
 0.3316482287518691
 0.7581210543405904
 0.7059155330542392
 0.7136838034024315
 0.8518581624687721
 0.8595149490914734
 0.8674385958595108
 0.9039777228160462
 0.8988222582341667
 0.9316285911630724
 0.9401876054464297
 0.9391369707434927
 0.8959621988907567
 0.9021109386487438
 0.9069398887505227
 0.9089680577800717
 0.9122741234360849
 0.9026063569528047
 0.8463229099312516
 0.8587168032159114
 0.8640543923213958
 0.8753438912081911
 0.8853695688986574
 0.8636855504491651
 0.8343352562934427
 0.8353946972871711
 0.8219165885803867
 0.8268884029750512
 0
 0
 0.3333333333333333
 1
 1
 0.8333333333333334
 0.7142857142857143
 1
 0.7777777777777778
 1
 0.9090909090909091
 1
 1
 1
 0.8
 1
 1
 1
 1
 1
 1
 1
 1
 1
 1
 1
 1
 1
 1
 1
 0
 0
 0.4166610137985785
 0.5971509625645771
 0.755324798081358
 0.828658252184724
 0.8578467193394301
 0.9602976881846105
 0.9032844031028764
 0.9400724078287284
 0.9775233945958198
 0.9885143515051301
 0.9942386387336196
 0.9586199238616628
 0.85827865240878
 0.973021790611535
 0.8874260571279208
 0.9099019841161839
 0.9816015762740103
 0.8787882699691185
 0.8144716292509737
 0.9458193612005752
 0.8960985789669778
 0.8945109769430249
 0.8549246723087021
 0.8983829008310573
 0.9131939472291467
 0.9262139170016603
 0.9418408675082781
 0.8243640604136528
 0
 0
 0.3678794411714423
 0.4357155895669711
 0.8024216608631078
 0.8200914709199504
 0.8487084648070581
 0.9322761465787415
 0.895923359273625
 0.8583807388742197
 0.8795561705632493
 0.8810203743393618
 0.9025112461469937
 0.9155376913109889
 0.9041423134481705
 0.9087499114089059
 0.9152251904947012
 0.8847983111396974
 0.946329653085574
 0.8671360529061904
 0.8973656264243203
 0.8993822207651115
 0.887763805804614
 0.861156725119738
 0.8780028336422107
 0.8838666126181333
 0.9257716853415114
 0.8459572283779175
 0.9268254443500499
 0.8329128909708194
 0
 0
 0.3330077430381888
 0.7014829755022295
 0.7067844449919427
 0.8104345680858467
 0.8476812184106517
 0.8649508372156508
 0.8773807451795838
 0.9075522666717006
 0.8966288248917326
 0.9340492260224929
 0.9363154624462691
 0.934540483372125
 0.8968814481337937
 0.9038381504689359
 0.9068423695642337
 0.910482736641387
 0.917274328509135
 0.9066754985467993
 0.8521894440548624
 0.8676053533482572
 0.868892363393942
 0.8848800214965307
 0.8956570337728753
 0.8792982298239204
 0.8498627181545374
 0.8549230339476327
 0.8403921111386639
 0.8540137079245216
 0
 0
 0.999670390575418
 0.9999997629106699
 0.9999999999999908
 0.9999999998582969
 0.999999992829303
 0.9999999999999998
 0.9999999999999707
 0.9999999999999677
 0.9989752806200817
 0.9905152089246295
 0.9923605503991902
 0.980947518548057
 0.9787660429066687
 0.976350197053547
 0.9739329148197404
 0.9658703503955506
 0.9691393737978762
 0.9606145577107196
 0.9658807975826629
 0.960371535324514
 0.9588681024596745
 0.9573789309902635
 0.9563768008250294
 0.9510011408602304
 0.9588488336315031
 0.9527484254675633
 0.951362222217231
 0.9425822273811473
 0
 0
 0.4166588221605266
 0.5044246373684715
 0.7180140142383125
 0.8666503874352397
 0.816722720103831
 0.8358301227861687
 0.9024829779728891
 0.9129030014457423
 0.9185060090598131
 0.9672357440668979
 0.9342654928755264
 0.9397208304872743
 0.8976223056144349
 0.9091762400264071
 0.9119836532287258
 0.9226963678369632
 0.9028366043683115
 0.9174515542858616
 0.8404458920249179
 0.8739566057885197
 0.9138697203047235
 0.8700600295092991
 0.8863109561051962
 0.9466024751499521
 0.8356378056337398
 0.828204612004856
 0.9409403190393144
 0.8223267011160235
 0
 0
 0.3678794411714423
 0.4501025594117095
 0.8604264379377898
 0.7596705470984438
 0.8848210382481142
 0.8753720246663477
 0.8322028719511843
 0.8373981457531658
 0.8374443644297378
 0.840397391485626
 0.8902150859382908
 0.8893854147137462
 0.8909888195610445
 0.8792682014794394
 0.9000345532158418
 0.892539333683833
 0.9211590767681198
 0.9158347493775231
 0.890850224559756
 0.8878289981121827
 0.8975418576541615
 0.9501899334433656
 0.8914497949845104
 0.9568786561182802
 0.8658381412529098
 0.932595555644151
 0.8472623271235454
 0.8095969874589573
 0
 0
 0
 0
 0
 0
 0
 0
 0
 0
 0
 0
 0
 0
 0
 0
 0
 0
 0
 0
 0
 0
 0
 0
 0
 0
 0
 0
 0
 0
 0
 0
 0
 0
 0
 0
 0
 0
 0
 0
 0
 0
 0
 0
 0
 0
 0
 0
 0
 0
 0
 0
 0
 0
 0
 0
 0
 0
 0
 0
 0
 0
 0
 0
 0
 0
 0
 0
 0
 0
 0
 0
 0
 0
 0
 0
 0
 0
 0
 0
 0
 0
 0
 0
 0
 0
 0
 0
 0
 0
 0
 0
 0
 0
 0
 0
 0
 0
 0
 0
 0
 0
 0
 0
 0
 0
 0
 0
 0
 0
 0
 0
 0
 0
 0
 0
 0
 0
 0
 0
 0
 0
 0
 0
 0
 0
 0
 0
 0
 0
 0
 0
 0
 0
 0
 0
 0
 0
 0
 0
 0
 0
 0
 0
 0
 0
 0
 0
 0
 0
 0
 0
 0.9999881011572003
 0.999999978327247
 0.9999999999851725
 0.9999999999999747
 0.9999999777708501
 0.9999999033842911
 0.9999999650703051
 0.9999989907084205
 0.9999957009110939
 0.9999976582601955
 0.9929288854602798
 0.9846527892070809
 0.9779008248612402
 0.9704884221408863
 0.9721052126014008
 0.966453169266538
 0.9637654704913561
 0.9686320021591567
 0.964074352608286
 0.9644531997082285
 0.9603476409741298
 0.9584841304286595
 0.956221813858392
 0.9515741871796385
 0.9527746198404019
 0.9491871821208258
 0.9479988055765263
 0.9468494808702644
 0
 0
 0
 0
 0
 0
 0
 0
 0
 0
 0
 0
 0
 0
 0
 0
 0
 0
 0
 0
 0
 0
 0
 0
 0
 0
 0
 0
 0
 0
 0
 0
 0
 0
 0
 0
 0
 0
 0
 0
 0
 0
 0
 0
 0
 0
 0
 0
 0
 0
 0
 0
 0
 0
 0
 0
 0
 0
 0
 0


