# Created by Octave 3.8.2, Sat Nov 21 00:44:45 2015 CET <dkottke@snake7>
# name: mus
# type: matrix
# ndims: 3
 1 30 19
 0
 0
 0.7042606516290728
 0.6843434343434344
 0.6202531645569622
 0.6401515151515151
 0.7644110275689224
 0.7448979591836735
 0.7474747474747477
 0.8153846153846156
 0.8181818181818181
 0.8257575757575758
 0.7900000000000003
 0.8067602040816328
 0.8089743589743592
 0.8177083333333334
 0.8010798522307475
 0.8181818181818183
 0.8370927318295739
 0.8763157894736843
 0.8571428571428573
 0.8333333333333333
 0.8218243819266836
 0.8593750000000001
 0.9173333333333334
 0.9112820512820515
 0.9597162097162097
 0.9591836734693878
 0.9515626801983624
 0.9487179487179489
 0
 0
 0.3333333333333333
 0.75
 0.2
 0.1
 0.1
 0.7
 0.4
 0.5
 0.5333333333333333
 0.5
 0.4333333333333333
 0.6
 0.5999999999999999
 0.7
 0.7833333333333333
 0.7166666666666666
 0.6833333333333333
 0.65
 0.62
 0.7300000000000001
 0.74
 0.8
 0.68
 0.6266666666666666
 0.6599999999999999
 0.7133333333333333
 0.6533333333333333
 0.6666666666666666
 0
 0
 0.5977414625636451
 0.7870028551773338
 0.440005100184871
 0.6011257811105979
 0.5902976783802303
 0.4082264358411422
 0.5242276806509466
 0.4362506458963322
 0.6957393043505209
 0.6397975547947867
 0.6169513559455024
 0.6762663730934364
 0.6645910264735622
 0.7768811760995626
 0.7633480651448951
 0.6169692402152517
 0.6970774261568518
 0.6938835463534025
 0.6903059973608883
 0.7084177517853305
 0.6943409304657885
 0.7696322007730221
 0.7419608152141675
 0.7461840542721802
 0.698533540731832
 0.7738594356823267
 0.7674523806277072
 0.7622240485979427
 0
 0
 0.4722430535152886
 0.7624107646318664
 0.3558498730121573
 0.3119457927470488
 0.3773514273512359
 0.6875177374896483
 0.5899706398127071
 0.4096593670296055
 0.494070736315326
 0.5718231654176905
 0.5994792427928428
 0.6278444751336149
 0.6612260770292944
 0.7173646462806588
 0.7552262019512997
 0.7180435495809031
 0.6918508743018025
 0.7007386306318014
 0.7320314911954144
 0.7693733675303143
 0.7863567877294997
 0.8174407643730474
 0.7756651602143095
 0.8121177199145875
 0.7918185024360613
 0.7724963175881171
 0.822903547312409
 0.8109985335496379
 0
 0
 0.3333333333333333
 1
 0.2
 0
 0.2857142857142857
 0.5
 0.3333333333333333
 0.2
 0.2727272727272727
 0.6666666666666666
 0.3846153846153846
 0.4444444444444444
 1
 0.6666666666666666
 1
 1
 1
 1
 1
 1
 1
 1
 0
 1
 1
 1
 1
 0
 0
 0
 0.4999999999964851
 1.238100000063775
 0.3000049864163418
 0.3708592877747636
 0.3523823237478771
 0.521428573241736
 0.4335331258087055
 0.3565474097765788
 0.4056221493116647
 0.6297980076408018
 0.5097934686133536
 0.5336506987863987
 0.8131576294439246
 0.6648919685562686
 0.8976728692739564
 0.9004953351292189
 0.8898688009443235
 0.8592800956076843
 0.9167928838894037
 0.7989851532326743
 0.8146722734033922
 0.9580094701239752
 0.6093787258221646
 1.03933997974395
 1.003060770386016
 0.8525438256415634
 1.000000004897059
 0.562537700111661
 0
 0
 0.3678794411714423
 0.738966041895194
 0.610930334240717
 0.6806667356605938
 0.6191497577783885
 0.6449253641998738
 0.6527011851422642
 0.6665175435545484
 0.7085354570717706
 0.7239853355565411
 0.7255405123262535
 0.7084781980860231
 0.7683507708009277
 0.761560492315918
 0.7878263582319947
 0.757688909934503
 0.7106630758417077
 0.7317730613959654
 0.7837857124939575
 0.7045056006929062
 0.7576532693589613
 0.7614330842668353
 0.7657327138533097
 0.7937733027338576
 0.8226330462580951
 0.7840646537615337
 0.7708555264518272
 0.8379432500181633
 0
 0
 0.4722430534862498
 0.7201999379793242
 0.401043415098941
 0.4576047455403416
 0.4225625199369775
 0.5674911208436512
 0.6678306868666661
 0.5303365857448794
 0.5818753066927601
 0.6328069969084771
 0.6621814032351202
 0.6580114260077711
 0.6748930430294502
 0.7142537885537484
 0.7622713593527853
 0.7018961348328689
 0.6993371644173431
 0.6754431796359516
 0.7030227643220014
 0.7372090463742086
 0.7794234366542475
 0.8150841783516516
 0.7734913684351082
 0.8053202217813586
 0.7807843564906097
 0.7802765051438616
 0.8090818222246066
 0.819561563680745
 0
 0
 1
 1
 1
 1
 1
 1
 1
 1
 1
 1
 1
 1
 1
 1
 1
 1
 1
 1
 1
 1
 1
 1
 1
 1
 1
 1
 1
 1
 0
 0
 0.4999999999920787
 1.175517923794966
 0.3300006730679355
 0.4853364346042644
 0.3968268770607741
 0.5653283571745921
 0.4697231614155224
 0.4423104216338355
 0.4972371030151282
 0.5534586376083734
 0.5755077317507844
 0.5818193016345897
 0.6055222438874781
 0.6719159916413929
 0.6616798791087081
 0.8151214314970612
 0.621734615307214
 0.6553265490406361
 0.8739851307720999
 0.6788009127398267
 0.7490806578749979
 0.747254732187102
 1.113680141245932
 0.8943025556065393
 0.7453796757197042
 0.7397289273425094
 1.00000000000733
 0.8709961453805594
 0
 0
 0.3678794411714423
 0.7583230079099861
 0.6089116516262004
 0.7285566854764094
 0.6646057348032919
 0.6739337610684046
 0.6893205431103215
 0.7110667857404274
 0.5997978115819039
 0.9877390412081908
 0.7834926618884952
 0.7277940243954015
 0.6763317537940375
 0.815221737079629
 0.9282518895812728
 0.8159506696825551
 0.8991968480372121
 0.7981093376986321
 0.8334732169267207
 0.7473554121176175
 0.7807167968702884
 0.8005104786064094
 0.7730520060810285
 0.7783457510930164
 0.763965706572568
 0.7898289374536543
 0.7925410111926797
 0.8932918450097501
 0
 0
 0
 0
 0
 0
 0
 0
 0
 0
 0
 0
 0
 0
 0
 0
 0
 0
 0
 0
 0
 0
 0
 0
 0
 0
 0
 0
 0
 0
 0
 0
 0
 0
 0
 0
 0
 0
 0
 0
 0
 0
 0
 0
 0
 0
 0
 0
 0
 0
 0
 0
 0
 0
 0
 0
 0
 0
 0
 0
 0
 0
 0
 0
 0
 0
 0
 0
 0
 0
 0
 0
 0
 0
 0
 0
 0
 0
 0
 0
 0
 0
 0
 0
 0
 0
 0
 0
 0
 0
 0
 0
 0
 0
 0
 0
 0
 0
 0
 0
 0
 0
 0
 0
 0
 0
 0
 0
 0
 0
 0
 0
 0
 0
 0
 0
 0
 0
 0
 0
 0
 0
 0
 0
 0
 0
 0
 0
 0
 0
 0
 0
 0
 0
 0
 0
 0
 0
 0
 0
 0
 0
 0
 0
 0
 0
 0
 0
 0
 0
 0
 0
 1
 1
 1
 1
 1
 1
 1
 1
 1
 1
 1
 1
 1
 1
 1
 1
 1
 1
 1
 1
 1
 1
 1
 1
 1
 1
 1
 1
 0
 0
 0
 0
 0
 0
 0
 0
 0
 0
 0
 0
 0
 0
 0
 0
 0
 0
 0
 0
 0
 0
 0
 0
 0
 0
 0
 0
 0
 0
 0
 0
 0
 0
 0
 0
 0
 0
 0
 0
 0
 0
 0
 0
 0
 0
 0
 0
 0
 0
 0
 0
 0
 0
 0
 0
 0
 0
 0
 0


