# Created by Octave 3.8.2, Fri Nov 20 21:52:01 2015 CET <dkottke@snake4>
# name: mus
# type: matrix
# ndims: 3
 1 30 19
 0
 0
 0.6666666666666661
 0.7633779264214047
 0.6594142259414224
 0.7336683417085424
 0.7089947089947085
 0.6837248322147651
 0.6775271512113614
 0.664705882352941
 0.667222685571309
 0.7146464646464651
 0.718854515050167
 0.7245378151260502
 0.8717299578059066
 0.8699324324324325
 0.9145378151260498
 0.9259259259259256
 0.8989139515455301
 0.8991525423728814
 0.8838763575605676
 0.8888888888888888
 0.9222408026755856
 0.91921768707483
 0.9429787234042558
 0.9448160535117052
 0.9408670033670034
 0.9437358276643992
 0.9506843030812749
 0.9504273504273502
 0
 0
 0.6666666666666666
 1
 0.6
 0.7
 0.9
 0.8
 0.9
 0.9
 0.8
 0.8333333333333333
 0.8
 0.8666666666666666
 0.6666666666666667
 0.6833333333333333
 0.5833333333333333
 0.6166666666666666
 0.85
 0.85
 0.76
 0.74
 0.68
 0.6699999999999999
 0.72
 0.7266666666666667
 0.8133333333333332
 0.7133333333333334
 0.8666666666666668
 0.8666666666666668
 0
 0
 0.8003829814225607
 0.8712347009793679
 0.7669616214190883
 0.8345951204398607
 0.7616043864047263
 0.8904324364697167
 0.9112924149110591
 0.8959108146462308
 0.8391497933602879
 0.8952792638750302
 0.8758775500897632
 0.8951683542772613
 0.7091364453882003
 0.7900426993911158
 0.7432138217554429
 0.7934217699216357
 0.7855400270825998
 0.8041406721714162
 0.7822366806322003
 0.8367447042468581
 0.818510733109463
 0.8342081318669716
 0.7906833491485716
 0.8356075826541464
 0.8481751101755983
 0.8237827118629575
 0.8288175003067615
 0.8305825331881003
 0
 0
 0.7222305547424849
 0.9910750002790243
 0.7891713670848517
 0.8379692336039167
 0.8837384801012355
 0.9008351637938986
 0.9252623354931981
 0.9288522403576286
 0.8832492558200888
 0.9082122790791749
 0.8907656432763041
 0.919365813743679
 0.7838653418977944
 0.8650257229378577
 0.7482639318107666
 0.7744071095451419
 0.8282091654634968
 0.8170906766702266
 0.8739389086745251
 0.8810489088752347
 0.7935916339860323
 0.7763188055742629
 0.8245252447725422
 0.8334790349050725
 0.8407262669277529
 0.8795612928002006
 0.8668175006744598
 0.898729996880099
 0
 0
 0.3333333333333333
 1
 1
 0.6666666666666666
 0.7142857142857143
 0.875
 0.8888888888888888
 0.9
 0.6363636363636364
 0.5833333333333334
 0.8461538461538461
 0.8888888888888888
 0.8
 1
 1
 1
 1
 1
 1
 1
 0
 1
 1
 1
 1
 0
 1
 1
 0
 0
 0.4166791654511435
 1.047633334191024
 1.075000036042982
 0.7208333610838117
 0.7238095245110019
 0.9125000016677766
 0.9176587341132241
 0.8978174786555124
 0.751706872704674
 0.7756349608086266
 0.8861889044726281
 0.8555090345400699
 0.8303030734652973
 0.9865608877266799
 0.8691280064339455
 0.8796214945478904
 1.011636139349688
 1.00344312201484
 1.046594692349964
 0.9791950054200976
 0.4514124820623708
 0.9487761352863202
 1.043759980060956
 0.5774111009314152
 1.035272813916033
 0.6875028680150154
 1.000000004846943
 0.6250038325397361
 0
 0
 0.7892931470571475
 0.6736747715363246
 0.7245224216623701
 0.8295862652760463
 0.7792644723031708
 0.9029477722182031
 0.9315992666042283
 0.8994462650907451
 0.8265302037702575
 0.8687692716509955
 0.8697233865355436
 0.8768211267870192
 0.790023543338757
 0.7904282369926314
 0.7930889668624006
 0.8280623531850113
 0.8144908326487466
 0.8328450824415239
 0.7833689796194012
 0.8725169747884565
 0.7940864667720102
 0.8334199761400005
 0.8251171836769693
 0.8464225431777668
 0.8388840004407307
 0.8754207521805926
 0.8302830658264058
 0.9244581893120087
 0
 0
 0.7222305548051222
 0.9441204754798733
 0.850781155305242
 0.8096136625027257
 0.8684280792838809
 0.8637646820802259
 0.9165887917013923
 0.9355177679372134
 0.8904874638022928
 0.8819772704973929
 0.8987670735424637
 0.9284199020989338
 0.7772096486240754
 0.8682376569716144
 0.761222952392375
 0.7933665087470332
 0.8206072610008317
 0.8220101088431125
 0.8610550506644197
 0.8726651542638794
 0.7928122675696748
 0.7911707558859848
 0.8092499405235807
 0.820223332860255
 0.8326081316261464
 0.8550408617765927
 0.8696571683434391
 0.8923684639374052
 0
 0
 1
 1
 1
 1
 1
 1
 1
 1
 1
 1
 1
 1
 1
 1
 1
 1
 1
 1
 1
 1
 1
 1
 1
 1
 1
 1
 1
 1
 0
 0
 0.4166791656569694
 0.8596728065926673
 0.8461664644308398
 0.8284974100647247
 0.6898821034009168
 0.8016409111269343
 0.9655866106222355
 0.8117940761792519
 0.8043993844646866
 0.8830379075618712
 0.9085532572605441
 0.880642215887216
 0.6655713321291422
 0.8749229115397497
 0.6939052628789903
 0.7494655133633751
 0.9202920612137876
 0.8585160099378571
 0.9637295484032514
 0.7865764647164845
 0.742343605122446
 0.7128101521133805
 0.901528149894366
 0.7374724980877825
 0.8877294104367697
 0.8817224763014423
 1.000000000001984
 0.7480371871896665
 0
 0
 0.7892931470571475
 0.6776229078190934
 0.7207809597413538
 0.8041412987957595
 0.921901380137516
 0.9647801925500761
 1.062229386307704
 0.8467376709003638
 0.8515476367839765
 1.090550332408352
 0.89965126485066
 0.9153455169223919
 0.7923743539852967
 0.9957358769984633
 0.763408698951541
 0.8887332646523205
 0.8406863200281726
 0.8724033501481948
 0.8054620402471933
 0.9331736377495502
 0.7976313251346601
 0.8382123111819153
 0.9882713367810926
 0.9693612211661277
 0.9450632556973262
 0.8660278904054068
 0.839813555946235
 0.8855032762838867
 0
 0
 0
 0
 0
 0
 0
 0
 0
 0
 0
 0
 0
 0
 0
 0
 0
 0
 0
 0
 0
 0
 0
 0
 0
 0
 0
 0
 0
 0
 0
 0
 0
 0
 0
 0
 0
 0
 0
 0
 0
 0
 0
 0
 0
 0
 0
 0
 0
 0
 0
 0
 0
 0
 0
 0
 0
 0
 0
 0
 0
 0
 0
 0
 0
 0
 0
 0
 0
 0
 0
 0
 0
 0
 0
 0
 0
 0
 0
 0
 0
 0
 0
 0
 0
 0
 0
 0
 0
 0
 0
 0
 0
 0
 0
 0
 0
 0
 0
 0
 0
 0
 0
 0
 0
 0
 0
 0
 0
 0
 0
 0
 0
 0
 0
 0
 0
 0
 0
 0
 0
 0
 0
 0
 0
 0
 0
 0
 0
 0
 0
 0
 0
 0
 0
 0
 0
 0
 0
 0
 0
 0
 0
 0
 0
 0
 0
 0
 0
 0
 0
 0
 1
 1
 1
 1
 1
 1
 1
 1
 1
 1
 1
 1
 1
 1
 1
 1
 1
 1
 1
 1
 1
 1
 1
 1
 1
 1
 1
 1
 0
 0
 0
 0
 0
 0
 0
 0
 0
 0
 0
 0
 0
 0
 0
 0
 0
 0
 0
 0
 0
 0
 0
 0
 0
 0
 0
 0
 0
 0
 0
 0
 0
 0
 0
 0
 0
 0
 0
 0
 0
 0
 0
 0
 0
 0
 0
 0
 0
 0
 0
 0
 0
 0
 0
 0
 0
 0
 0
 0


