# Created by Octave 3.8.2, Fri Nov 20 19:57:54 2015 CET <dkottke@snake6>
# name: mus
# type: matrix
# ndims: 3
 1 30 19
 0
 0
 0.7334446299387887
 0.7383073496659243
 0.728133704735377
 0.7274247491638792
 0.7304057809894398
 0.7327008928571429
 0.7225013958682285
 0.7089385474860331
 0.7084694446657639
 0.7097315436241611
 0.7038275733927907
 0.7087053571428569
 0.7120448179271704
 0.7154017857142857
 0.7137254901960781
 0.7166105499438837
 0.71684530475124
 0.7117977528089889
 0.7096918767507001
 0.7078812819553559
 0.7114455592716467
 0.6672297297297298
 0.6828169014084507
 0.7120029728725379
 0.7062289562289562
 0.7120535714285715
 0.7157953281423806
 0.6418079096045199
 0
 0
 0.3333333333333333
 0.5
 0.8
 0.8
 0.8
 0.8
 0.7
 0.6
 0.7333333333333333
 0.7333333333333333
 0.8
 0.7333333333333333
 0.7333333333333333
 0.7499999999999999
 0.7499999999999999
 0.7833333333333333
 0.8
 0.8
 0.76
 0.73
 0.79
 0.7499999999999999
 0.72
 0.7733333333333333
 0.7333333333333333
 0.62
 0.6799999999999999
 0.6666666666666666
 0
 0
 0.3749187164381016
 0.7040479735603353
 0.5777769294868862
 0.7398052914658426
 0.6119624058107224
 0.7759677791168593
 0.7591637030937393
 0.7092126099961943
 0.802070705486335
 0.8050660600488695
 0.7892627042701258
 0.7900959301359451
 0.7721660579679601
 0.7797664877664517
 0.7686739764477398
 0.7948349964815504
 0.7882659602465669
 0.8054425578158877
 0.7998721713634107
 0.7626887598643691
 0.7456612652549875
 0.6778104912397662
 0.6958015848882098
 0.6856550941170094
 0.6938485843573327
 0.6689467999343579
 0.6890630367763387
 0.552738987117341
 0
 0
 0.277802775304855
 0.4345375012345369
 0.8491698878839747
 0.8680604355951392
 0.9043714816143266
 0.8122651742712584
 0.8378285885673478
 0.7575451681637323
 0.80344954213867
 0.7881090741572944
 0.8103426116341083
 0.8747279446656282
 0.8953379145988872
 0.9113821724402127
 0.7700088392149708
 0.7828046760503552
 0.8114000329596617
 0.8050699712050663
 0.8460033690786091
 0.8096520337942911
 0.7904018205296897
 0.7248029683925622
 0.7229409608701073
 0.6954743615310529
 0.753581900394324
 0.7147702007199792
 0.7312334309322706
 0.508381705125833
 0
 0
 0
 0.5
 1
 0.8333333333333334
 0.8571428571428571
 0.75
 0.7777777777777778
 0.5
 0.7272727272727273
 0.6666666666666666
 0.5384615384615384
 1
 0.8
 0.6666666666666666
 1
 1
 0
 0
 1
 1
 1
 1
 0
 0
 1
 1
 1
 1
 0
 0
 0.1666916642602323
 0.6388890536513518
 1.150000013846308
 0.9583333336178794
 0.9357142871141552
 0.7321428613887905
 0.8273809572015516
 0.63045778197276
 0.696085881992882
 0.7159103715529557
 0.7104343217688389
 0.9802245002828278
 0.8267331589517948
 0.7963775092628622
 0.9336849422848529
 0.9116830514719247
 0.6019738659977784
 0.5630837430369466
 0.9739741116008214
 1.029646717801468
 0.8558515379097547
 0.7970960324847367
 0.5469037709836979
 0.5416959780676966
 0.9455456180870013
 0.6250035648663688
 0.8245502294602751
 0.7970760068108188
 0
 0
 0.5785862941142949
 0.7053612603358178
 0.8188381987794308
 0.7428912279572186
 0.7139670267803204
 0.7221113514398489
 0.7299770510559408
 0.7633965414006937
 0.8432988580916776
 0.8358174918658059
 0.7779134117182365
 0.788869170734714
 0.8850509463500791
 0.8446735603754966
 0.7749190784412751
 0.8498581443814525
 0.8030800275535518
 0.8253961292266687
 0.8576275375855769
 0.823972684837844
 0.8114620558733776
 0.7364372145545899
 0.7158182803237497
 0.7357169892492645
 0.759958679528034
 0.7249425519383017
 0.7295987668470373
 0.6106926414103591
 0
 0
 0.2778027753388321
 0.4556564029271922
 0.8389943514950474
 0.8693037646793496
 0.8840365799670151
 0.8511872534925414
 0.8142295311525167
 0.7557550817291048
 0.8116731074188451
 0.8357447232808753
 0.8209090200987322
 0.7750431238960399
 0.8491745791187149
 0.8775028692142224
 0.7592073788268343
 0.7826480675351019
 0.7990080532806549
 0.8246107400558326
 0.8442770243483891
 0.8010753472196886
 0.7658338767167886
 0.7101192610274515
 0.7229096750137903
 0.7122062940626331
 0.7498618857205754
 0.7047771267545985
 0.7075708568518985
 0.5224591594875762
 0
 0
 1
 1
 1
 1
 1
 1
 1
 1
 1
 1
 1
 1
 1
 1
 1
 1
 1
 1
 1
 1
 1
 1
 1
 1
 1
 1
 1
 1
 0
 0
 0.1666916641688002
 0.6715703880695318
 1.097693010243946
 1.008808290712338
 1.00806534434675
 0.6924814696697361
 0.796441729685454
 0.6840207173133022
 0.7073296552698168
 0.7459445070737285
 0.7683290852598333
 0.8263116940441998
 0.8614273749394399
 0.9735600141697883
 0.7608416940460616
 0.7159398053350353
 0.7541264270003427
 0.7894315198049812
 0.9633263149003842
 0.8913873064944334
 0.7727089942251019
 0.6780404784310188
 0.8294222277710187
 0.7987311732094828
 0.747854056214199
 0.7476686902243973
 0.5934049092793645
 0.7481272852462214
 0
 0
 0.5785862941142949
 0.705361259949041
 0.6834591083391823
 0.7175392648902736
 0.734789440646693
 0.7395496483633992
 0.7512727154912888
 0.8010805704505461
 0.8464460720823257
 0.9514099447454035
 0.798943607491758
 0.8018040757339968
 0.8991987638201292
 0.8159738440710257
 0.7786746092070568
 0.7957360859448158
 0.8665108575502825
 0.9374084320180952
 0.9582702183628486
 0.9880714045983776
 0.8402592326562734
 0.6995830305127516
 0.7213992310513717
 0.8164676380066787
 0.8352815578065544
 0.7676853668085228
 0.748031709650833
 0.6552474880680851
 0
 0
 0
 0
 0
 0
 0
 0
 0
 0
 0
 0
 0
 0
 0
 0
 0
 0
 0
 0
 0
 0
 0
 0
 0
 0
 0
 0
 0
 0
 0
 0
 0
 0
 0
 0
 0
 0
 0
 0
 0
 0
 0
 0
 0
 0
 0
 0
 0
 0
 0
 0
 0
 0
 0
 0
 0
 0
 0
 0
 0
 0
 0
 0
 0
 0
 0
 0
 0
 0
 0
 0
 0
 0
 0
 0
 0
 0
 0
 0
 0
 0
 0
 0
 0
 0
 0
 0
 0
 0
 0
 0
 0
 0
 0
 0
 0
 0
 0
 0
 0
 0
 0
 0
 0
 0
 0
 0
 0
 0
 0
 0
 0
 0
 0
 0
 0
 0
 0
 0
 0
 0
 0
 0
 0
 0
 0
 0
 0
 0
 0
 0
 0
 0
 0
 0
 0
 0
 0
 0
 0
 0
 0
 0
 0
 0
 0
 0
 0
 0
 0
 0
 1
 1
 1
 1
 1
 1
 1
 1
 1
 1
 1
 1
 1
 1
 1
 1
 1
 1
 1
 1
 1
 1
 1
 1
 1
 1
 1
 1
 0
 0
 0
 0
 0
 0
 0
 0
 0
 0
 0
 0
 0
 0
 0
 0
 0
 0
 0
 0
 0
 0
 0
 0
 0
 0
 0
 0
 0
 0
 0
 0
 0
 0
 0
 0
 0
 0
 0
 0
 0
 0
 0
 0
 0
 0
 0
 0
 0
 0
 0
 0
 0
 0
 0
 0
 0
 0
 0
 0


