# Created by Octave 3.8.2, Sat Nov 21 00:27:34 2015 CET <dkottke@snake9>
# name: mus
# type: matrix
# ndims: 3
 1 30 19
 0
 0
 0.4611528822055136
 0.5202020202020202
 0.5240506329113922
 0.515151515151515
 0.513784461152882
 0.5076530612244898
 0.5063131313131314
 0.5051282051282051
 0.5082070707070706
 0.5202020202020202
 0.5156410256410255
 0.5165816326530611
 0.5217948717948718
 0.5182291666666666
 0.6280193236714975
 0.851010101010101
 0.8170426065162906
 0.85
 0.8596491228070177
 0.8510101010101011
 0.8491048593350383
 0.9010416666666666
 0.88
 0.9307692307692308
 0.9247234247234246
 0.9158163265306124
 0.905085918579172
 0.8923076923076926
 0
 0
 0.6666666666666666
 1
 1
 0.8
 0.9
 0.9
 0.9
 1
 1
 0.9
 0.9333333333333333
 0.9333333333333333
 0.9333333333333332
 1
 0.9333333333333333
 0.85
 0.9
 0.8
 0.85
 0.8699999999999999
 0.9099999999999999
 0.8
 0.76
 0.6799999999999999
 0.78
 0.7533333333333334
 0.8
 0.9
 0
 0
 0.6695733442487085
 0.9058543848553212
 0.8881963637446089
 0.8830576966167168
 0.8979388681058058
 0.9064719581325094
 0.9246936561006773
 0.9352300165186933
 0.9665306280769623
 0.9226705849699731
 0.920124479641064
 0.9529672203252562
 0.9302923226350329
 0.981394530112969
 0.9215753679018999
 0.8596732616792992
 0.9051834467027166
 0.9040873351214678
 0.9023277897710219
 0.8610705128898218
 0.8589821362497383
 0.8486036185022938
 0.8630963350825973
 0.8867952677790901
 0.8848032903644301
 0.8978822904409518
 0.8911466834774058
 0.8946134334555441
 0
 0
 0.571750749850427
 0.9400476692254746
 0.8959339191460712
 0.8525995181710297
 0.844129551853571
 0.8718787650853895
 0.9059836022711283
 0.9719849702870305
 0.9583834445773993
 0.9302356137574114
 0.9355365466156278
 0.9311341332470437
 0.930752012590934
 0.9685524921868692
 0.9316097402115733
 0.8534887004166666
 0.8794144075807637
 0.9019030635069444
 0.9223872995356958
 0.8789626172972475
 0.8914217546650731
 0.8533855446332718
 0.8638468425209515
 0.8807676797690481
 0.8919628477155491
 0.9163337234251815
 0.9206903253663014
 0.9210847090344301
 0
 0
 0.3333333333333333
 1
 1
 1
 0.7142857142857143
 1
 0.7777777777777778
 1
 1
 1
 0.7692307692307693
 0.8888888888888888
 0.8
 1
 1
 1
 1
 1
 1
 1
 1
 1
 1
 1
 1
 1
 1
 1
 0
 0
 0.3333333333232654
 0.9078853239435209
 0.9386458908336182
 0.9786942175181398
 0.8568404389352184
 0.8841849694483038
 0.8501218170542593
 0.9726924622390124
 0.9868241461043821
 0.9373402069763532
 0.8852919595243181
 0.9071715366338984
 0.9117820011386646
 0.9839151878957939
 0.9193320664427957
 0.8448421872639631
 0.9044272048069022
 0.9401042803018282
 0.9529346878767435
 0.9003130406575677
 0.9263240556242129
 0.8856442333099867
 0.9079009849474585
 0.8916710310564934
 0.9083808481678102
 0.9280727449392074
 0.9400264848096131
 0.948348104134518
 0
 0
 0.3678794411714423
 0.7338814030431258
 0.8293517286551327
 0.8931613876045108
 0.8869499995510279
 0.8974170460754837
 0.9361041425346155
 0.9385238922003907
 0.9065684489776584
 0.9159053131827593
 0.8860454837739493
 0.9140483338632238
 0.9348794785091739
 0.9488608113463223
 0.8475221599986037
 0.8453255697293781
 0.8996851309745536
 0.8582269948746319
 0.8876780655609189
 0.833402146540872
 0.831338932507812
 0.8669031526207867
 0.8684740749994455
 0.8874016552591828
 0.8686031095506577
 0.8107263699208019
 0.9059366685550413
 0.9110379878481263
 0
 0
 0.5285842874115583
 0.9174925539463639
 0.8259621518265251
 0.8185407254633599
 0.8265718330814428
 0.8774410930643334
 0.8653668207218955
 0.9188412263850041
 0.9138156142956424
 0.8760949787477679
 0.8767342541629575
 0.8876872468870608
 0.8719549325648168
 0.9124158092460596
 0.8811395299998037
 0.8020411216654189
 0.7917401066074824
 0.8160974698555663
 0.8249987290916322
 0.7696522148479458
 0.8060035966006625
 0.7510730572773127
 0.7661137738346195
 0.7572425272817502
 0.7848673976865846
 0.7957717632423216
 0.8143277398403609
 0.8123308098416275
 0
 0
 0.972005593838031
 0.9249506568064452
 0.9181927103982264
 0.9262018941339496
 0.9195475313629986
 0.9526286782489786
 0.9089316058486396
 0.9130193978107468
 0.9396252315591263
 0.9322781265248743
 0.923382861222106
 0.9146264108641734
 0.9208914410069395
 0.9154938751105286
 0.8973164017381491
 0.8945664842741828
 0.9020255143647408
 0.9033832785390544
 0.9023482602692511
 0.9069813447256222
 0.9102663513199938
 0.906515704228807
 0.9119020209901383
 0.894636983516532
 0.8916422740330482
 0.8982102130291046
 0.9046481430955663
 0.8985616822369915
 0
 0
 0.3333333354638093
 0.8788125978995378
 0.91978667795355
 0.9636793298268842
 0.9668594503268868
 0.8751291644560454
 0.8950878579189647
 0.9484611709571518
 0.9541345153096914
 0.8989713566266784
 0.9246745622894236
 0.9398900965927586
 0.935746217889502
 0.9911978145576446
 0.9724561556071896
 0.8848653442438692
 0.9023766184412311
 0.9271104651519357
 0.9466879423415735
 0.9001510665403969
 0.8973418433126779
 0.8614794724342667
 0.8583195482983133
 0.8751236295249062
 0.8587066059969695
 0.904106888251512
 0.9176449640882249
 0.9289929962622061
 0
 0
 0.3678794411714423
 0.7044515460238182
 0.7723837199272885
 0.8127078736866254
 0.8921321196547789
 0.8572045808565576
 0.9482466802482706
 0.9425843418393034
 0.9554430967139649
 0.8413372828625372
 0.86737473106117
 0.9628070893649372
 0.9171153765894572
 0.8840525787011464
 0.8569688459360759
 0.8199798364425246
 0.8224147423829959
 0.8601291257901067
 0.7905692098567606
 0.8005078519914428
 0.8722260694354678
 0.8124074945979622
 0.8810151665909954
 0.853624445602255
 0.819502214120237
 0.7994511920926475
 0.9106212019414964
 0.8193800127725901
 0
 0
 0
 0
 0
 0
 0
 0
 0
 0
 0
 0
 0
 0
 0
 0
 0
 0
 0
 0
 0
 0
 0
 0
 0
 0
 0
 0
 0
 0
 0
 0
 0
 0
 0
 0
 0
 0
 0
 0
 0
 0
 0
 0
 0
 0
 0
 0
 0
 0
 0
 0
 0
 0
 0
 0
 0
 0
 0
 0
 0
 0
 0
 0
 0
 0
 0
 0
 0
 0
 0
 0
 0
 0
 0
 0
 0
 0
 0
 0
 0
 0
 0
 0
 0
 0
 0
 0
 0
 0
 0
 0
 0
 0
 0
 0
 0
 0
 0
 0
 0
 0
 0
 0
 0
 0
 0
 0
 0
 0
 0
 0
 0
 0
 0
 0
 0
 0
 0
 0
 0
 0
 0
 0
 0
 0
 0
 0
 0
 0
 0
 0
 0
 0
 0
 0
 0
 0
 0
 0
 0
 0
 0
 0
 0
 0
 0
 0
 0
 0
 0
 0
 0.9796441167467557
 0.9310698745788963
 0.9221909187074681
 0.9010348276489645
 0.928809881809913
 0.9234264890124191
 0.9105324146691125
 0.9256533997826785
 0.9098217778476622
 0.9263643419780705
 0.9243048649379444
 0.9211515884314516
 0.91728845092497
 0.9225689255696926
 0.916107921137409
 0.9123167016217854
 0.9056877333440954
 0.9061816988756211
 0.9097545433150068
 0.9029114708208595
 0.9070859700717382
 0.9195095576279508
 0.9074783022088896
 0.9188195216683223
 0.8973184953619592
 0.909098522854938
 0.8963956297328566
 0.9048823218385571
 0
 0
 0
 0
 0
 0
 0
 0
 0
 0
 0
 0
 0
 0
 0
 0
 0
 0
 0
 0
 0
 0
 0
 0
 0
 0
 0
 0
 0
 0
 0
 0
 0
 0
 0
 0
 0
 0
 0
 0
 0
 0
 0
 0
 0
 0
 0
 0
 0
 0
 0
 0
 0
 0
 0
 0
 0
 0
 0
 0


