# Created by Octave 3.8.2, Fri Nov 20 20:31:03 2015 CET <dkottke@snake3>
# name: mus
# type: matrix
# ndims: 3
 1 30 19
 0
 0
 0.7084028937117428
 0.7332962138084632
 0.7186629526462407
 0.7324414715719066
 0.7376320177876613
 0.73828125
 0.7386934673366822
 0.7413407821229053
 0.7430483626802646
 0.7427293064876956
 0.7434968413229276
 0.748186383928572
 0.7478991596638653
 0.7466517857142857
 0.7408029878618112
 0.7368125701459037
 0.7091665333546631
 0.7185393258426965
 0.7142857142857142
 0.7078812819553562
 0.7069862504645111
 0.7145270270270272
 0.7014084507042254
 0.7151616499442586
 0.7258698092031424
 0.7234933035714285
 0.7288654060066743
 0.7361581920903956
 0
 0
 0.6666666666666666
 0.25
 0.4
 1
 0.9
 0.8
 0.7
 0.7
 0.6333333333333333
 0.7333333333333333
 0.7
 0.7
 0.7333333333333333
 0.75
 0.7166666666666666
 0.7166666666666666
 0.6166666666666666
 0.65
 0.67
 0.6900000000000001
 0.5700000000000001
 0.5
 0.5599999999999999
 0.6199999999999999
 0.6666666666666666
 0.7466666666666667
 0.6866666666666668
 0.7333333333333333
 0
 0
 0.6281643771596719
 0.6362798371819807
 0.7595193526195705
 0.839441911064706
 0.8493446001458604
 0.8409163260281463
 0.7149168999831601
 0.7374200646759728
 0.7242922202995427
 0.7414181152619637
 0.7337928541989948
 0.7156446038380113
 0.719590777268537
 0.6750623311420959
 0.7102441962920583
 0.7023400124719354
 0.6631222057539221
 0.6877233889906726
 0.6653999001012154
 0.6269070710786924
 0.6508623472202892
 0.6784905317187533
 0.5983647606241678
 0.6560384634267135
 0.636106782426594
 0.6540700081985749
 0.6571129616152724
 0.6434268237902445
 0
 0
 0.5539545910931709
 0.5753061958933964
 0.5738751299674612
 0.8787064145844403
 0.7959458120379664
 0.7504995404444743
 0.680622002326254
 0.7059077785658147
 0.6728093796344414
 0.6904674466893755
 0.7032556912120039
 0.6771943287885515
 0.6642730920088472
 0.6478523386896267
 0.6629961784487997
 0.6474696662664453
 0.6063442095135501
 0.6086770202721764
 0.6018361570294731
 0.5992484741803495
 0.6142831331916947
 0.6087070636431617
 0.5860672291603098
 0.5980258280850635
 0.6046712161858818
 0.6121146327410277
 0.5960631342959806
 0.5884582111888177
 0
 0
 0.3333333333333333
 0.25
 0.4
 1
 0.7142857142857143
 0.625
 0.8888888888888888
 0.8
 0.5454545454545454
 0.4166666666666667
 0.6923076923076923
 0.5555555555555556
 0.4
 0.6666666666666666
 1
 1
 0
 1
 0
 1
 0
 1
 1
 1
 1
 1
 1
 1
 0
 0
 0.5375983052254796
 0.4442249020189825
 0.554126975795559
 0.8319585534192885
 0.7591754924323733
 0.6996100765076573
 0.8169376456401336
 0.6767536481276379
 0.6530615404037317
 0.6522483947712019
 0.6659945605817392
 0.6374218233800205
 0.6551249107398073
 0.6554677934474853
 0.6763236023432824
 0.6831194816271273
 0.5948537638665738
 0.6192209334655643
 0.6391043216018717
 0.5811325730389807
 0.577860587100594
 0.6653055876714496
 0.5852361520401322
 0.6033691271647386
 0.6241484324543835
 0.6289762916482012
 0.5625782100326614
 0.6207735756332622
 0
 0
 0.7892931470571475
 0.6879265136955868
 0.7543183166172009
 0.7728963980322276
 0.8046905366566993
 0.8655665518199527
 0.7418955416477219
 0.7611258709596677
 0.7727670265331708
 0.7856503674697035
 0.7700547428217038
 0.7487110583298193
 0.7943248962478451
 0.7376519408606272
 0.7418569354058026
 0.7603954004059866
 0.6979804348406355
 0.7420250506703953
 0.6714517001296036
 0.7061072955004899
 0.6936739383825334
 0.6791149994808336
 0.6673791163564905
 0.6708016965180812
 0.6680143008951557
 0.6901223431571691
 0.6743628410807767
 0.6653356202679795
 0
 0
 0.5518039135200314
 0.6106962085948292
 0.578250661405781
 0.8682513694398808
 0.7895449040940021
 0.767759079430449
 0.6760994037715055
 0.7102827264363271
 0.6989705863079744
 0.7043730969169343
 0.7268293716544089
 0.6754241537300796
 0.6818320666367503
 0.6589256666283787
 0.6747031021325091
 0.6536450664948814
 0.6180960849511991
 0.6077237224367154
 0.6069629778284483
 0.6149262337615897
 0.6189659077087375
 0.6219767701594061
 0.5891409240513782
 0.613702344061366
 0.6221065562511506
 0.6172236973052672
 0.6070321863565478
 0.6007835672008134
 0
 0
 0.9993614188323507
 0.9999999587686662
 0.99999999995481
 0.99999999720288
 0.9999999999999994
 1
 1
 1
 0.9999999999999999
 0.9986147585863626
 0.9992869937381813
 0.9910943573857043
 0.9852186609603719
 0.9810256020724565
 0.9766595849905624
 0.9767116350741223
 0.9675767993319474
 0.9646734667420276
 0.9706061971895266
 0.9694307610653414
 0.9609759035218104
 0.9610681588785812
 0.9546292223945011
 0.9514617619371245
 0.9491756589167785
 0.9440881345743534
 0.9428077708498375
 0.9541056725263919
 0
 0
 0.4768400672965761
 0.4850616127650292
 0.586478103344092
 0.7322555855202384
 0.7749414597563432
 0.7559591228615548
 0.6940269690515393
 0.7389243356263231
 0.6753780691857868
 0.6781308506309266
 0.7038797318615457
 0.6480440379592679
 0.6686639160775487
 0.66825519750844
 0.6958164084282237
 0.6368297849899157
 0.593365853020043
 0.5937218821050201
 0.592427054065958
 0.6175652353742782
 0.6031149172290345
 0.6778279794114515
 0.5997170357637217
 0.5882974237004431
 0.6359357065774265
 0.600009241719374
 0.6103289044816089
 0.5882757919173316
 0
 0
 0.7892931470571475
 0.7104162067187388
 0.7639345581806659
 0.7567300876599834
 0.7676389637297381
 0.7845337003927523
 0.7438931699322996
 0.7510335145253449
 0.763024908086654
 0.7540611038583013
 0.7473060722876165
 0.7173687386646558
 0.788000447809945
 0.7174482310693087
 0.755640477934665
 0.7043094556335928
 0.6606994207556729
 0.6725696996136228
 0.6708144857707267
 0.6650565827504695
 0.6782253024740558
 0.6797254594272529
 0.6758840377064128
 0.6557763492351435
 0.6705399136211088
 0.6694594985642519
 0.6764328368404585
 0.6628296705489294
 0
 0
 0
 0
 0
 0
 0
 0
 0
 0
 0
 0
 0
 0
 0
 0
 0
 0
 0
 0
 0
 0
 0
 0
 0
 0
 0
 0
 0
 0
 0
 0
 0
 0
 0
 0
 0
 0
 0
 0
 0
 0
 0
 0
 0
 0
 0
 0
 0
 0
 0
 0
 0
 0
 0
 0
 0
 0
 0
 0
 0
 0
 0
 0
 0
 0
 0
 0
 0
 0
 0
 0
 0
 0
 0
 0
 0
 0
 0
 0
 0
 0
 0
 0
 0
 0
 0
 0
 0
 0
 0
 0
 0
 0
 0
 0
 0
 0
 0
 0
 0
 0
 0
 0
 0
 0
 0
 0
 0
 0
 0
 0
 0
 0
 0
 0
 0
 0
 0
 0
 0
 0
 0
 0
 0
 0
 0
 0
 0
 0
 0
 0
 0
 0
 0
 0
 0
 0
 0
 0
 0
 0
 0
 0
 0
 0
 0
 0
 0
 0
 0
 0
 0.9999512133448299
 0.9999999868171392
 0.9999999996600202
 0.9999999999999489
 0.9999993283158196
 0.9999723329742652
 0.999999598117735
 0.9997775408060384
 0.9963025051969243
 0.9999988751458724
 0.992607809082673
 0.9878440168086983
 0.9819960940086112
 0.9705399053979966
 0.9770403520126852
 0.9674875437770928
 0.9683806366905278
 0.968624852846911
 0.9686205623395993
 0.9625841662536296
 0.955535991284028
 0.9625773841971916
 0.9463498440587006
 0.9533589304861362
 0.9460737925346372
 0.9492181227260933
 0.9513570155081338
 0.943949911562686
 0
 0
 0
 0
 0
 0
 0
 0
 0
 0
 0
 0
 0
 0
 0
 0
 0
 0
 0
 0
 0
 0
 0
 0
 0
 0
 0
 0
 0
 0
 0
 0
 0
 0
 0
 0
 0
 0
 0
 0
 0
 0
 0
 0
 0
 0
 0
 0
 0
 0
 0
 0
 0
 0
 0
 0
 0
 0
 0
 0


