# Created by Octave 3.8.2, Sun Nov 15 20:16:06 2015 CET <dkottke@snake7>
# name: mus
# type: matrix
# ndims: 3
 1 30 19
 0
 0
 0.8840579710144922
 0.6923076923076923
 0.7756097560975613
 0.9068627450980392
 0.8965517241379313
 0.9134615384615384
 0.9227053140096619
 0.9250000000000002
 0.9186602870813396
 0.9215686274509803
 0.9278846153846154
 0.9234693877551022
 0.9641025641025642
 0.9326923076923077
 0.965686274509804
 0.957070707070707
 0.9425837320574163
 0.9400000000000001
 0.9523809523809523
 0.9494949494949494
 0.9420289855072463
 0.9357638888888888
 0.9275
 0.9326923076923077
 0.9455782312925169
 0.9438775510204083
 0.9704433497536946
 0.9611111111111112
 0
 0
 0.3333333333333333
 0.75
 0.6
 0.6
 0.5
 0.8
 0.8
 0.8
 0.8
 0.8333333333333333
 0.9333333333333332
 0.8333333333333333
 0.7999999999999999
 0.8166666666666667
 0.8666666666666666
 0.9
 0.75
 0.75
 0.85
 0.9199999999999999
 0.95
 0.9199999999999999
 0.8800000000000001
 0.8466666666666667
 0.8933333333333333
 0.8866666666666665
 0.9
 0.8333333333333334
 0
 0
 0.534689033084534
 0.8293274491162894
 0.6528265301150556
 0.7075904897935924
 0.6838123498114581
 0.8432341014105177
 0.6596396120922882
 0.8194242270279753
 0.8038319199102042
 0.820045727302716
 0.8044027338975385
 0.8343757033303718
 0.8049388199708294
 0.8440317773538014
 0.9240290831960379
 0.792573679501593
 0.8932819958142771
 0.8925686938272585
 0.8706841254832203
 0.9292157235989403
 0.9029147097114472
 0.9262530618008386
 0.9237291440249582
 0.8653230633038687
 0.8799702254607573
 0.8800737898211881
 0.8820999737410256
 0.9034024316990217
 0
 0
 0.2220278386902968
 0.5171472879147873
 0.6205399084495303
 0.5928578313751313
 0.6362946450751266
 0.6618970655068264
 0.6591083434933005
 0.6471203690800681
 0.6907510842256682
 0.7122192126372895
 0.7521740300049563
 0.77618974315928
 0.7429464640964201
 0.7690903685295573
 0.8017864369425817
 0.7753386270447375
 0.7805274148802651
 0.7981902137297152
 0.8052009287559738
 0.8190845636225079
 0.8250267362913075
 0.8340404158455847
 0.8402144332242076
 0.7884971327577496
 0.8024986665185075
 0.8124724883309058
 0.8052387960965801
 0.8151436562593215
 0
 0
 0.2436311887491519
 0.4832854910914529
 0.6719136997835916
 0.5591352739810235
 0.6372452189268102
 0.6677210697486002
 0.645085592761079
 0.6553639504381246
 0.6859975088773173
 0.7248887227519794
 0.7464052334189694
 0.7772116985091627
 0.7467003989637007
 0.7723946930548259
 0.7947277515887512
 0.7735602450475039
 0.7815322740113514
 0.7909349733402071
 0.8076853935856407
 0.8144294451835882
 0.8214717506474536
 0.8331848631084561
 0.8400198746853997
 0.7906291510077573
 0.8066138292112212
 0.8115931065558437
 0.8069921306942673
 0.8117131557264089
 0
 0
 0.4165707206683152
 0.5917992458831062
 0.770409056769597
 0.6082841155078023
 0.6071255526626309
 0.7699009224799238
 0.6148134744306583
 0.6480379373514414
 0.6813972092361542
 0.692569227318132
 0.7407102992224488
 0.7729636322036585
 0.7492367787211935
 0.7522243616192534
 0.8236751307279069
 0.7874729646236321
 0.8598876723827211
 0.7774998893239948
 0.8236841538249249
 0.7984294834026431
 0.8060110137518921
 0.8382550722676256
 0.8463982051762934
 0.8132604870004233
 0.7938882418186255
 0.739835033617013
 0.7494727528163412
 0.9074866310222233
 0
 0
 0.5785862941142949
 0.728263699345351
 0.8471882968249247
 0.6731115309572641
 0.7436316880891228
 0.7640397931998716
 0.7479653865622997
 0.7639308848341724
 0.7914073333615844
 0.8279210215007318
 0.8543049710970226
 0.8277182943002812
 0.8622941191144181
 0.8251121695782363
 0.8571635006707543
 0.8150268943416733
 0.9185721219141365
 0.8557825386867418
 0.8241802706400525
 0.8445377800776867
 0.8335680067413631
 0.8336527943900307
 0.863764846357528
 0.826225151742221
 0.9016025502632072
 0.8633459811864902
 0.8582279083424359
 0.9336372386424687
 0
 0
 0.2179042651780095
 0.5171693358434065
 0.6910876012651905
 0.5777039337523566
 0.66773709098277
 0.6287602113755458
 0.6650951332151304
 0.6446540618792695
 0.6815128255696965
 0.7039076559486604
 0.7536723444223075
 0.7920928182573819
 0.7528346754322653
 0.7863785459534377
 0.821133464054848
 0.7968711543336994
 0.8000306951537337
 0.8223353698947181
 0.8396653090738431
 0.8452380227208905
 0.8583881345275681
 0.8597398075847926
 0.8656644552875751
 0.8183997693815775
 0.8349493864546773
 0.8404981301434226
 0.8399642097457689
 0.8461209507509294
 0
 0
 0.2476808130202038
 0.4275161398081181
 0.7022957121960343
 0.5618616117601251
 0.6294065135585761
 0.6387350745452489
 0.6513284471962498
 0.6533935006305169
 0.6730185616816639
 0.7195409294986884
 0.7500026239707555
 0.7860256464590781
 0.7686453890034017
 0.7932479976577836
 0.8217985685980889
 0.7907669020621785
 0.8048002070702518
 0.8148021878213331
 0.8400967698898806
 0.8377149461951572
 0.8535353608016721
 0.857028827890947
 0.8697170266712132
 0.8189181882856996
 0.8381852004746105
 0.8462084847552925
 0.8347336850541259
 0.8454073108724819
 0
 0
 0.4165918965971904
 0.5976787454556981
 0.6388007752672513
 0.5369850424589251
 0.6215979913864097
 0.6450542906207691
 0.6209102483796315
 0.639876219657585
 0.6801727335715477
 0.6995487559127993
 0.7504679853485222
 0.7701080328419981
 0.7895852965201225
 0.8424708178200484
 0.8141411775169373
 0.7868886753292398
 0.8318864134247543
 0.8312180482457087
 0.8286454522823161
 0.8513879594792707
 0.8473075680002177
 0.8490035967036522
 0.9086471400631686
 0.8120633151270165
 0.8277326725864345
 0.8327676681451659
 0.8460421913024271
 0.8467107987483362
 0
 0
 0.5785862941142949
 0.7516161736848345
 0.8689922039767778
 0.8289709240353192
 0.7305323194091071
 0.7646837601590603
 0.8590671017785155
 0.7860419645255211
 0.7574853789143695
 0.8319114040192183
 0.7917745896593082
 0.8149737169803023
 0.8037418242428812
 0.813673798105819
 0.8319819968664454
 0.8739507443040833
 0.8299186800244021
 0.9240465132160814
 0.8465729663881514
 0.845619582898876
 0.9549547786838866
 0.8810030362518659
 0.8917284995621142
 0.8532623016383117
 0.8955564963181775
 0.8653187527496923
 0.8666577087384001
 0.8857295976522025
 0
 0
 0
 0
 0
 0
 0
 0
 0
 0
 0
 0
 0
 0
 0
 0
 0
 0
 0
 0
 0
 0
 0
 0
 0
 0
 0
 0
 0
 0
 0
 0
 0
 0
 0
 0
 0
 0
 0
 0
 0
 0
 0
 0
 0
 0
 0
 0
 0
 0
 0
 0
 0
 0
 0
 0
 0
 0
 0
 0
 0
 0
 0
 0
 0
 0
 0
 0
 0
 0
 0
 0
 0
 0
 0
 0
 0
 0
 0
 0
 0
 0
 0
 0
 0
 0
 0
 0
 0
 0
 0
 0
 0
 0
 0
 0
 0
 0
 0
 0
 0
 0
 0
 0
 0
 0
 0
 0
 0
 0
 0
 0
 0
 0
 0
 0
 0
 0
 0
 0
 0
 0
 0
 0
 0
 0
 0
 0
 0
 0
 0
 0
 0
 0
 0
 0
 0
 0
 0
 0
 0
 0
 0
 0
 0
 0
 0
 0
 0
 0
 0
 0
 0.2427300257351808
 0.3966024721396555
 0.6782109498424527
 0.5480084786115527
 0.6351749860089277
 0.6299366404299164
 0.6369009047288874
 0.6526488409557462
 0.6771029486658525
 0.7116811434412282
 0.740224574727286
 0.7867684469651637
 0.7675368208694869
 0.7951554213778836
 0.8180853050786026
 0.7931540723914542
 0.8049675506420548
 0.8133814000797683
 0.8399797569924181
 0.8403554898195348
 0.8523983242889599
 0.8576096049525321
 0.867702957054718
 0.8186003729191661
 0.83505650107971
 0.8423484414512187
 0.8333945626775277
 0.8446419356753682
 0
 0
 0
 0
 0
 0
 0
 0
 0
 0
 0
 0
 0
 0
 0
 0
 0
 0
 0
 0
 0
 0
 0
 0
 0
 0
 0
 0
 0
 0
 0
 0
 0
 0
 0
 0
 0
 0
 0
 0
 0
 0
 0
 0
 0
 0
 0
 0
 0
 0
 0
 0
 0
 0
 0
 0
 0
 0
 0
 0


