# Created by Octave 3.8.2, Fri Nov 20 22:29:23 2015 CET <dkottke@snake7>
# name: mus
# type: matrix
# ndims: 3
 1 30 19
 0
 0
 0.603174603174603
 0.7817725752508361
 0.5983263598326355
 0.8056951423785595
 0.8560289612921191
 0.8406040268456376
 0.8721804511278186
 0.8470588235294118
 0.8156797331109253
 0.8350168350168351
 0.8384197324414712
 0.8277310924369748
 0.8126582278481009
 0.808277027027027
 0.7941176470588233
 0.8026094276094273
 0.7914230019493179
 0.7898305084745763
 0.8262322472848788
 0.8352974186307521
 0.8795986622073578
 0.8886054421768709
 0.8893617021276599
 0.8829431438127087
 0.8760521885521882
 0.9017857142857143
 0.898233809924306
 0.9153846153846149
 0
 0
 0.6666666666666666
 1
 0.8
 0.5
 0.6
 0.4
 0.7
 0.6
 0.6666666666666666
 0.8333333333333333
 0.7999999999999999
 0.7
 0.6666666666666666
 0.7499999999999999
 0.7833333333333333
 0.8166666666666667
 0.7333333333333333
 0.75
 0.76
 0.8099999999999999
 0.7899999999999999
 0.8
 0.8
 0.8400000000000001
 0.8533333333333333
 0.86
 0.8333333333333334
 0.8333333333333334
 0
 0
 0.6839397205857212
 0.8946465735285737
 0.7827085579026833
 0.5927527588648495
 0.6723508436738643
 0.68072828158669
 0.7671689274981479
 0.7330655988555926
 0.7013778334691916
 0.7623299423759008
 0.7565282311047631
 0.7699930907370562
 0.7843773156461297
 0.8238549940192945
 0.8006167319051241
 0.8609044589885853
 0.8415447639877498
 0.874370099526212
 0.825669398203191
 0.8481043196510201
 0.810738997472767
 0.8488544142191556
 0.8479299226397535
 0.859759439308615
 0.8572237027347663
 0.8630311743027452
 0.8640546247605595
 0.8648513874976547
 0
 0
 0.7190425034049079
 0.9400623799395895
 0.7888600762395933
 0.5100461347178941
 0.6220389830590223
 0.5813206252776926
 0.6004333582612748
 0.6472346845185108
 0.7356517861370171
 0.7421047369016602
 0.7155450547510696
 0.7225929693208769
 0.7535048114413572
 0.7795017152732143
 0.7919989966441805
 0.8349895905574248
 0.7961587315987251
 0.8048603389079619
 0.7771063145289215
 0.7948438058918504
 0.803076650940738
 0.8107462927439057
 0.8300986082164532
 0.8261859324602066
 0.8358601463373259
 0.8493542869844465
 0.8382673917322861
 0.8447921540260936
 0
 0
 0.3333333333333333
 1
 1
 0.5
 0.5714285714285714
 0.875
 0.3333333333333333
 0.6
 0.8181818181818182
 0.5833333333333334
 0.6923076923076923
 0.8888888888888888
 0.6
 0.6666666666666666
 0
 1
 1
 1
 1
 1
 0
 1
 1
 1
 0
 1
 1
 1
 0
 0
 0.2292892317006652
 0.9079378638900659
 0.919576145155765
 0.5510276349529174
 0.586091631754994
 0.8064177121736924
 0.5793416376371713
 0.6419306129819895
 0.7823358029540164
 0.6857723678922446
 0.6945612509371557
 0.7704248676408183
 0.707622250591935
 0.7457916685106409
 0.6881378425649808
 0.8150019988206204
 0.8622707527052603
 0.8969331554887003
 0.8324347723045389
 0.7483152713373487
 0.7556013427533432
 0.7877108110043944
 0.9226639756914378
 0.8409021655206808
 0.7782356869453628
 0.7808476772467072
 0.8346225593579988
 0.8514052118406198
 0
 0
 0.5785862941142949
 0.7291151402904384
 0.7934953738378335
 0.7371793892713411
 0.7396954168093594
 0.7233830515806283
 0.7612004588984602
 0.7893666812605507
 0.7588704379322035
 0.7824244226861968
 0.7764113503983214
 0.7614088763266138
 0.7746184697912724
 0.8314036206335347
 0.8186645531191664
 0.839074075111761
 0.8323753902789152
 0.8279479033261197
 0.8038547018504945
 0.8171756556550933
 0.8066670838423691
 0.8536863856866932
 0.8444589631625117
 0.8839666695391692
 0.8516068792519986
 0.8360952426299939
 0.870172126584505
 0.8111191845807865
 0
 0
 0.8013080805953474
 0.9174912234996309
 0.7474396035944906
 0.5061716965254993
 0.5752657136993793
 0.5929235170492951
 0.6168880610914962
 0.653417422030998
 0.6840481618128655
 0.6953623670121712
 0.6811470575469937
 0.6935989597668449
 0.7334739389216571
 0.7304664934052135
 0.7570652800970027
 0.7742658199159268
 0.7638507441745077
 0.7789967068641959
 0.7443817823474618
 0.7677228169562843
 0.7531882061476783
 0.765477593247393
 0.7753501230079687
 0.7805636898370769
 0.8007761560453805
 0.7949662154095866
 0.7802310731013907
 0.7937288360710968
 0
 0
 0.9064091679625711
 0.9288574380095393
 0.8927105039445415
 0.9275011281157295
 0.9356690049864104
 0.9046112685659343
 0.9173449741495676
 0.9239290458531907
 0.9170849468259394
 0.935216220269629
 0.910684096530018
 0.9238027276869435
 0.9179421013266644
 0.9226131532401802
 0.9106211279382678
 0.9085608420350086
 0.9112934666481374
 0.9068385009363991
 0.9069388579880139
 0.90680300923644
 0.897486091128287
 0.8936643676570682
 0.9015637988956988
 0.897444968614998
 0.9104891063774219
 0.9018554630159152
 0.914685155668277
 0.8916567437217571
 0
 0
 0.3479585036651782
 0.8789408130085031
 0.8721329641062139
 0.5664763624589442
 0.5639827143286137
 0.651902257653125
 0.6235757699097012
 0.6562701936806272
 0.7104419435909453
 0.710101661553288
 0.7239248866455478
 0.7488427503813205
 0.8027063573978055
 0.7956205326630648
 0.8154935308650073
 0.8566491835806802
 0.8145585421357187
 0.8352284484193311
 0.7959682883059871
 0.807534443300073
 0.7138453906066116
 0.8074477667310006
 0.8233804654314847
 0.8007630741346672
 0.8264567922609217
 0.838175023304699
 0.823590960876591
 0.8404777345843968
 0
 0
 0.5785862941142949
 0.6308250879010935
 0.8103959986134077
 0.7711813883650315
 0.7103236159144193
 0.7643901640803819
 0.7816657962544901
 0.79202674814816
 0.7933961617762617
 0.7873813733508226
 0.8043092899954158
 0.7661345476728187
 0.7513412311893033
 0.7248503120472869
 0.8400195683878171
 0.834490896982893
 0.8436258862699182
 0.8062313124302544
 0.7953455041530403
 0.8875396036369129
 0.796904475449715
 0.8032331377672279
 0.9031651407076527
 0.8475401640588105
 0.9277547232596561
 0.9239534741784109
 0.812583638350052
 0.8081541763733329
 0
 0
 0
 0
 0
 0
 0
 0
 0
 0
 0
 0
 0
 0
 0
 0
 0
 0
 0
 0
 0
 0
 0
 0
 0
 0
 0
 0
 0
 0
 0
 0
 0
 0
 0
 0
 0
 0
 0
 0
 0
 0
 0
 0
 0
 0
 0
 0
 0
 0
 0
 0
 0
 0
 0
 0
 0
 0
 0
 0
 0
 0
 0
 0
 0
 0
 0
 0
 0
 0
 0
 0
 0
 0
 0
 0
 0
 0
 0
 0
 0
 0
 0
 0
 0
 0
 0
 0
 0
 0
 0
 0
 0
 0
 0
 0
 0
 0
 0
 0
 0
 0
 0
 0
 0
 0
 0
 0
 0
 0
 0
 0
 0
 0
 0
 0
 0
 0
 0
 0
 0
 0
 0
 0
 0
 0
 0
 0
 0
 0
 0
 0
 0
 0
 0
 0
 0
 0
 0
 0
 0
 0
 0
 0
 0
 0
 0
 0
 0
 0
 0
 0
 0.8407437404604468
 0.8987413627118387
 0.9270723751992211
 0.9372335787219127
 0.9441941402070143
 0.9304026090726742
 0.9319670279893416
 0.9183374376552179
 0.9214370399880356
 0.9247153837916979
 0.9302026728605289
 0.9146970723214334
 0.9176267150723239
 0.9210110373838655
 0.902220791116618
 0.9189352770198279
 0.9134769360134757
 0.916980266775074
 0.9003757357400514
 0.9012377023937456
 0.912651485267147
 0.9004655121445578
 0.904117446107488
 0.905605143378124
 0.9026973620296993
 0.9121661560729489
 0.8973638874248668
 0.9046258104201736
 0
 0
 0
 0
 0
 0
 0
 0
 0
 0
 0
 0
 0
 0
 0
 0
 0
 0
 0
 0
 0
 0
 0
 0
 0
 0
 0
 0
 0
 0
 0
 0
 0
 0
 0
 0
 0
 0
 0
 0
 0
 0
 0
 0
 0
 0
 0
 0
 0
 0
 0
 0
 0
 0
 0
 0
 0
 0
 0
 0


