# Created by Octave 3.8.2, Fri Nov 20 21:04:43 2015 CET <dkottke@mudflap>
# name: mus
# type: matrix
# ndims: 3
 1 30 19
 0
 0
 0.4987468671679201
 0.5117056856187291
 0.6686192468619244
 0.7001675041876048
 0.7198551935394033
 0.7424496644295302
 0.7811194653299905
 0.8193277310924373
 0.8115095913261045
 0.8148148148148143
 0.9362458193979926
 0.9294117647058825
 0.9375527426160334
 0.9451013513513513
 0.9389075630252092
 0.9436026936026932
 0.9448621553884703
 0.9550847457627123
 0.9507101086048451
 0.9546857463524128
 0.9540133779264214
 0.95578231292517
 0.9574468085106389
 0.9581939799331102
 0.9545454545454546
 0.9545068027210887
 0.957947855340622
 0.9547008547008543
 0
 0
 1
 0.5
 0.8
 0.6
 0.7
 0.8
 0.4
 0.6
 0.8666666666666668
 0.5666666666666667
 0.6
 0.5333333333333334
 0.6666666666666667
 0.6
 0.4333333333333333
 0.5833333333333333
 0.6333333333333333
 0.7
 0.58
 0.68
 0.66
 0.6100000000000001
 0.68
 0.8133333333333332
 0.6666666666666667
 0.6133333333333333
 0.6133333333333333
 0.6666666666666667
 0
 0
 1
 0.7059904377541593
 0.7822695852923857
 0.8588264085282888
 0.8061496952925756
 0.7755972016158621
 0.5326598499556967
 0.7364057269684915
 0.7309273487919773
 0.5597132984161148
 0.612490391362805
 0.5834073877536872
 0.6607156550556282
 0.5937214205886039
 0.6205420661882417
 0.6989274453049532
 0.6213430783780165
 0.5899261737688883
 0.6119562661374598
 0.5448796366756793
 0.6490920736169933
 0.6259757408225106
 0.5806134661931327
 0.5703196871722434
 0.6306039387754772
 0.5645189221545701
 0.5923386714146593
 0.6346771058517076
 0
 0
 1
 0.829871528367521
 0.8116706778075041
 0.7745083322049695
 0.8474296003060265
 0.7333297807879132
 0.6643913077816955
 0.7196182478065763
 0.7596168481936727
 0.702444662601909
 0.6657032160742702
 0.6775947183856887
 0.708564419575425
 0.6577287763907947
 0.6620744379248337
 0.6613752158129402
 0.6513803484724413
 0.5811551678828744
 0.5767351696518335
 0.5653328890994122
 0.56650444553123
 0.5814001970492803
 0.6209181693837876
 0.6543378936102517
 0.6706387306052686
 0.6218730285794716
 0.5765384983405415
 0.6143012782408664
 0
 0
 1
 1
 1
 0.5
 0.7142857142857143
 0.625
 0.3333333333333333
 0.4
 0.8181818181818182
 0.6666666666666666
 0.4615384615384616
 0.5555555555555556
 0.6
 0.3333333333333333
 0
 0
 1
 0
 0
 1
 1
 0
 1
 1
 0
 0
 0
 0
 0
 0
 1.00000000000952
 1.166666634305217
 1.250000009044972
 0.625000002532916
 0.7000000013594466
 0.5880955589018473
 0.4871054570408233
 0.5159736282061502
 0.8976002603652627
 0.6979798226711871
 0.5531199719591715
 0.5907757983144697
 0.6178439262305888
 0.5083693895377925
 0.4220599875817344
 0.4250934920582795
 0.8457539897314028
 0.4977980215349045
 0.3206241781838098
 0.7245563531259986
 0.8864800212953556
 0.250021461154078
 0.8632265984641528
 0.3799408921959805
 0.3437759699328944
 0.2500127174506399
 0.5625099100912411
 0.4583447576516273
 0
 0
 1
 0.7027574605674758
 0.8244894852602822
 0.8239974523758677
 0.8157677831621039
 0.8309531844550799
 0.691625669234982
 0.7037748736135394
 0.6970976414865634
 0.7324340091707874
 0.6922073019820707
 0.7619918234526002
 0.742492594352417
 0.7944132816489246
 0.6728061459412951
 0.751937465471908
 0.8063992734486753
 0.6760428181017637
 0.7558664977662287
 0.6540975282370343
 0.6579845406059627
 0.6786676964599587
 0.6732260403547871
 0.6611667354669573
 0.6993485555851708
 0.6814259708951869
 0.6561536017716163
 0.7032674018382767
 0
 0
 1
 0.8486610119217927
 0.7357242486461461
 0.8039489372845702
 0.7704975651363833
 0.7276488951339588
 0.65754896801598
 0.693501402274293
 0.7422137757836497
 0.731619710115695
 0.6953343884549714
 0.6834428262999868
 0.7071697379733298
 0.6717102354081363
 0.6724898463816164
 0.6778736801561763
 0.6472264669340826
 0.5984113724010084
 0.6030376305524792
 0.5911444092981112
 0.586127560462945
 0.5908646545160945
 0.6068691011398846
 0.6271211245957306
 0.6625392451707689
 0.6060389289972247
 0.5854488682935328
 0.6149629689316556
 0
 0
 1
 1
 1
 1
 1
 1
 1
 1
 1
 1
 1
 1
 1
 1
 1
 1
 1
 1
 1
 1
 1
 1
 1
 1
 1
 1
 1
 1
 0
 0
 1.000000000029877
 1.11763335757117
 1.257692320002994
 0.8290153587489968
 0.6182589379065495
 0.6074039354722401
 0.5486857261643131
 0.6041554333300603
 0.8377081023322751
 0.7234784781807062
 0.6143549449909657
 0.6604035802575257
 0.6311454526722498
 0.6039521479701673
 0.6938906545582165
 0.5911207071095347
 0.7729120344109226
 0.7221735840488991
 0.5146230347227267
 0.5398676870122406
 0.5599610536761638
 0.4996724159314628
 0.7368486594114796
 0.3234341401158293
 0.8513012746769444
 0.4875744464333307
 0.3109489918718611
 0.4965279942841652
 0
 0
 1
 0.7360470534923318
 0.8652351188095488
 0.8111541859149126
 0.7399806625166919
 0.8232069015653886
 0.7456196718193145
 0.7179949591587464
 0.9503706500888525
 0.7465942886660789
 0.8926033086729336
 0.8864361308442296
 0.9963741271728723
 0.8431837024870249
 0.6775566826518253
 0.8521148377309435
 0.6767691801939137
 0.8030795303146068
 0.7437251401577285
 0.6283887906880341
 0.7437834084784058
 0.6927594348262541
 0.8117980761621812
 0.6955726871580021
 0.7854780349532149
 0.6665450597985669
 0.6935436001594988
 0.8084461570219924
 0
 0
 0
 0
 0
 0
 0
 0
 0
 0
 0
 0
 0
 0
 0
 0
 0
 0
 0
 0
 0
 0
 0
 0
 0
 0
 0
 0
 0
 0
 0
 0
 0
 0
 0
 0
 0
 0
 0
 0
 0
 0
 0
 0
 0
 0
 0
 0
 0
 0
 0
 0
 0
 0
 0
 0
 0
 0
 0
 0
 0
 0
 0
 0
 0
 0
 0
 0
 0
 0
 0
 0
 0
 0
 0
 0
 0
 0
 0
 0
 0
 0
 0
 0
 0
 0
 0
 0
 0
 0
 0
 0
 0
 0
 0
 0
 0
 0
 0
 0
 0
 0
 0
 0
 0
 0
 0
 0
 0
 0
 0
 0
 0
 0
 0
 0
 0
 0
 0
 0
 0
 0
 0
 0
 0
 0
 0
 0
 0
 0
 0
 0
 0
 0
 0
 0
 0
 0
 0
 0
 0
 0
 0
 0
 0
 0
 0
 0
 0
 0
 0
 0
 1
 1
 1
 1
 1
 1
 1
 1
 1
 1
 1
 1
 1
 1
 1
 1
 1
 1
 1
 1
 1
 1
 1
 1
 1
 1
 1
 1
 0
 0
 0
 0
 0
 0
 0
 0
 0
 0
 0
 0
 0
 0
 0
 0
 0
 0
 0
 0
 0
 0
 0
 0
 0
 0
 0
 0
 0
 0
 0
 0
 0
 0
 0
 0
 0
 0
 0
 0
 0
 0
 0
 0
 0
 0
 0
 0
 0
 0
 0
 0
 0
 0
 0
 0
 0
 0
 0
 0


