# Created by Octave 3.8.2, Fri Nov 20 22:45:29 2015 CET <dkottke@snake7>
# name: mus
# type: matrix
# ndims: 3
 1 30 19
 0
 0
 0.8421052631578945
 0.68561872909699
 0.8033472803347284
 0.8216080402010046
 0.7360066833751038
 0.7416107382550335
 0.7685881370091889
 0.7630252100840333
 0.7764804003336114
 0.7870370370370371
 0.815008361204013
 0.7932773109243695
 0.8092827004219403
 0.793918918918919
 0.9032773109243694
 0.9259259259259253
 0.9256474519632411
 0.9322033898305084
 0.9298245614035082
 0.9309764309764307
 0.9423076923076924
 0.9421768707482994
 0.9463829787234048
 0.9473244147157184
 0.9452861952861948
 0.9418934240362812
 0.9428090832632461
 0.9384615384615381
 0
 0
 0.3333333333333333
 1
 0.6
 0.7
 0.9
 0.7
 0.5
 0.7
 0.5666666666666667
 0.6666666666666666
 0.5333333333333333
 0.5666666666666667
 0.6
 0.6166666666666666
 0.5333333333333333
 0.6166666666666666
 0.7333333333333333
 0.65
 0.71
 0.8800000000000001
 0.9099999999999999
 0.8800000000000001
 0.8400000000000001
 0.8400000000000001
 0.8533333333333333
 0.86
 0.8266666666666668
 0.8666666666666668
 0
 0
 0.6613639863418441
 0.8922521774724049
 0.6380775158132597
 0.7764424830387632
 0.737792475440227
 0.7684550574083467
 0.6658222032474754
 0.7633231145187154
 0.6969692507858551
 0.7188112966673574
 0.7274334963275728
 0.6905307833309242
 0.7429822100503107
 0.7877871709474519
 0.7211295357178246
 0.7700446074067778
 0.7565641575342612
 0.7554627103292628
 0.8201227088021628
 0.8224371124053304
 0.8033624677331802
 0.8521461694123964
 0.8628648319441942
 0.8704361910021281
 0.8468015882266471
 0.86859779558632
 0.8628057911260366
 0.8698203422649775
 0
 0
 0.2751733849680507
 0.8448988595305963
 0.7410054788208746
 0.6609256400207291
 0.7778099574690509
 0.8155563226195217
 0.6347881138932598
 0.6807693283603453
 0.6261883704969781
 0.6498861119321578
 0.6038736707589372
 0.6361503163317359
 0.6487079508931111
 0.6447986551523145
 0.6031564341317502
 0.7049408344242171
 0.7654530903634822
 0.7769180613968375
 0.8131671563332382
 0.8152300050375656
 0.7925025384259662
 0.8262018114330488
 0.8460962234193466
 0.8508793699683088
 0.8529808178214209
 0.8615012315148146
 0.8705256075457047
 0.8686565241938212
 0
 0
 0.3333333333333333
 1
 0.6
 1
 1
 1
 0.4444444444444444
 0.7
 0.3636363636363636
 0.5833333333333334
 0.5384615384615384
 0.5555555555555556
 1
 0.3333333333333333
 0.5
 1
 0
 1
 1
 1
 1
 1
 0
 1
 1
 1
 1
 1
 0
 0
 0.294845550948023
 0.8662832663797164
 0.6151803616878301
 0.9201035308575074
 0.8961610046724653
 0.8948355514578001
 0.5929099931319037
 0.7098317429371657
 0.6020717461351935
 0.6473396908045764
 0.6218670153634612
 0.630890325774396
 0.7672938182901929
 0.6367833528868969
 0.6201284626855562
 0.8021436967181652
 0.6511186388587509
 0.8369311485458266
 0.8912326026150715
 0.7523699477324945
 0.8677995617904766
 0.7920609710912752
 0.7325268641236732
 0.8041005403845146
 0.934470257241675
 0.8975665327428293
 0.8068104430361615
 0.8639431816748937
 0
 0
 0.5785862941142949
 0.7788211679388903
 0.6452489020723573
 0.7846306075387108
 0.726147862109647
 0.7281034687663983
 0.7116615390151453
 0.7007388437112529
 0.690285545635591
 0.7197632720205428
 0.7615879133545516
 0.7212920965858294
 0.7727256471987617
 0.7699423235130288
 0.724935798908656
 0.766114985044375
 0.7542067128030574
 0.7859355683747071
 0.7828349977960144
 0.7595415894800011
 0.7891662188238043
 0.7975750293038161
 0.7846878636090615
 0.8095383970516044
 0.7870471020956128
 0.833853655558001
 0.8446364440194105
 0.8411697293710907
 0
 0
 0.3028019396929104
 0.7529669874184216
 0.7373830830759658
 0.7323939338419732
 0.7668240436063332
 0.7627540917313615
 0.6109499845024355
 0.6989896975033735
 0.6215314195905803
 0.6656177767396438
 0.6256732048504819
 0.6686770545937093
 0.6463206904381265
 0.6523009724958059
 0.62790489245098
 0.6660123538624546
 0.6880375348551432
 0.6991386935780648
 0.7225811501694369
 0.7244939638936094
 0.7177701656336355
 0.7498531828892709
 0.7643650899621472
 0.7613293211707459
 0.7629424680237117
 0.7859044033717415
 0.8011674431150457
 0.8015443815674218
 0
 0
 0.8922955146484762
 0.916119954592957
 0.9021779221682713
 0.9129695975311611
 0.9044737071934578
 0.9145835727847355
 0.9174735282767331
 0.9448178890871058
 0.9217273421691491
 0.9307648649623608
 0.9011623167971279
 0.925443840369898
 0.9028921694818072
 0.9186336517579712
 0.9164030308918266
 0.8994552722582841
 0.9228865583569211
 0.9079880686566751
 0.9106101453025403
 0.8965327345951154
 0.9028865333970371
 0.9085672022526663
 0.8974785083369455
 0.9039566243883147
 0.9040012648297273
 0.9049475817556578
 0.9133828479274834
 0.905740007594463
 0
 0
 0.2755379409383154
 0.8033171534457783
 0.6132972376620531
 0.9038545771636193
 0.8464433751342572
 0.7481799441530509
 0.6482344229763164
 0.6939475358163008
 0.6482325375974435
 0.6824612052798593
 0.6543371409986101
 0.6725899176328596
 0.6684687194935838
 0.6840528110809435
 0.6415594275961675
 0.6911066223594373
 0.7256004075851409
 0.7319946721820767
 0.7995248956800316
 0.7942362086355466
 0.7602808992639667
 0.8017099169469057
 0.8224438976233618
 0.8556421455126735
 0.8651964145887363
 0.8490436162999868
 0.8443288052435695
 0.8677682803858887
 0
 0
 0.5785862941142949
 0.802640161385977
 0.690828655947663
 0.7891580413272633
 0.7138938979134111
 0.7438627638941111
 0.7294264718573797
 0.7714799525193925
 0.7204698968117782
 0.7344555241458277
 0.6973726643429142
 0.7567551810637058
 0.7407747824327888
 0.7581082719405871
 0.7027918349964396
 0.7526843244014179
 0.7569511975392433
 0.775488074206412
 0.8545961187546257
 0.7571094814713072
 0.7539991097880449
 0.7789379892316201
 0.762495470869583
 0.8040248105216918
 0.7455121480206786
 0.8181352372639857
 0.7920229194636403
 0.8413314575014524
 0
 0
 0
 0
 0
 0
 0
 0
 0
 0
 0
 0
 0
 0
 0
 0
 0
 0
 0
 0
 0
 0
 0
 0
 0
 0
 0
 0
 0
 0
 0
 0
 0
 0
 0
 0
 0
 0
 0
 0
 0
 0
 0
 0
 0
 0
 0
 0
 0
 0
 0
 0
 0
 0
 0
 0
 0
 0
 0
 0
 0
 0
 0
 0
 0
 0
 0
 0
 0
 0
 0
 0
 0
 0
 0
 0
 0
 0
 0
 0
 0
 0
 0
 0
 0
 0
 0
 0
 0
 0
 0
 0
 0
 0
 0
 0
 0
 0
 0
 0
 0
 0
 0
 0
 0
 0
 0
 0
 0
 0
 0
 0
 0
 0
 0
 0
 0
 0
 0
 0
 0
 0
 0
 0
 0
 0
 0
 0
 0
 0
 0
 0
 0
 0
 0
 0
 0
 0
 0
 0
 0
 0
 0
 0
 0
 0
 0
 0
 0
 0
 0
 0
 0.8975390466440517
 0.9015045417493373
 0.9165926060554511
 0.9414416041644093
 0.9114621070625158
 0.9224910368266706
 0.8955419526721565
 0.9363670008931486
 0.9304577094914824
 0.9292499800449738
 0.9150144738946664
 0.9355432752062677
 0.9233249670508085
 0.901002548514847
 0.9092650671121899
 0.9164993716279487
 0.9077791000481781
 0.8984361661041533
 0.9055401375323339
 0.8989689501667639
 0.8998105029078585
 0.9063548388100319
 0.9108553269449376
 0.9055910318356886
 0.9116798331977609
 0.9050034311852515
 0.897865931797021
 0.90146938348295
 0
 0
 0
 0
 0
 0
 0
 0
 0
 0
 0
 0
 0
 0
 0
 0
 0
 0
 0
 0
 0
 0
 0
 0
 0
 0
 0
 0
 0
 0
 0
 0
 0
 0
 0
 0
 0
 0
 0
 0
 0
 0
 0
 0
 0
 0
 0
 0
 0
 0
 0
 0
 0
 0
 0
 0
 0
 0
 0
 0


