# Created by Octave 3.8.2, Fri Nov 20 20:00:38 2015 CET <dkottke@snake6>
# name: mus
# type: matrix
# ndims: 3
 1 30 19
 0
 0
 0.4974958263772962
 0.4972160356347439
 0.7242339832869094
 0.7374581939799333
 0.7365202890494732
 0.7338169642857143
 0.7336683417085413
 0.7122905027932961
 0.6981913791729742
 0.7041387024608498
 0.706057227796358
 0.7121930803571426
 0.7081232492997198
 0.71484375
 0.7223902894491128
 0.7239057239057237
 0.7250439929611262
 0.7241573033707869
 0.7234733893557421
 0.7182316997131811
 0.7023411371237461
 0.6796171171171171
 0.6760563380281691
 0.6774433296172424
 0.6801346801346798
 0.6777343749999998
 0.6649054505005561
 0.6683615819209041
 0
 0
 1
 1
 0.6
 0.7
 0.8
 0.9
 0.5
 0.8
 0.8
 0.8666666666666666
 0.7
 0.4999999999999999
 0.4
 0.4333333333333333
 0.7166666666666666
 0.7166666666666666
 0.7333333333333333
 0.65
 0.67
 0.46
 0.39
 0.38
 0.5600000000000001
 0.5733333333333334
 0.64
 0.6733333333333333
 0.6799999999999999
 0.6
 0
 0
 1
 1
 0.6967536420580023
 0.7430303963578251
 0.8121420149650266
 0.7181506093085255
 0.7268927894820549
 0.7228812918229159
 0.7743947384449981
 0.7715468512836134
 0.7255189300846453
 0.5911760909391306
 0.6577077269073017
 0.6815988628503009
 0.7442579508657803
 0.7290834777753834
 0.7278385362056849
 0.72722685198363
 0.5924872160827013
 0.6846522642725996
 0.6521455457746261
 0.621863467561597
 0.5659749840869056
 0.6074541008498304
 0.5739532015520538
 0.614323941110525
 0.57181226678459
 0.6008472334049504
 0
 0
 1
 1
 0.7400117696656311
 0.7972697092271663
 0.8865650863467077
 0.8225367252435729
 0.8099330173467474
 0.871363148961421
 0.8940205253577307
 0.8712558002057058
 0.8326035769879953
 0.6878720081429768
 0.7721934659297622
 0.751508139430108
 0.7751463119467059
 0.7963266484882842
 0.7853058423564375
 0.7311889770183629
 0.7457248170326052
 0.6300202116640576
 0.6087150237674659
 0.6271767281424859
 0.6048094007975701
 0.5946127320648097
 0.5438742102525116
 0.5779071393683627
 0.5976440311322583
 0.5756556197546998
 0
 0
 1
 1
 0.8
 0.3333333333333333
 0.5714285714285714
 0.75
 0.4444444444444444
 0.9
 0.8181818181818182
 0.9166666666666666
 0.7692307692307693
 0.5555555555555556
 0.6
 0
 0.5
 1
 0
 1
 0
 1
 1
 1
 0
 1
 0
 0
 0
 1
 0
 0
 1.000000000062637
 1.000000000008309
 0.7000003512431405
 0.5416794634106237
 0.7119055547261559
 0.714285718210844
 0.6324431648201863
 0.9430555669191529
 0.8064394351760087
 0.9431818635042486
 0.7994173424297362
 0.609817143782651
 0.6732461581882123
 0.4863236941158037
 0.6710632353219212
 0.9359536721556573
 0.585247143104483
 0.8445398429786386
 0.5555362989523644
 0.9396005167186512
 0.9394248005050451
 0.7065248946771537
 0.5573068708518693
 0.6324021147561205
 0.3229232864742791
 0.6041691097908953
 0.4166886891691168
 0.5792411755880742
 0
 0
 1
 1.000000000617619
 0.799816291144692
 0.7673383596594292
 0.9367870867442036
 0.8189943039496863
 0.7776248437859666
 0.9124799827096097
 0.8163708666088263
 0.797299104953116
 0.712501515575264
 0.6004276563189814
 0.6950813724617233
 0.7333844751171753
 0.7415415523924411
 0.726892773478063
 0.7338911689664538
 0.693557112730392
 0.7074169931836338
 0.7058487091545309
 0.6572378516154644
 0.6397853153880833
 0.640646641952002
 0.6274630511248869
 0.6152428315755998
 0.6410487626767634
 0.626612028387626
 0.6068924080523647
 0
 0
 1
 1
 0.6909448616158957
 0.7597451622009186
 0.903736194446267
 0.8159156753696715
 0.8380476880870591
 0.8753628050434347
 0.8997357335848958
 0.876444899604982
 0.834226649790442
 0.7296582971900675
 0.7662283640797538
 0.7724908525874925
 0.7820568602902364
 0.8066287357033566
 0.7958024419664734
 0.7466834981462243
 0.7489226803572974
 0.6669543901944329
 0.6268351400836117
 0.613647856499471
 0.5983396644162894
 0.5929328531350975
 0.5615091361051051
 0.5634705786880996
 0.5829440184001471
 0.5907805842279831
 0
 0
 1
 1
 1
 1
 1
 1
 1
 1
 1
 1
 1
 1
 1
 1
 1
 1
 1
 1
 1
 1
 1
 1
 1
 1
 1
 1
 1
 1
 0
 0
 1.000000000004032
 1.000000000013773
 0.6150004724211863
 0.6009225645192658
 0.8035371549807222
 0.6899030720164433
 0.7373209787514422
 0.9482835085321127
 0.8846817522031698
 0.9176181695167916
 0.7398279136571779
 0.6486830433028307
 0.7717494197806172
 0.7073254488154616
 0.7373809172290019
 0.7346969377107906
 0.7452365270633665
 0.7232863497262126
 0.6904327553723583
 0.7808219143995228
 0.7398125092057685
 0.6664087391741026
 0.6729975854324733
 0.4142689865922958
 0.1646852500666133
 0.7480072996960417
 0.5840846197221835
 0.2904364684736709
 0
 0
 1
 1.000000000000204
 0.6966326495178115
 0.7691241780933147
 0.8520693816909479
 0.7475790081486706
 0.8437488660515898
 0.820494245525486
 0.9725610402836009
 0.7683620950353119
 0.7191021751173867
 0.6396375716770918
 0.6083696008005353
 0.7496361006603866
 0.8381387566480337
 0.8110728705816744
 0.7956662513555658
 0.6452319231828803
 0.8456521082193129
 0.7365354637619678
 0.7182467739036058
 0.6003531722756815
 0.6640685721262138
 0.5938625564258637
 0.7072853490604698
 0.6589775021271123
 0.6296722228997785
 0.667915711708743
 0
 0
 0
 0
 0
 0
 0
 0
 0
 0
 0
 0
 0
 0
 0
 0
 0
 0
 0
 0
 0
 0
 0
 0
 0
 0
 0
 0
 0
 0
 0
 0
 0
 0
 0
 0
 0
 0
 0
 0
 0
 0
 0
 0
 0
 0
 0
 0
 0
 0
 0
 0
 0
 0
 0
 0
 0
 0
 0
 0
 0
 0
 0
 0
 0
 0
 0
 0
 0
 0
 0
 0
 0
 0
 0
 0
 0
 0
 0
 0
 0
 0
 0
 0
 0
 0
 0
 0
 0
 0
 0
 0
 0
 0
 0
 0
 0
 0
 0
 0
 0
 0
 0
 0
 0
 0
 0
 0
 0
 0
 0
 0
 0
 0
 0
 0
 0
 0
 0
 0
 0
 0
 0
 0
 0
 0
 0
 0
 0
 0
 0
 0
 0
 0
 0
 0
 0
 0
 0
 0
 0
 0
 0
 0
 0
 0
 0
 0
 0
 0
 0
 0
 1
 1
 1
 1
 1
 1
 1
 1
 1
 1
 1
 1
 1
 1
 1
 1
 1
 1
 1
 1
 1
 1
 1
 1
 1
 1
 1
 1
 0
 0
 0
 0
 0
 0
 0
 0
 0
 0
 0
 0
 0
 0
 0
 0
 0
 0
 0
 0
 0
 0
 0
 0
 0
 0
 0
 0
 0
 0
 0
 0
 0
 0
 0
 0
 0
 0
 0
 0
 0
 0
 0
 0
 0
 0
 0
 0
 0
 0
 0
 0
 0
 0
 0
 0
 0
 0
 0
 0


