# Created by Octave 3.8.2, Fri Nov 20 20:55:16 2015 CET <dkottke@mudflap>
# name: mus
# type: matrix
# ndims: 3
 1 30 19
 0
 0
 0.8588137009189646
 0.9172240802675585
 0.9397489539748961
 0.9346733668341712
 0.9381787802840436
 0.9194630872483222
 0.9423558897243099
 0.921008403361345
 0.9416180150125096
 0.9461279461279467
 0.947324414715718
 0.9495798319327735
 0.9502109704641344
 0.9543918918918919
 0.9478991596638651
 0.9562289562289558
 0.9540517961570587
 0.9262711864406779
 0.8705096073517123
 0.7627665544332209
 0.8545150501672242
 0.7976190476190478
 0.82468085106383
 0.7826086956521741
 0.7906144781144779
 0.7704081632653063
 0.7544919336340699
 0.7700854700854701
 0
 0
 0.3333333333333333
 0.75
 0.4
 0.5
 0.7
 0.8
 0.6
 0.6
 0.7333333333333333
 0.5666666666666667
 0.8
 0.8333333333333334
 0.8666666666666666
 0.7
 0.5499999999999999
 0.7333333333333333
 0.7
 0.65
 0.75
 0.6399999999999999
 0.6799999999999999
 0.5700000000000001
 0.68
 0.6666666666666666
 0.7133333333333333
 0.7466666666666667
 0.72
 0.7666666666666667
 0
 0
 0.5033338466347047
 0.8060539194503289
 0.7322674885552498
 0.7401411856312486
 0.7987749554395758
 0.5955765251091488
 0.6774895108017562
 0.5783082805627233
 0.6643439832620358
 0.6096667819289305
 0.647439022036069
 0.6766262344097606
 0.5562623873419447
 0.6337955045553012
 0.6465127568439385
 0.5563768644707193
 0.6734256157874982
 0.6567544513250479
 0.67464063598109
 0.6431313734222232
 0.6723692490090479
 0.6609901282020423
 0.6828830480708313
 0.6902601502650598
 0.7053977956036217
 0.7189382014852099
 0.6845491023301759
 0.6608885854514914
 0
 0
 0.5277902766627189
 0.7867152786925022
 0.5561215439429792
 0.6259767249827412
 0.7840735927424126
 0.6574887092683753
 0.5087647925325537
 0.72339857800515
 0.6350890250675376
 0.5342765610691955
 0.6595770230176441
 0.7047549489560021
 0.7442154510208326
 0.6965351852992484
 0.7610149230949715
 0.7049753030838867
 0.6900899843895345
 0.6267878761140998
 0.6976564000373551
 0.6402325959783141
 0.6872448915890408
 0.7060199719829986
 0.7435226966893407
 0.7877329514173113
 0.7326427557742844
 0.7325020190282239
 0.7334385998726538
 0.7264575669733701
 0
 0
 0.3333333333333333
 1
 0.6
 0.1666666666666667
 0.5714285714285714
 1
 0.3333333333333333
 0.9
 0.6363636363636364
 0.4166666666666667
 0.6153846153846154
 0.6666666666666666
 0.8
 0.6666666666666666
 1
 1
 1
 1
 1
 0
 1
 0
 0
 1
 1
 1
 1
 1
 0
 0
 0.4000299970132796
 1.095250000747385
 0.7500000269419052
 0.4083437543687867
 0.6035714299766713
 0.9321445810391396
 0.4647828743535874
 0.8174271576380063
 0.7250000050818304
 0.4563136349366589
 0.695571145869828
 0.6317111017279446
 0.805941510578543
 0.5980848818454131
 0.849350884504488
 0.8609145490580081
 0.8404793239804972
 0.8498442592071997
 0.7169352203891931
 0.3715435980474027
 0.8914755880642815
 0.6012070830393971
 0.6198152916122123
 0.7868787536104838
 0.83051530243723
 0.8750013822939106
 0.8495130782380022
 0.5050960190901665
 0
 0
 0.3678794411714423
 0.6493484273948242
 0.6744001763797616
 0.6800255913564712
 0.6990766934182454
 0.7326851674750479
 0.6501165566682118
 0.6649722975440243
 0.6991408079187885
 0.6676057521712663
 0.6537371574791813
 0.8075342023371676
 0.70984219466623
 0.7629667422654927
 0.7797254403517564
 0.7006949894655941
 0.6943209121525482
 0.6729262262567801
 0.6962951817120715
 0.6901739554744776
 0.6930204649443955
 0.7118837758887556
 0.7173976769845175
 0.7783848925719984
 0.7846427660395048
 0.7234636189096704
 0.7215262339699278
 0.7455166512814416
 0
 0
 0.5277902765312764
 0.7281645003108158
 0.6481316545616476
 0.6406974125251874
 0.7319794467024187
 0.6427199000275442
 0.5764267615956727
 0.6722101793247093
 0.6594539574386741
 0.5306571046308939
 0.6816156836582152
 0.6696176833069954
 0.7073744783586851
 0.6452164426824635
 0.7247963194394
 0.6665543374565523
 0.6882742815959898
 0.6211480221307552
 0.6894964672413409
 0.6184386015269214
 0.6601650300112217
 0.6784139650413296
 0.7337268596762213
 0.7498555746931576
 0.7277136854199937
 0.7381671642102298
 0.7177735241597057
 0.7174439355196488
 0
 0
 1
 1
 1
 1
 1
 1
 1
 1
 1
 1
 1
 1
 1
 1
 1
 1
 1
 1
 1
 1
 1
 1
 1
 1
 1
 1
 1
 1
 0
 0
 0.4000299970285878
 0.9386162280428946
 0.8123076925282562
 0.5820379974796652
 0.7873023522067737
 0.5880518149908867
 0.607744421619274
 0.5587654073446154
 0.5669518157694118
 0.4903429996200973
 0.7495114811588264
 0.5781333045422496
 0.61355278991622
 0.5820562341243305
 0.6983067299245159
 0.7724448326848665
 0.7489994552745396
 0.6659859895698846
 0.6918030982512128
 0.5629080238717648
 0.5898754417481185
 0.6963020476983741
 0.8079306536055966
 0.6665912807465322
 0.6027806383832728
 0.8815137852431565
 0.7404842698233927
 0.4963183146097318
 0
 0
 0.3678794411714423
 0.6626530369990427
 0.6712396726386554
 0.6651040034397413
 0.6905815257766001
 0.8249065922101149
 0.6928028410075942
 0.6883610909833433
 0.7040656289410401
 0.6431033761924172
 0.6983609911810426
 0.8333143446954998
 0.7312801058765889
 0.7662550135216595
 0.7491754748276523
 0.7865492547592942
 0.6722015551259792
 0.7008337497820248
 0.8555927285306374
 0.824601776937314
 0.7959744235799151
 0.8381893931097875
 0.7143045285493975
 0.7264947284220105
 0.7535234689153611
 0.7911022767728457
 0.7382641167192656
 0.7687736896708616
 0
 0
 0
 0
 0
 0
 0
 0
 0
 0
 0
 0
 0
 0
 0
 0
 0
 0
 0
 0
 0
 0
 0
 0
 0
 0
 0
 0
 0
 0
 0
 0
 0
 0
 0
 0
 0
 0
 0
 0
 0
 0
 0
 0
 0
 0
 0
 0
 0
 0
 0
 0
 0
 0
 0
 0
 0
 0
 0
 0
 0
 0
 0
 0
 0
 0
 0
 0
 0
 0
 0
 0
 0
 0
 0
 0
 0
 0
 0
 0
 0
 0
 0
 0
 0
 0
 0
 0
 0
 0
 0
 0
 0
 0
 0
 0
 0
 0
 0
 0
 0
 0
 0
 0
 0
 0
 0
 0
 0
 0
 0
 0
 0
 0
 0
 0
 0
 0
 0
 0
 0
 0
 0
 0
 0
 0
 0
 0
 0
 0
 0
 0
 0
 0
 0
 0
 0
 0
 0
 0
 0
 0
 0
 0
 0
 0
 0
 0
 0
 0
 0
 0
 1
 1
 1
 1
 1
 1
 1
 1
 1
 1
 1
 1
 1
 1
 1
 1
 1
 1
 1
 1
 1
 1
 1
 1
 1
 1
 1
 1
 0
 0
 0
 0
 0
 0
 0
 0
 0
 0
 0
 0
 0
 0
 0
 0
 0
 0
 0
 0
 0
 0
 0
 0
 0
 0
 0
 0
 0
 0
 0
 0
 0
 0
 0
 0
 0
 0
 0
 0
 0
 0
 0
 0
 0
 0
 0
 0
 0
 0
 0
 0
 0
 0
 0
 0
 0
 0
 0
 0


