# Created by Octave 3.8.2, Fri Nov 20 20:30:43 2015 CET <dkottke@snake2>
# name: mus
# type: matrix
# ndims: 3
 1 30 19
 0
 0
 0.7156371730662228
 0.7126948775055679
 0.7047353760445692
 0.7224080267558525
 0.6114508060033356
 0.6395089285714286
 0.6527079843662754
 0.653072625698324
 0.6627360369691662
 0.6621923937360179
 0.659234485321442
 0.6609933035714283
 0.6610644257703077
 0.6657366071428571
 0.6635667600373483
 0.6711560044893381
 0.676451767717165
 0.6758426966292134
 0.6776470588235294
 0.6856840004988152
 0.6934225195094762
 0.7043918918918917
 0.7098591549295776
 0.7069862504645114
 0.7062289562289563
 0.7036830357142858
 0.7043937708565073
 0.6960451977401132
 0
 0
 0.6666666666666666
 0.5
 0.8
 0.7
 0.5
 0.6
 0.6
 0.7
 0.6333333333333333
 0.5666666666666667
 0.4333333333333333
 0.5666666666666667
 0.6666666666666666
 0.6833333333333333
 0.7333333333333333
 0.6666666666666667
 0.6166666666666667
 0.65
 0.6900000000000001
 0.67
 0.7
 0.65
 0.64
 0.66
 0.6266666666666667
 0.64
 0.66
 0.6666666666666666
 0
 0
 0.7471517764685769
 0.599153048461367
 0.6168140421353976
 0.8064574592334797
 0.6334925832335152
 0.7180233945575748
 0.5754650401887789
 0.7024427270874593
 0.6672171305638891
 0.5744693038751796
 0.4744121734499716
 0.5068211144111761
 0.6399799161097302
 0.6273864154111122
 0.6553432502916088
 0.6088768197909175
 0.6004999506030257
 0.6017871000480329
 0.6433687700298548
 0.6037051899410562
 0.6696161685147866
 0.6402091991737712
 0.6435298168327923
 0.6711654252252544
 0.645448614827856
 0.6684977185311795
 0.6825564133540372
 0.6358916934303883
 0
 0
 0.885060540812554
 0.489303279324875
 0.5998624459277209
 0.6305798330707713
 0.546989155475161
 0.5905487727477281
 0.5881548380944809
 0.6381552581890894
 0.6125202515251933
 0.562502114805737
 0.4992400361911573
 0.555231268166465
 0.5962856617108065
 0.6223502593879358
 0.639194995066762
 0.6130745019309771
 0.5898892618045164
 0.6168679005898557
 0.623142957429154
 0.6388899631378595
 0.6487628051606159
 0.6305740887923543
 0.618184320436702
 0.6296948169817597
 0.6160777643724683
 0.6311315550492141
 0.6439365658410772
 0.62435879885392
 0
 0
 0.3333333333333333
 0.75
 0.4
 1
 0.7142857142857143
 0.5
 0.7777777777777778
 0.6
 0.4545454545454545
 0.5833333333333334
 0.3076923076923077
 0.4444444444444444
 0.6
 0.6666666666666666
 1
 1
 1
 1
 1
 1
 1
 0
 1
 0
 0
 1
 1
 1
 0
 0
 0.4166639470592275
 0.6326100011237397
 0.5325443755367892
 0.6849722248636054
 0.5242862396324991
 0.5512991061801338
 0.5954130120280082
 0.6978042859908707
 0.6186093294449557
 0.5565727252637577
 0.4803875790199375
 0.535256048926123
 0.5775543566724686
 0.5944731240904657
 0.7235880025759883
 0.6332465193983534
 0.6172577281433953
 0.6644561394128862
 0.6380427725336528
 0.6102567819703246
 0.6230379844835162
 0.6067069821026794
 0.645819515295831
 0.630926877284451
 0.6111239556627556
 0.6766228837473731
 0.6983511743877211
 0.6608507326822742
 0
 0
 0.3678794411714423
 0.5854834261017376
 0.6507301606025134
 0.647319933212946
 0.6306702384717107
 0.6949473870167492
 0.7454920026370739
 0.6851035191374367
 0.7340339738085899
 0.6435727468530165
 0.6019161770469161
 0.6645648343724474
 0.6174249432212184
 0.6822179638705853
 0.6754703163122514
 0.6334489710502653
 0.6633064043870811
 0.6602073368524293
 0.6195166910277334
 0.6872822418680292
 0.6539150502615836
 0.6834283168200317
 0.6913640342381313
 0.713586878071813
 0.6416970275580571
 0.6700958388170796
 0.6893386743356389
 0.6825656423960877
 0
 0
 0.8838480194840936
 0.4552903573905194
 0.5630673633849291
 0.6294603308311535
 0.5225449428432205
 0.6263023779033263
 0.6063185216546676
 0.6447159057302047
 0.6543620110555499
 0.5695132109150888
 0.5135535023516742
 0.5579483998487165
 0.6124829072647473
 0.6361063870344617
 0.6531334326781472
 0.6226840018828425
 0.5926879751540906
 0.6100824253823286
 0.6341432164479504
 0.6410879896513513
 0.6618061024236924
 0.6434767921116441
 0.620739468275622
 0.6356655938649994
 0.6129329001563197
 0.6331096981997449
 0.6461868700974804
 0.6263760934152037
 0
 0
 0.999625590962635
 0.9999986845433968
 0.9999999999998269
 0.999999999999967
 1
 0.9999999999999926
 0.9999999999999997
 0.9999999999999994
 0.999999998432004
 0.9987978937774579
 0.9932397832631062
 0.9867338548130774
 0.9783910412789593
 0.9762360686027113
 0.9719563004924918
 0.9609084229018373
 0.9624018129619699
 0.9676019496494119
 0.962430165046657
 0.9682364087457642
 0.9635583406725728
 0.9572439980509145
 0.9659854336412388
 0.9606621164763248
 0.9376036275912256
 0.9462912029782788
 0.9581894035668497
 0.9454170145155086
 0
 0
 0.4166604010281033
 0.4972111988807761
 0.5577636847700368
 0.5688356840522806
 0.5410607514988265
 0.5574180328117728
 0.5631136061986967
 0.6509720867811921
 0.6302366284344486
 0.5709436188476436
 0.4984263526562023
 0.5359083328021964
 0.5751983308192468
 0.6161437299108381
 0.6158091043203306
 0.6626578373058967
 0.5762531051731734
 0.6164761943823812
 0.6091835175748718
 0.6207654802985204
 0.6358117912908535
 0.6259063368581889
 0.6074684678231381
 0.6936584443989675
 0.6022303349724942
 0.6406254970431544
 0.6346703558347624
 0.6478387665414057
 0
 0
 0.3678794411714423
 0.583963553508006
 0.6558212136219237
 0.6142349541172115
 0.6360987722847665
 0.7503109057214623
 0.7983330365273973
 0.6771437249819071
 0.6957964349635846
 0.6091348814088577
 0.580121513361666
 0.632186752842839
 0.6423235700977027
 0.657861395339649
 0.7509003999827665
 0.6126712779522108
 0.6240436092981888
 0.6353098803514761
 0.6379822139144455
 0.6554178593871984
 0.6439298083088949
 0.6366790143301684
 0.6416554252380036
 0.679773650865375
 0.6459933480274928
 0.6842801635425293
 0.7150684873294396
 0.6767752649750788
 0
 0
 0
 0
 0
 0
 0
 0
 0
 0
 0
 0
 0
 0
 0
 0
 0
 0
 0
 0
 0
 0
 0
 0
 0
 0
 0
 0
 0
 0
 0
 0
 0
 0
 0
 0
 0
 0
 0
 0
 0
 0
 0
 0
 0
 0
 0
 0
 0
 0
 0
 0
 0
 0
 0
 0
 0
 0
 0
 0
 0
 0
 0
 0
 0
 0
 0
 0
 0
 0
 0
 0
 0
 0
 0
 0
 0
 0
 0
 0
 0
 0
 0
 0
 0
 0
 0
 0
 0
 0
 0
 0
 0
 0
 0
 0
 0
 0
 0
 0
 0
 0
 0
 0
 0
 0
 0
 0
 0
 0
 0
 0
 0
 0
 0
 0
 0
 0
 0
 0
 0
 0
 0
 0
 0
 0
 0
 0
 0
 0
 0
 0
 0
 0
 0
 0
 0
 0
 0
 0
 0
 0
 0
 0
 0
 0
 0
 0
 0
 0
 0
 0
 0.9999723166063228
 0.9999999828778762
 0.9999999999831114
 1
 0.9999999999983844
 0.9998786697218274
 0.9926530760525516
 0.9999982509366609
 0.9999999796195191
 0.9995775476141701
 0.995371698998731
 0.9856215899408116
 0.9746757410873987
 0.9806133272951522
 0.9624374602037031
 0.9746152835002821
 0.9641597920578917
 0.9703214226803886
 0.9597991869069326
 0.961693128747074
 0.9644124294365513
 0.9450385641452567
 0.9605621954852362
 0.9614463172316959
 0.9558238609200436
 0.9484511993973704
 0.9503631891227498
 0.9409043194945559
 0
 0
 0
 0
 0
 0
 0
 0
 0
 0
 0
 0
 0
 0
 0
 0
 0
 0
 0
 0
 0
 0
 0
 0
 0
 0
 0
 0
 0
 0
 0
 0
 0
 0
 0
 0
 0
 0
 0
 0
 0
 0
 0
 0
 0
 0
 0
 0
 0
 0
 0
 0
 0
 0
 0
 0
 0
 0
 0
 0


