# Created by Octave 3.8.2, Sun Nov 15 20:27:55 2015 CET <dkottke@snake7>
# name: mus
# type: matrix
# ndims: 3
 1 30 19
 0
 0
 0.6618357487922703
 0.9230769230769231
 0.9024390243902437
 0.9656862745098038
 0.9802955665024631
 0.8798076923076923
 0.9613526570048311
 0.96
 0.9617224880382773
 0.9656862745098038
 0.966346153846154
 0.9693877551020409
 0.9692307692307692
 0.9711538461538461
 0.9705882352941178
 0.9696969696969696
 0.971291866028708
 0.9650000000000001
 0.9629629629629631
 0.9646464646464646
 0.966183574879227
 0.9704861111111112
 0.975
 0.9759615384615384
 0.9841269841269842
 0.9897959183673469
 0.9852216748768473
 0.9833333333333334
 0
 0
 1
 0.5
 0.8
 0.8
 0.9
 1
 0.9
 0.8
 0.9333333333333332
 0.9333333333333332
 1
 0.9333333333333332
 0.9333333333333332
 0.95
 0.8833333333333332
 0.9
 0.8833333333333332
 1
 1
 0.8800000000000001
 0.95
 0.96
 0.96
 0.96
 0.8533333333333335
 0.82
 0.8266666666666668
 0.8666666666666666
 0
 0
 1
 0.7251649744223663
 0.9142579197660098
 0.6925962599475318
 0.7755972016158621
 0.8885360747932309
 0.8181339523216676
 0.8212878722684976
 0.8693617511754315
 0.8894834258693954
 0.8582104985735148
 0.9036919177156204
 0.9284198719574138
 0.938056526993348
 0.9246465479314602
 0.8935687866179332
 0.9324684536318157
 0.9202173551821384
 0.9456075309617522
 0.9266226322900609
 0.931100227314005
 0.9466230416560509
 0.9635500499031733
 0.9364569923464878
 0.8677490316620838
 0.8780077357231231
 0.8932544311192072
 0.9097985096317477
 0
 0
 0.9999999999762221
 0.6159872885691895
 0.6614420415054457
 0.7353833520670177
 0.7296034886390752
 0.7996921426519497
 0.7544217678864078
 0.7533269102499915
 0.7694403675614226
 0.798993629413046
 0.8095298790510923
 0.8203958573533435
 0.8336935287466706
 0.8449190766259588
 0.825399098569656
 0.8268481227587632
 0.8537619498353179
 0.8408209538957915
 0.8469930739639315
 0.8566349587131017
 0.8669367550028469
 0.8780532573444922
 0.8731984601585969
 0.8797779624372477
 0.8188152235570526
 0.8208907683672149
 0.8236391034825377
 0.8354571863521565
 0
 0
 0.9999999999757878
 0.6541872175099459
 0.6970254649753549
 0.7191037041898576
 0.7298890771793853
 0.8103336548341311
 0.7005024273612451
 0.7351284951598488
 0.7780548096121008
 0.794395989170175
 0.8044619739115483
 0.8190685565702154
 0.8248928775733607
 0.8399598005093939
 0.8255284516070905
 0.8280807654850327
 0.8508780827260348
 0.8403237803042685
 0.8523322008310623
 0.8576042146402583
 0.868755250185294
 0.8789031492999591
 0.8722328091586875
 0.8781527168100073
 0.8165886007809857
 0.8168962670374541
 0.8209129905035278
 0.8347787539239745
 0
 0
 0.9999999999531941
 0.8770756482378894
 0.7837460796784319
 0.7594389736356845
 0.8038166745842994
 0.7936684058925868
 0.7282673087391706
 0.8934391758739604
 0.9145851248356073
 0.8223495274768426
 0.828011806406255
 0.8051265114886361
 0.810810965176018
 0.8208455466171172
 0.9148728510608709
 0.9206240871964793
 0.850652563555804
 0.8189185923393664
 0.846731604794177
 0.8323605573111339
 0.8397041352079975
 0.8780129644808417
 0.8672835411903747
 0.8486598863350807
 0.8405082651011362
 0.864585924090662
 0.8289381545610005
 0.8243993711648555
 0
 0
 1
 0.968064589475819
 0.8586809249213472
 0.7699850138173038
 0.7623205661857884
 0.8271416544472163
 0.7820158209661102
 0.8253678499086619
 0.7996764693296484
 0.8572950703241334
 0.915899797067887
 0.8411327193478958
 0.8478228650617124
 0.8265891257118795
 0.8643669828441126
 0.88716533200256
 0.8152789501544421
 0.8589906771157584
 0.8760941410629843
 0.828629903169333
 0.8876516944538421
 0.9306687907058571
 0.8747214345205221
 0.9078859949614094
 0.8693591143252574
 0.9011437038295671
 0.8348343182996425
 0.8725630554103367
 0
 0
 0.9999999999769597
 0.6495602519725706
 0.6373247676843683
 0.7357775860974439
 0.676536364614616
 0.801600066812014
 0.7804094876497265
 0.7793725486314449
 0.7985580657424068
 0.8185457208224836
 0.8342414948634426
 0.846132025496802
 0.8742088637586123
 0.8901127925905059
 0.8608740980192432
 0.8656042938963241
 0.8788671551728892
 0.8524181255911242
 0.866748273403572
 0.8717064455770773
 0.8874006703657196
 0.9041694532024697
 0.9009499894522318
 0.9086352135714403
 0.8467345105483526
 0.8534575505264342
 0.858218690139979
 0.8763460479473193
 0
 0
 0.9999999999792026
 0.7270083522068792
 0.7037109057663181
 0.7336082145130377
 0.6675443511092506
 0.8227591746846644
 0.7583818702829133
 0.7637805098958714
 0.7873356928554988
 0.8345108621189289
 0.8168124564142748
 0.8523692347869849
 0.8726773805938649
 0.8851037227981311
 0.8459024652024965
 0.8618663964221589
 0.8730184395782402
 0.8603949317804426
 0.8729526924305724
 0.8721062140735903
 0.8839701356892584
 0.9033840661951262
 0.8976511916308558
 0.9086599558525007
 0.8452697978870085
 0.8538135051163185
 0.8581530175703916
 0.8790409618175026
 0
 0
 0.9999999999545695
 0.8006764595989708
 0.719213076237339
 0.8071520068220602
 0.6913471573582318
 0.7967363562635789
 0.7433328039306264
 0.8744051142726593
 0.7872243688703982
 0.8090574746518563
 0.8375946677202074
 0.8215564440732892
 0.90874410219346
 0.8689157887312702
 0.859015813946247
 0.8511324250044349
 0.8644402368884782
 0.8515926371956429
 0.848158735752929
 0.8732637977690416
 0.8747555799083374
 0.9155117355226235
 0.9001769102986377
 0.9096929095137068
 0.8382589771466556
 0.8452401456567279
 0.9032271968957409
 0.8738140269535751
 0
 0
 1
 0.9567620260223013
 0.937848374587804
 0.8978085011959489
 0.7982281475462063
 0.8447706973883531
 0.801079118537913
 0.7987942439866919
 0.7838756826244113
 0.8154900479650452
 0.8008349150326729
 0.8256814045563503
 0.8224072636667848
 0.8324893735935791
 0.8371980932118845
 0.8555575085382856
 0.8598616853750545
 0.8541567090931805
 0.8759871647618078
 0.8776352001166057
 0.9479401739326819
 0.8943054103942023
 0.8981086757469197
 0.9167090693534417
 0.8699895822981762
 0.8720092393613014
 0.8677822543815863
 0.8917183062882806
 0
 0
 0
 0
 0
 0
 0
 0
 0
 0
 0
 0
 0
 0
 0
 0
 0
 0
 0
 0
 0
 0
 0
 0
 0
 0
 0
 0
 0
 0
 0
 0
 0
 0
 0
 0
 0
 0
 0
 0
 0
 0
 0
 0
 0
 0
 0
 0
 0
 0
 0
 0
 0
 0
 0
 0
 0
 0
 0
 0
 0
 0
 0
 0
 0
 0
 0
 0
 0
 0
 0
 0
 0
 0
 0
 0
 0
 0
 0
 0
 0
 0
 0
 0
 0
 0
 0
 0
 0
 0
 0
 0
 0
 0
 0
 0
 0
 0
 0
 0
 0
 0
 0
 0
 0
 0
 0
 0
 0
 0
 0
 0
 0
 0
 0
 0
 0
 0
 0
 0
 0
 0
 0
 0
 0
 0
 0
 0
 0
 0
 0
 0
 0
 0
 0
 0
 0
 0
 0
 0
 0
 0
 0
 0
 0
 0
 0
 0
 0
 0
 0
 0
 0.9877838061924678
 0.6791774833078461
 0.6968747541311415
 0.7143636888127343
 0.6759838886602906
 0.8128410033669903
 0.7534784699109177
 0.7487328543679531
 0.785931699968822
 0.8442737014555556
 0.8171671565803463
 0.853095246767826
 0.8668874191501432
 0.8817884658938635
 0.8493663197423874
 0.8631021224872082
 0.8723947686018361
 0.8593912713168188
 0.8713363103802806
 0.8712797049485004
 0.883975066076944
 0.9028107465850136
 0.8946301452076614
 0.9088238002185046
 0.8432880656498085
 0.8501537333944322
 0.8578762381460094
 0.8766217889122281
 0
 0
 0
 0
 0
 0
 0
 0
 0
 0
 0
 0
 0
 0
 0
 0
 0
 0
 0
 0
 0
 0
 0
 0
 0
 0
 0
 0
 0
 0
 0
 0
 0
 0
 0
 0
 0
 0
 0
 0
 0
 0
 0
 0
 0
 0
 0
 0
 0
 0
 0
 0
 0
 0
 0
 0
 0
 0
 0
 0


