# Created by Octave 3.8.2, Fri Nov 20 22:59:27 2015 CET <dkottke@snake6>
# name: mus
# type: matrix
# ndims: 3
 1 30 19
 0
 0
 0.6618357487922706
 0.6586538461538461
 0.6585365853658539
 0.6568627450980393
 0.6551724137931035
 0.6634615384615384
 0.9468599033816427
 0.9450000000000001
 0.6363636363636364
 0.6764705882352942
 0.6562500000000001
 0.6632653061224489
 0.9487179487179488
 0.9519230769230769
 0.9509803921568628
 0.9343434343434344
 0.8516746411483254
 0.9350000000000002
 0.9417989417989419
 0.9444444444444444
 0.9468599033816424
 0.9427083333333334
 0.95
 0.951923076923077
 0.9470899470899471
 0.9438775510204083
 0.9507389162561576
 0.9611111111111111
 0
 0
 1
 1
 1
 1
 1
 1
 0.9
 0.9
 1
 1
 1
 0.8666666666666668
 0.8666666666666666
 0.8833333333333334
 0.8666666666666666
 0.9
 0.95
 0.95
 0.95
 0.96
 0.95
 0.96
 0.96
 0.96
 0.96
 0.9666666666666666
 0.9666666666666666
 0.9333333333333333
 0
 0
 1
 1
 1
 1
 1
 1
 0.9121352423228305
 0.8872718336755739
 0.971343867999772
 0.9708171008674149
 0.9568050951467152
 0.9685745779325231
 0.932603908037279
 0.914889489271078
 0.9551929989615774
 0.9525909580878582
 0.9130281515428617
 0.9382510311150698
 0.9753991938607475
 0.9785531576166403
 0.9429246120158483
 0.9528489140661108
 0.9595878018309488
 0.9660823754496355
 0.955439251052152
 0.97690069622544
 0.9719305349116611
 0.9875086332692724
 0
 0
 0.9999999999840244
 0.9999999999195328
 0.9999999998245879
 0.9999999999505942
 0.9999999999750866
 0.9999999999613748
 0.8522153058654105
 0.863904129731235
 0.9055273434359332
 0.9084574839454541
 0.9141598819630641
 0.9192246363375127
 0.8847836082550257
 0.8930935540753224
 0.8994370895928886
 0.910884600557022
 0.9143579099229089
 0.9141460323158497
 0.9216702995276798
 0.9277324478683175
 0.9294787524272402
 0.9307832123618163
 0.9204791912241054
 0.9312621210488362
 0.9321559707548936
 0.9445301393202444
 0.9484085090821527
 0.9469616539599864
 0
 0
 1
 1
 1
 1
 1
 1
 0.8888888888888888
 0.7
 1
 1
 1
 1
 0.8
 0.3333333333333333
 0.5
 1
 1
 1
 1
 1
 1
 1
 1
 1
 1
 1
 1
 1
 0
 0
 0.9999999999434418
 0.9999999996988099
 0.999999999696728
 0.9999999999996848
 0.999999999983625
 0.9999999999751552
 0.8393370230949618
 0.8329779835515113
 0.8646661090669756
 0.8463275193057136
 0.940099062062101
 0.8846330950636964
 0.8693449710907964
 0.8640309453102428
 0.8715653596152156
 0.9156054419744285
 0.8871643601127325
 0.9619662487208374
 0.8989716553708266
 0.9252784954624135
 0.9157505778703618
 0.9330724887982993
 0.9133966888285933
 0.9640307014743774
 0.9110708218742815
 0.9937678040284293
 0.9260240159519856
 0.9464906757058321
 0
 0
 1
 0.9999999999746112
 0.9999999999997561
 0.9999999999512178
 0.9999999999870319
 0.9999999999899467
 0.8799503419012387
 0.9153703202686021
 0.8602132237115802
 0.8879171392634244
 0.8991854963228484
 0.9148577769003269
 0.8659969561392015
 0.9259281935916193
 0.9041613615124883
 0.9173387119481801
 0.947729475241849
 0.9011349811150378
 0.9843704604585901
 0.8915568788059007
 0.9256855537607379
 0.9009848166500477
 0.9284792375170279
 0.9680842162398198
 0.9023950809096406
 0.9491423382023256
 0.9218328758469474
 0.9602357612494142
 0
 0
 0.9999999999799348
 0.9999999999718715
 0.9999999999712196
 0.9999999999956253
 0.9999999999942953
 0.9999999999998163
 0.819738510588894
 0.8412762988631252
 0.8799421692378675
 0.8961981127032757
 0.9113046092932366
 0.9229495830329577
 0.9217086265255064
 0.9180790794269651
 0.928391757418815
 0.9290849247800134
 0.9331156116763922
 0.9227746199590428
 0.9251008761647471
 0.9346751636653109
 0.9355777969926214
 0.9388216060238225
 0.9210051265709194
 0.9384670547771324
 0.9387072284998137
 0.9523363326548796
 0.9566484685451974
 0.9583441929503227
 0
 0
 0.9998852585281897
 0.9999974816923746
 0.9999999999995371
 0.999999927379235
 1
 0.9999999998239874
 1
 1
 1
 0.9953325067289636
 0.9962887133517954
 0.9864810488919138
 0.9854996560673495
 0.9789777307185882
 0.9761489521815135
 0.9719814948053195
 0.9671707346150785
 0.9664049482059671
 0.9633550287454589
 0.9637586195624704
 0.9644361941993542
 0.9484894057478486
 0.9701336555757775
 0.9536491802271885
 0.9545986628542249
 0.9541759311091793
 0.9516216539981291
 0.9393685124857771
 0
 0
 0.99999999993635
 0.9999999999291478
 0.9999999998778929
 0.999999999999994
 0.9999999999972261
 0.9999999999999858
 0.8434531821203579
 0.8330397504671107
 0.8686463397833263
 0.9791317591906196
 0.983029363586774
 0.9116168428047937
 0.9025287000555132
 0.9361827606370803
 0.9694116397107458
 0.9556336151764889
 0.9322021656778373
 0.9291598384203442
 0.9536894534181505
 0.9347746862228464
 0.9389901859705984
 0.9367345456976852
 0.9379065040967243
 0.9360914198410882
 0.9394249016906208
 0.9617896517568706
 0.9903023637542481
 0.9863071862359277
 0
 0
 1
 1
 0.9999999999999271
 0.9999999999999919
 0.9999999999999371
 0.9999999999999988
 0.8780330878884653
 0.8922258951297372
 0.8272732412307703
 0.8369163188859449
 0.8585082468177782
 0.8780009845133065
 0.8534891428318625
 0.9055238052740112
 0.8856289982798422
 0.9037299679988131
 0.9138994889485972
 0.9130710070478556
 0.985638305343309
 0.9338347447868302
 0.9330389485517681
 0.9829105883791366
 0.9365513121624239
 0.9611571081185626
 0.9311559467607321
 0.943214874636026
 0.9496995494121313
 0.932944988417557
 0
 0
 0
 0
 0
 0
 0
 0
 0
 0
 0
 0
 0
 0
 0
 0
 0
 0
 0
 0
 0
 0
 0
 0
 0
 0
 0
 0
 0
 0
 0
 0
 0
 0
 0
 0
 0
 0
 0
 0
 0
 0
 0
 0
 0
 0
 0
 0
 0
 0
 0
 0
 0
 0
 0
 0
 0
 0
 0
 0
 0
 0
 0
 0
 0
 0
 0
 0
 0
 0
 0
 0
 0
 0
 0
 0
 0
 0
 0
 0
 0
 0
 0
 0
 0
 0
 0
 0
 0
 0
 0
 0
 0
 0
 0
 0
 0
 0
 0
 0
 0
 0
 0
 0
 0
 0
 0
 0
 0
 0
 0
 0
 0
 0
 0
 0
 0
 0
 0
 0
 0
 0
 0
 0
 0
 0
 0
 0
 0
 0
 0
 0
 0
 0
 0
 0
 0
 0
 0
 0
 0
 0
 0
 0
 0
 0
 0
 0
 0
 0
 0
 0
 0.999977146028857
 0.9999999956841201
 0.999999999996248
 0.9999999987739846
 0.9999999994920021
 0.9971528807342716
 0.9999999429282522
 0.9999999884692005
 0.9999999749725875
 0.9996153274388063
 0.9915917439248488
 0.9795852291859021
 0.98040419801436
 0.9818197655595284
 0.9731794103754982
 0.9678220133863301
 0.9526608945680489
 0.9683341936041608
 0.9661528467686707
 0.9579438783837921
 0.9577344491169474
 0.953773548417983
 0.9618265401361996
 0.9580605259933123
 0.9408436206298086
 0.9459240949305313
 0.9640781096403186
 0.9478281325101831
 0
 0
 0
 0
 0
 0
 0
 0
 0
 0
 0
 0
 0
 0
 0
 0
 0
 0
 0
 0
 0
 0
 0
 0
 0
 0
 0
 0
 0
 0
 0
 0
 0
 0
 0
 0
 0
 0
 0
 0
 0
 0
 0
 0
 0
 0
 0
 0
 0
 0
 0
 0
 0
 0
 0
 0
 0
 0
 0
 0


