# Created by Octave 3.8.2, Fri Nov 20 22:26:36 2015 CET <dkottke@snake7>
# name: mus
# type: matrix
# ndims: 3
 1 30 19
 0
 0
 0.6808688387635752
 0.617056856187291
 0.7774058577405867
 0.7604690117252929
 0.8819270398217772
 0.8859060402684564
 0.8905597326649944
 0.8789915966386558
 0.8557130942452035
 0.8409090909090905
 0.9397993311036779
 0.9425210084033618
 0.9333333333333326
 0.9358108108108109
 0.9050420168067224
 0.9031986531986526
 0.862990810359231
 0.8635593220338985
 0.9273182957393481
 0.9284511784511783
 0.9172240802675586
 0.9209183673469388
 0.9327659574468089
 0.932692307692307
 0.9292929292929292
 0.9282879818594106
 0.9226240538267449
 0.9196581196581195
 0
 0
 0.6666666666666666
 1
 0.6
 0.7
 0.7
 0.6
 0.9
 0.9
 0.7666666666666666
 0.9333333333333332
 0.7
 0.6333333333333333
 0.7999999999999999
 0.8166666666666667
 0.8833333333333332
 0.8166666666666667
 0.9
 0.9
 0.76
 0.7699999999999999
 0.8300000000000001
 0.79
 0.76
 0.8400000000000001
 0.8466666666666667
 0.82
 0.8266666666666668
 0.8333333333333334
 0
 0
 0.5575156088200097
 0.8946465735285737
 0.6309764592697552
 0.8177385722044326
 0.7310491872641514
 0.74351892376366
 0.7640099607114249
 0.698676704036762
 0.7152755269598072
 0.7819808607519441
 0.7918216292924617
 0.7702150031138364
 0.7806334556203971
 0.8182406711943279
 0.8367648585975325
 0.837398258125966
 0.8279462377478212
 0.8554744862013018
 0.8066852174932245
 0.8581789773780637
 0.8145223402404113
 0.8444908763532212
 0.8123345172651861
 0.8561334967176532
 0.8609431454482747
 0.8771801496509357
 0.8816040808128074
 0.8676309006463463
 0
 0
 0.4889131924161732
 0.9129270187771127
 0.6399433108901064
 0.756244846094951
 0.7180851061710135
 0.6903084685821166
 0.7413101819653642
 0.7275619480349458
 0.8169102673072739
 0.8255250397777432
 0.6723849293780098
 0.797730673386124
 0.8366019461151365
 0.8427454587917182
 0.8625961236147595
 0.8619633338435588
 0.877620209122406
 0.8837382700482843
 0.8062046345259436
 0.8211687278848235
 0.8530894900719147
 0.846418829129192
 0.8056552021375293
 0.8176940228468755
 0.8330402938465792
 0.8322984764659608
 0.8474229444636205
 0.8457070398766052
 0
 0
 1
 1
 0.8
 0.6666666666666666
 1
 0.625
 0.8888888888888888
 0.6
 0.8181818181818182
 0.9166666666666666
 0.6153846153846154
 1
 1
 1
 0.5
 1
 1
 0
 0
 1
 1
 1
 1
 1
 1
 1
 1
 1
 0
 0
 0.8348105072619794
 0.9079014351132235
 0.7496917763497897
 0.6940248462797715
 0.855529679683263
 0.664214303920051
 0.847618822327153
 0.6826259501936307
 0.7454586726970931
 0.8532355787165209
 0.6639036806278318
 0.8708309670997063
 0.8989609527214332
 0.9069974344795106
 0.7881518117962354
 0.9282849929336291
 0.933133386369339
 0.7666340674459935
 0.7277884885520259
 0.8477919107761791
 0.9096596522263533
 0.8947796057893077
 0.8654223022154638
 0.831314297315394
 0.8292801136326617
 0.9225414548696033
 0.8201084899935676
 0.8048523206076569
 0
 0
 0.5785862941142949
 0.8112806669034314
 0.6550689837595756
 0.8000539030938132
 0.8727619543772445
 0.7799627151467532
 0.7379135369150173
 0.746134095900151
 0.7658109124438602
 0.770369847482665
 0.7487763959855906
 0.7659895668306378
 0.7617266225583621
 0.8164404308989774
 0.8026820156281309
 0.7872118341321647
 0.807451760006646
 0.8462477964640185
 0.7755439212263076
 0.8276121284942783
 0.777211562841446
 0.8167616240446235
 0.8472307384897018
 0.8052344090324349
 0.8404817257785496
 0.8188348164693707
 0.8238601756248305
 0.824172842349202
 0
 0
 0.5083756877480098
 0.8782425937549181
 0.592846048566065
 0.7462228447082218
 0.6916049824114443
 0.6714181457033204
 0.7112385231525803
 0.7087741639505757
 0.7368164304880442
 0.7594205046880655
 0.6554610112190145
 0.7435515876769122
 0.7651535965608759
 0.7688166006354084
 0.7894135573379321
 0.7843416922903659
 0.7994095217132172
 0.8000912103378625
 0.7393182362991376
 0.7652488167292986
 0.7757581198997791
 0.7783193956195618
 0.7486643395574979
 0.7663046859030007
 0.7695458746708032
 0.769340425221369
 0.7895549130877632
 0.7909756672635956
 0
 0
 0.9428793216878
 0.9151341402906096
 0.9378549663322828
 0.9210605842017906
 0.8969353022068944
 0.9386715809731073
 0.9043512864210658
 0.9104804197267703
 0.9368256759912258
 0.9284264228358735
 0.9157142256737558
 0.9307067315904636
 0.9227945966734239
 0.9162214747343299
 0.9076330785427816
 0.9167900902229655
 0.9146725266832023
 0.9206793085609357
 0.9060900949199011
 0.9020373915944618
 0.9038187962294629
 0.9085208620193164
 0.9077763354188986
 0.900986648539422
 0.9008168504539826
 0.9145214740332415
 0.9036110049293178
 0.8924756962010971
 0
 0
 0.7980489521347849
 0.8789710159278502
 0.5828542121915543
 0.7257165587974861
 0.7601423356252512
 0.7344876890316505
 0.7858638531562092
 0.6818037341154197
 0.7625560399136099
 0.7575799984364322
 0.6952056541131715
 0.810996084946344
 0.8575479644973284
 0.8736942459689701
 0.8843814182584017
 0.8661879238679153
 0.9217863637250832
 0.9144916882847542
 0.7830239637539738
 0.8063567768842015
 0.8386293480718906
 0.789246595093581
 0.7908087973293378
 0.8226176740738261
 0.8213487437075881
 0.8435477803078639
 0.8404082830495918
 0.8402988174270359
 0
 0
 0.5785862941142949
 0.8611912135413161
 0.7182317781589077
 0.7589561621785029
 0.814058052620676
 0.693810186613399
 0.7067058445114159
 0.7362111003506833
 0.823500349729646
 0.7492867991441071
 0.7785227327507211
 0.7547616941200413
 0.7657997599658686
 0.8519726330169017
 0.785607348662874
 0.8015748087636032
 0.7899725715936602
 0.5580385460213428
 0.7966777800916938
 0.7835251288774789
 0.7735585479445354
 0.8068114035016092
 0.7692139439084086
 0.79156947877367
 0.8391723470162885
 0.9227769976993396
 0.8825736703775393
 0.8224545210253734
 0
 0
 0
 0
 0
 0
 0
 0
 0
 0
 0
 0
 0
 0
 0
 0
 0
 0
 0
 0
 0
 0
 0
 0
 0
 0
 0
 0
 0
 0
 0
 0
 0
 0
 0
 0
 0
 0
 0
 0
 0
 0
 0
 0
 0
 0
 0
 0
 0
 0
 0
 0
 0
 0
 0
 0
 0
 0
 0
 0
 0
 0
 0
 0
 0
 0
 0
 0
 0
 0
 0
 0
 0
 0
 0
 0
 0
 0
 0
 0
 0
 0
 0
 0
 0
 0
 0
 0
 0
 0
 0
 0
 0
 0
 0
 0
 0
 0
 0
 0
 0
 0
 0
 0
 0
 0
 0
 0
 0
 0
 0
 0
 0
 0
 0
 0
 0
 0
 0
 0
 0
 0
 0
 0
 0
 0
 0
 0
 0
 0
 0
 0
 0
 0
 0
 0
 0
 0
 0
 0
 0
 0
 0
 0
 0
 0
 0
 0
 0
 0
 0
 0
 0.8336704963426105
 0.8940862893492478
 0.9491293557354635
 0.9216188037204094
 0.9450057014020508
 0.9288013224547228
 0.9149390972784147
 0.939538377033561
 0.9202461079175782
 0.9137711329775521
 0.9202751319575581
 0.9320725245392458
 0.9180102447041538
 0.9171382214708891
 0.9087610750653689
 0.9165113078564325
 0.8967898193329105
 0.9070385655805776
 0.9068130878526082
 0.906633300016681
 0.9048632899408925
 0.9083626436923444
 0.8993083657553298
 0.9015062373693606
 0.8972083321927391
 0.9103976414524093
 0.9015191794813635
 0.9080520334848717
 0
 0
 0
 0
 0
 0
 0
 0
 0
 0
 0
 0
 0
 0
 0
 0
 0
 0
 0
 0
 0
 0
 0
 0
 0
 0
 0
 0
 0
 0
 0
 0
 0
 0
 0
 0
 0
 0
 0
 0
 0
 0
 0
 0
 0
 0
 0
 0
 0
 0
 0
 0
 0
 0
 0
 0
 0
 0
 0
 0


