# Created by Octave 3.8.2, Fri Nov 20 23:49:31 2015 CET <dkottke@snake3>
# name: mus
# type: matrix
# ndims: 3
 1 30 19
 0
 0
 0.7117794486215543
 0.5959595959595959
 0.6075949367088607
 0.6250000000000001
 0.6315789473684211
 0.7321428571428571
 0.7165404040404044
 0.7410256410256412
 0.7430555555555555
 0.7323232323232322
 0.7274358974358975
 0.7270408163265306
 0.691025641025641
 0.7239583333333334
 0.7419721511793121
 0.7386363636363636
 0.7493734335839598
 0.7368421052631579
 0.6992481203007518
 0.7247474747474746
 0.7283319124751348
 0.7330729166666667
 0.7333333333333335
 0.7394871794871793
 0.6683501683501684
 0.6875000000000001
 0.6874639603275287
 0.6692307692307692
 0
 0
 0
 1
 0.8
 0.7
 0.5
 0.7
 0.5
 0.6
 0.5333333333333333
 0.7
 0.5
 0.7333333333333333
 0.3333333333333333
 0.7
 0.7999999999999999
 0.7666666666666666
 0.75
 0.75
 0.86
 0.8300000000000001
 0.77
 0.8800000000000001
 0.8
 0.8466666666666667
 0.7666666666666668
 0.7666666666666666
 0.6866666666666666
 0.7333333333333333
 0
 0
 0.5175922051045218
 0.8525052029400032
 0.8024623253660758
 0.7882181120931533
 0.589244144115516
 0.7060639401447206
 0.3683481844754447
 0.6323165416147223
 0.4782076193583701
 0.6863640764001289
 0.6789093587947611
 0.6415167056096618
 0.6011821311928265
 0.632620662967012
 0.5738880890009476
 0.7017216352309706
 0.6805682463055657
 0.7000045525482517
 0.715966055565025
 0.7971273680778157
 0.8032158209836329
 0.8016688867277373
 0.8346387500798119
 0.8610596519753679
 0.7830109244418573
 0.8012657851895719
 0.754002783281137
 0.7422140361879348
 0
 0
 0.08005276784931609
 0.8537345727128731
 0.7404247447281658
 0.755166678114163
 0.5027829143392749
 0.6274562211857094
 0.4914754980297487
 0.3970900923752707
 0.5141314003048192
 0.5088763114583648
 0.5079580963156124
 0.5835334949571456
 0.6285984148814696
 0.5898676858520115
 0.5881781407521323
 0.6270457118468888
 0.6735829447044099
 0.7134844045850995
 0.7423440402239688
 0.7701457419046767
 0.7927229156293315
 0.8178082119552725
 0.8304742526336778
 0.8456172893490782
 0.8055182726725938
 0.7816381522299402
 0.7827062816561061
 0.758252867092614
 0
 0
 0
 1
 0.6
 0.8333333333333334
 0.7142857142857143
 0.5
 0.2222222222222222
 0.1
 0.7272727272727273
 0.6666666666666666
 0.4615384615384616
 0.3333333333333333
 1
 0.6666666666666666
 0.5
 0
 1
 1
 1
 1
 0
 0
 1
 0
 1
 1
 1
 1
 0
 0
 0.04096361781064872
 0.8176559049126658
 0.6394946742670542
 0.8150631759921515
 0.6894475369615558
 0.558666168575494
 0.439689955914301
 0.3081569533077791
 0.572609886539995
 0.5232025734053997
 0.5056335418320258
 0.5300649720443685
 0.7002792876993034
 0.5797777563403461
 0.555467607707631
 0.5199704861810845
 0.8011562987387925
 0.7930168811639946
 0.8254382818957415
 0.7582919084148751
 0.6960665545680392
 0.7614460418758078
 0.8780610261868325
 0.6552205821828406
 0.837504237626415
 0.8515613121799637
 0.6959911316098574
 0.7559720766035873
 0
 0
 0.3678794411714423
 0.5863945137161332
 0.7786478744445038
 0.7702582243508811
 0.6486897589623494
 0.742121585371558
 0.5860371937249949
 0.652700569252686
 0.6585339627261918
 0.6750775309324631
 0.6152757674056437
 0.6959120487745891
 0.7116939892526758
 0.6778148276699927
 0.688731237544532
 0.7210395204828507
 0.7017119671260309
 0.7556638682652139
 0.7515873023995711
 0.7402111691077888
 0.7715661289898004
 0.7860170735930491
 0.8353100016480082
 0.8712884617025324
 0.8201228102623153
 0.7538305751423677
 0.7933904143345083
 0.8042967758716828
 0
 0
 0.06349418186094027
 0.7769817603596673
 0.6906155257667018
 0.7072358597435779
 0.493556237826312
 0.5807924325016198
 0.492412105443806
 0.4757547307613882
 0.5486390609309236
 0.5201876959744987
 0.5252684038666569
 0.5516193989728375
 0.5799696443040971
 0.5697906281350082
 0.558609208884832
 0.588035370753718
 0.6107787332792236
 0.6411138763784325
 0.6810365744376355
 0.6925294596332362
 0.7131514035391269
 0.7423997068789071
 0.7527835184076441
 0.7723611685333657
 0.7170123062209797
 0.6919508344797419
 0.6930804378669593
 0.6711769658719733
 0
 0
 0.8478357707330764
 0.9048760689130658
 0.8997642753394755
 0.9187325798829191
 0.926471891234056
 0.9384455079727136
 0.9091534472299571
 0.9027968519998595
 0.9340960603580903
 0.9202286056998944
 0.9094306000695217
 0.9243281389111087
 0.9151292556061642
 0.9113896851276223
 0.9093798087722967
 0.9151055517201174
 0.9019545364030509
 0.9047670863167175
 0.9044534440407157
 0.9065333379236273
 0.9182729299686212
 0.900793664108255
 0.9068807050799448
 0.9071241387640622
 0.9005994293410946
 0.9096860372270569
 0.901154017852999
 0.8995600351972449
 0
 0
 0.043206796931331
 0.7111664059414222
 0.6610637136054496
 0.8081586463025335
 0.6098612030464127
 0.587098311639907
 0.464519961883603
 0.4208754910638525
 0.526689113925261
 0.5196327319782215
 0.5196620527577318
 0.5474360238499244
 0.5902544716671684
 0.6095191339758526
 0.5564159259450381
 0.58145163456988
 0.7043879455660034
 0.7014855437128824
 0.779882365049871
 0.7979997588996437
 0.7056650436617966
 0.8408351276412805
 0.8602787004259291
 0.7617864012880923
 0.8025812254571116
 0.7962086794792673
 0.8037116878116393
 0.7665485422357552
 0
 0
 0.3678794411714423
 0.5803046774595362
 0.8169893815748073
 0.7133928448566887
 0.6755151319477855
 0.7555180239195993
 0.597293371455734
 0.6444332700804125
 0.6832403472012967
 0.6965725326020862
 0.6551477209456037
 0.7102009715097576
 0.6918991499962881
 0.68071973799576
 0.6660326864707706
 0.6464163908592626
 0.7052207735504299
 0.729492601990742
 0.735555929227074
 0.7419058856479257
 0.7899236286555406
 0.7668610676440991
 0.7761043626020113
 0.8823340414774978
 0.8581723089056709
 0.7303898837426608
 0.7869824588280979
 0.7254639565628749
 0
 0
 0
 0
 0
 0
 0
 0
 0
 0
 0
 0
 0
 0
 0
 0
 0
 0
 0
 0
 0
 0
 0
 0
 0
 0
 0
 0
 0
 0
 0
 0
 0
 0
 0
 0
 0
 0
 0
 0
 0
 0
 0
 0
 0
 0
 0
 0
 0
 0
 0
 0
 0
 0
 0
 0
 0
 0
 0
 0
 0
 0
 0
 0
 0
 0
 0
 0
 0
 0
 0
 0
 0
 0
 0
 0
 0
 0
 0
 0
 0
 0
 0
 0
 0
 0
 0
 0
 0
 0
 0
 0
 0
 0
 0
 0
 0
 0
 0
 0
 0
 0
 0
 0
 0
 0
 0
 0
 0
 0
 0
 0
 0
 0
 0
 0
 0
 0
 0
 0
 0
 0
 0
 0
 0
 0
 0
 0
 0
 0
 0
 0
 0
 0
 0
 0
 0
 0
 0
 0
 0
 0
 0
 0
 0
 0
 0
 0
 0
 0
 0
 0
 0.9286546205479836
 0.9845535697424701
 0.8941464079099167
 0.9291580412653231
 0.9276534530472238
 0.9243332655739939
 0.9340089881049815
 0.9208388505011135
 0.9163003257995302
 0.904142341834825
 0.9309583866500544
 0.9200295883916589
 0.9137457533746958
 0.9026630902018012
 0.9091684700504503
 0.9128098015163103
 0.9163145193242551
 0.9161500251936054
 0.9026207968478277
 0.9156005127070707
 0.9100615399471791
 0.9124986587010047
 0.9078308895424959
 0.9007399163947287
 0.9137883265463993
 0.8996655845269901
 0.9104081753015173
 0.9063570875806907
 0
 0
 0
 0
 0
 0
 0
 0
 0
 0
 0
 0
 0
 0
 0
 0
 0
 0
 0
 0
 0
 0
 0
 0
 0
 0
 0
 0
 0
 0
 0
 0
 0
 0
 0
 0
 0
 0
 0
 0
 0
 0
 0
 0
 0
 0
 0
 0
 0
 0
 0
 0
 0
 0
 0
 0
 0
 0
 0
 0


