# Created by Octave 3.8.2, Fri Nov 20 20:18:53 2015 CET <dkottke@snake9>
# name: mus
# type: matrix
# ndims: 3
 1 30 19
 0
 0
 0.4974958263772959
 0.4972160356347439
 0.5966573816155992
 0.5830546265328872
 0.5953307392996111
 0.6121651785714286
 0.6387493020658848
 0.6497206703910614
 0.728388176240937
 0.726510067114094
 0.7283537718320323
 0.7278180803571428
 0.7333333333333329
 0.7248883928571429
 0.7219047619047617
 0.7222222222222222
 0.7237641977283633
 0.732022471910112
 0.7090196078431371
 0.7295173961840627
 0.72445187662579
 0.7297297297297297
 0.7329577464788736
 0.7337421033073207
 0.7334455667788999
 0.7352120535714284
 0.7310901001112349
 0.7367231638418079
 0
 0
 1
 1
 0.6
 0.6
 0.4
 0.5
 0.3
 0.2
 0.4666666666666666
 0.5
 0.5
 0.4999999999999999
 0.5999999999999999
 0.6
 0.5166666666666666
 0.7
 0.4833333333333333
 0.6
 0.5700000000000001
 0.5599999999999999
 0.47
 0.55
 0.5600000000000001
 0.5266666666666667
 0.6266666666666667
 0.6066666666666667
 0.66
 0.6666666666666667
 0
 0
 1
 1
 0.5935072841160045
 0.6932132761263364
 0.5530304696865924
 0.4722375316164319
 0.458908073657594
 0.5100673703506349
 0.5171623504872962
 0.7066960607035492
 0.6349424071662556
 0.6272924656071728
 0.6162355970834633
 0.5735448783145518
 0.700744554364539
 0.6318226184807763
 0.6375348910095525
 0.5952041580657688
 0.5889746933736091
 0.6256987711537607
 0.5551929365169626
 0.5763035480281957
 0.5877134425541328
 0.5449739449484513
 0.5798110010170867
 0.6204973483214429
 0.6218147098230671
 0.6014470495881477
 0
 0
 0.9999999999308271
 0.9999999999744179
 0.5476274250536468
 0.6321281871404885
 0.3400719050899982
 0.4281862912819313
 0.3124234802597951
 0.3062810461160075
 0.5504731268245948
 0.6033440202477499
 0.5720901355752085
 0.6175839145251287
 0.6618131583008983
 0.5674706496412202
 0.5580096103949223
 0.6618740991110824
 0.5854257716589417
 0.5247216396560621
 0.5093008862215225
 0.5110503131819056
 0.5050781126797361
 0.526169141885618
 0.5512202352034141
 0.5559830651860634
 0.6090314930240512
 0.5759338766942611
 0.5498190848763082
 0.5828629787220907
 0
 0
 1
 1
 0.8
 0.6666666666666666
 0.1428571428571428
 0.5
 0.2222222222222222
 0.2
 0.5454545454545454
 0.6666666666666666
 0.4615384615384616
 0.7777777777777778
 0.6
 0.3333333333333333
 1
 0
 1
 1
 0
 1
 1
 0
 1
 1
 1
 1
 1
 1
 0
 0
 0.9999999999997442
 0.9999999999944591
 0.7523156084357866
 0.6582618077038476
 0.2675899666682751
 0.4531555441137167
 0.2890096275455028
 0.2730355764418477
 0.5390825000587874
 0.6258071124992531
 0.5296535171985988
 0.7106079700927078
 0.6880233789208094
 0.5369911726467274
 0.6628754978268403
 0.5434302764971231
 0.7083243934915322
 0.6839747549346188
 0.4848336395201214
 0.5297735398776308
 0.5217806151310481
 0.5088972401777676
 0.6089245077981218
 0.6573125519823046
 0.6676362292825611
 0.7006705709816443
 0.6774496179658575
 0.5386958055560881
 0
 0
 1
 1
 0.6964865977166009
 0.8433150005650242
 0.6610113284802167
 0.4436786555008893
 0.5327733818228563
 0.5835604915928585
 0.6351500442836975
 0.6268675818177269
 0.6548100497985935
 0.6642426357763903
 0.6629398963777584
 0.6847193412661633
 0.6704660411851529
 0.6883302543099152
 0.66411743617894
 0.6376274371315764
 0.6550215423921262
 0.6698969546507494
 0.6440950050851819
 0.6804929124835326
 0.6705012074786769
 0.664321523180184
 0.6358448540279016
 0.6452467536449485
 0.6458062672572973
 0.6568004014795953
 0
 0
 0.9999999996527826
 0.9999999999934456
 0.5044947615739801
 0.6780891480579331
 0.4532074515414645
 0.4523558175861165
 0.4050306516865028
 0.3747419434091242
 0.4940879825048934
 0.5229701387929457
 0.5477116080504586
 0.590382435813249
 0.5971923198412118
 0.5492417125552975
 0.5588977261144777
 0.5878698724121266
 0.5583708566189323
 0.5437349368889237
 0.5369253043955127
 0.5425303428675763
 0.532659997360758
 0.5559298722765098
 0.5510003382582785
 0.5511054464307515
 0.5539731848046475
 0.5552656812288005
 0.5595801056537317
 0.5500917465946256
 0
 0
 0.8960275306897264
 0.9128132898894309
 0.9368246351871374
 0.9167471631984468
 0.8907987679473092
 0.9262528500281195
 0.9155394613647568
 0.9145365178260804
 0.9198756285260838
 0.9389295772433235
 0.9296436639816178
 0.9186594238195929
 0.9192538355557932
 0.916380857603426
 0.9184605792865148
 0.9154440686330588
 0.903641168015335
 0.9126538840948359
 0.9065117434731682
 0.9084314126189664
 0.906458593377557
 0.9066841373907157
 0.9059670877561828
 0.903850133357979
 0.9156996724467551
 0.8918354735715114
 0.895925409975152
 0.893886178627001
 0
 0
 0.9999999982318646
 0.9999999999920955
 0.6777297862834702
 0.6473612789588346
 0.373417112996081
 0.3704512493294703
 0.324408495938274
 0.29776313738132
 0.4815320400422193
 0.5338878441985191
 0.544573386355401
 0.6748490105390791
 0.6962865773282882
 0.6154097603139824
 0.5836811326697545
 0.5626733091260538
 0.5901323382068496
 0.5607659271240574
 0.5556228172239369
 0.5258055746961057
 0.5573223232782061
 0.5601503395295433
 0.561898903437257
 0.5559370969533122
 0.614002727782155
 0.558081286642325
 0.8091246101292237
 0.5607228288693117
 0
 0
 1
 1
 0.7989821514387017
 0.8030177050678412
 0.7220879347861708
 0.5070705317419748
 0.5729171053367008
 0.5271038192999513
 0.6427657271422393
 0.6141944482739354
 0.6519554718815833
 0.6697975490534689
 0.6733693640634878
 0.6836765844407737
 0.6095141099656152
 0.6535650620674853
 0.6402125530556422
 0.6544147143979544
 0.6499187996275123
 0.626110680980415
 0.6259338917408432
 0.6641377773136465
 0.6997796912651406
 0.4547807833644906
 0.6287779788006174
 0.6300032496388939
 0.6533169697864174
 0.6095141775230394
 0
 0
 0
 0
 0
 0
 0
 0
 0
 0
 0
 0
 0
 0
 0
 0
 0
 0
 0
 0
 0
 0
 0
 0
 0
 0
 0
 0
 0
 0
 0
 0
 0
 0
 0
 0
 0
 0
 0
 0
 0
 0
 0
 0
 0
 0
 0
 0
 0
 0
 0
 0
 0
 0
 0
 0
 0
 0
 0
 0
 0
 0
 0
 0
 0
 0
 0
 0
 0
 0
 0
 0
 0
 0
 0
 0
 0
 0
 0
 0
 0
 0
 0
 0
 0
 0
 0
 0
 0
 0
 0
 0
 0
 0
 0
 0
 0
 0
 0
 0
 0
 0
 0
 0
 0
 0
 0
 0
 0
 0
 0
 0
 0
 0
 0
 0
 0
 0
 0
 0
 0
 0
 0
 0
 0
 0
 0
 0
 0
 0
 0
 0
 0
 0
 0
 0
 0
 0
 0
 0
 0
 0
 0
 0
 0
 0
 0
 0
 0
 0
 0
 0
 0.8417549588703311
 0.9422193253422263
 0.9416899010453466
 0.9228627259058444
 0.9270628167542015
 0.9272047960593142
 0.9185945455557856
 0.9358379186620298
 0.9047506092493558
 0.9272949830793513
 0.9275389722695958
 0.9189842247067902
 0.909869500927967
 0.9012740969276849
 0.9032400962067034
 0.9060448554828421
 0.9052798388814233
 0.9085608811162487
 0.9026752451691441
 0.9046540846472038
 0.9025615660058817
 0.90920659336614
 0.9016343192596193
 0.9036593542132618
 0.9006608404536605
 0.8984347948212594
 0.8978493823941263
 0.9027813002878409
 0
 0
 0
 0
 0
 0
 0
 0
 0
 0
 0
 0
 0
 0
 0
 0
 0
 0
 0
 0
 0
 0
 0
 0
 0
 0
 0
 0
 0
 0
 0
 0
 0
 0
 0
 0
 0
 0
 0
 0
 0
 0
 0
 0
 0
 0
 0
 0
 0
 0
 0
 0
 0
 0
 0
 0
 0
 0
 0
 0


