# Created by Octave 3.8.2, Fri Nov 20 22:56:40 2015 CET <dkottke@snake10>
# name: mus
# type: matrix
# ndims: 3
 1 30 19
 0
 0
 0.8937198067632848
 0.8269230769230769
 0.7268292682926832
 0.857843137254902
 0.9507389162561577
 0.9615384615384616
 0.9613526570048311
 0.9600000000000002
 0.9760765550239235
 0.9754901960784311
 0.9759615384615385
 0.9744897959183675
 0.9743589743589745
 0.9759615384615384
 0.9803921568627452
 0.9797979797979799
 0.8947368421052631
 0.9800000000000001
 0.9788359788359789
 0.9797979797979798
 0.9855072463768116
 0.984375
 0.985
 0.9855769230769231
 0.9841269841269841
 0.9846938775510204
 0.9852216748768473
 0.9833333333333334
 0
 0
 0.3333333333333333
 1
 1
 0.6
 0.5
 0.7
 0.6
 0.7
 0.7333333333333333
 0.7666666666666666
 0.7333333333333333
 0.8666666666666666
 0.8666666666666666
 0.8833333333333332
 0.8166666666666667
 0.8333333333333333
 0.8333333333333333
 0.85
 0.86
 0.96
 0.9
 0.9199999999999999
 0.9199999999999999
 0.9199999999999999
 0.9333333333333333
 0.9266666666666665
 0.8266666666666668
 0.8333333333333334
 0
 0
 0.5301806657355315
 0.9013712603246222
 0.8770876691166694
 0.8817461539606439
 0.7661153932334337
 0.715545748527149
 0.7665368069393195
 0.8295381559692323
 0.6597911340216467
 0.8506690432215013
 0.8514215676962971
 0.8101330548551882
 0.8659001385913703
 0.8481740776835718
 0.82922711251965
 0.8886224713328073
 0.8745448438901203
 0.9021499771814474
 0.8943748915384694
 0.895517727240691
 0.9235220868901133
 0.9081714356758772
 0.9295051894535249
 0.934742957645821
 0.935806161563856
 0.9421632994585032
 0.9623547935916811
 0.9552868235192837
 0
 0
 0.3415116204099942
 0.8992556059579154
 0.8302737774390162
 0.7387104238874529
 0.6923512366604201
 0.6958566537345942
 0.6399366965256574
 0.7148809227477608
 0.7356386045117983
 0.7505408156286393
 0.792656677581607
 0.8195327694414638
 0.8477372726792441
 0.8783527665194434
 0.8358273642124816
 0.8498161937688605
 0.8681494518343597
 0.859983456583358
 0.8777841671373151
 0.8869805331994357
 0.9137163023943508
 0.9152808896041071
 0.923564168588253
 0.926449577123561
 0.9321050627377383
 0.9357629304708243
 0.930159018663839
 0.9382313780972149
 0
 0
 0.3333333333333333
 1
 1
 0.6666666666666666
 0.5714285714285714
 0.625
 0.6666666666666666
 0.6
 0.9090909090909091
 0.8333333333333334
 0.6153846153846154
 0.7777777777777778
 1
 0.6666666666666666
 1
 1
 1
 1
 1
 1
 1
 1
 1
 1
 1
 1
 0
 1
 0
 0
 0.4588594016918965
 0.842912521995551
 0.9041352086847981
 0.8389834783454672
 0.661640145463479
 0.6711414314146275
 0.6613633313152409
 0.6840615453233092
 0.7771963820776091
 0.7606369093792364
 0.737763946055209
 0.7934994963720967
 0.9088811510179369
 0.8243160449691382
 0.9035086535353885
 0.9141311117277742
 0.9402177409608468
 0.9465610662518655
 0.8479831207827644
 0.8548868152998821
 0.9577963786253283
 0.9709758284739235
 0.7335220598135357
 0.9362837313517978
 0.8838529867230212
 0.9729908727242997
 0.8644505906371387
 0.9315574400196363
 0
 0
 0.3678794411714423
 0.7735047820984086
 0.6901510188019347
 0.8756966093461979
 0.756472439487661
 0.8315419190236654
 0.9159257732613824
 0.7848560342948044
 0.8405720909779779
 0.8202026239780112
 0.8331562667514345
 0.7954905591655389
 0.8114078186970068
 0.8397194927859086
 0.8397524712468587
 0.8106207774100661
 0.8681050164386492
 0.8690001415103106
 0.8603276048039317
 0.8890307095485527
 0.8440661184271994
 0.8802838454394144
 0.9153400649485206
 0.8876410917474968
 0.9282085066812282
 0.8763265836567913
 0.9292114702284703
 0.8998365947501404
 0
 0
 0.3762089897880275
 0.8486990875310085
 0.7212222205197025
 0.7611249867483122
 0.6457710243916328
 0.6861964642876255
 0.6233659581630568
 0.7019846881730186
 0.717159913361071
 0.7185369685898902
 0.7597949240188504
 0.7529416045676627
 0.7938206989590738
 0.799775519433628
 0.766499548805605
 0.792178422843289
 0.7920851049420879
 0.7954212735032682
 0.8220440436602037
 0.823499193558617
 0.8335807117596019
 0.8492899235615061
 0.8499152425289336
 0.849214093818901
 0.8719815323679917
 0.8759476223615587
 0.8683131633554564
 0.8687195419277377
 0
 0
 0.9188829766149075
 0.9406304598745422
 0.9189941150773214
 0.9218304887656722
 0.9338010124134812
 0.9004722189964269
 0.9058330099168747
 0.9058894652682564
 0.9206301267637015
 0.9090625068699403
 0.9250793568378579
 0.9276527282115361
 0.9078750521636677
 0.9115745137253555
 0.9152327849329164
 0.9095885908584447
 0.9115699831929771
 0.9013918982579682
 0.8979110597954435
 0.9049280612197769
 0.9107699550511382
 0.9049734448916009
 0.9091087424749383
 0.9144696602981087
 0.9076989053864299
 0.9009342740549737
 0.9110091052510957
 0.90720369314787
 0
 0
 0.4362904181348872
 0.7593688847469789
 0.8167554174597289
 0.9686492458533889
 0.4423952733470324
 0.703924855329877
 0.6781338077923803
 0.6896739878483159
 0.7150515405896597
 0.7803713303016905
 0.8213193972009993
 0.8396018245034196
 0.8775066918011504
 0.9126891913715091
 0.8936900212051897
 0.8769315594863645
 0.9292307800061506
 0.900788926089094
 0.9061512085834609
 0.9234442134355154
 0.9355937878751897
 0.9290374027413196
 0.9212675960352035
 0.9271616341992864
 0.9512631373258895
 0.9342742734270197
 0.9322308213209537
 0.9306152376205099
 0
 0
 0.3678794411714423
 0.771527901341077
 0.6783607809100528
 0.8654230230374511
 0.7492137989399601
 0.8079898383476035
 0.9195296491834514
 0.7796646513104071
 0.8871978892375005
 0.6521605258388555
 0.8239088070191301
 0.7884151107071243
 0.8056742427083537
 0.8466610031573949
 0.6957360549881472
 0.7958339314932301
 0.810466864764708
 0.8775538948842617
 0.883586233938314
 0.9008113830828092
 0.9277931909467528
 0.8585497946489073
 0.8775457884222402
 0.942519599668224
 0.8474731553521448
 0.9501192646089561
 0.9434275383224729
 0.9613784037591363
 0
 0
 0
 0
 0
 0
 0
 0
 0
 0
 0
 0
 0
 0
 0
 0
 0
 0
 0
 0
 0
 0
 0
 0
 0
 0
 0
 0
 0
 0
 0
 0
 0
 0
 0
 0
 0
 0
 0
 0
 0
 0
 0
 0
 0
 0
 0
 0
 0
 0
 0
 0
 0
 0
 0
 0
 0
 0
 0
 0
 0
 0
 0
 0
 0
 0
 0
 0
 0
 0
 0
 0
 0
 0
 0
 0
 0
 0
 0
 0
 0
 0
 0
 0
 0
 0
 0
 0
 0
 0
 0
 0
 0
 0
 0
 0
 0
 0
 0
 0
 0
 0
 0
 0
 0
 0
 0
 0
 0
 0
 0
 0
 0
 0
 0
 0
 0
 0
 0
 0
 0
 0
 0
 0
 0
 0
 0
 0
 0
 0
 0
 0
 0
 0
 0
 0
 0
 0
 0
 0
 0
 0
 0
 0
 0
 0
 0
 0
 0
 0
 0
 0
 0.9270450234581181
 0.9403932452932442
 0.9364322595996615
 0.9281600971283273
 0.9206294124697935
 0.9415418856662252
 0.9257832795460736
 0.9176748248821811
 0.9119733636255319
 0.9129388172232669
 0.9275617905032922
 0.9137576518432672
 0.9242340146857734
 0.9115587252028273
 0.9106189193580028
 0.9083611208724205
 0.9028848716711256
 0.9181739581554318
 0.9145139302356938
 0.9112621903504986
 0.9116230027337197
 0.8946470430887888
 0.9081366294212555
 0.9051378535818175
 0.9089483587329306
 0.9025906161261934
 0.8993802619539875
 0.9076202453586391
 0
 0
 0
 0
 0
 0
 0
 0
 0
 0
 0
 0
 0
 0
 0
 0
 0
 0
 0
 0
 0
 0
 0
 0
 0
 0
 0
 0
 0
 0
 0
 0
 0
 0
 0
 0
 0
 0
 0
 0
 0
 0
 0
 0
 0
 0
 0
 0
 0
 0
 0
 0
 0
 0
 0
 0
 0
 0
 0
 0


