# Created by Octave 3.8.2, Fri Nov 20 20:00:53 2015 CET <dkottke@snake2>
# name: mus
# type: matrix
# ndims: 3
 1 30 19
 0
 0
 0.5214245965498051
 0.5228285077951003
 0.7047353760445689
 0.6995540691192864
 0.6598110061145085
 0.6584821428571429
 0.6823003908431038
 0.683240223463687
 0.6800254959764168
 0.6823266219239373
 0.6892419175027866
 0.6824776785714283
 0.6834733893557421
 0.6813616071428571
 0.6876563958916896
 0.6879910213243546
 0.6893697008478641
 0.7101123595505615
 0.7046498599439774
 0.7098141912956726
 0.7082868821999262
 0.670045045045045
 0.6642253521126761
 0.6610925306577478
 0.6571268237934905
 0.6646205357142857
 0.6643492769744158
 0.6661016949152543
 0
 0
 0.3333333333333333
 0.75
 0.4
 0.7
 0.5
 0.3
 0.4
 0.3
 0.3666666666666666
 0.6
 0.6666666666666666
 0.5333333333333333
 0.7333333333333332
 0.7
 0.5333333333333333
 0.55
 0.6166666666666666
 0.6
 0.62
 0.51
 0.5600000000000001
 0.5
 0.6
 0.54
 0.5266666666666666
 0.5199999999999999
 0.5866666666666667
 0.6333333333333333
 0
 0
 0.5259095808785818
 0.831434517645718
 0.7300318446669702
 0.8333695805809074
 0.7134386799977205
 0.5917439304466861
 0.5520396405000755
 0.6251133120574324
 0.4672126912913124
 0.4601775849077171
 0.5652367511690417
 0.5787301097276925
 0.6541607567845542
 0.5966940015865866
 0.5420449132631829
 0.6542742336151603
 0.5522125272884594
 0.5056682555004928
 0.5524143680837126
 0.5382774559638217
 0.6566286965804021
 0.6251299480401398
 0.5568263634745226
 0.6595256491261368
 0.6423876545753946
 0.5629615607723502
 0.6202699182204376
 0.6199031004389879
 0
 0
 0.2778027753107787
 0.8045736118114075
 0.6611226440195397
 0.7691027949721501
 0.6327184794056545
 0.5394138435477801
 0.6135513556919929
 0.4499662693299616
 0.4758096689483602
 0.5350863980695056
 0.5503696216187751
 0.5789588556980925
 0.6098095775021607
 0.598720308300059
 0.5613192180527966
 0.5425533014527458
 0.6611356912662049
 0.5651455833647825
 0.5790591081224233
 0.5930086929373531
 0.6794843431253871
 0.6300734600543247
 0.6633285661379726
 0.6589536682015518
 0.5944642304584337
 0.6345780988374657
 0.6995851956502238
 0.6444637386748506
 0
 0
 0
 1
 0.8
 0.5
 0.4285714285714285
 0.375
 0.3333333333333333
 0.4
 0.1818181818181818
 0.1666666666666667
 0.3076923076923077
 0.7777777777777778
 0.4
 1
 0
 1
 1
 1
 0
 1
 1
 0
 0
 1
 1
 1
 1
 1
 0
 0
 0.1666916641968165
 1.190483333930668
 0.9250000000184269
 0.6083333336230284
 0.5672629922123458
 0.539882824842193
 0.4980183488787535
 0.4502996945489704
 0.4209632740706505
 0.4147777131523838
 0.4690892511382365
 0.7014093372737555
 0.4895693171649211
 0.786540906022845
 0.3058009930307414
 0.7778273328401655
 0.7366956882876643
 0.8400890238854812
 0.2946583632791252
 0.9131846106915357
 0.8567387232369609
 0.5833476407539315
 0.5052240053392392
 0.6324021211689994
 0.6004546811248913
 0.7379307201476002
 0.7103234591390393
 0.8713102034692692
 0
 0
 0.5785862941142949
 0.6696863780202184
 0.8350466095444856
 0.877280223177163
 0.7099543567387712
 0.7063816790798765
 0.869978951367809
 0.6564042509791977
 0.668116100299437
 0.6931748414029328
 0.6866893654427985
 0.6628094260900462
 0.6938706505689157
 0.6830225205255137
 0.6227916789062309
 0.6985506900121317
 0.6618701073380422
 0.7089064533918479
 0.6767209450293084
 0.6575401075800884
 0.7014013932088581
 0.6799321358251854
 0.7139618664183589
 0.6854154100095778
 0.7044352947673514
 0.7035624440346682
 0.6781593525987022
 0.7386563972967091
 0
 0
 0.2778027753057463
 0.7425965942650857
 0.620518501074675
 0.7945086184265794
 0.7090931174272381
 0.6687350173766807
 0.6702223834072224
 0.6024871966391644
 0.5899836869856853
 0.6147275181249134
 0.6311208232235646
 0.6202928187139672
 0.6417178715863788
 0.6177848361989855
 0.5782604547301381
 0.5925066037379292
 0.6461568756362632
 0.6032525238783218
 0.6126391400333923
 0.5944093303099938
 0.6646184692872061
 0.6354271191190266
 0.6431535247649781
 0.6533034893513212
 0.5888051992821481
 0.6168785969895285
 0.6742673046921124
 0.6259186940742044
 0
 0
 1
 1
 1
 1
 1
 1
 1
 1
 1
 1
 1
 1
 1
 1
 1
 1
 1
 1
 1
 1
 1
 1
 1
 1
 1
 1
 1
 1
 0
 0
 0.1666916649923128
 1.096503070511252
 0.9138461767065322
 0.8226250305769326
 0.6025794180019436
 0.5957529607786395
 0.5677329448591601
 0.5245793808754917
 0.4922210565265639
 0.509847919504779
 0.55133279202872
 0.5224575597070641
 0.5668172293280661
 0.6771273459381241
 0.5116388323096474
 0.5301459054245374
 0.5673292624410206
 0.6576444186044117
 0.4962917299372686
 0.6235962704389948
 0.8071425347391222
 0.6139578824837546
 0.6763720824029019
 0.4142689865529836
 0.5914882293988338
 0.5877470299159684
 0.7403429171025553
 0.5808714098168652
 0
 0
 0.5785862941142949
 0.6751685424869796
 0.8884083878974255
 0.9663870191032535
 0.7263608107838126
 0.7440961766263288
 0.8703136357020549
 0.6842380127074332
 0.6721405187544951
 0.6727747591636624
 0.7063562621639887
 0.8902441353929307
 0.7161993706993888
 0.7835911195064073
 0.6604729918288033
 0.7608345074155749
 0.6923738277575731
 0.7330171995366708
 0.7886004149070364
 0.7336217027090894
 0.746029900491309
 0.7278681122119964
 0.6744958961646248
 0.742816510329364
 0.7425542046124081
 0.7273445957227638
 0.7175162592987889
 0.7011853261298999
 0
 0
 0
 0
 0
 0
 0
 0
 0
 0
 0
 0
 0
 0
 0
 0
 0
 0
 0
 0
 0
 0
 0
 0
 0
 0
 0
 0
 0
 0
 0
 0
 0
 0
 0
 0
 0
 0
 0
 0
 0
 0
 0
 0
 0
 0
 0
 0
 0
 0
 0
 0
 0
 0
 0
 0
 0
 0
 0
 0
 0
 0
 0
 0
 0
 0
 0
 0
 0
 0
 0
 0
 0
 0
 0
 0
 0
 0
 0
 0
 0
 0
 0
 0
 0
 0
 0
 0
 0
 0
 0
 0
 0
 0
 0
 0
 0
 0
 0
 0
 0
 0
 0
 0
 0
 0
 0
 0
 0
 0
 0
 0
 0
 0
 0
 0
 0
 0
 0
 0
 0
 0
 0
 0
 0
 0
 0
 0
 0
 0
 0
 0
 0
 0
 0
 0
 0
 0
 0
 0
 0
 0
 0
 0
 0
 0
 0
 0
 0
 0
 0
 0
 1
 1
 1
 1
 1
 1
 1
 1
 1
 1
 1
 1
 1
 1
 1
 1
 1
 1
 1
 1
 1
 1
 1
 1
 1
 1
 1
 1
 0
 0
 0
 0
 0
 0
 0
 0
 0
 0
 0
 0
 0
 0
 0
 0
 0
 0
 0
 0
 0
 0
 0
 0
 0
 0
 0
 0
 0
 0
 0
 0
 0
 0
 0
 0
 0
 0
 0
 0
 0
 0
 0
 0
 0
 0
 0
 0
 0
 0
 0
 0
 0
 0
 0
 0
 0
 0
 0
 0


