# Created by Octave 3.8.2, Sat Nov 21 01:21:19 2015 CET <dkottke@snake7>
# name: mus
# type: matrix
# ndims: 3
 1 30 19
 0
 0
 0.5839598997493735
 0.6414141414141414
 0.650632911392405
 0.6982323232323234
 0.7017543859649122
 0.6760204081632653
 0.5252525252525252
 0.5179487179487179
 0.5208333333333334
 0.5101010101010101
 0.5148717948717949
 0.5089285714285714
 0.6525641025641025
 0.8072916666666666
 0.729752770673487
 0.8270202020202021
 0.8145363408521303
 0.8210526315789473
 0.8270676691729323
 0.8194444444444445
 0.8107416879795396
 0.8098958333333331
 0.7919999999999999
 0.795897435897436
 0.7900432900432899
 0.7767857142857143
 0.7823780417483566
 0.7692307692307691
 0
 0
 0.3333333333333333
 1
 1
 0.8
 0.9
 1
 0.9
 1
 1
 1
 1
 1
 0.9333333333333333
 0.8
 0.8666666666666666
 0.8
 0.8
 0.75
 0.5700000000000001
 0.7899999999999999
 0.8099999999999999
 0.8800000000000001
 0.8400000000000001
 0.8466666666666667
 0.9266666666666665
 0.8866666666666667
 0.8933333333333333
 0.8666666666666668
 0
 0
 0.6839397205857212
 0.915717258822859
 0.8643102228683122
 0.9222080106077484
 0.9431091497054298
 0.9704540535427167
 0.8988649081339602
 0.9448753909282321
 0.9308330022160743
 0.954518424479975
 0.9685986384238198
 0.9186277782380183
 0.8990919438096866
 0.8448721055433848
 0.8152152686015578
 0.8085387118271239
 0.8623141716578088
 0.8276156781462358
 0.8599135868119732
 0.8425455741822528
 0.8491226447165758
 0.8450450481484673
 0.8086101658875127
 0.8359737411931514
 0.8655153027548365
 0.8560473340540595
 0.8829378478850711
 0.8909174124316259
 0
 0
 0.3333499983614102
 0.9762000006944612
 0.9483341788905247
 0.9189836875125107
 0.992346984726842
 0.9960937929650873
 0.9055299346520286
 0.9563789571865133
 0.9861490706543914
 0.9608867172250523
 0.9955622233350604
 0.9980867223360281
 0.9578077944395659
 0.8612159459142701
 0.9044073838327185
 0.8139055084806905
 0.8459769358328341
 0.9074294177697246
 0.9048535259102127
 0.8671149903576807
 0.8760485833225767
 0.9314269709723909
 0.9214407733506959
 0.9248148035621307
 0.9203361347059026
 0.9393593559019371
 0.9122027873370129
 0.9253538322826645
 0
 0
 0
 1
 1
 0.6666666666666666
 1
 1
 0.8888888888888888
 0.9
 1
 0.75
 1
 1
 1
 0.3333333333333333
 0.5
 1
 1
 0
 1
 1
 1
 1
 1
 1
 1
 1
 1
 1
 0
 0
 0.2500374962941034
 1.388888896806462
 1.250000029465695
 0.8666666670228786
 1.108333334015659
 1.033928573525466
 0.9186507968372712
 0.9077381041227337
 1.034469723862206
 0.9018964934868247
 1.014044289055123
 1.00901610646335
 1.011282052950599
 0.6949535089173539
 0.7368021221697153
 0.820513059958542
 0.9812756320997764
 0.6776873260992032
 1.014021374590544
 1.07046061695694
 1.056818336855211
 1.012487306430105
 0.93735328190463
 1.041666667968425
 0.9455456166483123
 1.031517969487914
 1.000000902632198
 1.000000006068045
 0
 0
 0.7892931470571475
 0.760132824033288
 0.9036012334168686
 0.9556987168794833
 0.9567422029904123
 0.9894120446879465
 0.9088507247346325
 0.9167807667552959
 0.9475860067279535
 0.9897862240951019
 0.9663083218589336
 1.001552201897911
 0.9228833712762703
 0.8279430961496619
 0.9796234088154646
 0.8265365075290881
 0.8906288462456731
 0.8770532544431567
 0.9336527453688295
 0.8521957774715434
 0.9000053847169569
 0.8780556958132218
 0.8864931158483884
 0.8456504357759559
 0.8807682178296332
 0.8765893737194264
 0.9052954809529811
 0.9107027192224983
 0
 0
 0.3333499984490094
 0.8511328890289069
 0.8384159236311352
 0.9113910338489905
 0.9592739637887718
 0.9808141851893548
 0.9261110486466216
 0.9592494384115304
 0.9746590073003351
 0.9755674499696005
 0.9877132842582583
 0.9807020313869428
 0.9617606978516914
 0.8828371456417522
 0.9100858453519782
 0.8661817980010914
 0.8533095625514567
 0.8567105799132705
 0.8905359512579767
 0.8664251256757542
 0.8774618726788259
 0.8790478333714159
 0.8900410378299778
 0.9019601007939252
 0.8833844331783288
 0.9187575528725845
 0.903153498415076
 0.907654368302888
 0
 0
 1
 1
 1
 1
 1
 1
 1
 1
 1
 1
 1
 1
 1
 1
 1
 1
 1
 1
 1
 1
 1
 1
 1
 1
 1
 1
 1
 1
 0
 0
 0.2500374962597384
 1.421569330461847
 1.280000002732385
 1.20397236702074
 1.259379860786455
 1.090397618945516
 0.9594090167591922
 0.8801649749946048
 1.142388232463568
 0.9433936364468067
 1.025874153329174
 0.9904086513786168
 0.901093280883158
 0.96595500912827
 0.8714245474137228
 0.7751851014964733
 0.7695348907649524
 0.9726369199485347
 0.8000893851963395
 0.9767099432808934
 0.913266621641021
 0.9433413527945004
 0.6870050152157567
 1.084844317652183
 0.7478540562332068
 0.8817248904030692
 0.9922958107234192
 1.000000000000051
 0
 0
 0.7892931470571475
 0.7601328243801457
 0.9113559201196115
 0.9222244617484381
 0.9429137104478695
 1.015510221228643
 0.9990725803922356
 0.95249110216361
 1.009326126752354
 1.011744657421353
 0.9230699757732272
 1.014483716419265
 0.909273082465797
 0.8700358453348109
 1.012789231498258
 0.8117374585483783
 0.9892573328737146
 0.9986011270881112
 0.9910982228019195
 0.9238222335176314
 0.959565536753582
 0.8352890318140819
 0.893018933420015
 0.9211202602556748
 0.9100774990776205
 0.8643971823882948
 0.9202855707896357
 0.956001254181905
 0
 0
 0
 0
 0
 0
 0
 0
 0
 0
 0
 0
 0
 0
 0
 0
 0
 0
 0
 0
 0
 0
 0
 0
 0
 0
 0
 0
 0
 0
 0
 0
 0
 0
 0
 0
 0
 0
 0
 0
 0
 0
 0
 0
 0
 0
 0
 0
 0
 0
 0
 0
 0
 0
 0
 0
 0
 0
 0
 0
 0
 0
 0
 0
 0
 0
 0
 0
 0
 0
 0
 0
 0
 0
 0
 0
 0
 0
 0
 0
 0
 0
 0
 0
 0
 0
 0
 0
 0
 0
 0
 0
 0
 0
 0
 0
 0
 0
 0
 0
 0
 0
 0
 0
 0
 0
 0
 0
 0
 0
 0
 0
 0
 0
 0
 0
 0
 0
 0
 0
 0
 0
 0
 0
 0
 0
 0
 0
 0
 0
 0
 0
 0
 0
 0
 0
 0
 0
 0
 0
 0
 0
 0
 0
 0
 0
 0
 0
 0
 0
 0
 0
 1
 1
 1
 1
 1
 1
 1
 1
 1
 1
 1
 1
 1
 1
 1
 1
 1
 1
 1
 1
 1
 1
 1
 1
 1
 1
 1
 1
 0
 0
 0
 0
 0
 0
 0
 0
 0
 0
 0
 0
 0
 0
 0
 0
 0
 0
 0
 0
 0
 0
 0
 0
 0
 0
 0
 0
 0
 0
 0
 0
 0
 0
 0
 0
 0
 0
 0
 0
 0
 0
 0
 0
 0
 0
 0
 0
 0
 0
 0
 0
 0
 0
 0
 0
 0
 0
 0
 0


