# Created by Octave 3.8.2, Sat Nov 21 00:06:04 2015 CET <dkottke@snake3>
# name: mus
# type: matrix
# ndims: 3
 1 30 19
 0
 0
 0.6716791979949875
 0.5151515151515151
 0.5164556962025318
 0.5732323232323232
 0.5764411027568923
 0.5535714285714286
 0.5359848484848485
 0.535897435897436
 0.5246212121212123
 0.5404040404040404
 0.5346153846153847
 0.538265306122449
 0.5384615384615385
 0.5416666666666666
 0.5356635407786303
 0.5416666666666666
 0.6416040100250627
 0.8447368421052632
 0.8421052631578949
 0.8497474747474747
 0.8272236430804204
 0.9244791666666666
 0.8853333333333335
 0.8461538461538463
 0.8388648388648388
 0.8431122448979592
 0.8308153615499942
 0.8205128205128207
 0
 0
 0.6666666666666666
 1
 1
 0.8
 0.9
 1
 0.8
 0.9
 0.9
 0.9333333333333332
 1
 0.9333333333333332
 0.9333333333333332
 1
 1
 0.95
 0.9
 0.8
 0.85
 0.85
 0.8800000000000001
 0.8400000000000001
 0.8
 0.76
 0.82
 0.8933333333333333
 0.9
 0.8666666666666668
 0
 0
 0.5594311256649447
 0.9529271924276606
 0.9311977623043747
 0.857483788568888
 0.8935930392638595
 0.897470879146372
 0.8162278141107209
 0.8537224065517233
 0.8615166007948141
 0.8931336323876896
 0.940763235832874
 0.9469716694771773
 0.9143125300004621
 0.9403676517415749
 0.9680858662204803
 0.9667181324881562
 0.9313586254890565
 0.8893069792363818
 0.9101971741299402
 0.8235200534282288
 0.8503422451399393
 0.8616224737322687
 0.8912704828765208
 0.8511181421113788
 0.8997681839327135
 0.8844365853807705
 0.9136955433388887
 0.9105547509514409
 0
 0
 0.6660040390751083
 0.912923650448469
 0.9401147920423686
 0.9246620771634481
 0.8908212551768766
 0.9396241865782856
 0.7825417596333106
 0.8837239281018867
 0.9087689260021502
 0.9076710986986016
 0.9192321109424849
 0.9229258195355199
 0.9218483734591465
 0.9361099021435064
 0.9417998175423914
 0.9477220931593047
 0.932611487210435
 0.8568011110269133
 0.8931937510060294
 0.8543221812552835
 0.8704737387663439
 0.8551142787658065
 0.858958284780093
 0.8928591403218898
 0.8898347486520517
 0.8992527456966104
 0.9017886398043771
 0.9276028136595589
 0
 0
 0.3333333333333333
 1
 1
 1
 0.7142857142857143
 1
 0.6666666666666666
 1
 1
 0.8333333333333334
 1
 0.8888888888888888
 0.6
 1
 1
 1
 1
 1
 1
 1
 1
 1
 1
 1
 1
 1
 1
 1
 0
 0
 0.2191747190964748
 0.9078827175458928
 0.9434867243622057
 0.985127517581181
 0.8229425644524228
 0.9382425445575788
 0.7587778239999761
 0.9284682172743832
 0.9132996171414933
 0.897013986109418
 0.9262222737713556
 0.9111180323721595
 0.8695650008501357
 0.9333809573221088
 0.9534607065598417
 0.9578864958087221
 0.9432489297686932
 0.8567134452250827
 0.9205966500893064
 0.9256976387101353
 0.9274691299507065
 0.8298409471945878
 0.9385003301822603
 0.943892034470768
 0.9260968028302579
 0.9461274719451107
 0.9402616333467295
 0.951499561730845
 0
 0
 0.3678794411714423
 0.6885655530268233
 0.867985466013929
 0.8038517083373503
 0.9057757771261985
 0.8702396174705391
 0.7814193988802304
 0.9027734481577596
 0.9483041696157162
 0.9225900607218762
 0.8655619476730924
 0.9193000541343381
 0.902319120024216
 0.9593243866020703
 0.9401695123605592
 0.9514494569440812
 0.9222773079517375
 0.9051184732822791
 0.8397987589836684
 0.8400083649319623
 0.8915645550380568
 0.8360935776190787
 0.8470383823748053
 0.9155212337440264
 0.8891992293171778
 0.9000016210081173
 0.9041683946488813
 0.9066588226144848
 0
 0
 0.644798966019957
 0.8694679898560352
 0.9038857397302096
 0.8895968911978248
 0.8719534286806293
 0.9136150958997269
 0.7569147945205621
 0.8417440638319111
 0.8627269895031117
 0.875673615317085
 0.8700795132552004
 0.8740986928748797
 0.8820474225835452
 0.8992424513680054
 0.8947745484679192
 0.8975440865516974
 0.8647861354088804
 0.8055827466258931
 0.8327398326208048
 0.7778886208152309
 0.7987557771407161
 0.7858049073090539
 0.7919774770480416
 0.7967923298816477
 0.7952262840337145
 0.8113084800387704
 0.816792310270486
 0.827181455980428
 0
 0
 0.9470194203931874
 0.9118243767426477
 0.9600387527959885
 0.9342752924648793
 0.8994275175721667
 0.9106563074504115
 0.9162355766726076
 0.906510460426092
 0.9196077087162469
 0.9052009839968123
 0.9202443145777631
 0.9228802374668585
 0.913733778046008
 0.9176095988970916
 0.9012842325561802
 0.9118520064802009
 0.911858148488899
 0.8985825515548274
 0.9027241789172048
 0.9091711059567232
 0.8931829164823759
 0.9071583849913816
 0.9032872790814122
 0.9093894867003635
 0.8983012483415806
 0.9016440138202406
 0.9035292107151845
 0.9015306955861209
 0
 0
 0.2227585853163863
 0.8789713873973907
 0.9238977254291698
 0.9424978769215943
 0.8513237306308522
 0.9317651951782565
 0.7878019667376688
 0.8436972294475699
 0.8699725036565683
 0.9306513034047725
 0.9470354029664554
 0.9472237816024032
 0.9493241820228837
 0.9465299775015208
 0.9556856598804584
 0.9781822518003742
 0.9507455754825895
 0.8924272329213316
 0.8227265537806185
 0.8666758971139654
 0.9042285180337166
 0.890673061817749
 0.8780803803985953
 0.8941746947340574
 0.8711018644627646
 0.9225770964588331
 0.8926004029365202
 0.9334521891391534
 0
 0
 0.3678794411714423
 0.6810912895394821
 0.8580333380966779
 0.8099431278859837
 0.9068972578428756
 0.8582886881086833
 0.9254474185232977
 0.9245637838609142
 0.8838851554662635
 0.9611679566441118
 0.8462708541484613
 0.4513945283090117
 0.8780636040878228
 0.9175548287532319
 0.9603539803914035
 0.8927238984076838
 0.8992352051819789
 0.8986001372695516
 0.8275954780325243
 0.4596514467100997
 0.859104774234666
 0.8168767480090318
 0.9040903701992525
 0.867041327618948
 0.8028933063837695
 0.8878320537079557
 0.9171611892805414
 0.8131314103697758
 0
 0
 0
 0
 0
 0
 0
 0
 0
 0
 0
 0
 0
 0
 0
 0
 0
 0
 0
 0
 0
 0
 0
 0
 0
 0
 0
 0
 0
 0
 0
 0
 0
 0
 0
 0
 0
 0
 0
 0
 0
 0
 0
 0
 0
 0
 0
 0
 0
 0
 0
 0
 0
 0
 0
 0
 0
 0
 0
 0
 0
 0
 0
 0
 0
 0
 0
 0
 0
 0
 0
 0
 0
 0
 0
 0
 0
 0
 0
 0
 0
 0
 0
 0
 0
 0
 0
 0
 0
 0
 0
 0
 0
 0
 0
 0
 0
 0
 0
 0
 0
 0
 0
 0
 0
 0
 0
 0
 0
 0
 0
 0
 0
 0
 0
 0
 0
 0
 0
 0
 0
 0
 0
 0
 0
 0
 0
 0
 0
 0
 0
 0
 0
 0
 0
 0
 0
 0
 0
 0
 0
 0
 0
 0
 0
 0
 0
 0
 0
 0
 0
 0
 0.9015474168574199
 0.8992081056833244
 0.9442022574140432
 0.928559763136787
 0.9066199102513967
 0.9085620353934378
 0.9136074880963224
 0.9069912854394837
 0.9204373554730565
 0.9415508903803581
 0.9159870739527812
 0.9103655184228518
 0.9108298157160982
 0.9153166521499622
 0.9091294274122014
 0.9167762363103694
 0.9048568608302276
 0.9091479420155008
 0.9139622051397773
 0.9067263582004066
 0.9022421314420639
 0.9132959947370396
 0.8953986347437086
 0.9058526462569235
 0.9032950686661396
 0.9043975148923731
 0.8928880806209131
 0.9088596872205025
 0
 0
 0
 0
 0
 0
 0
 0
 0
 0
 0
 0
 0
 0
 0
 0
 0
 0
 0
 0
 0
 0
 0
 0
 0
 0
 0
 0
 0
 0
 0
 0
 0
 0
 0
 0
 0
 0
 0
 0
 0
 0
 0
 0
 0
 0
 0
 0
 0
 0
 0
 0
 0
 0
 0
 0
 0
 0
 0
 0


