# Created by Octave 3.8.2, Fri Nov 20 20:07:19 2015 CET <dkottke@snake9>
# name: mus
# type: matrix
# ndims: 3
 1 30 19
 0
 0
 0.7000556483027282
 0.6336302895322939
 0.6969359331476337
 0.6583054626532893
 0.6492495831017236
 0.6629464285714286
 0.6845337800111666
 0.6592178770949726
 0.6827344434706401
 0.6784116331096196
 0.6827387588257153
 0.6710379464285711
 0.6291316526610645
 0.66015625
 0.6828384687208219
 0.6677890011223342
 0.6776115821468566
 0.6797752808988765
 0.6791036414565829
 0.67963586482105
 0.6780007432181347
 0.6768018018018016
 0.6822535211267607
 0.6767001114827202
 0.6787317620650954
 0.6768973214285714
 0.6718576195773079
 0.6689265536723165
 0
 0
 0.3333333333333333
 0
 0.2
 0.3
 0.4
 0.2
 0.5
 0.3
 0.3666666666666666
 0.1666666666666667
 0.2999999999999999
 0.4333333333333333
 0.4
 0.4166666666666666
 0.4666666666666666
 0.55
 0.6
 0.45
 0.5700000000000001
 0.5599999999999999
 0.74
 0.76
 0.64
 0.6933333333333334
 0.5866666666666667
 0.4666666666666667
 0.4466666666666667
 0.5333333333333333
 0
 0
 0.5575156088200097
 0.4149522487437818
 0.6598916558476782
 0.5527854549784355
 0.5763910260860019
 0.4842591622091326
 0.5604687767760492
 0.5313743156877342
 0.4253569362831138
 0.4490262488494317
 0.4342845454248172
 0.5020286572110951
 0.5704870369875003
 0.108053920473742
 0.5006995628980391
 0.5144971147121203
 0.5241266091444879
 0.4941049927654453
 0.4710242348342553
 0.6307943453239691
 0.4494361503886977
 0.520135954566679
 0.5756986138495807
 0.4981744378564632
 0.4569402703341344
 14.54592767632711
 0.5572592088918932
 0.5698856613327909
 0
 0
 0.6111194436255665
 0.1632111124165413
 0.3100154089052575
 0.327944653269292
 0.5096265062976411
 0.3890242242940529
 0.5055119481937717
 0.5390938736799261
 0.4913234528224917
 0.4999664813802924
 0.5318100363649482
 0.544112385965875
 0.4857387868957626
 0.497561195599992
 0.4900218312650348
 0.4972144592629572
 0.5179375927631698
 0.4929092329902431
 0.5305745217762962
 0.5251511413582887
 0.5411921439075383
 0.495445428420662
 0.5059161858590995
 0.5689869158980539
 0.5837093708751366
 0.5933057824509969
 0.6786461265577935
 0.6548328144181844
 0
 0
 0.6666666666666666
 0
 0.4
 0.3333333333333333
 0.1428571428571428
 0.5
 0.4444444444444444
 0.3
 0.4545454545454545
 0.5
 0.6153846153846154
 0.4444444444444444
 0.2
 0.3333333333333333
 0
 1
 1
 0
 0
 1
 0
 1
 0
 1
 0
 0
 0
 0
 0
 0
 0.8333333333477659
 0.138905558811136
 0.3375006187936472
 0.2916666668144783
 0.3630969415923855
 0.501785716137199
 0.4484127025791292
 0.4035728598475969
 0.4462121421754967
 0.5280303272680051
 0.6172004585530517
 0.4678447454482576
 0.3636361960684943
 0.4338814927327418
 0.3029995743947643
 0.6951750464851458
 0.6871470199839667
 0.3298780572513663
 0.2203563499721778
 0.5059126931781123
 0.496218478193248
 0.5447303680106931
 0.2552352330505272
 0.7085363187707239
 0.447941618170808
 0.2500127174559501
 0.6041919924208818
 0.3333516122089826
 0
 0
 0.7892931470571475
 0.4712799104571712
 0.6247248751785884
 0.5612066848545808
 0.6344985778111678
 0.5850522033715624
 0.5978940790140616
 0.5691976326320578
 0.6967694620400879
 0.5782601813391195
 0.5986221180528967
 0.6166203341433971
 0.6267067163038607
 0.5751694006814208
 0.6199638060674982
 0.5983951191045555
 0.6771758131326763
 0.6651392577616816
 0.6726424040249172
 0.7083056435565321
 0.679816003494648
 0.6790395705176532
 0.6107434942779852
 0.6225463387248946
 0.6219577175286753
 0.6003444063625885
 0.6128768120556172
 0.6352203924707975
 0
 0
 0.611119443666138
 0.1611686282627549
 0.345686522198091
 0.3879560061223855
 0.5058795515078892
 0.5068851659659351
 0.4771020301340729
 0.5278754115505625
 0.5102008677124885
 0.5132715345646397
 0.5311089562391538
 0.5697716145211573
 0.533328606996902
 0.5242557124432581
 0.4919592527871537
 0.5227603060780184
 0.5249191179141643
 0.506445549347936
 0.5140417956386619
 0.5010298063633286
 0.5263490441631318
 0.5165112270543828
 0.5053580718640016
 0.5609446407482781
 0.5836430177036457
 0.5484706187080467
 0.6415238535468097
 0.6474054574769496
 0
 0
 1
 1
 1
 1
 1
 1
 1
 1
 1
 1
 1
 1
 1
 1
 1
 1
 1
 1
 1
 1
 1
 1
 1
 1
 1
 1
 1
 1
 0
 0
 0.8333333333312549
 0.1225656888412987
 0.3000019222573999
 0.2322264799052657
 0.4311534647216773
 0.4082087503229145
 0.38909651204563
 0.4348869187735319
 0.4385521483381141
 0.5287068248341791
 0.536717263490171
 0.547193639538457
 0.4559555390753718
 0.535245604633534
 0.4612085281687363
 0.4811426066644627
 0.5890210901059929
 0.4239804835922936
 0.502656481074462
 0.426036861992136
 0.402053238583603
 0.5161076170206821
 0.675831156722242
 0.7031677199786546
 0.7340841889346653
 0.4875744463906818
 0.7481436437182556
 0.4964076825348215
 0
 0
 0.7892931470571475
 0.4720310493385504
 0.6783530704579006
 0.5614016180650694
 0.7180188544266819
 0.5906914150868019
 0.607276728991141
 0.6219539246183392
 0.7428852480424057
 0.642960412411395
 0.59850951317974
 0.5717982666572887
 0.5514364880661189
 0.6425929967770448
 0.7526055115186737
 0.686822191266294
 0.7097342857282486
 0.57889866418249
 0.6834638935608097
 0.7207934529625478
 0.6091251808218239
 0.6596389550808204
 0.647728215682438
 0.6347779400948516
 0.6293926300379007
 0.6576663974922281
 0.6086721144597762
 0.6529185123237791
 0
 0
 0
 0
 0
 0
 0
 0
 0
 0
 0
 0
 0
 0
 0
 0
 0
 0
 0
 0
 0
 0
 0
 0
 0
 0
 0
 0
 0
 0
 0
 0
 0
 0
 0
 0
 0
 0
 0
 0
 0
 0
 0
 0
 0
 0
 0
 0
 0
 0
 0
 0
 0
 0
 0
 0
 0
 0
 0
 0
 0
 0
 0
 0
 0
 0
 0
 0
 0
 0
 0
 0
 0
 0
 0
 0
 0
 0
 0
 0
 0
 0
 0
 0
 0
 0
 0
 0
 0
 0
 0
 0
 0
 0
 0
 0
 0
 0
 0
 0
 0
 0
 0
 0
 0
 0
 0
 0
 0
 0
 0
 0
 0
 0
 0
 0
 0
 0
 0
 0
 0
 0
 0
 0
 0
 0
 0
 0
 0
 0
 0
 0
 0
 0
 0
 0
 0
 0
 0
 0
 0
 0
 0
 0
 0
 0
 0
 0
 0
 0
 0
 0
 1
 1
 1
 1
 1
 1
 1
 1
 1
 1
 1
 1
 1
 1
 1
 1
 1
 1
 1
 1
 1
 1
 1
 1
 1
 1
 1
 1
 0
 0
 0
 0
 0
 0
 0
 0
 0
 0
 0
 0
 0
 0
 0
 0
 0
 0
 0
 0
 0
 0
 0
 0
 0
 0
 0
 0
 0
 0
 0
 0
 0
 0
 0
 0
 0
 0
 0
 0
 0
 0
 0
 0
 0
 0
 0
 0
 0
 0
 0
 0
 0
 0
 0
 0
 0
 0
 0
 0


