# Created by Octave 3.8.2, Fri Nov 20 20:29:03 2015 CET <dkottke@snake5>
# name: mus
# type: matrix
# ndims: 3
 1 30 19
 0
 0
 0.7156371730662229
 0.7093541202672605
 0.7242339832869089
 0.6962095875139357
 0.7281823235130634
 0.7405133928571429
 0.7431602456728071
 0.7463687150837989
 0.7628874193291371
 0.7511185682326619
 0.7458193979933108
 0.7368861607142855
 0.7383753501400553
 0.7410714285714286
 0.7449486461251164
 0.7446689113355779
 0.7486002239641657
 0.7314606741573033
 0.7327731092436971
 0.7437959845367255
 0.7498141954663696
 0.7381756756756755
 0.747042253521127
 0.7465626161278334
 0.7466329966329966
 0.751674107142857
 0.7408231368186877
 0.7401129943502824
 0
 0
 0.6666666666666666
 0.75
 0.8
 1
 0.8
 0.6
 0.7
 0.7
 0.7333333333333333
 0.7
 0.8666666666666666
 0.7
 0.5999999999999999
 0.7499999999999999
 0.55
 0.45
 0.6333333333333333
 0.55
 0.62
 0.7300000000000001
 0.68
 0.58
 0.64
 0.7333333333333333
 0.6333333333333334
 0.6799999999999999
 0.6533333333333333
 0.5666666666666667
 0
 0
 0.7522770782969166
 0.8290933303907974
 0.8485544494473247
 0.8161918942413414
 0.7608820680061885
 0.7044322625735061
 0.7100578705065916
 0.7453411699399463
 0.5570320116662975
 0.6941694401540128
 0.7031406468831891
 0.6786205784291683
 0.626308458067794
 0.6452649208681794
 0.729311893627094
 0.6594925516725383
 0.6925461619230373
 0.6428232489705595
 0.5418906852714435
 0.6335762242508958
 0.664649991712515
 0.7047865175183643
 0.6815150238792834
 0.7291399792864001
 0.6088415146285272
 0.6934091975481089
 0.6369473956098686
 0.5979476360950743
 0
 0
 0.908905213920474
 0.6383215457298326
 0.7208776174682271
 0.7879428128770782
 0.6698865865263894
 0.6666801168598612
 0.6200358346704585
 0.6213904775567164
 0.6139386143773039
 0.6365869868158959
 0.6042557348471375
 0.59165613762272
 0.6077987713808118
 0.5988020604547712
 0.6039276230644102
 0.5989337837724259
 0.6199425918148675
 0.5997063060243388
 0.5628856041660242
 0.587260674918292
 0.6153590683944367
 0.5974530127414751
 0.6102802570095688
 0.6313911451232317
 0.6035167496910505
 0.6233062023758694
 0.5935378307902994
 0.5622514917587055
 0
 0
 1
 0.75
 0.6
 1
 0.2857142857142857
 0.375
 0.7777777777777778
 0.6
 0.8181818181818182
 0.8333333333333334
 0.8461538461538461
 0.7777777777777778
 0.6
 1
 0.5
 0
 1
 0
 0
 1
 1
 1
 1
 1
 0
 1
 0
 1
 0
 0
 0.9993874184109625
 0.7939309554570828
 0.7075114031903375
 0.7328058932154532
 0.682112982028636
 0.5853653966807111
 0.5903575962556976
 0.5851746839522578
 0.6222599999170738
 0.6240631219637902
 0.596986266176868
 0.5977865296463019
 0.5849750481596222
 0.6719642130329767
 0.5806922905632634
 0.5298464646252966
 0.6342840182258677
 0.5553532739983206
 0.5358758954555558
 0.6187503610494625
 0.605573870723473
 0.5852126566830108
 0.5984704139622601
 0.642117031044553
 0.5447497409345834
 0.6604704819712156
 0.5833125098754994
 0.5879603275378682
 0
 0
 0.3678794411714423
 0.8887595014083051
 0.7530287828681586
 0.8010101332010934
 0.7986153432177483
 0.6975294401328935
 0.7003119874135373
 0.72636042618815
 0.6870914961050489
 0.7029403324927886
 0.6896125891888671
 0.6748441101495374
 0.6766000925836448
 0.7311373304437426
 0.7395355929781605
 0.728030154825945
 0.6509655433383091
 0.7510702132278519
 0.7321498175516352
 0.693839849986144
 0.728414254886848
 0.6811195494634764
 0.7320325604253235
 0.8263215027593109
 0.7031519980061658
 0.6679772296097344
 0.7135665021149851
 0.6957331073990496
 0
 0
 0.9118055841663316
 0.624441630871673
 0.6897074099126174
 0.7250565350690787
 0.6828000823467956
 0.6445061359516749
 0.5971068058362418
 0.6255142486361079
 0.5941472206422788
 0.6332104808849405
 0.59137372184114
 0.5460077374021799
 0.5884060537947617
 0.5960749330218534
 0.6026041073011013
 0.6117461032239659
 0.6300879598184532
 0.6200156922015126
 0.5730211314507483
 0.6004927618941723
 0.6152977684130212
 0.6038306482160739
 0.6159433341244811
 0.6379087213155485
 0.6067005395870444
 0.6307425252165887
 0.6052423781517637
 0.5642821738159788
 0
 0
 0.9992902203791409
 0.9999999802418265
 1
 0.9999999999915086
 0.9999999998390657
 1
 0.9999999999999997
 1
 0.9999999999999998
 0.9968730635988207
 0.9943038426557482
 0.9873473410517212
 0.9837543030613427
 0.9810844246073491
 0.9651324583946922
 0.9720257270752687
 0.9686177433726628
 0.9706879252683636
 0.9635142745789465
 0.9635249982533004
 0.9645568863077212
 0.9536097965754997
 0.9568720303570021
 0.9533915106338807
 0.9514775662921214
 0.9537073907238948
 0.9576007236494628
 0.9432250700075981
 0
 0
 0.9876134185734006
 0.7920184291305031
 0.790302510392624
 0.718942242665917
 0.6937875105663756
 0.5813228310156892
 0.6909122075838803
 0.5942232546490122
 0.5804456814872753
 0.6258724801238168
 0.6262019207970373
 0.5149694678686395
 0.5620805422730697
 0.6215370056835288
 0.5947751891782551
 0.5964703423780086
 0.6224540693519414
 0.6137779058022387
 0.5670831579015247
 0.5793628929514441
 0.6097045938358248
 0.6040753133936777
 0.63149110229784
 0.6273831868759847
 0.6079838099244
 0.6654501312529925
 0.5947772517096845
 0.5657875483478918
 0
 0
 0.3678794411714423
 0.8083161427519492
 0.7321313400553219
 0.7813493473142832
 0.7229886972611067
 0.690354612729485
 0.7048608127553636
 0.7003687296638297
 0.6863902592706781
 0.6773366147879212
 0.6267813103492619
 0.6070494576360853
 0.7347607123174422
 0.6574316364836714
 0.6698501517727609
 0.6999073422822409
 0.8227987619830636
 0.6954053397867899
 0.7019217016421312
 0.7058132091988838
 0.7270236215353498
 0.6823185150442932
 0.7140753532962015
 0.7347298529294441
 0.7101333800274522
 0.7010070570007118
 0.6732559614951068
 0.6885471347205221
 0
 0
 0
 0
 0
 0
 0
 0
 0
 0
 0
 0
 0
 0
 0
 0
 0
 0
 0
 0
 0
 0
 0
 0
 0
 0
 0
 0
 0
 0
 0
 0
 0
 0
 0
 0
 0
 0
 0
 0
 0
 0
 0
 0
 0
 0
 0
 0
 0
 0
 0
 0
 0
 0
 0
 0
 0
 0
 0
 0
 0
 0
 0
 0
 0
 0
 0
 0
 0
 0
 0
 0
 0
 0
 0
 0
 0
 0
 0
 0
 0
 0
 0
 0
 0
 0
 0
 0
 0
 0
 0
 0
 0
 0
 0
 0
 0
 0
 0
 0
 0
 0
 0
 0
 0
 0
 0
 0
 0
 0
 0
 0
 0
 0
 0
 0
 0
 0
 0
 0
 0
 0
 0
 0
 0
 0
 0
 0
 0
 0
 0
 0
 0
 0
 0
 0
 0
 0
 0
 0
 0
 0
 0
 0
 0
 0
 0
 0
 0
 0
 0
 0
 0.9999809155313364
 0.9999999986457138
 0.9999999999976419
 0.9999999999999992
 1
 0.9999984681062041
 0.9999996681217741
 0.9999593735790469
 0.9999999935268434
 0.9979213183173966
 0.9946347321658819
 0.984749399151258
 0.9771311632266956
 0.9739186027617847
 0.9698436925295433
 0.9585557827909277
 0.9624502093112891
 0.9719635670889119
 0.962578380373095
 0.9638241275921223
 0.9579490573651285
 0.95743976564399
 0.9575084159930333
 0.9562225520278987
 0.9396460512982299
 0.9539804700344127
 0.9484801609141648
 0.9505534691053417
 0
 0
 0
 0
 0
 0
 0
 0
 0
 0
 0
 0
 0
 0
 0
 0
 0
 0
 0
 0
 0
 0
 0
 0
 0
 0
 0
 0
 0
 0
 0
 0
 0
 0
 0
 0
 0
 0
 0
 0
 0
 0
 0
 0
 0
 0
 0
 0
 0
 0
 0
 0
 0
 0
 0
 0
 0
 0
 0
 0


