# Created by Octave 3.8.2, Mon Nov 16 03:25:50 2015 CET <dkottke@snake7>
# name: mus
# type: matrix
# ndims: 3
 1 30 19
 0
 0
 0.4987468671679199
 0.4974747474747475
 0.6632911392405063
 0.707070707070707
 0.6967418546365917
 0.6964285714285714
 0.6704545454545459
 0.6948717948717948
 0.7550505050505047
 0.7045454545454545
 0.7164102564102566
 0.6498724489795917
 0.7205128205128207
 0.7604166666666666
 0.7124183006535946
 0.6767676767676766
 0.6666666666666666
 0.65
 0.6215538847117794
 0.7184343434343434
 0.7172492185279908
 0.7734374999999999
 0.768
 0.7594871794871795
 0.7932900432900434
 0.8022959183673469
 0.8308153615499941
 0.8025641025641026
 0
 0
 1
 0
 0
 0.4
 0.6
 0.5
 0.5
 0.6
 0.4666666666666666
 0.7
 0.5999999999999999
 0.7333333333333332
 0.4666666666666666
 0.5333333333333333
 0.6166666666666667
 0.6333333333333333
 0.6833333333333333
 0.8
 0.77
 0.6399999999999999
 0.72
 0.8400000000000001
 0.76
 0.8133333333333332
 0.8066666666666666
 0.8266666666666665
 0.8266666666666668
 0.8
 0
 0
 1
 0.4006136367019026
 0.3954025237518335
 0.5280234035589959
 0.5229910034137127
 0.6783596699994301
 0.5467728313347638
 0.5581942879694602
 0.5528511614552158
 0.6397878237047017
 0.6130729486912793
 0.5517869095196433
 0.4900344821174807
 0.5188297123238821
 0.5717305001585938
 0.6016111609334378
 0.6745547475115804
 0.6953150077143075
 0.7128847203308013
 0.6831504564949578
 0.7632009215254909
 0.7397858150211716
 0.78409332633587
 0.8159466280805991
 0.8254495239128428
 0.8496667823283911
 0.8173069002711388
 0.7941175126597266
 0
 0
 0.9999999999699285
 0.239421205449041
 0.2466535914500593
 0.408076966638752
 0.4887787793874543
 0.5702897987493428
 0.4359048717573233
 0.5003895238266343
 0.5688853802447984
 0.5935413854621269
 0.5515612797304937
 0.5614815933288911
 0.5140851377018906
 0.5043864567732638
 0.5433666281700099
 0.574852823929537
 0.6076059622938637
 0.6286109550706115
 0.6398273644255238
 0.6018446032752189
 0.6283933755528305
 0.6310404572839657
 0.6477477877114423
 0.6573704765030177
 0.6630814909306678
 0.677047205577315
 0.659622322409006
 0.6662948114444441
 0
 0
 0.9999999999673963
 0.2219950615195084
 0.2672229645981309
 0.3534151244914495
 0.5018940509501921
 0.5501930769431806
 0.444486661723098
 0.5191862410230255
 0.573234707544701
 0.5924757092343242
 0.5553912601404938
 0.5714577797991188
 0.5194527451120565
 0.4821242713595478
 0.5382241603362391
 0.5685369971970405
 0.6083094690277878
 0.6243503509869835
 0.6393933836732417
 0.6039818982425105
 0.6333945696467208
 0.6232564389392019
 0.6447111959643756
 0.658942749733365
 0.6628034517890171
 0.6800734609033048
 0.6632891448710577
 0.6707860542071208
 0
 0
 0.9999999999910247
 0.2499513249646366
 0.2666700298111832
 0.3733259559717251
 0.5155081046500147
 0.5904908568824584
 0.4690947619250618
 0.4790550652288592
 0.5653304537889193
 0.5953354185909905
 0.5367135419511211
 0.596437864157249
 0.4942658197151865
 0.5222296560026163
 0.5290479742418862
 0.5390590665945996
 0.6226301241781435
 0.5664063164874114
 0.5956938892528888
 0.562579711231271
 0.6035454792345415
 0.6670321454315351
 0.6114500987807812
 0.622809260221767
 0.6487550150878532
 0.7014671682369268
 0.6078713076279298
 0.673547418864398
 0
 0
 1
 0.5503592961920583
 0.5751451196898169
 0.6097519729949274
 0.6527383481477196
 0.6674606989282269
 0.6039556041669123
 0.670347543504863
 0.8022207055810919
 0.6739249534584998
 0.705591075696095
 0.7341704874511733
 0.6535470776839732
 0.6951334185880833
 0.6876207936950383
 0.6532041584823204
 0.71070288725657
 0.7305289793476437
 0.7823298476212015
 0.7265992195503064
 0.7359606631982758
 0.74650413575838
 0.7595091581667944
 0.7123819894654292
 0.7164365938698189
 0.8221474313316375
 0.7334653023029457
 0.7214565504811098
 0
 0
 0.99999999997459
 0.2768011875299423
 0.2898485816282463
 0.4148873950156011
 0.513434188238326
 0.5894808027962658
 0.4289197538703893
 0.5038908430483455
 0.5585062687517903
 0.5890308765261332
 0.5593557034082974
 0.5656839629895059
 0.5164044022084764
 0.519991425238245
 0.5507582466710409
 0.5702387677331437
 0.604457651692063
 0.6319278345684038
 0.6445294577681855
 0.6169398446604391
 0.636546152775331
 0.6384204487337188
 0.6621634204188194
 0.6775744595889013
 0.6810204260132992
 0.6992766304399078
 0.6757726492991725
 0.6871130253792596
 0
 0
 0.9999999999775542
 0.2264890840737203
 0.3244971539929585
 0.3484349677739326
 0.5192753321230463
 0.5534573772182491
 0.4388967620954992
 0.498584257065946
 0.5649909005538551
 0.5848061842313841
 0.5594239882603854
 0.5717695360977785
 0.5256572821574168
 0.4782965773813905
 0.5381123230267968
 0.5694613189466523
 0.609482989108064
 0.6248322934289479
 0.65189253884739
 0.6236208440342328
 0.6392128869473859
 0.6280902862469006
 0.6555031181554023
 0.6805999024809319
 0.6788339827450678
 0.7018360982118731
 0.6736495417020602
 0.682853625152953
 0
 0
 0.9999999999758236
 0.2500009834798144
 0.2650785087502045
 0.3867969301363556
 0.5283267638338093
 0.6344000521151683
 0.4354248353804752
 0.4980039708031747
 0.5436992736805186
 0.5842716774029679
 0.5391183062526227
 0.5469528081330988
 0.5103244338148667
 0.4975149381680362
 0.5475815413927281
 0.5539160394412116
 0.5912344128304949
 0.6110964920019167
 0.6344476513422891
 0.6129508152878025
 0.6321310127326041
 0.6479905576488265
 0.6635360442397013
 0.6679126957141391
 0.6722274368680852
 0.6911478180401456
 0.6815609049395696
 0.6823030999004531
 0
 0
 1
 0.6016233646480704
 0.6347947063270519
 0.7153819859916917
 0.6335435541433201
 0.6805283321410249
 0.5933708037495451
 0.6221308713284309
 0.7146406702784235
 0.6662225149422046
 0.6745939496717948
 0.6700273598162021
 0.6302018403684621
 0.66393501785117
 0.6982755905263371
 0.6529228351079329
 0.6742667555516563
 0.7166109371991358
 0.701404182440498
 0.7078045302902001
 0.6972979683476469
 0.7145797784986601
 0.7044449133475085
 0.7277579250779158
 0.7370200724930333
 0.7894172331579435
 0.7272898974061721
 0.7313695975488362
 0
 0
 0
 0
 0
 0
 0
 0
 0
 0
 0
 0
 0
 0
 0
 0
 0
 0
 0
 0
 0
 0
 0
 0
 0
 0
 0
 0
 0
 0
 0
 0
 0
 0
 0
 0
 0
 0
 0
 0
 0
 0
 0
 0
 0
 0
 0
 0
 0
 0
 0
 0
 0
 0
 0
 0
 0
 0
 0
 0
 0
 0
 0
 0
 0
 0
 0
 0
 0
 0
 0
 0
 0
 0
 0
 0
 0
 0
 0
 0
 0
 0
 0
 0
 0
 0
 0
 0
 0
 0
 0
 0
 0
 0
 0
 0
 0
 0
 0
 0
 0
 0
 0
 0
 0
 0
 0
 0
 0
 0
 0
 0
 0
 0
 0
 0
 0
 0
 0
 0
 0
 0
 0
 0
 0
 0
 0
 0
 0
 0
 0
 0
 0
 0
 0
 0
 0
 0
 0
 0
 0
 0
 0
 0
 0
 0
 0
 0
 0
 0
 0
 0
 0.9822371523230906
 0.240642610088384
 0.3333083833939504
 0.3551122921996789
 0.5253176390060067
 0.5605088511556301
 0.4425802228091658
 0.5083965340224605
 0.5750196169382302
 0.5778240837168567
 0.5656690544625814
 0.5661722129812982
 0.5247222082939479
 0.4765770991496953
 0.5322643907294826
 0.5678998593481485
 0.6061236394461949
 0.6235441928677383
 0.6525332014319649
 0.6215179280775468
 0.6389036063516592
 0.6282731274303087
 0.6498098662187339
 0.6730058761480712
 0.677149964003168
 0.7008716338966353
 0.6696862915993834
 0.6828626599266535
 0
 0
 0
 0
 0
 0
 0
 0
 0
 0
 0
 0
 0
 0
 0
 0
 0
 0
 0
 0
 0
 0
 0
 0
 0
 0
 0
 0
 0
 0
 0
 0
 0
 0
 0
 0
 0
 0
 0
 0
 0
 0
 0
 0
 0
 0
 0
 0
 0
 0
 0
 0
 0
 0
 0
 0
 0
 0
 0
 0


