# Created by Octave 3.8.2, Fri Nov 20 21:29:12 2015 CET <dkottke@snake7>
# name: mus
# type: matrix
# ndims: 3
 1 30 19
 0
 0
 0.9055973266499587
 0.7123745819397993
 0.7882845188284523
 0.7043551088777222
 0.7265385686438314
 0.7114093959731543
 0.7034252297410187
 0.715126050420168
 0.5963302752293577
 0.5959595959595959
 0.7924331103678925
 0.7942857142857142
 0.8067510548523202
 0.8192567567567568
 0.8859663865546212
 0.8909932659932658
 0.9055973266499577
 0.9101694915254239
 0.8788638262322469
 0.8907126823793489
 0.8913043478260871
 0.8945578231292517
 0.9046808510638301
 0.9142976588628757
 0.9248737373737371
 0.9318310657596375
 0.9268292682926825
 0.9282051282051279
 0
 0
 0.6666666666666666
 1
 1
 1
 1
 1
 1
 1
 1
 1
 0.9333333333333333
 0.8666666666666666
 0.8
 0.8666666666666666
 0.8166666666666667
 0.7833333333333333
 0.7333333333333333
 0.85
 0.82
 0.8099999999999999
 0.8300000000000001
 0.82
 0.8400000000000001
 0.86
 0.8533333333333335
 0.8533333333333333
 0.8533333333333335
 0.8666666666666668
 0
 0
 0.7591921680653113
 0.9484938803917472
 0.7994264606538113
 0.9451284237127988
 0.9658813187834988
 0.9721437950542999
 0.9878194321231168
 0.9681832652056293
 0.9755580050586291
 0.9671771298111734
 0.8950077852764757
 0.895985354786015
 0.8741124142117764
 0.8492888498282553
 0.8831314347600627
 0.8926699425747765
 0.9034062088140586
 0.8916458740302804
 0.8063499936426877
 0.8510393971015381
 0.8632725297659807
 0.8439785549366197
 0.8696234147169271
 0.8824250872199043
 0.8692435553501499
 0.8777777509168188
 0.8688318765537291
 0.8821473685725035
 0
 0
 0.8888888889014877
 0.97917500043144
 0.9783341667886799
 1
 1
 1
 1
 1
 1
 0.9973958827964413
 0.9035086804364714
 0.92552479670251
 0.8550756596534699
 0.8890022090361875
 0.8458818091248914
 0.8817887218360322
 0.9110548947253839
 0.9240941004994633
 0.8679192869996766
 0.8649345814725798
 0.8800265166009219
 0.8914736392484368
 0.8934416452509382
 0.8866479254529779
 0.8869486217171593
 0.898729889955207
 0.8851269073000604
 0.8969772782036733
 0
 0
 0.6666666666666666
 1
 1
 1
 1
 1
 1
 1
 1
 1
 1
 1
 0.8
 1
 1
 1
 1
 1
 0
 0
 1
 1
 1
 1
 1
 1
 1
 1
 0
 0
 0.8333333333395347
 1.388888925804785
 1.200000111997239
 1.175000002932749
 1.125000000751715
 1.04464285757808
 1.036706359414484
 1.011309527781881
 1.018939428476147
 1.013131391145899
 0.9957459812666183
 0.9826681532203079
 0.8221824850300966
 0.9664427259641145
 0.9357127814892447
 1.015798402988031
 1.053833481748868
 0.9388307830153642
 0.5924901662895684
 0.4097538627793086
 1.045455481227076
 1.021732393905256
 1.062500690521042
 1.041666667648592
 1.000000738334132
 1.000000003829958
 1.000000902451185
 1.024812012574187
 0
 0
 0.3678794411714423
 0.9835274675846405
 0.7737021298126353
 0.9393395058898293
 0.9367565089892884
 0.9725962397233415
 0.9143415459655126
 0.9381695447503978
 0.9154678706209598
 0.936742317521321
 0.9111946646466851
 0.8915879781264284
 0.8699362035671544
 0.9119293161073874
 0.8514448655848986
 0.9207422407262582
 0.9416713321145356
 0.8976967257426397
 0.8622314547314642
 0.8699784868034728
 0.8657314977538567
 0.8626242226505114
 0.8730009575980694
 0.8821526947885759
 0.86748285347118
 0.8867156206629748
 0.8922374927838705
 0.8744761052446036
 0
 0
 0.8888888888956917
 0.8695669988582502
 0.8881362061116177
 0.9751872471294524
 0.9886649046682526
 0.9834570165322033
 0.9890644645384148
 0.9992083068072606
 0.9870908965508879
 0.9895951609803608
 0.9195045062576075
 0.9256604448898509
 0.8689677268467433
 0.876360565838943
 0.8289939575455203
 0.8720111920377701
 0.8995225134422
 0.9024168102579802
 0.8625123491633053
 0.8805264035661569
 0.8839105661574284
 0.8740536911881923
 0.8987711668954782
 0.8922914623931804
 0.8878524052572522
 0.8931077936761875
 0.8903596208437465
 0.9033024725789742
 0
 0
 1
 1
 1
 1
 1
 1
 1
 1
 1
 1
 1
 1
 1
 1
 1
 1
 1
 1
 1
 1
 1
 1
 1
 1
 1
 1
 1
 1
 0
 0
 0.8333333333373345
 1.421569378189623
 1.293481722658056
 1.256303973063709
 1.241351340437861
 1.133008072099451
 1.087795324007973
 1.035329702021332
 1.033844879704413
 1.040793304606489
 0.8477628590068315
 0.8601347778970722
 0.7872975354819878
 0.8694092331134684
 0.7736840976221141
 0.794259817407752
 0.8818818512245724
 1.092916056595722
 0.810226062790166
 0.8059579384192627
 0.9083865557741466
 0.8909562344423456
 1.045018688696667
 1.084844317652185
 0.9909981061288144
 1.000000000003731
 0.9922990003203584
 0.8711520118355617
 0
 0
 0.3678794411714423
 0.973234771147462
 0.798209840796854
 0.9808837966049619
 0.9542796654363914
 0.9046159030024161
 0.9877485342502124
 0.9548104801212061
 0.9180693254067017
 0.901940262956476
 0.8887637462816809
 0.8524374569281091
 1.038216125310852
 0.8776184747468171
 0.8552906258265818
 0.8615978818859126
 0.9086573906478177
 1.067833360400446
 0.9793467097214419
 0.9749375568969547
 1.014710878671467
 0.9955331559043017
 0.8753333952016394
 1.004550287196066
 0.8894215733774262
 0.8975299670779174
 0.981410563911281
 0.959083081011215
 0
 0
 0
 0
 0
 0
 0
 0
 0
 0
 0
 0
 0
 0
 0
 0
 0
 0
 0
 0
 0
 0
 0
 0
 0
 0
 0
 0
 0
 0
 0
 0
 0
 0
 0
 0
 0
 0
 0
 0
 0
 0
 0
 0
 0
 0
 0
 0
 0
 0
 0
 0
 0
 0
 0
 0
 0
 0
 0
 0
 0
 0
 0
 0
 0
 0
 0
 0
 0
 0
 0
 0
 0
 0
 0
 0
 0
 0
 0
 0
 0
 0
 0
 0
 0
 0
 0
 0
 0
 0
 0
 0
 0
 0
 0
 0
 0
 0
 0
 0
 0
 0
 0
 0
 0
 0
 0
 0
 0
 0
 0
 0
 0
 0
 0
 0
 0
 0
 0
 0
 0
 0
 0
 0
 0
 0
 0
 0
 0
 0
 0
 0
 0
 0
 0
 0
 0
 0
 0
 0
 0
 0
 0
 0
 0
 0
 0
 0
 0
 0
 0
 0
 1
 1
 1
 1
 1
 1
 1
 1
 1
 1
 1
 1
 1
 1
 1
 1
 1
 1
 1
 1
 1
 1
 1
 1
 1
 1
 1
 1
 0
 0
 0
 0
 0
 0
 0
 0
 0
 0
 0
 0
 0
 0
 0
 0
 0
 0
 0
 0
 0
 0
 0
 0
 0
 0
 0
 0
 0
 0
 0
 0
 0
 0
 0
 0
 0
 0
 0
 0
 0
 0
 0
 0
 0
 0
 0
 0
 0
 0
 0
 0
 0
 0
 0
 0
 0
 0
 0
 0


