# Created by Octave 3.8.2, Sun Nov 15 14:46:36 2015 CET <dkottke@snake4>
# name: mus
# type: matrix
# ndims: 3
 1 30 19
 0
 0
 0.4974958263772944
 0.4493318485523385
 0.4696378830083566
 0.4397993311036789
 0.4413563090605895
 0.4363839285714285
 0.5047459519821331
 0.5145251396648043
 0.5339016811409451
 0.6621923937360179
 0.6722408026755852
 0.694056919642857
 0.6224089635854345
 0.6579241071428571
 0.6433986928104573
 0.658249158249158
 0.6416173412254039
 0.6382022471910112
 0.6508683473389356
 0.6652325726399799
 0.6791155704199183
 0.6993243243243242
 0.7030985915492957
 0.7004830917874395
 0.690796857463524
 0.6955915178571427
 0.6996662958843159
 0.6807909604519774
 0
 0
 1
 0
 0.4
 0.7
 0.8
 0.5
 0.6
 0.4
 0.4333333333333333
 0.3666666666666666
 0.1
 0.2333333333333333
 0.1333333333333333
 0.2333333333333333
 0.25
 0.4333333333333333
 0.3166666666666667
 0.4
 0.39
 0.29
 0.3
 0.33
 0.32
 0.2733333333333333
 0.36
 0.5133333333333334
 0.5466666666666667
 0.6
 0
 0
 1
 0.2682224617628621
 0.3613462087807361
 0.5655273772540974
 0.633492583233515
 0.68421760029723
 0.5509886044010406
 0.56851892376366
 0.5240678295556385
 -0.6613107756339269
 0.3112816329448707
 0.2748293453773105
 0.02132183915917818
 0.2735963577454781
 0.303845748718419
 0.3574903809913936
 0.5130608656908339
 0.4335829702118948
 0.4284392309518704
 0.3918223696527272
 0.4446721503392179
 0.3624542737866114
 0.4183189310016326
 0.5657234972214731
 0.5648116549447615
 0.6273306481036092
 0.5680950053348053
 0.6252304869717772
 0
 0
 0.9999999999753721
 0.3088163463643181
 0.3796388929565965
 0.5174742957519484
 0.5144280363689574
 0.5464377763096907
 0.5035462258911252
 0.4794086819220237
 0.4216924540153381
 0.4160053717881795
 0.3696677166605973
 0.3578974722787227
 0.3553792925289455
 0.3625573220518679
 0.3902710452135028
 0.4042444270654558
 0.4166820558416376
 0.4514693087851571
 0.4365275685337436
 0.4506609839704943
 0.4665943173850223
 0.4721817641608018
 0.4940515684036182
 0.5225291683750641
 0.551115905812735
 0.5742660348445705
 0.5474148369702582
 0.5715447254463584
 0
 0
 0.9999999999776544
 0.3053426533244313
 0.3749851400058244
 0.4845627164692545
 0.4933659071851161
 0.5479195531485531
 0.5072752894945678
 0.4723443910833145
 0.4181160336589904
 0.4197210368580695
 0.3679580237832013
 0.3649738273742209
 0.3608266151597718
 0.3582951876379378
 0.3960728752835408
 0.405739867655077
 0.4146939411602227
 0.4540617444977614
 0.4415701768923171
 0.4518687620594796
 0.4649205767754939
 0.4715261551167418
 0.4929980530178178
 0.5219459703305956
 0.5459194148680759
 0.5742660230309194
 0.5417306489217598
 0.5783905611845969
 0
 0
 0.9999999999945978
 0.2777500384346915
 0.291608260967805
 0.4948566238204545
 0.5272355545098959
 0.5240879940604656
 0.5166532640072918
 0.4865653566838404
 0.4411865103815354
 0.4243777890377458
 0.3672891533254685
 0.3680391968773956
 0.3460314916923609
 0.3372496969803629
 0.3943942645077259
 0.3796877680994086
 0.3990222154128912
 0.4328543258625228
 0.4889970297644923
 0.4263461228521082
 0.5417450257463237
 0.480389154870518
 0.4682211970092331
 0.5060763083316749
 0.5987702180280471
 0.5809829323717047
 0.5628858980378154
 0.56525392978579
 0
 0
 1
 0.6504530224859474
 0.5528959008267562
 0.5509744791076914
 0.5648575171516477
 0.7212633724888039
 0.5934600615257268
 0.6328009719477571
 0.61238593245888
 0.5444780818913695
 0.5689742719614915
 0.5640722157460971
 0.5326263911114675
 0.5783386430785382
 0.5731528684845048
 0.601625843925878
 0.5955865604164393
 0.6499129652047307
 0.6058763384419226
 0.5662515773361612
 0.6150674788450825
 0.6103675686343477
 0.6746986511532123
 0.6760411678012058
 0.6632330254002869
 0.6703427884311453
 0.6747065442798925
 0.6977550212568756
 0
 0
 0.9999999999845988
 0.3328436877020226
 0.3430543225164367
 0.4841917255636293
 0.4742836648867734
 0.553830646968019
 0.5563168439301084
 0.5009623565382014
 0.4369165572616099
 0.415727945377427
 0.3844542053412245
 0.3748761749480539
 0.3662912595907903
 0.378888605374386
 0.3935782261230636
 0.4105000385780486
 0.4260911239299237
 0.4556979009962829
 0.4399018018663525
 0.4513115460504345
 0.4710021278648939
 0.4823909417964789
 0.4963928337048324
 0.5261362693106796
 0.5528233953608497
 0.5670187310563315
 0.5410320380371541
 0.5744194093352997
 0
 0
 0.9999999999699285
 0.3261066280463542
 0.3522352457455416
 0.500695407236306
 0.4695475935999288
 0.5805645709470834
 0.5511094351576107
 0.5022532105485221
 0.4304188487334527
 0.4340413824180617
 0.3844924251360877
 0.3875114519316746
 0.3659272812358214
 0.3754124604869875
 0.4071678733080084
 0.4154168001812566
 0.4196889334082119
 0.449851762731418
 0.4369280812762542
 0.4517425956275603
 0.4755727152996849
 0.4798556903900606
 0.4926232576280206
 0.5226993878109812
 0.5387134275423222
 0.5628814814607681
 0.5346143079043375
 0.5788551212449766
 0
 0
 0.9999999999951338
 0.2811533008691143
 0.3315493403344039
 0.4170711309077256
 0.6402797735933834
 0.5417451607224842
 0.5238437234182785
 0.5080800728196669
 0.4255644630987459
 0.4103824517941466
 0.381138667575703
 0.3708508895077106
 0.3591104305075261
 0.3742435087135276
 0.3936532139904904
 0.4049084425385666
 0.4126670197204571
 0.4424675806662515
 0.4267772142821571
 0.445936691641388
 0.4602449485224795
 0.470278371340096
 0.4921836282317853
 0.5107271622889226
 0.5340811826014378
 0.5566460979282595
 0.5543497945155773
 0.5608867940892628
 0
 0
 1
 0.7037344960542317
 0.5914737873036529
 0.5428463568504535
 0.5562526711334035
 0.6742949708268493
 0.5863937032059117
 0.6378052784013494
 0.6137856364597295
 0.5857211782039635
 0.5881562044114087
 0.6043956745358767
 0.5633436794492779
 0.5685212463913748
 0.6062822725360096
 0.5783106044083001
 0.5851040885979863
 0.5943844817793936
 0.595172292248458
 0.6014997685786504
 0.6137676136758091
 0.6157328151471587
 0.7065511856571076
 0.6709624984234351
 0.6524676827066116
 0.6752364764728493
 0.6805331075656591
 0.6749760024165081
 0
 0
 0
 0
 0
 0
 0
 0
 0
 0
 0
 0
 0
 0
 0
 0
 0
 0
 0
 0
 0
 0
 0
 0
 0
 0
 0
 0
 0
 0
 0
 0
 0
 0
 0
 0
 0
 0
 0
 0
 0
 0
 0
 0
 0
 0
 0
 0
 0
 0
 0
 0
 0
 0
 0
 0
 0
 0
 0
 0
 0
 0
 0
 0
 0
 0
 0
 0
 0
 0
 0
 0
 0
 0
 0
 0
 0
 0
 0
 0
 0
 0
 0
 0
 0
 0
 0
 0
 0
 0
 0
 0
 0
 0
 0
 0
 0
 0
 0
 0
 0
 0
 0
 0
 0
 0
 0
 0
 0
 0
 0
 0
 0
 0
 0
 0
 0
 0
 0
 0
 0
 0
 0
 0
 0
 0
 0
 0
 0
 0
 0
 0
 0
 0
 0
 0
 0
 0
 0
 0
 0
 0
 0
 0
 0
 0
 0
 0
 0
 0
 0
 0
 0.9750460521419159
 0.3382445727768247
 0.3545604279999498
 0.4692617410744291
 0.4799342550156564
 0.5817043317900586
 0.5530599668400892
 0.5018255982173648
 0.4338476807590486
 0.4449021259081282
 0.3788807299086487
 0.3844937726127922
 0.3689244550379464
 0.3759943125119202
 0.4037974814281652
 0.4112231538757598
 0.4217408468452599
 0.4534691581643771
 0.4391644727362847
 0.4491302045405068
 0.4715807913356609
 0.480406434704018
 0.4946135995481731
 0.5220679958300639
 0.534336742722898
 0.5587223280755743
 0.529915675491284
 0.5753777311819316
 0
 0
 0
 0
 0
 0
 0
 0
 0
 0
 0
 0
 0
 0
 0
 0
 0
 0
 0
 0
 0
 0
 0
 0
 0
 0
 0
 0
 0
 0
 0
 0
 0
 0
 0
 0
 0
 0
 0
 0
 0
 0
 0
 0
 0
 0
 0
 0
 0
 0
 0
 0
 0
 0
 0
 0
 0
 0
 0
 0


