# Created by Octave 3.8.2, Sun Nov 15 15:04:12 2015 CET <dkottke@snake3>
# name: mus
# type: matrix
# ndims: 3
 1 30 19
 0
 0
 0.4974958263772959
 0.6586859688195991
 0.677437325905293
 0.6956521739130438
 0.6942745969983334
 0.7248883928571429
 0.6253489670575094
 0.7340782122905029
 0.7308580989562592
 0.7192393736017895
 0.7233370494240056
 0.7173549107142854
 0.7075630252100842
 0.7103794642857143
 0.7097665732959846
 0.7138047138047136
 0.7149256119020957
 0.7117977528089889
 0.7126050420168071
 0.7128694350916575
 0.7143255295429213
 0.7150900900900901
 0.7211267605633803
 0.7136752136752136
 0.7188552188552187
 0.7142857142857143
 0.7099555061179089
 0.7146892655367233
 0
 0
 1
 0.5
 0.6
 0.4
 0.3
 0.6
 0.5
 0.6
 0.5666666666666667
 0.7333333333333333
 0.7666666666666666
 0.6
 0.7333333333333333
 0.6666666666666666
 0.7333333333333333
 0.6666666666666667
 0.6333333333333333
 0.75
 0.72
 0.64
 0.61
 0.49
 0.64
 0.7
 0.5866666666666667
 0.6466666666666667
 0.6266666666666667
 0.7333333333333333
 0
 0
 1
 0.6441395372520713
 0.5423230777553032
 0.4626120543040815
 0.5065044266356433
 0.4819944282256836
 0.678897710314998
 0.695490157417491
 0.6775299693179835
 0.7033548520354553
 0.5717607690508553
 0.6923228432349475
 0.5312242916687365
 0.5320698531817255
 0.5411884806346885
 0.5841917356359021
 0.5227792091137368
 0.6513745789092942
 0.6316220136458922
 0.6344854322853826
 0.5127200821877054
 0.7245345393597262
 0.5688202355245866
 0.6107941129701098
 0.5482180603929399
 0.5434451177967425
 0.6990234931742862
 0.5851947775372968
 0
 0
 0.9999999999670537
 0.4222437249404979
 0.6079600545073339
 0.4624642156002421
 0.4914706980739314
 0.545932065584963
 0.6018243480060254
 0.6183406906033901
 0.5899355252109162
 0.5648416040935728
 0.5388832376885595
 0.5350933743048785
 0.5583785930738857
 0.5536054234709343
 0.5477674656837976
 0.5581409150512863
 0.5602435405781738
 0.5611884592610171
 0.5394069771730143
 0.5365563527445254
 0.5465792803440486
 0.5496581429350045
 0.5440926066356173
 0.5395032846640141
 0.5433688136647303
 0.5405490866774644
 0.5542160537477475
 0.5455641882934557
 0
 0
 0.9999999999805625
 0.4916594174504075
 0.6105293255581516
 0.4790530942649424
 0.4850258852879056
 0.5267798894205268
 0.5781844721264082
 0.6224712690435709
 0.592915980587663
 0.5858516697628747
 0.5517393293243865
 0.5249143357994558
 0.5562055916263758
 0.5412622558414178
 0.5476480888023624
 0.5625551463375602
 0.5618300724038011
 0.5519646230286849
 0.5337795933686631
 0.5266117918730369
 0.5477579043926535
 0.548078667228548
 0.5434542134357968
 0.5383585757594425
 0.5436388726622989
 0.5424697275113717
 0.549816553173998
 0.5451627757657342
 0
 0
 0.99999999999254
 0.5928608687596788
 0.6082547220287227
 0.3866404795171278
 0.4543549625007396
 0.5142899918312329
 0.592673257441116
 0.6419651041219214
 0.5556692787530582
 0.5826352463097684
 0.5433390340990292
 0.5668183011396184
 0.5551158135291233
 0.5734906832265405
 0.5176083439462226
 0.5705286167145264
 0.5550984334159754
 0.5737367738387333
 0.5589089478602776
 0.5354630996229298
 0.5109081012894076
 0.5714973821028996
 0.4775937697576177
 0.500734684577095
 0.5124336636662414
 0.5101702362096945
 0.5530536986794887
 0.5426344614662815
 0
 0
 1
 0.7555778049979307
 0.6167013598182178
 0.6780769647239178
 0.6727850104706506
 0.6841054222026342
 0.7306004473600729
 0.7456233715774172
 0.6932966847192283
 0.7373504501788058
 0.727426832712797
 0.7817672211148887
 0.6817940103309604
 0.7403701671919132
 0.7062204263024344
 0.6789500560732115
 0.7248476292570836
 0.6974768065825178
 0.6656440560601855
 0.7118004673082781
 0.6808627839511624
 0.7431864884014546
 0.637233697916595
 0.6513005748570075
 0.6850267586759068
 0.6471506584173816
 0.6422571452149447
 0.6612962705225426
 0
 0
 0.9999999999795151
 0.4193664956118093
 0.5759248342112291
 0.4766394128821539
 0.5294408720172646
 0.5820680969964591
 0.6293306476025433
 0.6234779785860673
 0.615740901369753
 0.5906688389881127
 0.5641769356025951
 0.5414412242275722
 0.566899808635596
 0.5773252046738994
 0.561158496359751
 0.5793174206288166
 0.5691920993163114
 0.5730201720146122
 0.5550034252594859
 0.5411815001559964
 0.5518617586727402
 0.5596673761180806
 0.5483753833222164
 0.5462502224288559
 0.5501214039604705
 0.5443675787870771
 0.5591533639124286
 0.5543475078708761
 0
 0
 0.9999999999772786
 0.5073871781691841
 0.563724908232507
 0.4880109369917612
 0.5115655747060862
 0.5411251199121614
 0.6265722851611691
 0.6373944007797419
 0.6117815392083397
 0.5888251417353749
 0.5577025193276354
 0.5428195151252837
 0.5602044702330955
 0.5720382131157038
 0.5594101641360013
 0.5780116171977837
 0.5746766317383305
 0.5653198615395
 0.5480374980317287
 0.5342103926788259
 0.548974901513412
 0.5653039493111093
 0.5487455152550894
 0.5429123591508629
 0.5491519017020704
 0.5466331378023702
 0.5538827162103747
 0.550904850668228
 0
 0
 0.9999999999792519
 0.6114668906797092
 0.5082593559621443
 0.3805639545342474
 0.520060145781288
 0.57448045484956
 0.6138956424569418
 0.6263184740420904
 0.6067527423477789
 0.5869521474597026
 0.5414345487006127
 0.527245659015794
 0.5503202269750984
 0.5524530028576526
 0.5496238934403176
 0.58190585034417
 0.5609759093612124
 0.5689635255135131
 0.5601004487762955
 0.5368332249005097
 0.538644377861237
 0.5486882753616474
 0.5369383264874249
 0.5369458677863326
 0.540316295584676
 0.5373443455873957
 0.5470712478989187
 0.5477292055912063
 0
 0
 1
 0.7854482237183492
 0.6163030380238627
 0.6715650395176137
 0.6023983996926335
 0.7475604604806225
 0.7057693404900036
 0.8024361197976001
 0.6939662947344617
 0.7281348844988111
 0.6925928665017621
 0.6767686254124995
 0.7062830512238253
 0.6679659140017187
 0.6727697608681803
 0.6881165975672119
 0.7000016602023345
 0.6997909493227848
 0.6830354845791324
 0.6719399496999076
 0.6722405938362693
 0.6917743522856976
 0.6543621112097163
 0.6442748169732747
 0.6736522131710703
 0.6561146178353005
 0.6540829882800143
 0.6413519595412871
 0
 0
 0
 0
 0
 0
 0
 0
 0
 0
 0
 0
 0
 0
 0
 0
 0
 0
 0
 0
 0
 0
 0
 0
 0
 0
 0
 0
 0
 0
 0
 0
 0
 0
 0
 0
 0
 0
 0
 0
 0
 0
 0
 0
 0
 0
 0
 0
 0
 0
 0
 0
 0
 0
 0
 0
 0
 0
 0
 0
 0
 0
 0
 0
 0
 0
 0
 0
 0
 0
 0
 0
 0
 0
 0
 0
 0
 0
 0
 0
 0
 0
 0
 0
 0
 0
 0
 0
 0
 0
 0
 0
 0
 0
 0
 0
 0
 0
 0
 0
 0
 0
 0
 0
 0
 0
 0
 0
 0
 0
 0
 0
 0
 0
 0
 0
 0
 0
 0
 0
 0
 0
 0
 0
 0
 0
 0
 0
 0
 0
 0
 0
 0
 0
 0
 0
 0
 0
 0
 0
 0
 0
 0
 0
 0
 0
 0
 0
 0
 0
 0
 0
 0.981363973166024
 0.4872846858851737
 0.5623932730125987
 0.4691123273572756
 0.516183665103617
 0.5440926711720548
 0.6372304954876481
 0.6315670930602697
 0.6221055661836605
 0.5876318918856831
 0.5634265583709286
 0.5389506333672074
 0.5656018340337625
 0.567794481662542
 0.5592956898453527
 0.5762576482796233
 0.5746063926335553
 0.563173075386358
 0.5467348378448512
 0.5375171224151019
 0.5504698594314468
 0.5596539058807449
 0.545261022606671
 0.5412710486451138
 0.5491743737090301
 0.5470321954147114
 0.5532967678687167
 0.5473474378599522
 0
 0
 0
 0
 0
 0
 0
 0
 0
 0
 0
 0
 0
 0
 0
 0
 0
 0
 0
 0
 0
 0
 0
 0
 0
 0
 0
 0
 0
 0
 0
 0
 0
 0
 0
 0
 0
 0
 0
 0
 0
 0
 0
 0
 0
 0
 0
 0
 0
 0
 0
 0
 0
 0
 0
 0
 0
 0
 0
 0


