# Created by Octave 3.8.2, Sat Nov 21 02:03:27 2015 CET <dkottke@snake7>
# name: mus
# type: matrix
# ndims: 3
 1 30 19
 0
 0
 0.5689223057644111
 0.6565656565656566
 0.6050632911392405
 0.5631313131313131
 0.6140350877192985
 0.6071428571428571
 0.6079545454545456
 0.6692307692307692
 0.7859848484848483
 0.7499999999999998
 0.7769230769230773
 0.7786989795918366
 0.8397435897435899
 0.8463541666666666
 0.82665529980108
 0.8093434343434344
 0.8145363408521303
 0.7999999999999999
 0.7468671679197996
 0.7765151515151516
 0.778630292696789
 0.7890625
 0.8133333333333332
 0.8230769230769232
 0.8427128427128425
 0.8469387755102042
 0.8348518048667976
 0.8461538461538463
 0
 0
 0.6666666666666666
 1
 1
 1
 0.6
 0.9
 0.8
 0.7
 0.4666666666666666
 0.8333333333333333
 0.7
 0.7333333333333333
 0.7333333333333333
 0.7999999999999999
 0.9
 0.8333333333333333
 0.6666666666666666
 0.6
 0.62
 0.65
 0.68
 0.79
 0.8400000000000001
 0.8400000000000001
 0.8933333333333333
 0.9266666666666665
 0.9333333333333333
 0.9666666666666668
 0
 0
 0.6924818902996206
 0.8789556376711273
 0.9620727664702865
 0.8988607105874308
 0.8826513967916236
 0.8107938463370303
 0.8785447481056481
 0.7774935632923478
 0.8370935016961831
 0.8406153162382279
 0.8524128962069686
 0.8454927595564001
 0.9045002355335999
 0.8337329206762873
 0.866414123028197
 0.8621586232237126
 0.8258852411151798
 0.8428991018987541
 0.8404386346109303
 0.857457900788217
 0.8422128344878465
 0.8455590065172712
 0.8496364720874802
 0.859092946453302
 0.8528793795183498
 0.8781453690550505
 0.8589291581447643
 0.9077896696020111
 0
 0
 0.7160069348451716
 0.974671387756322
 0.8491380682859737
 0.8472047272454678
 0.8147381950930234
 0.7888451028439772
 0.8818221620774533
 0.7646615076802127
 0.6904258634664153
 0.7198117188278699
 0.7421184321326563
 0.7635541131491023
 0.7632988959423181
 0.7785052072386535
 0.7752078325692777
 0.790154674648469
 0.7342072481380258
 0.7496751745018954
 0.7560918243536583
 0.7764756616783475
 0.7793698687712504
 0.7725985340042072
 0.7752694162634445
 0.7933236244919686
 0.7824309732327517
 0.7933756159388388
 0.7981900304505553
 0.8111636239238893
 0
 0
 0.6666666666666666
 1
 1
 1
 0.8571428571428571
 0.75
 1
 0.9
 0.8181818181818182
 0.8333333333333334
 0.9230769230769231
 0.7777777777777778
 1
 1
 1
 1
 1
 1
 1
 0
 1
 1
 1
 1
 1
 1
 1
 1
 0
 0
 0.6775694666254135
 0.9995020237991303
 0.8276913561158049
 0.9117372847061364
 0.8402890413843764
 0.8107075097536784
 0.8086746846646272
 0.7840568517340145
 0.724964823617357
 0.6985990576803601
 0.7358450043411979
 0.7157487871683536
 0.7769817315010094
 0.7599963723937788
 0.780856658749458
 0.8131291146776563
 0.7326231546106976
 0.699712361905396
 0.8653401554003184
 0.7322277319630566
 0.7484277560234235
 0.7761888647686515
 0.7227511735109521
 0.7383450660799578
 0.7804354351844559
 0.7415602407532444
 0.9278417768729613
 0.8171271690924244
 0
 0
 0.3678794411714423
 0.7326830663859332
 0.8293300555440332
 0.8263710359370551
 0.8330864844360044
 0.8411120524905764
 0.8775278719053365
 0.7770756834341016
 0.7885538637537974
 0.7595995101684989
 0.7809803186460906
 0.8156906518511451
 0.8089398512229394
 0.8360097471678163
 0.7918327074536202
 0.8406796976316695
 0.7995002692002029
 0.8019763611000466
 0.7781181183642643
 0.8158251685979794
 0.7890632497368053
 0.7991511155168092
 0.7906869513125214
 0.8413434117979526
 0.8222628126494771
 0.8081978517370586
 0.8363957135952496
 0.7547130112554746
 0
 0
 0.7193979246688673
 0.9612717305466387
 0.8510055886218468
 0.7934394936706162
 0.8285575555196747
 0.8086474990029974
 0.857996483007173
 0.7465132857452285
 0.6599824987208951
 0.709703755766564
 0.7271676561950837
 0.7476451903301453
 0.7516912684543243
 0.7847929232157403
 0.7815501647617114
 0.8073349681048123
 0.7489505475907726
 0.7569698824990091
 0.7773913093690793
 0.7925716494341
 0.8007141293865453
 0.7980677914854679
 0.7782636249583365
 0.7993455201795092
 0.8054224059373052
 0.8111159038000892
 0.8217213297318409
 0.8195548961427086
 0
 0
 0.9999983744211851
 0.9999980360004752
 0.9999999999999829
 0.9999999982528662
 0.9999999999999999
 0.9999999999999784
 1
 1
 0.99999999999685
 0.9999511392031248
 0.9962649450375313
 0.9835885435616974
 0.9818842140376782
 0.9770540640921834
 0.9752377454993317
 0.9739567573320737
 0.9687099278624079
 0.9624040473632547
 0.9551271614412068
 0.9575117542309468
 0.9659058213696974
 0.9584479640662082
 0.957208122348109
 0.9606907423608421
 0.9493680261233591
 0.9584429423894312
 0.9520998564177403
 0.9606005971542327
 0
 0
 0.72291457848914
 0.9999687410849332
 0.7536767182598721
 0.8593873012736671
 0.857016719246125
 0.7688681293652764
 0.9515854179315387
 0.713916210693111
 0.6837210993025474
 0.6627306562225672
 0.6938147154076001
 0.8242794600289588
 0.7242006120178069
 0.7496370171759081
 0.7575938464669358
 0.7784482125150887
 0.7253401711131614
 0.7418693387546968
 0.8329108261851823
 0.8304234253949189
 0.7806893249541876
 0.7747831012076992
 0.7694166967652856
 0.787566459060958
 0.7960755355947404
 0.7915764248637716
 0.7811721823475162
 0.8134545164489344
 0
 0
 0.3678794411714423
 0.7342118419509366
 0.8271214019027102
 0.8042629657369416
 0.8278447365138528
 0.8296383971170813
 0.8567950945624631
 0.7690835958321471
 0.7385856252974773
 0.7414440843498344
 0.880520855903189
 0.7908533149921697
 0.7854542154810177
 0.7818204791565575
 0.8160324800437907
 0.8109020803019464
 0.7489726425923606
 0.7902745752696425
 0.7641737404609079
 0.7865236552616823
 0.8017477642931248
 0.7876120792656753
 0.795807072268745
 0.7837160417010103
 0.8005760794200563
 0.8000732840207888
 0.7947045992194544
 0.7889074214502718
 0
 0
 0
 0
 0
 0
 0
 0
 0
 0
 0
 0
 0
 0
 0
 0
 0
 0
 0
 0
 0
 0
 0
 0
 0
 0
 0
 0
 0
 0
 0
 0
 0
 0
 0
 0
 0
 0
 0
 0
 0
 0
 0
 0
 0
 0
 0
 0
 0
 0
 0
 0
 0
 0
 0
 0
 0
 0
 0
 0
 0
 0
 0
 0
 0
 0
 0
 0
 0
 0
 0
 0
 0
 0
 0
 0
 0
 0
 0
 0
 0
 0
 0
 0
 0
 0
 0
 0
 0
 0
 0
 0
 0
 0
 0
 0
 0
 0
 0
 0
 0
 0
 0
 0
 0
 0
 0
 0
 0
 0
 0
 0
 0
 0
 0
 0
 0
 0
 0
 0
 0
 0
 0
 0
 0
 0
 0
 0
 0
 0
 0
 0
 0
 0
 0
 0
 0
 0
 0
 0
 0
 0
 0
 0
 0
 0
 0
 0
 0
 0
 0
 0
 0.9999964241420167
 0.9999999722736441
 0.9999999997204493
 0.9999999999090308
 0.9999999622439286
 0.999999986248722
 0.9911361034612235
 0.9999973621896069
 0.9999999890599417
 0.9973598427610431
 0.9987087786495173
 0.9845297319238193
 0.9815885392334732
 0.9761509204799064
 0.9653898807687383
 0.9686775415561603
 0.9710909439677972
 0.9571917215152591
 0.9539819883649724
 0.9627003722399283
 0.9657764790052449
 0.960626656305683
 0.9487643088817811
 0.9623668069702167
 0.9545084803132186
 0.9587654354481008
 0.949896016770071
 0.9531281659693934
 0
 0
 0
 0
 0
 0
 0
 0
 0
 0
 0
 0
 0
 0
 0
 0
 0
 0
 0
 0
 0
 0
 0
 0
 0
 0
 0
 0
 0
 0
 0
 0
 0
 0
 0
 0
 0
 0
 0
 0
 0
 0
 0
 0
 0
 0
 0
 0
 0
 0
 0
 0
 0
 0
 0
 0
 0
 0
 0
 0


