# Created by Octave 3.8.2, Sun Nov 15 23:39:05 2015 CET <dkottke@snake6>
# name: mus
# type: matrix
# ndims: 3
 1 30 19
 0
 0
 0.581453634085213
 0.6060606060606061
 0.5088607594936708
 0.5934343434343434
 0.5338345864661656
 0.6811224489795918
 0.6919191919191923
 0.6538461538461536
 0.6900252525252525
 0.712121212121212
 0.7120512820512821
 0.7104591836734695
 0.717948717948718
 0.7291666666666666
 0.7371412333049163
 0.726010101010101
 0.7017543859649122
 0.7368421052631579
 0.6867167919799498
 0.7285353535353536
 0.7257743677181017
 0.7330729166666667
 0.7333333333333333
 0.7312820512820511
 0.7312409812409812
 0.7321428571428573
 0.7299042786299157
 0.7333333333333333
 0
 0
 0.3333333333333333
 0.5
 1
 0.8
 0.9
 0.7
 0.8
 0.6
 0.7333333333333333
 0.6666666666666666
 0.6333333333333333
 0.8
 0.7999999999999999
 0.6333333333333333
 0.7166666666666666
 0.5833333333333333
 0.5833333333333333
 0.5
 0.6799999999999999
 0.51
 0.6900000000000001
 0.6599999999999999
 0.72
 0.5866666666666667
 0.5533333333333333
 0.6866666666666668
 0.7533333333333333
 0.7333333333333334
 0
 0
 0.5259095808785818
 0.5382381733380039
 0.8542984527522828
 0.8129439162650186
 0.7753176925252236
 0.6988999071446638
 0.6108689312738098
 0.7083817155270921
 0.6798875616677362
 0.7477838970274056
 0.6468931415984478
 0.6971719361130309
 0.6604773613165997
 0.7481350751156437
 0.7550833844329257
 0.5878840746867715
 0.6260030041945899
 0.7528746110805399
 0.609140206059046
 0.6537189297865907
 0.729380796977412
 0.6069258153354418
 0.6732790545949379
 0.5733461438443956
 0.6692904869749953
 0.6709879727458676
 0.6412633126890638
 0.6585110476238601
 0
 0
 0.3742378486372662
 0.4993737497137095
 0.641026710956213
 0.5068131054877555
 0.5859138643893794
 0.5422336140020841
 0.5176788961509532
 0.5265110818578376
 0.5277983759231342
 0.5649943397474868
 0.5778884164600832
 0.5919451036832931
 0.5782642907945186
 0.5731648800506947
 0.5776729772842423
 0.5503693288216253
 0.5546867272219983
 0.5699332471692382
 0.5650186152700112
 0.5624383351764214
 0.5665160268130883
 0.5743016191307722
 0.5815813261761081
 0.5760560057556996
 0.5819361530635124
 0.5727295614599146
 0.5760481073459635
 0.5832992008899588
 0
 0
 0.2221857930132731
 0.5152456225238311
 0.619248693603801
 0.5059557934770523
 0.6011197595412764
 0.525090616073588
 0.4958813728427745
 0.5418625195751363
 0.5336226398116575
 0.5464972226560925
 0.593753932238558
 0.587255626779332
 0.5843301244833723
 0.5809522147935773
 0.57582744013317
 0.5575589782742013
 0.5628428465745456
 0.5749159429882855
 0.5742826326838614
 0.5572640404656809
 0.5658494386713917
 0.5692235642432562
 0.5816431702429576
 0.5766163536552519
 0.5868998550807267
 0.5750197230625141
 0.5796658329614639
 0.5831139559076639
 0
 0
 0.3333333333227422
 0.555247980029477
 0.6198414906552279
 0.5106694158211251
 0.5853158306236351
 0.6025623834120641
 0.5022156656776096
 0.5431852264837429
 0.5574107816840814
 0.5547338945874454
 0.5901499309736784
 0.6041082064805999
 0.6379416229627278
 0.6471689441278957
 0.5992250086931523
 0.5922077833097711
 0.544385521562305
 0.5366136753243426
 0.6061980755215652
 0.542479303716869
 0.535385073439741
 0.594480726542694
 0.5785028051515047
 0.6030927009687267
 0.5504479580532979
 0.5792624535802037
 0.5487460616283425
 0.5639682843954201
 0
 0
 0.5785862941142949
 0.7258376130298861
 0.6018584245733949
 0.7019776223812021
 0.7224151647312954
 0.6542842468456463
 0.6856486324876606
 0.6603916993990329
 0.6950195274103931
 0.6238187586728917
 0.7166416623051769
 0.7262452421645759
 0.7199259731204152
 0.7110169690786943
 0.6641688359564087
 0.677774911323852
 0.7120694772387782
 0.645844723915686
 0.7042142586940153
 0.7338820375231067
 0.6805401037218803
 0.6951208747967478
 0.7119026968622
 0.6735124675069802
 0.6886593885774503
 0.6639177241088821
 0.6642626639487244
 0.712207867776087
 0
 0
 0.3743863982686513
 0.564586336154982
 0.5724617041854207
 0.4876186782928778
 0.5599891604827241
 0.56926827890327
 0.5295077966952088
 0.5358396955768487
 0.5502068269047115
 0.5906998979208646
 0.5600093367897518
 0.5736593789845137
 0.5759107152331644
 0.5762768647675811
 0.5874738340710424
 0.5696204111373501
 0.5646967917705772
 0.5827874565523127
 0.5847305083465221
 0.5778677845858274
 0.5723403281365561
 0.5869921609172104
 0.5878422143026167
 0.5809146582986474
 0.5872382222876109
 0.5782075038675173
 0.5821325059804978
 0.5853146239304707
 0
 0
 0.2221975991219503
 0.5542028363240386
 0.5684990579763645
 0.5311250794597965
 0.5786634517729761
 0.5343967989193681
 0.5158386023714322
 0.5629071219653516
 0.5550724300536272
 0.5655724157263615
 0.5587012911138457
 0.5650509902473704
 0.5809964108970274
 0.5797585052241776
 0.5771504333223741
 0.5732873604165971
 0.5723833582893603
 0.5848084322919732
 0.582923381117326
 0.5711385115152274
 0.5704790725363533
 0.5910263851958221
 0.590655069766497
 0.5764374333821533
 0.5810558090652957
 0.5766624367683246
 0.5843444758720328
 0.5892950849035395
 0
 0
 0.3333333333007718
 0.6124192652794389
 0.6539656347936808
 0.5572495423204061
 0.6029808248206761
 0.6277768293394173
 0.5624344858596133
 0.5370558530361044
 0.5484081006807209
 0.5345116359753179
 0.5485825308873563
 0.5614312964660001
 0.5659861065912108
 0.5850131373193069
 0.5683193530453473
 0.569367268148692
 0.5829668039035499
 0.5707487820551831
 0.5721639644276822
 0.5638720866779484
 0.5631672290804379
 0.5790849101857617
 0.5762098762199265
 0.570510162090258
 0.5775831676176525
 0.5686057913289311
 0.5747924634559095
 0.5734478541127388
 0
 0
 0.5785862941142949
 0.7502338465320251
 0.5827026900754311
 0.6409254727978003
 0.6932448531828963
 0.7834064716010811
 0.7442729652513407
 0.6588897310477899
 0.6795569683228314
 0.6363037794143961
 0.660729263238126
 0.705682685420537
 0.6888487818574703
 0.6950887486616403
 0.6981027513326744
 0.6870889740635948
 0.6977022346374446
 0.7086553668212291
 0.7298137207858595
 0.6713473925636029
 0.6660103240004571
 0.6913899243828173
 0.6676277711000287
 0.6855198580826609
 0.6744637068301094
 0.6585260912706821
 0.6925532029461183
 0.6757279757668772
 0
 0
 0
 0
 0
 0
 0
 0
 0
 0
 0
 0
 0
 0
 0
 0
 0
 0
 0
 0
 0
 0
 0
 0
 0
 0
 0
 0
 0
 0
 0
 0
 0
 0
 0
 0
 0
 0
 0
 0
 0
 0
 0
 0
 0
 0
 0
 0
 0
 0
 0
 0
 0
 0
 0
 0
 0
 0
 0
 0
 0
 0
 0
 0
 0
 0
 0
 0
 0
 0
 0
 0
 0
 0
 0
 0
 0
 0
 0
 0
 0
 0
 0
 0
 0
 0
 0
 0
 0
 0
 0
 0
 0
 0
 0
 0
 0
 0
 0
 0
 0
 0
 0
 0
 0
 0
 0
 0
 0
 0
 0
 0
 0
 0
 0
 0
 0
 0
 0
 0
 0
 0
 0
 0
 0
 0
 0
 0
 0
 0
 0
 0
 0
 0
 0
 0
 0
 0
 0
 0
 0
 0
 0
 0
 0
 0
 0
 0
 0
 0
 0
 0
 0.2337105066155422
 0.5584579717175431
 0.576145864923902
 0.5088650805358427
 0.5883698149548384
 0.5524962357297809
 0.509342072592972
 0.5651938746027353
 0.5556254176244901
 0.5616366399485778
 0.5581428755747876
 0.5697147066406707
 0.5787049396745293
 0.582186410685991
 0.5791094442077525
 0.5751867279743899
 0.5729181814752051
 0.5852034500093715
 0.5885575893814464
 0.5706852811210039
 0.5682073006067552
 0.5860212493261161
 0.5875337520715675
 0.5779321858991947
 0.5812629278684731
 0.5752564504794478
 0.5849760240740602
 0.5888056333096928
 0
 0
 0
 0
 0
 0
 0
 0
 0
 0
 0
 0
 0
 0
 0
 0
 0
 0
 0
 0
 0
 0
 0
 0
 0
 0
 0
 0
 0
 0
 0
 0
 0
 0
 0
 0
 0
 0
 0
 0
 0
 0
 0
 0
 0
 0
 0
 0
 0
 0
 0
 0
 0
 0
 0
 0
 0
 0
 0
 0


