# Created by Octave 3.8.2, Fri Nov 20 20:21:20 2015 CET <dkottke@snake2>
# name: mus
# type: matrix
# ndims: 3
 1 30 19
 0
 0
 0.6666666666666673
 0.7238307349665924
 0.7281337047353772
 0.7324414715719065
 0.7215119510839371
 0.7271205357142857
 0.7286432160804006
 0.7223463687150837
 0.5923830770456535
 0.5928411633109619
 0.6085098476402825
 0.6065848214285713
 0.6168067226890757
 0.6155133928571429
 0.627637721755369
 0.6262626262626264
 0.6258998560230361
 0.6370786516853932
 0.6304761904761904
 0.6248285322359396
 0.628390932738759
 0.6295045045045047
 0.6405633802816904
 0.631363805276849
 0.6386083052749717
 0.6434151785714286
 0.6362625139043381
 0.6265536723163843
 0
 0
 0.6666666666666666
 0.5
 0.6
 0.5
 0.7
 0.5
 0.3
 0.4
 0.5666666666666667
 0.6666666666666666
 0.6666666666666666
 0.4333333333333333
 0.4666666666666666
 0.6833333333333333
 0.55
 0.4
 0.5
 0.55
 0.63
 0.72
 0.62
 0.67
 0.64
 0.6133333333333333
 0.5266666666666666
 0.5333333333333333
 0.5466666666666666
 0.5333333333333333
 0
 0
 0.8498713672782175
 0.7414052259337718
 0.7129656646135631
 0.7176528170565776
 0.6638515706167097
 0.699953441409378
 0.5584501226553978
 0.6163885759389205
 0.5751806897848865
 0.6616536266589611
 0.6323326493964202
 0.5472104163091736
 0.5938348045818678
 0.6294218569543599
 0.6139187151339067
 0.5870767883300682
 0.6210484083334212
 0.5267621797475719
 0.5613476950116066
 0.5807777082914336
 0.5549604407277865
 0.535094226477804
 0.5811066196540886
 0.5971252214040919
 0.6045692852081856
 0.5742858672179807
 0.5302949832716478
 0.5831709017803319
 0
 0
 0.7463875701988312
 0.628887876680454
 0.6051982996211973
 0.5100732007579065
 0.6142840119046092
 0.5491925676841696
 0.4733008074496865
 0.4847565253544041
 0.5776559856739514
 0.5848964704911306
 0.559804223397124
 0.5636251402433448
 0.5556477471358937
 0.5765379291525504
 0.5620048677970977
 0.561303413883341
 0.5573281189129217
 0.5418783896448012
 0.5548955941837331
 0.5634298230447216
 0.5532650286255881
 0.5633469184952686
 0.5577700451863972
 0.5668178673214943
 0.5617411214268467
 0.5531825803078451
 0.5589514073045239
 0.5693366092912819
 0
 0
 0.6666666666666666
 0.75
 0.8
 0.3333333333333333
 0.4285714285714285
 0.125
 0.1111111111111111
 0.7
 0.4545454545454545
 0.5833333333333334
 0.3846153846153846
 0.6666666666666666
 0.2
 1
 1
 0
 1
 1
 1
 0
 1
 1
 1
 0
 0
 0
 1
 0
 0
 0
 0.7962902125616945
 0.6453407500717531
 0.6827626762522309
 0.4766216684209523
 0.5562554677551717
 0.4714203611591464
 0.4449388081400545
 0.4994875926397175
 0.5477652828045002
 0.5736639280076568
 0.5247782684547764
 0.5792007983421825
 0.5213741766820282
 0.6436555202393794
 0.6052739791876679
 0.5197213140819836
 0.5694636250417531
 0.5602871367392711
 0.6093239452787395
 0.5478798623188653
 0.5900677479878925
 0.5474527919521007
 0.5657709150313394
 0.5514600204288974
 0.547633172315737
 0.5202098837310419
 0.5503305300156421
 0.5444900291245485
 0
 0
 0.3678794411714423
 0.6892007102029291
 0.76978335464628
 0.6844487039050255
 0.7328655987095605
 0.6849903935924908
 0.6054097824223649
 0.6337551661321075
 0.6216894839800525
 0.7287508831609184
 0.6399921889574787
 0.6695572799608712
 0.6613116021692612
 0.6569337569693072
 0.6883850513354846
 0.6373201500131718
 0.6769520071852178
 0.6547064250693191
 0.6283270632228668
 0.6748261906500866
 0.6480517478117356
 0.6129984383501508
 0.6856343297100872
 0.6376282398871321
 0.6265070670310793
 0.6293611181962481
 0.6232846446324191
 0.643258560229172
 0
 0
 0.7441163861407433
 0.602388584136909
 0.5992838239872191
 0.5223819422892668
 0.5706409625536605
 0.5613266360370385
 0.5176954331099193
 0.5113960033259632
 0.5645039339951294
 0.6031489039964544
 0.5664063203792826
 0.5738011153982056
 0.5604080641743434
 0.5737528622817806
 0.5581095027907242
 0.5604871314345703
 0.568751437706455
 0.5569194940373552
 0.5653347706866549
 0.5558519961728769
 0.5636240939088469
 0.5576425674595804
 0.5591965746271212
 0.5578175129773535
 0.5554998333850749
 0.55268509746716
 0.5545121652101065
 0.5641571689226609
 0
 0
 0.9999056502106303
 0.9999996867135135
 0.9999999924082706
 0.9999999999999947
 0.9999999999981362
 0.9999999999990231
 1
 0.9999999998509683
 0.9999999999999003
 0.9987127074076789
 0.9936842573283265
 0.988766090256354
 0.9708568636917426
 0.9771284160126916
 0.9761939234591326
 0.9704442441390976
 0.9788635038618138
 0.9679928464398719
 0.9679636277766849
 0.9608273226716586
 0.9590985726563162
 0.9483582145984581
 0.9563942142337131
 0.9572992032273629
 0.9573736914717068
 0.9493889798499247
 0.9511116839208401
 0.946610560888053
 0
 0
 0.7858990215850722
 0.6129698120673412
 0.6284400976979377
 0.5675480831922219
 0.5519243384225854
 0.5289713796425475
 0.5105685676289935
 0.5129498837872972
 0.547411099219823
 0.6094157973307389
 0.5503094065220501
 0.5607614247460657
 0.5367829160708663
 0.5593500657539201
 0.5447785450953648
 0.5427972207837495
 0.5615271583066724
 0.5502779717820236
 0.5690667238279937
 0.5556458211370274
 0.5458269507267379
 0.5517925277715467
 0.5684369204768698
 0.5538257401539829
 0.545368381642923
 0.539255205079972
 0.5498949808086121
 0.5565069772106959
 0
 0
 0.3678794411714423
 0.727688366526601
 0.771620924807084
 0.6837398642677688
 0.7293753477205418
 0.6686124372904529
 0.6158182291620072
 0.6425020899177641
 0.6164374952101537
 0.6597943387324994
 0.6603574308377033
 0.6602493794385688
 0.6643891028159785
 0.6443677292834391
 0.6198202843647055
 0.5844494954554951
 0.6350524328767433
 0.6151406941704237
 0.6187761690520142
 0.6293221772113945
 0.6133910933933511
 0.592046415285994
 0.6161787997697936
 0.6192004899520995
 0.6055291710956715
 0.6149305804421805
 0.5936559850702469
 0.6229693586294961
 0
 0
 0
 0
 0
 0
 0
 0
 0
 0
 0
 0
 0
 0
 0
 0
 0
 0
 0
 0
 0
 0
 0
 0
 0
 0
 0
 0
 0
 0
 0
 0
 0
 0
 0
 0
 0
 0
 0
 0
 0
 0
 0
 0
 0
 0
 0
 0
 0
 0
 0
 0
 0
 0
 0
 0
 0
 0
 0
 0
 0
 0
 0
 0
 0
 0
 0
 0
 0
 0
 0
 0
 0
 0
 0
 0
 0
 0
 0
 0
 0
 0
 0
 0
 0
 0
 0
 0
 0
 0
 0
 0
 0
 0
 0
 0
 0
 0
 0
 0
 0
 0
 0
 0
 0
 0
 0
 0
 0
 0
 0
 0
 0
 0
 0
 0
 0
 0
 0
 0
 0
 0
 0
 0
 0
 0
 0
 0
 0
 0
 0
 0
 0
 0
 0
 0
 0
 0
 0
 0
 0
 0
 0
 0
 0
 0
 0
 0
 0
 0
 0
 0
 0.9999947189779425
 0.9999999807600397
 0.9999999999935199
 0.9999999999999996
 0.9999996844312193
 0.9999998825143011
 0.9999999989430675
 0.9999997519489312
 0.9999985923961426
 0.9966975837081935
 0.9958781824553747
 0.9834014817616941
 0.9870069516047411
 0.9779421092732432
 0.972784385395255
 0.9718095106526972
 0.9743332024321415
 0.9617690905787809
 0.9637565810410058
 0.9665261815770245
 0.9624841799407496
 0.9552494256837272
 0.960293134001963
 0.9442858729834317
 0.9561089744216097
 0.9515130810577229
 0.9575898628287453
 0.9381444567263477
 0
 0
 0
 0
 0
 0
 0
 0
 0
 0
 0
 0
 0
 0
 0
 0
 0
 0
 0
 0
 0
 0
 0
 0
 0
 0
 0
 0
 0
 0
 0
 0
 0
 0
 0
 0
 0
 0
 0
 0
 0
 0
 0
 0
 0
 0
 0
 0
 0
 0
 0
 0
 0
 0
 0
 0
 0
 0
 0
 0


