# Created by Octave 3.8.2, Fri Nov 20 20:12:58 2015 CET <dkottke@snake9>
# name: mus
# type: matrix
# ndims: 3
 1 30 19
 0
 0
 0.5047301057317747
 0.5038975501113586
 0.5041782729805017
 0.504459308807135
 0.5158421345191773
 0.515625
 0.5276381909547742
 0.5318435754189943
 0.5422675484025179
 0.5397091722595078
 0.5459866220735786
 0.5445033482142857
 0.5417366946778711
 0.5379464285714286
 0.5372175536881419
 0.5375982042648706
 0.5400335946248598
 0.5410112359550561
 0.5399439775910362
 0.5444569148272852
 0.5426421404682276
 0.5411036036036034
 0.5526760563380282
 0.5613154960981049
 0.5558361391694725
 0.5541294642857143
 0.5689655172413793
 0.5632768361581924
 0
 0
 0
 0.75
 0.6
 0.8
 0.4
 0.8
 0.9
 0.9
 0.8
 0.9
 0.8666666666666666
 0.8666666666666666
 0.8666666666666666
 0.9333333333333332
 0.9333333333333332
 0.95
 0.95
 0.95
 0.95
 0.9099999999999999
 0.96
 0.96
 0.96
 0.96
 0.96
 0.9666666666666668
 0.9666666666666668
 0.9666666666666668
 0
 0
 0.459370574686102
 0.7667174128132703
 0.6827943130505383
 0.6720780887342115
 0.73357833838137
 0.7833425189698591
 0.7800236815350816
 0.8205635164405446
 0.8274898914966771
 0.8647123769267575
 0.8307386968295822
 0.8950088369955314
 0.9118111333541705
 0.8924388344492213
 0.9185443707856578
 0.9194957496900443
 0.926722053944661
 0.9378642886364581
 0.934906421925313
 0.9326811979868391
 0.941066195156344
 0.9499821359648559
 0.945028867630515
 0.9510743017425711
 0.9631917841968143
 0.947949407795589
 0.9574694164408916
 0.969806289990603
 0
 0
 0.138883661829009
 0.5425602569904562
 0.6009224235640073
 0.8002173354552411
 0.6807511942213834
 0.7512789963610643
 0.800819953777579
 0.8504018011679849
 0.8631274342369482
 0.8724190222781597
 0.8789268817706359
 0.9078359298428458
 0.9097982443825561
 0.920740536967345
 0.9201074073919128
 0.9305476816321727
 0.938026440322422
 0.939180154589967
 0.9442003431647006
 0.9446511410171841
 0.9478495160116244
 0.9504190520082176
 0.9539096459201472
 0.9569739519090386
 0.9554966369117275
 0.9595635010402475
 0.9622326928029851
 0.962703484857341
 0
 0
 0
 0.75
 0.6
 0.6666666666666666
 0.2857142857142857
 0.75
 0.8888888888888888
 0.9
 0.8181818181818182
 0.75
 0.6153846153846154
 1
 1
 1
 1
 1
 1
 1
 1
 1
 1
 1
 0
 1
 1
 1
 1
 1
 0
 0
 0.2499881951416561
 0.5877047770259272
 0.6865055576978374
 0.6655154657528205
 0.648808398148279
 0.7522449418300855
 0.8037261969653253
 0.8242989306818014
 0.8401124376204171
 0.8580704375926363
 0.8499687112945886
 0.9042653843534095
 0.9148432092576719
 0.9191720637455896
 0.9242776140439851
 0.9221614405823314
 0.9431303300586011
 0.9443126355319695
 0.9429859826872037
 0.9451591131475281
 0.9306454245882511
 0.9556719830682848
 0.8944865425813533
 0.9469660497959023
 0.9642472963998808
 0.9513170610577424
 0.9690304178555283
 0.9687781180763527
 0
 0
 1
 0.7722505899034871
 0.7633737102370264
 0.736526364229125
 0.8211028470360185
 0.8111558386513333
 0.8171628759897569
 0.8449286555163918
 0.8771266179335477
 0.8752711953900161
 0.9050060991379718
 0.8820408180208351
 0.8992221574838359
 0.9093508188777497
 0.9494062638792081
 0.9222414069455716
 0.9415413388550518
 0.9559893910519909
 0.9621252865916065
 0.9541856550689142
 0.957112418631481
 0.9519968068872837
 0.9649346779360098
 0.9697796066591812
 0.9656148529938479
 0.9466083971310527
 0.9587719356537773
 0.9730148573571695
 0
 0
 0.1388752116294076
 0.5003215857059109
 0.6263055007049184
 0.7607361408822332
 0.6997610184081846
 0.7733301933769626
 0.7874324500916443
 0.8194939327048956
 0.8454713054872232
 0.8542349255241446
 0.8701293927140756
 0.8872774228320913
 0.8965102534717094
 0.9067500799513492
 0.9118361013230999
 0.9209637014912097
 0.932197873846929
 0.9340276880350215
 0.9384687322523698
 0.9394962549613506
 0.943260339439978
 0.943065917846302
 0.9475000934846782
 0.9526515804362153
 0.9516103044633067
 0.9531593182860588
 0.9587599171751269
 0.9596644419481843
 0
 0
 0.9996663342896992
 0.9999999999999999
 1
 0.9999999999241334
 1
 1
 1
 1
 0.9999999999999998
 0.9999793273949807
 0.9916366991037302
 0.9872785533423298
 0.9751414464713962
 0.9690374155366325
 0.9710248953629295
 0.9669125358813334
 0.9679734975445484
 0.9675949764301482
 0.9603543950051392
 0.9649957614243582
 0.953691270203034
 0.9564375767832846
 0.9455234034346492
 0.9494482269065798
 0.9585532996587431
 0.9525212002465555
 0.9473050608902447
 0.9367663812798468
 0
 0
 0.2500094449093534
 0.5309094936174172
 0.6425905899326624
 0.7195776973531745
 0.7147493101272975
 0.7350609792614367
 0.785595880531153
 0.8151000592168729
 0.8357592384088256
 0.8547173635121399
 0.8502090228499763
 0.8824808814810877
 0.8955653551918006
 0.9025373150098225
 0.91150785666322
 0.9210747931858624
 0.9275534389330182
 0.9316722453691695
 0.936528369609625
 0.9373328284444348
 0.9417148494027952
 0.944660520673682
 0.9462844128963346
 0.9517311214765809
 0.9520637565447194
 0.9529330702221057
 0.9620208355035383
 0.959134259299153
 0
 0
 1
 0.7402779454304478
 0.8161843116239932
 0.7365810032284388
 0.8051960892498833
 0.8255897124375976
 0.8071068589277867
 0.9039182725731497
 0.8750188094120518
 0.8419210943458862
 0.8900505243843213
 0.8764284295293271
 0.9072458160885118
 0.9026076265909856
 0.9365778102564788
 0.9280775980017629
 0.9363939532082488
 0.9445468489286917
 0.9498449373847596
 0.9167422080245565
 0.9474191028756984
 0.9337231136882866
 0.9551849298227146
 0.9535422026711756
 0.9606389370632337
 0.9481527328169932
 0.9431862609138905
 0.9719367917276996
 0
 0
 0
 0
 0
 0
 0
 0
 0
 0
 0
 0
 0
 0
 0
 0
 0
 0
 0
 0
 0
 0
 0
 0
 0
 0
 0
 0
 0
 0
 0
 0
 0
 0
 0
 0
 0
 0
 0
 0
 0
 0
 0
 0
 0
 0
 0
 0
 0
 0
 0
 0
 0
 0
 0
 0
 0
 0
 0
 0
 0
 0
 0
 0
 0
 0
 0
 0
 0
 0
 0
 0
 0
 0
 0
 0
 0
 0
 0
 0
 0
 0
 0
 0
 0
 0
 0
 0
 0
 0
 0
 0
 0
 0
 0
 0
 0
 0
 0
 0
 0
 0
 0
 0
 0
 0
 0
 0
 0
 0
 0
 0
 0
 0
 0
 0
 0
 0
 0
 0
 0
 0
 0
 0
 0
 0
 0
 0
 0
 0
 0
 0
 0
 0
 0
 0
 0
 0
 0
 0
 0
 0
 0
 0
 0
 0
 0
 0
 0
 0
 0
 0
 0.9999806027800749
 0.9999999981215953
 0.9999999999969065
 0.999999999999893
 0.9999999843875798
 0.9999999999956591
 0.9999999118019164
 0.9998323737822981
 0.9999993778602727
 0.9999444026450921
 0.9877486764626577
 0.985629713075454
 0.9800681457296055
 0.9778088633233394
 0.9652969985638773
 0.9631987915061516
 0.9757155367835253
 0.9705241066700956
 0.9575236163066109
 0.965847267260785
 0.9665061008156044
 0.9519743495109952
 0.9546918357393936
 0.9544813394280343
 0.9516401196991592
 0.9546184991628146
 0.9352896768882495
 0.9484226800701416
 0
 0
 0
 0
 0
 0
 0
 0
 0
 0
 0
 0
 0
 0
 0
 0
 0
 0
 0
 0
 0
 0
 0
 0
 0
 0
 0
 0
 0
 0
 0
 0
 0
 0
 0
 0
 0
 0
 0
 0
 0
 0
 0
 0
 0
 0
 0
 0
 0
 0
 0
 0
 0
 0
 0
 0
 0
 0
 0
 0


