# Created by Octave 3.8.2, Fri Nov 20 21:52:36 2015 CET <dkottke@snake7>
# name: mus
# type: matrix
# ndims: 3
 1 30 19
 0
 0
 0.7518796992481199
 0.7508361204013378
 0.8543933054393311
 0.9095477386934677
 0.9097744360902261
 0.8758389261744967
 0.8922305764411013
 0.8915966386554623
 0.9074228523769797
 0.9301346801346803
 0.9297658862876245
 0.9319327731092439
 0.9316455696202526
 0.9341216216216216
 0.9361344537815123
 0.9335016835016829
 0.9390142021720962
 0.9406779661016952
 0.9381787802840429
 0.9393939393939389
 0.9331103678929767
 0.9345238095238094
 0.9438297872340431
 0.9406354515050164
 0.9436026936026937
 0.9427437641723356
 0.9453322119428089
 0.9444444444444438
 0
 0
 0.6666666666666666
 1
 0.6
 0.8
 0.8
 1
 0.7
 0.7
 0.8666666666666668
 0.5666666666666667
 0.8
 0.7
 0.7333333333333333
 0.7
 0.7166666666666666
 0.7666666666666666
 0.85
 0.9
 0.9099999999999999
 0.9099999999999999
 0.9099999999999999
 0.9099999999999999
 0.8400000000000001
 0.8866666666666667
 0.8866666666666667
 0.8933333333333333
 0.9
 0.9
 0
 0
 0.7095662297274195
 0.9496135786441005
 0.8049840829145939
 0.7783188317997073
 0.8461839973517177
 0.7882181120931533
 0.7964571800572045
 0.7309244274750268
 0.7804721623114291
 0.6922310806123273
 0.6862879880996599
 0.7322390293381846
 0.7413072969120804
 0.7563171649538085
 0.7704685626302363
 0.8283257304329515
 0.8372724926080276
 0.8561641007361622
 0.8551485737411803
 0.8831507193282543
 0.8824677647850209
 0.8926456142150156
 0.8496226582147743
 0.870988766113177
 0.9002187564047068
 0.8784960822261263
 0.8858147523853106
 0.8970455981609609
 0
 0
 0.7476056093663616
 0.9400819857619304
 0.6675516306766953
 0.8176932188254746
 0.7112957483635201
 0.6996284558424011
 0.7184303510518241
 0.7555775415369097
 0.7869905362356383
 0.6668291275460815
 0.7063321950145085
 0.7220330476925682
 0.7532913559713472
 0.7625088926020407
 0.7842753096038022
 0.8388427487868806
 0.8510952717187246
 0.8517582287041228
 0.89363964593726
 0.8881999132393473
 0.9090328146939255
 0.9065893911115825
 0.8676432050115911
 0.8904990503090523
 0.8843543963575548
 0.8840695040239275
 0.9025017189822456
 0.9044013168879657
 0
 0
 1
 1
 0.6
 1
 0.7142857142857143
 0.75
 0.3333333333333333
 0.9
 0.7272727272727273
 0.8333333333333334
 0.5384615384615384
 0.7777777777777778
 0.8
 0.6666666666666666
 0.5
 1
 1
 1
 1
 1
 1
 0
 1
 1
 1
 1
 1
 0
 0
 0
 0.8897014633002468
 0.9078748898971085
 0.60966625817566
 0.8769462699268104
 0.75958411790145
 0.6542714284507518
 0.5940526927673396
 0.8258150586615342
 0.7709095725192336
 0.7433619057742848
 0.638324409669383
 0.76430079575368
 0.7560705817831234
 0.7431918896242348
 0.7399688582057157
 0.8978085912397169
 0.911180435907415
 0.8375148351279068
 0.8692938617282099
 0.9017534400200675
 0.9540760318186778
 0.822136619261891
 0.8579157985624579
 0.8963687487671503
 0.9123950681215637
 0.8720824570284867
 0.9053051224223527
 0.8686423635011664
 0
 0
 0.7892931470571475
 0.7981522737996884
 0.7812824259207674
 0.8276462812046897
 0.8062351441092899
 0.7401639860524021
 0.7458721911695175
 0.7293633611521635
 0.8453354138161555
 0.7011924080046841
 0.7494614551164884
 0.7274357854564651
 0.7351874173092244
 0.8003592669036294
 0.8043541690830278
 0.8379338434431164
 0.8341739525692383
 0.8437813518646425
 0.8178483381257186
 0.8438491234708831
 0.8603823882665151
 0.9132516748828944
 0.8498937416405961
 0.8484526316813438
 0.8677019339021227
 0.8569003444997166
 0.8822345329729764
 0.8807799498418782
 0
 0
 0.739927033190257
 0.9117776609449563
 0.6821999530076556
 0.7911516381096916
 0.7123278528167062
 0.6606800788975804
 0.6745020488873107
 0.670505553681555
 0.7298324438476089
 0.6401186177006383
 0.6649029493953991
 0.6685472459549127
 0.7185148002763749
 0.7204394649785258
 0.744004181609685
 0.7766285393554343
 0.7788341844459405
 0.7953087464955622
 0.8217340473863274
 0.8221545039855007
 0.8488974836348017
 0.8431816716149753
 0.8160663040159993
 0.8223110814072262
 0.8242838575153554
 0.8340616913514748
 0.8400027376847279
 0.8648023025193035
 0
 0
 0.9335435782371599
 0.9448921942226441
 0.8934930607654467
 0.9390783505215806
 0.902044581930017
 0.9337398190134393
 0.9240047365964266
 0.9035347293568045
 0.9304484320797082
 0.9250567485819943
 0.9309950088240796
 0.9267262699392455
 0.9007201545102068
 0.9200683461713689
 0.9150065615666195
 0.908020776256067
 0.9050096599361294
 0.9196263308063179
 0.9089986641727713
 0.9080106274921731
 0.9064186799952777
 0.9054128400292106
 0.8920355149642064
 0.9101441092640289
 0.8979202023069416
 0.9125122449072813
 0.9050844893139713
 0.8977819169204406
 0
 0
 0.7428036602842357
 0.8789945003895754
 0.6084631996676568
 0.7277883872691399
 0.6170145867186398
 0.6128129959372945
 0.7386420568935187
 0.7928638888657942
 0.8003234586378374
 0.6736688897350398
 0.7173408314948063
 0.7360205493260406
 0.7619636714170107
 0.757245686608212
 0.7553303858543287
 0.8253492367046776
 0.8241359821321838
 0.846654567664469
 0.8849378699489248
 0.8950812709607473
 0.918041597106944
 0.9138323175576806
 0.8774125711672603
 0.8810705447320054
 0.8717983180814934
 0.8788537875672917
 0.9143704595963313
 0.9051737749962334
 0
 0
 0.7892931470571475
 0.7777878930218957
 0.8214955216815572
 0.8127757012600878
 0.8167405762014177
 0.7364613712467096
 0.745136635137313
 0.7486149835251649
 0.7602279123347353
 0.722186710757777
 0.7630161768910122
 0.7481780253302945
 0.7491538029826347
 0.7756443380444618
 0.809452796737667
 0.857146015303401
 0.8559272363116208
 0.8100604167881988
 0.8229270545264222
 0.8205154678405672
 0.850290725891416
 0.9347387294284537
 0.8725880227072897
 0.8535589274171208
 0.8943349367958526
 0.8773749865876761
 0.9467684317684322
 0.916249502230861
 0
 0
 0
 0
 0
 0
 0
 0
 0
 0
 0
 0
 0
 0
 0
 0
 0
 0
 0
 0
 0
 0
 0
 0
 0
 0
 0
 0
 0
 0
 0
 0
 0
 0
 0
 0
 0
 0
 0
 0
 0
 0
 0
 0
 0
 0
 0
 0
 0
 0
 0
 0
 0
 0
 0
 0
 0
 0
 0
 0
 0
 0
 0
 0
 0
 0
 0
 0
 0
 0
 0
 0
 0
 0
 0
 0
 0
 0
 0
 0
 0
 0
 0
 0
 0
 0
 0
 0
 0
 0
 0
 0
 0
 0
 0
 0
 0
 0
 0
 0
 0
 0
 0
 0
 0
 0
 0
 0
 0
 0
 0
 0
 0
 0
 0
 0
 0
 0
 0
 0
 0
 0
 0
 0
 0
 0
 0
 0
 0
 0
 0
 0
 0
 0
 0
 0
 0
 0
 0
 0
 0
 0
 0
 0
 0
 0
 0
 0
 0
 0
 0
 0
 0.9483451781068489
 0.8902725626015404
 0.9341368016447943
 0.9189140811378663
 0.9110965275629307
 0.9354889236817298
 0.935328732725098
 0.9297767563221234
 0.930322476756462
 0.9087256082894947
 0.9235382301252275
 0.9239569379749034
 0.9255697374382924
 0.9137230537296041
 0.9218421453029586
 0.9136006297683977
 0.8972870469364476
 0.9057082092196792
 0.8956201985765407
 0.9085219568851627
 0.9053439571424542
 0.9162483002323549
 0.8976808744541503
 0.9022388010736447
 0.9034091893411091
 0.9008775303875003
 0.9132459238420753
 0.9000191901941115
 0
 0
 0
 0
 0
 0
 0
 0
 0
 0
 0
 0
 0
 0
 0
 0
 0
 0
 0
 0
 0
 0
 0
 0
 0
 0
 0
 0
 0
 0
 0
 0
 0
 0
 0
 0
 0
 0
 0
 0
 0
 0
 0
 0
 0
 0
 0
 0
 0
 0
 0
 0
 0
 0
 0
 0
 0
 0
 0
 0


