# Created by Octave 3.8.2, Fri Nov 20 21:07:07 2015 CET <dkottke@mudflap>
# name: mus
# type: matrix
# ndims: 3
 1 30 19
 0
 0
 0.4344193817878031
 0.4790969899665552
 0.7205020920502095
 0.4949748743718591
 0.478418267891952
 0.9513422818791947
 0.9340016708437751
 0.9319327731092441
 0.9232693911592985
 0.887205387205387
 0.9036371237458182
 0.9357983193277315
 0.9426160337552737
 0.9535472972972973
 0.9504201680672265
 0.9545454545454539
 0.9448621553884707
 0.9347457627118645
 0.9482038429406845
 0.9503367003366998
 0.953177257525084
 0.9515306122448978
 0.9514893617021284
 0.9573578595317721
 0.9551767676767677
 0.9574829931972791
 0.9537426408746842
 0.957264957264957
 0
 0
 0.6666666666666666
 1
 0.8
 0.3
 0.4
 0.3
 0.2
 0.4
 0.3
 0.3333333333333333
 0.5666666666666667
 0.4666666666666666
 0.4
 0.3833333333333333
 0.2833333333333333
 0.5666666666666667
 0.5333333333333333
 0.5
 0.47
 0.51
 0.51
 0.5900000000000001
 0.4800000000000001
 0.48
 0.52
 0.36
 0.4399999999999999
 0.4
 0
 0
 0.7244602692285774
 0.8735758882342884
 0.7220462790966626
 0.6054850412984887
 0.6389107594520456
 0.6158305708802914
 0.3785597894806985
 0.6138600937036063
 0.5227281044378554
 0.5529890924984329
 0.5601614650244172
 0.5523895195291281
 0.4889445681217535
 0.5399633146679939
 0.5603406206543259
 0.5637523575984386
 0.5624951526646158
 0.5660898659741067
 0.560986445023036
 0.5690045292769147
 0.4848616471055178
 0.5813652001483407
 0.599078829114587
 0.465147740964189
 0.6260478791419444
 0.6131281685369574
 0.6043644937686632
 0.5783506497158051
 0
 0
 0.7222305548340444
 0.9910750001462125
 0.8091707965406126
 0.5428403930816026
 0.4985200046658425
 0.5486145079031416
 0.5233163055800218
 0.5439075119965439
 0.6326982580286592
 0.6324712711762426
 0.628308260014013
 0.5971138189374882
 0.5699086154114088
 0.5381097467204152
 0.6063340821338564
 0.5870477130900308
 0.6165813349082956
 0.5992093760996835
 0.5921026154216472
 0.5876219426410245
 0.606821198275473
 0.5856960496575501
 0.5945427243483477
 0.5644822360442167
 0.5862869341234153
 0.5585308336412294
 0.6416435052936862
 0.6116005468022573
 0
 0
 0
 1
 1
 0.1666666666666667
 0.7142857142857143
 0.25
 0.5555555555555556
 0.2
 0.5454545454545454
 0.6666666666666666
 0.3846153846153846
 0.3333333333333333
 0.4
 0.3333333333333333
 1
 0
 1
 1
 0
 1
 1
 0
 0
 0
 1
 1
 0
 1
 0
 0
 0.1666916641749369
 1.142866666691117
 1.175000020465893
 0.3708522647472409
 0.633333334228109
 0.385418941774228
 0.5069444503076672
 0.4032766854671989
 0.5193182070706249
 0.6924242597121444
 0.5127346972361091
 0.4487673326790058
 0.5129077595050446
 0.4892878823253558
 0.7915831366173394
 0.4623523753308892
 0.7991679911816958
 0.6671242106748299
 0.4047768610224091
 0.5875404927579347
 0.5754858887466576
 0.3571566535842522
 0.3229452037248285
 0.2500195409331706
 0.6250026656850689
 0.7238217436738413
 0.5000264268992475
 0.7328320157786969
 0
 0
 0.3678794411714423
 0.7586536475440209
 0.6871307220927365
 0.6969583534002689
 0.6570376280360645
 0.6637098701766579
 0.6592471542679639
 0.6962566121849332
 0.7932329762642192
 0.6296348961520983
 0.619433166223778
 0.6228202754343994
 0.6905982016530936
 0.6226774036411711
 0.6497792998205545
 0.6316383277939885
 0.6213563229562873
 0.6298353234530126
 0.6106366219797775
 0.6788011052795178
 0.6602613668348569
 0.7020842915008081
 0.6433318089824945
 0.6626129980857749
 0.6655456751395668
 0.6549780914489319
 0.6565730957100683
 0.6797856014623193
 0
 0
 0.7222305547518287
 0.9440848682751983
 0.7723673271499223
 0.5709321127540027
 0.5402714903146701
 0.5775815922404511
 0.5345247080114729
 0.5757747141507488
 0.6054655451507378
 0.6054191806761681
 0.5770458497000851
 0.5815635473349415
 0.5883384121270638
 0.5366218886461798
 0.5817966187619208
 0.6098742384950374
 0.5975463513890638
 0.5794765722037314
 0.5881097086043235
 0.5804731286981043
 0.5955227579365753
 0.5804341173487008
 0.588474125929271
 0.5718234523422429
 0.6055957573994936
 0.5715113696699476
 0.6212123661862009
 0.6094431313830422
 0
 0
 1
 1
 1
 1
 1
 1
 1
 1
 1
 1
 1
 1
 1
 1
 1
 1
 1
 1
 1
 1
 1
 1
 1
 1
 1
 1
 1
 1
 0
 0
 0.1666916642003267
 1.01755964907455
 1.190769127070123
 0.4563594961838879
 0.5055644369409733
 0.4636624447302634
 0.4673171853053215
 0.5171831769636143
 0.5114084033095492
 0.7241621498356824
 0.5403674026707913
 0.4874549197449404
 0.5795812886248207
 0.5291769122728782
 0.5847447181583292
 0.7195811318204662
 0.7287463372701645
 0.5457356979723877
 0.6230282765661759
 0.5659681167374567
 0.5797994627749531
 0.5165082652446165
 0.6994390118574052
 0.4052619162484418
 0.7474523822561452
 0.2941913797485939
 0.5934029976570917
 0.5807170704924269
 0
 0
 0.3678794411714423
 0.7586536445944898
 0.7169486703681621
 0.6881538261317479
 0.7466536255334044
 0.6820556910320529
 0.85619017083465
 0.5908737370623497
 0.6631350348173242
 0.6852679690598897
 0.6579178944188709
 0.6857232063282331
 0.6486537500387943
 0.6895761706073208
 0.6735038635645985
 0.6727068948018688
 0.6837207775191683
 0.6616530383287336
 0.6253485168616805
 0.7249259448364128
 0.7520488093957745
 0.6589584242060765
 0.7103434637776909
 0.6137369727147025
 0.6671208353334781
 0.6767617352518677
 0.6579732337148654
 0.6326751983277684
 0
 0
 0
 0
 0
 0
 0
 0
 0
 0
 0
 0
 0
 0
 0
 0
 0
 0
 0
 0
 0
 0
 0
 0
 0
 0
 0
 0
 0
 0
 0
 0
 0
 0
 0
 0
 0
 0
 0
 0
 0
 0
 0
 0
 0
 0
 0
 0
 0
 0
 0
 0
 0
 0
 0
 0
 0
 0
 0
 0
 0
 0
 0
 0
 0
 0
 0
 0
 0
 0
 0
 0
 0
 0
 0
 0
 0
 0
 0
 0
 0
 0
 0
 0
 0
 0
 0
 0
 0
 0
 0
 0
 0
 0
 0
 0
 0
 0
 0
 0
 0
 0
 0
 0
 0
 0
 0
 0
 0
 0
 0
 0
 0
 0
 0
 0
 0
 0
 0
 0
 0
 0
 0
 0
 0
 0
 0
 0
 0
 0
 0
 0
 0
 0
 0
 0
 0
 0
 0
 0
 0
 0
 0
 0
 0
 0
 0
 0
 0
 0
 0
 0
 1
 1
 1
 1
 1
 1
 1
 1
 1
 1
 1
 1
 1
 1
 1
 1
 1
 1
 1
 1
 1
 1
 1
 1
 1
 1
 1
 1
 0
 0
 0
 0
 0
 0
 0
 0
 0
 0
 0
 0
 0
 0
 0
 0
 0
 0
 0
 0
 0
 0
 0
 0
 0
 0
 0
 0
 0
 0
 0
 0
 0
 0
 0
 0
 0
 0
 0
 0
 0
 0
 0
 0
 0
 0
 0
 0
 0
 0
 0
 0
 0
 0
 0
 0
 0
 0
 0
 0


