# Created by Octave 3.8.2, Fri Nov 20 20:29:22 2015 CET <dkottke@snake10>
# name: mus
# type: matrix
# ndims: 3
 1 30 19
 0
 0
 0.6132442960489709
 0.6046770601336303
 0.7069637883008363
 0.706243032329989
 0.7192884936075608
 0.7254464285714286
 0.7158012283640414
 0.7195530726256982
 0.7241654051470001
 0.7175615212527959
 0.7195280564845776
 0.7222377232142859
 0.722128851540616
 0.7260044642857143
 0.7177591036414559
 0.7182940516273847
 0.7184450487921932
 0.7191011235955055
 0.7219047619047617
 0.7248410026187805
 0.7214790040877003
 0.7252252252252251
 0.7273239436619717
 0.7253808992939428
 0.727553310886644
 0.7220982142857144
 0.7216351501668524
 0.7276836158192088
 0
 0
 0.6666666666666666
 0.75
 0.8
 0.6
 0.8
 0.8
 0.9
 0.9
 0.9333333333333332
 0.8
 0.8
 0.7333333333333333
 0.6666666666666666
 0.8
 0.8
 0.7333333333333333
 0.75
 0.65
 0.77
 0.8099999999999999
 0.79
 0.7699999999999999
 0.8
 0.8266666666666665
 0.8066666666666666
 0.8933333333333333
 0.8600000000000001
 0.8666666666666668
 0
 0
 0.74066848868572
 0.8350989846534198
 0.8520568904869333
 0.6839397205857212
 0.7167217901459418
 0.8086273413230014
 0.760526321513205
 0.8548721907240971
 0.8895408093991332
 0.7967606438582525
 0.7182953243325663
 0.6884045669030683
 0.7469828330231187
 0.7796176011089645
 0.6832987146345072
 0.7123331384725256
 0.7436243311086342
 0.7264838446829838
 0.751472316384779
 0.7566144161214963
 0.7645488999994354
 0.7713012994374686
 0.7922573833269473
 0.8082046909069648
 0.8007954234317314
 0.8124676371215578
 0.8268543195063882
 0.8376394222172925
 0
 0
 0.5555722205774125
 0.7812562644612154
 0.9250015083096952
 0.7943760493474223
 0.8720718514217026
 0.8545491338626793
 0.9325808349110086
 0.9512243925909
 0.942193102198073
 0.9166846084418897
 0.8520768869168521
 0.8237400429365129
 0.8299627244255823
 0.8769667696880126
 0.7560995694035412
 0.7344315232713153
 0.8088375232138778
 0.7689535170798378
 0.7720819600676653
 0.7707133507583029
 0.7919229219843051
 0.8169953009525505
 0.8128592209589105
 0.8337058566509089
 0.8617359969446328
 0.844714865189727
 0.8455432048366222
 0.8759021351930735
 0
 0
 0.6666666666666666
 0.75
 1
 0.6666666666666666
 0.8571428571428571
 0.75
 1
 1
 1
 0.5833333333333334
 0.9230769230769231
 0.7777777777777778
 1
 1
 0.5
 0
 0
 1
 1
 0
 1
 1
 1
 1
 1
 1
 1
 1
 0
 0
 1.000000000121208
 1.000000073325512
 1.175000119603862
 0.7416666668355891
 0.9714285716502646
 0.8625000031843031
 1.074404764819536
 1.079365088839903
 1.017424274190404
 0.7607354816740349
 0.9376457177505941
 0.7509337993320975
 0.9744477141339941
 1.013367366514973
 0.620946930054232
 0.4966787585731988
 0.488478042534825
 0.9701905194481819
 0.919029967083988
 0.6180742153796395
 0.8499687838405849
 0.9672427977719019
 0.8632265976021254
 1.060836766157317
 1.035272808210357
 0.8750013871853584
 1.028040921000767
 1.024812006522957
 0
 0
 0.7892931470571475
 0.8751183997598035
 0.8939690368361025
 0.6836296464004359
 0.6441860940254781
 0.7815485286919299
 0.9311567503189109
 0.7986719842141564
 0.888569952125101
 0.9054294547700767
 0.7312682043629989
 0.7091414536003999
 0.7233966007641545
 0.9251756071493678
 0.707502087783788
 0.6909990643820846
 0.8097514685918136
 0.728925835902412
 0.7478218009910711
 0.7797462352845281
 0.7805021210998697
 0.8729127609556863
 0.7835606486855342
 0.8252308832753541
 0.8193530537553424
 0.8238173591590527
 0.8653058317304043
 0.872414888507728
 0
 0
 0.5555722205654754
 0.8339369809719829
 0.8204852706688642
 0.6755870303859051
 0.7607437040115657
 0.8485307372566147
 0.886929170402902
 0.931413144584603
 0.9631993611698527
 0.886181440642878
 0.8467228107358712
 0.7877502649546753
 0.8297157636609878
 0.8610103470165836
 0.783538278630584
 0.7808980715344788
 0.8044217545528645
 0.7490203208761577
 0.7747101479043826
 0.7787896948464483
 0.7902134261674585
 0.8189221547826157
 0.8302367156890452
 0.8416185340107857
 0.8425816998052252
 0.8592888744900908
 0.8581934539171399
 0.8724652093530901
 0
 0
 1
 1
 1
 1
 1
 1
 1
 1
 1
 1
 1
 1
 1
 1
 1
 1
 1
 1
 1
 1
 1
 1
 1
 1
 1
 1
 1
 1
 0
 0
 0.9999999999890474
 1.02451128222471
 1.104616255984429
 0.7008670674518054
 0.9035737157467112
 1.041978578718358
 0.936325278117937
 1.040947801837594
 0.9973954101346965
 0.8849947658727093
 0.7551773114087242
 0.7045883191532546
 0.8086341954403515
 0.9510798642528164
 0.7158683482323386
 0.7136075792335648
 0.7795536147678047
 0.8080926040029004
 0.8840598455579816
 0.8686988260870898
 0.8147171900920427
 0.7816993123605687
 0.7368486594120419
 0.9895734366294228
 0.8877294104367561
 0.8815137852432235
 0.8762188165857515
 0.8711520118355059
 0
 0
 0.7892931470571475
 0.9231507450523612
 0.927221059290247
 0.7247236046393346
 0.6445970770747693
 0.7397431310741264
 0.755191666517789
 0.8091459117074639
 1.022715794438023
 0.8472515616732603
 0.6974270628335427
 0.7054881539923181
 0.9151517616781718
 0.889600821159876
 0.7894134149706692
 0.8298994190346338
 0.7391714634559512
 0.8443774171528197
 0.7426138206028313
 0.7626780926377548
 0.7950529396987431
 0.8252378308235471
 0.7477735194052016
 0.9370408653797063
 0.9385127985512676
 0.8382195943241898
 0.812224730682783
 0.9164543482411567
 0
 0
 0
 0
 0
 0
 0
 0
 0
 0
 0
 0
 0
 0
 0
 0
 0
 0
 0
 0
 0
 0
 0
 0
 0
 0
 0
 0
 0
 0
 0
 0
 0
 0
 0
 0
 0
 0
 0
 0
 0
 0
 0
 0
 0
 0
 0
 0
 0
 0
 0
 0
 0
 0
 0
 0
 0
 0
 0
 0
 0
 0
 0
 0
 0
 0
 0
 0
 0
 0
 0
 0
 0
 0
 0
 0
 0
 0
 0
 0
 0
 0
 0
 0
 0
 0
 0
 0
 0
 0
 0
 0
 0
 0
 0
 0
 0
 0
 0
 0
 0
 0
 0
 0
 0
 0
 0
 0
 0
 0
 0
 0
 0
 0
 0
 0
 0
 0
 0
 0
 0
 0
 0
 0
 0
 0
 0
 0
 0
 0
 0
 0
 0
 0
 0
 0
 0
 0
 0
 0
 0
 0
 0
 0
 0
 0
 0
 0
 0
 0
 0
 0
 1
 1
 1
 1
 1
 1
 1
 1
 1
 1
 1
 1
 1
 1
 1
 1
 1
 1
 1
 1
 1
 1
 1
 1
 1
 1
 1
 1
 0
 0
 0
 0
 0
 0
 0
 0
 0
 0
 0
 0
 0
 0
 0
 0
 0
 0
 0
 0
 0
 0
 0
 0
 0
 0
 0
 0
 0
 0
 0
 0
 0
 0
 0
 0
 0
 0
 0
 0
 0
 0
 0
 0
 0
 0
 0
 0
 0
 0
 0
 0
 0
 0
 0
 0
 0
 0
 0
 0


