# Created by Octave 3.8.2, Mon Nov 16 01:58:49 2015 CET <dkottke@snake8>
# name: mus
# type: matrix
# ndims: 3
 1 30 19
 0
 0
 0.7117794486215544
 0.7070707070707071
 0.6151898734177216
 0.5946969696969697
 0.6140350877192984
 0.6020408163265306
 0.6060606060606063
 0.6000000000000001
 0.6982323232323231
 0.7323232323232324
 0.7182051282051286
 0.7034438775510206
 0.7038461538461538
 0.7083333333333334
 0.6862745098039216
 0.8005050505050503
 0.8045112781954886
 0.8078947368421051
 0.8446115288220551
 0.8383838383838385
 0.8243819266837169
 0.828125
 0.8106666666666666
 0.8200000000000001
 0.8223905723905724
 0.8456632653061226
 0.8375043247606965
 0.8333333333333335
 0
 0
 0.6666666666666666
 0.25
 0.8
 1
 0.6
 0.9
 1
 0.8
 0.8
 0.8333333333333333
 0.8333333333333334
 0.8666666666666666
 0.9333333333333332
 0.9333333333333332
 0.95
 0.85
 0.8333333333333333
 0.85
 0.8
 0.86
 0.8699999999999999
 0.8799999999999999
 0.8799999999999999
 0.96
 0.78
 0.7466666666666667
 0.7266666666666667
 0.8
 0
 0
 0.7629547904392908
 0.6144064591145799
 0.7090047770573796
 0.8086437764090421
 0.851451668675289
 0.8373647314864957
 0.8488572070466229
 0.9087308116413693
 0.7846588066810981
 0.8598090333143744
 0.8601207506249378
 0.9114996647614458
 0.8747618472143808
 0.9135670706969304
 0.9267488480144328
 0.8315352131837564
 0.8402951915503148
 0.8397633531177953
 0.8476500497480273
 0.887451102264351
 0.8402646073531462
 0.8675925639361257
 0.8531747169710894
 0.8758845833573987
 0.8436719114318519
 0.8720465182913305
 0.8394848271091283
 0.8652798686858257
 0
 0
 0.5269947998029337
 0.4627423752215305
 0.6970388246390266
 0.713785337636867
 0.7385701208416681
 0.7124319198574812
 0.7584524139235292
 0.7954918998055328
 0.679971187654704
 0.7041906409112307
 0.7347234030531651
 0.7683417918735346
 0.7878290976777054
 0.794771758374697
 0.7972654657586637
 0.7143004571904722
 0.6986282090857955
 0.7006903315879811
 0.7130266972517881
 0.7114089759315201
 0.7223677759224917
 0.7325204910992464
 0.7445145279782198
 0.7537651457132613
 0.7200579395961235
 0.7149294496173231
 0.7255862850124806
 0.7348892301545363
 0
 0
 0.5622523278675806
 0.4134246007043635
 0.7556577789448893
 0.7180494157930821
 0.7818006937304428
 0.7255508420306109
 0.7641296937484962
 0.8077597270837296
 0.6935464200801209
 0.7117043812634254
 0.7474668736620956
 0.7682481773260605
 0.7856791276769227
 0.7954933062777314
 0.8020408503334766
 0.7026721070423337
 0.6966976583223592
 0.7087265264054831
 0.7127940512697227
 0.714168451612593
 0.7302986828636782
 0.7356146232026959
 0.7471647762496548
 0.7630383413301218
 0.7228206623917858
 0.7186493478582675
 0.7304607223715491
 0.7388165277487011
 0
 0
 0.9966731835174022
 0.4996047114620545
 0.7184755073919733
 0.8216551686067308
 0.9013328691581417
 0.6542045137501482
 0.9073434485639373
 0.7502641990462666
 0.6727812201991619
 0.680889374475515
 0.7312214440993828
 0.7425763488824492
 0.740781725007113
 0.7933982335570449
 0.7584585956083704
 0.7738493338924363
 0.6621673337544393
 0.6524642496086375
 0.7483562718281828
 0.7196916514421137
 0.6759251483876422
 0.7394647352289344
 0.7401579160092104
 0.7097718730279964
 0.7107997495707845
 0.6784644427916643
 0.7130212251543058
 0.7126347036250871
 0
 0
 0.3678794411714423
 0.7070670827123803
 0.709594068801638
 0.7925521029333343
 0.7789816008411634
 0.7360237666213907
 0.7895421688710172
 0.8991369551494675
 0.787507705884873
 0.8019570196749018
 0.7705635103360421
 0.7901006110532982
 0.8525834668045702
 0.8269328698133283
 0.7935859732521903
 0.7609316427897371
 0.8019089411048768
 0.7398528601046108
 0.822767128038175
 0.7923974739461694
 0.7969540630674123
 0.9085415053278839
 0.7974647296031373
 0.7862338647099791
 0.7700822996355833
 0.8005838471474975
 0.7891479685029329
 0.8236869968532896
 0
 0
 0.5424774128960952
 0.5676830814337581
 0.6928722560697206
 0.7426279154023665
 0.743871038921236
 0.6962220563028058
 0.7766021230765683
 0.7879492971205057
 0.6913773381530132
 0.7110580431759171
 0.7350955683368665
 0.7710139066182443
 0.7944362433055987
 0.8199759892019753
 0.8231839835351636
 0.7413099947760444
 0.7186344331124943
 0.7316022084716849
 0.7408167447396247
 0.7372567029108832
 0.7590496422313624
 0.7749223934414996
 0.7915599904264494
 0.7999736643850448
 0.7578838457374211
 0.7435327927939516
 0.7579294547359781
 0.7706183201088896
 0
 0
 0.5719703394689077
 0.4491919948190705
 0.7125448275538665
 0.7375339197711551
 0.8118288907397777
 0.6911904644129919
 0.7411131918967532
 0.7809204002592243
 0.6800733999962127
 0.7090026421206093
 0.7503684654188296
 0.7775280127182961
 0.7989833405134662
 0.8071532382137815
 0.8282611767080078
 0.7293817303846538
 0.7253845734256253
 0.7287392098665485
 0.7320928962592412
 0.7285449494749096
 0.7535204492168301
 0.7648020442505022
 0.7860058107564436
 0.8027113224309034
 0.7554331141418847
 0.7464391059675458
 0.7525875017752159
 0.772673994139249
 0
 0
 0.9910073581155431
 0.6757487009317642
 0.7513061931923145
 0.9272035730892431
 0.7371972691113698
 0.7886174273234995
 0.7849437045671709
 0.7827624644108362
 0.6925281068937609
 0.6980228998903608
 0.7346668816918571
 0.7657967452147022
 0.790136012165904
 0.7910600314379803
 0.8384552885050218
 0.6942684201023943
 0.7085342357486956
 0.7573122678637454
 0.7216253737105093
 0.7317692430833742
 0.7522996724863649
 0.7885071187007094
 0.9060551654585339
 0.776571330771509
 0.748754357669653
 0.7417547141844488
 0.7554271496463146
 0.779952301622398
 0
 0
 0.3678794411714423
 0.6177354876801988
 0.6946494722467479
 0.8996274438527597
 0.7394153934561206
 0.7496204754434814
 0.7760742999657947
 0.7762204528759448
 0.7789884519886479
 0.7736586018617122
 0.7550377783161366
 0.8026709008374664
 0.8179260243510958
 0.8269305674414285
 0.8028231092248185
 0.7774257395999449
 0.7542535294188424
 0.8521752104787333
 0.7659765783795565
 0.7702410316815496
 0.8313221452500095
 0.7927482964898038
 0.7845558145756069
 0.7991263720836114
 0.7601187225357955
 0.7721566203698882
 0.7846633968492214
 0.7976761760903092
 0
 0
 0
 0
 0
 0
 0
 0
 0
 0
 0
 0
 0
 0
 0
 0
 0
 0
 0
 0
 0
 0
 0
 0
 0
 0
 0
 0
 0
 0
 0
 0
 0
 0
 0
 0
 0
 0
 0
 0
 0
 0
 0
 0
 0
 0
 0
 0
 0
 0
 0
 0
 0
 0
 0
 0
 0
 0
 0
 0
 0
 0
 0
 0
 0
 0
 0
 0
 0
 0
 0
 0
 0
 0
 0
 0
 0
 0
 0
 0
 0
 0
 0
 0
 0
 0
 0
 0
 0
 0
 0
 0
 0
 0
 0
 0
 0
 0
 0
 0
 0
 0
 0
 0
 0
 0
 0
 0
 0
 0
 0
 0
 0
 0
 0
 0
 0
 0
 0
 0
 0
 0
 0
 0
 0
 0
 0
 0
 0
 0
 0
 0
 0
 0
 0
 0
 0
 0
 0
 0
 0
 0
 0
 0
 0
 0
 0
 0
 0
 0
 0
 0
 0.4338274224927876
 0.4505628769682669
 0.7186324108782087
 0.7568138272479265
 0.827208898958927
 0.6959964507180383
 0.7389198143171518
 0.787434116187488
 0.6906996093813516
 0.7053237638838705
 0.7579930675352843
 0.7757097149763666
 0.7932826615510722
 0.8056941724789473
 0.8234415781124528
 0.7303548951061539
 0.7236004860451992
 0.729909998885136
 0.731094676920219
 0.72863466380022
 0.7523667978899133
 0.7605377033338629
 0.7840352441184298
 0.7996786244924746
 0.751712632894984
 0.7430164898567636
 0.7503384215709148
 0.7692403448382382
 0
 0
 0
 0
 0
 0
 0
 0
 0
 0
 0
 0
 0
 0
 0
 0
 0
 0
 0
 0
 0
 0
 0
 0
 0
 0
 0
 0
 0
 0
 0
 0
 0
 0
 0
 0
 0
 0
 0
 0
 0
 0
 0
 0
 0
 0
 0
 0
 0
 0
 0
 0
 0
 0
 0
 0
 0
 0
 0
 0


