# Created by Octave 3.8.2, Fri Nov 20 22:05:28 2015 CET <dkottke@snake2>
# name: mus
# type: matrix
# ndims: 3
 1 30 19
 0
 0
 0.3623188405797101
 0.4807692307692308
 0.7073170731707318
 0.6715686274509803
 0.6699507389162561
 0.6778846153846154
 0.6473429951690821
 0.97
 0.9760765550239233
 0.9754901960784313
 0.9807692307692308
 0.9285714285714286
 0.9282051282051283
 0.9711538461538461
 0.9705882352941176
 0.9772727272727273
 0.9808612440191389
 0.9800000000000001
 0.9788359788359789
 0.9806397306397306
 0.9855072463768116
 0.9791666666666667
 0.98
 0.9278846153846154
 0.9879062736205594
 0.9897959183673469
 0.9852216748768472
 0.9833333333333334
 0
 0
 0.6666666666666666
 1
 1
 1
 1
 1
 1
 0.9
 0.8
 1
 1
 0.8666666666666668
 0.8666666666666668
 1
 0.8833333333333334
 0.8333333333333333
 0.85
 0.8
 0.9
 0.9199999999999999
 0.9099999999999999
 0.9099999999999999
 0.9199999999999999
 0.9266666666666667
 0.9266666666666665
 0.9333333333333332
 0.9199999999999999
 0.9333333333333332
 0
 0
 0.6935173048103962
 0.9327531320395152
 0.8814773952196454
 0.8625099896550058
 0.9251990672052873
 0.9020213133815735
 0.9163529218345842
 0.9298346179700301
 0.9322732947190675
 0.9340781467315171
 0.9193642839422841
 0.9374200646759728
 0.9555408540290581
 0.904438163703751
 0.8838227023599419
 0.8417888027170444
 0.8595019444128148
 0.8983077097692886
 0.8987730467963627
 0.9230120436674193
 0.9288715265474663
 0.9439581203385001
 0.9325895385617706
 0.9404544583996371
 0.936631408597679
 0.9540452857318645
 0.9560547951244398
 0.9540304808079599
 0
 0
 0.8888888889402511
 0.9791750005506057
 1
 0.9699082211574471
 0.9755583921480594
 0.9960937641993727
 0.9931364719154623
 0.9205732505059363
 0.9793460724949306
 0.9866579400637527
 0.9894698888975483
 0.9907875390987172
 0.9909010562484443
 0.9862337950919309
 0.9251966461866481
 0.926945413202837
 0.9230480253932903
 0.9439725671850644
 0.9370307403118386
 0.9463728238529143
 0.9453953944218046
 0.9476419240496997
 0.9431212226064258
 0.9568583068195271
 0.9469330353146037
 0.9555202519592898
 0.9528136457623283
 0.9596439142897492
 0
 0
 0
 1
 1
 1
 1
 1
 1
 1
 1
 1
 1
 1
 1
 1
 1
 0
 1
 1
 1
 1
 1
 1
 1
 1
 1
 0
 1
 0
 0
 0
 0.1666916641796838
 1.388888924925551
 1.149999984201215
 1.108333333639432
 1.189285714849818
 1.071428574676281
 1.06250000975317
 0.9988095416772312
 1.00530306529464
 1.035353540530466
 1.027214452223839
 1.018907563211549
 1.021419228538002
 0.9891849851247382
 1.008054590245175
 0.671093807138913
 1.059121845068291
 1.042553193599235
 0.9267253967615448
 1.062500858182301
 1.028553269750315
 1.053572585712649
 1.043759980038807
 1.041666667894505
 1.000000003009796
 0.7500038240196032
 1.000000902972056
 0.687503092826274
 0
 0
 0.3678794411714423
 0.756590018449001
 0.8810261586779495
 0.9726043578756862
 0.7942248678543926
 0.8807717293621276
 0.8893807012952353
 0.8957725464434846
 0.9149425460348268
 0.9699108826667949
 0.9221658654565434
 0.9655667004874826
 0.901708412936141
 0.9005825404845584
 0.9045761053104622
 0.8672549451167563
 0.9070586542039817
 0.9178307610356105
 0.9031244228959494
 0.9223585917097012
 0.9355294618934626
 0.9282191821147598
 0.9590419073502514
 0.9434506914156346
 0.9493871592445131
 0.9570868982513026
 0.9551535717746629
 0.9539812206939166
 0
 0
 0.8888888889163415
 0.8696026235459365
 0.9110090694521787
 0.877665977343018
 0.9179156598956109
 0.9570931591320404
 0.967187127027379
 0.9127614649935133
 0.9482015100457358
 0.9666830818035292
 0.9667723015162774
 0.9695591016529581
 0.9603082705512009
 0.9686906678666996
 0.9383534120697276
 0.9414772181132216
 0.9412413420278156
 0.9352334567755139
 0.9408838095720365
 0.9510377671857485
 0.9483470398240725
 0.9428848681144735
 0.9483128176115718
 0.9597232827918176
 0.9509573999507995
 0.9531029410751716
 0.9491826759852178
 0.9550912573951635
 0
 0
 1
 1
 1
 1
 1
 1
 1
 1
 1
 1
 1
 1
 1
 1
 1
 1
 1
 1
 1
 1
 1
 1
 1
 1
 1
 1
 1
 1
 0
 0
 0.1666916641946341
 1.421569339612893
 1.023848678327386
 1.07358035663825
 1.270939739817273
 1.149405479911944
 1.133208891868445
 0.8886917431078394
 0.9780311670885286
 0.9411763941112758
 1.016034075891281
 1.032963080863178
 1.048176124804596
 1.047052451658126
 0.8921902366518265
 0.9621684426430531
 0.9548325372770814
 1.02027654157294
 0.8996037304904155
 1.073644955457153
 0.8822891510654024
 1.074195422548613
 0.9015281498943494
 1.084844317652202
 1.000000000001604
 0.9999981774280415
 0.9922810226652518
 0.8711504847049876
 0
 0
 0.3678794411714423
 0.7691683963826794
 1.029387372986859
 1.111646018841629
 0.8034946062418705
 0.8172529983838305
 0.9231818552325508
 0.8577604618878988
 0.8621402967684076
 0.9938619999340534
 0.9358163790369117
 0.978952466069779
 0.927558887904399
 0.9179205326844301
 1.042168864886109
 0.9069919738488972
 0.9282510864126504
 0.8907047174449325
 0.9129376995834786
 0.9673863401136552
 0.9058378183626401
 0.9541907660862285
 1.052604425414756
 0.9664491932544468
 0.966030828687257
 1.095948448135652
 0.9512063533250756
 0.977156632426229
 0
 0
 0
 0
 0
 0
 0
 0
 0
 0
 0
 0
 0
 0
 0
 0
 0
 0
 0
 0
 0
 0
 0
 0
 0
 0
 0
 0
 0
 0
 0
 0
 0
 0
 0
 0
 0
 0
 0
 0
 0
 0
 0
 0
 0
 0
 0
 0
 0
 0
 0
 0
 0
 0
 0
 0
 0
 0
 0
 0
 0
 0
 0
 0
 0
 0
 0
 0
 0
 0
 0
 0
 0
 0
 0
 0
 0
 0
 0
 0
 0
 0
 0
 0
 0
 0
 0
 0
 0
 0
 0
 0
 0
 0
 0
 0
 0
 0
 0
 0
 0
 0
 0
 0
 0
 0
 0
 0
 0
 0
 0
 0
 0
 0
 0
 0
 0
 0
 0
 0
 0
 0
 0
 0
 0
 0
 0
 0
 0
 0
 0
 0
 0
 0
 0
 0
 0
 0
 0
 0
 0
 0
 0
 0
 0
 0
 0
 0
 0
 0
 0
 0
 1
 1
 1
 1
 1
 1
 1
 1
 1
 1
 1
 1
 1
 1
 1
 1
 1
 1
 1
 1
 1
 1
 1
 1
 1
 1
 1
 1
 0
 0
 0
 0
 0
 0
 0
 0
 0
 0
 0
 0
 0
 0
 0
 0
 0
 0
 0
 0
 0
 0
 0
 0
 0
 0
 0
 0
 0
 0
 0
 0
 0
 0
 0
 0
 0
 0
 0
 0
 0
 0
 0
 0
 0
 0
 0
 0
 0
 0
 0
 0
 0
 0
 0
 0
 0
 0
 0
 0


