# Created by Octave 3.8.2, Fri Nov 20 20:33:50 2015 CET <dkottke@snake10>
# name: mus
# type: matrix
# ndims: 3
 1 30 19
 0
 0
 0.5364496382860316
 0.5384187082405345
 0.7186629526462408
 0.7201783723522859
 0.7231795441912183
 0.7243303571428571
 0.6728084868788382
 0.5703910614525138
 0.6080790375268907
 0.6454138702460849
 0.6334076551467855
 0.6304408482142855
 0.6106442577030814
 0.6082589285714286
 0.6075443510737628
 0.6066217732884401
 0.6012637977923531
 0.6056179775280897
 0.5881232492997197
 0.5856091782017707
 0.7025269416573767
 0.7010135135135136
 0.7036619718309859
 0.7294685990338164
 0.7233445566778901
 0.7271205357142854
 0.7330367074527255
 0.725423728813559
 0
 0
 0.6666666666666666
 1
 0.8
 0.8
 1
 1
 0.9
 0.6
 0.5666666666666667
 0.7
 0.7333333333333333
 0.8666666666666668
 0.8666666666666666
 0.9
 0.8666666666666668
 0.9
 0.8166666666666668
 0.85
 0.8699999999999999
 0.86
 0.82
 0.8300000000000001
 0.8
 0.8466666666666667
 0.8200000000000001
 0.82
 0.8266666666666668
 0.7333333333333333
 0
 0
 0.7076442415417921
 0.9019968125847198
 0.8473450351128313
 0.9243436032807083
 0.9649099534806954
 0.9600907231368399
 0.8293290851237092
 0.6722258919687764
 0.6861569250238373
 0.7295341132620879
 0.7666446269164431
 0.7957342453207733
 0.7825629230390403
 0.8297550821529308
 0.8254550905491544
 0.8307438311363256
 0.7633906105583589
 0.8381348235983771
 0.8341209832550001
 0.8264640691301121
 0.768744276633138
 0.7937181336041748
 0.7699675373217347
 0.7713476610874498
 0.7597233282441
 0.7541642870751458
 0.7849293888386309
 0.7167960810381575
 0
 0
 0.7222305547408581
 0.9821500005440287
 0.8086159347099988
 0.8946785436723828
 0.9863946841934922
 0.9921876840712369
 0.9019564732422222
 0.6839303664148596
 0.7009126918047639
 0.8264983928158435
 0.8526926567638975
 0.8755385148158875
 0.9045986188953561
 0.920352177827131
 0.9105149544639933
 0.9334586748876071
 0.8942847176392152
 0.8914456854163256
 0.9017089781111234
 0.8969342668788506
 0.8101381724645802
 0.8419490729325172
 0.7588298006638466
 0.7855747592066279
 0.8001502169859469
 0.8052633077172493
 0.7942395701774927
 0.7486850396429231
 0
 0
 0.6666666666666666
 1
 1
 0.6666666666666666
 1
 1
 1
 0.6
 0.7272727272727273
 0.9166666666666666
 0.6153846153846154
 0.8888888888888888
 0.6
 1
 1
 1
 1
 1
 1
 1
 0
 0
 1
 1
 1
 1
 1
 1
 0
 0
 0.8333333333466807
 1.238100001030274
 1.250000021557745
 0.7625001458309473
 1.05952381113327
 1.010714288079063
 1.030753969619361
 0.5664682596925148
 0.7367424390970283
 0.9540404101510579
 0.7423971826387581
 0.9263246966567951
 0.7715974775720245
 1.021440858673822
 1.056943114172435
 1.019231050614997
 1.059738072814667
 0.976063966485666
 1.027116227785882
 1.058432752374572
 0.6206001632811905
 0.6220466758928734
 0.9534932908703959
 0.4229344597449506
 0.7730001542177303
 0.8022917592464722
 0.8750018102783783
 0.821888010714196
 0
 0
 0.5785862941142949
 0.9232752220012616
 0.8173966805233512
 0.933140925841492
 0.9442229069411759
 0.9676921779349413
 0.7790505551465257
 0.7297805148412294
 0.7031011045746342
 0.7295681964803986
 0.7664154582267907
 0.7838384557289541
 0.8623543126166071
 0.8162954433940799
 0.8189712490484827
 0.8435864700735539
 0.909292777344048
 0.8384561258589777
 0.819332849814093
 0.8399063498280295
 0.8194841142708675
 0.8086904311361818
 0.8014117784261994
 0.7590839410458076
 0.7960210333155131
 0.8069950054506906
 0.813205202834388
 0.7615805559247082
 0
 0
 0.7222305548373251
 0.8882408661286051
 0.8096887325678392
 0.9161579650724361
 0.9416433126825647
 0.9692353776841741
 0.8626460458138875
 0.6703019922041537
 0.6912845561266413
 0.748740022747922
 0.8429850057727701
 0.860834979022078
 0.8976144722799709
 0.9253356410448376
 0.9211117283325886
 0.9093643815599807
 0.8896601195324789
 0.9067851301286399
 0.9052376571023101
 0.9117343558473308
 0.8065623075109208
 0.8479257041971408
 0.7763452073428039
 0.745552610478585
 0.7699593673640128
 0.8013051035512987
 0.7869211127662161
 0.7366506975297729
 0
 0
 1
 1
 1
 1
 1
 1
 1
 1
 1
 1
 1
 1
 1
 1
 1
 1
 1
 1
 1
 1
 1
 1
 1
 1
 1
 1
 1
 1
 0
 0
 0.8333333333532731
 1.175446492130576
 1.19384856217138
 0.9136442147869124
 1.143793987474011
 1.029055082494994
 0.8578675028848664
 0.5523716300927539
 0.6543353119866542
 0.7776467858904318
 0.8535625222862714
 0.9394913924591672
 0.8622925012334226
 0.9701983188119617
 0.8707233341823426
 0.8780863256182596
 1.008303323751055
 0.9991884722250893
 0.8670483369330648
 1.020633989396124
 0.8548619055327942
 0.8161390106977344
 0.7474786658485578
 0.4851497576065044
 0.7340872667352406
 0.7478367414351916
 0.8760388658252102
 0.5893201095748067
 0
 0
 0.5785862941142949
 0.9232752239284565
 0.8425335751882437
 0.9766268591507983
 1.010703222418087
 1.014262100931639
 0.7924004241008027
 0.7383905539078172
 0.6975615289114045
 0.7559318442500297
 0.8004473217965988
 0.8285716138400095
 0.7860984892252525
 0.9619872806835404
 1.013828666071078
 0.8905624655598732
 0.808593721219915
 0.8630092949889087
 0.9439508414108707
 0.8357385728337619
 0.7440599403875
 0.8292837912287355
 0.806312600100568
 0.7720176379324108
 0.9045265628074776
 0.8245740967057447
 0.8507350315764663
 0.7740411104711939
 0
 0
 0
 0
 0
 0
 0
 0
 0
 0
 0
 0
 0
 0
 0
 0
 0
 0
 0
 0
 0
 0
 0
 0
 0
 0
 0
 0
 0
 0
 0
 0
 0
 0
 0
 0
 0
 0
 0
 0
 0
 0
 0
 0
 0
 0
 0
 0
 0
 0
 0
 0
 0
 0
 0
 0
 0
 0
 0
 0
 0
 0
 0
 0
 0
 0
 0
 0
 0
 0
 0
 0
 0
 0
 0
 0
 0
 0
 0
 0
 0
 0
 0
 0
 0
 0
 0
 0
 0
 0
 0
 0
 0
 0
 0
 0
 0
 0
 0
 0
 0
 0
 0
 0
 0
 0
 0
 0
 0
 0
 0
 0
 0
 0
 0
 0
 0
 0
 0
 0
 0
 0
 0
 0
 0
 0
 0
 0
 0
 0
 0
 0
 0
 0
 0
 0
 0
 0
 0
 0
 0
 0
 0
 0
 0
 0
 0
 0
 0
 0
 0
 0
 1
 1
 1
 1
 1
 1
 1
 1
 1
 1
 1
 1
 1
 1
 1
 1
 1
 1
 1
 1
 1
 1
 1
 1
 1
 1
 1
 1
 0
 0
 0
 0
 0
 0
 0
 0
 0
 0
 0
 0
 0
 0
 0
 0
 0
 0
 0
 0
 0
 0
 0
 0
 0
 0
 0
 0
 0
 0
 0
 0
 0
 0
 0
 0
 0
 0
 0
 0
 0
 0
 0
 0
 0
 0
 0
 0
 0
 0
 0
 0
 0
 0
 0
 0
 0
 0
 0
 0


