# Created by Octave 3.8.2, Fri Nov 20 21:43:58 2015 CET <dkottke@snake7>
# name: mus
# type: matrix
# ndims: 3
 1 30 19
 0
 0
 0.867167919799499
 0.8653846153846154
 0.8753138075313812
 0.8768844221105532
 0.8696741854636595
 0.9437919463087249
 0.9423558897243098
 0.9394957983193283
 0.9441201000834021
 0.9427609427609432
 0.9414715719063534
 0.9421848739495802
 0.9451476793248942
 0.9510135135135135
 0.9403361344537812
 0.9414983164983161
 0.93984962406015
 0.9322033898305085
 0.9356725146198829
 0.9337822671156002
 0.9272575250836123
 0.9268707482993199
 0.9259574468085113
 0.9218227424749162
 0.9248737373737371
 0.9386337868480729
 0.9411269974768711
 0.939316239316239
 0
 0
 0.6666666666666666
 0.75
 1
 0.8
 1
 0.6
 0.6
 0.7
 0.7
 0.8333333333333333
 0.9333333333333332
 0.9
 0.9333333333333332
 0.7499999999999999
 0.8166666666666667
 0.8333333333333333
 0.9
 0.85
 0.9099999999999999
 0.9099999999999999
 0.9099999999999999
 0.9099999999999999
 0.9199999999999999
 0.9666666666666668
 0.96
 0.9266666666666665
 0.8266666666666668
 0.8666666666666666
 0
 0
 0.8462409451498103
 0.734108018905448
 0.9044303726483339
 0.9030748476462879
 0.9655988811521874
 0.7355628995567201
 0.7496661975589237
 0.8278525011456894
 0.8680975100577742
 0.8222194804882341
 0.867130780430712
 0.8675393324609113
 0.8925109307941407
 0.7007728411692412
 0.8550549992867816
 0.8201277086403145
 0.8600890439381828
 0.8269989560255706
 0.8921802306017285
 0.8993042795663174
 0.8987843648997336
 0.8923427736089156
 0.9078834884128419
 0.8943139243012648
 0.937542621232917
 0.8987997863062841
 0.9061104064723258
 0.9024081960706386
 0
 0
 0.69444861069932
 0.8576472227060643
 0.9527780715945063
 0.9745374421303153
 0.9948980050998983
 0.7230333976761908
 0.750601624937322
 0.8243914146022894
 0.9278762667409738
 0.9312762916080229
 0.9556159521509551
 0.9542687677867165
 0.9505601106770361
 0.8231250315931722
 0.8533727880969687
 0.8855337412272288
 0.897489060891429
 0.9302951552833053
 0.9352113698437097
 0.9444078236960568
 0.9485385406512071
 0.9366748633753845
 0.9459475594570133
 0.9608373489360313
 0.9571370998836144
 0.9133901574601733
 0.905874238206139
 0.9220822744006738
 0
 0
 0.6666666666666666
 0.5
 1
 1
 1
 0.75
 0.3333333333333333
 0.7
 1
 0.8333333333333334
 0.9230769230769231
 0.7777777777777778
 1
 1
 1
 1
 1
 1
 1
 1
 1
 1
 1
 1
 1
 1
 1
 1
 0
 0
 1.000000000491457
 0.6111111750502772
 1.175000000314359
 1.108333333661742
 1.054761906503691
 0.725000004043256
 0.5952411900638974
 0.7055557846785528
 1.053787891232942
 0.8684343565779231
 0.9533217757665228
 0.8663183257541169
 1.047280380448406
 1.01516254031742
 0.9508618489551244
 1.072968044324901
 0.9425674639077881
 1.071808732718462
 0.8210184561511166
 1.07638917022519
 0.8409112650320799
 1.053572520758028
 1.062501045906597
 1.000000002475381
 1.000000877752393
 1.000000003932505
 1.000000901821145
 1.000000007107381
 0
 0
 0.3678794411714423
 0.8791538098704469
 0.9669087519657867
 0.9364532653719955
 0.9188700416148327
 0.8017667603355021
 0.763085138008974
 0.8192201111549022
 0.9646826257392193
 0.8184920204752781
 0.8823504958028771
 0.8542623534042426
 0.8983375515721996
 0.8418103372400656
 0.8365490219125853
 0.8351159660413165
 0.9216570529376549
 0.8739975531946546
 0.8927908843957382
 0.9199963881744662
 0.9097446427781243
 0.921525436152953
 0.9356324494883844
 0.9214140099303286
 0.9255466129189384
 0.906571465556153
 0.9052605655659605
 0.9137910121110674
 0
 0
 0.6944486107421126
 0.8670407120785892
 0.8866186713712157
 0.9610703335906585
 0.9683682996375605
 0.7365469070306114
 0.7703796961826659
 0.8066472561652717
 0.8696825995908196
 0.9119607406017354
 0.9426835087331011
 0.9376438615479599
 0.9522052678103546
 0.8405273457081455
 0.8917558103666656
 0.8848266417179351
 0.8986620732916714
 0.9131970358221114
 0.9200910447776864
 0.9333649258682929
 0.9361016248073579
 0.9343877871632648
 0.9331141000723561
 0.9515247428147752
 0.9460039388005015
 0.9154491185956842
 0.9154857884609753
 0.9204940607129388
 0
 0
 1
 1
 1
 1
 1
 1
 1
 1
 1
 1
 1
 1
 1
 1
 1
 1
 1
 1
 1
 1
 1
 1
 1
 1
 1
 1
 1
 1
 0
 0
 0.9999999999936017
 0.6764722298911962
 1.151538574629702
 1.088084866012634
 1.076295585852534
 0.6868347181747303
 0.6708428311996906
 0.731959936862206
 0.8884513988500151
 0.9579090280060589
 0.9862673404932329
 1.014188969940827
 0.9859529836938798
 0.8719932488307687
 0.9350601431837209
 1.052253875002125
 0.8633235243237298
 1.072592215183852
 0.9020253205560501
 1.04133328473174
 0.9967866749648712
 1.074195422548617
 1.045018688696651
 1.000000000000661
 0.9909981061288144
 1.000000000003779
 0.9922990003203584
 0.9928321189294048
 0
 0
 0.3678794411714423
 0.8851126842907981
 1.066541342192318
 0.9433439122142306
 0.9142700642130057
 0.8775669376539701
 0.8078542344318709
 0.7817656289005229
 0.9629223348125897
 0.9641188882442183
 0.9577502142295942
 0.8760250162452337
 1.19521961576934
 0.9680833077777508
 0.8268577186070694
 0.8537796367314845
 0.8151629888576447
 1.002128738769444
 0.9186349051123499
 0.8710275715125539
 1.020602108089449
 0.8872515398883662
 0.9792301868177843
 0.896666727048937
 0.9669104135027058
 0.9199155862856361
 0.8855873833130454
 0.9152545109031174
 0
 0
 0
 0
 0
 0
 0
 0
 0
 0
 0
 0
 0
 0
 0
 0
 0
 0
 0
 0
 0
 0
 0
 0
 0
 0
 0
 0
 0
 0
 0
 0
 0
 0
 0
 0
 0
 0
 0
 0
 0
 0
 0
 0
 0
 0
 0
 0
 0
 0
 0
 0
 0
 0
 0
 0
 0
 0
 0
 0
 0
 0
 0
 0
 0
 0
 0
 0
 0
 0
 0
 0
 0
 0
 0
 0
 0
 0
 0
 0
 0
 0
 0
 0
 0
 0
 0
 0
 0
 0
 0
 0
 0
 0
 0
 0
 0
 0
 0
 0
 0
 0
 0
 0
 0
 0
 0
 0
 0
 0
 0
 0
 0
 0
 0
 0
 0
 0
 0
 0
 0
 0
 0
 0
 0
 0
 0
 0
 0
 0
 0
 0
 0
 0
 0
 0
 0
 0
 0
 0
 0
 0
 0
 0
 0
 0
 0
 0
 0
 0
 0
 0
 1
 1
 1
 1
 1
 1
 1
 1
 1
 1
 1
 1
 1
 1
 1
 1
 1
 1
 1
 1
 1
 1
 1
 1
 1
 1
 1
 1
 0
 0
 0
 0
 0
 0
 0
 0
 0
 0
 0
 0
 0
 0
 0
 0
 0
 0
 0
 0
 0
 0
 0
 0
 0
 0
 0
 0
 0
 0
 0
 0
 0
 0
 0
 0
 0
 0
 0
 0
 0
 0
 0
 0
 0
 0
 0
 0
 0
 0
 0
 0
 0
 0
 0
 0
 0
 0
 0
 0


