# Created by Octave 3.8.2, Sat Nov 21 00:25:38 2015 CET <dkottke@snake9>
# name: mus
# type: matrix
# ndims: 3
 1 30 19
 0
 0
 0.6365914786967417
 0.5277777777777778
 0.5164556962025317
 0.5202020202020203
 0.5263157894736843
 0.5255102040816326
 0.524621212121212
 0.5307692307692308
 0.5265151515151515
 0.5252525252525252
 0.5884615384615385
 0.5886479591836734
 0.5858974358974358
 0.5885416666666666
 0.7399829497016198
 0.7537878787878789
 0.7794486215538845
 0.7657894736842108
 0.7543859649122806
 0.7335858585858587
 0.7337311736288717
 0.7656249999999999
 0.7733333333333334
 0.782051282051282
 0.7753727753727754
 0.7691326530612246
 0.7756890785376543
 0.7871794871794869
 0
 0
 0.3333333333333333
 1
 1
 1
 0.8
 1
 1
 1
 1
 1
 0.9333333333333333
 0.9333333333333333
 0.9333333333333333
 0.9333333333333332
 0.8166666666666667
 0.8333333333333333
 0.8
 0.8
 0.9099999999999999
 0.9
 0.9199999999999999
 0.95
 0.96
 0.9266666666666667
 0.9199999999999999
 0.9333333333333333
 0.8933333333333333
 0.9
 0
 0
 0.5936367836102129
 0.8504132676629365
 0.8946465735285737
 0.9041283819110021
 0.9262526014700017
 0.9237769875392209
 0.9252829972790673
 0.9152603888820614
 0.9169898235936453
 0.9626214092927852
 0.8947905133865783
 0.924284205937841
 0.9245493562141832
 0.9313999645344083
 0.8643025306458814
 0.870824800957871
 0.8974520739065968
 0.8996836109833208
 0.9336085759511727
 0.9286184542858654
 0.9188790084911401
 0.9359482477389363
 0.9121592595870865
 0.9379631562496858
 0.9371386492001951
 0.9488105837987522
 0.924910617175673
 0.9317325730726507
 0
 0
 0.218633551881577
 0.8758981648343906
 0.8640651633656501
 0.8499330292868045
 0.8768978147024772
 0.9343782755969388
 0.9563080143959246
 0.9661653568693892
 0.9566344093915732
 0.9642018346405933
 0.915890146785943
 0.9225391530026704
 0.9272855050186838
 0.9357996476871225
 0.8398036116500528
 0.8480829128310817
 0.8882810678650632
 0.8915840121194469
 0.9003994883813736
 0.9080634934741438
 0.9136967284958671
 0.9059513707581164
 0.9127749796418191
 0.9068558940907803
 0.919124160769642
 0.9062568057045287
 0.9107695012149652
 0.8972248397698863
 0
 0
 0.3333333333333333
 1
 1
 1
 0.8571428571428571
 1
 1
 1
 1
 1
 0.8461538461538461
 0.8888888888888888
 0.8
 1
 1
 1
 1
 1
 1
 0
 1
 0
 1
 1
 1
 1
 1
 1
 0
 0
 0.3542588454224327
 0.4204117197916458
 0.9079715425244912
 0.9566879325161143
 0.8468531242997873
 0.9865493378007267
 0.9606516160214136
 0.9768662174636893
 0.972623779938497
 0.8677755680625017
 0.8904288209919617
 0.9097043171504042
 0.901241765895808
 0.9406084075952057
 0.8458405386930385
 0.8069365135109945
 0.8561738607466616
 0.8931275550426026
 0.9099129346850279
 0.8339371702688347
 0.9141157528780088
 0.8300944140135118
 0.9083063500925836
 0.8885528573338468
 0.9399582374713373
 0.9411110549170871
 0.9027164059783076
 0.908503650773254
 0
 0
 0.7892931470571475
 0.7903267864618966
 0.8855177797578937
 0.8604436252010372
 0.8836384280637927
 0.9001055642137203
 0.9143917509123733
 0.8784131499336855
 0.9628809422148342
 0.9401818685177751
 0.8941479489749349
 0.8713401907409526
 0.92262329671385
 0.9451104112216647
 0.8962092609045502
 0.9077487621774526
 0.9062398919927601
 0.8984727696411303
 0.9415864493133368
 0.8959555876683308
 0.9049717135463845
 0.8680549515845304
 0.8465065775397551
 0.941066520935363
 0.930431499840112
 0.9151685313901579
 0.919823411111754
 0.9235181080102171
 0
 0
 0.2131601373341466
 0.8484252148917673
 0.7889795854935864
 0.8170218151520248
 0.8770051007736869
 0.9087033953624281
 0.9044457985164044
 0.9173705246423906
 0.8830416788927595
 0.8837622255550319
 0.8722298335928628
 0.8645758287628379
 0.8633498883011617
 0.8923783616900292
 0.8075047417580974
 0.8212041704090409
 0.8222501679750687
 0.8326856842166239
 0.8557196089098655
 0.8513663322644194
 0.8585407064491709
 0.8489688263456042
 0.8501852468120452
 0.8574755878523258
 0.871876291091418
 0.8626395193139341
 0.8617759528963832
 0.8749200891629361
 0
 0
 0.9827152445926521
 0.8985637469079206
 0.9476695799013
 0.9205578128322665
 0.9492100699660648
 0.9167705595341741
 0.9226611181576431
 0.9132315834879595
 0.9152080641795701
 0.9302985396097987
 0.9149265461714368
 0.9140025324643878
 0.9191782468108253
 0.9169428151327099
 0.8887932730479895
 0.912066476802335
 0.9081533709152327
 0.9053940662586031
 0.9007168276557929
 0.9090354404586207
 0.9004709355202095
 0.8909127183915047
 0.9008742198330252
 0.9040396300734277
 0.8958914640398457
 0.9019729940012345
 0.9074958765881441
 0.9050472691109448
 0
 0
 0.3603255726871781
 0.7113131723174858
 0.8826026052539597
 0.925386719290709
 0.8794415714169823
 0.984848817900184
 0.9848317832770124
 0.9383076836774419
 0.9310426701809518
 0.979601887730847
 0.9279943476670477
 0.9425545437287978
 0.9558047172995567
 0.9485400386373924
 0.862125988106295
 0.8565049375207545
 0.9190990821245671
 0.9031045609245993
 0.9138113379191359
 0.9039041096123878
 0.9172772675518752
 0.9038066571930208
 0.8843125172783413
 0.9204458899653472
 0.9142192204728742
 0.912379785365566
 0.9049551285288767
 0.6035449209211293
 0
 0
 0.7892931470571475
 0.7657310902804525
 0.8851500133422034
 0.8263623805075822
 0.8858336076965631
 0.9169140469949387
 0.9308817983385468
 0.8534665894817283
 0.9727528745968239
 0.9456945184193363
 0.6002585639701967
 0.8574328187633571
 0.9466030722859409
 0.8744213772898229
 0.8573357696874619
 0.9091911740924588
 0.8628854586985306
 0.9206001658128369
 0.8768532487940854
 0.8931754008619492
 0.9515822882620018
 0.8872080192465206
 0.8756791793239798
 0.8938349075836688
 0.9470192915854536
 0.9871628805500055
 0.9226770194372897
 0.9111240382329769
 0
 0
 0
 0
 0
 0
 0
 0
 0
 0
 0
 0
 0
 0
 0
 0
 0
 0
 0
 0
 0
 0
 0
 0
 0
 0
 0
 0
 0
 0
 0
 0
 0
 0
 0
 0
 0
 0
 0
 0
 0
 0
 0
 0
 0
 0
 0
 0
 0
 0
 0
 0
 0
 0
 0
 0
 0
 0
 0
 0
 0
 0
 0
 0
 0
 0
 0
 0
 0
 0
 0
 0
 0
 0
 0
 0
 0
 0
 0
 0
 0
 0
 0
 0
 0
 0
 0
 0
 0
 0
 0
 0
 0
 0
 0
 0
 0
 0
 0
 0
 0
 0
 0
 0
 0
 0
 0
 0
 0
 0
 0
 0
 0
 0
 0
 0
 0
 0
 0
 0
 0
 0
 0
 0
 0
 0
 0
 0
 0
 0
 0
 0
 0
 0
 0
 0
 0
 0
 0
 0
 0
 0
 0
 0
 0
 0
 0
 0
 0
 0
 0
 0
 0.936471611430762
 0.9236572599291666
 0.9218441264030417
 0.9045086225007779
 0.9289665285084654
 0.9105451472440244
 0.9125503289875763
 0.9263742854139969
 0.920492856951072
 0.917005960956257
 0.9330532039044385
 0.9285339726766108
 0.9190447965632025
 0.9052006883623197
 0.8988610185950643
 0.8892212855021497
 0.9052866958331739
 0.9023159641934803
 0.902018767561784
 0.9039225200612834
 0.9111604078741425
 0.9058827007793891
 0.9034151626940208
 0.9049130782679404
 0.9025479275953379
 0.907424584927087
 0.9027229549445925
 0.9002680433513033
 0
 0
 0
 0
 0
 0
 0
 0
 0
 0
 0
 0
 0
 0
 0
 0
 0
 0
 0
 0
 0
 0
 0
 0
 0
 0
 0
 0
 0
 0
 0
 0
 0
 0
 0
 0
 0
 0
 0
 0
 0
 0
 0
 0
 0
 0
 0
 0
 0
 0
 0
 0
 0
 0
 0
 0
 0
 0
 0
 0


