# Created by Octave 3.8.2, Fri Nov 20 22:01:51 2015 CET <dkottke@mudflap>
# name: mus
# type: matrix
# ndims: 3
 1 30 19
 0
 0
 0.5580618212197153
 0.5150501672240803
 0.6635983263598322
 0.6649916247906194
 0.6964633806739063
 0.5704697986577181
 0.7752715121136168
 0.7739495798319327
 0.7831526271893241
 0.7803030303030303
 0.7740384615384613
 0.7485714285714284
 0.7324894514767931
 0.7238175675675675
 0.6931932773109245
 0.7533670033670031
 0.739905318852687
 0.8169491525423729
 0.8220551378446114
 0.8284231200897866
 0.8306856187290971
 0.8401360544217688
 0.8263829787234045
 0.8415551839464884
 0.8434343434343435
 0.8377267573696145
 0.8329382980350178
 0.8358974358974359
 0
 0
 0.6666666666666666
 1
 0.6
 0.5
 0.9
 0.8
 0.4
 0.6
 0.7333333333333333
 0.7333333333333333
 0.7333333333333333
 0.7
 0.7999999999999999
 0.75
 0.8166666666666667
 0.8333333333333333
 0.9
 0.85
 0.6799999999999999
 0.7699999999999999
 0.6900000000000001
 0.7
 0.72
 0.74
 0.7733333333333334
 0.7933333333333333
 0.7133333333333334
 0.7333333333333334
 0
 0
 0.7949879268664137
 0.9063525098031766
 0.6790725887458411
 0.7576871191157195
 0.7272571327930843
 0.6997101231225342
 0.7553693437333482
 0.6861763385675712
 0.7458875353509198
 0.7920323361454046
 0.8169825494303131
 0.7940802544359049
 0.7671621104497403
 0.8150801163512915
 0.7856761146469668
 0.7983530412614559
 0.7955675366573199
 0.8367806460191539
 0.8223819961117085
 0.8456410901531879
 0.7767031232906552
 0.7790946191544531
 0.8183530282292353
 0.8276326212304836
 0.8213412949895723
 0.8127133621323032
 0.8243952750449903
 0.823778956700013
 0
 0
 0.6908691397743815
 0.8752623614832568
 0.6877670512855891
 0.5905420185628657
 0.6144676881322179
 0.6984983618519106
 0.5967640277360621
 0.661139677233971
 0.6639590343270025
 0.6841581558919559
 0.7038466034066957
 0.7080046373786517
 0.7307406314653306
 0.755833530359294
 0.7614547136081332
 0.7506422969737118
 0.7604864089791304
 0.7582773562448046
 0.7579863568636579
 0.7680604067301833
 0.7000550798039956
 0.7139217483879687
 0.737302735718695
 0.7379841698667839
 0.7442931061996694
 0.7495820111467745
 0.7651776729964146
 0.7609810934905701
 0
 0
 0.6666666666666666
 1
 0.4
 0.5
 0.7142857142857143
 0.875
 0.5555555555555556
 0.3
 0.7272727272727273
 0.4166666666666667
 0.6923076923076923
 0.7777777777777778
 0.6
 1
 1
 1
 1
 1
 1
 0
 1
 1
 1
 1
 1
 1
 1
 1
 0
 0
 0.7157784441589763
 0.9996836750709256
 0.5727665853044276
 0.7160582283870269
 0.6396018258328248
 0.7755014956530791
 0.6332644149501886
 0.6055126799493276
 0.6900515036396134
 0.6873100858391151
 0.7106762680271267
 0.7158617860943911
 0.7391837484367513
 0.7287384644163711
 0.7104922801092445
 0.7488058155006628
 0.7989198140400988
 0.8604965683589122
 0.8414376713485527
 0.7551863596167112
 0.7785926719441724
 0.749857746857012
 0.7547724303040958
 0.7123048313352789
 0.7295507522408369
 0.762502871180858
 0.7176499254120103
 0.7778261483769148
 0
 0
 0.7892931470571475
 0.7195073656247204
 0.7075437813044109
 0.7823849067223898
 0.7718518470492606
 0.7940551910299875
 0.7158304197321653
 0.7840244499691474
 0.7290580857475407
 0.7442447093321696
 0.7271505876596589
 0.7588430433050534
 0.7711204275188065
 0.7953849656963491
 0.7853088237097912
 0.7795605151518913
 0.8067059560817748
 0.7957527435100811
 0.7638324751550954
 0.817555443988275
 0.7940241747470156
 0.8052028988465135
 0.7741923981109256
 0.7873323031016737
 0.8112219035173924
 0.792640883200937
 0.8030901463121592
 0.7869942841534264
 0
 0
 0.6887608023791897
 0.846743963486175
 0.6863674154244269
 0.6695182237085184
 0.6151358312890773
 0.6809567973974776
 0.6111638882481071
 0.6694126667457719
 0.6650781614374099
 0.7013219102206407
 0.6979777604991454
 0.7340009888111888
 0.7433559863158351
 0.7577314097733185
 0.7565559272284433
 0.7563467660665002
 0.7531469010846337
 0.7495426595595773
 0.7697714005224207
 0.7706462041215154
 0.7283473159976456
 0.7420477083528715
 0.7541955825313649
 0.7615688619682375
 0.7633213087436449
 0.7716579933520705
 0.7799945694353001
 0.7791879203589767
 0
 0
 0.9999787806854467
 0.999999999975
 0.9999999964561295
 0.9999999999999708
 0.9999999999926266
 1
 0.9999999999999998
 0.9999999999999997
 0.9999999999999999
 0.9999999999820568
 0.9981181069352174
 0.9876367313594224
 0.9779431788829198
 0.9787145757538592
 0.9702879290775686
 0.9656767481479241
 0.9614389668706599
 0.9697070496427128
 0.9677061541803968
 0.9574682645727967
 0.9682261719009809
 0.9571889916376457
 0.9575367356908923
 0.9598274296869478
 0.952769448490795
 0.9483366701189402
 0.9504407470547459
 0.9485301275974316
 0
 0
 0.6868372025873631
 0.9997823285892549
 0.6125394603652285
 0.6882334864144529
 0.6373745167880631
 0.6897846541932884
 0.6126775803489064
 0.6411088542192692
 0.6424660376243071
 0.6744166980276755
 0.6711280235070352
 0.6880270928485999
 0.7745677804334193
 0.7309919239403089
 0.7556969726844933
 0.7271851022051807
 0.7338533064108865
 0.7546309784366467
 0.7987948692153
 0.7556068012391273
 0.7124247091553786
 0.7990595722695253
 0.7523092297276882
 0.7506178070187219
 0.7548485524563003
 0.7593931615162197
 0.7664453833496796
 0.7696044187936163
 0
 0
 0.7892931470571475
 0.7532053752737408
 0.7773405573267295
 0.8023127407412256
 0.8016992697136622
 0.8157019602805672
 0.7040517530876514
 0.766418773968375
 0.7465636925842898
 0.7430892722323772
 0.7083659047970717
 0.7526384959697456
 0.7532689326836995
 0.7663910792444022
 0.7590491431061501
 0.7607062616031625
 0.7550629788197967
 0.7438809321083213
 0.7479152825477144
 0.76621871564947
 0.8226475123264543
 0.7734733230180005
 0.7441813671871673
 0.7586031822925834
 0.7727286296569057
 0.7420573687953234
 0.7902417445708514
 0.7852644524222862
 0
 0
 0
 0
 0
 0
 0
 0
 0
 0
 0
 0
 0
 0
 0
 0
 0
 0
 0
 0
 0
 0
 0
 0
 0
 0
 0
 0
 0
 0
 0
 0
 0
 0
 0
 0
 0
 0
 0
 0
 0
 0
 0
 0
 0
 0
 0
 0
 0
 0
 0
 0
 0
 0
 0
 0
 0
 0
 0
 0
 0
 0
 0
 0
 0
 0
 0
 0
 0
 0
 0
 0
 0
 0
 0
 0
 0
 0
 0
 0
 0
 0
 0
 0
 0
 0
 0
 0
 0
 0
 0
 0
 0
 0
 0
 0
 0
 0
 0
 0
 0
 0
 0
 0
 0
 0
 0
 0
 0
 0
 0
 0
 0
 0
 0
 0
 0
 0
 0
 0
 0
 0
 0
 0
 0
 0
 0
 0
 0
 0
 0
 0
 0
 0
 0
 0
 0
 0
 0
 0
 0
 0
 0
 0
 0
 0
 0
 0
 0
 0
 0
 0
 0.9999955904338845
 0.9999999799036814
 0.9999999999992287
 0.9999999999999923
 0.9999999998844512
 0.9999999819400136
 0.99999979511172
 0.9999999774360265
 0.999999358613791
 0.9989188255554051
 0.9976209821846835
 0.9879269027797777
 0.9822726653649591
 0.9756725008709072
 0.9701250402358547
 0.9647721447660013
 0.9679722118884266
 0.9693284210197775
 0.9661159101933081
 0.9531120068831999
 0.9606711555626135
 0.9617526170730132
 0.9436393217367691
 0.9565795530341599
 0.9474533059316663
 0.9537059673160365
 0.94820283212546
 0.9565558513051248
 0
 0
 0
 0
 0
 0
 0
 0
 0
 0
 0
 0
 0
 0
 0
 0
 0
 0
 0
 0
 0
 0
 0
 0
 0
 0
 0
 0
 0
 0
 0
 0
 0
 0
 0
 0
 0
 0
 0
 0
 0
 0
 0
 0
 0
 0
 0
 0
 0
 0
 0
 0
 0
 0
 0
 0
 0
 0
 0
 0


