# Created by Octave 3.8.2, Fri Nov 20 20:19:12 2015 CET <dkottke@snake6>
# name: mus
# type: matrix
# ndims: 3
 1 30 19
 0
 0
 0.5191986644407347
 0.6926503340757239
 0.7047353760445689
 0.7196209587513936
 0.7159533073929968
 0.7131696428571429
 0.7079843662758224
 0.706145251396648
 0.6979523543940728
 0.6806487695749441
 0.6658305462653287
 0.6575055803571429
 0.6481792717086836
 0.6428571428571429
 0.619794584500467
 0.6189674523007858
 0.6143417053271477
 0.6134831460674156
 0.6043697478991599
 0.6043147524629007
 0.6044221479004087
 0.5974099099099098
 0.5943661971830987
 0.5908584169453738
 0.5914702581369248
 0.5906808035714288
 0.5784204671857617
 0.5870056497175142
 0
 0
 0
 0.25
 0.6
 0.7
 0.9
 0.8
 0.9
 0.8
 0.8
 0.8666666666666666
 0.7666666666666666
 0.7333333333333333
 0.6666666666666666
 0.6166666666666666
 0.6333333333333333
 0.5166666666666667
 0.6333333333333333
 0.55
 0.62
 0.45
 0.4899999999999999
 0.5
 0.5599999999999999
 0.6266666666666667
 0.5133333333333333
 0.6066666666666667
 0.6066666666666667
 0.6333333333333334
 0
 0
 0.2847604957077463
 0.4842220377652655
 0.6345073259178012
 0.6889991390674792
 0.7715055719110835
 0.8412869035291436
 0.8643064227122228
 0.7144530177052019
 0.7887786346120655
 0.7883323697405384
 0.7104481881795583
 0.6495987104322586
 0.6082356496136809
 0.5415751367241264
 0.5593575554832371
 0.5345643215348719
 0.5858457906638335
 0.5356842415541102
 0.5135774846236155
 0.520055491041262
 0.5936949842807727
 0.4394188065278419
 0.5614963572805012
 0.5353989445546273
 0.5453087492356514
 0.5675624203112413
 0.5681517570253742
 0.5686236111942233
 0
 0
 0.1388653265746299
 0.3798190380985315
 0.5662834379552047
 0.6862395188548239
 0.764061281097584
 0.8133287412811301
 0.8237701020345586
 0.7100468941209981
 0.7332241386107916
 0.7758877712661254
 0.6826054270637019
 0.6178483189101985
 0.5660333767584382
 0.5243846347720269
 0.5429821786432479
 0.5097775783360072
 0.5453840347140727
 0.5077154495752151
 0.5295488901154248
 0.5022421832480682
 0.4777373214960971
 0.4987015452264617
 0.5237055864824137
 0.5407839413942882
 0.5144579967853554
 0.5373351293792464
 0.5537404360513003
 0.5671035227749759
 0
 0
 0
 0.5
 0.6
 1
 0.8571428571428571
 0.75
 0.8888888888888888
 0.6
 0.6363636363636364
 0.8333333333333334
 0.6153846153846154
 0.6666666666666666
 0.4
 0.3333333333333333
 0
 1
 1
 0
 1
 1
 1
 1
 1
 1
 0
 1
 0
 0
 0
 0
 0.1666653963061965
 0.4393898830639644
 0.5879210846520888
 0.7856522096621156
 0.7037569428396414
 0.7813307707390372
 0.8096189544400706
 0.691215707624752
 0.7389091042718775
 0.7649615331805055
 0.6896648775518113
 0.6170531556999489
 0.529449197675441
 0.5016663448974579
 0.5025605306287809
 0.5308698533200349
 0.5399580829759522
 0.4577755052210924
 0.546074443486768
 0.5669106391712647
 0.5804358834161246
 0.5835068259572611
 0.5056206272246527
 0.5695948874481459
 0.5092544532995359
 0.5120319627405129
 0.5233932578196082
 0.544934041509243
 0
 0
 0.7892931470571475
 0.5588751010748757
 0.6665485194778769
 0.6722815033492333
 0.7417564521439476
 0.8562743325070468
 0.8825868606894284
 0.7027741537671579
 0.7838220593505155
 0.7581283019529753
 0.7145045420564291
 0.6377980108229323
 0.5939846775073403
 0.5890889075231036
 0.5767536532871668
 0.5698930277514429
 0.5517710138649815
 0.5145413271950959
 0.5586220585873911
 0.5276608897816143
 0.5501714560931658
 0.5455301891800203
 0.5480568340370324
 0.5796242353285096
 0.536223603372731
 0.6152025214306281
 0.5958740136598475
 0.6076029574631867
 0
 0
 0.1388811727043424
 0.3698390906866338
 0.5353331291345469
 0.6686577641278495
 0.7584207110983026
 0.8394555155621378
 0.8370713730692921
 0.701538954744527
 0.7439693847107419
 0.7700369377756684
 0.7118765825063454
 0.6307620655611768
 0.5507773557591409
 0.5112152814623139
 0.5405053191915768
 0.5089264213436813
 0.5356405025111504
 0.5099133255972172
 0.5342295742122528
 0.5036390798840439
 0.4779593349855351
 0.4905025303891848
 0.5191235075360399
 0.5474692737064052
 0.5164236021165352
 0.5379235484659978
 0.5563060870385975
 0.5702505234572481
 0
 0
 0.9986821659922855
 0.9999999727645645
 0.9999999886734288
 0.9999999999982335
 0.9999999999999976
 0.9999999999888726
 0.9999999999999476
 0.9952677341745968
 1
 0.9986615783961277
 0.9949781622022776
 0.9840092156413229
 0.9802575103625735
 0.9699055574242242
 0.9779298536967255
 0.9694784873387985
 0.9714456564592513
 0.963776909051044
 0.9604225742868855
 0.9682512954745508
 0.9536447619505752
 0.9598996730613127
 0.9534945353575618
 0.9598893663706931
 0.958484078390755
 0.9387867403221497
 0.9482541878907553
 0.9515482297934142
 0
 0
 0.1666654619706029
 0.4117532261283117
 0.5616661617463239
 0.7204270347973519
 0.7709183469389094
 0.7977479106825215
 0.8171477907776793
 0.6999588294350183
 0.7326076269084706
 0.7667861726658834
 0.6834055188853705
 0.6117345901780863
 0.5374226608816807
 0.5017495046000665
 0.5226369178440209
 0.4897069459942966
 0.5199468118028637
 0.4862709716337857
 0.5712489884079748
 0.4979700434382411
 0.4755382200464037
 0.4863334855674181
 0.5034750323830477
 0.5566648692749323
 0.5024261017028943
 0.5206604594068756
 0.5362743756041994
 0.5604372152817059
 0
 0
 0.7892931470571475
 0.5664538242567273
 0.6681639031985279
 0.6883108246737299
 0.72912666587446
 0.8678157702068235
 0.8620075347556664
 0.7098948397665534
 0.7731085579983814
 0.7568035110184154
 0.7412673169514251
 0.6481783278659015
 0.5850009327540939
 0.5720690073898604
 0.5896638175715073
 0.5973203069108552
 0.537512872456511
 0.5699300979827802
 0.548856599348892
 0.5527890248937046
 0.5330084179854698
 0.5530837328065489
 0.5487042385918022
 0.574681153855138
 0.5062654254831274
 0.5762442723699482
 0.5690815299445153
 0.5536954738075754
 0
 0
 0
 0
 0
 0
 0
 0
 0
 0
 0
 0
 0
 0
 0
 0
 0
 0
 0
 0
 0
 0
 0
 0
 0
 0
 0
 0
 0
 0
 0
 0
 0
 0
 0
 0
 0
 0
 0
 0
 0
 0
 0
 0
 0
 0
 0
 0
 0
 0
 0
 0
 0
 0
 0
 0
 0
 0
 0
 0
 0
 0
 0
 0
 0
 0
 0
 0
 0
 0
 0
 0
 0
 0
 0
 0
 0
 0
 0
 0
 0
 0
 0
 0
 0
 0
 0
 0
 0
 0
 0
 0
 0
 0
 0
 0
 0
 0
 0
 0
 0
 0
 0
 0
 0
 0
 0
 0
 0
 0
 0
 0
 0
 0
 0
 0
 0
 0
 0
 0
 0
 0
 0
 0
 0
 0
 0
 0
 0
 0
 0
 0
 0
 0
 0
 0
 0
 0
 0
 0
 0
 0
 0
 0
 0
 0
 0
 0
 0
 0
 0
 0
 0.9999730362161176
 0.999999994514543
 0.9999999999011642
 0.9999999998820209
 0.9999995736577059
 0.9999994626942591
 0.9999999910801531
 0.993222237290203
 0.9999996964734318
 0.9999545060589823
 0.9914226582995088
 0.9822120209107412
 0.9723451864641777
 0.96974855237868
 0.9644904989401178
 0.9710877755528301
 0.9614676901034451
 0.9696361926668385
 0.9559499688783916
 0.9654669565739795
 0.9628683857814209
 0.9562110764056545
 0.9567647302436785
 0.9500083543383546
 0.9518902573621933
 0.9550826857145772
 0.9542849450544912
 0.9521118531459036
 0
 0
 0
 0
 0
 0
 0
 0
 0
 0
 0
 0
 0
 0
 0
 0
 0
 0
 0
 0
 0
 0
 0
 0
 0
 0
 0
 0
 0
 0
 0
 0
 0
 0
 0
 0
 0
 0
 0
 0
 0
 0
 0
 0
 0
 0
 0
 0
 0
 0
 0
 0
 0
 0
 0
 0
 0
 0
 0
 0


