# Created by Octave 3.8.2, Fri Nov 20 21:30:36 2015 CET <dkottke@snake10>
# name: mus
# type: matrix
# ndims: 3
 1 30 19
 0
 0
 0.8354218880534671
 0.8536789297658863
 0.8803347280334735
 0.9229480737018432
 0.9223057644110281
 0.9261744966442953
 0.9340016708437751
 0.9319327731092444
 0.9341117597998321
 0.9351851851851852
 0.9337374581939788
 0.9357983193277315
 0.9333333333333326
 0.9349662162162162
 0.9305042016806717
 0.9292929292929288
 0.9245335561125031
 0.9186440677966103
 0.9206349206349203
 0.920875420875421
 0.9205685618729097
 0.9183673469387755
 0.9191489361702133
 0.9188963210702336
 0.9166666666666664
 0.8993764172335598
 0.9010627723832093
 0.9008547008547004
 0
 0
 0.6666666666666666
 0.75
 0.8
 0.4
 0.8
 0.4
 0.5
 0.6
 0.7333333333333333
 0.7666666666666666
 0.8
 0.7666666666666666
 0.8666666666666666
 0.8666666666666666
 0.8833333333333332
 0.8833333333333332
 0.85
 0.8
 0.85
 0.9099999999999999
 0.9099999999999999
 0.9199999999999999
 0.9199999999999999
 0.9199999999999999
 0.9333333333333333
 0.8533333333333333
 0.8666666666666668
 0.8666666666666668
 0
 0
 0.814989104733105
 0.8565400150176323
 0.7108384677699151
 0.6140262006785276
 0.6124766942989499
 0.6277900252931455
 0.6554975674532757
 0.6558765125870889
 0.7152720439140019
 0.7589538142445064
 0.7519173762624368
 0.7742544297493381
 0.7772642697611646
 0.8188274122200543
 0.8358147447760256
 0.8529717666898953
 0.8824406578448344
 0.8389084966486868
 0.8552400631283139
 0.8651486564632549
 0.844525236508783
 0.8831000945273501
 0.8733865675004893
 0.9007827341662986
 0.8909701937720526
 0.8818746134286872
 0.8858169458896836
 0.8801775464868395
 0
 0
 0.7442049893519597
 0.8480791673781196
 0.7736337104253558
 0.5462066353840191
 0.7192878143571728
 0.5628045092748858
 0.6052030223123306
 0.6264104316869211
 0.6971565856790211
 0.7205165790271607
 0.7437311326656619
 0.7642728176067989
 0.7666444175661056
 0.7717883870269151
 0.8048380144782448
 0.816389487388963
 0.8268999165833368
 0.7899739323870858
 0.8175331636996115
 0.8278295566896504
 0.8305684098336856
 0.8455613577863018
 0.8534415614960744
 0.8603648790974716
 0.8637414413440837
 0.8446183475290872
 0.8559769419419403
 0.8524729866500497
 0
 0
 0.3333333333333333
 0.75
 0.8
 0.1666666666666667
 0.5714285714285714
 0.625
 0.5555555555555556
 0.6
 0.7272727272727273
 0.8333333333333334
 0.9230769230769231
 0.6666666666666666
 1
 1
 1
 1
 1
 1
 1
 1
 1
 1
 1
 1
 1
 1
 1
 1
 0
 0
 0.333333333333329
 0.8683293883491885
 0.6897946781260094
 0.4233116909043331
 0.605982570150623
 0.541390743804365
 0.5465366572774808
 0.6171478772219207
 0.6360513687429958
 0.7012238376051938
 0.7079584206141615
 0.7378058067255868
 0.8562535732828293
 0.9044522069005714
 0.8899849477584317
 0.7655819851048522
 0.7819688833377094
 0.7758027862578686
 0.8969908488020503
 0.8176072532918376
 0.7655241025788959
 0.8144974529950715
 0.8413283942711001
 0.797617469097322
 0.8680504925084643
 0.8663076587870603
 0.8181748838924047
 0.8658701552012796
 0
 0
 0.5785862941142949
 0.9704168825818819
 0.8420351872096228
 0.6458050812113246
 0.6346522923113103
 0.588675910398934
 0.6032254546224931
 0.7104949138546846
 0.7229550607813029
 0.6946903010984726
 0.721892762923352
 0.7697283782326467
 0.7831824711069145
 0.7748077324859822
 0.8160397086830472
 0.8279622589452669
 0.8119465627930226
 0.8039708714864956
 0.8295442236990302
 0.8056867576203081
 0.8312534528212658
 0.8419557379386458
 0.8616824923840359
 0.8747185767781657
 0.8717567782587251
 0.8256151117262398
 0.8281486716331072
 0.9044212162106307
 0
 0
 0.7462578317633327
 0.8432752172285738
 0.7261883791314284
 0.5636580614235298
 0.734702294464681
 0.5433673138466071
 0.5489232433846324
 0.6100939887293998
 0.6833085290426606
 0.7257678727534267
 0.7518315725124213
 0.776153309304017
 0.7818051729090094
 0.7882442799771
 0.8275836029428246
 0.8368086586004143
 0.8434689839715769
 0.8119043602417401
 0.8299924363239651
 0.8419700767544664
 0.8444310071967991
 0.8594804063873874
 0.8670703903270612
 0.874869122455234
 0.8802772313507132
 0.859565953614522
 0.8600080282381402
 0.8737259855820028
 0
 0
 0.9995865785100853
 0.9999999722757952
 1
 0.9999999999485456
 0.9999999999999978
 1
 1
 0.9999999999999832
 0.9999999988558267
 0.9999999999998482
 0.9966856911433273
 0.9942188416240578
 0.9822701398659862
 0.9780145230634043
 0.9664363586485645
 0.9724972335436122
 0.9705683728451763
 0.9696843347302679
 0.9649067377653849
 0.9663438190402686
 0.9575727858064077
 0.9635341621951552
 0.9560903170976305
 0.9642405069962245
 0.9558094363729165
 0.9555846595662941
 0.9460319692873603
 0.9511269438655068
 0
 0
 0.3333333333331917
 0.9679188523198339
 0.6514491280083025
 0.428973892262728
 0.6539290606196481
 0.4939233513780745
 0.5324966591472849
 0.6144359746616782
 0.6961249851187752
 0.7017874073298888
 0.771489123532255
 0.8200244224630723
 0.764093528634345
 0.7886448793849171
 0.9133312390324539
 0.8896229329773834
 0.8222216524182743
 0.7909489012377382
 0.828001355608034
 0.8277321000952632
 0.8693880837074153
 0.8474332163107802
 0.9180208758913915
 0.9200075944090045
 0.8710788592615577
 0.8635580703866508
 0.9025755520919796
 0.8592354658013184
 0
 0
 0.5785862941142949
 0.9714162543888456
 0.8594938794560451
 0.6603755875566493
 0.6503122518083868
 0.57388778792169
 0.6041485978070755
 0.6546691843018491
 0.6613134117258386
 0.7665154268613255
 0.7235797923379007
 0.7321669705303457
 0.8075582199801682
 0.7869829374844213
 0.7837470662984577
 0.7831763415285025
 0.9041925806522316
 0.7964742613154019
 0.805648380048424
 0.807579532832124
 0.7906304357202187
 0.8583684803697789
 0.852877462860116
 0.9087370524498136
 0.8516345029089103
 0.9330899797027606
 0.913922932864812
 0.8566730579405979
 0
 0
 0
 0
 0
 0
 0
 0
 0
 0
 0
 0
 0
 0
 0
 0
 0
 0
 0
 0
 0
 0
 0
 0
 0
 0
 0
 0
 0
 0
 0
 0
 0
 0
 0
 0
 0
 0
 0
 0
 0
 0
 0
 0
 0
 0
 0
 0
 0
 0
 0
 0
 0
 0
 0
 0
 0
 0
 0
 0
 0
 0
 0
 0
 0
 0
 0
 0
 0
 0
 0
 0
 0
 0
 0
 0
 0
 0
 0
 0
 0
 0
 0
 0
 0
 0
 0
 0
 0
 0
 0
 0
 0
 0
 0
 0
 0
 0
 0
 0
 0
 0
 0
 0
 0
 0
 0
 0
 0
 0
 0
 0
 0
 0
 0
 0
 0
 0
 0
 0
 0
 0
 0
 0
 0
 0
 0
 0
 0
 0
 0
 0
 0
 0
 0
 0
 0
 0
 0
 0
 0
 0
 0
 0
 0
 0
 0
 0
 0
 0
 0
 0
 0.9999895721445363
 0.9999999950000494
 0.9999999999999322
 0.9999999999999355
 0.9999999651350741
 0.9999999262787814
 0.9974155248753452
 0.9999987747333243
 0.9999681416282549
 0.9982544819083239
 0.9913593587274578
 0.9891411469722445
 0.9775462130597924
 0.9784943002160369
 0.9611612452809938
 0.9702322452780462
 0.9632641612221888
 0.9640902808877088
 0.9641135265104156
 0.9635473974699348
 0.9566699564574113
 0.9605595969809396
 0.9529180289170976
 0.963688503990486
 0.9509754423812846
 0.9609037902409604
 0.9468966411588586
 0.9459753003912322
 0
 0
 0
 0
 0
 0
 0
 0
 0
 0
 0
 0
 0
 0
 0
 0
 0
 0
 0
 0
 0
 0
 0
 0
 0
 0
 0
 0
 0
 0
 0
 0
 0
 0
 0
 0
 0
 0
 0
 0
 0
 0
 0
 0
 0
 0
 0
 0
 0
 0
 0
 0
 0
 0
 0
 0
 0
 0
 0
 0


