# Created by Octave 3.8.2, Sat Nov 21 00:55:10 2015 CET <dkottke@snake7>
# name: mus
# type: matrix
# ndims: 3
 1 30 19
 0
 0
 0.6441102756892232
 0.7449494949494949
 0.6708860759493669
 0.7058080808080809
 0.7393483709273183
 0.6913265306122449
 0.6830808080808083
 0.7282051282051281
 0.7203282828282829
 0.7272727272727272
 0.7215384615384617
 0.7321428571428573
 0.7243589743589743
 0.7630208333333334
 0.8420005683432794
 0.8510101010101011
 0.8295739348370926
 0.8263157894736841
 0.8446115288220551
 0.8282828282828283
 0.8371696504688831
 0.8307291666666667
 0.8453333333333334
 0.833846153846154
 0.8321308321308319
 0.8392857142857143
 0.8421174028370429
 0.8538461538461538
 0
 0
 0.6666666666666666
 1
 0.6
 0.8
 0.5
 0.5
 0.6
 0.6
 0.7333333333333333
 0.6333333333333333
 0.4999999999999999
 0.4333333333333333
 0.5333333333333333
 0.5
 0.3333333333333333
 0.5333333333333333
 0.5333333333333333
 0.65
 0.67
 0.6
 0.73
 0.54
 0.6
 0.76
 0.6666666666666666
 0.5399999999999999
 0.7266666666666667
 0.6666666666666666
 0
 0
 0.7949879268664137
 0.8655062640790303
 0.7870982840056594
 0.7281881597037202
 0.751365913527434
 0.67777838564549
 0.7180758667698831
 0.7048854541749185
 0.6816317313695364
 0.6129803436291622
 0.5995760659931674
 0.6048686556503902
 0.538925323243348
 0.5669257106302659
 0.5303782906589252
 0.5668765920986086
 0.4977454101877026
 0.6510051708202435
 0.5832003410827304
 0.6537152990005812
 0.5055025465420118
 0.652844075007373
 0.5282469868724423
 0.5809521030646703
 0.5826553520715712
 0.6388027647682772
 0.5772003276121915
 0.6277260726945213
 0
 0
 0.8055597218127448
 0.9940500001451203
 0.7552839306758939
 0.831025323041747
 0.6857981956255342
 0.729868771950655
 0.6625153241658821
 0.7933199102684456
 0.8197787396982743
 0.6721272757577464
 0.6587209318133547
 0.6117785553714564
 0.6192029644527172
 0.6562891175297059
 0.6111796080505403
 0.637650180363827
 0.7125098531323151
 0.6321375272235167
 0.6314678416895453
 0.6154166409617868
 0.5813277449048563
 0.649481547635049
 0.6030110685073695
 0.6520150458720703
 0.6306895842589815
 0.5927470637263236
 0.6315061698772667
 0.6140089352143383
 0
 0
 0.3333333333333333
 1
 0.4
 0.8333333333333334
 0.5714285714285714
 0.375
 0.4444444444444444
 0.6
 0.8181818181818182
 0.5833333333333334
 0.6923076923076923
 0.3333333333333333
 0.6
 1
 0.5
 1
 0
 0
 0
 0
 0
 1
 0
 0
 1
 0
 0
 0
 0
 0
 0.5000000000746966
 1.388888876215546
 0.4750000137661506
 0.8000000002498906
 0.6023809535561809
 0.549108959665678
 0.5461328286196547
 0.614880970011329
 0.8564394081345026
 0.5755050620198264
 0.6945221959237357
 0.4829584290147979
 0.616977327248838
 0.8388593873144656
 0.5571931605071415
 0.7882804567921988
 0.5001325760237498
 0.3523306397230511
 0.4531130594206905
 0.3993229984299785
 0.5751400360869549
 0.7241104700057832
 0.3073180985697218
 0.4583431038093519
 0.8811215428891805
 0.3333502899327854
 0.5000264268959219
 0.4791723788146024
 0
 0
 0.3678794411714423
 0.8374547147604059
 0.9061625527794998
 0.7489136014975156
 0.7217934546351752
 0.7091752279523504
 0.7071423918255604
 0.6806478913035076
 0.6640656683454539
 0.6508202143492118
 0.7219707254220423
 0.6638380915485205
 0.6429439825391203
 0.5773107844159755
 0.613090913936774
 0.6352312239724157
 0.620089006313282
 0.6058502319611164
 0.6361703686355277
 0.6343168159547073
 0.6577831142089497
 0.6397527042903445
 0.6485463128714906
 0.6924642207224068
 0.715879377940017
 0.7080543864932889
 0.6769519452167184
 0.7295836487309768
 0
 0
 0.8055597218085649
 0.9627410035081223
 0.7273036290129075
 0.6942071367771309
 0.6855316425352631
 0.7711724923646301
 0.6768025448321698
 0.7394420860989037
 0.7940813694012016
 0.6916834331428308
 0.7070126533601533
 0.6376637130706472
 0.6494056015062262
 0.5989214473884986
 0.5890678298376057
 0.5895359632309352
 0.633955419176469
 0.6176718382055474
 0.5888765783758403
 0.5977720845503076
 0.5859231562543209
 0.6366882808900682
 0.5939068866966972
 0.6320252172097526
 0.6062294839817
 0.5871483186625315
 0.6291554528786915
 0.6275886401445595
 0
 0
 1
 1
 1
 1
 1
 1
 1
 1
 1
 1
 1
 1
 1
 1
 1
 1
 1
 1
 1
 1
 1
 1
 1
 1
 1
 1
 1
 1
 0
 0
 0.5000000001159205
 1.421569350795426
 0.5261552994000001
 0.5690860773045028
 0.565053475252642
 0.6326556794339135
 0.6039540832067287
 0.6432404382156631
 0.8160522698199635
 0.5810595944015285
 0.637347407663843
 0.5520215266418009
 0.6611120877516814
 0.7383881878981429
 0.6322986800760244
 0.6532254948402417
 0.762470425317788
 0.6790897581063743
 0.5812285065721599
 0.5930102648604425
 0.6443302841540736
 0.5688916008773507
 0.6722866085576694
 0.495327528397738
 0.5919868346376262
 0.4958526580851394
 0.5934029976571047
 0.2991923197500981
 0
 0
 0.3678794411714423
 0.8374547143581541
 0.9738998134406039
 0.740750057090095
 0.7639344231549616
 0.6908374313519576
 0.8691758314826363
 0.7027712727588753
 0.6748973396618102
 0.6766078181503512
 0.7091834418218919
 0.7526058197342513
 0.6626066031640405
 0.617222317046744
 0.7938538580282015
 0.6680654795864973
 0.5819979109492532
 0.6397708647544976
 0.6774456716978025
 0.7365571750464118
 0.6553309204558422
 0.7488954244740262
 0.6693113695453508
 0.7279816241183692
 0.7270407243483051
 0.6658766557689615
 0.7519278102973681
 0.7110536070586195
 0
 0
 0
 0
 0
 0
 0
 0
 0
 0
 0
 0
 0
 0
 0
 0
 0
 0
 0
 0
 0
 0
 0
 0
 0
 0
 0
 0
 0
 0
 0
 0
 0
 0
 0
 0
 0
 0
 0
 0
 0
 0
 0
 0
 0
 0
 0
 0
 0
 0
 0
 0
 0
 0
 0
 0
 0
 0
 0
 0
 0
 0
 0
 0
 0
 0
 0
 0
 0
 0
 0
 0
 0
 0
 0
 0
 0
 0
 0
 0
 0
 0
 0
 0
 0
 0
 0
 0
 0
 0
 0
 0
 0
 0
 0
 0
 0
 0
 0
 0
 0
 0
 0
 0
 0
 0
 0
 0
 0
 0
 0
 0
 0
 0
 0
 0
 0
 0
 0
 0
 0
 0
 0
 0
 0
 0
 0
 0
 0
 0
 0
 0
 0
 0
 0
 0
 0
 0
 0
 0
 0
 0
 0
 0
 0
 0
 0
 0
 0
 0
 0
 0
 1
 1
 1
 1
 1
 1
 1
 1
 1
 1
 1
 1
 1
 1
 1
 1
 1
 1
 1
 1
 1
 1
 1
 1
 1
 1
 1
 1
 0
 0
 0
 0
 0
 0
 0
 0
 0
 0
 0
 0
 0
 0
 0
 0
 0
 0
 0
 0
 0
 0
 0
 0
 0
 0
 0
 0
 0
 0
 0
 0
 0
 0
 0
 0
 0
 0
 0
 0
 0
 0
 0
 0
 0
 0
 0
 0
 0
 0
 0
 0
 0
 0
 0
 0
 0
 0
 0
 0


