# Created by Octave 3.8.2, Fri Nov 20 21:19:00 2015 CET <dkottke@snake7>
# name: mus
# type: matrix
# ndims: 3
 1 30 19
 0
 0
 0.4997217584863666
 0.5011135857461024
 0.5008356545961006
 0.4983277591973248
 0.5742078932740412
 0.5965401785714286
 0.6292573981016191
 0.6899441340782123
 0.7133296151701064
 0.7130872483221472
 0.7088442958008172
 0.6580636160714284
 0.6700280112044815
 0.6573660714285714
 0.6561344537815126
 0.5297418630751967
 0.5247560390337547
 0.5028089887640448
 0.4969187675070028
 0.5036164110238185
 0.5125418060200668
 0.5135135135135135
 0.5115492957746481
 0.5126347082868821
 0.5224466891133558
 0.5585937499999999
 0.6618464961067853
 0.66045197740113
 0
 0
 0.3333333333333333
 0.5
 0.6
 0.5
 0.5
 0.1
 0.7
 0.5
 0.6333333333333333
 0.6666666666666667
 0.6333333333333333
 0.4
 0.6666666666666666
 0.6833333333333332
 0.7166666666666666
 0.4666666666666666
 0.4166666666666666
 0.55
 0.52
 0.54
 0.58
 0.5700000000000001
 0.64
 0.6200000000000001
 0.5466666666666666
 0.5466666666666666
 0.5866666666666667
 0.5333333333333334
 0
 0
 0.5613132401952403
 0.6459972584833357
 0.8024623253660758
 0.5983364212110398
 0.4425494903733862
 0.6989902100816392
 0.5641075706968007
 0.5880544457281838
 0.6578113727026066
 0.6965025781725052
 0.5775679441414391
 0.5541473903581802
 0.6661614773459332
 0.6612583059280851
 0.7012090515400906
 0.5998787748222972
 0.479565799795409
 0.4876392477974132
 0.5107834263548435
 0.6205446654355088
 0.5344562563779326
 0.5915461155161715
 0.5606369213365492
 0.6286639334225937
 0.5495525409224732
 0.6222394815676848
 0.6102264818720073
 0.5248360691963703
 0
 0
 0.638901387662308
 0.5843381955623462
 0.8866689941927646
 0.6159501804523302
 0.5292376093444551
 0.6296642305428739
 0.7210394635885875
 0.6605437674032417
 0.76352345071202
 0.7593214323272867
 0.708621738204426
 0.5896879443527198
 0.6942590463964271
 0.737217465858101
 0.7510107840634047
 0.5722245707023181
 0.4741336154796161
 0.588360373263226
 0.6579906986769396
 0.7238648588170067
 0.6225918526794921
 0.6761338454127027
 0.7121931708246519
 0.7219190639232932
 0.6581557290631784
 0.5961324600970999
 0.5957947808656496
 0.5274130165509299
 0
 0
 0.6666666666666666
 0.5
 0.6
 0.6666666666666666
 0.2857142857142857
 0.375
 0.4444444444444444
 0.6
 0.6363636363636364
 0.6666666666666666
 0.8461538461538461
 0.5555555555555556
 0.8
 0.6666666666666666
 1
 1
 0
 0
 1
 1
 0
 1
 0
 1
 0
 0
 1
 0
 0
 0
 0.900029997198863
 0.6666667387387262
 0.7249999953123361
 0.7250000002648496
 0.4119070118045625
 0.4830373150405677
 0.5094252801668167
 0.5593254091099621
 0.6280303348206266
 0.7108586234546984
 0.8279155369964669
 0.5355685015491323
 0.8172627724453746
 0.6589283404321167
 0.8861196772969535
 0.7605705528748603
 0.3400437000525773
 0.4631006140458107
 0.7978488480442349
 0.63889017914325
 0.6092351315010542
 0.6084826045320751
 0.5729339760615344
 0.8298723229430903
 0.4479416181869713
 0.2916942211355727
 0.6460223864116665
 0.08333790305187025
 0
 0
 0.7892931470571475
 0.6437325879908888
 0.8982532012025803
 0.6384472382166599
 0.6953761175359349
 0.6636483153716308
 0.721764632031571
 0.6267443497488865
 0.730910590539378
 0.8053948849370021
 0.6899603570728384
 0.7133455430220861
 0.731956858739798
 0.7767424303538814
 0.7109885575882955
 0.7063969843708751
 0.6377325166856553
 0.5943670686419621
 0.6016128579631893
 0.6445611478081056
 0.7135965279589469
 0.5918841190526295
 0.6311997014695149
 0.6416374764144569
 0.6455285634266247
 0.6363515934965077
 0.6464803920651495
 0.6557741059872237
 0
 0
 0.6389013876477635
 0.618370911312821
 0.8529106871427332
 0.6357295085666755
 0.4834754002427029
 0.5950377670617272
 0.6661226582106065
 0.6036861880575513
 0.7598684777293279
 0.7347651273779626
 0.7006059052014264
 0.6025383857263573
 0.6706844439878819
 0.6959760054366221
 0.7249658823948545
 0.5790281320995987
 0.505291076110481
 0.5787214628863026
 0.613584277643839
 0.6602921990594803
 0.6015417747462667
 0.6138987742523818
 0.6831529038184604
 0.6804418627357399
 0.6271001753709601
 0.5785873009026415
 0.5832186285874685
 0.5308354035626095
 0
 0
 1
 1
 1
 1
 1
 1
 1
 1
 1
 1
 1
 1
 1
 1
 1
 1
 1
 1
 1
 1
 1
 1
 1
 1
 1
 1
 1
 1
 0
 0
 0.9000299970261368
 0.7156878841806924
 0.7092307695612723
 0.7126081882228785
 0.4896845543516929
 0.5341638949997816
 0.524517685279782
 0.5430077214031398
 0.7096133075943609
 0.8247388007938258
 0.6058375852328824
 0.527594765458919
 0.618245002728423
 0.7951187932935453
 0.6691403335633076
 0.5485506850304835
 0.5661216642660697
 0.6596745776211432
 0.7418915743137607
 0.7227134409664676
 0.8022290001881268
 0.6057672536832255
 0.7447428548336285
 0.8281841729573942
 0.7340841889346572
 0.5875335106544993
 0.4961660115800139
 0.008603039082569437
 0
 0
 0.7892931470571475
 0.6437325874990473
 1.04842201315432
 0.6224905894539841
 0.6941334706483567
 0.7044330799496389
 0.8387959615919987
 0.6471819525732851
 0.7547870422726688
 0.6719242340781167
 0.6957549662458855
 0.700219010012471
 0.8530305097184105
 0.9215486430816762
 0.7418806465131449
 0.8154411536169287
 0.7913568185276851
 0.6110322370719238
 0.7629556734840599
 0.7363553605620821
 0.6218806085593616
 0.6585619251396192
 0.7357691567136236
 0.6968926343589785
 0.642117715701425
 0.7034508908655261
 0.7036036222731806
 0.7273346097346027
 0
 0
 0
 0
 0
 0
 0
 0
 0
 0
 0
 0
 0
 0
 0
 0
 0
 0
 0
 0
 0
 0
 0
 0
 0
 0
 0
 0
 0
 0
 0
 0
 0
 0
 0
 0
 0
 0
 0
 0
 0
 0
 0
 0
 0
 0
 0
 0
 0
 0
 0
 0
 0
 0
 0
 0
 0
 0
 0
 0
 0
 0
 0
 0
 0
 0
 0
 0
 0
 0
 0
 0
 0
 0
 0
 0
 0
 0
 0
 0
 0
 0
 0
 0
 0
 0
 0
 0
 0
 0
 0
 0
 0
 0
 0
 0
 0
 0
 0
 0
 0
 0
 0
 0
 0
 0
 0
 0
 0
 0
 0
 0
 0
 0
 0
 0
 0
 0
 0
 0
 0
 0
 0
 0
 0
 0
 0
 0
 0
 0
 0
 0
 0
 0
 0
 0
 0
 0
 0
 0
 0
 0
 0
 0
 0
 0
 0
 0
 0
 0
 0
 0
 1
 1
 1
 1
 1
 1
 1
 1
 1
 1
 1
 1
 1
 1
 1
 1
 1
 1
 1
 1
 1
 1
 1
 1
 1
 1
 1
 1
 0
 0
 0
 0
 0
 0
 0
 0
 0
 0
 0
 0
 0
 0
 0
 0
 0
 0
 0
 0
 0
 0
 0
 0
 0
 0
 0
 0
 0
 0
 0
 0
 0
 0
 0
 0
 0
 0
 0
 0
 0
 0
 0
 0
 0
 0
 0
 0
 0
 0
 0
 0
 0
 0
 0
 0
 0
 0
 0
 0


