# Created by Octave 3.8.2, Sat Nov 21 01:22:44 2015 CET <dkottke@snake7>
# name: mus
# type: matrix
# ndims: 3
 1 30 19
 0
 0
 0.5213032581453635
 0.5909090909090909
 0.5240506329113924
 0.5479797979797978
 0.538847117794486
 0.5382653061224489
 0.5303030303030303
 0.5487179487179487
 0.5315656565656564
 0.5303030303030303
 0.5294871794871794
 0.5255102040816325
 0.5205128205128204
 0.5208333333333334
 0.5737425404944586
 0.5681818181818181
 0.6140350877192982
 0.6473684210526315
 0.6716791979949874
 0.662878787878788
 0.6621199204319409
 0.6614583333333333
 0.7040000000000001
 0.7112820512820512
 0.7041847041847041
 0.7066326530612246
 0.7033790796909238
 0.7051282051282051
 0
 0
 0.6666666666666666
 1
 1
 1
 0.9
 0.8
 0.9
 0.9
 0.9
 0.9
 1
 0.9333333333333332
 1
 0.9333333333333332
 0.7
 0.9
 0.85
 0.85
 0.8
 0.8099999999999999
 0.7899999999999999
 0.96
 0.76
 0.7799999999999999
 0.8866666666666667
 0.9
 0.8933333333333333
 0.9
 0
 0
 0.7892931470571475
 0.9203996333327001
 0.9193037584474182
 0.9030748476462879
 0.8841112308814311
 0.9152958451169733
 0.9188857013498355
 0.9275732811374989
 0.9751365913527434
 0.9566160064615004
 0.954518429413867
 0.9868957129787206
 0.958930738980995
 0.9907411264530401
 0.8845236067325563
 0.9177162003286053
 0.8632560778762937
 0.8865130352527679
 0.8856373458414077
 0.9157228770436212
 0.9206602094589349
 0.9082994295820318
 0.8845555701479468
 0.8676483802830769
 0.9022595172790868
 0.8917536713983852
 0.9022783668972638
 0.9109862682981611
 0
 0
 0.7222305547283834
 0.9821500005577825
 0.9850000121952392
 0.9872688429997848
 0.9349524818949962
 0.9824220254429252
 0.9962228729265512
 0.9947113442771256
 0.9956268027266
 0.9950810899651938
 0.9985207411117224
 0.9987245050729293
 0.9994444583251534
 0.9990234638489606
 0.8420412785649781
 0.8774533795758919
 0.9195378939158785
 0.9277690454394539
 0.978271425903569
 0.9535114932022271
 0.9494704453170744
 0.9720511712463462
 0.9290785568969436
 0.9348981060847025
 0.9314643990700319
 0.9427070250410122
 0.9505628902567516
 0.9415072673424336
 0
 0
 0.3333333333333333
 1
 1
 1
 0.8571428571428571
 1
 1
 1
 1
 1
 1
 1
 1
 1
 1
 0
 1
 1
 1
 0
 1
 1
 1
 1
 1
 1
 1
 1
 0
 0
 0.4166791659608053
 1.388888866164257
 1.175000029803723
 1.258335195459652
 0.9500000006211642
 1.001785717639644
 1.043650803875296
 1.037698413872914
 1.040909128385238
 1.020454545511657
 1.018181818297127
 1.003297152432255
 1.001417048204615
 0.9913385088314667
 1.012078305014442
 0.5796812582434803
 1.021959535168353
 1.035233678189188
 1.0517244349924
 0.7326416103601953
 1.015900577730313
 1.017857143890386
 1.000000001781441
 1.041666667778014
 1.062500363266434
 1.03151796815578
 1.000000902483746
 1.000000006039531
 0
 0
 0.5785862941142949
 0.7424999144545066
 0.7764821984539891
 0.9435076890095009
 0.9819910774572109
 0.9647010672894021
 0.9487824624055081
 0.9102222611412722
 0.9062565012074715
 0.9484641866335659
 0.9430563489221183
 0.9636866911121837
 0.9554811609798914
 1.010428502646803
 0.8726778315028606
 0.9086326985313612
 0.9433485427960708
 0.8860114794978107
 0.8771848535511276
 0.9130864323728928
 0.9839988622372866
 0.9331561809487408
 0.8794730962663246
 0.8968023410068803
 0.8997765491824948
 0.9138003358814288
 0.9244330867609876
 0.910387466518525
 0
 0
 0.7222305547345329
 0.8882231689665711
 0.9410636786444329
 0.9180491521293218
 0.9429073674237894
 0.9486295902575533
 0.9736163925149978
 0.9610079970825318
 0.9663135078820421
 0.9877584999636149
 0.9972786220488941
 0.9968920299377869
 0.9984398137516749
 0.9989751938268786
 0.8954566280097044
 0.9020717833125796
 0.9142279872733149
 0.9279718564842691
 0.9591795858917398
 0.9566918577449517
 0.9570613087473286
 0.973084197352922
 0.9217209904639664
 0.9257097546756905
 0.928738057743037
 0.9406427249018386
 0.9470068554942962
 0.9239584816128524
 0
 0
 1
 1
 1
 1
 1
 1
 1
 1
 1
 1
 1
 1
 1
 1
 1
 1
 1
 1
 1
 1
 1
 1
 1
 1
 1
 1
 1
 1
 0
 0
 0.4166791655875528
 1.421569352052748
 1.07000221351225
 1.458724680704554
 1.107097160151922
 0.9166105011613286
 1.027775215798238
 1.082645082527938
 1.050001419074957
 1.035107303472334
 1.038088048039888
 0.9985872350604085
 1.010469616846486
 0.9907123274139454
 0.826804583870613
 0.8282492547807472
 1.004758653683358
 0.8564580065827789
 0.9456358130838298
 1.138255959432035
 0.9435203924086168
 1.102025663050711
 1.000000000000263
 1.084844317652182
 1.030079145153799
 0.8817248904030633
 0.9922990003203584
 1.000000000000047
 0
 0
 0.5785862941142949
 0.760497671533948
 0.77774798014632
 0.9184217432937687
 1.048111983751626
 0.9954348366946985
 0.9772154563781437
 0.9402058116066015
 0.9125493903044483
 0.9340833888571416
 0.9468024091896529
 1.010552288323501
 1.009318568981527
 1.028495474913283
 1.099774563787201
 0.9117718142597679
 1.033785629321598
 0.9456579800894492
 0.8946602614293606
 1.088849629521039
 1.067895350942239
 0.9182295701690066
 0.9084008192653275
 0.9888873905096229
 1.012207859679721
 1.017506224685784
 1.014100303315278
 0.9479238907077917
 0
 0
 0
 0
 0
 0
 0
 0
 0
 0
 0
 0
 0
 0
 0
 0
 0
 0
 0
 0
 0
 0
 0
 0
 0
 0
 0
 0
 0
 0
 0
 0
 0
 0
 0
 0
 0
 0
 0
 0
 0
 0
 0
 0
 0
 0
 0
 0
 0
 0
 0
 0
 0
 0
 0
 0
 0
 0
 0
 0
 0
 0
 0
 0
 0
 0
 0
 0
 0
 0
 0
 0
 0
 0
 0
 0
 0
 0
 0
 0
 0
 0
 0
 0
 0
 0
 0
 0
 0
 0
 0
 0
 0
 0
 0
 0
 0
 0
 0
 0
 0
 0
 0
 0
 0
 0
 0
 0
 0
 0
 0
 0
 0
 0
 0
 0
 0
 0
 0
 0
 0
 0
 0
 0
 0
 0
 0
 0
 0
 0
 0
 0
 0
 0
 0
 0
 0
 0
 0
 0
 0
 0
 0
 0
 0
 0
 0
 0
 0
 0
 0
 0
 1
 1
 1
 1
 1
 1
 1
 1
 1
 1
 1
 1
 1
 1
 1
 1
 1
 1
 1
 1
 1
 1
 1
 1
 1
 1
 1
 1
 0
 0
 0
 0
 0
 0
 0
 0
 0
 0
 0
 0
 0
 0
 0
 0
 0
 0
 0
 0
 0
 0
 0
 0
 0
 0
 0
 0
 0
 0
 0
 0
 0
 0
 0
 0
 0
 0
 0
 0
 0
 0
 0
 0
 0
 0
 0
 0
 0
 0
 0
 0
 0
 0
 0
 0
 0
 0
 0
 0


