# Created by Octave 3.8.2, Fri Nov 20 22:40:03 2015 CET <dkottke@snake3>
# name: mus
# type: matrix
# ndims: 3
 1 30 19
 0
 0
 0.9420289855072463
 0.9759615384615384
 0.8878048780487808
 0.9264705882352939
 0.9753694581280787
 0.9567307692307693
 0.9420289855072466
 0.9400000000000001
 0.9569377990430621
 0.9166666666666667
 0.966346153846154
 0.9693877551020409
 0.8923076923076926
 0.9759615384615384
 0.9705882352941178
 0.9797979797979799
 0.9760765550239234
 0.9800000000000001
 0.9947089947089948
 0.9856902356902357
 0.9903381642512077
 0.9895833333333334
 0.9825
 0.9855769230769231
 0.9894179894179894
 0.9948979591836735
 0.9950738916256158
 0.9944444444444445
 0
 0
 0.3333333333333333
 0.75
 0.4
 0.4
 0.2
 0.4
 0.5
 0.7
 0.7666666666666667
 0.5333333333333333
 0.8
 0.7
 0.7333333333333333
 0.7
 0.7166666666666666
 0.65
 0.7
 0.7
 0.58
 0.6399999999999999
 0.6
 0.62
 0.64
 0.7
 0.6733333333333333
 0.6333333333333334
 0.7533333333333333
 0.7333333333333333
 0
 0
 0.6241445325884252
 0.935351306483443
 0.7300318446669702
 0.702903337350578
 0.6717187231150357
 0.6554942954384361
 0.5703719988643632
 0.5258915180237702
 0.6614542892788196
 0.6452762400762726
 0.5445202870891805
 0.6996524316194597
 0.5030066231192869
 0.5732893795122893
 0.5686039271270136
 0.6997778523652589
 0.5371019784370232
 0.5177489669744003
 0.5756846953435237
 0.5176508230149863
 0.6095277539239761
 0.5883785129362443
 0.6981276824314905
 0.6604071053601083
 0.7536508277237326
 0.7074759932626979
 0.7257584793719842
 0.7570366743865068
 0
 0
 0.3321725392331517
 0.6626428615724412
 0.5842592265085377
 0.5331288582164133
 0.4116650161971419
 0.4564954682735159
 0.4803708051622488
 0.5610107449212843
 0.5097385983907806
 0.4972421381473962
 0.5643025813276757
 0.5470113760509945
 0.5174066586469528
 0.5298902993047897
 0.5409599184536295
 0.5243697830375905
 0.5363367116956435
 0.5228525264676672
 0.5158989770199864
 0.5493533048318032
 0.5633043143222697
 0.5957283869864352
 0.619829271563894
 0.6412902366326906
 0.6582465087840339
 0.6311072936709869
 0.6506707012193068
 0.6661990890835551
 0
 0
 0
 0.5
 0.4
 0.3333333333333333
 0.2857142857142857
 0.5
 0.4444444444444444
 0.8
 0.6363636363636364
 0.5
 0.5384615384615384
 0.7777777777777778
 0.4
 0.3333333333333333
 1
 0
 0
 0
 1
 1
 0
 0
 1
 0
 1
 0
 1
 0
 0
 0
 -6.097455873543822e-11
 0.5562475786955394
 0.5748686259294347
 0.4766150035615749
 0.3916666839289538
 0.4548068906116075
 0.4656992508100082
 0.5599261847958036
 0.5290705933976889
 0.5079679741181504
 0.5894182402390975
 0.5594840130394377
 0.4864569681410442
 0.5155890652736469
 0.5801952809180304
 0.4924215912771338
 0.4797072163356428
 0.5181342362476832
 0.5277354050424788
 0.5579229260825507
 0.5261817379657486
 0.5507711354430601
 0.6500699374735325
 0.6418020792454148
 0.6927260390010548
 0.5924841652297558
 0.7235083419582105
 0.6986847533089254
 0
 0
 0.3678794411714423
 0.5860073642539204
 0.7754652209598862
 0.6936366127351836
 0.6974237493758055
 0.648366908051472
 0.6448677837458635
 0.6695655601827132
 0.7002100445903117
 0.6591113276843945
 0.6756565072816541
 0.7090516874815882
 0.6840000177759215
 0.702001911933094
 0.7270517307077055
 0.6796147609052052
 0.664649820548627
 0.6877390507665532
 0.7001037974975064
 0.7144192609145956
 0.7192748454263381
 0.7339730476098907
 0.7596675164373569
 0.7452386966993633
 0.7587691718283984
 0.7515378855820914
 0.764817020629149
 0.7762350083913433
 0
 0
 0.3328930628227467
 0.6278877997608733
 0.6047383306114011
 0.6244855706468919
 0.4584151124613787
 0.4991047477359699
 0.4875773506197306
 0.5319511611551888
 0.4998907033826743
 0.4901589005310661
 0.5402549608561622
 0.5386728170112351
 0.5071078502436237
 0.52992479166519
 0.5425966776262233
 0.535943556184166
 0.5571148140406171
 0.5226359895421704
 0.5337794052931958
 0.55843012056701
 0.5697600759864332
 0.5960083167899214
 0.6355173712797103
 0.6402028908410344
 0.660261182200516
 0.6450769931251686
 0.6567451574024848
 0.6611977006143971
 0
 0
 0.9999252379424894
 0.9999999083012324
 0.9999999997482923
 0.9999999998857779
 1
 0.9999999999895719
 1
 1
 1
 0.9981094667500431
 0.9933033026313576
 0.9792195198412917
 0.9779918554742674
 0.9759837705191654
 0.9748682831431463
 0.9762203435958984
 0.9748890210728739
 0.9684376823254339
 0.963964515972515
 0.9574056372801364
 0.955452308336642
 0.9623241180678842
 0.9589975551531746
 0.9522558580192392
 0.9505949864261238
 0.9463144837774667
 0.9554934660569235
 0.9450909336856195
 0
 0
 -1.665334536937735e-16
 0.4701956198519763
 0.7136950608708504
 0.575976970543954
 0.4233370830439669
 0.4583853852944774
 0.4817026603356113
 0.5282985684337532
 0.5089282565877318
 0.4919925313827331
 0.5334637119704675
 0.5107097119892929
 0.4928239982695198
 0.5045899376753283
 0.5335036772856436
 0.523962020518095
 0.5356348289983694
 0.5231242314483227
 0.532445532247977
 0.5405549044593058
 0.5595760718695046
 0.5973757960084158
 0.6196794570436771
 0.6621556990895707
 0.6546097713865328
 0.62963157704591
 0.6499054735929898
 0.6635758835488039
 0
 0
 0.3678794411714423
 0.6072827579781709
 0.7801249852659435
 0.6723903864089295
 0.7333893665749787
 0.6756492810711596
 0.6748800144252106
 0.6926693753215993
 0.6735152699092529
 0.6315186191973369
 0.6758264965671732
 0.6688587629699183
 0.6482627257220559
 0.6804088030760318
 0.6964252392378407
 0.6812164848209484
 0.6726385905301354
 0.6806760213550789
 0.68809320676569
 0.6849014264863431
 0.6998093807684944
 0.7138399605451529
 0.7274583371569048
 0.7719460015802418
 0.7289744093431346
 0.7149425453620654
 0.7358240824331559
 0.73355140017176
 0
 0
 0
 0
 0
 0
 0
 0
 0
 0
 0
 0
 0
 0
 0
 0
 0
 0
 0
 0
 0
 0
 0
 0
 0
 0
 0
 0
 0
 0
 0
 0
 0
 0
 0
 0
 0
 0
 0
 0
 0
 0
 0
 0
 0
 0
 0
 0
 0
 0
 0
 0
 0
 0
 0
 0
 0
 0
 0
 0
 0
 0
 0
 0
 0
 0
 0
 0
 0
 0
 0
 0
 0
 0
 0
 0
 0
 0
 0
 0
 0
 0
 0
 0
 0
 0
 0
 0
 0
 0
 0
 0
 0
 0
 0
 0
 0
 0
 0
 0
 0
 0
 0
 0
 0
 0
 0
 0
 0
 0
 0
 0
 0
 0
 0
 0
 0
 0
 0
 0
 0
 0
 0
 0
 0
 0
 0
 0
 0
 0
 0
 0
 0
 0
 0
 0
 0
 0
 0
 0
 0
 0
 0
 0
 0
 0
 0
 0
 0
 0
 0
 0
 0.999977309143707
 0.9999997473023026
 0.9999999998777116
 0.9999999999999996
 0.9999999903519807
 0.999999631384855
 0.9999999442092707
 0.9990683537177464
 0.9999993169700984
 0.9984708634268709
 0.9950452274584767
 0.9870082840515249
 0.9744351343955935
 0.970302963219126
 0.9830426421842827
 0.9680811253519576
 0.9749895097723714
 0.9610993981437178
 0.9619501501371754
 0.9566957540776092
 0.9643897650553437
 0.9610856496576197
 0.9611593952319817
 0.9584779256676195
 0.9589113327525347
 0.948428126640385
 0.949936189991708
 0.9432892465608294
 0
 0
 0
 0
 0
 0
 0
 0
 0
 0
 0
 0
 0
 0
 0
 0
 0
 0
 0
 0
 0
 0
 0
 0
 0
 0
 0
 0
 0
 0
 0
 0
 0
 0
 0
 0
 0
 0
 0
 0
 0
 0
 0
 0
 0
 0
 0
 0
 0
 0
 0
 0
 0
 0
 0
 0
 0
 0
 0
 0


