# Created by Octave 3.8.2, Fri Nov 20 23:44:22 2015 CET <dkottke@snake10>
# name: mus
# type: matrix
# ndims: 3
 1 30 19
 0
 0
 0.493734335839599
 0.494949494949495
 0.6278481012658227
 0.6249999999999999
 0.6917293233082707
 0.7551020408163265
 0.7569444444444448
 0.7589743589743591
 0.7411616161616161
 0.7626262626262628
 0.7848717948717951
 0.8137755102040817
 0.808974358974359
 0.8489583333333334
 0.8547882921284458
 0.8484848484848487
 0.8671679197994985
 0.8815789473684209
 0.9022556390977443
 0.9040404040404039
 0.9002557544757034
 0.9192708333333334
 0.8986666666666667
 0.9153846153846156
 0.914141414141414
 0.9400510204081634
 0.9310344827586208
 0.9307692307692308
 0
 0
 1
 1
 0.6
 0.6
 0.5
 0.6
 0.3
 0.4
 0.3666666666666666
 0.8333333333333333
 0.7666666666666666
 0.7333333333333333
 0.7333333333333333
 0.6499999999999999
 0.7666666666666666
 0.7333333333333333
 0.7
 0.6
 0.65
 0.64
 0.66
 0.8
 0.8
 0.8066666666666666
 0.7933333333333332
 0.7000000000000001
 0.72
 0.6666666666666667
 0
 0
 1
 1
 0.7063553432392162
 0.7682224617628622
 0.7503123792627198
 0.6864173666161469
 0.7033263870638834
 0.774332960498205
 0.7536836889098054
 0.7454767591645369
 0.7449972641369751
 0.8178589761203998
 0.8170988220111377
 0.7977063706853657
 0.7459816017839602
 0.8112313534969501
 0.6646683791399441
 0.6480030693634347
 0.7192266730078387
 0.7351356409232923
 0.8076492713368962
 0.7574464313521175
 0.8089008799737438
 0.7900756333695862
 0.8258058056749964
 0.7847959186829512
 0.8300665731654937
 0.7706703681799585
 0
 0
 0.9999999999786835
 0.9999999998241008
 0.6058564353547894
 0.6673686652488937
 0.5654677305086989
 0.5965429361039469
 0.5852040556832724
 0.5704190412161203
 0.5913989109400668
 0.6444096719006738
 0.6375361483415548
 0.6638573834429021
 0.6712880796820064
 0.6434584492425867
 0.6487521957274724
 0.6589375915807667
 0.5990574399743509
 0.5690002369735826
 0.6055069754133213
 0.6374686968151042
 0.6540124596798361
 0.6625430873460429
 0.679791333595603
 0.690075835282467
 0.7009598563714907
 0.6761487480979582
 0.6848472319745615
 0.690588136110569
 0
 0
 1
 1
 0.6
 0.5
 0.5714285714285714
 0.375
 0.6666666666666666
 0.7
 0.6363636363636364
 0.75
 0.6153846153846154
 0.7777777777777778
 0.8
 0.6666666666666666
 0.5
 1
 0
 1
 1
 0
 1
 1
 0
 1
 1
 1
 0
 1
 0
 0
 0.9999999999539624
 0.999999999999898
 0.5578855351242502
 0.6065929403932174
 0.5761978283946703
 0.5039102855143666
 0.5392269243122875
 0.6424958109798129
 0.6032108539496087
 0.6111372505953158
 0.6300295049088332
 0.6617167105972641
 0.7376517192132165
 0.6318200945098906
 0.6297832930644182
 0.6523092362223771
 0.5659460599025341
 0.6468671031422381
 0.6111761604556527
 0.5676742230811999
 0.6446795299406919
 0.6652771241724672
 0.6753514798767908
 0.6841419156464793
 0.6788929969271247
 0.6868648452451283
 0.6198617327269081
 0.7094167525843563
 0
 0
 1
 0.9999999999551272
 0.8171284097820808
 0.8343261391811936
 0.7395605949846451
 0.6738152211605996
 0.6909424469529105
 0.7397927073364597
 0.7009040192428843
 0.7366815253923207
 0.7948200882893273
 0.7526813653105257
 0.7515720108336907
 0.73192965289849
 0.7608700702102835
 0.7532752364561563
 0.8065054289044198
 0.7066677207155663
 0.7156062641879395
 0.7103838243407378
 0.7140259890848708
 0.7614812073348013
 0.7631986100410296
 0.7587924038160773
 0.7899916658328983
 0.651308459403554
 0.7728414817057362
 0.7365752012789103
 0
 0
 0.9999999999821934
 0.9999999999574005
 0.5654365058005602
 0.651967081308541
 0.5782566295619999
 0.5715096914675012
 0.5453465946273349
 0.5670350383611388
 0.5752453513555921
 0.6231671122756741
 0.6286303123749161
 0.650879244348187
 0.6529536674136256
 0.6365089091923398
 0.63739837515685
 0.6633069919001654
 0.6100526861445731
 0.5746698759761928
 0.5957525223170851
 0.6347904929718603
 0.6471173207076564
 0.6470547646313561
 0.6755327135200423
 0.6811392981739431
 0.688717011677237
 0.6644772449835917
 0.6665609010604673
 0.6738797864052953
 0
 0
 0.9997341603348036
 0.9999999999951084
 0.9999999893923559
 0.9999999999999201
 1
 0.9999999999981362
 0.9999999931435236
 1
 0.9974393216655701
 0.9999999999999977
 0.9910588400908662
 0.9868591286421132
 0.983510672069973
 0.9738867096174757
 0.9731035317257085
 0.9759487307141046
 0.9704717106234914
 0.9596705370758383
 0.9586945924071061
 0.9614083310148382
 0.952136501807573
 0.9581935409888184
 0.9588884593648175
 0.9463982883286964
 0.9506125515398379
 0.961660129064455
 0.9555629771290381
 0.9383923181641788
 0
 0
 0.9999999999682375
 0.9999999999951669
 0.5331934399849556
 0.6134475852276587
 0.5858944304325472
 0.5236093845025859
 0.5141019559406657
 0.5426653553270619
 0.5648355337582109
 0.6648398991720229
 0.6601672147616321
 0.7236584438285205
 0.6214058193906919
 0.6066779831633148
 0.626137620985973
 0.6411998201965096
 0.5960773943677851
 0.5850138892532053
 0.5780787097988325
 0.6078566138307384
 0.6883873440605023
 0.6304266157104729
 0.6511002987007354
 0.662521893136865
 0.6700767035734271
 0.7025687182974012
 0.6518407686546367
 0.7883457524171666
 0
 0
 1
 0.9999999999806252
 0.8031262676515218
 0.8535735837973686
 0.7267689680552746
 0.681271480527023
 0.6936265880222068
 0.7094157725922849
 0.7186791912784081
 0.7389366446293256
 0.7416046107239531
 0.7119154097764739
 0.7397400383740277
 0.7126930187011271
 0.7077160884287129
 0.711986047629073
 0.6824226593548566
 0.678844047674375
 0.7030215980599119
 0.7049561240138438
 0.7454923565562345
 0.7468238793509925
 0.7492345778521614
 0.7321276860254776
 0.8275219446363525
 0.7271187844361082
 0.7316582333360671
 0.7220510647453379
 0
 0
 0
 0
 0
 0
 0
 0
 0
 0
 0
 0
 0
 0
 0
 0
 0
 0
 0
 0
 0
 0
 0
 0
 0
 0
 0
 0
 0
 0
 0
 0
 0
 0
 0
 0
 0
 0
 0
 0
 0
 0
 0
 0
 0
 0
 0
 0
 0
 0
 0
 0
 0
 0
 0
 0
 0
 0
 0
 0
 0
 0
 0
 0
 0
 0
 0
 0
 0
 0
 0
 0
 0
 0
 0
 0
 0
 0
 0
 0
 0
 0
 0
 0
 0
 0
 0
 0
 0
 0
 0
 0
 0
 0
 0
 0
 0
 0
 0
 0
 0
 0
 0
 0
 0
 0
 0
 0
 0
 0
 0
 0
 0
 0
 0
 0
 0
 0
 0
 0
 0
 0
 0
 0
 0
 0
 0
 0
 0
 0
 0
 0
 0
 0
 0
 0
 0
 0
 0
 0
 0
 0
 0
 0
 0
 0
 0
 0
 0
 0
 0
 0
 0.9999544690797195
 0.9999999103726991
 0.9999999990760354
 0.9999999999999972
 0.9999999887744982
 0.9999999320597143
 0.9999999776561108
 0.9999999783712635
 0.9999978522628782
 0.9986525419593283
 0.989903281940913
 0.9863514244064173
 0.9787388438177953
 0.9842257526113681
 0.9727002412481354
 0.9591434039507776
 0.9688656175942858
 0.9621095089155339
 0.9553361592690907
 0.9675641556895566
 0.9624600524577164
 0.9522943005802433
 0.9584369161661515
 0.9603297670867857
 0.9499192016596794
 0.9638522224933467
 0.9452605232734343
 0.9501083979677103
 0
 0
 0
 0
 0
 0
 0
 0
 0
 0
 0
 0
 0
 0
 0
 0
 0
 0
 0
 0
 0
 0
 0
 0
 0
 0
 0
 0
 0
 0
 0
 0
 0
 0
 0
 0
 0
 0
 0
 0
 0
 0
 0
 0
 0
 0
 0
 0
 0
 0
 0
 0
 0
 0
 0
 0
 0
 0
 0
 0


