# Created by Octave 3.8.2, Sun Nov 15 22:33:35 2015 CET <dkottke@snake8>
# name: mus
# type: matrix
# ndims: 3
 1 30 19
 0
 0
 0.830917874396135
 0.8942307692307693
 0.9609756097560977
 0.9607843137254899
 0.8275862068965517
 0.8269230769230769
 0.8067632850241548
 0.9399999999999998
 0.8899521531100477
 0.9460784313725492
 0.9423076923076924
 0.9540816326530612
 0.953846153846154
 0.9567307692307693
 0.9468954248366015
 0.9494949494949495
 0.9617224880382775
 0.9549999999999998
 0.9629629629629629
 0.9848484848484849
 0.9855072463768116
 0.9947916666666666
 0.995
 1
 1
 1
 1
 1
 0
 0
 0.3333333333333333
 0.75
 0.4
 0.1
 0.4
 0.2
 0.7
 0.6
 0.4666666666666666
 0.8
 0.5333333333333333
 0.5333333333333333
 0.7333333333333333
 0.7
 0.7833333333333333
 0.8166666666666667
 0.7333333333333333
 0.85
 0.72
 0.67
 0.65
 0.64
 0.6000000000000001
 0.6066666666666667
 0.6733333333333333
 0.7133333333333334
 0.6599999999999999
 0.6666666666666667
 0
 0
 0.6756223448116612
 0.8005009583838949
 0.5677741493097923
 0.5321921784116386
 0.6755114464680071
 0.7380913817920343
 0.6923895926895005
 0.7111209046153493
 0.7286095734096059
 0.6499287115932637
 0.6768346343583336
 0.5479675716629389
 0.6191979478239296
 0.6241545344334694
 0.7226880212541743
 0.6608408142783558
 0.6934770550754482
 0.7986194337147847
 0.6726642978941474
 0.7270885188011238
 0.6782852422760415
 0.6823583902662057
 0.6959879718375941
 0.6944088755149497
 0.6335026725190244
 0.6860553061146785
 0.7730581755124076
 0.7422193298466297
 0
 0
 0.4087969749423447
 0.5763831318805963
 0.3992086270074811
 0.3870624917623291
 0.4296083501641007
 0.4830422655579792
 0.5460831061559475
 0.5178446162277571
 0.5352661172069699
 0.5564523067369119
 0.5712664607558333
 0.5475252444330416
 0.5556638945822251
 0.572922974472725
 0.619307272084358
 0.6353165872965583
 0.6008483069449135
 0.6149869656488399
 0.5981724081426967
 0.5970278630337967
 0.6009983837721108
 0.6019564323340172
 0.6149209592630562
 0.5821998391133825
 0.6018616250351505
 0.6168798607092616
 0.6350377678347838
 0.6482219707868323
 0
 0
 0.5398758167913776
 0.5569589436688469
 0.4571960615867536
 0.3768545528445171
 0.3949764226437416
 0.4557416417609903
 0.5242772379793631
 0.5023137594807148
 0.5385812554101913
 0.5649016754767237
 0.5751419921680249
 0.5559605552217708
 0.5628543484547137
 0.5738129868282416
 0.6134069265662221
 0.6374252667249195
 0.6075651661196338
 0.6208213614478494
 0.6012046446153149
 0.5966015457840576
 0.6050262785650474
 0.606924349334646
 0.6166493352825578
 0.5858826191225698
 0.6019583276889517
 0.6178527328151919
 0.6398682826780326
 0.6534536178616045
 0
 0
 0.4419897735477223
 0.3969568487324937
 0.4749806326625625
 0.3664561417001972
 0.4186289243095495
 0.3856779425081084
 0.5914084644444485
 0.4850246061169284
 0.5999210226038976
 0.5679680114857455
 0.5669379770250005
 0.6035759138106203
 0.5714977367374081
 0.5684901254982079
 0.6105345174952302
 0.6524656939773025
 0.6262761144266898
 0.6066990345564365
 0.5871036589484714
 0.6284717552574878
 0.5394477124704641
 0.5717749110358948
 0.5567889294127609
 0.6362931951833491
 0.6267504716099633
 0.6511721807134562
 0.6659121484591073
 0.7528736505842863
 0
 0
 0.5785862941142949
 0.7122607478561036
 0.7775252834286799
 0.6759281564812332
 0.6912938510311915
 0.6573915349718409
 0.7084255665548983
 0.7041302283253869
 0.7217798445294298
 0.7500031435006455
 0.6940414364648756
 0.6867512582728073
 0.711050531186026
 0.6834369800753022
 0.673992392363268
 0.7416512277875246
 0.7203537094242189
 0.7152606542503204
 0.7262126751339957
 0.7007810203345102
 0.8014219312125144
 0.6753093960201128
 0.6881056238534928
 0.7170684429647873
 0.7984894789096306
 0.7876217618827113
 0.7182584116699361
 0.7233901522911355
 0
 0
 0.3998285319614083
 0.5539604646581711
 0.4595329002966782
 0.5147809013788287
 0.4693752078016208
 0.4841275103313677
 0.5291581632571305
 0.4951963436590707
 0.5013297725046011
 0.5404584627133864
 0.550970288885583
 0.5395440074477522
 0.5509026119804857
 0.5685949235900145
 0.60580591904295
 0.6256348383875111
 0.6023330134217295
 0.6132377538940869
 0.6181193398270425
 0.6214720575396058
 0.618468866314816
 0.6235639535938076
 0.6443965020636581
 0.6058536943895805
 0.6200479232748453
 0.643412661472498
 0.6622357319510324
 0.6704403921391311
 0
 0
 0.5076057193780285
 0.5670982493949596
 0.443809370717595
 0.5236856713897808
 0.4644025567149655
 0.4914538780607908
 0.5105436324400626
 0.4977284432114582
 0.4920402010846451
 0.540201825119182
 0.5591282520105684
 0.5377927999261798
 0.5570740429197687
 0.5782348698440197
 0.5982405583261862
 0.6228431577310978
 0.6163226076700273
 0.6120292318216499
 0.6123496772582355
 0.6193730437141293
 0.624940142147453
 0.6251267988111104
 0.6458748910056367
 0.6022455812316253
 0.6186947296369718
 0.6431332302244778
 0.660353802138684
 0.6696562670113579
 0
 0
 0.4166610730177414
 0.3186611971493415
 0.4792453966776847
 0.5606461388537018
 0.4564821344819365
 0.4829600312283376
 0.5060463737167453
 0.5021881500711067
 0.4907906220401925
 0.5278353798629684
 0.5360327327054827
 0.5406634099497603
 0.5332855971537158
 0.6377173389875538
 0.5900977235531604
 0.6215048202193001
 0.5954373695268155
 0.604988042052571
 0.5967349285202929
 0.6151334906914543
 0.5991954350020906
 0.616689873381385
 0.6253091348810187
 0.5951495158286044
 0.6076309678517214
 0.6230537263770926
 0.6573740408187042
 0.6640563338878689
 0
 0
 0.5785862941142949
 0.7795160525793584
 0.7818482826134153
 0.6867137469971321
 0.7946268508861847
 0.6409986762144948
 0.7063022287869849
 0.68012223621986
 0.6801212651141398
 0.6848681939131964
 0.6689616503317689
 0.7001960784467903
 0.683787475081951
 0.7130791702731594
 0.6909803941876259
 0.707953443349057
 0.7061087510255316
 0.6953362849849036
 0.7014201212498307
 0.7046164877150977
 0.7357795056800387
 0.7291770775328681
 0.7353155467179471
 0.7056824866198346
 0.7403710636758796
 0.7342788693044646
 0.7487017562286931
 0.7756731365391414
 0
 0
 0
 0
 0
 0
 0
 0
 0
 0
 0
 0
 0
 0
 0
 0
 0
 0
 0
 0
 0
 0
 0
 0
 0
 0
 0
 0
 0
 0
 0
 0
 0
 0
 0
 0
 0
 0
 0
 0
 0
 0
 0
 0
 0
 0
 0
 0
 0
 0
 0
 0
 0
 0
 0
 0
 0
 0
 0
 0
 0
 0
 0
 0
 0
 0
 0
 0
 0
 0
 0
 0
 0
 0
 0
 0
 0
 0
 0
 0
 0
 0
 0
 0
 0
 0
 0
 0
 0
 0
 0
 0
 0
 0
 0
 0
 0
 0
 0
 0
 0
 0
 0
 0
 0
 0
 0
 0
 0
 0
 0
 0
 0
 0
 0
 0
 0
 0
 0
 0
 0
 0
 0
 0
 0
 0
 0
 0
 0
 0
 0
 0
 0
 0
 0
 0
 0
 0
 0
 0
 0
 0
 0
 0
 0
 0
 0
 0
 0
 0
 0
 0
 0.365267476637909
 0.5179140086520656
 0.4259470480345742
 0.5133190737763488
 0.464064320030556
 0.48158189824187
 0.5239598972516775
 0.5000377276860195
 0.4918448442290882
 0.5320885690549154
 0.5623887019099012
 0.5398776258968481
 0.5516050169033705
 0.5696773053994642
 0.5959265280918322
 0.6238296972667099
 0.6163983670535682
 0.6135794834072658
 0.6158239110704855
 0.6192397061003699
 0.6239914773721794
 0.6255156314207726
 0.6438720979219416
 0.6030160994394352
 0.6198194156858851
 0.6393573977128866
 0.663162407849138
 0.6709723672974856
 0
 0
 0
 0
 0
 0
 0
 0
 0
 0
 0
 0
 0
 0
 0
 0
 0
 0
 0
 0
 0
 0
 0
 0
 0
 0
 0
 0
 0
 0
 0
 0
 0
 0
 0
 0
 0
 0
 0
 0
 0
 0
 0
 0
 0
 0
 0
 0
 0
 0
 0
 0
 0
 0
 0
 0
 0
 0
 0
 0


