# Created by Octave 3.8.2, Sun Nov 15 15:03:58 2015 CET <dkottke@snake3>
# name: mus
# type: matrix
# ndims: 3
 1 30 19
 0
 0
 0.6644407345575967
 0.7143652561247216
 0.7236768802228425
 0.7413600891861764
 0.7431906614786005
 0.7438616071428571
 0.7174762702400882
 0.7128491620111731
 0.6840092422914512
 0.685123042505593
 0.6837606837606833
 0.6883370535714282
 0.6829131652661066
 0.6752232142857143
 0.6950140056022408
 0.6840628507295174
 0.6900895856662932
 0.6893258426966293
 0.6997198879551818
 0.7279585983289689
 0.7470271274619105
 0.7432432432432432
 0.7453521126760562
 0.755667038275734
 0.7525252525252524
 0.7505580357142857
 0.74972191323693
 0.7468926553672318
 0
 0
 0.6666666666666666
 0.5
 0.6
 0.5
 0.9
 0.3
 0.7
 0.3
 0.5666666666666667
 0.5666666666666667
 0.4333333333333333
 0.2
 0.6666666666666666
 0.6166666666666666
 0.5499999999999999
 0.4333333333333333
 0.5
 0.55
 0.6599999999999999
 0.53
 0.54
 0.62
 0.5199999999999999
 0.66
 0.5933333333333334
 0.6666666666666667
 0.5933333333333335
 0.5
 0
 0
 0.6770688449462803
 0.7491585084013661
 0.5993895170939925
 0.7146678033065539
 0.6418483185318713
 0.6119389443106324
 0.6392715037692562
 0.6243954363507488
 0.6003995057025537
 0.6263126233114158
 0.5242538209601381
 0.4965827028185716
 0.4719759379244425
 0.609990980955875
 0.6031532876137731
 0.503965123687096
 0.5548711040053329
 0.521792302715862
 0.5228941137352778
 0.6095458702589487
 0.4976197120925955
 0.6400161111557914
 0.6258195838881085
 0.6282916292542317
 0.6383669150335576
 0.5747170835327908
 0.6038523496248042
 0.6003897747698687
 0
 0
 0.7003227342117304
 0.3638758791116795
 0.5714853002481909
 0.517476897507096
 0.6396913283350328
 0.5436247895851577
 0.4973200513859834
 0.4479045924862349
 0.4764517297582793
 0.4714163182432746
 0.4845279482087494
 0.4790676850027868
 0.4975991353477215
 0.4793001492535644
 0.5046809130704124
 0.4991398391909552
 0.4943901046887761
 0.4948360535309878
 0.4979526281042874
 0.5019996462466675
 0.5161668488207649
 0.5254163235750249
 0.5371816289699751
 0.5445043608515866
 0.536219792260097
 0.5355145384688854
 0.5344335705826941
 0.5450032099565685
 0
 0
 0.6295193370125546
 0.5367027661610116
 0.5710969648297705
 0.5617313257421768
 0.6606933240712085
 0.5301643442938436
 0.5041122523552068
 0.4526888285789847
 0.4710630363028755
 0.4824293330139571
 0.4915058407623199
 0.4795718968240359
 0.4839167529692825
 0.4809067724887001
 0.4993972703832584
 0.4924039529676626
 0.4990786979500183
 0.4985313644839476
 0.4983369921241603
 0.5102735577817853
 0.5140551962215664
 0.5295903635931679
 0.5376145864397646
 0.5498137417122365
 0.540139631241405
 0.5337546174082665
 0.5321175357055199
 0.5465678366404443
 0
 0
 0.9910397955441288
 0.3610416711057779
 0.5661057314042506
 0.5829914543636502
 0.6757627620950949
 0.5635621894420696
 0.4836397985311505
 0.4488029432273338
 0.4510066311205737
 0.4680061753898804
 0.4921167552759803
 0.5269166595436583
 0.4738154020058091
 0.5085895377860702
 0.4886009019887451
 0.4987156083402317
 0.5646853299804344
 0.4553258824502727
 0.505157105218919
 0.5376894500506858
 0.5417989372490263
 0.5418560534556277
 0.5206338693941126
 0.5773870836549918
 0.5336948866917032
 0.5563301569250934
 0.5189124417686628
 0.5662653304466986
 0
 0
 0.5785862941142949
 0.6499964668171978
 0.63221612197682
 0.6931592430070757
 0.6933823674869396
 0.6815594356936868
 0.7378998151137971
 0.6725926564679144
 0.6656547842740563
 0.7003549946222598
 0.6335974693938226
 0.6323776209723772
 0.6310245755693162
 0.7444031293186182
 0.7099804231359563
 0.6273621426800312
 0.6574571447911658
 0.671747726894979
 0.66163558770729
 0.695556779753628
 0.6244190628592823
 0.6823435547018597
 0.6778917910877327
 0.6922728805841555
 0.6996278090126139
 0.6651487793362836
 0.6596875660166763
 0.6887673785864107
 0
 0
 0.6332042588985742
 0.3762411903285481
 0.5536622364708379
 0.5592934818218301
 0.660329159563724
 0.5618603264467397
 0.5545882735566116
 0.4881954519623655
 0.4852596917826657
 0.4670483019433446
 0.4635140471539528
 0.471514807381385
 0.4776648845121214
 0.4606294817198747
 0.5038862288823152
 0.4853375912958584
 0.5124973327552441
 0.5066993996754089
 0.5225060487431703
 0.5162563750936001
 0.5278523188543389
 0.5404009781121617
 0.5493705222846672
 0.5648242601623583
 0.5511223058150433
 0.5543164011663663
 0.5485986926212173
 0.551982795608621
 0
 0
 0.6029173604203939
 0.5905142299387337
 0.5640960387528264
 0.6224105215043569
 0.6356778977482834
 0.5885114643507658
 0.5558392201536828
 0.4912304125194757
 0.4712999845640976
 0.4686693782382897
 0.4755332884152043
 0.4792342044465215
 0.4821500943692194
 0.4646389579632037
 0.4962943589469556
 0.4786782702341532
 0.4970131500465496
 0.5119509283740471
 0.5230964571998578
 0.5220562147072508
 0.5237815309205843
 0.5505087777923297
 0.5495585571431839
 0.5654532118635702
 0.5501510669024491
 0.541897453009883
 0.544907520980939
 0.5545052611819286
 0
 0
 0.9921703251672431
 0.3801774097462693
 0.5543740657063518
 0.6255512465918363
 0.6222684868566082
 0.5493708699246366
 0.5887188196138189
 0.4585008940704889
 0.4512526267213318
 0.4556448620167106
 0.4588387482501405
 0.4594830313725427
 0.4614957437339489
 0.474392200907957
 0.5275315031866401
 0.4699538982668028
 0.4954382203667327
 0.5071754338682561
 0.5170567024558782
 0.5215227147895436
 0.5174085187169302
 0.5325538167437545
 0.5445785351714103
 0.5503891367775668
 0.5623992421712641
 0.5442851893604169
 0.538510796657667
 0.5435905864984026
 0
 0
 0.5785862941142949
 0.6692858806215654
 0.6230157108871675
 0.7021157122846843
 0.6922493786970075
 0.6310627515742674
 0.6713959105678489
 0.6702856140478661
 0.6142401818047128
 0.6616260088066517
 0.6290984941842368
 0.6049528139692868
 0.6373180530165633
 0.6118923190320483
 0.6516028457575527
 0.6248727396323748
 0.6549020585129247
 0.634728092826638
 0.6526538386142267
 0.6730303676037414
 0.6466141406833262
 0.6681437788016416
 0.6704261731942381
 0.6619568074301232
 0.6778926119738585
 0.6537805233511513
 0.676155653873817
 0.6636886111366932
 0
 0
 0
 0
 0
 0
 0
 0
 0
 0
 0
 0
 0
 0
 0
 0
 0
 0
 0
 0
 0
 0
 0
 0
 0
 0
 0
 0
 0
 0
 0
 0
 0
 0
 0
 0
 0
 0
 0
 0
 0
 0
 0
 0
 0
 0
 0
 0
 0
 0
 0
 0
 0
 0
 0
 0
 0
 0
 0
 0
 0
 0
 0
 0
 0
 0
 0
 0
 0
 0
 0
 0
 0
 0
 0
 0
 0
 0
 0
 0
 0
 0
 0
 0
 0
 0
 0
 0
 0
 0
 0
 0
 0
 0
 0
 0
 0
 0
 0
 0
 0
 0
 0
 0
 0
 0
 0
 0
 0
 0
 0
 0
 0
 0
 0
 0
 0
 0
 0
 0
 0
 0
 0
 0
 0
 0
 0
 0
 0
 0
 0
 0
 0
 0
 0
 0
 0
 0
 0
 0
 0
 0
 0
 0
 0
 0
 0
 0
 0
 0
 0
 0
 0.4802956608216514
 0.5105436131110399
 0.5690895354103016
 0.6032617869341862
 0.6373978686597322
 0.5928441486024578
 0.5600832452445655
 0.4880649233764809
 0.480370191255268
 0.473832762177533
 0.4706344772593664
 0.4841885360588402
 0.4698308949327956
 0.4637885037147388
 0.4958100758157081
 0.4843552650997655
 0.4955353937182588
 0.510842729691782
 0.5239105212337563
 0.5199958454746795
 0.5287976923940267
 0.5486191584929648
 0.5525206573034924
 0.5638281334321005
 0.5523181613878098
 0.5407055962739078
 0.5455161801023928
 0.5526432977051022
 0
 0
 0
 0
 0
 0
 0
 0
 0
 0
 0
 0
 0
 0
 0
 0
 0
 0
 0
 0
 0
 0
 0
 0
 0
 0
 0
 0
 0
 0
 0
 0
 0
 0
 0
 0
 0
 0
 0
 0
 0
 0
 0
 0
 0
 0
 0
 0
 0
 0
 0
 0
 0
 0
 0
 0
 0
 0
 0
 0


