# Created by Octave 3.8.2, Fri Nov 20 22:14:45 2015 CET <dkottke@snake7>
# name: mus
# type: matrix
# ndims: 3
 1 30 19
 0
 0
 0.8771929824561405
 0.9389632107023411
 0.9288702928870303
 0.9313232830820772
 0.9348370927318298
 0.9035234899328859
 0.9365079365079356
 0.9184873949579836
 0.9507923269391151
 0.9410774410774415
 0.9548494983277583
 0.9605042016806725
 0.9434599156118136
 0.9273648648648649
 0.9445378151260497
 0.9347643097643091
 0.9206349206349198
 0.933898305084746
 0.9340016708437756
 0.9445847362514023
 0.9489966555183946
 0.9557823129251702
 0.9489361702127664
 0.951086956521739
 0.9492845117845115
 0.951388888888889
 0.950378469301934
 0.9555555555555554
 0
 0
 0
 0.25
 0.4
 0.5
 0.4
 0.2
 0.5
 0.2
 0.5333333333333333
 0.5
 0.5333333333333333
 0.2666666666666667
 0.4
 0.3666666666666666
 0.3333333333333333
 0.45
 0.5666666666666667
 0.65
 0.48
 0.45
 0.5700000000000001
 0.46
 0.52
 0.5066666666666666
 0.62
 0.6466666666666667
 0.7333333333333333
 0.6666666666666666
 0
 0
 0.3845141927195622
 0.3865306786735794
 0.4792095667441469
 0.493129560352686
 0.569226993085945
 0.5988141519968087
 0.5804971922177682
 0.374376170609702
 0.4379374576756585
 0.4847827232513344
 0.5355643561685998
 0.657813122539863
 0.5856651128911351
 0.5275947843025874
 0.554482189716058
 0.5023542767079328
 0.585257977820951
 0.6050533540383247
 0.5846520236827828
 0.5795916256056761
 0.654550271416612
 0.6263310248221978
 0.6670133245226799
 0.6202355881066977
 0.5993894696900076
 0.6123670462553331
 0.647045407745679
 0.6300344494424476
 0
 0
 0.1388747461539373
 0.441261989080534
 0.45314158797189
 0.4985589286568818
 0.483101393617638
 0.4095648069061653
 0.4342651263252361
 0.4348691290387975
 0.5028675554060015
 0.5281937856963109
 0.5098109719145283
 0.4667436684691087
 0.5131090203693826
 0.5435218833411736
 0.5355346177076257
 0.5477139544007281
 0.5485970686511634
 0.5409889478219315
 0.5565983690891655
 0.5532657583725601
 0.5671582165891218
 0.5500674084052984
 0.5715344587607194
 0.5591096141492683
 0.5784561474290395
 0.5745008694806376
 0.5788584100796316
 0.5702408009915912
 0
 0
 0
 0.5
 0.6
 0.5
 0.5714285714285714
 0.375
 0.2222222222222222
 0.8
 0.09090909090909091
 0.8333333333333334
 0.3076923076923077
 0.4444444444444444
 0.8
 1
 1
 1
 1
 0
 1
 0
 0
 0
 0
 1
 1
 1
 1
 1
 0
 0
 0.1666830259306086
 0.4754875675490878
 0.4235429525654119
 0.5400870772833718
 0.4694747229542859
 0.4296854358488339
 0.4175829960746769
 0.5075060816562332
 0.4393761189881658
 0.526769966499026
 0.4706161671186286
 0.4703216365180327
 0.5428339033169435
 0.5854919558633573
 0.5326155978014188
 0.5629866574152027
 0.5562378946783029
 0.4937208017965855
 0.5655973161246746
 0.5070672131553919
 0.5950748575810121
 0.5512222564398924
 0.5654801463528392
 0.5860519700597259
 0.6019992950263431
 0.5902318476753529
 0.588025485020046
 0.6189376844973843
 0
 0
 0.3678794411714423
 0.5819125477696367
 0.6681188695063692
 0.6162625277720082
 0.6623255616462985
 0.6614302343974315
 0.6370969661104796
 0.6195217045095114
 0.6563098168248931
 0.6680627698931266
 0.67831802188584
 0.6483025523189239
 0.6826450818350391
 0.6864548125501881
 0.6764992038229454
 0.6659357041280513
 0.6793227202568168
 0.6865896984051567
 0.6892055166566676
 0.6873886836738168
 0.6756109591751384
 0.6606038209113958
 0.6743379003303921
 0.6604366160927871
 0.6987377436022079
 0.6610317870411346
 0.6988984664765145
 0.6791912158000911
 0
 0
 0.1388835826682043
 0.4445922910836236
 0.4306202027270489
 0.4831156589466877
 0.5009451311867865
 0.4344281458063157
 0.4514513755702114
 0.4245755193416171
 0.4945768992880686
 0.5163366292150002
 0.5101343825399729
 0.4829879117229173
 0.5135372663825644
 0.5319803707737834
 0.519194339158228
 0.5399023867534848
 0.5384777507862737
 0.5424598771836958
 0.5490912882470035
 0.5610927879411702
 0.5699006143769906
 0.5614737587838651
 0.5763570048677417
 0.5723349085078181
 0.5794573614077577
 0.5696001364418222
 0.580684159305566
 0.5706214697365255
 0
 0
 0.9995041282551347
 0.9999963231846922
 0.9999996988969242
 0.9999999986671086
 0.9999999999893572
 0.9999999999999997
 1
 1
 0.9999999999999989
 0.9998182471876618
 0.9919259699156182
 0.9911904448327485
 0.973659043934598
 0.971613244016311
 0.9686379725709697
 0.977083571140942
 0.9610725082766048
 0.973810745101527
 0.968833934528976
 0.970990506156746
 0.9686917875101924
 0.9527404749442057
 0.9634875846587495
 0.9554996973703457
 0.9626346473225542
 0.953095326101611
 0.9569241044590987
 0.9398849132765791
 0
 0
 0.1666670556305586
 0.4507493231726685
 0.3072800427050975
 0.5322223135281281
 0.5087866764451109
 0.4247105146850885
 0.409514149862593
 0.4492263039783132
 0.4540913805552207
 0.4814702240255646
 0.4727243028963063
 0.4692408402053667
 0.4967636134552186
 0.5099696746378591
 0.5069231382339972
 0.5178699086748948
 0.5178299252533807
 0.5267774465519085
 0.5322187723097991
 0.5379876870013882
 0.622355243709501
 0.5601027696770833
 0.564179072744702
 0.5591210788035794
 0.5652195340616903
 0.585780013883221
 0.566785999082228
 0.5561194089718295
 0
 0
 0.3678794411714423
 0.6210560848569124
 0.6960612417329818
 0.636796880013179
 0.6651566575301677
 0.648654388890224
 0.6197854209040327
 0.6032871298899315
 0.657023650915433
 0.7445833501117373
 0.6633710902729454
 0.6502811326127784
 0.666442502584865
 0.6460485040830779
 0.669785288450706
 0.6458655953460628
 0.6456440442705884
 0.6667883452715437
 0.6548933227975926
 0.6411011765984758
 0.6789282652755563
 0.6534678703329297
 0.6640181156141965
 0.6457091234335134
 0.6591902726133112
 0.6818651447485879
 0.681745516812348
 0.6690833494682449
 0
 0
 0
 0
 0
 0
 0
 0
 0
 0
 0
 0
 0
 0
 0
 0
 0
 0
 0
 0
 0
 0
 0
 0
 0
 0
 0
 0
 0
 0
 0
 0
 0
 0
 0
 0
 0
 0
 0
 0
 0
 0
 0
 0
 0
 0
 0
 0
 0
 0
 0
 0
 0
 0
 0
 0
 0
 0
 0
 0
 0
 0
 0
 0
 0
 0
 0
 0
 0
 0
 0
 0
 0
 0
 0
 0
 0
 0
 0
 0
 0
 0
 0
 0
 0
 0
 0
 0
 0
 0
 0
 0
 0
 0
 0
 0
 0
 0
 0
 0
 0
 0
 0
 0
 0
 0
 0
 0
 0
 0
 0
 0
 0
 0
 0
 0
 0
 0
 0
 0
 0
 0
 0
 0
 0
 0
 0
 0
 0
 0
 0
 0
 0
 0
 0
 0
 0
 0
 0
 0
 0
 0
 0
 0
 0
 0
 0
 0
 0
 0
 0
 0
 0.9999907665731502
 0.9999999855501753
 0.9999999999988007
 0.9999999999999081
 0.9999999999656144
 0.9999999795827484
 0.9992777448408547
 0.9999999980200113
 0.9999999816279397
 0.9995672813541309
 0.9985019986899298
 0.98748163332693
 0.9752784116041793
 0.9686881027559361
 0.9663862699179214
 0.9726934838110745
 0.9680942020281157
 0.972635570655576
 0.9663646395171441
 0.966964857788861
 0.9613766121859709
 0.9588344976052903
 0.9601572228091692
 0.9556333465146809
 0.9608464365043188
 0.9482826349121504
 0.9514219824554265
 0.9484034972258459
 0
 0
 0
 0
 0
 0
 0
 0
 0
 0
 0
 0
 0
 0
 0
 0
 0
 0
 0
 0
 0
 0
 0
 0
 0
 0
 0
 0
 0
 0
 0
 0
 0
 0
 0
 0
 0
 0
 0
 0
 0
 0
 0
 0
 0
 0
 0
 0
 0
 0
 0
 0
 0
 0
 0
 0
 0
 0
 0
 0


