# Created by Octave 3.8.2, Sat Nov 21 00:54:24 2015 CET <dkottke@snake7>
# name: mus
# type: matrix
# ndims: 3
 1 30 19
 0
 0
 0.4987468671679199
 0.494949494949495
 0.4936708860759493
 0.5921717171717171
 0.4160401002506264
 0.4540816326530612
 0.5827020202020206
 0.5974358974358973
 0.5991161616161615
 0.5883838383838386
 0.6012820512820515
 0.6135204081632651
 0.6089743589743588
 0.5833333333333334
 0.5924978687127025
 0.5808080808080808
 0.6090225563909775
 0.5842105263157894
 0.5614035087719298
 0.5757575757575757
 0.5851094060812732
 0.5794270833333333
 0.5893333333333332
 0.5953846153846154
 0.5898268398268398
 0.5969387755102041
 0.5932418406181523
 0.5871794871794871
 0
 0
 1
 1
 1
 0.6
 0.7
 0.8
 0.6
 0.6
 0.8666666666666668
 0.8
 0.8333333333333333
 0.7
 0.7999999999999999
 0.7666666666666666
 0.7833333333333333
 0.7499999999999999
 0.7833333333333333
 0.7
 0.71
 0.75
 0.6799999999999999
 0.75
 0.68
 0.6533333333333333
 0.6733333333333333
 0.7466666666666667
 0.72
 0.7333333333333333
 0
 0
 1
 1
 1
 0.7613422379932997
 0.8145779694102897
 0.7391640497281533
 0.6004067019492394
 0.6896953762326279
 0.8263775531750894
 0.7822495179730579
 0.8041931316581064
 0.7732192242755069
 0.7857030818678733
 0.7906870981629908
 0.6784616679214439
 0.7370438494186595
 0.7120622400899532
 0.7609422743976069
 0.6964772465770643
 0.699622947429979
 0.686388540810777
 0.6587099294080957
 0.6580709641362261
 0.680399991567932
 0.7331215725371136
 0.7256083112295298
 0.6857145142030751
 0.6966883262774346
 0
 0
 1
 1
 1
 0.7810684859397287
 0.8110519684325445
 0.8379406477496818
 0.6562736112175968
 0.7598459410826368
 0.8432026563840384
 0.8464691368434086
 0.7912225806152505
 0.7554268921787322
 0.8182847220558047
 0.785266910474745
 0.7710223557693002
 0.7964106428438353
 0.7579464194185752
 0.7904365036778174
 0.7632994723952783
 0.7395292561670428
 0.7139798374329683
 0.7451892751042101
 0.705723257856682
 0.6997411763917523
 0.7163387329127212
 0.7497410675144156
 0.7506902164353734
 0.7473660569090546
 0
 0
 1
 1
 1
 0.5
 1
 0.625
 0.4444444444444444
 0.8
 0.7272727272727273
 0.75
 0.4615384615384616
 0.6666666666666666
 1
 0.3333333333333333
 0.5
 0
 0
 1
 1
 1
 1
 1
 1
 1
 1
 0
 0
 1
 0
 0
 1.000000000006985
 1.000000000005647
 1.000000000007066
 0.6583344999833901
 1.025000000705125
 0.6946428589026222
 0.5773826803303347
 0.8551587292809845
 0.7575757724358639
 0.7790404510564296
 0.6530926161389752
 0.6669293340617015
 0.9633145489783654
 0.6661252945044831
 0.6581269434493963
 0.5304657422830739
 0.5203778879607164
 0.8262518676531794
 0.9520383411630594
 0.9180035169432604
 0.9814912460515853
 0.885023903897586
 0.8309465731629325
 0.7653819797155651
 0.9455456175784123
 0.5625349729804121
 0.3333509513073591
 0.9357560113652039
 0
 0
 1
 1.000000001335751
 1.000000000235916
 0.7907707417221401
 0.8334534266682574
 0.8016201243856743
 0.8293122367049042
 0.7525993985416746
 0.8043496457112436
 0.8068516061417577
 0.7874564254279582
 0.80208073469206
 0.7964047117739398
 0.7548252755735732
 0.8083895045586773
 0.7691655761186713
 0.7201211661866251
 0.7468623343233095
 0.7162369052323607
 0.7291548644497676
 0.668731730528815
 0.7074763822573196
 0.6935105046481584
 0.706960448879566
 0.7221135115540267
 0.7234797220490443
 0.7058908969800288
 0.7151520996757634
 0
 0
 1
 1
 1
 0.734551689166323
 0.8016916846163095
 0.8576748331276752
 0.6925260968368429
 0.7783184741365106
 0.8111473429157762
 0.8502700444911038
 0.8102520384176765
 0.7633216528704428
 0.8457653181248568
 0.8026558353734791
 0.7998112904750402
 0.7957675700883452
 0.7385583219029925
 0.7728250686669874
 0.7461443607942874
 0.7523742722498503
 0.7238449595609282
 0.7370112937156661
 0.6968376987439073
 0.7151573804984086
 0.7315796539391562
 0.7581714701107384
 0.7430400245823721
 0.7251230685461022
 0
 0
 1
 1
 1
 1
 1
 1
 1
 1
 1
 1
 1
 1
 1
 1
 1
 1
 1
 1
 1
 1
 1
 1
 1
 1
 1
 1
 1
 1
 0
 0
 1.000000000023307
 1.000000000026182
 1.000000000044371
 0.6904673085449454
 0.7737067067618986
 0.8543540122128999
 0.6215188030633235
 0.8449692503105142
 0.8662883107770993
 0.8222877615423011
 0.7186320731934595
 0.6669309391023659
 0.7537626639230257
 0.8224662972983826
 0.8805630998302156
 0.8479333040841015
 0.7562101956628183
 0.7723101100845395
 0.7370530775621609
 0.6838869022232491
 0.8548710045913661
 0.6381043884554483
 0.6159029957489175
 0.6913750606912743
 0.7478540562080114
 0.8815113711416225
 0.4961645756506525
 0.7482811271552197
 0
 0
 1
 1.000000000885152
 1.000000000181057
 0.7944738472361952
 1.079414729949657
 0.7439945618115681
 0.7044693663785616
 0.6945256124331218
 0.7534037418821992
 0.8028288687783509
 0.8618385790984662
 0.8416663995192223
 0.750258752954729
 0.7385849220610202
 0.8551678843400283
 0.9331820080733331
 0.741281354581211
 0.744525253024898
 0.7658646975928802
 0.7058246053004034
 0.6954601527679629
 0.7647906445044599
 0.7217108189462169
 0.7446404271938056
 0.7790233602624691
 0.7510331013404439
 0.7272784534934311
 0.7106371186076615
 0
 0
 0
 0
 0
 0
 0
 0
 0
 0
 0
 0
 0
 0
 0
 0
 0
 0
 0
 0
 0
 0
 0
 0
 0
 0
 0
 0
 0
 0
 0
 0
 0
 0
 0
 0
 0
 0
 0
 0
 0
 0
 0
 0
 0
 0
 0
 0
 0
 0
 0
 0
 0
 0
 0
 0
 0
 0
 0
 0
 0
 0
 0
 0
 0
 0
 0
 0
 0
 0
 0
 0
 0
 0
 0
 0
 0
 0
 0
 0
 0
 0
 0
 0
 0
 0
 0
 0
 0
 0
 0
 0
 0
 0
 0
 0
 0
 0
 0
 0
 0
 0
 0
 0
 0
 0
 0
 0
 0
 0
 0
 0
 0
 0
 0
 0
 0
 0
 0
 0
 0
 0
 0
 0
 0
 0
 0
 0
 0
 0
 0
 0
 0
 0
 0
 0
 0
 0
 0
 0
 0
 0
 0
 0
 0
 0
 0
 0
 0
 0
 0
 0
 1
 1
 1
 1
 1
 1
 1
 1
 1
 1
 1
 1
 1
 1
 1
 1
 1
 1
 1
 1
 1
 1
 1
 1
 1
 1
 1
 1
 0
 0
 0
 0
 0
 0
 0
 0
 0
 0
 0
 0
 0
 0
 0
 0
 0
 0
 0
 0
 0
 0
 0
 0
 0
 0
 0
 0
 0
 0
 0
 0
 0
 0
 0
 0
 0
 0
 0
 0
 0
 0
 0
 0
 0
 0
 0
 0
 0
 0
 0
 0
 0
 0
 0
 0
 0
 0
 0
 0


