# Created by Octave 3.8.2, Fri Nov 20 21:00:52 2015 CET <dkottke@snake10>
# name: mus
# type: matrix
# ndims: 3
 1 30 19
 0
 0
 0.5008347245409017
 0.5005567928730512
 0.6579387186629528
 0.6750278706800449
 0.6247915508615898
 0.6434151785714286
 0.6543830262423228
 0.7134078212290501
 0.7012987012987015
 0.7130872483221475
 0.7060572277963583
 0.6941964285714288
 0.7030812324929964
 0.6981026785714286
 0.7039775910364143
 0.7008978675645348
 0.7067269236922091
 0.7168539325842698
 0.7225770308123248
 0.7275221349295422
 0.7392233370494244
 0.7342342342342341
 0.7267605633802818
 0.7292827945001855
 0.7185746352413017
 0.7137276785714285
 0.7121802002224698
 0.7209039548022599
 0
 0
 1
 1
 0.6
 0.5
 0.9
 0.5
 0.9
 0.6
 0.5333333333333333
 0.7
 0.8333333333333333
 0.7333333333333332
 0.6666666666666666
 0.7499999999999999
 0.6499999999999999
 0.6666666666666666
 0.7333333333333333
 0.55
 0.58
 0.4
 0.54
 0.5700000000000001
 0.68
 0.6666666666666667
 0.7066666666666667
 0.8133333333333332
 0.6133333333333334
 0.5333333333333333
 0
 0
 1
 1
 0.7936828731601235
 0.7345093652920058
 0.7698792320700609
 0.747894001727946
 0.8396520849104891
 0.6046457945253662
 0.5718188840038487
 0.5356067475257372
 0.6847348909571322
 0.6598618300550482
 0.5854074891140801
 0.6889057142128054
 0.6304049596030576
 0.6215607464716049
 0.7136250731247957
 0.6886991267937164
 0.6926020398302835
 0.613765857702935
 0.5729070222612362
 0.6020482197836352
 0.5931069908163116
 0.6100050144391579
 0.6410787824622084
 0.6578440823307408
 0.6575888237209714
 0.6525858728181928
 0
 0
 0.9999999999760463
 0.9999999999040563
 0.7491684285251199
 0.563011647943592
 0.6317186205997919
 0.6452952620938934
 0.6886075847104964
 0.5622067077625864
 0.5938743023155123
 0.5738902707156542
 0.6001261085274651
 0.5716869971464846
 0.5808280009918625
 0.6024508383714927
 0.5971553495965608
 0.6111668271114675
 0.6135557316107607
 0.5997893959043986
 0.6030760882521817
 0.5781150512972124
 0.5753070498747538
 0.5740205409775726
 0.5710955688243822
 0.5715782902931971
 0.5730655888033209
 0.5994455527116517
 0.5858143705822499
 0.5916323142089892
 0
 0
 1
 1
 0.6
 0.6666666666666666
 0.8571428571428571
 0.625
 0.8888888888888888
 0.4
 0.7272727272727273
 0.4166666666666667
 0.9230769230769231
 0.6666666666666666
 0.8
 0.6666666666666666
 0.5
 1
 1
 0
 0
 1
 0
 1
 1
 0
 1
 1
 0
 0
 0
 0
 0.999999999999909
 0.9999999998606881
 0.5629424025070009
 0.6375292135091235
 0.6941396132425
 0.654144947555357
 0.7463802741985824
 0.573588987444495
 0.5841299059339342
 0.5396207908966956
 0.5883645090948362
 0.6116025974357736
 0.5839514707457746
 0.6216622347430213
 0.5896080539344452
 0.6275818325988168
 0.6939986422709437
 0.5429127787315314
 0.5892792786482388
 0.5789085471558302
 0.5612086795466553
 0.6298077336453256
 0.6112199272237431
 0.5316066007167266
 0.56614328018535
 0.6192763349988776
 0.5505043784228227
 0.5773249309049381
 0
 0
 1
 0.9999999999274273
 0.9538596363742696
 0.7524886612347448
 0.741421496374898
 0.7443185109538463
 0.7695488165450934
 0.7388190612678951
 0.7294013118916111
 0.663141339675362
 0.6944832555286314
 0.6882699872881558
 0.6838052687526889
 0.6584083398344336
 0.7387407684483961
 0.6863266846255616
 0.6692507573857848
 0.7039186696451892
 0.6591482883395355
 0.7275355513263099
 0.6439589380289673
 0.713033981677432
 0.6831813235699886
 0.6912385682353935
 0.6743976341696493
 0.6854812697900942
 0.6600042409463807
 0.6651974769255687
 0
 0
 0.9999999999771398
 0.9999999999970111
 0.7694024753061157
 0.5539016335554691
 0.6494360126163922
 0.6445754712682815
 0.6733621402715744
 0.5635134183157813
 0.5837915366238033
 0.5734466127419763
 0.5882583941633746
 0.5718193302769252
 0.5872996961513614
 0.6026644634002095
 0.6075673715896833
 0.6022607746092182
 0.6157865638519103
 0.6105639613532388
 0.6135354201906708
 0.5818423707457658
 0.5766551868872887
 0.5781608717647414
 0.5768864517630738
 0.5807233309981168
 0.5836487597214577
 0.6009920503610355
 0.5816897139213122
 0.5939398284290779
 0
 0
 0.9997303977303034
 0.9999999996729821
 0.9999999371290593
 0.999999997560751
 1
 0.9999999999999989
 1
 1
 0.9999999997538572
 0.9999954465558538
 0.9938209403493248
 0.9902348482254897
 0.9739402160209489
 0.9716564737673878
 0.9691845430508561
 0.9703557034497439
 0.9671113459010297
 0.9747580527659824
 0.9611548605825803
 0.9552565267012743
 0.965608826111051
 0.9556755052561254
 0.9568201349869045
 0.9603875754678632
 0.952511802463906
 0.9534273418649839
 0.9435753650044326
 0.9451952597824015
 0
 0
 0.9999999999899737
 0.9999999996746868
 0.5409250050571272
 0.6427207132848344
 0.6805235779115515
 0.6219935330101287
 0.6628524492740803
 0.5757216120892813
 0.5531193131379456
 0.5427483751464556
 0.5926364515816127
 0.5501699039084541
 0.5876178011156312
 0.5936717700033803
 0.5931235956595891
 0.5869741448886479
 0.6258454025771421
 0.598866861397187
 0.6018169643935958
 0.5815307452766915
 0.5713096804634579
 0.5768434078290406
 0.5671339616440022
 0.5680700389211941
 0.6071604719166805
 0.5883032127077906
 0.5743805470676837
 0.5879015097635164
 0
 0
 1
 0.9999999999965745
 0.9564791522338362
 0.7401992390240157
 0.7695322246084233
 0.7420148299192587
 0.7742892312380191
 0.7126480512096048
 0.674350467470591
 0.6450935168749798
 0.7096993527500867
 0.6520555492820129
 0.6979076450259416
 0.6479545786297793
 0.6843085875757906
 0.697020804776717
 0.6824008489900638
 0.6869730917666297
 0.6583254485273773
 0.6564710697116233
 0.6491992379132012
 0.7311775732985316
 0.6646818455132137
 0.6614019860519349
 0.7060863259453054
 0.6541108929886481
 0.6219532475768262
 0.7602933747855087
 0
 0
 0
 0
 0
 0
 0
 0
 0
 0
 0
 0
 0
 0
 0
 0
 0
 0
 0
 0
 0
 0
 0
 0
 0
 0
 0
 0
 0
 0
 0
 0
 0
 0
 0
 0
 0
 0
 0
 0
 0
 0
 0
 0
 0
 0
 0
 0
 0
 0
 0
 0
 0
 0
 0
 0
 0
 0
 0
 0
 0
 0
 0
 0
 0
 0
 0
 0
 0
 0
 0
 0
 0
 0
 0
 0
 0
 0
 0
 0
 0
 0
 0
 0
 0
 0
 0
 0
 0
 0
 0
 0
 0
 0
 0
 0
 0
 0
 0
 0
 0
 0
 0
 0
 0
 0
 0
 0
 0
 0
 0
 0
 0
 0
 0
 0
 0
 0
 0
 0
 0
 0
 0
 0
 0
 0
 0
 0
 0
 0
 0
 0
 0
 0
 0
 0
 0
 0
 0
 0
 0
 0
 0
 0
 0
 0
 0
 0
 0
 0
 0
 0
 0.9999570212351263
 0.999999935401872
 0.99999999984846
 0.9999999999999978
 0.9999981508734153
 0.9999930686499793
 0.999999177646721
 0.9999997114717923
 0.9999821422723264
 0.9973418897032338
 0.9938283844186419
 0.981273969105684
 0.9814266974253788
 0.9681210041021906
 0.9613813814578818
 0.9708160851802187
 0.9723993331811787
 0.9684233095763299
 0.9654215852025737
 0.9610885032367921
 0.9679463124033728
 0.9647597863572341
 0.964234853594493
 0.9610657332278552
 0.949223384227324
 0.9605910829158949
 0.9492829489528798
 0.9463726482455754
 0
 0
 0
 0
 0
 0
 0
 0
 0
 0
 0
 0
 0
 0
 0
 0
 0
 0
 0
 0
 0
 0
 0
 0
 0
 0
 0
 0
 0
 0
 0
 0
 0
 0
 0
 0
 0
 0
 0
 0
 0
 0
 0
 0
 0
 0
 0
 0
 0
 0
 0
 0
 0
 0
 0
 0
 0
 0
 0
 0


