# Created by Octave 3.8.2, Fri Nov 20 21:24:58 2015 CET <dkottke@snake4>
# name: mus
# type: matrix
# ndims: 3
 1 30 19
 0
 0
 0.4974958263772957
 0.4871937639198218
 0.4796657381615603
 0.6081382385730213
 0.6203446359088388
 0.6294642857142857
 0.5890563930764934
 0.588826815642458
 0.5911082782248429
 0.6090604026845636
 0.605629877369008
 0.6205357142857139
 0.6201680672268907
 0.6188616071428571
 0.6241269841269841
 0.6262626262626265
 0.6273796192609181
 0.635955056179775
 0.6315966386554623
 0.6356777653073946
 0.6321999256781871
 0.6407657657657655
 0.6501408450704228
 0.6356373095503529
 0.6184062850729517
 0.6395089285714285
 0.6457174638487205
 0.6542372881355933
 0
 0
 1
 0.5
 0.6
 0.6
 0.6
 0.6
 0.5
 0.6
 0.7666666666666666
 0.8333333333333333
 0.7666666666666666
 0.6333333333333333
 0.6666666666666667
 0.6166666666666666
 0.6833333333333333
 0.5666666666666667
 0.5833333333333333
 0.45
 0.46
 0.5
 0.53
 0.51
 0.4400000000000001
 0.4466666666666667
 0.4066666666666666
 0.3866666666666667
 0.5199999999999999
 0.3666666666666666
 0
 0
 1
 0.7457776013406887
 0.7041137809738667
 0.712929417365989
 0.507190978821882
 0.6258936636166599
 0.6156739722470765
 0.6990714174403736
 0.6990175152584104
 0.7852604785868935
 0.6229699373410569
 0.557003717756306
 0.6305765673503119
 0.6078812963878613
 0.5354304813648229
 0.657601254575309
 0.5677242627884089
 0.5887460888716637
 0.4888784674575664
 0.3926717681263254
 0.2939508733307042
 0.269161782049578
 0.4242916877008127
 0.4959788709125792
 0.3765629406735993
 0.4957683587392796
 0.5023256976903612
 0.5945281065350263
 0
 0
 1
 0.6145958586491853
 0.8186162569634634
 0.6711133570213814
 0.6947303923421808
 0.7158697129246745
 0.6279161986491717
 0.7326282429402384
 0.8770950391756993
 0.8846584279194551
 0.7703601764445505
 0.7464257458237845
 0.731946636590267
 0.6700955881845705
 0.6621557280433444
 0.7043529506494481
 0.647560600541467
 0.6040768351759943
 0.5651979864394339
 0.5420829474816456
 0.5127580514235871
 0.4715922782150352
 0.4379728650083179
 0.5746479899053649
 0.5734968728442701
 0.5515464039610528
 0.5701818467063213
 0.5758040747967278
 0
 0
 1
 0.75
 0.8
 0.5
 0.5714285714285714
 0.625
 0.4444444444444444
 0.5
 0.6363636363636364
 1
 0.6153846153846154
 0.6666666666666666
 1
 0.6666666666666666
 0.5
 0
 1
 0
 0
 0
 0
 1
 1
 1
 1
 1
 1
 0
 0
 0
 1.000000000016402
 1.027777797795284
 0.8750001868480066
 0.5916666669832727
 0.6154761907989209
 0.739285715830769
 0.5431558437262518
 0.5987115091988835
 0.7120590904648467
 0.9954545618912877
 0.6569933886565831
 0.6825396826431419
 0.8933489204827434
 0.6860249945519686
 0.5848028290439005
 0.4831876444053221
 0.7663362871538146
 0.5024668241646272
 0.3948160747112617
 0.3784872312347356
 0.2992518822074813
 0.7148771358886632
 0.763393279387232
 0.7008916253869013
 0.5429395225978381
 0.8022917550776828
 0.5711338428161276
 0.4166895152025626
 0
 0
 1
 0.8190669421984529
 0.7998092366977648
 0.6154466308015453
 0.5859174878379998
 0.6793830417853076
 0.6367958406556775
 0.6749479631744557
 0.6770696627370595
 0.8468208817695102
 0.6690402862127254
 0.5938038423522146
 0.7099900659555274
 0.5911833825980805
 0.635558725316314
 0.7430427674012141
 0.635081493766356
 0.5721871295188726
 0.5876759971475521
 0.5711419833257727
 0.5287423928722556
 0.5293510744537598
 0.5329328986479421
 0.5782215876606032
 0.5768819853355943
 0.6097964253048199
 0.5664305312055837
 0.5800798359518725
 0
 0
 1
 0.6795493771238118
 0.8012271854009201
 0.6334971044460369
 0.5433890849595335
 0.6559043112455712
 0.698067002409672
 0.7247283986480348
 0.8327419999293918
 0.8631670927902551
 0.7404114847796971
 0.7213264139669051
 0.7439495223608372
 0.6555494163963418
 0.6617948137706392
 0.7025836050188786
 0.6479544530510714
 0.6057126576776852
 0.5499211022411913
 0.5251376995950409
 0.5036482960358443
 0.4466021651328651
 0.4221481764580596
 0.563058304624618
 0.5807223390082171
 0.498121502406404
 0.5655587935607542
 0.550780985525353
 0
 0
 1
 1
 1
 1
 1
 1
 1
 1
 1
 1
 1
 1
 1
 1
 1
 1
 1
 1
 1
 1
 1
 1
 1
 1
 1
 1
 1
 1
 0
 0
 1.000000000005596
 1.068628601799528
 0.8584617721167979
 0.718307427534312
 0.5127616337502068
 0.8224212350380122
 0.7483851343151622
 0.7181431113993552
 0.8363858350930771
 0.8291193387791528
 0.7549118684216208
 0.7006802328807649
 0.8178814344008378
 0.7457286084635663
 0.6168309127894473
 0.6400041687466198
 0.5914555780229014
 0.618517734066715
 0.4454636807803244
 0.5132824329999073
 0.362575288105544
 0.5344470207425551
 0.6726472612798546
 0.4055624176226411
 0.616908883604433
 0.7478399247770817
 0.7402015644331281
 0.5807155433618478
 0
 0
 1
 0.8190669422674246
 0.7313931246617218
 0.5983171640720828
 0.5824494478986069
 0.6018190128493031
 0.6543419947619882
 0.6956019326818174
 0.6774068223599409
 0.7211445942221787
 0.8243530308994755
 0.659088728861867
 0.7595545963428003
 0.597126356674107
 0.6704670764489267
 0.6877544253484607
 0.6068199666084988
 0.5433418400226345
 0.6381405903639974
 0.579239894728742
 0.5653476792886047
 0.6132899327754175
 0.5772195133217025
 0.6160893828383476
 0.653795480160952
 0.6212196720929247
 0.6262394066526116
 0.611048669435538
 0
 0
 0
 0
 0
 0
 0
 0
 0
 0
 0
 0
 0
 0
 0
 0
 0
 0
 0
 0
 0
 0
 0
 0
 0
 0
 0
 0
 0
 0
 0
 0
 0
 0
 0
 0
 0
 0
 0
 0
 0
 0
 0
 0
 0
 0
 0
 0
 0
 0
 0
 0
 0
 0
 0
 0
 0
 0
 0
 0
 0
 0
 0
 0
 0
 0
 0
 0
 0
 0
 0
 0
 0
 0
 0
 0
 0
 0
 0
 0
 0
 0
 0
 0
 0
 0
 0
 0
 0
 0
 0
 0
 0
 0
 0
 0
 0
 0
 0
 0
 0
 0
 0
 0
 0
 0
 0
 0
 0
 0
 0
 0
 0
 0
 0
 0
 0
 0
 0
 0
 0
 0
 0
 0
 0
 0
 0
 0
 0
 0
 0
 0
 0
 0
 0
 0
 0
 0
 0
 0
 0
 0
 0
 0
 0
 0
 0
 0
 0
 0
 0
 0
 1
 1
 1
 1
 1
 1
 1
 1
 1
 1
 1
 1
 1
 1
 1
 1
 1
 1
 1
 1
 1
 1
 1
 1
 1
 1
 1
 1
 0
 0
 0
 0
 0
 0
 0
 0
 0
 0
 0
 0
 0
 0
 0
 0
 0
 0
 0
 0
 0
 0
 0
 0
 0
 0
 0
 0
 0
 0
 0
 0
 0
 0
 0
 0
 0
 0
 0
 0
 0
 0
 0
 0
 0
 0
 0
 0
 0
 0
 0
 0
 0
 0
 0
 0
 0
 0
 0
 0


