# Created by Octave 3.8.2, Fri Nov 20 22:44:33 2015 CET <dkottke@snake10>
# name: mus
# type: matrix
# ndims: 3
 1 30 19
 0
 0
 0.4154589371980676
 0.4086538461538461
 0.3902439024390243
 0.9656862745098038
 0.975369458128079
 0.9759615384615384
 0.9710144927536233
 0.95
 0.9712918660287081
 0.9607843137254901
 0.9663461538461539
 0.9438775510204083
 0.9743589743589745
 0.9759615384615384
 0.9852941176470589
 0.9898989898989899
 0.9904306220095694
 0.99
 0.9894179894179894
 0.9856902356902357
 0.9903381642512077
 0.9947916666666667
 0.99
 0.9903846153846154
 0.9947089947089947
 0.9897959183673469
 0.9901477832512315
 0.9888888888888889
 0
 0
 0.3333333333333333
 0.5
 0.6
 0.1
 0.3
 0.4
 0.5
 0.5
 0.6333333333333333
 0.5
 0.4333333333333333
 0.7333333333333333
 0.8666666666666666
 0.5
 0.5666666666666667
 0.6333333333333333
 0.7166666666666667
 0.65
 0.82
 0.82
 0.5900000000000001
 0.5900000000000001
 0.64
 0.6933333333333332
 0.78
 0.7533333333333332
 0.7466666666666667
 0.7333333333333334
 0
 0
 0.7224836570996576
 0.8282281090139789
 0.7354956526887596
 0.5774750119027268
 0.5071263134274824
 0.7206027129977776
 0.7114606156639713
 0.6985642485866329
 0.5863485934880851
 0.6258085607775268
 0.5351280089055261
 0.6466671625682513
 0.8000993985152166
 0.6505213579229672
 0.6522820801171811
 0.6349921737040727
 0.638863569604874
 0.6807896468337923
 0.6987246603581582
 0.7208381491717329
 0.6333164762226763
 0.7204424730437563
 0.6574524428640622
 0.6883745040780824
 0.6605491922233614
 0.6641320879883149
 0.751436384865816
 0.7739295160082784
 0
 0
 0.1581040532433055
 0.671935755117535
 0.553004318523731
 0.2667701305455424
 0.4169729384086385
 0.4462178516891953
 0.5370505509307076
 0.616592989376877
 0.5186449814338248
 0.5885116182556651
 0.6284704137758251
 0.6784158362815034
 0.6499876399691694
 0.5562508634389157
 0.6193437895909206
 0.6248035210860808
 0.6504625310644537
 0.6646737692606828
 0.7036681453793182
 0.7234583963497502
 0.6934796516015905
 0.6920254346537011
 0.6505192828273174
 0.667458385160101
 0.7019253550605881
 0.7159538327321412
 0.7336205069103933
 0.749457930118531
 0
 0
 0.3333333333333333
 0.5
 0.6
 0
 0
 0.5
 0.5555555555555556
 0.6
 0.2727272727272727
 0.4166666666666667
 0.6923076923076923
 0.5555555555555556
 0.6
 0.6666666666666666
 0.5
 1
 1
 0
 1
 1
 1
 0
 1
 1
 0
 1
 1
 1
 0
 0
 0.3333333333437573
 0.5207206162272133
 0.5502815048865329
 0.248137223910707
 0.2342626356207206
 0.4737870268105367
 0.5332567387429882
 0.5760382904926793
 0.4642981735568686
 0.547701731741409
 0.6589048873918605
 0.6044807843678783
 0.6188533750711666
 0.55072644498177
 0.5890887674927805
 0.7077427539436421
 0.7242299421380373
 0.6030453321234632
 0.7783886425203762
 0.7054275563300793
 0.7960321236185715
 0.5543201087041325
 0.6842861499039443
 0.8072414512638528
 0.6730549183774639
 0.6981588060258854
 0.7989888602302289
 0.7735704636259007
 0
 0
 0.7892931470571475
 0.5921879948153379
 0.8346121849285474
 0.6986570780401549
 0.6658927975591229
 0.6638589637973795
 0.700477095511596
 0.6885924062238433
 0.7589169724464507
 0.6944524246721044
 0.6740249710928241
 0.7100292907277047
 0.721347181374635
 0.6924833896738363
 0.6817780427208154
 0.685739515523953
 0.6949212992900513
 0.7287097200121269
 0.7389379206479594
 0.7724562639457958
 0.7283992560145777
 0.7122562323709972
 0.7106124183697242
 0.724529621708245
 0.7233664718137697
 0.7075209595316942
 0.754950630787857
 0.7981200482519978
 0
 0
 0.1688496218653724
 0.6104558767775305
 0.5655895909021672
 0.3645688140274633
 0.462115549377357
 0.498015596434889
 0.5445053409778615
 0.5665490591535796
 0.550316641093066
 0.5795183560035784
 0.586666912116154
 0.627049016850762
 0.5980462223578713
 0.5530950282181987
 0.585328782838796
 0.5867113047905738
 0.610046469064487
 0.6250649632323462
 0.6543791711591549
 0.665436796595265
 0.6117209274432804
 0.6146051161412804
 0.5946573253735813
 0.5966856470464051
 0.6264345292756751
 0.6335951917325334
 0.6662034637541989
 0.6760213674760364
 0
 0
 0.946299070470644
 0.9312979669282857
 0.9035522787241769
 0.9458756722986728
 0.9061073375272584
 0.9246589014773926
 0.940744982251257
 0.9093859611036946
 0.9174218565351846
 0.9177059289189299
 0.905098545323038
 0.931183236987752
 0.9080840376658194
 0.9198367238637909
 0.9177744405574872
 0.9028677511077923
 0.9008783779265047
 0.8957344597864682
 0.9184219569728889
 0.9110385775897821
 0.896262336413755
 0.9019822767970619
 0.9130443178015339
 0.8948429407041185
 0.9139282072239544
 0.9036139681453085
 0.9016477286716356
 0.910266244747815
 0
 0
 0.3333333333162681
 0.5278653812523644
 0.5313297069529738
 0.4486131408444269
 0.3968478646598541
 0.4495645994986066
 0.530656236607754
 0.5680237724703519
 0.5877236174690335
 0.4617715616208474
 0.6269513705142703
 0.6577030848188812
 0.6896566504304384
 0.6008623952876665
 0.564146145248321
 0.6999658891910825
 0.7156990677243913
 0.6218523231338016
 0.7188885713036099
 0.7353856930742965
 0.6993603527222961
 0.6139357794298257
 0.6659472400388031
 0.6700703584643898
 0.700809372037287
 0.6970975649692714
 0.7062778244548604
 0.7347662345482445
 0
 0
 0.7892931470571475
 0.5933753746049485
 0.8788387673625084
 0.6887426683310321
 0.7187423253089877
 0.6736072161801403
 0.6828379793188507
 0.6712140952548782
 0.7218534015583637
 0.7190934051921996
 0.6527383441055356
 0.7128195076105092
 0.7151991590071187
 0.6908958432327549
 0.6987352840760638
 0.6782067309726016
 0.8205455185953489
 0.6608788404296295
 0.6493194596337879
 0.831502666030602
 0.6796028319147103
 0.7491176715527155
 0.7282485346353366
 0.7072859511958313
 0.7021163671991758
 0.7041250684223954
 0.6290463488687975
 0.7910611615938297
 0
 0
 0
 0
 0
 0
 0
 0
 0
 0
 0
 0
 0
 0
 0
 0
 0
 0
 0
 0
 0
 0
 0
 0
 0
 0
 0
 0
 0
 0
 0
 0
 0
 0
 0
 0
 0
 0
 0
 0
 0
 0
 0
 0
 0
 0
 0
 0
 0
 0
 0
 0
 0
 0
 0
 0
 0
 0
 0
 0
 0
 0
 0
 0
 0
 0
 0
 0
 0
 0
 0
 0
 0
 0
 0
 0
 0
 0
 0
 0
 0
 0
 0
 0
 0
 0
 0
 0
 0
 0
 0
 0
 0
 0
 0
 0
 0
 0
 0
 0
 0
 0
 0
 0
 0
 0
 0
 0
 0
 0
 0
 0
 0
 0
 0
 0
 0
 0
 0
 0
 0
 0
 0
 0
 0
 0
 0
 0
 0
 0
 0
 0
 0
 0
 0
 0
 0
 0
 0
 0
 0
 0
 0
 0
 0
 0
 0
 0
 0
 0
 0
 0
 0.8819946158936774
 0.9060343520541768
 0.9348458012248375
 0.9212198424253657
 0.8976857149926928
 0.8996090416360407
 0.9312132690626157
 0.9114662275660291
 0.9300519077345618
 0.9100823873237572
 0.9306021516644357
 0.9310852150999031
 0.9188131331764341
 0.9229400228351951
 0.9168460235363283
 0.9049990421627714
 0.8899034176921864
 0.9063725599003876
 0.9136824108461904
 0.9091567189068849
 0.8996678096939451
 0.904032491811247
 0.8992165934757661
 0.9102646275193069
 0.9008452304230817
 0.8980293152127683
 0.908501603028257
 0.8983152535404659
 0
 0
 0
 0
 0
 0
 0
 0
 0
 0
 0
 0
 0
 0
 0
 0
 0
 0
 0
 0
 0
 0
 0
 0
 0
 0
 0
 0
 0
 0
 0
 0
 0
 0
 0
 0
 0
 0
 0
 0
 0
 0
 0
 0
 0
 0
 0
 0
 0
 0
 0
 0
 0
 0
 0
 0
 0
 0
 0
 0


