# Created by Octave 3.8.2, Fri Nov 20 20:51:31 2015 CET <dkottke@mudflap>
# name: mus
# type: matrix
# ndims: 3
 1 30 19
 0
 0
 0.4987468671679196
 0.9389632107023411
 0.9171548117154822
 0.8433835845896148
 0.8351434140907826
 0.8003355704697986
 0.8913951545530484
 0.8957983193277316
 0.9149291075896572
 0.9158249158249158
 0.903010033444815
 0.8752941176470596
 0.8970464135021092
 0.8766891891891891
 0.8731092436974788
 0.8556397306397302
 0.8685602896129209
 0.8838983050847458
 0.8646616541353381
 0.8546576879910214
 0.87123745819398
 0.8562925170068029
 0.9378723404255325
 0.9397993311036782
 0.9383417508417505
 0.942885487528345
 0.9417386650355529
 0.9435897435897433
 0
 0
 1
 0.5
 0.8
 0.8
 0.3
 0.4
 0.7
 0.6
 0.6
 0.7666666666666667
 0.5333333333333333
 0.5333333333333333
 0.6
 0.5166666666666666
 0.5666666666666667
 0.7166666666666666
 0.6166666666666666
 0.7
 0.6799999999999999
 0.7699999999999999
 0.74
 0.7500000000000001
 0.76
 0.6933333333333332
 0.6933333333333334
 0.6866666666666668
 0.6666666666666666
 0.6666666666666666
 0
 0
 1
 0.6471885253049912
 0.7805136948511953
 0.7832073929877845
 0.650976442144708
 0.5362924149110591
 0.5992388377175339
 0.5981428348807473
 0.6918534822583534
 0.5969804462894364
 0.4980607291303402
 0.6521763092468369
 0.6625288289442847
 0.6238768980242069
 0.6171536478183547
 0.606987951290799
 0.6695630018287675
 0.6284127050869474
 0.6279630525704114
 0.6362020637831554
 0.658427089394107
 0.7096950909746191
 0.6356843951241145
 0.6986886649342368
 0.6416435392983699
 0.6914557777855319
 0.681103325099508
 0.6832603853480033
 0
 0
 1
 0.4826576534390896
 0.8733360199160015
 0.9056744647410854
 0.7965815228362649
 0.5684131964643668
 0.6098352061783037
 0.591427723678052
 0.6393155746007019
 0.5628271696491385
 0.6648930170078715
 0.7348168138550312
 0.6474210597754341
 0.682557490787305
 0.708266645208369
 0.749672113983532
 0.6960849529676038
 0.6337593115626365
 0.6682788105968988
 0.7205946459531568
 0.7483781013152541
 0.781975551578331
 0.7429340086457915
 0.7392333257509629
 0.7418148614950334
 0.7474744692754336
 0.7477671204854693
 0.7253226428456191
 0
 0
 1
 0.75
 0.8
 1
 0.5714285714285714
 0.25
 0.4444444444444444
 0.7
 0.6363636363636364
 0.3333333333333333
 0.5384615384615384
 0.7777777777777778
 0.4
 0.6666666666666666
 0
 0
 0
 1
 1
 1
 1
 1
 1
 0
 0
 1
 0
 1
 0
 0
 1.00000000002076
 0.7222222353175399
 0.9249999882781628
 1.166666667976008
 0.5738095248864914
 0.4107166426558338
 0.4866077295839585
 0.6934523881680094
 0.6299242558802793
 0.432829937592983
 0.5439394027502248
 0.78913064214189
 0.5085765582393207
 0.6575793728567614
 0.482937115737726
 0.4833228168801129
 0.5967119946613334
 0.7638932522472077
 0.7869910751498554
 0.9131846097875029
 0.9394247936342639
 0.8665572407857844
 0.811813317405587
 0.2500117245674782
 0.4166870352557517
 0.6735696737532717
 0.3542052058781489
 0.7500032419262939
 0
 0
 1
 0.6351295135233436
 0.8112583034518859
 0.7628547395436402
 0.6751526655873317
 0.5902604902302051
 0.649958140529556
 0.7118366769278233
 0.6785228244652113
 0.6032663026369203
 0.6775536638700015
 0.6895592943323973
 0.6630194918615625
 0.6762910844363555
 0.6793683575142522
 0.6937512532238369
 0.7065884520467922
 0.6070519640289358
 0.7290526272138211
 0.6655284068907715
 0.708548103756902
 0.7163878649776829
 0.724445575296405
 0.6820864492325858
 0.7115167949849673
 0.7080145273068643
 0.7069745062975425
 0.7011499136068156
 0
 0
 1
 0.5018573471206795
 0.8450751329274127
 0.9096941347170655
 0.7277614030676849
 0.613677267657874
 0.6079068702834552
 0.5739971842803236
 0.6268358088789426
 0.5466014232933901
 0.6499409201371934
 0.6820882621773288
 0.635694967502658
 0.6664047831779896
 0.7143812408565761
 0.729735863187737
 0.6962944475171975
 0.6540802152832961
 0.6588309157094189
 0.6947815263703185
 0.7319099884814271
 0.7191985465676859
 0.7096936831327202
 0.7157741397138836
 0.6994237203525656
 0.7064913496706217
 0.7227589310508905
 0.7186264602329993
 0
 0
 1
 1
 1
 1
 1
 1
 1
 1
 1
 1
 1
 1
 1
 1
 1
 1
 1
 1
 1
 1
 1
 1
 1
 1
 1
 1
 1
 1
 0
 0
 1.000000000013229
 0.6813727796890439
 0.9407692828440921
 1.175129534243272
 0.6371675374365741
 0.4863817486936347
 0.5025505158684613
 0.5319186066468699
 0.5173028121619935
 0.4670140683842947
 0.5667994663105738
 0.6245991625097298
 0.6042775130595155
 0.596368826926597
 0.7956802841907343
 0.7264078288863175
 0.7887331819240033
 0.6030476694694487
 0.6368879919035942
 0.6235962704409159
 0.7398152372007525
 0.569215228214524
 0.7472082026553373
 0.4853745763239729
 0.5917344542176085
 0.3041065203253106
 0.7478615538901123
 0.9855709356517339
 0
 0
 1
 0.6944379872741916
 0.8726627040353281
 0.7815384401409549
 0.6806291679748768
 0.7288439193221731
 0.62720766350235
 0.6421756196724993
 0.6647791933172733
 0.7581244753018572
 0.8547586825052105
 0.6770826533767278
 0.8635909540362443
 0.6358996609609022
 0.8028754529549118
 0.8430727352798145
 0.680840907531114
 0.6475395242696329
 0.7169725028940986
 0.7033101157826014
 0.783014870516741
 0.7331199446465351
 0.7475403568367353
 0.7038539923766285
 0.7974412081513136
 0.7791539831229356
 0.72423553211695
 0.7191051659849421
 0
 0
 0
 0
 0
 0
 0
 0
 0
 0
 0
 0
 0
 0
 0
 0
 0
 0
 0
 0
 0
 0
 0
 0
 0
 0
 0
 0
 0
 0
 0
 0
 0
 0
 0
 0
 0
 0
 0
 0
 0
 0
 0
 0
 0
 0
 0
 0
 0
 0
 0
 0
 0
 0
 0
 0
 0
 0
 0
 0
 0
 0
 0
 0
 0
 0
 0
 0
 0
 0
 0
 0
 0
 0
 0
 0
 0
 0
 0
 0
 0
 0
 0
 0
 0
 0
 0
 0
 0
 0
 0
 0
 0
 0
 0
 0
 0
 0
 0
 0
 0
 0
 0
 0
 0
 0
 0
 0
 0
 0
 0
 0
 0
 0
 0
 0
 0
 0
 0
 0
 0
 0
 0
 0
 0
 0
 0
 0
 0
 0
 0
 0
 0
 0
 0
 0
 0
 0
 0
 0
 0
 0
 0
 0
 0
 0
 0
 0
 0
 0
 0
 0
 1
 1
 1
 1
 1
 1
 1
 1
 1
 1
 1
 1
 1
 1
 1
 1
 1
 1
 1
 1
 1
 1
 1
 1
 1
 1
 1
 1
 0
 0
 0
 0
 0
 0
 0
 0
 0
 0
 0
 0
 0
 0
 0
 0
 0
 0
 0
 0
 0
 0
 0
 0
 0
 0
 0
 0
 0
 0
 0
 0
 0
 0
 0
 0
 0
 0
 0
 0
 0
 0
 0
 0
 0
 0
 0
 0
 0
 0
 0
 0
 0
 0
 0
 0
 0
 0
 0
 0


