# Created by Octave 3.8.2, Sat Nov 21 00:50:06 2015 CET <dkottke@snake7>
# name: mus
# type: matrix
# ndims: 3
 1 30 19
 0
 0
 0.5764411027568924
 0.5959595959595959
 0.5974683544303799
 0.5909090909090911
 0.7393483709273182
 0.7423469387755102
 0.7310606060606065
 0.7333333333333332
 0.7405303030303028
 0.7398989898989901
 0.7351282051282052
 0.7257653061224492
 0.7461538461538463
 0.7708333333333334
 0.7473714123330492
 0.7575757575757575
 0.6892230576441103
 0.7157894736842105
 0.6666666666666665
 0.6527777777777779
 0.6786018755328219
 0.6783854166666666
 0.7439999999999999
 0.7610256410256411
 0.7607022607022607
 0.7691326530612245
 0.8387729212316917
 0.8
 0
 0
 0.6666666666666666
 0.5
 0.8
 0.6
 0.5
 0.8
 0.9
 0.9
 0.9
 0.9
 0.9333333333333332
 0.8666666666666666
 0.6666666666666666
 0.7999999999999999
 0.8166666666666667
 0.5666666666666667
 0.6
 0.75
 0.76
 0.78
 0.78
 0.79
 0.76
 0.74
 0.8133333333333335
 0.7133333333333333
 0.7933333333333334
 0.8666666666666668
 0
 0
 0.7647923502033274
 0.6552069679116959
 0.8361168921555591
 0.8555420818636759
 0.7314712698519416
 0.8093102980867184
 0.7976067240234531
 0.7943082141622666
 0.9133994834404876
 0.8525052029400032
 0.873663055292893
 0.7892390574934665
 0.7958852614563596
 0.7673690874129014
 0.8326763113816134
 0.7358392309302195
 0.7643028995820843
 0.8094612680917276
 0.8244801811508388
 0.7953535951631695
 0.8164866651607248
 0.7620074831846032
 0.8386958393890781
 0.8439575735272855
 0.837110977061597
 0.8813167339509569
 0.8616408212495388
 0.8436669013378894
 0
 0
 0.6944486107052501
 0.8055638925275002
 0.8494468115025799
 0.842021533880922
 0.7791552494989413
 0.7409074224342119
 0.8707670701424221
 0.8669871797466471
 0.8935487115124474
 0.9309468091242936
 0.9505119928807856
 0.8538901287928818
 0.8212402112661991
 0.8285831911363054
 0.8420702547149671
 0.7733352311914717
 0.7872747160688283
 0.8227165943477109
 0.8162917561595162
 0.82250277893486
 0.8291082598932962
 0.8723334163056919
 0.8776776653323395
 0.8686438784703303
 0.877434363666149
 0.8665728951648642
 0.8873619225888987
 0.9515572919980219
 0
 0
 1
 0.5
 1
 0.8333333333333334
 0.5714285714285714
 0.625
 0.6666666666666666
 0.5
 0.8181818181818182
 0.8333333333333334
 0.9230769230769231
 0.8888888888888888
 1
 0.6666666666666666
 1
 1
 1
 1
 1
 1
 1
 1
 1
 1
 1
 1
 1
 1
 0
 0
 1.400029997354934
 0.6666668382142196
 1.200000042693337
 0.9416666681066004
 0.6607151963872833
 0.6488102767214368
 0.708829642324448
 0.7019870907106414
 0.8265151559825235
 0.8421717171765712
 0.9301282927927168
 0.8966212219463887
 0.9691963406576878
 0.7333064155164513
 1.018624269084562
 0.916263910760992
 0.9159098521181229
 0.9399266832987524
 0.969499945457008
 0.959978103554882
 1.005909440686032
 0.83402935369461
 1.011479957092401
 0.8338714773987409
 1.062501082213146
 1.031517971037366
 1.0000000049206
 1.024812010025743
 0
 0
 0.5785862941142949
 1.075854467555742
 0.7386576806237477
 0.9171797305196523
 0.7664006684
 0.7677585940166208
 0.8316951815272626
 0.7851823570860113
 0.8385060147146476
 0.8309531780148873
 0.8514248774751776
 0.7736610511130164
 0.7996600372910181
 0.8214353115907927
 0.9322549710214585
 0.8286561671659431
 0.8358293374771777
 0.8384014630770877
 0.8714020532315683
 0.7868490028265344
 0.8159212038945773
 0.8291747155714309
 0.8781601396141019
 0.8626729018213053
 0.868674180114399
 0.8573078554349122
 0.8827162964532462
 0.9050090747796573
 0
 0
 0.6944486107141939
 0.823540179361715
 0.8771588849782448
 0.8963451508443122
 0.797642426224539
 0.7569884719025771
 0.8717629392971249
 0.884118894354524
 0.8733996402957869
 0.9068033040555995
 0.9193488661359906
 0.8505714990571481
 0.7876396861006894
 0.856946205090468
 0.8466680352516703
 0.7885719829106314
 0.8092628893595054
 0.8055475438661033
 0.8293325720575446
 0.8166592609520676
 0.8385518803666122
 0.8226957235631991
 0.8444600079062957
 0.8310744050775869
 0.8620968174589656
 0.8608937863854033
 0.8747757657161327
 0.9117711214087485
 0
 0
 1
 1
 1
 1
 1
 1
 1
 1
 1
 1
 1
 1
 1
 1
 1
 1
 1
 1
 1
 1
 1
 1
 1
 1
 1
 1
 1
 1
 0
 0
 1.400029997118013
 0.7157024744176275
 1.236923014107164
 1.008462867903493
 0.6884925303679835
 0.6775297380166891
 0.8148429219725656
 0.767010331043261
 0.7907353426144114
 0.8609319803750667
 0.8628933405398953
 0.8812616392147128
 0.8564583573409672
 0.8025892850511416
 0.880089752334104
 0.7226000738080735
 0.9338148733661086
 0.7755657742296629
 0.943176885328589
 0.7963376094644814
 0.8339835234384869
 0.8158202646912536
 0.7580376110920599
 0.6081933757468057
 1.030079145153787
 0.8817248904030839
 1.000000000007323
 0.8711520118355727
 0
 0
 0.5785862941142949
 1.07585446948596
 0.7380427779493599
 0.8915911596970303
 0.8089150786781952
 0.9243845016014373
 0.974637914500218
 0.7954132219813107
 0.9295195927981899
 0.8461856937461072
 0.936262081820074
 0.7492345079164201
 0.8059750571523806
 0.7910987150348583
 0.794889266893523
 0.9723093389820296
 0.8905138254524023
 0.8547681045238206
 0.7539488942006436
 0.7708868461754028
 0.8153889507596328
 0.9569181155805433
 0.8197708678219944
 0.8379709583376111
 0.875404985229031
 0.8368701320902241
 0.9324135093096699
 0.9124459844070363
 0
 0
 0
 0
 0
 0
 0
 0
 0
 0
 0
 0
 0
 0
 0
 0
 0
 0
 0
 0
 0
 0
 0
 0
 0
 0
 0
 0
 0
 0
 0
 0
 0
 0
 0
 0
 0
 0
 0
 0
 0
 0
 0
 0
 0
 0
 0
 0
 0
 0
 0
 0
 0
 0
 0
 0
 0
 0
 0
 0
 0
 0
 0
 0
 0
 0
 0
 0
 0
 0
 0
 0
 0
 0
 0
 0
 0
 0
 0
 0
 0
 0
 0
 0
 0
 0
 0
 0
 0
 0
 0
 0
 0
 0
 0
 0
 0
 0
 0
 0
 0
 0
 0
 0
 0
 0
 0
 0
 0
 0
 0
 0
 0
 0
 0
 0
 0
 0
 0
 0
 0
 0
 0
 0
 0
 0
 0
 0
 0
 0
 0
 0
 0
 0
 0
 0
 0
 0
 0
 0
 0
 0
 0
 0
 0
 0
 0
 0
 0
 0
 0
 0
 1
 1
 1
 1
 1
 1
 1
 1
 1
 1
 1
 1
 1
 1
 1
 1
 1
 1
 1
 1
 1
 1
 1
 1
 1
 1
 1
 1
 0
 0
 0
 0
 0
 0
 0
 0
 0
 0
 0
 0
 0
 0
 0
 0
 0
 0
 0
 0
 0
 0
 0
 0
 0
 0
 0
 0
 0
 0
 0
 0
 0
 0
 0
 0
 0
 0
 0
 0
 0
 0
 0
 0
 0
 0
 0
 0
 0
 0
 0
 0
 0
 0
 0
 0
 0
 0
 0
 0


