# Created by Octave 3.8.2, Fri Nov 20 21:43:12 2015 CET <dkottke@snake7>
# name: mus
# type: matrix
# ndims: 3
 1 30 19
 0
 0
 0.9239766081871352
 0.8837792642140468
 0.8435146443514647
 0.889447236180905
 0.8838763575605684
 0.9463087248322147
 0.9314954051796147
 0.9277310924369753
 0.9115929941618004
 0.89983164983165
 0.9105351170568552
 0.9016806722689077
 0.9080168776371302
 0.9121621621621622
 0.9246218487394952
 0.930555555555555
 0.9331662489557221
 0.9305084745762713
 0.9264828738512946
 0.9302749719416382
 0.9283026755852847
 0.9319727891156462
 0.9285106382978728
 0.929765886287625
 0.9292929292929292
 0.9301303854875285
 0.9293523969722455
 0.9350427350427349
 0
 0
 0.3333333333333333
 0.5
 0.6
 0.6
 0.5
 0.7
 0.7
 0.9
 0.8333333333333333
 0.8333333333333333
 0.7666666666666666
 0.7999999999999999
 0.7999999999999999
 0.8666666666666666
 0.9
 0.8833333333333332
 0.8833333333333332
 0.9
 0.9099999999999999
 0.9099999999999999
 0.9199999999999999
 0.9099999999999999
 0.9199999999999999
 0.9266666666666665
 0.9266666666666665
 0.96
 0.9666666666666668
 0.9666666666666668
 0
 0
 0.6104373300242609
 0.6387882520979671
 0.6395041418009761
 0.7102780772035777
 0.771017552669247
 0.7931632729275264
 0.733986705383264
 0.8271301812119042
 0.7215459479638717
 0.8067950627706963
 0.7893360466415409
 0.8305557908519171
 0.8017945209704634
 0.8876349387118954
 0.8554925022312346
 0.8737823962611092
 0.8818361378369447
 0.9017144919384209
 0.9097723083597781
 0.9024505418669865
 0.9053593530246768
 0.9181336627273433
 0.917859826282291
 0.9233915239402758
 0.9309171870929366
 0.9343488023277252
 0.9460472965832405
 0.917727649944457
 0
 0
 0.1333462061628229
 0.3849493524645035
 0.5684018794820707
 0.6228714067638947
 0.6474954019433597
 0.7052532505257346
 0.7188022496274009
 0.8350325284109157
 0.7781425439664063
 0.8213539873042617
 0.823998866689502
 0.8357588966301268
 0.859546760934515
 0.8838992297072099
 0.8822843269471233
 0.8821151477381441
 0.8893221323219016
 0.8912738092077815
 0.9014831498439735
 0.8991612463768501
 0.9021523204899647
 0.904443380637529
 0.9132516535418783
 0.9158907618659751
 0.9213732321731544
 0.9427364329644996
 0.9389500837864565
 0.9435815936992867
 0
 0
 0.3333333333333333
 0.25
 0.6
 0.8333333333333334
 0.4285714285714285
 0.75
 0.7777777777777778
 1
 0.9090909090909091
 1
 0.8461538461538461
 1
 0.6
 0.6666666666666666
 0.5
 1
 1
 1
 1
 1
 1
 1
 1
 1
 1
 1
 1
 1
 0
 0
 0.3333333333249178
 0.2491872264577051
 0.5750673053843778
 0.739022238544308
 0.4203634315318424
 0.697182728592599
 0.7272429628998931
 0.9000847210394695
 0.8309916118518998
 0.9110838721652061
 0.8178732219743265
 0.9014570352528242
 0.7909220875460325
 0.8238533999932356
 0.8273258570985922
 0.9104145554892049
 0.8678074284181172
 0.4246037723630265
 0.9073816831009464
 0.9146157167645007
 0.9687907981754733
 0.9261724246171279
 0.920240083822492
 0.8514281262395791
 0.951182453709279
 0.9498367577890372
 0.9588805787186266
 0.921114562796035
 0
 0
 0.3678794411714423
 0.6715864340298828
 0.5965644446846414
 0.706667453538761
 0.7311650080512717
 0.820571675235964
 0.8002446154921262
 0.8255203092011307
 0.828057170186414
 0.7908066399198641
 0.7583187263239796
 0.8122083995688503
 0.8171855233649991
 0.8564615389506043
 0.8323565325909347
 0.9074675759323904
 0.9015557778803347
 0.8784538491931313
 0.9107139174150104
 0.8812398135401107
 0.9144055684984033
 0.8990605542051892
 0.9317397861635139
 0.9209757957458762
 0.9333635823903635
 0.9085565920498363
 0.9181669315149782
 0.9402595671748448
 0
 0
 0.1597306462995475
 0.4249830846427038
 0.5533947203775543
 0.5652665966876108
 0.588363693673187
 0.706848945991902
 0.7049080602831324
 0.7652475072336254
 0.7000712029710227
 0.7770398248454446
 0.7753840557447417
 0.7708788772853699
 0.79381360552425
 0.8308302924963077
 0.8432332137306278
 0.8387270692952887
 0.8458381436401091
 0.8447137838718901
 0.8569605829202651
 0.8538942046786709
 0.8627780746112865
 0.8588635757366704
 0.8747982537094269
 0.8802488474028708
 0.8792895646380975
 0.893662402150162
 0.8936610886281223
 0.8934619046478313
 0
 0
 0.9030351036956397
 0.8996998134912271
 0.9487697200824489
 0.8940283333277037
 0.9133114187322788
 0.9291926992612941
 0.919987917324823
 0.9254757651287686
 0.9353363941500765
 0.9215979940685757
 0.9231016546319893
 0.9221109747584262
 0.9306045921114015
 0.9231519644480234
 0.9156916702124099
 0.9082690640215307
 0.9051865670073765
 0.9252052326837766
 0.9023842353597168
 0.9072601738320866
 0.9055822587868291
 0.9055272207448972
 0.9033591356921958
 0.9073479090574966
 0.8974650100257662
 0.9127488692253165
 0.8985325404077881
 0.9019164780113283
 0
 0
 0.3333333333332991
 0.2931327408113392
 0.5247389849998869
 0.4469125954536643
 0.429384276613852
 0.6900142124200369
 0.7073030264773285
 0.7825351019078509
 0.6829548255855302
 0.826937346111887
 0.8402351026865846
 0.8551695512089733
 0.8740727098300399
 0.9228954274194001
 0.9057163710472468
 0.8958650062918757
 0.9070312163851071
 0.8903796324689006
 0.8918715053553274
 0.8966001867780109
 0.8986846843521276
 0.6362637475511685
 0.5989437378955524
 0.9267185591261902
 0.9288951826710491
 0.956139747113675
 0.9522175615509014
 0.9729202899844027
 0
 0
 0.3678794411714423
 0.6719165900520777
 0.6410491651454875
 0.6809070995334522
 0.6766165184623931
 0.8243370956269193
 0.7474847349088521
 0.786554078586737
 0.7652205083822817
 0.7912057747357119
 0.783643803537748
 0.8102376766419404
 0.9247136897472054
 0.8214599928985398
 0.8335359843689905
 0.9148930797256447
 0.844881730068499
 0.8755420935718142
 0.8771121422740936
 0.883835914239705
 0.888206724899442
 0.8987318986908972
 0.9504032955479288
 0.9281617454375618
 0.9310672038083118
 0.9318136044333487
 0.9364442531669086
 0.9653157237395169
 0
 0
 0
 0
 0
 0
 0
 0
 0
 0
 0
 0
 0
 0
 0
 0
 0
 0
 0
 0
 0
 0
 0
 0
 0
 0
 0
 0
 0
 0
 0
 0
 0
 0
 0
 0
 0
 0
 0
 0
 0
 0
 0
 0
 0
 0
 0
 0
 0
 0
 0
 0
 0
 0
 0
 0
 0
 0
 0
 0
 0
 0
 0
 0
 0
 0
 0
 0
 0
 0
 0
 0
 0
 0
 0
 0
 0
 0
 0
 0
 0
 0
 0
 0
 0
 0
 0
 0
 0
 0
 0
 0
 0
 0
 0
 0
 0
 0
 0
 0
 0
 0
 0
 0
 0
 0
 0
 0
 0
 0
 0
 0
 0
 0
 0
 0
 0
 0
 0
 0
 0
 0
 0
 0
 0
 0
 0
 0
 0
 0
 0
 0
 0
 0
 0
 0
 0
 0
 0
 0
 0
 0
 0
 0
 0
 0
 0
 0
 0
 0
 0
 0
 0.8986914765205953
 0.9702142427099053
 0.8964357674364303
 0.8977891002381162
 0.9221725526133251
 0.9136104597748734
 0.9029992958173323
 0.9167513125106297
 0.9215039142418526
 0.9219513257985672
 0.9274667298533332
 0.9287474032104424
 0.9164158186573822
 0.9249338625248706
 0.9091344036961287
 0.9213304287029634
 0.9088165915833846
 0.9168605951860676
 0.9118838680524437
 0.9089925790966428
 0.9040865920594015
 0.9056930693735137
 0.8956340209328256
 0.8960758613010367
 0.9098418830060699
 0.9053440263514662
 0.9052451738105328
 0.9030580671185486
 0
 0
 0
 0
 0
 0
 0
 0
 0
 0
 0
 0
 0
 0
 0
 0
 0
 0
 0
 0
 0
 0
 0
 0
 0
 0
 0
 0
 0
 0
 0
 0
 0
 0
 0
 0
 0
 0
 0
 0
 0
 0
 0
 0
 0
 0
 0
 0
 0
 0
 0
 0
 0
 0
 0
 0
 0
 0
 0
 0


