# Created by Octave 3.8.2, Fri Nov 20 20:46:14 2015 CET <dkottke@snake10>
# name: mus
# type: matrix
# ndims: 3
 1 30 19
 0
 0
 0.6989426822481933
 0.5829621380846325
 0.7069637883008371
 0.6270903010033445
 0.6214563646470261
 0.6311383928571429
 0.496929089893914
 0.5642458100558662
 0.5863277826468012
 0.5956375838926171
 0.5868636194723148
 0.5899832589285715
 0.5893557422969191
 0.5837053571428571
 0.590214752567694
 0.5897867564534236
 0.5789073748200284
 0.5662921348314605
 0.5676190476190474
 0.5701459034792368
 0.5604793756967671
 0.5647522522522525
 0.6180281690140849
 0.6103678929765889
 0.6127946127946127
 0.5870535714285714
 0.6006674082313679
 0.5954802259887007
 0
 0
 0.6666666666666666
 0.5
 0.6
 0.9
 0.7
 0.7
 0.8
 0.5
 0.5
 0.7
 0.4333333333333333
 0.5666666666666667
 0.6
 0.55
 0.8333333333333333
 0.8
 0.65
 0.55
 0.55
 0.45
 0.48
 0.49
 0.48
 0.5066666666666667
 0.4733333333333333
 0.4
 0.4133333333333333
 0.4666666666666666
 0
 0
 0.8603454579332256
 0.7150668693159152
 0.7591921680653113
 0.7570420981373231
 0.6905124377237646
 0.7654324364697167
 0.7463105850642253
 0.7025353040791114
 0.7366164338214343
 0.766265898128393
 0.6727968191524079
 0.6323379340384399
 0.6180428497370899
 0.627127116153702
 0.6125218162843051
 0.5451798087233306
 0.5816915237588521
 0.5489430276062163
 0.4983595710834769
 0.4221483461899491
 0.5656335786125826
 0.5377469389898886
 0.5203095514900543
 0.4924114215494559
 0.5311034168560107
 0.6694347710692432
 0.5294143905213093
 0.5317554618334668
 0
 0
 0.8005087339077253
 0.3502900057566669
 0.5495502703404703
 0.558387115980744
 0.7207463264512639
 0.7272764829398538
 0.625568476553451
 0.5704200336078822
 0.6490173709233865
 0.6874553374877501
 0.7134401684663813
 0.6386723715896775
 0.6451248035024315
 0.6601845767883775
 0.6506245612730229
 0.6459318220747728
 0.6158428404916564
 0.5871351800494826
 0.5748996942344053
 0.5414342577063688
 0.5410665416193335
 0.5311733528247674
 0.5194090776707544
 0.5425006254959173
 0.5454404240754568
 0.5361369431287109
 0.5149772616971579
 0.5403460973558635
 0
 0
 0.3333333333333333
 0.75
 0.6
 0.3333333333333333
 0.5714285714285714
 0.75
 0.4444444444444444
 0.5
 0.7272727272727273
 0.9166666666666666
 0.8461538461538461
 0.7777777777777778
 0.4
 0.6666666666666666
 1
 1
 1
 0
 0
 1
 1
 0
 1
 1
 1
 1
 0
 0
 0
 0
 0.2435972686755614
 0.7810169443836257
 0.6316984776893303
 0.3662077737331813
 0.5749941513186521
 0.7337490462228956
 0.5734477710695332
 0.5555950920337874
 0.6593996618798956
 0.7799329413932852
 0.7582900276303044
 0.6953593620586846
 0.6074878879858632
 0.6512021308581671
 0.7213679288654564
 0.7707337247074055
 0.7032228989422509
 0.4521195912946573
 0.5082035242658831
 0.6167448415493842
 0.608543125215037
 0.4991421533505416
 0.6451652684807747
 0.6196391110029464
 0.6297116463362296
 0.5360488858581157
 0.5129900353377983
 0.4919457263885657
 0
 0
 0.7892931470571475
 0.6717448069556207
 0.9374541412278843
 0.6264262457082319
 0.808726831656021
 0.7078638775238937
 0.6868751964209652
 0.7070366182731095
 0.6838543556485184
 0.6908954854396548
 0.6901850662522959
 0.6840132205012431
 0.6669413561891449
 0.6516874321767975
 0.6914927282297711
 0.5920044732462034
 0.5971052275718239
 0.6139350036848896
 0.5921909450881147
 0.6185395904624582
 0.5574022656995918
 0.5728433753562738
 0.5686204565027542
 0.5634056522311088
 0.597631598030411
 0.5889377807177971
 0.5246486903299786
 0.5703796578948449
 0
 0
 0.7451515268939829
 0.365588138275027
 0.5273872475392224
 0.5404292844974914
 0.6733407033807788
 0.7158007332238365
 0.623415998932385
 0.5881065482692018
 0.603827147238069
 0.6308279692736884
 0.6478647674196762
 0.5876249381357171
 0.5938749064111172
 0.5781784318502172
 0.5997847291871929
 0.586606220806234
 0.5514068850326151
 0.5417043954102434
 0.5253724253010695
 0.5182294549603028
 0.5160529082186259
 0.5053257311986359
 0.5040059392064076
 0.5079815332002051
 0.5282387598548436
 0.5210412413537994
 0.512667205374801
 0.5301558082891882
 0
 0
 0.8396589690377795
 0.9302908841632272
 0.9080315734812939
 0.9359708998313112
 0.9351491081201828
 0.922960023612962
 0.9234568062768266
 0.9205358899698246
 0.935118268875283
 0.9209285608066353
 0.9151709620660896
 0.9086980235063749
 0.912358641450092
 0.92297254702733
 0.9055215799675917
 0.9078374185079325
 0.8967132941611511
 0.9098776458945786
 0.9013926863039174
 0.9023670831678031
 0.9034275201382954
 0.906415644091608
 0.9077884718418001
 0.9028007583497137
 0.8948572726896675
 0.9022750083526275
 0.9004551704097945
 0.9028685449658244
 0
 0
 0.3793403151705962
 0.753114014249219
 0.6313972159049008
 0.5046660609030617
 0.6208308974164712
 0.7188658892347883
 0.6686398397148819
 0.613958980228184
 0.6120244241851502
 0.7118255873675473
 0.6886186856607061
 0.6530013227224647
 0.574117244048174
 0.6275325024768905
 0.6708892905379372
 0.6670043427849394
 0.612478866862624
 0.5385818161735114
 0.5323374176831827
 0.5256911879336825
 0.5467810542287739
 0.5028746263792817
 0.5056150440510616
 0.6967717394376287
 0.5218917148909042
 0.5199491042047651
 0.5098821262404049
 0.5221245690701611
 0
 0
 0.7892931470571475
 0.7177085229354101
 0.9364780996035996
 0.6665230295188178
 0.7005201729328088
 0.7706575147971052
 0.7198654167207652
 0.7232085436083207
 0.7127769740889771
 0.6758221004674632
 0.6978167455657696
 0.6558792280950111
 0.622443963940461
 0.6426339621312931
 0.6781035978624114
 0.6374399566862081
 0.6480697327458222
 0.606913991461398
 0.5680564018858855
 0.5955346986609031
 0.5860829307625082
 0.5632377843124221
 0.6043910177437284
 0.5753790421985281
 0.6047801992324292
 0.6065735881994916
 0.5690006189930394
 0.5629052313857907
 0
 0
 0
 0
 0
 0
 0
 0
 0
 0
 0
 0
 0
 0
 0
 0
 0
 0
 0
 0
 0
 0
 0
 0
 0
 0
 0
 0
 0
 0
 0
 0
 0
 0
 0
 0
 0
 0
 0
 0
 0
 0
 0
 0
 0
 0
 0
 0
 0
 0
 0
 0
 0
 0
 0
 0
 0
 0
 0
 0
 0
 0
 0
 0
 0
 0
 0
 0
 0
 0
 0
 0
 0
 0
 0
 0
 0
 0
 0
 0
 0
 0
 0
 0
 0
 0
 0
 0
 0
 0
 0
 0
 0
 0
 0
 0
 0
 0
 0
 0
 0
 0
 0
 0
 0
 0
 0
 0
 0
 0
 0
 0
 0
 0
 0
 0
 0
 0
 0
 0
 0
 0
 0
 0
 0
 0
 0
 0
 0
 0
 0
 0
 0
 0
 0
 0
 0
 0
 0
 0
 0
 0
 0
 0
 0
 0
 0
 0
 0
 0
 0
 0
 0.9581811242115285
 0.9295835904198196
 0.8918711003840772
 0.9347938265016142
 0.9022477587334188
 0.9217976064767415
 0.9099430060209133
 0.9112320168295258
 0.903989690667652
 0.935475664653064
 0.9188711541781486
 0.9344369803160476
 0.9123680892457868
 0.9080577145874542
 0.9101396223112004
 0.9114925963783774
 0.9065245927903954
 0.9086425047386171
 0.90563304059815
 0.9110594984156124
 0.9121456064075941
 0.9045100963227893
 0.9080582321620311
 0.9069468294892038
 0.9080807908482242
 0.9047959849278451
 0.9064401025161469
 0.9021693601598062
 0
 0
 0
 0
 0
 0
 0
 0
 0
 0
 0
 0
 0
 0
 0
 0
 0
 0
 0
 0
 0
 0
 0
 0
 0
 0
 0
 0
 0
 0
 0
 0
 0
 0
 0
 0
 0
 0
 0
 0
 0
 0
 0
 0
 0
 0
 0
 0
 0
 0
 0
 0
 0
 0
 0
 0
 0
 0
 0
 0


