# Created by Octave 3.8.2, Fri Nov 20 20:44:20 2015 CET <dkottke@snake10>
# name: mus
# type: matrix
# ndims: 3
 1 30 19
 0
 0
 0.5331107401224262
 0.5328507795100222
 0.6607242339832872
 0.5128205128205132
 0.6309060589216238
 0.6830357142857143
 0.6471245114461195
 0.6229050279329609
 0.6089554617161983
 0.6191275167785236
 0.705499814195466
 0.7004743303571425
 0.7170868347338932
 0.7142857142857143
 0.7206349206349205
 0.7143658810325477
 0.7116061430171173
 0.7016853932584267
 0.701064425770308
 0.6979049756827534
 0.7040133779264218
 0.6976351351351351
 0.7008450704225354
 0.7060572277963579
 0.712401795735129
 0.7087053571428572
 0.7263626251390437
 0.7129943502824858
 0
 0
 0.3333333333333333
 0.75
 1
 0.5
 0.4
 0.4
 0.7
 0.5
 0.7
 0.7333333333333333
 0.6
 0.6666666666666667
 0.7333333333333333
 0.7499999999999999
 0.7999999999999999
 0.6833333333333333
 0.6333333333333333
 0.6
 0.62
 0.59
 0.64
 0.5900000000000001
 0.6
 0.6533333333333333
 0.5533333333333333
 0.6133333333333333
 0.5133333333333333
 0.5
 0
 0
 0.7147748697968703
 0.8630405455871458
 0.8814773952196454
 0.7460982422038627
 0.6503491314689434
 0.7460982422038628
 0.7108155946855748
 0.7279774528507774
 0.6802646053464965
 0.7026625295186433
 0.6089948052612648
 0.6548873080935322
 0.6750367453742766
 0.7106935691608287
 0.6962902981938024
 0.6827961506488561
 0.6846613812665951
 0.4948049553451586
 0.6331693126986644
 0.677699850276364
 0.6701349497216773
 0.6782799274079343
 0.6571431713192646
 0.6300745660402927
 0.6389114610824392
 0.6854751135904954
 0.6771140656561415
 0.7359544874337293
 0
 0
 0.4037571998917423
 0.7253492904673648
 0.8908422060615057
 0.5556837111775557
 0.5421935581238496
 0.6443613803200117
 0.4909574718200903
 0.6203129089200552
 0.6921465503026409
 0.5842444287661546
 0.5231892132793805
 0.6026011993889356
 0.6711746066047153
 0.687014917185328
 0.7261562041939393
 0.6492711165542703
 0.6685919748451866
 0.590746986031542
 0.5912096197369434
 0.5939511699822202
 0.6063416894141359
 0.6143881198703554
 0.6506857294902773
 0.6633242180161096
 0.6602229885884654
 0.6673877514639228
 0.7071861690436173
 0.7143535040771432
 0
 0
 0.3333333333333333
 1
 1
 0.6666666666666666
 0.5714285714285714
 0.875
 0.4444444444444444
 0.9
 0.4545454545454545
 0.6666666666666666
 0.6153846153846154
 0.4444444444444444
 0.2
 0.6666666666666666
 0
 1
 0
 0
 1
 0
 1
 0
 1
 0
 0
 1
 0
 1
 0
 0
 0.2385213006020787
 0.8660466023022415
 0.8956620163834821
 0.6341921038853378
 0.506582247168249
 0.7620814901474535
 0.4985641378126568
 0.7085961420349107
 0.5920222370034109
 0.60553239395133
 0.5571662467013773
 0.5639185150741277
 0.579746876739763
 0.6956825175593531
 0.6155785286342217
 0.6882097869513045
 0.5962796708638023
 0.5486066736048663
 0.7290930768855628
 0.4616847109983369
 0.757981090071697
 0.521926702199053
 0.674932937917043
 0.5926339657815771
 0.6066906242625895
 0.7257544554105028
 0.6205884940743918
 0.6176490467351525
 0
 0
 0.3678794411714423
 0.7922370543974496
 0.848165167476765
 0.7057598205283722
 0.6983327840559805
 0.7899264683300545
 0.658131012506314
 0.7218191650257839
 0.6924173460375462
 0.6815324094127012
 0.7083691121324099
 0.7015761363711215
 0.7214822878307855
 0.7287658430325669
 0.7312535409960209
 0.7174450423469734
 0.7090143083724064
 0.6339687410771957
 0.6754758571198834
 0.7072560954004034
 0.6821832149617497
 0.6946864476103881
 0.7120322850108385
 0.6826149082927144
 0.7238735261032267
 0.6766936853247405
 0.7301439808655095
 0.7335715923621789
 0
 0
 0.3936052788680902
 0.7049737854753286
 0.825147746527106
 0.5346481026357927
 0.5219882387024233
 0.6530475146109748
 0.5360457899121496
 0.573060265029931
 0.6175500888194986
 0.5452636388172967
 0.5175257064533441
 0.5840174949242934
 0.607621968021822
 0.6158761135990474
 0.6363953625417512
 0.5784610590278035
 0.6050041841004143
 0.5594383783485553
 0.5585843508999948
 0.5782763059733271
 0.5772015765780183
 0.5914780323808168
 0.6066710694000521
 0.5865319234432845
 0.6079951183459965
 0.6093199480693686
 0.6338981365860443
 0.6379633180063409
 0
 0
 0.9311432532479478
 0.9353083915597012
 0.9100949438674167
 0.9352701189474529
 0.8974264434091065
 0.942221980767358
 0.9034590534767166
 0.9368145775690051
 0.9177361671362501
 0.9164822266147846
 0.9217376400488937
 0.9273171441254556
 0.9191580008659603
 0.905671045966422
 0.9106350642762359
 0.9169960340128833
 0.9100107590965408
 0.9098022452432097
 0.9104254173503594
 0.9088555012193621
 0.9086788385706525
 0.9104727237685629
 0.901370788411585
 0.8982597369164802
 0.9186782164042488
 0.899961808028764
 0.9005064112923271
 0.9063869177846673
 0
 0
 0.231344792670639
 0.8033844135884316
 0.8584213935647107
 0.5385631231201637
 0.5162916714888541
 0.6028428226382354
 0.5156957607661183
 0.5978771324639254
 0.5806055887333113
 0.5900309701761899
 0.5337285976785771
 0.5650722824286353
 0.5826658120465315
 0.6553424012819351
 0.5976137383801332
 0.6271875036447281
 0.6007204684517727
 0.598216960938712
 0.6098769215589057
 0.5801613529145773
 0.6310787990112657
 0.6195531207860949
 0.6392290524293501
 0.637658269675808
 0.6054548746097754
 0.6790304087271091
 0.6311451606780213
 0.7039470753929412
 0
 0
 0.3678794411714423
 0.7872519094588472
 0.8481651570911504
 0.6756467536132618
 0.7227243871151321
 0.7760516785285165
 0.6465815883282713
 0.7178280879197427
 0.681520253978214
 0.6563268426916983
 0.6817616192817643
 0.5536563177526455
 0.7265496094690926
 0.7817246535828176
 0.7121210986765583
 0.4034983448370479
 0.7084611486186322
 0.5169570203585552
 0.6324785452922763
 0.6738904766035777
 0.6864805108325882
 0.6316784503993592
 0.6915710296170791
 0.6093579853027651
 0.6866446989651777
 0.6759996675611639
 0.7013626524596996
 0.6895513189535568
 0
 0
 0
 0
 0
 0
 0
 0
 0
 0
 0
 0
 0
 0
 0
 0
 0
 0
 0
 0
 0
 0
 0
 0
 0
 0
 0
 0
 0
 0
 0
 0
 0
 0
 0
 0
 0
 0
 0
 0
 0
 0
 0
 0
 0
 0
 0
 0
 0
 0
 0
 0
 0
 0
 0
 0
 0
 0
 0
 0
 0
 0
 0
 0
 0
 0
 0
 0
 0
 0
 0
 0
 0
 0
 0
 0
 0
 0
 0
 0
 0
 0
 0
 0
 0
 0
 0
 0
 0
 0
 0
 0
 0
 0
 0
 0
 0
 0
 0
 0
 0
 0
 0
 0
 0
 0
 0
 0
 0
 0
 0
 0
 0
 0
 0
 0
 0
 0
 0
 0
 0
 0
 0
 0
 0
 0
 0
 0
 0
 0
 0
 0
 0
 0
 0
 0
 0
 0
 0
 0
 0
 0
 0
 0
 0
 0
 0
 0
 0
 0
 0
 0
 0.9379027555933109
 0.8705844521296539
 0.9332286424187047
 0.9277451983772596
 0.9298445149183268
 0.9189489840190466
 0.9147235135692571
 0.9119178927045434
 0.9147412731362202
 0.8963899836063263
 0.9147225102973606
 0.9085712535591172
 0.9165580943787399
 0.9173098565375808
 0.9188308800018503
 0.918821090235
 0.9154707686158575
 0.9075659736322179
 0.899183677857886
 0.9026175350986844
 0.8989533902719249
 0.9086718878712065
 0.897946838440425
 0.9057813903347187
 0.8991316443348263
 0.9015267408987159
 0.8979711754421792
 0.9116467152932588
 0
 0
 0
 0
 0
 0
 0
 0
 0
 0
 0
 0
 0
 0
 0
 0
 0
 0
 0
 0
 0
 0
 0
 0
 0
 0
 0
 0
 0
 0
 0
 0
 0
 0
 0
 0
 0
 0
 0
 0
 0
 0
 0
 0
 0
 0
 0
 0
 0
 0
 0
 0
 0
 0
 0
 0
 0
 0
 0
 0


