# Created by Octave 3.8.2, Fri Nov 20 19:55:23 2015 CET <dkottke@snake8>
# name: mus
# type: matrix
# ndims: 3
 1 30 19
 0
 0
 0.7245409015025058
 0.7316258351893096
 0.6768802228412261
 0.6928651059085839
 0.7509727626459159
 0.7327008928571429
 0.6482412060301499
 0.6592178770949717
 0.6373994104055457
 0.5794183445190157
 0.5851913786696393
 0.5673828125000001
 0.5815126050420166
 0.5993303571428571
 0.5826704014939308
 0.6088664421997756
 0.6285394336906091
 0.6106741573033706
 0.5835294117647062
 0.5874797356278836
 0.6177071720549981
 0.6154279279279278
 0.603943661971831
 0.5698625046451133
 0.5667789001122336
 0.5775669642857142
 0.5686874304783091
 0.5627118644067796
 0
 0
 0.3333333333333333
 0.5
 0.6
 0.7
 0.4
 0.5
 0.5
 0.4
 0.4333333333333333
 0.3666666666666666
 0.3333333333333333
 0.4666666666666666
 0.4
 0.45
 0.5833333333333333
 0.5166666666666666
 0.6166666666666666
 0.6
 0.58
 0.53
 0.58
 0.67
 0.72
 0.6866666666666668
 0.6533333333333333
 0.6466666666666667
 0.6266666666666667
 0.6
 0
 0
 0.521638496021632
 0.7304912346079793
 0.6860467891151498
 0.8367021889692893
 0.6753394408737678
 0.7159671622330348
 0.7019519783173906
 0.6396520849104893
 0.500946588238266
 0.4056826107431295
 0.5444377907402589
 0.5964102805536842
 0.5674525069170341
 0.6623516339121741
 0.6983720094420938
 0.5886277298457714
 0.707901057640018
 0.6999523285180587
 0.6407506834356539
 0.6741921265025105
 0.6895889140063076
 0.6312622491679927
 0.6593707979007819
 0.5988122962615221
 0.6157629832244564
 0.6008332976198092
 0.6264786080618101
 0.5898711357241013
 0
 0
 0.3290570354914335
 0.6524339800615754
 0.627374693197892
 0.6408831563074959
 0.5312455453662911
 0.5223727604251358
 0.6647013730303771
 0.4515144237385423
 0.5438508695831539
 0.3942059107384368
 0.4558258471299003
 0.585063722165116
 0.5388851875739095
 0.5973789871639963
 0.6481923297850479
 0.6195761800426636
 0.661979330014681
 0.7173118783953255
 0.6483073434689419
 0.6817281882038503
 0.714054219134406
 0.6769577704669132
 0.681785239057184
 0.6325231272327878
 0.652993105239365
 0.6363685156655369
 0.6326491351218608
 0.6375408118925588
 0
 0
 0
 0.75
 0.4
 0.8333333333333334
 0.4285714285714285
 0.375
 0.5555555555555556
 0.3
 0.4545454545454545
 0.3333333333333333
 0.5384615384615384
 0.6666666666666666
 0.6
 1
 0
 1
 1
 0
 0
 0
 0
 0
 1
 1
 1
 1
 1
 1
 0
 0
 0.03920930937956213
 0.7857142858135368
 0.4200780567591605
 0.7785332970225518
 0.3505874533378931
 0.4189249293629038
 0.6475913354890298
 0.4103820502267619
 0.5027300594216102
 0.3785961765012474
 0.4817991280476429
 0.6190722382727193
 0.5264357301430421
 0.6602181554419169
 0.524172029870233
 0.6845365434312726
 0.6337435426745213
 0.6423266707281833
 0.57411121289481
 0.6327676695650238
 0.6523812760963223
 0.4772600862504968
 0.76030210920426
 0.7418910951267288
 0.6451817006697521
 0.6273395148990539
 0.7461193061446872
 0.6075348950015208
 0
 0
 0.3678794411714423
 0.8932621144356812
 0.7646983037385838
 0.8047389681414903
 0.6652140852603006
 0.7461593239238952
 0.8060461547640816
 0.7068165815234566
 0.6659478138433346
 0.6164883027160329
 0.6212405923102915
 0.6051835093727662
 0.6229917539983256
 0.6778484739180821
 0.7056477782672902
 0.7303692245266683
 0.6724020242566031
 0.7263294794465296
 0.7092339687032287
 0.6672915879655944
 0.6937897255984138
 0.669614301535075
 0.6578341139558739
 0.6038207056247225
 0.6477142333009461
 0.6403395795156138
 0.6474258962695995
 0.6421587066783498
 0
 0
 0.3150180419533538
 0.6362716199211125
 0.6157964134846864
 0.6170569865601478
 0.5423741389486217
 0.5454073090503524
 0.6622227363642774
 0.5162236853040566
 0.5139186917887142
 0.4109801977167968
 0.4717576879531246
 0.5529883812086903
 0.5280299382038489
 0.56794023430531
 0.6224601759389323
 0.6007106043043907
 0.6221851934157204
 0.6595260844402808
 0.6038119744562953
 0.6266453926527003
 0.6438491521030333
 0.6081095700811232
 0.6230557432584365
 0.5909758626208033
 0.6075357909677237
 0.594236943564977
 0.5899349679738499
 0.603855148656683
 0
 0
 0.9107808954966407
 0.9233916219824118
 0.9562021936253403
 0.938888873788387
 0.9029896998298107
 0.9507574311093058
 0.9220275954691556
 0.9236600119465718
 0.9052247330382455
 0.9378520579082371
 0.9166230864854336
 0.9184149454808687
 0.916931055108253
 0.9190098132274193
 0.90217380507391
 0.9134024958000396
 0.9030263502182251
 0.9115132161276162
 0.8985883835079023
 0.9041384317340246
 0.8996831261090744
 0.9041823887264299
 0.9108591535709651
 0.9141008750383873
 0.910361922874667
 0.9055740186406387
 0.8926035238099557
 0.8999504604763207
 0
 0
 0.2219333283344598
 0.7857142856070234
 0.4438522104508105
 0.7051747858042791
 0.3609525379429651
 0.4775752619804753
 0.6464851363926909
 0.4869015287750126
 0.5326553818142618
 0.3979645058003876
 0.4530134549570305
 0.5776199093157889
 0.5196429258580321
 0.5752685328161899
 0.6144556570206184
 0.6228746659696125
 0.6695036259806868
 0.64353268733701
 0.5996777549322748
 0.7124385344426446
 0.6334038147395799
 0.602937496828569
 0.6944474201986036
 0.6254591414392254
 0.3652604951176697
 0.6282943346593033
 0.6293765490985493
 0.6342421496631395
 0
 0
 0.3678794411714423
 0.8169624382890476
 0.7711039689830768
 0.7970627990272967
 0.6584518922285297
 0.746437894952826
 0.759767384043627
 0.7361335084929895
 0.665532579654747
 0.5901241757302021
 0.6583307111945027
 0.5755896249080775
 0.6409862847080861
 0.7168416543779447
 0.7091282445423938
 0.7545499013914484
 0.7281985249484516
 0.6949364520609567
 0.3705172284391997
 0.6743288113839343
 0.6944204810436828
 0.6809721674964772
 0.6161029689650913
 0.5927854229315059
 0.6436092396893319
 0.6079243060374953
 0.6471646336166894
 0.6573627261573346
 0
 0
 0
 0
 0
 0
 0
 0
 0
 0
 0
 0
 0
 0
 0
 0
 0
 0
 0
 0
 0
 0
 0
 0
 0
 0
 0
 0
 0
 0
 0
 0
 0
 0
 0
 0
 0
 0
 0
 0
 0
 0
 0
 0
 0
 0
 0
 0
 0
 0
 0
 0
 0
 0
 0
 0
 0
 0
 0
 0
 0
 0
 0
 0
 0
 0
 0
 0
 0
 0
 0
 0
 0
 0
 0
 0
 0
 0
 0
 0
 0
 0
 0
 0
 0
 0
 0
 0
 0
 0
 0
 0
 0
 0
 0
 0
 0
 0
 0
 0
 0
 0
 0
 0
 0
 0
 0
 0
 0
 0
 0
 0
 0
 0
 0
 0
 0
 0
 0
 0
 0
 0
 0
 0
 0
 0
 0
 0
 0
 0
 0
 0
 0
 0
 0
 0
 0
 0
 0
 0
 0
 0
 0
 0
 0
 0
 0
 0
 0
 0
 0
 0
 0.9400499466676977
 0.932867615389864
 0.9415233357695566
 0.9622067724966009
 0.9123458451306672
 0.908168139684789
 0.9126823265172667
 0.915766666416473
 0.905509490704296
 0.9276909031455224
 0.9319523011205231
 0.9225107370743724
 0.9085103052492329
 0.9076498993901181
 0.8972673652510439
 0.9081587456815207
 0.9110273230030121
 0.9129880291104742
 0.9090214276371718
 0.9083757934308622
 0.915753699714712
 0.8945888406453443
 0.9014871785033229
 0.9185345585907305
 0.9217265815302673
 0.9142893779560218
 0.900628901506939
 0.8954187876447975
 0
 0
 0
 0
 0
 0
 0
 0
 0
 0
 0
 0
 0
 0
 0
 0
 0
 0
 0
 0
 0
 0
 0
 0
 0
 0
 0
 0
 0
 0
 0
 0
 0
 0
 0
 0
 0
 0
 0
 0
 0
 0
 0
 0
 0
 0
 0
 0
 0
 0
 0
 0
 0
 0
 0
 0
 0
 0
 0
 0


