# Created by Octave 3.8.2, Fri Nov 20 23:37:25 2015 CET <dkottke@snake10>
# name: mus
# type: matrix
# ndims: 3
 1 30 19
 0
 0
 0.9710144927536232
 0.7355769230769231
 0.9024390243902439
 0.9411764705882353
 0.9064039408866996
 0.9375
 0.8405797101449278
 0.9000000000000001
 0.9665071770334926
 0.9705882352941176
 0.9663461538461539
 0.9693877551020409
 0.958974358974359
 0.9230769230769231
 0.9705882352941178
 0.9797979797979799
 0.9760765550239234
 0.975
 0.9576719576719577
 0.9595959595959598
 0.9291465378421899
 0.9479166666666666
 0.9475
 0.9278846153846153
 0.9561602418745275
 0.9846938775510204
 0.9852216748768473
 0.9944444444444445
 0
 0
 0.6666666666666666
 1
 0.8
 0.8
 1
 0.6
 0.7
 0.9
 0.7333333333333333
 0.8333333333333333
 0.7666666666666667
 0.9333333333333332
 1
 0.8666666666666668
 0.7166666666666666
 0.8333333333333333
 0.8333333333333333
 0.85
 0.78
 0.82
 0.8699999999999999
 0.86
 0.8400000000000001
 0.8133333333333332
 0.8533333333333333
 0.86
 0.8666666666666668
 0.8333333333333334
 0
 0
 0.7163561595000061
 0.9038077410478281
 0.8112417775720279
 0.8869984688208534
 0.9290038190399258
 0.8955691367014773
 0.8404949123222606
 0.8482749302919457
 0.7828186177477009
 0.7403119921411869
 0.8240371931054535
 0.8623318742418831
 0.8170884415647729
 0.9054515425790597
 0.8260944226469505
 0.8510253120492366
 0.8529611935247567
 0.8731819896377281
 0.8922144342610475
 0.9038434142794476
 0.9251139973586496
 0.8994060405626075
 0.931607766617388
 0.8948438173325537
 0.8609035643815622
 0.849965453958725
 0.8779403175012391
 0.822178203761297
 0
 0
 0.2217697660054768
 0.8788822598516759
 0.7251617645536611
 0.7715439357803205
 0.8524549017206372
 0.8545648578933064
 0.694022480826222
 0.7564371613026164
 0.7436001594151093
 0.7539442188241823
 0.7768369126343304
 0.8000300649436752
 0.7597449574850001
 0.7936651913278711
 0.7518297198669442
 0.7670559095172873
 0.7787609646426698
 0.7862858202904894
 0.8003121252328103
 0.8114497075239853
 0.8195358986703123
 0.8273453028615113
 0.8452706665933485
 0.7896361501313982
 0.7774968516875975
 0.7681990130757014
 0.7775032472757452
 0.7574788500599156
 0
 0
 1
 1
 1
 1
 1
 1
 0.8888888888888888
 0.9
 0.9090909090909091
 1
 0.7692307692307693
 1
 0.8
 1
 0.5
 0
 0
 0
 1
 1
 1
 1
 0
 1
 1
 0
 1
 1
 0
 0
 0.9999999996713985
 0.623297246131402
 0.7135978347201525
 0.7790834486366197
 0.7568935798130295
 0.8315767323149797
 0.7994203127507368
 0.8339919464876993
 0.7519643984517602
 0.7573244706246395
 0.7787669442576211
 0.7641997850765193
 0.737291147200404
 0.7188935786107807
 0.695211897357653
 0.7131842859283268
 0.7321204760455761
 0.7653607592195653
 0.7800307347484567
 0.8055266302600088
 0.8190170807407752
 0.8057388890179807
 0.8112562050945726
 0.7662656132891024
 0.8602612429941138
 0.7171691728820645
 0.8037846577341915
 0.7581846713415896
 0
 0
 0.3678794411714423
 0.8817374427360407
 0.7440602345681435
 0.870552788048688
 0.8136047402338177
 0.7983711664821576
 0.7897271074857418
 0.810500483115142
 0.8054037561689191
 0.7874384493487792
 0.8140283207698757
 0.7803225951082394
 0.8250954391989259
 0.8000951157833607
 0.8167917438338793
 0.8090210892423509
 0.7849769525579189
 0.8471782421345718
 0.8298775723212318
 0.8467530569651622
 0.8122062366283178
 0.8879380713396277
 0.8761789252431867
 0.7997659599404878
 0.8381902304498812
 0.8414504715446076
 0.8692338540416549
 0.8553170551946375
 0
 0
 0.2213091150911078
 0.8756763981961515
 0.6994479433690188
 0.76403161083942
 0.8459505687353356
 0.8390531880867445
 0.7003176233978535
 0.7582895270463683
 0.7342041306106387
 0.7577469087235366
 0.7693636043302543
 0.7898171772776845
 0.7492474940412878
 0.8095199603939932
 0.7554511336258339
 0.7816819929815064
 0.7911204811873962
 0.8050726878109233
 0.8119207301320799
 0.8294745004957491
 0.8369574453031609
 0.8503123760036339
 0.8651811833211376
 0.8066638481910465
 0.8029354843012807
 0.790161816445869
 0.7996777371530003
 0.7722733416639614
 0
 0
 0.9994401398328852
 0.9999978158916696
 0.9999999983581432
 0.9999999999896987
 1
 1
 1
 0.9985470161393688
 0.999441124199685
 0.9953964309435892
 0.9950507843811058
 0.9844333663188881
 0.9767947491491346
 0.9863846546959343
 0.9729150910353939
 0.9742898810012169
 0.9636188734746901
 0.9592372023318221
 0.9685981038239811
 0.9608016282752471
 0.9652163307271515
 0.9546887105031924
 0.9554934968669738
 0.9561976357988952
 0.9520657960315019
 0.962253864249993
 0.9517698621000359
 0.9563623555333124
 0
 0
 0.9974765245472099
 0.6899569883463116
 0.8182067647092636
 0.9504665235986961
 0.7230319654671112
 0.9704586789262029
 0.8162201101120322
 0.7814258090188422
 0.7291743662990434
 0.7504842932402571
 0.7921523869033479
 0.8189736014822917
 0.8181818180423905
 0.7658979546409643
 0.8132448151588589
 0.7409438482893539
 0.758735114227282
 0.7775485263773612
 0.9322550195487539
 0.8135041585328739
 0.8235239511280178
 0.918120822433702
 0.8541021496372587
 0.8093637377013704
 0.8672648525451697
 0.775816724455015
 0.7890760018881454
 0.7703069961526434
 0
 0
 0.3678794411714423
 0.850575150522571
 0.7536054386681079
 0.7841494531458699
 0.747863834869688
 0.822094385037446
 0.7920277378661118
 0.7811058483611686
 0.7913013809147771
 0.8155308694170974
 0.7908237769296824
 0.7643629695118641
 0.77457699915274
 0.7784745928413618
 0.7900519412341026
 0.8274634359793798
 0.7638621895313639
 0.8079314368185404
 0.8153875300897387
 0.8103342068685018
 0.8217087478539831
 0.8012473372058837
 0.8258194296633958
 0.8074997683156149
 0.8036386905629185
 0.8135837257559018
 0.801957098094436
 0.7923284249221888
 0
 0
 0
 0
 0
 0
 0
 0
 0
 0
 0
 0
 0
 0
 0
 0
 0
 0
 0
 0
 0
 0
 0
 0
 0
 0
 0
 0
 0
 0
 0
 0
 0
 0
 0
 0
 0
 0
 0
 0
 0
 0
 0
 0
 0
 0
 0
 0
 0
 0
 0
 0
 0
 0
 0
 0
 0
 0
 0
 0
 0
 0
 0
 0
 0
 0
 0
 0
 0
 0
 0
 0
 0
 0
 0
 0
 0
 0
 0
 0
 0
 0
 0
 0
 0
 0
 0
 0
 0
 0
 0
 0
 0
 0
 0
 0
 0
 0
 0
 0
 0
 0
 0
 0
 0
 0
 0
 0
 0
 0
 0
 0
 0
 0
 0
 0
 0
 0
 0
 0
 0
 0
 0
 0
 0
 0
 0
 0
 0
 0
 0
 0
 0
 0
 0
 0
 0
 0
 0
 0
 0
 0
 0
 0
 0
 0
 0
 0
 0
 0
 0
 0
 0.999981860770395
 0.999999978199232
 0.9999999999999594
 0.9999999999999994
 0.9999995212763066
 0.9999999999247713
 0.9999999436910563
 0.9995289134418318
 0.9971341733068645
 0.9970826519753793
 0.994131920629157
 0.9877186584224596
 0.9836668142120506
 0.9793392832784581
 0.9675928396593557
 0.9809276809234612
 0.9607181781817288
 0.9497377072119515
 0.9639205328041706
 0.954262801301026
 0.9540130943888678
 0.9585648821160946
 0.9548780985319699
 0.9552127053596217
 0.9637866360299022
 0.9462259603627831
 0.9571456430715989
 0.9539316782912379
 0
 0
 0
 0
 0
 0
 0
 0
 0
 0
 0
 0
 0
 0
 0
 0
 0
 0
 0
 0
 0
 0
 0
 0
 0
 0
 0
 0
 0
 0
 0
 0
 0
 0
 0
 0
 0
 0
 0
 0
 0
 0
 0
 0
 0
 0
 0
 0
 0
 0
 0
 0
 0
 0
 0
 0
 0
 0
 0
 0


