# Created by Octave 3.8.2, Fri Nov 20 23:20:09 2015 CET <dkottke@snake7>
# name: mus
# type: matrix
# ndims: 3
 1 30 19
 0
 0
 0.4987468671679201
 0.842809364548495
 0.8410041841004191
 0.8467336683417084
 0.864661654135339
 0.8682885906040269
 0.873851294903925
 0.8764705882352944
 0.9174311926605495
 0.9343434343434345
 0.9329013377926411
 0.9315966386554625
 0.9316455696202526
 0.9349662162162162
 0.9414285714285707
 0.9393939393939386
 0.9415204678362566
 0.9406779661016951
 0.93984962406015
 0.9395342312008972
 0.9316471571906354
 0.9345238095238098
 0.9344680851063835
 0.9372909698996652
 0.9368686868686865
 0.9379251700680274
 0.9369217830109331
 0.939316239316239
 0
 0
 1
 0.75
 0.8
 1
 0.6
 0.9
 1
 1
 0.9
 0.8333333333333333
 0.8333333333333334
 0.9333333333333332
 0.9333333333333332
 0.9333333333333332
 0.95
 0.95
 0.95
 0.95
 0.95
 0.95
 0.96
 0.96
 0.9199999999999999
 0.9266666666666667
 0.96
 0.8666666666666666
 0.9666666666666668
 0.9666666666666668
 0
 0
 1
 0.7036934880491136
 0.7848100225264485
 0.8139521394859437
 0.8978071763227164
 0.8693617511754315
 0.9073261506095465
 0.9110788868820895
 0.9188857013498355
 0.8821398208403733
 0.8918020310138451
 0.9385120775275219
 0.9461975274495856
 0.9634098853241508
 0.9439869165758257
 0.933465570667783
 0.95753917737868
 0.9604309263824278
 0.9629433631400991
 0.961222661645815
 0.954611597695124
 0.947598556642622
 0.970905794359134
 0.9641862282789222
 0.9530457948048842
 0.950829960541149
 0.9722235056762101
 0.9783189931324667
 0
 0
 0.9999999999804571
 0.7161575050582581
 0.7965683672988156
 0.8015437366335748
 0.8484271363523097
 0.8487753135170822
 0.8657731011682616
 0.8855387141500581
 0.8328695675537306
 0.8418730631071641
 0.8702387386965887
 0.8781104863724014
 0.8889705640227004
 0.9019585972749204
 0.8886448770735125
 0.8999607870583713
 0.9051316523845151
 0.9211375281132785
 0.9236376457440997
 0.9357173680651539
 0.9009709277024652
 0.9105069146760973
 0.9109398102392278
 0.9150179358880673
 0.9162347016400676
 0.9241941302679075
 0.9279005622900623
 0.9310573226327838
 0
 0
 1
 1
 0.8
 1
 0.8571428571428571
 1
 1
 1
 0.8181818181818182
 0.75
 0.9230769230769231
 0.6666666666666666
 1
 1
 1
 1
 1
 0
 1
 1
 1
 1
 1
 1
 1
 1
 1
 1
 0
 0
 0.9999999999695252
 0.6422641982975549
 0.8602818852629308
 0.7714710654936644
 0.8089059402353653
 0.8464637367661043
 0.8656701153434591
 0.9322617128373566
 0.8524203669394217
 0.8550171589633785
 0.9590338408027633
 0.8137874980531082
 0.9738693625387691
 0.9729857961439744
 0.8798608903839645
 0.9579740772935212
 0.9811833057379622
 0.8784681607462299
 0.9140699814098616
 0.9244407253314858
 0.8836476471329964
 0.8385230423750735
 0.9382789494527692
 0.871527405939665
 0.8567166689748454
 0.8997451712772534
 0.9245436114596711
 0.9346191890602366
 0
 0
 1
 0.7698056435581749
 0.7594508630194862
 0.8076401818167859
 0.8528317100471577
 0.8552184037675923
 0.8975898825066535
 0.9046960554586448
 0.8469040031110151
 0.8452288590348346
 0.8657823798240318
 0.8786822968117269
 0.8920393133814757
 0.9208632969824718
 0.8419286639876347
 0.8571227977384377
 0.9882343269872219
 0.9135043460727083
 0.926340978918189
 0.9068414354997998
 0.9335395672900564
 0.9734639655532352
 0.868642084298652
 0.9880157744526341
 0.9174823125783717
 0.9288134390410715
 0.9730344633306587
 0.939845000305734
 0
 0
 0.9999999999724538
 0.7021380482674088
 0.7636181242470272
 0.7677652288980943
 0.8732864610548872
 0.8459741452618181
 0.8449118480378264
 0.8737980902373323
 0.8276888849640013
 0.8326452237774857
 0.8702474665450538
 0.8793872483111235
 0.8982246853393182
 0.9012700440522978
 0.8948029412951182
 0.9106144162217243
 0.9107116187705658
 0.9299662718343261
 0.9400976926406709
 0.945398626727279
 0.9131150021880022
 0.9124482641467645
 0.9220671820393294
 0.9179222364127929
 0.92773107613656
 0.9310086536643226
 0.9367198764723157
 0.94255510552771
 0
 0
 0.9999237200011621
 1
 0.9999999981382666
 0.9999999999999998
 0.999999999999999
 0.9999999999988803
 0.9999999999999997
 0.9999999999835765
 0.9977767738717424
 0.9959779353322098
 0.9963628802755222
 0.9881928439529583
 0.9725489736842977
 0.9716155926334921
 0.977645314177476
 0.9606928730446337
 0.9547664281920459
 0.9626149160834051
 0.9607123002148861
 0.9648916643205374
 0.9613060410263677
 0.9592385127805614
 0.9641678561464821
 0.9535988927408174
 0.9491823726265949
 0.9483837231445483
 0.9494536045363885
 0.9518634675731201
 0
 0
 0.9999999999715238
 0.8154841119799393
 0.7835635069521651
 0.7023931075932102
 0.7811048422493659
 0.922108965418571
 0.9682930159374474
 0.8819519484050414
 0.8420604928749115
 0.7922462638620238
 0.8997461251716765
 0.8678179701609845
 0.9681790101256534
 0.8856004980904216
 0.8812119578233558
 0.8829915943820429
 0.9266018634813316
 0.9691107501269355
 0.9281968445241744
 0.9561111794987727
 0.9333076088282609
 0.9164906753262652
 0.916758775872897
 0.9258443327142513
 0.9228812400195445
 0.9241677338176205
 0.953211450646013
 0.9510851413276407
 0
 0
 1
 0.7772965255387634
 0.7595072470697324
 0.8091659826222599
 0.7754645316925579
 0.8768867390396217
 0.8723805028093133
 0.8943711800971709
 0.9302247718844971
 0.8239880548650029
 0.820992676332164
 0.833513641108489
 0.8671703066474846
 0.8816093879101419
 0.9336134432870138
 0.8859327371000286
 0.8931133236145314
 0.9395042911902106
 0.8978634112945639
 0.9458793181316117
 0.8850662725069954
 0.9005761381045918
 0.9007664134002573
 0.9228532707647275
 0.9114357296264917
 0.9192056598894383
 0.9214943780576295
 0.9220160754511724
 0
 0
 0
 0
 0
 0
 0
 0
 0
 0
 0
 0
 0
 0
 0
 0
 0
 0
 0
 0
 0
 0
 0
 0
 0
 0
 0
 0
 0
 0
 0
 0
 0
 0
 0
 0
 0
 0
 0
 0
 0
 0
 0
 0
 0
 0
 0
 0
 0
 0
 0
 0
 0
 0
 0
 0
 0
 0
 0
 0
 0
 0
 0
 0
 0
 0
 0
 0
 0
 0
 0
 0
 0
 0
 0
 0
 0
 0
 0
 0
 0
 0
 0
 0
 0
 0
 0
 0
 0
 0
 0
 0
 0
 0
 0
 0
 0
 0
 0
 0
 0
 0
 0
 0
 0
 0
 0
 0
 0
 0
 0
 0
 0
 0
 0
 0
 0
 0
 0
 0
 0
 0
 0
 0
 0
 0
 0
 0
 0
 0
 0
 0
 0
 0
 0
 0
 0
 0
 0
 0
 0
 0
 0
 0
 0
 0
 0
 0
 0
 0
 0
 0
 0.9999851895138955
 0.9999997895340453
 0.999999999999605
 0.999999999999998
 0.9999999854190568
 0.9999999971149789
 0.9999999915452611
 0.9999999830392403
 0.999309173734823
 0.9982540441069546
 0.9949606004655061
 0.9875617781398968
 0.9721424911488925
 0.9751629574393781
 0.9736115560956312
 0.9705946742459882
 0.9616414881359376
 0.960752340805487
 0.9589125488992148
 0.9611062947284579
 0.9575355554710931
 0.9575695571366138
 0.9457481040958831
 0.9568834535676577
 0.9513937223581527
 0.9562939828737466
 0.9510793948112386
 0.9453163160388619
 0
 0
 0
 0
 0
 0
 0
 0
 0
 0
 0
 0
 0
 0
 0
 0
 0
 0
 0
 0
 0
 0
 0
 0
 0
 0
 0
 0
 0
 0
 0
 0
 0
 0
 0
 0
 0
 0
 0
 0
 0
 0
 0
 0
 0
 0
 0
 0
 0
 0
 0
 0
 0
 0
 0
 0
 0
 0
 0
 0


