# Created by Octave 3.8.2, Sat Nov 21 00:58:50 2015 CET <dkottke@snake7>
# name: mus
# type: matrix
# ndims: 3
 1 30 19
 0
 0
 0.5639097744360908
 0.6515151515151515
 0.6430379746835442
 0.7095959595959598
 0.6817042606516293
 0.7908163265306123
 0.7853535353535357
 0.7461538461538461
 0.744949494949495
 0.835858585858586
 0.8505128205128206
 0.7889030612244898
 0.8038461538461537
 0.8541666666666666
 0.8670076726342711
 0.8472222222222224
 0.8596491228070174
 0.8368421052631579
 0.8446115288220554
 0.8219696969696967
 0.8272236430804205
 0.82421875
 0.7973333333333333
 0.7871794871794872
 0.8097643097643098
 0.7869897959183675
 0.8095952023988008
 0.8025641025641027
 0
 0
 0.3333333333333333
 0.25
 0.6
 0.2
 0.7
 0.6
 0.6
 0.8
 0.8333333333333333
 0.7666666666666666
 0.7666666666666666
 0.7666666666666666
 0.7999999999999999
 0.8833333333333332
 0.6666666666666666
 0.6833333333333333
 0.8
 0.75
 0.76
 0.78
 0.79
 0.7699999999999999
 0.8
 0.82
 0.8466666666666667
 0.8666666666666668
 0.8466666666666667
 0.8666666666666668
 0
 0
 0.5883866128558228
 0.5929526704513075
 0.7183408394335338
 0.6300012202434806
 0.6682592139690857
 0.6451589857706762
 0.8063604021455185
 0.6922663226908161
 0.873846797045215
 0.8506690432215012
 0.7071486295642795
 0.7712336113811015
 0.8143742643575971
 0.784331168400042
 0.6424804604504255
 0.7470229749003654
 0.7264747396872413
 0.743182006393861
 0.7803253012854444
 0.7741156014495625
 0.8132348073295418
 0.7950998965735911
 0.8234521949524689
 0.8134321721903257
 0.8264415643847552
 0.8194392444532049
 0.838473419261113
 0.8400550129611422
 0
 0
 0.1944569432335745
 0.5972430690229293
 0.6750107656141091
 0.6855808487307166
 0.7501412014971616
 0.6918779360173608
 0.8022003349072527
 0.7901221678244894
 0.8118036885875266
 0.8497266839593963
 0.7534228092813885
 0.8175319559016752
 0.8256020932246865
 0.8043429937396877
 0.6712494037065857
 0.7609569465347787
 0.7661279489626036
 0.7680562526615266
 0.781612233152473
 0.7825975920584423
 0.8364862314640763
 0.8351328160565914
 0.8289363220868401
 0.8477751051646921
 0.8789169525822598
 0.9085879753111147
 0.8932209149535378
 0.8920291249977721
 0
 0
 0.3333333333333333
 0.5
 0.4
 0.1666666666666667
 0.7142857142857143
 0.75
 0.5555555555555556
 0.4
 0.4545454545454545
 0.6666666666666666
 0.6923076923076923
 0.8888888888888888
 1
 1
 0.5
 1
 0
 1
 1
 1
 1
 0
 1
 1
 1
 0
 1
 1
 0
 0
 0.4999999999835884
 0.6666750001486391
 0.5333500019593896
 0.3708540307580662
 0.7202380961002002
 0.7928571446428747
 0.6502982960412662
 0.6448451619627413
 0.6737414080674997
 0.747223546033418
 0.664568839119602
 0.9184173951976359
 1.007409728551284
 0.9838870081738815
 0.537571773867539
 0.8030662151505279
 0.4853936841545857
 0.924802354561421
 0.9081721932469151
 0.9912129118427451
 0.8409105355945261
 0.6458355725114265
 0.8279533299107713
 1.039339978026135
 1.035272810196106
 0.66667006579548
 1.028040918515954
 1.000000000336572
 0
 0
 0.5785862941142949
 0.9608305773063406
 0.7117088070893122
 0.7555877841173165
 0.7300835024571454
 0.7118212156549627
 0.8135459999560272
 0.8639096014702741
 0.8081652760789926
 0.8984475829885603
 0.8922716827595619
 0.7604765533535859
 0.8027909604268768
 0.8364255599124008
 0.7159180775994414
 0.7359912355168168
 0.7877164037950948
 0.863697610143546
 0.8153569313689002
 0.8187654663272376
 0.7915477375574981
 0.923571458457918
 0.8325395202286667
 0.8791671302960962
 0.8461691842159295
 0.8637279357565919
 0.8744772634119821
 0.8463248274438562
 0
 0
 0.1944569432514439
 0.6415650396220566
 0.6025711909457846
 0.6026818289824486
 0.6954122721401461
 0.660045976816886
 0.7774196166135632
 0.8411005210889811
 0.8233499868086028
 0.8230728506481889
 0.7327321383048312
 0.7809448830557633
 0.8218864200827274
 0.8008335302701176
 0.6798890652676254
 0.7420227429618099
 0.7822375627980248
 0.778790703133824
 0.7871960867344697
 0.7871363223077935
 0.8331529899623362
 0.8345371920032001
 0.8356500521174491
 0.8352585576505219
 0.8778942679981486
 0.8837366546341375
 0.8841894725490574
 0.880267739421006
 0
 0
 1
 1
 1
 1
 1
 1
 1
 1
 1
 1
 1
 1
 1
 1
 1
 1
 1
 1
 1
 1
 1
 1
 1
 1
 1
 1
 1
 1
 0
 0
 0.5000000003808862
 0.7156676627233065
 0.5083543285388441
 0.4201622760424557
 0.5784778228975636
 0.5645744040267934
 0.8028706713538989
 0.7359180961677035
 0.7598136668177359
 0.7810067579959892
 0.6372927054795472
 0.7626014237626553
 0.9517328044442517
 0.769004203217432
 0.6444059841621594
 0.6628048605189448
 0.8326503354066227
 0.861740878734538
 0.7237084484015299
 0.7924330325884199
 0.9913577034454617
 0.9021624607350527
 0.8076630045518478
 0.8943025556065384
 0.8877294104367196
 0.9915428708442515
 0.8762188165857144
 0.9928452608547557
 0
 0
 0.5785862941142949
 0.9568412083500389
 0.7923516487138994
 0.8659715500225811
 0.8136749454474812
 0.8030765633056585
 0.8680571843020513
 0.7915778381186134
 0.8669005205086843
 1.017882194581141
 0.8702496033809324
 0.963468326981221
 0.7638721065294531
 0.9221765783182548
 0.8121345405434552
 0.7473319493582847
 0.7683809394586103
 0.787173562034861
 0.8792053773399434
 0.9657740111998532
 0.8203534302346677
 0.9351019673222164
 0.9782981797632196
 0.8206981108987559
 0.9456007606636995
 0.9397676846663815
 0.8363744037414339
 0.8653250381594739
 0
 0
 0
 0
 0
 0
 0
 0
 0
 0
 0
 0
 0
 0
 0
 0
 0
 0
 0
 0
 0
 0
 0
 0
 0
 0
 0
 0
 0
 0
 0
 0
 0
 0
 0
 0
 0
 0
 0
 0
 0
 0
 0
 0
 0
 0
 0
 0
 0
 0
 0
 0
 0
 0
 0
 0
 0
 0
 0
 0
 0
 0
 0
 0
 0
 0
 0
 0
 0
 0
 0
 0
 0
 0
 0
 0
 0
 0
 0
 0
 0
 0
 0
 0
 0
 0
 0
 0
 0
 0
 0
 0
 0
 0
 0
 0
 0
 0
 0
 0
 0
 0
 0
 0
 0
 0
 0
 0
 0
 0
 0
 0
 0
 0
 0
 0
 0
 0
 0
 0
 0
 0
 0
 0
 0
 0
 0
 0
 0
 0
 0
 0
 0
 0
 0
 0
 0
 0
 0
 0
 0
 0
 0
 0
 0
 0
 0
 0
 0
 0
 0
 0
 1
 1
 1
 1
 1
 1
 1
 1
 1
 1
 1
 1
 1
 1
 1
 1
 1
 1
 1
 1
 1
 1
 1
 1
 1
 1
 1
 1
 0
 0
 0
 0
 0
 0
 0
 0
 0
 0
 0
 0
 0
 0
 0
 0
 0
 0
 0
 0
 0
 0
 0
 0
 0
 0
 0
 0
 0
 0
 0
 0
 0
 0
 0
 0
 0
 0
 0
 0
 0
 0
 0
 0
 0
 0
 0
 0
 0
 0
 0
 0
 0
 0
 0
 0
 0
 0
 0
 0


