# Created by Octave 3.8.2, Fri Nov 20 23:46:26 2015 CET <dkottke@snake3>
# name: mus
# type: matrix
# ndims: 3
 1 30 19
 0
 0
 0.699248120300752
 0.4595959595959596
 0.582278481012658
 0.6035353535353536
 0.5689223057644111
 0.5688775510204082
 0.5675505050505052
 0.5589743589743589
 0.5593434343434341
 0.5631313131313131
 0.5592307692307692
 0.5561224489795917
 0.5499999999999999
 0.5625
 0.5632281898266553
 0.5871212121212122
 0.6165413533834586
 0.5973684210526317
 0.6165413533834587
 0.5972222222222222
 0.600738846263143
 0.5911458333333334
 0.6
 0.5912820512820514
 0.5930735930735931
 0.5931122448979591
 0.5946257640410564
 0.5974358974358973
 0
 0
 0.3333333333333333
 0.75
 0
 0.3
 0.6
 0.7
 0.8
 0.7
 0.7333333333333333
 0.6666666666666666
 0.7666666666666666
 0.8
 0.9333333333333332
 0.7333333333333332
 0.8333333333333334
 0.7333333333333333
 0.7166666666666667
 0.75
 0.72
 0.79
 0.76
 0.8299999999999998
 0.8400000000000001
 0.78
 0.7466666666666667
 0.7533333333333333
 0.7266666666666668
 0.7666666666666667
 0
 0
 0.578586294114295
 0.8266058189324443
 0.6323380423140021
 0.6015557950961955
 0.7239740226448632
 0.7475223539695742
 0.6179917476294479
 0.578630808914361
 0.6609278644696654
 0.7483883706183719
 0.8223707776706078
 0.8082490126659593
 0.8522041669796185
 0.7884098234101442
 0.7634754383592652
 0.72899103999458
 0.7316856877758317
 0.7488456600979349
 0.7447707938754187
 0.7861504791262197
 0.7889669312237253
 0.6814641984301252
 0.7235750786824572
 0.7314059750545786
 0.7154239403557241
 0.7243289390085134
 0.6892099207626836
 0.7174133896019754
 0
 0
 0.3889138874856345
 0.9022909728324466
 0.2925118583451669
 0.4932629922146045
 0.7640791135689141
 0.7650470701262483
 0.7243390255580802
 0.7854109548771081
 0.7498210504923402
 0.7668846507436107
 0.8270518947571733
 0.8402637356462853
 0.889814939287031
 0.790281413602857
 0.8303791914043656
 0.7277027400258653
 0.7541047408266665
 0.75318021081024
 0.7625761810151329
 0.7616973115738899
 0.8036433710825598
 0.7205258196735354
 0.6727385300140143
 0.7357718722181883
 0.6879640145140808
 0.7269024761800715
 0.6873773591945165
 0.6752926538192123
 0
 0
 0.3333333333333333
 1
 0
 0.5
 0.8571428571428571
 0.875
 0.5555555555555556
 0.7
 0.5454545454545454
 0.8333333333333334
 0.5384615384615384
 0.8888888888888888
 0.6
 0.6666666666666666
 1
 1
 0
 1
 1
 0
 1
 1
 0
 1
 1
 1
 0
 1
 0
 0
 0.400029997016815
 1.333333333413034
 0.3541806264416109
 0.3916689552947343
 0.9547632109967898
 0.9607142864398001
 0.5317460571656127
 0.7164682632947734
 0.6083983215905796
 0.8148990139254328
 0.6752652990246444
 0.9461367585417919
 0.7778240238886742
 0.7315885808875379
 0.9721759888110105
 0.8637500494158987
 0.5369418919334606
 0.9882389420970173
 0.9938876261812071
 0.6354373547141605
 0.9873739986780806
 0.7241104666247387
 0.2396081278286529
 0.8808641928158518
 0.945545619289198
 0.9420309020840568
 0.6875029804242174
 0.8069653052039292
 0
 0
 0.3678794411714423
 0.7616882437467938
 0.5763492250569308
 0.6209229249719688
 0.6887584514092384
 0.7336936165277333
 0.821795479012986
 0.6673337021755515
 0.6679624568006974
 0.6867136784603809
 0.7482027179901704
 0.8087618278174775
 0.8709819184183031
 0.8271858108289528
 0.8050296304959852
 0.7521029120964494
 0.7780004918926483
 0.8126467965350985
 0.7973307696205336
 0.7725711607061136
 0.8168483887184131
 0.7719314995002262
 0.7133409484640514
 0.7573586327668997
 0.7246711563723481
 0.7070173064812812
 0.7083279233372345
 0.6907863048816836
 0
 0
 0.3889138864212869
 0.8226436725710721
 0.4373899968032938
 0.4530770106927061
 0.6454098419886463
 0.6795000581933118
 0.7166972095793597
 0.7612404003756885
 0.7033571030651073
 0.775168093219659
 0.8086836950502841
 0.8184699731805943
 0.8818770788656133
 0.8067118746359505
 0.8184677358054269
 0.747021599787221
 0.7451212125587873
 0.7351290886053903
 0.7593464328887605
 0.7696765511913269
 0.803490669033355
 0.7302261091634158
 0.6687804929970114
 0.7172305374126144
 0.6807229083458116
 0.7055853130024633
 0.6938686211026457
 0.6828542471722783
 0
 0
 1
 1
 1
 1
 1
 1
 1
 1
 1
 1
 1
 1
 1
 1
 1
 1
 1
 1
 1
 1
 1
 1
 1
 1
 1
 1
 1
 1
 0
 0
 0.4000299970268775
 1.333333333325222
 0.4466749626975175
 0.3800934818959703
 0.7347905650800083
 0.8724542031706679
 0.5396362466402402
 0.671164529617305
 0.6495552963185167
 0.6925106949004843
 0.7952366027505425
 0.7600845157615913
 0.8873508789521244
 0.7889414685185087
 0.8894577227871456
 0.6526675396338785
 0.7257502781729135
 0.8539084684997699
 0.8945411989781319
 0.790094513756158
 0.8811874572637116
 0.5688916008629654
 0.615358324892467
 0.8187857541678899
 0.7478540562371432
 0.7480120295654371
 0.8762169049635444
 0.2991938468805657
 0
 0
 0.3678794411714423
 0.7544872036119374
 0.6018318467020736
 0.6187259758238393
 0.859788927212497
 0.8341569019265254
 0.7613866242050309
 0.6722032636208246
 0.7023318153140807
 0.78475392870143
 0.8524810977678491
 0.7964976745341661
 0.8393167383742735
 0.9466183976020426
 0.9089983856978875
 0.8365253487406568
 0.7427599407290542
 0.7964058291274929
 0.7479628742858564
 0.809296324538111
 0.8543127528967784
 0.7457080993455034
 0.7418916730364322
 0.7229831160509957
 0.7488537148095137
 0.8129425662525919
 0.7989898037422808
 0.7830815423289856
 0
 0
 0
 0
 0
 0
 0
 0
 0
 0
 0
 0
 0
 0
 0
 0
 0
 0
 0
 0
 0
 0
 0
 0
 0
 0
 0
 0
 0
 0
 0
 0
 0
 0
 0
 0
 0
 0
 0
 0
 0
 0
 0
 0
 0
 0
 0
 0
 0
 0
 0
 0
 0
 0
 0
 0
 0
 0
 0
 0
 0
 0
 0
 0
 0
 0
 0
 0
 0
 0
 0
 0
 0
 0
 0
 0
 0
 0
 0
 0
 0
 0
 0
 0
 0
 0
 0
 0
 0
 0
 0
 0
 0
 0
 0
 0
 0
 0
 0
 0
 0
 0
 0
 0
 0
 0
 0
 0
 0
 0
 0
 0
 0
 0
 0
 0
 0
 0
 0
 0
 0
 0
 0
 0
 0
 0
 0
 0
 0
 0
 0
 0
 0
 0
 0
 0
 0
 0
 0
 0
 0
 0
 0
 0
 0
 0
 0
 0
 0
 0
 0
 0
 1
 1
 1
 1
 1
 1
 1
 1
 1
 1
 1
 1
 1
 1
 1
 1
 1
 1
 1
 1
 1
 1
 1
 1
 1
 1
 1
 1
 0
 0
 0
 0
 0
 0
 0
 0
 0
 0
 0
 0
 0
 0
 0
 0
 0
 0
 0
 0
 0
 0
 0
 0
 0
 0
 0
 0
 0
 0
 0
 0
 0
 0
 0
 0
 0
 0
 0
 0
 0
 0
 0
 0
 0
 0
 0
 0
 0
 0
 0
 0
 0
 0
 0
 0
 0
 0
 0
 0


