# Created by Octave 3.8.2, Fri Nov 20 23:48:07 2015 CET <dkottke@snake7>
# name: mus
# type: matrix
# ndims: 3
 1 30 19
 0
 0
 0.5923141186299077
 0.5050167224080268
 0.533891213389121
 0.6273031825795644
 0.6318574213311049
 0.5654362416107382
 0.5831244778613198
 0.5689075630252102
 0.5337781484570477
 0.6111111111111107
 0.7094481605351169
 0.744705882352941
 0.7898734177215188
 0.7778716216216216
 0.781176470588235
 0.7904040404040402
 0.7780562517404619
 0.7745762711864409
 0.766081871345029
 0.7523849607182943
 0.8053929765886291
 0.7959183673469388
 0.7982978723404259
 0.7838628762541804
 0.7931397306397305
 0.7879818594104309
 0.7814053062160717
 0.7888888888888889
 0
 0
 0.6666666666666666
 1
 0.6
 0.5
 0.9
 0.8
 0.7
 0.8
 0.8
 0.8333333333333333
 0.5999999999999999
 0.8666666666666666
 0.7333333333333334
 0.7666666666666666
 0.7
 0.7833333333333333
 0.8333333333333333
 0.8
 0.86
 0.8800000000000001
 0.8
 0.79
 0.76
 0.7333333333333334
 0.7466666666666667
 0.7533333333333333
 0.8133333333333332
 0.8333333333333333
 0
 0
 0.6681367066150072
 0.9087968591562742
 0.7320358500618072
 0.8096354487972031
 0.5972705192095822
 0.786068042165165
 0.749681894711311
 0.7792649732637456
 0.8312238107927752
 0.8431738994525341
 0.774121225070575
 0.8331814115802444
 0.7804248123601774
 0.7964169454156707
 0.8154385981196129
 0.7973718790940433
 0.8022343261391142
 0.8626800963670156
 0.8116573022888022
 0.8612859988954396
 0.8310340495484119
 0.8592272904753375
 0.8174262373982241
 0.8353766917951179
 0.8348799040960746
 0.8655238004989717
 0.8218249639775277
 0.8307251686264648
 0
 0
 0.7748267626640705
 0.8425227571045656
 0.6420003084744265
 0.6368482874648672
 0.6292771053232501
 0.6623936620950006
 0.6742413982217224
 0.7275139636275508
 0.7041148257649368
 0.7320338939311093
 0.6876250569683738
 0.7416485818216367
 0.6996974123876469
 0.7324046700734693
 0.7186896322445844
 0.725968667393879
 0.7547044847357418
 0.7604437672006757
 0.7657260635366181
 0.7705537999696446
 0.7427581138272382
 0.763609333147242
 0.7657936107698398
 0.7744513540622304
 0.7894993582386061
 0.7861599148163646
 0.7594695854644981
 0.7777275809386476
 0
 0
 1
 1
 0.8
 0.5
 0.4285714285714285
 0.875
 1
 0.9
 0.9090909090909091
 0.9166666666666666
 0.8461538461538461
 0.8888888888888888
 0.6
 1
 1
 1
 0
 1
 1
 1
 1
 1
 0
 1
 1
 1
 1
 1
 0
 0
 0.9929139019895271
 0.989599267651361
 0.6760253008343935
 0.6024696186343427
 0.6104341810557009
 0.7186064123116737
 0.7700035110801342
 0.8070346307553029
 0.7871541954793778
 0.7221787565323629
 0.6593817331068249
 0.6901669680623945
 0.6972228161590678
 0.7272379506003002
 0.6869300545962511
 0.7110676636164411
 0.7132176292735966
 0.7454306491252185
 0.7685848737765976
 0.871382507961131
 0.7260403315826744
 0.7686286394904089
 0.758746378108346
 0.7449928108992753
 0.8050573243775848
 0.8534219804081598
 0.7306713952537772
 0.7549513917031803
 0
 0
 0.5785862941142949
 0.6784865913680426
 0.7253846538532575
 0.7640376060464379
 0.7307855301668095
 0.7637742109289747
 0.7496437440033582
 0.7716017476279505
 0.7833724843169799
 0.7977953291811568
 0.7670631374552704
 0.7593554761948057
 0.7517371218671687
 0.7775406570240779
 0.773664430510774
 0.7508576757332766
 0.84035328706721
 0.8017035269489611
 0.7943966359497137
 0.7462333137828304
 0.8122495088804922
 0.8250968136049855
 0.81120270446326
 0.8033012550258657
 0.8133159209315475
 0.7796381674933954
 0.8095779730089688
 0.7944248146338181
 0
 0
 0.7757004812084961
 0.8062831092921221
 0.6338234661770764
 0.6949554943898473
 0.6355856207973075
 0.6945738523574581
 0.6609463101321508
 0.7135652950748166
 0.6819067981175623
 0.730749463976357
 0.6913499795052213
 0.7526809120895019
 0.6920761741733107
 0.7439858134836268
 0.7259529085826579
 0.7425995528548001
 0.7727547296680493
 0.7751505377169954
 0.7722995734146075
 0.7806115015646139
 0.7671203291445223
 0.7873187471374095
 0.7899122312824661
 0.7920744709794199
 0.7965894801497567
 0.7966868824456247
 0.774696474680958
 0.7986702317569049
 0
 0
 0.998561544514588
 1
 0.9999999999997601
 1
 0.9999999999997076
 0.9999999999999998
 1
 0.9999992804089081
 0.9999989433721107
 0.9985873314255582
 0.9937742712386164
 0.9866609434316654
 0.9724923254626517
 0.9811437673197749
 0.9689593859478048
 0.9626013583521371
 0.9587131068781582
 0.9697044835589961
 0.9639566911498222
 0.9552445695074776
 0.9555862270089622
 0.9548261652044095
 0.9562360875390364
 0.9585163028796205
 0.9561312095247194
 0.947639948680987
 0.9547728064273033
 0.9515516383315712
 0
 0
 0.9992489321933276
 0.988465533101907
 0.6787574865006747
 0.6183871666655872
 0.5916151583486114
 0.6579884641462338
 0.734608830757742
 0.7020768017279274
 0.6702270985992106
 0.6998916521193967
 0.6666163268255226
 0.7003133167879461
 0.6788050389178337
 0.8050188418842608
 0.7525392728659333
 0.8357613528682659
 0.7407142631440553
 0.7578916310461279
 0.8771122233590229
 0.8797323330259811
 0.7518745544054838
 0.7687575299460384
 0.768828156505039
 0.8595564932208729
 0.8210671403218788
 0.827460656933385
 0.7723976274541396
 0.8582738134586116
 0
 0
 0.5785862941142949
 0.6779377756870271
 0.7509730352591054
 0.792021901665701
 0.744577293818601
 0.7505767706597195
 0.7673561909808081
 0.7618182341665924
 0.7288998688519246
 0.7807186263154405
 0.7356556246312924
 0.7422814154654362
 0.7392131957080265
 0.7486040260023873
 0.7463102100896726
 0.7467092162268418
 0.7661282851712587
 0.7846816851861939
 0.768313659561336
 0.8725352559525125
 0.8022977226562367
 0.7994956316568177
 0.7976467937192084
 0.8078957435842326
 0.8085023625092808
 0.8080950899648801
 0.7656329417889025
 0.7999934305639362
 0
 0
 0
 0
 0
 0
 0
 0
 0
 0
 0
 0
 0
 0
 0
 0
 0
 0
 0
 0
 0
 0
 0
 0
 0
 0
 0
 0
 0
 0
 0
 0
 0
 0
 0
 0
 0
 0
 0
 0
 0
 0
 0
 0
 0
 0
 0
 0
 0
 0
 0
 0
 0
 0
 0
 0
 0
 0
 0
 0
 0
 0
 0
 0
 0
 0
 0
 0
 0
 0
 0
 0
 0
 0
 0
 0
 0
 0
 0
 0
 0
 0
 0
 0
 0
 0
 0
 0
 0
 0
 0
 0
 0
 0
 0
 0
 0
 0
 0
 0
 0
 0
 0
 0
 0
 0
 0
 0
 0
 0
 0
 0
 0
 0
 0
 0
 0
 0
 0
 0
 0
 0
 0
 0
 0
 0
 0
 0
 0
 0
 0
 0
 0
 0
 0
 0
 0
 0
 0
 0
 0
 0
 0
 0
 0
 0
 0
 0
 0
 0
 0
 0
 0.9999694624979387
 0.999999992371478
 0.9999999999999797
 0.9999999999998843
 0.9999999972395875
 0.9999999946383393
 0.9999999968400395
 0.9999999995589299
 0.9999992136912571
 0.9983831456693504
 0.996715557979179
 0.9936739972066629
 0.9715156415453037
 0.9784881378611627
 0.96400974448438
 0.9695851937590535
 0.9713811949995766
 0.96272128158717
 0.9695780580592878
 0.9603959496835195
 0.9543021050913683
 0.9618499578005975
 0.9628980110391848
 0.9520651615511884
 0.9525635777222465
 0.9473085203661078
 0.9502933857619519
 0.9426656822869508
 0
 0
 0
 0
 0
 0
 0
 0
 0
 0
 0
 0
 0
 0
 0
 0
 0
 0
 0
 0
 0
 0
 0
 0
 0
 0
 0
 0
 0
 0
 0
 0
 0
 0
 0
 0
 0
 0
 0
 0
 0
 0
 0
 0
 0
 0
 0
 0
 0
 0
 0
 0
 0
 0
 0
 0
 0
 0
 0
 0


