# Created by Octave 3.8.2, Fri Nov 20 22:16:32 2015 CET <dkottke@snake9>
# name: mus
# type: matrix
# ndims: 3
 1 30 19
 0
 0
 0.8792270531400965
 0.9423076923076923
 0.9414634146341464
 0.9558823529411765
 0.9359605911330049
 0.9519230769230769
 0.9516908212560387
 0.97
 0.9760765550239233
 0.9803921568627449
 0.9807692307692308
 0.979591836734694
 0.9692307692307693
 0.9711538461538461
 0.9705882352941178
 0.967171717171717
 0.9760765550239234
 0.97
 0.9682539682539681
 0.9696969696969698
 0.9710144927536233
 0.9670138888888888
 0.97
 0.9759615384615385
 0.9720332577475433
 0.9744897959183675
 0.9802955665024632
 0.9777777777777779
 0
 0
 0.6666666666666666
 0.75
 0.6
 1
 0.4
 0.6
 0.7
 0.8
 0.8
 0.8333333333333333
 0.8333333333333333
 0.8666666666666666
 0.8666666666666666
 0.8833333333333332
 0.9
 0.9
 0.8833333333333332
 0.9
 0.9099999999999999
 0.9099999999999999
 0.96
 0.9199999999999999
 0.96
 0.96
 0.9266666666666665
 0.9266666666666665
 0.9333333333333333
 0.9333333333333333
 0
 0
 0.8024623253660758
 0.775246023527624
 0.763492307921288
 0.7591921680653113
 0.7591921680653113
 0.7482053107332913
 0.8400990843911166
 0.8385985506457749
 0.8218759273236556
 0.8816429506041006
 0.9019912124025817
 0.9157323093123548
 0.8657271845322108
 0.8835221288173366
 0.9092304978501183
 0.9096951267166175
 0.9332366071369539
 0.9219936726400217
 0.9191925933965048
 0.9397176174606711
 0.942781317682406
 0.9316813171048665
 0.9287555611655488
 0.9596373285909849
 0.9500074618573763
 0.9626822231118516
 0.9363902351348081
 0.9563272396574181
 0
 0
 0.6111194436170897
 0.7867152785544815
 0.8016736657789021
 0.7922560300361314
 0.7214034285199002
 0.7667911658315384
 0.830247836989913
 0.8840158926809341
 0.8893767893310444
 0.9028725094249701
 0.893985726412388
 0.9194625277322601
 0.8593874772365357
 0.9586239693438053
 0.9645198616102788
 0.9589193586073472
 0.9663738110597195
 0.963019035506817
 0.9682989182700417
 0.9695915929632144
 0.9755710041620582
 0.9731468582978702
 0.9745120532503558
 0.9797784250851627
 0.9798379924200105
 0.9794097289130532
 0.9782579032087292
 0.9769262739336846
 0
 0
 1
 1
 0.6
 0.8333333333333334
 0.7142857142857143
 0.875
 0.8888888888888888
 1
 0.9090909090909091
 0.75
 0.8461538461538461
 0.7777777777777778
 1
 1
 1
 1
 1
 1
 1
 1
 1
 1
 1
 1
 1
 1
 1
 1
 0
 0
 1.300059994023217
 1.190483333978532
 0.7000000000295146
 0.7333337538156852
 0.6654761919121087
 0.876785717162005
 0.9236111172581298
 0.9934523853634468
 0.9189394039552446
 0.8178043469196509
 0.8589749828468842
 0.8385434550594728
 1.018530702518931
 1.021227927798939
 1.009490804002819
 1.001068851845503
 0.9594603515382769
 1.053191755250452
 0.8599167396156169
 1.069444834129705
 1.022728712200755
 1.017857143984537
 1.000000000718886
 1.000000002411789
 1.062500650779327
 0.8750006373368091
 1.000000004807808
 1.000000001599362
 0
 0
 0.3678794411714423
 0.6432349882627582
 0.9103368455716782
 0.7313709201680502
 0.7670095976421064
 0.7797959761028996
 0.7576166370606114
 0.8936392526106598
 0.9122700809533613
 0.9177723598406081
 0.8974317209167063
 0.9017635273004873
 0.9123593442841891
 0.9071522191044901
 0.9098707509812349
 0.9191854842744209
 0.9307303776770042
 0.9589466916336573
 0.9455390413763352
 0.9337131475784792
 0.9573790228176376
 0.9579830739107041
 0.9404966140995639
 0.9383446369220896
 0.9495839994905753
 0.9736254572052992
 0.9533622747092648
 0.9616332243294016
 0
 0
 0.6111194436768258
 0.7282000788102375
 0.6837053520822054
 0.7372080883572111
 0.7493880585886749
 0.8307677104802593
 0.813281913163313
 0.8464980121035671
 0.8893327236504737
 0.9079330825246357
 0.9193931497708185
 0.939991848084619
 0.9079765893804895
 0.9422177229990885
 0.9508566825273475
 0.9592904515344273
 0.960042644052933
 0.9589708145179578
 0.9511327447739739
 0.9695665786618163
 0.969905246704134
 0.9708838670337957
 0.9740569386998607
 0.9726205841010724
 0.9747173163015479
 0.9697845885753911
 0.9718129772244248
 0.971531542814317
 0
 0
 1
 1
 1
 1
 1
 1
 1
 1
 1
 1
 1
 1
 1
 1
 1
 1
 1
 1
 1
 1
 1
 1
 1
 1
 1
 1
 1
 1
 0
 0
 1.30005999406954
 1.096503070338229
 0.7076923104422022
 0.5662344346218534
 0.6351217510632521
 0.699825058279689
 0.8216099724521432
 0.9265282643341091
 0.9165125131285604
 0.842618973878923
 0.916897731746583
 0.861966282625532
 0.8395557663025751
 0.8782133428876212
 0.9431183792513071
 0.9229560325534473
 0.9533652925690451
 1.118408079680665
 1.077530600316235
 1.057489120094421
 0.9520635042865705
 1.102025668717943
 1.000000000000261
 1.000000000000688
 1.030079145153803
 0.9998340469594176
 1.000000000007774
 0.9926800899809531
 0
 0
 0.3678794411714423
 0.6432349909608064
 0.9331405718022048
 0.7997245918615646
 0.8159537452292216
 0.8246857872415219
 0.7292728280346704
 0.8462132024232019
 0.8070842816925717
 1.074549964485342
 1.064814930417973
 0.8953256158145666
 0.8618275605903454
 0.9070730229645374
 0.9431140488421884
 0.9523472599028681
 0.9410492966746368
 0.9599719963699838
 0.9256266070390328
 0.9886555646922559
 0.9921408588008336
 0.9302042782347371
 0.9640431463604818
 1.036413873411092
 0.9413116336057366
 0.9474617825350986
 1.031623785949809
 0.9691628583841946
 0
 0
 0
 0
 0
 0
 0
 0
 0
 0
 0
 0
 0
 0
 0
 0
 0
 0
 0
 0
 0
 0
 0
 0
 0
 0
 0
 0
 0
 0
 0
 0
 0
 0
 0
 0
 0
 0
 0
 0
 0
 0
 0
 0
 0
 0
 0
 0
 0
 0
 0
 0
 0
 0
 0
 0
 0
 0
 0
 0
 0
 0
 0
 0
 0
 0
 0
 0
 0
 0
 0
 0
 0
 0
 0
 0
 0
 0
 0
 0
 0
 0
 0
 0
 0
 0
 0
 0
 0
 0
 0
 0
 0
 0
 0
 0
 0
 0
 0
 0
 0
 0
 0
 0
 0
 0
 0
 0
 0
 0
 0
 0
 0
 0
 0
 0
 0
 0
 0
 0
 0
 0
 0
 0
 0
 0
 0
 0
 0
 0
 0
 0
 0
 0
 0
 0
 0
 0
 0
 0
 0
 0
 0
 0
 0
 0
 0
 0
 0
 0
 0
 0
 1
 1
 1
 1
 1
 1
 1
 1
 1
 1
 1
 1
 1
 1
 1
 1
 1
 1
 1
 1
 1
 1
 1
 1
 1
 1
 1
 1
 0
 0
 0
 0
 0
 0
 0
 0
 0
 0
 0
 0
 0
 0
 0
 0
 0
 0
 0
 0
 0
 0
 0
 0
 0
 0
 0
 0
 0
 0
 0
 0
 0
 0
 0
 0
 0
 0
 0
 0
 0
 0
 0
 0
 0
 0
 0
 0
 0
 0
 0
 0
 0
 0
 0
 0
 0
 0
 0
 0


