# Created by Octave 3.8.2, Sat Nov 21 01:54:35 2015 CET <dkottke@snake7>
# name: mus
# type: matrix
# ndims: 3
 1 30 19
 0
 0
 0.493734335839599
 0.6237373737373737
 0.6683544303797467
 0.6666666666666665
 0.5964912280701755
 0.625
 0.6351010101010103
 0.6384615384615383
 0.6313131313131313
 0.5404040404040404
 0.5369230769230768
 0.5306122448979591
 0.5307692307692308
 0.6848958333333334
 0.6706450696220516
 0.6464646464646463
 0.6766917293233083
 0.6578947368421052
 0.6716791979949875
 0.6212121212121212
 0.756749076442171
 0.73046875
 0.7306666666666667
 0.7343589743589743
 0.7444684944684944
 0.7091836734693876
 0.7192941990543189
 0.7076923076923077
 0
 0
 1
 0.25
 0.4
 0.7
 0.8
 0.9
 0.9
 0.9
 0.9
 1
 1
 1
 0.9333333333333332
 0.8666666666666666
 0.9333333333333333
 0.9
 0.85
 1
 1
 1
 0.9099999999999999
 0.8400000000000001
 0.8400000000000001
 0.8799999999999999
 0.9199999999999999
 0.9333333333333333
 0.9333333333333333
 0.9333333333333332
 0
 0
 1
 0.7516669233173523
 0.6237377626020491
 0.7977214211748616
 0.8737953745394372
 0.8830576966167168
 0.9127673628816591
 0.9062354504404306
 0.9348915824406585
 0.953192977667695
 0.9487338159822362
 0.9495808601886746
 0.9535842903945888
 0.8846613085862123
 0.9133368136215156
 0.9413632929239033
 0.9510416568051446
 0.9641679007392466
 0.949272865798324
 0.9143646088559341
 0.9287062219078994
 0.8779609829724955
 0.8726314524007566
 0.8732261560400849
 0.9022994927237667
 0.8801856654224777
 0.9011657222071399
 0.8989383482706459
 0
 0
 0.9999999999721793
 0.6350658842215654
 0.590176144620895
 0.7045769811774113
 0.8103406754619944
 0.8254228013981986
 0.8448441454551016
 0.8851335365088242
 0.8861636279260715
 0.9148743156793334
 0.9234613478358239
 0.9185133212136973
 0.9145639433126321
 0.8490477826928454
 0.8917316521680343
 0.8933995269558154
 0.9163682418246991
 0.8993112394689143
 0.9044625530846718
 0.9063926353149688
 0.8606226404344178
 0.7962827077130449
 0.8012570899634447
 0.8196917142437211
 0.8183523885636499
 0.8304828728357657
 0.8352834920240665
 0.8421514225484728
 0
 0
 1
 0.75
 0.8
 0.8333333333333334
 1
 0.875
 0.7777777777777778
 0.9
 0.9090909090909091
 1
 1
 1
 1
 1
 0.5
 1
 1
 1
 1
 1
 0
 1
 0
 0
 1
 1
 1
 1
 0
 0
 0.999999999963388
 0.7836500237687715
 0.717506902314092
 0.7622758796958399
 0.8021340554774521
 0.8253810523037024
 0.8169750865465418
 0.8686716803211242
 0.8740718446969981
 0.9151062728338518
 0.9620453522213965
 0.9145301657032447
 0.8849112663082472
 0.9492498709455047
 0.899101298370179
 0.9624857247010518
 0.9055269827894
 0.8700355476115931
 0.9017751035915772
 0.9321619307331986
 0.8485156557147284
 0.7698187329738946
 0.7481035375735513
 0.7921513953184149
 0.8701474711448441
 0.9220944744063246
 0.8192126818428364
 0.8605286972734787
 0
 0
 1
 0.8461463360997438
 0.8082149277230182
 0.8027783405326203
 0.8476911462339847
 0.8682904790783258
 0.8884191242862833
 0.85825819755146
 0.9004628044675901
 0.8895346248213265
 0.9054582458619541
 0.8987413600059234
 0.8743745008063495
 0.894874764599411
 0.8925377867465325
 0.9007045125227631
 0.9129103084356884
 0.8986028585745893
 0.891652549239445
 0.9455663541081525
 0.9162689086039946
 0.8125168079470138
 0.821612409933458
 0.8589221255585082
 0.846464449178849
 0.8436288107686762
 0.8261716926655512
 0.8772837163109652
 0
 0
 0.9999999999786754
 0.6728423342811582
 0.6224584451223277
 0.687395282167632
 0.7621788912411231
 0.7590046300041126
 0.8117705282351869
 0.8514864774646468
 0.8702281716669225
 0.9075918112154727
 0.9220856738412372
 0.9156697235027959
 0.9321779194111611
 0.8708753212893307
 0.9081309303431324
 0.9016316392494219
 0.9171177057126209
 0.9004319120797306
 0.9092763415857242
 0.9082485138543006
 0.8645087474077127
 0.8015843124686124
 0.8120875763731117
 0.8258017356718472
 0.8305314717493755
 0.8341956633667187
 0.8431696200036258
 0.8522718591042073
 0
 0
 0.999463460215975
 0.9999946830864664
 0.9999996835646142
 0.9999999999999949
 0.9999999999998309
 1
 1
 1
 0.9999999999819669
 0.9988271422165056
 0.9954509429782434
 0.9903104092104343
 0.9834718040774524
 0.9751417481933027
 0.9790072299018948
 0.9733082701199818
 0.9615613894499375
 0.9631927613053971
 0.9571683466604777
 0.960525204076955
 0.9611661324555053
 0.9511442833209186
 0.9490570067834004
 0.9548723667556901
 0.9585050214242571
 0.9595000828626705
 0.9508679752944286
 0.9500602250081969
 0
 0
 0.9999999999841965
 0.8032234564362823
 0.7358298680412583
 0.7304877340222624
 0.728413174935307
 0.7610237222167895
 0.8110619651460473
 0.8352310821356415
 0.8598745173399956
 0.9878469821132908
 0.9855262703623008
 0.9820283559302464
 0.9510347916949635
 0.900645101431864
 0.9369368838217607
 0.9403561539000781
 0.9002197256976749
 0.9321208177394597
 0.8813258553521649
 0.9011983990627597
 0.846417936286599
 0.7806379319733872
 0.7970721052256161
 0.7970501454306664
 0.9140684874063019
 0.9097312321399497
 0.8331939321143487
 0.8407468978386446
 0
 0
 1
 0.8595527112437715
 0.8494913678419319
 0.8487684446192023
 0.8468040764473233
 0.8470293600890693
 0.8858696701737886
 0.8405109275909227
 0.8707063810325518
 0.9048712441744288
 0.8866436359601233
 0.8906347184657397
 0.8297175205725357
 0.8806551768306429
 0.8763422531213503
 0.8865607992787443
 0.8885133470325712
 0.8661117690798052
 0.8853493271904851
 0.8942607432469237
 0.9106893382770583
 0.7993909003667173
 0.8460403726131779
 0.8262184435443454
 0.8276637813302834
 0.8223153282871233
 0.9180202641333864
 0.848743400862043
 0
 0
 0
 0
 0
 0
 0
 0
 0
 0
 0
 0
 0
 0
 0
 0
 0
 0
 0
 0
 0
 0
 0
 0
 0
 0
 0
 0
 0
 0
 0
 0
 0
 0
 0
 0
 0
 0
 0
 0
 0
 0
 0
 0
 0
 0
 0
 0
 0
 0
 0
 0
 0
 0
 0
 0
 0
 0
 0
 0
 0
 0
 0
 0
 0
 0
 0
 0
 0
 0
 0
 0
 0
 0
 0
 0
 0
 0
 0
 0
 0
 0
 0
 0
 0
 0
 0
 0
 0
 0
 0
 0
 0
 0
 0
 0
 0
 0
 0
 0
 0
 0
 0
 0
 0
 0
 0
 0
 0
 0
 0
 0
 0
 0
 0
 0
 0
 0
 0
 0
 0
 0
 0
 0
 0
 0
 0
 0
 0
 0
 0
 0
 0
 0
 0
 0
 0
 0
 0
 0
 0
 0
 0
 0
 0
 0
 0
 0
 0
 0
 0
 0
 0.9999726358374529
 0.9999999857789575
 0.9999999999900178
 0.9999999999995295
 0.9999999451350647
 0.9999999905922476
 0.9999999329475276
 0.9999779451459152
 0.9999983652823941
 0.9941060011833979
 0.9920596486970468
 0.9767402351388395
 0.9802299921671986
 0.9729903760258887
 0.9782673750480195
 0.9751714179374895
 0.9707127201094924
 0.964078963397533
 0.9607728900416681
 0.9586808195588389
 0.9532263585377316
 0.9584726484710636
 0.9455070462607043
 0.9532301566711402
 0.9629303724052243
 0.9476364183178788
 0.947780004902534
 0.9544110879046087
 0
 0
 0
 0
 0
 0
 0
 0
 0
 0
 0
 0
 0
 0
 0
 0
 0
 0
 0
 0
 0
 0
 0
 0
 0
 0
 0
 0
 0
 0
 0
 0
 0
 0
 0
 0
 0
 0
 0
 0
 0
 0
 0
 0
 0
 0
 0
 0
 0
 0
 0
 0
 0
 0
 0
 0
 0
 0
 0
 0


