# Created by Octave 3.8.2, Fri Nov 20 20:10:05 2015 CET <dkottke@snake2>
# name: mus
# type: matrix
# ndims: 3
 1 30 19
 0
 0
 0.6867000556483041
 0.6024498886414253
 0.6428969359331483
 0.6192865105908584
 0.6070038910505839
 0.6484375
 0.6460078168620874
 0.6703910614525137
 0.6716596287148441
 0.6772930648769573
 0.6749349684132289
 0.6916852678571427
 0.6952380952380949
 0.6981026785714286
 0.699906629318394
 0.7048260381593716
 0.7119660854263319
 0.7112359550561799
 0.5398319327731091
 0.546639231824417
 0.6936083240431069
 0.7246621621621623
 0.6861971830985917
 0.7225938312894833
 0.6910774410774411
 0.6635044642857143
 0.6134593993325916
 0.7429378531073447
 0
 0
 0.6666666666666666
 0.75
 0.8
 0.8
 0.9
 0.7
 0.9
 0.9
 0.7
 0.9333333333333332
 0.9333333333333332
 0.8333333333333334
 0.7333333333333333
 0.75
 0.75
 0.6833333333333333
 0.65
 0.5
 0.45
 0.4600000000000001
 0.47
 0.51
 0.4400000000000001
 0.3933333333333334
 0.5933333333333334
 0.5
 0.4866666666666667
 0.5
 0
 0
 0.7471517764685769
 0.7147748697968703
 0.7896087940321532
 0.8828211889246381
 0.8310675087883009
 0.784658806681098
 0.8278525011456894
 0.7819506500535796
 0.758381842889353
 0.8480201570702196
 0.8026461992921855
 0.7720631610512099
 0.7910089028596821
 0.7370994496606684
 0.7651999501415809
 0.734761958382129
 0.6729494223778689
 0.6784294365763663
 0.5976210369788442
 0.5574945724584334
 0.6171432022919059
 0.5888908431180875
 0.5445481505418031
 0.4865476631671252
 0.6023384705265806
 0.5911842092112426
 0.5700182661028619
 0.5445699012483787
 0
 0
 0.5772730457887538
 0.7696752587269678
 0.7087968700012816
 0.7802279030326975
 0.8403228059053546
 0.7430809391123172
 0.7443876500368636
 0.7599891008837232
 0.7427392589478992
 0.8110649135931799
 0.8419032765560001
 0.7757488475536169
 0.7598469548440731
 0.6674711915998129
 0.7268058043958402
 0.6804925467798594
 0.6361294050840038
 0.5399061220457401
 0.5507398139723971
 0.5361299184841537
 0.5296317783584639
 0.50937987701357
 0.5271239983101098
 0.5342849975040954
 0.5818905497238874
 0.5991611726116088
 0.5967037120860768
 0.5684033081443055
 0
 0
 1
 0.75
 0.8
 1
 0.5714285714285714
 0.75
 0.5555555555555556
 0.9
 0.6363636363636364
 1
 1
 0.7777777777777778
 0.8
 0.3333333333333333
 0.5
 0
 1
 0
 0
 1
 0
 0
 0
 1
 0
 0
 0
 0
 0
 0
 0.8496628575157679
 0.7857142857147061
 0.8437107684907637
 0.9191053286648508
 0.773712497720475
 0.7700015640698895
 0.64553024525193
 0.8271819571483849
 0.689995786021236
 0.884272377564887
 0.8820326237834071
 0.7954228448407347
 0.7651672217403072
 0.6069532905454544
 0.679261701874424
 0.5390296289928929
 0.7311685370763514
 0.4566358775548398
 0.524835223905228
 0.6167938121847942
 0.3363697750545051
 0.521867439550697
 0.4114231884658873
 0.6293070914554336
 0.5431499377261266
 0.6037213355698939
 0.4969195780200085
 0.4488225053960926
 0
 0
 0.5785862941142949
 0.6464343869571441
 0.7783923646956358
 0.8011290578173764
 0.8643001553194765
 0.7736069142235078
 0.7496501069183443
 0.8046709326700141
 0.7946140103367572
 0.785503409339948
 0.7540393253201847
 0.739724394842406
 0.7071696566914354
 0.7692752516996754
 0.6895331196493957
 0.6779696087580809
 0.6961075089553103
 0.6353660278498485
 0.6109948839898833
 0.660910347165202
 0.648646917842727
 0.6478412400494371
 0.6721028794211908
 0.6337846320364142
 0.66817792308952
 0.6349595285010665
 0.6588673389457815
 0.6525629292186347
 0
 0
 0.6068366485262786
 0.7209566136335486
 0.7243244330773831
 0.7741968209257989
 0.8197769302341235
 0.7347593614086954
 0.7161921773378125
 0.7031802392363983
 0.6926383997522767
 0.7230063237306491
 0.7440380328118434
 0.6907997756928451
 0.6697159954531663
 0.610430284283105
 0.6520670160994978
 0.6237416287590107
 0.608003698073458
 0.5406542870959808
 0.5376558690575032
 0.5363366217116217
 0.5226366658343162
 0.5056669025763176
 0.5107880646945274
 0.5149457225980334
 0.5446042112710348
 0.5461807389018837
 0.5354577583335743
 0.5387645996442555
 0
 0
 0.9224970927291578
 0.9687819939631509
 0.9363295312862661
 0.9082270240727711
 0.9153048815940088
 0.9243427212368942
 0.9340068243716759
 0.9241665493647001
 0.9351882740191355
 0.927150396181446
 0.9314893645580242
 0.9097693258485033
 0.9189827806869282
 0.9164251200980348
 0.9186271507127347
 0.9003467720094124
 0.9103118188935853
 0.9178063766766777
 0.9047712757992511
 0.8982741805022419
 0.9007200799086194
 0.9032916284015485
 0.9132326094680695
 0.9097963628169613
 0.9015561455408474
 0.9081403316925211
 0.9069755608662201
 0.9043744241496952
 0
 0
 0.9323856661084173
 0.7857142857142736
 0.8948397966087701
 0.8796639283800969
 0.8942444347068493
 0.8344252121199244
 0.7833353248580347
 0.7175951026510339
 0.758509470471227
 0.803113598408512
 0.8272577350835701
 0.765703700033026
 0.7475850018166672
 0.5964137787032007
 0.7382755456342447
 0.6105588972831767
 0.6594415996033922
 0.5536551510963484
 0.5432490451855827
 0.5447450448222488
 0.5203039086341288
 0.5227056639314238
 0.4996369659157522
 0.5200259100499728
 0.5389216173626127
 0.564938997888515
 0.5313011267604427
 0.5386849205237232
 0
 0
 0.5785862941142949
 0.633590891329825
 0.8206303967558733
 0.7769206597160623
 0.8291413504196785
 0.7320146007372514
 0.79175126280941
 0.8153730160252961
 0.7615600992888168
 0.8215567271980811
 0.7250671139265059
 0.7641362040402838
 0.7586295862340426
 0.6984225079320001
 0.681877723163395
 0.6595754720552416
 0.6568042689038726
 0.6325421506213051
 0.6132578562200738
 0.6384774526864138
 0.7868981521462654
 0.641146697267967
 0.6240421850266831
 0.589254493312086
 0.6525352329928306
 0.6457831000869581
 0.6606656429696122
 0.6322561994762231
 0
 0
 0
 0
 0
 0
 0
 0
 0
 0
 0
 0
 0
 0
 0
 0
 0
 0
 0
 0
 0
 0
 0
 0
 0
 0
 0
 0
 0
 0
 0
 0
 0
 0
 0
 0
 0
 0
 0
 0
 0
 0
 0
 0
 0
 0
 0
 0
 0
 0
 0
 0
 0
 0
 0
 0
 0
 0
 0
 0
 0
 0
 0
 0
 0
 0
 0
 0
 0
 0
 0
 0
 0
 0
 0
 0
 0
 0
 0
 0
 0
 0
 0
 0
 0
 0
 0
 0
 0
 0
 0
 0
 0
 0
 0
 0
 0
 0
 0
 0
 0
 0
 0
 0
 0
 0
 0
 0
 0
 0
 0
 0
 0
 0
 0
 0
 0
 0
 0
 0
 0
 0
 0
 0
 0
 0
 0
 0
 0
 0
 0
 0
 0
 0
 0
 0
 0
 0
 0
 0
 0
 0
 0
 0
 0
 0
 0
 0
 0
 0
 0
 0
 0.8774473775713485
 0.942926301657228
 0.9395306625126082
 0.9087256098725491
 0.9489496702078137
 0.9220101060978794
 0.9232373213684704
 0.9253774275007481
 0.9498843847271465
 0.918133525850269
 0.9117790484840276
 0.9228123747267044
 0.9234681003751116
 0.9157166025756437
 0.911852663893158
 0.9055486468600789
 0.9129601547719621
 0.9020946754533804
 0.9001709881869723
 0.9026480509724132
 0.91775341794259
 0.9064124136764241
 0.9085848221461348
 0.9073090669868873
 0.9029045734075224
 0.9029217153802367
 0.8955359734240123
 0.895517436034445
 0
 0
 0
 0
 0
 0
 0
 0
 0
 0
 0
 0
 0
 0
 0
 0
 0
 0
 0
 0
 0
 0
 0
 0
 0
 0
 0
 0
 0
 0
 0
 0
 0
 0
 0
 0
 0
 0
 0
 0
 0
 0
 0
 0
 0
 0
 0
 0
 0
 0
 0
 0
 0
 0
 0
 0
 0
 0
 0
 0


