# Created by Octave 3.8.2, Fri Nov 20 23:47:49 2015 CET <dkottke@snake10>
# name: mus
# type: matrix
# ndims: 3
 1 30 19
 0
 0
 0.6842105263157893
 0.6161616161616161
 0.6481012658227844
 0.7058080808080807
 0.6942355889724313
 0.7321428571428571
 0.7853535353535357
 0.7897435897435897
 0.8055555555555556
 0.8055555555555554
 0.8146153846153849
 0.8469387755102041
 0.8166666666666669
 0.8489583333333334
 0.8491048593350385
 0.8535353535353537
 0.8395989974937341
 0.85
 0.8596491228070177
 0.8345959595959596
 0.8411480534242682
 0.8580729166666665
 0.8533333333333335
 0.8482051282051284
 0.8532948532948534
 0.8533163265306122
 0.8646061584592319
 0.8666666666666667
 0
 0
 0
 0.25
 0.4
 0.6
 0.3
 0.4
 0.4
 0.3
 0.4
 0.5333333333333333
 0.3333333333333333
 0.4333333333333333
 0.4666666666666666
 0.5666666666666667
 0.6
 0.6166666666666666
 0.5
 0.65
 0.5700000000000001
 0.65
 0.71
 0.54
 0.5200000000000001
 0.6599999999999999
 0.6666666666666666
 0.7533333333333333
 0.8
 0.7
 0
 0
 0.5299616357428674
 0.6099681658291878
 0.7140406995775572
 0.7750265372224752
 0.7100673703506348
 0.4557593732875178
 0.6276826268573994
 0.5372401004836873
 0.6302682771421672
 0.5065330084119205
 0.5928135622794628
 0.4589733079175641
 0.6108072983470645
 0.5533356032985299
 0.4946414265768875
 0.6645254071396968
 0.6074657451671386
 0.5084637944882171
 0.470787417486827
 0.5175126769529994
 0.5700932033138169
 0.5712358038275197
 0.5700769148958433
 0.5784255880915854
 0.6207229591621088
 0.5185692174912163
 0.5104161631300865
 0.6522734078561033
 0
 0
 0.1388833602254439
 0.5040804318701397
 0.4476808530582187
 0.5925101907320505
 0.5394261289033482
 0.5544691050836698
 0.4743416380198171
 0.5130255777257949
 0.4562935436096098
 0.5204316277045227
 0.5167431420136075
 0.4792029101414436
 0.5119303277608507
 0.4911904188542983
 0.5207642185760661
 0.4953747280753731
 0.5105215350783276
 0.4930132593217981
 0.5235936809183915
 0.5293603735463521
 0.5188783172729317
 0.5130691463847785
 0.5353170946275737
 0.5567516553171707
 0.5397585407479137
 0.5343340247978871
 0.5557992250332711
 0.563213546615104
 0
 0
 0
 0.25
 0
 0.5
 1
 0.625
 0.5555555555555556
 0.8
 0.3636363636363636
 0.5833333333333334
 0.5384615384615384
 0
 0.6
 0.3333333333333333
 0.5
 0
 0
 0
 1
 1
 1
 1
 1
 0
 1
 1
 1
 1
 0
 0
 0.08333335835049882
 0.3612379258313615
 0.4010431816239659
 0.6057259409601461
 0.6745570798974667
 0.5178036638554878
 0.4790141590543492
 0.5290054073603837
 0.4390702943485292
 0.5032753357644365
 0.5129927951204474
 0.4190181377084466
 0.5204195301720729
 0.4691079750088952
 0.5071325798150257
 0.461823003638298
 0.4738068398711078
 0.481570618241323
 0.5366613927024791
 0.5417609651554977
 0.5130246859533178
 0.5246241216453191
 0.5393597143791373
 0.5378851665393969
 0.5775226364107854
 0.5570511792500692
 0.5694995859587774
 0.5653620112535028
 0
 0
 0.3678794411714423
 0.6074181439789529
 0.7438236290780169
 0.6922567177028763
 0.7242417204226561
 0.677639631425049
 0.6685507842375646
 0.6909325201135335
 0.6492013812268335
 0.6589264702841018
 0.6876218801967482
 0.6724053523053835
 0.6906589092461624
 0.653272382036409
 0.6970573797048448
 0.6422391441708957
 0.6464500634134198
 0.6343698212851235
 0.6345416808017605
 0.6868497319486004
 0.6450239023980789
 0.6366866507102978
 0.6450545796896699
 0.6350468493464869
 0.6454230772078157
 0.6551403053406293
 0.6942803214902289
 0.6895320312022271
 0
 0
 0.1388705025377813
 0.4690741354535786
 0.4942231731381612
 0.6109872937624375
 0.6103079782922036
 0.5311328401901652
 0.4888938421774244
 0.4961554657383271
 0.4716423819694458
 0.5213212229070482
 0.5103606733025362
 0.489449729684418
 0.5177596555970149
 0.495328986150873
 0.5158967971561965
 0.4970757409581804
 0.5168098652619918
 0.4954590863518888
 0.5192239515737959
 0.5226697365838064
 0.5150249201346075
 0.5161470916691124
 0.5284125329924368
 0.5426031399090545
 0.5320520538271298
 0.5254972167531258
 0.5566781097793628
 0.5580440163447367
 0
 0
 0.9999859757053235
 0.9999965746644605
 0.9999999998870938
 0.9999999907982029
 0.9999999999976413
 0.9999999999734648
 0.9999999999999994
 0.9999999999767587
 0.9999999738009911
 0.999998977353637
 0.993679177050123
 0.9850617427846656
 0.9877890058265808
 0.9796204171267507
 0.970988319403344
 0.9800949885679852
 0.9696355609110772
 0.9754077224591304
 0.969690238619036
 0.9701335920109364
 0.9611738083983024
 0.9602792288730364
 0.9487332553381311
 0.9546547579195229
 0.9528966505622682
 0.9571972091916399
 0.9579542301912501
 0.9382654384257043
 0
 0
 0.0833340849783879
 0.2993364045184284
 0.6620401147614716
 0.5821466385998131
 0.5761689666800244
 0.5125144328573445
 0.4682405760042091
 0.4928987324815331
 0.4556134412539234
 0.4922029224502631
 0.4888586584619132
 0.4626915940737291
 0.5039592145249108
 0.4799182368563644
 0.4966417744330276
 0.4882504044784416
 0.500014882167314
 0.491782168676251
 0.5033595760037334
 0.5240985349073155
 0.5112903789291676
 0.5118879520602901
 0.5234694632796459
 0.5285490680915044
 0.5442815312426367
 0.5222496493671357
 0.5403400934911018
 0.5529447037151675
 0
 0
 0.3678794411714423
 0.5834697047305913
 0.7241853097107169
 0.6736453839659017
 0.7050995248256483
 0.6701540222835756
 0.6585605082868247
 0.744204881633705
 0.6559137440674699
 0.6726510391470727
 0.6795578523999876
 0.6637965335274575
 0.6457345173485933
 0.6504660526957987
 0.640302380569038
 0.6662331067371569
 0.6395990368164501
 0.6366895195988569
 0.6494667109568615
 0.6510657661588883
 0.633331812348105
 0.6383207395892676
 0.6209072389970203
 0.6224041311116767
 0.6357406255231204
 0.6462149456269027
 0.6472478771692659
 0.6633603715055001
 0
 0
 0
 0
 0
 0
 0
 0
 0
 0
 0
 0
 0
 0
 0
 0
 0
 0
 0
 0
 0
 0
 0
 0
 0
 0
 0
 0
 0
 0
 0
 0
 0
 0
 0
 0
 0
 0
 0
 0
 0
 0
 0
 0
 0
 0
 0
 0
 0
 0
 0
 0
 0
 0
 0
 0
 0
 0
 0
 0
 0
 0
 0
 0
 0
 0
 0
 0
 0
 0
 0
 0
 0
 0
 0
 0
 0
 0
 0
 0
 0
 0
 0
 0
 0
 0
 0
 0
 0
 0
 0
 0
 0
 0
 0
 0
 0
 0
 0
 0
 0
 0
 0
 0
 0
 0
 0
 0
 0
 0
 0
 0
 0
 0
 0
 0
 0
 0
 0
 0
 0
 0
 0
 0
 0
 0
 0
 0
 0
 0
 0
 0
 0
 0
 0
 0
 0
 0
 0
 0
 0
 0
 0
 0
 0
 0
 0
 0
 0
 0
 0
 0
 0.999992214493659
 0.9999998351599398
 0.9999999999966782
 0.9999999999999072
 0.9999999391340044
 1
 0.9999999304256406
 0.9999991682649747
 0.9999999743315663
 0.9999998763156839
 0.9933767031529174
 0.9818760932573094
 0.983797742093083
 0.9799972714165669
 0.9702519847402986
 0.981851790468097
 0.9696811670427992
 0.9604682105117548
 0.9683936782753776
 0.9633036762332463
 0.9617733733491126
 0.9571404608924622
 0.9550541985587928
 0.9499962751557864
 0.9490855184224843
 0.9543389363766138
 0.954315951921987
 0.9420586856561308
 0
 0
 0
 0
 0
 0
 0
 0
 0
 0
 0
 0
 0
 0
 0
 0
 0
 0
 0
 0
 0
 0
 0
 0
 0
 0
 0
 0
 0
 0
 0
 0
 0
 0
 0
 0
 0
 0
 0
 0
 0
 0
 0
 0
 0
 0
 0
 0
 0
 0
 0
 0
 0
 0
 0
 0
 0
 0
 0
 0


