# Created by Octave 3.8.2, Fri Nov 20 23:49:17 2015 CET <dkottke@mudflap>
# name: mus
# type: matrix
# ndims: 3
 1 30 19
 0
 0
 0.3381642512077293
 0.3365384615384616
 0.3317073170731707
 0.8284313725490197
 0.8029556650246309
 0.8365384615384616
 0.8260869565217391
 0.885
 0.8899521531100477
 0.8823529411764705
 0.8798076923076925
 0.8775510204081635
 0.8358974358974359
 0.8221153846153846
 0.8872549019607844
 0.866161616161616
 0.880382775119617
 0.8699999999999999
 0.873015873015873
 0.8745791245791247
 0.8244766505636071
 0.9201388888888891
 0.9299999999999999
 0.9326923076923077
 0.9297052154195011
 0.9285714285714287
 0.9408866995073891
 0.9555555555555557
 0
 0
 0.3333333333333333
 1
 1
 0.5
 0.8
 0.8
 0.9
 0.9
 0.7666666666666666
 0.9333333333333332
 0.9333333333333332
 0.9333333333333332
 0.9333333333333332
 0.9333333333333332
 0.8166666666666667
 0.8333333333333333
 0.85
 0.85
 0.85
 0.9099999999999999
 0.9099999999999999
 0.8799999999999999
 0.8799999999999999
 0.8799999999999999
 0.9266666666666667
 0.9
 0.8933333333333333
 0.9333333333333333
 0
 0
 0.6695733442487085
 0.9633553299229821
 0.8904324364697167
 0.8079494829947959
 0.7960357663513187
 0.7798113386747191
 0.8371236026751749
 0.8537862366995684
 0.7551213204241649
 0.8910043550705615
 0.9071938961154724
 0.8994288060003955
 0.8780895490016611
 0.9056896928807264
 0.8758578362943699
 0.8070252989456117
 0.8786627602689229
 0.863196056095459
 0.9130336331121423
 0.8962806129725934
 0.8904273803546413
 0.9187962368057103
 0.9271627269835108
 0.9070935788205934
 0.9106616969250521
 0.9401340352239427
 0.9229687991482
 0.9126834363277386
 0
 0
 0.4274971289203061
 0.9017443357135289
 0.9231489471073764
 0.6508942192502123
 0.7153996626355525
 0.805045054227419
 0.844942859159779
 0.8497238778861322
 0.8493302046965315
 0.8779232666508184
 0.9021294375198011
 0.9116676429771691
 0.9197400288764627
 0.9187584672558228
 0.8676322802389954
 0.8936797466291919
 0.8969781049795035
 0.9096360876311641
 0.9122804399217206
 0.9278363607950101
 0.9274361496507358
 0.8951760763132207
 0.8969362445353438
 0.9061011727159257
 0.9071600985321689
 0.9295955877362952
 0.9354766507235472
 0.9200597361394509
 0
 0
 0
 1
 1
 0.5
 0.8571428571428571
 0.625
 0.7777777777777778
 1
 0.9090909090909091
 1
 1
 1
 1
 1
 1
 1
 1
 1
 1
 1
 0
 1
 1
 1
 1
 1
 1
 1
 0
 0
 0.1350651512038384
 0.954578964180648
 0.9272433501079269
 0.6508226107304647
 0.7890629536828742
 0.7342000494387613
 0.7794486888090169
 0.9241460049135044
 0.8733474015610143
 0.9271517986795694
 0.9362844303644018
 0.9536875872909861
 0.9616933098436743
 0.9672097306796594
 0.913550895606845
 0.9217248040277353
 0.8955943467242233
 0.9200315731227947
 0.9442046081235007
 0.9561923556130216
 0.8421832732596423
 0.8921449617193111
 0.9320109496612405
 0.9428110215792354
 0.9544616891365041
 0.964842887028873
 0.8856995757131347
 0.8513510673799429
 0
 0
 0.5785862941142949
 0.7108029420052412
 0.8871405250917304
 0.786707472001227
 0.7575515354110874
 0.8235023398491863
 0.8016897234521446
 0.8455467319969392
 0.8026189088762964
 0.7773236908361488
 0.8072974199425103
 0.8181447150017436
 0.863469424493841
 0.8835314619637065
 0.8361832720801666
 0.826931960475728
 0.8292736291892927
 0.8168246164347699
 0.8477761677011133
 0.8541218417072606
 0.9266105303033718
 0.8720735257094024
 0.9254994737813116
 0.895684507913469
 0.9227110409988863
 0.9244958631827895
 0.8528624985320056
 0.9282418255899878
 0
 0
 0.4327683126340917
 0.8859319954018249
 0.8784830774341883
 0.6842033793829162
 0.7251976468766046
 0.7459692925894745
 0.7678863765366297
 0.7670704054225047
 0.7630905014929406
 0.786953473544549
 0.81512355527314
 0.8347546233486492
 0.8337249145870923
 0.8420441354734853
 0.799234482559278
 0.8213397674266567
 0.8287850274705381
 0.8345860144776962
 0.8448614591006579
 0.8659120762051689
 0.8681545111938501
 0.8300982722584035
 0.8368602612966548
 0.8517738369020561
 0.8580210550927282
 0.8539885586176728
 0.8818613284119348
 0.8567501224367399
 0
 0
 0.8993028564609671
 0.9093362745103546
 0.9443511312346619
 0.9064906753681403
 0.9390807436944101
 0.9220653407344475
 0.9062615543286526
 0.9067053217945548
 0.9286727354719223
 0.9158067816377466
 0.931667441572457
 0.9222380258632515
 0.9195614601119053
 0.912787565503277
 0.9125505722568167
 0.9037440180950576
 0.9070853270874309
 0.9081645045413486
 0.9104612855489549
 0.9059104229043382
 0.9000180580612689
 0.9095723687875202
 0.9058246940680984
 0.9048285284313805
 0.903328750415557
 0.9004865795178695
 0.9032595271412315
 0.9124446587362026
 0
 0
 0.1238651079520977
 0.9563080337842201
 0.8968728411854394
 0.7400161322486516
 0.7256713866528574
 0.7655263223220072
 0.8095301436583094
 0.8158131080043577
 0.8479962007863447
 0.8922204636075792
 0.9162523184622315
 0.9446443943497301
 0.9536932072948225
 0.9504609747487717
 0.9236995227350254
 0.9332414933344267
 0.9121636825238562
 0.9374178043814447
 0.9443479435980213
 0.9342160920301978
 0.9413330621119749
 0.9033773294028258
 0.9023929123768789
 0.8593504186609899
 0.9142242856555469
 0.8713030934484685
 0.9207325434113591
 0.9205026949848412
 0
 0
 0.5785862941142949
 0.7046519906855185
 0.885573624026052
 0.8108223914725092
 0.7811239204036964
 0.787374650670152
 0.8061291017104629
 0.8318242099968298
 0.8318677045723691
 0.7691077071732578
 0.7743481948590665
 0.8199657526163915
 0.8078564152966983
 0.8931420054764402
 0.8301171237095059
 0.8008849894793085
 0.8526358422219897
 0.8123112855948711
 0.8122489074057501
 0.8685457222272681
 0.9446199003975295
 0.9372230790792146
 0.831000008933801
 0.9429490993018752
 0.8441133384101392
 0.8490143716801961
 0.9276153751792835
 0.8412318519107724
 0
 0
 0
 0
 0
 0
 0
 0
 0
 0
 0
 0
 0
 0
 0
 0
 0
 0
 0
 0
 0
 0
 0
 0
 0
 0
 0
 0
 0
 0
 0
 0
 0
 0
 0
 0
 0
 0
 0
 0
 0
 0
 0
 0
 0
 0
 0
 0
 0
 0
 0
 0
 0
 0
 0
 0
 0
 0
 0
 0
 0
 0
 0
 0
 0
 0
 0
 0
 0
 0
 0
 0
 0
 0
 0
 0
 0
 0
 0
 0
 0
 0
 0
 0
 0
 0
 0
 0
 0
 0
 0
 0
 0
 0
 0
 0
 0
 0
 0
 0
 0
 0
 0
 0
 0
 0
 0
 0
 0
 0
 0
 0
 0
 0
 0
 0
 0
 0
 0
 0
 0
 0
 0
 0
 0
 0
 0
 0
 0
 0
 0
 0
 0
 0
 0
 0
 0
 0
 0
 0
 0
 0
 0
 0
 0
 0
 0
 0
 0
 0
 0
 0
 0.8999721655224976
 0.920816872535543
 0.936757350370516
 0.9371104502288254
 0.9505356629250362
 0.910097822219797
 0.9126346211044921
 0.9164621111639942
 0.9144995380969723
 0.9370772723727838
 0.9104487850239975
 0.9340963573901858
 0.912074824789005
 0.906023957566107
 0.9080687375243317
 0.9051916468778051
 0.9121211177406161
 0.910086877621604
 0.9123947469087906
 0.9108744317948402
 0.903102239449553
 0.8979367416906652
 0.9054389810531531
 0.9021510962213146
 0.9120573046693132
 0.9073198596552045
 0.9073010545235918
 0.9088706986041674
 0
 0
 0
 0
 0
 0
 0
 0
 0
 0
 0
 0
 0
 0
 0
 0
 0
 0
 0
 0
 0
 0
 0
 0
 0
 0
 0
 0
 0
 0
 0
 0
 0
 0
 0
 0
 0
 0
 0
 0
 0
 0
 0
 0
 0
 0
 0
 0
 0
 0
 0
 0
 0
 0
 0
 0
 0
 0
 0
 0


