# Created by Octave 3.8.2, Fri Nov 20 23:25:55 2015 CET <dkottke@mudflap>
# name: mus
# type: matrix
# ndims: 3
 1 30 19
 0
 0
 0.8019323671497581
 0.6778846153846154
 0.6682926829268295
 0.6960784313725491
 0.9605911330049263
 0.9615384615384616
 0.9710144927536233
 0.9650000000000002
 0.9712918660287081
 0.9705882352941174
 0.9615384615384617
 0.9693877551020408
 0.9794871794871796
 0.9855769230769231
 0.9803921568627452
 0.9797979797979799
 0.9808612440191389
 0.9550000000000001
 0.9682539682539684
 0.9654882154882155
 0.9710144927536233
 0.9739583333333334
 0.9675
 0.9759615384615384
 0.9788359788359788
 0.979591836734694
 0.9753694581280788
 0.9666666666666668
 0
 0
 0.6666666666666666
 1
 0.8
 0.5
 0.6
 0.6
 0.5
 0.6
 0.8
 0.8333333333333333
 0.8666666666666666
 0.7999999999999999
 0.7999999999999999
 0.7333333333333333
 0.6666666666666666
 0.75
 0.85
 0.75
 0.75
 0.77
 0.82
 0.8400000000000001
 0.8800000000000001
 0.8466666666666667
 0.8533333333333333
 0.86
 0.8600000000000001
 0.9
 0
 0
 0.6918412275710781
 0.8420126441740966
 0.8498153282215838
 0.7966678869101472
 0.7661153932334337
 0.8379664300869464
 0.7522087409392054
 0.798564248586633
 0.7938640392771147
 0.7490741860839346
 0.8596391349610684
 0.7958741083358929
 0.7626187592346221
 0.8269587315203502
 0.8093307864643742
 0.7971054552136703
 0.8071771143173118
 0.8229861762086759
 0.826695667925776
 0.8709997653373047
 0.8468831788102797
 0.8870292701575384
 0.8601587838619198
 0.8928509606629681
 0.8647356343611874
 0.8981528754566114
 0.8857944893972131
 0.9228332972477062
 0
 0
 0.9166708329213553
 0.9851250003186138
 0.9416693318806924
 0.7691051901715932
 0.7119167608365577
 0.7976354577664111
 0.6755715898678616
 0.7515203476411747
 0.8653760606834907
 0.8772986558635825
 0.8975230103575537
 0.8896816147229081
 0.8643162534474942
 0.9070095482915096
 0.8476070565933413
 0.867705723086744
 0.8528320574315045
 0.8270083095627798
 0.8138974637848774
 0.863675475464646
 0.8844681878739791
 0.8890735659255523
 0.9016026766605598
 0.9137454183918953
 0.922491377325518
 0.9415973525369474
 0.9372240959254475
 0.9501998075482962
 0
 0
 1
 1
 0.8
 0.5
 0.5714285714285714
 1
 0.5555555555555556
 0.5
 0.9090909090909091
 0.75
 0.9230769230769231
 0.7777777777777778
 0.8
 1
 1
 1
 1
 1
 1
 1
 1
 1
 0
 1
 1
 1
 1
 1
 0
 0
 1.300059994015201
 1.333333333511848
 0.8500000752100622
 0.6500122044766432
 0.5928574642714282
 0.9482142875305406
 0.5694447281363826
 0.6120056747766174
 0.9689393990557373
 0.8040404680217235
 0.9459207489423662
 0.8052392531355836
 0.7965909252996034
 1.010758407121673
 0.978259494153531
 0.9831520811285952
 0.9206083456864455
 0.8514508311810615
 0.8775083216464123
 0.6562520282453577
 1.065624151011207
 0.8660756441583627
 0.7187529525382494
 0.7916696730347352
 1.000000676723273
 1.000000004068566
 0.8750006623166318
 1.000000005135067
 0
 0
 0.3678794411714423
 0.9040968808516785
 0.848829529321803
 0.876944386678034
 0.7507238444377232
 0.762155784875388
 0.7724214239921283
 0.7645703741173625
 0.7629397856582448
 0.8339471534376002
 0.8230715963376928
 0.8202683042654222
 0.8301955990947906
 0.8840275087683216
 0.8527853881207743
 0.87342909776178
 0.8475020015075468
 0.8798009528613642
 0.8263907383045791
 0.8986356814600127
 0.8752959457400964
 0.8631234352781118
 0.9080472626717155
 0.9074507540740531
 0.8961497148303361
 0.9176083846076439
 0.9063081450001339
 0.9205509488155686
 0
 0
 0.9166708329185553
 0.9068616112399365
 0.8881314566579929
 0.7983423781757308
 0.6714394678703678
 0.7910041894890705
 0.7465907405918764
 0.7591647848870646
 0.8131556063566422
 0.8306202986906674
 0.8692085755794648
 0.8845695672890349
 0.8558969029324094
 0.8719026503049349
 0.8667840936900718
 0.8640773742452884
 0.8669071713077854
 0.8097488459394789
 0.8214791040666549
 0.8556391471572856
 0.8840652076385067
 0.8877503193763981
 0.9054161246729455
 0.8943897752897007
 0.9141249728049746
 0.920590008320983
 0.9205460389191266
 0.9407777413205998
 0
 0
 1
 1
 1
 1
 1
 1
 1
 1
 1
 1
 1
 1
 1
 1
 1
 1
 1
 1
 1
 1
 1
 1
 1
 1
 1
 1
 1
 1
 0
 0
 1.300059994048622
 1.333333333354216
 0.6546191336567158
 0.6820041004220645
 0.6071429733240136
 0.6643404339139839
 0.5791891215189031
 0.7212261630825554
 0.8812217901072633
 0.9112943506254325
 0.8730584626703288
 0.8436955284738031
 0.8072312191972519
 0.8202417601984944
 0.7858304424237122
 0.8401144314710649
 0.9953486865082846
 0.7484523552181021
 0.7028277295368687
 0.8120345456690523
 0.970994758319608
 1.031980884096208
 1.045013524411864
 0.9091651523212873
 0.9909981061288153
 1.000000000003532
 0.9998574632231617
 1.000000000000051
 0
 0
 0.3678794411714423
 0.9040968810578166
 0.8513648408920638
 0.9202529090093869
 0.7580687942868365
 0.7776189072580387
 0.8165667431338941
 0.8244897414966158
 0.7710698945305091
 0.880677828536724
 0.7968330204018266
 0.8381858007395832
 0.7842536181407724
 0.7787794307503864
 0.9263244364559663
 0.9922021293140101
 0.8695727259468592
 0.9658882108039752
 0.8212416069204214
 0.9445164949964269
 0.847995176515373
 0.8651539781865394
 0.9763183565600343
 0.8590275038447466
 0.9275630898191044
 0.9126966353751315
 0.9058096954962935
 1.014992349814363
 0
 0
 0
 0
 0
 0
 0
 0
 0
 0
 0
 0
 0
 0
 0
 0
 0
 0
 0
 0
 0
 0
 0
 0
 0
 0
 0
 0
 0
 0
 0
 0
 0
 0
 0
 0
 0
 0
 0
 0
 0
 0
 0
 0
 0
 0
 0
 0
 0
 0
 0
 0
 0
 0
 0
 0
 0
 0
 0
 0
 0
 0
 0
 0
 0
 0
 0
 0
 0
 0
 0
 0
 0
 0
 0
 0
 0
 0
 0
 0
 0
 0
 0
 0
 0
 0
 0
 0
 0
 0
 0
 0
 0
 0
 0
 0
 0
 0
 0
 0
 0
 0
 0
 0
 0
 0
 0
 0
 0
 0
 0
 0
 0
 0
 0
 0
 0
 0
 0
 0
 0
 0
 0
 0
 0
 0
 0
 0
 0
 0
 0
 0
 0
 0
 0
 0
 0
 0
 0
 0
 0
 0
 0
 0
 0
 0
 0
 0
 0
 0
 0
 0
 1
 1
 1
 1
 1
 1
 1
 1
 1
 1
 1
 1
 1
 1
 1
 1
 1
 1
 1
 1
 1
 1
 1
 1
 1
 1
 1
 1
 0
 0
 0
 0
 0
 0
 0
 0
 0
 0
 0
 0
 0
 0
 0
 0
 0
 0
 0
 0
 0
 0
 0
 0
 0
 0
 0
 0
 0
 0
 0
 0
 0
 0
 0
 0
 0
 0
 0
 0
 0
 0
 0
 0
 0
 0
 0
 0
 0
 0
 0
 0
 0
 0
 0
 0
 0
 0
 0
 0


