# Created by Octave 3.8.2, Fri Nov 20 23:23:00 2015 CET <dkottke@snake5>
# name: mus
# type: matrix
# ndims: 3
 1 30 19
 0
 0
 0.7777777777777775
 0.9759615384615384
 0.9658536585365852
 0.7549019607843137
 0.5763546798029557
 0.6105769230769231
 0.6521739130434782
 0.6000000000000001
 0.832535885167464
 0.8529411764705881
 0.8798076923076924
 0.8877551020408164
 0.871794871794872
 0.8798076923076923
 0.8439542483660131
 0.8484848484848484
 0.8516746411483254
 0.835
 0.8306878306878306
 0.910774410774411
 0.9516908212560387
 0.9461805555555555
 0.95
 0.9615384615384617
 0.9576719576719576
 0.9591836734693878
 0.9451090781140042
 0.9555555555555556
 0
 0
 0.6666666666666666
 1
 1
 0.7
 0.7
 0.7
 0.8
 0.9
 0.8
 0.8
 0.8
 1
 1
 1
 1
 1
 1
 1
 1
 0.96
 0.9099999999999999
 0.9199999999999999
 0.96
 0.9199999999999999
 0.9666666666666668
 0.9666666666666668
 0.9666666666666668
 0.9666666666666668
 0
 0
 0.8419698602928606
 0.887623011763812
 0.8923562816487601
 0.7871430771291592
 0.8145779694102897
 0.8651476141165744
 0.8589648047823701
 0.9118524232662277
 0.8277671496736601
 0.8710311022671512
 0.9079538029210473
 0.9350005450500205
 0.9067791208833761
 0.9532169450010362
 0.9536109301579473
 0.9812374078757015
 0.9914250366032801
 0.9705024247906494
 0.9911243188875284
 0.9549265586478302
 0.9637184091103963
 0.9563431357982705
 0.9706378987398789
 0.9822517071678097
 0.9789097962820402
 0.9743194067091843
 0.983172276485102
 0.9761032802416385
 0
 0
 0.99132738438075
 0.8342436118948526
 0.7897824902630672
 0.6634290288535958
 0.7277736689069285
 0.7468475951880927
 0.805309511047575
 0.8464069739439641
 0.7911532463347921
 0.8692140259105871
 0.8531624610719762
 0.8614524745417869
 0.872682089619558
 0.8870984401324035
 0.9022070514252452
 0.9119630142006114
 0.9242585528272911
 0.9314750366741932
 0.9343793163819923
 0.9096653935233472
 0.9064281159534524
 0.9138680498090009
 0.9164845470532265
 0.9238847432563323
 0.9226590901853567
 0.9274081011375164
 0.9301748311688971
 0.9382805879340145
 0
 0
 0.6666666666666666
 1
 1
 0.8333333333333334
 0.5714285714285714
 0.375
 0.7777777777777778
 0.8
 0.9090909090909091
 1
 1
 1
 1
 1
 1
 1
 1
 1
 1
 1
 1
 1
 1
 1
 1
 1
 0
 1
 0
 0
 0.7135422968450923
 0.5964588400928926
 0.9789129202897631
 0.6646084617647814
 0.7364343956654822
 0.7516302106729714
 0.7928851215758604
 0.8168921865307278
 0.7955488957407868
 0.9505616854919442
 0.8215412020574245
 0.8108073555942763
 0.9714185777910354
 0.9541688112927013
 0.8616400693018208
 0.9517610556082491
 0.8850613234495749
 0.8837797797152861
 0.9060827625660078
 0.9261289216728382
 0.8900951940166028
 0.8994226764759997
 0.8844000979516067
 0.8995996400613122
 0.8691547351079945
 0.9905126378624459
 0.9083917217037679
 0.993764292878296
 0
 0
 0.7892931470571475
 0.7458121381925981
 0.7745038803063538
 0.7898068634630838
 0.8056047651396551
 0.7906037323677804
 0.8294436874766621
 0.8090470415664536
 0.8226138515026225
 0.8440290681537719
 0.8231737485800373
 0.857168201068472
 0.8862505092895184
 0.8975806118763822
 0.8945780204391932
 0.897311118190201
 0.9044663466733937
 0.9246850487467603
 0.9427009809110175
 0.9085805060157351
 0.8983744585187851
 0.9403752654863697
 0.9862262467805758
 0.9010004365318074
 0.9214636948245772
 0.9452723091304709
 0.9051267979997859
 0.9882065787691768
 0
 0
 0.995118961404668
 0.7760477505247299
 0.7674410575639472
 0.6435218574064785
 0.7486498631248147
 0.7509567538958284
 0.7909489081011789
 0.8200353248809321
 0.7981773706184854
 0.8495648484956916
 0.8264939606798135
 0.8506678871157409
 0.8651780435644206
 0.8752424707323396
 0.8969266968083414
 0.9222035422267887
 0.9338597425602883
 0.9339780698185541
 0.9485571564400775
 0.9276479738488677
 0.9266398005855895
 0.9273926429946675
 0.941130314668457
 0.9439149928084303
 0.9415418429894142
 0.9460906314233976
 0.9514027582839657
 0.9534062426517792
 0
 0
 0.9999234327284676
 1
 0.999999999999998
 0.9999999999998772
 0.9999999961361467
 0.9999999997827943
 0.999999999926905
 0.9999999999597639
 0.9999999999999999
 0.9999999982770849
 0.9939546869798214
 0.9836616477715935
 0.974824469238494
 0.9732437803109395
 0.9754557604299664
 0.972991228332216
 0.9727731983556694
 0.9637722967514041
 0.9622660899488116
 0.9572993497975615
 0.9536859318137345
 0.9562384605748281
 0.9466561843471193
 0.9588780089481158
 0.9475713770675487
 0.9504905525176696
 0.9419447637782588
 0.9426253613870138
 0
 0
 0.7332124784017878
 0.5766325412616868
 0.9778199193725046
 0.6098720788530054
 0.7527283266822173
 0.725290543345953
 0.7649028361826522
 0.8191395786806726
 0.8679238005445014
 0.8112407633527281
 0.8072854509080284
 0.8836163276151356
 0.9115470970646448
 0.9052667152212085
 0.8916341927424186
 0.9818953503124283
 0.9063925376731794
 0.9284603565478711
 0.9427673140736417
 0.9107228452770451
 0.9152777742606164
 0.9215033236513397
 0.9914618205813261
 0.9461105925513787
 0.9412940149806702
 0.961055364904401
 0.9439925217042806
 0.9492558295204675
 0
 0
 0.7892931470571475
 0.7469540592363036
 0.753123178163726
 0.7716096647480334
 0.7430184586525117
 0.7794386028430833
 0.8079803427143994
 0.7680277235245584
 0.7943664210197099
 0.8057616340165245
 0.8027261194413257
 0.8286031815665281
 0.8558929903839324
 0.8562921613958627
 0.8671097020738634
 0.8615191150053991
 0.8760938079669407
 0.8927723858484613
 0.891334535486185
 0.8945664343271067
 0.9375255826161855
 0.8892095998703484
 0.938195245715414
 0.9138962965622461
 0.9657565670056809
 0.9095557286172584
 0.9632594348009207
 0.985695704965496
 0
 0
 0
 0
 0
 0
 0
 0
 0
 0
 0
 0
 0
 0
 0
 0
 0
 0
 0
 0
 0
 0
 0
 0
 0
 0
 0
 0
 0
 0
 0
 0
 0
 0
 0
 0
 0
 0
 0
 0
 0
 0
 0
 0
 0
 0
 0
 0
 0
 0
 0
 0
 0
 0
 0
 0
 0
 0
 0
 0
 0
 0
 0
 0
 0
 0
 0
 0
 0
 0
 0
 0
 0
 0
 0
 0
 0
 0
 0
 0
 0
 0
 0
 0
 0
 0
 0
 0
 0
 0
 0
 0
 0
 0
 0
 0
 0
 0
 0
 0
 0
 0
 0
 0
 0
 0
 0
 0
 0
 0
 0
 0
 0
 0
 0
 0
 0
 0
 0
 0
 0
 0
 0
 0
 0
 0
 0
 0
 0
 0
 0
 0
 0
 0
 0
 0
 0
 0
 0
 0
 0
 0
 0
 0
 0
 0
 0
 0
 0
 0
 0
 0
 0.9999864300491645
 0.9999999863011301
 0.9999999999795298
 1
 0.9999998011551943
 0.9999972848704469
 0.9999999588121815
 0.9977800919846289
 0.9999992389355723
 0.9877531884465031
 0.9941404272689904
 0.9829966712196755
 0.9809011025354899
 0.9763024516883793
 0.9698462945402161
 0.9729912969138284
 0.9780078074984343
 0.9714827771130597
 0.9679701641670582
 0.9606172537733632
 0.9603994687237639
 0.9545991160922372
 0.9537435219357751
 0.958629541736524
 0.949292494618011
 0.9641442507987081
 0.9435056220269222
 0.9326438708362375
 0
 0
 0
 0
 0
 0
 0
 0
 0
 0
 0
 0
 0
 0
 0
 0
 0
 0
 0
 0
 0
 0
 0
 0
 0
 0
 0
 0
 0
 0
 0
 0
 0
 0
 0
 0
 0
 0
 0
 0
 0
 0
 0
 0
 0
 0
 0
 0
 0
 0
 0
 0
 0
 0
 0
 0
 0
 0
 0
 0


