# Created by Octave 3.8.2, Fri Nov 20 21:37:22 2015 CET <dkottke@snake7>
# name: mus
# type: matrix
# ndims: 3
 1 30 19
 0
 0
 0.8838763575605687
 0.8795986622073578
 0.8861924686192474
 0.8886097152428812
 0.9415204678362578
 0.9362416107382551
 0.9356725146198822
 0.916806722689076
 0.918265221017514
 0.92003367003367
 0.926421404682273
 0.9223529411764708
 0.9248945147679319
 0.8724662162162162
 0.871680672268907
 0.8771043771043772
 0.9047619047619042
 0.926271186440678
 0.9314954051796152
 0.9353254769921432
 0.9381270903010031
 0.9353741496598641
 0.9344680851063835
 0.9356187290969894
 0.936026936026936
 0.9308390022675737
 0.9259882253994952
 0.9230769230769224
 0
 0
 0.6666666666666666
 1
 0.8
 0.8
 0.6
 0.8
 0.8
 0.8
 0.8
 0.8333333333333333
 0.8333333333333333
 0.8666666666666666
 0.8666666666666666
 0.8666666666666666
 0.9333333333333332
 0.95
 0.9
 0.8
 0.8
 0.8099999999999999
 0.8299999999999998
 0.8799999999999999
 0.9199999999999999
 0.8866666666666667
 0.8866666666666667
 0.8933333333333333
 0.8933333333333333
 0.9
 0
 0
 0.7222500574844216
 0.8661133538592291
 0.8503981344105747
 0.8777900252931455
 0.851451668675289
 0.8598799427930031
 0.8921180912932595
 0.8433198565583726
 0.8143384344358433
 0.8427012710414277
 0.8885962767512147
 0.8984630222193279
 0.900591776948941
 0.883535029103089
 0.8609692162262939
 0.8867348665540992
 0.8776072898896485
 0.8883389483212862
 0.8916382437764262
 0.9124699651650084
 0.8991478869158551
 0.9014941742272057
 0.920263316143653
 0.927134815458825
 0.9199094615951645
 0.9231337007382623
 0.9323879964812001
 0.9325168243790969
 0
 0
 0.888888888907776
 0.9851250004362507
 0.8661140513828339
 0.9195624073563421
 0.8543665364587086
 0.8694743811773112
 0.8660013550974257
 0.891470179116167
 0.9230379842386514
 0.909388854168543
 0.9130818832515177
 0.9324390909040738
 0.9316570723648558
 0.9158779249809242
 0.9079151691907701
 0.9252449244611086
 0.8657562759025237
 0.9049210992921178
 0.9458922442245373
 0.9469814859665123
 0.937393146496699
 0.9365368383204289
 0.9405966516918245
 0.9432803024018223
 0.9609845809071654
 0.9589726184947142
 0.9375076414987273
 0.943562240041889
 0
 0
 0.6666666666666666
 1
 0.8
 0.8333333333333334
 1
 0.875
 0.7777777777777778
 1
 0.9090909090909091
 0.9166666666666666
 1
 1
 1
 1
 1
 1
 1
 1
 1
 1
 1
 0
 0
 1
 1
 1
 1
 1
 0
 0
 1.00000000004572
 1.333333333986484
 0.9500000002369735
 1.008333333737048
 1.069047620027929
 0.9285714291003602
 0.8179570648856533
 1.038690487446402
 0.9371212481638787
 0.940151568075871
 1.028321723382179
 1.032679829718391
 0.9723404807090131
 1.009418958297733
 0.9413090818156601
 1.006410584917854
 0.8969599070699612
 0.9414896584608581
 0.9224153613588255
 1.027778964713298
 1.068182255199553
 0.6726448520789425
 0.5417022210538773
 0.8333378621551883
 1.00000000306649
 1.031517968720788
 1.000000004844961
 1.024758583271368
 0
 0
 0.3678794411714423
 0.7166492103521434
 0.8178656786134489
 0.8765247670750759
 0.8757628976776017
 0.903479328740677
 0.8612418707357893
 0.7974449402653084
 0.9899096037343109
 0.8853968262549474
 0.843415991531236
 0.8804769115726818
 0.884559484669793
 0.8626866835826985
 0.917915393609988
 0.895237156087585
 0.8900341522834976
 0.9230056622832872
 0.9259688231417613
 0.9440943451499678
 0.8959977959543768
 0.9090397114860814
 0.9445096077848464
 0.9656279755440142
 0.9171276518566883
 0.9450443948222434
 0.9501916503624324
 0.9439587505141809
 0
 0
 0.8888888888964837
 0.9068437930775397
 0.8832052288127291
 0.9609780155609181
 0.9072426836720729
 0.9129380154882359
 0.8934127954098185
 0.897273433918643
 0.9144670887273202
 0.9169430923425926
 0.9160688371029221
 0.9319827509815317
 0.9389679122457987
 0.9310913875782285
 0.9248815164838717
 0.9378069744682144
 0.8897171634752287
 0.9020905027410834
 0.9324506140110469
 0.9279328515722999
 0.9477277300909899
 0.9490784510622191
 0.9357230383276529
 0.9437538222685327
 0.9534831585232284
 0.9518918768118708
 0.9497526442370076
 0.9459253992044757
 0
 0
 1
 1
 1
 1
 1
 1
 1
 1
 1
 1
 1
 1
 1
 1
 1
 1
 1
 1
 1
 1
 1
 1
 1
 1
 1
 1
 1
 1
 0
 0
 0.9999999999975949
 1.333333333326782
 0.9823076849676918
 1.210535406677361
 1.068572347272713
 0.9992466078685762
 0.8392036218402313
 0.9426294159058959
 0.8995205193651288
 0.8460291520735044
 0.9088787870280269
 0.8715162716307924
 0.8726857131706642
 0.8753208095204212
 0.8893491983010126
 0.900591599212859
 0.8313553727675593
 0.8611283398333017
 1.047925282706606
 0.9433221673161569
 1.049944116336672
 0.8563987099413919
 0.9890667625229648
 0.9892768998382393
 1.000000000001643
 0.8817248904030522
 1.00000000000743
 0.8711520118354973
 0
 0
 0.3678794411714423
 0.7445897447705754
 0.8907078729704978
 0.8671020433383854
 0.8744769474750744
 0.8687783146782251
 0.913742906411398
 0.8273351770614361
 1.076709449034183
 1.03611645707131
 0.9202165996775766
 1.130131588537162
 0.9270708213360983
 0.9445932156825645
 1.00390474593489
 1.028129248560164
 0.9417301848887942
 0.9542999901204946
 0.9839968152146171
 1.029776766708135
 0.9020546344581308
 0.9345764764247164
 1.069686150016013
 1.04152605378048
 0.9200870701795727
 1.001277629391325
 1.006820162189125
 0.9718995591718863
 0
 0
 0
 0
 0
 0
 0
 0
 0
 0
 0
 0
 0
 0
 0
 0
 0
 0
 0
 0
 0
 0
 0
 0
 0
 0
 0
 0
 0
 0
 0
 0
 0
 0
 0
 0
 0
 0
 0
 0
 0
 0
 0
 0
 0
 0
 0
 0
 0
 0
 0
 0
 0
 0
 0
 0
 0
 0
 0
 0
 0
 0
 0
 0
 0
 0
 0
 0
 0
 0
 0
 0
 0
 0
 0
 0
 0
 0
 0
 0
 0
 0
 0
 0
 0
 0
 0
 0
 0
 0
 0
 0
 0
 0
 0
 0
 0
 0
 0
 0
 0
 0
 0
 0
 0
 0
 0
 0
 0
 0
 0
 0
 0
 0
 0
 0
 0
 0
 0
 0
 0
 0
 0
 0
 0
 0
 0
 0
 0
 0
 0
 0
 0
 0
 0
 0
 0
 0
 0
 0
 0
 0
 0
 0
 0
 0
 0
 0
 0
 0
 0
 0
 1
 1
 1
 1
 1
 1
 1
 1
 1
 1
 1
 1
 1
 1
 1
 1
 1
 1
 1
 1
 1
 1
 1
 1
 1
 1
 1
 1
 0
 0
 0
 0
 0
 0
 0
 0
 0
 0
 0
 0
 0
 0
 0
 0
 0
 0
 0
 0
 0
 0
 0
 0
 0
 0
 0
 0
 0
 0
 0
 0
 0
 0
 0
 0
 0
 0
 0
 0
 0
 0
 0
 0
 0
 0
 0
 0
 0
 0
 0
 0
 0
 0
 0
 0
 0
 0
 0
 0


