# Created by Octave 3.8.2, Fri Nov 20 20:24:06 2015 CET <dkottke@snake10>
# name: mus
# type: matrix
# ndims: 3
 1 30 19
 0
 0
 0.5008347245409018
 0.5412026726057907
 0.5181058495821728
 0.501114827201784
 0.5047248471372983
 0.5027901785714286
 0.5036292573981014
 0.6039106145251395
 0.6985100788781775
 0.6895973154362414
 0.7160906726124111
 0.6699218749999993
 0.5243697478991598
 0.5251116071428571
 0.5427450980392154
 0.5347923681257017
 0.5336746120620699
 0.5876404494382025
 0.6162464985994398
 0.604501808205512
 0.5810107766629506
 0.5861486486486488
 0.5735211267605634
 0.6007060572277964
 0.6122334455667787
 0.6261160714285713
 0.6156840934371524
 0.5977401129943505
 0
 0
 1
 0.5
 0.6
 0.9
 0.7
 0.8
 0.7
 0.6
 0.4333333333333333
 0.7666666666666666
 0.6333333333333333
 0.6333333333333333
 0.4666666666666667
 0.55
 0.5333333333333333
 0.5666666666666667
 0.4833333333333333
 0.45
 0.43
 0.49
 0.53
 0.5900000000000001
 0.6
 0.6133333333333333
 0.5599999999999999
 0.6000000000000001
 0.5533333333333333
 0.6666666666666666
 0
 0
 1
 0.7565165254882593
 0.684111230881431
 0.8672546826460028
 0.7757197089699405
 0.7831826483218047
 0.788942984544002
 0.6935681955633601
 0.6531689662530865
 0.651872917686651
 0.6553070852509697
 0.4631105401586856
 1.448605492932012
 0.5568918521544232
 0.6041251081363632
 0.5506616924582524
 0.5864608367914594
 0.5803249496239664
 0.5411308125665227
 0.4911211260735922
 0.577778765522252
 0.4780831890428989
 0.5714352966187671
 0.586328267460436
 0.5254414998348479
 0.5485164734164367
 0.5161846244138963
 0.5074230471639725
 0
 0
 1
 0.5972368619755306
 0.6700120467878439
 0.9361503312318001
 0.8286262656824606
 0.7958465268589975
 0.9160034638030183
 0.7509560723150155
 0.7093736835594866
 0.7660946656437605
 0.7386507618960982
 0.573843928760818
 0.4605156609372119
 0.5813216252230867
 0.5338135233375747
 0.4988158545705232
 0.5672673841510232
 0.4976263383076482
 0.5177555301729982
 0.4532104720030304
 0.5104834796585968
 0.5406177657125116
 0.5515418873118141
 0.5631681457284848
 0.5708928736813106
 0.55732217198598
 0.591834630052376
 0.6006885485489388
 0
 0
 1
 0.75
 0.6
 1
 0.5714285714285714
 0.75
 1
 0.8
 0.7272727272727273
 0.9166666666666666
 0.6923076923076923
 0.3333333333333333
 0.2
 1
 0
 1
 0
 0
 0
 1
 1
 1
 1
 1
 0
 0
 0
 1
 0
 0
 1.000000000019487
 0.7777777781442023
 0.6250000095329789
 1.108333334176855
 0.6833338690237682
 0.7839285729176837
 1.008928576452266
 0.7942460415676935
 0.742424247854492
 0.9080834885643595
 0.7048951682478499
 0.4888238010674829
 0.4023726749166736
 0.7629820987181379
 0.3709740176006529
 0.7145841712220427
 0.3422522966414818
 0.3792046584069254
 0.3032800085508504
 0.6165126550884448
 0.6767074074330104
 0.5354970358173157
 0.8082331775413911
 0.7478843338821216
 0.5000244423282303
 0.2708661867285851
 0.4583443445374321
 0.5941520104433837
 0
 0
 1
 0.7496260040088613
 0.7872958688060364
 0.8484372584442119
 0.8052660578041251
 0.7980828110974683
 0.7918247349905538
 0.6851992630033308
 0.6799270717626945
 0.6794991677814866
 0.8030181600531622
 0.6627660060171735
 0.6384993900638987
 0.6380011743049963
 0.6205657230920992
 0.5947993976492302
 0.5888004067452501
 0.7058476011866128
 0.6813838067077232
 0.6091511770733208
 0.6494376641536195
 0.6100411094173956
 0.6278542771944747
 0.6667121999845671
 0.6270773821561332
 0.6465889220449567
 0.6596171892735812
 0.5923971121678033
 0
 0
 1
 0.6415590438932781
 0.6287103310590237
 0.8461556751431453
 0.8457875222945703
 0.8330936916534759
 0.9012619854335648
 0.8186232738768687
 0.7028827436589326
 0.7802861544454577
 0.7203487180498351
 0.5987279677161776
 0.5036765205167528
 0.5768182880665831
 0.5571707395666858
 0.5268064030528588
 0.5798537059568084
 0.5447941088004221
 0.5392063034938773
 0.4859021939155835
 0.4977950027200602
 0.5396913610856369
 0.573543882475246
 0.5524021372350841
 0.5351326935975851
 0.5603666724684636
 0.5679155135119208
 0.5940579257599397
 0
 0
 1
 1
 1
 1
 1
 1
 1
 1
 1
 1
 1
 1
 1
 1
 1
 1
 1
 1
 1
 1
 1
 1
 1
 1
 1
 1
 1
 1
 0
 0
 1.000000000022784
 0.769607843208838
 0.5583341214197548
 1.054231434573388
 0.8441184587815329
 0.7588101285386242
 0.7762468957010858
 0.6837117603851086
 0.6714471761646288
 0.6856748151554545
 0.6474765421786377
 0.6425163125986905
 0.4599575816928412
 0.5562716720305211
 0.5159977532868218
 0.5284082330518809
 0.5172613129901448
 0.5293979251065287
 0.5291740366166667
 0.3831219851443258
 0.489896077637559
 0.4749131839291202
 0.2425311333103908
 0.6473208225156153
 0.6027775605826466
 0.7393977057567435
 0.4963059284936887
 0.5805627311679908
 0
 0
 1
 0.7648829026007928
 0.8293054510296656
 0.8869299362581575
 0.8324781522712387
 0.8468891889229084
 0.8454168156402475
 0.7199646527624168
 0.7530964394483302
 0.6985148667201383
 0.7303479016107119
 0.6286824026729759
 0.7598685478347226
 0.6588794043547248
 0.7688254511045828
 0.6763582041091756
 0.5756257922300784
 0.6388547710849374
 0.7277778901183184
 0.7138832978207421
 0.6734281195720746
 0.5863947594216283
 0.6397249840451492
 0.6631242309165825
 0.6485388449921035
 0.6928850754805065
 0.7284742539497099
 0.6145003015201986
 0
 0
 0
 0
 0
 0
 0
 0
 0
 0
 0
 0
 0
 0
 0
 0
 0
 0
 0
 0
 0
 0
 0
 0
 0
 0
 0
 0
 0
 0
 0
 0
 0
 0
 0
 0
 0
 0
 0
 0
 0
 0
 0
 0
 0
 0
 0
 0
 0
 0
 0
 0
 0
 0
 0
 0
 0
 0
 0
 0
 0
 0
 0
 0
 0
 0
 0
 0
 0
 0
 0
 0
 0
 0
 0
 0
 0
 0
 0
 0
 0
 0
 0
 0
 0
 0
 0
 0
 0
 0
 0
 0
 0
 0
 0
 0
 0
 0
 0
 0
 0
 0
 0
 0
 0
 0
 0
 0
 0
 0
 0
 0
 0
 0
 0
 0
 0
 0
 0
 0
 0
 0
 0
 0
 0
 0
 0
 0
 0
 0
 0
 0
 0
 0
 0
 0
 0
 0
 0
 0
 0
 0
 0
 0
 0
 0
 0
 0
 0
 0
 0
 0
 1
 1
 1
 1
 1
 1
 1
 1
 1
 1
 1
 1
 1
 1
 1
 1
 1
 1
 1
 1
 1
 1
 1
 1
 1
 1
 1
 1
 0
 0
 0
 0
 0
 0
 0
 0
 0
 0
 0
 0
 0
 0
 0
 0
 0
 0
 0
 0
 0
 0
 0
 0
 0
 0
 0
 0
 0
 0
 0
 0
 0
 0
 0
 0
 0
 0
 0
 0
 0
 0
 0
 0
 0
 0
 0
 0
 0
 0
 0
 0
 0
 0
 0
 0
 0
 0
 0
 0


