# Created by Octave 3.8.2, Mon Nov 16 04:15:12 2015 CET <dkottke@snake7>
# name: mus
# type: matrix
# ndims: 3
 1 30 19
 0
 0
 0.9440267335004178
 0.9381270903010034
 0.933891213389122
 0.9371859296482415
 0.9379003063213596
 0.9404362416107382
 0.9239766081871336
 0.9243697478991602
 0.93160967472894
 0.9158249158249162
 0.9262123745819387
 0.9273949579831935
 0.9274261603375523
 0.9256756756756757
 0.9277310924369742
 0.9276094276094273
 0.928989139515455
 0.9262711864406783
 0.9273182957393481
 0.926907968574635
 0.9297658862876256
 0.9302721088435372
 0.9404255319148941
 0.9314381270903004
 0.9370791245791245
 0.9394841269841271
 0.9411269974768709
 0.9401709401709397
 0
 0
 0.3333333333333333
 0.5
 0.8
 0.8
 0.8
 0.9
 1
 1
 0.9333333333333332
 1
 0.9333333333333332
 0.8333333333333333
 0.8666666666666668
 0.95
 0.95
 0.9333333333333332
 0.95
 0.95
 0.95
 0.96
 0.95
 0.96
 0.96
 0.96
 0.9666666666666668
 0.96
 0.9
 0.9
 0
 0
 0.8136054762428612
 0.6814896409003391
 0.8408490791601859
 0.7987749554395758
 0.8335415861751465
 0.8809506280872883
 0.8783060420758627
 0.8953356313630048
 0.9098013346516589
 0.9241455329405731
 0.904952014731753
 0.9129329182661141
 0.8936595818602713
 0.920255636823496
 0.9447217616731746
 0.9593168717672932
 0.9289138242495388
 0.9405455496612918
 0.9426336882307911
 0.9559365268432329
 0.9577119663410785
 0.9667342952707927
 0.9514437319105918
 0.9531220444030929
 0.947511480483504
 0.9422575427859005
 0.9458309899988293
 0.9420255344595594
 0
 0
 0.6220735709499794
 0.4817203832427622
 0.6242961272385188
 0.7964999643087007
 0.6453711688895952
 0.776874834941384
 0.7568186567792456
 0.8183323452542038
 0.7976022271259841
 0.8213383595742335
 0.7976644665202267
 0.8210871629167916
 0.8388231292995985
 0.8409244401702251
 0.8497834101490399
 0.8504258709872561
 0.8520652030671166
 0.8561871859097557
 0.8673827076269733
 0.8746823927363563
 0.8859227831287575
 0.8917002883492198
 0.8802124502529266
 0.8721031827535298
 0.8796171170085373
 0.8837753731187304
 0.8837669835855211
 0.887907145205775
 0
 0
 0.4434093960850872
 0.545507683751445
 0.7063485049302369
 0.7494625059243815
 0.7030573215716815
 0.7636854507204995
 0.7620462452585258
 0.8079236114585079
 0.8062227448503435
 0.820996719046501
 0.7829325634949369
 0.8358796044853221
 0.8396136932681715
 0.8437889431883112
 0.8526436667918046
 0.8519419278390565
 0.8419836859338392
 0.8532912263711387
 0.8667397631469728
 0.87541286414437
 0.8818338791628592
 0.8890652924710474
 0.8810934079205721
 0.8737673940677994
 0.8782966954385613
 0.8814847198564111
 0.8850530137549706
 0.8916427680535226
 0
 0
 0.7352635544993271
 0.5553566315034473
 0.6400025251113948
 0.7466597765841045
 0.6836552502886737
 0.7140742522321009
 0.7905918907469478
 0.7864394833168206
 0.7741863481760902
 0.7670944079430199
 0.7799176118526301
 0.7732581820854378
 0.8261686318280843
 0.8122250467711173
 0.8088893633193693
 0.8438962624377725
 0.8507222461093974
 0.86755998636999
 0.8791851001673364
 0.864459860125529
 0.9350984088275932
 0.8744305268063587
 0.8567512800439855
 0.8563389212409643
 0.9269329060541163
 0.8690702684382714
 0.8902003830424391
 0.8316104897265177
 0
 0
 0.3678794411714423
 0.7963962433786593
 0.7192475380662249
 0.8076538968694162
 0.7537374332679136
 0.7763526624274566
 0.7669985890107812
 0.8130866126058045
 0.7816254358474579
 0.8193544034300246
 0.8582559083287666
 0.8635594612020491
 0.8453973869957113
 0.8058414489623965
 0.8244447269212642
 0.905755816966467
 0.8962626327056867
 0.8489405647862607
 0.9669768890061929
 0.8800340937391657
 0.9665722242239756
 0.8926847947252345
 0.9151398427084328
 0.8966298464169437
 0.8958396788451802
 0.8982746551701073
 0.899412734712757
 0.9115076264130699
 0
 0
 0.6168781843401701
 0.4610326238674178
 0.6290246692116302
 0.7934863904937279
 0.6345346825855757
 0.746778261611025
 0.7575272226529288
 0.8381426001953024
 0.8263278022216944
 0.8463090277465177
 0.8274702825701634
 0.8461527012915151
 0.8732284302271358
 0.8791394948265668
 0.8810599519576585
 0.8781007204449399
 0.8816113051783269
 0.8858179475674233
 0.897312553312417
 0.9021071245032788
 0.9110118247626739
 0.9325587703354503
 0.9121607854839494
 0.9064483674203317
 0.9118080469711229
 0.9128734714236504
 0.9154825174424942
 0.9189155079724468
 0
 0
 0.444515211590172
 0.527139821835508
 0.6749220794099432
 0.7215000560473884
 0.6813294971271708
 0.755930416961881
 0.7677971028628457
 0.8072025851081389
 0.8256179817630925
 0.8589130516030724
 0.816364962522765
 0.8683799916306977
 0.8701393489397303
 0.8659895476389359
 0.8814739204711518
 0.893623115808227
 0.8759820673366894
 0.882457724598126
 0.8962243962624167
 0.9109817595526343
 0.9165232685926954
 0.9297373326563455
 0.9173943911226945
 0.9088863253069324
 0.9071083920991969
 0.9070738592959661
 0.9169200489490857
 0.9253178498077786
 0
 0
 0.6781429407323722
 0.5381191730135827
 0.571666666667009
 0.7434209244855702
 0.6223870199861483
 0.7194735086887836
 0.7417532870142833
 0.8757121675563906
 0.824986658081664
 0.7967647760713653
 0.8126134497082778
 0.8491842580636102
 0.8476949303525014
 0.866770647310301
 0.8760222085663508
 0.8598185371731071
 0.8968601569534465
 0.8885830893510468
 0.8927198198667502
 0.8994797859411646
 0.9066679322945425
 0.9296722722168433
 0.9236669849079809
 0.8944981100935081
 0.9101768256443235
 0.9115174482090994
 0.9162286159281838
 0.9099591020070571
 0
 0
 0.3678794411714423
 0.83407703150738
 0.7409110355029354
 0.8680280274563018
 0.7527081486056122
 0.7607336554420173
 0.7611431782109841
 0.7909181370418966
 0.8426393487416673
 0.8096530203208903
 0.8072205554088058
 0.8297520721355983
 0.8331645306410554
 0.8182523435718236
 0.8167628362842713
 0.8864567762384536
 0.910988628244251
 0.8706998692602732
 0.9114785750212827
 0.8841791975538056
 0.9096855985956736
 0.9138680700586187
 0.9166518760870199
 0.9056558026459288
 0.9061594775850856
 0.9288661764290647
 0.9128379508382903
 0.9134588327652257
 0
 0
 0
 0
 0
 0
 0
 0
 0
 0
 0
 0
 0
 0
 0
 0
 0
 0
 0
 0
 0
 0
 0
 0
 0
 0
 0
 0
 0
 0
 0
 0
 0
 0
 0
 0
 0
 0
 0
 0
 0
 0
 0
 0
 0
 0
 0
 0
 0
 0
 0
 0
 0
 0
 0
 0
 0
 0
 0
 0
 0
 0
 0
 0
 0
 0
 0
 0
 0
 0
 0
 0
 0
 0
 0
 0
 0
 0
 0
 0
 0
 0
 0
 0
 0
 0
 0
 0
 0
 0
 0
 0
 0
 0
 0
 0
 0
 0
 0
 0
 0
 0
 0
 0
 0
 0
 0
 0
 0
 0
 0
 0
 0
 0
 0
 0
 0
 0
 0
 0
 0
 0
 0
 0
 0
 0
 0
 0
 0
 0
 0
 0
 0
 0
 0
 0
 0
 0
 0
 0
 0
 0
 0
 0
 0
 0
 0
 0
 0
 0
 0
 0
 0.308755322239713
 0.477717555184018
 0.6765186145119378
 0.7120104146408774
 0.6796350011425294
 0.7495435967044116
 0.7732705762983166
 0.8150802830401829
 0.8256340328735849
 0.8568477767303907
 0.8174828774827601
 0.8682262346313347
 0.8785987247548446
 0.8624660659681433
 0.880111278800479
 0.8917359383756456
 0.8736925249060891
 0.8799815388437827
 0.8953319214044128
 0.9093113934405802
 0.9157888248696449
 0.9307504332423782
 0.9136961941109397
 0.9069329442671326
 0.9053555993671958
 0.9075722979139098
 0.9161026776067623
 0.9222105188097175
 0
 0
 0
 0
 0
 0
 0
 0
 0
 0
 0
 0
 0
 0
 0
 0
 0
 0
 0
 0
 0
 0
 0
 0
 0
 0
 0
 0
 0
 0
 0
 0
 0
 0
 0
 0
 0
 0
 0
 0
 0
 0
 0
 0
 0
 0
 0
 0
 0
 0
 0
 0
 0
 0
 0
 0
 0
 0
 0
 0


