# Created by Octave 3.8.2, Fri Nov 20 20:18:31 2015 CET <dkottke@snake5>
# name: mus
# type: matrix
# ndims: 3
 1 30 19
 0
 0
 0.4987468671679202
 0.4983277591973244
 0.4979079497907947
 0.4974874371859297
 0.4954051796157059
 0.7860738255033557
 0.8671679197994976
 0.8907563025210086
 0.8857381150959127
 0.8459595959595959
 0.8001672240802671
 0.7998319327731092
 0.8227848101265821
 0.8057432432432432
 0.9422689075630245
 0.9503367003366996
 0.9470899470899466
 0.9466101694915254
 0.9122807017543856
 0.9176487093153758
 0.9172240802675586
 0.9447278911564627
 0.9531914893617028
 0.95819397993311
 0.9509680134680134
 0.9479875283446714
 0.944491169049621
 0.9418803418803415
 0
 0
 1
 1
 1
 1
 1
 0.9
 0.8
 1
 0.9
 0.9333333333333332
 0.9333333333333332
 0.7333333333333333
 0.7333333333333333
 0.8
 0.65
 0.6333333333333333
 0.6
 0.7
 0.7
 0.6399999999999999
 0.6900000000000001
 0.75
 0.6399999999999999
 0.7266666666666667
 0.6
 0.5933333333333334
 0.52
 0.5
 0
 0
 1
 1
 1
 1
 1
 0.8796863869696312
 0.9683939720585721
 0.9783314588962975
 0.8925395049991451
 0.9374410349324911
 0.9129443318899013
 0.9095821214524151
 0.8248223388773447
 0.8254131454444381
 0.7835012176320189
 0.739434897817132
 0.7434293544413175
 0.7669778916538114
 0.7578627333138863
 0.7278728412731693
 0.7562291203890819
 0.7256243037115506
 0.7328371263346976
 0.7303247883166681
 0.719461617944791
 0.7204599972283254
 0.7101912546080997
 0.6721446632450816
 0
 0
 0.9999999993925921
 0.9999999999593284
 0.9999999999891085
 0.9999999999853544
 0.9999999999790853
 0.8660899405864302
 0.944100879253859
 0.9687614596713615
 0.954323348394723
 0.9165508406318733
 0.9171650571786117
 0.9146811607195824
 0.8507077650360066
 0.847786896343901
 0.7651430784332974
 0.7601843582773811
 0.7334823082732562
 0.7349151001353603
 0.7489687820969503
 0.6913248844468411
 0.7540922809051028
 0.7498589043343113
 0.7250088404375374
 0.7341681422282539
 0.7412110145039835
 0.7396232479686037
 0.7038177437432177
 0.6772789884884779
 0
 0
 1
 1
 1
 1
 1
 0.875
 1
 1
 1
 0.75
 0.9230769230769231
 0.8888888888888888
 0.8
 1
 0
 1
 1
 1
 1
 0
 1
 1
 1
 1
 0
 1
 1
 0
 0
 0
 0.9999999999999994
 0.9999999999589853
 0.9999999999413373
 0.9999999999848498
 0.9999999999998361
 0.8349669192267228
 0.9685511237863558
 0.9931323898493692
 0.967655611462768
 0.8764655422517813
 0.9044235688769028
 0.8890596298660367
 0.8456941138569116
 0.9133553824301828
 0.6450158214609142
 0.8396509397275994
 0.8027834548541596
 0.7960191875715836
 0.8164052609255064
 0.5426667592842376
 0.8355380415803728
 0.7319135274940152
 0.7951071201776798
 0.8413728662885711
 0.6594111054851828
 0.7417855737274144
 0.744632624180415
 0.648859018281974
 0
 0
 1
 0.9999999999993651
 1
 0.9999999992364726
 0.9999999999187297
 0.8651484522585042
 0.8688114887054406
 0.8772236361153144
 0.8859589578487154
 0.9109794870988418
 0.9249549852579082
 0.8436677839158832
 0.8002593442534343
 0.8051130829244982
 0.7861875720223415
 0.7742085002641717
 0.7336664191174059
 0.7553749357691337
 0.7316525487929975
 0.7204950339057855
 0.727687967907199
 0.7296241023506488
 0.6976456039154535
 0.7022645907763596
 0.7012605849421663
 0.7076894311923072
 0.6962828024775047
 0.6982341678632591
 0
 0
 0.9999999993611917
 0.9999999999927058
 0.9999999999785305
 0.9999999999933107
 0.9999999999980371
 0.8159285485945219
 0.8677094172020485
 0.9001066092498041
 0.8923019208507602
 0.8751702393447589
 0.8900098600827402
 0.8455952608111431
 0.7799486042631294
 0.7676767069715864
 0.7068651867106763
 0.6906228165559426
 0.680127002133107
 0.6628950922088026
 0.6731408776826471
 0.6424538976726876
 0.6684753485881116
 0.671310682673036
 0.6522776038488561
 0.6517137224000764
 0.6605713497850056
 0.6603900379273798
 0.6374550596861034
 0.6293032456346656
 0
 0
 0.9749477592226413
 0.9205385221472965
 0.9036188521654531
 0.8831907640692608
 0.940957798980061
 0.9259670089853522
 0.9280284676139795
 0.9291494383136901
 0.928672284137951
 0.9128625738663411
 0.9222599932250991
 0.9261283044159692
 0.8961333132174083
 0.907808654406305
 0.9080183511667345
 0.9097549392459016
 0.906180058124967
 0.9087338607078707
 0.9051398651259351
 0.909864122180558
 0.9073319006190131
 0.9014016510530617
 0.9093963040199278
 0.9011863579054068
 0.9034066009779477
 0.9030443502255769
 0.9049073512529213
 0.9099543509977197
 0
 0
 0.9999999999999446
 0.999999999998049
 0.9999999999995099
 0.9999999999992196
 0.9999999999999651
 0.8661637748599078
 0.9787060863460432
 0.9933079732111081
 0.8749665124355751
 0.9129682339885863
 0.9061514922117576
 0.9233008683841231
 0.8689143166968725
 0.8862463029350336
 0.7015343215560477
 0.7827550724134757
 0.7571610046398717
 0.7435290414979249
 0.7669178318924512
 0.6435454344584413
 0.7358710763701743
 0.6600116626264191
 0.7123811938163995
 0.7699089432190429
 0.649818330169999
 0.7690532921652382
 0.7095645652931063
 0.6687370272402755
 0
 0
 1
 0.999999999999357
 0.9999999999999741
 0.9999999999770541
 0.9999999999980707
 0.8533552207475597
 0.897108501739463
 0.895510783273853
 0.5494954917626744
 0.8976084746500427
 0.856748659164154
 0.929919605450124
 0.8660312660236645
 0.819309370079456
 0.8413907852330447
 0.7443827236755408
 0.8263639526989572
 0.7290264603072898
 0.7299509926120867
 0.7167407699947186
 0.7160443830566303
 0.7085114098237585
 0.6007714482947464
 0.703313671312699
 0.7100003448857718
 0.6851478993241026
 0.6877524085572038
 0.6622211310175811
 0
 0
 0
 0
 0
 0
 0
 0
 0
 0
 0
 0
 0
 0
 0
 0
 0
 0
 0
 0
 0
 0
 0
 0
 0
 0
 0
 0
 0
 0
 0
 0
 0
 0
 0
 0
 0
 0
 0
 0
 0
 0
 0
 0
 0
 0
 0
 0
 0
 0
 0
 0
 0
 0
 0
 0
 0
 0
 0
 0
 0
 0
 0
 0
 0
 0
 0
 0
 0
 0
 0
 0
 0
 0
 0
 0
 0
 0
 0
 0
 0
 0
 0
 0
 0
 0
 0
 0
 0
 0
 0
 0
 0
 0
 0
 0
 0
 0
 0
 0
 0
 0
 0
 0
 0
 0
 0
 0
 0
 0
 0
 0
 0
 0
 0
 0
 0
 0
 0
 0
 0
 0
 0
 0
 0
 0
 0
 0
 0
 0
 0
 0
 0
 0
 0
 0
 0
 0
 0
 0
 0
 0
 0
 0
 0
 0
 0
 0
 0
 0
 0
 0
 0.9497975948497199
 0.9361439946433254
 0.891604712766126
 0.9119096791452169
 0.9544206635965761
 0.9172337405940327
 0.9238631051634008
 0.9147463341405455
 0.9145556841243794
 0.9258277746343967
 0.9200088613367975
 0.9229852271889545
 0.9248139908835032
 0.9084895040036779
 0.9129282396750755
 0.9088476343995389
 0.9008286375191127
 0.9128125214355883
 0.9045659843976513
 0.9056792315844332
 0.9127877810782477
 0.9086249434898545
 0.9108287503301417
 0.903100340753773
 0.8919903241443985
 0.9102294854764762
 0.8929916337077249
 0.8970755366650727
 0
 0
 0
 0
 0
 0
 0
 0
 0
 0
 0
 0
 0
 0
 0
 0
 0
 0
 0
 0
 0
 0
 0
 0
 0
 0
 0
 0
 0
 0
 0
 0
 0
 0
 0
 0
 0
 0
 0
 0
 0
 0
 0
 0
 0
 0
 0
 0
 0
 0
 0
 0
 0
 0
 0
 0
 0
 0
 0
 0


