# Created by Octave 3.8.2, Fri Nov 20 20:22:10 2015 CET <dkottke@snake10>
# name: mus
# type: matrix
# ndims: 3
 1 30 19
 0
 0
 0.7089593767390105
 0.7099109131403119
 0.7086350974930367
 0.7179487179487185
 0.6703724291272934
 0.6808035714285714
 0.7185929648241193
 0.7206703910614528
 0.7228109313998885
 0.7225950782997765
 0.7182274247491637
 0.7208426339285715
 0.7232492997198873
 0.6707589285714286
 0.6689449112978524
 0.666666666666667
 0.6654535274356101
 0.7191011235955058
 0.7299719887955179
 0.7295797480982666
 0.7385730211817171
 0.7280405405405407
 0.732957746478873
 0.7305834262356001
 0.7297979797979793
 0.697544642857143
 0.702725250278087
 0.7129943502824858
 0
 0
 0.3333333333333333
 0.75
 0.6
 0.7
 0.7
 0.7
 0.5
 0.6
 0.8666666666666668
 0.8333333333333333
 0.5999999999999999
 0.5666666666666667
 0.7999999999999999
 0.8166666666666667
 0.7499999999999999
 0.8
 0.7666666666666667
 0.55
 0.61
 0.6900000000000001
 0.65
 0.67
 0.72
 0.72
 0.6666666666666667
 0.68
 0.72
 0.7333333333333333
 0
 0
 0.6376869967689975
 0.8970966532139557
 0.7398415387134167
 0.8230062435280039
 0.7256532023815209
 0.7587276213675234
 0.8390199643516606
 0.8168957447926611
 0.7930863764148088
 0.8355580107572851
 0.7538568055622442
 0.8034487708912467
 0.7973129299549362
 0.7233473417599512
 0.7286026899272693
 0.7125177455430962
 0.6754774357493982
 0.693986529014887
 0.6935313405632789
 0.7048599835740178
 0.7735784190650575
 0.7580289638640427
 0.7217828344450166
 0.7674140958761599
 0.7125571495542418
 0.6505202603275813
 0.6959600363482978
 0.7082360292324753
 0
 0
 0.3055680543204412
 0.882949306372786
 0.653341005664872
 0.8142446162898473
 0.8408716277013408
 0.7963486064696628
 0.7155658167778635
 0.7457482152358434
 0.8541819125880894
 0.8605264465603657
 0.7401012896818817
 0.7333435630892731
 0.8366468854962954
 0.8131742712287856
 0.7879679918997555
 0.7927614192335466
 0.7514661147044498
 0.681867706606371
 0.6813626053874255
 0.7408336387331208
 0.7195228522555748
 0.7139838801636509
 0.7291333920318879
 0.7178922428388379
 0.7279728187764927
 0.6516709222347971
 0.662139814977865
 0.6885782282029823
 0
 0
 0.6666666666666666
 0.75
 0.2
 0.8333333333333334
 0.5714285714285714
 0.875
 0.1111111111111111
 0.6
 0.7272727272727273
 0.8333333333333334
 0.6923076923076923
 0.4444444444444444
 0.6
 1
 1
 1
 0
 1
 0
 0
 1
 1
 1
 1
 1
 0
 0
 0
 0
 0
 0.8333333333382693
 0.9722222222600365
 0.5000125016316883
 0.8000000002044582
 0.6892867535231391
 0.851785717871837
 0.5352241663733314
 0.6760932560776586
 0.7489899101512314
 0.8363636633413317
 0.691899766909105
 0.6144730382678996
 0.6922820575511694
 0.9362843420212998
 0.9217732835291254
 0.8684617250471893
 0.520215169042981
 0.9560491361299028
 0.608596073973232
 0.4687723106365962
 0.91500660011673
 0.7693960423012964
 0.6378533216224941
 0.8123746963622407
 0.7407881145890043
 0.5625095380832555
 0.6041919924459643
 0.3958618940046943
 0
 0
 0.7892931470571475
 0.8204378159272813
 0.8615352025946588
 0.822534183293113
 0.8079618125977487
 0.8604232008383746
 0.8059353479366698
 0.8335871275844436
 0.8023452914652228
 0.8981521639519722
 0.8169729125449976
 0.8158223869643211
 0.7800788617539793
 0.7112967632714742
 0.7099350699819166
 0.7407778887002963
 0.7011045456837376
 0.7973000995138125
 0.7448571169815777
 0.8181019103025448
 0.7475104823313783
 0.7090020265539959
 0.747681657848162
 0.7405741635239881
 0.767768727881129
 0.713068837678187
 0.7438796109583045
 0.7127138862857353
 0
 0
 0.3055680544230164
 0.7502378203294181
 0.6581152458204236
 0.8160603846522075
 0.8026790861931669
 0.8304523973512858
 0.8075084431510017
 0.8425572739223098
 0.8238944292818503
 0.8554564566217367
 0.7875607329307815
 0.8011410904816523
 0.8143298197189255
 0.8263463662768133
 0.7807566146925219
 0.7906024577899141
 0.7652151733545823
 0.6973343719978056
 0.7244414104224552
 0.7366059920292604
 0.7385732736957139
 0.7445705610669394
 0.7163590143695266
 0.7387781073758251
 0.7343104884221329
 0.6424802161737442
 0.679727660317751
 0.6683272706868411
 0
 0
 1
 1
 1
 1
 1
 1
 1
 1
 1
 1
 1
 1
 1
 1
 1
 1
 1
 1
 1
 1
 1
 1
 1
 1
 1
 1
 1
 1
 0
 0
 0.8333333333359805
 0.9803921579302188
 0.605016726638672
 0.7355174954160086
 0.7845032474569211
 0.7566792838326363
 0.6922753493543884
 0.7402079209418289
 0.7901217944287502
 0.7742056872624903
 0.6865156844851532
 0.7129184224980382
 0.7221363943164026
 0.8512688023369093
 0.7294434119594375
 0.7831805976675135
 0.7352584581939208
 0.7126385205916812
 0.8340725051310408
 0.7063659302277008
 0.6772268719415826
 0.6885412270581523
 0.7007871576995239
 0.5129224947239244
 0.5917375320182422
 0.3144414571201992
 0.7481369652324723
 0.7410374191530181
 0
 0
 0.7892931470571475
 0.8204378175082848
 0.8439443096072294
 0.8846605996126221
 0.754917054650274
 0.8794177289281553
 0.7746962979137846
 0.8711488028535204
 0.8133751863135448
 0.8567303878374366
 0.8024550354744326
 0.7712416042630551
 1.025266873921267
 0.7470925974107253
 0.7042883826120261
 0.776916303977039
 0.7126568967440416
 0.7090010388244532
 0.7593643259661342
 0.7773947128886565
 0.7213870932901938
 0.7772692472179168
 0.7875051903099628
 0.760958752949537
 0.7842667725819614
 0.7067342988534819
 0.8494657102912582
 0.7426216996099184
 0
 0
 0
 0
 0
 0
 0
 0
 0
 0
 0
 0
 0
 0
 0
 0
 0
 0
 0
 0
 0
 0
 0
 0
 0
 0
 0
 0
 0
 0
 0
 0
 0
 0
 0
 0
 0
 0
 0
 0
 0
 0
 0
 0
 0
 0
 0
 0
 0
 0
 0
 0
 0
 0
 0
 0
 0
 0
 0
 0
 0
 0
 0
 0
 0
 0
 0
 0
 0
 0
 0
 0
 0
 0
 0
 0
 0
 0
 0
 0
 0
 0
 0
 0
 0
 0
 0
 0
 0
 0
 0
 0
 0
 0
 0
 0
 0
 0
 0
 0
 0
 0
 0
 0
 0
 0
 0
 0
 0
 0
 0
 0
 0
 0
 0
 0
 0
 0
 0
 0
 0
 0
 0
 0
 0
 0
 0
 0
 0
 0
 0
 0
 0
 0
 0
 0
 0
 0
 0
 0
 0
 0
 0
 0
 0
 0
 0
 0
 0
 0
 0
 0
 1
 1
 1
 1
 1
 1
 1
 1
 1
 1
 1
 1
 1
 1
 1
 1
 1
 1
 1
 1
 1
 1
 1
 1
 1
 1
 1
 1
 0
 0
 0
 0
 0
 0
 0
 0
 0
 0
 0
 0
 0
 0
 0
 0
 0
 0
 0
 0
 0
 0
 0
 0
 0
 0
 0
 0
 0
 0
 0
 0
 0
 0
 0
 0
 0
 0
 0
 0
 0
 0
 0
 0
 0
 0
 0
 0
 0
 0
 0
 0
 0
 0
 0
 0
 0
 0
 0
 0


