# Created by Octave 3.8.2, Fri Nov 20 20:11:03 2015 CET <dkottke@snake2>
# name: mus
# type: matrix
# ndims: 3
 1 30 19
 0
 0
 0.6961602671118547
 0.6987750556792873
 0.6194986072423398
 0.5802675585284277
 0.6108949416342417
 0.6166294642857143
 0.5589056393076494
 0.5229050279329609
 0.5171699466177992
 0.5100671140939593
 0.5370680044593087
 0.6254185267857142
 0.6268907563025209
 0.6356026785714286
 0.6522875816993461
 0.6728395061728398
 0.6737322028475445
 0.6853932584269661
 0.6765266106442577
 0.6750218231699713
 0.6696395392047568
 0.6655405405405406
 0.6856338028169013
 0.6960237829803049
 0.6941638608305273
 0.6930803571428572
 0.6991101223581757
 0.7112994350282483
 0
 0
 0.6666666666666666
 0.5
 0.4
 0.5
 0.6
 0.5
 0.7
 0.8
 0.8333333333333333
 0.8333333333333333
 0.5333333333333333
 0.5333333333333333
 0.6666666666666667
 0.6
 0.6333333333333333
 0.4833333333333333
 0.5166666666666666
 0.55
 0.63
 0.6399999999999999
 0.62
 0.53
 0.68
 0.7733333333333332
 0.6266666666666667
 0.6399999999999999
 0.6199999999999999
 0.5999999999999999
 0
 0
 0.7516669233173523
 0.6221018398307536
 0.6183864774479448
 0.6624390213058383
 0.7256596774684059
 0.7661153932334337
 0.8438662219693462
 0.8748401293519456
 0.9001249517050879
 0.8662011483812886
 0.7211676349999754
 0.7153070441333256
 0.7418529572770184
 0.7670328051861159
 0.6819642134181492
 0.6396057030303196
 0.69994705282074
 0.7819038257553631
 0.7308814724729235
 0.6774401048695023
 0.7641983624208307
 0.6946361130361108
 0.7242303411540907
 0.7042328563285826
 0.7037286991679275
 0.7445740188908714
 0.7520856538856041
 0.7207717232473714
 0
 0
 0.6301730291988978
 0.5179460045113612
 0.4495085815326756
 0.3894963274060688
 0.4328531334616332
 0.5522086773388771
 0.7406171042299287
 0.7548915237367999
 0.7941729145292135
 0.8203669887269083
 0.5906082705493572
 0.6036277678145519
 0.6216223319890819
 0.6589693725912914
 0.6477349398736828
 0.6188689215828971
 0.6263437854088261
 0.6875114094763535
 0.6998292305574995
 0.7356194922091603
 0.7458975990293006
 0.7285774576531079
 0.7115291779629692
 0.7526505908290715
 0.7082458008709791
 0.7048364835465135
 0.7365996885591474
 0.6839114771528467
 0
 0
 0.6666666666666666
 0.75
 0.4
 0.1666666666666667
 0.2857142857142857
 0.25
 0.8888888888888888
 0.7
 0.6363636363636364
 0.9166666666666666
 0.6923076923076923
 0.4444444444444444
 0.2
 0.6666666666666666
 1
 0
 1
 1
 1
 1
 1
 1
 0
 1
 1
 1
 1
 0
 0
 0
 0.7728399999899889
 0.8056282043217249
 0.4261989608079779
 0.2336341763473521
 0.3778217803639379
 0.5386999884952193
 0.7783120479440294
 0.7520214168066887
 0.7886345422706196
 0.8467345359831593
 0.645364498355382
 0.6175118155606678
 0.5015106788171559
 0.6732722271756254
 0.7106631132499582
 0.6097736874152658
 0.6840345097814016
 0.6949938697074136
 0.8157145875942362
 0.7543809005940189
 0.8010284025682384
 0.7494233653874549
 0.5943653750844288
 0.7321305033029889
 0.7911213307379258
 0.7527130861228446
 0.8175307974319139
 0.5253392872146717
 0
 0
 0.3678794411714423
 0.7810060601956754
 0.5072759186214485
 0.6444087675464516
 0.8401492725007196
 0.7893373648088119
 0.8119222945267827
 0.8161582586387187
 0.8516926292193012
 0.8487934854355336
 0.7295858456195622
 0.7430650754324553
 0.780860610623853
 0.7897505742287657
 0.8045896246943885
 0.770829020593801
 0.7503748139503547
 0.781301411192649
 0.7834537356930582
 0.7889938771226894
 0.8061782183403605
 0.7385833505103655
 0.7701837561296682
 0.7835935227040375
 0.7588467637988352
 0.7721069959858948
 0.7925504142136164
 0.7657796931679702
 0
 0
 0.6014320076418714
 0.5241418235240488
 0.3845180005119759
 0.4476407278387007
 0.5232521621451174
 0.5735700060943693
 0.7156081892040242
 0.7392034449822188
 0.7629018006758156
 0.7799199063225948
 0.6213767903767199
 0.6257495668719693
 0.6385274355023297
 0.6627431579848758
 0.648886927750801
 0.6094803114245014
 0.6177213042528077
 0.6415860752402069
 0.6644640853629483
 0.6948201795473102
 0.699637544343828
 0.6811475682532767
 0.6836306458594605
 0.7115350834849601
 0.6677390960690265
 0.6737326493346661
 0.6887443072225894
 0.6699891261411958
 0
 0
 0.9333980501013505
 0.9389354506100649
 0.9473991495803453
 0.9431064133604848
 0.9298657611437184
 0.9023831323418487
 0.9163282349262089
 0.9224138929957394
 0.9095485368502421
 0.9308843629450929
 0.922119500729209
 0.9257426456755837
 0.921075425732588
 0.913680571522249
 0.9233783737145187
 0.9136942703816181
 0.909713915841705
 0.8979798125679284
 0.9092665887930048
 0.9150003816016258
 0.8983188344198222
 0.9012423220656441
 0.9039167558061203
 0.8998913527641497
 0.9010440594336958
 0.8988316338407776
 0.9164414348739398
 0.9005534444973426
 0
 0
 0.7976790130380202
 0.8039045134504144
 0.4456646653970707
 0.3165061944260624
 0.57583681621028
 0.5637688778970609
 0.730582341611666
 0.780884920795225
 0.8006782044142424
 0.7870973092540887
 0.6558386197877297
 0.6189907914597537
 0.640473781542595
 0.702267841067385
 0.6677977874250963
 0.6154468728584257
 0.6566679332959279
 0.4399700311112125
 0.688427056428044
 0.7036923446112623
 0.7181653803561324
 0.7046412574850116
 0.7009085686616991
 0.7274451414935307
 0.6832155409020004
 0.7020445574062024
 0.7173610045597933
 0.6246195861352216
 0
 0
 0.3678794411714423
 0.8058416346727069
 0.524879034761357
 0.7285598322326506
 0.90413408490571
 0.7536350050542164
 0.8152306636985097
 0.8522296381858269
 0.884515405185521
 0.8044166110261358
 0.711732441442125
 0.7258277814430187
 0.7816392202618311
 0.7682183851585846
 0.753904420171331
 0.8343060504660404
 0.7783871483351323
 0.762953469365754
 0.7558300729105847
 0.7869275197170447
 0.8461543185539813
 0.7754899138682526
 0.7871445262187524
 0.7367994426799782
 0.7460011875518567
 0.7415124257945044
 0.439313081322723
 0.7805655072422958
 0
 0
 0
 0
 0
 0
 0
 0
 0
 0
 0
 0
 0
 0
 0
 0
 0
 0
 0
 0
 0
 0
 0
 0
 0
 0
 0
 0
 0
 0
 0
 0
 0
 0
 0
 0
 0
 0
 0
 0
 0
 0
 0
 0
 0
 0
 0
 0
 0
 0
 0
 0
 0
 0
 0
 0
 0
 0
 0
 0
 0
 0
 0
 0
 0
 0
 0
 0
 0
 0
 0
 0
 0
 0
 0
 0
 0
 0
 0
 0
 0
 0
 0
 0
 0
 0
 0
 0
 0
 0
 0
 0
 0
 0
 0
 0
 0
 0
 0
 0
 0
 0
 0
 0
 0
 0
 0
 0
 0
 0
 0
 0
 0
 0
 0
 0
 0
 0
 0
 0
 0
 0
 0
 0
 0
 0
 0
 0
 0
 0
 0
 0
 0
 0
 0
 0
 0
 0
 0
 0
 0
 0
 0
 0
 0
 0
 0
 0
 0
 0
 0
 0
 0.8930228254824392
 0.9077721658306345
 0.9681870532968739
 0.9299192716876051
 0.8887656792588486
 0.9359053164223342
 0.9163402012512779
 0.9438967214892615
 0.928151167778247
 0.9138603250166929
 0.9378863240957008
 0.9215637763170363
 0.9284850351739057
 0.903985556558042
 0.9006964352110415
 0.9030841208829414
 0.9151437321214967
 0.9083320389558583
 0.9074292176206614
 0.9006730600249998
 0.8978070263326102
 0.9155832505488403
 0.9113604757140495
 0.9160422764855681
 0.911252194644991
 0.9086614736388685
 0.9042885875280965
 0.8977473897011158
 0
 0
 0
 0
 0
 0
 0
 0
 0
 0
 0
 0
 0
 0
 0
 0
 0
 0
 0
 0
 0
 0
 0
 0
 0
 0
 0
 0
 0
 0
 0
 0
 0
 0
 0
 0
 0
 0
 0
 0
 0
 0
 0
 0
 0
 0
 0
 0
 0
 0
 0
 0
 0
 0
 0
 0
 0
 0
 0
 0


