# Created by Octave 3.8.2, Mon Nov 16 01:10:44 2015 CET <dkottke@snake1>
# name: mus
# type: matrix
# ndims: 3
 1 30 19
 0
 0
 0.4987468671679197
 0.5959595959595959
 0.5822784810126583
 0.5151515151515152
 0.5363408521303261
 0.5459183673469388
 0.5669191919191919
 0.5923076923076922
 0.6300505050505049
 0.6893939393939392
 0.7097435897435901
 0.7104591836734694
 0.7256410256410258
 0.7317708333333334
 0.7323103154305199
 0.7260101010101009
 0.7443609022556389
 0.7342105263157894
 0.7468671679197993
 0.7310606060606061
 0.7297527706734868
 0.7382812499999999
 0.7333333333333335
 0.7271794871794873
 0.7324434824434826
 0.725765306122449
 0.7292123169184639
 0.7333333333333335
 0
 0
 1
 0.5
 0.4
 0.7
 0.8
 0.8
 0.9
 0.9
 0.9
 0.6666666666666666
 0.8
 0.8
 0.7999999999999999
 0.6833333333333333
 0.6
 0.7166666666666667
 0.75
 0.85
 0.67
 0.5
 0.45
 0.5
 0.6
 0.6533333333333333
 0.58
 0.6599999999999999
 0.5733333333333334
 0.5333333333333334
 0
 0
 1
 0.7401282147038152
 0.691314460438721
 0.8124709008808613
 0.8187921064691468
 0.8449197562340605
 0.8831633302119685
 0.9190109544671764
 0.8904381610461638
 0.8533269942237274
 0.8826061819318393
 0.897130509841911
 0.8650283795714637
 0.8596792695997242
 0.8354946713776694
 0.7956955337031248
 0.8298439893722225
 0.7500515085758555
 0.7968488717528892
 0.6925025642069682
 0.752305299718865
 0.7820453576881956
 0.6767584412199199
 0.7596460025287255
 0.6831416304803557
 0.7554088597591738
 0.7301976117906239
 0.7554012016813179
 0
 0
 0.9999999999834728
 0.5497506903384802
 0.5447152476134911
 0.6916650238558366
 0.7040760322063665
 0.7309572070581364
 0.7694792466640977
 0.8009521404120015
 0.785925080329122
 0.7962135146322873
 0.8027398660095871
 0.8193804129063419
 0.7824335167982185
 0.7607060600577641
 0.7362902815244403
 0.7050436433152896
 0.7036203904905024
 0.6935505434252657
 0.6899562705951504
 0.6398645463611364
 0.6499880325501699
 0.6578489979025535
 0.6377729515082231
 0.6596864512443464
 0.6422701864068153
 0.660688529750824
 0.6595989918832985
 0.6775557143540862
 0
 0
 0.9999999999424468
 0.5869508545298486
 0.5800722427784347
 0.6603922470388268
 0.6807571371629141
 0.7324936333848172
 0.7955634450261269
 0.8128852293143858
 0.7895458938501883
 0.7892191862671969
 0.7880945576188967
 0.8028079803946269
 0.7829724453917422
 0.7399131555467643
 0.7361426202003984
 0.7011494983011802
 0.7018282238104986
 0.6836279514060939
 0.6935744072500832
 0.6383770208625409
 0.6534436392887437
 0.6576098159761206
 0.6428171315551329
 0.665797237499318
 0.6429130311649622
 0.662201323317511
 0.6607819810589532
 0.6808936303932563
 0
 0
 0.9999999999899234
 0.8344532674742585
 0.5998773077059307
 0.6463461224112476
 0.6607842087789547
 0.7234134029509492
 0.7244116894209708
 0.899272086769115
 0.7598889198186023
 0.9013408018578746
 0.8368946939300134
 0.7971835620728276
 0.7673636465807214
 0.8169531971010856
 0.7893315642495483
 0.6586850653921714
 0.703502426660394
 0.7370976421238741
 0.6787809955966732
 0.6733116281449381
 0.5896101493097576
 0.6209638819744447
 0.6326679253645285
 0.6417071662521244
 0.6669642763899357
 0.6709310462700041
 0.6411696440750058
 0.663051525667131
 0
 0
 1
 0.8836761725629885
 0.8008493668700777
 0.6841078807604343
 0.7345647082264625
 0.7540174546236003
 0.7887219643850621
 0.925420851476027
 0.8095583422317254
 0.8506600451855287
 0.9134397061946051
 0.8427237104910557
 0.8424436110715289
 0.7428452370852929
 0.7801930056598706
 0.8712752104534707
 0.7556095389567808
 0.7852420023441048
 0.8303175203324483
 0.7144916335569358
 0.7665885615594217
 0.734498235268496
 0.6987442395692626
 0.7637371768402035
 0.7566017332519009
 0.7277090049330758
 0.7582222261985596
 0.7556906182624953
 0
 0
 0.9999999999713864
 0.5818889104292303
 0.5386132195467339
 0.6717643981063093
 0.7316668374950528
 0.770806700663617
 0.7667690286415018
 0.8250221216388889
 0.8052860484514758
 0.8064824161410842
 0.8271807443228193
 0.8484201385425446
 0.818183424848643
 0.7861764864914057
 0.7605438496127326
 0.746111508927085
 0.7284074683251854
 0.7143516176465228
 0.7076861944130532
 0.6693320847697138
 0.6765932695128708
 0.6682595717157612
 0.6524745514936954
 0.6703564431505804
 0.6552927689163728
 0.6723294522569727
 0.6670668279021145
 0.6845683805157002
 0
 0
 0.9999999999829249
 0.6806458706524531
 0.5437579364360776
 0.6272695960003071
 0.665991485137564
 0.7490802219646415
 0.7768714777033179
 0.8199660461899486
 0.8089715736869162
 0.8103972841863196
 0.8116950609325846
 0.8390484947175104
 0.8153672167917226
 0.7696309662933775
 0.765788235504789
 0.7303796522633369
 0.74291378367746
 0.7114713246956854
 0.7075124008393139
 0.6642047340804647
 0.6746676948352389
 0.6708178630918622
 0.6606248607858314
 0.6714868074548709
 0.6520173145117337
 0.6686059386855181
 0.6678369936181583
 0.6896609236901948
 0
 0
 0.9999999999669729
 0.9543736215599631
 0.5997960434412757
 0.6459327548806943
 0.6455518973982324
 0.9379328966775673
 0.7842425379490752
 0.9473839525423723
 0.7635014423343224
 0.9182549947884292
 0.7936808809911684
 0.8209177751167822
 0.8401327969991109
 0.7770829531571753
 0.7527486923042559
 0.7585730615138185
 0.7203900199104859
 0.7500733444108039
 0.6994786935111443
 0.6757236648619092
 0.6646319979639054
 0.6577753239870587
 0.6477578219428735
 0.6634539983331872
 0.6482802949016617
 0.6628827780576022
 0.6632275062520695
 0.676832289074324
 0
 0
 1
 0.887894428924638
 0.8332672757527211
 0.7572484477289491
 0.794006011850005
 0.7594404513367137
 0.7644700753024358
 0.788828845920899
 0.8404317439145703
 0.7992023103898666
 0.8051101269272884
 0.8308136122482698
 0.8210508464904667
 0.8009065514795332
 0.801714613377626
 0.7826359961992051
 0.7990090534324373
 0.7639832135580085
 0.757411937936796
 0.7059516578170242
 0.7282277654796774
 0.7322914615143812
 0.7177403950665625
 0.7395812930420925
 0.73557019970913
 0.7255820108990667
 0.7564178186397307
 0.7522513887695619
 0
 0
 0
 0
 0
 0
 0
 0
 0
 0
 0
 0
 0
 0
 0
 0
 0
 0
 0
 0
 0
 0
 0
 0
 0
 0
 0
 0
 0
 0
 0
 0
 0
 0
 0
 0
 0
 0
 0
 0
 0
 0
 0
 0
 0
 0
 0
 0
 0
 0
 0
 0
 0
 0
 0
 0
 0
 0
 0
 0
 0
 0
 0
 0
 0
 0
 0
 0
 0
 0
 0
 0
 0
 0
 0
 0
 0
 0
 0
 0
 0
 0
 0
 0
 0
 0
 0
 0
 0
 0
 0
 0
 0
 0
 0
 0
 0
 0
 0
 0
 0
 0
 0
 0
 0
 0
 0
 0
 0
 0
 0
 0
 0
 0
 0
 0
 0
 0
 0
 0
 0
 0
 0
 0
 0
 0
 0
 0
 0
 0
 0
 0
 0
 0
 0
 0
 0
 0
 0
 0
 0
 0
 0
 0
 0
 0
 0
 0
 0
 0
 0
 0
 0.9897970895935833
 0.5892099991909706
 0.5223894295033115
 0.6327456970545641
 0.6783221368507867
 0.749016347736258
 0.7820388231807915
 0.8182937085614655
 0.8072790047934449
 0.809129143450815
 0.8070809631460071
 0.8336444017083731
 0.8183122563947507
 0.7736836887228774
 0.7660704892496433
 0.7305978067708099
 0.7445159321535391
 0.7097740712387011
 0.7098321899192552
 0.6616524445545723
 0.6765086996570561
 0.6660885937561214
 0.6581509602927742
 0.6705768127120965
 0.6520403073903526
 0.6653317097705699
 0.6697389698145887
 0.680416107110774
 0
 0
 0
 0
 0
 0
 0
 0
 0
 0
 0
 0
 0
 0
 0
 0
 0
 0
 0
 0
 0
 0
 0
 0
 0
 0
 0
 0
 0
 0
 0
 0
 0
 0
 0
 0
 0
 0
 0
 0
 0
 0
 0
 0
 0
 0
 0
 0
 0
 0
 0
 0
 0
 0
 0
 0
 0
 0
 0
 0


