# Created by Octave 3.8.2, Fri Nov 20 23:19:49 2015 CET <dkottke@snake7>
# name: mus
# type: matrix
# ndims: 3
 1 30 19
 0
 0
 0.6594323873121881
 0.683184855233853
 0.6885793871866301
 0.7123745819397991
 0.7120622568093394
 0.7176339285714286
 0.7197096594081503
 0.7201117318435752
 0.7159588877380294
 0.7293064876957491
 0.7278892604979559
 0.6922433035714284
 0.6896358543417365
 0.6925223214285714
 0.6901587301587303
 0.70314253647587
 0.7048872180451127
 0.7280898876404494
 0.7296358543417366
 0.7288938770420251
 0.7335562987736901
 0.7325450450450453
 0.7318309859154927
 0.7346711259754736
 0.7376543209876538
 0.7357700892857143
 0.7260845383759735
 0.7395480225988704
 0
 0
 0.6666666666666666
 0.75
 0.8
 0.6
 0.8
 0.7
 0.9
 0.9
 0.9333333333333332
 0.7666666666666666
 0.9333333333333332
 0.8666666666666666
 0.8
 0.8
 0.8166666666666667
 0.8333333333333333
 0.85
 0.85
 0.85
 0.82
 0.8300000000000001
 0.8299999999999998
 0.8800000000000001
 0.8933333333333333
 0.8133333333333332
 0.82
 0.82
 0.8333333333333334
 0
 0
 0.7366164338214343
 0.8030437523410033
 0.8134366406235159
 0.8172440561209953
 0.8851647651461454
 0.8532088486270601
 0.8789080498837755
 0.8894092542393316
 0.9200836157719798
 0.9129780697346019
 0.8863514287568499
 0.8328653658668858
 0.7606166808932174
 0.7700457098623942
 0.7956119875779289
 0.7930270601247064
 0.8173996646437428
 0.8414348260948139
 0.8362476420427306
 0.82899762424746
 0.844738999190951
 0.8475923833872434
 0.8759720352849625
 0.8698820834133847
 0.8583403048863039
 0.8558748669285519
 0.8883494766826516
 0.8764873706561234
 0
 0
 0.6082959324368504
 0.5860906148376849
 0.7350648714915232
 0.6414317356699033
 0.7677157031172438
 0.8010280921171182
 0.7712748598266718
 0.8176219806233606
 0.8542179308594542
 0.8461495984305664
 0.8382596938624689
 0.7665957427966084
 0.7029094875743929
 0.732236801162877
 0.7440571021974298
 0.763257797293597
 0.7815663691680628
 0.7946196269563305
 0.8133060164967836
 0.8249858326449235
 0.8251060813398063
 0.8301936925171731
 0.8402791958142588
 0.8412399037424302
 0.8431165632239508
 0.8514790407216581
 0.8589062240416044
 0.8029483866140376
 0
 0
 0.3333333333333333
 0.75
 0.8
 0.6666666666666666
 0.5714285714285714
 0.875
 0.7777777777777778
 0.8
 0.9090909090909091
 0.9166666666666666
 0.7692307692307693
 0.7777777777777778
 0.6
 0.3333333333333333
 0
 0
 1
 1
 1
 1
 1
 1
 1
 1
 1
 1
 1
 0
 0
 0
 0.4629078744312931
 0.504580463145514
 0.8941466917698984
 0.7535983035349783
 0.6767173457493695
 0.9418117697730033
 0.7736593883302919
 0.8318618537667243
 0.8929148984926308
 0.8099571476822559
 0.8235431541952637
 0.7461447666568181
 0.7171606499387327
 0.7277784631475116
 0.688170183196481
 0.7387027685468271
 0.7470345335744853
 0.7898896921247121
 0.8308058165249435
 0.7714652050076874
 0.8333058358755219
 0.7888094288355258
 0.838293395772159
 0.8247677437933367
 0.8169726359262031
 0.8410917162249077
 0.9075769291104391
 0.7840760400925176
 0
 0
 0.5785862941142949
 0.6767721928475455
 0.7993207066047194
 0.7989153527645726
 0.8262120952891822
 0.8245799767950932
 0.8803566548265066
 0.8449271676246414
 0.8522795540176059
 0.8610075913106846
 0.8791882642519483
 0.8297253213793632
 0.7636944254572864
 0.7419518726178468
 0.7604960368742382
 0.8140947627556638
 0.8130434465323187
 0.7717190912575617
 0.7861645726236506
 0.7978851648638591
 0.8612239622128869
 0.8520043063838805
 0.8262192191881068
 0.8146559557444881
 0.8286413948792145
 0.8518125233754904
 0.8437873550999465
 0.8009165141746054
 0
 0
 0.6083097565155169
 0.5821765635316731
 0.7244862313065543
 0.6441590634872464
 0.7835806474030322
 0.8366850050519296
 0.7915329808932294
 0.8150149994558745
 0.8532646998773444
 0.8444825286446054
 0.837705249584881
 0.7844817786743914
 0.7310524730199358
 0.75076191914709
 0.7510109733911643
 0.7724396018090044
 0.7971368099773314
 0.8127119417940798
 0.8339846873175998
 0.8464003605767864
 0.8483226685106776
 0.8523946498583788
 0.8503786352204439
 0.8545185263337862
 0.8557479241107585
 0.8655757433101378
 0.8767911126695797
 0.8132891026500279
 0
 0
 0.9992178887987291
 0.9999999999941964
 0.999999999997274
 0.9999999920938575
 0.9999999999999989
 0.9999999999997579
 0.999999999991497
 1
 0.9999151242642437
 0.9976228981575286
 0.9951018756194122
 0.9926122021013811
 0.9861425998622805
 0.9747873037051554
 0.9786793172063051
 0.9675957793184338
 0.9653234265483318
 0.9640249024862699
 0.9656003677886524
 0.9614538338006348
 0.9583933302491252
 0.9592660540817224
 0.9578178204785418
 0.9541000358970515
 0.9424495443030313
 0.9437639818371973
 0.9508300714586274
 0.9461733641480007
 0
 0
 0.4565533514206513
 0.5927538151514865
 0.8026317807633023
 0.7176354749731565
 0.7224732316602271
 0.8594415929455241
 0.8388812508775505
 0.792516202179431
 0.8607493161636869
 0.880002989631082
 0.8419895156668966
 0.74839286591464
 0.7039969662282786
 0.7503264957407277
 0.7464443803422807
 0.7554197194679146
 0.7622364830628804
 0.8941728083846511
 0.9109525364415638
 0.8630460090059717
 0.9105607508769339
 0.8372210822534579
 0.8398264492572127
 0.8458217803918263
 0.8516525107725439
 0.8588476165804739
 0.8657485760565359
 0.8425371062748916
 0
 0
 0.5785862941142949
 0.6776003375668266
 0.7430418101616302
 0.7310395809022622
 0.8476686430752457
 0.8193811952214789
 0.8108208730509403
 0.790415778944606
 0.833345702407144
 0.8421608933081091
 0.8519822131696917
 0.8067547895320419
 0.7158737713974175
 0.7280807206782174
 0.7710817647195843
 0.7865715221768539
 0.7616435043642481
 0.8236752533789431
 0.7944666137180783
 0.8098906572021661
 0.7973871952632794
 0.8035214887797761
 0.8467781771836266
 0.8199789575097913
 0.8729093830887465
 0.8416212418651329
 0.8588687972171065
 0.81306775355668
 0
 0
 0
 0
 0
 0
 0
 0
 0
 0
 0
 0
 0
 0
 0
 0
 0
 0
 0
 0
 0
 0
 0
 0
 0
 0
 0
 0
 0
 0
 0
 0
 0
 0
 0
 0
 0
 0
 0
 0
 0
 0
 0
 0
 0
 0
 0
 0
 0
 0
 0
 0
 0
 0
 0
 0
 0
 0
 0
 0
 0
 0
 0
 0
 0
 0
 0
 0
 0
 0
 0
 0
 0
 0
 0
 0
 0
 0
 0
 0
 0
 0
 0
 0
 0
 0
 0
 0
 0
 0
 0
 0
 0
 0
 0
 0
 0
 0
 0
 0
 0
 0
 0
 0
 0
 0
 0
 0
 0
 0
 0
 0
 0
 0
 0
 0
 0
 0
 0
 0
 0
 0
 0
 0
 0
 0
 0
 0
 0
 0
 0
 0
 0
 0
 0
 0
 0
 0
 0
 0
 0
 0
 0
 0
 0
 0
 0
 0
 0
 0
 0
 0
 0.9999903236820487
 0.9999999825910961
 0.9999999999807396
 1
 0.9999999999999929
 0.9999999877335077
 0.9999985694755023
 0.9999954067139037
 0.9996470436018587
 0.9997380354247881
 0.9986697154638366
 0.9883845774211628
 0.9848789017220698
 0.9764328889983916
 0.9716725015834952
 0.9736168883248087
 0.9662329623549775
 0.9703694988577789
 0.9540389121747455
 0.9587947745350553
 0.9568726837256049
 0.9535499886949531
 0.9549833790934013
 0.9550574716031961
 0.954003741402512
 0.9531633993157037
 0.9508008190018389
 0.9453794368124476
 0
 0
 0
 0
 0
 0
 0
 0
 0
 0
 0
 0
 0
 0
 0
 0
 0
 0
 0
 0
 0
 0
 0
 0
 0
 0
 0
 0
 0
 0
 0
 0
 0
 0
 0
 0
 0
 0
 0
 0
 0
 0
 0
 0
 0
 0
 0
 0
 0
 0
 0
 0
 0
 0
 0
 0
 0
 0
 0
 0


