# Created by Octave 3.8.2, Fri Nov 20 22:20:32 2015 CET <dkottke@snake7>
# name: mus
# type: matrix
# ndims: 3
 1 30 19
 0
 0
 0.7786131996658309
 0.7633779264214047
 0.7213389121338907
 0.7546063651591293
 0.7131718184349757
 0.7449664429530202
 0.7460317460317454
 0.7411764705882351
 0.7322768974145121
 0.7281144781144785
 0.7345317725752504
 0.7383193277310924
 0.7257383966244726
 0.71875
 0.7184033613445374
 0.7239057239057237
 0.7226399331662489
 0.7211864406779659
 0.7151211361737679
 0.7156285072951739
 0.7357859531772578
 0.7423469387755101
 0.7361702127659576
 0.7320234113712374
 0.7457912457912457
 0.7519841269841269
 0.7480694242679103
 0.7632478632478631
 0
 0
 0.6666666666666666
 0.75
 0.2
 0.7
 0.7
 0.6
 0.7
 0.7
 0.6333333333333333
 0.7666666666666666
 0.7666666666666666
 0.7
 0.8666666666666666
 0.8666666666666666
 0.8833333333333332
 0.7666666666666666
 0.8333333333333333
 0.85
 0.86
 0.9099999999999999
 0.9099999999999999
 0.9199999999999999
 0.8800000000000001
 0.96
 0.8533333333333333
 0.78
 0.7533333333333333
 0.7666666666666666
 0
 0
 0.7076442415417921
 0.6188686074770545
 0.7218669541154346
 0.8107938463370303
 0.7892931470571474
 0.7755972016158621
 0.7535180263313119
 0.7928913088630548
 0.7650151403306886
 0.7988750465364388
 0.6598221463587104
 0.7910260689113517
 0.8141635575046543
 0.7781883694058547
 0.8016376916594037
 0.811784268794012
 0.8448498716820532
 0.8531953490789936
 0.8496170039826366
 0.8879664527416127
 0.8151352474807383
 0.7992844042144138
 0.8379502813080024
 0.838972762589673
 0.7305580636130481
 0.7768410994976003
 0.783933265646604
 0.7950502588205219
 0
 0
 0.6285377344210115
 0.7049845378673059
 0.484251149110252
 0.6215741953641909
 0.5914907758168896
 0.6487025742481664
 0.651370767689224
 0.7106855700061745
 0.725127803445255
 0.7509921576854757
 0.6402808162493908
 0.7152973103679018
 0.7890968358496698
 0.7867149585061866
 0.7822531015649956
 0.8024851943487108
 0.8360575344635893
 0.8472038574204684
 0.8522127646755759
 0.8618396173900251
 0.8129047223549497
 0.8087594138090529
 0.8257760128911272
 0.8563818463180634
 0.7729485601419399
 0.77643154061117
 0.7725903557366893
 0.7717091933443146
 0
 0
 0
 0.75
 0.4
 0.3333333333333333
 0.7142857142857143
 0.625
 0.6666666666666666
 0.7
 0.4545454545454545
 0.5833333333333334
 0.4615384615384616
 0.7777777777777778
 1
 1
 0.5
 0
 1
 1
 1
 1
 0
 1
 1
 1
 0
 1
 1
 1
 0
 0
 0.08649171873331785
 0.7701027051616536
 0.6207309739302389
 0.6198316044857002
 0.608625001533496
 0.6446926350434742
 0.6435431829913844
 0.6720412335438466
 0.6268965150143533
 0.6938518732438829
 0.5995428811379544
 0.7558330657621862
 0.8558225569200431
 0.8723367242675881
 0.7148348247608682
 0.70468875214848
 0.8901198925279641
 0.8002450163211809
 0.9199488649571039
 0.8763265669041667
 0.7375326178621029
 0.8261481985940251
 0.8894473044706559
 0.9070824071775745
 0.7001118503414285
 0.8404976295242421
 0.8378086305033645
 0.762206132765569
 0
 0
 0.5785862941142949
 0.7313291971480385
 0.7680451287415507
 0.8102563643158829
 0.7698965071914011
 0.7431703763105086
 0.8041111353511802
 0.7865038887877092
 0.7749595046300275
 0.8102229891823346
 0.7418343837054417
 0.7614586848807083
 0.7719263047195476
 0.7897831910174882
 0.7651000325477562
 0.8121808513359676
 0.7963954192461044
 0.8732854097203402
 0.8052336842501733
 0.8902247381907269
 0.7854525301898196
 0.7787800311637104
 0.7795168554301196
 0.8440686600443322
 0.7965459581666711
 0.7908309341759222
 0.8271098252222734
 0.7450702821822321
 0
 0
 0.6624454432915861
 0.6870506208918806
 0.6242419015744133
 0.6608218335511442
 0.5769272282509389
 0.6534668034365655
 0.6297560103343036
 0.6525590235133137
 0.6704630356157156
 0.7128675602064071
 0.6237534976547273
 0.66376961540242
 0.6936303811143411
 0.7042253074855052
 0.7184916453920019
 0.7480068888029811
 0.7398205657364667
 0.7752059218005093
 0.783734814446689
 0.787399087932903
 0.7318824791592605
 0.7428086340926997
 0.7518809397567455
 0.7668864762217844
 0.7066246754857131
 0.7170606729696061
 0.7043819646639027
 0.7021042089719627
 0
 0
 0.9163678831947328
 0.919057615546186
 0.9589181228312367
 0.9476547715577074
 0.8905491939629256
 0.9163570810880225
 0.9055082528186836
 0.9283746493487882
 0.9163280428525087
 0.9403496979531584
 0.9212064487910225
 0.9251146875313216
 0.9315191366255411
 0.8998905571045378
 0.9171617171245682
 0.9145532804598112
 0.9166683449393773
 0.9048041309056937
 0.9141986809573335
 0.9070176100394842
 0.9094888820208032
 0.9065495386898103
 0.9127772472822998
 0.9016545588517638
 0.909254268222737
 0.9013381534878689
 0.9132834127116204
 0.8942492135029879
 0
 0
 0.05014341440282089
 0.7253444395011541
 0.71286405716565
 0.5892239834899998
 0.5893153995160564
 0.6672743017388854
 0.6211606632894504
 0.7031350903255305
 0.7171639989771426
 0.7948729594678575
 0.6494993115224836
 0.6567383608367101
 0.8008791864936018
 0.7948142279309303
 0.778303952414519
 0.803136013083976
 0.8053721935420969
 0.8301663889363686
 0.8483010996028814
 0.8645860777865557
 0.7961364356268421
 0.7966400941245246
 0.7984701783703763
 0.8663490885421261
 0.6739861905333083
 0.7711282175191211
 0.7174114500176422
 0.7632541331899844
 0
 0
 0.5785862941142949
 0.7402983914924375
 0.8560989941430379
 0.8687457375483505
 0.7675104769821497
 0.7208049365346977
 0.7438207084639515
 0.7616326821679134
 0.7635407914569065
 0.7850146914804945
 0.7669494319382321
 0.7718003176434666
 0.7572863684396065
 0.8769909520705423
 0.563452777299784
 0.763990515667926
 0.7116977937799924
 0.8152332062752415
 0.8363530016437064
 0.8514781052929319
 0.8093850171156043
 0.7802718575234514
 0.7737814334464187
 0.7664542141636803
 0.7563381931262833
 0.7408568887447153
 0.839704028020928
 0.7579892564967711
 0
 0
 0
 0
 0
 0
 0
 0
 0
 0
 0
 0
 0
 0
 0
 0
 0
 0
 0
 0
 0
 0
 0
 0
 0
 0
 0
 0
 0
 0
 0
 0
 0
 0
 0
 0
 0
 0
 0
 0
 0
 0
 0
 0
 0
 0
 0
 0
 0
 0
 0
 0
 0
 0
 0
 0
 0
 0
 0
 0
 0
 0
 0
 0
 0
 0
 0
 0
 0
 0
 0
 0
 0
 0
 0
 0
 0
 0
 0
 0
 0
 0
 0
 0
 0
 0
 0
 0
 0
 0
 0
 0
 0
 0
 0
 0
 0
 0
 0
 0
 0
 0
 0
 0
 0
 0
 0
 0
 0
 0
 0
 0
 0
 0
 0
 0
 0
 0
 0
 0
 0
 0
 0
 0
 0
 0
 0
 0
 0
 0
 0
 0
 0
 0
 0
 0
 0
 0
 0
 0
 0
 0
 0
 0
 0
 0
 0
 0
 0
 0
 0
 0
 0.874668616909871
 0.9656844878758873
 0.9276212621265809
 0.9444576148048065
 0.9109035406154574
 0.9350350761359425
 0.9222691933273246
 0.905153016584292
 0.9123222097102901
 0.9121375568972686
 0.9137903719172208
 0.9168264233226768
 0.922920562646744
 0.9143369766825613
 0.9157616454633193
 0.9115010554607266
 0.9093516205178042
 0.9052724205153418
 0.8992860829704389
 0.9105924595934668
 0.9121617655188475
 0.9095966992386821
 0.9216361136594451
 0.8860448546658886
 0.9026426179525987
 0.9041447648595576
 0.8960855601455503
 0.8939274949026341
 0
 0
 0
 0
 0
 0
 0
 0
 0
 0
 0
 0
 0
 0
 0
 0
 0
 0
 0
 0
 0
 0
 0
 0
 0
 0
 0
 0
 0
 0
 0
 0
 0
 0
 0
 0
 0
 0
 0
 0
 0
 0
 0
 0
 0
 0
 0
 0
 0
 0
 0
 0
 0
 0
 0
 0
 0
 0
 0
 0


