# Created by Octave 3.8.2, Fri Nov 20 22:09:55 2015 CET <dkottke@snake7>
# name: mus
# type: matrix
# ndims: 3
 1 30 19
 0
 0
 0.8796992481203011
 0.8971571906354515
 0.9288702928870303
 0.7629815745393631
 0.884711779448622
 0.8859060402684564
 0.8972431077694224
 0.9042016806722692
 0.8890742285237686
 0.8888888888888893
 0.8858695652173904
 0.9102521008403363
 0.9459915611814346
 0.9467905405405406
 0.9453781512605035
 0.9469696969696966
 0.9482038429406844
 0.9474576271186442
 0.9482038429406844
 0.947109988776655
 0.9489966555183946
 0.9464285714285713
 0.947234042553192
 0.9456521739130431
 0.9478114478114478
 0.9464285714285716
 0.9486963835155588
 0.9478632478632477
 0
 0
 0.6666666666666666
 0.5
 0.8
 1
 1
 1
 1
 1
 1
 1
 1
 1
 1
 1
 1
 1
 1
 1
 1
 1
 1
 1
 1
 1
 1
 1
 1
 1
 0
 0
 0.7255265994560209
 0.7063553432392162
 0.8587815772829818
 0.8503981344105747
 0.9494303552937153
 0.9191434670655346
 0.9848291065881146
 0.9897655901312798
 0.9803693031811073
 0.9702262042771905
 0.9880133403591314
 0.9813462499173936
 0.972471491990397
 0.9853979729365259
 0.9823966962791032
 0.988086985614216
 0.9941662158410391
 0.995764655521187
 0.9961893327605064
 0.9941215821402642
 0.9941635737870042
 1
 0.9953749172892705
 1
 1
 1
 1
 0.9966341656780143
 0
 0
 0.4688427857462057
 0.6733667652900905
 0.7188477277969294
 0.8891516670906898
 0.9321829592395227
 0.9583402964551272
 0.9744757214080669
 0.9778601183601517
 0.9848619040753605
 0.9794731784177804
 0.9751807688266535
 0.980182554502913
 0.9797644219071993
 0.9829810098137003
 0.9813093287655037
 0.9859416561239404
 0.9865845497944418
 0.9856340478516556
 0.9849558075860515
 0.983652892799303
 0.984107315067529
 0.9868363635265904
 0.9894928818095667
 0.9891139267564084
 0.9862144723140617
 0.9817902887710674
 0.9848953283974965
 0.9868656304178122
 0
 0
 1
 0.75
 1
 1
 1
 1
 1
 1
 1
 1
 1
 1
 1
 1
 1
 1
 1
 1
 1
 1
 1
 1
 1
 1
 1
 1
 1
 1
 0
 0
 0.9549257501235554
 0.8600970454526056
 0.8595421302404878
 0.9615445096030185
 0.9223634066543726
 0.9888293653500776
 0.9950766135175066
 0.9944993644922271
 0.8708031750627178
 0.9985169331196261
 0.9961981936419366
 0.995620256316267
 0.9837241274273791
 0.9968172925222925
 0.9973510539948055
 0.9981371377367186
 0.9983372812740907
 0.9968891836683761
 0.9993750615881801
 0.9994508187690256
 0.9996021313332621
 0.9991745396088224
 0.9997906967353196
 0.9933247948634476
 0.9992952845855909
 0.9308031553992033
 0.9901942148965072
 0.9999124911990667
 0
 0
 0.5785862941142949
 0.8804774249956406
 0.7839638978367454
 0.7945358714797514
 0.8041069718330801
 0.9337877343678562
 0.901435992506155
 0.9437762061634035
 0.9357653591928281
 0.9392925256363882
 0.9577826876703939
 0.9690084242117426
 0.9276287251308157
 0.9661975000851342
 0.9571331587441789
 0.9646765520014724
 0.9570617103204164
 0.9579578419671951
 0.9662194227728284
 0.9499048881627326
 0.9551424967534272
 0.9713000090833609
 0.95726957713585
 0.9923609138005132
 0.9624472290143474
 0.9240676898504834
 0.971949645665984
 0.9572600212102919
 0
 0
 0.461905705147447
 0.693549348452113
 0.6392289227588425
 0.7926572672692757
 0.8826683337322454
 0.8954162350227031
 0.8838908379569479
 0.9293259987356735
 0.9527456321747291
 0.9244081321738062
 0.9391602355005709
 0.9280170925176431
 0.9298999258010328
 0.9378733907089221
 0.9323245784041461
 0.9240077655019088
 0.9342477418444027
 0.9392692568007383
 0.9287958415958764
 0.9298413474232786
 0.9331366648035239
 0.9353005111533607
 0.9291352123688221
 0.9422694437632271
 0.9458443299517236
 0.9520646462713659
 0.9519379542571147
 0.9351320695730084
 0
 0
 0.9699225219678103
 0.9664482688361502
 0.9249649267845074
 0.9488918258628747
 0.9062846568263634
 0.92169728386804
 0.9078078196631424
 0.9171082110268267
 0.9147084295175245
 0.9394973119800866
 0.9272002653773684
 0.9083829858764717
 0.908553598130363
 0.9189490250692609
 0.9075759870028109
 0.9055968475445609
 0.9065512642547865
 0.9075233029165635
 0.9021355927824418
 0.9006831763506198
 0.9073259413826966
 0.9041828486656723
 0.8963802097451173
 0.9075785889741664
 0.8957334547112304
 0.9001153988703033
 0.9129959948604465
 0.8923613099413981
 0
 0
 0.9539505202838646
 0.892603270755834
 0.7483509513285292
 0.9112376774804262
 0.8953190953521655
 0.9787663489213224
 0.9906783610552423
 0.9952990352837389
 0.9979951304057215
 0.9986020484222586
 0.9962026629943164
 0.9910596176070594
 0.9960383190600516
 0.9984207454210797
 0.9983457809027849
 0.9988484387552569
 0.9991307068514973
 0.9995579345813218
 0.99950830057647
 0.9993301140183601
 0.9995801732175476
 0.9777448236020326
 0.9998292521215449
 0.9874365925314603
 0.999955090135938
 0.9837201452585459
 0.999979380126047
 0.9216007074554797
 0
 0
 0.5785862941142949
 0.8294088044717013
 0.7796868542565518
 0.8098264837788726
 0.792724012547914
 0.8284501893194693
 0.8232862225281964
 0.9098840610650618
 0.933190136885649
 0.9666136022669358
 0.9652356598046117
 0.9754429307511043
 0.5827418267678292
 0.9825508419196637
 0.8990851102990917
 0.9711876399191783
 0.9690521394207072
 0.976977193826148
 0.9779681233348319
 0.9812091873367768
 0.9864051974315238
 0.9902326704403211
 0.9923143114374124
 0.9724257014402007
 0.9945224219455503
 0.9956291976501583
 0.982885087244627
 0.9940327696407991
 0
 0
 0
 0
 0
 0
 0
 0
 0
 0
 0
 0
 0
 0
 0
 0
 0
 0
 0
 0
 0
 0
 0
 0
 0
 0
 0
 0
 0
 0
 0
 0
 0
 0
 0
 0
 0
 0
 0
 0
 0
 0
 0
 0
 0
 0
 0
 0
 0
 0
 0
 0
 0
 0
 0
 0
 0
 0
 0
 0
 0
 0
 0
 0
 0
 0
 0
 0
 0
 0
 0
 0
 0
 0
 0
 0
 0
 0
 0
 0
 0
 0
 0
 0
 0
 0
 0
 0
 0
 0
 0
 0
 0
 0
 0
 0
 0
 0
 0
 0
 0
 0
 0
 0
 0
 0
 0
 0
 0
 0
 0
 0
 0
 0
 0
 0
 0
 0
 0
 0
 0
 0
 0
 0
 0
 0
 0
 0
 0
 0
 0
 0
 0
 0
 0
 0
 0
 0
 0
 0
 0
 0
 0
 0
 0
 0
 0
 0
 0
 0
 0
 0
 0.8840214268282148
 0.9524661446522102
 0.9375857247156547
 0.916267747570783
 0.9144639431892573
 0.9314330398168892
 0.9080125689024404
 0.9150039975622788
 0.9192404399929481
 0.9133714904802537
 0.9368853156002219
 0.914942397694088
 0.9289643192965035
 0.9200120864990918
 0.9025668922114807
 0.9127703787539244
 0.9034099548402341
 0.9060743365127063
 0.9137945007818911
 0.8964671869092653
 0.9046407493887053
 0.9034093263595487
 0.9031926717245138
 0.9062739845770285
 0.9077389247022709
 0.8970757455531658
 0.9035527971519453
 0.8975227064850925
 0
 0
 0
 0
 0
 0
 0
 0
 0
 0
 0
 0
 0
 0
 0
 0
 0
 0
 0
 0
 0
 0
 0
 0
 0
 0
 0
 0
 0
 0
 0
 0
 0
 0
 0
 0
 0
 0
 0
 0
 0
 0
 0
 0
 0
 0
 0
 0
 0
 0
 0
 0
 0
 0
 0
 0
 0
 0
 0
 0


