# Created by Octave 3.8.2, Fri Nov 20 22:35:39 2015 CET <dkottke@snake9>
# name: mus
# type: matrix
# ndims: 3
 1 30 19
 0
 0
 0.6618357487922703
 0.6634615384615384
 0.658536585365854
 0.6568627450980391
 0.9605911330049263
 0.9326923076923077
 0.9661835748792271
 0.925
 0.9377990430622011
 0.9705882352941176
 0.9759615384615385
 0.9642857142857143
 0.9641025641025642
 0.9615384615384616
 0.9419934640522877
 0.9646464646464646
 0.9665071770334926
 0.9650000000000001
 0.9629629629629631
 0.9099326599326599
 0.9758454106280193
 0.9739583333333333
 0.98
 0.9855769230769231
 0.9947089947089947
 1
 0.9950738916256158
 0.9944444444444445
 0
 0
 1
 1
 1
 1
 0.8
 0.8
 0.9
 0.7
 0.6333333333333333
 0.5
 0.4666666666666667
 0.4666666666666667
 0.5333333333333334
 0.5333333333333333
 0.55
 0.5833333333333333
 0.7333333333333333
 0.75
 0.77
 0.7699999999999999
 0.6599999999999999
 0.5599999999999999
 0.68
 0.58
 0.5866666666666667
 0.5066666666666666
 0.5533333333333335
 0.6
 0
 0
 1
 1
 1
 1
 0.8279944057609366
 0.9074996915580877
 0.842812687704632
 0.7674634316281665
 0.7366164338214345
 0.7296029057163365
 0.7298136125692793
 0.7430078750273676
 0.6888169375535715
 0.7014390822380268
 0.678175204342309
 0.6928944283309382
 0.760823514838353
 0.7695276176464804
 0.7650159132763397
 0.7502449996407434
 0.712121366308454
 0.7157096437206406
 0.7329853358778496
 0.6598508949150573
 0.6824706172545021
 0.7075259448816937
 0.6909510014792924
 0.7226965377358883
 0
 0
 0.999999999809483
 0.999999999987786
 0.999999999848334
 0.9999999999527732
 0.7846151145187829
 0.9165418501770071
 0.759118938590966
 0.7943709451277831
 0.6071974982888483
 0.5346079622091769
 0.5151084584750927
 0.5531058083516694
 0.6154724408259422
 0.6436369876463746
 0.6730138871037494
 0.6830408220126868
 0.7317234886901151
 0.7751480072462877
 0.7929661201193056
 0.7561397462545395
 0.6688411251332164
 0.7256111600266737
 0.6893108580597879
 0.6547148754663392
 0.6374701169287345
 0.6384761053763336
 0.6787175563618876
 0.6860805833718946
 0
 0
 1
 1
 1
 1
 0.7142857142857143
 1
 0.7777777777777778
 0.9
 0.7272727272727273
 0.4166666666666667
 0.4615384615384616
 0.5555555555555556
 0.6
 0.6666666666666666
 1
 0
 1
 1
 1
 1
 1
 1
 0
 0
 1
 1
 1
 0
 0
 0
 0.9999999999913183
 1
 0.999999999998774
 0.9999999999997358
 0.7471885102605518
 0.9507192602022628
 0.8431488076521587
 0.8081157275094942
 0.6151310536951639
 0.5031966051592159
 0.506657622570959
 0.5680604935944987
 0.6049178008654845
 0.6737814544239483
 0.7646977817456063
 0.5604382239180107
 0.845083353579278
 0.8157814363678618
 0.8125033874381509
 0.84732547219368
 0.7395946132870392
 0.7998256783019086
 0.5943578261814686
 0.6200944492082755
 0.5957194233936858
 0.6675094393576977
 0.6518705932087734
 0.6341938879415741
 0
 0
 1
 0.999999999996236
 0.9999999999896164
 0.9999999999869309
 0.8446089104752581
 0.8079348674769
 0.87724643994201
 0.7759549066448425
 0.7449022251115505
 0.7327474609785118
 0.7149756525126194
 0.7507795550684546
 0.7478578468480069
 0.7649677446127671
 0.7422024554945227
 0.7572722730495938
 0.7672242724904791
 0.7662963980632073
 0.7646899749402486
 0.764703913274734
 0.7497361647335166
 0.7639835946320219
 0.7895975977544597
 0.7457072658556295
 0.741492788310794
 0.7592060090850574
 0.7719935853564199
 0.7265718113552255
 0
 0
 0.9999999997672026
 0.9999999999040665
 0.9999999999942211
 0.9999999999890843
 0.7056732693180638
 0.840116699610911
 0.797675884790177
 0.7207188525070675
 0.6017662232391069
 0.5709181498253606
 0.5592372028897218
 0.5719925072745539
 0.6025497216241672
 0.6121674456148556
 0.6333967374908459
 0.6325222407885147
 0.6803721473439934
 0.691496151914726
 0.7190346995419189
 0.6893939940095855
 0.6383147504125671
 0.6611781094742343
 0.6448940643951494
 0.6224483373972143
 0.6153916411459378
 0.6144005566710817
 0.644499820336748
 0.6396917698935218
 0
 0
 0.9540243095240615
 0.9617502161351619
 0.9252806120665995
 0.8925428323538137
 0.9492990017277925
 0.9399313603741946
 0.9379203188339842
 0.903838301659233
 0.9238895624170134
 0.9213922313763325
 0.9334840029055677
 0.9227441667122842
 0.9229286366594965
 0.9125521102274984
 0.9051343875865361
 0.9047124906710768
 0.9110377013756019
 0.8971760061733953
 0.9052240090754355
 0.8973040294573377
 0.9037007915271772
 0.9055437708649299
 0.9055920830919854
 0.908107647943316
 0.9041333260281321
 0.9113867113192078
 0.9011903127113193
 0.9123154206950833
 0
 0
 0.9999999999995093
 0.9999999999999899
 0.9999999999995953
 0.9999999999982775
 0.7202058418300333
 0.9335225677439921
 0.7307935906900421
 0.719819383852806
 0.5047589420348702
 0.5658709043856888
 0.5655222830781254
 0.5871411656587044
 0.6030184833996886
 0.6134513721338414
 0.6975791198380221
 0.6353694365669246
 0.7184888638261018
 0.7416515110227917
 0.7454164962377385
 0.7095502075709812
 0.6536954481476145
 0.7012573633539958
 0.6986810267836989
 0.6376255089169034
 0.6292974164238709
 0.6318996027203577
 0.6590864909086086
 0.6482756069615556
 0
 0
 1
 1
 0.9999999999997737
 1
 0.797783629903305
 0.7829721967887766
 0.8113986629028778
 0.7478455187298151
 0.7522363677133301
 0.709467028267982
 0.7937193665521598
 0.7259298448711257
 0.7709024549308978
 0.7461075135121882
 0.7180380865576439
 0.7679427006858232
 0.7379979273583498
 0.7240803053622193
 0.8077164323829945
 0.7821978697420291
 0.7272864417217455
 0.7406002906141657
 0.7727246295793186
 0.788504266558919
 0.767367416503826
 0.759810942598926
 0.786575417034709
 0.735023696684428
 0
 0
 0
 0
 0
 0
 0
 0
 0
 0
 0
 0
 0
 0
 0
 0
 0
 0
 0
 0
 0
 0
 0
 0
 0
 0
 0
 0
 0
 0
 0
 0
 0
 0
 0
 0
 0
 0
 0
 0
 0
 0
 0
 0
 0
 0
 0
 0
 0
 0
 0
 0
 0
 0
 0
 0
 0
 0
 0
 0
 0
 0
 0
 0
 0
 0
 0
 0
 0
 0
 0
 0
 0
 0
 0
 0
 0
 0
 0
 0
 0
 0
 0
 0
 0
 0
 0
 0
 0
 0
 0
 0
 0
 0
 0
 0
 0
 0
 0
 0
 0
 0
 0
 0
 0
 0
 0
 0
 0
 0
 0
 0
 0
 0
 0
 0
 0
 0
 0
 0
 0
 0
 0
 0
 0
 0
 0
 0
 0
 0
 0
 0
 0
 0
 0
 0
 0
 0
 0
 0
 0
 0
 0
 0
 0
 0
 0
 0
 0
 0
 0
 0
 0.955578664113042
 0.9236915612175589
 0.9158548720914668
 0.9375668620066653
 0.9227944783071423
 0.9148802876124622
 0.919272849985587
 0.9015396353629999
 0.9063887472654097
 0.9127252410888763
 0.9266140270789457
 0.9114037800987211
 0.9103322226033365
 0.901133772710302
 0.9042508248539076
 0.9133290310306112
 0.9045125215768528
 0.8977448917089808
 0.9044432786547134
 0.9124048844097137
 0.9022603524405376
 0.9036230464317937
 0.9136081302348005
 0.9073199243358377
 0.9028574308208694
 0.8806609914715495
 0.8967585765309398
 0.908386133455703
 0
 0
 0
 0
 0
 0
 0
 0
 0
 0
 0
 0
 0
 0
 0
 0
 0
 0
 0
 0
 0
 0
 0
 0
 0
 0
 0
 0
 0
 0
 0
 0
 0
 0
 0
 0
 0
 0
 0
 0
 0
 0
 0
 0
 0
 0
 0
 0
 0
 0
 0
 0
 0
 0
 0
 0
 0
 0
 0
 0


