# Created by Octave 3.8.2, Fri Nov 20 23:40:40 2015 CET <dkottke@snake8>
# name: mus
# type: matrix
# ndims: 3
 1 30 19
 0
 0
 0.6641604010025064
 0.5353535353535354
 0.5746835443037973
 0.7234848484848482
 0.7167919799498748
 0.7142857142857143
 0.7070707070707076
 0.6923076923076923
 0.7361111111111109
 0.7373737373737373
 0.7369230769230772
 0.7257653061224489
 0.7384615384615384
 0.7213541666666666
 0.7118499573742539
 0.7361111111111114
 0.7493734335839599
 0.7368421052631579
 0.7493734335839598
 0.6603535353535354
 0.789712986643933
 0.8684895833333334
 0.8586666666666667
 0.8717948717948719
 0.8632756132756132
 0.8380102040816327
 0.8493830008072887
 0.8666666666666667
 0
 0
 0
 0.5
 0.8
 0.7
 0.3
 0.5
 0.6
 0.7
 0.5333333333333333
 0.6666666666666666
 0.5333333333333333
 0.7999999999999999
 0.5999999999999999
 0.6166666666666667
 0.8833333333333332
 0.7833333333333333
 0.7333333333333333
 0.75
 0.8
 0.7300000000000001
 0.7100000000000001
 0.8
 0.8
 0.8066666666666666
 0.8066666666666666
 0.76
 0.7933333333333333
 0.8666666666666668
 0
 0
 0.4732328676428685
 0.6887285126980587
 0.8046571884175637
 0.5281880074771724
 0.6282249119099439
 0.6750391965572329
 0.6061921638646481
 0.6399877434685199
 0.4335750644530791
 0.5800863502841219
 0.5717591735753864
 0.6957803816456701
 0.7670404748929349
 0.7670946811440048
 0.7718954453731681
 0.7227570179759233
 0.7403512828945547
 0.7835693809288344
 0.7682914165378727
 0.7525206854050956
 0.6790650586208682
 0.6598764677895448
 0.6185726185905674
 0.6359859224144919
 0.6447759045890532
 0.6048257423514785
 0.7377274985497388
 0.6099737673926836
 0
 0
 0.05031615111867668
 0.6053527893537638
 0.7733887848374253
 0.560932587629421
 0.4906399871023122
 0.5679016290689983
 0.4543889026155079
 0.435307453267104
 0.4259675608532346
 0.5359256973331787
 0.5395156059019307
 0.6487053366357817
 0.670851350236393
 0.7246526266515653
 0.7721483772989608
 0.7205608609489838
 0.7262290082355114
 0.7738870718095185
 0.7587159770048533
 0.7157939545638089
 0.6154959878629193
 0.5969272493477766
 0.6399134908950254
 0.6415556680255575
 0.6505923739324795
 0.6910600019744628
 0.672996591349986
 0.6345872104843263
 0
 0
 0
 0.75
 1
 0.5
 0.5714285714285714
 0.5
 0.5555555555555556
 0.6
 0.3636363636363636
 0.6666666666666666
 0.5384615384615384
 0.6666666666666666
 0.8
 1
 0.5
 1
 1
 0
 1
 1
 0
 1
 1
 1
 1
 1
 1
 0
 0
 0
 0.02986305685835744
 0.799727572487859
 0.9231603592146931
 0.544077309718811
 0.5518043274494726
 0.5112449214283733
 0.5123753356311793
 0.5158428203701018
 0.4675619390525068
 0.5912009622512476
 0.5374033035307145
 0.6879949349136045
 0.7091025555782462
 0.8201870987081064
 0.6870689439684039
 0.8072076569269877
 0.7947382517793127
 0.6360387990813148
 0.860349846823911
 0.7842460129720936
 0.5579536304872261
 0.6864434772554506
 0.6845042992371121
 0.6758387404177315
 0.6794649283127894
 0.7527595194048711
 0.6617696730047663
 0.6179210509823838
 0
 0
 0.5785862941142949
 0.3918299677691106
 0.8144768874822284
 0.6695324027055465
 0.6941505012212928
 0.7280741866010628
 0.639806946706915
 0.6326353707504025
 0.660853763398042
 0.6744433709150094
 0.6445429849695439
 0.7255066065962062
 0.7294220914241377
 0.7678986794801715
 0.7586980238803167
 0.7613244506177906
 0.7552256054025249
 0.7771115968932512
 0.7665341832808467
 0.7703536107774256
 0.6645296620266512
 0.6557369953546082
 0.6950414547395136
 0.6801933196011021
 0.6818624602807701
 0.7074159581102399
 0.6668502600746435
 0.6661324150679234
 0
 0
 0.09005869771628738
 0.5662533477397566
 0.7302243432205043
 0.5541502896762001
 0.5177290287239343
 0.5525865968094266
 0.5071208476247364
 0.4607979120987354
 0.4864375549924532
 0.5341739123180584
 0.5506825240944646
 0.5992212926952559
 0.6199674902130463
 0.6606156975594852
 0.6988085154863038
 0.660933466776921
 0.66321071611163
 0.6947739080958584
 0.69908610325899
 0.6515315570781594
 0.5779465926848678
 0.5667278242449051
 0.5663834663962038
 0.5708420359843693
 0.5582260256779285
 0.5888195939808436
 0.5803629107274012
 0.5678917321544678
 0
 0
 0.9211836151861151
 0.901868727752133
 0.9412131661846808
 0.9197407171131071
 0.909840757610904
 0.9385148510684217
 0.8936751818690047
 0.9152818310455056
 0.9231233605037837
 0.9294690526980135
 0.9236595965981349
 0.9278469662784027
 0.9257871291948229
 0.9201366731583147
 0.9012333695223574
 0.9106292135534579
 0.9088342871754607
 0.9137454127964996
 0.9053485739272663
 0.9067378110002513
 0.9023301305511496
 0.9048721836386209
 0.9052175334381843
 0.9028994877410474
 0.9177575674281687
 0.8967014204871885
 0.9019864385421154
 0.8937450942260887
 0
 0
 0.01943597647392115
 0.7702777506761898
 0.854195813272991
 0.5627841243266641
 0.5590250976949233
 0.5377513865240857
 0.5032989227366883
 0.4916517920407242
 0.5135357945817333
 0.3790679874798439
 0.5610518435895789
 0.6685021848360716
 0.6939596126052958
 0.7433045551974626
 0.7566848666509722
 0.7326994168695764
 0.6986495643522254
 0.7428520309043207
 0.7454078991916999
 0.7085821607872569
 0.5787309370431212
 0.5675403178909273
 0.5651916639756012
 0.5857820051080438
 0.593095676495983
 0.6548714988545163
 0.6241720740844439
 0.6109554766270077
 0
 0
 0.5785862941142949
 0.4069069664678625
 0.8041323055993498
 0.6399405375801506
 0.6892957282762401
 0.6885904416021285
 0.6609890215031453
 0.6458440742739215
 0.6549832172447819
 0.7176500776787418
 0.6349901603496089
 0.7188347622117707
 0.701727875986606
 0.7638962487072249
 0.7394962592434451
 0.7189850452341796
 0.7167335034070941
 0.7826411889635612
 0.7421593126788097
 0.7274978205895568
 0.6804913010471489
 0.6806986598355955
 0.7282272944796995
 0.6764344574039471
 0.5597173174319233
 0.3938361839554308
 0.6594887465017417
 0.6743561021296417
 0
 0
 0
 0
 0
 0
 0
 0
 0
 0
 0
 0
 0
 0
 0
 0
 0
 0
 0
 0
 0
 0
 0
 0
 0
 0
 0
 0
 0
 0
 0
 0
 0
 0
 0
 0
 0
 0
 0
 0
 0
 0
 0
 0
 0
 0
 0
 0
 0
 0
 0
 0
 0
 0
 0
 0
 0
 0
 0
 0
 0
 0
 0
 0
 0
 0
 0
 0
 0
 0
 0
 0
 0
 0
 0
 0
 0
 0
 0
 0
 0
 0
 0
 0
 0
 0
 0
 0
 0
 0
 0
 0
 0
 0
 0
 0
 0
 0
 0
 0
 0
 0
 0
 0
 0
 0
 0
 0
 0
 0
 0
 0
 0
 0
 0
 0
 0
 0
 0
 0
 0
 0
 0
 0
 0
 0
 0
 0
 0
 0
 0
 0
 0
 0
 0
 0
 0
 0
 0
 0
 0
 0
 0
 0
 0
 0
 0
 0
 0
 0
 0
 0
 0.9092057534406659
 0.9453250819281541
 0.8987851245343813
 0.9592486000030327
 0.9325808566900975
 0.9244163650520167
 0.9171512552882147
 0.9032489795081841
 0.9224014351158285
 0.9181794428457205
 0.9163350756323796
 0.9112965516605239
 0.9258227080739013
 0.91971857606186
 0.9124805783473429
 0.9075342090393546
 0.9200110670965804
 0.9229918331150988
 0.9172701085726123
 0.908116134394646
 0.9102707772928267
 0.9081183088449727
 0.9050023299084258
 0.8977170473396399
 0.9025010545463283
 0.9044554242799785
 0.9042294654875574
 0.9084522488740692
 0
 0
 0
 0
 0
 0
 0
 0
 0
 0
 0
 0
 0
 0
 0
 0
 0
 0
 0
 0
 0
 0
 0
 0
 0
 0
 0
 0
 0
 0
 0
 0
 0
 0
 0
 0
 0
 0
 0
 0
 0
 0
 0
 0
 0
 0
 0
 0
 0
 0
 0
 0
 0
 0
 0
 0
 0
 0
 0
 0


