# Created by Octave 3.8.2, Sat Nov 21 02:26:52 2015 CET <dkottke@snake7>
# name: mus
# type: matrix
# ndims: 3
 1 30 19
 0
 0
 0.6190476190476191
 0.5176767676767676
 0.5139240506329117
 0.518939393939394
 0.5112781954887218
 0.5255102040816326
 0.5208333333333333
 0.5205128205128206
 0.639520202020202
 0.6641414141414141
 0.6684615384615387
 0.7136479591836734
 0.7038461538461536
 0.6354166666666666
 0.6379653310599602
 0.6148989898989898
 0.6165413533834587
 0.5921052631578947
 0.6165413533834586
 0.5972222222222222
 0.6018755328218243
 0.6015625
 0.5973333333333333
 0.5994871794871794
 0.6250601250601252
 0.596938775510204
 0.6364894475839002
 0.6051282051282051
 0
 0
 0.3333333333333333
 1
 1
 0.6
 0.9
 1
 1
 1
 0.9
 0.7
 0.8666666666666666
 0.8
 0.8666666666666668
 0.8166666666666667
 0.85
 0.8166666666666667
 0.8833333333333332
 0.95
 0.96
 0.9099999999999999
 0.9199999999999999
 0.9099999999999999
 0.9199999999999999
 0.8866666666666667
 0.8466666666666667
 0.8933333333333333
 0.9
 0.9
 0
 0
 0.6765894815295752
 0.849153048461367
 0.8400399874363922
 0.8630405455871458
 0.9041283819110021
 0.8445440311307535
 0.9285714510791013
 0.9363665304112585
 0.9081013655360785
 0.8185464997395602
 0.8368109454041649
 0.7980284414437573
 0.8674421682151789
 0.869033400491761
 0.8723392563716412
 0.8510947369072417
 0.9221585961503357
 0.8866353373016859
 0.911286176596208
 0.9245612730430969
 0.9484260668454145
 0.9576397797113788
 0.9632353792398476
 0.9131750951140765
 0.8676728011861027
 0.8641233495665049
 0.8672646697100276
 0.8798528248481694
 0
 0
 0.3283941342730453
 0.7934124613237885
 0.8031020630484329
 0.8089232917736211
 0.828193614253396
 0.8621449421488565
 0.8945094841731351
 0.9299155305206824
 0.8591250754795381
 0.7125189488333991
 0.7432512997171036
 0.6871307807391116
 0.7306033029563208
 0.7114423871035254
 0.7348821736562212
 0.7406120201411002
 0.7609822283091039
 0.7712569613285014
 0.7829589629448677
 0.7852662395675706
 0.8051543572517266
 0.8118019535973591
 0.8202999413741423
 0.7880079495335897
 0.7596500549935548
 0.7687888092382851
 0.768296210821801
 0.7737416841423912
 0
 0
 1
 1
 1
 0.3333333333333333
 1
 0.75
 1
 1
 0.8181818181818182
 0.75
 0.9230769230769231
 0.7777777777777778
 0.8
 1
 0.5
 1
 1
 1
 1
 0
 1
 1
 1
 1
 1
 1
 1
 1
 0
 0
 0.9996359050089474
 0.7682847651693903
 0.8849912808267869
 0.7069141697928002
 0.9198883283485273
 0.8555693842112556
 0.8221203786507627
 0.9899628669210748
 0.8480106144298374
 0.752322484332928
 0.8552169281285099
 0.6476082539688105
 0.7684140816604729
 0.6627121573136915
 0.692439064561723
 0.7358421914647765
 0.6839841557534549
 0.75193609066609
 0.7939296553940279
 0.7126589579163317
 0.8361062182580857
 0.7494082010952
 0.9379026935600291
 0.7318690679489921
 0.6723401707547854
 0.9160745724002544
 0.7545380656261498
 0.7100006186872286
 0
 0
 0.5785862941142949
 0.7111908181069192
 0.7982222826203966
 0.8305745899820165
 0.8822014930283739
 0.8104404651337199
 0.8692689106304365
 0.9015519562238752
 0.9375977760842505
 0.817212115679198
 0.7805858488498956
 0.7631602787093277
 0.7956475152766733
 0.8019800419368744
 0.8144671010037099
 0.7662638359637637
 0.8063812550538735
 0.8266246926666642
 0.79352039089849
 0.8378722484099717
 0.9253856547685433
 0.8421759868237213
 0.9185633105725752
 0.8013262725643868
 0.8449631425330499
 0.8159811270513907
 0.8124580285948722
 0.7464176591836564
 0
 0
 0.3295713899172071
 0.7094477292082175
 0.7738277884091431
 0.8493450837160286
 0.8752132584918338
 0.876919305802573
 0.8897958223624737
 0.9015112558864307
 0.8572980441156443
 0.7108022545946654
 0.7406525503523872
 0.6834094369504926
 0.7270141665133553
 0.6986141237173008
 0.7385861347141125
 0.7381860361397679
 0.757348769136152
 0.7608594158244405
 0.796329928197267
 0.802745889807271
 0.8342597729188101
 0.8411465961592574
 0.8581439053685608
 0.8163477845316419
 0.779028002703377
 0.7925441024357593
 0.7902059027183518
 0.7945805766035345
 0
 0
 0.9999943345743776
 0.9999997661729915
 0.9999999883535508
 1
 1
 1
 0.9999999999999993
 0.9999999999939863
 0.9999999999999993
 0.9977264405628693
 0.9909082639431182
 0.9836839795372937
 0.9680504951971495
 0.9796815766720526
 0.9735712509731009
 0.9648855462469095
 0.9737311107454523
 0.966012142255985
 0.9636337104610109
 0.9584870297419138
 0.9603549950110534
 0.965099161991396
 0.9589788900978785
 0.9524092932209296
 0.9652885679816421
 0.9537980286112563
 0.9538380145932243
 0.9498891400141641
 0
 0
 0.9979171688726445
 0.7482621778642369
 0.776697641415297
 0.7774585239416267
 0.8335897691450278
 0.8919440257258128
 0.988110205315727
 0.9908968436297725
 0.9001394310595089
 0.7068480061965147
 0.7446456207959486
 0.717173006903709
 0.706958505644865
 0.6843095750119645
 0.7118935068804372
 0.7091403804098202
 0.7337717033406752
 0.7418126118322604
 0.8461469764114016
 0.7569892073519218
 0.9559252899103048
 0.9656831868636248
 0.8290694337590794
 0.9134627655748649
 0.7589348899380863
 0.7568061283335495
 0.8138137537767833
 0.9061845029630387
 0
 0
 0.5785862941142949
 0.7086288173499915
 0.7298317324195676
 0.8522801655945287
 0.9197949021484669
 0.8511820447668289
 0.919331247509071
 0.9047704436683881
 0.9566131883050767
 0.7933818996408684
 0.7773269851566761
 0.7230351906049144
 0.7353044998090745
 0.7436714753706948
 0.7587721551204764
 0.7367794926581985
 0.7501448291402955
 0.7649302201388649
 0.8950015348243754
 0.8139921431378132
 0.8024774014127521
 0.8043779855256877
 0.7926377594777162
 0.912542807021231
 0.8935957794933181
 0.8761210658741176
 0.7889216167893183
 0.808722622051787
 0
 0
 0
 0
 0
 0
 0
 0
 0
 0
 0
 0
 0
 0
 0
 0
 0
 0
 0
 0
 0
 0
 0
 0
 0
 0
 0
 0
 0
 0
 0
 0
 0
 0
 0
 0
 0
 0
 0
 0
 0
 0
 0
 0
 0
 0
 0
 0
 0
 0
 0
 0
 0
 0
 0
 0
 0
 0
 0
 0
 0
 0
 0
 0
 0
 0
 0
 0
 0
 0
 0
 0
 0
 0
 0
 0
 0
 0
 0
 0
 0
 0
 0
 0
 0
 0
 0
 0
 0
 0
 0
 0
 0
 0
 0
 0
 0
 0
 0
 0
 0
 0
 0
 0
 0
 0
 0
 0
 0
 0
 0
 0
 0
 0
 0
 0
 0
 0
 0
 0
 0
 0
 0
 0
 0
 0
 0
 0
 0
 0
 0
 0
 0
 0
 0
 0
 0
 0
 0
 0
 0
 0
 0
 0
 0
 0
 0
 0
 0
 0
 0
 0
 0.9999923746712768
 0.9999999959531122
 0.9999999999935134
 0.9999999952945013
 0.9999999969086062
 0.9999999985008162
 0.9999984272110117
 0.9999954844861295
 0.9999307569087571
 0.9986408110717613
 0.992485687098438
 0.9831453738018918
 0.9721228388920273
 0.9734190514201138
 0.9732026770950549
 0.9660063803844348
 0.9703821887429044
 0.9723629106653161
 0.9619518169081305
 0.9558185009372545
 0.9573581059804406
 0.9575866610986919
 0.9549371047926201
 0.9532896424412834
 0.9657202331584824
 0.9498928737216245
 0.952512598298881
 0.9414355612996889
 0
 0
 0
 0
 0
 0
 0
 0
 0
 0
 0
 0
 0
 0
 0
 0
 0
 0
 0
 0
 0
 0
 0
 0
 0
 0
 0
 0
 0
 0
 0
 0
 0
 0
 0
 0
 0
 0
 0
 0
 0
 0
 0
 0
 0
 0
 0
 0
 0
 0
 0
 0
 0
 0
 0
 0
 0
 0
 0
 0


