# Created by Octave 3.8.2, Sun Nov 15 22:56:41 2015 CET <dkottke@snake8>
# name: mus
# type: matrix
# ndims: 3
 1 30 19
 0
 0
 0.8964076858813708
 0.9080267558528428
 0.9163179916318004
 0.8735343383584592
 0.9239766081871353
 0.9295302013422819
 0.9323308270676682
 0.9361344537815131
 0.9374478732276889
 0.9360269360269365
 0.9222408026755844
 0.9361344537815129
 0.9358649789029531
 0.9197635135135135
 0.9204201680672264
 0.9200336700336694
 0.9223057644110271
 0.9271186440677968
 0.9289891395154549
 0.9284511784511784
 0.9249581939799333
 0.9277210884353742
 0.9285106382978728
 0.9243311036789293
 0.9252946127946126
 0.9275793650793653
 0.9352396972245579
 0.9418803418803415
 0
 0
 0.6666666666666666
 1
 0.8
 0.8
 0.9
 0.8
 0.9
 0.9
 0.9333333333333332
 0.9
 0.8
 0.8
 0.8
 0.8
 1
 1
 1
 1
 0.95
 0.96
 0.95
 0.96
 0.96
 0.96
 0.9666666666666668
 0.9666666666666668
 0.9666666666666668
 0.9333333333333333
 0
 0
 0.8261668463221467
 0.9268976224483981
 0.8030348983360291
 0.8516451749688079
 0.7151346148941259
 0.895700107793288
 0.8789364210698256
 0.8995039215359985
 0.897175055763888
 0.939406729289434
 0.8967306960544453
 0.9067698449426045
 0.9155466866085719
 0.909083425081773
 0.8719255060663421
 0.9664345860837745
 0.9456428287553795
 0.9617537290828462
 0.9476458477963157
 0.9282593768386238
 0.9434841149092653
 0.9568350204351221
 0.9623284621050514
 0.9427427649230091
 0.960977342925162
 0.9764336153206986
 0.9624027620886823
 0.9646661098409632
 0
 0
 0.6551907023397467
 0.8545800471396275
 0.5690868236261162
 0.6228231187654545
 0.6545859488087029
 0.7316895052711025
 0.7762381785750108
 0.7792195815352712
 0.7902764905014042
 0.819391765084922
 0.8013718498100114
 0.805848995373747
 0.8275074407733729
 0.8122528239032291
 0.832250995561194
 0.8467690546125328
 0.8486104137098273
 0.865481392312151
 0.8597702264411424
 0.8664263548620053
 0.8730114004489821
 0.8818750230735685
 0.8844650567045844
 0.8926488074039046
 0.90048671800508
 0.900432246896401
 0.8950294899719333
 0.8888463484539009
 0
 0
 0.8484033955619904
 0.8211020651691272
 0.6124011824249852
 0.6204711019907934
 0.6400970952794584
 0.6948319406172238
 0.7194172874513469
 0.7718081210083163
 0.7975782394021853
 0.8246094251300853
 0.7842706870058739
 0.8027896780271991
 0.8277710793459807
 0.8103896807330475
 0.839502310792133
 0.8500019905396624
 0.8554148244973736
 0.8573836609752046
 0.8630033054739451
 0.8759081957616058
 0.8824070460892548
 0.8802862093960713
 0.8859850192121121
 0.8938543876888694
 0.8979139940888834
 0.9027719329620876
 0.8964802665053813
 0.8882031469087345
 0
 0
 0.4166607943458756
 0.9673707215591467
 0.6125000000017828
 0.5418275744457517
 0.5979170971157451
 0.7438956591915997
 0.6974376799908475
 0.7334272817853641
 0.9201772620442228
 0.7757793004860283
 0.7832000379843701
 0.8030144494327015
 0.8675092390826614
 0.7831842439697867
 0.7909769754242035
 0.7821787079818758
 0.8283066580553642
 0.9419817221394379
 0.9399672401451167
 0.8689087917907111
 0.900579138987939
 0.8495383035847615
 0.8546767853502132
 0.8624726997125064
 0.8741238797458795
 0.8943000080427217
 0.9202124630566296
 0.9832827865492626
 0
 0
 0.3678794411714423
 0.8702835898211835
 0.8405501465390708
 0.7256475573651749
 0.7351931932480428
 0.7959762273171483
 0.8077134157161446
 0.8246326064573952
 0.7740141021993474
 0.8539015300739786
 0.8632616350219795
 0.8905520116457185
 0.8222623038289786
 0.8252223244768426
 0.8458250662992999
 0.8772264184635447
 0.8579471408911643
 0.9689712092459396
 0.9872060415508813
 0.9011581477388285
 0.9040973646108432
 0.9210820181275909
 0.8912741227054397
 0.8893149265661451
 0.9128558187820329
 0.9264219902690041
 0.9169848083617603
 0.8698354058881036
 0
 0
 0.651084663616098
 0.8333923165578991
 0.6140026011407268
 0.6217538730520461
 0.596040405936324
 0.7290348779983079
 0.7871747376535487
 0.7801939294636455
 0.8035980209435639
 0.8422129297225944
 0.8151334567886311
 0.8276149752849936
 0.8587078184218577
 0.8420471966416007
 0.8697443996979947
 0.8775185744870818
 0.8843219765029006
 0.9028354893710255
 0.8968976546882818
 0.9072584696914914
 0.910237931414246
 0.916046140414126
 0.9214675452233021
 0.9286193843466609
 0.9361869209508105
 0.9401981967243812
 0.9331613903295186
 0.9226161227292198
 0
 0
 0.8363974244834159
 0.7758796099993878
 0.6134934506510517
 0.5722842599644207
 0.6162286463152927
 0.6779805085502846
 0.7224149347722896
 0.7733611590495773
 0.822159366690192
 0.8503618380683702
 0.8181181879823819
 0.8259891180974966
 0.8494178189860694
 0.8364983411466794
 0.8680686784678273
 0.879304083653067
 0.8898000739285807
 0.9000567118614168
 0.9033033412799345
 0.909209570318397
 0.9160602700526903
 0.9156422326221464
 0.9183844839951791
 0.9284735467469666
 0.930468384588179
 0.9434000041126216
 0.9306872286069567
 0.9212529935351874
 0
 0
 0.416660301850355
 0.9929443350324239
 0.766294968496424
 0.572198120029101
 0.6235830445959041
 0.6451528590040413
 0.7087143976247434
 0.7883251834272619
 0.7682617843875162
 0.8737316934373778
 0.785137098237445
 0.8246261330610464
 0.8401126517339361
 0.8338471552763173
 0.866432535227839
 0.8842990958677663
 0.884614334140112
 0.9383531776342421
 0.8815185862509993
 0.8899788063646806
 0.4360152154023305
 0.9108636060372788
 0.9074039560359517
 0.9252290962696992
 0.9800176213398127
 0.9385712696936294
 0.9229449626088996
 0.9228763947455065
 0
 0
 0.3678794411714423
 0.8153694846965051
 0.7850658318271606
 0.6932973943770975
 0.8865724390526488
 0.7299650984008795
 0.784568979489039
 0.7922526792572465
 0.7968991227736499
 0.8131047326866729
 0.809856046346037
 0.8248451285548779
 0.8270343571379083
 0.8282283036599449
 0.8539149889645593
 0.9485152899684905
 0.8480713103264436
 0.8774403010351105
 0.8697122296604859
 0.8968856116134087
 0.9000768560843746
 0.9055203301108744
 0.9255544841262026
 0.3344811786695555
 0.9121887655810915
 0.9311474216687909
 0.9527816523243189
 0.9819920312182884
 0
 0
 0
 0
 0
 0
 0
 0
 0
 0
 0
 0
 0
 0
 0
 0
 0
 0
 0
 0
 0
 0
 0
 0
 0
 0
 0
 0
 0
 0
 0
 0
 0
 0
 0
 0
 0
 0
 0
 0
 0
 0
 0
 0
 0
 0
 0
 0
 0
 0
 0
 0
 0
 0
 0
 0
 0
 0
 0
 0
 0
 0
 0
 0
 0
 0
 0
 0
 0
 0
 0
 0
 0
 0
 0
 0
 0
 0
 0
 0
 0
 0
 0
 0
 0
 0
 0
 0
 0
 0
 0
 0
 0
 0
 0
 0
 0
 0
 0
 0
 0
 0
 0
 0
 0
 0
 0
 0
 0
 0
 0
 0
 0
 0
 0
 0
 0
 0
 0
 0
 0
 0
 0
 0
 0
 0
 0
 0
 0
 0
 0
 0
 0
 0
 0
 0
 0
 0
 0
 0
 0
 0
 0
 0
 0
 0
 0
 0
 0
 0
 0
 0
 0.6263154441224077
 0.6478261751507143
 0.6127920140247306
 0.5642624178264526
 0.6166332385509199
 0.6913309990639238
 0.7197022559475916
 0.7758102785690875
 0.8168216639417307
 0.8422368044688594
 0.8104582692399667
 0.8247231315400523
 0.8459750296031476
 0.8354260253375447
 0.8641178409404853
 0.8777667157853727
 0.8932613540752674
 0.8984048852842931
 0.9006579942061762
 0.9097449021273344
 0.9132652255712114
 0.9131491113649578
 0.9181915058407126
 0.9281149238549141
 0.9309635008229711
 0.9426652616969482
 0.9306743377132057
 0.9191479495699951
 0
 0
 0
 0
 0
 0
 0
 0
 0
 0
 0
 0
 0
 0
 0
 0
 0
 0
 0
 0
 0
 0
 0
 0
 0
 0
 0
 0
 0
 0
 0
 0
 0
 0
 0
 0
 0
 0
 0
 0
 0
 0
 0
 0
 0
 0
 0
 0
 0
 0
 0
 0
 0
 0
 0
 0
 0
 0
 0
 0


