# Created by Octave 4.0.0, Fri Nov 20 09:22:50 2015 W. Europe Standard Time <unknown@Florian-PC>
# name: mus
# type: matrix
# ndims: 3
 1 10 19
 0
 0
 0.5939849624060154
 0.702020202020202
 0.7316455696202532
 0.7335858585858587
 0.6842105263157897
 0.6709183673469388
 0.6660353535353538
 0.6666666666666669
 0
 0
 0.6666666666666666
 0.5
 0.4
 0.5
 0.8
 0.5
 0.5
 0.6
 0
 0
 0.7255265994560209
 0.7222500574844216
 0.6224835551440558
 0.6774895108017562
 0.7742426575612293
 0.6291559388205796
 0.7262917980272345
 0.7549479300274625
 0
 0
 0.6111194436439464
 0.7619145841270157
 0.432511793972241
 0.6295440572044896
 0.7687783082676747
 0.5622780606589919
 0.6587015536493833
 0.6937992347468966
 0
 0
 0.6666666666666666
 0.5
 0.6
 0.5
 0.7142857142857143
 0.375
 0.6666666666666666
 0.7
 0
 0
 0.999999999991781
 0.5833333333358737
 0.6500000002625077
 0.6016670101589011
 0.6796825399829902
 0.4566372408741005
 0.6838010206518185
 0.6763447971995895
 0
 0
 0.3678794411714423
 0.7863419152832136
 0.8513119229663185
 0.761288769240104
 0.7246542599857014
 0.6470370850608346
 0.6986353418589155
 0.7786985366019102
 0
 0
 0.6111194436506102
 0.7639440525450792
 0.4634129498427925
 0.6312301366518446
 0.7225553454806445
 0.5675360868667157
 0.6630276224843137
 0.7059390075230838
 0
 0
 1
 1
 1
 1
 1
 1
 1
 1
 0
 0
 1.000000000592058
 0.583333333335936
 0.6623076923912528
 0.6897280569910296
 0.5957939799331082
 0.4518353297581983
 0.6360058178258992
 0.6830740869037283
 0
 0
 0.3678794411714423
 0.7863419159568488
 0.8836299284358449
 0.834454086934689
 0.7740337330190061
 0.7197345270073939
 0.7014655836196299
 0.7386226295326591
 0
 0
 0
 0
 0
 0
 0
 0
 0
 0
 0
 0
 0
 0
 0
 0
 0
 0
 0
 0
 0
 0
 0
 0
 0
 0
 0
 0
 0
 0
 0
 0
 0
 0
 0
 0
 0
 0
 0
 0
 0
 0
 0
 0
 0
 0
 0
 0
 0
 0
 0
 0
 1
 1
 1
 1
 1
 1
 1
 1
 0
 0
 0
 0
 0
 0
 0
 0
 0
 0
 0
 0
 0
 0
 0
 0
 0
 0
 0
 0


# name: vars
# type: matrix
# ndims: 3
 1 10 19
 0
 0
 0.08979519505835289
 0.04550608122036699
 0.04911392405063289
 0.02120078995078995
 0.02677612398342798
 0.03039965986394557
 0.02858486349280923
 0.02543859649122807
 0
 0
 0.3333333333333334
 0.3333333333333333
 0.3
 0.25
 0.2000000000000001
 0.125
 0.125
 0.05
 0
 0
 0
 0
 0
 0
 0
 0
 0
 0
 0
 0
 0.2204793411845744
 0.09553691584481362
 0.09335910904909205
 0.066061543471871
 0.06144197001222343
 0.03675355054450764
 0.03571344659495546
 0.02771541905637331
 0
 0
 0
 0
 0
 0
 0
 0
 0
 0
 0
 0
 0
 0
 0
 0
 0
 0
 0
 0
 0
 0
 0
 0
 0
 0
 0
 0
 0
 0
 0
 0
 0.2204793411748588
 0.06622426896112843
 0.06127206246205229
 0.05046581408311648
 0.05083111599903172
 0.03195923765290563
 0.03956858747010079
 0.02768971533650449
 0
 0
 0
 0
 0
 0
 0
 0
 0
 0
 0
 0
 0
 0
 0
 0
 0
 0
 0
 0
 0
 0
 0
 0
 0
 0
 0
 0
 0
 0
 0
 0
 0
 0
 0
 0
 0
 0
 0
 0
 0
 0
 0
 0
 0
 0
 0
 0
 0
 0
 0
 0
 0
 0
 0
 0
 0
 0
 0
 0
 0
 0
 0
 0
 0
 0
 0
 0
 0
 0
 0
 0
 0
 0
 0
 0
 0
 0
 0
 0
 0
 0
 0
 0
 0
 0
 0
 0
 0
 0
 0
 0
 0
 0
 0
 0
 0
 0
 0
 0
 0
 0
 0
 0
 0
 0
 0
 0
 0
 0


# name: times
# type: matrix
# ndims: 3
 1 10 19
 0
 0
 0.339306116104126
 0.2162079811096191
 0.177170991897583
 0.1491429805755615
 0.1321268081665039
 0.1091041564941406
 0.09308791160583496
 0.09708189964294434
 0
 0
 0.01901793479919434
 0.01601505279541016
 0.02101898193359375
 0.01600790023803711
 0.01601505279541016
 0.01601600646972656
 0.01901912689208984
 0.01801609992980957
 0
 0
 0.153148889541626
 0.1801738739013672
 0.2092010974884033
 0.2201991081237793
 0.2252171039581299
 0.2332239151000977
 0.2362308502197266
 0.252241849899292
 0
 0
 0.5245630741119385
 0.999899012701852
 1.740693251291911
 2.440347413547704
 3.079886356989542
 4.468131680642405
 5.847997881610942
 7.923967165662753
 0
 0
 0.5215480327606201
 1.044945103781564
 1.85276452700297
 2.785717467792699
 3.766555706659953
 5.120754380379954
 7.07818577452476
 9.420419020368563
 0
 0
 0.05708003044128418
 0.07305216789245605
 0.1201157569885254
 0.2137967015876145
 0.3913547992706299
 0.7763931578205477
 1.520451693801406
 3.257662982077525
 0
 0
 0.2241806983947754
 1.05302882194519
 3.415280103683472
 7.939674139022827
 11.524090051651
 12.32083201408386
 15.78616213798523
 19.93213796615601
 0
 0
 0.5093019008636475
 1.015915019171578
 1.716669241587321
 2.540448407657811
 3.284096399943034
 4.786437411462107
 6.626733757694316
 8.728736204816805
 0
 0
 0.5325570106506348
 1.105001074927194
 1.770698467890422
 2.839757422931859
 3.769558588663737
 5.181826491509715
 6.915047623355937
 9.135127110197054
 0
 0
 0.06107902526855469
 0.0750572681427002
 0.1140978336334229
 0.2138257886542649
 0.3933699131011963
 0.7773792570637118
 1.519430785445693
 3.261680096716807
 0
 0
 0.2221927642822266
 1.05502986907959
 3.421294927597046
 7.946665048599243
 11.531085729599
 12.32785272598267
 15.79215598106384
 19.93514895439148
 0
 0
 0
 0
 0
 0
 0
 0
 0
 0
 0
 0
 0
 0
 0
 0
 0
 0
 0
 0
 0
 0
 0
 0
 0
 0
 0
 0
 0
 0
 0
 0
 0
 0
 0
 0
 0
 0
 0
 0
 0
 0
 0
 0
 0
 0
 0
 0
 0
 0
 0
 0
 0.5135393142700195
 1.138033015387399
 1.900841395060221
 2.783688287265965
 3.846636454264323
 5.194826502953807
 7.074175812442851
 9.296295685483919
 0
 0
 0
 0
 0
 0
 0
 0
 0
 0
 0
 0
 0
 0
 0
 0
 0
 0
 0
 0


