# Created by Octave 3.8.2, Fri Nov 20 20:10:25 2015 CET <dkottke@snake6>
# name: mus
# type: matrix
# ndims: 3
 1 30 19
 0
 0
 0.594323873121871
 0.5918708240534521
 0.7175487465181072
 0.7246376811594201
 0.7309616453585337
 0.6802455357142857
 0.6962590731434943
 0.5972067039106144
 0.5887977053621229
 0.5978747203579418
 0.5956893348197696
 0.6110491071428572
 0.6537815126050418
 0.6551339285714286
 0.6714845938375348
 0.6649831649831651
 0.6951687729963204
 0.6887640449438205
 0.7174229691876751
 0.7320114727522135
 0.7075436640654036
 0.697635135135135
 0.7154929577464788
 0.7054998141954665
 0.7062289562289565
 0.7145647321428568
 0.7157953281423806
 0.7124293785310732
 0
 0
 0.6666666666666666
 0.75
 1
 0.9
 0.9
 0.7
 0.6
 0.4
 0.6333333333333333
 0.5
 0.5666666666666667
 0.3666666666666666
 0.6
 0.5
 0.4666666666666666
 0.3333333333333333
 0.4
 0.45
 0.47
 0.45
 0.5700000000000001
 0.49
 0.5599999999999999
 0.58
 0.5599999999999999
 0.5666666666666667
 0.58
 0.5666666666666667
 0
 0
 0.6753975508718217
 0.8750459360455177
 0.8094672074452929
 0.8934192569138673
 0.8171997682020961
 0.7848683031453476
 0.711185130092711
 0.5836898171755454
 0.609719258452184
 0.6487077917263329
 0.5619480289370928
 0.6904877352355012
 0.6519794826966416
 0.5654436218143402
 0.5837027658046382
 0.5704883048948458
 0.6028969163286344
 0.5139425390359628
 0.5383800412312395
 0.539688552437313
 0.5802785462807389
 0.5876910595928428
 0.6341773716532466
 0.5610784062628884
 0.5813603162476975
 0.4867181678556145
 0.6421964218176486
 0.6264908230403229
 0
 0
 0.6046002789822668
 0.6960446407168566
 0.9195234931342585
 0.9414009374566713
 0.8392859379223949
 0.7048117125590401
 0.6178639345524597
 0.4907934616497652
 0.6188696239233951
 0.5618785338155043
 0.5766376477648494
 0.5602056001463268
 0.5335508461931174
 0.5341526822009187
 0.4982533846036782
 0.5068240925228991
 0.5329111105342513
 0.4748917415748117
 0.4295899153528128
 0.4764434177091529
 0.4836739934887138
 0.5097845610651512
 0.5303970298688611
 0.5230157358475533
 0.5565555780843712
 0.552813812384414
 0.5675049431854956
 0.5602380546452559
 0
 0
 0.3333333333333333
 0.75
 1
 1
 1
 0.75
 0.6666666666666666
 0.5
 0.5454545454545454
 0.5
 0.7692307692307693
 0.1111111111111111
 0.2
 0.6666666666666666
 0.5
 1
 1
 0
 0
 0
 1
 1
 1
 0
 0
 0
 0
 0
 0
 0
 0.2951171151350945
 0.7996952875020868
 0.9942011732331819
 0.9636372709255281
 0.9582612731330602
 0.7944805870184797
 0.6619126671466847
 0.5272550237507021
 0.5939775046745468
 0.5777904734989538
 0.6527953058854479
 0.4642202838153037
 0.4791280512349219
 0.5729822236177988
 0.473554516614618
 0.5991276330220312
 0.5943890632277971
 0.3774003393345179
 0.4051349260146635
 0.3867542321046104
 0.4811011755197893
 0.5541205914888551
 0.5330234702700158
 0.3932133402311571
 0.5665830568314651
 0.5739526275128727
 0.5185883852894582
 0.6154361311047244
 0
 0
 0.5785862941142949
 0.7261024148410555
 0.7869764363481038
 0.8632546911701584
 0.8917478816191071
 0.7323888916988913
 0.7353141087246452
 0.6191162554879821
 0.6915874553954778
 0.7249375364954127
 0.6565122352735518
 0.6910236677148565
 0.6707052176168049
 0.6616155102106929
 0.6625299135711304
 0.6486355856071528
 0.7013773448172274
 0.6351657976592089
 0.6482475269092983
 0.6587604369033542
 0.6308285041140075
 0.6812753333194764
 0.6467298520029041
 0.661301739432026
 0.6824401422525328
 0.6505188936063575
 0.6773383548575307
 0.7017161127493018
 0
 0
 0.5891402509352133
 0.7143649966817331
 0.8552235540044181
 0.8986021299854244
 0.8225730234076004
 0.67904622827743
 0.6446557887121243
 0.5242816430466609
 0.6102617202678686
 0.5761363378628583
 0.5640479011251002
 0.5638766648458832
 0.5466680989154405
 0.5467007634526138
 0.5267894784902402
 0.5491764399773977
 0.5518192464687323
 0.5094121017620206
 0.4876244513628663
 0.5169198430386804
 0.5209432570284859
 0.5306221704422984
 0.5365895461471052
 0.5565911466583877
 0.5705927848560263
 0.566702142778179
 0.5850302918897258
 0.5779210048211146
 0
 0
 0.9732854132870631
 0.9005367894364137
 0.9219868999612493
 0.9354213230927064
 0.9286131190019261
 0.9222228210084868
 0.9278410560589933
 0.9126866083662094
 0.9290916738015726
 0.9325488148194382
 0.9294877930707272
 0.9362665051759412
 0.9222592861272668
 0.9148913342537215
 0.9072915479275263
 0.8942403236483489
 0.915203856959576
 0.9080775842059613
 0.9040096518955424
 0.9047406428927872
 0.9056897912616363
 0.9016290943035437
 0.9015851369818519
 0.9071679348352806
 0.9013253819695151
 0.9105825931814844
 0.9056316564384281
 0.9015610379472651
 0
 0
 0.2911965723753324
 0.7702730029810325
 0.9968068619348304
 0.947553711011188
 0.8303792694011394
 0.7724470991298378
 0.6790379488248528
 0.5319156788022559
 0.5893452005931148
 0.5959927264540156
 0.5826246062371169
 0.6521774022615843
 0.5345597662738677
 0.5702060527816092
 0.5055730741664225
 0.5753457305473653
 0.5843240689034616
 0.4787257312561862
 0.4332757911446319
 0.4734555904521542
 0.2746286818032219
 0.4998797413375388
 0.5617931158639123
 0.5126610253744788
 0.5976240511368037
 0.5716894806255218
 0.5740031587944328
 0.7611668361712778
 0
 0
 0.5785862941142949
 0.7340534535728037
 0.7271770405559164
 0.8400485697715236
 0.8951457393641284
 0.735633800623438
 0.777015632708642
 0.6406706645294009
 0.6691382547710543
 0.4692100925739982
 0.6669537657200657
 0.701513238829119
 0.6455092829362561
 0.6175206780818274
 0.6487351325095522
 0.6662096535082813
 0.7108800979574311
 0.6456453043686482
 0.6257887655963135
 0.6427360641906366
 0.6182636718409884
 0.7572685118990217
 0.6833778159613404
 0.5912494710742044
 0.6924493730177709
 0.6189029832271877
 0.6574618243056447
 0.6502711321031555
 0
 0
 0
 0
 0
 0
 0
 0
 0
 0
 0
 0
 0
 0
 0
 0
 0
 0
 0
 0
 0
 0
 0
 0
 0
 0
 0
 0
 0
 0
 0
 0
 0
 0
 0
 0
 0
 0
 0
 0
 0
 0
 0
 0
 0
 0
 0
 0
 0
 0
 0
 0
 0
 0
 0
 0
 0
 0
 0
 0
 0
 0
 0
 0
 0
 0
 0
 0
 0
 0
 0
 0
 0
 0
 0
 0
 0
 0
 0
 0
 0
 0
 0
 0
 0
 0
 0
 0
 0
 0
 0
 0
 0
 0
 0
 0
 0
 0
 0
 0
 0
 0
 0
 0
 0
 0
 0
 0
 0
 0
 0
 0
 0
 0
 0
 0
 0
 0
 0
 0
 0
 0
 0
 0
 0
 0
 0
 0
 0
 0
 0
 0
 0
 0
 0
 0
 0
 0
 0
 0
 0
 0
 0
 0
 0
 0
 0
 0
 0
 0
 0
 0
 0.9453414214288378
 0.9297925120314527
 0.9404503204965918
 0.9363365358922504
 0.8975113562098012
 0.9125229193940136
 0.9315013352876176
 0.9390632840786443
 0.9207172629105854
 0.9258132734693548
 0.9326331945414015
 0.9293874148233358
 0.9266947299178484
 0.918611682745786
 0.9146207315294731
 0.9062478696399515
 0.9029479792720937
 0.9033550517705332
 0.9095777642707713
 0.9066893131074176
 0.9132083416437906
 0.9073208675128889
 0.8950173100825703
 0.9022605947295615
 0.9019200341451777
 0.901468499545713
 0.8990429945042772
 0.8991712774527645
 0
 0
 0
 0
 0
 0
 0
 0
 0
 0
 0
 0
 0
 0
 0
 0
 0
 0
 0
 0
 0
 0
 0
 0
 0
 0
 0
 0
 0
 0
 0
 0
 0
 0
 0
 0
 0
 0
 0
 0
 0
 0
 0
 0
 0
 0
 0
 0
 0
 0
 0
 0
 0
 0
 0
 0
 0
 0
 0
 0


