# Created by Octave 3.8.2, Fri Nov 20 21:49:08 2015 CET <dkottke@snake7>
# name: mus
# type: matrix
# ndims: 3
 1 30 19
 0
 0
 0.7250973845297742
 0.7232739420935412
 0.7197771587743741
 0.7173913043478259
 0.7159533073929971
 0.7137276785714286
 0.7091010608598537
 0.6631284916201117
 0.6697474304836271
 0.6817673378076062
 0.6937941285767367
 0.668387276785714
 0.6705882352941173
 0.6674107142857143
 0.6718207282913164
 0.6689113355780023
 0.6643737002079664
 0.6528089887640453
 0.6628571428571428
 0.6617408654445691
 0.6617428465254555
 0.6559684684684682
 0.6507042253521129
 0.653846153846154
 0.6445005611672275
 0.6495535714285714
 0.6537819799777533
 0.6525423728813562
 0
 0
 0.3333333333333333
 0.5
 0.6
 0.7
 0.8
 0.9
 0.6
 0.8
 0.5666666666666667
 0.7666666666666667
 0.6333333333333333
 0.6666666666666666
 0.5999999999999999
 0.6333333333333333
 0.7166666666666667
 0.6333333333333333
 0.5666666666666667
 0.65
 0.72
 0.7
 0.7699999999999999
 0.75
 0.68
 0.6466666666666667
 0.7466666666666667
 0.7466666666666667
 0.76
 0.7666666666666667
 0
 0
 0.6299782094662102
 0.8144863577350971
 0.6996306564431676
 0.7724365988217192
 0.8068312208279311
 0.7903752890370044
 0.7664864775051046
 0.7265882600280323
 0.5682522914175816
 0.8019957601917023
 0.6795777739063891
 0.5550769848887938
 0.5560024766689547
 0.6079453078929203
 0.6867828013911207
 0.658499323312542
 0.6647202764190556
 0.7055305789585373
 0.7290240888553454
 0.6951162840666292
 0.7381574050767976
 0.7337688938874013
 0.6603423106453248
 0.6775725357088214
 0.7183329269828189
 0.7450775097714177
 0.7401537685063526
 0.7491689858455747
 0
 0
 0.4722430534892225
 0.6056677094858804
 0.7600052686200307
 0.7309099116201905
 0.9130151926563363
 0.885895604138163
 0.86430867803919
 0.7194179776486103
 0.684261340492983
 0.7491257667000154
 0.7430401842527683
 0.5929625130852409
 0.5543471129253861
 0.6402567016421672
 0.7050999172426324
 0.6330492593332636
 0.642849967373038
 0.6933986739299894
 0.7307845016846763
 0.716883205254608
 0.7082523744606978
 0.7219346852830397
 0.6594675060441511
 0.6628074939140814
 0.6958580502452124
 0.7738970176606282
 0.7685657114706269
 0.7637867097853234
 0
 0
 0.6666666666666666
 0.75
 0.4
 0.5
 0.5714285714285714
 1
 0.3333333333333333
 0.8
 0.4545454545454545
 0.5833333333333334
 0.7692307692307693
 0.5555555555555556
 0.6
 1
 0.5
 1
 1
 1
 1
 1
 1
 1
 0
 1
 1
 0
 0
 1
 0
 0
 0.9999999999964859
 0.9722222222465778
 0.550000024704024
 0.6333403060782756
 0.6625005731876135
 1.057142858388447
 0.6344283492014726
 0.7878968298619493
 0.5876277261455177
 0.6325770526082148
 0.7603147399607624
 0.5679856345548343
 0.5472097565833414
 0.7896731510592466
 0.6050650221078805
 0.7946111367610168
 0.7795991048322173
 0.8537513037302846
 0.8315125016365301
 0.8627328999776822
 0.9873740042442583
 0.9939971314797735
 0.3958567243702436
 0.743885189859532
 0.6188488855720773
 0.4167132973719367
 0.6875029804242166
 0.7080200121914291
 0
 0
 0.3678794411714423
 0.673852942544554
 0.8401188425387665
 0.9132155862059004
 0.8257274947977375
 0.8236045151681246
 0.8356278388625747
 0.7853508063510037
 0.7053160227666986
 0.6899682947732559
 0.6951685859625587
 0.6724307081787568
 0.7462282765695223
 0.7396627242416991
 0.6965707102592728
 0.7658174782828643
 0.7690069905373884
 0.7456156006113082
 0.7681462017767731
 0.7675074896026599
 0.7900790261646981
 0.7677421172930745
 0.7158453684784417
 0.7070489293654759
 0.7898977411809082
 0.7920368600054929
 0.7789256140503489
 0.756503991904438
 0
 0
 0.4722430534897348
 0.6077149695850096
 0.6931470389233749
 0.774629754575079
 0.8663521039894876
 0.9038719739279675
 0.85785441430988
 0.6990546864855596
 0.7235798591598209
 0.7477275968666114
 0.7231559056564241
 0.6329113086008139
 0.6302413647438663
 0.6517585603360752
 0.689292310585816
 0.6541333882736825
 0.6866747481654447
 0.7017263646811195
 0.7324101173073743
 0.7062124699527663
 0.732606632382552
 0.7395223766288138
 0.6541900616981041
 0.682181988578815
 0.7045234582829571
 0.747515616834559
 0.7383198065122083
 0.7423431245723189
 0
 0
 1
 1
 1
 1
 1
 1
 1
 1
 1
 1
 1
 1
 1
 1
 1
 1
 1
 1
 1
 1
 1
 1
 1
 1
 1
 1
 1
 1
 0
 0
 0.9999999999977456
 0.9803926264994088
 0.7161540773166269
 0.6699481882919129
 0.7980417713465264
 0.9405957217841687
 0.7277556999650626
 0.5788454382101409
 0.7425495393580033
 0.7141511557485214
 0.6515358845061238
 0.5455974851201845
 0.5770481380035682
 0.6027520728186697
 0.6589735393732129
 0.6216584695503327
 0.6062094473104278
 0.6351941806066211
 0.6715058124155148
 0.6794552932960888
 0.8811874572637024
 0.860997187579826
 0.736574451386334
 0.5961041796683978
 0.37392816611305
 0.9913524751465007
 0.8762169049635226
 0.7410385732780742
 0
 0
 0.3678794411714423
 0.6777325501458012
 0.8193163758944146
 1.009796468681116
 0.8098074630351839
 0.9753356214896902
 0.9066966574469123
 0.7327209545908204
 0.7341374370867868
 0.7168735981564944
 0.7205934283432309
 0.703280021002134
 0.7963293377428012
 0.6997486370454638
 0.6867315084982362
 0.8610998358634236
 0.9245892803847602
 0.7415793568025469
 0.8886172829177004
 0.7324109672241153
 0.8454377886491588
 0.7999900548540249
 0.7393766964750788
 0.7256199168732863
 0.7074890007742568
 0.912528700055927
 0.7518708395412256
 0.8556907327102489
 0
 0
 0
 0
 0
 0
 0
 0
 0
 0
 0
 0
 0
 0
 0
 0
 0
 0
 0
 0
 0
 0
 0
 0
 0
 0
 0
 0
 0
 0
 0
 0
 0
 0
 0
 0
 0
 0
 0
 0
 0
 0
 0
 0
 0
 0
 0
 0
 0
 0
 0
 0
 0
 0
 0
 0
 0
 0
 0
 0
 0
 0
 0
 0
 0
 0
 0
 0
 0
 0
 0
 0
 0
 0
 0
 0
 0
 0
 0
 0
 0
 0
 0
 0
 0
 0
 0
 0
 0
 0
 0
 0
 0
 0
 0
 0
 0
 0
 0
 0
 0
 0
 0
 0
 0
 0
 0
 0
 0
 0
 0
 0
 0
 0
 0
 0
 0
 0
 0
 0
 0
 0
 0
 0
 0
 0
 0
 0
 0
 0
 0
 0
 0
 0
 0
 0
 0
 0
 0
 0
 0
 0
 0
 0
 0
 0
 0
 0
 0
 0
 0
 0
 1
 1
 1
 1
 1
 1
 1
 1
 1
 1
 1
 1
 1
 1
 1
 1
 1
 1
 1
 1
 1
 1
 1
 1
 1
 1
 1
 1
 0
 0
 0
 0
 0
 0
 0
 0
 0
 0
 0
 0
 0
 0
 0
 0
 0
 0
 0
 0
 0
 0
 0
 0
 0
 0
 0
 0
 0
 0
 0
 0
 0
 0
 0
 0
 0
 0
 0
 0
 0
 0
 0
 0
 0
 0
 0
 0
 0
 0
 0
 0
 0
 0
 0
 0
 0
 0
 0
 0


