# Created by Octave 3.8.2, Fri Nov 20 21:56:51 2015 CET <dkottke@snake10>
# name: mus
# type: matrix
# ndims: 3
 1 30 19
 0
 0
 0.4987468671679204
 0.4983277591973244
 0.825104602510461
 0.8216080402010052
 0.8290169869117239
 0.8305369127516778
 0.7744360902255636
 0.819327731092437
 0.8540450375312753
 0.8392255892255892
 0.82943143812709
 0.8484033613445379
 0.8506329113924047
 0.8640202702702703
 0.8708403361344532
 0.8724747474747468
 0.8727373990531883
 0.8788135593220341
 0.8771929824561399
 0.9414983164983157
 0.9416806020066891
 0.9447278911564628
 0.9446808510638304
 0.9456521739130429
 0.9450757575757575
 0.9454365079365081
 0.9439559599357744
 0.9444444444444445
 0
 0
 1
 1
 0.6
 0.8
 0.9
 1
 1
 1
 1
 0.8666666666666668
 1
 1
 1
 1
 1
 0.95
 0.95
 0.95
 0.95
 0.85
 0.8800000000000001
 0.8800000000000001
 0.8800000000000001
 0.8800000000000001
 0.9266666666666665
 0.9266666666666667
 0.9333333333333333
 0.9333333333333333
 0
 0
 1
 1
 0.7140406995775572
 0.8485544494473247
 0.8806711189966498
 0.9409825106387764
 0.9827629831162524
 0.9558732510888842
 0.9075846959682695
 0.9450766426047853
 0.9123242977110799
 0.9725391683370004
 0.9543607679122785
 0.9924054627390571
 0.9850749312498813
 0.9948603198935376
 0.9794125057772558
 0.9965985569768647
 0.9970045789081793
 0.9597835009384744
 0.9560559904326155
 0.9712416963989827
 0.9573391850717726
 0.9688055136517019
 0.976883967731242
 0.98136517866488
 0.964502164144215
 0.9657031467138274
 0
 0
 0.9999999999846489
 0.9999999998780535
 0.6643725902284768
 0.7357956172695984
 0.8390669904488945
 0.8697559814380051
 0.8899900233086748
 0.9181585314600579
 0.9092223898481097
 0.8963684552963185
 0.9125439235140093
 0.9311918391939669
 0.9310126565935023
 0.9490641398576941
 0.9610701233277167
 0.9568991326153468
 0.9644925279218534
 0.9623126117853156
 0.9710390607996654
 0.9256301859761321
 0.9285259581273869
 0.9302751096294413
 0.9349611332208154
 0.9386093560058768
 0.9419387789383545
 0.942059352204844
 0.946100781804889
 0.9469856367432078
 0
 0
 1
 1
 0.8
 1
 0.8571428571428571
 1
 1
 1
 1
 1
 1
 1
 1
 1
 1
 1
 1
 1
 1
 1
 1
 1
 1
 1
 1
 1
 1
 1
 0
 0
 0.9999999999652398
 0.9999999999059194
 0.7863127960574325
 0.7824091715129498
 0.8317928935018056
 0.8317723898256449
 0.8783837707032468
 0.9892562062607407
 0.9038117786584088
 0.985410579193753
 0.867222097834431
 0.9917447291800681
 0.9798695774073541
 0.9094397876496118
 0.9473298599986228
 0.9567945257873387
 0.9722455616903172
 0.93809929894086
 0.9993865311681962
 0.8918299928477684
 0.9216834671998639
 0.966017050567177
 0.9886515571715282
 0.925565101342703
 0.9560590199151582
 0.9464999160089067
 0.9257485785794912
 0.9464271586592755
 0
 0
 1
 0.9999999999937303
 0.8297175878164962
 0.8913841029192294
 0.8515194331984145
 0.8507721990024009
 0.8524088149185194
 0.9593470223376218
 0.8781909767181011
 0.8718142187786759
 0.8932205065002111
 0.9362333411853869
 0.912381621712425
 0.9919107276591963
 0.9242333481769388
 0.9366950218350829
 0.9382733839814026
 0.9574734310006274
 0.9393806723372683
 0.9196531691459587
 0.912202795700273
 0.9107664958217531
 0.9148369840847231
 0.9424923689453191
 0.9202687190851673
 0.9517833292647351
 0.9445317444766655
 0.9841836009368269
 0
 0
 0.9999999999715734
 0.9999999999732316
 0.6719347594876662
 0.6785074460801822
 0.8224061364516834
 0.7972306105335847
 0.8488255424667526
 0.8979194853682675
 0.8725414796361847
 0.8725831402952292
 0.9115548289928662
 0.9218839246662682
 0.9279487736912716
 0.9498168751092138
 0.9646542936759895
 0.9615106647358312
 0.9748633062021562
 0.9732443567397867
 0.9821348268916911
 0.9328138815913377
 0.9388410999888879
 0.9413894702881291
 0.9466000982913788
 0.9452869926463993
 0.9543075394319313
 0.9544142505219086
 0.9592832096409448
 0.9585608864614574
 0
 0
 0.9995777536199222
 0.9999973903437065
 0.9999999999997604
 0.9999999999825531
 0.9999999999999826
 1
 0.9999999999999998
 1
 0.9999999999999999
 0.9976580772648366
 0.989774260395508
 0.9829874263974144
 0.9881711404552762
 0.9738561120202475
 0.9716463557711775
 0.9671126294517723
 0.9692999189887934
 0.9755349276843581
 0.9593640851037331
 0.9618468532419467
 0.9616266680215804
 0.9576046040496565
 0.960387626064071
 0.9585040275303691
 0.9543806286052678
 0.9543014416313846
 0.9408844130218448
 0.9429545628715235
 0
 0
 0.9999999999669601
 0.9999999999888776
 0.8195392457296051
 0.7626674521596447
 0.7747586870317849
 0.7729611543105138
 0.8713145498995593
 0.9731301443628658
 0.9243114938227442
 0.9756604677352255
 0.8939818665668814
 0.9252113201104516
 0.964128693134816
 0.99496671504609
 0.9966132819662497
 0.9985082446516614
 0.9636401542370623
 0.972987226432524
 0.9995371147406344
 0.9247130420965881
 0.9476906602365345
 0.9767227633467085
 0.9373501035847496
 0.9567362670574523
 0.9475417414436083
 0.9609705696826516
 0.9545436378179385
 0.9550869744050772
 0
 0
 1
 0.9999999999755728
 0.8375836123008633
 0.8964722349996863
 0.855737068784963
 0.8659578458065453
 0.8899508174158474
 0.9557290997357564
 0.8757225697766194
 0.8421192918753915
 0.8744760953525247
 0.9158122586626197
 0.9010680345340949
 0.9106694124722112
 0.9017888163240056
 0.918970844760207
 0.9196400055599752
 0.925761201004099
 0.9630838984317768
 0.9159761700885987
 0.9159819114720403
 0.9301952676155342
 0.9294982971449602
 0.9437420328045392
 0.9367420670246482
 0.9346952723465131
 0.9435992813128379
 0.9596896235110742
 0
 0
 0
 0
 0
 0
 0
 0
 0
 0
 0
 0
 0
 0
 0
 0
 0
 0
 0
 0
 0
 0
 0
 0
 0
 0
 0
 0
 0
 0
 0
 0
 0
 0
 0
 0
 0
 0
 0
 0
 0
 0
 0
 0
 0
 0
 0
 0
 0
 0
 0
 0
 0
 0
 0
 0
 0
 0
 0
 0
 0
 0
 0
 0
 0
 0
 0
 0
 0
 0
 0
 0
 0
 0
 0
 0
 0
 0
 0
 0
 0
 0
 0
 0
 0
 0
 0
 0
 0
 0
 0
 0
 0
 0
 0
 0
 0
 0
 0
 0
 0
 0
 0
 0
 0
 0
 0
 0
 0
 0
 0
 0
 0
 0
 0
 0
 0
 0
 0
 0
 0
 0
 0
 0
 0
 0
 0
 0
 0
 0
 0
 0
 0
 0
 0
 0
 0
 0
 0
 0
 0
 0
 0
 0
 0
 0
 0
 0
 0
 0
 0
 0
 0.9999836977958029
 0.9999999964439971
 0.9999999999869834
 0.9999999999999384
 0.999999999999997
 0.9999999935778662
 0.9999996821944139
 0.9999999456025318
 0.9999974840380514
 0.9999333101744836
 0.9980489556950802
 0.9825239182749349
 0.98347344729091
 0.9742546929662637
 0.9734972778528025
 0.9670864248451287
 0.9719155496655014
 0.9648827637776261
 0.962541747924785
 0.9651301979884018
 0.9595012900918131
 0.959692623184913
 0.9614980206148586
 0.9641266588537395
 0.9520692416033435
 0.941999497507422
 0.9555587092593889
 0.9522868029440748
 0
 0
 0
 0
 0
 0
 0
 0
 0
 0
 0
 0
 0
 0
 0
 0
 0
 0
 0
 0
 0
 0
 0
 0
 0
 0
 0
 0
 0
 0
 0
 0
 0
 0
 0
 0
 0
 0
 0
 0
 0
 0
 0
 0
 0
 0
 0
 0
 0
 0
 0
 0
 0
 0
 0
 0
 0
 0
 0
 0


