# Created by Octave 3.8.2, Sat Nov 21 01:55:47 2015 CET <dkottke@mudflap>
# name: mus
# type: matrix
# ndims: 3
 1 30 19
 0
 0
 0.6240601503759395
 0.5681818181818182
 0.5620253164556962
 0.5353535353535355
 0.5213032581453635
 0.5331632653061225
 0.529040404040404
 0.5205128205128204
 0.5183080808080809
 0.5328282828282828
 0.5302564102564102
 0.5312499999999999
 0.6064102564102563
 0.6848958333333334
 0.681159420289855
 0.7361111111111112
 0.7393483709273182
 0.7421052631578946
 0.7468671679197995
 0.7184343434343435
 0.7468030690537084
 0.7434895833333335
 0.7466666666666667
 0.7538461538461537
 0.745911495911496
 0.7423469387755102
 0.7830700034598086
 0.7743589743589742
 0
 0
 0.6666666666666666
 1
 1
 0.8
 0.9
 1
 0.9
 0.9
 0.9
 0.9
 0.9333333333333332
 0.9333333333333332
 0.8666666666666666
 0.7333333333333333
 0.8
 0.9
 0.9
 0.85
 0.85
 0.9199999999999999
 0.9
 0.9199999999999999
 0.9199999999999999
 0.8933333333333333
 0.8866666666666667
 0.8933333333333333
 0.9266666666666665
 0.9666666666666668
 0
 0
 0.6663808161738167
 0.9016701352933355
 0.8580953847527728
 0.8881963637446089
 0.8721773458433273
 0.9620727664702865
 0.8973962320985331
 0.9055542161504043
 0.9190885684699446
 0.9278229150328166
 0.9138264382854693
 0.9211690065282763
 0.881132505827135
 0.8273169986099493
 0.8723626156924935
 0.8876631464024678
 0.8595238702634841
 0.846785111648713
 0.8605226896475825
 0.8950057251535068
 0.9148494700829947
 0.8706380676153658
 0.8923981010791592
 0.914985114909225
 0.9107917497602573
 0.9112624712692244
 0.9248270869475701
 0.9116800608062546
 0
 0
 0.9968219851889744
 0.8223196896045646
 0.8200678823377886
 0.8005050936713564
 0.8719487619076218
 0.8685295576151244
 0.8673141259120078
 0.896855697497989
 0.9018574532187693
 0.9114708255700309
 0.9011371224902203
 0.9067858227842743
 0.8527149692314708
 0.7879182533818181
 0.8089835777259156
 0.7865225996214457
 0.8084690356644862
 0.8000296763845164
 0.8108308581060865
 0.8236090726580021
 0.8302939508759528
 0.83890635445032
 0.8434107233388825
 0.849171498140983
 0.8510250622545054
 0.8565017738940747
 0.8608923180481167
 0.86662334500732
 0
 0
 0.6666666666666666
 1
 1
 1
 0.8571428571428571
 0.875
 0.6666666666666666
 0.8
 1
 0.9166666666666666
 1
 0.8888888888888888
 1
 0.6666666666666666
 0.5
 1
 1
 0
 1
 1
 1
 1
 1
 1
 1
 1
 0
 1
 0
 0
 0.7020225733171909
 0.7581901237322205
 0.8102750448957075
 0.66490414934586
 0.913522540582289
 0.9333326237329671
 0.8368218932753989
 0.8889213634712773
 0.9759229223370048
 0.9313529366222301
 0.950673016165697
 0.9256333917362219
 0.8877577326861216
 0.8070474017974941
 0.7931003457928593
 0.9138985704679836
 0.9140999234584758
 0.7831081606519574
 0.9131065470788303
 0.8813668660027573
 0.8159371576521948
 0.8127881402975952
 0.7815111847247216
 0.8508865717339106
 0.9260330902126648
 0.8689089297679699
 0.8566631391200097
 0.8842656531882348
 0
 0
 0.5785862941142949
 0.7040681804048387
 0.7788953482747646
 0.8504543985994102
 0.8765668516112549
 0.8513768495855533
 0.8762462765343569
 0.9005672110091911
 0.9447394307497388
 0.8668383824428583
 0.9089434656881881
 0.9351376463275369
 0.8915594611790686
 0.8302875548674091
 0.9295896958003661
 0.8480953305588986
 0.8511235196252475
 0.8341720539846994
 0.8419782595293358
 0.8571601070686841
 0.8798402868301602
 0.8941330963826004
 0.8505935445568177
 0.8829759275229977
 0.8673591075816258
 0.8787005996557959
 0.8525745348383897
 0.8761544184107812
 0
 0
 0.9919278922775329
 0.7856535829155812
 0.7562049083128346
 0.7831562757281714
 0.8685289263896556
 0.8888679681568344
 0.8592992794859571
 0.9050262647828003
 0.9068266621252872
 0.9171386006896047
 0.9050404571716368
 0.9237529167565199
 0.8624077088850363
 0.7902068903901392
 0.8185364538206308
 0.7996568086213712
 0.8209432894867232
 0.8157059441448813
 0.8193896892523735
 0.8406057666631463
 0.8463593759664424
 0.8467295846469592
 0.8526020387889757
 0.8637196989241102
 0.8616556584964439
 0.8735824113814651
 0.8730429459722672
 0.8842154490344889
 0
 0
 0.9997942569065952
 0.9999999216673605
 0.9999999972041533
 0.9999999998283009
 0.9999999979302455
 0.9999999999999981
 1
 0.9999999999999989
 0.9985657760829012
 0.9971202772239521
 0.9918178315076354
 0.9882892102534678
 0.9756977128698013
 0.9829291720096723
 0.9700468074234578
 0.9664895605330734
 0.9723677835935526
 0.9663241231720069
 0.9735160764132087
 0.9656549177311644
 0.9594908073738937
 0.9594170214947146
 0.9544454016069328
 0.9613901697509077
 0.9631027475657706
 0.9465912096499794
 0.9531845814917767
 0.9453351613217678
 0
 0
 0.6984304986345555
 0.8216989212104622
 0.8565235634675685
 0.8890769725030374
 0.981958949714166
 0.9753915570275586
 0.8526645162170328
 0.8897010180520305
 0.9266951030820455
 0.8919112053896924
 0.89188177247516
 0.9118910630993112
 0.8542378376657733
 0.7928516745840792
 0.802861481917526
 0.7929173748516657
 0.8532577179472898
 0.7982855869187542
 0.8631628150413583
 0.8256990402985204
 0.8337043658210059
 0.8341896778629682
 0.8402891509683816
 0.8821213877975497
 0.8560707190785508
 0.8681939658221957
 0.8683949004560704
 0.9202746482580969
 0
 0
 0.5785862941142949
 0.7473418677015008
 0.8211002562648809
 0.9346900055314666
 0.9126059733439897
 0.9005731662193682
 0.8356177824957435
 0.9056054409904906
 0.8951680848112648
 0.8341649778258086
 0.875246450009472
 0.8974864542230223
 0.8709428443250771
 0.8529406149170212
 0.8576418454851489
 0.8395428077517761
 0.8421159655835183
 0.8560052529878557
 0.8444665314707577
 0.8557494720078374
 0.8786181848585507
 0.8606120972107311
 0.8620191409189047
 0.8630071558502243
 0.8925639340446843
 0.9232972481620053
 0.8882597173741255
 0.8933351687109994
 0
 0
 0
 0
 0
 0
 0
 0
 0
 0
 0
 0
 0
 0
 0
 0
 0
 0
 0
 0
 0
 0
 0
 0
 0
 0
 0
 0
 0
 0
 0
 0
 0
 0
 0
 0
 0
 0
 0
 0
 0
 0
 0
 0
 0
 0
 0
 0
 0
 0
 0
 0
 0
 0
 0
 0
 0
 0
 0
 0
 0
 0
 0
 0
 0
 0
 0
 0
 0
 0
 0
 0
 0
 0
 0
 0
 0
 0
 0
 0
 0
 0
 0
 0
 0
 0
 0
 0
 0
 0
 0
 0
 0
 0
 0
 0
 0
 0
 0
 0
 0
 0
 0
 0
 0
 0
 0
 0
 0
 0
 0
 0
 0
 0
 0
 0
 0
 0
 0
 0
 0
 0
 0
 0
 0
 0
 0
 0
 0
 0
 0
 0
 0
 0
 0
 0
 0
 0
 0
 0
 0
 0
 0
 0
 0
 0
 0
 0
 0
 0
 0
 0
 0.9999859204518403
 0.9999997520960634
 0.999999999998782
 1
 0.9999999961393651
 0.9999999223023991
 0.999999942749957
 0.999974676964016
 0.9990527406502901
 0.999573844041981
 0.9915448665745598
 0.9833435082703402
 0.9820916623244456
 0.9775131687016653
 0.9691431806999782
 0.9625740658101852
 0.96528340644192
 0.9661605331759771
 0.9700993040070471
 0.9663066735240763
 0.9605437502788199
 0.9526114983302721
 0.9582393196166152
 0.9546173916089091
 0.9608687404279826
 0.9568305834540395
 0.9474175860855373
 0.9449513828532922
 0
 0
 0
 0
 0
 0
 0
 0
 0
 0
 0
 0
 0
 0
 0
 0
 0
 0
 0
 0
 0
 0
 0
 0
 0
 0
 0
 0
 0
 0
 0
 0
 0
 0
 0
 0
 0
 0
 0
 0
 0
 0
 0
 0
 0
 0
 0
 0
 0
 0
 0
 0
 0
 0
 0
 0
 0
 0
 0
 0


