# Created by Octave 3.8.2, Fri Nov 20 21:49:41 2015 CET <dkottke@snake7>
# name: mus
# type: matrix
# ndims: 3
 1 30 19
 0
 0
 0.8897243107769425
 0.8896321070234113
 0.9330543933054402
 0.9237855946398668
 0.931495405179616
 0.927013422818792
 0.9289891395154541
 0.9277310924369756
 0.9282735613010834
 0.9360269360269357
 0.9397993311036779
 0.9361344537815129
 0.9375527426160332
 0.9383445945945946
 0.9378151260504193
 0.9393939393939384
 0.9390142021720963
 0.9347457627118644
 0.9331662489557222
 0.9328002244668908
 0.92997491638796
 0.9311224489795917
 0.9310638297872349
 0.9364548494983272
 0.935185185185185
 0.930980725623583
 0.9324871932104897
 0.9350427350427345
 0
 0
 0.6666666666666666
 0.5
 1
 1
 0.9
 1
 1
 0.8
 1
 1
 1
 1
 1
 1
 1
 1
 1
 1
 1
 1
 1
 1
 1
 1
 1
 1
 0.9333333333333333
 0.9333333333333333
 0
 0
 0.8024623253660758
 0.7663902282590114
 0.8759170754892091
 0.8640940798518602
 0.9065906409285103
 0.9131887765875447
 0.8820041623520025
 0.9147399455446766
 0.9401592537642299
 0.9077362449910056
 0.9385221095174971
 0.9355417034786514
 0.957657223914089
 0.9566658303355788
 0.9802115191329062
 0.9873457287746887
 0.9774759432767683
 0.9826348740370893
 0.9790211083696657
 0.9868473510818015
 0.9855685233314043
 0.9974382987478823
 0.992313982503767
 0.9926710465872058
 0.992375384201253
 0.9925089385315564
 0.9558464177392062
 0.9590600114530069
 0
 0
 0.6727427698064329
 0.5696861927229433
 0.9411652600261902
 0.9511036953982962
 0.9436501495055458
 0.9630505755883552
 0.957893010313796
 0.9389533844972588
 0.9405164107973677
 0.931437038842875
 0.9525710613249473
 0.9541686629395224
 0.9632344104354322
 0.963294431036914
 0.9679370003735391
 0.9762184990653411
 0.9694919275984973
 0.9799200550034354
 0.9781590121366731
 0.9796601271565428
 0.9824864164350575
 0.9822243321077848
 0.98558978203631
 0.9815137372317755
 0.9828934770587529
 0.9858080465545837
 0.9349544071470262
 0.9356935249217273
 0
 0
 0.6666666666666666
 0.5
 1
 1
 1
 1
 1
 1
 1
 1
 1
 1
 1
 1
 1
 1
 1
 1
 1
 1
 1
 1
 1
 1
 1
 1
 1
 1
 0
 0
 0.6057925459793304
 0.587951969470707
 0.963362631807503
 0.9750903267822726
 0.9877841196308828
 0.9853270736444573
 0.977621880004227
 0.9538525082709833
 0.980294493730654
 0.9587488933286186
 0.9505094733934809
 0.9589727921281755
 0.9612598698375513
 0.9621559049747984
 0.98573456116446
 0.9912697566501709
 0.9802575172151486
 0.9868616702671388
 0.9847225017634458
 0.9936341084531362
 0.9887292359306851
 0.9914627720761886
 0.9931716731433604
 0.9993947756278132
 0.9900584505496082
 0.9912489558856363
 0.9374280421488983
 0.9450162912874531
 0
 0
 0.5785862941142949
 0.9007860812205147
 0.825835987297465
 0.9168868964593136
 0.8963904145021544
 0.8479445768785394
 0.9169853882509629
 0.9145578093077041
 0.9251433221046168
 0.9095714786412069
 0.9070344325832502
 0.9042047731717905
 0.9403295913186405
 0.9217955330310985
 0.9564909504100303
 0.9629756267883883
 0.9306865243977803
 0.9394788428848819
 0.9508675371647911
 0.9742345782432893
 0.9592840138312553
 0.9768564944006652
 0.988525369936716
 0.9640543122675698
 0.962772712757198
 0.9643262302549905
 0.8978761224332079
 0.8694313236378431
 0
 0
 0.6911202350318928
 0.6333038892714365
 0.9005410639789331
 0.9067903853028514
 0.8970296312344186
 0.9138533701023265
 0.9262454920395382
 0.9009944421400848
 0.8704714932215908
 0.887030527132902
 0.8960243236696608
 0.9025662113103337
 0.9210086280346704
 0.8889462481604856
 0.9253696667971529
 0.9219568316044664
 0.9181679318362882
 0.9227330557994757
 0.9168279181847072
 0.938638860771145
 0.9277527232534887
 0.9363656132242606
 0.947986030879888
 0.9448041577242876
 0.9361353024329581
 0.9314295241349622
 0.8901630110425923
 0.8960759417017394
 0
 0
 0.8680662883181168
 0.9311843524685234
 0.8703230453287364
 0.9219183986850233
 0.9389284637837102
 0.921674831598043
 0.9106841158601207
 0.9122660181597883
 0.924191307849206
 0.9335480115912032
 0.9101630259599466
 0.9283071303121331
 0.9296273352727953
 0.9034348080510571
 0.9081140357992464
 0.9044243269069777
 0.9190726426893232
 0.9082122022881013
 0.89868280503363
 0.9109367013045473
 0.894614419259175
 0.9015988721570584
 0.8998516448114902
 0.8993331257186329
 0.9032110607457805
 0.9034388378817668
 0.9068404083810202
 0.9036149606590612
 0
 0
 0.5174913398558705
 0.6314424760100618
 0.9605905065499168
 0.9724326120506864
 0.9783984784816386
 0.9796224732369524
 0.9733732055997164
 0.9411899621973254
 0.9749474851080639
 0.9623642506132395
 0.8808840558773471
 0.957040674998018
 0.9785024781951845
 0.9824557965871228
 0.9925152245908748
 0.9974946620039264
 0.9931223278399074
 0.9962398349231951
 0.9969343285255303
 0.997364453887718
 0.9989327407546755
 0.99950570033147
 0.9788532728033136
 0.9984908951903313
 0.9952021874182411
 0.9810268214694382
 0.9279375686492891
 0.941896013278871
 0
 0
 0.5785862941142949
 0.8881965678511291
 0.8258359872808523
 0.9223221824686015
 0.8641677306573906
 0.8239677754810488
 0.9100520772945023
 0.8872508587215125
 0.8372589836303223
 0.91856164895773
 0.6282025452391737
 0.9377908975706706
 0.9477997053429188
 0.9309166089058533
 0.9005873098780171
 0.9071732518547722
 0.9051980146685025
 0.9584215957369203
 0.9813488728602384
 0.973855059988719
 0.9594232328535558
 0.6750880780384328
 0.9311472088007905
 0.9784708458476399
 0.9927082607244372
 0.9954239009942243
 0.9300861794320419
 0.980363902575792
 0
 0
 0
 0
 0
 0
 0
 0
 0
 0
 0
 0
 0
 0
 0
 0
 0
 0
 0
 0
 0
 0
 0
 0
 0
 0
 0
 0
 0
 0
 0
 0
 0
 0
 0
 0
 0
 0
 0
 0
 0
 0
 0
 0
 0
 0
 0
 0
 0
 0
 0
 0
 0
 0
 0
 0
 0
 0
 0
 0
 0
 0
 0
 0
 0
 0
 0
 0
 0
 0
 0
 0
 0
 0
 0
 0
 0
 0
 0
 0
 0
 0
 0
 0
 0
 0
 0
 0
 0
 0
 0
 0
 0
 0
 0
 0
 0
 0
 0
 0
 0
 0
 0
 0
 0
 0
 0
 0
 0
 0
 0
 0
 0
 0
 0
 0
 0
 0
 0
 0
 0
 0
 0
 0
 0
 0
 0
 0
 0
 0
 0
 0
 0
 0
 0
 0
 0
 0
 0
 0
 0
 0
 0
 0
 0
 0
 0
 0
 0
 0
 0
 0
 0.8922507011314137
 0.908307667766905
 0.9048552669112162
 0.9301591309684496
 0.9189220220356232
 0.8853343807284996
 0.936223133820361
 0.904404786472722
 0.9026639625705832
 0.9221345962556313
 0.9340996557735441
 0.9305659406909912
 0.934834269783101
 0.9047391473136283
 0.9067321219378575
 0.9103398260859767
 0.9100214047101468
 0.9045169437282816
 0.9060053202662338
 0.9026546082786245
 0.9071630555337038
 0.9010221227982731
 0.9005615218608025
 0.9024427166186927
 0.9159487108228144
 0.9115874696740076
 0.9072920852692656
 0.9024798465221818
 0
 0
 0
 0
 0
 0
 0
 0
 0
 0
 0
 0
 0
 0
 0
 0
 0
 0
 0
 0
 0
 0
 0
 0
 0
 0
 0
 0
 0
 0
 0
 0
 0
 0
 0
 0
 0
 0
 0
 0
 0
 0
 0
 0
 0
 0
 0
 0
 0
 0
 0
 0
 0
 0
 0
 0
 0
 0
 0
 0


