# Created by Octave 3.8.2, Fri Nov 20 20:10:36 2015 CET <dkottke@snake2>
# name: mus
# type: matrix
# ndims: 3
 1 30 19
 0
 0
 0.5364496382860324
 0.566815144766147
 0.623955431754875
 0.6204013377926424
 0.614230127848805
 0.6456473214285714
 0.6923506420993848
 0.675977653631285
 0.6984304039518769
 0.6895973154362418
 0.7028985507246375
 0.7000558035714283
 0.7002801120448178
 0.6875
 0.6969561157796451
 0.7104377104377105
 0.705407134858422
 0.7095505617977527
 0.6866106442577031
 0.6817558299039781
 0.6608138238573023
 0.6813063063063062
 0.6726760563380283
 0.6757710888145673
 0.6223344556677888
 0.5990513392857143
 0.6345939933259178
 0.6536723163841809
 0
 0
 0.3333333333333333
 0.75
 0.6
 0.4
 0.8
 0.7
 0.4
 0.5
 0.7333333333333333
 0.7333333333333333
 0.7
 0.7333333333333333
 0.8666666666666666
 0.7
 0.6499999999999999
 0.65
 0.7
 0.65
 0.61
 0.7300000000000001
 0.61
 0.62
 0.6799999999999999
 0.6466666666666667
 0.6333333333333333
 0.6
 0.5933333333333335
 0.6333333333333334
 0
 0
 0.5704821843857236
 0.7739291056967311
 0.5616419723557653
 0.7261311403681243
 0.7697776791193425
 0.613866479969327
 0.518430468101439
 0.5458182979027125
 0.6539969455116836
 0.7072102313575401
 0.7564889411362702
 0.7715681806068501
 0.7921310608386029
 0.6445910544471377
 0.6541370404966049
 0.6267781700324294
 0.6643021318507939
 0.7066862706644796
 0.6864277729658097
 0.7074852250642251
 0.7143792412517356
 0.6861953888933489
 0.6906854349925662
 0.6707957686129911
 0.6713858438248548
 0.7248564622017468
 0.688488086043741
 0.6655698502947786
 0
 0
 0.2110226646828103
 0.6345161420842667
 0.599836534508663
 0.6229914079769294
 0.7387973909402096
 0.6384886171580412
 0.5426249283605133
 0.6217229023073194
 0.709201188653552
 0.72795845253764
 0.7639874695113369
 0.7954522501421185
 0.8126502961203076
 0.6452594104149016
 0.6683786778651611
 0.6452808835379988
 0.6519565669346048
 0.6726950820533389
 0.6286445273725179
 0.6295584544971207
 0.6309818185704807
 0.630448225027888
 0.6467781114575755
 0.6571193748985829
 0.6554247374759866
 0.6523118876078673
 0.6406157324791032
 0.5981110506353917
 0
 0
 1
 0.5
 1
 1
 0.7142857142857143
 0.75
 0.5555555555555556
 0.5
 0.6363636363636364
 0.6666666666666666
 0.6923076923076923
 0.7777777777777778
 1
 1
 1
 0
 0
 1
 1
 1
 1
 0
 0
 0
 1
 0
 0
 0
 0
 0
 0.6529299677167684
 0.5207151226939782
 0.8517105389795586
 0.8829584664133237
 0.7361995221265515
 0.7456992492928824
 0.5589911146284522
 0.5990227265708113
 0.6763547308550177
 0.6892545370718681
 0.7232588766651951
 0.8164477683303861
 0.8831279755663406
 0.7603958692606799
 0.7307943972936166
 0.5874692074109636
 0.5293991158227143
 0.6384434515104109
 0.7296366832048465
 0.64833528504777
 0.6370670871171271
 0.5957099170591943
 0.6335773349212077
 0.6280736832414172
 0.7643945707835594
 0.677496297118652
 0.6234347581433706
 0.5000247359045107
 0
 0
 0.3678794411714423
 0.7726050378379968
 0.7737021393133423
 0.6850439170654651
 0.7429870881981553
 0.6791162936973251
 0.6038935086863229
 0.7042238496360119
 0.6358845045759931
 0.7131325096505808
 0.7404060959526185
 0.7663335841520901
 0.7750821032020323
 0.6533140256918255
 0.6894128417349804
 0.727026259123704
 0.6881579636874187
 0.7329257563093744
 0.7008958882403278
 0.6679516504230238
 0.738949019294304
 0.7218885628499245
 0.7630300611368591
 0.7663136680815209
 0.7058745166081621
 0.7049460978083169
 0.713972816290249
 0.7279795454144428
 0
 0
 0.2056037434828411
 0.59878396502057
 0.5760901664204732
 0.6356164763129565
 0.698493275579129
 0.6075304331348743
 0.5803010432536652
 0.6023661478598192
 0.6386814650346156
 0.6578972796712136
 0.7042439657208749
 0.7139606145870472
 0.7477243634649918
 0.6129024765385541
 0.6279348330755368
 0.6214151434576747
 0.6356815026245952
 0.6477137096543345
 0.6122541550420055
 0.6124552236397924
 0.622789669209307
 0.6157782465924224
 0.6361199437889716
 0.632477425029353
 0.6374478914011669
 0.6345232851494595
 0.6240744099140355
 0.6082888811640424
 0
 0
 0.9253598191565866
 0.9397832168338981
 0.9082926612804596
 0.9153010441750248
 0.9515029323054303
 0.9272906044916996
 0.9264591958470574
 0.9175242657188025
 0.9159900402019034
 0.905088527251747
 0.9257931094148265
 0.9212705658590119
 0.913537761839266
 0.9109719975470216
 0.9091779164105761
 0.9090299130372331
 0.9060308354748254
 0.8985466936025813
 0.9059369043928889
 0.9065739828776338
 0.8993641792082073
 0.9035863875885984
 0.9086737128636281
 0.9051881173402678
 0.9030278470023534
 0.8863498315745804
 0.9025997730345243
 0.9037302481603545
 0
 0
 0.6604600175377542
 0.527863986450622
 0.774568244654428
 0.7857959696506261
 0.6569968486980838
 0.6738336111968315
 0.5745652106808719
 0.638236038603467
 0.7086996539400284
 0.7247473348561757
 0.7856465292324484
 0.8186459382233702
 0.8004693677995105
 0.6202303740775775
 0.6303428789202991
 0.3794945886919089
 0.6410652459220393
 0.6558017034512649
 0.6322558442046137
 0.6314729080974651
 0.6214796914406575
 0.6551596411228705
 0.663648687183121
 0.5915989303315158
 0.6867927695652825
 0.6514853440723571
 0.6446241279389913
 0.6255235792196512
 0
 0
 0.3678794411714423
 0.702941556896673
 0.7592420584890969
 0.6270512023367503
 0.755660849776537
 0.6804542340156684
 0.6406178073152714
 0.6230845690385883
 0.6745547217680298
 0.7093910099716696
 0.6898912840918058
 0.7567519568625827
 0.7452690699193697
 0.5743102765244201
 0.6903942700012846
 0.7170589386284588
 0.679207988145287
 0.703852264471818
 0.7203658670030946
 0.6171006560324181
 0.7438272834928829
 0.7173556230641299
 0.7670660511957845
 0.7519695181504807
 0.7271578331246957
 0.716841492800095
 0.7177534430878028
 0.7386361536097146
 0
 0
 0
 0
 0
 0
 0
 0
 0
 0
 0
 0
 0
 0
 0
 0
 0
 0
 0
 0
 0
 0
 0
 0
 0
 0
 0
 0
 0
 0
 0
 0
 0
 0
 0
 0
 0
 0
 0
 0
 0
 0
 0
 0
 0
 0
 0
 0
 0
 0
 0
 0
 0
 0
 0
 0
 0
 0
 0
 0
 0
 0
 0
 0
 0
 0
 0
 0
 0
 0
 0
 0
 0
 0
 0
 0
 0
 0
 0
 0
 0
 0
 0
 0
 0
 0
 0
 0
 0
 0
 0
 0
 0
 0
 0
 0
 0
 0
 0
 0
 0
 0
 0
 0
 0
 0
 0
 0
 0
 0
 0
 0
 0
 0
 0
 0
 0
 0
 0
 0
 0
 0
 0
 0
 0
 0
 0
 0
 0
 0
 0
 0
 0
 0
 0
 0
 0
 0
 0
 0
 0
 0
 0
 0
 0
 0
 0
 0
 0
 0
 0
 0
 0.9795013543471823
 0.9736957654867441
 0.9062494464139326
 0.9135989056381347
 0.920639388746278
 0.9198012501059001
 0.9127424333064512
 0.9225649037349518
 0.9186416824017678
 0.9120277388107579
 0.9286687619190849
 0.9213809018398643
 0.9206602646175037
 0.9150634586048203
 0.9135849263080736
 0.9128173020974065
 0.9155037224495097
 0.9054341689981531
 0.9129081071540177
 0.9165250443656976
 0.9026027545276596
 0.9081219622800023
 0.9053509382034409
 0.9073085610409358
 0.9054499680054527
 0.9047283394257934
 0.9022748627760022
 0.8902003680991064
 0
 0
 0
 0
 0
 0
 0
 0
 0
 0
 0
 0
 0
 0
 0
 0
 0
 0
 0
 0
 0
 0
 0
 0
 0
 0
 0
 0
 0
 0
 0
 0
 0
 0
 0
 0
 0
 0
 0
 0
 0
 0
 0
 0
 0
 0
 0
 0
 0
 0
 0
 0
 0
 0
 0
 0
 0
 0
 0
 0


