# Created by Octave 3.8.2, Fri Nov 20 22:14:34 2015 CET <dkottke@mudflap>
# name: mus
# type: matrix
# ndims: 3
 1 30 19
 0
 0
 0.4987468671679203
 0.8528428093645485
 0.5062761506276147
 0.5050251256281406
 0.6248955722639931
 0.6208053691275168
 0.6215538847117796
 0.6260504201680672
 0.6305254378648872
 0.6313131313131313
 0.6352424749163879
 0.6588235294117647
 0.7265822784810128
 0.7635135135135135
 0.7775630252100837
 0.7739898989898992
 0.7816764132553606
 0.8067796610169491
 0.8070175438596493
 0.808361391694725
 0.8227424749163885
 0.8588435374149658
 0.8629787234042555
 0.8674749163879598
 0.8510101010101011
 0.8571428571428571
 0.8632923006346049
 0.8606837606837604
 0
 0
 1
 0.5
 1
 1
 0.6
 0.9
 0.9
 0.9
 0.7333333333333333
 0.8333333333333333
 0.8333333333333334
 0.8333333333333333
 0.7999999999999999
 0.6333333333333334
 0.7666666666666666
 0.9
 0.7833333333333333
 0.8
 0.73
 0.68
 0.73
 0.75
 0.8400000000000001
 0.7333333333333333
 0.8266666666666668
 0.8133333333333332
 0.7933333333333333
 0.8666666666666668
 0
 0
 1
 0.7278369816154822
 0.8881963637446089
 0.9473232867642869
 0.6746363615699043
 0.8139375482650344
 0.8730306011865205
 0.8674474058281276
 0.7256999766782379
 0.8357577363498624
 0.855391398623896
 0.8387903010821789
 0.8127488443341877
 0.8216618391280861
 0.7747310542460397
 0.8307281041564212
 0.7768719213462425
 0.778710349249877
 0.7615651266296999
 0.8351873374526357
 0.8328437087897204
 0.8483297672450172
 0.8202574989240671
 0.8525134931876144
 0.8465430150974156
 0.8672594029959133
 0.8169486118717724
 0.8414116642684295
 0
 0
 0.9999999999803718
 0.4439201098333255
 0.6969017726698796
 0.8603018647677891
 0.7335152880906342
 0.7943124952118499
 0.7990453755091783
 0.8166100779212457
 0.7483085659025632
 0.7918064703702812
 0.8050938216702709
 0.8241961553210511
 0.7524582735255175
 0.7446108836156383
 0.7334810461935818
 0.7547737103693474
 0.7248175588231055
 0.7252431320008923
 0.7150341086027956
 0.7420893731014044
 0.7523876494016232
 0.7489871919579285
 0.7678415726738785
 0.7729408233069417
 0.7629641372009316
 0.7772077634265235
 0.7614252602787048
 0.7796308351958601
 0
 0
 1
 1
 1
 1
 0.5714285714285714
 0.75
 0.8888888888888888
 0.8
 0.9090909090909091
 0.9166666666666666
 0.8461538461538461
 0.7777777777777778
 0.8
 0.6666666666666666
 1
 1
 0
 1
 1
 0
 1
 0
 1
 1
 1
 0
 1
 1
 0
 0
 0.9999999999660547
 0.7152424399271073
 0.7889708047894712
 0.8871714669780215
 0.736833169338036
 0.7293071898398457
 0.7054581691770222
 0.776503345652729
 0.7012966967083919
 0.7343228212955079
 0.7594493717208229
 0.8542775888352226
 0.787976125669084
 0.7168967648506366
 0.7830929918274629
 0.7332180619592015
 0.6826847005656859
 0.7966428748111996
 0.7148786549883041
 0.7246144622352002
 0.7405307904377032
 0.744247193941513
 0.7455595934213448
 0.7492687131109724
 0.8007867904903252
 0.7280606477204866
 0.8200284557259822
 0.7817924890200828
 0
 0
 1
 0.5730944208388208
 0.6953457632336459
 0.7103788568644281
 0.7807311457898911
 0.7929963966121475
 0.8030248502141117
 0.8170159250876847
 0.8410915229198
 0.7963895964929071
 0.82978289548692
 0.9334909376613256
 0.7629287467659472
 0.783048917867834
 0.7814864752015827
 0.7993176068079666
 0.7683794677368696
 0.7653710368505652
 0.7687323104398019
 0.8187766730653584
 0.8297897206877231
 0.7962162983919361
 0.9156426402836459
 0.8131416852430927
 0.7976958857669028
 0.7843976908112338
 0.7927203113431071
 0.81218577451754
 0
 0
 0.9999999999752016
 0.4248173533937253
 0.6464607389249554
 0.858486229161609
 0.7655986124386489
 0.8460053218393774
 0.7880569496619705
 0.7964565836790226
 0.7551184306321909
 0.8151973862895258
 0.8203240966789817
 0.8251501186046493
 0.7762152327463471
 0.7615252229263746
 0.7540079465774138
 0.7805520820219788
 0.7463692808062322
 0.7414789937527285
 0.7288461015614429
 0.7609863544626271
 0.7645622666864099
 0.7643490227608467
 0.7831327898107021
 0.7913333532189645
 0.7805140646602237
 0.7935665743562316
 0.7747672642335282
 0.7940668220201025
 0
 0
 0.9999996960499722
 0.9999999999930282
 0.9999999999958749
 1
 0.9999999999999897
 1
 1
 1
 0.9999999999997321
 0.9997770828347696
 0.9955714476986233
 0.9833840325818367
 0.9850391063743695
 0.9780722003627402
 0.9675053536074308
 0.9692752614209278
 0.9727666725551936
 0.9657321297308564
 0.961135207809779
 0.9626505051076593
 0.9619470573961565
 0.9619724714197576
 0.9503568715727786
 0.9599822842809376
 0.9491584525418781
 0.9575093895919536
 0.9478662913993383
 0.9507090866578586
 0
 0
 0.9999999999308093
 0.698321894013485
 0.5682844162343517
 0.7993730574357485
 0.7200189812133562
 0.8003041858947887
 0.8131717032903305
 0.8380573708556334
 0.817821304310443
 0.8922844726422361
 0.8467882828524301
 0.8148333031027057
 0.7370993257926982
 0.7332962377426834
 0.7413992007739502
 0.8431366016642154
 0.7574605575941515
 0.7217756797778493
 0.7191956872693985
 0.7361061870072911
 0.8471569509301358
 0.7570769076686733
 0.8595406822546752
 0.7806627017709148
 0.7637814884415263
 0.7803222324005317
 0.860609099144193
 0.7817359791875104
 0
 0
 1
 0.6156371488031593
 0.6572130167041442
 0.6972750596291903
 0.7617568386611683
 0.7591911455979371
 0.7598476661928156
 0.8300340566921989
 0.8087406986581962
 0.757043191329398
 0.7785271316027566
 0.8242607279020375
 0.7647123747187764
 0.7641061062727726
 0.7997914535186975
 0.8364538027109301
 0.767369373053598
 0.799216668156858
 0.8176644208960246
 0.782941418398729
 0.790696220823051
 0.8051705684049211
 0.7792713623205109
 0.8016694552378727
 0.7912568310550706
 0.8794220317725527
 0.801922064868429
 0.7843513641917718
 0
 0
 0
 0
 0
 0
 0
 0
 0
 0
 0
 0
 0
 0
 0
 0
 0
 0
 0
 0
 0
 0
 0
 0
 0
 0
 0
 0
 0
 0
 0
 0
 0
 0
 0
 0
 0
 0
 0
 0
 0
 0
 0
 0
 0
 0
 0
 0
 0
 0
 0
 0
 0
 0
 0
 0
 0
 0
 0
 0
 0
 0
 0
 0
 0
 0
 0
 0
 0
 0
 0
 0
 0
 0
 0
 0
 0
 0
 0
 0
 0
 0
 0
 0
 0
 0
 0
 0
 0
 0
 0
 0
 0
 0
 0
 0
 0
 0
 0
 0
 0
 0
 0
 0
 0
 0
 0
 0
 0
 0
 0
 0
 0
 0
 0
 0
 0
 0
 0
 0
 0
 0
 0
 0
 0
 0
 0
 0
 0
 0
 0
 0
 0
 0
 0
 0
 0
 0
 0
 0
 0
 0
 0
 0
 0
 0
 0
 0
 0
 0
 0
 0
 0.9999893016037554
 0.9999999616842545
 0.9999999995155281
 1
 0.9999999999946533
 0.9999999462116219
 0.9999999058959247
 0.9984178221202775
 0.9999997658283981
 0.9980576859539679
 0.995358512022509
 0.9784990747368548
 0.9771638436897607
 0.9718123679672306
 0.9645758905914102
 0.978141358758908
 0.9693701057355731
 0.9643320793312824
 0.9648813789057608
 0.9636581385574888
 0.9688314814081374
 0.9643481466324769
 0.9474610978459356
 0.9594103651554204
 0.9485795703674051
 0.9456366749597936
 0.954258242467934
 0.9514266612052001
 0
 0
 0
 0
 0
 0
 0
 0
 0
 0
 0
 0
 0
 0
 0
 0
 0
 0
 0
 0
 0
 0
 0
 0
 0
 0
 0
 0
 0
 0
 0
 0
 0
 0
 0
 0
 0
 0
 0
 0
 0
 0
 0
 0
 0
 0
 0
 0
 0
 0
 0
 0
 0
 0
 0
 0
 0
 0
 0
 0


