# Created by Octave 3.8.2, Fri Nov 20 20:14:08 2015 CET <dkottke@snake5>
# name: mus
# type: matrix
# ndims: 3
 1 30 19
 0
 0
 0.6254869226488599
 0.6397550111358574
 0.6974930362116998
 0.5150501672240803
 0.6347971095052815
 0.6188616071428571
 0.6510329424902283
 0.6748603351955308
 0.7001035774041914
 0.691834451901566
 0.7255667038275725
 0.7112165178571426
 0.7406162464985993
 0.7399553571428571
 0.7358356676003731
 0.7384960718294052
 0.7308030715085585
 0.736516853932584
 0.7396078431372545
 0.7374360892879414
 0.7441471571906357
 0.7387387387387386
 0.7397183098591548
 0.7413600891861762
 0.7376543209876542
 0.7374441964285713
 0.7413793103448277
 0.7378531073446327
 0
 0
 0.6666666666666666
 1
 0.8
 0.4
 0.6
 0.6
 0.7
 0.7
 0.6333333333333333
 0.6333333333333333
 0.6333333333333333
 0.6666666666666666
 0.6666666666666666
 0.6166666666666666
 0.5833333333333333
 0.6166666666666666
 0.7166666666666667
 0.7
 0.6799999999999999
 0.73
 0.65
 0.7000000000000001
 0.6399999999999999
 0.7000000000000001
 0.74
 0.6133333333333333
 0.6133333333333333
 0.5999999999999999
 0
 0
 0.7471517764685769
 0.9741991608641405
 0.8862182994108596
 0.7806928673451943
 0.649661109091987
 0.6517094005184596
 0.6663265056211252
 0.6618751415977616
 0.6484676463899333
 0.7002956808246383
 0.7127682702280926
 0.6907882149582558
 0.7161179447766091
 0.6904478900393642
 0.761693476596647
 0.7759504766845371
 0.694647892531248
 0.7412967059097699
 0.7575070857448997
 0.7245644488876199
 0.7575546133683928
 0.7360223239172196
 0.7613945865098521
 0.7711935832921477
 0.7233492135452291
 0.765047080812483
 0.7061778493986068
 0.7050235417526476
 0
 0
 0.6122210701583168
 0.8721246077907834
 0.7784058786623053
 0.5975689815741059
 0.4746466361906909
 0.6737717507487958
 0.6302244873168625
 0.7235765533580838
 0.6212570921471998
 0.6852885619501072
 0.6615102189848147
 0.6865025509085336
 0.6680097012376734
 0.698949656843083
 0.7126557839858744
 0.7497401049346886
 0.7006797084479117
 0.732804775808813
 0.7234262771884624
 0.7337781135346919
 0.7320825308238841
 0.7344907395109648
 0.7388357555684475
 0.7307793823958123
 0.7620597131984356
 0.7433037176902043
 0.679490492408518
 0.7100593818677571
 0
 0
 0.6666666666666666
 1
 0.8
 0.5
 0.7142857142857143
 0.875
 0.5555555555555556
 0.6
 0.6363636363636364
 0.8333333333333334
 0.6153846153846154
 0.5555555555555556
 0.4
 0.6666666666666666
 1
 1
 0
 1
 1
 1
 1
 1
 1
 0
 0
 1
 1
 1
 0
 0
 0.7860066593527363
 0.9808303360051452
 0.8598717446136047
 0.5724499411904965
 0.618176857100976
 0.8282924211119718
 0.5841046045298111
 0.6575988527957604
 0.6076673736534874
 0.7712228095266722
 0.6302475478844933
 0.6429184983317058
 0.6223346919704226
 0.6747131542099688
 0.7795902791115239
 0.815862158643913
 0.6218014429248825
 0.8399805566517133
 0.8072902118831879
 0.6751937943418599
 0.8277848796379454
 0.8444399812347764
 0.7877749460667522
 0.6708814066395916
 0.6712724830621977
 0.7631076494168154
 0.6425474655473906
 0.7288092087967264
 0
 0
 0.7892931470571475
 0.8229608884937014
 0.8084428625287652
 0.7461346412742489
 0.5442514489724504
 0.708495058733085
 0.7494351981801025
 0.6816311958372392
 0.6952172711976402
 0.7342985858858595
 0.6910027108825332
 0.7692153946620141
 0.7455687746406392
 0.721094897891188
 0.77796464095958
 0.786210843357065
 0.7076278953616902
 0.7279102549977257
 0.7368095975460269
 0.7245271447161576
 0.7235838635766867
 0.7758276736877028
 0.767625786720896
 0.7316848558640172
 0.844248860392615
 0.7619236739677216
 0.6760796081436156
 0.7432600312394106
 0
 0
 0.5850324070233385
 0.7974647402624172
 0.7867845485479417
 0.5599801913753208
 0.5037929779275095
 0.6545373203302809
 0.6209558106888567
 0.6820670975893232
 0.5990518370245075
 0.6662725917258463
 0.6170867927635642
 0.6435978157645365
 0.6333289429615104
 0.6643560965270826
 0.6639473099756087
 0.6949959850480193
 0.6688051728449101
 0.6790123972146666
 0.6659632842682082
 0.6753524662447051
 0.6728732623846621
 0.6840282821949155
 0.6705242601678134
 0.6736811301360183
 0.6925313385940545
 0.6877123797916574
 0.6489715868167465
 0.6665476202514025
 0
 0
 0.8922327739089175
 0.9352704735920361
 0.9438829308376941
 0.8847116389228221
 0.910599824447122
 0.8837551803931418
 0.9481025903154716
 0.8899566929749061
 0.9049851633022761
 0.9208746409523704
 0.9250492183201199
 0.9212652501263705
 0.9103965736204802
 0.9040210051772657
 0.9110431423309078
 0.8987410290921748
 0.9076535212002868
 0.8993699870466056
 0.9024230683469642
 0.8990667893917688
 0.907601022901856
 0.9184841212779673
 0.9131697973595283
 0.9157186791677245
 0.903224394575549
 0.9066989036507382
 0.9054571680785571
 0.8931372230142378
 0
 0
 0.6497082880581733
 0.9894675694183284
 0.8652586917226539
 0.6246119513045298
 0.505209280874944
 0.7483015459943541
 0.598803861928871
 0.7393959105660128
 0.6228792753710374
 0.7098933895669897
 0.6669730654056328
 0.7036715032565227
 0.7003630764362982
 0.7336567356550273
 0.755510463289759
 0.7870050059693754
 0.6940492528790969
 0.7623059008305637
 0.7309245702586872
 0.6900396444228463
 0.7028723721284575
 0.7123840496312589
 0.716058259010964
 0.6919784600003138
 0.6967470677479858
 0.7238120208510381
 0.6720755611158514
 0.7059293972875627
 0
 0
 0.7892931470571475
 0.8318832641494323
 0.8133475372323199
 0.7353125418917061
 0.5996017118308381
 0.6854688217480387
 0.7403886616344725
 0.6936676327246557
 0.6965738063329076
 0.752334759751605
 0.6762424864537846
 0.7127563766142658
 0.7422278004352485
 0.7068811678933026
 0.7208880274822286
 0.7596435352668341
 0.7410190961183345
 0.7076089700719304
 0.7268417036828894
 0.7278655274950927
 0.7109537315712597
 0.7498453141814754
 0.7930841820774432
 0.7696052600261823
 0.7379506010057332
 0.7156446640027977
 0.7054732830503294
 0.7317192436226828
 0
 0
 0
 0
 0
 0
 0
 0
 0
 0
 0
 0
 0
 0
 0
 0
 0
 0
 0
 0
 0
 0
 0
 0
 0
 0
 0
 0
 0
 0
 0
 0
 0
 0
 0
 0
 0
 0
 0
 0
 0
 0
 0
 0
 0
 0
 0
 0
 0
 0
 0
 0
 0
 0
 0
 0
 0
 0
 0
 0
 0
 0
 0
 0
 0
 0
 0
 0
 0
 0
 0
 0
 0
 0
 0
 0
 0
 0
 0
 0
 0
 0
 0
 0
 0
 0
 0
 0
 0
 0
 0
 0
 0
 0
 0
 0
 0
 0
 0
 0
 0
 0
 0
 0
 0
 0
 0
 0
 0
 0
 0
 0
 0
 0
 0
 0
 0
 0
 0
 0
 0
 0
 0
 0
 0
 0
 0
 0
 0
 0
 0
 0
 0
 0
 0
 0
 0
 0
 0
 0
 0
 0
 0
 0
 0
 0
 0
 0
 0
 0
 0
 0
 0.904266996500809
 0.9179446421509001
 0.9045229943738456
 0.8866838290812603
 0.9414514564314179
 0.905101703749062
 0.9013569056940643
 0.9205794677305654
 0.9190765358610741
 0.9104586493583171
 0.9076745514659488
 0.9218523293256141
 0.9103274527896984
 0.9100031041917678
 0.9219228616241717
 0.9149646527908648
 0.9109796697929744
 0.9109077529516586
 0.909567367115753
 0.9086782334860436
 0.9068911682249879
 0.897815047857305
 0.8997295785156969
 0.9098102947155047
 0.8982892272642525
 0.9039277083526095
 0.9040060908699683
 0.8930772828245784
 0
 0
 0
 0
 0
 0
 0
 0
 0
 0
 0
 0
 0
 0
 0
 0
 0
 0
 0
 0
 0
 0
 0
 0
 0
 0
 0
 0
 0
 0
 0
 0
 0
 0
 0
 0
 0
 0
 0
 0
 0
 0
 0
 0
 0
 0
 0
 0
 0
 0
 0
 0
 0
 0
 0
 0
 0
 0
 0
 0


