# Created by Octave 3.8.2, Fri Nov 20 21:58:58 2015 CET <dkottke@snake7>
# name: mus
# type: matrix
# ndims: 3
 1 30 19
 0
 0
 0.4970760233918126
 0.6672240802675585
 0.473640167364017
 0.7546063651591283
 0.7557783347257027
 0.7307046979865772
 0.7117794486215538
 0.7378151260504198
 0.7472894078398666
 0.7314814814814813
 0.7263795986622072
 0.7346218487394957
 0.724050632911392
 0.7322635135135135
 0.7223529411764705
 0.7377946127946127
 0.7351712614870507
 0.7288135593220337
 0.7284878863826234
 0.7255892255892257
 0.7234531772575253
 0.7219387755102042
 0.7174468085106382
 0.7282608695652175
 0.7207491582491582
 0.7189625850340133
 0.7158039605474423
 0.7205128205128205
 0
 0
 0.6666666666666666
 1
 0.4
 0.5
 0.4
 0.7
 0.6
 0.7
 0.7333333333333333
 0.6666666666666666
 0.6666666666666666
 0.7
 0.7999999999999999
 0.8166666666666667
 0.95
 0.8666666666666666
 0.9
 0.9
 0.9
 0.96
 0.9099999999999999
 0.9199999999999999
 0.9199999999999999
 0.9199999999999999
 0.9266666666666665
 0.9666666666666668
 0.9666666666666668
 0.9666666666666668
 0
 0
 0.6756223448116612
 0.9185905340902615
 0.6965821317622923
 0.7989684617330948
 0.6300954727472936
 0.700745432616261
 0.7307182779464543
 0.5800133621907029
 0.6763438846346024
 0.7364788967483342
 0.7603240299610425
 0.8003564203064217
 0.7479723156253744
 0.8066941097331869
 0.8864390399234664
 0.8697814024075521
 0.9031824226821439
 0.9170494401965334
 0.9224093357415005
 0.9193136299650386
 0.8778443126060498
 0.8950599331565403
 0.9050172698228467
 0.9091155974361527
 0.9188889395209923
 0.9141123363002825
 0.9231990439973752
 0.9319045908325392
 0
 0
 0.7944413460621689
 0.8721866131980617
 0.5407069329385054
 0.6649642329305203
 0.5292633893093788
 0.5942150269014508
 0.6862353215493778
 0.6602363811386327
 0.6248008083154281
 0.6684558137075038
 0.7352765026534556
 0.7377257398950701
 0.8065866389250018
 0.8343888166977175
 0.8736879642455474
 0.8780966700980021
 0.8890356500377616
 0.8888916298923486
 0.9093118901321438
 0.9112876243738837
 0.9215084434093853
 0.9165780001711655
 0.9244267493914846
 0.9231770039769498
 0.9409188709851647
 0.9407955049057029
 0.9430546942880359
 0.9415164140149697
 0
 0
 0.6666666666666666
 1
 0
 0.6666666666666666
 0.2857142857142857
 0.75
 0.6666666666666666
 0.6
 0.5454545454545454
 0.5833333333333334
 0.6153846153846154
 0.4444444444444444
 1
 1
 0.5
 1
 1
 1
 1
 1
 1
 1
 1
 1
 1
 1
 1
 1
 0
 0
 0.5613117639183838
 0.9654908951146044
 0.1771326806122551
 0.6448089053496266
 0.4090377502337429
 0.6669003007268421
 0.6243324930088595
 0.6533049654223377
 0.6009496272785234
 0.6328333547863594
 0.6906731133047485
 0.6745953959540482
 0.8788639501638121
 0.9105868553669251
 0.7850366845932338
 0.9407110693902636
 0.9271424062921517
 0.8927375087480736
 0.8777178027138819
 0.9487971281369025
 0.9580149204550128
 0.9552852017329909
 0.9642025912784111
 0.9391112954782646
 0.9177064327285517
 0.9796465861988572
 0.9609016073484877
 0.9513562635985077
 0
 0
 0.3678794411714423
 0.7969868776122561
 0.7651365270467252
 0.7796993193909082
 0.7147599253071157
 0.7176599469230125
 0.7053551590093192
 0.747946292072899
 0.7116384462612095
 0.6998379349494346
 0.7627273872416745
 0.7812797508361032
 0.7201225185879511
 0.798980970396918
 0.7900613150932446
 0.8080057789600338
 0.8736096928155141
 0.8854748297828586
 0.8805157009616377
 0.8590349276583169
 0.8667918438262807
 0.8927536768484945
 0.9088806884282499
 0.9421902977463635
 0.9176058930447638
 0.9011389001495951
 0.9356881619893049
 0.9382597793395969
 0
 0
 0.7975780055485218
 0.7976247706396923
 0.5443712336741002
 0.627398599796853
 0.5434879945407077
 0.6046987265136308
 0.6309834838479605
 0.605319127615943
 0.6314690252513521
 0.6534845559214664
 0.691290974692616
 0.6948079380711655
 0.7319124197247423
 0.7822207945527497
 0.7843198136949872
 0.7976883004231031
 0.8186569125898993
 0.8199844766579955
 0.8278982392610671
 0.8368852396907577
 0.8548808395278983
 0.8590940363854442
 0.8642470378342775
 0.847267082195021
 0.8733313366368848
 0.8789356488940137
 0.8707896350983577
 0.8687085803413765
 0
 0
 0.9058562149278614
 0.8780383488498676
 0.9258572316832742
 0.9165676689169477
 0.9039552512057141
 0.9161041590433285
 0.9196007621474644
 0.901025459614454
 0.911094183210711
 0.9202071815472609
 0.9171657417052306
 0.9318650496706211
 0.9042004919009488
 0.8978873894811227
 0.90245835489565
 0.9076228777314796
 0.908482249294068
 0.9173286718591278
 0.9071292216583137
 0.9021233312959372
 0.905297785142506
 0.9060042037845151
 0.9033150494496401
 0.9011007393039229
 0.9143190254399939
 0.9046994884822077
 0.9044573493177888
 0.8966828239367258
 0
 0
 0.8090927829926933
 0.9718413828928413
 0.2400457512145728
 0.6537323013961411
 0.5750263214862265
 0.6541549973098822
 0.6240666045585347
 0.7085357605642683
 0.5916407422136757
 0.7367596752499105
 0.7291250481047701
 0.7681104728713427
 0.8719462805703293
 0.8860039284615009
 0.9189604507304827
 0.8756853268627219
 0.893257989754547
 0.8903394498601606
 0.8912076903529531
 0.7275322437454902
 0.933944849710135
 0.8946036500031777
 0.934261251958586
 0.9263888198173872
 0.9420063971608583
 0.9341606397221198
 0.940549499459123
 0.9337868383981904
 0
 0
 0.3678794411714423
 0.841455862615031
 0.7651365414750924
 0.7935512965579545
 0.7475177781291911
 0.7277822746804421
 0.7321105396152606
 0.7619086087304853
 0.709826936361499
 0.7183936826309362
 0.7319159800990335
 0.7689439144728457
 0.7814318965683464
 0.8154760042282436
 0.7805396223329314
 0.7687794944457738
 0.7841947245316003
 0.8291669502048621
 0.8955281312087183
 0.867540755201214
 0.868491021230109
 0.8899436336715603
 0.9059536961040583
 0.8676633175636612
 0.9237750364585284
 0.9587860086486155
 0.8545095915001469
 0.9555202885166825
 0
 0
 0
 0
 0
 0
 0
 0
 0
 0
 0
 0
 0
 0
 0
 0
 0
 0
 0
 0
 0
 0
 0
 0
 0
 0
 0
 0
 0
 0
 0
 0
 0
 0
 0
 0
 0
 0
 0
 0
 0
 0
 0
 0
 0
 0
 0
 0
 0
 0
 0
 0
 0
 0
 0
 0
 0
 0
 0
 0
 0
 0
 0
 0
 0
 0
 0
 0
 0
 0
 0
 0
 0
 0
 0
 0
 0
 0
 0
 0
 0
 0
 0
 0
 0
 0
 0
 0
 0
 0
 0
 0
 0
 0
 0
 0
 0
 0
 0
 0
 0
 0
 0
 0
 0
 0
 0
 0
 0
 0
 0
 0
 0
 0
 0
 0
 0
 0
 0
 0
 0
 0
 0
 0
 0
 0
 0
 0
 0
 0
 0
 0
 0
 0
 0
 0
 0
 0
 0
 0
 0
 0
 0
 0
 0
 0
 0
 0
 0
 0
 0
 0
 0.9397496030336396
 0.9223225518090139
 0.9333640672549249
 0.9271593851550364
 0.9312334326745987
 0.9190942290408807
 0.9071908094832222
 0.9362871916911264
 0.9122369320404912
 0.9305795225007336
 0.9121035555248789
 0.9196020450300405
 0.922015265384561
 0.9134303421196396
 0.9071628985779413
 0.9096683938425314
 0.9185936638921522
 0.9189510347506359
 0.8996171361436447
 0.9068663964919187
 0.9017015879676968
 0.9071376890134007
 0.902418881129569
 0.9093211699580643
 0.912092313113446
 0.893843515052697
 0.9058870791020326
 0.9087547817186773
 0
 0
 0
 0
 0
 0
 0
 0
 0
 0
 0
 0
 0
 0
 0
 0
 0
 0
 0
 0
 0
 0
 0
 0
 0
 0
 0
 0
 0
 0
 0
 0
 0
 0
 0
 0
 0
 0
 0
 0
 0
 0
 0
 0
 0
 0
 0
 0
 0
 0
 0
 0
 0
 0
 0
 0
 0
 0
 0
 0


