# Created by Octave 3.8.2, Fri Nov 20 22:09:51 2015 CET <dkottke@snake7>
# name: mus
# type: matrix
# ndims: 3
 1 30 19
 0
 0
 0.7326649958228902
 0.6889632107023411
 0.6861924686192467
 0.8190954773869351
 0.8504594820384295
 0.9253355704697986
 0.9298245614035078
 0.9529411764705887
 0.9491242702251869
 0.9461279461279464
 0.9565217391304338
 0.9425210084033618
 0.9527426160337551
 0.9383445945945946
 0.9546218487394953
 0.9562289562289558
 0.9507101086048451
 0.945762711864407
 0.9532163742690054
 0.9513187429854092
 0.9565217391304349
 0.9523809523809522
 0.9557446808510643
 0.9607023411371233
 0.9587542087542086
 0.9546485260770977
 0.9532074317608377
 0.957264957264957
 0
 0
 0.6666666666666666
 1
 0.8
 0.8
 0.8
 0.5
 0.3
 0.4
 0.5333333333333333
 0.6
 0.4333333333333333
 0.4
 0.5333333333333333
 0.7166666666666666
 0.5833333333333333
 0.6
 0.7
 0.5
 0.62
 0.6399999999999999
 0.65
 0.5
 0.5600000000000002
 0.5866666666666667
 0.52
 0.6
 0.6000000000000001
 0.7
 0
 0
 0.7916875431133162
 0.9297643823523825
 0.8351994279832691
 0.834412120991741
 0.806349918390141
 0.6527042701452905
 0.5445698567082671
 0.6416733982920629
 0.6858948863190802
 0.6432757519788803
 0.6037625575562986
 0.7287159785551329
 0.6282355834148245
 0.5152048150502448
 0.6343912308020165
 0.5156583218600699
 0.6064201165403333
 0.537424396536316
 0.5880510687912666
 0.578914712601905
 0.6292733554018575
 0.610243726252517
 0.6193359664711908
 0.5436319591598359
 0.5798347405540083
 0.6455439172935229
 0.5878695302098391
 0.6186179982720086
 0
 0
 0.6903323916829202
 0.7948031509270292
 0.7936494848378204
 0.6644220745889395
 0.6886983327489016
 0.6494333957756047
 0.5470016643543677
 0.5873209861454542
 0.5961374266686504
 0.6101907149127841
 0.5850476194029417
 0.5706492797969185
 0.5716008575439383
 0.5859609520053375
 0.5796628753788997
 0.5519288259255719
 0.5694441249664763
 0.5596100571433964
 0.5675151316141779
 0.5645671608459997
 0.5656240520342726
 0.5511871307640162
 0.5523318634891425
 0.551141134682223
 0.5560304785753089
 0.5503401191378805
 0.5579254016833364
 0.5528783774892939
 0
 0
 0.6666666666666666
 1
 1
 0.6666666666666666
 0.4285714285714285
 1
 0.5555555555555556
 0.6
 0.8181818181818182
 0.5833333333333334
 0.7692307692307693
 0.4444444444444444
 0.8
 0.6666666666666666
 1
 1
 1
 1
 0
 1
 1
 1
 0
 1
 1
 1
 1
 0
 0
 0
 0.6823154114726241
 0.7091730833939131
 0.7407797764249765
 0.7089411317473934
 0.657698858485898
 0.8122027589902356
 0.5486995447483567
 0.5373989499186875
 0.6878725586268384
 0.5629903518740794
 0.6185815605316
 0.5443364252257369
 0.6198748769356341
 0.5795155202289425
 0.5874041269994251
 0.6234881028000273
 0.5982030859796184
 0.5697606660713219
 0.49644362554906
 0.6123296923942092
 0.6038337822356855
 0.5996023333268575
 0.52713844084837
 0.6348324894015721
 0.5536430826334026
 0.5274647973153849
 0.620271877818286
 0.5029211405265637
 0
 0
 0.5785862941142949
 0.7420998312202294
 0.6719275226051378
 0.8059989382035329
 0.7889359404227306
 0.7328850609714757
 0.6836481586740377
 0.6554851572996419
 0.6719334857692979
 0.7329505336766805
 0.6270133630483763
 0.6683030333097438
 0.736790875722577
 0.6765089384725982
 0.6533409391625671
 0.6859963990703429
 0.693720189294294
 0.6824786150098936
 0.6952396107370338
 0.6427363342178869
 0.6587163879726471
 0.6641264136871814
 0.6584783248552101
 0.6220172517644894
 0.6506243593813223
 0.6617789907614593
 0.6752468815957482
 0.6297317618934125
 0
 0
 0.6923505247873251
 0.6828695434122699
 0.7908395687695307
 0.6490298342715749
 0.7312014512631227
 0.6363186304704949
 0.5684482745392995
 0.5663535642160726
 0.5545705093722938
 0.5815039813884367
 0.5524475814345589
 0.5549644379889761
 0.5600782292754505
 0.5839145757933438
 0.5571245045939753
 0.5468629384052428
 0.5723519539822606
 0.567221179374948
 0.5734096560339207
 0.5588654957144801
 0.5727406161194463
 0.5619523254462874
 0.5594005539147691
 0.557071595673269
 0.5591860083518514
 0.5606686913117908
 0.5602175060131958
 0.5513292054144393
 0
 0
 0.9994218592019624
 0.9999999998009748
 0.9999999962617481
 0.9999999981563832
 0.99999999989861
 0.9999999999999239
 0.9999999999999991
 0.9999853404773744
 0.9994263844064469
 0.9937496670350904
 0.993221904545449
 0.9828935301243202
 0.9755780884758671
 0.9804414695385842
 0.9665083215531395
 0.9698578061468199
 0.966452704265242
 0.9648468237426416
 0.9573897998417156
 0.9672143296319129
 0.9529705417889307
 0.9561516395444144
 0.9509541789285533
 0.9583536235363246
 0.9640621505652381
 0.9496606121372602
 0.9550620878895437
 0.9522692901651622
 0
 0
 0.6888122641581094
 0.7088678754201915
 0.6399878150181557
 0.8001728965964414
 0.689143939707291
 0.6183613084696751
 0.5405799505534389
 0.5297019039964836
 0.5676814498034363
 0.5525925029206665
 0.5653154414484418
 0.5437559472617064
 0.5369215553160677
 0.5435920913901772
 0.6018559223459795
 0.524500905474084
 0.5505965736016591
 0.5540407970095323
 0.555242870171765
 0.5429225426222314
 0.5638006615477972
 0.6005053280330551
 0.5494473867164924
 0.5589214637099733
 0.5492125294336092
 0.5443282838903624
 0.5417401147401306
 0.5353177358357655
 0
 0
 0.5785862941142949
 0.7602402578923415
 0.6679993299509797
 0.8472812389612727
 0.7957216339326849
 0.7263692674288464
 0.6308434194014733
 0.6724309878471678
 0.665556093461633
 0.731995625244492
 0.6390201210262564
 0.6610009431669633
 0.6188151114482975
 0.6508016014190465
 0.6493490023139126
 0.6617893711275626
 0.6376132502529421
 0.6519176439212678
 0.6581411297613143
 0.678865209619655
 0.6498680358989729
 0.6497470647750744
 0.6360097835863794
 0.6187234600863541
 0.6460724342098813
 0.633739070899806
 0.6902693227197171
 0.6329063110626384
 0
 0
 0
 0
 0
 0
 0
 0
 0
 0
 0
 0
 0
 0
 0
 0
 0
 0
 0
 0
 0
 0
 0
 0
 0
 0
 0
 0
 0
 0
 0
 0
 0
 0
 0
 0
 0
 0
 0
 0
 0
 0
 0
 0
 0
 0
 0
 0
 0
 0
 0
 0
 0
 0
 0
 0
 0
 0
 0
 0
 0
 0
 0
 0
 0
 0
 0
 0
 0
 0
 0
 0
 0
 0
 0
 0
 0
 0
 0
 0
 0
 0
 0
 0
 0
 0
 0
 0
 0
 0
 0
 0
 0
 0
 0
 0
 0
 0
 0
 0
 0
 0
 0
 0
 0
 0
 0
 0
 0
 0
 0
 0
 0
 0
 0
 0
 0
 0
 0
 0
 0
 0
 0
 0
 0
 0
 0
 0
 0
 0
 0
 0
 0
 0
 0
 0
 0
 0
 0
 0
 0
 0
 0
 0
 0
 0
 0
 0
 0
 0
 0
 0
 1
 0.9999999469293439
 0.9999999998963116
 1
 0.9999999999999944
 0.9999999886498477
 0.9999997788153602
 0.9999992513900513
 0.9992246043693213
 0.9997702453131166
 0.9919708760676053
 0.9931667114673148
 0.9691254643148476
 0.9741925684672396
 0.9771165803825006
 0.9683560958802231
 0.9714105822562253
 0.9635389117276332
 0.956751073586818
 0.9579388822061656
 0.9605164275808071
 0.9578381734061375
 0.9520321489700906
 0.9626403985381069
 0.9546766759969956
 0.9530259521169706
 0.9532895168008546
 0.9468620894724002
 0
 0
 0
 0
 0
 0
 0
 0
 0
 0
 0
 0
 0
 0
 0
 0
 0
 0
 0
 0
 0
 0
 0
 0
 0
 0
 0
 0
 0
 0
 0
 0
 0
 0
 0
 0
 0
 0
 0
 0
 0
 0
 0
 0
 0
 0
 0
 0
 0
 0
 0
 0
 0
 0
 0
 0
 0
 0
 0
 0


