# Created by Octave 3.8.2, Fri Nov 20 23:41:07 2015 CET <dkottke@snake2>
# name: mus
# type: matrix
# ndims: 3
 1 30 19
 0
 0
 0.5748792270531402
 0.7980769230769231
 0.7707317073170735
 0.9166666666666665
 0.9408866995073892
 0.9423076923076923
 0.9371980676328503
 0.945
 0.9521531100478469
 0.9558823529411765
 0.9423076923076925
 0.9438775510204083
 0.9282051282051283
 0.9326923076923077
 0.9215686274509803
 0.9166666666666667
 0.937799043062201
 0.9349999999999999
 0.9312169312169313
 0.9301346801346801
 0.9371980676328503
 0.9288194444444444
 0.9399999999999999
 0.9423076923076923
 0.9440665154950869
 0.9540816326530612
 0.9556650246305419
 0.9666666666666668
 0
 0
 0.3333333333333333
 1
 1
 0.7
 0.7
 0.9
 0.9
 0.9
 0.8
 0.9
 0.9333333333333333
 0.9333333333333332
 0.9333333333333332
 0.95
 1
 1
 1
 1
 1
 1
 1
 1
 0.8800000000000001
 0.8933333333333333
 0.9199999999999999
 0.9333333333333333
 0.9266666666666665
 0.9
 0
 0
 0.6237377626020491
 0.9240475297531578
 0.8748928060651813
 0.8000434966970889
 0.8244811914986038
 0.7433343373395438
 0.856089175952005
 0.8880885461254786
 0.8128923145867469
 0.8710311022671512
 0.8329475096376237
 0.8933072745572993
 0.8725743525809614
 0.9149045323900794
 0.8788556326019603
 0.9092679555901881
 0.9119245354698876
 0.9490796022402351
 0.964060685176133
 0.9530388385699583
 0.9481998124118618
 0.9499676481948272
 0.9616235763360269
 0.9600484888048342
 0.9480194215307058
 0.9609136108642066
 0.9500592689984205
 0.9316671534606096
 0
 0
 0.3329617958168111
 0.8018004505709376
 0.7141075029206641
 0.7146976042727247
 0.7555587463959077
 0.7674383607213559
 0.7700965089753561
 0.797687098636267
 0.7233861906549879
 0.7782583817464566
 0.7970493564615519
 0.7920041156020092
 0.7891232164739512
 0.8246229598287635
 0.8088930614502311
 0.8385297399643996
 0.8493685740851511
 0.8562771790648488
 0.8638397084781906
 0.8767338778802908
 0.8857837690308065
 0.894436274440388
 0.8746606880345147
 0.8858078110241623
 0.8979689097457492
 0.891328151584084
 0.8940401924848757
 0.8619394419818164
 0
 0
 0.3333333333333333
 1
 1
 0
 0.5714285714285714
 1
 0.5555555555555556
 0.8
 0.4545454545454545
 0.9166666666666666
 0.7692307692307693
 0.8888888888888888
 0.8
 1
 1
 1
 1
 1
 1
 1
 1
 1
 1
 1
 1
 1
 0
 1
 0
 0
 0.3333333333332337
 0.8154977440394643
 0.739469180677538
 0.5129698049611237
 0.6774556821334685
 0.7464820900078382
 0.7291490703560629
 0.7977684193784295
 0.6805502225062939
 0.8702261146065009
 0.742772340379769
 0.7430669128641313
 0.8916060812759037
 0.7704313632864154
 0.7780582360297962
 0.8991908227762602
 0.9560425000897789
 0.7700779890677459
 0.8693722729337906
 0.8781860801853871
 0.784334761725679
 0.9803714482380188
 0.8363304152195961
 0.8807986490485453
 0.8637024698243627
 0.9584900174701192
 0.8096027086475638
 0.841769890575307
 0
 0
 0.5785862941142949
 0.7700016988820543
 0.8029364256779001
 0.7847130334963208
 0.8175635168773244
 0.8095377407783073
 0.83002088147269
 0.8151277046921412
 0.7900730432536647
 0.7989765093060214
 0.8263367773699026
 0.8252367429134891
 0.8326249368533545
 0.8018420425696019
 0.8394559642309466
 0.8202780193612345
 0.8587618018203643
 0.8633505139442844
 0.8672986000985643
 0.8596571073096091
 0.8303337326323029
 0.9711746793150295
 0.8459227332988999
 0.8922535874683827
 0.9287466728716915
 0.8787987448477289
 0.8750834267548078
 0.8761382748611943
 0
 0
 0.330751100207907
 0.7177147127492353
 0.6500724466171879
 0.7132030316990101
 0.7694549899585083
 0.7704335613596389
 0.8131195925018044
 0.7988114898867452
 0.71396319442295
 0.777237845626355
 0.7720453547999893
 0.7947575975568066
 0.7718664649374533
 0.8220176089228695
 0.7919829130806887
 0.845972717551782
 0.8597169104559483
 0.8701002203277315
 0.881321904064284
 0.89188887165557
 0.9041403383002879
 0.914967538883985
 0.9076193951507436
 0.9100090087228457
 0.9289566313479563
 0.9239819363082592
 0.9215523047257083
 0.8941326634630489
 0
 0
 0.9978011738095037
 0.9999999999163134
 0.9999999913948168
 0.9999999996720289
 0.9999999998151179
 0.999999938216612
 0.9999999999848067
 0.9999999999999994
 1
 0.999577747101803
 0.9947049778632759
 0.9866166512867921
 0.9776706694087702
 0.9708901218106966
 0.9778305127924558
 0.9707928766443493
 0.9688174463855049
 0.9680419249269275
 0.9652436358465469
 0.9574083793861784
 0.9611241445955165
 0.9594225125633629
 0.9587202233990685
 0.9559799441180494
 0.9457925990108343
 0.9531567472920753
 0.9450725924381208
 0.945562943540761
 0
 0
 0.3333333333332458
 0.5722628654858009
 0.6400042915527927
 0.7399884843084947
 0.6852960048808051
 0.799764348189704
 0.7142340887339446
 0.829123109784445
 0.6908028275293372
 0.7796671843960805
 0.7790879564383183
 0.7500803973154859
 0.7520067355161034
 0.7871999173580642
 0.7745802621058679
 0.88572310082073
 0.8304600950444727
 0.8502795762293727
 0.9823441192859756
 0.9593247910596207
 0.8893443516234347
 0.9133141313750701
 0.8899044293777961
 0.9633647192351763
 0.9850407316970036
 0.9138760276678425
 0.9372353718167065
 0.8815283218360255
 0
 0
 0.5785862941142949
 0.767410138911309
 0.7898674776666677
 0.8003756918659349
 0.8171738615860815
 0.8263433456066017
 0.7922954537455718
 0.7788647093370632
 0.7709542295570831
 0.7604198072492835
 0.7985206188425175
 0.8231860396274643
 0.7747593086495044
 0.8052908957956665
 0.8080734558057006
 0.7929206974581564
 0.8164809838024756
 0.8582414732552107
 0.850881365824919
 0.8549641307923891
 0.8932205049028904
 0.8651316096751306
 0.8750795102464128
 0.8633282255511875
 0.8786854837393554
 0.8806110882485096
 0.8712214465520112
 0.8784872911386751
 0
 0
 0
 0
 0
 0
 0
 0
 0
 0
 0
 0
 0
 0
 0
 0
 0
 0
 0
 0
 0
 0
 0
 0
 0
 0
 0
 0
 0
 0
 0
 0
 0
 0
 0
 0
 0
 0
 0
 0
 0
 0
 0
 0
 0
 0
 0
 0
 0
 0
 0
 0
 0
 0
 0
 0
 0
 0
 0
 0
 0
 0
 0
 0
 0
 0
 0
 0
 0
 0
 0
 0
 0
 0
 0
 0
 0
 0
 0
 0
 0
 0
 0
 0
 0
 0
 0
 0
 0
 0
 0
 0
 0
 0
 0
 0
 0
 0
 0
 0
 0
 0
 0
 0
 0
 0
 0
 0
 0
 0
 0
 0
 0
 0
 0
 0
 0
 0
 0
 0
 0
 0
 0
 0
 0
 0
 0
 0
 0
 0
 0
 0
 0
 0
 0
 0
 0
 0
 0
 0
 0
 0
 0
 0
 0
 0
 0
 0
 0
 0
 0
 0
 0.9999923105921206
 0.9999997829024869
 0.9999999999998873
 1
 0.9999999995955102
 0.9999979949418386
 0.9999994769935723
 0.9999999384485347
 0.9999997070892815
 0.9999970018696089
 0.9949277837193611
 0.9873561898941574
 0.9764355819159205
 0.9723102601162948
 0.9735784999869231
 0.9717965853160135
 0.966118323720882
 0.9673455316724082
 0.9640034013669074
 0.9605528458773285
 0.9653649659912843
 0.9660194197809908
 0.9599435238057566
 0.9597765837734578
 0.9521074275427749
 0.9452945309587848
 0.9495886136141547
 0.9520908162142152
 0
 0
 0
 0
 0
 0
 0
 0
 0
 0
 0
 0
 0
 0
 0
 0
 0
 0
 0
 0
 0
 0
 0
 0
 0
 0
 0
 0
 0
 0
 0
 0
 0
 0
 0
 0
 0
 0
 0
 0
 0
 0
 0
 0
 0
 0
 0
 0
 0
 0
 0
 0
 0
 0
 0
 0
 0
 0
 0
 0


