# Created by Octave 3.8.2, Fri Nov 20 22:26:31 2015 CET <dkottke@snake5>
# name: mus
# type: matrix
# ndims: 3
 1 30 19
 0
 0
 0.6618357487922704
 0.6586538461538461
 0.6585365853658538
 0.6568627450980393
 0.6551724137931035
 0.6346153846153846
 0.9420289855072466
 0.9600000000000002
 0.9665071770334926
 0.8284313725490197
 0.8269230769230771
 0.7755102040816327
 0.841025641025641
 0.8894230769230769
 0.8692810457516339
 0.8636363636363636
 0.8516746411483254
 0.805
 0.8465608465608466
 0.8367003367003367
 0.859903381642512
 0.8368055555555556
 0.8449999999999999
 0.9903846153846154
 0.9894179894179894
 0.9897959183673469
 0.9901477832512315
 0.9888888888888889
 0
 0
 1
 1
 1
 1
 1
 1
 0.9
 0.8
 0.8
 0.7666666666666667
 0.7333333333333333
 0.8
 0.8
 0.8666666666666666
 0.7
 0.7833333333333333
 0.7833333333333333
 0.7
 0.73
 0.73
 0.78
 0.7
 0.72
 0.8066666666666666
 0.82
 0.7866666666666666
 0.7133333333333333
 0.7666666666666667
 0
 0
 1
 1
 1
 1
 1
 1
 0.9071169791109058
 0.9138208971463733
 0.8421805671458035
 0.8529266166458889
 0.85933812517115
 0.8233986079739534
 0.8531142243200902
 0.8214769814442549
 0.7163253096346479
 0.8250027384015807
 0.8287414179841064
 0.8106040360511781
 0.7875128714183544
 0.7639714993606803
 0.8041202181472271
 0.8120189389884669
 0.8378083246762675
 0.7703668307041383
 0.7232403005358544
 0.766497443558566
 0.7684622322684839
 0.8037035942258747
 0
 0
 0.999999999247103
 0.999999999975959
 0.9999999999844499
 0.9999999999375488
 0.9999999999040952
 0.9999999999153918
 0.8471158868365348
 0.9452874763126026
 0.7659376475844916
 0.7836866541107061
 0.7768755340768909
 0.7519084443984654
 0.8676797870054175
 0.7824514703131357
 0.74625400798391
 0.8073541139798063
 0.8324682625628753
 0.8110966161674534
 0.7754350611349542
 0.7715772814067154
 0.7748511830550514
 0.8063170096382747
 0.7977670902968054
 0.7557541013483772
 0.7796422570531836
 0.7751240586580277
 0.7802804056244041
 0.8059112646807786
 0
 0
 1
 1
 1
 1
 1
 1
 0.8888888888888888
 1
 0.5454545454545454
 0.9166666666666666
 0.9230769230769231
 0.6666666666666666
 0.8
 1
 0.5
 1
 1
 1
 1
 1
 1
 1
 1
 1
 0
 1
 1
 1
 0
 0
 0.9999999999953053
 0.9999999999917173
 0.9999999999994765
 0.9999999999996788
 1
 0.9999999999897159
 0.908378071097046
 0.9749362522829114
 0.7086036639820141
 0.8358166255976458
 0.8719067060192902
 0.7638410372920181
 0.8640995006107612
 0.8752400746764263
 0.7086539892053483
 0.8171238629841283
 0.8982449104621431
 0.9050611144554994
 0.7693468131082926
 0.8600464575085973
 0.8135377366941537
 0.8127036216351566
 0.7930631874456789
 0.8386717095676475
 0.7355552622129127
 0.6902700558096387
 0.8881140308657369
 0.8901803388383764
 0
 0
 1
 1
 1
 0.9999999999996757
 0.9999999999939893
 0.9999999999988904
 0.8310147237095379
 0.8667260851421618
 0.8135523622753255
 0.7771078075263407
 0.8145660336041425
 0.8022889780153764
 0.8150795361457663
 0.8139660010912522
 0.8065045691714313
 0.8055141360889276
 0.8382710871072493
 0.8069815472136888
 0.7911473906285942
 0.7768670053968868
 0.7766061672658989
 0.8440900594527985
 0.8425836055128015
 0.717203153526861
 0.7523413594174413
 0.7646748708127008
 0.809418603907453
 0.7811509553504785
 0
 0
 0.999999999439352
 0.9999999999850483
 0.9999999999896234
 0.9999999999969139
 0.9999999999947959
 0.9999999999991634
 0.7878875086574404
 0.854132415046327
 0.7315331060879562
 0.7719163534837691
 0.7393579690084835
 0.7168342329441173
 0.780299808405576
 0.7400097013356836
 0.7141210773314147
 0.7513219454029819
 0.7691784948925638
 0.7532200695076419
 0.721457199617214
 0.7216941457657
 0.7177744246465606
 0.7474902106185289
 0.7286952560931068
 0.6883640722110415
 0.7024513748830347
 0.7147424054342463
 0.7230860664803782
 0.7443969654553851
 0
 0
 0.9531886522465697
 0.9338237283913225
 0.953172951093762
 0.9088252452489863
 0.9370345060407208
 0.9191377907897408
 0.9136443746317894
 0.9128216348012339
 0.932998325732469
 0.9331139792725236
 0.928693425310429
 0.9181584582031355
 0.9081471283129017
 0.9186943115942277
 0.9076003164660316
 0.9017469666765716
 0.9008364801644663
 0.9137139953966625
 0.9017653139182213
 0.9078843414396806
 0.9030882945272569
 0.9092984553795693
 0.9016772738376393
 0.9126172116434208
 0.8931378281019342
 0.8969814072398555
 0.8929904455554064
 0.8900149235289794
 0
 0
 0.9999999999999886
 0.9999999999998036
 0.9999999999124207
 0.999999999998765
 0.9999999999997968
 0.9999999999999835
 0.9149678118031119
 0.9768744918550036
 0.7936745777404323
 0.7991003326137154
 0.7671806172116065
 0.5602136574530535
 0.8386204604497748
 0.7733285684311947
 0.7040329569825563
 0.7892977362623489
 0.8298989121818745
 0.7909177641845467
 0.7687490388003819
 0.7791716778878239
 0.7829198035484239
 0.8043338287250192
 0.7806817992500561
 0.7211393478297976
 0.7393005556028913
 0.7492466364654096
 0.7611989918806207
 0.7726541189534708
 0
 0
 1
 1
 1
 0.9999999999997231
 0.999999999998694
 0.999999999999999
 0.8065289346901854
 0.8141908882550007
 0.7864524747406252
 0.7302267804670315
 0.7632024232290692
 0.7504149553797468
 0.8533578250724869
 0.8339902169596434
 0.8374772407512512
 0.7782960933504908
 0.8044930469567919
 0.7937918574138494
 0.7816229219044691
 0.7847334063119991
 0.7882508694242605
 0.7669278795101554
 0.7734963151891701
 0.8262871529063261
 0.7486880808556261
 0.3908608642442516
 0.764069881382649
 0.7768536409164938
 0
 0
 0
 0
 0
 0
 0
 0
 0
 0
 0
 0
 0
 0
 0
 0
 0
 0
 0
 0
 0
 0
 0
 0
 0
 0
 0
 0
 0
 0
 0
 0
 0
 0
 0
 0
 0
 0
 0
 0
 0
 0
 0
 0
 0
 0
 0
 0
 0
 0
 0
 0
 0
 0
 0
 0
 0
 0
 0
 0
 0
 0
 0
 0
 0
 0
 0
 0
 0
 0
 0
 0
 0
 0
 0
 0
 0
 0
 0
 0
 0
 0
 0
 0
 0
 0
 0
 0
 0
 0
 0
 0
 0
 0
 0
 0
 0
 0
 0
 0
 0
 0
 0
 0
 0
 0
 0
 0
 0
 0
 0
 0
 0
 0
 0
 0
 0
 0
 0
 0
 0
 0
 0
 0
 0
 0
 0
 0
 0
 0
 0
 0
 0
 0
 0
 0
 0
 0
 0
 0
 0
 0
 0
 0
 0
 0
 0
 0
 0
 0
 0
 0
 0.9441888082979494
 0.9490299912493765
 0.9625689785801086
 0.9426950499909097
 0.9103988330529765
 0.9094182262737317
 0.9142231757718888
 0.9208470871063426
 0.9265197469412225
 0.9122678800296968
 0.9311394429424319
 0.9155134853955745
 0.9284120015176958
 0.9083684857033876
 0.9306189014123585
 0.9092187219144382
 0.9077935905092254
 0.8944012680710587
 0.9044957701939901
 0.8986351326747616
 0.9088024174627327
 0.9048193417625724
 0.9002180753175227
 0.9061997137524932
 0.9003030762667561
 0.9005731336674837
 0.9040111986163903
 0.9128966173818246
 0
 0
 0
 0
 0
 0
 0
 0
 0
 0
 0
 0
 0
 0
 0
 0
 0
 0
 0
 0
 0
 0
 0
 0
 0
 0
 0
 0
 0
 0
 0
 0
 0
 0
 0
 0
 0
 0
 0
 0
 0
 0
 0
 0
 0
 0
 0
 0
 0
 0
 0
 0
 0
 0
 0
 0
 0
 0
 0
 0


