# Created by Octave 3.8.2, Fri Nov 20 22:09:53 2015 CET <dkottke@snake2>
# name: mus
# type: matrix
# ndims: 3
 1 30 19
 0
 0
 0.8115942028985503
 0.3701923076923077
 0.9512195121951219
 0.9705882352941179
 0.9655172413793105
 0.9663461538461539
 0.9661835748792271
 0.9550000000000001
 0.9617224880382775
 0.9558823529411765
 0.9663461538461539
 0.9693877551020409
 0.9692307692307693
 0.9615384615384616
 0.9705882352941178
 0.9696969696969696
 0.9617224880382775
 0.96
 0.9682539682539681
 0.9696969696969696
 0.9710144927536233
 0.9427083333333334
 0.945
 0.9471153846153847
 0.9493575207860923
 0.9591836734693878
 0.9451090781140042
 0.9500000000000001
 0
 0
 0.3333333333333333
 1
 0.2
 0
 0.4
 0.7
 0.7
 0.9
 0.8333333333333333
 0.8
 0.9333333333333332
 1
 1
 1
 1
 1
 1
 1
 1
 1
 1
 1
 1
 1
 1
 1
 1
 1
 0
 0
 0.5417125948492957
 0.751186588546206
 0.5677741493097923
 0.6202886920925679
 0.6681367066150072
 0.6668216292924617
 0.7620387356502966
 0.8083425189698592
 0.8379664300869464
 0.841991733901982
 0.8725248643390678
 0.9321992429892354
 0.9610688626020919
 0.9508997950293546
 0.9585048050293201
 0.960291140136653
 0.9390807580535062
 0.9742551069584657
 0.9352778783377205
 0.9694154266977806
 0.9632343026956418
 0.9678832800787873
 0.9578218198298627
 0.9422056642602354
 0.9579210531699167
 0.969536747821941
 0.9658525175349587
 0.9788861347967602
 0
 0
 0.5277902766297022
 0.9851250004068014
 0.4891773652973167
 0.3773356741831174
 0.638365062681848
 0.622750487688548
 0.7060713645518355
 0.8033956876957565
 0.8578074852263184
 0.8974291627483097
 0.9611673928337654
 0.9927846505067339
 0.99584908719637
 0.9931683314647184
 0.9964959220035313
 0.9949798949274954
 0.99685409690186
 0.9962069576600727
 0.9953840245721149
 0.9996658059325851
 0.9961594055470223
 0.9949059610521535
 0.9959645990872048
 0.9958216191788829
 0.9987907449227954
 0.9989525193072918
 0.9980109746426732
 0.9993486707536336
 0
 0
 0
 1
 0.6
 0
 0.5714285714285714
 0.5
 0.6666666666666666
 1
 0.7272727272727273
 0.8333333333333334
 0.8461538461538461
 1
 1
 1
 1
 1
 1
 1
 1
 1
 1
 1
 1
 1
 1
 1
 1
 1
 0
 0
 1.351481287271721e-11
 1.190483333768393
 0.5500000434039497
 0.3416964129920732
 0.5369047623275081
 0.5342266651384366
 0.681547627995354
 0.980952385665734
 0.7549876709475604
 0.852525320730871
 0.8690563465148535
 1.03253384688933
 1.03537179332021
 1.006508078624187
 1.007554945153079
 1.011752136922516
 1.006756756997047
 1.010638298234599
 1.004310345352891
 1.013888889653326
 1.02272727356941
 1.000000001393561
 1.031250001146283
 1.060836764859579
 1.000000003101615
 1.000000003962673
 1.000000005149829
 1.00000000645233
 0
 0
 0.5785862941142949
 0.596708576587351
 0.6697301565834982
 0.7133917176462798
 0.8397842940267168
 0.7361231099753546
 0.7121472901748115
 0.89719329520539
 0.8785232821674165
 0.911972565869948
 0.872845993840741
 0.9676783752641047
 0.9443973740339527
 0.9101556316696462
 0.9443954490361148
 0.9763883497948977
 0.9433774829701542
 0.9578122130105393
 0.9606803247965368
 0.9805930412618977
 0.9786425701272388
 0.9367987886910428
 0.9737612379205269
 0.9686239843264808
 0.9923444742131059
 0.9702608309846745
 0.9710977144653036
 0.9660167400772448
 0
 0
 0.5277902776973545
 0.9068793665084776
 0.5952393883670637
 0.6103741515992506
 0.6055494567913866
 0.6966591982596199
 0.7438360157578201
 0.7988048306860352
 0.8674072926949473
 0.8948220809901309
 0.939379395517832
 0.9630792046683477
 0.9649703830953021
 0.9549898560065389
 0.9813554142696661
 0.9765545145120031
 0.9834910988576606
 0.9846018308926253
 0.9868964837935293
 0.9939824725650205
 0.9886720529943216
 0.9874902988336941
 0.9871051430350927
 0.9917300097116228
 0.9951275631950545
 0.9932517239054116
 0.9936620974893204
 0.991118802733636
 0
 0
 1
 1
 1
 1
 1
 1
 1
 1
 1
 1
 1
 1
 1
 1
 1
 1
 1
 1
 1
 1
 1
 1
 1
 1
 1
 1
 1
 1
 0
 0
 5.900104028223111e-11
 1.096609455024079
 0.4583360502669691
 0.4524261346850729
 0.5168682417923879
 0.5495086828461508
 0.7019267306038899
 0.7467556271374002
 0.9287335304013575
 0.8406333613382675
 0.9560394542584948
 1.03628378654657
 1.091742306239234
 1.028808119995331
 0.9826985508201371
 1.064351335165002
 1.037377719051664
 1.05935834433341
 1.02422684681457
 1.078554928842563
 1.129241683779667
 1.000000000000105
 1.116763957952197
 0.9895734366294453
 1.000000000001541
 1.000000000003396
 1.000000000007376
 1.000000000000048
 0
 0
 0.5785862941142949
 0.5967085761339073
 0.6790366316552264
 0.800519279673201
 0.8163999686082222
 0.8064156009166258
 0.8125191150876339
 0.747262867791354
 0.997726179302984
 0.8414227453557919
 0.9037933422491868
 0.9204175776015778
 0.9477171402855612
 0.9176937538344291
 0.9504142881767517
 0.9751290999029483
 0.9623218854641835
 0.931434335336447
 0.9529661331895563
 1.113971979231501
 0.9861025438761364
 0.9486846316349307
 0.9257157716717794
 0.9874765715782448
 1.052585241368744
 0.9590971331081416
 1.045808571445916
 1.003642117426343
 0
 0
 0
 0
 0
 0
 0
 0
 0
 0
 0
 0
 0
 0
 0
 0
 0
 0
 0
 0
 0
 0
 0
 0
 0
 0
 0
 0
 0
 0
 0
 0
 0
 0
 0
 0
 0
 0
 0
 0
 0
 0
 0
 0
 0
 0
 0
 0
 0
 0
 0
 0
 0
 0
 0
 0
 0
 0
 0
 0
 0
 0
 0
 0
 0
 0
 0
 0
 0
 0
 0
 0
 0
 0
 0
 0
 0
 0
 0
 0
 0
 0
 0
 0
 0
 0
 0
 0
 0
 0
 0
 0
 0
 0
 0
 0
 0
 0
 0
 0
 0
 0
 0
 0
 0
 0
 0
 0
 0
 0
 0
 0
 0
 0
 0
 0
 0
 0
 0
 0
 0
 0
 0
 0
 0
 0
 0
 0
 0
 0
 0
 0
 0
 0
 0
 0
 0
 0
 0
 0
 0
 0
 0
 0
 0
 0
 0
 0
 0
 0
 0
 0
 1
 1
 1
 1
 1
 1
 1
 1
 1
 1
 1
 1
 1
 1
 1
 1
 1
 1
 1
 1
 1
 1
 1
 1
 1
 1
 1
 1
 0
 0
 0
 0
 0
 0
 0
 0
 0
 0
 0
 0
 0
 0
 0
 0
 0
 0
 0
 0
 0
 0
 0
 0
 0
 0
 0
 0
 0
 0
 0
 0
 0
 0
 0
 0
 0
 0
 0
 0
 0
 0
 0
 0
 0
 0
 0
 0
 0
 0
 0
 0
 0
 0
 0
 0
 0
 0
 0
 0


