# Created by Octave 3.8.2, Sun Nov 15 23:13:02 2015 CET <dkottke@snake3>
# name: mus
# type: matrix
# ndims: 3
 1 30 19
 0
 0
 0.5588972431077692
 0.5555555555555556
 0.5012658227848099
 0.6654040404040406
 0.6516290726817043
 0.7474489795918368
 0.7613636363636367
 0.7461538461538461
 0.7279040404040404
 0.7323232323232324
 0.7292307692307696
 0.7544642857142856
 0.7564102564102565
 0.75
 0.7448138675760159
 0.7285353535353536
 0.7568922305764411
 0.7447368421052633
 0.6992481203007518
 0.7474747474747474
 0.7348678601875532
 0.7369791666666667
 0.8240000000000001
 0.8010256410256411
 0.8112073112073112
 0.8163265306122449
 0.8228578018682966
 0.8564102564102565
 0
 0
 0.3333333333333333
 0
 0.2
 0.1
 0.3
 0.1
 0.5
 0.5
 0.7333333333333333
 0.8333333333333333
 0.8
 0.5666666666666667
 0.6666666666666666
 0.8166666666666667
 0.8666666666666666
 0.9
 0.9
 0.9
 0.9
 0.86
 0.8699999999999999
 0.8400000000000001
 0.76
 0.7666666666666667
 0.74
 0.6799999999999999
 0.6666666666666667
 0.6666666666666667
 0
 0
 0.459370574686102
 0.4872799911723921
 -0.01570228616583114
 0.4463207462954409
 0.5334068280856601
 0.4204544819973787
 0.592283875563
 0.5839397205857211
 0.6372216032892812
 0.5473518987396125
 0.6168794832934468
 0.6333217498962773
 0.6394244545198999
 0.7717871034132747
 0.7496511371127201
 0.7689205767182019
 0.8142657244047473
 0.8041112306085821
 0.830001041435218
 0.7849399886611719
 0.7881793174950393
 0.7352743067921593
 0.7143871980469214
 0.7232381449055548
 0.7551599155096513
 0.6597677082896691
 0.6845573302678624
 0.653192493520774
 0
 0
 0.5468502721367168
 0.2979610658016288
 0.3403817184637207
 0.2960791817744501
 0.4208972525540756
 0.2794328088284393
 0.3922730302110438
 0.4428765132046977
 0.5231714390242286
 0.5869218880441892
 0.5840169227538798
 0.5687801912523494
 0.6040700429471082
 0.6487296371536995
 0.6685083241972783
 0.6918607803417914
 0.7133831225648768
 0.727569937207753
 0.7322137041434638
 0.6997489190926305
 0.7167897314293394
 0.6755806164485848
 0.6534937211669014
 0.6633331046907623
 0.6518643532854718
 0.6209376145838972
 0.6133441930517594
 0.5948608158510296
 0
 0
 0.3135948959908968
 0.3504542074729644
 0.3225847202550857
 0.3084799073871942
 0.4406333117986967
 0.2837401020016624
 0.4114197798298479
 0.440029182049254
 0.5266655415760686
 0.5957659498420205
 0.5950344208625991
 0.5573733394574042
 0.6173602418132775
 0.6457544482511961
 0.6706258938968607
 0.70398686331314
 0.7140993278582152
 0.7336787594910235
 0.7297439918167027
 0.7113691659357506
 0.7167853181597501
 0.6788435515499143
 0.6534811578078944
 0.6741348788730952
 0.6488599320922596
 0.6186409351742066
 0.6207276388022456
 0.6005420543808596
 0
 0
 0.4166596540022421
 0.2776903204156805
 0.2499591628461403
 0.3066167042511394
 0.3845390092810704
 0.2663333378363645
 0.3726262830873127
 0.4152543383743594
 0.5139377495046461
 0.5396430182310029
 0.5732719779690457
 0.5791849235562763
 0.5846527994250037
 0.6660298223130857
 0.6284774996024208
 0.7027055843574236
 0.7218929319384858
 0.686848245537596
 0.7548251096330407
 0.7146706323142347
 0.7244335374533182
 0.6712266207225218
 0.661630808805223
 0.7469555827739121
 0.697566221352328
 0.5942594843955007
 0.6105484778617412
 0.6767764536589983
 0
 0
 0.5785862941142949
 0.7129400203294054
 0.5677002403309133
 0.6236909458266581
 0.6449654699565424
 0.6067471151833876
 0.5885172401463288
 0.6085424769292979
 0.7081683165496335
 0.7019705131198558
 0.7197889391688798
 0.7014801747435889
 0.725583770937975
 0.7261499276303532
 0.7348026410505064
 0.766298363408217
 0.7926918521371183
 0.7606022223852529
 0.7247328482694659
 0.7075580937662617
 0.7759022218458114
 0.7167821360313658
 0.7214590217265758
 0.7088795885613531
 0.6999184874064315
 0.6537645490537031
 0.6852125994088593
 0.7324563476876885
 0
 0
 0.5266727722766673
 0.3286767771873046
 0.357240978766949
 0.4016621541899326
 0.4585119044300635
 0.2995950784398301
 0.3888498661126343
 0.4211663167534008
 0.5012270877204741
 0.5770800078656371
 0.5554351982998678
 0.559934270270884
 0.5987285964721729
 0.6640587071352617
 0.66473752520148
 0.7077008824188868
 0.7348005714976641
 0.7574570489594368
 0.7678587504225113
 0.7277131800008584
 0.7442692754469926
 0.6976159073536499
 0.6734216985869238
 0.6906895485652469
 0.6767690111684307
 0.6397785871548632
 0.6325331625098773
 0.6111588289775822
 0
 0
 0.3329186930427826
 0.4014894007534525
 0.3266410042592429
 0.4344342337282809
 0.4660438573236971
 0.2913522814161131
 0.3989842055626446
 0.4219303846906833
 0.5017524544693789
 0.5740497374657539
 0.5826925035792232
 0.5520109646381784
 0.6190044817317352
 0.6546342212561784
 0.6720770177289175
 0.7018829757369363
 0.7306943451800008
 0.7595000188209801
 0.7593517105561669
 0.7295755391744454
 0.7475311613338286
 0.6880483557294049
 0.6783684033210501
 0.6969416701591354
 0.6717521353233464
 0.6356909092890707
 0.6376815044926469
 0.6188896448078841
 0
 0
 0.4166639080116948
 0.2823953843330776
 0.2799012737341878
 0.3427110461636067
 0.4379914951376331
 0.3014073249042072
 0.3733414802444551
 0.4168749302400656
 0.4904269863166449
 0.548947658761974
 0.5488036038526514
 0.5504508628284424
 0.5923661090623109
 0.6440343550810398
 0.6372088165713643
 0.6830928420123931
 0.7269178441275165
 0.7444981338214294
 0.9045923858486478
 0.7167260532816313
 0.7480133361028619
 0.6708849497200443
 0.6582204135952491
 0.806510682307342
 0.681199041534746
 0.6645138495585642
 0.6196354068473054
 0.608325600022797
 0
 0
 0.5785862941142949
 0.7422440045976887
 0.5668182147163791
 0.6480900065461761
 0.734006380563313
 0.6066366826405805
 0.6036920543176438
 0.6141910182250133
 0.6638270254746954
 0.6699920128429497
 0.6640937990120279
 0.6621510954681967
 0.6861793396570081
 0.7127764147376887
 0.7096591786985809
 0.7358007492178749
 0.7282142607990971
 0.7532756316269134
 0.7520339289542189
 0.7339682060574187
 0.7465547932051487
 0.7076477630530313
 0.7055787146100811
 0.7044730394000489
 0.7200994057420542
 0.6892835606548136
 0.6954905805074966
 0.6698824240453265
 0
 0
 0
 0
 0
 0
 0
 0
 0
 0
 0
 0
 0
 0
 0
 0
 0
 0
 0
 0
 0
 0
 0
 0
 0
 0
 0
 0
 0
 0
 0
 0
 0
 0
 0
 0
 0
 0
 0
 0
 0
 0
 0
 0
 0
 0
 0
 0
 0
 0
 0
 0
 0
 0
 0
 0
 0
 0
 0
 0
 0
 0
 0
 0
 0
 0
 0
 0
 0
 0
 0
 0
 0
 0
 0
 0
 0
 0
 0
 0
 0
 0
 0
 0
 0
 0
 0
 0
 0
 0
 0
 0
 0
 0
 0
 0
 0
 0
 0
 0
 0
 0
 0
 0
 0
 0
 0
 0
 0
 0
 0
 0
 0
 0
 0
 0
 0
 0
 0
 0
 0
 0
 0
 0
 0
 0
 0
 0
 0
 0
 0
 0
 0
 0
 0
 0
 0
 0
 0
 0
 0
 0
 0
 0
 0
 0
 0
 0
 0
 0
 0
 0
 0.2909902271640774
 0.3770081706186823
 0.3129363847174174
 0.4242754646544643
 0.4732343876662421
 0.2902192220212466
 0.3988626464730503
 0.4243476619918723
 0.5067611887386364
 0.5725186109087095
 0.5770397048004483
 0.5477633279368976
 0.611796835408102
 0.652179588306982
 0.6658300886966825
 0.6973908801988253
 0.7289766771925102
 0.7541130497291419
 0.7476504956408088
 0.7325375273936351
 0.7453147832577338
 0.6864939801811093
 0.6803024174722037
 0.6915214342753944
 0.6687912977698172
 0.6358252092241261
 0.6382088585409642
 0.6132998398799802
 0
 0
 0
 0
 0
 0
 0
 0
 0
 0
 0
 0
 0
 0
 0
 0
 0
 0
 0
 0
 0
 0
 0
 0
 0
 0
 0
 0
 0
 0
 0
 0
 0
 0
 0
 0
 0
 0
 0
 0
 0
 0
 0
 0
 0
 0
 0
 0
 0
 0
 0
 0
 0
 0
 0
 0
 0
 0
 0
 0


