# Created by Octave 3.8.2, Fri Nov 20 22:05:12 2015 CET <dkottke@snake7>
# name: mus
# type: matrix
# ndims: 3
 1 30 19
 0
 0
 0.9156223893066002
 0.8520066889632107
 0.8535564853556495
 0.8458961474036856
 0.8905597326649967
 0.9119127516778524
 0.9331662489557216
 0.9386554621848746
 0.9457881567973303
 0.9393939393939394
 0.9214046822742467
 0.9357983193277316
 0.9417721518987338
 0.9467905405405406
 0.9478991596638648
 0.9436026936026932
 0.9431913116123635
 0.9364406779661021
 0.9398496240601499
 0.9479517396184058
 0.9310200668896322
 0.949829931972789
 0.9514893617021283
 0.9540133779264209
 0.9553872053872052
 0.9498299319727892
 0.9532074317608377
 0.9547008547008543
 0
 0
 0.3333333333333333
 0.75
 0.8
 0.7
 0.6
 0.6
 0.7
 0.3
 0.6333333333333333
 0.6666666666666667
 0.6666666666666666
 0.7333333333333333
 0.7333333333333332
 0.55
 0.4166666666666666
 0.6166666666666667
 0.5166666666666666
 0.6
 0.71
 0.78
 0.6
 0.55
 0.52
 0.5333333333333334
 0.5
 0.6199999999999999
 0.4133333333333333
 0.5666666666666667
 0
 0
 0.5683079110439118
 0.7870982840056594
 0.7658812745079416
 0.7656423778492762
 0.7622022659644949
 0.655022045527662
 0.5619067266052542
 0.5545925664950454
 0.5015797293685025
 0.7372949328543155
 0.6498549174689923
 0.6788246575952203
 0.6010359602607824
 0.5706803263309421
 0.5373533703129353
 0.6265677259055494
 0.5662351114307478
 0.6002219216892732
 0.6217933206060617
 0.6179924804605287
 0.6695167500689001
 0.6517362189164253
 0.651465179817929
 0.5956631889226701
 0.5959448351643033
 0.5922508800839914
 0.5708319790668515
 0.6068330040711095
 0
 0
 0.4155396425212006
 0.6505348927257668
 0.7509268763873975
 0.5837619146943874
 0.5984006721947225
 0.6146352013799357
 0.5772435324389164
 0.5162304627819306
 0.5517390085812796
 0.5873559803106089
 0.5817147377299575
 0.5886473448643482
 0.5588141448513998
 0.5286971588298889
 0.505012484330902
 0.5417135840506656
 0.5136385254234737
 0.5646200046826624
 0.5847521332447302
 0.6013932509717853
 0.6114721216657527
 0.6072231721302389
 0.5909012217734083
 0.5618516202587879
 0.5548643158745835
 0.5631334470526822
 0.5545628767266862
 0.5722494317068358
 0
 0
 0
 0.75
 0.8
 0.5
 1
 0.625
 0.6666666666666666
 0.3
 0.6363636363636364
 0.75
 0.3076923076923077
 0.7777777777777778
 0.2
 0.3333333333333333
 0.5
 1
 1
 1
 0
 1
 0
 1
 1
 0
 0
 0
 1
 0
 0
 0
 0.1666668670175869
 0.607592502147447
 0.7047153784205645
 0.5434858973719519
 0.7535953467868085
 0.6133125192728548
 0.5792739246792681
 0.4930007705183386
 0.5669623718554453
 0.630293216576332
 0.5402668047342593
 0.5688610951370532
 0.5330935445874934
 0.5116639128905369
 0.5068143030034019
 0.5600876158975783
 0.5577672040623149
 0.5537537753418487
 0.6007631967040579
 0.6435692527761741
 0.5499549249689704
 0.623487933330353
 0.5995301238482074
 0.5148126781500393
 0.5337282941180231
 0.5312840619361866
 0.5666842413733638
 0.5873439489898458
 0
 0
 0.3678794411714423
 0.5474592929318469
 0.7967253692175515
 0.7030569663657021
 0.6964213347031069
 0.7590638842907487
 0.7706055972401586
 0.6981458426016238
 0.6735595998555335
 0.7255380842490564
 0.6924389416011852
 0.7055476881253792
 0.6966348762750036
 0.6413612116854142
 0.6147058521968286
 0.6346093054811974
 0.6589127911002856
 0.6375154929969362
 0.645002905087243
 0.6692102644932518
 0.6630035434254724
 0.6949975993968474
 0.6987752707537955
 0.6419384437928817
 0.6599601434508371
 0.6234550406203058
 0.6514070270908124
 0.6469494487323399
 0
 0
 0.4140156380614028
 0.6236345592173931
 0.719576063963932
 0.6049101218955388
 0.5874007819867528
 0.6117658500541057
 0.5875149490656731
 0.5488191605501622
 0.5489211970973187
 0.5771031621214157
 0.5420729807800843
 0.5686278647638836
 0.5538851468096512
 0.5389904331320706
 0.5080681995602193
 0.5386615747052416
 0.5201059451428788
 0.5675779967719368
 0.5803409597251722
 0.5941619587764735
 0.6073524783339019
 0.5937766469535307
 0.5822666268328259
 0.5608525758940214
 0.5539101712331119
 0.5667514215979709
 0.5603816868973052
 0.5733529635125362
 0
 0
 0.9998916565943399
 1
 0.9999999795264189
 1
 0.9999999999983037
 0.9999999999999835
 0.9999999999999997
 1
 1
 0.9992108987748947
 0.9894481136087384
 0.9953050418926054
 0.9772895754267747
 0.9809863483851226
 0.9727454996315883
 0.962968715694729
 0.9726164408199316
 0.9696073800307995
 0.9700957805675605
 0.9637642166971875
 0.9598639622976757
 0.960069965119176
 0.9410200351257348
 0.9598668831890083
 0.9457856948653689
 0.9473006829815117
 0.94947472221657
 0.945170693340087
 0
 0
 0.166661516786012
 0.5387619279467928
 0.7955793086238838
 0.574179319959043
 0.6406845824038393
 0.6205425642113898
 0.608988974808263
 0.5317937068829884
 0.5277864181849616
 0.5587209940164718
 0.5323092618294579
 0.5513611423231967
 0.5208903486293452
 0.5287559924274263
 0.5062639032154403
 0.525548354157867
 0.50862769033329
 0.540714276890898
 0.5571360340311023
 0.5689887170771866
 0.5767682204637943
 0.5721334409314236
 0.6302222375118148
 0.5427745364301293
 0.5894194365685981
 0.5469319196260652
 0.5484501483373018
 0.5704035804158025
 0
 0
 0.3678794411714423
 0.5544543053888129
 0.7902670526091561
 0.7196677599975878
 0.7098475671676296
 0.7231366317026527
 0.7417565871885223
 0.7048895839302672
 0.6681503271291928
 0.7271689801721711
 0.6585394562570008
 0.694257697148195
 0.6670911820768453
 0.6424392752190127
 0.6085500536430315
 0.661298387283805
 0.6319732851347674
 0.6180232664111814
 0.6384669089292488
 0.6412583688489252
 0.6339425637227396
 0.6303188845812101
 0.6415081708707385
 0.6319805940750536
 0.6076875391927732
 0.6392244700339168
 0.6409625664633175
 0.6457650091965237
 0
 0
 0
 0
 0
 0
 0
 0
 0
 0
 0
 0
 0
 0
 0
 0
 0
 0
 0
 0
 0
 0
 0
 0
 0
 0
 0
 0
 0
 0
 0
 0
 0
 0
 0
 0
 0
 0
 0
 0
 0
 0
 0
 0
 0
 0
 0
 0
 0
 0
 0
 0
 0
 0
 0
 0
 0
 0
 0
 0
 0
 0
 0
 0
 0
 0
 0
 0
 0
 0
 0
 0
 0
 0
 0
 0
 0
 0
 0
 0
 0
 0
 0
 0
 0
 0
 0
 0
 0
 0
 0
 0
 0
 0
 0
 0
 0
 0
 0
 0
 0
 0
 0
 0
 0
 0
 0
 0
 0
 0
 0
 0
 0
 0
 0
 0
 0
 0
 0
 0
 0
 0
 0
 0
 0
 0
 0
 0
 0
 0
 0
 0
 0
 0
 0
 0
 0
 0
 0
 0
 0
 0
 0
 0
 0
 0
 0
 0
 0
 0
 0
 0
 0.9999891928566131
 0.9999999986567688
 0.9999999999989383
 0.9999999999999906
 0.9999997951433812
 0.9999998895671469
 0.9999997589170296
 0.9991791981183578
 0.9959782460743022
 0.9975222390639797
 0.9927073442097846
 0.9917582584915066
 0.9759431867439122
 0.9671894734716666
 0.9796484378041026
 0.9689842379046018
 0.9721983053797553
 0.9718811658887347
 0.9633901139531309
 0.9539992558034491
 0.9597804547446613
 0.9616983962816316
 0.9499080094407192
 0.9558649406773528
 0.9473452886102385
 0.9355281119596615
 0.9453438590561053
 0.9402521644405939
 0
 0
 0
 0
 0
 0
 0
 0
 0
 0
 0
 0
 0
 0
 0
 0
 0
 0
 0
 0
 0
 0
 0
 0
 0
 0
 0
 0
 0
 0
 0
 0
 0
 0
 0
 0
 0
 0
 0
 0
 0
 0
 0
 0
 0
 0
 0
 0
 0
 0
 0
 0
 0
 0
 0
 0
 0
 0
 0
 0


