# Created by Octave 3.8.2, Mon Nov 16 04:10:13 2015 CET <dkottke@snake6>
# name: mus
# type: matrix
# ndims: 3
 1 30 19
 0
 0
 0.7627401837928149
 0.7433110367892977
 0.8041841004184105
 0.8492462311557789
 0.8429406850459485
 0.8406040268456376
 0.8412698412698401
 0.8453781512605042
 0.8548790658882398
 0.8501683501683504
 0.8787625418060194
 0.8781512605042018
 0.873417721518987
 0.875
 0.8742016806722687
 0.8754208754208749
 0.8810916179337229
 0.8847457627118643
 0.8930659983291559
 0.8855218855218859
 0.8821070234113714
 0.880952380952381
 0.8774468085106385
 0.8837792642140465
 0.8827861952861954
 0.8823696145124713
 0.8789662818258276
 0.8777777777777777
 0
 0
 0.3333333333333333
 0.5
 0.8
 0.9
 1
 0.8
 1
 0.8
 1
 1
 0.9333333333333333
 0.9333333333333333
 0.9333333333333333
 0.9333333333333332
 0.95
 0.8833333333333332
 0.85
 0.85
 0.86
 0.9
 0.9199999999999999
 0.9099999999999999
 0.9199999999999999
 0.9266666666666667
 0.9266666666666665
 0.9266666666666667
 0.9266666666666665
 0.9333333333333333
 0
 0
 0.4673493733423466
 0.6140205774612986
 0.8494951050408196
 0.828941542728163
 0.8632183427571786
 0.8556747616751974
 0.897396232098533
 0.9266828338707027
 0.9332513545290076
 0.96586591478631
 0.8680338098004672
 0.8393521859384927
 0.8904847531983791
 0.902434900321419
 0.892550989048098
 0.9095365669728726
 0.8446810534272886
 0.8451489696063523
 0.8639485569215565
 0.8738213693081529
 0.8852298590913625
 0.884706438505911
 0.8873615548899074
 0.9108079060620875
 0.8957793814104295
 0.8928318236032454
 0.9060497110702522
 0.910521685636452
 0
 0
 0.4544653111712191
 0.5065742784345085
 0.6777119924000118
 0.65036452004264
 0.7571068974170865
 0.7607153277681065
 0.7797758428122386
 0.8110895668947242
 0.8303711435614055
 0.8377080056542753
 0.7688084910956322
 0.799538676094492
 0.8106886922095448
 0.8122976255477193
 0.8266319400494846
 0.8358655081235542
 0.7727387380629287
 0.7832684406519421
 0.7915210513400193
 0.7862367667843277
 0.8043990697016485
 0.8092084370784803
 0.8233323011442586
 0.8295391149756146
 0.8363736293007072
 0.8432018918260791
 0.8475440877778903
 0.8538432980935182
 0
 0
 0.238089747296535
 0.6270791270702737
 0.598719002169776
 0.589258667449951
 0.71176309656953
 0.7971521226762452
 0.8089457524714786
 0.803244851190119
 0.8409210735208393
 0.8549313997542166
 0.7722666383530086
 0.7836083551673902
 0.8016651941279991
 0.8178490670797853
 0.8292343417570052
 0.8247763558781559
 0.767592812375536
 0.7849005771404998
 0.7932635592890391
 0.7934826910599083
 0.8055173280675062
 0.8181132304183731
 0.8279055989625899
 0.8317761834772243
 0.8308394389959203
 0.840175865771713
 0.8447826880995966
 0.8532321345615356
 0
 0
 0.4166646457090364
 0.6153993682766788
 0.6569878220171699
 0.6564631364345284
 0.8100511153316107
 0.9375555878986572
 0.9436356140208646
 0.7449834117764349
 0.9722261980525869
 0.7992149024106555
 0.7561400150645772
 0.784843433785458
 0.8677899345033661
 0.8222527836604627
 0.8081005380951789
 0.8702551419793819
 0.9455638847139634
 0.7905884952708323
 0.7573337662243624
 0.776150556828376
 0.8299257794573147
 0.7923017945754341
 0.9048365777816163
 0.7873686495082971
 0.8074808656655033
 0.8379189510857616
 0.8393202091871313
 0.8482810832693731
 0
 0
 0.3678794411714423
 0.8949129043516899
 0.754324768045544
 0.7334149071570839
 0.7885443338900626
 0.797529831060889
 0.8129004197210059
 0.8308923473086948
 0.8614464854835411
 0.8615188035895782
 0.7515351867264994
 0.8001497064741302
 0.8553756150496343
 0.8546516069159511
 0.8597134389354888
 0.876252276667003
 0.9074545423212971
 0.7976162179764312
 0.8553392207240867
 0.8073938223763572
 0.8329351652225634
 0.795651332783173
 0.8411712201475245
 0.8523685927051717
 0.8444650370572289
 0.856683916556643
 0.9393870447517391
 0.857560761867624
 0
 0
 0.4499011562080562
 0.5374167450464847
 0.6715365532754474
 0.6455853199800478
 0.7778270316114119
 0.7597833385963234
 0.7885951567138488
 0.8278222947356242
 0.8478967244289353
 0.8757564226523854
 0.7905834177139647
 0.8247238832613647
 0.842066316190339
 0.850834168671134
 0.8669115485719268
 0.8771627001147912
 0.7983636871906095
 0.8089753031124123
 0.8240763271269117
 0.8203985002329306
 0.8422275831432806
 0.849434286200492
 0.8638285712326688
 0.867110651208733
 0.8744842529190934
 0.8809173753886708
 0.8873328228873841
 0.8941796159627898
 0
 0
 0.2310467486168296
 0.6104664609167281
 0.5572800842647267
 0.5825329344117279
 0.7257034380857332
 0.819197502539908
 0.7935383692880897
 0.8182825857168742
 0.8610519442829118
 0.8924036647910698
 0.8011949225614494
 0.8107778210647362
 0.8179594615693673
 0.8507252768657521
 0.8695199456637697
 0.8741612432374222
 0.8020368081421108
 0.8118538852943001
 0.8302271327854405
 0.8275994281108102
 0.8390423700868765
 0.8543971150188603
 0.8673761063823021
 0.8703317490420045
 0.8731965935864024
 0.8750504133291364
 0.8813360779730262
 0.8887728053293602
 0
 0
 0.4166655505919377
 0.5924366940884003
 0.630056513503494
 0.7110989563440548
 0.7692255290240607
 0.7941895148197413
 0.7587939845227091
 0.9613770634303814
 0.8224988459669839
 0.838328235010472
 0.8046306557626212
 0.8108316829797134
 0.8294762343919566
 0.8391740468803235
 0.8588844371630663
 0.8714360664971122
 0.7834293084863969
 0.8106693640922183
 0.8154154449260438
 0.8192514443648571
 0.8344772693329149
 0.8357793629026404
 0.941699536788158
 0.8909377913053255
 0.8750137431010346
 0.8775437287473621
 0.8831492526704929
 0.8935377450326715
 0
 0
 0.3678794411714423
 0.8881683128082997
 0.7548197655839581
 0.663775785814291
 0.8005302367911378
 0.7820635079102909
 0.7882758527523407
 0.8113207284056835
 0.8233872143624131
 0.805788910081744
 0.7927890295688933
 0.8196946490215588
 0.8355473451983865
 0.8445144248582771
 0.9090580120433018
 0.8556572788127247
 0.7817009021564845
 0.8097872832509104
 0.823913316471644
 0.843592902257762
 0.8333410531093738
 0.840615974237286
 0.826866200256968
 0.8538388278501501
 0.8529910863000133
 0.859672630035983
 0.8718906747577226
 0.8939366834745295
 0
 0
 0
 0
 0
 0
 0
 0
 0
 0
 0
 0
 0
 0
 0
 0
 0
 0
 0
 0
 0
 0
 0
 0
 0
 0
 0
 0
 0
 0
 0
 0
 0
 0
 0
 0
 0
 0
 0
 0
 0
 0
 0
 0
 0
 0
 0
 0
 0
 0
 0
 0
 0
 0
 0
 0
 0
 0
 0
 0
 0
 0
 0
 0
 0
 0
 0
 0
 0
 0
 0
 0
 0
 0
 0
 0
 0
 0
 0
 0
 0
 0
 0
 0
 0
 0
 0
 0
 0
 0
 0
 0
 0
 0
 0
 0
 0
 0
 0
 0
 0
 0
 0
 0
 0
 0
 0
 0
 0
 0
 0
 0
 0
 0
 0
 0
 0
 0
 0
 0
 0
 0
 0
 0
 0
 0
 0
 0
 0
 0
 0
 0
 0
 0
 0
 0
 0
 0
 0
 0
 0
 0
 0
 0
 0
 0
 0
 0
 0
 0
 0
 0
 0.1993553868984117
 0.5733634622621605
 0.5355948674904673
 0.5606008604425646
 0.7243165496042162
 0.8194762116674359
 0.8060667815892517
 0.8145628768591447
 0.8634422006047652
 0.8911067482884509
 0.7946815713638533
 0.8120246533112545
 0.817073574151913
 0.8503615111241447
 0.8686672203748711
 0.8728777779111963
 0.8018042501759187
 0.8110994014988805
 0.825915777104527
 0.8264258984652462
 0.8384033984636916
 0.8535474162572351
 0.8660850526993472
 0.8718937575417416
 0.8723915558444563
 0.8754140282273831
 0.8828084295847154
 0.8870510574957371
 0
 0
 0
 0
 0
 0
 0
 0
 0
 0
 0
 0
 0
 0
 0
 0
 0
 0
 0
 0
 0
 0
 0
 0
 0
 0
 0
 0
 0
 0
 0
 0
 0
 0
 0
 0
 0
 0
 0
 0
 0
 0
 0
 0
 0
 0
 0
 0
 0
 0
 0
 0
 0
 0
 0
 0
 0
 0
 0
 0


