# Created by Octave 3.8.2, Fri Nov 20 20:29:38 2015 CET <dkottke@snake10>
# name: mus
# type: matrix
# ndims: 3
 1 30 19
 0
 0
 0.5008347245409018
 0.5005567928730512
 0.6311977715877439
 0.575808249721293
 0.6559199555308509
 0.6724330357142857
 0.6834170854271346
 0.700558659217877
 0.6714206039359419
 0.7058165548098436
 0.6575622445187661
 0.6833147321428569
 0.6924369747899159
 0.7299107142857143
 0.7226143790849671
 0.7401795735129072
 0.6266197408414654
 0.6117977528089888
 0.6101960784313729
 0.6141663549070957
 0.5983835005574135
 0.6030405405405407
 0.6118309859154932
 0.6278335191378671
 0.605499438832772
 0.6007254464285714
 0.5992769744160177
 0.601129943502825
 0
 0
 1
 1
 0.6
 0.4
 0.7
 0.6
 0.8
 0.8
 0.7333333333333333
 0.7
 0.7
 0.7999999999999999
 0.7333333333333332
 0.6
 0.85
 0.7666666666666666
 0.7833333333333333
 0.8
 0.72
 0.6900000000000001
 0.6900000000000001
 0.71
 0.6000000000000001
 0.6533333333333333
 0.6333333333333333
 0.5666666666666667
 0.6266666666666667
 0.6666666666666666
 0
 0
 1
 1
 0.7780853357304
 0.6882398604416977
 0.7429376394097199
 0.7232910658811462
 0.7268663833187639
 0.723942918068971
 0.6987768158654515
 0.6656236921768872
 0.6017747444610467
 0.6828850357940197
 0.6983349227001102
 0.6460783381234471
 0.7018617397338804
 0.7092227719964446
 0.6724878886708578
 0.6586456687846647
 0.6634614997246117
 0.661154872953986
 0.7195561922954328
 0.664039090280527
 0.6924544989863229
 0.6778995493237746
 0.6954144368239998
 0.6821361818718128
 0.6740383615234743
 0.6862262875224574
 0
 0
 0.9999999987774331
 0.9999999999348474
 0.6072823282025898
 0.5981667842821362
 0.6488386237438972
 0.6547373767635638
 0.7630641599565595
 0.7951374519438983
 0.6904058050195854
 0.7133759094267209
 0.633185341922943
 0.6844446766840222
 0.7104300179246401
 0.7085116544288624
 0.6697169284091096
 0.7115790921654782
 0.749246729459889
 0.7063026657940342
 0.6777456582439958
 0.6869741671144676
 0.7056372572750702
 0.6881842198211207
 0.6720062704517402
 0.65641625982878
 0.6720811025464219
 0.6802049654848709
 0.6966681404551461
 0.7030200466197736
 0
 0
 1
 1
 0.6
 0.3333333333333333
 0.7142857142857143
 0.625
 0.7777777777777778
 0.7
 0.6363636363636364
 0.9166666666666666
 0.7692307692307693
 0.4444444444444444
 0.6
 0.6666666666666666
 0.5
 0
 1
 0
 1
 0
 0
 1
 1
 1
 1
 0
 0
 1
 0
 0
 0.9999999999994661
 0.999999999995144
 0.6324909092135138
 0.3847602513537349
 0.704079057507392
 0.6505038165585824
 0.7251233313851426
 0.754423946856601
 0.6656069586647215
 0.8116119541898594
 0.6448676016034429
 0.6199746274533248
 0.6599342664721152
 0.6828020243199729
 0.6260284346939056
 0.6111419407387388
 0.8011688452318924
 0.6370195320143484
 0.800327361082372
 0.6183704023582834
 0.6408323210894287
 0.6432790504468702
 0.7530288706707209
 0.6261544360825693
 0.6523408460800499
 0.6708656275951543
 0.610511918653655
 0.7489463094882742
 0
 0
 1
 1
 0.8578745763923572
 0.6344894070950364
 0.7446902923058636
 0.6886258515333262
 0.719916948456986
 0.6740194293060882
 0.7722072303004054
 0.7312336614553903
 0.7179577727596109
 0.7267643955017911
 0.7462969107914876
 0.7268263278057352
 0.7220151970972597
 0.7443574786380431
 0.7449735295916913
 0.7059392638995012
 0.6927568233694262
 0.7469730853857185
 0.7374009893060895
 0.7069983687261906
 0.7233965675310839
 0.6990551675289033
 0.7047947702653483
 0.6956558247269724
 0.6776304866283055
 0.6698365605637406
 0
 0
 0.9999999999934557
 0.9999999999981821
 0.6018566806561843
 0.5553495775720414
 0.6307304539382864
 0.6339079978887799
 0.7201107031405352
 0.7581757201128799
 0.664042265343627
 0.6408094500648641
 0.6132267589364676
 0.6345909593738966
 0.6516325457393186
 0.641364863313963
 0.627222056722161
 0.6489724749944158
 0.6732694789650289
 0.6572045176391683
 0.6244384224976655
 0.6411511422646429
 0.6350833983629184
 0.6374304791018626
 0.6321472100385415
 0.6239282005948006
 0.6211953821222808
 0.6171042331732689
 0.6306122700151257
 0.6336501060081049
 0
 0
 0.994460975769565
 0.9356268788867855
 0.9638089481062143
 0.9288520445996176
 0.8794102329153848
 0.9242276368989673
 0.9418059973542848
 0.9264289414879948
 0.9328308831492031
 0.9313361748353736
 0.9108482270165787
 0.928954994947118
 0.9122401686306693
 0.9154037031876031
 0.9069651320135399
 0.9097912113652568
 0.9038432973443288
 0.9034764856513423
 0.9077030138183472
 0.904912657425844
 0.9092260476384981
 0.9040444073733855
 0.8983108501565311
 0.9049018300230165
 0.9068790718006932
 0.8985512032115451
 0.9105422658760679
 0.9006157139920766
 0
 0
 0.9999999999977756
 0.9999999999997373
 0.6435365047898848
 0.4336518328664242
 0.714302544177992
 0.6146397208813985
 0.7496364154797841
 0.8463686346448569
 0.6721823171621081
 0.6845052748761054
 0.6340588132960425
 0.6739714137847721
 0.6812090261728528
 0.6728418887431509
 0.6675573671632564
 0.6467631160018784
 0.704501774246561
 0.7117531333645459
 0.6768177214961679
 0.4392314090039
 0.678176499067941
 0.6853130021285987
 0.6635296491219841
 0.6263823982554969
 0.6464921813070311
 0.6416577070724734
 0.6418221278540686
 0.6736248626003567
 0
 0
 1
 0.9999999999999866
 0.8709774098138152
 0.6414804774817824
 0.7465390215076957
 0.6759329956850595
 0.7186557030113696
 0.4385675895575027
 0.7542498596903763
 0.6766288123217095
 0.7074682499444904
 0.7098280334913474
 0.7434196303837404
 0.727626341067929
 0.7214425484516421
 0.7300032932935743
 0.773075486365375
 0.6608778851664612
 0.7053506241627472
 0.7219171337432319
 0.7339679123341397
 0.7289155994311854
 0.7109098450281975
 0.6878306449955608
 0.7155171756629447
 0.6753583223069222
 0.6892345354690728
 0.6879166468680918
 0
 0
 0
 0
 0
 0
 0
 0
 0
 0
 0
 0
 0
 0
 0
 0
 0
 0
 0
 0
 0
 0
 0
 0
 0
 0
 0
 0
 0
 0
 0
 0
 0
 0
 0
 0
 0
 0
 0
 0
 0
 0
 0
 0
 0
 0
 0
 0
 0
 0
 0
 0
 0
 0
 0
 0
 0
 0
 0
 0
 0
 0
 0
 0
 0
 0
 0
 0
 0
 0
 0
 0
 0
 0
 0
 0
 0
 0
 0
 0
 0
 0
 0
 0
 0
 0
 0
 0
 0
 0
 0
 0
 0
 0
 0
 0
 0
 0
 0
 0
 0
 0
 0
 0
 0
 0
 0
 0
 0
 0
 0
 0
 0
 0
 0
 0
 0
 0
 0
 0
 0
 0
 0
 0
 0
 0
 0
 0
 0
 0
 0
 0
 0
 0
 0
 0
 0
 0
 0
 0
 0
 0
 0
 0
 0
 0
 0
 0
 0
 0
 0
 0
 0.9512787143740076
 0.8718714316785663
 0.9306456344830061
 0.9240358770806153
 0.8917363872149698
 0.9400811350992281
 0.9187919009501904
 0.9160735319718398
 0.9174757809841684
 0.941475010069133
 0.9132013233758902
 0.9225763281158701
 0.9121507862181718
 0.9094966331587434
 0.905761317787016
 0.9045147568060713
 0.9096066553823128
 0.9134467368882927
 0.902842197648115
 0.9081376637703118
 0.9042443246142287
 0.9014319709372729
 0.902403972885674
 0.9117251309884126
 0.9024584710004629
 0.8929668873844253
 0.8936068433340512
 0.9115246084706664
 0
 0
 0
 0
 0
 0
 0
 0
 0
 0
 0
 0
 0
 0
 0
 0
 0
 0
 0
 0
 0
 0
 0
 0
 0
 0
 0
 0
 0
 0
 0
 0
 0
 0
 0
 0
 0
 0
 0
 0
 0
 0
 0
 0
 0
 0
 0
 0
 0
 0
 0
 0
 0
 0
 0
 0
 0
 0
 0
 0


