# Created by Octave 3.8.2, Mon Nov 16 02:36:31 2015 CET <dkottke@snake3>
# name: mus
# type: matrix
# ndims: 3
 1 30 19
 0
 0
 0.5664160401002503
 0.5252525252525253
 0.6354430379746834
 0.625
 0.6315789473684211
 0.6581632653061225
 0.6938131313131316
 0.6948717948717948
 0.7102272727272726
 0.7095959595959594
 0.7105128205128206
 0.7034438775510204
 0.7025641025641026
 0.6927083333333334
 0.6913895993179878
 0.7020202020202019
 0.7042606516290726
 0.7263157894736842
 0.7393483709273181
 0.726010101010101
 0.7092924126172208
 0.7057291666666666
 0.7200000000000001
 0.7276923076923079
 0.8103655603655603
 0.8303571428571429
 0.8546880405950872
 0.8512820512820514
 0
 0
 0.6666666666666666
 1
 0.2
 0.4
 0.6
 0.9
 0.8
 0.8
 0.6666666666666666
 0.8333333333333333
 0.9333333333333332
 0.9333333333333332
 0.9333333333333332
 0.9333333333333332
 0.8833333333333332
 0.95
 0.95
 0.95
 0.95
 0.95
 0.9199999999999999
 0.9199999999999999
 0.9199999999999999
 0.9199999999999999
 0.8799999999999999
 0.8666666666666668
 0.8333333333333334
 0.8666666666666668
 0
 0
 0.7172092236819611
 0.9090129498655863
 0.6391084752787313
 0.7161907695055456
 0.7524194477921482
 0.7707509439981763
 0.8360717044178805
 0.7967536420580023
 0.8126400769793953
 0.8766913395599435
 0.8857349097891872
 0.896046269051694
 0.9051217142177327
 0.92715839738285
 0.9194178591111846
 0.8920633768323675
 0.9159480352722182
 0.9534653242098472
 0.9252758513244016
 0.9235728284758716
 0.898846379592219
 0.9113023692110538
 0.8914994729627859
 0.9097192595294602
 0.8921349908675335
 0.8800885630611444
 0.8979478444248938
 0.871992453051125
 0
 0
 0.7680502098961433
 0.8918334662919607
 0.4329576513814156
 0.4946337910785067
 0.5694085203709963
 0.6513541041731123
 0.7081432878603868
 0.7042517054440742
 0.7188263874470817
 0.7465039864115857
 0.7781116300821928
 0.7955673710476303
 0.8097067068284322
 0.8301370703295504
 0.8413264541308575
 0.8310654700798613
 0.8427300171132305
 0.8348750390781423
 0.8431861362801134
 0.8496882954798227
 0.7921421550141609
 0.8031634802919535
 0.7962815057689017
 0.8079234670312059
 0.7718576407495292
 0.7552419496909143
 0.7541742241714396
 0.7606698010889577
 0
 0
 0.7943593847762506
 0.81996448903324
 0.4064964757468508
 0.4440189935879368
 0.5643830460890346
 0.6499842924408099
 0.6940243204046674
 0.7170191220700722
 0.7390148913419077
 0.7497056226748244
 0.7669480631282937
 0.7907671237975142
 0.8216140893729806
 0.8156581902084947
 0.8417221926916018
 0.8190977179628917
 0.8406385248709011
 0.8345709053217222
 0.8463061225197804
 0.8535313626477269
 0.7948983847235158
 0.8067508212299451
 0.7984266097557566
 0.8094808590797721
 0.7748652650548836
 0.7547235738613751
 0.7579263172660794
 0.7644679810749416
 0
 0
 0.7130361883230377
 0.6120184277912879
 0.509283405634539
 0.456626645545038
 0.5619561996187316
 0.6381399948853973
 0.6705360566094638
 0.7739400980120238
 0.7001799283198095
 0.7569991782966469
 0.7882760074353055
 0.7619788997614522
 0.8248730907629943
 0.8243984258982328
 0.825870370641696
 0.8356536801233264
 0.8506896212548234
 0.90210900578942
 0.7965432603922444
 0.8345517266530571
 0.7813870545602783
 0.8457710500981287
 0.7914912916111967
 0.8010482900429228
 0.79602487170391
 0.6962825156160255
 0.709457056609538
 0.7590869812136704
 0
 0
 0.3678794411714423
 0.7884928303104028
 0.6302802119575206
 0.7705769624987761
 0.7377717200808949
 0.7285380532003822
 0.7596467483793201
 0.7794987282238869
 0.7850966230081123
 0.8278935417786825
 0.8944265485441729
 0.8099736500268879
 0.8675771391445996
 0.8818981867010464
 0.8734316259467753
 0.885077411138752
 0.961098527303322
 0.853191466987533
 0.8544142347283169
 0.8964914171534963
 0.8150017018329629
 0.8519766003708408
 0.7843372075656293
 0.8440913342767603
 0.7595120378948473
 0.7932768333800163
 0.7883705437616754
 0.8009301328524042
 0
 0
 0.7613252543060064
 0.8668186315464224
 0.4957600940470696
 0.5508180420681054
 0.5404032103939947
 0.5915169266503216
 0.6536654306766073
 0.6943667956836024
 0.719524066802397
 0.7471814019553837
 0.7781931233485021
 0.8037660921844269
 0.8242659536070999
 0.8434217114719447
 0.8537990416047796
 0.8475632017880713
 0.8704218001833796
 0.866311248568354
 0.8758309270046223
 0.8843408419251989
 0.8289604438294241
 0.8458566122895693
 0.8269552194467628
 0.8436141919551609
 0.8066665146255417
 0.7968777660901495
 0.7959750942894286
 0.8049228318519369
 0
 0
 0.7869590865672094
 0.8082458255861024
 0.4400623657069145
 0.4867843571070443
 0.5128837906954438
 0.6146811119010569
 0.6437445619048957
 0.6908882902920124
 0.7345435087245649
 0.7476610051295073
 0.7637666360629823
 0.7915249160826575
 0.8271312423875529
 0.82513080306016
 0.8523381491190047
 0.8286811077315641
 0.8689908268473385
 0.8562152416427642
 0.8686488924814357
 0.8783840685179035
 0.8309986028109787
 0.8396749175147441
 0.8286966905781356
 0.845982284405582
 0.8008853006275692
 0.7910390787713575
 0.7970889824353071
 0.8075568172483542
 0
 0
 0.7126010097625906
 0.6299036826785951
 0.6312391080809208
 0.4566718142059759
 0.5124172343211881
 0.5887145000839952
 0.6408424563014321
 0.6542169020056036
 0.7208997802574797
 0.7485565813514655
 0.7416973443427496
 0.7973664427963866
 0.8162575575005903
 0.8367001973014766
 0.9416138328350115
 0.8452530968152513
 0.8646943551575681
 0.8851535865076166
 0.874111815411323
 0.8578487712723857
 0.8256791241004344
 0.8204122388837306
 0.8343587581482114
 0.8389444706662152
 0.8010269775383427
 0.8404061811368008
 0.7922870170284468
 0.7878284229368333
 0
 0
 0.3678794411714423
 0.7912250140999718
 0.6664213197868553
 0.7903249487679631
 0.6980733009752398
 0.809370704584548
 0.7441418887742248
 0.7609685641563356
 0.7620453035286332
 0.7654651059401372
 0.8099929025724378
 0.800555957781655
 0.8694012428371904
 0.8644893944703036
 0.8442510616948891
 0.8617865352796488
 0.8641959498378915
 0.859128482890526
 0.8503818651918672
 0.8896107773664558
 0.8179862182683766
 0.8242090480460716
 0.8133971327095704
 0.8195903105357217
 0.7840139966247098
 0.7914940520957052
 0.7995650222633057
 0.8027230254959417
 0
 0
 0
 0
 0
 0
 0
 0
 0
 0
 0
 0
 0
 0
 0
 0
 0
 0
 0
 0
 0
 0
 0
 0
 0
 0
 0
 0
 0
 0
 0
 0
 0
 0
 0
 0
 0
 0
 0
 0
 0
 0
 0
 0
 0
 0
 0
 0
 0
 0
 0
 0
 0
 0
 0
 0
 0
 0
 0
 0
 0
 0
 0
 0
 0
 0
 0
 0
 0
 0
 0
 0
 0
 0
 0
 0
 0
 0
 0
 0
 0
 0
 0
 0
 0
 0
 0
 0
 0
 0
 0
 0
 0
 0
 0
 0
 0
 0
 0
 0
 0
 0
 0
 0
 0
 0
 0
 0
 0
 0
 0
 0
 0
 0
 0
 0
 0
 0
 0
 0
 0
 0
 0
 0
 0
 0
 0
 0
 0
 0
 0
 0
 0
 0
 0
 0
 0
 0
 0
 0
 0
 0
 0
 0
 0
 0
 0
 0
 0
 0
 0
 0
 0.5571087032276835
 0.6261810752012659
 0.471479005460784
 0.5012243399536054
 0.5154897506097234
 0.6080984879682454
 0.6455606776203325
 0.681759467605785
 0.7291514657012422
 0.7457916332979235
 0.763345802998236
 0.7838080048934163
 0.8235914717810833
 0.8277402290505161
 0.8543978692146423
 0.8291670374785629
 0.8648241026835415
 0.8564232244352867
 0.8672258215613481
 0.8797167338949996
 0.8315797745757281
 0.8380590061147717
 0.8286201014358592
 0.8410112992596362
 0.7996730029137772
 0.7872066805111031
 0.7943866454505791
 0.8057159075074053
 0
 0
 0
 0
 0
 0
 0
 0
 0
 0
 0
 0
 0
 0
 0
 0
 0
 0
 0
 0
 0
 0
 0
 0
 0
 0
 0
 0
 0
 0
 0
 0
 0
 0
 0
 0
 0
 0
 0
 0
 0
 0
 0
 0
 0
 0
 0
 0
 0
 0
 0
 0
 0
 0
 0
 0
 0
 0
 0
 0


