# Created by Octave 3.8.2, Fri Nov 20 21:34:54 2015 CET <dkottke@snake8>
# name: mus
# type: matrix
# ndims: 3
 1 30 19
 0
 0
 0.5597326649958227
 0.7048494983277592
 0.7020920502092052
 0.7110552763819092
 0.6989696463380666
 0.6694630872483222
 0.650793650793651
 0.6352941176470588
 0.6547122602168474
 0.6632996632996635
 0.6801839464882943
 0.6867226890756301
 0.6776371308016876
 0.6866554054054054
 0.673361344537815
 0.6788720538720538
 0.6750208855472012
 0.7059322033898303
 0.706766917293233
 0.9155443322109986
 0.9096989966555185
 0.7338435374149659
 0.765957446808511
 0.8394648829431438
 0.790824915824916
 0.7691326530612246
 0.7432525422432908
 0.770940170940171
 0
 0
 0.3333333333333333
 0.75
 0.4
 0.5
 0.6
 0.7
 0.7
 0.8
 0.6333333333333333
 0.7
 0.5333333333333333
 0.5666666666666667
 0.6666666666666666
 0.7
 0.7166666666666666
 0.7166666666666666
 0.7166666666666667
 0.8
 0.73
 0.63
 0.61
 0.5800000000000001
 0.6
 0.62
 0.7733333333333334
 0.7933333333333333
 0.8133333333333332
 0.6666666666666667
 0
 0
 0.5688384849431993
 0.8331904080869084
 0.6469150211272336
 0.6624027740582643
 0.617919985438905
 0.7604263082039766
 0.7438603947002673
 0.7482910658811461
 0.6744099673299027
 0.7744395409302411
 0.7206107668886265
 0.7057973782772524
 0.6979890577990636
 0.7101657601246658
 0.7394207978998478
 0.7883146550921585
 0.738285162648779
 0.7683824280491055
 0.7121475311682171
 0.7188380100240374
 0.7562914011744205
 0.7210743420127105
 0.7737584157040149
 0.7496494950555841
 0.7738425156437767
 0.7834697908602249
 0.7615501004723274
 0.7483723672790614
 0
 0
 0.4166958304365057
 0.786219098044699
 0.5908433846458534
 0.694074361729918
 0.6853414967515385
 0.8347543946472757
 0.7696405021018921
 0.8701779633265012
 0.7177268094280307
 0.8125252553777542
 0.6798247284985462
 0.6622621795923153
 0.7723539061313419
 0.7613857150328721
 0.7603285287064924
 0.778683136421837
 0.7756936737854072
 0.8063569065941515
 0.7053922500900318
 0.6686474656523519
 0.645075170564664
 0.7603887040186857
 0.6742930722397485
 0.7065950774067881
 0.724720396946139
 0.7469856053212623
 0.7779320259926387
 0.7762907084350223
 0
 0
 0.3333333333333333
 0.75
 0.4
 0.6666666666666666
 0.5714285714285714
 0.875
 0.7777777777777778
 0.9
 0.7272727272727273
 0.5
 0.5384615384615384
 0.7777777777777778
 0.8
 0.3333333333333333
 1
 1
 1
 1
 0
 0
 1
 1
 1
 1
 0
 1
 0
 1
 0
 0
 0.3333333333474653
 0.9722222222598265
 0.479171822217995
 0.7083333345038225
 0.5232139258426447
 0.9196428583885977
 0.8492063483300811
 0.9702380993011614
 0.7106060670812044
 0.6457094593245288
 0.5934746149300542
 0.7263947863104109
 0.8355625098636772
 0.5567601954381872
 0.8824839284371202
 0.9124925581381325
 0.8551057802552571
 0.9248023545419117
 0.5590308512924155
 0.49655008842612
 0.7902540725566646
 0.7878626991989383
 0.8279533328185252
 0.9493536943841299
 0.4479416181972167
 0.8774834915798061
 0.6875297302440391
 0.9356551017347137
 0
 0
 0.5785862941142949
 0.6921034238522895
 0.5696506489326103
 0.7611447747008842
 0.7292533483971282
 0.7538501063489557
 0.7375028575189195
 0.7987495775793969
 0.6987145989327054
 0.7249824582839643
 0.7134857042570805
 0.7412626319993414
 0.7671362583187153
 0.7666751930613667
 0.7811891163101706
 0.7749534713461301
 0.8078825522472711
 0.8284011418424013
 0.7530922798153166
 0.8054917698903079
 0.7898671603746839
 0.7545061183105786
 0.7798417181181474
 0.7739303518157375
 0.8233833211827948
 0.7780015419751283
 0.7909042094018206
 0.7824469068538773
 0
 0
 0.416695830438199
 0.7719620413440547
 0.568839682600721
 0.7063939396331976
 0.6134576342305609
 0.7613637675940428
 0.7583221459322012
 0.8189800084192346
 0.7235553024740414
 0.7682628747802988
 0.7127544545434694
 0.7419421602553909
 0.7741396393434375
 0.7784985413392684
 0.744790090770731
 0.767928077989817
 0.796527518264331
 0.7886486314008976
 0.7251932720223848
 0.6962950650302326
 0.6939605188164366
 0.738589699532479
 0.699302961318644
 0.7066239285897142
 0.7484455984904044
 0.7488713350248706
 0.7782882709622284
 0.7856502531178965
 0
 0
 1
 1
 1
 1
 1
 1
 1
 1
 1
 1
 1
 1
 1
 1
 1
 1
 1
 1
 1
 1
 1
 1
 1
 1
 1
 1
 1
 1
 0
 0
 0.3333333333352281
 0.980392344528778
 0.5266826057312675
 0.6941288078536396
 0.5228259843122607
 0.7026017419153371
 0.7795045854146023
 0.7698117120572237
 0.6204486751950292
 0.8199723077893606
 0.6245391201963659
 0.6366960964588047
 0.6817733551471795
 0.6913480933787701
 0.6869096623045832
 0.6994055105764644
 0.7297338542953165
 0.8617408787345004
 0.8637342957145666
 0.8054055970041479
 0.7279837575370818
 0.7118675861942243
 0.8076810338803533
 0.7476772593408991
 0.7340841889346963
 0.587958135075798
 0.8762169049634835
 0.7482811271935929
 0
 0
 0.5785862941142949
 0.6921034193566138
 0.5999774626151848
 0.770709823352187
 0.7701606317251448
 0.7610917879182378
 0.7757481469919629
 0.720770409481252
 0.7240434177327177
 0.752172190875963
 0.7366844418540801
 0.7627647964917784
 0.7207309076452489
 0.8318798907094727
 0.8262523234962761
 0.8957781388226381
 0.8239867492914995
 0.8419951793228717
 0.786077778290718
 0.8674237286224034
 0.7971385158257075
 0.8488753191059569
 0.8279533656720253
 0.7995090037507264
 0.7497511005809454
 0.8654354685150707
 0.8354347589347522
 0.8784829339352638
 0
 0
 0
 0
 0
 0
 0
 0
 0
 0
 0
 0
 0
 0
 0
 0
 0
 0
 0
 0
 0
 0
 0
 0
 0
 0
 0
 0
 0
 0
 0
 0
 0
 0
 0
 0
 0
 0
 0
 0
 0
 0
 0
 0
 0
 0
 0
 0
 0
 0
 0
 0
 0
 0
 0
 0
 0
 0
 0
 0
 0
 0
 0
 0
 0
 0
 0
 0
 0
 0
 0
 0
 0
 0
 0
 0
 0
 0
 0
 0
 0
 0
 0
 0
 0
 0
 0
 0
 0
 0
 0
 0
 0
 0
 0
 0
 0
 0
 0
 0
 0
 0
 0
 0
 0
 0
 0
 0
 0
 0
 0
 0
 0
 0
 0
 0
 0
 0
 0
 0
 0
 0
 0
 0
 0
 0
 0
 0
 0
 0
 0
 0
 0
 0
 0
 0
 0
 0
 0
 0
 0
 0
 0
 0
 0
 0
 0
 0
 0
 0
 0
 0
 1
 1
 1
 1
 1
 1
 1
 1
 1
 1
 1
 1
 1
 1
 1
 1
 1
 1
 1
 1
 1
 1
 1
 1
 1
 1
 1
 1
 0
 0
 0
 0
 0
 0
 0
 0
 0
 0
 0
 0
 0
 0
 0
 0
 0
 0
 0
 0
 0
 0
 0
 0
 0
 0
 0
 0
 0
 0
 0
 0
 0
 0
 0
 0
 0
 0
 0
 0
 0
 0
 0
 0
 0
 0
 0
 0
 0
 0
 0
 0
 0
 0
 0
 0
 0
 0
 0
 0


