# Created by Octave 3.8.2, Fri Nov 20 22:56:41 2015 CET <dkottke@snake10>
# name: mus
# type: matrix
# ndims: 3
 1 30 19
 0
 0
 0.8695652173913041
 0.8990384615384616
 0.8439024390243903
 0.9215686274509804
 0.911330049261084
 0.875
 0.9178743961352659
 0.9450000000000001
 0.9617224880382775
 0.9705882352941176
 0.9807692307692308
 0.979591836734694
 0.9794871794871796
 0.9807692307692307
 0.9803921568627452
 0.9772727272727273
 0.9808612440191389
 0.9850000000000001
 0.9841269841269842
 0.984848484848485
 0.9533011272141706
 0.9843750000000001
 0.97
 0.9855769230769231
 0.9894179894179894
 0.979591836734694
 0.9697396199859254
 0.9888888888888889
 0
 0
 0.3333333333333333
 1
 1
 0.8
 0.7
 0.8
 0.6
 0.8
 0.6666666666666667
 0.8333333333333333
 0.7333333333333333
 0.9333333333333332
 0.8
 0.8333333333333333
 0.9
 0.8666666666666666
 0.9
 0.8
 0.9
 0.82
 0.82
 0.8400000000000001
 0.9199999999999999
 0.9199999999999999
 0.8866666666666667
 0.86
 0.8333333333333334
 0.8333333333333334
 0
 0
 0.6663808161738167
 0.8799218073981598
 0.8880619843741095
 0.8686205422568543
 0.7996134827114912
 0.689272460816551
 0.683526956500871
 0.797766449285169
 0.7382241826657407
 0.7167411224179461
 0.7938165790654772
 0.8548156399162753
 0.8851798156356412
 0.8470607643497943
 0.9145248431403974
 0.8949043217072236
 0.9487486043403949
 0.8584571433519778
 0.8838142330949305
 0.9237471762886922
 0.8877341131712801
 0.9221909555522937
 0.9254200757434574
 0.9187171758686781
 0.903499229375295
 0.8490892362474504
 0.8735632122788758
 0.8809793939566348
 0
 0
 0.3980078860122316
 0.8773375206843234
 0.8904802099087212
 0.8672292606208633
 0.6895405736619681
 0.781568483762172
 0.7477754312715709
 0.7649483793742643
 0.7973665238305562
 0.8026741271906146
 0.8171857705042584
 0.8440372121057234
 0.8664101623389993
 0.9021366756856762
 0.9053981421544801
 0.9413773366986374
 0.9411907862104982
 0.8924634642262937
 0.9262369977672237
 0.9192804429275508
 0.9275482515687538
 0.933929509852605
 0.9494446690531673
 0.95010477447061
 0.9029603788136399
 0.8763473613213265
 0.882923876523137
 0.8877175585534169
 0
 0
 0.6666666666666666
 1
 1
 1
 0.8571428571428571
 0.75
 0.6666666666666666
 0.9
 0.6363636363636364
 0.75
 0.7692307692307693
 0.8888888888888888
 1
 1
 1
 1
 1
 1
 1
 1
 1
 1
 1
 1
 1
 1
 1
 1
 0
 0
 0.6507226311855245
 0.9654915120836797
 0.9475732201423239
 0.9384759929245133
 0.8486521596929829
 0.7329893666468977
 0.6917586088794013
 0.8530916781514741
 0.72563714744734
 0.7682896366539582
 0.8177614629797436
 0.8992306094804625
 0.9229481378741202
 0.9446522892128506
 0.9606683193077534
 0.9650313340525903
 0.9650847922444494
 0.8940097344813852
 0.961676284504573
 0.9511976949131481
 0.9545416883896841
 0.9564391532831369
 0.926830414596532
 0.9287625202233246
 0.9504775611188724
 0.9303645011207723
 0.9447612968145076
 0.938798240982746
 0
 0
 0.7892931470571475
 0.7398190296863459
 0.7751137580990585
 0.8144748589591413
 0.7680610375539468
 0.851874859063847
 0.793777561732766
 0.7622835738424256
 0.7634957397480779
 0.7988731073444163
 0.7975733246798747
 0.7839703384624315
 0.8393841345621882
 0.863113879935314
 0.8756102442420078
 0.9084322782188257
 0.845651486902576
 0.8005221682857999
 0.8203009667040104
 0.8540304218550182
 0.8328041855059809
 0.8922410453412655
 0.8863137014792392
 0.9305485928537534
 0.8852191377467399
 0.8880978851837635
 0.8221293971721166
 0.8444935256362067
 0
 0
 0.4167941296502468
 0.841826072917486
 0.8180362187472359
 0.8496793453554653
 0.6606169989994992
 0.7438140983614173
 0.6829258865925433
 0.7064508174027053
 0.7144089483171057
 0.7380381382764851
 0.7448214466951681
 0.7591900485717085
 0.8020641586111383
 0.8178009238325029
 0.8292368334053679
 0.8524409712817007
 0.8532581277957663
 0.811321931332294
 0.830990826124633
 0.8420309288707456
 0.8589817703257255
 0.8500116249196943
 0.8619574865798577
 0.8715683663264698
 0.8292816267604004
 0.7943178603835297
 0.7949982357839681
 0.8049171356029248
 0
 0
 0.9683028293388658
 0.9283692257061994
 0.9442991935062346
 0.9114213364762043
 0.9011254184789071
 0.9053013158793957
 0.9180296428494644
 0.8953890303998979
 0.9266418709807684
 0.9254569223756552
 0.9258824535225995
 0.9099967025736295
 0.9143576709122649
 0.9128083920190726
 0.9003545441349269
 0.9177809746078779
 0.9046669156712758
 0.9079891764921056
 0.9026004159370588
 0.9089816261669436
 0.9057502394343504
 0.8993115319140514
 0.9113557499106316
 0.9060948561066194
 0.9014891046225484
 0.8982269920369294
 0.8970121947305849
 0.9027233503402362
 0
 0
 0.6852196287232517
 0.9718523757986421
 0.9212623331686931
 0.8378163107846506
 0.7937951378393595
 0.7203953176362327
 0.7022660750255164
 0.7579420741171706
 0.7782937572334431
 0.8228504760440739
 0.851190665630174
 0.8840258302042934
 0.761204402702403
 0.9366422298610942
 0.9544293396425145
 0.9656406008884177
 0.9594035577420189
 0.9362603007858252
 0.7950983249029642
 0.9442132001366477
 0.9481612742799049
 0.9429211716439601
 0.3834213322026401
 0.9654108376556062
 0.8927361473458286
 0.769601473711474
 0.8812013219767857
 0.8653882951036165
 0
 0
 0.7892931470571475
 0.825507076369552
 0.7814760787355379
 0.8420610248638132
 0.7810525774535741
 0.8240020915461708
 0.7541527504878341
 0.7666459409648988
 0.7492619888857347
 0.7791980653913714
 0.8097279530075134
 0.7694243618579313
 0.7820116435138833
 0.8957890832705578
 0.8630944108742722
 0.9210986601633575
 0.8756871628966438
 0.8880876195860191
 0.8678193795194651
 0.8649431890144574
 0.879166905540234
 0.8654005423707274
 0.9502143291553659
 0.9544798271165706
 0.935685172444028
 0.9087698259268582
 0.8008394978150787
 0.8505078705909546
 0
 0
 0
 0
 0
 0
 0
 0
 0
 0
 0
 0
 0
 0
 0
 0
 0
 0
 0
 0
 0
 0
 0
 0
 0
 0
 0
 0
 0
 0
 0
 0
 0
 0
 0
 0
 0
 0
 0
 0
 0
 0
 0
 0
 0
 0
 0
 0
 0
 0
 0
 0
 0
 0
 0
 0
 0
 0
 0
 0
 0
 0
 0
 0
 0
 0
 0
 0
 0
 0
 0
 0
 0
 0
 0
 0
 0
 0
 0
 0
 0
 0
 0
 0
 0
 0
 0
 0
 0
 0
 0
 0
 0
 0
 0
 0
 0
 0
 0
 0
 0
 0
 0
 0
 0
 0
 0
 0
 0
 0
 0
 0
 0
 0
 0
 0
 0
 0
 0
 0
 0
 0
 0
 0
 0
 0
 0
 0
 0
 0
 0
 0
 0
 0
 0
 0
 0
 0
 0
 0
 0
 0
 0
 0
 0
 0
 0
 0
 0
 0
 0
 0
 0.9263755025997108
 0.8887192798854616
 0.9704095487183134
 0.9190382597387864
 0.9256857431861135
 0.9059752611366584
 0.9012872629451214
 0.9058889646063562
 0.9256163984851301
 0.919552661440038
 0.9322689264998721
 0.9136719369984214
 0.9128933076111997
 0.9254320119200868
 0.9006706234589417
 0.9240489445132242
 0.9236146465069748
 0.8988794498827033
 0.906297387188313
 0.8996647898712143
 0.9021655304608727
 0.9115458096860695
 0.9119968025576385
 0.9205464069640991
 0.9076952734276443
 0.9023329549469657
 0.9101103071799425
 0.8995458080962824
 0
 0
 0
 0
 0
 0
 0
 0
 0
 0
 0
 0
 0
 0
 0
 0
 0
 0
 0
 0
 0
 0
 0
 0
 0
 0
 0
 0
 0
 0
 0
 0
 0
 0
 0
 0
 0
 0
 0
 0
 0
 0
 0
 0
 0
 0
 0
 0
 0
 0
 0
 0
 0
 0
 0
 0
 0
 0
 0
 0


