# Created by Octave 3.8.2, Sat Nov 21 01:07:33 2015 CET <dkottke@snake7>
# name: mus
# type: matrix
# ndims: 3
 1 30 19
 0
 0
 0.4987468671679197
 0.494949494949495
 0.4936708860759496
 0.428030303030303
 0.4035087719298244
 0.4540816326530612
 0.4633838383838383
 0.4487179487179487
 0.4438131313131313
 0.4772727272727273
 0.4933333333333335
 0.5433673469387754
 0.5512820512820513
 0.5442708333333334
 0.5254333617504973
 0.5732323232323232
 0.6240601503759399
 0.6052631578947367
 0.6215538847117794
 0.7045454545454547
 0.7166808752486502
 0.7317708333333334
 0.744
 0.7887179487179488
 0.7900432900432899
 0.8227040816326531
 0.8221658401568445
 0.8435897435897436
 0
 0
 1
 1
 1
 0.7
 0.5
 0.5
 0.7
 0.7
 0.7666666666666667
 0.8333333333333333
 0.8
 0.7
 0.7333333333333333
 0.7499999999999999
 0.7833333333333333
 0.7
 0.7
 0.75
 0.8
 0.7699999999999999
 0.71
 0.7100000000000001
 0.6399999999999999
 0.6066666666666668
 0.6199999999999999
 0.6866666666666668
 0.6666666666666667
 0.6333333333333334
 0
 0
 1
 1
 1
 0.8103638323514327
 0.7167217901459418
 0.569845640733861
 0.6449622248061331
 0.7262526014700016
 0.7184025457291529
 0.7922454970094771
 0.7539111399679481
 0.6969765996463529
 0.7266138132179036
 0.7834425216132143
 0.7870986690631061
 0.7923157326271246
 0.8175458031412716
 0.8553825893689952
 0.8111023859380433
 0.8090219191726372
 0.843925319119857
 0.8503387033827166
 0.7470261398131217
 0.7660853751631318
 0.7857273236108484
 0.7563845523044177
 0.8190399809789396
 0.7908921125716021
 0
 0
 0.9999999999809371
 0.9999999999056545
 0.9999999999439645
 0.7384620404528858
 0.6463685121268429
 0.5468948539249462
 0.6426010470078308
 0.667303262129187
 0.7123437709347658
 0.7548198487530544
 0.7458755801301026
 0.6911422122114667
 0.7222267565230585
 0.7462489198384876
 0.7564707454936915
 0.7306854562383109
 0.7432114370183165
 0.7600005861147459
 0.7751573014346975
 0.7423949845307714
 0.7351990664001681
 0.7464555540228197
 0.6940228858204611
 0.6835389275354976
 0.6863111529226781
 0.7049769372935837
 0.7100467177007962
 0.671027010833338
 0
 0
 1
 1
 1
 0.8333333333333334
 0.4285714285714285
 0.25
 0.6666666666666666
 0.8
 0.8181818181818182
 0.8333333333333334
 0.6153846153846154
 0.7777777777777778
 0.8
 1
 1
 0
 1
 1
 0
 1
 1
 0
 0
 1
 1
 1
 1
 1
 0
 0
 0.9999999999544723
 0.9999999999998292
 0.9999999999416952
 0.7492192332298606
 0.6186379896040686
 0.4759262853965646
 0.6237770928668459
 0.6591760800687714
 0.7084620204808526
 0.7440006594801725
 0.7215260667324579
 0.6815262637383001
 0.7079223153316341
 0.8444057099077502
 0.7364465569828064
 0.67602806640109
 0.7154243813450027
 0.7649493429747078
 0.7381313063870034
 0.7717893163096191
 0.7388725278381375
 0.6996990110215524
 0.6569257691072061
 0.6536616044949242
 0.7219358752061897
 0.6376561565186091
 0.7339732696565149
 0.6578361102994753
 0
 0
 1
 0.9999999999776749
 0.9999999999951432
 0.7779833338812361
 0.7916679513908533
 0.6016370690802095
 0.6453606572646975
 0.7197525480098605
 0.739672909593674
 0.7760048115762548
 0.7570924549677454
 0.7175450169381772
 0.7634010703298123
 0.7602944911224035
 0.762901678615133
 0.7990081025924356
 0.790164858181045
 0.7659086177131722
 0.8683709379191608
 0.8018012701428265
 0.7461533544852721
 0.8238501605640582
 0.7472354326224548
 0.7467259664578628
 0.7362490845223805
 0.8177135924434663
 0.6888101290207048
 0.7586322124070356
 0
 0
 0.9999999999827806
 0.9999999999427586
 0.9999999999841808
 0.7147707154797295
 0.655866361473925
 0.5417373455114006
 0.6039330542751555
 0.6609946076633638
 0.7088751910575518
 0.7417840421344589
 0.751857154479441
 0.7146054409221948
 0.7306792507307729
 0.7649329313840992
 0.7764512319991618
 0.7569443775887145
 0.7465432791208875
 0.7713290771886581
 0.7896551200035672
 0.7433481907679445
 0.7401920009543608
 0.7417183723765499
 0.6975979123316728
 0.6778937535547441
 0.6941390579539539
 0.6962179010558579
 0.7070499543329023
 0.6679571668772615
 0
 0
 0.9995796806580383
 0.9999984205847782
 0.9999998672409069
 0.9999999999998642
 0.9999999999585687
 1
 0.9978139502054258
 1
 0.995552311056504
 0.9999999519279237
 0.9886342937944703
 0.9910676091509928
 0.9809590416056813
 0.9786145197082398
 0.9762582506911981
 0.9741314820770335
 0.9675516727236619
 0.9676207526285043
 0.9726802501903818
 0.9665057420002621
 0.9567177021275569
 0.9548012816082313
 0.9598318979731043
 0.9677251069325781
 0.9500772118168112
 0.9505592534789719
 0.9607927136306861
 0.9452578153422442
 0
 0
 0.9999999999203975
 0.99999999997617
 0.9999999999678104
 0.7927575572675341
 0.6652863511010926
 0.505010626173833
 0.6251306698740264
 0.6249126475833492
 0.6870961241253177
 0.7190661578384875
 0.7579728058386945
 0.7076300342405855
 0.7410220888539315
 0.7483503575042855
 0.7915199793606914
 0.7366111497297327
 0.729183793802805
 0.7744435771403678
 0.7923101477162776
 0.7288606391910425
 0.7363987578233436
 0.761153294205261
 0.6933390129243914
 0.6639424407514298
 0.7578206962062293
 0.6740530944504549
 0.7167025676203881
 0.6760441513909052
 0
 0
 1
 0.9999999999579228
 0.9999999999999594
 0.7851127987072439
 0.7504144229471251
 0.632788298247265
 0.6393635784803804
 0.6694958237394565
 0.706370042370092
 0.7280727074474193
 0.7297938749273816
 0.6769296690673191
 0.8085194148705552
 0.7412731033929659
 0.8345348732238747
 0.7582146792258512
 0.7720214278011708
 0.8277296388184703
 0.819553324995719
 0.7882841358068209
 0.7637346399682312
 0.7734965418661369
 0.7379246200166043
 0.7328976478614649
 0.7295248516822191
 0.7502236591658752
 0.7357236753516352
 0.741659944678178
 0
 0
 0
 0
 0
 0
 0
 0
 0
 0
 0
 0
 0
 0
 0
 0
 0
 0
 0
 0
 0
 0
 0
 0
 0
 0
 0
 0
 0
 0
 0
 0
 0
 0
 0
 0
 0
 0
 0
 0
 0
 0
 0
 0
 0
 0
 0
 0
 0
 0
 0
 0
 0
 0
 0
 0
 0
 0
 0
 0
 0
 0
 0
 0
 0
 0
 0
 0
 0
 0
 0
 0
 0
 0
 0
 0
 0
 0
 0
 0
 0
 0
 0
 0
 0
 0
 0
 0
 0
 0
 0
 0
 0
 0
 0
 0
 0
 0
 0
 0
 0
 0
 0
 0
 0
 0
 0
 0
 0
 0
 0
 0
 0
 0
 0
 0
 0
 0
 0
 0
 0
 0
 0
 0
 0
 0
 0
 0
 0
 0
 0
 0
 0
 0
 0
 0
 0
 0
 0
 0
 0
 0
 0
 0
 0
 0
 0
 0
 0
 0
 0
 0
 0.9999599740797525
 0.9999999088875572
 0.9999999999762459
 0.9999999999999356
 0.9999999190625022
 0.9999999531343072
 0.996259944801358
 0.9999998341785006
 0.9999840892619654
 0.9999923772208528
 0.9952068777345008
 0.9847190691406513
 0.9815626796779446
 0.9744210026047229
 0.97393556720129
 0.9709059443283508
 0.9663672433026445
 0.9615809197041953
 0.9695190414929722
 0.9707688591147988
 0.9519407278020727
 0.9563940074000367
 0.960234396439208
 0.9618892554084812
 0.9585362260707164
 0.950276468578519
 0.958434884565457
 0.9526027489150274
 0
 0
 0
 0
 0
 0
 0
 0
 0
 0
 0
 0
 0
 0
 0
 0
 0
 0
 0
 0
 0
 0
 0
 0
 0
 0
 0
 0
 0
 0
 0
 0
 0
 0
 0
 0
 0
 0
 0
 0
 0
 0
 0
 0
 0
 0
 0
 0
 0
 0
 0
 0
 0
 0
 0
 0
 0
 0
 0
 0


