# Created by Octave 3.8.2, Fri Nov 20 22:13:34 2015 CET <dkottke@snake2>
# name: mus
# type: matrix
# ndims: 3
 1 30 19
 0
 0
 0.6956521739130435
 0.7596153846153846
 0.9317073170731708
 0.676470588235294
 0.6748768472906405
 0.6538461538461539
 0.6714975845410627
 0.67
 0.631578947368421
 0.6666666666666666
 0.65625
 0.9183673469387755
 0.912820512820513
 0.9567307692307693
 0.9607843137254902
 0.9444444444444445
 0.9473684210526315
 0.9550000000000001
 0.9523809523809523
 0.9646464646464646
 0.966183574879227
 0.9618055555555556
 0.9575
 0.9711538461538463
 0.9682539682539683
 0.9642857142857143
 0.9852216748768472
 0.9833333333333334
 0
 0
 0
 0.5
 0.8
 0.8
 1
 1
 1
 1
 0.7333333333333333
 0.7
 0.7999999999999999
 0.7333333333333332
 0.7333333333333333
 0.6666666666666666
 0.8833333333333332
 0.9
 0.8833333333333332
 0.95
 0.9099999999999999
 0.82
 0.9199999999999999
 0.9099999999999999
 0.9199999999999999
 0.9266666666666667
 0.9333333333333333
 0.8866666666666667
 0.9
 0.9
 0
 0
 0.4926400777823419
 0.5763447318489454
 0.7160038069031118
 0.8879218867325253
 0.9122054779404781
 0.9409825106387764
 0.9466911662054583
 0.9443784363047175
 0.8560872194400317
 0.8863989052848107
 0.9036768672261245
 0.8334362327486751
 0.8563280272719664
 0.897678453680848
 0.8977770146646411
 0.8622717096829159
 0.8991275533594615
 0.9109015963088214
 0.8978623614508682
 0.8864719163975855
 0.9038952909346993
 0.9011049090389768
 0.9246158307592409
 0.9008517989080875
 0.8829917428127081
 0.9102285201085863
 0.905475141747806
 0.9365266764762871
 0
 0
 0.2222555522822794
 0.6890041873824113
 0.7800057688350922
 0.9606483605802687
 0.986080358856027
 0.9940440255987611
 0.9915124158856898
 0.9888430731040384
 0.8085818834886394
 0.8444768192261977
 0.8469108113725987
 0.8029993577933819
 0.9114019752574849
 0.9291862821210417
 0.9251540748367848
 0.9324274852835428
 0.9248611200866366
 0.9683536898655514
 0.9703743972658726
 0.933038703398534
 0.9377731478895369
 0.9389513491725857
 0.9501602362233038
 0.9450594817022552
 0.9475573558690061
 0.9559044743429249
 0.9371066878277892
 0.9398489765050424
 0
 0
 0
 0.5
 1
 1
 1
 1
 1
 1
 0.6363636363636364
 1
 0.7692307692307693
 0.6666666666666666
 0.8
 1
 1
 0
 1
 1
 1
 1
 1
 1
 0
 1
 1
 1
 1
 1
 0
 0
 0.08334583209496807
 0.5277786111149866
 1.100000020664319
 1.108333335597504
 1.176190476605208
 1.062500002695151
 1.034722232033525
 1.023611115577868
 0.7388273251693152
 0.9851010274115528
 0.7904433699685323
 0.7126402873304448
 0.821964482962858
 1.042479321449285
 1.049388220868733
 0.6195456793200311
 0.9831087185832945
 1.042553979562165
 1.038793103807162
 1.062500265199551
 1.034091302624315
 0.821429422382673
 0.734378163433751
 1.041666668094821
 1.062500567079476
 1.031517971713054
 0.8750006623166325
 1.024812009372841
 0
 0
 0.7892931470571475
 0.8386912254583686
 0.7407321190082875
 0.7825177539139344
 0.7661778783441132
 0.8289650014037957
 0.8930372265872411
 0.921914915608768
 0.8971602662112275
 0.8451362012956937
 0.8761167109092317
 0.850274891515942
 0.8753149084428435
 0.8918509737885797
 0.9344620663489751
 0.8829111980660628
 0.9090539555966985
 0.9428110669254449
 0.9131946009049294
 0.8845046310947617
 0.8940767231273741
 0.899369239013859
 0.9292151845461454
 0.9072349505326013
 0.9154665056463243
 0.9271417816202381
 0.9420474390532635
 0.9444451793469043
 0
 0
 0.2222555522522523
 0.7153562195442629
 0.7358629654216646
 0.9224883715295812
 0.9186674619636088
 0.920666678963312
 0.9785906470292273
 0.9622286497122814
 0.8404645434765183
 0.8578082259965423
 0.8863953243610598
 0.8304447675671085
 0.8749400995372091
 0.9341107178438909
 0.9423923679859766
 0.9365580307901147
 0.9322271402223873
 0.9532461325573872
 0.9607993453197957
 0.9311132747234295
 0.9302015023451345
 0.9379742426310904
 0.9358705314104655
 0.9468375407941126
 0.9424546035160929
 0.9431191662452943
 0.9392507445186341
 0.9401539325966621
 0
 0
 1
 1
 1
 1
 1
 1
 1
 1
 1
 1
 1
 1
 1
 1
 1
 1
 1
 1
 1
 1
 1
 1
 1
 1
 1
 1
 1
 1
 0
 0
 0.08334583209529003
 0.4951063730180791
 1.000769438294443
 1.06632475493902
 1.207339367292096
 1.079309071751475
 1.083232761193845
 1.03302711896889
 0.8069184444340026
 0.7707479817188698
 0.8020684827293066
 0.746279338832516
 0.8015698483904037
 0.9876307183276072
 0.8955458493126494
 0.8723076014505398
 0.9079003612137932
 1.145486797411825
 1.140828676990941
 1.048643384577526
 0.9259648660504529
 0.8560814486033885
 1.116758793813025
 1.084844317652203
 1.03007914515375
 0.881724890403089
 0.9998574632231618
 0.8711520118355555
 0
 0
 0.7892931470571475
 0.8602053986581381
 0.7849317751244357
 0.8059866530028998
 0.7108690353794841
 0.8968116128328809
 0.8489389582127806
 0.9094431098964029
 0.8406120385227145
 0.8177652401983235
 0.9230087226393062
 0.8354589802643746
 0.9001879173471588
 0.8931013115507792
 0.968307908681474
 0.9330244039831199
 1.102192993207446
 1.055584936329148
 0.9500859383748145
 1.056789132626196
 0.9358138586047868
 0.9174997624784442
 0.9159944205436196
 0.9356095798739731
 0.9389185264166621
 1.063587462327878
 0.9810217438065199
 0.9133629982877812
 0
 0
 0
 0
 0
 0
 0
 0
 0
 0
 0
 0
 0
 0
 0
 0
 0
 0
 0
 0
 0
 0
 0
 0
 0
 0
 0
 0
 0
 0
 0
 0
 0
 0
 0
 0
 0
 0
 0
 0
 0
 0
 0
 0
 0
 0
 0
 0
 0
 0
 0
 0
 0
 0
 0
 0
 0
 0
 0
 0
 0
 0
 0
 0
 0
 0
 0
 0
 0
 0
 0
 0
 0
 0
 0
 0
 0
 0
 0
 0
 0
 0
 0
 0
 0
 0
 0
 0
 0
 0
 0
 0
 0
 0
 0
 0
 0
 0
 0
 0
 0
 0
 0
 0
 0
 0
 0
 0
 0
 0
 0
 0
 0
 0
 0
 0
 0
 0
 0
 0
 0
 0
 0
 0
 0
 0
 0
 0
 0
 0
 0
 0
 0
 0
 0
 0
 0
 0
 0
 0
 0
 0
 0
 0
 0
 0
 0
 0
 0
 0
 0
 0
 1
 1
 1
 1
 1
 1
 1
 1
 1
 1
 1
 1
 1
 1
 1
 1
 1
 1
 1
 1
 1
 1
 1
 1
 1
 1
 1
 1
 0
 0
 0
 0
 0
 0
 0
 0
 0
 0
 0
 0
 0
 0
 0
 0
 0
 0
 0
 0
 0
 0
 0
 0
 0
 0
 0
 0
 0
 0
 0
 0
 0
 0
 0
 0
 0
 0
 0
 0
 0
 0
 0
 0
 0
 0
 0
 0
 0
 0
 0
 0
 0
 0
 0
 0
 0
 0
 0
 0


