# Created by Octave 3.8.2, Fri Nov 20 20:15:12 2015 CET <dkottke@snake5>
# name: mus
# type: matrix
# ndims: 3
 1 30 19
 0
 0
 0.5008347245409019
 0.5283964365256125
 0.5002785515320334
 0.4999999999999998
 0.4986103390772652
 0.5943080357142857
 0.5907314349525403
 0.5877094972067038
 0.5877619313202136
 0.5855704697986579
 0.5873281308063916
 0.5834263392857149
 0.5843137254901959
 0.5998883928571429
 0.6118767507002801
 0.6004489337822673
 0.600543912973924
 0.6179775280898874
 0.6305882352941177
 0.6352413019079683
 0.6212374581939801
 0.6238738738738739
 0.6411267605633806
 0.6477146042363435
 0.6748035914702579
 0.6540178571428571
 0.6790878754171301
 0.6745762711864407
 0
 0
 1
 0.25
 0.8
 0.7
 0.5
 0.5
 0.5
 0.6
 0.6333333333333333
 0.6333333333333333
 0.4666666666666666
 0.4666666666666666
 0.4666666666666666
 0.4
 0.3833333333333333
 0.4166666666666666
 0.65
 0.6
 0.6599999999999999
 0.6799999999999999
 0.65
 0.6700000000000002
 0.68
 0.6933333333333334
 0.6599999999999999
 0.76
 0.7133333333333334
 0.6666666666666667
 0
 0
 1
 0.4634900719130725
 0.6724882611866531
 0.7387235023508628
 0.855665805734146
 0.6497035379992022
 0.6729862362475324
 0.6746294224990028
 0.7546441244353235
 0.7171652363689337
 0.6790528670910732
 0.6871335795160226
 0.6966335317464109
 0.6455245187491689
 0.6465949527264456
 0.6040098477467072
 0.5875589720450709
 0.5694195284391887
 0.6118390482494673
 0.6186519164517751
 0.6902706153194493
 0.6921998063066801
 0.7122978947592606
 0.7298279392031064
 0.7148874734545199
 0.7117134955451953
 0.7067221316649706
 0.6905003860880594
 0
 0
 0.9999999994212482
 0.3012193040974363
 0.790704263628291
 0.6960500986663657
 0.5701945101714371
 0.5030537683028392
 0.5569002400684815
 0.610189717357055
 0.661627749963521
 0.6868030064241614
 0.6091139815503516
 0.6214311154310238
 0.6452136109075272
 0.6116148720123564
 0.5686663471865645
 0.5948277517724946
 0.6486092782253415
 0.6158908008531589
 0.6482243774738791
 0.6537910905210649
 0.680422644317953
 0.7112070697615598
 0.7205960515805723
 0.7037903625958597
 0.6988818258661968
 0.7443050746068636
 0.7337742811705364
 0.7297078655665826
 0
 0
 1
 0.25
 0.8
 0.5
 0.8571428571428571
 0.25
 0.6666666666666666
 0.4
 0.7272727272727273
 0.5833333333333334
 0.6153846153846154
 0.3333333333333333
 0.6
 1
 0.5
 1
 0
 0
 1
 0
 1
 0
 1
 0
 0
 1
 1
 0
 0
 0
 0.9999999999791573
 0.218934938677896
 0.6901787120630647
 0.4462584466790239
 0.7610349341734739
 0.4841378984582559
 0.6254699589698978
 0.5583191038852579
 0.6749302058928192
 0.681441003225525
 0.6136491938854636
 0.5528392349986535
 0.6651280019667067
 0.7351330305651621
 0.4825570705225091
 0.6842678522833181
 0.5730658192052615
 0.5259062262966383
 0.677828195203849
 0.6092503084831389
 0.7990751818531829
 0.6508791108403684
 0.844588667124299
 0.6410033215656592
 0.6518020189356829
 0.8258647587071848
 0.8179357817038218
 0.663283836403518
 0
 0
 1
 0.7078932221430102
 0.4217894312780806
 0.518638084902958
 0.6971966318584039
 0.6817511165462913
 0.7180051005589068
 0.6745594423036227
 0.7380874767433139
 0.7200719256985127
 0.692239746237381
 0.721189592006159
 0.7633337909213525
 0.6529062182704148
 0.6710495615658651
 0.6553401574074091
 0.6332654987493598
 0.6370169177861287
 0.6743820825269264
 0.6570402714865695
 0.7192505156017117
 0.681767322480017
 0.7068123361840076
 0.6986332993251776
 0.677037555906923
 0.6891061481970128
 0.6966257206413571
 0.6798492652075105
 0
 0
 0.9999999998570915
 0.2582169022912789
 0.7068984431591423
 0.611506718470055
 0.5767016867889667
 0.510760373340271
 0.5889379462967306
 0.6063200794990135
 0.642721421191387
 0.6740082204348061
 0.6044026503473315
 0.6335254128837857
 0.6466308413805029
 0.596887508168671
 0.543907720895074
 0.5778030218641634
 0.5992577121784833
 0.5627046703305703
 0.5937918204807459
 0.6062254014571244
 0.6397320262497476
 0.6617045178584794
 0.6746860417798497
 0.6660348598527519
 0.6536557457070329
 0.6712785085634807
 0.6739505729886903
 0.6551978601741226
 0
 0
 0.9618331482283209
 0.9268912604025222
 0.9386836186622506
 0.8741844574640533
 0.9275929370709802
 0.9377894690916831
 0.9325370982951895
 0.912552944373876
 0.9309045251272371
 0.9165590287692509
 0.9268700048587218
 0.9102328322837843
 0.912254437687253
 0.9011087773169043
 0.9156832961542626
 0.9074904077479948
 0.8961972557004914
 0.9144457615463268
 0.909272280836451
 0.911305929526378
 0.8991362320592535
 0.9058932526853577
 0.9103244348983889
 0.8961048504000925
 0.9080526849397945
 0.9102200914886696
 0.9086312015791633
 0.8980014832116562
 0
 0
 0.9999999999990115
 0.2081906795171223
 0.5760255325755048
 0.4648080959217833
 0.6876402467109894
 0.5468159386218828
 0.6173577221255825
 0.6197197836964837
 0.674601013458457
 0.703166889479987
 0.6274505648952119
 0.6349772159765706
 0.688417611581535
 0.5909530097901587
 0.5317581904462657
 0.5846560531991475
 0.5645897154803932
 0.5560690780743044
 0.674711176061252
 0.6890236095692281
 0.7502662480613271
 0.7187393770652348
 0.7156285995929293
 0.7086447595149545
 0.6708068847280708
 0.7138494491767977
 0.7134562916387667
 0.6912870636151199
 0
 0
 1
 0.7405426722045412
 0.4622692366371134
 0.5333261271500536
 0.6472031258725468
 0.6324880855932096
 0.7306999191129219
 0.7273407092215345
 0.7490926706245419
 0.74456705113252
 0.701838301569892
 0.7334875430610395
 0.8173632659945196
 0.6206395181082311
 0.6407503420288159
 0.5471514186762582
 0.5626317376103762
 0.6020207440878487
 0.6500284285628459
 0.6435200055170119
 0.6666055399112147
 0.6255068045787109
 0.6805122966555446
 0.6596061753281559
 0.7183310564260288
 0.6776308466661888
 0.6898222065528797
 0.688656889534744
 0
 0
 0
 0
 0
 0
 0
 0
 0
 0
 0
 0
 0
 0
 0
 0
 0
 0
 0
 0
 0
 0
 0
 0
 0
 0
 0
 0
 0
 0
 0
 0
 0
 0
 0
 0
 0
 0
 0
 0
 0
 0
 0
 0
 0
 0
 0
 0
 0
 0
 0
 0
 0
 0
 0
 0
 0
 0
 0
 0
 0
 0
 0
 0
 0
 0
 0
 0
 0
 0
 0
 0
 0
 0
 0
 0
 0
 0
 0
 0
 0
 0
 0
 0
 0
 0
 0
 0
 0
 0
 0
 0
 0
 0
 0
 0
 0
 0
 0
 0
 0
 0
 0
 0
 0
 0
 0
 0
 0
 0
 0
 0
 0
 0
 0
 0
 0
 0
 0
 0
 0
 0
 0
 0
 0
 0
 0
 0
 0
 0
 0
 0
 0
 0
 0
 0
 0
 0
 0
 0
 0
 0
 0
 0
 0
 0
 0
 0
 0
 0
 0
 0
 0.9185741533681634
 0.9684537292047101
 0.9134440547751939
 0.9307412848089278
 0.9120550518593216
 0.9286731258780092
 0.8939702337935965
 0.9353425340944365
 0.9277960793637824
 0.9286717604663031
 0.905533355049706
 0.9171351674371526
 0.9103732865921024
 0.9178246004243557
 0.9088414485474452
 0.9105688299632639
 0.9156524751625581
 0.8998850419628901
 0.9024869924576417
 0.9059505312189143
 0.9138539888864693
 0.9151962941120946
 0.9031402547345175
 0.9121452794921027
 0.9051943259110568
 0.9044259194678818
 0.8956761077375508
 0.9116844251233747
 0
 0
 0
 0
 0
 0
 0
 0
 0
 0
 0
 0
 0
 0
 0
 0
 0
 0
 0
 0
 0
 0
 0
 0
 0
 0
 0
 0
 0
 0
 0
 0
 0
 0
 0
 0
 0
 0
 0
 0
 0
 0
 0
 0
 0
 0
 0
 0
 0
 0
 0
 0
 0
 0
 0
 0
 0
 0
 0
 0


