# Created by Octave 3.8.2, Fri Nov 20 20:31:04 2015 CET <dkottke@snake3>
# name: mus
# type: matrix
# ndims: 3
 1 30 19
 0
 0
 0.8613199665831258
 0.8419732441471572
 0.9138075313807541
 0.9405360134003354
 0.9239766081871348
 0.9538590604026845
 0.9440267335004169
 0.9579831932773113
 0.9466221851542945
 0.9553872053872052
 0.9565217391304341
 0.9420168067226895
 0.9476793248945143
 0.9442567567567568
 0.955714285714285
 0.9532828282828275
 0.9490392648287379
 0.9415254237288139
 0.950710108604845
 0.9528619528619525
 0.9464882943143813
 0.9523809523809523
 0.9531914893617025
 0.9607023411371232
 0.9604377104377103
 0.959183673469388
 0.9529780564263322
 0.9572649572649572
 0
 0
 0.6666666666666666
 1
 0.4
 0.4
 0.4
 0.5
 0.4
 0.6
 0.3
 0.4666666666666666
 0.6333333333333333
 0.6333333333333333
 0.6666666666666666
 0.8833333333333332
 0.5999999999999999
 0.5333333333333333
 0.6166666666666667
 0.6
 0.72
 0.78
 0.8400000000000001
 0.8300000000000001
 0.8
 0.6933333333333334
 0.6666666666666667
 0.7066666666666668
 0.7333333333333333
 0.7999999999999999
 0
 0
 0.74066848868572
 0.8829537454378709
 0.6749734715243232
 0.7239740226448632
 0.7081710086741493
 0.5212818108302074
 0.6533888629164273
 0.6416733982920629
 0.5483407555826478
 0.5428011353944107
 0.4712713305984659
 0.6211672840554139
 0.5605990624572206
 0.7219523480141111
 0.6624759586987159
 0.5833270191681911
 0.6379874925985237
 0.6304174800532545
 0.7115753197510049
 0.7221033936429762
 0.6034483647170047
 0.7335801977921259
 0.7109076864148924
 0.7520809144452347
 0.6169246838530871
 0.6614199095535155
 0.6306046190014596
 0.692089821296572
 0
 0
 0.9940729393485227
 0.715557938027707
 0.5364032258290724
 0.5202491649065655
 0.5370750034950551
 0.527046416224547
 0.5247468610841702
 0.4956747351633891
 0.4863368906123365
 0.5335999403145333
 0.544739740777242
 0.5527730042815944
 0.5593760255520758
 0.5773549003487553
 0.5543932691488742
 0.554076592338747
 0.5833848448357488
 0.5839477362615849
 0.6074279270353896
 0.6038635845373931
 0.6045994380990082
 0.6139548103820216
 0.6265269785625152
 0.6024470670342802
 0.5904353941812317
 0.5779134182036653
 0.5855253270896297
 0.5852272623709465
 0
 0
 0.6666666666666666
 1
 0.4
 0.1666666666666667
 0.1428571428571428
 0.125
 0.4444444444444444
 0.3
 0.5454545454545454
 0.75
 0.6923076923076923
 0.7777777777777778
 0.8
 0.6666666666666666
 0
 1
 0
 1
 1
 1
 1
 0
 1
 1
 0
 1
 0
 0
 0
 0
 0.8060362867999337
 0.6189432118020659
 0.5966036023460092
 0.4199423351843787
 0.4884814689060896
 0.4251428504391371
 0.4925047420069165
 0.4836270142606268
 0.4921060643084483
 0.5089336500503112
 0.5691239994311457
 0.5883536672405733
 0.5878037913266905
 0.5757369692619219
 0.5183059475690213
 0.6060622066903624
 0.5489868803697504
 0.6823000643159846
 0.5957380791944482
 0.6246297056877288
 0.5934455600601273
 0.6005568453903294
 0.6264678097228047
 0.6133284632630777
 0.5383396277396308
 0.5689453257720624
 0.5291856352798716
 0.537513780952985
 0
 0
 0.3678794411714423
 0.6914135859272144
 0.7243808984090847
 0.6881123520557497
 0.7086694911953366
 0.704012182371665
 0.6912848416002437
 0.6944898122364591
 0.6703589552094092
 0.6848988357983588
 0.658120924935668
 0.6643658370228733
 0.6928878170419708
 0.6971231121685236
 0.6825794727217687
 0.678807682844681
 0.6823849399401042
 0.6989011786991531
 0.7159054252755959
 0.6892973187646039
 0.6879948323842747
 0.726892918221955
 0.7121799397344235
 0.7372788261928451
 0.6932251827247471
 0.6398374050652907
 0.6895324063997315
 0.6221339527897689
 0
 0
 0.9944435398447136
 0.6692714635100091
 0.5583875327470941
 0.6065417458947867
 0.5676812600461424
 0.5300460032417504
 0.5160150574487381
 0.49542470796045
 0.4904305068268499
 0.5115545718055112
 0.5292686336879161
 0.5294785649668091
 0.5637412358827973
 0.5831471834289483
 0.5559311399595546
 0.5589961677401678
 0.5800915807200469
 0.580526080144217
 0.6129368405598932
 0.603990455182926
 0.6045168811491581
 0.6116232653198239
 0.6297874109697669
 0.6111487485619317
 0.5940626925657745
 0.5867841588887516
 0.5806501239261567
 0.596304284668207
 0
 0
 0.9999935930928695
 0.9999997334407086
 0.9999999613941974
 0.9999999999640603
 1
 1
 0.9999999999997397
 0.9999999999999994
 0.9999999999999998
 0.9979203893115813
 0.9952610535853853
 0.9949950560630147
 0.9804259795440038
 0.9682970775438838
 0.9699736499693582
 0.9711657123702684
 0.9682950677594275
 0.9759822436982426
 0.9612388342001758
 0.9630835735303932
 0.9501020437216015
 0.9535972230310852
 0.9581314117288738
 0.9502417012470947
 0.9539854876844379
 0.9555328965894587
 0.9501677815240274
 0.9498321581398668
 0
 0
 0.7039186765324033
 0.6609588045696053
 0.6503041449822199
 0.5101541316300114
 0.5540197846876945
 0.4787533298179195
 0.4955542379749707
 0.4928413656195788
 0.4830428494904549
 0.4964377945533784
 0.5090398796464675
 0.5165256309792561
 0.5492484490710674
 0.5687550319738798
 0.5531124281081826
 0.5473101447532523
 0.5694932332121084
 0.6081040282071677
 0.5926898235717176
 0.5889465296505837
 0.6443934354488801
 0.6026538663642083
 0.6095619062265968
 0.6300370876831922
 0.5805268401205941
 0.5731705674786436
 0.5741095915872586
 0.5786730886340257
 0
 0
 0.3678794411714423
 0.6983982458824133
 0.7221235017223757
 0.6587186976100027
 0.7070586556890684
 0.6989535470316535
 0.6820232832208686
 0.6836017431767791
 0.6663705432886503
 0.6669132871541984
 0.6635646025895112
 0.7066996504380381
 0.6832853072248307
 0.6781353386068066
 0.6743785793025634
 0.6904791737740239
 0.6739462057731166
 0.6825405568644346
 0.6796857279351155
 0.6520081376037573
 0.6729109930634734
 0.691490667800061
 0.6751713193247258
 0.6799878413915256
 0.672381163992168
 0.6411592617989755
 0.6742152994031583
 0.7449118538653824
 0
 0
 0
 0
 0
 0
 0
 0
 0
 0
 0
 0
 0
 0
 0
 0
 0
 0
 0
 0
 0
 0
 0
 0
 0
 0
 0
 0
 0
 0
 0
 0
 0
 0
 0
 0
 0
 0
 0
 0
 0
 0
 0
 0
 0
 0
 0
 0
 0
 0
 0
 0
 0
 0
 0
 0
 0
 0
 0
 0
 0
 0
 0
 0
 0
 0
 0
 0
 0
 0
 0
 0
 0
 0
 0
 0
 0
 0
 0
 0
 0
 0
 0
 0
 0
 0
 0
 0
 0
 0
 0
 0
 0
 0
 0
 0
 0
 0
 0
 0
 0
 0
 0
 0
 0
 0
 0
 0
 0
 0
 0
 0
 0
 0
 0
 0
 0
 0
 0
 0
 0
 0
 0
 0
 0
 0
 0
 0
 0
 0
 0
 0
 0
 0
 0
 0
 0
 0
 0
 0
 0
 0
 0
 0
 0
 0
 0
 0
 0
 0
 0
 0
 0.9999927823941877
 0.9999999979122483
 0.9999999999974003
 0.9999999999999998
 0.9999999977775513
 0.9999999864990693
 0.9999999850854822
 0.9975264302367438
 0.9999969792579277
 0.9999970646515162
 0.9878224701840831
 0.9897137447294824
 0.9789259949601187
 0.971501924310526
 0.9715048766677468
 0.975489927626214
 0.9713610000781122
 0.9706918757515637
 0.9502556197361466
 0.9630173713762643
 0.9555184085614824
 0.9583375092476498
 0.9675153614064758
 0.9492538184261846
 0.9572409502738835
 0.9629903121198128
 0.9506677457978214
 0.9445275421851947
 0
 0
 0
 0
 0
 0
 0
 0
 0
 0
 0
 0
 0
 0
 0
 0
 0
 0
 0
 0
 0
 0
 0
 0
 0
 0
 0
 0
 0
 0
 0
 0
 0
 0
 0
 0
 0
 0
 0
 0
 0
 0
 0
 0
 0
 0
 0
 0
 0
 0
 0
 0
 0
 0
 0
 0
 0
 0
 0
 0


