# Created by Octave 3.8.2, Sun Nov 15 15:04:49 2015 CET <dkottke@snake2>
# name: mus
# type: matrix
# ndims: 3
 1 30 19
 0
 0
 0.6110183639398999
 0.5606904231625836
 0.5805013927576602
 0.5691192865105904
 0.6731517509727637
 0.6222098214285714
 0.6175321049692908
 0.6424581005586589
 0.6563620428651107
 0.6515659955257267
 0.6437198067632852
 0.6077008928571425
 0.6028011204481792
 0.5970982142857143
 0.6314845938375347
 0.5864197530864198
 0.5613101903695408
 0.5999999999999999
 0.5801680672268911
 0.6079935154009225
 0.6175213675213677
 0.6402027027027029
 0.6332394366197184
 0.6408398364920106
 0.6352413019079686
 0.6501116071428571
 0.6718576195773081
 0.66045197740113
 0
 0
 0.3333333333333333
 0.5
 0.6
 0.6
 0.2
 0.2
 0.4
 0.3
 0.6
 0.5333333333333333
 0.5333333333333333
 0.5333333333333333
 0.4
 0.3333333333333333
 0.3833333333333333
 0.5333333333333333
 0.5666666666666667
 0.6
 0.5700000000000001
 0.53
 0.45
 0.51
 0.6
 0.6133333333333333
 0.64
 0.5333333333333333
 0.5466666666666666
 0.5333333333333333
 0
 0
 0.5522479374964383
 0.6323837884826828
 0.6374582335763286
 0.564457596095995
 0.5459083630501311
 0.5273336926442932
 0.3115516511101811
 0.5594585290871172
 0.6101213747307506
 0.5920356063027673
 0.7716539733679315
 0.6144836189239724
 0.5443122554590665
 0.4385378315293436
 0.6606893510819261
 0.5365179732320247
 0.5216354476050783
 0.5808910341687933
 0.6020868439244922
 0.6460014818958804
 0.5644269872916723
 0.4954619481150516
 0.5534730978792688
 0.5470158196841591
 0.5872406579522227
 0.5587161588949838
 0.6296612561830878
 0.6784391301160568
 0
 0
 0.5157465492729956
 0.4578664506057031
 0.5020333879640451
 0.603027674996937
 0.4313299118339675
 0.3634389496001151
 0.3586697163151817
 0.4557933475128837
 0.4938501985078307
 0.4929761786940607
 0.5440305238579438
 0.5135109898897587
 0.4683314469290217
 0.4699884630859154
 0.4828865055964169
 0.4615239954527528
 0.5072946118507696
 0.4940779519592248
 0.5103017836451283
 0.5194723660738455
 0.5012919045340988
 0.4932077270934267
 0.5247306805766574
 0.5334058370412039
 0.5553700410829181
 0.5464099152063929
 0.5487701215693196
 0.5649991791917637
 0
 0
 0.4356483496806925
 0.5679623652126277
 0.5638362708738534
 0.6746297292822667
 0.4548660296989233
 0.365645765822846
 0.3589028875445761
 0.4667956619251567
 0.5012801483445137
 0.4997109825719233
 0.5491254926693997
 0.5019901327716804
 0.4705286099798724
 0.4661871738161977
 0.4867904090060822
 0.4652052729110675
 0.5154703351492121
 0.4959299307428545
 0.5198555057636858
 0.5186259855582377
 0.5021661587029704
 0.4883529294338566
 0.5269762653368941
 0.5362175454028195
 0.5635679165106326
 0.5486867451935831
 0.5513643603365064
 0.5640782205967538
 0
 0
 0.9827661961687467
 0.5553708750278543
 0.5725370473640521
 0.5637053155049909
 0.3706336585893336
 0.3449748323023411
 0.3616071937579554
 0.4362685446015978
 0.5364362711967663
 0.4827675504199282
 0.5696950350578531
 0.5205836257095503
 0.4410163144974522
 0.4384887271036566
 0.4441483183964321
 0.4406472910926595
 0.5284894772632901
 0.4460605714809743
 0.4654705535153021
 0.5359393211721185
 0.5141353458879963
 0.469274190732494
 0.546957126602335
 0.5463481205745457
 0.5309681406189297
 0.5524807546862953
 0.5691211430374515
 0.5545538927527064
 0
 0
 0.3678794411714423
 0.7984467164611856
 0.6430979557046258
 0.849582893790684
 0.6291416040234814
 0.6231394039620609
 0.634239405112055
 0.5641395686425941
 0.6199329601745081
 0.6702802142285524
 0.7051650535009899
 0.6791541836228824
 0.641927786679493
 0.6531105114973275
 0.6533363460333322
 0.6475341366378715
 0.6454910853645195
 0.7004767856123864
 0.6842000005937965
 0.6285248748132134
 0.6535956593692173
 0.6630540588486212
 0.7327174411144048
 0.6793812667268078
 0.6151482358773449
 0.6360944787318079
 0.6653773538222976
 0.6631823472162548
 0
 0
 0.5167598779910763
 0.4546900187310068
 0.5464237773740607
 0.6180488575177102
 0.5013159111760943
 0.3720411014024898
 0.3699681559158235
 0.4411971323507375
 0.4672342280158209
 0.4479673745323905
 0.5248968491606294
 0.4856035191999936
 0.4525998669999068
 0.4617471727545225
 0.4786815623015307
 0.4745268640418686
 0.5042076861856151
 0.5070133298834069
 0.5144982670035589
 0.5240525993856946
 0.5032435270670689
 0.4963885200344798
 0.5290782112667549
 0.5359850037107707
 0.5571831391308085
 0.5554454430801813
 0.5637285535836831
 0.5815704776832418
 0
 0
 0.3896736528169369
 0.5569948720434476
 0.5928087085108696
 0.7266154650728286
 0.4940749660003015
 0.3945382972824909
 0.3502844197640667
 0.3965305749821919
 0.4935784001708753
 0.469224157192328
 0.5135100922636905
 0.4657308327340331
 0.4510611439928816
 0.4561702912294665
 0.4849133398456735
 0.4772750227856024
 0.5086191948623418
 0.5005343917582173
 0.516121332788815
 0.5171385618276098
 0.5072506557590033
 0.4923353850923893
 0.5343149318525501
 0.5364829277745874
 0.5617930456676422
 0.5565932206081547
 0.5618734313912487
 0.5743881598275445
 0
 0
 0.9818871341090001
 0.5257731142529287
 0.5609074545587879
 0.5718348062934709
 0.4562580808849859
 0.3598040977646234
 0.3617258763022503
 0.4110519838374067
 0.49036313080719
 0.4449586370730231
 0.5199807928724559
 0.4872559994161864
 0.4468613836558903
 0.4564669129546937
 0.4779701254981298
 0.4706030106902468
 0.4952956657256342
 0.4894394779344132
 0.5039413125381474
 0.582568385842984
 0.4970575286623696
 0.4823296911920651
 0.5598339089976196
 0.5260878622993322
 0.5497920076146584
 0.5510897093149748
 0.577633143657485
 0.5839738863359574
 0
 0
 0.3678794411714423
 0.8198486553066264
 0.7100430039671863
 0.7255355190523921
 0.6364284126822949
 0.5906183371326279
 0.6066040311139027
 0.6170413161847619
 0.5973832242116675
 0.6287074994992425
 0.6241011021795684
 0.6279598981094831
 0.6560519240412452
 0.6411063675603482
 0.6160160967781314
 0.6439458395072017
 0.6280048321519104
 0.6532149068134425
 0.6411614179675134
 0.5992158290066374
 0.623035842065107
 0.629825617681223
 0.6288362781673257
 0.6596176984089082
 0.6356805286096046
 0.6367827486532159
 0.6605982717090932
 0.6700507593068024
 0
 0
 0
 0
 0
 0
 0
 0
 0
 0
 0
 0
 0
 0
 0
 0
 0
 0
 0
 0
 0
 0
 0
 0
 0
 0
 0
 0
 0
 0
 0
 0
 0
 0
 0
 0
 0
 0
 0
 0
 0
 0
 0
 0
 0
 0
 0
 0
 0
 0
 0
 0
 0
 0
 0
 0
 0
 0
 0
 0
 0
 0
 0
 0
 0
 0
 0
 0
 0
 0
 0
 0
 0
 0
 0
 0
 0
 0
 0
 0
 0
 0
 0
 0
 0
 0
 0
 0
 0
 0
 0
 0
 0
 0
 0
 0
 0
 0
 0
 0
 0
 0
 0
 0
 0
 0
 0
 0
 0
 0
 0
 0
 0
 0
 0
 0
 0
 0
 0
 0
 0
 0
 0
 0
 0
 0
 0
 0
 0
 0
 0
 0
 0
 0
 0
 0
 0
 0
 0
 0
 0
 0
 0
 0
 0
 0
 0
 0
 0
 0
 0
 0
 0.3162839153618794
 0.5030112472236438
 0.5817421596780165
 0.6957300445490894
 0.5145401250867121
 0.3947872542767411
 0.355313923027398
 0.4031695964303298
 0.4778937814137487
 0.471513303269177
 0.5140180965640671
 0.467247937768339
 0.4498966370809996
 0.4545154340909605
 0.4871678705695352
 0.4764137915293437
 0.5026921347098465
 0.5036053187870232
 0.5147905947899502
 0.5184003100769761
 0.5071554117091388
 0.4907692647664209
 0.5321148376757558
 0.5356316991767747
 0.559982777815341
 0.5557052896963883
 0.5589260702189711
 0.5744657661888806
 0
 0
 0
 0
 0
 0
 0
 0
 0
 0
 0
 0
 0
 0
 0
 0
 0
 0
 0
 0
 0
 0
 0
 0
 0
 0
 0
 0
 0
 0
 0
 0
 0
 0
 0
 0
 0
 0
 0
 0
 0
 0
 0
 0
 0
 0
 0
 0
 0
 0
 0
 0
 0
 0
 0
 0
 0
 0
 0
 0


