# Created by Octave 3.8.2, Sat Nov 21 00:03:37 2015 CET <dkottke@snake6>
# name: mus
# type: matrix
# ndims: 3
 1 30 19
 0
 0
 0.5939849624060155
 0.5025252525252525
 0.5012658227848101
 0.5037878787878787
 0.4962406015037593
 0.5127551020408163
 0.5113636363636364
 0.51025641025641
 0.5088383838383839
 0.5075757575757576
 0.504871794871795
 0.510841836734694
 0.5871794871794871
 0.5651041666666666
 0.566069906223359
 0.582070707070707
 0.5964912280701755
 0.5763157894736842
 0.7443609022556391
 0.7436868686868686
 0.7502131287297528
 0.7513020833333333
 0.7413333333333333
 0.726153846153846
 0.7174122174122174
 0.625
 0.7132971975550687
 0.7307692307692309
 0
 0
 0.3333333333333333
 1
 0.8
 0.6
 0.9
 0.9
 0.9
 0.9
 0.9
 1
 1
 1
 0.9333333333333333
 0.9333333333333333
 0.9333333333333333
 0.95
 0.95
 0.95
 0.85
 0.86
 0.8299999999999998
 0.8399999999999999
 0.8
 0.9266666666666665
 0.9199999999999999
 0.9
 0.9266666666666665
 0.9333333333333333
 0
 0
 0.4176494768251136
 0.8805994499990503
 0.8236942659049601
 0.827220380586861
 0.8640940798518602
 0.8394466974670793
 0.9077103984110306
 0.8923531691555296
 0.938473598940687
 0.9645627013245398
 0.9418830333958403
 0.9644573004102193
 0.920814260984218
 0.9437318503713586
 0.9482518568999857
 0.8973021355482074
 0.933063543293103
 0.9579458794671183
 0.8806207012085168
 0.9033874584363004
 0.8906953917518923
 0.9330726656580839
 0.8908073715925469
 0.9293976989999921
 0.9247016723749331
 0.9390068114064376
 0.9239930172574649
 0.9335309834207497
 0
 0
 0.227458936067425
 0.8946476269386334
 0.7858265938243835
 0.7118940115138938
 0.8636820386332544
 0.8743021513668939
 0.9099599592199071
 0.916459321589145
 0.9235602226257625
 0.9710670797935363
 0.9688584688898387
 0.9729161371616389
 0.9195911799235117
 0.9274921179349584
 0.9319497817162733
 0.9269937282367162
 0.9322428994522535
 0.9324855759096241
 0.8561012459353082
 0.8685265459874112
 0.8977979173286306
 0.8968290348337459
 0.9103668711442269
 0.9083961851032399
 0.9207646421458809
 0.9197190146404474
 0.900508131136381
 0.8990314487145699
 0
 0
 0.6666666666666666
 1
 0.8
 0.6666666666666666
 1
 0.875
 0.6666666666666666
 0.8
 0.9090909090909091
 1
 1
 1
 1
 1
 1
 0
 1
 1
 1
 1
 1
 1
 1
 1
 1
 1
 0
 1
 0
 0
 0.4110519912233546
 0.8662697398460174
 0.8654708139564878
 0.7210241468307613
 0.9644861330296099
 0.8475419971015514
 0.8322051744947268
 0.8949165605634531
 0.8853691673838188
 0.9645215271622052
 0.97434674371441
 0.9708824041287176
 0.9214602497018964
 0.9304904385396275
 0.9452635421121801
 0.8403666769099796
 0.9411535552254888
 0.9325558626070131
 0.8176575286353615
 0.8901501303775363
 0.9255718302743594
 0.8514637888152119
 0.937159019538919
 0.8869414122489598
 0.9222831604722816
 0.9639707389277095
 0.7909957557195019
 0.8972836872666936
 0
 0
 0.5785862941142949
 0.7493857855701701
 0.7614271890793134
 0.8782725591837504
 0.8360668093827978
 0.8695410237200932
 0.8997085791020767
 0.9273538744836765
 0.9085517504892643
 0.9478556915826256
 0.9466373497566566
 0.952188870966349
 0.9198735473942036
 0.9228610162355736
 0.9263432195271933
 0.9172131441442024
 0.9341733674797547
 0.8774088080276938
 0.9091381777734749
 0.891178334607316
 0.8874877432437587
 0.9236241421011544
 0.9103475524694027
 0.9421348104388502
 0.9513500740784857
 0.8741993264392867
 0.8764264896992472
 0.9011606460510455
 0
 0
 0.2260029753292235
 0.842312985893547
 0.8054341672860774
 0.7667510588558109
 0.8678962952097606
 0.8664250760352856
 0.883182135214071
 0.8964383493816563
 0.8935542588084592
 0.9093043861450276
 0.9201996406941473
 0.9154344084569616
 0.8630435473875546
 0.8713540411479231
 0.8799380462816471
 0.8833097895212583
 0.8791382788588572
 0.8856881655726059
 0.8038077678697291
 0.8301141829152615
 0.8464011994879121
 0.847883519831113
 0.860854409402787
 0.8585954148938387
 0.8835711275818317
 0.8648625633863189
 0.8568331344544634
 0.8539589056745178
 0
 0
 0.8972601783482728
 0.8718623590742232
 0.9071473053650579
 0.9459653105423848
 0.915804746403211
 0.926878809277641
 0.9270953753363314
 0.9404983904236985
 0.9100849171625202
 0.9239212391529501
 0.9103160471991473
 0.9107465183902207
 0.9157214928925631
 0.9113717921607302
 0.9087750472623193
 0.9175115259248351
 0.915018366393237
 0.9171689498260482
 0.9109745758369471
 0.9079400657324577
 0.9055424352937518
 0.9003192635585797
 0.9085958772315705
 0.9016318675963332
 0.8922119892709899
 0.9104327467961582
 0.899751845608577
 0.8935205803286478
 0
 0
 0.6443666681485147
 0.8033211066843812
 0.8765504766226196
 0.7831704220557331
 0.9276470921851534
 0.8661180331816385
 0.9046505014911761
 0.9067618040870153
 0.8870753585112686
 0.9785877317656508
 0.9868873298776638
 0.9877665171224019
 0.9190096800069066
 0.9366605538755302
 0.943741599048787
 0.9372863400567748
 0.9464634782817505
 0.9274097078505418
 0.8538751864007943
 0.8695869450105709
 0.8932284376602988
 0.9034980174892173
 0.9211265391916088
 0.9213089245744257
 0.9196128373065146
 0.8850307714201359
 0.9001674024714755
 0.9021292119206187
 0
 0
 0.5785862941142949
 0.7352917292291943
 0.7066904851378915
 0.8770784333771483
 0.8165000474076056
 0.8568939955226716
 0.8462292855483737
 0.8832785926914885
 0.8296807365611022
 0.9078642818028848
 0.955997480691342
 0.8823213847702476
 0.8749896676796901
 0.8716086546626634
 0.9153704172061169
 0.9027059325156979
 0.900643940023331
 0.9036675357136662
 0.9127794277473777
 0.9019805664536963
 0.9240748013866017
 0.9299344344550041
 0.9566651572966118
 0.8870607718617948
 0.9606991796583305
 0.891383561798919
 0.9707641894175978
 0.5354057142805795
 0
 0
 0
 0
 0
 0
 0
 0
 0
 0
 0
 0
 0
 0
 0
 0
 0
 0
 0
 0
 0
 0
 0
 0
 0
 0
 0
 0
 0
 0
 0
 0
 0
 0
 0
 0
 0
 0
 0
 0
 0
 0
 0
 0
 0
 0
 0
 0
 0
 0
 0
 0
 0
 0
 0
 0
 0
 0
 0
 0
 0
 0
 0
 0
 0
 0
 0
 0
 0
 0
 0
 0
 0
 0
 0
 0
 0
 0
 0
 0
 0
 0
 0
 0
 0
 0
 0
 0
 0
 0
 0
 0
 0
 0
 0
 0
 0
 0
 0
 0
 0
 0
 0
 0
 0
 0
 0
 0
 0
 0
 0
 0
 0
 0
 0
 0
 0
 0
 0
 0
 0
 0
 0
 0
 0
 0
 0
 0
 0
 0
 0
 0
 0
 0
 0
 0
 0
 0
 0
 0
 0
 0
 0
 0
 0
 0
 0
 0
 0
 0
 0
 0
 0.8861659605802484
 0.9581706600080466
 0.9177274566897883
 0.9269318381873047
 0.9181946516392074
 0.9112597807941578
 0.9268391097907246
 0.9220182268544272
 0.9187873792459496
 0.9099517629392702
 0.9165328236813447
 0.9302267716583457
 0.9139541561233064
 0.9092779948898644
 0.9215305865056903
 0.9045272646766719
 0.9057531715254494
 0.9098837536877514
 0.9067449249489424
 0.9137287011638666
 0.9052943547649984
 0.9074960637794449
 0.9000837178078445
 0.902029705926495
 0.9029803590718968
 0.8968808342733101
 0.902902931408311
 0.8972406424639126
 0
 0
 0
 0
 0
 0
 0
 0
 0
 0
 0
 0
 0
 0
 0
 0
 0
 0
 0
 0
 0
 0
 0
 0
 0
 0
 0
 0
 0
 0
 0
 0
 0
 0
 0
 0
 0
 0
 0
 0
 0
 0
 0
 0
 0
 0
 0
 0
 0
 0
 0
 0
 0
 0
 0
 0
 0
 0
 0
 0


