# Created by Octave 3.8.2, Sun Nov 15 17:58:10 2015 CET <dkottke@snake7>
# name: mus
# type: matrix
# ndims: 3
 1 30 19
 0
 0
 0.3912075681691713
 0.6057906458797327
 0.613370473537605
 0.7051282051282054
 0.6781545302946089
 0.6880580357142857
 0.7074260189838072
 0.7117318435754191
 0.7230499561787908
 0.7326621923937362
 0.7373652917131175
 0.7280970982142859
 0.7271708683473388
 0.7232142857142857
 0.7183940242763771
 0.7188552188552186
 0.7120060790273557
 0.6707865168539328
 0.694341736694678
 0.6866816311260755
 0.6901709401709408
 0.6869369369369371
 0.6687323943661974
 0.6267186919360835
 0.6167227833894501
 0.5585937500000001
 0.5583982202447164
 0.5655367231638418
 0
 0
 0.6666666666666666
 0.5
 0.6
 0.6
 0.6
 0.5
 0.1
 0.2
 0.2
 0.2666666666666667
 0.3666666666666666
 0.3333333333333333
 0.4
 0.4666666666666666
 0.5
 0.5166666666666666
 0.55
 0.55
 0.58
 0.63
 0.5700000000000001
 0.55
 0.64
 0.72
 0.7733333333333332
 0.72
 0.7333333333333334
 0.7000000000000001
 0
 0
 0.8162440235963495
 0.6953911799847893
 0.702903337350578
 0.6182367542875047
 0.6145289664686583
 0.3830059044946466
 0.5012585150916877
 0.2164069736774572
 0.5209415214438184
 0.5686830720259808
 0.3753033298491832
 0.4539431476709632
 0.4616263882476512
 0.6432525627418541
 0.5900560658423231
 0.6571852557437483
 0.6625561524583725
 0.6264648946629319
 0.6268260669506651
 0.6327946692235134
 0.6193237470373404
 0.6108255718362339
 0.6353129812561769
 0.6548784306320602
 0.6576983714289397
 0.6087938730084155
 0.6708711834167835
 0.6597004244576203
 0
 0
 0.7854526125141386
 0.3367781718445896
 0.5184609208965052
 0.4431572801576677
 0.5414231027939271
 0.442217768881306
 0.3684324763164842
 0.2894016280793732
 0.3263676331442263
 0.346808758719644
 0.3934447735924825
 0.4674386831465955
 0.4949814470641166
 0.5380460993423511
 0.575853061894517
 0.6021507769777291
 0.6247311377082246
 0.5723771225865517
 0.5793921096052743
 0.6070138269174729
 0.6124920805484989
 0.5836085388737801
 0.6100414054359869
 0.6194714201367754
 0.6361223542883367
 0.6093545007152356
 0.6174469302794136
 0.6327321859335245
 0
 0
 0.5815987852570332
 0.426658688982496
 0.5762055013034915
 0.5298742179399695
 0.5003298686804768
 0.4445105071882661
 0.3599132056397438
 0.2886594663365118
 0.3285749691499193
 0.3296285078354314
 0.4053097425141013
 0.4740554572195563
 0.5001494525185336
 0.5315031749898875
 0.5653690595295404
 0.5959526984707237
 0.6257602876239732
 0.566615578507871
 0.5821358000548986
 0.6096641909959221
 0.6120229396931728
 0.5779167171866391
 0.6051682066659634
 0.6172821053513323
 0.6348044374702547
 0.6072443820812948
 0.6178682690805726
 0.6312262704134693
 0
 0
 0.9861070241315499
 0.4444444444593048
 0.5716984507521541
 0.522811980352051
 0.542457651768655
 0.3995521415156192
 0.3415012020526424
 0.2973930382080711
 0.3511769104642625
 0.3388483886077545
 0.4003529461550474
 0.4547975833869246
 0.5080641848777208
 0.5197291520863332
 0.6240154105806714
 0.6059137165381746
 0.66885329410846
 0.5838853452483886
 0.5919491492165476
 0.5659287886701988
 0.6013430893633825
 0.5650090290807247
 0.59581087985155
 0.6421743460843695
 0.6486954562123408
 0.6381155886288284
 0.5998397411126776
 0.6577744850400905
 0
 0
 0.3678794411714423
 0.540799768476197
 0.6302851868405215
 0.7089354946438832
 0.6903595129254282
 0.6404065509576812
 0.6717416626865427
 0.5679786763565083
 0.5895894079533284
 0.5820660062435713
 0.6056679208706691
 0.6501101427650073
 0.6596272355330006
 0.7209735007451541
 0.7649982701017556
 0.7371057509047694
 0.7313820686732624
 0.6976359195248902
 0.7205574048311261
 0.7170505992209015
 0.7456555821052997
 0.7204326157160224
 0.7255644292372603
 0.6958250311358111
 0.7110659521020799
 0.7085510144977483
 0.6903505054494176
 0.7258057548558245
 0
 0
 0.7601881644268568
 0.3447838745939116
 0.6488091934563281
 0.4839737029945101
 0.5235724585060587
 0.4641147374891363
 0.3709753130941041
 0.2984069801553162
 0.3343827670896415
 0.3567709046409185
 0.4222899886046894
 0.4650697700713642
 0.5095380294266562
 0.5429858458977422
 0.5867293777591165
 0.6127370237910968
 0.6361808008808363
 0.5871216589019865
 0.6036240755841884
 0.6185968198174738
 0.6253550439155977
 0.5932861055800863
 0.6163941877945932
 0.6280211392681505
 0.6485357436598626
 0.6163763244024733
 0.6287091258062423
 0.6442375406755787
 0
 0
 0.5656207661833944
 0.4178191616734806
 0.5686201900205927
 0.5499875814369037
 0.4980200392703688
 0.4401493804309637
 0.3577071529739382
 0.3063531551195058
 0.325094894512943
 0.3530218011186644
 0.4285040078723166
 0.475611074927
 0.507311419540996
 0.5314444604098307
 0.568840950020452
 0.6133591757810716
 0.63042612019459
 0.5786247417598442
 0.605596936973356
 0.628071983157677
 0.6217886672929765
 0.5889943472639417
 0.612821196850393
 0.6214365534524268
 0.6404025269359789
 0.6126466945660316
 0.6227696833652659
 0.6394008492187889
 0
 0
 0.9766836536213832
 0.3940627537152587
 0.5420173787185655
 0.5196971512040904
 0.4771226139961174
 0.4415102807839793
 0.3538155106704341
 0.2934189213506525
 0.3313431599545771
 0.3516107692840047
 0.4004708802984242
 0.4534272860121643
 0.4907448544487891
 0.539233614225893
 0.5693506530953366
 0.6033576626158516
 0.6337399729575768
 0.5742696993347094
 0.5930298965196457
 0.6127343749456435
 0.6149685867558188
 0.5898790767192199
 0.60833822861638
 0.6183778288529421
 0.6407579438171599
 0.6089710840835577
 0.6230585272508262
 0.6357525681264671
 0
 0
 0.3678794411714423
 0.5553262207784573
 0.6187688175799093
 0.706938544250413
 0.6814255675607184
 0.6552804518272098
 0.6635294366871822
 0.5399769282900559
 0.557926990760546
 0.58775727955947
 0.6075441172464818
 0.6473499752572681
 0.7762323951267019
 0.6721396802978199
 0.693610934692749
 0.6883727235689613
 0.7072273936065105
 0.6852877353169819
 0.670848429627643
 0.7017851407328708
 0.6941456974163647
 0.7229551380835204
 0.7145735801017811
 0.7317915794796684
 0.7183595101552824
 0.6908907066369535
 0.7020356475775165
 0.714767311631738
 0
 0
 0
 0
 0
 0
 0
 0
 0
 0
 0
 0
 0
 0
 0
 0
 0
 0
 0
 0
 0
 0
 0
 0
 0
 0
 0
 0
 0
 0
 0
 0
 0
 0
 0
 0
 0
 0
 0
 0
 0
 0
 0
 0
 0
 0
 0
 0
 0
 0
 0
 0
 0
 0
 0
 0
 0
 0
 0
 0
 0
 0
 0
 0
 0
 0
 0
 0
 0
 0
 0
 0
 0
 0
 0
 0
 0
 0
 0
 0
 0
 0
 0
 0
 0
 0
 0
 0
 0
 0
 0
 0
 0
 0
 0
 0
 0
 0
 0
 0
 0
 0
 0
 0
 0
 0
 0
 0
 0
 0
 0
 0
 0
 0
 0
 0
 0
 0
 0
 0
 0
 0
 0
 0
 0
 0
 0
 0
 0
 0
 0
 0
 0
 0
 0
 0
 0
 0
 0
 0
 0
 0
 0
 0
 0
 0
 0
 0
 0
 0
 0
 0
 0.4522664844397354
 0.3877317034219889
 0.5550411389248301
 0.5433262697086759
 0.5012264558091938
 0.4438385260669158
 0.3567894988661049
 0.3090882120312063
 0.3268458716887611
 0.3525372964519624
 0.4365619218603319
 0.4721768892151742
 0.5109629175686816
 0.5318978576247338
 0.5630694038852005
 0.6089649178282454
 0.628616350026218
 0.5816675549366178
 0.602855639251382
 0.6259363494750501
 0.6199118379550658
 0.5877354248631006
 0.6107150646511151
 0.6197618077470606
 0.6405712619108712
 0.6112496201342669
 0.6226396205066634
 0.6395476782944874
 0
 0
 0
 0
 0
 0
 0
 0
 0
 0
 0
 0
 0
 0
 0
 0
 0
 0
 0
 0
 0
 0
 0
 0
 0
 0
 0
 0
 0
 0
 0
 0
 0
 0
 0
 0
 0
 0
 0
 0
 0
 0
 0
 0
 0
 0
 0
 0
 0
 0
 0
 0
 0
 0
 0
 0
 0
 0
 0
 0


