# Created by Octave 3.8.2, Fri Nov 20 23:32:57 2015 CET <dkottke@mudflap>
# name: mus
# type: matrix
# ndims: 3
 1 30 19
 0
 0
 0.5797101449275363
 0.7644230769230769
 0.5853658536585368
 0.7058823529411765
 0.6847290640394089
 0.9567307692307693
 0.9516908212560387
 0.9549999999999998
 0.9569377990430621
 0.9558823529411763
 0.9423076923076923
 0.9693877551020409
 0.9538461538461539
 0.9519230769230769
 0.9509803921568628
 0.9848484848484849
 0.9904306220095694
 0.99
 0.9894179894179894
 0.9898989898989901
 0.9855072463768116
 0.9166666666666666
 0.9199999999999999
 0.9567307692307693
 0.9523809523809523
 0.9489795918367347
 0.9704433497536947
 0.9833333333333334
 0
 0
 0.6666666666666666
 1
 1
 0.8
 1
 0.8
 0.6
 0.7
 0.6
 0.7666666666666666
 0.7666666666666666
 0.8666666666666666
 0.8666666666666666
 1
 0.8166666666666667
 0.8333333333333333
 0.85
 0.8
 0.85
 0.8800000000000001
 0.9
 0.8799999999999999
 0.8800000000000001
 0.8466666666666667
 0.8933333333333333
 0.86
 0.78
 0.7666666666666667
 0
 0
 0.8120722662942126
 0.9426087960054557
 0.8546122714694318
 0.8525052029400032
 0.8704152854401457
 0.8348058272928036
 0.8717919669695987
 0.8370666135537362
 0.8195519464807397
 0.8487630495104553
 0.7538340649180155
 0.841900126682836
 0.8224618232636757
 0.9075122447406911
 0.8329676735121806
 0.7813097553001209
 0.8136233500257284
 0.8732186392876178
 0.8801747274880581
 0.8677784355430924
 0.9047994516715169
 0.8760047884051713
 0.8728686240016444
 0.8671778106274076
 0.8587886222922795
 0.8605009426657215
 0.8306978758661268
 0.8520331835230686
 0
 0
 0.4444611094598365
 0.9821500005018167
 0.9777780595217874
 0.9438676426002365
 0.9053106835141317
 0.8858976052593617
 0.9000240069072459
 0.9200518729932713
 0.9296598758664286
 0.9343016868483848
 0.8078359115832877
 0.8538933620960247
 0.9178678879559118
 0.9524804841668405
 0.8432392102053664
 0.8364996928087146
 0.8759203324107628
 0.8900243260536754
 0.8986157908419092
 0.9065520917922009
 0.9181750875439784
 0.8875663870409688
 0.9249893583572713
 0.8640222075184779
 0.8960288388881463
 0.8509899165756635
 0.8558700091683297
 0.8632110632211359
 0
 0
 0
 1
 1
 0.8333333333333334
 0.8571428571428571
 1
 0.8888888888888888
 1
 0.7272727272727273
 0.8333333333333334
 0.7692307692307693
 0.6666666666666666
 0.8
 1
 0.5
 1
 1
 1
 1
 1
 1
 1
 1
 1
 1
 1
 1
 1
 0
 0
 0.2500374963043702
 1.388888878524533
 1.125000019048966
 1.000000000263216
 0.9488095254071718
 0.9589285756873218
 0.9553571461178341
 1.023809525770559
 0.765909154738453
 0.8896465275643939
 0.7512820961995181
 0.7598229828764862
 0.8324668470641721
 1.008969349648668
 0.7193477866739023
 0.9029048329209811
 1.004686298129535
 0.9574470916492905
 0.956896332505291
 0.8437528395443619
 0.8465925370972042
 0.8571434277465823
 0.9857733134959668
 1.04166666770494
 1.062501081949242
 1.031517969287552
 0.7995873801116206
 0.8750006872948672
 0
 0
 0.3678794411714423
 0.9509678451610047
 0.9090528949813554
 0.9802188821909837
 0.9321521834260158
 0.9123383560578682
 0.9196480434033667
 0.8474356346757541
 0.8097674133009551
 0.8139734177007605
 0.7974046441247766
 0.821930699835187
 0.848858445905053
 0.8946733093032289
 0.8314849726874968
 0.8422420062062185
 0.9103392992074162
 0.8932742019927923
 0.8874939303145269
 0.8949858851166026
 0.9232190415605896
 0.9336510262224091
 0.874130459617939
 0.8831073889324831
 0.8788766718547788
 0.8828121897028628
 0.8637269817475296
 0.887620033684936
 0
 0
 0.4444611095323341
 0.888205266047697
 0.9140874673569516
 0.9353636528413136
 0.9224303265346108
 0.8904051840156384
 0.8704574386313038
 0.9001529099345702
 0.8548683109205714
 0.882334319627613
 0.8009919335596732
 0.8596622323485843
 0.8976716598337527
 0.9323520568961471
 0.8664932903323251
 0.8377629456312865
 0.8810337501585713
 0.9061547608947622
 0.9046572361589721
 0.9051674802587236
 0.9275980093603935
 0.8992702795123819
 0.9052984265344003
 0.8682350806402301
 0.8805485923785865
 0.8423146102823545
 0.8401750182814127
 0.8619271182641067
 0
 0
 1
 1
 1
 1
 1
 1
 1
 1
 1
 1
 1
 1
 1
 1
 1
 1
 1
 1
 1
 1
 1
 1
 1
 1
 1
 1
 1
 1
 0
 0
 0.2500374962909397
 1.421569392839037
 0.9653877546218892
 1.224870467179743
 1.108226154530145
 0.8295444441318152
 0.930793235137708
 0.9316551289853285
 0.9095955489826519
 0.9182270694378505
 0.7157035031704236
 0.7988525361724634
 0.8690735946574897
 1.010172928299239
 0.8609343917392762
 0.7702065596692147
 0.8313657618534116
 0.8662973725636383
 0.896648467557452
 0.956134801954734
 1.075736032981907
 0.922944421332056
 0.8684243296782694
 1.084844317652193
 1.030079145153803
 0.8817248904030418
 0.7480033491594742
 0.9998769018524607
 0
 0
 0.3678794411714423
 0.9497180177309928
 0.8800626609554983
 1.023877958234638
 0.9517860915597851
 0.9270526393655036
 0.8976762758317847
 0.8934521569043954
 0.8117145049445234
 0.8333868178093532
 0.8902581859361918
 0.8641732879588364
 0.8338745979895095
 0.9420215559084609
 0.9425178959933058
 0.979659812456251
 1.00897436784161
 0.8783967128501721
 0.8983827594305103
 0.8699186918714608
 0.8912877196949152
 0.9942794152735817
 0.8996734054646358
 0.9211847359524945
 0.9863698914645946
 0.8923960684676069
 0.9173910042498135
 0.8511443768818472
 0
 0
 0
 0
 0
 0
 0
 0
 0
 0
 0
 0
 0
 0
 0
 0
 0
 0
 0
 0
 0
 0
 0
 0
 0
 0
 0
 0
 0
 0
 0
 0
 0
 0
 0
 0
 0
 0
 0
 0
 0
 0
 0
 0
 0
 0
 0
 0
 0
 0
 0
 0
 0
 0
 0
 0
 0
 0
 0
 0
 0
 0
 0
 0
 0
 0
 0
 0
 0
 0
 0
 0
 0
 0
 0
 0
 0
 0
 0
 0
 0
 0
 0
 0
 0
 0
 0
 0
 0
 0
 0
 0
 0
 0
 0
 0
 0
 0
 0
 0
 0
 0
 0
 0
 0
 0
 0
 0
 0
 0
 0
 0
 0
 0
 0
 0
 0
 0
 0
 0
 0
 0
 0
 0
 0
 0
 0
 0
 0
 0
 0
 0
 0
 0
 0
 0
 0
 0
 0
 0
 0
 0
 0
 0
 0
 0
 0
 0
 0
 0
 0
 0
 1
 1
 1
 1
 1
 1
 1
 1
 1
 1
 1
 1
 1
 1
 1
 1
 1
 1
 1
 1
 1
 1
 1
 1
 1
 1
 1
 1
 0
 0
 0
 0
 0
 0
 0
 0
 0
 0
 0
 0
 0
 0
 0
 0
 0
 0
 0
 0
 0
 0
 0
 0
 0
 0
 0
 0
 0
 0
 0
 0
 0
 0
 0
 0
 0
 0
 0
 0
 0
 0
 0
 0
 0
 0
 0
 0
 0
 0
 0
 0
 0
 0
 0
 0
 0
 0
 0
 0


