# Created by Octave 3.8.2, Fri Nov 20 23:32:39 2015 CET <dkottke@mudflap>
# name: mus
# type: matrix
# ndims: 3
 1 30 19
 0
 0
 0.8599033816425117
 0.7451923076923077
 0.707317073170732
 0.9558823529411765
 0.9704433497536947
 0.9471153846153846
 0.9323671497584544
 0.9399999999999998
 0.9521531100478469
 0.9215686274509803
 0.8990384615384617
 0.9132653061224489
 0.9282051282051283
 0.9326923076923077
 0.883169934640523
 0.866161616161616
 0.8899521531100479
 0.8099999999999999
 0.9417989417989419
 0.9318181818181819
 0.9516908212560387
 0.9461805555555555
 0.9525
 0.8942307692307693
 0.982615268329554
 0.9846938775510204
 0.9901477832512315
 0.9777777777777779
 0
 0
 0.3333333333333333
 1
 0.8
 0.6
 0.3
 0.8
 0.8
 1
 0.9333333333333332
 1
 0.9333333333333332
 0.9333333333333332
 0.9333333333333332
 0.9333333333333332
 0.9333333333333332
 1
 1
 0.95
 1
 0.96
 0.95
 0.96
 0.8800000000000001
 0.96
 0.9666666666666668
 0.8866666666666667
 0.8533333333333333
 0.9
 0
 0
 0.6993572951912957
 0.8923053862736532
 0.7892931470571475
 0.8507493124988128
 0.7629547904392908
 0.788450319645376
 0.8009435252130769
 0.7843859715907681
 0.9055355310864778
 0.9062905626695981
 0.9144108490915861
 0.8968078890964919
 0.9262106714141115
 0.9463387631397623
 0.9370984604969445
 0.9618362898043636
 0.9669366317080581
 0.9296701409538788
 0.9320798996114207
 0.9151590127233113
 0.9115714853324233
 0.8959004379261954
 0.8935992765770679
 0.90955703459221
 0.9073099607779473
 0.928353013809779
 0.8753637813284476
 0.8990189963623629
 0
 0
 0.2222388873145593
 0.9851250003989916
 0.9191674459881526
 0.7858871166405764
 0.7063635337161088
 0.7989831427361481
 0.8083827848360834
 0.9844852467542806
 0.9881545689060875
 0.9910370665191687
 0.9932733311785081
 0.9927798221439288
 0.9921445615667647
 0.9974664320126247
 0.9974049073936807
 0.9980710473984974
 0.9991995084653251
 0.993508310060177
 0.9641144186220379
 0.9432235880751239
 0.9482985147389198
 0.9375931800687789
 0.9450397041467049
 0.9440197012980334
 0.9765784473340657
 0.9793305937864796
 0.9125019557041157
 0.9296881909558453
 0
 0
 0.3333333333333333
 1
 0.8
 0.8333333333333334
 0.2857142857142857
 0.625
 0.5555555555555556
 1
 1
 1
 1
 1
 1
 1
 1
 1
 1
 1
 1
 1
 1
 1
 1
 0
 1
 1
 1
 1
 0
 0
 0.4166791654173626
 1.361111143313687
 1.02500029248048
 0.8000000002694033
 0.5148834969075377
 0.6041669285486598
 0.6304576967473098
 1.051190484583598
 1.0553030514175
 1.033838433554194
 1.024592166421372
 1.007936675653883
 1.026596904606436
 1.01573741069877
 1.016483517524282
 1.008547008714269
 1.010135135392922
 1.026595744940595
 1.030172883856082
 0.7916685788030091
 1.01136477313216
 1.003242218954933
 1.000000001413799
 0.6458361723004771
 0.7916687019043864
 0.8750006373368093
 1.000000004796591
 0.9109440101887939
 0
 0
 0.5785862941142949
 0.9980733590578108
 0.9704060521459528
 0.884186435730265
 0.8593790690992807
 0.8231215992107362
 0.8225125156250972
 0.8789070558776444
 0.8837111445778831
 0.8622224959915037
 0.89637886366553
 0.8627831760141105
 0.9519451681739437
 0.986450704319176
 0.9429998693685098
 0.9383169304411567
 0.9807529565350109
 0.9926414474206502
 0.9680347341469895
 0.912469027441137
 0.9341309440281161
 0.8846466936043582
 0.9302286634904839
 0.9292893549024784
 0.919053451013214
 0.9466539929108539
 0.8805959619087791
 0.9052219716184952
 0
 0
 0.222238887337939
 0.9068436482812204
 0.9065725865094827
 0.8490048216197659
 0.6682983654369464
 0.7456918295182549
 0.7879846617363304
 0.8964254795715739
 0.9306201320497441
 0.9607334249582612
 0.9633734009565829
 0.9545359504257543
 0.984754684933741
 0.9966219847881217
 0.9948006784560606
 0.9948459157910946
 0.9970396175885979
 0.9806218470834845
 0.9769737257467253
 0.9423880184322233
 0.9444889442327881
 0.9281716294477548
 0.9491476038114831
 0.9409641778461599
 0.9477406005471027
 0.9572588478872444
 0.9027173295382623
 0.9220012587711324
 0
 0
 1
 1
 1
 1
 1
 1
 1
 1
 1
 1
 1
 1
 1
 1
 1
 1
 1
 1
 1
 1
 1
 1
 1
 1
 1
 1
 1
 1
 0
 0
 0.4166791654246405
 1.377451395986687
 1.14769256271571
 0.7674970293170923
 0.6105167187717594
 0.6180408608720431
 0.6721386319026348
 0.931410766505308
 1.09219171413549
 1.039118009223595
 1.038182381062164
 1.0011118064569
 1.064437177193781
 1.006243501506387
 1.023472924057618
 0.9826986852472785
 1.056066577458768
 1.039817442435031
 0.9380888828576595
 0.9092181129926853
 0.9696405806618652
 0.9021692701871556
 1.00000000000028
 0.9093899709197591
 0.9908037449729576
 0.9998340469594177
 1.000000000007368
 0.9856940337962747
 0
 0
 0.5785862941142949
 0.9837410123915615
 0.965976544794465
 0.8729924991246606
 0.7676287495463799
 0.8195422738229809
 0.857170447314321
 0.9196847408640451
 0.8383892615653799
 0.9006017984883596
 0.8413797685531961
 0.9494028885418381
 0.9036216997988213
 0.9017688268239639
 0.9014435729143966
 0.9323123691661649
 0.9226559845329946
 1.033831574421837
 1.066708437953591
 0.9684067634620345
 0.9099943770023182
 0.9038308858858788
 0.965314323649206
 1.064173884190353
 0.9242090995683216
 1.031306940559085
 0.8919086569638124
 0.923293588302697
 0
 0
 0
 0
 0
 0
 0
 0
 0
 0
 0
 0
 0
 0
 0
 0
 0
 0
 0
 0
 0
 0
 0
 0
 0
 0
 0
 0
 0
 0
 0
 0
 0
 0
 0
 0
 0
 0
 0
 0
 0
 0
 0
 0
 0
 0
 0
 0
 0
 0
 0
 0
 0
 0
 0
 0
 0
 0
 0
 0
 0
 0
 0
 0
 0
 0
 0
 0
 0
 0
 0
 0
 0
 0
 0
 0
 0
 0
 0
 0
 0
 0
 0
 0
 0
 0
 0
 0
 0
 0
 0
 0
 0
 0
 0
 0
 0
 0
 0
 0
 0
 0
 0
 0
 0
 0
 0
 0
 0
 0
 0
 0
 0
 0
 0
 0
 0
 0
 0
 0
 0
 0
 0
 0
 0
 0
 0
 0
 0
 0
 0
 0
 0
 0
 0
 0
 0
 0
 0
 0
 0
 0
 0
 0
 0
 0
 0
 0
 0
 0
 0
 0
 1
 1
 1
 1
 1
 1
 1
 1
 1
 1
 1
 1
 1
 1
 1
 1
 1
 1
 1
 1
 1
 1
 1
 1
 1
 1
 1
 1
 0
 0
 0
 0
 0
 0
 0
 0
 0
 0
 0
 0
 0
 0
 0
 0
 0
 0
 0
 0
 0
 0
 0
 0
 0
 0
 0
 0
 0
 0
 0
 0
 0
 0
 0
 0
 0
 0
 0
 0
 0
 0
 0
 0
 0
 0
 0
 0
 0
 0
 0
 0
 0
 0
 0
 0
 0
 0
 0
 0


