# Created by Octave 3.8.2, Fri Nov 20 20:54:44 2015 CET <dkottke@snake10>
# name: mus
# type: matrix
# ndims: 3
 1 30 19
 0
 0
 0.727323316638844
 0.732739420935412
 0.5905292479108638
 0.5969899665551835
 0.6981656475819907
 0.6891741071428571
 0.6979341150195409
 0.6921787709497206
 0.6981117042466738
 0.7069351230425055
 0.7137681159420287
 0.729631696428571
 0.732773109243697
 0.7036830357142857
 0.6416433239962651
 0.6644219977553315
 0.6294592865141578
 0.6308988764044945
 0.6397759103641457
 0.6260755705200151
 0.6018208844295804
 0.6103603603603602
 0.5960563380281693
 0.5873281308063916
 0.5816498316498318
 0.5717075892857143
 0.5814794215795328
 0.5937853107344635
 0
 0
 0.3333333333333333
 0.5
 0.4
 0.4
 0.4
 0.3
 0.6
 0.4
 0.5333333333333333
 0.5
 0.5
 0.2666666666666667
 0.4
 0.45
 0.4833333333333333
 0.4833333333333333
 0.4666666666666666
 0.45
 0.49
 0.49
 0.53
 0.4400000000000001
 0.4400000000000001
 0.5533333333333333
 0.5866666666666667
 0.6066666666666667
 0.6133333333333334
 0.6333333333333333
 0
 0
 0.5560105598704179
 0.6404241748692625
 0.6081689692999447
 0.7484418184253698
 0.6460124870560077
 0.5831710086741491
 0.447525958442466
 0.5112364595982938
 0.556600912893869
 0.5067630414063475
 0.6670831723502929
 0.4728191362920783
 0.640129730633522
 0.4920292882562015
 0.603540519108456
 0.4453006648259341
 0.5011790511394056
 0.5632407527460148
 0.4509455935302079
 0.5544083767946761
 0.5450510924115037
 0.5575968248189883
 0.5376399337436355
 0.6163315583541584
 0.592052830050233
 0.5699383225944177
 0.6262193625331336
 0.5521876002771569
 0
 0
 0.1666466374700549
 0.4628890634373705
 0.461097477410939
 0.5356201906135856
 0.4434454735319263
 0.5079704732510938
 0.4560591449539764
 0.4977614993933608
 0.4987423919252063
 0.4885660308789986
 0.4800771852710363
 0.4954640563560873
 0.447349362301486
 0.4906587645230736
 0.5170636518048894
 0.4958007091767196
 0.5150770788293901
 0.5174464485449772
 0.5054614141861821
 0.5186362800936286
 0.519818480237598
 0.5138562909663421
 0.5253545008363294
 0.5377155856779251
 0.5363128184465165
 0.5440180224619705
 0.5478355125000274
 0.5439266182676212
 0
 0
 0
 0.5
 0.4
 0.3333333333333333
 0.5714285714285714
 0.75
 0.1111111111111111
 0.2
 0.3636363636363636
 0.25
 0.07692307692307693
 0.4444444444444444
 0.4
 0.6666666666666666
 0
 0
 0
 1
 1
 1
 1
 0
 0
 0
 1
 0
 1
 0
 0
 0
 0.1666645092405923
 0.5833324764139969
 0.575673780069919
 0.4732596927786439
 0.4953300260087346
 0.5514332482137184
 0.3977404627945323
 0.4444683235220804
 0.4812858983661916
 0.4467315539338536
 0.4412590630489569
 0.4802079603347634
 0.4522289908406624
 0.495346967124973
 0.4806048556410642
 0.4459754389805798
 0.4741823380173924
 0.5168785499228338
 0.5245283123981599
 0.5089860742459651
 0.5137708867460985
 0.4673058365502363
 0.4841142656802581
 0.4898064097321803
 0.5300801209789978
 0.503060941517105
 0.561804879105311
 0.5242408098786968
 0
 0
 0.3678794411714423
 0.7682205823420014
 0.6150804957436009
 0.7011699112135023
 0.6711353090350948
 0.7139345369053209
 0.6429707051872949
 0.6523509672731469
 0.6544168043802403
 0.6516379282111293
 0.6303831273894978
 0.6661498139953991
 0.622431787420457
 0.5997002794930958
 0.676941544964083
 0.6234700377924872
 0.6175748693207939
 0.6046965221598615
 0.5916672860073939
 0.6373155005276976
 0.6026090998583613
 0.6046693877812201
 0.6337086287447343
 0.6069560989007285
 0.5756987005099806
 0.5887499943638168
 0.6244211141528421
 0.6332322980518881
 0
 0
 0.1666529250042606
 0.4816113794431189
 0.5267005365130862
 0.5177730094874808
 0.4727623152040852
 0.5184807903524435
 0.4666190095921063
 0.4841551936455882
 0.4960758087298435
 0.4773836252663571
 0.4773952010675057
 0.5142324261922067
 0.4813619476849047
 0.4990748028015966
 0.5237431678969576
 0.5069525746280341
 0.5288245060004817
 0.5296131817644499
 0.5221712493533334
 0.5431095897447078
 0.5310103740831759
 0.5273543150469938
 0.5324809824703799
 0.5390268500982482
 0.5426000006332394
 0.5351475745206845
 0.5443531952874061
 0.5364655418873684
 0
 0
 0.9999993299275542
 0.9999952054420597
 1
 0.9999999999996668
 0.9999999999999984
 1
 0.9978522467047474
 0.9999992293331046
 1
 0.9985591643616237
 0.9941761411187583
 0.9917416506760669
 0.9835961155839684
 0.9776200439992048
 0.9738769422030319
 0.9659284251744238
 0.967421242944922
 0.9589794961884089
 0.9673406519543014
 0.9669368043507202
 0.964225192336255
 0.9632138355746969
 0.9566315696071211
 0.9537594397919668
 0.9628793863579304
 0.9448524010585044
 0.9564528809777899
 0.9536844504230956
 0
 0
 0.1666470089668127
 0.5833195038823094
 0.6350788574285647
 0.4777737502578443
 0.4657252746720926
 0.5273770708671142
 0.4508380587580473
 0.4517757566346471
 0.4815075444785796
 0.4554243726588845
 0.4649338284990758
 0.4897824801041276
 0.4688754454289895
 0.4949832104220889
 0.534541184032888
 0.4931704175547396
 0.5024042691490289
 0.5522381475371103
 0.5138341538637548
 0.5395260206613488
 0.5158275062615775
 0.5199472124801596
 0.522393328048574
 0.5275602080021681
 0.5314423816491295
 0.5342540317375389
 0.5592938919226177
 0.5316479856288329
 0
 0
 0.3678794411714423
 0.7763213501335509
 0.6111664031581002
 0.6932687099405553
 0.6850456382396792
 0.6970218105142658
 0.6339402324119798
 0.6336401353101629
 0.6611040816733534
 0.6070139593826673
 0.6037289621340531
 0.6217286001687712
 0.6149694225629129
 0.5774051394099209
 0.6215083524625121
 0.5792151129920121
 0.6726639680889387
 0.6191385105842457
 0.5970921808573928
 0.600721869134259
 0.664648649969528
 0.5940140688742189
 0.6377758201923496
 0.6008065749991456
 0.59400853929206
 0.6220064495878921
 0.5981429444820676
 0.6075935102808921
 0
 0
 0
 0
 0
 0
 0
 0
 0
 0
 0
 0
 0
 0
 0
 0
 0
 0
 0
 0
 0
 0
 0
 0
 0
 0
 0
 0
 0
 0
 0
 0
 0
 0
 0
 0
 0
 0
 0
 0
 0
 0
 0
 0
 0
 0
 0
 0
 0
 0
 0
 0
 0
 0
 0
 0
 0
 0
 0
 0
 0
 0
 0
 0
 0
 0
 0
 0
 0
 0
 0
 0
 0
 0
 0
 0
 0
 0
 0
 0
 0
 0
 0
 0
 0
 0
 0
 0
 0
 0
 0
 0
 0
 0
 0
 0
 0
 0
 0
 0
 0
 0
 0
 0
 0
 0
 0
 0
 0
 0
 0
 0
 0
 0
 0
 0
 0
 0
 0
 0
 0
 0
 0
 0
 0
 0
 0
 0
 0
 0
 0
 0
 0
 0
 0
 0
 0
 0
 0
 0
 0
 0
 0
 0
 0
 0
 0
 0
 0
 0
 0
 0
 0.9999847210334276
 0.9999996553765066
 0.9999999999995821
 0.9999999999998815
 0.9999999044346456
 0.9999998468569584
 0.9935570794649958
 0.9999977963777889
 0.9999991418656867
 0.9979769830129308
 0.9910407900273137
 0.9877095327154303
 0.9777481961535402
 0.9756421668673266
 0.9708250944007302
 0.9747033605634217
 0.960008489866894
 0.9583896122769979
 0.9575864143604101
 0.9572898985518683
 0.9681180489876564
 0.9592640634776799
 0.960347524041499
 0.9596868226426623
 0.954040978622435
 0.9438535529855799
 0.9523844031368394
 0.9492612902819122
 0
 0
 0
 0
 0
 0
 0
 0
 0
 0
 0
 0
 0
 0
 0
 0
 0
 0
 0
 0
 0
 0
 0
 0
 0
 0
 0
 0
 0
 0
 0
 0
 0
 0
 0
 0
 0
 0
 0
 0
 0
 0
 0
 0
 0
 0
 0
 0
 0
 0
 0
 0
 0
 0
 0
 0
 0
 0
 0
 0


