# Created by Octave 3.8.2, Fri Nov 20 22:00:13 2015 CET <dkottke@snake7>
# name: mus
# type: matrix
# ndims: 3
 1 30 19
 0
 0
 0.9022556390977445
 0.907190635451505
 0.9138075313807541
 0.6767169179229479
 0.848788638262323
 0.9295302013422819
 0.921470342522973
 0.8798319327731099
 0.8615512927439527
 0.8754208754208754
 0.9078177257525072
 0.9332773109243702
 0.9510548523206743
 0.9510135135135135
 0.9487394957983184
 0.9402356902356899
 0.9390142021720964
 0.948305084745763
 0.9448621553884705
 0.9521604938271602
 0.955058528428094
 0.9540816326530612
 0.9574468085106388
 0.9623745819397986
 0.961910774410774
 0.9642857142857144
 0.9629941126997474
 0.9598290598290594
 0
 0
 0.3333333333333333
 0.25
 0.4
 0.5
 0.2
 0.2
 0.2
 0
 0.4666666666666666
 0.5666666666666667
 0.4666666666666666
 0.2333333333333333
 0.2666666666666667
 0.3166666666666667
 0.4
 0.45
 0.3666666666666666
 0.4
 0.47
 0.46
 0.4
 0.5199999999999999
 0.48
 0.4066666666666667
 0.4866666666666666
 0.5333333333333333
 0.46
 0.5
 0
 0
 0.5558071748772297
 0.5129547904392908
 0.5467128038582794
 0.6784637964203368
 0.6206351650641451
 0.3664501022440207
 0.5714238971216576
 0.517231403350692
 0.4287427502721418
 0.3680503210476541
 0.5987504517395015
 0.4378997347219966
 0.3295363894735798
 0.6544049754583294
 0.4930428397749117
 0.4857287420854364
 0.5129250564371752
 0.5011147012975663
 0.5137392289879908
 0.4977589942777469
 0.4977103196136886
 0.5322329369351422
 0.4157393968893537
 0.543104412846113
 0.56163607825086
 0.5596583870924682
 0.5750198943184015
 0.5483347375049841
 0
 0
 0.6354327166268672
 0.5211141980400861
 0.6463350834674421
 0.572631733109658
 0.5208839531868273
 0.442513391637824
 0.4056052358233397
 0.4352518297590506
 0.5091599332558367
 0.4746232654255015
 0.4725652795867763
 0.4973515575180341
 0.4743624365646678
 0.4805885760245894
 0.496704922164607
 0.5270631501423607
 0.5116381145406586
 0.5221723497631779
 0.5369758350118651
 0.5220844348195969
 0.4894037938037786
 0.5262102998727254
 0.503890480187925
 0.503887194569183
 0.52256204178024
 0.5151122668581001
 0.5242043073945266
 0.510858619677617
 0
 0
 0
 0.5
 0.4
 0.6666666666666666
 0.5714285714285714
 0.125
 0.2222222222222222
 0.3
 0.5454545454545454
 0.5
 0.6153846153846154
 0.7777777777777778
 0.2
 0.3333333333333333
 0.5
 1
 0
 0
 1
 1
 1
 0
 1
 0
 0
 1
 1
 1
 0
 0
 0.2499697874368004
 0.6115146911977763
 0.3999978400869879
 0.6721386600172274
 0.484298719135749
 0.4181702324437643
 0.413116688908174
 0.4361971776615182
 0.4822693413019518
 0.4682477883618577
 0.473629273270509
 0.5012152039893835
 0.4344209665990404
 0.4599899244667239
 0.4899457994503592
 0.5582981130233813
 0.4542030118862985
 0.4627253463070007
 0.5392546506328867
 0.5143395542267781
 0.5221545934102656
 0.4937525856151116
 0.5449425071570098
 0.480015666645133
 0.4954935565086245
 0.5300113528025837
 0.5409321145352106
 0.5140328639378787
 0
 0
 0.3678794411714423
 0.8397895448399323
 0.6000779413027046
 0.6730317382836579
 0.6666910784986473
 0.6768740888580896
 0.6472087442731145
 0.6249809951271672
 0.6686645758676458
 0.6121423214369044
 0.6629694552750907
 0.6721720852708217
 0.6077879838443795
 0.6111126654823935
 0.6384122805957863
 0.6851870879917784
 0.6347357324844167
 0.6578168575673459
 0.6468461599852801
 0.6157818530496967
 0.638994997156594
 0.6184847468039877
 0.6637773852265247
 0.6281762258731169
 0.618910647095247
 0.6447366616550714
 0.6289573482272167
 0.6367756135821346
 0
 0
 0.635667677222139
 0.5418518337953805
 0.6229034970638107
 0.5229369478359301
 0.5047105823545771
 0.4605485978730675
 0.425703894031023
 0.4290697208567491
 0.4807134007307804
 0.4608044832813416
 0.4634769290701955
 0.4733787700269368
 0.4825982239616297
 0.4748708206760044
 0.491820980226771
 0.5083982411794193
 0.5040001036688815
 0.5116491061506248
 0.5268759282034162
 0.5121523423913277
 0.4869864811333177
 0.5212694158435134
 0.5025109228349024
 0.4994421609653081
 0.525506737683795
 0.5171029102352784
 0.5280017245591518
 0.5181002503411994
 0
 0
 0.999882761848304
 1
 0.9999999992764913
 0.99999999999747
 0.9999999999902746
 0.9999999937054967
 0.9999999999963869
 0.9999999999999997
 0.9999999999999999
 0.9999999999990039
 0.989691749048714
 0.9887469099212765
 0.9780225715345989
 0.9657895474931671
 0.9763506113723787
 0.9704973764682611
 0.9657872340167345
 0.9534383471672073
 0.9650129539034329
 0.9676750170801722
 0.9585570493726301
 0.9626129869641996
 0.9634765924741373
 0.9571332307758014
 0.9543929464681395
 0.952250151972461
 0.948267581525152
 0.9415771141885815
 0
 0
 0.2499998241475685
 0.6607027793668532
 0.3849960027946381
 0.6067599173387326
 0.4522612262336199
 0.4781992761406038
 0.4150487954772862
 0.4183987344134203
 0.4653714330916872
 0.4462062868342772
 0.4488168302668871
 0.4617352199885614
 0.4484970365454911
 0.4599478121188039
 0.4776823826789567
 0.4974854906626934
 0.4843994196865068
 0.505713662554535
 0.5085460269884799
 0.4975519304371471
 0.5001926458437324
 0.5032571162834656
 0.4885134430297062
 0.4885983677760015
 0.5127804788796115
 0.5059075588582602
 0.5114568437754412
 0.5097219862367226
 0
 0
 0.3678794411714423
 0.8516887402231483
 0.6001413824206766
 0.6969696253192033
 0.6517712932958497
 0.6987038508399381
 0.6306688559191185
 0.6134807371543909
 0.631236810586704
 0.6351209737836111
 0.6259516707940495
 0.6519166709501651
 0.6132687073032057
 0.6253136879124759
 0.7187762452199801
 0.6222971199076917
 0.6317282310728816
 0.6187963452759053
 0.6321595491864092
 0.6303837579147336
 0.6097175085956249
 0.6100361920649366
 0.6144154225743991
 0.6001576177582878
 0.6107857272658604
 0.606939608160482
 0.6133086350553175
 0.6229705416070547
 0
 0
 0
 0
 0
 0
 0
 0
 0
 0
 0
 0
 0
 0
 0
 0
 0
 0
 0
 0
 0
 0
 0
 0
 0
 0
 0
 0
 0
 0
 0
 0
 0
 0
 0
 0
 0
 0
 0
 0
 0
 0
 0
 0
 0
 0
 0
 0
 0
 0
 0
 0
 0
 0
 0
 0
 0
 0
 0
 0
 0
 0
 0
 0
 0
 0
 0
 0
 0
 0
 0
 0
 0
 0
 0
 0
 0
 0
 0
 0
 0
 0
 0
 0
 0
 0
 0
 0
 0
 0
 0
 0
 0
 0
 0
 0
 0
 0
 0
 0
 0
 0
 0
 0
 0
 0
 0
 0
 0
 0
 0
 0
 0
 0
 0
 0
 0
 0
 0
 0
 0
 0
 0
 0
 0
 0
 0
 0
 0
 0
 0
 0
 0
 0
 0
 0
 0
 0
 0
 0
 0
 0
 0
 0
 0
 0
 0
 0
 0
 0
 0
 0
 0.9999689954766298
 0.9999999754860776
 0.9999999999988836
 0.9999999970086719
 0.9999999661184006
 0.9999999843729612
 0.9999999373349524
 0.9999991966691784
 0.9999999971089421
 0.99992942584429
 0.9923939617837835
 0.9869507444059743
 0.9901362091765121
 0.9792224475706041
 0.9690176432937396
 0.9636983219351837
 0.9670743648882104
 0.9602234084730462
 0.9683489935294045
 0.9618113889660934
 0.9616171465708554
 0.9633387982885723
 0.9555689938573431
 0.9591224645519933
 0.9603642549938783
 0.9509423404321758
 0.9504240187690401
 0.9391643489768225
 0
 0
 0
 0
 0
 0
 0
 0
 0
 0
 0
 0
 0
 0
 0
 0
 0
 0
 0
 0
 0
 0
 0
 0
 0
 0
 0
 0
 0
 0
 0
 0
 0
 0
 0
 0
 0
 0
 0
 0
 0
 0
 0
 0
 0
 0
 0
 0
 0
 0
 0
 0
 0
 0
 0
 0
 0
 0
 0
 0


