# Created by Octave 3.8.2, Fri Nov 20 20:15:45 2015 CET <dkottke@snake3>
# name: mus
# type: matrix
# ndims: 3
 1 30 19
 0
 0
 0.9431913116123646
 0.9306020066889632
 0.9221757322175743
 0.8668341708542715
 0.9211918685602904
 0.9454697986577181
 0.9415204678362566
 0.7571428571428572
 0.8223519599666389
 0.9326599326599329
 0.9479515050167215
 0.9487394957983196
 0.9468354430379745
 0.9298986486486487
 0.929663865546218
 0.9427609427609424
 0.9253689780005562
 0.9110169491525424
 0.9314954051796154
 0.9336419753086416
 0.9408444816053516
 0.9532312925170069
 0.9455319148936174
 0.9343645484949828
 0.9478114478114477
 0.9430272108843537
 0.9436501261564333
 0.9547008547008543
 0
 0
 0.3333333333333333
 0.75
 0.6
 0.4
 0.3
 0.1
 0.5
 0.3
 0.6333333333333333
 0.7
 0.4666666666666667
 0.5333333333333333
 0.6666666666666666
 0.6833333333333333
 0.4333333333333333
 0.4833333333333333
 0.6
 0.7
 0.5700000000000001
 0.7300000000000001
 0.75
 0.41
 0.5199999999999999
 0.5800000000000001
 0.5399999999999999
 0.5866666666666667
 0.5800000000000001
 0.7666666666666667
 0
 0
 0.5613132401952403
 0.6350689893038985
 0.621338147608873
 0.5667891643606249
 0.3189866554860502
 0.5852780772035777
 0.6118796128866854
 0.5644297384098909
 0.443491256155452
 0.5027689320843574
 0.5949255002130094
 0.4123948522387323
 0.4973133295890673
 0.6935917672291523
 0.53481475179795
 0.5441381749421494
 0.5705657121432921
 0.5614341953972565
 0.5910490483864739
 0.5626740633382074
 0.5788028661769605
 0.5832173541176344
 0.6624808204221839
 0.5936342397997716
 0.5873612356525489
 0.5705641211315757
 0.5932349932020061
 0.5967878505480195
 0
 0
 0.4366366865817081
 0.6486034765872695
 0.6290067082262493
 0.4075623754137276
 0.3745892377549351
 0.4035815292319246
 0.3460500176879442
 0.4340931779016663
 0.4969534005640273
 0.4871077407270705
 0.4997224275752377
 0.4733624152804475
 0.5634019092158488
 0.5929622130514682
 0.5491682194553047
 0.5388254039221753
 0.5558290209234318
 0.5399024839751005
 0.5352864890882248
 0.6038965839131698
 0.6058098085968677
 0.5796616718949297
 0.630161429355148
 0.6183715385088205
 0.6096429216631517
 0.617034631753155
 0.5852213133075356
 0.6064120867837977
 0
 0
 0.6666666666666666
 1
 0.4
 0.5
 0.2857142857142857
 0.375
 0
 0.3
 0.5454545454545454
 0.3333333333333333
 0.7692307692307693
 0.6666666666666666
 1
 0.3333333333333333
 0.5
 1
 0
 1
 0
 0
 0
 1
 0
 1
 0
 1
 1
 0
 0
 0
 0.6602406570014355
 0.8661569833453219
 0.495889928228453
 0.4602709303725422
 0.2646357406157259
 0.3715285003447976
 0.2458556970953764
 0.3808633134988214
 0.5042446003960429
 0.3970463092415814
 0.6062077748040758
 0.5353829070123629
 0.6478022392596194
 0.5309626738422227
 0.5637074218684477
 0.6538397693225678
 0.4579347590847446
 0.5816935838787778
 0.4746032583975099
 0.5748749606662338
 0.4725066722038436
 0.6631257482884139
 0.5658386301008506
 0.6873242257365854
 0.5686272277087762
 0.6887191024064373
 0.6065933066604736
 0.3892934224274136
 0
 0
 0.5785862941142949
 0.4901329305421209
 0.6510167288640382
 0.6382670819572972
 0.5738071561740941
 0.6944298455814325
 0.6131291977293748
 0.6337630592417072
 0.6734323009977696
 0.6733648644793339
 0.6862102260921918
 0.6260299456731351
 0.6676512255380271
 0.6880074386511186
 0.6755950854306181
 0.6211635871174073
 0.6669478597685383
 0.6208555962869582
 0.6647189240261762
 0.6596942600147766
 0.6483402980780941
 0.6157106238722265
 0.6670468825552773
 0.6721313064660102
 0.638913906931296
 0.6742182967271362
 0.6608055511313548
 0.6601527174078928
 0
 0
 0.4162573361995446
 0.593659640489547
 0.5804178326452374
 0.4202202710548567
 0.3406541339535472
 0.3798882476862432
 0.4058918380100158
 0.4685082604148285
 0.5175589424160926
 0.4958162676500911
 0.5146608985097515
 0.4874524449242646
 0.5162004476858718
 0.5597679046278609
 0.5247491090151819
 0.5206741968920089
 0.5315202050624739
 0.521215144172238
 0.5317032531055458
 0.5661969601986662
 0.5573781462718567
 0.5462806469465319
 0.5668097394117104
 0.5593416551535488
 0.5489946561805603
 0.5611013466047218
 0.5342669505525511
 0.5533513820926871
 0
 0
 0.9658734739098794
 0.926255075784947
 0.9383464720544787
 0.886524074887426
 0.9080799871135696
 0.9332788512527866
 0.9289909354168308
 0.9096986439424526
 0.9284567031965603
 0.9329783074665529
 0.9339628764568743
 0.9172678478984893
 0.9090795361354725
 0.9070360964359839
 0.9133018249097573
 0.9097554914035804
 0.9101003715263182
 0.90990962307398
 0.90770586886271
 0.9016911874423541
 0.912079874027113
 0.9026889429420295
 0.9016770187012151
 0.8967026942879657
 0.8972503652678977
 0.9013223301249011
 0.8996877082140501
 0.8971087014794102
 0
 0
 0.6234574148069785
 0.8033814283521634
 0.4599865366298381
 0.4268624699294641
 0.297111999108177
 0.3159905232520195
 0.3981821534001215
 0.3935265576001422
 0.5056419018057898
 0.407396904732533
 0.5186599932860211
 0.5012981069078962
 0.5257451468894287
 0.5355407589080897
 0.5232995263693395
 0.5317145243464055
 0.543458067804968
 0.5280195748842396
 0.5323913860116555
 0.6055664932298757
 0.5522739831825866
 0.5588208383376263
 0.5595124071976563
 0.6150393502821643
 0.5949910339209714
 0.5948678529424676
 0.5603617935422409
 0.5448712447177293
 0
 0
 0.5785862941142949
 0.4887479308731463
 0.655352284277761
 0.6536579525052753
 0.5156318330997263
 0.716066232589367
 0.625630101596282
 0.634516176565188
 0.6658019651273118
 0.6930186497601324
 0.6857786029298873
 0.6417073744839065
 0.6881595572129676
 0.6909298568497152
 0.6947682520488094
 0.6064384717431839
 0.6612953056264234
 0.6439331298801174
 0.68462501828539
 0.6683432304292788
 0.665066100716498
 0.623436890159879
 0.663787495478791
 0.6622984496983595
 0.6368107482352894
 0.6547136067466377
 0.6409199625812576
 0.6499259089309873
 0
 0
 0
 0
 0
 0
 0
 0
 0
 0
 0
 0
 0
 0
 0
 0
 0
 0
 0
 0
 0
 0
 0
 0
 0
 0
 0
 0
 0
 0
 0
 0
 0
 0
 0
 0
 0
 0
 0
 0
 0
 0
 0
 0
 0
 0
 0
 0
 0
 0
 0
 0
 0
 0
 0
 0
 0
 0
 0
 0
 0
 0
 0
 0
 0
 0
 0
 0
 0
 0
 0
 0
 0
 0
 0
 0
 0
 0
 0
 0
 0
 0
 0
 0
 0
 0
 0
 0
 0
 0
 0
 0
 0
 0
 0
 0
 0
 0
 0
 0
 0
 0
 0
 0
 0
 0
 0
 0
 0
 0
 0
 0
 0
 0
 0
 0
 0
 0
 0
 0
 0
 0
 0
 0
 0
 0
 0
 0
 0
 0
 0
 0
 0
 0
 0
 0
 0
 0
 0
 0
 0
 0
 0
 0
 0
 0
 0
 0
 0
 0
 0
 0
 0.9322677030538544
 0.925180198438355
 0.9474849485368226
 0.9300449090985463
 0.9363829465012112
 0.9221469692654876
 0.9327566991580467
 0.9234412746755066
 0.9161617408545104
 0.9246762558961126
 0.9292184883900563
 0.9187261044003264
 0.9236876842901511
 0.9107285565515836
 0.9220911652755142
 0.9053493308707358
 0.9011807228736786
 0.914803144110542
 0.9049610396121079
 0.9032363114190535
 0.9128700339703556
 0.9089296028952442
 0.9115994862728535
 0.8977742579631375
 0.8964163726219201
 0.8991560867375262
 0.9108227806733499
 0.9049240832137747
 0
 0
 0
 0
 0
 0
 0
 0
 0
 0
 0
 0
 0
 0
 0
 0
 0
 0
 0
 0
 0
 0
 0
 0
 0
 0
 0
 0
 0
 0
 0
 0
 0
 0
 0
 0
 0
 0
 0
 0
 0
 0
 0
 0
 0
 0
 0
 0
 0
 0
 0
 0
 0
 0
 0
 0
 0
 0
 0
 0


