# Created by Octave 3.8.2, Fri Nov 20 20:41:58 2015 CET <dkottke@snake2>
# name: mus
# type: matrix
# ndims: 3
 1 30 19
 0
 0
 0.5364496382860322
 0.566815144766147
 0.6027855153203341
 0.6008918617614271
 0.5942190105614231
 0.5814732142857143
 0.5857063093244
 0.5849162011173188
 0.587682256393913
 0.5878076062639819
 0.6073021181716832
 0.6078404017857143
 0.6240896358543416
 0.6222098214285714
 0.6196451914098974
 0.6414141414141412
 0.6380579107342823
 0.6353932584269661
 0.6392156862745098
 0.6320613542835763
 0.6346153846153848
 0.6278153153153155
 0.6287323943661973
 0.6326644370122629
 0.6282267115600449
 0.6286272321428571
 0.6615684093437151
 0.6689265536723165
 0
 0
 0.3333333333333333
 0.75
 0.6
 0.4
 0.7
 0.8
 0.8
 0.8
 0.8333333333333333
 0.8333333333333333
 0.8666666666666666
 0.8333333333333333
 0.8666666666666666
 0.8833333333333332
 0.8833333333333332
 0.8333333333333333
 0.85
 0.85
 0.85
 0.5900000000000001
 0.61
 0.71
 0.64
 0.62
 0.62
 0.62
 0.76
 0.7333333333333334
 0
 0
 0.6297579584004163
 0.7914880101086355
 0.7032903499376159
 0.7113316114682919
 0.7966678869101473
 0.8345951204398607
 0.897175055763888
 0.860948060389978
 0.8409751300850197
 0.8708920584407635
 0.8175991815594457
 0.8928918991755919
 0.8547246266961535
 0.8979307343698741
 0.9159271984772155
 0.8699511034837688
 0.8633486896276159
 0.8831914548342853
 0.8653890893664584
 0.6713257491117934
 0.6941573077507848
 0.7002025957122933
 0.6672300615308203
 0.669064643271122
 0.6743218161147522
 0.6729622914394593
 0.6973721148938143
 0.7516230803442131
 0
 0
 0.5804107476845382
 0.593497336710504
 0.5326031518711349
 0.5848452836099497
 0.6496641415633496
 0.7184155472553603
 0.7266911157072499
 0.7569200212951476
 0.7773234725499901
 0.798462430251657
 0.7974923872582562
 0.8062021617295797
 0.8137345886845406
 0.828546249711814
 0.805894176923602
 0.789983831956998
 0.8142797489312275
 0.8255131181756187
 0.8212857316912208
 0.6627508257986759
 0.6824305395783172
 0.6822138873194951
 0.6542819836546281
 0.6593733436598216
 0.6534469793040592
 0.6413026557125024
 0.6938687349036524
 0.6691829778345041
 0
 0
 0.3333333333333333
 1
 0.8
 1
 0.5714285714285714
 0.875
 0.7777777777777778
 0.9
 0.9090909090909091
 0.9166666666666666
 0.9230769230769231
 0.8888888888888888
 0.4
 1
 1
 0
 1
 1
 1
 0
 1
 0
 1
 1
 1
 0
 1
 1
 0
 0
 0.3333333333332517
 0.6325833676948744
 0.5301073508836215
 0.7877674163595659
 0.6530771426027355
 0.7525344728863032
 0.8406601292466569
 0.7019852365711781
 0.7904360572973603
 0.7909216296031242
 0.7446899746732872
 0.8120473620505736
 0.8201689908532918
 0.9386118677621577
 0.7753249896693597
 0.7348273522966571
 0.8854732643563357
 0.8186425207029627
 0.9130637615912854
 0.5794992213131032
 0.692059968709311
 0.656200306513584
 0.6749427058797969
 0.6352477729525063
 0.741457938439215
 0.6157346720858881
 0.6704608750958755
 0.6459968915137725
 0
 0
 0.5785862941142949
 0.7374065585664507
 0.6054691702835502
 0.6850435472315174
 0.7718189536202834
 0.7586796420308315
 0.7738998789983246
 0.8916143034790376
 0.7712437878565985
 0.828913346534441
 0.8345195238240936
 0.8045655093940687
 0.8491008268964778
 0.8660323302544755
 0.8647680365976926
 0.8125623456460958
 0.8927359539866708
 0.8588872649654746
 0.8628757130987028
 0.7518185053734662
 0.7350411244096035
 0.7848070118667847
 0.7153484586624254
 0.7430071359628294
 0.7496332309254878
 0.7372834916466148
 0.7710805980244855
 0.7078762518935583
 0
 0
 0.580935012809372
 0.5574594718122736
 0.4886777998102079
 0.6051734194597517
 0.6477316956837378
 0.7145092962273282
 0.6900735244441667
 0.7372500514822549
 0.7526195796631652
 0.7823881486920036
 0.8150205455102415
 0.8248869070398414
 0.8418165318778594
 0.838505592704068
 0.8070699249388513
 0.8098851541282739
 0.8286215703180345
 0.8383589490665133
 0.8324355208830381
 0.6816562888630744
 0.7058592479679807
 0.6974822155300323
 0.6752204926016657
 0.6710840120811994
 0.6625950163646391
 0.6530991496746359
 0.6884573086210434
 0.6741433490484972
 0
 0
 0.9998823522034205
 0.9999947238087816
 0.9999999999843838
 1
 1
 1
 1
 0.9999999999999999
 0.9999999999999989
 0.9999999999912816
 0.9987910688566624
 0.9772195511410507
 0.9768677645306597
 0.9707276947624579
 0.9671127809261928
 0.9704596958135795
 0.9709325062679269
 0.9646181529353685
 0.9654355215148127
 0.9583868740122548
 0.9625331899129331
 0.9601701938201298
 0.9546259701413485
 0.9620093046188526
 0.9634958235290977
 0.9516398327757282
 0.9402057544335021
 0.9455923682572607
 0
 0
 0.3333333332943524
 0.5434806084212767
 0.5011151671833437
 0.6270075010520514
 0.6331070778966481
 0.7048098769954484
 0.650392265077556
 0.8444879195700972
 0.8660574064378925
 0.8751010848251564
 0.9117452754735689
 0.7920566544600307
 0.8078475623529479
 0.817258975895367
 0.9061625440561467
 0.7801585100140594
 0.8474697099420196
 0.8136357985859827
 0.8085890104922869
 0.6755507026674563
 0.6944003774657798
 0.6899609414579615
 0.6674146456422585
 0.6656356852006264
 0.6725462215706739
 0.6547271174105898
 0.7226462201629168
 0.668210434958624
 0
 0
 0.5785862941142949
 0.7414372652315417
 0.6008743973847048
 0.7145781119652173
 0.7611581893598054
 0.8016935781263917
 0.7505455604213208
 0.9176941864722206
 0.7412557744803837
 0.7762565410873907
 0.85425850964032
 0.809978063415381
 0.8119787840660035
 0.8351670391173143
 0.8161988499620032
 0.8065233136344927
 0.8822575248144582
 0.812701914754272
 0.8346147776209875
 0.7412897580502582
 0.7304236083449246
 0.6823959654099438
 0.7180538991602217
 0.7310303546892357
 0.7257125538886664
 0.7217742896039543
 0.7393922370261462
 0.7527409764465191
 0
 0
 0
 0
 0
 0
 0
 0
 0
 0
 0
 0
 0
 0
 0
 0
 0
 0
 0
 0
 0
 0
 0
 0
 0
 0
 0
 0
 0
 0
 0
 0
 0
 0
 0
 0
 0
 0
 0
 0
 0
 0
 0
 0
 0
 0
 0
 0
 0
 0
 0
 0
 0
 0
 0
 0
 0
 0
 0
 0
 0
 0
 0
 0
 0
 0
 0
 0
 0
 0
 0
 0
 0
 0
 0
 0
 0
 0
 0
 0
 0
 0
 0
 0
 0
 0
 0
 0
 0
 0
 0
 0
 0
 0
 0
 0
 0
 0
 0
 0
 0
 0
 0
 0
 0
 0
 0
 0
 0
 0
 0
 0
 0
 0
 0
 0
 0
 0
 0
 0
 0
 0
 0
 0
 0
 0
 0
 0
 0
 0
 0
 0
 0
 0
 0
 0
 0
 0
 0
 0
 0
 0
 0
 0
 0
 0
 0
 0
 0
 0
 0
 0
 0.999963016247471
 0.9999999981409713
 0.9999999999982275
 0.9999999848136285
 0.9999999988636341
 0.9999999980261043
 0.9999985230899344
 0.9999998961450164
 0.9999999120057722
 0.9992605898705214
 0.9955148878829578
 0.987128615098994
 0.9783545191394794
 0.9736601489307594
 0.9701425313526709
 0.9772048630504497
 0.9659989264770462
 0.964010044032639
 0.9657015922091762
 0.9565163092531221
 0.9642506532340502
 0.9586494052995351
 0.9545272632646153
 0.9611768912607302
 0.963258389009642
 0.9500377247536607
 0.9470679240838086
 0.9456780997675264
 0
 0
 0
 0
 0
 0
 0
 0
 0
 0
 0
 0
 0
 0
 0
 0
 0
 0
 0
 0
 0
 0
 0
 0
 0
 0
 0
 0
 0
 0
 0
 0
 0
 0
 0
 0
 0
 0
 0
 0
 0
 0
 0
 0
 0
 0
 0
 0
 0
 0
 0
 0
 0
 0
 0
 0
 0
 0
 0
 0


