# Created by Octave 3.8.2, Fri Nov 20 23:07:47 2015 CET <dkottke@snake5>
# name: mus
# type: matrix
# ndims: 3
 1 30 19
 0
 0
 0.5990338164251208
 0.9326923076923077
 0.7658536585365857
 0.7843137254901961
 0.7192118226600988
 0.7355769230769231
 0.7246376811594203
 0.725
 0.7368421052631577
 0.823529411764706
 0.8365384615384618
 0.826530612244898
 0.9128205128205129
 0.9182692307692307
 0.9215686274509803
 0.9191919191919193
 0.9234449760765551
 0.9199999999999999
 0.9153439153439155
 0.9503367003367003
 0.9565217391304345
 0.9565972222222222
 0.9525
 0.9615384615384616
 0.9546485260770974
 0.9540816326530612
 0.9605911330049262
 0.9555555555555556
 0
 0
 0.6666666666666666
 1
 1
 1
 1
 1
 1
 0.9
 0.9
 0.8333333333333333
 0.8333333333333334
 0.8666666666666666
 0.8666666666666666
 0.8666666666666666
 0.8166666666666667
 0.85
 0.85
 0.95
 0.85
 1
 1
 1
 0.96
 0.9666666666666668
 0.96
 0.9666666666666668
 1
 1
 0
 0
 0.8541260248857174
 0.9411980875508319
 0.915717258822859
 0.8461839973517177
 0.892750211852088
 0.9416342017348298
 0.9618620596173437
 0.9201729588451413
 0.9768150319643711
 0.8968439449949778
 0.8869407229066637
 0.8948271794025247
 0.8885320523474725
 0.9025100955907492
 0.9029005852696729
 0.9217211987085623
 0.9093871851829549
 0.9317663403278564
 0.936753659201532
 0.9371432121927362
 0.9383056023523931
 0.9427141050592713
 0.9760154884693104
 0.974191745616654
 0.9771754204691749
 0.9724459597975201
 0.9844923322151866
 0.9707697710093059
 0
 0
 0.8307648834960761
 0.9312214017602576
 0.8219789425645395
 0.8470442565783826
 0.8157902525677939
 0.8814501047136163
 0.8948597513049126
 0.8884041093571554
 0.9010304987022222
 0.8338324216235891
 0.8355215369391038
 0.8451905131752832
 0.8373604823915812
 0.8516178731197528
 0.8627560869372267
 0.8664210018950428
 0.8747119926832904
 0.8859510797399993
 0.889598510441326
 0.910439505308034
 0.9138788644516895
 0.9223786848864637
 0.9314704262521443
 0.9340329576063384
 0.9341493020112775
 0.9375329420699617
 0.9403258376436631
 0.9418639573882955
 0
 0
 0.3333333333333333
 1
 1
 1
 1
 1
 1
 1
 0.9090909090909091
 0.75
 1
 0.7777777777777778
 0.8
 1
 1
 1
 1
 1
 1
 1
 1
 1
 1
 1
 1
 1
 1
 1
 0
 0
 0.3333333333214729
 0.8392251048973791
 0.714944456920606
 0.7620817631648835
 0.8094819724163886
 0.8669228672368665
 0.8879474528435192
 0.9833115393873353
 0.9683094382179934
 0.821577355354397
 0.8240764420529687
 0.8401847559670718
 0.8520838379345355
 0.8816556519498017
 0.8342034644468924
 0.8827798577927278
 0.8689071711166364
 0.8716342793609602
 0.8571031148274648
 0.9520834606989785
 0.8202616876495114
 0.8759040899871255
 0.9363765309725123
 0.9160290992779014
 0.9567891754669577
 0.9622241682757654
 0.9428296375991474
 0.9308635569704961
 0
 0
 0.5785862941142949
 0.8108929178377234
 0.8065396654886657
 0.8470425067751859
 0.7587821535592724
 0.8098309113503357
 0.8219807359386611
 0.8630567848938805
 0.9140004493022014
 0.8455618316911335
 0.8838540221620877
 0.8954803884972551
 0.8469663556485935
 0.8945278763486176
 0.8663271848990555
 0.8915311758209186
 0.8796935841468828
 0.9024270364115727
 0.9812331511259411
 0.8655277990816442
 0.8945765347070118
 0.9313694630890937
 0.882233461602334
 0.9262670711194344
 0.9220233639298973
 0.9499125626909209
 0.9284913319253959
 0.9298735461390615
 0
 0
 0.8304779969931966
 0.8931744704298682
 0.7935917792029062
 0.7847374056333823
 0.7499561041318709
 0.8171305997749161
 0.8541945567558985
 0.8894333572743344
 0.9246290955736689
 0.8537231874034926
 0.8645327716009424
 0.873641252070763
 0.8522750612138905
 0.8618291264386314
 0.8616445996645175
 0.872607205411152
 0.8736072214034442
 0.8918375094350914
 0.8889098815664211
 0.9024726723586884
 0.9099716152345144
 0.9211315562812635
 0.9376207622388069
 0.9425594947531641
 0.9418940357001656
 0.9465829189316278
 0.9494141462207539
 0.9451158431544869
 0
 0
 1
 0.9999981543719609
 0.9999999652127975
 0.9999999999955284
 0.999999999999673
 0.9999999995596928
 0.9999999999999998
 1
 1
 0.9989281585709477
 0.9964488538870838
 0.9876238293459627
 0.9797366291392922
 0.9817862527796544
 0.9671715929966308
 0.9723049427135595
 0.9644223378968374
 0.9663568041640967
 0.9622380792760142
 0.9596304213182801
 0.9570743798080416
 0.9529392290832969
 0.9659764243126933
 0.957601384860436
 0.9575271917419063
 0.9604894998022356
 0.9585605501148226
 0.9432374361621643
 0
 0
 0.3333333333332439
 0.8389954905012451
 0.7134764915081655
 0.7413396378135115
 0.8404370278769308
 0.7857962141926129
 0.9127489873075431
 0.9637210841386561
 0.9918562835998473
 0.8909986123767301
 0.8702500206300559
 0.8804075991581737
 0.8426188017213706
 0.8616177802932569
 0.8662845030333313
 0.859757924137446
 0.8892530316862783
 0.8742135381584766
 0.8831735477209635
 0.9505078576301111
 0.9055367579807956
 0.9161816077006881
 0.9317005070563705
 0.9386532747022333
 0.9849996073260671
 0.9611712876774363
 0.9464331250282632
 0.9453477460062433
 0
 0
 0.5785862941142949
 0.7927304177334344
 0.8181597712111891
 0.8288572009471222
 0.7903131767883376
 0.7837759004436662
 0.8227056758174354
 0.8338940189856852
 0.8724354947927738
 0.819380366859792
 0.8485363044551777
 0.8926447766609006
 0.8459475999791729
 0.8746891082698711
 0.8583999021680221
 0.8923250180813205
 0.9606072967288827
 0.899750233016597
 0.8833167997059255
 0.9614581501439393
 0.910115129534167
 0.9019671324963382
 0.9081911045933625
 0.9654145630782165
 0.9240349635511053
 0.9495623323673757
 0.9447637559225633
 0.9343976321242563
 0
 0
 0
 0
 0
 0
 0
 0
 0
 0
 0
 0
 0
 0
 0
 0
 0
 0
 0
 0
 0
 0
 0
 0
 0
 0
 0
 0
 0
 0
 0
 0
 0
 0
 0
 0
 0
 0
 0
 0
 0
 0
 0
 0
 0
 0
 0
 0
 0
 0
 0
 0
 0
 0
 0
 0
 0
 0
 0
 0
 0
 0
 0
 0
 0
 0
 0
 0
 0
 0
 0
 0
 0
 0
 0
 0
 0
 0
 0
 0
 0
 0
 0
 0
 0
 0
 0
 0
 0
 0
 0
 0
 0
 0
 0
 0
 0
 0
 0
 0
 0
 0
 0
 0
 0
 0
 0
 0
 0
 0
 0
 0
 0
 0
 0
 0
 0
 0
 0
 0
 0
 0
 0
 0
 0
 0
 0
 0
 0
 0
 0
 0
 0
 0
 0
 0
 0
 0
 0
 0
 0
 0
 0
 0
 0
 0
 0
 0
 0
 0
 0
 0
 0.9999993725973755
 0.9999999935036172
 0.999999999111855
 0.9999999999977691
 0.9999999999533364
 0.9999997224329582
 0.999999943841532
 0.9999999862768496
 0.9999997796107174
 0.9931469466054568
 0.9969331418787358
 0.9904752138683903
 0.9730648357717087
 0.971686425454333
 0.9760024533884729
 0.9725918961290059
 0.9640755779847142
 0.9630704886983
 0.9709818958485468
 0.9585927834549041
 0.9621376106852902
 0.9673956627911401
 0.9644864468094874
 0.9537621210078345
 0.9514066824766354
 0.9527506304660324
 0.9527320332241181
 0.9476870193828656
 0
 0
 0
 0
 0
 0
 0
 0
 0
 0
 0
 0
 0
 0
 0
 0
 0
 0
 0
 0
 0
 0
 0
 0
 0
 0
 0
 0
 0
 0
 0
 0
 0
 0
 0
 0
 0
 0
 0
 0
 0
 0
 0
 0
 0
 0
 0
 0
 0
 0
 0
 0
 0
 0
 0
 0
 0
 0
 0
 0


