# Created by Octave 3.8.2, Sat Nov 21 03:05:01 2015 CET <dkottke@snake7>
# name: mus
# type: matrix
# ndims: 3
 1 30 19
 0
 0
 0.5964912280701756
 0.3686868686868687
 0.5392405063291138
 0.5151515151515151
 0.5137844611528821
 0.5280612244897959
 0.5138888888888888
 0.517948717948718
 0.5164141414141413
 0.5303030303030303
 0.5274358974358974
 0.5248724489795917
 0.5243589743589743
 0.5208333333333334
 0.5203182722364307
 0.5265151515151515
 0.4937343358395989
 0.5157894736842104
 0.5388471177944862
 0.5214646464646465
 0.6621199204319408
 0.7734375
 0.7413333333333333
 0.836923076923077
 0.8197450697450698
 0.8622448979591837
 0.8686426017760349
 0.9000000000000002
 0
 0
 0.6666666666666666
 1
 1
 1
 1
 1
 1
 0.9
 1
 1
 1
 1
 1
 1
 1
 1
 1
 1
 1
 1
 0.96
 0.8400000000000001
 0.9199999999999999
 0.8800000000000001
 0.8800000000000001
 0.8666666666666666
 0.8666666666666668
 0.9333333333333333
 0
 0
 0.6090833386191814
 0.910678616687269
 0.8624433810001595
 0.9677489510801757
 0.9587186573826249
 0.931520272793573
 0.9108702020069519
 0.9325036195966011
 0.9487338159822362
 0.9591518381051023
 0.913701656447783
 0.975244101937727
 0.9529573120003877
 0.9758482137964312
 0.9558418638189765
 1
 0.980010742547095
 0.9939552910686221
 0.9885793051739913
 0.9914871701145577
 0.958799507228388
 0.9123650907032439
 0.9218076944418206
 0.9240622486884661
 0.9518121188047483
 0.9361125221359892
 0.9538393035789715
 0.961670536790078
 0
 0
 0.8291775032629617
 0.9028301957634581
 0.7704895186052159
 0.8648491690000104
 0.9280222228354398
 0.9396100892786173
 0.8977731548253584
 0.8675776902227377
 0.8920276429064975
 0.9089785778692983
 0.9104616183257148
 0.9340398117779026
 0.9430436033933338
 0.9488157404695853
 0.9413087305243384
 0.9555446556976935
 0.961332470748133
 0.9672466172883223
 0.9640427343837011
 0.9638954772319693
 0.9242869856584311
 0.8515220326520697
 0.8606396204281688
 0.8400783410445876
 0.8477012909781779
 0.8385827577818143
 0.8470893568545824
 0.8559434043746208
 0
 0
 0.6666666666666666
 1
 1
 1
 1
 1
 0.8888888888888888
 0.9
 1
 1
 1
 1
 1
 1
 1
 1
 1
 1
 1
 1
 1
 0
 1
 1
 1
 1
 1
 1
 0
 0
 0.6801568675497508
 0.7790941348016094
 0.8483100078088597
 0.9026482793407996
 0.9761694815181228
 0.993675895684114
 0.9750028318858895
 0.9577918783776729
 0.8948904559195742
 0.983435639795463
 0.8508500139722824
 0.9413581510293945
 0.984351918511246
 0.990149198340186
 0.9081108009034126
 0.9984161468695092
 0.9465022706680022
 0.9985703114490055
 0.9244503757080512
 0.9470106705935895
 0.8809800012187241
 0.8145769073373371
 0.9155193345624655
 0.790999732010648
 0.8126880013175897
 0.8273289817052412
 0.8983330855079564
 0.8426909872193227
 0
 0
 0.5785862941142949
 0.8225301810709525
 0.7129971911038008
 0.8801094705779429
 0.8346044096788876
 0.8661932427362951
 0.8167673561877904
 0.9261753615458636
 0.8756896398970665
 0.8880891732546721
 0.8746646903173366
 0.8886103300926601
 0.8942004629180154
 0.9455688778248714
 0.9147917698573458
 0.9238109187633544
 0.9464488017718889
 0.961937766945955
 0.894059275745848
 0.9409601255239708
 0.9191673173911137
 0.8720163308343605
 0.8599355173390595
 0.9054234808019852
 0.8538671780613043
 0.8166149895119607
 0.8491753882378578
 0.8354721309890504
 0
 0
 0.829493137553894
 0.850005609503213
 0.6875241120796981
 0.8216960493216319
 0.8859447374628626
 0.9020396424980678
 0.8874374558826913
 0.8715078997469274
 0.9003035934446142
 0.9073188111991798
 0.9026024792243545
 0.9251168126647072
 0.9388127953199352
 0.9478007913521006
 0.9402490394385138
 0.9630383694182287
 0.965261045834756
 0.9747786719833148
 0.9731972456654764
 0.9763280640302417
 0.9371884417937958
 0.8631302800920099
 0.8741099381591027
 0.8539247392954976
 0.8576228004382809
 0.8500130986922343
 0.8596840204911417
 0.8687750685321919
 0
 0
 0.9999887108214072
 0.9999941016223969
 0.9999996270330479
 1
 0.9999999999353215
 0.9999999999987323
 1
 0.999999999708692
 0.9982405762855771
 0.9994215747236992
 0.9920212421999267
 0.9885319935979885
 0.9841903324627423
 0.9752439993003271
 0.9769632775949446
 0.9687981906890379
 0.9611988092077243
 0.9659615736045259
 0.9636453927842167
 0.9582990797848012
 0.9514194132519526
 0.961636325093865
 0.9591165337716508
 0.9584096165592915
 0.9594595190710133
 0.9478279032652438
 0.9418154237157039
 0.9467568319319892
 0
 0
 0.7849349498266682
 0.7936202848598368
 0.7024880236177439
 0.971342492170941
 0.9751555698581063
 0.9960613635053962
 0.9827389119317094
 0.9013637252256957
 0.9114624778911581
 0.9670268217929009
 0.8940609724525249
 0.9416253970126582
 0.9246466175923903
 0.9340492834935528
 0.9452728875406166
 0.972559920086504
 0.9636596096413151
 0.9720987159543206
 0.9768573778558746
 0.999519666969942
 0.9302123823160332
 0.9153720492581821
 0.863915935114162
 0.8407214762008434
 0.8736119219657972
 0.8389119542829654
 0.9255269036641132
 0.858626387966189
 0
 0
 0.5785862941142949
 0.843182915233546
 0.7135610712060273
 0.8734803698178696
 0.8141819932779774
 0.8464733013993561
 0.8296734049204006
 0.8079905180304273
 0.8994501666994917
 0.8794048830287224
 0.861853956462447
 0.9675179906016704
 0.8939848370958252
 0.9668058552220452
 0.8823456588534458
 0.8999552508346728
 0.9188165491023739
 0.9276519138484705
 0.9879985090477632
 0.9332459699956951
 0.9225961616198516
 0.8643605502601678
 0.8728928750845417
 0.8694798276392152
 0.8505464523561713
 0.8686060039508485
 0.8614102351094407
 0.8458148175683555
 0
 0
 0
 0
 0
 0
 0
 0
 0
 0
 0
 0
 0
 0
 0
 0
 0
 0
 0
 0
 0
 0
 0
 0
 0
 0
 0
 0
 0
 0
 0
 0
 0
 0
 0
 0
 0
 0
 0
 0
 0
 0
 0
 0
 0
 0
 0
 0
 0
 0
 0
 0
 0
 0
 0
 0
 0
 0
 0
 0
 0
 0
 0
 0
 0
 0
 0
 0
 0
 0
 0
 0
 0
 0
 0
 0
 0
 0
 0
 0
 0
 0
 0
 0
 0
 0
 0
 0
 0
 0
 0
 0
 0
 0
 0
 0
 0
 0
 0
 0
 0
 0
 0
 0
 0
 0
 0
 0
 0
 0
 0
 0
 0
 0
 0
 0
 0
 0
 0
 0
 0
 0
 0
 0
 0
 0
 0
 0
 0
 0
 0
 0
 0
 0
 0
 0
 0
 0
 0
 0
 0
 0
 0
 0
 0
 0
 0
 0
 0
 0
 0
 0
 0.9999989317589626
 0.9999999651242319
 0.9999999992481822
 0.9999999999999996
 1
 0.9999998230471329
 0.9999999913604544
 0.9999999917149939
 0.9996130819359035
 0.9974642418982607
 0.9962488557261818
 0.9803272066869955
 0.9707004936075713
 0.9676233563477117
 0.9756726102121502
 0.9732368632771518
 0.9677044908032459
 0.9670621431246783
 0.9653066982745255
 0.9567429800213604
 0.9633564436000619
 0.9600318814889907
 0.9572681679004243
 0.9592726185413332
 0.9571729493752243
 0.951034068912293
 0.9385973889343622
 0.9491077293736464
 0
 0
 0
 0
 0
 0
 0
 0
 0
 0
 0
 0
 0
 0
 0
 0
 0
 0
 0
 0
 0
 0
 0
 0
 0
 0
 0
 0
 0
 0
 0
 0
 0
 0
 0
 0
 0
 0
 0
 0
 0
 0
 0
 0
 0
 0
 0
 0
 0
 0
 0
 0
 0
 0
 0
 0
 0
 0
 0
 0


