# Created by Octave 3.8.2, Fri Nov 20 21:32:24 2015 CET <dkottke@snake10>
# name: mus
# type: matrix
# ndims: 3
 1 30 19
 0
 0
 0.6140350877192979
 0.7341137123745819
 0.7623430962343102
 0.8592964824120606
 0.8994708994709002
 0.9077181208053692
 0.9365079365079353
 0.9378151260504209
 0.9366138448707246
 0.937710437710438
 0.9379180602006679
 0.9411764705882359
 0.9105485232067506
 0.910472972972973
 0.9242857142857139
 0.9255050505050498
 0.932052353104984
 0.9355932203389833
 0.9381787802840429
 0.9386924803591468
 0.9389632107023415
 0.9379251700680274
 0.9395744680851069
 0.9397993311036784
 0.9402356902356899
 0.9383503401360548
 0.9394449116904958
 0.9384615384615379
 0
 0
 0.6666666666666666
 1
 1
 1
 1
 1
 1
 1
 1
 1
 1
 0.8666666666666666
 0.8666666666666666
 0.8666666666666666
 1
 1
 0.8
 0.85
 0.9
 0.9099999999999999
 0.9099999999999999
 0.96
 0.9199999999999999
 0.9266666666666667
 0.9266666666666665
 0.9266666666666667
 0.9266666666666665
 0.9333333333333333
 0
 0
 0.6839397205857212
 0.9125790716513696
 0.8838962238886323
 0.905620888786014
 0.919931395881716
 0.9372093578230299
 0.9686312643668976
 0.9702903337350578
 0.9838630608198466
 0.9688755877224415
 0.9812470900880861
 0.9603870075371068
 0.9454269250878012
 0.9724603292770205
 0.9658900319020425
 0.9365320857957136
 0.8707250902454672
 0.8856550659808853
 0.895360436330725
 0.9250321375727195
 0.8955531994061854
 0.8998753733109021
 0.9118506780478384
 0.916856901266027
 0.9341170540963246
 0.9370407039570799
 0.9384891899084605
 0.957517377005776
 0
 0
 0.6370730886926967
 0.7710484461803804
 0.8332850803723365
 0.8270861527742069
 0.8834034418402401
 0.8791372942089273
 0.90852483404369
 0.9261170240606756
 0.9365340140571954
 0.9384023660824253
 0.9295177479259095
 0.9384520202344638
 0.9328850761722213
 0.9237634285696366
 0.8992390850080416
 0.9040756112001825
 0.8290813565505726
 0.8479648640373151
 0.8640274393176018
 0.8703219230302319
 0.8720186262162234
 0.8798338283214221
 0.8758085298963674
 0.890950676636092
 0.8939584853381055
 0.8942414491579272
 0.9053123241176074
 0.9093604581305049
 0
 0
 0
 1
 1
 1
 1
 1
 1
 1
 1
 1
 1
 1
 1
 1
 1
 1
 1
 1
 1
 1
 1
 1
 1
 1
 1
 1
 1
 1
 0
 0
 0.1666417447363545
 0.989603145555247
 0.9200420148658517
 0.8486183214089813
 0.9185055398943074
 0.9466894833952743
 0.9834700526579955
 0.980281751940945
 0.9241135660726264
 0.9910676229574157
 0.8928254952176066
 0.987445421651719
 0.9319812257644851
 0.9233751823915419
 0.8536937523347611
 0.9104453779792452
 0.8618157927901335
 0.8135009947082373
 0.8892583844645328
 0.8703997575876502
 0.8648834041928947
 0.8459539497738553
 0.8560364692708102
 0.9264335351542313
 0.9511141595764595
 0.8899569954242299
 0.8768488911901944
 0.8808619440185326
 0
 0
 0.3678794411714423
 0.6677761021348569
 0.7687718668824642
 0.8230484055114586
 0.8823930400228986
 0.8755872878303804
 0.8796665996423348
 0.9032488845620897
 0.8975517603632175
 0.915809101011819
 0.8906992911616459
 0.9159101360304274
 0.9319017990125076
 0.9454313153721381
 0.9195949175962282
 0.9300793094019436
 0.8143000177719206
 0.873281231007893
 0.8554630723431986
 0.8054585788727247
 0.930618199180699
 0.8716058107713855
 0.8470702439032031
 0.8353164821246165
 0.8735646406198662
 0.9213411501846656
 0.8537109960687822
 0.9380062195759621
 0
 0
 0.6368612388401979
 0.730368801033789
 0.7993994847620938
 0.7992178764660715
 0.8233660861110478
 0.8338942027531473
 0.8636336974799868
 0.8950669474420476
 0.9194201586831843
 0.9267246078823502
 0.9320719712627442
 0.9453680579950838
 0.9397598854777836
 0.9345150845286322
 0.9109517986858022
 0.9221552309194729
 0.8550582737656037
 0.8670810090072905
 0.8826105997974076
 0.8811939079266838
 0.8840255158172112
 0.8915748956056828
 0.8798029294133609
 0.8986419472982702
 0.9022382106038561
 0.9074319146603035
 0.9171950474748068
 0.9211311141709552
 0
 0
 0.9998100841455538
 0.999999997894661
 0.9999999917256664
 0.9999999999906903
 0.9999999999998845
 0.9999999012575607
 1
 1
 0.999999999999998
 0.9999997581855463
 0.9882150502156494
 0.9798590135437604
 0.9813136170272712
 0.9761400969293517
 0.9750006423203728
 0.9670430934500692
 0.9718330469967255
 0.9693687888623151
 0.9607634639508236
 0.9659442272953948
 0.9661042483969132
 0.9566213228491572
 0.9609177281501761
 0.9568775009569007
 0.9469675508306618
 0.9576461062608408
 0.9324347277005905
 0.9446507961600288
 0
 0
 0.166655051416762
 0.9884634428199369
 0.9530426551230874
 0.7187729981556615
 0.9042288757851071
 0.8980962439592856
 0.8992389657764945
 0.9003555373383456
 0.9552370451795578
 0.9907845070866165
 0.9937065315076836
 0.9444617377746438
 0.9006613486350176
 0.9919585419476854
 0.931967322598758
 0.9060387954397925
 0.8736503442594227
 0.8546599090173129
 0.8808299117859091
 0.869488095723537
 0.8910044252165631
 0.8818841218507899
 0.90447345090008
 0.9275798551366226
 0.8981043798428259
 0.9128361364283775
 0.9488164142385062
 0.9194049030172641
 0
 0
 0.3678794411714423
 0.6739903519438278
 0.8154902243740183
 0.8323592708084624
 0.892788790462072
 0.8875382718246496
 0.8571870048315137
 0.8193659948762959
 0.8349518051031642
 0.8704101894991173
 0.8776471984137
 0.8737015764569728
 0.8722845790594151
 0.8946722991523436
 0.8928278251911526
 0.8937240438832861
 0.8482872538747811
 0.8675853571097814
 0.9122856160336391
 0.8694712196465162
 0.8951665141729527
 0.8805116441932749
 0.8572145093623995
 0.8715040295997803
 0.8856946944714847
 0.8983505751649119
 0.8896988321590038
 0.9079641241910533
 0
 0
 0
 0
 0
 0
 0
 0
 0
 0
 0
 0
 0
 0
 0
 0
 0
 0
 0
 0
 0
 0
 0
 0
 0
 0
 0
 0
 0
 0
 0
 0
 0
 0
 0
 0
 0
 0
 0
 0
 0
 0
 0
 0
 0
 0
 0
 0
 0
 0
 0
 0
 0
 0
 0
 0
 0
 0
 0
 0
 0
 0
 0
 0
 0
 0
 0
 0
 0
 0
 0
 0
 0
 0
 0
 0
 0
 0
 0
 0
 0
 0
 0
 0
 0
 0
 0
 0
 0
 0
 0
 0
 0
 0
 0
 0
 0
 0
 0
 0
 0
 0
 0
 0
 0
 0
 0
 0
 0
 0
 0
 0
 0
 0
 0
 0
 0
 0
 0
 0
 0
 0
 0
 0
 0
 0
 0
 0
 0
 0
 0
 0
 0
 0
 0
 0
 0
 0
 0
 0
 0
 0
 0
 0
 0
 0
 0
 0
 0
 0
 0
 0
 0.999988865561185
 0.9999997515375397
 0.9999999999937691
 1
 0.9999999996474781
 0.9999992890849356
 0.9999997328961606
 0.998340524824021
 0.9999989536434133
 0.9983586090285966
 0.9949337299897127
 0.9901860372764263
 0.9767241502460996
 0.9760849057417881
 0.9783176379352234
 0.9734519672466769
 0.9588367200063724
 0.9657220786702765
 0.9617204581412332
 0.9604575457895818
 0.9540283304379096
 0.9572602557686705
 0.9675919570711798
 0.9541516140224835
 0.9499125810092737
 0.9507699137028478
 0.9425658066455914
 0.9471973328914822
 0
 0
 0
 0
 0
 0
 0
 0
 0
 0
 0
 0
 0
 0
 0
 0
 0
 0
 0
 0
 0
 0
 0
 0
 0
 0
 0
 0
 0
 0
 0
 0
 0
 0
 0
 0
 0
 0
 0
 0
 0
 0
 0
 0
 0
 0
 0
 0
 0
 0
 0
 0
 0
 0
 0
 0
 0
 0
 0
 0


