# Created by Octave 3.8.2, Sat Nov 21 01:43:30 2015 CET <dkottke@snake4>
# name: mus
# type: matrix
# ndims: 3
 1 30 19
 0
 0
 0.7268170426065168
 0.6944444444444444
 0.6582278481012658
 0.6565656565656565
 0.5764411027568924
 0.6760204081632653
 0.7159090909090913
 0.723076923076923
 0.7260101010101007
 0.7777777777777777
 0.7464102564102567
 0.7385204081632653
 0.7602564102564102
 0.7395833333333334
 0.7396987780619494
 0.7121212121212122
 0.781954887218045
 0.7578947368421053
 0.7192982456140351
 0.7512626262626262
 0.7578857630008525
 0.74609375
 0.7893333333333333
 0.8328205128205131
 0.8315295815295815
 0.7946428571428571
 0.7670395571445047
 0.7769230769230769
 0
 0
 0.3333333333333333
 0.5
 0.2
 0.6
 0.3
 0.4
 0.4
 0.4
 0.5
 0.5666666666666667
 0.7
 0.6333333333333333
 0.6666666666666666
 0.6833333333333333
 0.65
 0.8333333333333333
 0.7833333333333333
 0.8
 0.82
 0.8099999999999999
 0.79
 0.8800000000000001
 1
 0.9199999999999999
 0.8933333333333333
 0.8866666666666667
 0.8666666666666666
 0.9333333333333333
 0
 0
 0.7557716022707845
 0.6719677403048772
 0.4276078884724279
 0.6373759600964806
 0.5808158699978019
 0.5329939502543003
 0.4616876412249753
 0.5318155075948205
 0.7235526089389775
 0.752840861498034
 0.7424826264255189
 0.7155166992672128
 0.7240863778715849
 0.7355292342831705
 0.7432795937392245
 0.7847630384951222
 0.7300482045187426
 0.7672113033354259
 0.834348172622374
 0.8185166295175803
 0.849298095799922
 0.8191160223819537
 0.846762870589341
 0.7909925708476092
 0.833517083156871
 0.8481876051130424
 0.8058878967853922
 0.8724772787131441
 0
 0
 0.555004683346155
 0.4113932163308184
 0.3169036386280962
 0.4871044281994175
 0.5716897794530413
 0.4888759979539574
 0.5114011630623758
 0.5453774585899348
 0.6090211162232844
 0.5890501900078497
 0.5988506978726796
 0.6058606463932109
 0.6313418919441891
 0.6421424902598204
 0.6741599073570639
 0.6911752341434573
 0.6562926698263157
 0.6756912671211619
 0.6944045560545716
 0.7104782278691167
 0.711547789362285
 0.7232350728477098
 0.7234976412299671
 0.6971334885072039
 0.7100529744357602
 0.7215430651549971
 0.7285967792706229
 0.7517020327439994
 0
 0
 0
 0.5
 0.2
 0.5
 0.5714285714285714
 0.625
 0.3333333333333333
 0.5
 0.5454545454545454
 0.25
 0.5384615384615384
 0.5555555555555556
 0.8
 1
 1
 1
 1
 1
 0
 0
 1
 1
 1
 1
 0
 1
 1
 1
 0
 0
 0.2499968689705531
 0.3453732497769882
 0.2708300551487893
 0.4955362014827262
 0.513308163695899
 0.5487458539120458
 0.4690976598258254
 0.5430076474433577
 0.6010841757284399
 0.5454451985708964
 0.57926167427831
 0.6108224660170023
 0.6631847137695496
 0.633923362448069
 0.7047819008349655
 0.6890512926769756
 0.7025181150996157
 0.7992783148440058
 0.6302769861302937
 0.6856921746853804
 0.6581765206309329
 0.7863156347945852
 0.7182209663203581
 0.6538630694659117
 0.6629944519202945
 0.7068888175107102
 0.6843345653759417
 0.7040652105245193
 0
 0
 0.3678794411714423
 0.6529568257253793
 0.5711812789795565
 0.6041894926581909
 0.6923136304715926
 0.6778452261085479
 0.7048091253257085
 0.6771947076234218
 0.7458464840296074
 0.7610703889237075
 0.7288365975926325
 0.68666173638919
 0.7493922769051611
 0.7534030870639727
 0.8031498785251012
 0.822324089214542
 0.7603002902506764
 0.751364743151966
 0.7488255571271623
 0.7383052389989558
 0.7493761089401559
 0.7537118255372516
 0.750230665246866
 0.7540044897120638
 0.7910617719489264
 0.8233305381525672
 0.7701308924370471
 0.8080472548398404
 0
 0
 0.5533050394859633
 0.3494682452600587
 0.3244510085457195
 0.4540025735930131
 0.5843097840891798
 0.5061082453350967
 0.5202458065813813
 0.5854410404478735
 0.6244409937258294
 0.6030009332270528
 0.5992364599879765
 0.6273886488619994
 0.637439714475705
 0.6573860359120888
 0.6853157666527081
 0.7019873152192522
 0.666400412913532
 0.6862993368883994
 0.7036551922084551
 0.7257228369535442
 0.715574405648996
 0.723980126323692
 0.7156440162926312
 0.6910640439032201
 0.7124839768934481
 0.7191808502937408
 0.7434222994949539
 0.7657878484716344
 0
 0
 0.9997581899698287
 0.9999974215473516
 0.9999999999999658
 0.9999999999227585
 1
 0.9999999999999999
 0.9999999999999998
 0.9980910398018569
 1
 0.9987700707452137
 0.9948078042233524
 0.9843072091802548
 0.971193276599531
 0.9806575850337642
 0.9726763213119372
 0.9768564370181835
 0.9673432961566951
 0.9671343558566069
 0.9701256340325154
 0.9530166768010681
 0.9585266047899366
 0.9588965749248124
 0.9600258281385792
 0.9504393252429565
 0.9471005038672794
 0.9447677817961612
 0.9512405888909807
 0.9499842326000116
 0
 0
 0.2499758265915651
 0.332286882580187
 0.2683283816214792
 0.4432689118419941
 0.5265328642998125
 0.5418180281431388
 0.4802203149125674
 0.5566783697509146
 0.595103059391513
 0.5731370464944248
 0.6023161900653254
 0.5989113731124183
 0.6165427366807658
 0.7496721709740062
 0.7579244971913065
 0.7187920813191752
 0.7445902393774916
 0.7711536004777046
 0.6846393902094731
 0.7110534681063619
 0.6730104340935998
 0.7147540303855826
 0.6640099986272366
 0.6683911579651907
 0.6929053003301188
 0.6901858392793047
 0.7218178569385302
 0.8170990027943077
 0
 0
 0.3678794411714423
 0.7053475557119657
 0.5987542057121268
 0.6090569634811793
 0.6810970535905577
 0.6684898811488511
 0.6632531182442014
 0.6744703080563148
 0.7622708982492065
 0.6945742644585544
 0.7155650233679719
 0.6652635298704344
 0.7696310677539798
 0.730701822382964
 0.7497857403049472
 0.7388155218565668
 0.7126147117552685
 0.705946231716185
 0.739869250821057
 0.7224232180846095
 0.736590424359859
 0.7232597044644691
 0.742138624938154
 0.7154336184748821
 0.7332437708431921
 0.7825384097603043
 0.7651806202200161
 0.7785088049795493
 0
 0
 0
 0
 0
 0
 0
 0
 0
 0
 0
 0
 0
 0
 0
 0
 0
 0
 0
 0
 0
 0
 0
 0
 0
 0
 0
 0
 0
 0
 0
 0
 0
 0
 0
 0
 0
 0
 0
 0
 0
 0
 0
 0
 0
 0
 0
 0
 0
 0
 0
 0
 0
 0
 0
 0
 0
 0
 0
 0
 0
 0
 0
 0
 0
 0
 0
 0
 0
 0
 0
 0
 0
 0
 0
 0
 0
 0
 0
 0
 0
 0
 0
 0
 0
 0
 0
 0
 0
 0
 0
 0
 0
 0
 0
 0
 0
 0
 0
 0
 0
 0
 0
 0
 0
 0
 0
 0
 0
 0
 0
 0
 0
 0
 0
 0
 0
 0
 0
 0
 0
 0
 0
 0
 0
 0
 0
 0
 0
 0
 0
 0
 0
 0
 0
 0
 0
 0
 0
 0
 0
 0
 0
 0
 0
 0
 0
 0
 0
 0
 0
 0
 0.9999699802920424
 0.9999999903178954
 0.999999999998922
 0.9999999999999333
 1
 0.9999997079443141
 0.9999999678195256
 0.9999996637399942
 0.9987394524061172
 0.9972051993055828
 0.993955946745166
 0.9787138503241029
 0.9726480848466059
 0.9820874496674801
 0.9722266636093776
 0.9713395570178829
 0.9607908356291835
 0.9676156343197941
 0.963133187212313
 0.9541185207259789
 0.9565640318285752
 0.9549140443195627
 0.966725786397798
 0.9445830981243529
 0.9424509560729526
 0.9538301500650556
 0.9517347447243039
 0.953754613946914
 0
 0
 0
 0
 0
 0
 0
 0
 0
 0
 0
 0
 0
 0
 0
 0
 0
 0
 0
 0
 0
 0
 0
 0
 0
 0
 0
 0
 0
 0
 0
 0
 0
 0
 0
 0
 0
 0
 0
 0
 0
 0
 0
 0
 0
 0
 0
 0
 0
 0
 0
 0
 0
 0
 0
 0
 0
 0
 0
 0


