# Created by Octave 3.8.2, Fri Nov 20 20:50:40 2015 CET <dkottke@mudflap>
# name: mus
# type: matrix
# ndims: 3
 1 30 19
 0
 0
 0.8863826232247292
 0.8202341137123745
 0.737238493723849
 0.7855946398659966
 0.7240323029796708
 0.8565436241610739
 0.7953216374268995
 0.867226890756303
 0.8924103419516259
 0.8787878787878787
 0.8979933110367887
 0.8882352941176472
 0.8953586497890292
 0.8893581081081081
 0.8952100840336128
 0.896464646464646
 0.8964076858813699
 0.893220338983051
 0.8855472013366746
 0.8916947250280585
 0.881479933110368
 0.8911564625850342
 0.8774468085106385
 0.8561872909698998
 0.9604377104377104
 0.9571995464852608
 0.9607768177995255
 0.9555555555555555
 0
 0
 0.3333333333333333
 0.5
 0.4
 0.1
 0.4
 0.7
 0.4
 0.8
 0.4333333333333333
 0.4333333333333333
 0.3666666666666666
 0.6333333333333333
 0.4
 0.5166666666666666
 0.5833333333333333
 0.55
 0.6333333333333333
 0.6
 0.63
 0.6
 0.5
 0.5800000000000001
 0.5599999999999999
 0.4666666666666667
 0.5933333333333334
 0.6
 0.6799999999999999
 0.6666666666666666
 0
 0
 0.6156023628745257
 0.849153048461367
 0.6103638323514327
 0.6628690352914359
 0.691314460438721
 0.7054318195858921
 0.648121191592856
 0.5321955343585736
 0.6218400030244531
 0.5730131378551413
 0.6640695761517859
 0.4999092911836966
 0.5556938375196526
 0.5018983938616797
 0.5600054814254147
 0.5509550786988433
 0.494349444885149
 0.5898295447768744
 0.6712435265730725
 0.6103400615233392
 0.5799113180293527
 0.6214334297462865
 0.6113198638820223
 0.582998334138195
 0.5736733413516336
 0.6120088106192121
 0.6414412527282487
 0.6453333992541582
 0
 0
 0.5555555556437158
 0.6012010425033338
 0.7038987872532013
 0.4201582987714437
 0.6053702006008672
 0.6380648921874376
 0.7021731560345148
 0.6047914235128804
 0.5736248255583292
 0.5602903095868154
 0.5065340282574736
 0.5947078868917099
 0.5201637307051418
 0.4962699336608227
 0.5601095136448403
 0.544327874735573
 0.5358074648933993
 0.5587394322439432
 0.621104467128883
 0.6611575982099233
 0.6324916363836443
 0.7027155098249506
 0.6946657545774094
 0.6331143300539686
 0.5944004543957151
 0.6586728871504519
 0.6809224070654943
 0.6949201619311982
 0
 0
 0
 0.75
 0.2
 0
 0.2857142857142857
 0.875
 0.8888888888888888
 0.6
 0.4545454545454545
 0.1666666666666667
 0.3076923076923077
 0.5555555555555556
 0.4
 0.3333333333333333
 1
 0
 1
 1
 1
 0
 0
 0
 1
 0
 1
 0
 1
 1
 0
 0
 0.08334583254443503
 0.8611112409727124
 0.3750087202727542
 0.4166934968589764
 0.4714303284902558
 0.894563804471262
 0.8381676609474631
 0.5920634950869527
 0.4997480112271307
 0.4098526001741264
 0.433510601398351
 0.5321253727050104
 0.4864064012924477
 0.3939753190761383
 0.7226328369128272
 0.3985824317083796
 0.7186358342896085
 0.819276200756538
 0.7170426342022551
 0.5729316756627992
 0.3251502692720269
 0.4345439932233601
 0.9373532766089228
 0.5208440808592593
 0.7269702763597097
 0.6041910417725438
 0.6460223875138507
 1.024812009556922
 0
 0
 0.5785862941142949
 0.8314345178265521
 0.635819190520626
 0.6369823450676164
 0.890163433975619
 0.7096407680061579
 0.6741862353442569
 0.663712453196621
 0.7430263527932688
 0.7324203697592204
 0.6974140480417301
 0.6443257259054063
 0.6560218837195013
 0.6680530994244722
 0.6655017858478616
 0.714623885215838
 0.579426171285407
 0.6403942914289895
 0.7000534059122407
 0.7449055869301942
 0.6362266317789784
 0.7496318317077073
 0.7117189193305822
 0.6217808689053571
 0.6532515797899549
 0.6657621060284367
 0.6952478100118784
 0.6990066675696607
 0
 0
 0.5555555556720577
 0.6284475696585343
 0.6016507670213594
 0.6432577736982431
 0.6326850053247548
 0.6029328110920265
 0.5589797424269224
 0.592205229129982
 0.5727008509845154
 0.5641760677459908
 0.5667786778972645
 0.5810528550503371
 0.5639057284042458
 0.5555316275945033
 0.5809550197191372
 0.5578048736989083
 0.5349767397625406
 0.5667138352068776
 0.5924134742513666
 0.6419051563924781
 0.6324663039923587
 0.6996996928318222
 0.7070996236998872
 0.6255418186124521
 0.5694450449505426
 0.6359083790822365
 0.6875109947824546
 0.6660981718654829
 0
 0
 1
 1
 1
 1
 1
 1
 1
 1
 1
 1
 1
 1
 1
 1
 1
 1
 1
 1
 1
 1
 1
 1
 1
 1
 1
 1
 1
 1
 0
 0
 0.08334583216665861
 0.7807289686229543
 0.4200009615254691
 0.515425710834673
 0.5317464878657241
 0.6739476694790929
 0.6003124858789964
 0.4712989902373586
 0.5076614134902153
 0.4759289175635576
 0.5329134996359308
 0.5479587147471776
 0.529830129502742
 0.5092537979457554
 0.5225410975471562
 0.5193915268559179
 0.5186279731091369
 0.5993371229304114
 0.6093026992799071
 0.7646537415608489
 0.6432812121000711
 0.6885344176060779
 0.6870050152157564
 0.5011258708535418
 0.2962442588385519
 0.747995540592206
 0.4961660115799055
 0.8711520118355586
 0
 0
 0.5785862941142949
 0.8314345182715333
 0.6408117567340057
 0.6578984902691312
 0.9073841642448215
 0.7755720045554326
 0.736130474929042
 0.6670752495465669
 0.6250056088873666
 0.836120880853607
 0.7960938969082192
 0.6923458773314936
 0.8544304464482442
 0.620469644297483
 0.7850589742450985
 0.6772070041433711
 0.6040630061425247
 0.6876725997118204
 0.6591931519590614
 0.8264321935694821
 0.736073323987612
 0.7446023926368404
 0.6988012185710822
 0.6641536998309998
 0.7387936846334102
 0.6769931412703502
 0.6226089493622935
 0.802043833857816
 0
 0
 0
 0
 0
 0
 0
 0
 0
 0
 0
 0
 0
 0
 0
 0
 0
 0
 0
 0
 0
 0
 0
 0
 0
 0
 0
 0
 0
 0
 0
 0
 0
 0
 0
 0
 0
 0
 0
 0
 0
 0
 0
 0
 0
 0
 0
 0
 0
 0
 0
 0
 0
 0
 0
 0
 0
 0
 0
 0
 0
 0
 0
 0
 0
 0
 0
 0
 0
 0
 0
 0
 0
 0
 0
 0
 0
 0
 0
 0
 0
 0
 0
 0
 0
 0
 0
 0
 0
 0
 0
 0
 0
 0
 0
 0
 0
 0
 0
 0
 0
 0
 0
 0
 0
 0
 0
 0
 0
 0
 0
 0
 0
 0
 0
 0
 0
 0
 0
 0
 0
 0
 0
 0
 0
 0
 0
 0
 0
 0
 0
 0
 0
 0
 0
 0
 0
 0
 0
 0
 0
 0
 0
 0
 0
 0
 0
 0
 0
 0
 0
 0
 1
 1
 1
 1
 1
 1
 1
 1
 1
 1
 1
 1
 1
 1
 1
 1
 1
 1
 1
 1
 1
 1
 1
 1
 1
 1
 1
 1
 0
 0
 0
 0
 0
 0
 0
 0
 0
 0
 0
 0
 0
 0
 0
 0
 0
 0
 0
 0
 0
 0
 0
 0
 0
 0
 0
 0
 0
 0
 0
 0
 0
 0
 0
 0
 0
 0
 0
 0
 0
 0
 0
 0
 0
 0
 0
 0
 0
 0
 0
 0
 0
 0
 0
 0
 0
 0
 0
 0


