# Created by Octave 3.8.2, Fri Nov 20 22:27:51 2015 CET <dkottke@snake10>
# name: mus
# type: matrix
# ndims: 3
 1 30 19
 0
 0
 0.6618357487922707
 0.5048076923076923
 0.8731707317073172
 0.8284313725490196
 0.935960591133005
 0.9423076923076923
 0.9516908212560387
 0.9199999999999999
 0.7177033492822966
 0.9411764705882353
 0.9615384615384616
 0.979591836734694
 0.9692307692307693
 0.9759615384615384
 0.9803921568627452
 0.9696969696969696
 0.9808612440191387
 0.9650000000000001
 0.9841269841269842
 0.9898989898989901
 0.9903381642512077
 0.9895833333333334
 0.995
 0.9951923076923077
 0.9947089947089947
 0.9948979591836735
 0.9950738916256158
 1
 0
 0
 1
 0.25
 0.4
 0.7
 0.7
 0.6
 0.9
 0.6
 0.7333333333333333
 0.7333333333333333
 0.5666666666666667
 0.4333333333333333
 0.3333333333333333
 0.3833333333333333
 0.4166666666666666
 0.6166666666666666
 0.5666666666666667
 0.55
 0.62
 0.36
 0.4400000000000001
 0.46
 0.4400000000000001
 0.62
 0.5533333333333333
 0.6266666666666667
 0.5533333333333333
 0.4333333333333333
 0
 0
 1
 0.6558454735266742
 0.672965405328281
 0.7398415387134167
 0.6733118782998583
 0.7323514605576888
 0.7829152327317379
 0.7558765125870889
 0.7142008104028605
 0.7438870472535276
 0.6694643442613569
 0.6808896066853922
 0.6805005388440833
 0.7231535897049666
 0.7042033970351675
 0.7567725300725322
 0.7044763179280682
 0.6785333285628553
 0.6660351468057435
 0.6617301978574226
 0.5962354992719838
 0.6055874407666132
 0.6078484591190176
 0.6326218380580282
 0.6530699227812244
 0.6725849185438626
 0.6825951792350702
 0.6697865258115023
 0
 0
 0.9999999992805334
 0.4377538857037061
 0.4333844849592495
 0.5633576855935267
 0.6146378199715804
 0.7264871658530964
 0.8147991572075753
 0.6681248797403191
 0.6185115224186901
 0.6182088724815207
 0.7001113789326895
 0.6967787278159528
 0.6998242441620507
 0.7041456783400888
 0.7416841674086633
 0.7539789488603339
 0.7142943999016719
 0.6025099307701239
 0.6340678096084158
 0.5682653780131038
 0.5798253560945317
 0.5643647806173472
 0.5376114574349328
 0.5733145221182665
 0.6178277230447871
 0.6527774141052588
 0.6693486184691204
 0.6607504683262936
 0
 0
 1
 0.5
 0.4
 0.6666666666666666
 0.5714285714285714
 0.625
 1
 0.7
 0.6363636363636364
 0.5
 0.7692307692307693
 0.7777777777777778
 1
 0.6666666666666666
 0.5
 1
 1
 1
 1
 0
 0
 0
 0
 0
 1
 1
 0
 1
 0
 0
 0.9999999999998397
 0.6182926671954401
 0.5486330321734993
 0.6184110452437639
 0.5664583188024153
 0.7422476611269069
 0.7167029800709166
 0.615496468224165
 0.6529630787143063
 0.5972469146957992
 0.7113195927426647
 0.7233614789309384
 0.7924906836847225
 0.6948104879151874
 0.6163380708613115
 0.8010928889494784
 0.7956749402221737
 0.6136833810986845
 0.7046714286497695
 0.3618128411446816
 0.4452516084018943
 0.5468884837803512
 0.4759270661879962
 0.6255142679047647
 0.7434460686466009
 0.7448528270342991
 0.6215710590819159
 0.6569183904994885
 0
 0
 1
 0.840159056645171
 0.631547892422385
 0.7426681102898826
 0.6761524835781885
 0.7555796249592418
 0.7545794936164897
 0.6584866544818755
 0.7312633021826902
 0.7334849604708945
 0.7685316583469879
 0.7491640252250505
 0.7694930309318507
 0.7185569398414868
 0.7519004684573489
 0.7707683785891255
 0.7692090522898913
 0.7440785782293643
 0.7094690175498843
 0.7021993069133574
 0.6893916388803475
 0.6851793346593136
 0.7005133873932752
 0.7147412449170263
 0.7258324819642225
 0.7268363042784221
 0.7260317002901997
 0.7231762975219964
 0
 0
 0.9999999999834639
 0.5408925276579507
 0.4275233532409162
 0.5756570472431519
 0.5961903207386713
 0.6665174560893455
 0.7240513437394213
 0.6593720214225149
 0.6200049185046137
 0.6076781089395094
 0.6196787367687144
 0.6260856955686412
 0.6301774333039351
 0.6241196918897363
 0.6520745541898566
 0.6573754265500064
 0.6246591671600747
 0.5821999334055132
 0.6008072753882751
 0.5693090395023214
 0.5702890752022518
 0.5566418766798565
 0.551112986659991
 0.5669041455260126
 0.5836619210990549
 0.5976640483918897
 0.6178718864582542
 0.6098540963831776
 0
 0
 0.9909661886945749
 0.9088165663171531
 0.9037101663959051
 0.9189208092883288
 0.9261776515900054
 0.8956651196275309
 0.9228038722854079
 0.9008590234852423
 0.9287018148380322
 0.9199952458417088
 0.922385990949264
 0.9067983045414173
 0.9333277910457635
 0.9144395613024418
 0.9278328210404635
 0.9081331250157867
 0.9088341542821661
 0.9080189298732197
 0.900766055007085
 0.901615669091883
 0.9081105747012506
 0.8976451500335416
 0.9046890003571444
 0.9011053616093598
 0.9029432395724684
 0.9047679002521557
 0.9126431262359123
 0.9015775042508885
 0
 0
 0.9999999999919816
 0.6702470955861149
 0.6206896754268028
 0.6124545423773624
 0.6091843256175798
 0.8291823836237187
 0.87737639455295
 0.6004430448745159
 0.6235342281192346
 0.6178017719849285
 0.6222374797307219
 0.6672843574853793
 0.6840550771053352
 0.6774974733333087
 0.6113049604527535
 0.7532281349787378
 0.7360113065726454
 0.5860849925960759
 0.6575570268158467
 0.5700992587192368
 0.5799052646122929
 0.5667731939361349
 0.5511296093567901
 0.584316138549291
 0.7130163142386794
 0.6131793458043215
 0.6220876514422009
 0.6521429093700033
 0
 0
 1
 0.8261388815491714
 0.6896084903733881
 0.7484427829926003
 0.6838793373481689
 0.7379768701459347
 0.7538634140255082
 0.7126703567896686
 0.6752946433720499
 0.7780668011820232
 0.7226000555599127
 0.7214504830275418
 0.71610082510297
 0.7409154543774443
 0.7181826865260841
 0.6485896471545503
 0.7425111389620609
 0.7853976569022092
 0.7013741973818645
 0.6911976476917835
 0.4009512926734038
 0.7384981473438178
 0.7768101614477168
 0.7006296705718741
 0.7601980204782061
 0.709492886690692
 0.7106671377367737
 0.6527116567638525
 0
 0
 0
 0
 0
 0
 0
 0
 0
 0
 0
 0
 0
 0
 0
 0
 0
 0
 0
 0
 0
 0
 0
 0
 0
 0
 0
 0
 0
 0
 0
 0
 0
 0
 0
 0
 0
 0
 0
 0
 0
 0
 0
 0
 0
 0
 0
 0
 0
 0
 0
 0
 0
 0
 0
 0
 0
 0
 0
 0
 0
 0
 0
 0
 0
 0
 0
 0
 0
 0
 0
 0
 0
 0
 0
 0
 0
 0
 0
 0
 0
 0
 0
 0
 0
 0
 0
 0
 0
 0
 0
 0
 0
 0
 0
 0
 0
 0
 0
 0
 0
 0
 0
 0
 0
 0
 0
 0
 0
 0
 0
 0
 0
 0
 0
 0
 0
 0
 0
 0
 0
 0
 0
 0
 0
 0
 0
 0
 0
 0
 0
 0
 0
 0
 0
 0
 0
 0
 0
 0
 0
 0
 0
 0
 0
 0
 0
 0
 0
 0
 0
 0
 0.9766514362634615
 0.8498931811631432
 0.9648758746069903
 0.9433348486778047
 0.904347012792897
 0.8989803807033456
 0.9078960678514711
 0.9041641484884941
 0.93032787632264
 0.9177768799977968
 0.9240874758469023
 0.9022192802994866
 0.8950596414804491
 0.90940552522929
 0.9190777415062146
 0.9113413405120401
 0.9029518015425149
 0.9051790306390411
 0.9021507809470928
 0.9045276132062157
 0.9071227223302294
 0.9011556801460152
 0.8977577619197971
 0.9077703119828006
 0.9054604344082401
 0.9117845083916115
 0.9060466624233519
 0.9041283951688546
 0
 0
 0
 0
 0
 0
 0
 0
 0
 0
 0
 0
 0
 0
 0
 0
 0
 0
 0
 0
 0
 0
 0
 0
 0
 0
 0
 0
 0
 0
 0
 0
 0
 0
 0
 0
 0
 0
 0
 0
 0
 0
 0
 0
 0
 0
 0
 0
 0
 0
 0
 0
 0
 0
 0
 0
 0
 0
 0
 0


