# Created by Octave 3.8.2, Fri Nov 20 21:54:31 2015 CET <dkottke@snake3>
# name: mus
# type: matrix
# ndims: 3
 1 30 19
 0
 0
 0.698412698412698
 0.4565217391304348
 0.7297071129707113
 0.7303182579564486
 0.7126148705096064
 0.7399328859060402
 0.7410192147034245
 0.8302521008403358
 0.7856547122602162
 0.7870370370370368
 0.7667224080267552
 0.7653781512605041
 0.7265822784810128
 0.7440878378378378
 0.7218487394957983
 0.7133838383838388
 0.6808688387635756
 0.6855932203389831
 0.6583124477861324
 0.6534792368125703
 0.6576086956521741
 0.7414965986394559
 0.7021276595744681
 0.6617892976588629
 0.5917508417508419
 0.6044501133786847
 0.586053979662054
 0.5931623931623931
 0
 0
 0.6666666666666666
 1
 0.6
 0.5
 0.6
 0.8
 0.6
 0.7
 0.8333333333333333
 0.8666666666666666
 0.8333333333333333
 0.8666666666666666
 0.9333333333333332
 0.8666666666666666
 0.8833333333333332
 0.95
 0.95
 0.95
 0.95
 0.9099999999999999
 0.9199999999999999
 0.8800000000000001
 0.9199999999999999
 0.9199999999999999
 0.8799999999999999
 0.9
 0.9
 0.9
 0
 0
 0.6444321856589363
 0.945270735968033
 0.6476765042267295
 0.690353683122112
 0.6703662824985144
 0.707909465616318
 0.5979461468091798
 0.737388084355975
 0.7494978550170179
 0.82091544020047
 0.8422401891157941
 0.7999900090146759
 0.8570293690731929
 0.858623726130145
 0.9055123916680793
 0.8715876784466218
 0.8994417454853966
 0.9249550405249211
 0.9206517266326735
 0.9318411291740007
 0.8772099194154912
 0.8858000836933401
 0.9022392032068247
 0.901027239309048
 0.8727712514132253
 0.8681495221071039
 0.8729040916415597
 0.8925896741416909
 0
 0
 0.7500124987558053
 0.9821500004361639
 0.8908361239835881
 0.6053385621303531
 0.7578042405209574
 0.8263584530497613
 0.7100262993814367
 0.7401170734113174
 0.8872488793742156
 0.8728437811383681
 0.910775840841512
 0.9035788799665335
 0.9479844470119241
 0.9357951698842135
 0.9167088945799616
 0.9348078384887794
 0.9591153373820588
 0.9554319263680304
 0.961277434782555
 0.9496864942239641
 0.9205448042085989
 0.9157241538989495
 0.9323382689816707
 0.9172906581314856
 0.9065097128445297
 0.9145714356778104
 0.9004853138323166
 0.9363137426322031
 0
 0
 0.6666666666666666
 1
 1
 0.5
 0.8571428571428571
 0.875
 0.6666666666666666
 0.5
 0.6363636363636364
 0.9166666666666666
 0.6923076923076923
 0.6666666666666666
 0.8
 1
 1
 1
 1
 1
 1
 0
 1
 1
 1
 1
 0
 0
 1
 1
 0
 0
 0.9000299970458004
 1.2381000003364
 1.050000069473538
 0.5833335666631437
 0.8678570613454956
 0.9142857166203959
 0.6865079383778723
 0.6146839084716111
 0.7225386674129657
 0.9717171964979486
 0.7707470926495017
 0.7985565864451543
 0.8618571499946913
 1.030220713878619
 0.9977524842944632
 0.9572655182082694
 0.9729736809154897
 1.034574326534854
 1.043103864767538
 0.7083359329478083
 1.022670515308705
 1.035714972600018
 0.8859399962605142
 1.060836764788798
 0.6354446734761736
 0.6875028680150154
 1.000000903345829
 1.000000006670537
 0
 0
 0.7892931470571475
 0.8919452041431719
 0.6427670629597303
 0.7215510199736357
 0.6595483399927858
 0.8029885930188532
 0.7522671126378347
 0.7072343942076159
 0.7946881461133015
 0.8428447367838586
 0.7800533373664209
 0.8832976608648796
 0.9022523251927231
 0.881970866105366
 0.8798925565489361
 0.9208481705784373
 0.9553564838327345
 0.9254738110777787
 0.9534971553885271
 0.9151600100494676
 0.8915529793569015
 0.8841752228867356
 0.8785121886126593
 0.9242702184293163
 0.8982559686839193
 0.9107354399905194
 0.878059590514368
 0.8757006547945728
 0
 0
 0.7500124987555155
 0.8881874866235171
 0.8057273205065308
 0.7241795307227873
 0.7627171397935549
 0.7923330936699848
 0.7352383087427609
 0.8011356747491694
 0.790243103024125
 0.8440228219292956
 0.8697491163870747
 0.9163125248151369
 0.9254075531369155
 0.9166544168782461
 0.9370289970392641
 0.9533740032478548
 0.9572936094473536
 0.9545542786700437
 0.9630933179687461
 0.9646699817163051
 0.9179267433882365
 0.9296216516522494
 0.9237081089430907
 0.9377174211766756
 0.8953348646480539
 0.9047304201619883
 0.9033417913432238
 0.9211131588821672
 0
 0
 1
 1
 1
 1
 1
 1
 1
 1
 1
 1
 1
 1
 1
 1
 1
 1
 1
 1
 1
 1
 1
 1
 1
 1
 1
 1
 1
 1
 0
 0
 0.9000299970310882
 1.175446491716897
 0.7676943714549863
 0.6787564772398038
 0.7329335649928057
 0.7669336360501604
 0.6295208184155854
 0.7027796161519728
 0.9258756708660706
 0.8641369449714891
 0.9048583879245211
 0.9479110058373796
 0.9808619752413831
 1.009926882371373
 0.9021526334930686
 0.9170873863670419
 0.925915424203921
 0.9298142030508194
 0.9112363082194322
 0.9285201234033755
 0.8604512934997977
 0.9252942363197907
 0.8294273920557944
 0.9895734366294259
 0.8694024708821532
 0.8817224763014646
 0.9922990003203562
 1.000000000000047
 0
 0
 0.7892931470571475
 0.8919452038000074
 0.6527968969456391
 0.7482275057918616
 0.6735760710416347
 0.9724819590511984
 0.7042248128433982
 0.7407213814111526
 0.8321224087009345
 0.9171768836235868
 0.873478805994616
 0.896399316484281
 0.8388257336144836
 1.074442492403035
 0.9509827656480754
 0.969482207885408
 0.8976231278863637
 1.043313881213573
 0.9580480541396721
 0.9248563279915525
 0.9736118909649043
 0.8941395747073967
 0.8830388565811905
 0.9002291263302082
 0.8391397781630983
 0.9037430478688006
 0.941597785029139
 0.9826767473757709
 0
 0
 0
 0
 0
 0
 0
 0
 0
 0
 0
 0
 0
 0
 0
 0
 0
 0
 0
 0
 0
 0
 0
 0
 0
 0
 0
 0
 0
 0
 0
 0
 0
 0
 0
 0
 0
 0
 0
 0
 0
 0
 0
 0
 0
 0
 0
 0
 0
 0
 0
 0
 0
 0
 0
 0
 0
 0
 0
 0
 0
 0
 0
 0
 0
 0
 0
 0
 0
 0
 0
 0
 0
 0
 0
 0
 0
 0
 0
 0
 0
 0
 0
 0
 0
 0
 0
 0
 0
 0
 0
 0
 0
 0
 0
 0
 0
 0
 0
 0
 0
 0
 0
 0
 0
 0
 0
 0
 0
 0
 0
 0
 0
 0
 0
 0
 0
 0
 0
 0
 0
 0
 0
 0
 0
 0
 0
 0
 0
 0
 0
 0
 0
 0
 0
 0
 0
 0
 0
 0
 0
 0
 0
 0
 0
 0
 0
 0
 0
 0
 0
 0
 1
 1
 1
 1
 1
 1
 1
 1
 1
 1
 1
 1
 1
 1
 1
 1
 1
 1
 1
 1
 1
 1
 1
 1
 1
 1
 1
 1
 0
 0
 0
 0
 0
 0
 0
 0
 0
 0
 0
 0
 0
 0
 0
 0
 0
 0
 0
 0
 0
 0
 0
 0
 0
 0
 0
 0
 0
 0
 0
 0
 0
 0
 0
 0
 0
 0
 0
 0
 0
 0
 0
 0
 0
 0
 0
 0
 0
 0
 0
 0
 0
 0
 0
 0
 0
 0
 0
 0


