# Created by Octave 3.8.2, Sun Nov 15 23:32:58 2015 CET <dkottke@snake6>
# name: mus
# type: matrix
# ndims: 3
 1 30 19
 0
 0
 0.7794486215538849
 0.7357859531772575
 0.5280334728033473
 0.7395309882747062
 0.8078529657477027
 0.9421140939597316
 0.9331662489557214
 0.9453781512605051
 0.9541284403669719
 0.9511784511784513
 0.9464882943143806
 0.9512605042016807
 0.9535864978902949
 0.956081081081081
 0.94453781512605
 0.9570707070707065
 0.9565580618212193
 0.952542372881356
 0.9557226399331659
 0.955667789001122
 0.9590301003344485
 0.9532312925170069
 0.958297872340426
 0.9515050167224075
 0.9587542087542086
 0.9537981859410433
 0.9590947320131507
 0.9547008547008543
 0
 0
 0.6666666666666666
 0.5
 0.6
 0.7
 0.6
 0.5
 0.5
 0.6
 0.8333333333333333
 0.6666666666666666
 0.5
 0.4
 0.6666666666666666
 0.6333333333333333
 0.7499999999999999
 0.8333333333333333
 0.6666666666666666
 0.5
 0.5900000000000001
 0.6699999999999999
 0.73
 0.67
 0.6000000000000001
 0.5733333333333334
 0.82
 0.6399999999999999
 0.7533333333333333
 0.6666666666666667
 0
 0
 0.6297579584004163
 0.7489450262808566
 0.6077266035638383
 0.763492307921288
 0.7682224617628622
 0.7058023970868894
 0.753896031770168
 0.6548628558534891
 0.6291100257736073
 0.753563284993838
 0.6498094420133648
 0.627350523355293
 0.6197883718143197
 0.5035674925684201
 0.694678373193541
 0.5772999722222585
 0.5570848518006579
 0.5862935518583392
 0.5553189308676549
 0.6100262688276075
 0.5665801442053063
 0.5569394440546231
 0.5685518189034569
 0.6316222741673357
 0.6797852112805234
 0.5582723321550584
 0.6167185384205874
 0.5984595550876264
 0
 0
 0.6175249384176813
 0.377579942133109
 0.5038930022124448
 0.578503939283884
 0.5911390263404751
 0.6513640976062489
 0.5796746602484842
 0.6180055513440244
 0.5929881698640568
 0.5899245540039484
 0.5811514535156651
 0.5448867654287496
 0.5382045192290338
 0.5397987453493169
 0.5376799741346303
 0.5479342166428468
 0.5313262832286247
 0.5245750623689984
 0.5183033288679064
 0.53068958320953
 0.5435910304210746
 0.5259383544531795
 0.5463829926081643
 0.5489362919133098
 0.5515679173910384
 0.5585215801911035
 0.5469082157967351
 0.5552676898540113
 0
 0
 0.8467739237672381
 0.6369820574215996
 0.6234893948350465
 0.569206624233603
 0.5482311961753278
 0.5839168093285162
 0.6257257049714031
 0.6041298890393668
 0.5970947381986252
 0.5956651491765297
 0.5832616828941065
 0.5486722400328673
 0.5328718727227995
 0.5397992305475779
 0.5453554722115593
 0.5399793586689315
 0.5302184195079528
 0.5205463557747158
 0.5242953701583132
 0.5318235440511838
 0.5388689539395002
 0.5289382552565762
 0.5455824542601343
 0.5476353518504524
 0.5502327073950192
 0.5594690662909856
 0.5539438673576457
 0.5554283371476785
 0
 0
 0.7942617218948825
 0.3333201576955728
 0.5462032060232438
 0.5878285922139963
 0.7360315560674222
 0.6353037989848644
 0.6282380314067442
 0.6300547869569914
 0.5549030767030418
 0.5950092815212878
 0.5796966108261342
 0.5274282440581393
 0.548380852410717
 0.567743535144097
 0.5728416671963915
 0.5529658631020973
 0.4871378016301146
 0.5300088802785525
 0.5159038726538323
 0.5507464518892963
 0.5577290640648104
 0.5349454856204566
 0.5552144106615758
 0.5251495347683499
 0.5168228545696849
 0.6094030149730544
 0.5256707337915725
 0.5725311733984293
 0
 0
 0.5785862941142949
 0.5605981217624227
 0.6331599361081802
 0.7338243338042603
 0.69155453175773
 0.7116253610312125
 0.7383761062014261
 0.7337082085351591
 0.7541464633103644
 0.677108112904086
 0.7046891508219209
 0.6767185907066231
 0.7113408500787315
 0.6771729966073441
 0.7094822653515345
 0.6363869682595116
 0.6688387193086902
 0.6724255132493007
 0.6283198139758162
 0.6697812668052873
 0.6882083095791446
 0.6414051358701612
 0.6861527950892874
 0.6274542634499871
 0.6515937349691289
 0.6548572055830351
 0.6800276573217185
 0.6623741796185368
 0
 0
 0.6355798787202038
 0.4359046462043091
 0.4792910227938916
 0.5909823511155055
 0.616364951009683
 0.6741931601433229
 0.5943046225760829
 0.6427095862304446
 0.6068854291540279
 0.5995137930326684
 0.593113962159693
 0.5575258449115071
 0.5534446934907118
 0.5483546662056468
 0.5477505404437799
 0.5608963380650539
 0.5430779687594854
 0.5312651990792961
 0.5329277596105414
 0.551048647811502
 0.5544875856820766
 0.5422494397343482
 0.5480524608008167
 0.5524544801714774
 0.5580735806689057
 0.5717899634293926
 0.5608538875702539
 0.5646093944116067
 0
 0
 0.859202418973829
 0.6224941511451695
 0.6245741652792018
 0.5839388336095969
 0.575578231224177
 0.6002132293828866
 0.6299726151941496
 0.6172562345308062
 0.6176770970162623
 0.6083063587189229
 0.5851399643891815
 0.5532816538327979
 0.5473447899639236
 0.5465168255791572
 0.5485919267906815
 0.5517672694404472
 0.5381854577433992
 0.5186230910806007
 0.5309069179676954
 0.5419563785528506
 0.5484661215450649
 0.5397418317348197
 0.5536964509076209
 0.5422220397340387
 0.5545560424219093
 0.5710519907654173
 0.5659020137223741
 0.5614864206404965
 0
 0
 0.7454108795339509
 0.3577989846620132
 0.7205769810194738
 0.5994048760271831
 0.669889605857053
 0.6435322078717989
 0.5989190774568934
 0.6960070685721408
 0.5952549376008142
 0.6383282009685523
 0.572766776483027
 0.5531660244730962
 0.5404251874370243
 0.5418048923292506
 0.5431582632367413
 0.5560280477192169
 0.54836983466359
 0.5179278043833579
 0.5341268489473727
 0.5351078145806851
 0.5474967329263389
 0.5310024579301935
 0.5745087877550481
 0.5412467854779007
 0.5462671734768054
 0.557665224961066
 0.5503194177428916
 0.559136989641499
 0
 0
 0.5785862941142949
 0.5675147441747357
 0.621005171837629
 0.7259447084083418
 0.6864645064786137
 0.6971738987879582
 0.6707678936843399
 0.8168807998622108
 0.7182485141221446
 0.6741806749979393
 0.695609967593134
 0.6757073685513493
 0.6536475938267576
 0.675879055366466
 0.6596024392766103
 0.6254875588455869
 0.6247913188699772
 0.6397484439512667
 0.6254685215571234
 0.6388320319522116
 0.6484738613617739
 0.6433975409981738
 0.6246662895794072
 0.6531347069153028
 0.6504169197560495
 0.6616267381400256
 0.6342305306014381
 0.6551381201859741
 0
 0
 0
 0
 0
 0
 0
 0
 0
 0
 0
 0
 0
 0
 0
 0
 0
 0
 0
 0
 0
 0
 0
 0
 0
 0
 0
 0
 0
 0
 0
 0
 0
 0
 0
 0
 0
 0
 0
 0
 0
 0
 0
 0
 0
 0
 0
 0
 0
 0
 0
 0
 0
 0
 0
 0
 0
 0
 0
 0
 0
 0
 0
 0
 0
 0
 0
 0
 0
 0
 0
 0
 0
 0
 0
 0
 0
 0
 0
 0
 0
 0
 0
 0
 0
 0
 0
 0
 0
 0
 0
 0
 0
 0
 0
 0
 0
 0
 0
 0
 0
 0
 0
 0
 0
 0
 0
 0
 0
 0
 0
 0
 0
 0
 0
 0
 0
 0
 0
 0
 0
 0
 0
 0
 0
 0
 0
 0
 0
 0
 0
 0
 0
 0
 0
 0
 0
 0
 0
 0
 0
 0
 0
 0
 0
 0
 0
 0
 0
 0
 0
 0
 0.532311553101413
 0.5627523865387232
 0.6032870631434356
 0.6162575838659513
 0.5740471956165214
 0.6095894473569008
 0.6253127324698928
 0.6167677307921465
 0.6174533991544656
 0.6017373315139047
 0.5884291138240445
 0.5616584904478868
 0.5479987186909925
 0.54764129687543
 0.5476426641282121
 0.5486339032825389
 0.5355504477851386
 0.5210812936849576
 0.5341105785670455
 0.5400949046630938
 0.5466200171209109
 0.535832651743267
 0.5494710083020691
 0.545296518620492
 0.5537040891132022
 0.5728661293486728
 0.5663960921632527
 0.5605327778023629
 0
 0
 0
 0
 0
 0
 0
 0
 0
 0
 0
 0
 0
 0
 0
 0
 0
 0
 0
 0
 0
 0
 0
 0
 0
 0
 0
 0
 0
 0
 0
 0
 0
 0
 0
 0
 0
 0
 0
 0
 0
 0
 0
 0
 0
 0
 0
 0
 0
 0
 0
 0
 0
 0
 0
 0
 0
 0
 0
 0


