# Created by Octave 3.8.2, Sat Nov 21 00:56:08 2015 CET <dkottke@snake7>
# name: mus
# type: matrix
# ndims: 3
 1 30 19
 0
 0
 0.4987468671679198
 0.494949494949495
 0.4936708860759496
 0.4949494949494949
 0.6240601503759401
 0.5943877551020408
 0.6313131313131316
 0.6076923076923075
 0.6092171717171717
 0.8762626262626264
 0.9153846153846156
 0.9158163265306122
 0.9333333333333335
 0.9322916666666666
 0.9210002841716398
 0.8952020202020203
 0.8947368421052631
 0.85
 0.8596491228070177
 0.8484848484848483
 0.8462631429383347
 0.8385416666666667
 0.84
 0.841025641025641
 0.8532948532948533
 0.8278061224489797
 0.8646061584592318
 0.8923076923076926
 0
 0
 1
 1
 1
 0.6
 0.5
 0.7
 0.8
 0.9
 0.9333333333333332
 0.4333333333333333
 0.3666666666666666
 0.4
 0.5999999999999999
 0.5833333333333333
 0.5333333333333333
 0.6166666666666666
 0.5166666666666666
 0.6
 0.63
 0.64
 0.64
 0.76
 0.72
 0.72
 0.6733333333333333
 0.7466666666666666
 0.8666666666666666
 0.8333333333333334
 0
 0
 1
 1
 1
 0.5452239629829023
 0.6818326520562925
 0.6501075718588006
 0.7863432511159475
 0.8521117438477688
 0.7902371115688935
 0.6726681309588434
 0.643032490135816
 0.4617339984341988
 0.5664794948446075
 0.6562122232076103
 0.7734550152776096
 0.674191517803798
 0.8085076053136028
 0.7534191392055455
 0.7566454362476334
 0.7185711064659523
 0.7667476655124572
 0.7958601935390671
 0.8221557421884407
 0.8497315183931307
 0.7639966714246
 0.8393381435111064
 0.7900759773747492
 0.7787993503573274
 0
 0
 0.9999999990446534
 0.9999999998019546
 0.9999999998315829
 0.4983668256156678
 0.6489513124758045
 0.6896831402149168
 0.7943755258579922
 0.8857567323437743
 0.8858766268955984
 0.3909847443878784
 0.3191186979252694
 0.3797985797552604
 0.5536357486035337
 0.5808996855437154
 0.6250928934011506
 0.6557670784824516
 0.6282531175190241
 0.6711760139869394
 0.6823845105774849
 0.7120877335957815
 0.6949829916559487
 0.7371498035999863
 0.7425872122989512
 0.7717395531506986
 0.773715201594071
 0.8175480810204238
 0.8303836281534234
 0.7926892918394852
 0
 0
 1
 1
 1
 0.1666666666666667
 0.5714285714285714
 0.75
 0.8888888888888888
 0.8
 1
 0.08333333333333333
 0.2307692307692308
 0.4444444444444444
 0.2
 0.6666666666666666
 1
 1
 1
 1
 1
 1
 1
 0
 0
 1
 1
 0
 1
 1
 0
 0
 0.9999999999878948
 0.9999999998365047
 0.9999999999975763
 0.3851055206729111
 0.5431529232679002
 0.7325207251785663
 0.8522095058254482
 0.8737743272891725
 0.9339987010431405
 0.3260188394510252
 0.2921543857824977
 0.4109745033033737
 0.4077559102630292
 0.5931977789416714
 0.7635006737997209
 0.7621859099618972
 0.7549190288576866
 0.7703659267913741
 0.7199762703743831
 0.6814183981660102
 0.6583259038757827
 0.7186010559477318
 0.6990855125911207
 0.8668058155049123
 0.854735064263491
 0.712157235021087
 0.888550991972259
 0.8171945842064217
 0
 0
 1
 1
 1
 0.4876033421144724
 0.6834927566545143
 0.7025955482991855
 0.8171512182002413
 0.7717589564243889
 0.8454219014209332
 0.6702647922454605
 0.6529377263208176
 0.6615485174477644
 0.6819936926943759
 0.6994984666988734
 0.728097622376659
 0.7230879677695149
 0.7245040963969028
 0.773561217798578
 0.7382237522579281
 0.7959823429930364
 0.7616018740536572
 0.7672682923839017
 0.7674368879531311
 0.8032580476104794
 0.7762091050463907
 0.7754286367211862
 0.7703455636989867
 0.7475577081399335
 0
 0
 0.9999999997344177
 0.9999999999662131
 0.9999999999518243
 0.5400441525997485
 0.5923792377914658
 0.6364209840491082
 0.7385012953661961
 0.8011082915582994
 0.8276649642012008
 0.4879110694487292
 0.3891696574939359
 0.4597584814243279
 0.5157909570204
 0.5539179773953873
 0.593338657371614
 0.6104167081230798
 0.6134862376931115
 0.6289046820837266
 0.6458273013969718
 0.6754600481082206
 0.6631688656256289
 0.6752374951147856
 0.6878740817513775
 0.7085745496846865
 0.7076029092944849
 0.7306941972409232
 0.7336520911819557
 0.6914985507921814
 0
 0
 0.8959234243451041
 0.9449542386274887
 0.9469820074228074
 0.9144912697799038
 0.9219165171764453
 0.9425572908408627
 0.9167610691990822
 0.9315839840570735
 0.9224228392167071
 0.913548177408201
 0.9352623243815228
 0.9381482216647337
 0.9076856662839884
 0.91383705764363
 0.9071676883199739
 0.912056684449934
 0.9170421185838394
 0.9161479007196006
 0.9125338656340181
 0.9012701522730875
 0.9000295041830565
 0.9151641516489664
 0.9041295848745663
 0.9075256588520358
 0.8995244848473694
 0.9045713844773274
 0.9029721395316557
 0.8976450394208449
 0
 0
 0.9999999999788831
 0.9999999999867801
 0.9999999999296386
 0.5800020367541507
 0.6500276645215179
 0.7202748222355353
 0.8423101030876475
 0.919788722502336
 0.9399072401273797
 0.4438748186137434
 0.3160348938662889
 0.4010234818756234
 0.5090992695539532
 0.5790029047112651
 0.6506111838356952
 0.688917208100258
 0.6329165556743028
 0.676854527690942
 0.7164948408172316
 0.7216036637203562
 0.7348112287787514
 0.7435161873155556
 0.7421314565199146
 0.7583818847119492
 0.8074840648236021
 0.8366417838760636
 0.7879701101456626
 0.763094354814815
 0
 0
 1
 0.9999999999958382
 0.9999999999982497
 0.5619000453057711
 0.6718551621260129
 0.68868564838571
 0.8509261061208847
 0.7503247865810228
 0.8344513196652443
 0.7000557464240125
 0.6505123203518651
 0.6608568629528375
 0.6610779948745313
 0.6995660994098947
 0.6943886822182441
 0.7153684590879525
 0.6688453983724031
 0.7861894710778837
 0.7209596256615877
 0.7554394362138935
 0.7533070565913218
 0.7288475882158523
 0.7569636520014664
 0.8449216385541368
 0.6855609299252287
 0.7647174464663239
 0.7563779207937499
 0.8451961755507733
 0
 0
 0
 0
 0
 0
 0
 0
 0
 0
 0
 0
 0
 0
 0
 0
 0
 0
 0
 0
 0
 0
 0
 0
 0
 0
 0
 0
 0
 0
 0
 0
 0
 0
 0
 0
 0
 0
 0
 0
 0
 0
 0
 0
 0
 0
 0
 0
 0
 0
 0
 0
 0
 0
 0
 0
 0
 0
 0
 0
 0
 0
 0
 0
 0
 0
 0
 0
 0
 0
 0
 0
 0
 0
 0
 0
 0
 0
 0
 0
 0
 0
 0
 0
 0
 0
 0
 0
 0
 0
 0
 0
 0
 0
 0
 0
 0
 0
 0
 0
 0
 0
 0
 0
 0
 0
 0
 0
 0
 0
 0
 0
 0
 0
 0
 0
 0
 0
 0
 0
 0
 0
 0
 0
 0
 0
 0
 0
 0
 0
 0
 0
 0
 0
 0
 0
 0
 0
 0
 0
 0
 0
 0
 0
 0
 0
 0
 0
 0
 0
 0
 0
 0.96159043412095
 0.9675370972270325
 0.9237540063426937
 0.9367767104259366
 0.9288626323043011
 0.9183516824089427
 0.9276145966381945
 0.9066793648619835
 0.924194657448501
 0.9103639320209216
 0.9297898078977124
 0.9014575046306158
 0.9157725904491782
 0.9130700352189657
 0.9041649579748321
 0.9101044358776167
 0.9017427066986805
 0.903449075640363
 0.9084053341200872
 0.9056491859964229
 0.9118074742868115
 0.9067027571317831
 0.9061763536809476
 0.9095485002966002
 0.9121521887486654
 0.9044744547388547
 0.8915850825725918
 0.9141272118614392
 0
 0
 0
 0
 0
 0
 0
 0
 0
 0
 0
 0
 0
 0
 0
 0
 0
 0
 0
 0
 0
 0
 0
 0
 0
 0
 0
 0
 0
 0
 0
 0
 0
 0
 0
 0
 0
 0
 0
 0
 0
 0
 0
 0
 0
 0
 0
 0
 0
 0
 0
 0
 0
 0
 0
 0
 0
 0
 0
 0


