# Created by Octave 3.8.2, Fri Nov 20 20:19:27 2015 CET <dkottke@snake6>
# name: mus
# type: matrix
# ndims: 3
 1 30 19
 0
 0
 0.8964076858813709
 0.8419732441471572
 0.9179916317991642
 0.9405360134003357
 0.9214703425229747
 0.9496644295302014
 0.9565580618212189
 0.9537815126050424
 0.9366138448707247
 0.915824915824916
 0.9239130434782596
 0.9050420168067226
 0.8877637130801681
 0.9037162162162162
 0.8834453781512597
 0.8611111111111105
 0.8663324979114451
 0.8872881355932205
 0.8863826232247281
 0.8964646464646464
 0.8798076923076924
 0.9039115646258504
 0.9165957446808515
 0.9201505016722404
 0.916456228956229
 0.9233276643990932
 0.9072559064148636
 0.8974358974358972
 0
 0
 0
 0.5
 0.2
 0.7
 0.8
 0.6
 0.5
 0.6
 0.6333333333333333
 0.7666666666666667
 0.7666666666666666
 0.8333333333333333
 0.6666666666666666
 0.7
 0.75
 0.6666666666666666
 0.7333333333333333
 0.65
 0.77
 0.65
 0.5600000000000001
 0.6799999999999999
 0.6000000000000001
 0.4933333333333333
 0.5933333333333333
 0.5066666666666667
 0.5933333333333334
 0.6333333333333333
 0
 0
 0.40204812002704
 0.6956456568603241
 0.6538387415938851
 0.6366381821699787
 0.7030258447046565
 0.6932108221152067
 0.6601298462031788
 0.6892931470571474
 0.6384952077111523
 0.702577844398052
 0.5727984549854443
 0.6330171708409201
 0.640368368722307
 0.6341125057323262
 0.6398756560815373
 0.6136916388100639
 0.6516257120114191
 0.6710723726737631
 0.6431958316240962
 0.6521205873353083
 0.6336341086913517
 0.6683381382186202
 0.612492663858802
 0.6588326121868362
 0.6045155991300508
 0.6290184298277972
 0.6151597119716774
 0.6417476633348085
 0
 0
 0.026154790790635
 0.2635506776735579
 0.3452724783644465
 0.4607429439953345
 0.6324100127058478
 0.3740381921995687
 0.3199897810007241
 0.558098590398296
 0.6852582341057591
 0.7004164062301182
 0.678429590305559
 0.7046946250828787
 0.6843854142700128
 0.6376661473746755
 0.6615220130810382
 0.671970028585774
 0.6850262194905835
 0.6476059354690474
 0.6559611140358543
 0.6575672836112306
 0.6351938713232288
 0.6170930655489344
 0.5951791060042653
 0.5615981472342457
 0.6104760277954796
 0.5834872116068857
 0.6238438680273595
 0.6396205562117336
 0
 0
 0
 0.5
 0.4
 0.5
 0.4285714285714285
 0.5
 0.3333333333333333
 0.6
 0.5454545454545454
 0.9166666666666666
 0.6923076923076923
 0.7777777777777778
 0.8
 1
 1
 1
 1
 1
 1
 0
 1
 0
 0
 1
 1
 1
 0
 1
 0
 0
 0.05789434240953162
 0.5437699534115645
 0.4560344426975307
 0.5414248313659519
 0.5178570487837859
 0.4605920967844158
 0.4021064041036884
 0.569704005900511
 0.6646224801194732
 0.7948119168024476
 0.6884257671199403
 0.7441054167911857
 0.7305186150224112
 0.7195710815740421
 0.7177035743373137
 0.7325424026547462
 0.7736552023891032
 0.7204842506563716
 0.7476738570726685
 0.5972726004375062
 0.7734543217506022
 0.5237180854378309
 0.477009583815982
 0.591056059700971
 0.6663557363360486
 0.6293721568092552
 0.4852574515297647
 0.7411122993724696
 0
 0
 0.5785862941142949
 0.4468773132236666
 0.7774336390784786
 0.6089322046578154
 0.6947673494136504
 0.6565690205033879
 0.60890077607827
 0.6547952978563354
 0.6789005522774934
 0.6859874280972065
 0.6655954621627622
 0.6937710355276125
 0.682624011896977
 0.679841769762937
 0.6512228085396452
 0.6639779824926398
 0.6560997733055516
 0.6781434778408225
 0.6217727021648468
 0.6887909923364477
 0.6464218206576939
 0.6350633528290031
 0.6255228699024356
 0.6403061459861495
 0.6482145466588886
 0.646695887097964
 0.6577752612577261
 0.6359509084747352
 0
 0
 0.07292850771379254
 0.2646090735743088
 0.4331087195462489
 0.5374785711727795
 0.6080710576431444
 0.4660337146709121
 0.4233121074781191
 0.5361492596891729
 0.6346717028672619
 0.6339647272073479
 0.5942224519947994
 0.6155106236100262
 0.6268514797087723
 0.5892003765818064
 0.6047891039791417
 0.6075983297030897
 0.6144685224607463
 0.5930880226844399
 0.6048956244955995
 0.595353953761804
 0.5865731399234713
 0.5704580591097245
 0.556487411249318
 0.5389911778566633
 0.5669875185955606
 0.5582724475780112
 0.5683025446486279
 0.5744304524601197
 0
 0
 0.9636279410861941
 0.9610430128172751
 0.8984927501765266
 0.9491242274489033
 0.9030630406190121
 0.9344491083693783
 0.8953912635838995
 0.9148702129034457
 0.9090842865788207
 0.9216299522363999
 0.9241866089567038
 0.9290664738550417
 0.9211496117690204
 0.9251368803172448
 0.9170909083796002
 0.9118484864568124
 0.9072318824898227
 0.9143920150211581
 0.9082035236427506
 0.9066979926513902
 0.9050287674835421
 0.9041457551395932
 0.9003809421220709
 0.9080432035085633
 0.8957307216918926
 0.9088380286324539
 0.9086381985493018
 0.8906665377119956
 0
 0
 0.0659271166284644
 0.5258290386405851
 0.4777820409510511
 0.61612367298326
 0.5747064824114487
 0.4022514855550828
 0.4642112408075169
 0.5280657231825865
 0.6951482115581347
 0.7659679116096862
 0.6678611228590944
 0.704562869982251
 0.7341798331802776
 0.6447136262214337
 0.6627129106485889
 0.6556809093024302
 0.7130894668727895
 0.6347675290664647
 0.63513939390567
 0.6323732596730962
 0.6173695864170803
 0.5728510174507551
 0.5582758129331021
 0.574672834332052
 0.6152207317861458
 0.5992563729165089
 0.5658879822331154
 0.6456169178575323
 0
 0
 0.5785862941142949
 0.4740948804561095
 0.7519072243928036
 0.5575641606889931
 0.7417805645665533
 0.6656435614629346
 0.5225210023065739
 0.5760356085715772
 0.6722832431868925
 0.6590968472800705
 0.6665968665322117
 0.6858331664048732
 0.6776862357196038
 0.6723334328151895
 0.6698012542140842
 0.6661347179913851
 0.6493499539587114
 0.6598506248635645
 0.6368857671544645
 0.6761318364486227
 0.6368825062586287
 0.5903048877921639
 0.6458165257039259
 0.341454065856535
 0.6367697117046979
 0.6296043035110426
 0.6395980381598354
 0.6402500714906437
 0
 0
 0
 0
 0
 0
 0
 0
 0
 0
 0
 0
 0
 0
 0
 0
 0
 0
 0
 0
 0
 0
 0
 0
 0
 0
 0
 0
 0
 0
 0
 0
 0
 0
 0
 0
 0
 0
 0
 0
 0
 0
 0
 0
 0
 0
 0
 0
 0
 0
 0
 0
 0
 0
 0
 0
 0
 0
 0
 0
 0
 0
 0
 0
 0
 0
 0
 0
 0
 0
 0
 0
 0
 0
 0
 0
 0
 0
 0
 0
 0
 0
 0
 0
 0
 0
 0
 0
 0
 0
 0
 0
 0
 0
 0
 0
 0
 0
 0
 0
 0
 0
 0
 0
 0
 0
 0
 0
 0
 0
 0
 0
 0
 0
 0
 0
 0
 0
 0
 0
 0
 0
 0
 0
 0
 0
 0
 0
 0
 0
 0
 0
 0
 0
 0
 0
 0
 0
 0
 0
 0
 0
 0
 0
 0
 0
 0
 0
 0
 0
 0
 0
 0.9672052145854109
 0.9216657217865631
 0.9602839822489849
 0.9090216090816544
 0.9019479151573327
 0.9052964292232584
 0.8977700086335714
 0.92968263880713
 0.9068031347461807
 0.9205474550913567
 0.9305803250695216
 0.923743164529389
 0.9194456196449166
 0.9147624887649806
 0.9161306070783162
 0.9201542702857833
 0.9115341731558166
 0.9116746859381238
 0.9059694471282081
 0.9036139220464556
 0.8997772566339479
 0.904456065235917
 0.9145263976782988
 0.9078553841742687
 0.9064752690943731
 0.9069994533808687
 0.9021087218628545
 0.905178632994899
 0
 0
 0
 0
 0
 0
 0
 0
 0
 0
 0
 0
 0
 0
 0
 0
 0
 0
 0
 0
 0
 0
 0
 0
 0
 0
 0
 0
 0
 0
 0
 0
 0
 0
 0
 0
 0
 0
 0
 0
 0
 0
 0
 0
 0
 0
 0
 0
 0
 0
 0
 0
 0
 0
 0
 0
 0
 0
 0
 0


