# Created by Octave 3.8.2, Sun Nov 15 23:25:13 2015 CET <dkottke@snake4>
# name: mus
# type: matrix
# ndims: 3
 1 30 19
 0
 0
 0.5845410628019322
 0.7307692307692307
 0.8829268292682929
 0.8970588235294116
 0.9655172413793105
 0.9711538461538461
 0.7342995169082127
 0.745
 0.7224880382775118
 0.7598039215686276
 0.778846153846154
 0.9387755102040817
 0.9487179487179489
 0.9519230769230769
 0.9558823529411765
 0.9343434343434343
 0.9473684210526315
 0.975
 0.9788359788359789
 0.9797979797979798
 0.9855072463768116
 0.9947916666666666
 0.99
 0.9951923076923077
 0.9894179894179894
 0.9948979591836735
 0.9950738916256158
 0.9944444444444445
 0
 0
 0.3333333333333333
 0
 0.4
 0.7
 0.4
 0.4
 0.6
 0.5
 0.5333333333333333
 0.5666666666666667
 0.7
 0.7999999999999999
 0.8666666666666666
 0.95
 0.7666666666666666
 0.8333333333333333
 0.7666666666666666
 0.65
 0.48
 0.6
 0.43
 0.4399999999999999
 0.4400000000000001
 0.5333333333333333
 0.6
 0.6799999999999999
 0.6866666666666668
 0.7333333333333333
 0
 0
 0.7310125281580606
 0.5434684852904861
 0.5301237179374387
 0.7281881597037202
 0.7345093652920058
 0.705655426858403
 0.7517873272333198
 0.6734335839150229
 0.716741122417946
 0.5987448311158742
 0.7960614513833069
 0.7631805477817296
 0.6825576774335836
 0.7346058870658055
 0.7425368498063779
 0.7711050046066741
 0.7933260621926597
 0.7882998147504168
 0.7322432738965212
 0.743822082171586
 0.7240579371964047
 0.743055442297858
 0.7125155378959157
 0.6542421442760868
 0.7327015555342898
 0.7399799325378524
 0.7722707213624221
 0.7465884066572159
 0
 0
 0.3285760408737154
 0.3989828657849628
 0.4739055157291903
 0.5886945343323293
 0.5589736492058519
 0.596949571098792
 0.5216271418768166
 0.566169235033299
 0.5925619174956498
 0.5768204577929925
 0.5988809286046604
 0.5945459787582684
 0.6217416456763594
 0.6389346246571322
 0.6449852723244102
 0.6368093699407603
 0.6543408869783356
 0.6300246195559146
 0.6477358778604125
 0.6587473665038127
 0.6372746127160676
 0.6444343671457549
 0.6420411540611553
 0.6472411265000312
 0.6521776463928818
 0.6561858138938927
 0.648441930344448
 0.6618526947359554
 0
 0
 0.3541107940397735
 0.3367074476539323
 0.5397489565882873
 0.5651091638647064
 0.5043445275621924
 0.5552832063125166
 0.5049225034194267
 0.5364511403752856
 0.5982729551112013
 0.5892138571798045
 0.6204449686312965
 0.5975613975746137
 0.6182789228206204
 0.6336892381679013
 0.6408225378503717
 0.637186954009171
 0.65303570994621
 0.6247576650814841
 0.6546958006752298
 0.6619670999311207
 0.6390554187883162
 0.6478661271883603
 0.645767709531619
 0.6513403854013514
 0.654192417979503
 0.6550069360628862
 0.6479072002100316
 0.6683981984390525
 0
 0
 0.3333333333281983
 0.4161397947912368
 0.4873695976069456
 0.4987646600790401
 0.4471813185404687
 0.570138915643515
 0.5143984125293843
 0.5666379430343192
 0.575385407998299
 0.5639895279848313
 0.5869523787858529
 0.659462145204464
 0.6439988576948009
 0.6161660137890805
 0.6757347230089135
 0.6466416561228229
 0.675621788842408
 0.663204637996865
 0.6745742646763386
 0.6622285777891562
 0.5847436658879964
 0.6223122062176663
 0.6237004016333924
 0.6582286796962424
 0.6190833612508118
 0.6945886079910261
 0.6610870761226401
 0.658622284551956
 0
 0
 0.3678794411714423
 0.7616166331556325
 0.7042196186835836
 0.695200673501978
 0.6491114842784859
 0.759816533010529
 0.6832752389672506
 0.7348597397543037
 0.761890526284719
 0.7454013564851059
 0.7624825976580554
 0.7464157963744562
 0.7738637932278422
 0.7878735814325813
 0.7437710890119446
 0.7343833632460415
 0.7871509199372998
 0.7047623123043738
 0.7245227873784871
 0.6672101825313029
 0.7385080712191172
 0.761060396801015
 0.7526608296475574
 0.7378791362111039
 0.7861231355632826
 0.758721847397269
 0.76238180679635
 0.7692491803076227
 0
 0
 0.3302812138384401
 0.4877537733051342
 0.4757432062049001
 0.5154554267638199
 0.5477840340293392
 0.5976074243174671
 0.5471188206447373
 0.5815046826543729
 0.6028247507897396
 0.6028898029650186
 0.6232688186016772
 0.5905806276369244
 0.6203416638855868
 0.6364841842541432
 0.6458653295854415
 0.6416705744397249
 0.6593017900068486
 0.6443899859364047
 0.659132338684813
 0.6685670071364406
 0.6484991450199289
 0.6499983007211592
 0.6571037874519401
 0.660051340779729
 0.6633678939978958
 0.6692093037658103
 0.666650354168582
 0.6832124250766121
 0
 0
 0.3589204628957107
 0.4605614951819166
 0.505349900935776
 0.5473336995915881
 0.493815222849336
 0.5913062301992241
 0.555071979885625
 0.5258635393112666
 0.6229603251415786
 0.6126067081239251
 0.627103089053453
 0.5908182517625348
 0.6122393861262156
 0.6160811751170734
 0.6525360330186694
 0.6423034369436491
 0.6583220798587792
 0.6313679516451757
 0.6688598057811463
 0.6634282633043985
 0.6447925530456593
 0.6546797402216991
 0.6472694861315361
 0.6615777226975099
 0.6600293438096053
 0.668078109032806
 0.6644975709794781
 0.6797379974688449
 0
 0
 0.3333333333174036
 0.5134173577148919
 0.4466325257995003
 0.5035811387380279
 0.5025678718631834
 0.6403807854064201
 0.562475163067207
 0.5498073890112328
 0.5866148328440366
 0.5864151711831709
 0.7195109187953384
 0.5669339479424838
 0.6138793404782303
 0.6126147085585241
 0.6253980894357386
 0.6362288540682688
 0.6471085275239638
 0.6351448389651417
 0.7089373066984028
 0.6625035426740443
 0.6393757467333783
 0.6455929570121217
 0.6307018615911609
 0.6585307221794929
 0.642772444631277
 0.6701655268587847
 0.6608368065653188
 0.6793533906625745
 0
 0
 0.3678794411714423
 0.710751811758194
 0.8227905249341335
 0.7123849398472927
 0.6861500392174126
 0.7196128225505017
 0.6779754118906878
 0.7217887987429299
 0.7183638961682127
 0.7015248435807486
 0.7049003093624788
 0.8214107082094952
 0.7104410796299477
 0.712299748577783
 0.7337947034988149
 0.7108778498404171
 0.7373079188012387
 0.730701344689303
 0.7265776459423984
 0.7194327887347849
 0.7221900152477803
 0.7441058873266094
 0.7341556723435237
 0.733818927641058
 0.7663719577564218
 0.7302220717114707
 0.8566848483232569
 0.7338538364437069
 0
 0
 0
 0
 0
 0
 0
 0
 0
 0
 0
 0
 0
 0
 0
 0
 0
 0
 0
 0
 0
 0
 0
 0
 0
 0
 0
 0
 0
 0
 0
 0
 0
 0
 0
 0
 0
 0
 0
 0
 0
 0
 0
 0
 0
 0
 0
 0
 0
 0
 0
 0
 0
 0
 0
 0
 0
 0
 0
 0
 0
 0
 0
 0
 0
 0
 0
 0
 0
 0
 0
 0
 0
 0
 0
 0
 0
 0
 0
 0
 0
 0
 0
 0
 0
 0
 0
 0
 0
 0
 0
 0
 0
 0
 0
 0
 0
 0
 0
 0
 0
 0
 0
 0
 0
 0
 0
 0
 0
 0
 0
 0
 0
 0
 0
 0
 0
 0
 0
 0
 0
 0
 0
 0
 0
 0
 0
 0
 0
 0
 0
 0
 0
 0
 0
 0
 0
 0
 0
 0
 0
 0
 0
 0
 0
 0
 0
 0
 0
 0
 0
 0
 0.2870217474390409
 0.4631706536109222
 0.5134112547607882
 0.5197543129152034
 0.4970468893339013
 0.5942613231577362
 0.5429975051575233
 0.5286968547215483
 0.6240864631333715
 0.6162678905667915
 0.6335056767982427
 0.5875284996932362
 0.6083838358984899
 0.6104558249900059
 0.6530061692300645
 0.6349663524939202
 0.660476388100997
 0.6334476207630517
 0.6654847345185794
 0.6649389452644136
 0.6430099206212695
 0.6541607916514163
 0.6439300821721228
 0.6593286830925286
 0.6623756796746608
 0.6659229175424306
 0.6613383735048386
 0.6785844131964455
 0
 0
 0
 0
 0
 0
 0
 0
 0
 0
 0
 0
 0
 0
 0
 0
 0
 0
 0
 0
 0
 0
 0
 0
 0
 0
 0
 0
 0
 0
 0
 0
 0
 0
 0
 0
 0
 0
 0
 0
 0
 0
 0
 0
 0
 0
 0
 0
 0
 0
 0
 0
 0
 0
 0
 0
 0
 0
 0
 0


