# Created by Octave 3.8.2, Fri Nov 20 20:32:33 2015 CET <dkottke@snake10>
# name: mus
# type: matrix
# ndims: 3
 1 30 19
 0
 0
 0.7078464106844757
 0.6687082405345212
 0.704735376044569
 0.6945373467112594
 0.6197887715397448
 0.6261160714285714
 0.5572305974316026
 0.5553072625698323
 0.5383634770137837
 0.5274049217002235
 0.5180230397621701
 0.5265066964285716
 0.5327731092436974
 0.5301339285714286
 0.5254528478057892
 0.5274971941638608
 0.5297552391617342
 0.5314606741573032
 0.5316526610644258
 0.5356029430103505
 0.5326086956521737
 0.5354729729729729
 0.5385915492957749
 0.5449646971386102
 0.5460157126823793
 0.5454799107142857
 0.5511679644048944
 0.5491525423728812
 0
 0
 0.3333333333333333
 0.25
 0
 0.2
 0.5
 0.5
 0.3
 0.3
 0.3666666666666666
 0.5
 0.5333333333333333
 0.5666666666666667
 0.4666666666666667
 0.5
 0.5166666666666666
 0.55
 0.5333333333333333
 0.5
 0.51
 0.5
 0.49
 0.51
 0.48
 0.4533333333333334
 0.48
 0.5
 0.4866666666666667
 0.5
 0
 0
 0.5812201297760806
 0.5965187922370908
 0.4642666185814707
 0.5076339864906814
 0.4481930599978832
 0.4946232942332626
 0.2056035675121937
 0.5058140367345448
 0.5362587260473322
 0.5381354863715266
 0.503707667864981
 0.5231216431652062
 0.4883323697405383
 0.549526812007803
 0.5425001352349486
 0.4751630606977039
 0.5038028077892694
 0.4901843379133897
 0.5236231999597039
 0.5062271243725927
 0.4805585125030851
 0.4771524452392419
 0.4968496107026424
 0.4690088669988866
 0.5141741820624397
 0.5125051683148043
 0.500073611370168
 0.5148707754350887
 0
 0
 0.4444611095040782
 0.4722493124950905
 0.290850624287379
 0.3613217271428069
 0.4533002529401685
 0.4198220808505528
 0.4603380938825491
 0.4292002302930393
 0.4885108908036893
 0.5329011195920728
 0.5434243777473841
 0.490560757078731
 0.4865746070801736
 0.5145755400782608
 0.5325875911904544
 0.5537256390365551
 0.5186645822634252
 0.5026115899968532
 0.5132822210473633
 0.4997970415936373
 0.4788780808997881
 0.5099641668299517
 0.4732179300118243
 0.4618859562319567
 0.4794267285507748
 0.5105506607010634
 0.479092209845652
 0.4968518390703282
 0
 0
 0
 0
 0
 0.3333333333333333
 0
 0.375
 0.5555555555555556
 0.6
 0.5454545454545454
 0.3333333333333333
 0.3076923076923077
 0.4444444444444444
 0.6
 0
 1
 1
 1
 1
 0
 0
 1
 1
 1
 1
 0
 1
 0
 1
 0
 0
 0.166691664197475
 0.3889138901653973
 0.2208531305304544
 0.3291675708203636
 0.2345259415734167
 0.3526788169440153
 0.5277777821135066
 0.5435857411047655
 0.5511363582203017
 0.4423000446555178
 0.4466520631469367
 0.4505632424800446
 0.567584837431565
 0.3274637979877429
 0.7637958926165396
 0.7667939063179868
 0.6630164301691513
 0.5229611845003246
 0.3896889817916723
 0.2777972489035895
 0.6767074082344539
 0.6770627225127714
 0.937353276321834
 0.5774110988580929
 0.416687035271127
 0.7630567496638445
 0.1875033033743989
 0.6437760186139695
 0
 0
 0.3678794411714423
 0.8139380665473144
 0.5867135267603626
 0.858573296137835
 0.5568684703917244
 0.5696209710741597
 0.5734333757203365
 0.5418057349549793
 0.6050297552068724
 0.5923409489324529
 0.6941984146633142
 0.5688180016571234
 0.5324242336318543
 0.6769919657766148
 0.5589086323453982
 0.563905420938611
 0.6099093046825936
 0.5299174762717984
 0.5896830959997084
 0.5020898001062917
 0.495708284416659
 0.5236472804407339
 0.5100855313670329
 0.463229098431069
 0.4946701180267618
 0.5043562504722782
 0.5055535299778099
 0.5582142341586578
 0
 0
 0.4444611094810622
 0.5159621793265348
 0.3574662880622598
 0.4073840160552634
 0.4695597358528517
 0.4645783519200736
 0.5031468872525151
 0.4517920644650477
 0.51711728413485
 0.5427627350802379
 0.5702356385974491
 0.5157818690284275
 0.5058070138298322
 0.5759682456778498
 0.528460997041984
 0.5463519871621135
 0.5267717178673904
 0.5200561102908597
 0.5117435181873891
 0.4876455010848633
 0.4775166273045707
 0.4932495670301849
 0.4683124368452273
 0.4591905249065257
 0.4802230388693448
 0.5169357622541978
 0.4730123154612833
 0.5016178763175442
 0
 0
 1
 1
 1
 1
 1
 1
 1
 1
 1
 1
 1
 1
 1
 1
 1
 1
 1
 1
 1
 1
 1
 1
 1
 1
 1
 1
 1
 1
 0
 0
 0.16669166920293
 0.4706132335172182
 0.2183552887234897
 0.3258244636713368
 0.3083337425497757
 0.3671212224164755
 0.4355066364414791
 0.373569015286739
 0.4455421591245867
 0.4872620532992161
 0.4982610664802839
 0.4839023954235205
 0.4363066165012015
 0.4684707189585329
 0.4925198186630622
 0.5961234315501927
 0.5387576766140424
 0.4603653598979267
 0.5525052730648178
 0.5533344113898429
 0.4898960776386235
 0.2768204009846923
 0.6870050152157563
 0.7374724980805903
 0.5917344542176537
 0.3142327660618173
 0.2443182582278464
 0.4964402849291967
 0
 0
 0.3678794411714423
 0.8139380662535027
 0.6067398632880994
 0.8775748714968291
 0.5911370456311793
 0.7003406138445141
 0.5966208381490229
 0.7042142332641528
 0.8668601635712703
 0.6619361550037841
 0.6405064657227864
 0.6105272995936999
 0.6398571736378541
 0.5358108357025563
 0.6050754459013596
 0.7295122926261419
 0.4972925655713339
 0.5458481352346526
 0.5441278343955092
 0.5547180789096302
 0.5085389810910825
 0.5598718783910747
 0.5089649723276776
 0.4776681379300483
 0.5111078514624789
 0.5341770321212798
 0.5685044870100825
 0.5579901821618899
 0
 0
 0
 0
 0
 0
 0
 0
 0
 0
 0
 0
 0
 0
 0
 0
 0
 0
 0
 0
 0
 0
 0
 0
 0
 0
 0
 0
 0
 0
 0
 0
 0
 0
 0
 0
 0
 0
 0
 0
 0
 0
 0
 0
 0
 0
 0
 0
 0
 0
 0
 0
 0
 0
 0
 0
 0
 0
 0
 0
 0
 0
 0
 0
 0
 0
 0
 0
 0
 0
 0
 0
 0
 0
 0
 0
 0
 0
 0
 0
 0
 0
 0
 0
 0
 0
 0
 0
 0
 0
 0
 0
 0
 0
 0
 0
 0
 0
 0
 0
 0
 0
 0
 0
 0
 0
 0
 0
 0
 0
 0
 0
 0
 0
 0
 0
 0
 0
 0
 0
 0
 0
 0
 0
 0
 0
 0
 0
 0
 0
 0
 0
 0
 0
 0
 0
 0
 0
 0
 0
 0
 0
 0
 0
 0
 0
 0
 0
 0
 0
 0
 0
 1
 1
 1
 1
 1
 1
 1
 1
 1
 1
 1
 1
 1
 1
 1
 1
 1
 1
 1
 1
 1
 1
 1
 1
 1
 1
 1
 1
 0
 0
 0
 0
 0
 0
 0
 0
 0
 0
 0
 0
 0
 0
 0
 0
 0
 0
 0
 0
 0
 0
 0
 0
 0
 0
 0
 0
 0
 0
 0
 0
 0
 0
 0
 0
 0
 0
 0
 0
 0
 0
 0
 0
 0
 0
 0
 0
 0
 0
 0
 0
 0
 0
 0
 0
 0
 0
 0
 0


