# Created by Octave 3.8.2, Fri Nov 20 23:52:05 2015 CET <dkottke@snake10>
# name: mus
# type: matrix
# ndims: 3
 1 30 19
 0
 0
 0.6541353383458647
 0.7146464646464646
 0.6607594936708858
 0.5820707070707072
 0.6541353383458649
 0.7295918367346939
 0.7790404040404042
 0.7538461538461537
 0.8339646464646465
 0.8080808080808084
 0.772820512820513
 0.8169642857142858
 0.785897435897436
 0.8098958333333334
 0.7931230463199772
 0.7601010101010101
 0.8170426065162906
 0.8473684210526317
 0.8270676691729326
 0.773989898989899
 0.8388746803069054
 0.80859375
 0.8346666666666668
 0.8446153846153848
 0.8453583453583454
 0.8392857142857144
 0.8467304809133894
 0.8461538461538463
 0
 0
 0.6666666666666666
 0.25
 0.2
 0.5
 0.6
 0.2
 0.4
 0.3
 0.3333333333333333
 0.5666666666666667
 0.7
 0.6666666666666667
 0.5999999999999999
 0.5666666666666667
 0.7
 0.6166666666666666
 0.6333333333333333
 0.65
 0.61
 0.5900000000000001
 0.62
 0.7799999999999999
 0.72
 0.6599999999999999
 0.7
 0.5333333333333333
 0.72
 0.6333333333333333
 0
 0
 0.8170177329706807
 0.6037795047922446
 0.7113316114682919
 0.691314460438721
 0.6639225695561501
 0.7077495949682635
 0.4029067049477133
 0.6118387803220326
 0.3673017162227979
 0.5398048637000086
 0.5729770171238429
 0.4576828377113391
 0.4982962101033999
 0.5144771333084641
 0.5281822182663314
 0.5043835038383295
 0.5556947135003505
 0.5831986520580823
 0.5641630527047399
 0.5896008322370428
 0.6044105914845994
 0.5965765566189711
 0.589454213602389
 0.5765549999981699
 0.6438153003632368
 0.629370413088859
 0.6997221955400383
 0.6304385761277311
 0
 0
 0.73810030508475
 0.3188475363465152
 0.3356971990735818
 0.3950623645298014
 0.3920872317575936
 0.3745734850973455
 0.341336483690935
 0.3619799620586904
 0.277967957391021
 0.5142895376764731
 0.6170357907122822
 0.531083555439138
 0.6248425580926297
 0.5456733424369962
 0.5953263949422655
 0.59321789808253
 0.5385126586707605
 0.5504523225500104
 0.5913769927509779
 0.6201682733909432
 0.5730743503602735
 0.632351902417399
 0.599646351063028
 0.5905133011716043
 0.5902539436494024
 0.5982940042555215
 0.6145423834235179
 0.6075396315450196
 0
 0
 0
 0.25
 0.6
 0.3333333333333333
 0.4285714285714285
 0.5
 0.3333333333333333
 0.3
 0.1818181818181818
 0.5
 0.6153846153846154
 0.7777777777777778
 0.6
 0.6666666666666666
 0.5
 1
 1
 1
 1
 0
 1
 1
 1
 1
 0
 0
 0
 0
 0
 0
 0.02357674700293255
 0.2491854087287637
 0.6183184465079511
 0.5278867035758554
 0.4020308334258574
 0.4842037727066112
 0.3303399368240232
 0.3460569251754637
 0.2396669600754136
 0.505350164822105
 0.6099778800674245
 0.5697116320585793
 0.6094343672206984
 0.5451311253813518
 0.5161483491907268
 0.7395041739622608
 0.6480814759824389
 0.6555879673703122
 0.6611025102139562
 0.452388858497212
 0.6441181577386498
 0.6835950500066384
 0.7542102620190303
 0.6344909284258631
 0.557209561053682
 0.6424207165764971
 0.4993468790641346
 0.555338230302008
 0
 0
 0.5785862941142949
 0.9169478298171129
 0.7341211149885095
 0.7020159099249985
 0.6942123169765823
 0.6516183209838455
 0.6486790047466215
 0.6370821343134299
 0.6165413622555606
 0.6278023249256386
 0.6369245292885352
 0.6301960119175763
 0.6024694655914584
 0.6348829720335722
 0.6152788066647253
 0.6114826525751053
 0.6217602554735246
 0.6329113976275854
 0.6021303403916185
 0.6149369062132479
 0.6491434510277408
 0.6737306686824601
 0.6282109438828273
 0.6444765218811848
 0.6608707386537828
 0.6337583434301685
 0.6524760357279322
 0.6376494895400207
 0
 0
 0.7613958301223882
 0.3347357848893625
 0.4417400700086674
 0.4783419587671803
 0.4363217782314306
 0.4359445453702375
 0.4219560392530447
 0.3986525263392171
 0.363850446232764
 0.4729136794178301
 0.5306850009903583
 0.5019028885652049
 0.5413316955049967
 0.4885641601475689
 0.5313020072036668
 0.5509884508237894
 0.5260141734249448
 0.5152367287885334
 0.5381433204802937
 0.5575363118704009
 0.5397200220416229
 0.5593999662891899
 0.550945923366373
 0.5494565685472571
 0.5439420638927942
 0.5484727603170476
 0.5584689647093228
 0.557604111306362
 0
 0
 0.8724459605353885
 0.8772236851995419
 0.8928139829003584
 0.9162274492671086
 0.9333429064195491
 0.9212955822953677
 0.92713803639074
 0.9138246642745892
 0.9187940838452352
 0.9223201585859582
 0.9208720533892905
 0.9254976076519063
 0.9097591422572551
 0.9204787802101611
 0.9122873613099054
 0.9046168803233547
 0.896289103045532
 0.9181048004122421
 0.9025113208164869
 0.9133246926710764
 0.9024888749928758
 0.9046548164384551
 0.897871566833045
 0.9026770994649154
 0.8891337371840004
 0.9036351302286092
 0.899409331013687
 0.906043053369661
 0
 0
 0.01780300695079773
 0.2937589513139655
 0.6450187487150282
 0.5854175874331544
 0.52000816000863
 0.5076384173798972
 0.3273962233541099
 0.4003587369973376
 0.2676080773489499
 0.4630284388062483
 0.5425562946039241
 0.4821017872634052
 0.5632970231116774
 0.5199193691070804
 0.5179583569909348
 0.6111827387996284
 0.5432607304893764
 0.5229860022936942
 0.5500563835054103
 0.542849774663912
 0.5696823319989262
 0.6197607175737709
 0.6017925300871785
 0.5795684100194579
 0.6020296328204943
 0.6038869453008529
 0.5557139396436596
 0.5517308248852526
 0
 0
 0.5785862941142949
 0.9037585660788476
 0.7290376037886731
 0.5210904801178632
 0.7078960494987365
 0.6755482152968915
 0.7307707161776071
 0.6996901638595414
 0.6883828925335186
 0.6415707043008386
 0.6501177561804911
 0.595973214629128
 0.6177788720468677
 0.6023932046281149
 0.5265194806652425
 0.4863381202364077
 0.6283964894950247
 0.6552248080369147
 0.5763102876148836
 0.5924923457690702
 0.63870490316281
 0.6617837439778084
 0.6252097186308133
 0.6648764528846516
 0.6360408021391589
 0.6263726215278074
 0.696453002898598
 0.6588263236852322
 0
 0
 0
 0
 0
 0
 0
 0
 0
 0
 0
 0
 0
 0
 0
 0
 0
 0
 0
 0
 0
 0
 0
 0
 0
 0
 0
 0
 0
 0
 0
 0
 0
 0
 0
 0
 0
 0
 0
 0
 0
 0
 0
 0
 0
 0
 0
 0
 0
 0
 0
 0
 0
 0
 0
 0
 0
 0
 0
 0
 0
 0
 0
 0
 0
 0
 0
 0
 0
 0
 0
 0
 0
 0
 0
 0
 0
 0
 0
 0
 0
 0
 0
 0
 0
 0
 0
 0
 0
 0
 0
 0
 0
 0
 0
 0
 0
 0
 0
 0
 0
 0
 0
 0
 0
 0
 0
 0
 0
 0
 0
 0
 0
 0
 0
 0
 0
 0
 0
 0
 0
 0
 0
 0
 0
 0
 0
 0
 0
 0
 0
 0
 0
 0
 0
 0
 0
 0
 0
 0
 0
 0
 0
 0
 0
 0
 0
 0
 0
 0
 0
 0
 0.9524776591661566
 0.9400110041128045
 0.9246644692697751
 0.9469561198807686
 0.910121664301526
 0.9310603031577077
 0.9181553011386843
 0.9188983555413068
 0.9257745365950708
 0.9197236173282908
 0.91865144781938
 0.9086165153533192
 0.9109167574721249
 0.9186831847600379
 0.9088742678561648
 0.9087861852926491
 0.9124302256051054
 0.9127720215774049
 0.9110257251356
 0.9073522280247828
 0.8998367201822939
 0.9054976407752923
 0.8996621535171647
 0.9037470800221201
 0.9093106756564212
 0.9108729025414144
 0.9120749213914563
 0.898904398371318
 0
 0
 0
 0
 0
 0
 0
 0
 0
 0
 0
 0
 0
 0
 0
 0
 0
 0
 0
 0
 0
 0
 0
 0
 0
 0
 0
 0
 0
 0
 0
 0
 0
 0
 0
 0
 0
 0
 0
 0
 0
 0
 0
 0
 0
 0
 0
 0
 0
 0
 0
 0
 0
 0
 0
 0
 0
 0
 0
 0


