# Created by Octave 3.8.2, Fri Nov 20 20:36:32 2015 CET <dkottke@snake10>
# name: mus
# type: matrix
# ndims: 3
 1 30 19
 0
 0
 0.5242070116861438
 0.5545657015590201
 0.5415041782729808
 0.4921962095875138
 0.5280711506392438
 0.7120535714285714
 0.7280848687883855
 0.7184357541899442
 0.7141263644331134
 0.715324384787472
 0.5868636194723148
 0.5897042410714286
 0.5876750700280109
 0.5887276785714286
 0.6214005602240895
 0.6369248035914703
 0.6466565349544072
 0.6814606741573034
 0.6921008403361343
 0.6855592966704075
 0.6986250464511335
 0.7055180180180183
 0.7154929577464788
 0.7211073950204385
 0.7199775533108865
 0.6682477678571428
 0.6710233592880978
 0.7005649717514125
 0
 0
 0.6666666666666666
 1
 0.8
 0.7
 0.6
 0.8
 0.4
 0.7
 0.8333333333333333
 0.8666666666666666
 0.7666666666666666
 0.9333333333333332
 0.7999999999999999
 0.8166666666666667
 0.8833333333333332
 0.95
 0.8333333333333333
 0.85
 0.85
 0.86
 0.75
 0.8
 0.72
 0.72
 0.7
 0.64
 0.6333333333333333
 0.6
 0
 0
 0.5957368519119689
 0.9087968591562742
 0.8161918942413414
 0.9053969231685152
 0.8535587372047174
 0.7763346553592926
 0.585012130412269
 0.7339358118044845
 0.6539502136633166
 0.7419847638847668
 0.7122151089065831
 0.7337598939665291
 0.7285739525200978
 0.8079494233860299
 0.8060262785661299
 0.865984839499724
 0.8252531941648436
 0.8601517869644004
 0.8314292631801212
 0.8548507212163292
 0.8169547672840765
 0.8086847268306879
 0.7986054051328707
 0.7946686707695482
 0.8226908762832343
 0.7663095538330033
 0.792934283159946
 0.7853606166899267
 0
 0
 0.681524845766082
 0.8929777476387919
 0.6985775948137877
 0.8804879027943396
 0.7812343669094683
 0.6511848700487805
 0.5006971833590041
 0.648956795210075
 0.7330298079281741
 0.7856339538705125
 0.7675095023387949
 0.7885571439802603
 0.8249371249927503
 0.8430272256244478
 0.8529954787150288
 0.8690621397109509
 0.8423912299494736
 0.8478270723828895
 0.8185726017616719
 0.8451533512234047
 0.8038241949184879
 0.8033145883520721
 0.7892375301719897
 0.7929452362899917
 0.7809236522856314
 0.7409343932818387
 0.743867444588434
 0.7269019856340487
 0
 0
 0.6666666666666666
 1
 0.8
 0.8333333333333334
 0.7142857142857143
 0.75
 0.6666666666666666
 0.7
 0.6363636363636364
 0.5833333333333334
 0.7692307692307693
 0.6666666666666666
 1
 1
 1
 1
 1
 1
 1
 1
 1
 1
 1
 1
 1
 0
 1
 1
 0
 0
 0.7299978578879549
 0.9412972802738415
 0.7683754069041874
 0.8998988384223903
 0.7797080552255664
 0.7137546154583166
 0.585022322220099
 0.6208695891977025
 0.6550428072015581
 0.7088986852118943
 0.7765110423160901
 0.740940336401501
 0.8751559855891042
 0.8986341482349747
 0.8954309658416887
 0.8772521288626196
 0.853680450924132
 0.8375413359840931
 0.8387475003700533
 0.806966943566821
 0.7736131926955916
 0.8207671633013387
 0.7938850586279865
 0.7781458626151497
 0.8174562700420414
 0.6958202406458606
 0.7407783951118478
 0.8340493127351996
 0
 0
 0.5785862941142949
 0.6953305736520026
 0.7589406914541634
 0.8175590814633082
 0.7192883068965847
 0.8600000148670606
 0.7276349320224553
 0.7692293543826049
 0.764118912245582
 0.7891842174931644
 0.7430550572274706
 0.7976765467541127
 0.7821007021493399
 0.799803004609893
 0.7958538587178783
 0.7978037734842861
 0.7988451025017285
 0.8465091752653895
 0.8259755481514069
 0.844668221471899
 0.800052201186359
 0.8193728593388263
 0.8153340646960222
 0.8091089507736642
 0.8368732585587615
 0.7753683233333851
 0.7849675443298124
 0.7696695200484026
 0
 0
 0.7037561406826368
 0.869271491505197
 0.6876974633116711
 0.8656213184331774
 0.7487426007870061
 0.6466613671651907
 0.545384414355164
 0.6145084600721105
 0.6592397302446757
 0.7011596801233453
 0.6897289060304717
 0.7044752820765613
 0.718049887294821
 0.7488228656014685
 0.7627436116549945
 0.7872078570038421
 0.764219181307834
 0.7779881797674119
 0.769135861503557
 0.7771686464976393
 0.7631882377771524
 0.7636116940949554
 0.7556265327733642
 0.760308320589162
 0.7582791972203741
 0.7100886413974472
 0.7088915940810897
 0.6986925158322077
 0
 0
 0.8969515021933476
 0.9640344399303141
 0.9182598968666147
 0.943256452628973
 0.9185819255758071
 0.9099095466991507
 0.8883033152988058
 0.9198143869068153
 0.9258562362795514
 0.9153871778236279
 0.9178249921978475
 0.9181991257860866
 0.9067761233236226
 0.9156449420826138
 0.9112699251361875
 0.9043483520031195
 0.9017832397571891
 0.9055261705609674
 0.9155996200775942
 0.8994094758654939
 0.90896633045319
 0.9042118549696487
 0.9181784943886119
 0.90555869406747
 0.9062409133036787
 0.9035330595412921
 0.9097948159568462
 0.9012974921098023
 0
 0
 0.7634882190491223
 0.9357142104516288
 0.7278218734406937
 0.9495968619395038
 0.9128658900496398
 0.7619227546497717
 0.5714273805119366
 0.6017826106951472
 0.7058600455593846
 0.76059524876843
 0.744903981724734
 0.7479638133304292
 0.7877193792275068
 0.84341593606529
 0.8637824725234098
 0.8881456013243648
 0.8719277679669739
 0.885399009793718
 0.8488785121495372
 0.8602208814618603
 0.8171270241419604
 0.8118337396195328
 0.4557100665103492
 0.7971965119917002
 0.7928876298124525
 0.7419649748053039
 0.7478496373967766
 0.72973626971496
 0
 0
 0.5785862941142949
 0.6712220735386645
 0.4166228028369203
 0.8113772132583944
 0.7771121267792713
 0.8688810659731389
 0.7478586439361522
 0.7686004794981358
 0.7852516948501056
 0.8119925327651878
 0.7228671743393437
 0.7640295753390431
 0.7716603285840904
 0.7566332227534053
 0.7988533139462501
 0.7804457158374747
 0.790236262020616
 0.7885036397868964
 0.85341804831403
 0.9213481855020837
 0.8056446526109446
 0.8906158719622479
 0.8218239338356463
 0.8686231224140062
 0.8177964179834516
 0.7726666650299072
 0.6857546650192907
 0.7869259264660161
 0
 0
 0
 0
 0
 0
 0
 0
 0
 0
 0
 0
 0
 0
 0
 0
 0
 0
 0
 0
 0
 0
 0
 0
 0
 0
 0
 0
 0
 0
 0
 0
 0
 0
 0
 0
 0
 0
 0
 0
 0
 0
 0
 0
 0
 0
 0
 0
 0
 0
 0
 0
 0
 0
 0
 0
 0
 0
 0
 0
 0
 0
 0
 0
 0
 0
 0
 0
 0
 0
 0
 0
 0
 0
 0
 0
 0
 0
 0
 0
 0
 0
 0
 0
 0
 0
 0
 0
 0
 0
 0
 0
 0
 0
 0
 0
 0
 0
 0
 0
 0
 0
 0
 0
 0
 0
 0
 0
 0
 0
 0
 0
 0
 0
 0
 0
 0
 0
 0
 0
 0
 0
 0
 0
 0
 0
 0
 0
 0
 0
 0
 0
 0
 0
 0
 0
 0
 0
 0
 0
 0
 0
 0
 0
 0
 0
 0
 0
 0
 0
 0
 0
 0.8753773747255882
 0.9485416347354745
 0.9152310360659655
 0.8744573143201707
 0.9249712976931047
 0.9218802163385887
 0.9029650645982654
 0.9244752808861375
 0.9041627846484792
 0.9320784766369999
 0.9248109505785616
 0.9243834666952437
 0.9122259916925599
 0.9294565027206835
 0.9070752593885788
 0.9109499012440809
 0.906487237780342
 0.9130947385818478
 0.9041906136571005
 0.9104166694406539
 0.9169055244962676
 0.9091219221893634
 0.9051565578865314
 0.8948414308581675
 0.8927305108091635
 0.9134456226220068
 0.9084497360301839
 0.9129881044539491
 0
 0
 0
 0
 0
 0
 0
 0
 0
 0
 0
 0
 0
 0
 0
 0
 0
 0
 0
 0
 0
 0
 0
 0
 0
 0
 0
 0
 0
 0
 0
 0
 0
 0
 0
 0
 0
 0
 0
 0
 0
 0
 0
 0
 0
 0
 0
 0
 0
 0
 0
 0
 0
 0
 0
 0
 0
 0
 0
 0


