# Created by Octave 3.8.2, Fri Nov 20 20:20:30 2015 CET <dkottke@snake5>
# name: mus
# type: matrix
# ndims: 3
 1 30 19
 0
 0
 0.6015037593984955
 0.7984949832775919
 0.8995815899581598
 0.9237855946398664
 0.9298245614035092
 0.9303691275167785
 0.9448621553884702
 0.9361344537815134
 0.8924103419516255
 0.9326599326599329
 0.9406354515050156
 0.9374789915966389
 0.9459915611814342
 0.9434121621621622
 0.9447899159663861
 0.9465488215488208
 0.9498746867167915
 0.9483050847457631
 0.9440267335004171
 0.9486531986531984
 0.9433528428093649
 0.9370748299319726
 0.9421276595744688
 0.9498327759197318
 0.9537037037037037
 0.9557823129251701
 0.9554247266610593
 0.9521367521367521
 0
 0
 0.6666666666666666
 0.25
 0.4
 0.2
 0.1
 0.7
 0.4
 0.5
 0.5
 0.7333333333333333
 0.8333333333333333
 0.6
 0.5333333333333334
 0.6
 0.4666666666666666
 0.45
 0.3666666666666666
 0.5
 0.5599999999999999
 0.51
 0.6100000000000001
 0.67
 0.5599999999999999
 0.6133333333333334
 0.52
 0.4666666666666667
 0.5466666666666666
 0.5666666666666667
 0
 0
 0.6222694221634228
 0.608687273106131
 0.6312630073500081
 0.7140406995775572
 0.5580522525895462
 0.6919465809975496
 0.7490481381450627
 0.6890824402042046
 0.6468539165666689
 0.5999955883671853
 0.6861300954534781
 0.6487720112758707
 0.5017454544280886
 0.6583694159355302
 0.5911233852852582
 0.6108886760637371
 0.5660292820264636
 0.6884831635596397
 0.6004582831020284
 0.5889486938996613
 0.5001585328515156
 0.5838417540490577
 0.6502280182717268
 0.6197027826287963
 0.6316312546687757
 0.5457254420244483
 0.5839127009887538
 0.604025956263434
 0
 0
 0.7152403477929654
 0.3323873523833106
 0.316152068085683
 0.4226162170344646
 0.3905218263975385
 0.5156502551051209
 0.5836446036581513
 0.6072636078320941
 0.4781192747701893
 0.566909342035691
 0.6305567641125034
 0.6285489231974742
 0.5572435222356517
 0.6020494441494202
 0.5069276807121909
 0.59110812092455
 0.5236702973741283
 0.5969223100348442
 0.6282114115566281
 0.5532118188777024
 0.5763778026374691
 0.5677002047752713
 0.5619740952380939
 0.5816130702039385
 0.591619461487742
 0.5631670353214022
 0.5723341893907821
 0.5868252059089759
 0
 0
 0.6666666666666666
 0.25
 0.2
 0.5
 0.4285714285714285
 0.625
 0.3333333333333333
 0.8
 0.2727272727272727
 0.5
 0.6153846153846154
 0.6666666666666666
 0.4
 0.3333333333333333
 1
 1
 0
 0
 1
 1
 1
 1
 0
 1
 1
 1
 0
 1
 0
 0
 0.4435923820137407
 0.1700562935895646
 0.232028579825462
 0.5465492130460212
 0.4451573959035917
 0.6012437072387959
 0.4445972003400916
 0.6541759480708933
 0.4365126976474907
 0.5416962435028719
 0.6088663431944878
 0.6220461768178555
 0.534044282182754
 0.5512774848792483
 0.6415602080750821
 0.6659732511847595
 0.5004020629951149
 0.5158473672466702
 0.7282907967844672
 0.6350868502693514
 0.5509411081658157
 0.7169522175228814
 0.4873298213018356
 0.6292530244371748
 0.7097052207200034
 0.6070013559171679
 0.5821304367478006
 0.6805210843899717
 0
 0
 0.5785862941142949
 0.8013973565472198
 0.7257436277042008
 0.7797933361224885
 0.6778014730859753
 0.8030310858535451
 0.8156945260795895
 0.6883514508467899
 0.6964218206942075
 0.7156105200175445
 0.734390739937779
 0.7103668970240886
 0.6108902150536419
 0.6841441131909727
 0.6540586675257583
 0.7014079462664685
 0.692770166986478
 0.6675846176903095
 0.6834496272647974
 0.6730813076534982
 0.6793857926259955
 0.6373868555935797
 0.653759179141421
 0.6396543552634437
 0.635026279804259
 0.642631950145964
 0.6645419020273116
 0.6636058273196412
 0
 0
 0.6862001738858712
 0.3453982749692174
 0.3767157130753429
 0.4943991459594266
 0.4783634523304289
 0.5288252989392231
 0.5495695042390795
 0.5425873666357692
 0.523237136748125
 0.5532287246818997
 0.6106283607904431
 0.5967801446330679
 0.5398775786344696
 0.5750780693022289
 0.5248360557766514
 0.5627985258759512
 0.5401851518536153
 0.5698462604884739
 0.590898527436726
 0.5428183042393178
 0.5440134302671147
 0.5474195116498706
 0.538806984223671
 0.5472964174420903
 0.552552367917151
 0.5392161349729729
 0.5549359930511027
 0.5567210000431382
 0
 0
 0.9312910913484517
 0.9114039734800005
 0.9596145758083905
 0.9408194438899898
 0.9102276446303268
 0.9205715628023362
 0.9103822062136514
 0.9127684213147839
 0.9443701955080348
 0.9195992483341643
 0.9381637223906789
 0.9292942487152726
 0.910964157015237
 0.9212271106797931
 0.9175891511016624
 0.9064466013363033
 0.912116107051071
 0.9054235777971322
 0.9038266175325623
 0.8960428531073074
 0.9024611255181659
 0.9079473492660391
 0.901567755963022
 0.9044770731485657
 0.897406865186046
 0.9056525385561236
 0.8978575521703074
 0.8992775474660207
 0
 0
 0.6497895663470695
 0.1841434544954851
 0.2647158249790453
 0.5682492827271252
 0.5134429371229962
 0.5906912416543212
 0.5795227508118179
 0.5363474391058737
 0.4553469452980132
 0.5414851599824466
 0.6263756388595528
 0.6336262209726009
 0.5457485989837381
 0.5817161572291719
 0.5439779610767038
 0.5754115910889309
 0.5487528849475056
 0.5818423425754229
 0.6082453266636556
 0.5523509150267286
 0.5519925968273502
 0.5527978995142815
 0.5363105311194615
 0.5566451015030375
 0.5693005442965784
 0.5752895493553281
 0.5913817039551216
 0.6084790763472614
 0
 0
 0.5785862941142949
 0.8049648776757583
 0.7126124357503971
 0.7773361308113204
 0.6983605844371166
 0.784970787949172
 0.8061356741861949
 0.7196096797193773
 0.701082233760307
 0.7064215442569726
 0.6674727368086265
 0.7042556387154003
 0.5167020840760996
 0.7120346360685214
 0.6627065520597961
 0.7063852828541001
 0.6884659892147706
 0.6687305792229337
 0.6757194707066743
 0.6674473966858965
 0.6771849609023115
 0.65756543266792
 0.6299134914371143
 0.6358092504662188
 0.6358208205532427
 0.6946489795011924
 0.6378588006357316
 0.6510962282286499
 0
 0
 0
 0
 0
 0
 0
 0
 0
 0
 0
 0
 0
 0
 0
 0
 0
 0
 0
 0
 0
 0
 0
 0
 0
 0
 0
 0
 0
 0
 0
 0
 0
 0
 0
 0
 0
 0
 0
 0
 0
 0
 0
 0
 0
 0
 0
 0
 0
 0
 0
 0
 0
 0
 0
 0
 0
 0
 0
 0
 0
 0
 0
 0
 0
 0
 0
 0
 0
 0
 0
 0
 0
 0
 0
 0
 0
 0
 0
 0
 0
 0
 0
 0
 0
 0
 0
 0
 0
 0
 0
 0
 0
 0
 0
 0
 0
 0
 0
 0
 0
 0
 0
 0
 0
 0
 0
 0
 0
 0
 0
 0
 0
 0
 0
 0
 0
 0
 0
 0
 0
 0
 0
 0
 0
 0
 0
 0
 0
 0
 0
 0
 0
 0
 0
 0
 0
 0
 0
 0
 0
 0
 0
 0
 0
 0
 0
 0
 0
 0
 0
 0
 0.8886568481099045
 0.9522507278486901
 0.9394931678089121
 0.9330779521498328
 0.9021759731042863
 0.9099546107823618
 0.8970115186485822
 0.9097798344117094
 0.9118110557641491
 0.9228392687378864
 0.9219427540895611
 0.9231093308237581
 0.9363662644000557
 0.8946816905286714
 0.9083597112842084
 0.9195087318159704
 0.9145742008757906
 0.9086043617022689
 0.9124286568561875
 0.9044423276608983
 0.909845840283379
 0.9056413642284671
 0.9102944399456997
 0.9069033964214357
 0.9085303399959598
 0.8999036736882999
 0.8986463519397545
 0.9031462405719006
 0
 0
 0
 0
 0
 0
 0
 0
 0
 0
 0
 0
 0
 0
 0
 0
 0
 0
 0
 0
 0
 0
 0
 0
 0
 0
 0
 0
 0
 0
 0
 0
 0
 0
 0
 0
 0
 0
 0
 0
 0
 0
 0
 0
 0
 0
 0
 0
 0
 0
 0
 0
 0
 0
 0
 0
 0
 0
 0
 0


