# Created by Octave 3.8.2, Sun Nov 15 23:43:48 2015 CET <dkottke@snake2>
# name: mus
# type: matrix
# ndims: 3
 1 30 19
 0
 0
 0.8512949039264838
 0.9289297658862876
 0.9205020920502098
 0.9480737018425466
 0.9448621553884717
 0.9471476510067114
 0.9164578111946521
 0.9436974789915968
 0.9499582985821513
 0.9503367003367007
 0.9515050167224075
 0.9517647058823535
 0.9392405063291136
 0.9510135135135135
 0.9470588235294114
 0.9414983164983157
 0.9370648844333048
 0.9237288135593222
 0.9047619047619043
 0.9309764309764306
 0.9464882943143814
 0.9532312925170067
 0.9259574468085113
 0.9506688963210697
 0.925715488215488
 0.9384920634920635
 0.9599357749063381
 0.9572649572649566
 0
 0
 0.6666666666666666
 0.25
 0.6
 0.8
 0.6
 0.8
 0.6
 0.6
 0.4333333333333333
 0.6
 0.7
 0.5999999999999999
 0.7333333333333333
 0.6333333333333333
 0.7333333333333333
 0.7999999999999999
 0.6
 0.6
 0.52
 0.65
 0.6799999999999999
 0.72
 0.7200000000000001
 0.6066666666666667
 0.68
 0.6266666666666667
 0.6200000000000001
 0.6
 0
 0
 0.715545748527149
 0.5761918980581262
 0.8129439162650187
 0.6950569610895863
 0.7545265163215767
 0.6769331097804364
 0.6746718910710753
 0.664133276409093
 0.5430429620643002
 0.568989408056587
 0.6830030919376509
 0.7605617626094399
 0.6760672676903607
 0.6194139920124475
 0.6151529735691115
 0.6678155501487264
 0.5672319430019871
 0.5885768640966843
 0.6019570772457097
 0.5868634572490617
 0.6122852277988263
 0.6155855465114534
 0.652618272812294
 0.5769207007898899
 0.5713632205456552
 0.5757793937524617
 0.5900494787101332
 0.5819459786178425
 0
 0
 0.8209497661162822
 0.4412770120989538
 0.4806695828118376
 0.5930781875832475
 0.5577743783230339
 0.6230750510459195
 0.6078027262748632
 0.5019753788797421
 0.5788651221888313
 0.5232399155854316
 0.5268315366652796
 0.544776791205645
 0.549244368511245
 0.5291728072104198
 0.5418732720666635
 0.5484519596088914
 0.5326827325425203
 0.5398507017469542
 0.5493206459363545
 0.5412916371531872
 0.5472077334994067
 0.5391436726644545
 0.5456356143638906
 0.5504634191232054
 0.557835605299782
 0.5496025763799697
 0.5434743674933729
 0.5482659956707482
 0
 0
 0.7189949021615391
 0.6027798436276974
 0.5583236234233013
 0.5758749073802031
 0.4954680517536869
 0.6262167268661872
 0.597384443111418
 0.5235047415959432
 0.5428576926294393
 0.5188105671918634
 0.5357225019425517
 0.5365765751199509
 0.5582704708568916
 0.5395193226660234
 0.5436283928579083
 0.5485473421983018
 0.5292547069782841
 0.5399227253227117
 0.5543010786385009
 0.5513343013145364
 0.5449491176674236
 0.5421045507499724
 0.5418114014391338
 0.550621074558452
 0.563151515813602
 0.5552124618219335
 0.5492511710904603
 0.55103871769688
 0
 0
 0.9947533364865798
 0.5829378386024804
 0.5269416407961542
 0.7177386694891179
 0.5426162083523561
 0.5839167384477304
 0.6077700649251992
 0.483173839284908
 0.5384755583653477
 0.5098488671311712
 0.5089700298195712
 0.5406894344965189
 0.5470152009647188
 0.5490591178646391
 0.5146229727679031
 0.5767265360696721
 0.4843502056205641
 0.5439519866973327
 0.561487367802965
 0.5224461464852433
 0.5055126241298274
 0.5264648829581436
 0.5593402342664335
 0.5202536369525983
 0.5782622419974837
 0.5568877937516115
 0.5667562617726322
 0.5992968323458823
 0
 0
 0.5785862941142949
 0.8267354460614121
 0.6239020043020312
 0.657783624185808
 0.7057774248202344
 0.691301826710876
 0.6439019971641425
 0.7093999144712029
 0.6730267770537739
 0.7168919416912689
 0.7203109882329638
 0.6639012012192043
 0.6507784738481281
 0.7088137673217529
 0.7410893921040234
 0.6312266350736606
 0.6629236886531488
 0.6677751282831904
 0.6393731635192773
 0.653418683531501
 0.5800319368244168
 0.6767310057489865
 0.6550998519243427
 0.6477960242762095
 0.7040296603666558
 0.6744794417937348
 0.6864211896586041
 0.6370962675120829
 0
 0
 0.8468597581588511
 0.5749828413764031
 0.457747070628947
 0.5225319792024112
 0.5856159310811361
 0.6076428748888534
 0.5704328473292447
 0.5162641997041214
 0.5913732167325436
 0.5547440667937192
 0.5380275525097208
 0.5563209544460914
 0.5466096269769216
 0.5537374873911147
 0.5623604403602076
 0.5748515239117546
 0.5483584485137589
 0.543152549641485
 0.5526600234891818
 0.5565916895185818
 0.5655130727209756
 0.5578296828550235
 0.5586644747473114
 0.5619189961493088
 0.5707521441974742
 0.5653143951463059
 0.5501318390207481
 0.5567891556774621
 0
 0
 0.7201332675138015
 0.6336250963079373
 0.5341439112090282
 0.5319505666270606
 0.494983922449804
 0.6169611084275787
 0.5744671026667595
 0.5697368140993251
 0.555587595922209
 0.532327462622972
 0.5447825125162568
 0.5682929902792695
 0.5536471532179301
 0.5540460766727636
 0.5505616762525311
 0.5688115605140682
 0.5549204519494708
 0.5363613872956841
 0.5623287063020119
 0.5577489708123775
 0.5584246719435334
 0.562018963448456
 0.5573507536801748
 0.5629288524702786
 0.5733000170048661
 0.5647676912797616
 0.5533481262853844
 0.5565897658482393
 0
 0
 0.9865193287197538
 0.5200962117975862
 0.5299701872042833
 0.5670130264986983
 0.5493451322587156
 0.5477362488473528
 0.5650726578177306
 0.5257639509105109
 0.5477529936269818
 0.5370817655527086
 0.5190458145478392
 0.5371467321899422
 0.5438263082895363
 0.5341724057304931
 0.5438803916262872
 0.5601749999643854
 0.540435981218965
 0.5360357464992174
 0.5462851073867476
 0.5446353663890907
 0.5639254241606564
 0.5459871860731949
 0.5547319305293373
 0.5545879226550626
 0.5600152988828619
 0.5539124750538971
 0.5413010371236792
 0.5525290449480806
 0
 0
 0.5785862941142949
 0.8710725624385306
 0.6313021406230327
 0.6441029462876535
 0.6694347337078831
 0.6832778954603286
 0.60684441251146
 0.6869741168347581
 0.6588649649117383
 0.6757441849694524
 0.673973902574543
 0.6520626889323008
 0.6402592943033711
 0.6900189964634202
 0.6447027178334833
 0.6515648902702719
 0.6497914342638668
 0.6734601567988172
 0.628100078137666
 0.6248455616058783
 0.6203632209191705
 0.6661155104558812
 0.651667446845041
 0.6360709645961576
 0.6495210982684611
 0.6409987688874874
 0.6421315995567927
 0.6262460278165609
 0
 0
 0
 0
 0
 0
 0
 0
 0
 0
 0
 0
 0
 0
 0
 0
 0
 0
 0
 0
 0
 0
 0
 0
 0
 0
 0
 0
 0
 0
 0
 0
 0
 0
 0
 0
 0
 0
 0
 0
 0
 0
 0
 0
 0
 0
 0
 0
 0
 0
 0
 0
 0
 0
 0
 0
 0
 0
 0
 0
 0
 0
 0
 0
 0
 0
 0
 0
 0
 0
 0
 0
 0
 0
 0
 0
 0
 0
 0
 0
 0
 0
 0
 0
 0
 0
 0
 0
 0
 0
 0
 0
 0
 0
 0
 0
 0
 0
 0
 0
 0
 0
 0
 0
 0
 0
 0
 0
 0
 0
 0
 0
 0
 0
 0
 0
 0
 0
 0
 0
 0
 0
 0
 0
 0
 0
 0
 0
 0
 0
 0
 0
 0
 0
 0
 0
 0
 0
 0
 0
 0
 0
 0
 0
 0
 0
 0
 0
 0
 0
 0
 0
 0.5105155843787522
 0.5727116831188853
 0.5358228922433088
 0.5083473997407184
 0.4994317339354779
 0.6016060506432566
 0.5714017613062322
 0.5732264491529022
 0.5504333525392281
 0.5350126877404484
 0.5409679714009948
 0.5661320505787495
 0.5583305167446105
 0.5503579719824859
 0.5482496634451862
 0.5679747586364488
 0.5519729669466914
 0.5382763667980085
 0.5553479112182312
 0.5579809320908704
 0.5555914527933976
 0.559527813913781
 0.5542019347503315
 0.5591973322126438
 0.5760555893772823
 0.5658409555269448
 0.557079243745491
 0.5546759021923798
 0
 0
 0
 0
 0
 0
 0
 0
 0
 0
 0
 0
 0
 0
 0
 0
 0
 0
 0
 0
 0
 0
 0
 0
 0
 0
 0
 0
 0
 0
 0
 0
 0
 0
 0
 0
 0
 0
 0
 0
 0
 0
 0
 0
 0
 0
 0
 0
 0
 0
 0
 0
 0
 0
 0
 0
 0
 0
 0
 0


