# Created by Octave 3.8.2, Fri Nov 20 21:47:31 2015 CET <dkottke@snake7>
# name: mus
# type: matrix
# ndims: 3
 1 30 19
 0
 0
 0.8178780284043445
 0.8904682274247492
 0.8937238493723857
 0.9061976549413737
 0.9139515455304931
 0.9219798657718121
 0.9323308270676681
 0.8336134453781514
 0.8190158465387818
 0.6388888888888887
 0.6528010033444815
 0.6436974789915967
 0.6658227848101264
 0.6182432432432432
 0.7268067226890756
 0.728956228956229
 0.7231968810916178
 0.7279661016949153
 0.7184628237259815
 0.7246071829405161
 0.7385033444816054
 0.738095238095238
 0.7302127659574467
 0.7290969899665554
 0.7264309764309764
 0.9556405895691611
 0.9540484746540251
 0.9555555555555554
 0
 0
 0.3333333333333333
 0.5
 0.6
 0.6
 0.6
 0.9
 0.9
 0.9
 1
 0.9
 0.9333333333333332
 0.9333333333333332
 0.9333333333333332
 0.9333333333333332
 0.8833333333333334
 0.95
 1
 0.95
 0.95
 0.96
 1
 1
 1
 1
 1
 0.9666666666666666
 0.9333333333333333
 0.9
 0
 0
 0.5844396021036022
 0.6377756978891329
 0.5778611795038651
 0.7333550816818778
 0.7745436673511478
 0.8293274491162894
 0.8900110227638309
 0.8204252618614645
 0.8906431433226595
 0.8879641561923861
 0.9259278587537431
 0.9243731152401914
 0.9281640136359832
 0.9248127713082255
 0.9441386845929017
 0.9296350952826594
 0.9409518996091965
 0.9373824199181082
 0.9371883861714082
 0.9471278775458245
 0.9838450870559911
 0.9749051128063104
 0.9817249160059034
 0.9700820311378952
 0.969074576889752
 0.9450646953493013
 0.9758465300561686
 0.9706747241651962
 0
 0
 0.3333499984722649
 0.6632111203001766
 0.6966762864383642
 0.7563808930393083
 0.8068274857999659
 0.8871767840552125
 0.8571414842702961
 0.9009173223456248
 0.864738800811819
 0.9468838797879423
 0.9401111894273892
 0.9444498524293983
 0.9552699473079379
 0.951163725750076
 0.9757472498021594
 0.9643043221081314
 0.9679482091279762
 0.9622363425282232
 0.9754692786497396
 0.9750750355990017
 0.9978718307207114
 0.9963212971165007
 0.9984654971687913
 0.9996753262009679
 0.9995845019046522
 0.9782055114225857
 0.9965907742856813
 0.9993791857830159
 0
 0
 0.3333333333333333
 0.25
 0.4
 0.8333333333333334
 0.7142857142857143
 0.875
 0.6666666666666666
 0.9
 1
 1
 0.9230769230769231
 0.8888888888888888
 0.6
 1
 1
 1
 1
 1
 1
 1
 1
 1
 1
 1
 1
 1
 1
 1
 0
 0
 0.4166791654844365
 0.4444456944503001
 0.616680001587202
 0.8416666670054479
 0.7267860946252327
 0.8660714301257961
 0.7733148138101488
 0.9089285873419826
 1.025757595592602
 1.010858619361248
 0.9252914524340508
 0.9207516663292469
 0.8385816071971223
 1.039118958173493
 1.038461918068944
 1.025641523558077
 1.040540540700172
 1.053192127179072
 1.0086206901771
 0.7430644798381956
 1.011363637379636
 1.017858617263496
 1.000000001985703
 1.000000002370778
 1.000000002993459
 1.000000003803808
 1.000000005045114
 1.000000006803863
 0
 0
 0.7892931470571475
 0.6717999197024678
 0.8114492647122311
 0.8086676143783039
 0.7977613968500061
 0.8656419856458647
 1.066136649383176
 0.8723759686076604
 0.8536883290240385
 0.8839714426638303
 0.9418133259106076
 0.9487812551518174
 0.9322722933665057
 0.9596046758429826
 0.950331687722081
 0.9270251263670362
 0.9200938063479751
 0.9621387815968996
 0.9328192834311875
 0.9448725929947754
 0.967906047607187
 0.9752729350271967
 0.9995329710342142
 0.9701756847950355
 0.9675897407699348
 0.9590172451370081
 0.952077982359853
 0.960734450767936
 0
 0
 0.3333499985391318
 0.6948697218457378
 0.6421400164901635
 0.7323648042801902
 0.8707214669394155
 0.8627070239450516
 0.858390469265121
 0.8767780696079392
 0.9020893127407295
 0.8924655288847512
 0.94707515799018
 0.9410937519352377
 0.9541113425688518
 0.9698722274068156
 0.9726938319052276
 0.9725737885637528
 0.9657890424256491
 0.9702145722687975
 0.968794403518134
 0.9752774527025899
 0.990818380491956
 0.9901247373146651
 0.9941112630459734
 0.9975999153193938
 0.9961572548371201
 0.9766561388592941
 0.989150627585506
 0.9934974488387719
 0
 0
 1
 1
 1
 1
 1
 1
 1
 1
 1
 1
 1
 1
 1
 1
 1
 1
 1
 1
 1
 1
 1
 1
 1
 1
 1
 1
 1
 1
 0
 0
 0.416679165585016
 0.4853066165744329
 0.6416677403699849
 0.7549250260371008
 0.741468647908255
 0.7878057490078048
 0.8061212076189285
 0.8245285551700514
 0.8736018831587512
 0.940038412443896
 0.9061295793489235
 0.9304400251997947
 0.9549052212605339
 0.9211379448547341
 0.9233955559915555
 0.945339248038601
 1.100192141226681
 1.118408079680677
 0.981353392870434
 0.9724728766218949
 1.064620864163042
 0.9597388159608253
 1.000000000000258
 1.00000000000064
 1.000000000001547
 1.00000000000341
 1.00000000000753
 1.000000000000049
 0
 0
 0.7892931470571475
 0.7169742919477761
 0.8328719597548894
 0.791329382782613
 0.8288430596694754
 0.8495466817495301
 0.98304136053765
 0.8602997979881458
 0.836412467275308
 0.8949620133749214
 1.05630223704212
 0.969885664499852
 1.000894826382281
 0.9799286162057542
 0.9326254225579793
 0.9843433782634963
 0.9438865637992772
 0.9805097883806291
 0.9335820118270913
 0.9473017642604504
 0.9624194496479763
 0.9783595710156776
 0.9668494430187868
 0.9510466705852305
 1.011469992273771
 0.9771196966437805
 0.9564409837439128
 1.001706260369531
 0
 0
 0
 0
 0
 0
 0
 0
 0
 0
 0
 0
 0
 0
 0
 0
 0
 0
 0
 0
 0
 0
 0
 0
 0
 0
 0
 0
 0
 0
 0
 0
 0
 0
 0
 0
 0
 0
 0
 0
 0
 0
 0
 0
 0
 0
 0
 0
 0
 0
 0
 0
 0
 0
 0
 0
 0
 0
 0
 0
 0
 0
 0
 0
 0
 0
 0
 0
 0
 0
 0
 0
 0
 0
 0
 0
 0
 0
 0
 0
 0
 0
 0
 0
 0
 0
 0
 0
 0
 0
 0
 0
 0
 0
 0
 0
 0
 0
 0
 0
 0
 0
 0
 0
 0
 0
 0
 0
 0
 0
 0
 0
 0
 0
 0
 0
 0
 0
 0
 0
 0
 0
 0
 0
 0
 0
 0
 0
 0
 0
 0
 0
 0
 0
 0
 0
 0
 0
 0
 0
 0
 0
 0
 0
 0
 0
 0
 0
 0
 0
 0
 0
 1
 1
 1
 1
 1
 1
 1
 1
 1
 1
 1
 1
 1
 1
 1
 1
 1
 1
 1
 1
 1
 1
 1
 1
 1
 1
 1
 1
 0
 0
 0
 0
 0
 0
 0
 0
 0
 0
 0
 0
 0
 0
 0
 0
 0
 0
 0
 0
 0
 0
 0
 0
 0
 0
 0
 0
 0
 0
 0
 0
 0
 0
 0
 0
 0
 0
 0
 0
 0
 0
 0
 0
 0
 0
 0
 0
 0
 0
 0
 0
 0
 0
 0
 0
 0
 0
 0
 0


