# Created by Octave 3.8.2, Fri Nov 20 22:19:47 2015 CET <dkottke@snake9>
# name: mus
# type: matrix
# ndims: 3
 1 30 19
 0
 0
 0.6618357487922705
 0.6634615384615384
 0.6585365853658541
 0.6568627450980393
 0.6551724137931035
 0.6490384615384616
 0.6618357487922707
 0.9550000000000001
 0.9377990430622006
 0.9313725490196079
 0.9423076923076924
 0.9438775510204083
 0.9435897435897437
 0.9182692307692307
 0.9419934640522877
 0.9595959595959596
 0.9665071770334929
 0.9
 0.9735449735449736
 0.9696969696969696
 0.9710144927536233
 0.967013888888889
 0.97
 0.9711538461538463
 0.9667422524565381
 0.9591836734693876
 0.9704433497536946
 0.9666666666666668
 0
 0
 1
 1
 1
 1
 1
 1
 1
 0.9
 0.9
 0.9333333333333332
 0.9
 0.9333333333333332
 0.9333333333333332
 0.95
 0.9333333333333332
 0.95
 0.9333333333333332
 1
 0.96
 0.95
 0.96
 0.96
 0.9199999999999999
 0.9199999999999999
 0.9333333333333332
 0.9199999999999999
 0.9333333333333332
 0.9333333333333332
 0
 0
 1
 1
 1
 1
 1
 1
 1
 0.8984392968815451
 0.9188778616170018
 0.9238144221716629
 0.945095814318891
 0.946751368163442
 0.9500173243840562
 0.9732402296762577
 0.9595292337454764
 0.957768326474454
 0.9713288175102761
 0.9817788740502752
 0.9480101363758279
 0.9504337212601099
 0.9684028226733516
 0.9636528591637025
 0.967074089737324
 0.9678863430086957
 0.9488194988096804
 0.9399182557839656
 0.959778897213305
 0.9572630331995589
 0
 0
 0.9999999999834271
 0.9999999999903904
 0.99999999993334
 0.9999999999897459
 0.9999999998931207
 0.999999999962717
 0.9999999998880402
 0.8867091021490348
 0.907545667502513
 0.9038932417629033
 0.9116915336067414
 0.9113535470580365
 0.9211041271467417
 0.9278681595715672
 0.926181759740612
 0.9423051311604288
 0.943268781941918
 0.9747933154134938
 0.9305941679751237
 0.9278582291544519
 0.9408113536266317
 0.941321651897276
 0.9470763030725883
 0.9552491217651154
 0.9602012435378158
 0.9593201490394966
 0.9631099591239259
 0.9584373617961535
 0
 0
 1
 1
 1
 1
 1
 1
 1
 1
 0.9090909090909091
 0.9166666666666666
 0.9230769230769231
 1
 1
 1
 1
 1
 1
 1
 1
 1
 1
 1
 0
 1
 1
 0
 1
 1
 0
 0
 0.9999999999956096
 0.9999999999855413
 0.9999999999991214
 0.9999999999999574
 0.9999999999996216
 0.9999999999856866
 0.9999999999999467
 0.9518277483465455
 0.9214360460152056
 0.9212091689063802
 0.8873569368077803
 0.9624453284645238
 0.969278236029829
 0.953013689406399
 0.9324719456322103
 0.9682653846584385
 0.9313003411367147
 0.9893905892001582
 0.9473772551715959
 0.9733919481982866
 0.9464472768716845
 0.8963600490243173
 0.8996919636107678
 0.9272824499021255
 0.9706664814323298
 0.9182236901353726
 0.9966841576382902
 0.965647813392803
 0
 0
 1
 0.9999999999983736
 1
 1
 1
 1
 0.99999999999888
 0.8754521801761123
 0.8731077733008498
 0.8854560965577155
 0.8954012138103804
 0.9485331425911367
 0.9546477005776921
 0.9207857588083779
 0.9378049574353017
 0.9391466133031456
 0.9466964552496796
 0.9406784016664638
 0.9700663231456872
 0.9508433270422538
 0.9582536361619713
 0.9770561038000337
 0.965528893712847
 0.9435884183732738
 0.9770621156529384
 0.9644885452406109
 0.9508098100492363
 0.9772410698863885
 0
 0
 0.99999999972631
 0.9999999999871826
 0.9999999999972075
 0.9999999999785554
 0.9999999999977771
 0.9999999999989512
 0.9999999999990047
 0.8412304266562211
 0.8731759640765788
 0.8695922034092962
 0.8843468982639807
 0.8871209581765456
 0.8936843156129434
 0.8977122493336606
 0.8983154806543252
 0.9114840154197915
 0.9144096076000739
 0.9232862663736511
 0.896255228417718
 0.9116626465822756
 0.9041225997463793
 0.9036206539225095
 0.9168998240795103
 0.9117000800089128
 0.9221261236692594
 0.9243595546429688
 0.9157581139558747
 0.9161253309490206
 0
 0
 0.8848480102254938
 0.9461891049477487
 0.929495508431198
 0.9207424950850758
 0.9217374105326024
 0.9204682805270664
 0.9102924845566034
 0.9003928271990018
 0.9251499906046898
 0.941718891902219
 0.9250027015173321
 0.9156090907559664
 0.9123106505125723
 0.9129314739454616
 0.9170370547059409
 0.9097010383923545
 0.9046236894194477
 0.9071111855846469
 0.9085697914773824
 0.9054747501837307
 0.9040405085835258
 0.9116554875563123
 0.9080346102149727
 0.9066320446156122
 0.8983296688148329
 0.8991838449606809
 0.8973732784792893
 0.9017838453204485
 0
 0
 0.9999999999105094
 1
 0.9999999999936648
 0.999999999999988
 0.9999999999977246
 0.9999999999968301
 0.9999999999999988
 0.9397549211442511
 0.9248305588376955
 0.8824648550695695
 0.8907854703303608
 0.9277330065982993
 0.9270122733773858
 0.9189109486828626
 0.9374141808424465
 0.9424441721098149
 0.9366617335736164
 0.9747630686727442
 0.9412039355316507
 0.8004457840840163
 0.7136726645918107
 0.9486779455085823
 0.9530523510689128
 0.9544558229148117
 0.7234764709931297
 0.9612520093508355
 0.9597502488542842
 0.9606584718155258
 0
 0
 1
 1
 1
 0.9999999999999085
 0.9999999999999999
 0.9999999999999978
 0.9999999999933932
 0.7953031150789439
 0.8389248869363316
 0.8450407120742527
 0.8577715204535604
 0.9276572865635392
 0.9692827639112127
 0.9305108626537012
 0.9688651553219036
 0.9246293298847026
 0.9182025070737009
 0.9246564769994132
 0.9815657499020745
 0.96268547438549
 0.9260571868967576
 0.976366968688557
 0.9421064493240903
 0.9498069959397724
 0.9494576265488891
 0.9785008206463354
 0.9508891316468669
 0.9554757838251665
 0
 0
 0
 0
 0
 0
 0
 0
 0
 0
 0
 0
 0
 0
 0
 0
 0
 0
 0
 0
 0
 0
 0
 0
 0
 0
 0
 0
 0
 0
 0
 0
 0
 0
 0
 0
 0
 0
 0
 0
 0
 0
 0
 0
 0
 0
 0
 0
 0
 0
 0
 0
 0
 0
 0
 0
 0
 0
 0
 0
 0
 0
 0
 0
 0
 0
 0
 0
 0
 0
 0
 0
 0
 0
 0
 0
 0
 0
 0
 0
 0
 0
 0
 0
 0
 0
 0
 0
 0
 0
 0
 0
 0
 0
 0
 0
 0
 0
 0
 0
 0
 0
 0
 0
 0
 0
 0
 0
 0
 0
 0
 0
 0
 0
 0
 0
 0
 0
 0
 0
 0
 0
 0
 0
 0
 0
 0
 0
 0
 0
 0
 0
 0
 0
 0
 0
 0
 0
 0
 0
 0
 0
 0
 0
 0
 0
 0
 0
 0
 0
 0
 0
 0.9599181957491576
 0.8714045188482181
 0.9534085859844055
 0.9030714832133542
 0.9158900573630457
 0.9390022722942334
 0.9328134901507179
 0.9096869012041884
 0.9276731787955662
 0.9102861306112247
 0.9233948477482262
 0.9098168671156179
 0.9100812548683191
 0.9040829641533805
 0.9066799825137495
 0.9037521402310524
 0.9099674361944022
 0.910664776387359
 0.8948894057971477
 0.912081585636456
 0.8967223781743917
 0.9105457518468458
 0.9017956003068943
 0.899306075747336
 0.9120863221373467
 0.9074346671582972
 0.9115553129261587
 0.8983432341044648
 0
 0
 0
 0
 0
 0
 0
 0
 0
 0
 0
 0
 0
 0
 0
 0
 0
 0
 0
 0
 0
 0
 0
 0
 0
 0
 0
 0
 0
 0
 0
 0
 0
 0
 0
 0
 0
 0
 0
 0
 0
 0
 0
 0
 0
 0
 0
 0
 0
 0
 0
 0
 0
 0
 0
 0
 0
 0
 0
 0


