# Created by Octave 3.8.2, Fri Nov 20 21:40:02 2015 CET <dkottke@snake7>
# name: mus
# type: matrix
# ndims: 3
 1 30 19
 0
 0
 0.8621553884711788
 0.8076923076923077
 0.8987447698744778
 0.9221105527638194
 0.908103592314119
 0.9119127516778524
 0.8571428571428559
 0.8613445378151263
 0.8665554628857375
 0.8686868686868687
 0.8612040133779257
 0.8638655462184875
 0.8700421940928259
 0.90625
 0.9131092436974784
 0.9292929292929287
 0.9314954051796152
 0.9330508474576271
 0.928989139515455
 0.9385521885521881
 0.9358277591973244
 0.9396258503401365
 0.936170212765958
 0.9389632107023407
 0.9206649831649831
 0.9179421768707483
 0.9165073782399266
 0.9136752136752133
 0
 0
 0.6666666666666666
 0.75
 0.6
 1
 1
 0.8
 0.8
 0.9
 0.8333333333333333
 0.8333333333333333
 1
 1
 1
 0.8833333333333334
 0.8666666666666666
 0.85
 0.8333333333333333
 0.85
 0.86
 0.8800000000000001
 0.9
 0.9199999999999999
 0.8800000000000001
 0.9266666666666665
 0.8200000000000001
 0.78
 0.7933333333333333
 0.8333333333333334
 0
 0
 0.7504787267782009
 0.761809644499384
 0.7870515847917979
 0.8946465735285737
 0.8851647651461454
 0.8754722499107741
 0.9195099821758304
 0.917559555031025
 0.9203528095876017
 0.9514034254627347
 0.9505910164104131
 0.952092441773071
 0.9673623155544823
 0.8986575089276846
 0.9012951751472462
 0.8677056966868465
 0.8721783694243933
 0.8982927537887518
 0.9051045910485489
 0.9024587813622078
 0.9124160675300411
 0.9205452564777351
 0.9139450676095798
 0.9307046673861158
 0.8806139965190969
 0.855540315164675
 0.8788035708931043
 0.8830172951467469
 0
 0
 0.8055597218108519
 0.8680638896407757
 0.7700120199437015
 0.9722228230622153
 0.9696359248972509
 0.9322965043264885
 0.9599046089816073
 0.9506261050656858
 0.9743462965515994
 0.9689667808583076
 0.997041333967697
 0.9963444222492106
 1
 0.9207817029800721
 0.9299940847051212
 0.8920623020057121
 0.8893214858441247
 0.9015031096475251
 0.9101474043064181
 0.9463190347538381
 0.9516687858553605
 0.9492258286693241
 0.9470092835443201
 0.9533510958478753
 0.8892758357961537
 0.8673245125368599
 0.8648083127366265
 0.884184097362584
 0
 0
 0.6666666666666666
 0.5
 0
 1
 1
 0.875
 1
 0.9
 0.8181818181818182
 0.8333333333333334
 1
 1
 1
 1
 1
 1
 1
 1
 1
 1
 1
 1
 1
 1
 1
 1
 1
 1
 0
 0
 0.8000599940111393
 0.6666675000035949
 0.5250237524664726
 1.183333333448964
 1.160714286632295
 0.9089285721268532
 1.017857143733519
 0.9376984336557016
 0.8880060698181448
 0.9015164609382392
 1.014102564113612
 1.016544117865205
 1.004196642728621
 0.9636501774667805
 0.9929447997247858
 1.000000050013538
 0.9476352711456435
 0.9441495229957082
 0.827587724461556
 1.042825308658026
 1.056818316885701
 0.8571459230231203
 1.001913331657206
 1.000000002368092
 0.8437515260118862
 1.031471177070066
 0.9387769948022632
 1.000000000933925
 0
 0
 0.7892931470571475
 0.9073966631393707
 0.9151256169179491
 0.9465548120240292
 0.820888084589657
 0.9076511477923622
 0.9289384260556246
 0.9454169662542622
 0.9411337811747136
 0.9916786146745609
 0.9632513360978683
 0.9679067448880598
 0.9594825327557965
 0.9137661441354872
 0.918631427266104
 0.9137042226095218
 0.9282785635329147
 0.916439726777784
 0.9263023439750646
 0.9770708063334301
 0.9798030567343023
 0.9213656673799919
 0.9376739787975966
 0.9431806155533538
 0.8908527447777159
 0.8693523660081521
 0.8645670741806085
 0.8777729858859421
 0
 0
 0.8055597218165995
 0.8841984853218618
 0.8002463464174825
 0.9211228501713988
 0.9150475238594831
 0.9824072932711003
 0.9393229931720122
 0.9643461623979138
 0.95545967772623
 0.9752669069414756
 0.980089561787636
 0.9863063214408729
 0.9974937600931753
 0.9531151025282394
 0.9614128328148829
 0.9092778176237734
 0.9200764197608615
 0.9157788228732328
 0.9324254019360657
 0.9486130961909752
 0.9442793198055172
 0.9461714467481923
 0.9495530577319018
 0.9551943868428227
 0.8874572530350714
 0.861054698572321
 0.8516059728875534
 0.8707242734404418
 0
 0
 1
 1
 1
 1
 1
 1
 1
 1
 1
 1
 1
 1
 1
 1
 1
 1
 1
 1
 1
 1
 1
 1
 1
 1
 1
 1
 1
 1
 0
 0
 0.8000599941631948
 0.7156871078361954
 0.6600210492854761
 1.269774899669446
 1.256774976276502
 1.015214123229542
 0.9435813279311053
 0.9920773151906406
 1.01864058198498
 0.9704614707640333
 0.9752615305369947
 0.9770088719495826
 1.021961449381379
 0.8892162651676023
 0.8772627082861482
 0.8312707829239405
 0.847627913465433
 0.9006778591453679
 0.9989372120572433
 0.8600687442877308
 0.9132666216410456
 1.114937696995669
 0.9288971614996387
 1.000000000000639
 1.029829842534233
 0.8817248904030942
 0.7481536819383546
 0.992761732649416
 0
 0
 0.7892931470571475
 0.9073966631656296
 1.048887170664144
 1.036014432997601
 0.8635250905753802
 0.8911683450952526
 0.9336521248887075
 0.8975950297836236
 1.082229651906702
 1.043882376363085
 0.9973421916773442
 0.9407767604432901
 1.058076563030974
 0.9444923611971252
 0.9278475000788975
 1.103220247880141
 0.9749485340886812
 0.9524909448428358
 0.9380281159276751
 1.068894362728658
 0.939403902277147
 0.9081280269194969
 0.9738655815892787
 1.006876653893881
 0.9197479188058729
 0.9179276432234977
 0.8675692163570655
 0.9336266950718378
 0
 0
 0
 0
 0
 0
 0
 0
 0
 0
 0
 0
 0
 0
 0
 0
 0
 0
 0
 0
 0
 0
 0
 0
 0
 0
 0
 0
 0
 0
 0
 0
 0
 0
 0
 0
 0
 0
 0
 0
 0
 0
 0
 0
 0
 0
 0
 0
 0
 0
 0
 0
 0
 0
 0
 0
 0
 0
 0
 0
 0
 0
 0
 0
 0
 0
 0
 0
 0
 0
 0
 0
 0
 0
 0
 0
 0
 0
 0
 0
 0
 0
 0
 0
 0
 0
 0
 0
 0
 0
 0
 0
 0
 0
 0
 0
 0
 0
 0
 0
 0
 0
 0
 0
 0
 0
 0
 0
 0
 0
 0
 0
 0
 0
 0
 0
 0
 0
 0
 0
 0
 0
 0
 0
 0
 0
 0
 0
 0
 0
 0
 0
 0
 0
 0
 0
 0
 0
 0
 0
 0
 0
 0
 0
 0
 0
 0
 0
 0
 0
 0
 0
 1
 1
 1
 1
 1
 1
 1
 1
 1
 1
 1
 1
 1
 1
 1
 1
 1
 1
 1
 1
 1
 1
 1
 1
 1
 1
 1
 1
 0
 0
 0
 0
 0
 0
 0
 0
 0
 0
 0
 0
 0
 0
 0
 0
 0
 0
 0
 0
 0
 0
 0
 0
 0
 0
 0
 0
 0
 0
 0
 0
 0
 0
 0
 0
 0
 0
 0
 0
 0
 0
 0
 0
 0
 0
 0
 0
 0
 0
 0
 0
 0
 0
 0
 0
 0
 0
 0
 0


