# Created by Octave 3.8.2, Sat Nov 21 01:16:21 2015 CET <dkottke@snake7>
# name: mus
# type: matrix
# ndims: 3
 1 30 19
 0
 0
 0.6766917293233083
 0.6616161616161617
 0.691139240506329
 0.6287878787878788
 0.6215538847117795
 0.6275510204081632
 0.8023989898989901
 0.8435897435897434
 0.8364898989898989
 0.8005050505050506
 0.8582051282051283
 0.8622448979591837
 0.8525641025641029
 0.8567708333333334
 0.8593350383631714
 0.8371212121212122
 0.8696741854636592
 0.863157894736842
 0.8220551378446116
 0.8598484848484848
 0.8616084114805342
 0.8619791666666667
 0.8640000000000001
 0.8517948717948719
 0.8671236171236172
 0.8903061224489794
 0.8593011186714334
 0.8512820512820514
 0
 0
 0.3333333333333333
 0.75
 0.8
 0.2
 0.9
 0.8
 0.2
 0.3
 0.1
 0.2
 0.4666666666666666
 0.5
 0.3333333333333333
 0.4166666666666666
 0.4
 0.3833333333333333
 0.4666666666666666
 0.45
 0.72
 0.6
 0.63
 0.75
 0.76
 0.7266666666666668
 0.7866666666666667
 0.7866666666666666
 0.7266666666666667
 0.6666666666666667
 0
 0
 0.5924485870710615
 0.7849930072011708
 0.7484418184253698
 0.6645890912338266
 0.6830086936750854
 0.7975107143219187
 0.4054819758955718
 0.330516727491456
 0.6399607923775383
 0.5693176465959391
 0.6492182413186383
 0.4585603491445148
 0.5539036043141501
 0.5042036928483642
 0.4712957812301755
 0.6025039759344383
 0.5253926950637909
 0.6080977730640603
 0.6146003840224861
 0.695490956436442
 0.6900264756408596
 0.6766766642996869
 0.6687259583390981
 0.6377695225691862
 0.6512008598725091
 0.5495448901236625
 0.5792107578644108
 0.6145442213416374
 0
 0
 0.6907244359751162
 0.5419284336448741
 0.6109202228966736
 0.4729376039881108
 0.6639305608528242
 0.6139857664438363
 0.4726555587917161
 0.4565831218057056
 0.4302985240141858
 0.4585612079684804
 0.4517979501702861
 0.4751317488395083
 0.4770525835650477
 0.4799249236870002
 0.4703814786174915
 0.4942782646698418
 0.5071116539960895
 0.5315035195841159
 0.5597664995745265
 0.5713776603390792
 0.5896044041202986
 0.5959903470416149
 0.5908966941324955
 0.5753965081385676
 0.5694873117925962
 0.5467987424151106
 0.5428734418256618
 0.5486444623944143
 0
 0
 0
 1
 1
 0.3333333333333333
 0.7142857142857143
 0.625
 0.4444444444444444
 0.1
 0.09090909090909091
 0.1666666666666667
 0.4615384615384616
 0.3333333333333333
 0.8
 0
 0.5
 0
 0
 1
 1
 1
 1
 0
 1
 0
 1
 1
 0
 1
 0
 0
 -3.483324739761429e-13
 0.5977205649497455
 0.67451409005132
 0.4133270111911487
 0.6669753122388815
 0.580685728736035
 0.462293509764551
 0.4177998013733532
 0.4034785944605593
 0.4341894684138488
 0.4602287023835706
 0.4723648570423002
 0.4914990130573595
 0.4527935504597983
 0.4680326717902212
 0.4571679284556812
 0.5186254778558474
 0.5590997223621025
 0.5407909302704637
 0.6086761234695945
 0.5769562314870078
 0.5555768288787631
 0.6005760122663253
 0.5568618538033716
 0.5383710678021228
 0.5604452149817947
 0.5356496051865028
 0.5278344148327627
 0
 0
 1
 0.5226753949714219
 0.7354608787126226
 0.6268865965388231
 0.6905952325236621
 0.7017633924964917
 0.6686404320162241
 0.6715624422581519
 0.6576767747157553
 0.6869706501811392
 0.6636612104799118
 0.655171629299907
 0.6534494049403966
 0.6677451032793267
 0.6346676771507795
 0.6892814972216331
 0.6782369069647409
 0.6794760122243425
 0.7376973611596342
 0.7002256679258767
 0.7359936838494983
 0.7182337345659902
 0.7053876449967714
 0.6960256126625436
 0.6891206179363315
 0.6792204351308386
 0.6633723929205974
 0.6504073028013831
 0
 0
 0.6926044000429474
 0.5027358890532134
 0.5556595373083636
 0.4879994541871623
 0.592224241299025
 0.6290198983104768
 0.4904154184803833
 0.4825616130953868
 0.4540664594303607
 0.4696373797078388
 0.4788225821556411
 0.5017685496735964
 0.4877615578323063
 0.4921294786342206
 0.4841720760248337
 0.500702540223382
 0.5210202842150975
 0.5421489034142806
 0.5662516984923883
 0.581683124107782
 0.5985312683585159
 0.5905046988628948
 0.5824045417009063
 0.5782437049767868
 0.551728280915355
 0.5455161205869367
 0.5428210018775937
 0.5449309467546238
 0
 0
 0.998090674062072
 0.9999999226831797
 0.9999999981319363
 0.9999999997199657
 0.9999999999999999
 0.999999999897351
 1
 0.9999999998998854
 0.9999999999999991
 0.9980484753381506
 0.9933051288568727
 0.9898015075084956
 0.9713871207576075
 0.9769159641715052
 0.973759204967926
 0.9671659298486314
 0.9635117835514603
 0.9651524330097817
 0.9666971094330782
 0.9666505491083688
 0.9635112298334149
 0.9628067226820139
 0.9533972573830944
 0.9547164893978302
 0.9533402819878882
 0.9546703607085852
 0.9433800557712905
 0.9540566919927247
 0
 0
 -8.346434654527002e-12
 0.6144426001448431
 0.7193231544054381
 0.4040886232639005
 0.5768376061857584
 0.6785257878491392
 0.4895425970467753
 0.4753064087741468
 0.4415941979089118
 0.4491295203746148
 0.4710246129053238
 0.4824910057885226
 0.477665025674779
 0.4836506017318766
 0.4768033879278192
 0.4935364107070873
 0.5048713732737303
 0.5329951673466097
 0.5578813845929746
 0.5647999030816362
 0.585180728102241
 0.5817230711746156
 0.5725653048353619
 0.5659760628182123
 0.559173945764269
 0.5473219676932642
 0.5280012870918114
 0.5324683431080779
 0
 0
 1
 0.5441746383300434
 0.6884045755192101
 0.6184047036710935
 0.6734689529447214
 0.6234915514650394
 0.6686530224479745
 0.6788065903060828
 0.6657960613046647
 0.6621353099690678
 0.6541991054060232
 0.678735377970646
 0.6449710826766704
 0.6463563227217755
 0.6556261508282587
 0.6423671417117292
 0.6501778488636148
 0.6651015894438771
 0.7082443296170726
 0.6950863791466484
 0.690861125883253
 0.7150841332797925
 0.679659793690492
 0.6887321448688323
 0.6394022957054067
 0.6378753722241113
 0.6491491529604265
 0.6489923895240333
 0
 0
 0
 0
 0
 0
 0
 0
 0
 0
 0
 0
 0
 0
 0
 0
 0
 0
 0
 0
 0
 0
 0
 0
 0
 0
 0
 0
 0
 0
 0
 0
 0
 0
 0
 0
 0
 0
 0
 0
 0
 0
 0
 0
 0
 0
 0
 0
 0
 0
 0
 0
 0
 0
 0
 0
 0
 0
 0
 0
 0
 0
 0
 0
 0
 0
 0
 0
 0
 0
 0
 0
 0
 0
 0
 0
 0
 0
 0
 0
 0
 0
 0
 0
 0
 0
 0
 0
 0
 0
 0
 0
 0
 0
 0
 0
 0
 0
 0
 0
 0
 0
 0
 0
 0
 0
 0
 0
 0
 0
 0
 0
 0
 0
 0
 0
 0
 0
 0
 0
 0
 0
 0
 0
 0
 0
 0
 0
 0
 0
 0
 0
 0
 0
 0
 0
 0
 0
 0
 0
 0
 0
 0
 0
 0
 0
 0
 0
 0
 0
 0
 0
 0.9999898862375391
 0.9999999941606506
 0.9999999999991462
 0.9999999999999987
 0.9999995879282717
 0.9999953734827685
 0.9999991265951915
 0.9999843034483856
 0.9999978247018101
 0.9914346740028314
 0.9962543352400288
 0.9871376534374515
 0.9785858553899791
 0.9700478500008536
 0.9758116644414189
 0.9666811482991736
 0.9617130758142094
 0.9609976426713084
 0.9601345653123605
 0.9605062621663278
 0.9635403671113673
 0.9509119723396564
 0.9567922542134808
 0.9493384843963589
 0.95406209844881
 0.9536089553562306
 0.9458741151164309
 0.9466406232294318
 0
 0
 0
 0
 0
 0
 0
 0
 0
 0
 0
 0
 0
 0
 0
 0
 0
 0
 0
 0
 0
 0
 0
 0
 0
 0
 0
 0
 0
 0
 0
 0
 0
 0
 0
 0
 0
 0
 0
 0
 0
 0
 0
 0
 0
 0
 0
 0
 0
 0
 0
 0
 0
 0
 0
 0
 0
 0
 0
 0


