# Created by Octave 3.8.2, Fri Nov 20 22:14:58 2015 CET <dkottke@snake3>
# name: mus
# type: matrix
# ndims: 3
 1 30 19
 0
 0
 0.9468599033816425
 0.7259615384615384
 0.7317073170731709
 0.7401960784313727
 0.7142857142857144
 0.8557692307692307
 0.8405797101449278
 0.8500000000000002
 0.8516746411483253
 0.8529411764705882
 0.8389423076923078
 0.8520408163265306
 0.9641025641025642
 0.9759615384615384
 0.9803921568627452
 0.9797979797979799
 0.9808612440191389
 0.9800000000000001
 0.9788359788359789
 0.9797979797979798
 0.9758454106280191
 0.9687499999999999
 0.975
 0.9759615384615384
 0.9735449735449734
 0.9744897959183675
 0.975369458128079
 0.9777777777777779
 0
 0
 0.6666666666666666
 1
 0.8
 0.8
 0.8
 0.8
 0.8
 0.9
 0.8
 0.9333333333333332
 0.8
 0.7666666666666666
 1
 0.9333333333333333
 0.9333333333333333
 0.95
 0.95
 0.95
 1
 1
 1
 1
 1
 1
 1
 1
 1
 0.9
 0
 0
 0.7708562974246478
 0.8763242384900648
 0.8094672074452929
 0.8546122714694318
 0.9218424216501916
 0.895700107793288
 0.8304654261501648
 0.8259126212657373
 0.8207057787440126
 0.9281489631464873
 0.8934286504478002
 0.9267342171338709
 0.9706380507719115
 0.9403144725575212
 0.8843234005074837
 0.9474017320988581
 0.9486380079510253
 0.9431995752930221
 0.9673234633232205
 0.9544427721667433
 0.9588483694483545
 0.9642444359128356
 0.9783914479761914
 0.9663259570261352
 0.966827496486407
 0.9818650175797747
 0.9737230352605591
 0.9477252997226405
 0
 0
 0.6102961291105534
 0.9127040362631608
 0.7372209426584128
 0.7053918757754759
 0.8204193454944918
 0.7615514598889807
 0.8138721417042352
 0.8244530737223742
 0.8525711178474591
 0.8632209516313035
 0.8804910450877727
 0.8750074206581057
 0.9245750480432618
 0.9369888036190643
 0.9388039744884314
 0.934965323515035
 0.9575102370604804
 0.9622888765765147
 0.9640955045362476
 0.966234297334696
 0.9702236595532325
 0.9746279087738782
 0.9765301300843044
 0.9734147356565687
 0.9751151421324198
 0.972831074470482
 0.9720309065429308
 0.9227439509966843
 0
 0
 1
 1
 1
 0.8333333333333334
 0.8571428571428571
 0.75
 0.8888888888888888
 0.6
 1
 0.8333333333333334
 0.9230769230769231
 0.7777777777777778
 1
 0.6666666666666666
 1
 1
 1
 1
 1
 1
 1
 1
 1
 1
 1
 1
 1
 1
 0
 0
 0.9445933736758036
 0.9413102144747568
 0.9822717767574404
 0.8730621558229278
 0.7813100353317461
 0.7423811980561947
 0.8010575952488014
 0.760530902131529
 0.8548315624638299
 0.8430570733020241
 0.8832182384836534
 0.8663048861307037
 0.9456530427037042
 0.8982868128825726
 0.9805034970226219
 0.9789109056938748
 0.9762076394315593
 0.9629795640868948
 0.9882420320965273
 0.8573879117007268
 0.9906807892757348
 0.9902607252968385
 0.9311855487251067
 0.9931272086307951
 0.9634683882092492
 0.945447252581926
 0.9556272474123745
 0.8934629709777285
 0
 0
 0.5785862941142949
 0.7834684941702381
 0.8115339805152748
 0.8629609053993013
 0.8637495171333649
 0.8437347703323669
 0.8175473903982721
 0.8506573078404376
 0.8713938987054238
 0.9005480808244971
 0.8986890008875805
 0.893278243124755
 0.9198616295521528
 0.9203583762262886
 0.9202950423453202
 0.9131465395924385
 0.8517995835832203
 0.8800749097806518
 0.9017998357835396
 0.9308496334803292
 0.9236840285263193
 0.8800469598146218
 0.9278005101174625
 0.972671751918639
 0.9243034151941715
 0.9303571397565057
 0.9672003824555907
 0.9157060451891905
 0
 0
 0.5419454730559689
 0.8759911739381365
 0.8000961756219622
 0.777554929560763
 0.7792766705732306
 0.7523183594107533
 0.7761160854662474
 0.7786573964913051
 0.8022389827339712
 0.8238760855691527
 0.8358057639826598
 0.8486748268026735
 0.8764145233315097
 0.8820594989590145
 0.8672803382908694
 0.868254763445648
 0.8848107189428744
 0.8725412834537597
 0.8811612634177109
 0.8878327670707004
 0.8984137064928075
 0.8986785839275562
 0.903530497966225
 0.8957091655657022
 0.891160443084369
 0.9093560868770552
 0.9183269658710692
 0.8700138115629106
 0
 0
 0.9592493059922285
 0.8593974251781136
 0.9171723330382262
 0.9141723241229975
 0.9206572342091622
 0.9339240189022436
 0.9129421613523385
 0.950393746339095
 0.9171385189067616
 0.9253475712102873
 0.928037390601633
 0.9135069528321296
 0.9149395434955175
 0.9142044386802067
 0.9105809804953803
 0.9127637623870022
 0.9051211406770534
 0.9109959437693956
 0.9132046083989552
 0.9070656432832765
 0.8943313677184765
 0.8962811938797518
 0.9041892013288646
 0.9042038057572583
 0.8955003652529446
 0.9001266866714855
 0.8990345805045318
 0.8946919046125654
 0
 0
 0.8969698551882157
 0.9357058667951248
 0.9802315089308939
 0.9108262086164799
 0.7389593175360907
 0.7536511588434067
 0.805002578500547
 0.4488826860937224
 0.8360926656685186
 0.8671995213456428
 0.5251763026110774
 0.8951618143567056
 0.942392149193772
 0.6554617638415496
 0.9689776399560367
 0.9676994042251059
 0.9799698280216731
 0.9800972556729075
 0.9820202877958996
 0.9829457968751995
 0.9925810891874165
 0.9902678647877614
 0.9907521434695048
 0.985885069127631
 0.9868581576821114
 0.9890260679710942
 0.9886536094031512
 0.943824912601581
 0
 0
 0.5785862941142949
 0.8417710940852559
 0.7691180999318376
 0.8310416761583977
 0.888571435489709
 0.8340571307195545
 0.8073531762402348
 0.816825560306214
 0.8235121425197826
 0.9045024195337499
 0.9330230143537059
 0.9307879555858155
 0.9723751671411519
 0.9196564301742258
 0.8453945931523608
 0.9644301125201581
 0.8529717907316909
 0.946999506577429
 0.9497448634787788
 0.9288550476769672
 0.9538041349597453
 0.7717538002046631
 0.9143285523616199
 0.9144681053797079
 0.9602505760428895
 0.9190333173683615
 0.9293741672662291
 0.8240153023221786
 0
 0
 0
 0
 0
 0
 0
 0
 0
 0
 0
 0
 0
 0
 0
 0
 0
 0
 0
 0
 0
 0
 0
 0
 0
 0
 0
 0
 0
 0
 0
 0
 0
 0
 0
 0
 0
 0
 0
 0
 0
 0
 0
 0
 0
 0
 0
 0
 0
 0
 0
 0
 0
 0
 0
 0
 0
 0
 0
 0
 0
 0
 0
 0
 0
 0
 0
 0
 0
 0
 0
 0
 0
 0
 0
 0
 0
 0
 0
 0
 0
 0
 0
 0
 0
 0
 0
 0
 0
 0
 0
 0
 0
 0
 0
 0
 0
 0
 0
 0
 0
 0
 0
 0
 0
 0
 0
 0
 0
 0
 0
 0
 0
 0
 0
 0
 0
 0
 0
 0
 0
 0
 0
 0
 0
 0
 0
 0
 0
 0
 0
 0
 0
 0
 0
 0
 0
 0
 0
 0
 0
 0
 0
 0
 0
 0
 0
 0
 0
 0
 0
 0
 0.8492350940214863
 0.9540745902141855
 0.8974735097344686
 0.957836147475033
 0.9325772388803658
 0.9279476189881192
 0.9301939704563253
 0.9156689960326578
 0.9147725686848983
 0.9329273819401354
 0.9272083733783778
 0.9183526076401246
 0.9184702809401371
 0.9130200553176597
 0.9196703659175991
 0.9145760803686441
 0.901777049929963
 0.8998316552068134
 0.9071899990095971
 0.9062550466809388
 0.9020731832213755
 0.9093297611357524
 0.8981862717894015
 0.9117234583975689
 0.9072998534426118
 0.9081284909555403
 0.8964709172952851
 0.9023427019035882
 0
 0
 0
 0
 0
 0
 0
 0
 0
 0
 0
 0
 0
 0
 0
 0
 0
 0
 0
 0
 0
 0
 0
 0
 0
 0
 0
 0
 0
 0
 0
 0
 0
 0
 0
 0
 0
 0
 0
 0
 0
 0
 0
 0
 0
 0
 0
 0
 0
 0
 0
 0
 0
 0
 0
 0
 0
 0
 0
 0


