# Created by Octave 3.8.2, Fri Nov 20 22:49:05 2015 CET <dkottke@snake6>
# name: mus
# type: matrix
# ndims: 3
 1 30 19
 0
 0
 0.6618357487922706
 0.6634615384615384
 0.6585365853658538
 0.6568627450980395
 0.9458128078817735
 0.8846153846153846
 0.7681159420289856
 0.7549999999999999
 0.9425837320574161
 0.9215686274509803
 0.9471153846153846
 0.9285714285714287
 0.9282051282051283
 0.9230769230769231
 0.830065359477124
 0.8989898989898992
 0.9090909090909091
 0.905
 0.9153439153439155
 0.9149831649831649
 0.8727858293075683
 0.9392361111111112
 0.9425
 0.951923076923077
 0.9576719576719576
 0.9540816326530612
 0.9704433497536946
 0.9611111111111111
 0
 0
 1
 1
 1
 1
 0.7
 0.9
 0.9
 0.9
 0.5333333333333333
 0.6333333333333333
 0.7
 0.7666666666666667
 0.6666666666666666
 0.65
 0.5666666666666667
 0.7
 0.6666666666666667
 0.55
 0.53
 0.6900000000000001
 0.64
 0.6300000000000001
 0.6400000000000001
 0.6866666666666668
 0.6933333333333334
 0.62
 0.5933333333333333
 0.7333333333333333
 0
 0
 1
 1
 1
 1
 0.8398197903648723
 0.8476081091174292
 0.874208008793117
 0.881372041793174
 0.7663849041432498
 0.6774091175500825
 0.7446463986136076
 0.7585008881516303
 0.7242057348985568
 0.7788013052436734
 0.7074823847478382
 0.7258481806463079
 0.7041190974647089
 0.7171467363962869
 0.6990777477734973
 0.7062053837463231
 0.7175297559776255
 0.6927742227209048
 0.6735906010830652
 0.6988524453810572
 0.6779347455764473
 0.7003559971764926
 0.6832130963471572
 0.7213125713338528
 0
 0
 0.999999999951389
 0.9999999998919042
 0.9999999999330875
 0.9999999999467781
 0.8027376104381797
 0.8008935347817424
 0.754110014930663
 0.7649654340382355
 0.6475016816493094
 0.6471351412228684
 0.6890898226676315
 0.7048073994395953
 0.6748971551808063
 0.689385028524943
 0.6514309629182521
 0.6457624789999175
 0.6698715532066367
 0.6775671966642591
 0.6511389216803712
 0.6597796294587248
 0.6738752470809575
 0.6432845593660106
 0.6465205537725045
 0.6554130556276003
 0.6546679495432657
 0.6714172016657094
 0.665736314204
 0.6728901918973486
 0
 0
 1
 1
 1
 1
 0.8571428571428571
 1
 0.7777777777777778
 0.8
 0.7272727272727273
 0.4166666666666667
 0.7692307692307693
 0.8888888888888888
 0.8
 0.6666666666666666
 1
 1
 1
 0
 0
 0
 1
 1
 1
 1
 0
 1
 1
 1
 0
 0
 0.9999999999587615
 0.999999999565707
 0.9999999999998678
 0.9999999999527767
 0.7562906456697224
 0.7774331792140515
 0.7277762594482265
 0.7392213007485502
 0.6532038325836589
 0.6186742057445027
 0.6852088351157353
 0.7878203962814553
 0.6384645744135881
 0.6727306152077676
 0.6402858364713366
 0.693245986340614
 0.684283000350857
 0.6130708328169998
 0.6315366902903022
 0.6104236654023784
 0.7685162648329836
 0.6678886679490269
 0.6352713612718047
 0.6893088293115364
 0.6482139203934748
 0.6509848451442551
 0.7087288467938235
 0.6581339179311988
 0
 0
 1
 1
 0.9999999987702793
 0.9999999999845335
 0.7952509171081428
 0.7945388176706671
 0.8527180674260396
 0.7788960116338265
 0.7761355496102356
 0.7669097125816938
 0.7821931510940394
 0.7312143796979155
 0.769830727159271
 0.7398367094256159
 0.7037047657551174
 0.7261847180925307
 0.7017044446968226
 0.7329609221056252
 0.7044326599880308
 0.7294803201260172
 0.7163790543809758
 0.7209058035923889
 0.7176023480144145
 0.7135017962341803
 0.6883683158868148
 0.718030280094117
 0.7340704287111558
 0.680847684120315
 0
 0
 0.9999999999839656
 0.9999999999817375
 0.9999999999849407
 0.9999999999872657
 0.7147081106587954
 0.7405313336997519
 0.7286539607626112
 0.7618263405531781
 0.6992520910837411
 0.6829149886923175
 0.6912554866486135
 0.6852235176961697
 0.6614912496627782
 0.7038892631236374
 0.6710147330520285
 0.6711283095634067
 0.6884476723497165
 0.7043419087520228
 0.6705033450884358
 0.6899492614572347
 0.7075877890619467
 0.6567845182269061
 0.6580900890509035
 0.6684176700892317
 0.6753397941352981
 0.6834531214611143
 0.6708860899618809
 0.6920733763442851
 0
 0
 0.9905162218540359
 0.9999999999796749
 1
 0.9999999999988943
 1
 1
 1
 0.9999999999999994
 0.9991380713145678
 0.9988876593917715
 0.9953271722473358
 0.9819200377164194
 0.984900390307706
 0.9816506151139929
 0.9732215296290797
 0.9741329995816654
 0.970053767826817
 0.9662088769098003
 0.9604461138931666
 0.9556635982800243
 0.9617036662515648
 0.9626683676565594
 0.9625697471180144
 0.954170841790801
 0.954168201886579
 0.9502620917312729
 0.9517971386746419
 0.9480315174905231
 0
 0
 0.999999999936789
 0.999999999999158
 0.9999999999997361
 0.99999999999998
 0.7407756394874898
 0.7624641736291553
 0.8830385649770148
 0.8812082072418328
 0.6670439258817575
 0.6628768296805837
 0.6562721700394557
 0.7137427936099052
 0.6620874080348256
 0.7063134503959694
 0.6583318579842521
 0.6713525363749957
 0.7451835551573189
 0.6793283242507387
 0.6533397516373795
 0.6618152870573739
 0.682656906512019
 0.6458317111138852
 0.7082766962060152
 0.7407506455969222
 0.6638015255296592
 0.7552475240892487
 0.6892069154931731
 0.7617552056520289
 0
 0
 1
 0.9999999999842498
 0.9999999999999583
 0.9999999999999933
 0.7909129892186871
 0.7965610806044473
 0.8642206417756458
 0.7798693973799304
 0.8271566362132684
 0.7538669683220497
 0.7813598108051069
 0.7165133973115558
 0.719284091286235
 0.7043785106661771
 0.7034672747484552
 0.7173213689533918
 0.7056777124128205
 0.7201594032863555
 0.6976573967122603
 0.7193963994869992
 0.7229963418897247
 0.7055542744548641
 0.6940968974433098
 0.7262248278118882
 0.7030032851976478
 0.6753539613579461
 0.7221004599829829
 0.7089331475275679
 0
 0
 0
 0
 0
 0
 0
 0
 0
 0
 0
 0
 0
 0
 0
 0
 0
 0
 0
 0
 0
 0
 0
 0
 0
 0
 0
 0
 0
 0
 0
 0
 0
 0
 0
 0
 0
 0
 0
 0
 0
 0
 0
 0
 0
 0
 0
 0
 0
 0
 0
 0
 0
 0
 0
 0
 0
 0
 0
 0
 0
 0
 0
 0
 0
 0
 0
 0
 0
 0
 0
 0
 0
 0
 0
 0
 0
 0
 0
 0
 0
 0
 0
 0
 0
 0
 0
 0
 0
 0
 0
 0
 0
 0
 0
 0
 0
 0
 0
 0
 0
 0
 0
 0
 0
 0
 0
 0
 0
 0
 0
 0
 0
 0
 0
 0
 0
 0
 0
 0
 0
 0
 0
 0
 0
 0
 0
 0
 0
 0
 0
 0
 0
 0
 0
 0
 0
 0
 0
 0
 0
 0
 0
 0
 0
 0
 0
 0
 0
 0
 0
 0
 0.9999499696553349
 0.9999999934115634
 0.9999999999246754
 0.9999999999999992
 0.9999999981660144
 0.9999999956915132
 0.9999996541901104
 0.9999306660117371
 0.999954681249324
 0.9980672655860583
 0.9965756358820542
 0.9836581898463153
 0.9839036131596941
 0.9798296481174928
 0.9688930733987022
 0.9798189612736091
 0.9695053900118961
 0.9690445376282441
 0.9560255016750123
 0.9598156473638139
 0.9641410894287787
 0.9625772776335459
 0.9623555723159406
 0.9533295172196538
 0.9603935247647998
 0.9584824715204602
 0.9367762242536717
 0.9513849584065507
 0
 0
 0
 0
 0
 0
 0
 0
 0
 0
 0
 0
 0
 0
 0
 0
 0
 0
 0
 0
 0
 0
 0
 0
 0
 0
 0
 0
 0
 0
 0
 0
 0
 0
 0
 0
 0
 0
 0
 0
 0
 0
 0
 0
 0
 0
 0
 0
 0
 0
 0
 0
 0
 0
 0
 0
 0
 0
 0
 0


