# Created by Octave 3.8.2, Fri Nov 20 23:25:50 2015 CET <dkottke@snake7>
# name: mus
# type: matrix
# ndims: 3
 1 30 19
 0
 0
 0.4987468671679197
 0.4983277591973244
 0.4979079497907949
 0.4974874371859297
 0.8696741854636597
 0.7869127516778524
 0.9331662489557216
 0.9403361344537821
 0.936613844870725
 0.9444444444444444
 0.9448160535117048
 0.9442016806722692
 0.9476793248945145
 0.9442567567567568
 0.9445378151260497
 0.9381313131313124
 0.9406850459482036
 0.9423728813559321
 0.9381787802840427
 0.9489337822671152
 0.9498327759197325
 0.9481292517006803
 0.9497872340425538
 0.945234113712374
 0.9476010101010097
 0.9481292517006805
 0.9467849223946785
 0.9487179487179483
 0
 0
 1
 1
 1
 1
 0.7
 0.8
 0.7
 0.7
 0.7333333333333333
 0.7
 0.8333333333333333
 0.8666666666666666
 0.8666666666666666
 0.8833333333333332
 0.9333333333333332
 0.95
 0.9333333333333332
 0.95
 0.96
 0.96
 0.95
 0.96
 0.96
 0.96
 0.9666666666666668
 0.96
 0.9666666666666668
 0.9666666666666668
 0
 0
 1
 1
 1
 1
 0.8860462938166206
 0.9053926230286592
 0.7418857411524253
 0.7741020273558824
 0.7741707763702399
 0.835250694488471
 0.8258420460606282
 0.8780318848441357
 0.8403862947275549
 0.8635268441275628
 0.9112046661510396
 0.9216502216723803
 0.943102522412778
 0.9232003614917352
 0.9437701643859588
 0.9244152335441201
 0.9326464715559147
 0.9455557899928941
 0.9361140066964806
 0.9610807606524788
 0.939682686700838
 0.9541899233270797
 0.9623384281885727
 0.9651241367560851
 0
 0
 0.999999999976919
 0.9999999997732429
 0.999999999932729
 0.9999999999631773
 0.8340578527975576
 0.8867349172391086
 0.7122067424189975
 0.7357578395484831
 0.7821835871138297
 0.7768973818456286
 0.811001844984615
 0.8162341447306711
 0.8247876039155354
 0.8382528502021331
 0.8757161743897843
 0.8863877665885218
 0.8903479021318546
 0.8993865946713197
 0.9004857486137615
 0.9079789960540361
 0.9092723069662305
 0.9180500028104677
 0.9178677121174025
 0.9185008909421833
 0.9227058920043959
 0.9305909940933763
 0.9191487172219254
 0.9223082497397892
 0
 0
 1
 1
 1
 1
 0.8571428571428571
 1
 0.3333333333333333
 0.8
 0.9090909090909091
 0.8333333333333334
 0.6923076923076923
 0.6666666666666666
 1
 1
 1
 1
 0
 1
 1
 1
 1
 1
 1
 1
 1
 1
 1
 1
 0
 0
 0.9999999999909573
 0.999999999697809
 0.9999999999999053
 0.9999999999720141
 0.8032939805212121
 0.9539824619147148
 0.6507998482646902
 0.717404237349096
 0.8894195627976319
 0.8879800047327668
 0.7853334290376982
 0.8105265020404674
 0.8750201559399536
 0.9348852548883784
 0.948447187288912
 0.8482092189459595
 0.8453095268481778
 0.8829112158916471
 0.9955175964729961
 0.9657253644996167
 0.8909078817905465
 0.9171086577263482
 0.8945603073475106
 0.8671852249525966
 0.9117469090637381
 0.9000223660577106
 0.8906787967267259
 0.9135791249808149
 0
 0
 1
 0.9999999999787875
 0.9999999999995102
 0.9999999999263648
 0.8730050086110459
 0.8746959211204648
 0.7281422585026549
 0.7517160038888154
 0.8067102864323955
 0.8163187605654848
 0.8132086053612756
 0.8423003326682765
 0.8387076474201927
 0.8277549877792957
 0.8478960055088749
 0.838810113573305
 0.9425392370348303
 0.9069954544639022
 0.8444152616432397
 0.8543923532474207
 0.8809038515234154
 0.9407532596478927
 0.9373709302138586
 0.9243736432828861
 0.9077688431908125
 0.9578970470293847
 0.9449273920839162
 0.8837469823922142
 0
 0
 0.9999999999775669
 0.9999999999936273
 0.999999999994483
 0.9999999999941639
 0.7805526220913687
 0.8564317915551266
 0.7253552528701178
 0.75032422788218
 0.7831571076754675
 0.7954352242289814
 0.8119414465770118
 0.8157918907858676
 0.8379469632429705
 0.8547247321932642
 0.882030812286177
 0.8992260999640057
 0.9043766474673726
 0.9123244975392538
 0.9099845640258686
 0.9182260668938308
 0.9148770594974281
 0.9285111824185937
 0.9255886540342426
 0.9328733444584468
 0.934212367292788
 0.9457946412982456
 0.9295748281934566
 0.9336533473281495
 0
 0
 0.9998011025464133
 0.9999947533845063
 0.9999999726886416
 0.9999999999992117
 1
 0.9999999999999986
 1
 1
 0.9983160664210842
 0.9997996782377704
 0.9992231302460725
 0.9849763286727001
 0.9849943953407335
 0.9712695153687904
 0.9671666376408693
 0.9641201693315137
 0.967243183213449
 0.9641753577557559
 0.9591872529422428
 0.965879872519429
 0.9562975819350942
 0.9624454609276127
 0.9626560613697707
 0.9507329862637568
 0.9591377111164092
 0.954434148681346
 0.9473107969214429
 0.9442479023264573
 0
 0
 0.9999999999754395
 0.9999999999994519
 0.9999999999705035
 0.9999999999252053
 0.7795337891296046
 0.9101473913014227
 0.6701726231509525
 0.7421597135057052
 0.8126295513440996
 0.788011724533816
 0.8004476952031182
 0.8184916460292327
 0.8523332013339602
 0.8322475586003079
 0.8605856296237009
 0.8805137957489434
 0.8934941638340904
 0.9664561671781631
 0.9625889436825437
 0.907430344230819
 0.971976334742337
 0.9386282494646282
 0.9192484817471434
 0.9387913182286076
 0.9769392842981057
 0.934712525555337
 0.9541075284986605
 0.979027354823621
 0
 0
 1
 0.999999999953575
 0.9999999999999115
 0.9999999999999932
 0.8955380773092463
 0.8431482002215139
 0.730641232927583
 0.7381924812863304
 0.8141500440513616
 0.7926855317693754
 0.8076974017370501
 0.8153446027063017
 0.8144040560443386
 0.9322376873970674
 0.8161056246272775
 0.9402760703062917
 0.9490842279699603
 0.8793601939488139
 0.8780923365857021
 0.8845583421336254
 0.8827983650771062
 0.9105526723458821
 0.9038080547568634
 0.9115519868548461
 0.9507399060816822
 0.9173574078462293
 0.9638741669503461
 0.9319501726149397
 0
 0
 0
 0
 0
 0
 0
 0
 0
 0
 0
 0
 0
 0
 0
 0
 0
 0
 0
 0
 0
 0
 0
 0
 0
 0
 0
 0
 0
 0
 0
 0
 0
 0
 0
 0
 0
 0
 0
 0
 0
 0
 0
 0
 0
 0
 0
 0
 0
 0
 0
 0
 0
 0
 0
 0
 0
 0
 0
 0
 0
 0
 0
 0
 0
 0
 0
 0
 0
 0
 0
 0
 0
 0
 0
 0
 0
 0
 0
 0
 0
 0
 0
 0
 0
 0
 0
 0
 0
 0
 0
 0
 0
 0
 0
 0
 0
 0
 0
 0
 0
 0
 0
 0
 0
 0
 0
 0
 0
 0
 0
 0
 0
 0
 0
 0
 0
 0
 0
 0
 0
 0
 0
 0
 0
 0
 0
 0
 0
 0
 0
 0
 0
 0
 0
 0
 0
 0
 0
 0
 0
 0
 0
 0
 0
 0
 0
 0
 0
 0
 0
 0
 0.9999700478087475
 0.9999999818020219
 0.9999999999982743
 0.9999999925798725
 0.9999999993620341
 0.9999988629735203
 0.9999992989383258
 0.9999999801360291
 0.9983103462966175
 0.9986299060058644
 0.998061054027401
 0.9845576579846992
 0.9797211845968106
 0.977462217980213
 0.9640979727585879
 0.9707642429283073
 0.9700966245140692
 0.9639600804615287
 0.9635295826219271
 0.9608874948248068
 0.9579316341200685
 0.9652662013933214
 0.9634061719279119
 0.9545433568338988
 0.9531478678674197
 0.9481551793011584
 0.9533067541341416
 0.9408440617804257
 0
 0
 0
 0
 0
 0
 0
 0
 0
 0
 0
 0
 0
 0
 0
 0
 0
 0
 0
 0
 0
 0
 0
 0
 0
 0
 0
 0
 0
 0
 0
 0
 0
 0
 0
 0
 0
 0
 0
 0
 0
 0
 0
 0
 0
 0
 0
 0
 0
 0
 0
 0
 0
 0
 0
 0
 0
 0
 0
 0


