# Created by Octave 3.8.2, Fri Nov 20 23:50:09 2015 CET <dkottke@snake3>
# name: mus
# type: matrix
# ndims: 3
 1 30 19
 0
 0
 0.5463659147869677
 0.6590909090909091
 0.7164556962025314
 0.6729797979797978
 0.716791979949875
 0.7193877551020408
 0.7020202020202023
 0.717948717948718
 0.7373737373737371
 0.7171717171717171
 0.7171794871794874
 0.7933673469387754
 0.7615384615384617
 0.8255208333333334
 0.7962489343563515
 0.8308080808080809
 0.8546365914786969
 0.8526315789473684
 0.8220551378446116
 0.8585858585858586
 0.8618925831202047
 0.8554687499999999
 0.8613333333333334
 0.8461538461538461
 0.8612313612313612
 0.8673469387755103
 0.8612616768538808
 0.8564102564102565
 0
 0
 0.6666666666666666
 0.25
 0.4
 0.7
 0.6
 0.6
 0.4
 0.5
 0.2
 0.3666666666666666
 0.5666666666666667
 0.4333333333333333
 0.4
 0.3666666666666666
 0.4
 0.3333333333333333
 0.3666666666666666
 0.5
 0.27
 0.45
 0.53
 0.47
 0.6000000000000001
 0.6466666666666667
 0.6333333333333334
 0.6066666666666667
 0.5866666666666667
 0.8
 0
 0
 0.8103638323514327
 0.5539291091954505
 0.6688892310898031
 0.7597941876451481
 0.727134625439006
 0.7030632079986323
 0.5805303523217079
 0.6482053107332912
 0.5996541836063596
 0.5253965935441256
 0.5872763764243417
 0.460128452312599
 0.5642271224722983
 0.5375711869401383
 0.5193491618970512
 0.4367079188991951
 0.6209376815569605
 0.5866747340395879
 0.54086831419972
 0.5240670590752144
 0.5331142989436597
 0.5554705777329672
 0.6522962239876207
 0.5935552890404155
 0.612110412140048
 0.5894062161957985
 0.6646476185387508
 0.7032181037287875
 0
 0
 0.6111194436427209
 0.6146020863214636
 0.4841791206548319
 0.7550262034581832
 0.6638352887385712
 0.6374470420230188
 0.6971481194856126
 0.6280560925674533
 0.6306241192119154
 0.6592868443893272
 0.6854764415190518
 0.5435485731103542
 0.6760656880868008
 0.5335432741325373
 0.6068646895074523
 0.5497107914411601
 0.6522454473478124
 0.5472408383007162
 0.5556688412238212
 0.6342557533433519
 0.6299872714890224
 0.6433272377193977
 0.6253421743554802
 0.6455414663712342
 0.6608597249555113
 0.6725864042974921
 0.6644230490782049
 0.6555517177906393
 0
 0
 1
 0
 0.6
 0.8333333333333334
 0.4285714285714285
 0.625
 0.5555555555555556
 0.8
 0.2727272727272727
 0.5833333333333334
 0.5384615384615384
 0.4444444444444444
 0.8
 0.3333333333333333
 1
 0
 0
 0
 0
 1
 0
 0
 0
 1
 1
 0
 1
 1
 0
 0
 1.400029997016681
 0.277794446706233
 0.8250000485685276
 0.9166666667854508
 0.5220244898494638
 0.6839285717701797
 0.5818456958708527
 0.7876984177693577
 0.4418587097445837
 0.6434343648081028
 0.6134033420743963
 0.4755841522126257
 0.7306952304138378
 0.440576411707902
 0.8170663296232593
 0.316787451325364
 0.2800528317459124
 0.4095087480502758
 0.3474062633796036
 0.8903682073385423
 0.2752749555724588
 0.3601368041602991
 0.5156495605829241
 0.7613828228483061
 0.536030607961772
 0.4583693660936806
 0.6460223880833237
 0.7080200087184181
 0
 0
 0.7892931470571475
 0.7091865796194992
 0.9647145977353085
 0.8016333498455144
 0.8104615818060474
 0.7313880960736234
 0.7375838129788375
 0.7129717571149592
 0.6453563323867474
 0.6344808027933895
 0.6593712994373834
 0.5812932807434158
 0.6297033076778003
 0.6181708542377586
 0.6385083724173943
 0.6291285254816504
 0.6628482423553578
 0.6374296457375287
 0.6311089351003273
 0.621964311576646
 0.6778867869981812
 0.6493706084721862
 0.6402970464980118
 0.6445322302905891
 0.6466390831020266
 0.6827455506661251
 0.6791330107325859
 0.7263023845325758
 0
 0
 0.6111194436358363
 0.6433997541010802
 0.6365574637317948
 0.7074800499567648
 0.6809412494197632
 0.7179228568738967
 0.7619975974514622
 0.6782495034145576
 0.6019419266419975
 0.5828904573938263
 0.6714043928667756
 0.5707244443190885
 0.6355548225163017
 0.553639641471917
 0.6062862250165124
 0.5541777614380531
 0.59327335287262
 0.5473686870867049
 0.5413762972439806
 0.5921389800564183
 0.5907460278183845
 0.5807655365108888
 0.620419995757919
 0.6287129241543492
 0.6310098135874024
 0.6296793954660135
 0.6500434565521944
 0.6351494759018758
 0
 0
 1
 1
 1
 1
 1
 1
 1
 1
 1
 1
 1
 1
 1
 1
 1
 1
 1
 1
 1
 1
 1
 1
 1
 1
 1
 1
 1
 1
 0
 0
 1.40002999685077
 0.3431539205319795
 0.9999923511275914
 0.8894664096488956
 0.5699090618027163
 0.7583179421155819
 0.6235165608866935
 0.5971632420804328
 0.4944719265872217
 0.5189601925646846
 0.722218328542231
 0.5058647930959176
 0.5331488539785647
 0.6326218541872461
 0.6121664120653988
 0.5153254805586052
 0.6609060953295534
 0.6675069878558937
 0.5026134589201716
 0.6200696188206282
 0.5454115111033292
 0.5975146973651261
 0.6859316889687175
 0.8993645126322751
 0.306788759964734
 0.9832046297159174
 0.4961660115776418
 0.7410385732940602
 0
 0
 0.7892931470571475
 0.7091865777403324
 1.003030292893442
 0.8167701020113555
 0.8645205677237183
 0.7702973655739667
 0.8166240988263013
 0.7982207892410663
 0.8529716985193451
 0.7834782252716126
 0.6756187814513905
 0.5912442343937614
 0.7841161988648698
 0.7835377530848782
 0.6794630227240366
 0.6061802569400556
 0.6849736657861767
 0.6457049966147348
 0.6827917579930446
 0.6769273804585538
 0.6866242469356827
 0.6235306519733812
 0.653850937635176
 0.6676213341194235
 0.6606993828606171
 0.7088312037548828
 0.6532128556848622
 0.7207255753151811
 0
 0
 0
 0
 0
 0
 0
 0
 0
 0
 0
 0
 0
 0
 0
 0
 0
 0
 0
 0
 0
 0
 0
 0
 0
 0
 0
 0
 0
 0
 0
 0
 0
 0
 0
 0
 0
 0
 0
 0
 0
 0
 0
 0
 0
 0
 0
 0
 0
 0
 0
 0
 0
 0
 0
 0
 0
 0
 0
 0
 0
 0
 0
 0
 0
 0
 0
 0
 0
 0
 0
 0
 0
 0
 0
 0
 0
 0
 0
 0
 0
 0
 0
 0
 0
 0
 0
 0
 0
 0
 0
 0
 0
 0
 0
 0
 0
 0
 0
 0
 0
 0
 0
 0
 0
 0
 0
 0
 0
 0
 0
 0
 0
 0
 0
 0
 0
 0
 0
 0
 0
 0
 0
 0
 0
 0
 0
 0
 0
 0
 0
 0
 0
 0
 0
 0
 0
 0
 0
 0
 0
 0
 0
 0
 0
 0
 0
 0
 0
 0
 0
 0
 1
 1
 1
 1
 1
 1
 1
 1
 1
 1
 1
 1
 1
 1
 1
 1
 1
 1
 1
 1
 1
 1
 1
 1
 1
 1
 1
 1
 0
 0
 0
 0
 0
 0
 0
 0
 0
 0
 0
 0
 0
 0
 0
 0
 0
 0
 0
 0
 0
 0
 0
 0
 0
 0
 0
 0
 0
 0
 0
 0
 0
 0
 0
 0
 0
 0
 0
 0
 0
 0
 0
 0
 0
 0
 0
 0
 0
 0
 0
 0
 0
 0
 0
 0
 0
 0
 0
 0


