# Created by Octave 3.8.2, Fri Nov 20 23:35:56 2015 CET <dkottke@snake6>
# name: mus
# type: matrix
# ndims: 3
 1 30 19
 0
 0
 0.9275362318840579
 0.75
 0.9512195121951219
 0.9656862745098038
 0.9113300492610839
 0.9711538461538461
 0.9613526570048309
 0.9649999999999999
 0.9760765550239233
 0.9705882352941176
 0.9759615384615385
 0.9744897959183675
 0.9743589743589745
 0.9471153846153846
 0.9803921568627452
 0.9848484848484849
 0.9856459330143541
 0.9800000000000001
 0.9841269841269842
 0.9848484848484849
 0.9855072463768116
 0.9843750000000001
 0.985
 0.9855769230769231
 0.9841269841269841
 0.9846938775510204
 0.9901477832512315
 0.9888888888888889
 0
 0
 0.3333333333333333
 1
 0.8
 0.7
 0.6
 0.5
 0.4
 0.8
 0.8
 0.8333333333333333
 0.9333333333333332
 0.9
 0.8
 0.95
 0.9333333333333332
 0.8
 0.95
 0.95
 0.9
 0.8800000000000001
 0.9
 0.96
 0.96
 0.96
 0.9666666666666668
 0.96
 0.8666666666666666
 0.8666666666666668
 0
 0
 0.6677315011285787
 0.9425344946519493
 0.8053251902158427
 0.7169815256499676
 0.7106994909094635
 0.7755972016158621
 0.7610584287628053
 0.8312238107927751
 0.7770912758167585
 0.7442688793092894
 0.826043211517133
 0.8446187464441421
 0.876816829683891
 0.9115101353827915
 0.9237895817669748
 0.814601489352327
 0.7929067629031591
 0.838850732998609
 0.8388875805968463
 0.8721173999682514
 0.8701011118909004
 0.9119091570359348
 0.9148775682018008
 0.9206731457372889
 0.9352709745850597
 0.9444633631134767
 0.9024143647162282
 0.884948559420632
 0
 0
 0.3875161155594717
 0.7453165788852151
 0.721101023829593
 0.6846958404046011
 0.546860244801873
 0.6038328634926108
 0.6216037681401375
 0.6834782219643423
 0.7230012858470762
 0.7497198564381252
 0.7582198714990259
 0.7767370462494322
 0.8084091346574308
 0.8145756586185668
 0.8246253442932904
 0.736487303631584
 0.7606781705286344
 0.7714450507111253
 0.7807870287324724
 0.7954117042908087
 0.8073091990633628
 0.8161057877517854
 0.8233528184709686
 0.8195887781842914
 0.8343837834431096
 0.8453257274515973
 0.8089903657653167
 0.8177082947401302
 0
 0
 0.3333333333333333
 1
 0.8
 0.5
 0.5714285714285714
 0.5
 0.5555555555555556
 0.5
 0.6363636363636364
 0.8333333333333334
 1
 0.8888888888888888
 0.8
 0.6666666666666666
 1
 1
 0
 1
 1
 1
 1
 1
 1
 1
 1
 1
 0
 1
 0
 0
 0.4166629928874298
 0.714783115717561
 0.780731233076177
 0.6678306802629791
 0.6354451642853913
 0.6639274403802248
 0.6100836724167986
 0.6346070753662052
 0.7511633418362254
 0.7287884290531491
 0.7004254752529796
 0.795465431364225
 0.9132686468286219
 0.7528454719072107
 0.7589131885127637
 0.7882449675540246
 0.6950235082420534
 0.7663564273731703
 0.7262034160313554
 0.7489900230327161
 0.8448563881787285
 0.7839491684707477
 0.8115826981147166
 0.7706222638390047
 0.9650996633400595
 0.965194319024633
 0.7557446656800747
 0.7653957426041631
 0
 0
 0.3678794411714423
 0.7314573642197266
 0.8122880232531451
 0.7710163501613829
 0.7086793409243324
 0.7367054783171062
 0.7677923209090151
 0.7505707459162437
 0.7647339670507745
 0.800067627166513
 0.8103808737670002
 0.8178539391006588
 0.8053006117881835
 0.8150437325505092
 0.8289954425874846
 0.7497050877617439
 0.7919470918150919
 0.800310824175316
 0.8578452637236765
 0.8035329953948436
 0.8226275522171255
 0.8552663176859907
 0.8768879088596296
 0.8310429690289058
 0.8631727945486868
 0.8523912308380432
 0.887732447220037
 0.9032329086280952
 0
 0
 0.3885843302818051
 0.6774612676291805
 0.7095324424741102
 0.7743074720796432
 0.5543620819824203
 0.6658860472488483
 0.6370462736466722
 0.6602253738894511
 0.7173738561244319
 0.7227900149909939
 0.7388150108079351
 0.7555563302108074
 0.795001556939944
 0.8178808706816545
 0.8320794116342767
 0.7411132328082433
 0.7765253078662505
 0.7912120161417647
 0.8009252846989667
 0.8211876981945261
 0.8316049583725845
 0.8453208565711892
 0.8617577501029257
 0.8493777666058046
 0.863659912324105
 0.8749883259094439
 0.8318785361231327
 0.848013587792027
 0
 0
 0.9995927913551511
 0.9999995657873028
 0.9999999999998569
 0.999999999999639
 0.9999999999999867
 1
 0.9999999999999997
 0.9999999999989642
 0.999999999999077
 0.998823230784446
 0.9961400226208775
 0.9857348056069001
 0.9836171426596217
 0.9658896737271232
 0.9711928235440873
 0.9664729114494943
 0.974231395044565
 0.9659085349353979
 0.9598116308927002
 0.9639925666242054
 0.9546420068531
 0.9669115842205014
 0.9645228780465606
 0.9623649298974956
 0.9582421244978117
 0.9445339038176251
 0.9482106290135049
 0.9435260674004337
 0
 0
 0.4166611150058945
 0.8578294934116076
 0.6667426108017654
 0.6485325023304576
 0.5904976577438413
 0.668301987387554
 0.6165627979397685
 0.646105839597342
 0.7124914869823007
 0.7050788224551687
 0.8128838679343027
 0.8102161680188198
 0.8086806739543149
 0.8722549947582986
 0.7987860527341354
 0.7249512767054198
 0.8323107908006383
 0.8556839889942488
 0.7882873434469628
 0.8177420567862693
 0.8143639158691482
 0.8250131720332978
 0.9126032281771124
 0.9092696956376166
 0.8601919385458835
 0.9726858845165438
 0.8284134754585293
 0.8317770001339034
 0
 0
 0.3678794411714423
 0.7473173085747203
 0.7692485589966186
 0.8868393226618998
 0.7118872125662763
 0.7386274329460667
 0.7752447325242703
 0.7401738784040416
 0.7517960876010282
 0.7724479864207395
 0.7632699820543567
 0.755729793020811
 0.8239955577029834
 0.7953564237961852
 0.7965501636384638
 0.7631689058268444
 0.7479278545174567
 0.7704092381705047
 0.795436454457128
 0.7980100122195783
 0.8520708741894739
 0.8086655228128223
 0.8157340367012076
 0.8971614321754485
 0.8231339118150695
 0.8424813088858358
 0.9520982841196544
 0.828684550952382
 0
 0
 0
 0
 0
 0
 0
 0
 0
 0
 0
 0
 0
 0
 0
 0
 0
 0
 0
 0
 0
 0
 0
 0
 0
 0
 0
 0
 0
 0
 0
 0
 0
 0
 0
 0
 0
 0
 0
 0
 0
 0
 0
 0
 0
 0
 0
 0
 0
 0
 0
 0
 0
 0
 0
 0
 0
 0
 0
 0
 0
 0
 0
 0
 0
 0
 0
 0
 0
 0
 0
 0
 0
 0
 0
 0
 0
 0
 0
 0
 0
 0
 0
 0
 0
 0
 0
 0
 0
 0
 0
 0
 0
 0
 0
 0
 0
 0
 0
 0
 0
 0
 0
 0
 0
 0
 0
 0
 0
 0
 0
 0
 0
 0
 0
 0
 0
 0
 0
 0
 0
 0
 0
 0
 0
 0
 0
 0
 0
 0
 0
 0
 0
 0
 0
 0
 0
 0
 0
 0
 0
 0
 0
 0
 0
 0
 0
 0
 0
 0
 0
 0
 0.9999857641152017
 0.9999999795039942
 0.9999999999994781
 0.99999999999991
 0.999999995806919
 0.999999964106557
 0.9999986240728324
 0.9999993952503157
 0.9995562939243481
 0.9999992342453324
 0.9944728279741848
 0.9912736504145185
 0.9769859550680395
 0.9760956499136814
 0.9695833796827273
 0.9739637076560936
 0.9639738481344148
 0.9637000195364054
 0.9572987275928418
 0.9676536784864285
 0.9558710362840895
 0.9543826792219761
 0.9516299557950609
 0.9551615960488925
 0.9594379703921448
 0.9497063057197789
 0.9546665174077344
 0.9371548132981081
 0
 0
 0
 0
 0
 0
 0
 0
 0
 0
 0
 0
 0
 0
 0
 0
 0
 0
 0
 0
 0
 0
 0
 0
 0
 0
 0
 0
 0
 0
 0
 0
 0
 0
 0
 0
 0
 0
 0
 0
 0
 0
 0
 0
 0
 0
 0
 0
 0
 0
 0
 0
 0
 0
 0
 0
 0
 0
 0
 0


