# Created by Octave 3.8.2, Fri Nov 20 19:59:23 2015 CET <dkottke@snake3>
# name: mus
# type: matrix
# ndims: 3
 1 30 19
 0
 0
 0.5008347245409014
 0.5005567928730512
 0.5002785515320333
 0.5239687848383502
 0.5819899944413565
 0.5608258928571429
 0.5907314349525404
 0.6335195530726255
 0.6209067006613022
 0.633668903803132
 0.6416759568933479
 0.6220703124999999
 0.5820728291316525
 0.5797991071428571
 0.5744911297852475
 0.5735129068462403
 0.5693089105743079
 0.5898876404494381
 0.6040336134453782
 0.6083676268861455
 0.6121330360460798
 0.6126126126126126
 0.6090140845070424
 0.6029357116313638
 0.6099887766554434
 0.6012834821428573
 0.6026140155728587
 0.6033898305084747
 0
 0
 1
 1
 1
 0.4
 0.5
 0.5
 0.5
 0.5
 0.6666666666666666
 0.4333333333333333
 0.7
 0.6666666666666666
 0.7999999999999999
 0.8166666666666667
 0.7166666666666667
 0.6666666666666666
 0.5833333333333333
 0.7
 0.5599999999999999
 0.63
 0.65
 0.66
 0.6399999999999999
 0.54
 0.6266666666666667
 0.72
 0.72
 0.7333333333333334
 0
 0
 1
 1
 1
 0.6433347541331924
 0.6786720492621499
 0.7250275569095774
 0.7294524008213773
 0.5555072698971093
 0.4808355049646433
 0.6588680590966515
 0.6209519794557612
 0.5059785467524693
 0.6790773655895441
 0.6625064113580216
 0.6531663434070433
 0.6599454505953237
 0.6556883384104506
 0.6063315868804785
 0.6952426251263775
 0.6984972627595709
 0.6843347776969526
 0.6848415849676202
 0.5841518866712028
 0.589111694607281
 0.5842103273986164
 0.634452389303082
 0.5187001585451996
 0.6626982021878407
 0
 0
 1
 1
 1
 0.8373908393622438
 0.6545857818219729
 0.5329768536036078
 0.5233021525991743
 0.6368432114108159
 0.5829664364020748
 0.5874745573408858
 0.5891976989722404
 0.573972260285033
 0.7805327970892432
 0.7566535363720599
 0.7387087937101164
 0.7307523193965677
 0.745597440927288
 0.7867690227179973
 0.7714512312814262
 0.7260320364720105
 0.6982478621892947
 0.6673574719669109
 0.5940176638497486
 0.6138230387909599
 0.6694582997190677
 0.6735608695058556
 0.6910504464988819
 0.7333752922416661
 0
 0
 1
 1
 1
 0.6666666666666666
 0.5714285714285714
 0.625
 0.4444444444444444
 0.4
 0.5454545454545454
 0.3333333333333333
 0.6153846153846154
 0.6666666666666666
 0.4
 1
 0.5
 1
 0
 1
 1
 1
 1
 0
 0
 1
 0
 1
 0
 1
 0
 0
 1.000000000011761
 1.000000000003765
 1.000000000004057
 0.6500001166647518
 0.5845238199172327
 0.5803571460631636
 0.5019857517660968
 0.4726205027018304
 0.5458333552703742
 0.4665432315347247
 0.6092657974779085
 0.6566615191366811
 0.6363023242733347
 0.8901066559006043
 0.5742102263001271
 0.7961317493164505
 0.528006954041744
 0.8459220404099319
 0.8067971839499812
 0.8290005577031511
 0.9579602354810476
 0.4285944226457769
 0.2083539174734874
 0.7223884019217489
 0.09376374879591853
 0.8525438215344043
 0.6041692055468815
 0.8713102034692676
 0
 0
 1
 1.000000000497377
 1.00000000012289
 0.7201337725090262
 0.6861059451661466
 0.6971772219198566
 0.6492939483325391
 0.6846488083911695
 0.6179627562697662
 0.6480645081852296
 0.6548411419706616
 0.5637753768704491
 0.7091554957554524
 0.7207127318500526
 0.5608061257360474
 0.7168737080235498
 0.6498424485755527
 0.7473609493778163
 0.7811825938576782
 0.7181448969221189
 0.6960666832433613
 0.7055018796240836
 0.6531735384744259
 0.674171832909938
 0.67105220646468
 0.6546945326911631
 0.6783073353630018
 0.6620727175003298
 0
 0
 1
 1
 1
 0.7867647998888017
 0.7134228891842638
 0.6732300120717667
 0.5965605329974748
 0.6095689054623458
 0.6277349557874323
 0.6039317721637274
 0.6549953793141108
 0.5721886069404828
 0.7531756045118151
 0.7020958331003305
 0.7212936067212239
 0.7315381633451387
 0.7087020402114126
 0.7924059160142103
 0.7395704198983004
 0.7104442721190328
 0.7065450932283416
 0.6827065571945204
 0.5804068417055714
 0.6084531595956363
 0.6267077597061828
 0.6551629573519135
 0.6445891955928501
 0.6975438108517391
 0
 0
 1
 1
 1
 1
 1
 1
 1
 1
 1
 1
 1
 1
 1
 1
 1
 1
 1
 1
 1
 1
 1
 1
 1
 1
 1
 1
 1
 1
 0
 0
 1.000000000012901
 1.000000000009603
 1.00000000003025
 0.64974024186835
 0.6270222135985339
 0.5410871202337407
 0.5619543280393405
 0.5119592451093348
 0.5073454017961183
 0.522038867934806
 0.5674324917051805
 0.5032967111930949
 0.8785094083561278
 0.682133171463174
 0.6568605074880233
 0.6574457599897235
 0.7091527540223796
 0.7283199868485182
 0.6637402134683115
 0.8331861452325986
 0.7496051939019828
 0.7066650409527886
 0.494412661259247
 0.5008332986454973
 0.3647606640767127
 0.739728927336088
 0.7481457231314776
 0.5808714098168238
 0
 0
 1
 1.000000000801502
 1.000000000182486
 0.7331832405219586
 0.7158956803489199
 0.6862214550732809
 0.6348476107328263
 0.8407367387761885
 0.6256649036305005
 0.6523576030269957
 0.6229316606487338
 0.5950519817449199
 0.7893717737001654
 0.8545501081914697
 0.637386312542888
 0.7369272879108471
 0.6626298567506411
 0.8578230959597449
 0.6559387717113982
 0.7261016231885071
 0.7242715570341538
 0.7707368792009673
 0.7836208406377653
 0.6538438200916492
 0.6946676773076861
 0.6825603855758631
 0.7371791105002206
 0.6837813058809817
 0
 0
 0
 0
 0
 0
 0
 0
 0
 0
 0
 0
 0
 0
 0
 0
 0
 0
 0
 0
 0
 0
 0
 0
 0
 0
 0
 0
 0
 0
 0
 0
 0
 0
 0
 0
 0
 0
 0
 0
 0
 0
 0
 0
 0
 0
 0
 0
 0
 0
 0
 0
 0
 0
 0
 0
 0
 0
 0
 0
 0
 0
 0
 0
 0
 0
 0
 0
 0
 0
 0
 0
 0
 0
 0
 0
 0
 0
 0
 0
 0
 0
 0
 0
 0
 0
 0
 0
 0
 0
 0
 0
 0
 0
 0
 0
 0
 0
 0
 0
 0
 0
 0
 0
 0
 0
 0
 0
 0
 0
 0
 0
 0
 0
 0
 0
 0
 0
 0
 0
 0
 0
 0
 0
 0
 0
 0
 0
 0
 0
 0
 0
 0
 0
 0
 0
 0
 0
 0
 0
 0
 0
 0
 0
 0
 0
 0
 0
 0
 0
 0
 0
 1
 1
 1
 1
 1
 1
 1
 1
 1
 1
 1
 1
 1
 1
 1
 1
 1
 1
 1
 1
 1
 1
 1
 1
 1
 1
 1
 1
 0
 0
 0
 0
 0
 0
 0
 0
 0
 0
 0
 0
 0
 0
 0
 0
 0
 0
 0
 0
 0
 0
 0
 0
 0
 0
 0
 0
 0
 0
 0
 0
 0
 0
 0
 0
 0
 0
 0
 0
 0
 0
 0
 0
 0
 0
 0
 0
 0
 0
 0
 0
 0
 0
 0
 0
 0
 0
 0
 0


