# Created by Octave 3.8.2, Sat Nov 21 01:21:09 2015 CET <dkottke@snake7>
# name: mus
# type: matrix
# ndims: 3
 1 30 19
 0
 0
 0.6616541353383458
 0.6767676767676768
 0.7291139240506326
 0.7285353535353536
 0.7418546365914788
 0.7244897959183674
 0.734217171717172
 0.7333333333333334
 0.7342171717171715
 0.7449494949494948
 0.7864102564102566
 0.7869897959183676
 0.7897435897435899
 0.7942708333333334
 0.7959647627166809
 0.8535353535353539
 0.794486215538847
 0.8605263157894738
 0.8721804511278198
 0.8510101010101009
 0.8437055981813014
 0.8671874999999999
 0.8533333333333335
 0.8666666666666667
 0.8665223665223664
 0.8660714285714286
 0.8646061584592317
 0.8666666666666669
 0
 0
 0.3333333333333333
 0.75
 0.6
 0.8
 0.7
 0.6
 0.9
 0.8
 0.8
 0.7333333333333333
 0.6333333333333333
 0.7
 0.6666666666666666
 0.6
 0.75
 0.55
 0.7
 0.6
 0.55
 0.72
 0.6
 0.58
 0.76
 0.5800000000000001
 0.6733333333333333
 0.7466666666666667
 0.7666666666666667
 0.9
 0
 0
 0.723447255512506
 0.7988707312818226
 0.8043436365530655
 0.7538169932453407
 0.8303809833810037
 0.7208134198507203
 0.5742679303367656
 0.7711723577040621
 0.651358113710417
 0.6559476644044819
 0.48697084164435
 0.6884849684134884
 0.2820337962497195
 0.5551578887832128
 0.6010743204601229
 0.5176219625175221
 0.5462043528382696
 0.5587598015846682
 0.5580923658723431
 0.550656184045185
 0.5759123036014409
 0.5197923228802024
 0.5913097383581267
 0.5646499820472795
 0.677540002963533
 0.6131759364388685
 0.596953200187708
 0.6787490534062663
 0
 0
 0.4433591047872719
 0.6774590926904959
 0.6402426070439142
 0.6278952569570604
 0.6026127942828977
 0.5944872767639745
 0.6318028708108031
 0.643902966623688
 0.6100048306439977
 0.6687342882545732
 0.5459505823192565
 0.527226364869315
 0.531183688024094
 0.5184695179925196
 0.5447827559658907
 0.5263691913729379
 0.5339678455092297
 0.5173737137448301
 0.510762022930372
 0.5058516842300299
 0.5274169011916224
 0.51746342313866
 0.5381805331362464
 0.5439897418178516
 0.5489747245882695
 0.5526757737821292
 0.5595619029054297
 0.570752209666302
 0
 0
 0
 0.75
 0.6
 0.6666666666666666
 0.5714285714285714
 0.75
 0.6666666666666666
 0.6
 0.6363636363636364
 0.9166666666666666
 0.2307692307692308
 0.4444444444444444
 0.2
 0.6666666666666666
 0.5
 1
 0
 1
 0
 1
 0
 1
 1
 1
 1
 0
 0
 1
 0
 0
 0.2499950459741298
 0.7498572737374772
 0.64615410481042
 0.6298707806592722
 0.6018961231615569
 0.6297640408545361
 0.64376309378626
 0.7033030809251298
 0.5987531542774425
 0.6744269388196664
 0.4855371336743376
 0.5144877542407287
 0.504109577794433
 0.5633536789053614
 0.5383976026377952
 0.5885065912123855
 0.5333132263449276
 0.5301095271772751
 0.4498315908960935
 0.5232461659757061
 0.5223052263621369
 0.5825840566589912
 0.5551950367974618
 0.5876501541190563
 0.516120881467771
 0.5294031775909864
 0.5553101011861182
 0.5550091405841702
 0
 0
 0.7892931470571475
 0.6587337573251649
 0.7079283541579803
 0.7219970895325067
 0.7413234913813512
 0.7885150163482713
 0.7320884631166603
 0.7489375811425616
 0.7145184260662362
 0.7250273061576815
 0.6624382129760702
 0.6715008907190825
 0.696483441963417
 0.6804252224490378
 0.6622246219623448
 0.6874290536304707
 0.6611285411949416
 0.6627913267968637
 0.7038863596415799
 0.706459559793865
 0.6278763582611517
 0.6600145370230796
 0.6573385531599127
 0.6865236989533612
 0.6839253836259496
 0.6814276687428572
 0.6588024819022474
 0.7155575898816167
 0
 0
 0.4412953062679237
 0.6384224950594711
 0.6586977470517235
 0.6374681861200402
 0.6186848541767891
 0.5703261609735142
 0.6202322948105125
 0.6247861993365417
 0.5854739156725213
 0.6394558459470675
 0.5386517866574743
 0.5347188496086358
 0.5442642310232354
 0.5347000828077201
 0.5537952348822412
 0.5326102900325393
 0.520013295092608
 0.5118520193864518
 0.5053687460120332
 0.5101817364911806
 0.5278039339237819
 0.5257395994195541
 0.5459175817357639
 0.5472143162486546
 0.5454489285969769
 0.5544078765426996
 0.5573996037157434
 0.5699458622789872
 0
 0
 0.9999607040901241
 0.999999724063815
 1
 0.9999999621009754
 1
 0.9999999999562204
 1
 1
 0.9999999999046389
 0.9986509101768171
 0.9996470151984219
 0.9927918035514759
 0.9754736563958269
 0.9752343975105835
 0.9727273993083506
 0.9609191159822262
 0.9759288531114231
 0.9618764754832572
 0.9681378069794386
 0.968082676811825
 0.9625737819465143
 0.9568806255202085
 0.9554505526596029
 0.9591180691433934
 0.951901040892365
 0.9574142284500795
 0.9514028155601153
 0.948341031718739
 0
 0
 0.2499449901319321
 0.8789797280617273
 0.6211427712775479
 0.6402669120520433
 0.6015796716814208
 0.5777614256132086
 0.5890052554962996
 0.6023691719692689
 0.5841109137343896
 0.641179869781879
 0.5209268657325948
 0.5216269592282406
 0.5182064254415395
 0.5246558995139385
 0.5296999887609745
 0.5086639273206891
 0.5015452425439523
 0.4975367267627325
 0.5018412777292476
 0.5019815659536628
 0.5144457011824398
 0.5137048315131525
 0.5283368826478323
 0.5367990406996177
 0.5371086248877128
 0.5408004880551486
 0.5501828935697926
 0.5574555915633489
 0
 0
 0.7892931470571475
 0.668404557461005
 0.7086230671137768
 0.7072382659129222
 0.7669663899703706
 0.7137207547045504
 0.7460517575156066
 0.728027144121126
 0.6995411247104834
 0.7082554817173077
 0.6686460095571667
 0.7594109940199831
 0.6793205594722139
 0.6712436022307069
 0.7060405843562733
 0.6581095971633698
 0.6575695414519906
 0.6415235272343651
 0.6548409833629142
 0.6358459897814147
 0.6361779539292144
 0.6457538867640782
 0.6638876053353677
 0.6446843539660959
 0.6457512170667334
 0.09616858410205002
 0.6735306038553055
 0.6916787704451608
 0
 0
 0
 0
 0
 0
 0
 0
 0
 0
 0
 0
 0
 0
 0
 0
 0
 0
 0
 0
 0
 0
 0
 0
 0
 0
 0
 0
 0
 0
 0
 0
 0
 0
 0
 0
 0
 0
 0
 0
 0
 0
 0
 0
 0
 0
 0
 0
 0
 0
 0
 0
 0
 0
 0
 0
 0
 0
 0
 0
 0
 0
 0
 0
 0
 0
 0
 0
 0
 0
 0
 0
 0
 0
 0
 0
 0
 0
 0
 0
 0
 0
 0
 0
 0
 0
 0
 0
 0
 0
 0
 0
 0
 0
 0
 0
 0
 0
 0
 0
 0
 0
 0
 0
 0
 0
 0
 0
 0
 0
 0
 0
 0
 0
 0
 0
 0
 0
 0
 0
 0
 0
 0
 0
 0
 0
 0
 0
 0
 0
 0
 0
 0
 0
 0
 0
 0
 0
 0
 0
 0
 0
 0
 0
 0
 0
 0
 0
 0
 0
 0
 0
 0.9999862143014897
 0.9999999904225474
 0.9999999999969117
 0.9999999997244206
 1
 0.9999999949302053
 0.9999999680614231
 0.9999920117353099
 0.9904567019937017
 0.9954002307950413
 0.9967428159205423
 0.9953404466143296
 0.9727376062876986
 0.972813087455891
 0.9708259153658754
 0.9654362856146843
 0.9729879515192704
 0.9653754094810622
 0.965110231180849
 0.9604839465516131
 0.9531620511226746
 0.9608974228204474
 0.9597350808423095
 0.9620605567621451
 0.9507384296008625
 0.9581702136336393
 0.9439702195770565
 0.9613443610253916
 0
 0
 0
 0
 0
 0
 0
 0
 0
 0
 0
 0
 0
 0
 0
 0
 0
 0
 0
 0
 0
 0
 0
 0
 0
 0
 0
 0
 0
 0
 0
 0
 0
 0
 0
 0
 0
 0
 0
 0
 0
 0
 0
 0
 0
 0
 0
 0
 0
 0
 0
 0
 0
 0
 0
 0
 0
 0
 0
 0


