# Created by Octave 3.8.2, Fri Nov 20 20:50:23 2015 CET <dkottke@mudflap>
# name: mus
# type: matrix
# ndims: 3
 1 30 19
 0
 0
 0.933166248955723
 0.8913043478260869
 0.8200836820083685
 0.9179229480737022
 0.8418267891952101
 0.9488255033557047
 0.9423558897243097
 0.9008403361344539
 0.9374478732276889
 0.9461279461279465
 0.9197324414715706
 0.9396638655462189
 0.9198312236286915
 0.9400337837837838
 0.9470588235294114
 0.9579124579124574
 0.9515455304928984
 0.9466101694915255
 0.9498746867167913
 0.9472502805836137
 0.9498327759197327
 0.9557823129251702
 0.9531914893617024
 0.9498327759197318
 0.9528619528619529
 0.9529478458049889
 0.9562657695542468
 0.9538461538461536
 0
 0
 0
 0
 0.6
 0.3
 0.5
 0.4
 0.6
 0.6
 0.7333333333333333
 0.6
 0.8333333333333333
 0.7
 0.8
 0.6333333333333333
 0.5333333333333333
 0.5666666666666667
 0.5333333333333333
 0.7
 0.52
 0.61
 0.76
 0.75
 0.6799999999999999
 0.72
 0.7066666666666667
 0.7466666666666667
 0.6933333333333334
 0.6666666666666667
 0
 0
 0.3994854691128702
 0.5083506764666774
 0.7549387688599432
 0.7323162939654577
 0.4481766407714265
 0.5281256838511763
 0.5905998567468771
 0.5019977980583301
 0.4670934455712601
 0.5779219442777055
 0.6000056792583925
 0.6393320052023417
 0.6563581282509583
 0.555693332748209
 0.6371020886881662
 0.586535882543425
 0.6070384706648718
 0.6208378637134137
 0.6634651291000528
 0.5335748035650302
 0.6292782848580419
 0.6911651825493266
 0.640270193715775
 0.6139984387861364
 0.6566077627843134
 0.6409410099483543
 0.6574395321141424
 0.6025197948726942
 0
 0
 0.1389097202941209
 0.2673840842819752
 0.750839038978115
 0.60148092882829
 0.6432387710853255
 0.5056328111092258
 0.5820689349217208
 0.6987791964501898
 0.6128964586162623
 0.6650673354462219
 0.7792916157744338
 0.7165274982341386
 0.7273246089827886
 0.6999337823400361
 0.571948044228767
 0.5458413128624593
 0.5731043712392743
 0.6773058141924829
 0.6542476719535075
 0.678175337709772
 0.6453713838394181
 0.5559322897084309
 0.5748856384248081
 0.7080367406781499
 0.6750676152062806
 0.6948825934260859
 0.6593148045524759
 0.6596054990193849
 0
 0
 0
 0
 0.8
 0.3333333333333333
 0.1428571428571428
 0.125
 0.4444444444444444
 0.5
 0.4545454545454545
 0.5
 0.8461538461538461
 0.6666666666666666
 1
 0.6666666666666666
 1
 1
 1
 1
 1
 1
 1
 1
 1
 1
 1
 1
 0
 0
 0
 0
 0.2500374962582497
 0.2222388937269125
 0.8250000135042435
 0.4416683859840801
 0.3869071510811395
 0.3253009220427786
 0.490575441355198
 0.5034723576131936
 0.5231068266991958
 0.5628803850888737
 0.8517101195536746
 0.6375467880360596
 0.8593929840331284
 0.6975024865541612
 0.7806664027900728
 0.7490037959002807
 0.7272608027887771
 0.7424017074127749
 0.8061418955789592
 0.8122224726521425
 0.8982455251261683
 0.7970960287595392
 1.011479958926469
 0.6250019540982459
 0.7660912306555748
 0.802291754491157
 0.4791985991752095
 0.5625377001113518
 0
 0
 0.5785862941142949
 0.5334140791466753
 0.5864006106443554
 0.7813582044229087
 0.6276542748149789
 0.6171258842366408
 0.6461575751605749
 0.6153557054907692
 0.632082112634798
 0.6768567059293993
 0.7682634268867587
 0.6780757163309838
 0.6913698506006717
 0.6567526796229772
 0.6630525444369727
 0.6789118391008628
 0.7386345681330753
 0.7217215140561272
 0.7388982495625133
 0.6750534369975872
 0.6922803269338635
 0.6811111239813441
 0.6900932813522694
 0.6821335403320438
 0.7270975637438559
 0.7162065576326282
 0.7166856933091321
 0.6853501452018159
 0
 0
 0.1389097202750586
 0.2898526787140165
 0.7481078336663102
 0.7115625076263288
 0.5813925117125872
 0.5177473704748102
 0.625121615672281
 0.6513729473533513
 0.5874332926979055
 0.7007177341594801
 0.7099550554016701
 0.6753073850071009
 0.6978747943599685
 0.6343036512907601
 0.6041258888181504
 0.5569104390953522
 0.6226327299209027
 0.6583746014819277
 0.6665746724653029
 0.6576418566135178
 0.6518392006027782
 0.5997397956366242
 0.6105444384522777
 0.6860347149867362
 0.671522073500596
 0.7041296348435762
 0.6554530590306389
 0.6492441891827873
 0
 0
 1
 1
 1
 1
 1
 1
 1
 1
 1
 1
 1
 1
 1
 1
 1
 1
 1
 1
 1
 1
 1
 1
 1
 1
 1
 1
 1
 1
 0
 0
 0.2500374962613131
 0.2549186266965232
 0.8007693229189815
 0.607081174876771
 0.4734132487678503
 0.4368924699541778
 0.5863144984207102
 0.5497311922624972
 0.6506267299049479
 0.5998988148284711
 0.6527534208159657
 0.594176294720577
 0.6600273495564437
 0.6445808915907655
 0.7053259469532129
 0.6365178283620087
 0.5668644805075868
 0.7337123901248452
 0.7023117459088676
 0.6600154162157461
 0.6125939590208508
 0.6780404784310191
 0.7580376110920604
 0.8280112098888892
 0.3180811689491843
 0.7478287489135568
 0.7479964443041418
 0.8709961453805467
 0
 0
 0.5785862941142949
 0.5507977029602783
 0.7134166075361027
 0.7063405633162634
 0.6560147966524525
 0.6467681764907656
 0.6911708859754084
 0.6564964611148736
 0.8640629494769376
 0.676055590592233
 0.6481404051391486
 0.7457855320760018
 0.6741409587732723
 0.7007419312778824
 0.7480376833761568
 0.654523151054399
 0.7357703054621281
 0.8118285030728978
 0.8236099966915195
 0.7493488111988468
 0.7560618733072324
 0.7133122171409205
 0.7248821949135418
 0.6927057035863429
 0.7251876097798969
 0.7663829048095935
 0.6666244721527477
 0.7647884232580937
 0
 0
 0
 0
 0
 0
 0
 0
 0
 0
 0
 0
 0
 0
 0
 0
 0
 0
 0
 0
 0
 0
 0
 0
 0
 0
 0
 0
 0
 0
 0
 0
 0
 0
 0
 0
 0
 0
 0
 0
 0
 0
 0
 0
 0
 0
 0
 0
 0
 0
 0
 0
 0
 0
 0
 0
 0
 0
 0
 0
 0
 0
 0
 0
 0
 0
 0
 0
 0
 0
 0
 0
 0
 0
 0
 0
 0
 0
 0
 0
 0
 0
 0
 0
 0
 0
 0
 0
 0
 0
 0
 0
 0
 0
 0
 0
 0
 0
 0
 0
 0
 0
 0
 0
 0
 0
 0
 0
 0
 0
 0
 0
 0
 0
 0
 0
 0
 0
 0
 0
 0
 0
 0
 0
 0
 0
 0
 0
 0
 0
 0
 0
 0
 0
 0
 0
 0
 0
 0
 0
 0
 0
 0
 0
 0
 0
 0
 0
 0
 0
 0
 0
 1
 1
 1
 1
 1
 1
 1
 1
 1
 1
 1
 1
 1
 1
 1
 1
 1
 1
 1
 1
 1
 1
 1
 1
 1
 1
 1
 1
 0
 0
 0
 0
 0
 0
 0
 0
 0
 0
 0
 0
 0
 0
 0
 0
 0
 0
 0
 0
 0
 0
 0
 0
 0
 0
 0
 0
 0
 0
 0
 0
 0
 0
 0
 0
 0
 0
 0
 0
 0
 0
 0
 0
 0
 0
 0
 0
 0
 0
 0
 0
 0
 0
 0
 0
 0
 0
 0
 0


