# Created by Octave 3.8.2, Fri Nov 20 22:41:04 2015 CET <dkottke@snake6>
# name: mus
# type: matrix
# ndims: 3
 1 30 19
 0
 0
 0.9565217391304346
 0.7307692307692307
 0.9121951219512194
 0.9411764705882352
 0.9507389162561578
 0.9519230769230769
 0.9565217391304349
 0.975
 0.9665071770334928
 0.9754901960784313
 0.9759615384615385
 0.9846938775510203
 0.953846153846154
 0.8653846153846154
 0.9411764705882354
 0.7626262626262627
 0.7464114832535884
 0.6799999999999999
 0.6613756613756614
 0.6439393939393939
 0.6360708534621577
 0.7378472222222221
 0.8025
 0.8028846153846153
 0.7316704459561603
 0.7397959183673469
 0.7867698803659395
 0.7388888888888889
 0
 0
 0.6666666666666666
 1
 0.4
 0.2
 0.2
 0.4
 0.2
 0.5
 0.4666666666666666
 0.4
 0.4333333333333333
 0.6333333333333333
 0.5999999999999999
 0.65
 0.65
 0.6
 0.6666666666666666
 0.55
 0.63
 0.6
 0.6899999999999999
 0.6399999999999999
 0.64
 0.5
 0.5599999999999999
 0.5599999999999999
 0.58
 0.6333333333333333
 0
 0
 0.6920438303142924
 0.905620888786014
 0.5574226145283642
 0.751365913527434
 0.6964101261680533
 0.5321921784116381
 0.3497145628723131
 0.6887859782034068
 0.4209918079517778
 0.669641755564599
 0.6255348502337541
 0.6193937104220101
 0.5793070343386844
 0.6562076191601354
 0.660807766789918
 0.5673283010564891
 0.5882294731078628
 0.6805783466498183
 0.6753614657799998
 0.6226222456356194
 0.6599216896638177
 0.6249783086034645
 0.6304951609091708
 0.6752731789380239
 0.6747384831547565
 0.7361581372172101
 0.7300257702548101
 0.7381484732677233
 0
 0
 0.4698053828205973
 0.8793861098275283
 0.6112376556475536
 0.5779105471719141
 0.4872524705176057
 0.457206231576012
 0.4409709625590819
 0.4873477216249307
 0.476497574420646
 0.5326979873055552
 0.5591191653451437
 0.5585602127749966
 0.575904978614274
 0.5920648757209783
 0.5930504027807211
 0.5369936752437828
 0.5430342683510129
 0.5933466012122576
 0.5546873430083425
 0.5767980553716487
 0.5744708622281725
 0.5571070435371054
 0.5719826180676448
 0.5835457173666718
 0.6021622719003086
 0.6217365302228393
 0.6326523146846198
 0.6530475800119457
 0
 0
 0.6666666666666666
 1
 0.6
 0.1666666666666667
 0.1428571428571428
 0.125
 0
 0.3
 0.1818181818181818
 0.5
 0.7692307692307693
 0.5555555555555556
 0.2
 0.6666666666666666
 1
 1
 0
 1
 1
 0
 0
 0
 0
 1
 1
 0
 0
 1
 0
 0
 0.7216824586792089
 0.8199782114401271
 0.5549801208931792
 0.516563343681369
 0.4543322156222692
 0.4243016390688376
 0.4153649730725903
 0.4653226401892013
 0.4454967417119248
 0.4962010486621217
 0.6010179448985665
 0.5577975428911841
 0.5390975170981177
 0.5811455619553804
 0.7038819104843325
 0.55892896578516
 0.4917452277555829
 0.6188862951107894
 0.5653163426254952
 0.5415558941130914
 0.5796201433970676
 0.6193507190166039
 0.5583803567830224
 0.6803802402817495
 0.6178695385660625
 0.6073956840386989
 0.5879832097064098
 0.6443442490498869
 0
 0
 0.5785862941142949
 0.6660488405812443
 0.7181640596354539
 0.8455547202712854
 0.6976527755883171
 0.7286663228269603
 0.6639417007235549
 0.6795551699265793
 0.6448514133497087
 0.6984659436312679
 0.6860789102726624
 0.6807091011543912
 0.7176810212503384
 0.7424072095172374
 0.6923830846610396
 0.6934798191895383
 0.6890602796976592
 0.7342375752477326
 0.6882724013467013
 0.6712103589068472
 0.7246901490553456
 0.67496811360543
 0.7079277842857881
 0.7052041808567194
 0.7320334670603215
 0.7167969998562087
 0.7587395027119805
 0.7795455075927011
 0
 0
 0.4703522250647481
 0.8270942723936
 0.6596297385386554
 0.6940522593953716
 0.5602348422982254
 0.5066277422358832
 0.4750918694147305
 0.4818933543435287
 0.4702041759849173
 0.5022381135130813
 0.5190213248578666
 0.5376606039793547
 0.5414928377709066
 0.5849269138368403
 0.5891729230899712
 0.5431988677228248
 0.5491877244110257
 0.6002860297590491
 0.5532453965723573
 0.5864992651568715
 0.5970663089792431
 0.5722315314941925
 0.5916925574920505
 0.6009897052601917
 0.6219133853520192
 0.6420064080309982
 0.6515599209761929
 0.6691854888397176
 0
 0
 0.9999795820817268
 0.999999999901428
 0.9999999999988469
 0.9999999999749538
 0.9999999730568325
 1
 0.9999999999999479
 0.9999999998732243
 0.9988773272975863
 0.999406317874268
 0.9912908549396945
 0.985807807268786
 0.9771489806081683
 0.9709179648549575
 0.9649192307399159
 0.9742548647617407
 0.963682804431493
 0.9620928299661493
 0.9673205257989806
 0.9592371732732601
 0.9560237838471746
 0.9613161520930835
 0.9541533223211259
 0.9509723154209124
 0.9467001135305473
 0.9520487577409881
 0.9498445138513077
 0.9422022684926656
 0
 0
 0.7609421507185378
 0.8204030978440569
 0.5547370910683985
 0.6956512595003869
 0.5113343528616437
 0.4822530410494912
 0.4904224999741519
 0.4749336685668248
 0.4474275041935591
 0.5031064947386764
 0.5065754824629192
 0.5197361882950153
 0.5318469549170824
 0.5581909931177107
 0.6865815695693912
 0.5235804705585015
 0.540865041193484
 0.6154051497691697
 0.5365516805188446
 0.566054908553276
 0.6070171538847832
 0.5609884761014404
 0.5732825994846541
 0.5969924216813507
 0.6276203151204142
 0.6201916222085827
 0.6304455333312409
 0.7419235031172676
 0
 0
 0.5785862941142949
 0.6596244409234684
 0.7214260430371432
 0.8357292818437702
 0.6932265875595022
 0.723857618233409
 0.6447834264685022
 0.6540513521273974
 0.6504197315220559
 0.6694064385162183
 0.6683148427533934
 0.6735868041065294
 0.6602735320194882
 0.6944123778471071
 0.6960689619768504
 0.6895547527682382
 0.6853796427422837
 0.6843624276747556
 0.6686885400256984
 0.673812155540098
 0.6748388487638017
 0.7013264576322999
 0.7000711062566685
 0.6872336318299811
 0.704644483201313
 0.7373244376797142
 0.7187070917200866
 0.8393387948006947
 0
 0
 0
 0
 0
 0
 0
 0
 0
 0
 0
 0
 0
 0
 0
 0
 0
 0
 0
 0
 0
 0
 0
 0
 0
 0
 0
 0
 0
 0
 0
 0
 0
 0
 0
 0
 0
 0
 0
 0
 0
 0
 0
 0
 0
 0
 0
 0
 0
 0
 0
 0
 0
 0
 0
 0
 0
 0
 0
 0
 0
 0
 0
 0
 0
 0
 0
 0
 0
 0
 0
 0
 0
 0
 0
 0
 0
 0
 0
 0
 0
 0
 0
 0
 0
 0
 0
 0
 0
 0
 0
 0
 0
 0
 0
 0
 0
 0
 0
 0
 0
 0
 0
 0
 0
 0
 0
 0
 0
 0
 0
 0
 0
 0
 0
 0
 0
 0
 0
 0
 0
 0
 0
 0
 0
 0
 0
 0
 0
 0
 0
 0
 0
 0
 0
 0
 0
 0
 0
 0
 0
 0
 0
 0
 0
 0
 0
 0
 0
 0
 0
 0
 0.999996224483755
 0.999999965600855
 0.9999999999989099
 0.9999999999999759
 1
 0.9999994076896944
 0.9999999983803499
 0.9999916715064059
 0.9999999190535431
 0.9988803400480132
 0.9891016094387951
 0.9879867730117295
 0.979354235484624
 0.9760797888001598
 0.9789171276051627
 0.974337839291803
 0.9636501477591947
 0.9656741817488025
 0.9625602289627074
 0.96059509638093
 0.9696856919074271
 0.9609003292481955
 0.9530743815668891
 0.9597951619829862
 0.9560379422184321
 0.9593700629015041
 0.9497231823122437
 0.940872505139925
 0
 0
 0
 0
 0
 0
 0
 0
 0
 0
 0
 0
 0
 0
 0
 0
 0
 0
 0
 0
 0
 0
 0
 0
 0
 0
 0
 0
 0
 0
 0
 0
 0
 0
 0
 0
 0
 0
 0
 0
 0
 0
 0
 0
 0
 0
 0
 0
 0
 0
 0
 0
 0
 0
 0
 0
 0
 0
 0
 0


