# Created by Octave 3.8.2, Mon Nov 16 01:40:11 2015 CET <dkottke@snake2>
# name: mus
# type: matrix
# ndims: 3
 1 30 19
 0
 0
 0.5458937198067633
 0.5
 0.6829268292682931
 0.5245098039215687
 0.5517241379310345
 0.5528846153846154
 0.9082125603864736
 0.905
 0.9808612440191388
 0.9068627450980392
 0.8918269230769231
 0.9387755102040819
 0.9743589743589745
 0.9711538461538461
 0.9616013071895426
 0.9772727272727273
 0.9808612440191389
 0.9800000000000001
 0.9788359788359789
 0.9797979797979798
 0.9855072463768116
 0.984375
 0.985
 0.9855769230769231
 0.9841269841269841
 0.9846938775510204
 0.9852216748768473
 0.9833333333333334
 0
 0
 0.6666666666666666
 0.5
 0.8
 0.8
 0.6
 0.9
 0.7
 0.8
 0.7666666666666667
 0.6333333333333333
 0.7
 0.8666666666666666
 0.8666666666666666
 0.8
 0.85
 0.8666666666666666
 0.9
 0.9
 0.8699999999999999
 0.9099999999999999
 0.9099999999999999
 0.9099999999999999
 0.9199999999999999
 0.9266666666666665
 0.9266666666666667
 0.9333333333333333
 0.9333333333333333
 0.9333333333333333
 0
 0
 0.7255265994560209
 0.5991430602550609
 0.8107938463370303
 0.9001337311572939
 0.9197206890287731
 0.847889248721754
 0.8617763044694887
 0.8426366475689249
 0.8451304630870033
 0.7701697609238882
 0.8354625517601038
 0.8375497188997355
 0.8416797880945199
 0.8305923634124615
 0.8619897877344551
 0.8546339556065268
 0.8893976450213995
 0.8896804508761695
 0.9102331212145204
 0.8980705450514989
 0.9259793483748853
 0.9080616144397231
 0.9240999421090182
 0.93334401130357
 0.939578684500488
 0.938177770586738
 0.9370012834274192
 0.9268209557406422
 0
 0
 0.8077019235999503
 0.6455230668935887
 0.8338430765771363
 0.756254379769071
 0.7546477164398777
 0.8244937880518354
 0.750228928167157
 0.7944877015325414
 0.7852950784567738
 0.7180414951023771
 0.7370129472141151
 0.749601774916779
 0.7634514680497697
 0.7688213682637086
 0.7839530058670272
 0.7955159327688536
 0.8066599143944715
 0.8189773030605779
 0.8199421666502963
 0.8279770614332084
 0.8345271547687616
 0.8353501925715652
 0.850994374360755
 0.8562977565183069
 0.8590508980738409
 0.8617578773755934
 0.864423887747647
 0.8719579555834751
 0
 0
 0.7090560580150531
 0.7517789100185812
 0.6632961988757574
 0.7676379204625591
 0.7693232277154753
 0.8098583483558763
 0.7707986383789021
 0.7962803027809346
 0.7715863141646139
 0.7318342004723337
 0.7417705074258388
 0.749489761026237
 0.7613923511033698
 0.7781672783197889
 0.7923800852646188
 0.7868920303433742
 0.8048926224226329
 0.8120857262808704
 0.8206097962130284
 0.8261178438923079
 0.8288328217656852
 0.8421217920547938
 0.852671951964572
 0.8545637402076066
 0.8567686451594172
 0.8579331822074107
 0.8634304656274892
 0.8706910939127669
 0
 0
 0.7847081044998981
 0.6708814344360663
 0.7059701003974365
 0.8619709816892912
 0.8647828700361631
 0.8005252930027047
 0.7803759857597432
 0.9403315844985619
 0.7645708859673203
 0.7104183601482538
 0.7985138304024336
 0.8705780090678208
 0.7566282301105089
 0.7599814254694257
 0.9356417167872405
 0.7578801801167605
 0.768425491910398
 0.8025786655545927
 0.8213938684739864
 0.818675760433219
 0.7998669108775487
 0.8130373852041555
 0.8199900875763209
 0.7991645148343266
 0.8154581853094591
 0.9212988663766033
 0.7961614357647515
 0.8742867045610571
 0
 0
 1
 0.7644797473180041
 0.830328174032101
 0.8939228210584975
 0.8176426616218533
 0.8372540005051865
 0.8728605038420899
 0.841449769875763
 0.8221647765290274
 0.8030807973016874
 0.8836935633998431
 0.7908872684339843
 0.8460050366650009
 0.8119107933716659
 0.8070486918823194
 0.8428508078321479
 0.776340537273621
 0.8341144958569525
 0.8297950686962188
 0.8871375204923063
 0.8661269381484387
 0.8663274246984074
 0.8393161023777753
 0.8991222695812218
 0.8887604502000003
 0.8463626481921431
 0.8983423745744141
 0.8624735592340416
 0
 0
 0.7986445251038279
 0.6725166694779914
 0.8561961895330523
 0.7627737275860282
 0.8179236567419848
 0.8455795801638158
 0.8030200227746904
 0.8440263104535084
 0.7979411938707296
 0.747841060782669
 0.7480017958180889
 0.7549645548728715
 0.7735450726615216
 0.7863817516554757
 0.7982994593500303
 0.8195274070575738
 0.8281905042154796
 0.8432739687735576
 0.8589477403608935
 0.8621201032923798
 0.8768638785960519
 0.8820191821515049
 0.8945668195899042
 0.8981438930926005
 0.9082204509732764
 0.9085853024573463
 0.9106532084297805
 0.9166675725166074
 0
 0
 0.6739040927980864
 0.8017055478487158
 0.6379836893400245
 0.7872227918112844
 0.798898705487775
 0.8141721384552666
 0.8074450688530819
 0.8281950622108508
 0.8082598950923363
 0.7340500618735551
 0.7629848566414573
 0.7659009158992813
 0.7781408007847429
 0.794005550124556
 0.8019658585102515
 0.8097057620937571
 0.8361883653660385
 0.8485665024753579
 0.857689130740218
 0.8638557269262098
 0.8682693431552996
 0.8815738046100146
 0.8973055692991242
 0.9006784930584468
 0.9080481414158339
 0.9080731462786499
 0.91085839567603
 0.9190724599875877
 0
 0
 0.7964425887301326
 0.6930441607475427
 0.6880264444788537
 0.7550383270327238
 0.9498432214591861
 0.787557461853408
 0.840948024213001
 0.8362650449274097
 0.8241325183622544
 0.7223089063986854
 0.7496096132315598
 0.7663835468900947
 0.7691950626620409
 0.7775248893825936
 0.7991639721489785
 0.8723460822436765
 0.8387447280710284
 0.828525874190194
 0.8639876563578827
 0.8437009722268529
 0.8605720170919968
 0.8659107426421714
 0.894395509594721
 0.9586875852557093
 0.9040655693116376
 0.9004541826074187
 0.9010488688152163
 0.9251342412186195
 0
 0
 1
 0.8016350362351901
 0.7580052278155525
 0.8362136218971462
 0.7840188314217619
 0.8187419345512587
 0.8352723815614888
 0.8420372744198383
 0.7968710248317176
 0.7977871746801709
 0.8066443176708207
 0.8257597789167365
 0.7764538071211988
 0.8299246571898179
 0.7787138014596995
 0.8210529854962269
 0.8325603283249773
 0.8346912665329252
 0.8437302361960065
 0.8471291962995871
 0.8613318038771361
 0.8561185914579795
 0.8592864664209129
 0.8839008401077236
 0.8883846112505128
 0.8903330579468749
 0.895214126341759
 0.8933556415374038
 0
 0
 0
 0
 0
 0
 0
 0
 0
 0
 0
 0
 0
 0
 0
 0
 0
 0
 0
 0
 0
 0
 0
 0
 0
 0
 0
 0
 0
 0
 0
 0
 0
 0
 0
 0
 0
 0
 0
 0
 0
 0
 0
 0
 0
 0
 0
 0
 0
 0
 0
 0
 0
 0
 0
 0
 0
 0
 0
 0
 0
 0
 0
 0
 0
 0
 0
 0
 0
 0
 0
 0
 0
 0
 0
 0
 0
 0
 0
 0
 0
 0
 0
 0
 0
 0
 0
 0
 0
 0
 0
 0
 0
 0
 0
 0
 0
 0
 0
 0
 0
 0
 0
 0
 0
 0
 0
 0
 0
 0
 0
 0
 0
 0
 0
 0
 0
 0
 0
 0
 0
 0
 0
 0
 0
 0
 0
 0
 0
 0
 0
 0
 0
 0
 0
 0
 0
 0
 0
 0
 0
 0
 0
 0
 0
 0
 0
 0
 0
 0
 0
 0
 0.5425362417350229
 0.6619755071797878
 0.6187471027181742
 0.7782322762303663
 0.7986474298086161
 0.8127862772119416
 0.8100404457302448
 0.836677746936716
 0.8062381047298748
 0.7367874741939152
 0.758593377586973
 0.7707498615927255
 0.768600201244193
 0.7891029110448642
 0.8009901062655577
 0.8123622525394792
 0.8339484475736147
 0.850209849835136
 0.8519586104220804
 0.8660946564027999
 0.8684753302050388
 0.8805127096624765
 0.898023077539714
 0.9018415609276357
 0.9077137811367951
 0.9059836319495782
 0.9082237594341628
 0.917951350627075
 0
 0
 0
 0
 0
 0
 0
 0
 0
 0
 0
 0
 0
 0
 0
 0
 0
 0
 0
 0
 0
 0
 0
 0
 0
 0
 0
 0
 0
 0
 0
 0
 0
 0
 0
 0
 0
 0
 0
 0
 0
 0
 0
 0
 0
 0
 0
 0
 0
 0
 0
 0
 0
 0
 0
 0
 0
 0
 0
 0


