# Created by Octave 3.8.2, Fri Nov 20 20:24:10 2015 CET <dkottke@snake10>
# name: mus
# type: matrix
# ndims: 3
 1 30 19
 0
 0
 0.580411797440179
 0.6202672605790646
 0.7415041782729818
 0.7324414715719058
 0.7287381878821582
 0.7416294642857143
 0.715801228364041
 0.7223463687150838
 0.7221735319894833
 0.7237136465324384
 0.7251021924934967
 0.7247488839285713
 0.7226890756302515
 0.7287946428571429
 0.7250420168067221
 0.7295173961840632
 0.7242841145416731
 0.7275280898876406
 0.7288515406162462
 0.7279585983289688
 0.7460981047937574
 0.7449324324324326
 0.7481690140845071
 0.7519509476031213
 0.738496071829405
 0.7430245535714286
 0.7377641824249168
 0.7361581920903957
 0
 0
 0.6666666666666666
 0.75
 0.6
 0.6
 0.9
 0.8
 0.9
 0.9
 0.9
 0.9
 0.9333333333333332
 0.9333333333333332
 0.9333333333333332
 0.9333333333333332
 0.9333333333333332
 0.95
 0.95
 0.95
 0.95
 0.95
 0.8699999999999999
 0.8799999999999999
 0.6799999999999999
 0.6866666666666668
 0.6333333333333333
 0.68
 0.6866666666666668
 0.7
 0
 0
 0.7082520497714349
 0.7738755724515729
 0.6168140421353976
 0.7132304271559073
 0.7560601551194425
 0.795158255674226
 0.896258220673795
 0.8756877896568561
 0.8937485084437286
 0.8995007077253534
 0.9045764289143201
 0.9106269301371641
 0.9392066607377672
 0.9419396536758133
 0.9374282551053861
 0.9685333785039041
 0.9564941916061522
 0.9407078624466435
 0.9612555991199032
 0.9702562759758049
 0.8570740310594498
 0.8774992764239551
 0.7761118867443608
 0.810478715391768
 0.7611848645062744
 0.8135510808150916
 0.8044373789604931
 0.8146819084113819
 0
 0
 0.6111194436487206
 0.804573611744681
 0.6058408198674331
 0.7586944501859018
 0.9002204220446239
 0.8500651290405998
 0.9201458075808572
 0.9286267974609291
 0.9492782157035229
 0.9602762407936071
 0.9496178709412503
 0.9567144231069439
 0.9561162194511955
 0.9639668238933872
 0.9624408267091265
 0.9712643212817088
 0.9635762428315136
 0.9743198732822819
 0.9725757858430769
 0.9779720958979093
 0.823081460990731
 0.8938996435509949
 0.7160743910145385
 0.8293320940436411
 0.7218509647049099
 0.7496488466205191
 0.768073787422474
 0.7635106556777831
 0
 0
 0.6666666666666666
 0.75
 0.4
 0.6666666666666666
 0.7142857142857143
 0.875
 1
 0.9
 0.7272727272727273
 1
 1
 1
 0.8
 0.6666666666666666
 1
 1
 1
 1
 1
 1
 1
 1
 0
 1
 0
 1
 0
 0
 0
 0
 0.9999999999965367
 0.9999999891973075
 0.5500000478306362
 0.7166666667447369
 0.803571429008679
 0.8750000031525493
 1.037698416596652
 0.9533730300008356
 0.8467818641863634
 1.017171767817017
 1.015792583458894
 1.040499562829616
 0.8871478356530257
 0.8904306990727855
 1.029532967103412
 0.9775640423222435
 0.9611487822211143
 1.023936170536795
 1.034482758992475
 1.020833333952996
 1.034436022207889
 1.00000084418067
 0.6406439467525247
 0.8808641894551701
 0.7187532148652238
 0.8750027319401363
 0.62500463621517
 0.6875308455213508
 0
 0
 0.5785862941142949
 0.8234769714762634
 0.7035752464157439
 0.7897677828903629
 0.8756683318827452
 0.8311345454349629
 0.8365135393880144
 0.8697013909858053
 0.9136502235553883
 0.8966632259702125
 0.9125084516255032
 0.9065786362383941
 0.9138765708255943
 0.9430353208649809
 0.956138076682802
 0.9871537678569113
 0.9761755017393599
 0.9828428633582573
 0.9939415129593336
 0.9774841625220203
 0.9040103933130614
 0.9963936392622886
 0.8188393107168199
 0.8327207987996992
 0.8073736088481782
 0.8392914792202247
 0.8284553696401125
 0.7924529223826488
 0
 0
 0.6111194447022685
 0.7426321851181621
 0.7135041946180105
 0.7638301378742045
 0.8642981435920453
 0.8485613554532141
 0.9146829609967407
 0.89737308556052
 0.9487430829958768
 0.9379954157658713
 0.9640354827838868
 0.9571270910494912
 0.9546455968063938
 0.9822274661566205
 0.9857243526150204
 0.9834740617929451
 0.9834217054549984
 0.9815175661147899
 0.9765141360247266
 0.981011489317054
 0.834883375054001
 0.8764025555955101
 0.7709958814681512
 0.8217834143684682
 0.7452401070154737
 0.7715506711320502
 0.7586368164588494
 0.7839374416429783
 0
 0
 1
 1
 1
 1
 1
 1
 1
 1
 1
 1
 1
 1
 1
 1
 1
 1
 1
 1
 1
 1
 1
 1
 1
 1
 1
 1
 1
 1
 0
 0
 1.000000000101119
 1.02451091295062
 0.6523108431929682
 0.7474956823436721
 0.9361918505615211
 0.7853133217404784
 0.9502309705620229
 0.8396869745622162
 0.934284404268762
 0.9341148997866917
 0.9411102638448874
 0.9694093228224329
 0.9167538595646426
 0.9976432725136981
 0.9845793297203645
 0.9563982022427794
 0.9522485600401206
 1.13355626884563
 1.021271585120676
 1.117832382728415
 0.9041270086194344
 0.9881255733472731
 0.6862871774062455
 0.8187857541585254
 1.030076067353185
 0.8815137852432229
 0.9998560095247253
 0.8711504847050107
 0
 0
 0.5785862941142949
 0.8234769720200829
 0.7460168339723466
 0.8678346254264322
 0.7889508290229473
 0.7630294328361537
 0.958017033132382
 0.8951000306588512
 0.8544643504031328
 0.8780201903905913
 0.9061856851629462
 0.9042584300739932
 0.9179571852628367
 1.051389973187423
 1.02247056484604
 1.157475792378733
 0.9393308748959354
 1.014072181258196
 1.048521417655301
 1.083209139184801
 0.9606958141641122
 0.9473657865827779
 0.8667950663897784
 0.9707827144625285
 0.8152801837957858
 0.9483725120402478
 0.8980630819662
 0.8615702071935337
 0
 0
 0
 0
 0
 0
 0
 0
 0
 0
 0
 0
 0
 0
 0
 0
 0
 0
 0
 0
 0
 0
 0
 0
 0
 0
 0
 0
 0
 0
 0
 0
 0
 0
 0
 0
 0
 0
 0
 0
 0
 0
 0
 0
 0
 0
 0
 0
 0
 0
 0
 0
 0
 0
 0
 0
 0
 0
 0
 0
 0
 0
 0
 0
 0
 0
 0
 0
 0
 0
 0
 0
 0
 0
 0
 0
 0
 0
 0
 0
 0
 0
 0
 0
 0
 0
 0
 0
 0
 0
 0
 0
 0
 0
 0
 0
 0
 0
 0
 0
 0
 0
 0
 0
 0
 0
 0
 0
 0
 0
 0
 0
 0
 0
 0
 0
 0
 0
 0
 0
 0
 0
 0
 0
 0
 0
 0
 0
 0
 0
 0
 0
 0
 0
 0
 0
 0
 0
 0
 0
 0
 0
 0
 0
 0
 0
 0
 0
 0
 0
 0
 0
 1
 1
 1
 1
 1
 1
 1
 1
 1
 1
 1
 1
 1
 1
 1
 1
 1
 1
 1
 1
 1
 1
 1
 1
 1
 1
 1
 1
 0
 0
 0
 0
 0
 0
 0
 0
 0
 0
 0
 0
 0
 0
 0
 0
 0
 0
 0
 0
 0
 0
 0
 0
 0
 0
 0
 0
 0
 0
 0
 0
 0
 0
 0
 0
 0
 0
 0
 0
 0
 0
 0
 0
 0
 0
 0
 0
 0
 0
 0
 0
 0
 0
 0
 0
 0
 0
 0
 0


