# Created by Octave 3.8.2, Fri Nov 20 20:19:04 2015 CET <dkottke@snake10>
# name: mus
# type: matrix
# ndims: 3
 1 30 19
 0
 0
 0.3555926544240405
 0.4793986636971047
 0.5342618384401113
 0.503901895206243
 0.4802668148971653
 0.4782366071428572
 0.4751535455053043
 0.4810055865921786
 0.4919926699067806
 0.5626398210290829
 0.6022853957636564
 0.5797991071428574
 0.5938375350140056
 0.5837053571428571
 0.5720261437908497
 0.6257014590347922
 0.6216205407134856
 0.6275280898876405
 0.625546218487395
 0.6302531487716673
 0.6256038647343
 0.6570945945945946
 0.6535211267605635
 0.6493868450390191
 0.6543209876543209
 0.6612723214285713
 0.660734149054505
 0.6508474576271187
 0
 0
 0.3333333333333333
 0.25
 0.2
 0.6
 0.5
 0.5
 0.6
 0.7
 0.7333333333333333
 0.2666666666666667
 0.4666666666666667
 0.5333333333333334
 0.4666666666666666
 0.5166666666666666
 0.5166666666666666
 0.4333333333333333
 0.3666666666666666
 0.35
 0.4400000000000001
 0.54
 0.53
 0.55
 0.5200000000000001
 0.5333333333333334
 0.5666666666666667
 0.5266666666666666
 0.5533333333333333
 0.6
 0
 0
 0.4835112507132517
 0.4507004929789026
 0.5678359444743535
 0.6688892310898031
 0.5685948725271164
 0.7070666382045465
 0.7252398997699401
 0.6946465735285738
 0.5939490557777901
 0.4567286156936708
 0.4703847286879648
 0.5445310419068704
 0.5907059577224841
 0.578037789896188
 0.6109344351797339
 0.5268483240889459
 0.5206496192655543
 0.5008519812565786
 0.4998840269664259
 0.5321875987639655
 0.5743763383848297
 0.5828596768517749
 0.5948017817140587
 0.5881713840588484
 0.5819435530873489
 0.6129800271218999
 0.6208248153931906
 0.600650267627403
 0
 0
 0.472243053506143
 0.5937708670498398
 0.412522716045301
 0.7513586403137358
 0.6151603775772639
 0.7476244203007504
 0.7534110172055771
 0.7012924311331642
 0.7524811336512677
 0.2980632006072318
 0.3329089974328988
 0.5003342188815326
 0.5015566042214347
 0.4994842156018808
 0.5284023973481567
 0.5053396352189848
 0.4769151888895821
 0.5315133472902347
 0.5233768499286238
 0.522148416626124
 0.5285074418281612
 0.5949740953722189
 0.6121663418424387
 0.6547746093452655
 0.6599256020101231
 0.6442591526701702
 0.63504360477898
 0.6582807421603759
 0
 0
 0.3333333333333333
 0
 0.2
 0.6666666666666666
 0.2857142857142857
 0.625
 0.4444444444444444
 0.6
 0.7272727272727273
 0.3333333333333333
 0.3076923076923077
 0.4444444444444444
 0.8
 0.6666666666666666
 0.5
 1
 1
 1
 0
 1
 0
 0
 1
 1
 1
 1
 0
 1
 0
 0
 0.4999999999905315
 0.2778027790682219
 0.4333525019685006
 0.683333459081231
 0.4363112326605468
 0.6607142861870067
 0.5233146848622308
 0.6452380963632145
 0.7689394046154895
 0.3021474647032583
 0.3291972439978332
 0.4152661895515565
 0.667375944318587
 0.5655875153344558
 0.6136365070186545
 0.7772425688950534
 0.7344529445745411
 0.6421647929733826
 0.4380251801843807
 0.8687712112954946
 0.4337312697085229
 0.5506089067957844
 0.8750011959038702
 0.8083755425287302
 0.8305153098467369
 0.7881827817691096
 0.4166886890703014
 0.7576440193166165
 0
 0
 0.7892931470571475
 0.6132255073057439
 0.6381095397752266
 0.6273086157198078
 0.7338049763996394
 0.7793747131407068
 0.6947843627370547
 0.7969463021514918
 0.7754174832555669
 0.5931050619374234
 0.5547263645414793
 0.5880597650671249
 0.634051750882284
 0.5862289039293622
 0.6391199852376739
 0.6433818435513118
 0.5839786511474634
 0.5842994088455877
 0.6386412931658352
 0.5663879913067298
 0.613223941740386
 0.6124743438750082
 0.6729381629743314
 0.6576261085417491
 0.6435738595596975
 0.6120356053376038
 0.6425177135823108
 0.6548874678595323
 0
 0
 0.4722430534824922
 0.5858051456183807
 0.4312996788980545
 0.6732494013923245
 0.6275476171272686
 0.7327958256717779
 0.7136932993727624
 0.6839301775197404
 0.7091373467021304
 0.3942995098871777
 0.4424214500282307
 0.5121494496096854
 0.5142017871976866
 0.5086610580254125
 0.5523534189607415
 0.5283182273954804
 0.4874773030151909
 0.5272538253980406
 0.5643625722826699
 0.5440247661276902
 0.5384861491481183
 0.5933212017491613
 0.6154599914973976
 0.6504371716365026
 0.6587151767666163
 0.6199891152488085
 0.6367867535147059
 0.6590270629016414
 0
 0
 1
 1
 1
 1
 1
 1
 1
 1
 1
 1
 1
 1
 1
 1
 1
 1
 1
 1
 1
 1
 1
 1
 1
 1
 1
 1
 1
 1
 0
 0
 0.4999999999951971
 0.2941426451842046
 0.4083447114720236
 0.5666714783639399
 0.4986117993777445
 0.6797258813894054
 0.5576129971355559
 0.6888244597312911
 0.699535317727024
 0.3577757274439774
 0.3831345868971574
 0.4208998703134733
 0.5008240212014479
 0.4637108854295717
 0.6298162546286538
 0.4685191896605473
 0.4720367794129124
 0.4837533926991919
 0.5237867332564251
 0.5403428474019285
 0.6910096819522912
 0.6477921431589364
 0.9011726614569643
 0.747440656387504
 0.6027806383832698
 0.4960240595430706
 0.5840846197221878
 0.3076425466384933
 0
 0
 0.7892931470571475
 0.6404384686033222
 0.6680251613108985
 0.6019803756161728
 0.7287715983207615
 0.8128116143639609
 0.7291073933736593
 0.7986200109941315
 0.6984840804871064
 0.661512400916786
 0.5568001721263516
 0.6708311595893447
 0.6077386321695613
 0.6436326151800504
 0.6096390285711581
 0.6336224480954484
 0.6124312174882434
 0.6615914510526475
 0.6899618696916744
 0.6475873856478616
 0.7425822826554016
 0.7137031892730266
 0.6732629550334044
 0.6108129107020982
 0.6721834952606858
 0.6255234088919088
 0.6360478348856461
 0.6217587833107262
 0
 0
 0
 0
 0
 0
 0
 0
 0
 0
 0
 0
 0
 0
 0
 0
 0
 0
 0
 0
 0
 0
 0
 0
 0
 0
 0
 0
 0
 0
 0
 0
 0
 0
 0
 0
 0
 0
 0
 0
 0
 0
 0
 0
 0
 0
 0
 0
 0
 0
 0
 0
 0
 0
 0
 0
 0
 0
 0
 0
 0
 0
 0
 0
 0
 0
 0
 0
 0
 0
 0
 0
 0
 0
 0
 0
 0
 0
 0
 0
 0
 0
 0
 0
 0
 0
 0
 0
 0
 0
 0
 0
 0
 0
 0
 0
 0
 0
 0
 0
 0
 0
 0
 0
 0
 0
 0
 0
 0
 0
 0
 0
 0
 0
 0
 0
 0
 0
 0
 0
 0
 0
 0
 0
 0
 0
 0
 0
 0
 0
 0
 0
 0
 0
 0
 0
 0
 0
 0
 0
 0
 0
 0
 0
 0
 0
 0
 0
 0
 0
 0
 0
 1
 1
 1
 1
 1
 1
 1
 1
 1
 1
 1
 1
 1
 1
 1
 1
 1
 1
 1
 1
 1
 1
 1
 1
 1
 1
 1
 1
 0
 0
 0
 0
 0
 0
 0
 0
 0
 0
 0
 0
 0
 0
 0
 0
 0
 0
 0
 0
 0
 0
 0
 0
 0
 0
 0
 0
 0
 0
 0
 0
 0
 0
 0
 0
 0
 0
 0
 0
 0
 0
 0
 0
 0
 0
 0
 0
 0
 0
 0
 0
 0
 0
 0
 0
 0
 0
 0
 0


