# Created by Octave 3.8.2, Fri Nov 20 22:27:39 2015 CET <dkottke@snake6>
# name: mus
# type: matrix
# ndims: 3
 1 30 19
 0
 0
 0.8454106280193234
 0.8653846153846154
 0.9414634146341462
 0.9558823529411765
 0.9113300492610839
 0.9855769230769231
 0.9710144927536233
 0.97
 0.9425837320574161
 0.965686274509804
 0.9759615384615385
 0.9744897959183675
 0.9794871794871796
 0.9855769230769231
 0.9852941176470589
 0.9823232323232323
 0.9904306220095694
 1
 0.9788359788359789
 0.9856902356902357
 1
 1
 1
 1
 1
 1
 1
 1
 0
 0
 0.6666666666666666
 0
 0.6
 0.3
 0.5
 0.4
 0.4
 0.6
 0.5333333333333333
 0.3333333333333333
 0.6666666666666666
 0.5666666666666667
 0.5333333333333333
 0.5666666666666667
 0.5999999999999999
 0.5
 0.45
 0.5
 0.53
 0.61
 0.71
 0.7100000000000001
 0.76
 0.6066666666666667
 0.6733333333333333
 0.6333333333333333
 0.7133333333333333
 0.7
 0
 0
 0.7353913939787433
 0.523515184822413
 0.7388112968729224
 0.7102780772035777
 0.6976356660270067
 0.731348762497863
 0.7536019862525418
 0.7194242270279755
 0.652438048878875
 0.6138379390082682
 0.5914677849458825
 0.575286605185192
 0.5390452068711231
 0.5678307634505519
 0.720527460550298
 0.5770502119243887
 0.6322625462806764
 0.5187288799707948
 0.6979033823098583
 0.5653206991680457
 0.6374834650878809
 0.6448496581777852
 0.6309318446755807
 0.6511912633889467
 0.6350891401422377
 0.6553183603984289
 0.7587515894740409
 0.7637512763684353
 0
 0
 0.507961234391335
 0.1348880846445631
 0.692850042608319
 0.4618461490346861
 0.4837242142615331
 0.5158193130844612
 0.620543969553679
 0.7197733745454393
 0.5879008251106316
 0.6697252249337418
 0.6240347606783591
 0.5735199733009171
 0.5769518304834826
 0.4940785161311753
 0.5690552189113889
 0.6220775741245494
 0.5752541079770439
 0.5197150640387634
 0.5571288512734686
 0.56852514270907
 0.5985627843576592
 0.6354937280799622
 0.6107287100602945
 0.6754596924334153
 0.6861308087489336
 0.6919816010006632
 0.7093567821155566
 0.7283719059644495
 0
 0
 0.6666666666666666
 0
 0.8
 0
 0.4285714285714285
 0.5
 0.6666666666666666
 0.9
 0.6363636363636364
 0.75
 0.7692307692307693
 0.6666666666666666
 0.4
 0.6666666666666666
 0
 1
 1
 1
 1
 0
 0
 0
 0
 1
 1
 1
 1
 0
 0
 0
 0.6772185208879218
 0.1010079832038606
 0.7584772680061795
 0.3237554533583732
 0.3913261097312737
 0.516706769395229
 0.5566877177497328
 0.7709220858748662
 0.6315457910569651
 0.6729394093929442
 0.6894134757914572
 0.5823694677256348
 0.5505484117519174
 0.5379238952788675
 0.4664750286783118
 0.7441872282449109
 0.6545432709183616
 0.5894174357173768
 0.6314442646663281
 0.4625170347151933
 0.4902954196503563
 0.4975536200817378
 0.5657238974248262
 0.7504972367001754
 0.6845691861090896
 0.7460345860396684
 0.8199420631325474
 0.6865092881180093
 0
 0
 0.3678794411714423
 0.8481419007304842
 0.7361028619778613
 0.7610767763948018
 0.7355713549768169
 0.7528041459212502
 0.6996336988634034
 0.6924282497245526
 0.6796068781141924
 0.7007822121782959
 0.7113219762925667
 0.734856557913416
 0.6946713101868125
 0.677732772891166
 0.6888322771884745
 0.7294577564630778
 0.7215115584552073
 0.6981256829541966
 0.7003432632330986
 0.6889479126077741
 0.7024501032093112
 0.7178784022794041
 0.7185276407988743
 0.7561122817818346
 0.7057297499985868
 0.7351752869408701
 0.7388292074413831
 0.7543931758322118
 0
 0
 0.5454014566634393
 0.1882861385534677
 0.6343132966403858
 0.5621939134056195
 0.5283821362762536
 0.474255930982371
 0.5572147191150614
 0.650535071432633
 0.5614198292234962
 0.5802808213588613
 0.5636081394901711
 0.5557017775271414
 0.557386375647633
 0.5088993948673516
 0.5669632883427393
 0.5927964911290233
 0.5464617218853622
 0.5250456799164582
 0.5364455687600381
 0.5522927541079946
 0.5622017599941566
 0.5774696432592721
 0.5679151759327185
 0.6087803385539274
 0.6180641143756932
 0.6069199933748911
 0.6378487444243213
 0.6552840362504408
 0
 0
 0.9205128094291636
 0.9049326822836657
 0.8992385786023757
 0.9229010743906874
 0.933114535113889
 0.9223962869973177
 0.9164377657121081
 0.938149287176495
 0.9139338055962701
 0.916237835637606
 0.9259615901593911
 0.9216422406189363
 0.9239481039801284
 0.9077449222992219
 0.9206239138876045
 0.9096143996840992
 0.9017843529752667
 0.9109989408489929
 0.9077776660797331
 0.9057714916511488
 0.9107740322107472
 0.9051941026879217
 0.9012633949032778
 0.8992622514200713
 0.9075824389178735
 0.907019995989468
 0.9129134229436947
 0.9132218561625078
 0
 0
 0.6668206766656443
 0.1561251247798844
 0.6677703761163991
 0.4612745326786969
 0.3552483721056675
 0.5205293067843463
 0.4074546241764219
 0.3244524296230182
 0.6072949974142799
 0.5672830379167603
 0.5738336275546499
 0.5787070449678507
 0.5524572927236233
 0.5197716265284769
 0.5583355713405361
 0.6223211536625922
 0.5494038353167441
 0.5341376636047903
 0.5595484225462595
 0.5528936628425967
 0.565152308146173
 0.5753306934550739
 0.5903468645738252
 0.6100634588106184
 0.6355593507208798
 0.6881282034580574
 0.6777989651823996
 0.7129504018369319
 0
 0
 0.3678794411714423
 0.8466602690374821
 0.6912322278127374
 0.7582024400374268
 0.7469597710672892
 0.7790887518971121
 0.6829778223019255
 0.7134723783544452
 0.6813447059750222
 0.7191624038413372
 0.7359311541943212
 0.6735661255533408
 0.6886957443027703
 0.6719026279043784
 0.6914173072822252
 0.7963222309735698
 0.792376093583985
 0.7076573494112
 0.776447432472295
 0.6838804644937073
 0.7022647292793505
 0.7250791550856501
 0.7084555149786953
 0.7309564270631352
 0.6992283523143107
 0.718253740983565
 0.7538163109546523
 0.7401129809932833
 0
 0
 0
 0
 0
 0
 0
 0
 0
 0
 0
 0
 0
 0
 0
 0
 0
 0
 0
 0
 0
 0
 0
 0
 0
 0
 0
 0
 0
 0
 0
 0
 0
 0
 0
 0
 0
 0
 0
 0
 0
 0
 0
 0
 0
 0
 0
 0
 0
 0
 0
 0
 0
 0
 0
 0
 0
 0
 0
 0
 0
 0
 0
 0
 0
 0
 0
 0
 0
 0
 0
 0
 0
 0
 0
 0
 0
 0
 0
 0
 0
 0
 0
 0
 0
 0
 0
 0
 0
 0
 0
 0
 0
 0
 0
 0
 0
 0
 0
 0
 0
 0
 0
 0
 0
 0
 0
 0
 0
 0
 0
 0
 0
 0
 0
 0
 0
 0
 0
 0
 0
 0
 0
 0
 0
 0
 0
 0
 0
 0
 0
 0
 0
 0
 0
 0
 0
 0
 0
 0
 0
 0
 0
 0
 0
 0
 0
 0
 0
 0
 0
 0
 0.9450107756668488
 0.9292696507428344
 0.9093909588841396
 0.9526052370724553
 0.9147359684515548
 0.9020339744110397
 0.9324757322592042
 0.923541936134864
 0.9273082582623638
 0.9191438477075418
 0.9283322243871107
 0.9225600761102707
 0.9133968159283746
 0.9092701205115505
 0.8981074539149301
 0.9213008511493898
 0.915958179994676
 0.9030707289460358
 0.9059988460993527
 0.9052263484992734
 0.9069069940564208
 0.8973111849196247
 0.9092293408656272
 0.9071855699331947
 0.9058117207238248
 0.9044268657242898
 0.9005337095745316
 0.9061438706525263
 0
 0
 0
 0
 0
 0
 0
 0
 0
 0
 0
 0
 0
 0
 0
 0
 0
 0
 0
 0
 0
 0
 0
 0
 0
 0
 0
 0
 0
 0
 0
 0
 0
 0
 0
 0
 0
 0
 0
 0
 0
 0
 0
 0
 0
 0
 0
 0
 0
 0
 0
 0
 0
 0
 0
 0
 0
 0
 0
 0


