# Created by Octave 3.8.2, Fri Nov 20 21:25:59 2015 CET <dkottke@snake10>
# name: mus
# type: matrix
# ndims: 3
 1 30 19
 0
 0
 0.7000556483027276
 0.6998886414253898
 0.6791086350974936
 0.680602006688963
 0.6575875486381327
 0.6629464285714286
 0.7208263539921818
 0.7268156424581005
 0.7313361485140626
 0.7102908277404919
 0.7106094388703078
 0.7080078124999999
 0.7086834733893556
 0.6517857142857143
 0.649561157796452
 0.6705948372615042
 0.6738921772516395
 0.6741573033707864
 0.6746218487394959
 0.677266492081307
 0.6791155704199189
 0.6762387387387387
 0.6732394366197183
 0.6590486807878115
 0.6624579124579124
 0.6908482142857141
 0.6754727474972193
 0.6954802259887005
 0
 0
 0.6666666666666666
 1
 1
 1
 0.9
 1
 0.8
 0.8
 0.8333333333333333
 0.8333333333333333
 0.7666666666666666
 0.7999999999999999
 0.6666666666666666
 0.6
 0.7666666666666667
 0.7666666666666666
 0.8
 0.75
 0.8099999999999999
 0.8300000000000001
 0.78
 0.79
 0.8
 0.66
 0.66
 0.6399999999999999
 0.6866666666666668
 0.7666666666666667
 0
 0
 0.7587961025522609
 0.9695572520446689
 0.9139972028804684
 0.9645769354341975
 0.8602454546807611
 0.7833415101333207
 0.7989872982999384
 0.7988451098079459
 0.8313785225336128
 0.7894304729529091
 0.7500878488317005
 0.7951567942819376
 0.7519771141243725
 0.6247602908718231
 0.7110661391264619
 0.7315569065321036
 0.7534155198728728
 0.7654827757756786
 0.7673388907782535
 0.7746649231525876
 0.7317197449307018
 0.7227429229343195
 0.768273828380044
 0.640644483009033
 0.6926149002830967
 0.6992152192188813
 0.696446216113693
 0.7047244867062901
 0
 0
 0.6641896616156544
 0.8448595769698112
 0.8059701630692367
 0.9036834604804661
 0.8426262565064377
 0.8638331920511818
 0.7882303121322568
 0.7827653111476504
 0.7898884940946564
 0.7402288191306532
 0.7377643441443977
 0.7394018121949016
 0.6919616805914958
 0.665782829471282
 0.6862145183597121
 0.691754105327662
 0.7165981638255896
 0.7283842896147863
 0.7393378360961612
 0.74659734158562
 0.7170628933885046
 0.7225558017043603
 0.7376735658556365
 0.6385310558570103
 0.6600043661797245
 0.6615067380154246
 0.6712203109334989
 0.6815156058492426
 0
 0
 0.6666666666666666
 1
 1
 1
 1
 1
 0.6666666666666666
 0.8
 0.8181818181818182
 0.75
 0.7692307692307693
 0.5555555555555556
 0.8
 0.6666666666666666
 1
 0
 0
 1
 1
 1
 1
 1
 0
 1
 1
 0
 1
 1
 0
 0
 0.7005880165436205
 0.7691142835908169
 0.8794183350026679
 0.9822870273064787
 0.8612209846635219
 0.9232183815414419
 0.74442286733062
 0.7900650361797943
 0.7825386197715481
 0.7720116223903443
 0.7401184235289464
 0.7121857746458955
 0.6938537687410091
 0.6446834873805808
 0.7049320705633459
 0.6386705552635598
 0.68621536755352
 0.7063129403047058
 0.7233563298795026
 0.7481662757269917
 0.7045741147924491
 0.7855756631740561
 0.6847003825497625
 0.6077894840121987
 0.6654965789285936
 0.671408260651269
 0.6740057765931345
 0.7538846562496636
 0
 0
 0.7892931470571475
 0.7634218195562537
 0.7411517133678119
 0.8110155206049817
 0.8776433576523471
 0.8325042158547259
 0.8101133558479583
 0.8232311506802327
 0.8476490435013044
 0.8047040925504964
 0.7855768364185292
 0.7826652759239766
 0.7558159040084329
 0.6786568953449649
 0.7126994400372337
 0.756210797596802
 0.7509871426857084
 0.7487921839827405
 0.7575132855362393
 0.7436295580497314
 0.766408238912089
 0.7632970771763162
 0.7829786172215112
 0.7101347575723412
 0.742798362601426
 0.7372532767509867
 0.7715878376838936
 0.7200300255711592
 0
 0
 0.6653608316410015
 0.774015143709136
 0.7513279771548937
 0.9091099450221551
 0.8531599494418061
 0.8602849584406704
 0.7725988837034163
 0.7886854758532528
 0.7968805251222392
 0.7458418378989244
 0.7364638167760772
 0.7555328336391975
 0.7135458438344126
 0.6644759396475675
 0.6917378177404768
 0.6993517157565227
 0.7404314123731267
 0.7396185069756359
 0.7497405699074444
 0.7596150625521471
 0.7263300701899704
 0.7382967200764304
 0.7554215655592563
 0.6527737481160694
 0.6714323844682368
 0.6738150698173384
 0.6799746262272782
 0.6937019284150099
 0
 0
 0.9997732817936892
 0.9999996709776156
 1
 0.9999999999977057
 0.9999999066029445
 0.9999999999999974
 0.9999999999999997
 0.999999996886422
 1
 0.9990903373423008
 0.994106035434659
 0.991825360391932
 0.9757016365416041
 0.9779263645644556
 0.984010471308895
 0.9639228211986671
 0.9749254511064825
 0.9673192501171463
 0.9743374741822337
 0.9566731727325546
 0.9592518706290798
 0.9667561303328214
 0.9631067420598124
 0.9591435874076363
 0.9555418975036818
 0.9602511239937803
 0.9518924234569198
 0.9482730022606782
 0
 0
 0.8201169180413511
 0.8200016053701302
 0.7834123005213675
 0.9822832941744227
 0.742623112380783
 0.9277475254175344
 0.707223880587625
 0.8708964859794144
 0.8106837870043438
 0.737536491547905
 0.7258234112910943
 0.7359066418961088
 0.6992847413659686
 0.653365939217029
 0.6753605394040995
 0.7305251708860674
 0.7339939442587393
 0.79509576424797
 0.7383781332592844
 0.7655811879023057
 0.7657199331231265
 0.7266553850538093
 0.7398695731123933
 0.648866492617487
 0.660074340554121
 0.6671792611017728
 0.6735207221950104
 0.6825744129353695
 0
 0
 0.7892931470571475
 0.7733639257301563
 0.7792149149823856
 0.8137076511738094
 0.8647398534542579
 0.7847833683753125
 0.8137213247345439
 0.8041230758869186
 0.9012727002092455
 0.7751050740058758
 0.8751035599746051
 0.7889866429735972
 0.7596639961866255
 0.7169474565703902
 0.7190785074348136
 0.750815668615446
 0.7484235705082153
 0.7462194609183548
 0.7467416079251953
 0.7488435581274139
 0.7522980568676447
 0.7862739093753889
 0.7921014002244504
 0.7091037233675251
 0.710801309448523
 0.7291168125842683
 0.7200404813778511
 0.7760515799068386
 0
 0
 0
 0
 0
 0
 0
 0
 0
 0
 0
 0
 0
 0
 0
 0
 0
 0
 0
 0
 0
 0
 0
 0
 0
 0
 0
 0
 0
 0
 0
 0
 0
 0
 0
 0
 0
 0
 0
 0
 0
 0
 0
 0
 0
 0
 0
 0
 0
 0
 0
 0
 0
 0
 0
 0
 0
 0
 0
 0
 0
 0
 0
 0
 0
 0
 0
 0
 0
 0
 0
 0
 0
 0
 0
 0
 0
 0
 0
 0
 0
 0
 0
 0
 0
 0
 0
 0
 0
 0
 0
 0
 0
 0
 0
 0
 0
 0
 0
 0
 0
 0
 0
 0
 0
 0
 0
 0
 0
 0
 0
 0
 0
 0
 0
 0
 0
 0
 0
 0
 0
 0
 0
 0
 0
 0
 0
 0
 0
 0
 0
 0
 0
 0
 0
 0
 0
 0
 0
 0
 0
 0
 0
 0
 0
 0
 0
 0
 0
 0
 0
 0
 0.9999556489210369
 0.9999999239389233
 0.9999999999994488
 0.9999999999999921
 0.99999999693109
 0.999999995398578
 0.9999999979084492
 0.9999998999095916
 0.998781853352992
 0.995189352508252
 0.9976544173852622
 0.9836530757481634
 0.9729788525162956
 0.9742502727939661
 0.9749366670325638
 0.9724026447978337
 0.9674857098630189
 0.9691381426827371
 0.9717066318851582
 0.9556114877968118
 0.9638103349292914
 0.9639637496137137
 0.9583689604077502
 0.9628120037909925
 0.9533590652493196
 0.9547372560214541
 0.951425351317199
 0.9443097103374479
 0
 0
 0
 0
 0
 0
 0
 0
 0
 0
 0
 0
 0
 0
 0
 0
 0
 0
 0
 0
 0
 0
 0
 0
 0
 0
 0
 0
 0
 0
 0
 0
 0
 0
 0
 0
 0
 0
 0
 0
 0
 0
 0
 0
 0
 0
 0
 0
 0
 0
 0
 0
 0
 0
 0
 0
 0
 0
 0
 0


