# Created by Octave 3.8.2, Sat Nov 21 01:12:34 2015 CET <dkottke@snake7>
# name: mus
# type: matrix
# ndims: 3
 1 30 19
 0
 0
 0.5087719298245615
 0.6136363636363636
 0.6278481012658227
 0.6603535353535351
 0.6315789473684215
 0.6275510204081632
 0.6382575757575759
 0.6358974358974356
 0.6470959595959594
 0.611111111111111
 0.5482051282051282
 0.5414540816326531
 0.541025641025641
 0.5416666666666666
 0.5407786302926967
 0.5290404040404041
 0.5588972431077694
 0.5368421052631579
 0.656641604010025
 0.7626262626262627
 0.736288718385905
 0.8268229166666666
 0.8240000000000001
 0.9112820512820515
 0.9088504088504088
 0.8762755102040816
 0.8486910390958364
 0.7871794871794873
 0
 0
 0.3333333333333333
 1
 0.8
 0.6
 0.8
 1
 1
 1
 1
 1
 1
 1
 0.9333333333333332
 1
 1
 1
 1
 1
 0.95
 0.8
 0.9199999999999999
 0.8800000000000001
 0.8800000000000001
 0.8400000000000001
 0.8933333333333333
 0.8200000000000001
 0.7933333333333332
 0.7
 0
 0
 0.6312630073500081
 0.9257737222587679
 0.8103638323514327
 0.8777900252931455
 0.8091035496204214
 0.8902139167053886
 0.9178530630829063
 0.9390747856177983
 0.9551194403231724
 0.95217631293493
 0.905623636763021
 0.9348614814616667
 0.9535723936412227
 0.960749209689585
 0.9644002938830293
 0.9871828628813255
 0.9875331649298564
 0.9784426337419572
 0.9506313657844597
 0.8553490039785807
 0.8829600259139464
 0.8291548301041667
 0.8767403521454696
 0.8777060765016993
 0.8691641195562214
 0.8620577812125898
 0.8688029198512979
 0.8714543230787375
 0
 0
 0.3333499983551033
 0.9791750005089899
 0.8608358760829284
 0.7968814916631319
 0.9194872406624077
 0.9718454810892624
 0.9979277576615467
 0.9890591245175639
 0.9977090676759739
 0.9965278437285756
 0.9847330120491192
 0.9645855398158256
 0.9719199681289075
 0.9972073172005871
 0.998336852661043
 0.9990135196530109
 0.9980319117354842
 1
 0.9773103758474909
 0.9135282587070735
 0.9466797283834849
 0.9213055853285941
 0.9239154554312016
 0.8841254030801932
 0.8930078889984405
 0.8762599345500831
 0.8803895366994797
 0.9353605599152691
 0
 0
 0
 1
 1
 0.5
 0.8571428571428571
 1
 1
 1
 1
 1
 1
 1
 1
 1
 1
 1
 1
 1
 1
 1
 1
 1
 0
 1
 1
 0
 1
 1
 0
 0
 0.2500374967576202
 1.444444503166831
 1.150000126633536
 0.6625043061042581
 0.8273809537488018
 1.066071428798014
 1.052579367741909
 1.031944448414245
 1.021590954777179
 1.022474793715698
 1.021445221454948
 0.9983660668710764
 1.00493241804648
 1.009442446105864
 0.9702903631723155
 1.008547008700757
 1.008445946164699
 1.000000000376286
 1.017241379703148
 1.041667480371354
 1.047075171247621
 1.040228359566994
 0.6250039367176646
 0.9023609731917641
 0.8750013425425628
 0.5625349729987262
 1.000000902734384
 0.7328320165850327
 0
 0
 0.5785862941142949
 0.8186651395057877
 0.8715405885430914
 0.9291385042230709
 0.853703642237326
 0.9244398733817935
 0.8804308017676883
 0.9623292294382988
 0.9484022721780925
 0.941522211607143
 0.9414878341511081
 0.9132837169937537
 0.9317668471828383
 0.9720718924006166
 0.9842037888118631
 0.9943092511262499
 0.9868291233693631
 1.003903979007637
 0.9340107613869939
 0.906579566506198
 0.9776777287277723
 0.8698626993415816
 0.9079822363422817
 0.9106018551710513
 0.929700997030243
 0.8965157758273594
 0.9144193347315733
 0.8651472527175377
 0
 0
 0.3333499983826748
 0.869620318927443
 0.8163176231016891
 0.87560071512141
 0.9096776553444696
 0.9401326861509427
 0.9504473018081284
 0.9798593781278612
 0.9827111821750913
 0.9911755392155699
 0.9665793976809632
 0.9710973758888851
 0.9770597422441223
 0.9881100506362308
 0.9903353935726028
 0.9884634557978113
 0.9889532441712254
 0.9991458024537576
 0.9772756680443951
 0.9161895216893309
 0.942636275738527
 0.9166489723958694
 0.917129232267183
 0.8847216919788244
 0.9082835152735004
 0.8784621808208385
 0.8655059826901713
 0.9183372319151428
 0
 0
 1
 1
 1
 1
 1
 1
 1
 1
 1
 1
 1
 1
 1
 1
 1
 1
 1
 1
 1
 1
 1
 1
 1
 1
 1
 1
 1
 1
 0
 0
 0.2500374962862073
 1.509804720079956
 1.011541150559045
 0.8696027651143006
 0.7282173018368409
 1.098618366865383
 0.9832838248469202
 1.042756633377486
 1.066936498531921
 1.082022182413426
 0.9978153162833747
 0.971308258936987
 0.9852392451361071
 1.011508801319684
 0.9848349695155865
 0.9826986852472785
 0.9820721308826686
 1.000000000002098
 0.9649406937762185
 0.9308110272650808
 1.018198692144842
 0.890849656166726
 0.9997243312166476
 0.8995936016677741
 0.8874801078173262
 0.8815113711416349
 0.9922780096229384
 0.5807170704923409
 0
 0
 0.5785862941142949
 0.8186651381827175
 0.8336188960400659
 0.9270539552511694
 0.8276755149889149
 0.8916055086879036
 0.9798966969768778
 1.021345389576217
 0.906275142503458
 0.9272138757059214
 0.924961583652401
 0.9178954780480769
 1.046922584567006
 1.017531915942065
 0.9506795083173131
 1.055511232483048
 0.9510388622141528
 1.0806885724058
 1.006067276199929
 1.034825492784528
 1.009539255742786
 0.8100421007974306
 0.9673596932456019
 0.9019451384456891
 0.8684687009400492
 0.916782970966412
 0.9698992672373991
 0.8890082273820265
 0
 0
 0
 0
 0
 0
 0
 0
 0
 0
 0
 0
 0
 0
 0
 0
 0
 0
 0
 0
 0
 0
 0
 0
 0
 0
 0
 0
 0
 0
 0
 0
 0
 0
 0
 0
 0
 0
 0
 0
 0
 0
 0
 0
 0
 0
 0
 0
 0
 0
 0
 0
 0
 0
 0
 0
 0
 0
 0
 0
 0
 0
 0
 0
 0
 0
 0
 0
 0
 0
 0
 0
 0
 0
 0
 0
 0
 0
 0
 0
 0
 0
 0
 0
 0
 0
 0
 0
 0
 0
 0
 0
 0
 0
 0
 0
 0
 0
 0
 0
 0
 0
 0
 0
 0
 0
 0
 0
 0
 0
 0
 0
 0
 0
 0
 0
 0
 0
 0
 0
 0
 0
 0
 0
 0
 0
 0
 0
 0
 0
 0
 0
 0
 0
 0
 0
 0
 0
 0
 0
 0
 0
 0
 0
 0
 0
 0
 0
 0
 0
 0
 0
 1
 1
 1
 1
 1
 1
 1
 1
 1
 1
 1
 1
 1
 1
 1
 1
 1
 1
 1
 1
 1
 1
 1
 1
 1
 1
 1
 1
 0
 0
 0
 0
 0
 0
 0
 0
 0
 0
 0
 0
 0
 0
 0
 0
 0
 0
 0
 0
 0
 0
 0
 0
 0
 0
 0
 0
 0
 0
 0
 0
 0
 0
 0
 0
 0
 0
 0
 0
 0
 0
 0
 0
 0
 0
 0
 0
 0
 0
 0
 0
 0
 0
 0
 0
 0
 0
 0
 0


