# Created by Octave 3.8.2, Fri Nov 20 22:07:22 2015 CET <dkottke@snake3>
# name: mus
# type: matrix
# ndims: 3
 1 30 19
 0
 0
 0.6618357487922705
 0.6586538461538461
 0.6585365853658538
 0.6568627450980392
 0.975369458128079
 0.9807692307692307
 0.9855072463768116
 0.9200000000000002
 0.9282296650717702
 0.9019607843137253
 0.9134615384615385
 0.9846938775510204
 0.9846153846153847
 0.9855769230769231
 0.9763071895424837
 0.9848484848484849
 0.9856459330143541
 0.9850000000000001
 0.9788359788359789
 0.9797979797979798
 0.9806763285024154
 0.9774305555555557
 0.98
 0.9807692307692308
 0.9788359788359788
 0.979591836734694
 0.9802955665024632
 0.9777777777777779
 0
 0
 1
 1
 1
 1
 0.8
 0.9
 0.9
 1
 1
 1
 1
 1
 0.8666666666666666
 0.8833333333333334
 1
 1
 1
 1
 1
 1
 1
 0.96
 0.96
 0.96
 0.9666666666666668
 0.96
 0.9666666666666668
 0.9666666666666668
 0
 0
 1
 1
 1
 1
 0.8688457343927142
 0.851451668675289
 0.8358593615575178
 0.9153752890370044
 0.9555408540290581
 0.9645711477266089
 0.9787399083275568
 0.9676499730677566
 0.9610235324901496
 0.9564498871419088
 0.9563711816858504
 0.9660663403035958
 0.9762242082445495
 0.9709604100070406
 0.9723264952846611
 0.9887116339545282
 0.9846697872783423
 0.9775636923460506
 0.9827515374465002
 0.9846421754612604
 0.9913261145561546
 0.9630585040355685
 0.9777355582895236
 0.9814273795319159
 0
 0
 1
 1
 1
 1
 0.8382381019849043
 0.8927013112556139
 0.9312600278780168
 0.9959607978599148
 0.9896695703643161
 0.9947917655928131
 0.9955622233350289
 0.9863948174656392
 0.9977778333006331
 0.9975586596223691
 0.9994148428185489
 0.9994225769518623
 0.9995457578822788
 0.9993750218490683
 0.999716563208206
 0.99972528542369
 0.9989463664299516
 1
 0.9993750028119421
 0.9996753399020462
 0.9996630892468529
 0.9996508397690973
 1
 0.9992515195864327
 0
 0
 1
 1
 1
 1
 0.8571428571428571
 0.875
 0.8888888888888888
 1
 1
 1
 1
 1
 1
 1
 1
 1
 1
 1
 1
 1
 1
 1
 1
 1
 1
 1
 1
 1
 0
 0
 1.000000000007496
 1.000000000003538
 1.000000000001257
 1.000000000060109
 0.9535714294436958
 0.8696428597058438
 0.9146825407486691
 1.047619046962258
 1.009848526434237
 1.021717243898595
 1.010897436012834
 0.9816470210587054
 1.023681310909317
 1.011690647545614
 1.004807692348673
 1.010683760828433
 1.000000000262276
 1.00797872374647
 1.008620690178976
 1.000000000750406
 1.00000000100644
 1.0000000015111
 1.000000001956031
 1.000000002333759
 1.000000003080343
 1.000000003150544
 1.000000005231857
 1.000000006403616
 0
 0
 1
 1.000000001591422
 1.000000000024681
 1.00000000003398
 0.8147953425155501
 0.8361972057644921
 0.8230383903781363
 0.986262852060152
 1.015884371423338
 0.9469308172790771
 0.9532800561408324
 0.9665638651141553
 0.9828203016028237
 0.972043541761475
 0.9782866272505574
 0.9624430065921549
 0.9872179932642129
 0.9899575687775352
 0.9756217628273499
 0.9849350370301178
 0.9895108136743865
 0.9878700234106074
 0.9824265115789462
 0.9887538469091146
 0.9905439354590091
 0.9944633438465017
 0.9747002349498045
 0.982815862429894
 0
 0
 1
 1
 1
 1
 0.8231531320898595
 0.8947603616017311
 0.9117862569290975
 0.9826588634452103
 0.9776775947548013
 0.9828423142584164
 0.9861595782711191
 0.9876839799605132
 0.9849898974363571
 0.995733728666898
 0.9928966343151417
 0.9967058038460819
 0.9981152640907874
 0.9979507544506311
 0.9982058231415363
 0.9992773784239003
 0.9986062713508894
 0.9978026718456218
 0.9981425437615599
 0.9988758523081929
 0.9987162199433226
 0.9973565172351507
 0.9974215181666851
 0.9991633926061951
 0
 0
 1
 1
 1
 1
 1
 1
 1
 1
 1
 1
 1
 1
 1
 1
 1
 1
 1
 1
 1
 1
 1
 1
 1
 1
 1
 1
 1
 1
 0
 0
 1.000000000012067
 1.000000000013946
 1.000000000042659
 1.000000000000032
 0.9878096157626242
 0.8786880934935792
 0.9149122205409259
 1.05467533544917
 0.9881269154846049
 0.9802296433109577
 1.003262113261516
 0.9647109745950909
 0.9527629009626699
 1.036428225445101
 1.02600524964465
 0.9859807038440177
 1.000000000000478
 1.044518759374166
 1.048453683929368
 1.000000000016161
 1.000000000000034
 1.000000000000052
 1.000000000000285
 1.00000000000066
 1.000000000001521
 1.000000000003885
 1.00000000000734
 1.000000000000047
 0
 0
 1
 1.000000001764242
 1.000000000138536
 1.000000000000026
 0.8147035037147703
 0.8903002148194956
 0.8260766342405916
 0.9954546152912203
 1.112261993516095
 1.025831128062212
 1.069762636215723
 1.048936519089991
 1.019995318041105
 0.9923373867360251
 0.9661556676488624
 0.9744904691571215
 0.9477013276272293
 0.9796068668719627
 0.9858813879732087
 0.9967169830978503
 1.037416386769975
 0.9612208513075111
 0.982911492908093
 0.9911321814372517
 0.9983365799923454
 1.037955283514304
 0.9780755887791504
 1.014349482975712
 0
 0
 0
 0
 0
 0
 0
 0
 0
 0
 0
 0
 0
 0
 0
 0
 0
 0
 0
 0
 0
 0
 0
 0
 0
 0
 0
 0
 0
 0
 0
 0
 0
 0
 0
 0
 0
 0
 0
 0
 0
 0
 0
 0
 0
 0
 0
 0
 0
 0
 0
 0
 0
 0
 0
 0
 0
 0
 0
 0
 0
 0
 0
 0
 0
 0
 0
 0
 0
 0
 0
 0
 0
 0
 0
 0
 0
 0
 0
 0
 0
 0
 0
 0
 0
 0
 0
 0
 0
 0
 0
 0
 0
 0
 0
 0
 0
 0
 0
 0
 0
 0
 0
 0
 0
 0
 0
 0
 0
 0
 0
 0
 0
 0
 0
 0
 0
 0
 0
 0
 0
 0
 0
 0
 0
 0
 0
 0
 0
 0
 0
 0
 0
 0
 0
 0
 0
 0
 0
 0
 0
 0
 0
 0
 0
 0
 0
 0
 0
 0
 0
 0
 1
 1
 1
 1
 1
 1
 1
 1
 1
 1
 1
 1
 1
 1
 1
 1
 1
 1
 1
 1
 1
 1
 1
 1
 1
 1
 1
 1
 0
 0
 0
 0
 0
 0
 0
 0
 0
 0
 0
 0
 0
 0
 0
 0
 0
 0
 0
 0
 0
 0
 0
 0
 0
 0
 0
 0
 0
 0
 0
 0
 0
 0
 0
 0
 0
 0
 0
 0
 0
 0
 0
 0
 0
 0
 0
 0
 0
 0
 0
 0
 0
 0
 0
 0
 0
 0
 0
 0


