# Created by Octave 3.8.2, Fri Nov 20 20:57:34 2015 CET <dkottke@snake3>
# name: mus
# type: matrix
# ndims: 3
 1 30 19
 0
 0
 0.6288258208124657
 0.638641425389755
 0.6997214484679674
 0.6984392419175032
 0.6970539188438032
 0.6930803571428571
 0.6940256839754322
 0.6916201117318436
 0.6887100629431916
 0.6890380313199103
 0.6849684132292824
 0.6909877232142856
 0.6946778711484588
 0.7159598214285714
 0.7163025210084033
 0.7194163860830532
 0.717565189569669
 0.7129213483146067
 0.7083473389355743
 0.7107494700087293
 0.7088442958008176
 0.7139639639639639
 0.712676056338028
 0.7173913043478258
 0.7140852974186306
 0.7193080357142856
 0.7121802002224695
 0.7124293785310735
 0
 0
 0.3333333333333333
 0.75
 0.4
 0.5
 0.9
 0.7
 0.8
 0.9
 0.9333333333333332
 0.9333333333333332
 0.9
 1
 0.9333333333333333
 0.8666666666666666
 0.9333333333333333
 0.9
 0.85
 0.85
 0.85
 0.78
 0.77
 0.8
 0.8
 0.8133333333333332
 0.82
 0.7466666666666667
 0.72
 0.7666666666666667
 0
 0
 0.5108590913826637
 0.7954519573147516
 0.6882398604416977
 0.6501075718588005
 0.8303809833810036
 0.7788067389959726
 0.9092670490388941
 0.8346152820399919
 0.8959296803839234
 0.9039522303404071
 0.9410923841129768
 0.931100843643067
 0.9048952016318431
 0.8621859710111359
 0.9004961971126538
 0.9202675234804581
 0.8581993047992922
 0.8423060866955213
 0.8403665781847405
 0.8109864963883129
 0.8015853912451982
 0.7753259321993359
 0.82245975657481
 0.7903198994172747
 0.8311420687304354
 0.8167496346379383
 0.8024011235023565
 0.7947425755215781
 0
 0
 0.360273168802316
 0.6494497617674532
 0.4552614023092644
 0.5942072317342972
 0.7084492167936418
 0.7398276592216112
 0.8368463253510368
 0.8318184120135551
 0.8647040176514694
 0.8702197297995116
 0.8823750318924093
 0.8945523662988827
 0.8614629387385891
 0.793294550067379
 0.8134251818215807
 0.8273272989122158
 0.8431306117969501
 0.7737323823899774
 0.7861922955760429
 0.7428524442007943
 0.755473853291781
 0.7523089064089215
 0.7638851016072078
 0.7774040182147977
 0.7891100114452807
 0.7840158658747433
 0.7532314919536311
 0.7660676835532607
 0
 0
 0.3333333333333333
 0.75
 0.4
 0.1666666666666667
 0.5714285714285714
 0.875
 0.7777777777777778
 1
 0.9090909090909091
 0.9166666666666666
 0.9230769230769231
 1
 0.6
 1
 1
 1
 1
 1
 1
 1
 1
 1
 1
 1
 1
 1
 1
 1
 0
 0
 0.4166610764484017
 0.8112096948018822
 0.5521987505502585
 0.5739536119307785
 0.6551825357687725
 0.8618100275302929
 0.796365633030061
 0.9308497450571391
 0.8580595629233435
 0.91526576710249
 0.9556601339031447
 0.8850650331692607
 0.8526903358941421
 0.7842282669602241
 0.7665106076941012
 0.8819214164467216
 0.8311742997707543
 0.7748751804615661
 0.7799823053994897
 0.7760213761096777
 0.800402467328867
 0.7874349049327238
 0.7635299218603573
 0.8623691823872167
 0.8078265235968165
 0.797318349943763
 0.7503451085605621
 0.744207312175419
 0
 0
 0.5785862941142949
 0.7303749253263989
 0.832352490739381
 0.7882752900726521
 0.8213241600913183
 0.8180540198974525
 0.8177959315432577
 0.9009064448892679
 0.8675548957730125
 0.8774177049582588
 0.878712986715569
 0.8856556890554796
 0.8565123016896683
 0.8251654399328034
 0.8643367796002654
 0.863480527344361
 0.8726089847386914
 0.8191559830873809
 0.8012444118978507
 0.7643162600209121
 0.7828446942555309
 0.7968824148026212
 0.813959689417917
 0.8283928984153828
 0.8241182451794365
 0.8169170844848092
 0.8018566177155775
 0.8153841743274295
 0
 0
 0.360734055135424
 0.6802927824746661
 0.4242929981657801
 0.6578343530814438
 0.7783203564092938
 0.7531636919569134
 0.8334544129445585
 0.8134952024614515
 0.8553740112068584
 0.8664122770208658
 0.8910737732508998
 0.8857610698277799
 0.8598442801916351
 0.7829225508453797
 0.8247394097736105
 0.835042303521186
 0.8423457077743219
 0.7914080342462193
 0.8028985265994605
 0.7468797314907397
 0.7684828695788214
 0.7630549616944318
 0.7756583195747758
 0.7932890294597884
 0.7964895211802051
 0.7917110854006334
 0.7663325917070524
 0.778383790383385
 0
 0
 0.9995636645125227
 0.9999999766608317
 0.999999934506196
 0.9999996978501393
 0.9999999999692625
 1
 1
 1
 0.9999999994810926
 0.9999999999999982
 0.9930721276851472
 0.9792804854496674
 0.9829361362087791
 0.9773579504732326
 0.9706007025951811
 0.9729458283193295
 0.9717077864674036
 0.9585930760695596
 0.9622457734420526
 0.9541534863958751
 0.9544894141540599
 0.9574786955562856
 0.9591163015187628
 0.9520927226423728
 0.9603332372100178
 0.963483019954951
 0.9589661879763197
 0.9454728670901429
 0
 0
 0.4166334238915602
 0.8298392239400527
 0.5785086871991063
 0.6634276008324987
 0.737825335083295
 0.8257296809192676
 0.8350115311495493
 0.8797867365103318
 0.8635892404524346
 0.8510990626130911
 0.9406053386716176
 0.9356398229956767
 0.8456450486789565
 0.7832758421493989
 0.8873906365065531
 0.9229283928711969
 0.8320951712985917
 0.8121133786520801
 0.7908506836682763
 0.7355478670857596
 0.7578393823125553
 0.7496478816118439
 0.7669003033734783
 0.8082696050938463
 0.803645797410956
 0.7861525246794135
 0.7694839016918347
 0.7787059892459594
 0
 0
 0.5785862941142949
 0.7199149256255469
 0.8118615493725233
 0.7954830580517024
 0.811608752279613
 0.8039530185854569
 0.816072730768389
 0.8050847559772778
 0.8610716661982334
 0.8600518078329337
 0.8654220965153402
 0.8674777845545626
 0.8289744297492171
 0.8136087556156307
 0.8193774192215443
 0.8357780369286267
 0.852786439841046
 0.8005033737506675
 0.7958755406474908
 0.7777457039884078
 0.7746255103161866
 0.7768883717160014
 0.7874853554134408
 0.8179514592571633
 0.8171708165917695
 0.8040265910681481
 0.7940795674541578
 0.8036520930108638
 0
 0
 0
 0
 0
 0
 0
 0
 0
 0
 0
 0
 0
 0
 0
 0
 0
 0
 0
 0
 0
 0
 0
 0
 0
 0
 0
 0
 0
 0
 0
 0
 0
 0
 0
 0
 0
 0
 0
 0
 0
 0
 0
 0
 0
 0
 0
 0
 0
 0
 0
 0
 0
 0
 0
 0
 0
 0
 0
 0
 0
 0
 0
 0
 0
 0
 0
 0
 0
 0
 0
 0
 0
 0
 0
 0
 0
 0
 0
 0
 0
 0
 0
 0
 0
 0
 0
 0
 0
 0
 0
 0
 0
 0
 0
 0
 0
 0
 0
 0
 0
 0
 0
 0
 0
 0
 0
 0
 0
 0
 0
 0
 0
 0
 0
 0
 0
 0
 0
 0
 0
 0
 0
 0
 0
 0
 0
 0
 0
 0
 0
 0
 0
 0
 0
 0
 0
 0
 0
 0
 0
 0
 0
 0
 0
 0
 0
 0
 0
 0
 0
 0
 0.9999940070758409
 0.9999999975908139
 0.9999999999154862
 0.9999999999999984
 0.9999999999905625
 0.9999998455647633
 0.9999999929389281
 0.9999979186643277
 0.9989553337228716
 0.9982597546564516
 0.9973582372541491
 0.987671003544672
 0.9832904482991864
 0.9715819845599578
 0.9779580170965715
 0.9680468119337248
 0.9658507404598754
 0.960218947259734
 0.9631116925784224
 0.9588020523698363
 0.9488845420981407
 0.9631548187790678
 0.9536235605782547
 0.9588473335353538
 0.9512099090584868
 0.9633733282921083
 0.9519016374971144
 0.9458877304858706
 0
 0
 0
 0
 0
 0
 0
 0
 0
 0
 0
 0
 0
 0
 0
 0
 0
 0
 0
 0
 0
 0
 0
 0
 0
 0
 0
 0
 0
 0
 0
 0
 0
 0
 0
 0
 0
 0
 0
 0
 0
 0
 0
 0
 0
 0
 0
 0
 0
 0
 0
 0
 0
 0
 0
 0
 0
 0
 0
 0


