# Created by Octave 3.8.2, Fri Nov 20 22:04:03 2015 CET <dkottke@snake7>
# name: mus
# type: matrix
# ndims: 3
 1 30 19
 0
 0
 0.7669172932330827
 0.7366220735785953
 0.7054393305439325
 0.6691792294807373
 0.6669451406293505
 0.6375838926174496
 0.808688387635755
 0.8218487394957985
 0.8615512927439526
 0.8569023569023568
 0.9186872909698988
 0.9142857142857146
 0.9198312236286915
 0.910472972972973
 0.9142857142857138
 0.93560606060606
 0.9314954051796153
 0.9567796610169496
 0.9590643274853796
 0.9539842873176205
 0.953177257525084
 0.9566326530612245
 0.9531914893617025
 0.9573578595317721
 0.9579124579124575
 0.9566326530612246
 0.9562657695542468
 0.9589743589743588
 0
 0
 0.6666666666666666
 0.5
 0.2
 0.3
 0.2
 0.7
 0.9
 0.4
 0.4666666666666666
 0.4333333333333333
 0.7666666666666666
 0.7999999999999999
 0.5999999999999999
 0.6333333333333333
 0.6
 0.6499999999999999
 0.6833333333333333
 0.7
 0.71
 0.64
 0.64
 0.72
 0.64
 0.66
 0.7333333333333334
 0.7466666666666668
 0.8266666666666668
 0.8333333333333334
 0
 0
 0.7088918479079012
 0.7310125281580606
 0.6175212560711263
 0.7140406995775572
 0.4726072477981984
 0.6480687193805479
 0.768433168615805
 0.4921381552799803
 0.5166642280120303
 0.4206035911796662
 0.440245226369918
 0.5688084792836772
 0.5883616337407825
 0.4968658916528896
 0.570514774836365
 0.573497870953557
 0.6249263317236173
 0.5533170101551985
 0.5615872294870174
 0.7034702094467982
 0.5895472473339547
 0.5802903066085281
 0.5894769354431995
 0.6469014780289422
 0.6114844263124037
 0.6294729966006889
 0.6195094332737446
 0.6884303842389012
 0
 0
 0.4961487043492012
 0.4033075617481564
 0.3725653804283005
 0.5394823721378611
 0.4669775231229046
 0.4970141132686302
 0.5978940976252852
 0.4679652228170746
 0.4835069919297579
 0.4461481556557377
 0.4915316294653999
 0.5305580626036375
 0.5071705022010696
 0.4715804220164349
 0.511901440188281
 0.554549494071697
 0.5414482195549417
 0.5562729827859326
 0.545936940597009
 0.5521765640827868
 0.5569954824176571
 0.5757675091594963
 0.5598793244766572
 0.5635200354100349
 0.5711279563512576
 0.5746361365308909
 0.5859741676616
 0.5951962207729347
 0
 0
 0.6666666666666666
 0.75
 0.4
 0.5
 0.1428571428571428
 0.625
 0.4444444444444444
 0.2
 0.3636363636363636
 0.08333333333333333
 0.6153846153846154
 0.5555555555555556
 0.4
 0.6666666666666666
 0.5
 0
 1
 1
 0
 1
 0
 1
 0
 1
 0
 1
 1
 1
 0
 0
 0.7600014067486296
 0.479384267471005
 0.4949147983072553
 0.524779703445081
 0.456673445254151
 0.555519171919865
 0.5426244286429853
 0.4344709338074342
 0.4841951679879721
 0.4331078278702115
 0.5099047997877194
 0.5301145643289787
 0.4994755281976991
 0.4958609554864689
 0.5239717278857156
 0.5228813342425709
 0.559864521367654
 0.6129626752423224
 0.5106826508012794
 0.569846580985767
 0.5081757760324581
 0.5713857544328425
 0.5678244220033121
 0.5496873358050448
 0.4959320522413938
 0.5822687876936995
 0.5865739317820019
 0.5992037188180814
 0
 0
 0.3678794411714423
 0.5885885913470216
 0.6583340221201305
 0.6761979850214755
 0.6496135108792067
 0.6964525447269565
 0.7267704969453117
 0.6674458559694263
 0.7274857060976699
 0.675612928923278
 0.70676947297783
 0.6526358812143674
 0.6626964253705085
 0.6691613751011132
 0.6724362397419906
 0.6833443040337523
 0.6333497969508345
 0.6763160479266539
 0.6614130381044389
 0.6587376184912388
 0.6570579609586621
 0.6850394020861935
 0.6489380658252745
 0.6885141108221613
 0.6669820116293423
 0.648212826508215
 0.6695151964691001
 0.7072694221728881
 0
 0
 0.498063491985973
 0.3937241736779343
 0.4068447118579837
 0.5685057100498301
 0.5069906995467142
 0.530113072097257
 0.5878606114413972
 0.503248742806332
 0.5301897907843204
 0.4951190351039523
 0.5110759243899383
 0.5474471104092418
 0.5289983631627406
 0.5073971748991903
 0.5365052695117162
 0.5578244256409602
 0.5572392963323108
 0.5641479963629729
 0.553968575946202
 0.5611092339232145
 0.5615880613665699
 0.5766853102372305
 0.5655342183624071
 0.5674552169848111
 0.5820110731177522
 0.5746908446629804
 0.5994645259489244
 0.6005621511577187
 0
 0
 0.9997880399274588
 1
 1
 0.9999999944061019
 1
 1
 1
 0.999999782096588
 0.9990454806068926
 0.999999996774745
 0.9924310741121474
 0.982165277897495
 0.9858540293774402
 0.9652613009297403
 0.9726550889935632
 0.9633293857176147
 0.9662766036005395
 0.9594569991063439
 0.9708283799160842
 0.9662421228575746
 0.9615684188880455
 0.9555602260336592
 0.9486256445049155
 0.9611814453445794
 0.93964601789271
 0.9495853410207227
 0.9539476670654448
 0.9488064670109003
 0
 0
 0.7104619133172095
 0.4116309221137606
 0.5595706675949044
 0.5273976651724269
 0.5173825500350004
 0.5156817661073319
 0.5672957901004876
 0.4702785068718496
 0.5131218383208624
 0.4931676085066114
 0.5018719440078265
 0.53047933633134
 0.4999930553888612
 0.4995468569327967
 0.5304031852040209
 0.5428146251649432
 0.5496771615819437
 0.5588977353771877
 0.5381511921208814
 0.5534178499270856
 0.545789255379593
 0.5975561302545875
 0.5659966040455899
 0.5610082499968216
 0.5663814870043808
 0.5604729107304385
 0.5803868008152615
 0.6173261867345766
 0
 0
 0.3678794411714423
 0.5884884043908144
 0.6205206868474076
 0.6601206409503345
 0.6495148201611347
 0.6745548568270414
 0.7665344390656086
 0.6900482974117917
 0.6826088097786635
 0.6702278352139699
 0.6706387378913415
 0.6732599528291119
 0.693961194164327
 0.6552794367869513
 0.6446279338012575
 0.6576171246338601
 0.6775129827991185
 0.6674951836297137
 0.6560262594400756
 0.6627706426509394
 0.666169484089455
 0.6557987155107589
 0.6758932453237426
 0.6652499120059713
 0.677334165919222
 0.6561088686035549
 0.654443965040583
 0.6856846021915628
 0
 0
 0
 0
 0
 0
 0
 0
 0
 0
 0
 0
 0
 0
 0
 0
 0
 0
 0
 0
 0
 0
 0
 0
 0
 0
 0
 0
 0
 0
 0
 0
 0
 0
 0
 0
 0
 0
 0
 0
 0
 0
 0
 0
 0
 0
 0
 0
 0
 0
 0
 0
 0
 0
 0
 0
 0
 0
 0
 0
 0
 0
 0
 0
 0
 0
 0
 0
 0
 0
 0
 0
 0
 0
 0
 0
 0
 0
 0
 0
 0
 0
 0
 0
 0
 0
 0
 0
 0
 0
 0
 0
 0
 0
 0
 0
 0
 0
 0
 0
 0
 0
 0
 0
 0
 0
 0
 0
 0
 0
 0
 0
 0
 0
 0
 0
 0
 0
 0
 0
 0
 0
 0
 0
 0
 0
 0
 0
 0
 0
 0
 0
 0
 0
 0
 0
 0
 0
 0
 0
 0
 0
 0
 0
 0
 0
 0
 0
 0
 0
 0
 0
 0.9999788748963994
 0.9999999675982755
 0.9999999999977787
 0.9999999999997817
 0.9999999999999607
 0.9999999173179721
 0.9999994579559703
 0.9999883073258974
 0.9984457939634687
 0.9990489471581897
 0.9934332066964836
 0.9833759152553901
 0.9858653027230072
 0.9764193633658917
 0.9790674309750466
 0.9721583623310209
 0.9764222870244293
 0.9667619173606228
 0.9665021829503994
 0.9637609066014249
 0.9630948544006039
 0.9535900506693243
 0.9626110542204017
 0.9518253753703333
 0.9520086395633797
 0.9600200235788299
 0.9551842350937446
 0.9459993686354716
 0
 0
 0
 0
 0
 0
 0
 0
 0
 0
 0
 0
 0
 0
 0
 0
 0
 0
 0
 0
 0
 0
 0
 0
 0
 0
 0
 0
 0
 0
 0
 0
 0
 0
 0
 0
 0
 0
 0
 0
 0
 0
 0
 0
 0
 0
 0
 0
 0
 0
 0
 0
 0
 0
 0
 0
 0
 0
 0
 0


