# Created by Octave 3.8.2, Fri Nov 20 20:01:48 2015 CET <dkottke@snake2>
# name: mus
# type: matrix
# ndims: 3
 1 30 19
 0
 0
 0.5008347245409015
 0.5005567928730512
 0.5353760445682451
 0.5808249721293196
 0.6442468037798782
 0.6534598214285714
 0.6884422110552754
 0.7027932960893856
 0.709345868855072
 0.7343400447427294
 0.7301189149015236
 0.7301897321428572
 0.7294117647058822
 0.7260044642857143
 0.7241456582633051
 0.7289562289562287
 0.7270836666133419
 0.7264044943820223
 0.7314285714285712
 0.7127447312632499
 0.7160906726124118
 0.7308558558558558
 0.7250704225352113
 0.7339279078409516
 0.7255892255892252
 0.7310267857142856
 0.731646273637375
 0.7355932203389828
 0
 0
 1
 1
 0.4
 0
 0.5
 0.7
 0.5
 0.4
 0.2333333333333333
 0.4
 0.1666666666666667
 0.4
 0.3333333333333333
 0.3666666666666666
 0.5999999999999999
 0.5833333333333333
 0.5
 0.5
 0.45
 0.47
 0.54
 0.5
 0.5599999999999999
 0.5
 0.4466666666666667
 0.46
 0.4533333333333333
 0.4666666666666667
 0
 0
 1
 1
 0.6129874129621076
 0.550635385050447
 0.6238000679981439
 0.6883137282926326
 0.5777467387173632
 0.3626882649651948
 0.4869539781602332
 0.5103802763518681
 0.6660261397862552
 0.6098332137459318
 0.4480860407209308
 0.6227337287290857
 0.6108550570034722
 0.5390601475529443
 0.5609336003488936
 0.6448394869567491
 0.5399764826996758
 0.6069576029811696
 0.5110585452489154
 0.5317569572694522
 0.6737092114404413
 0.5666976791014378
 0.6555351570407373
 0.6476769145420795
 0.5595386155864907
 0.5957376709034303
 0
 0
 1
 1
 0.4966865258381891
 0.2417294553245279
 0.5347954700014922
 0.6942905024558167
 0.5334147986124245
 0.5641239698459145
 0.5341738469113398
 0.5837828769239807
 0.524005730207428
 0.5891788894391614
 0.5691186889665514
 0.5905143040623204
 0.7209052356024616
 0.6777687108094775
 0.6309473133107326
 0.6306051174725705
 0.6410225750488739
 0.6340377939618576
 0.6204391575396603
 0.6295525771873203
 0.6417116295937028
 0.6297409458404577
 0.6735239459863626
 0.6353685264994657
 0.5763967154486488
 0.575141455017764
 0
 0
 1
 1
 0.2
 0
 0.4285714285714285
 0.5
 0.4444444444444444
 0.6
 0.6363636363636364
 0.5
 0.3846153846153846
 0.6666666666666666
 1
 0.6666666666666666
 1
 0
 0
 1
 0
 1
 1
 1
 1
 1
 0
 0
 0
 1
 0
 0
 1.000000000067818
 1.000000000005302
 0.412500937508998
 0.2125207055000788
 0.4202380957561633
 0.5053571454955075
 0.4578377722591438
 0.6021825466254547
 0.6125000064055319
 0.4904040557662259
 0.4456018472218817
 0.6641063926358255
 0.7814550196801028
 0.6694306171605571
 0.7964796005258621
 0.4801804604751808
 0.4884698012213983
 0.793238812791294
 0.4695400796936227
 0.6103568948397461
 0.9276592956327583
 0.7878626979579146
 0.5732932704831564
 0.6538988985395404
 0.3437759699718594
 0.3958598280698502
 0.4791985991522024
 0.7824560367460127
 0
 0
 1
 1.000000000426442
 0.6118559912018449
 0.6147862438789922
 0.6171397753943166
 0.6623399595949186
 0.662165143075141
 0.5986273634070272
 0.6461387931058677
 0.627097174223898
 0.6370627310829092
 0.651631087509783
 0.6500588935885305
 0.6883450153433016
 0.7701133531532658
 0.6442538649247711
 0.6769543992667452
 0.6541481880529529
 0.6791605008181263
 0.6065563906247345
 0.6311544229827993
 0.6224167404327658
 0.6569113237051405
 0.6520950561183918
 0.6719817837863885
 0.645997521389022
 0.6522951379828494
 0.6887276470464077
 0
 0
 1
 1
 0.489681647136353
 0.339351376301177
 0.5099160058477855
 0.6082080059940479
 0.5806068648884176
 0.5924195869240545
 0.5335068949576691
 0.5825039456523855
 0.5471336752788145
 0.5853515159459814
 0.5493135074985818
 0.5899737049903778
 0.6486851909839495
 0.6533986486647774
 0.6091807044417357
 0.6438109579283158
 0.6114236413639216
 0.6012296322989192
 0.5952387215838766
 0.6185916919670748
 0.6185886296631691
 0.6092858236325935
 0.6344568507881658
 0.6160289155419377
 0.5756390801905451
 0.573796036292275
 0
 0
 1
 1
 1
 1
 1
 1
 1
 1
 1
 1
 1
 1
 1
 1
 1
 1
 1
 1
 1
 1
 1
 1
 1
 1
 1
 1
 1
 1
 0
 0
 1.000000000008903
 1.000000000004931
 0.46500072114417
 0.2586678186776919
 0.368487802976438
 0.4595546775249054
 0.4748038253417512
 0.482598025111248
 0.5045079596053272
 0.4971462623510324
 0.4788334764199274
 0.5090820537377697
 0.5422932078642585
 0.5275034739098629
 0.5738338290781493
 0.6760034056735686
 0.6881285580144956
 0.7404254159021056
 0.8147436683387805
 0.5694939074122638
 0.744176222382535
 0.7118675861957208
 0.4570559646390187
 0.4951267954024315
 0.4601785232462285
 0.7395624166329381
 0.7480037027643469
 0.4966354347271444
 0
 0
 1
 1.000000000000211
 0.6331224143792197
 0.6267511047117966
 0.646710441029888
 0.7292604857791692
 0.7496042070476705
 0.6301050164663631
 0.5942047914471796
 0.8484773334317417
 0.6070671237416226
 0.8456892637986106
 0.6413390921462254
 0.7557557700463995
 0.7221027796035566
 0.6645741741638892
 0.6448047799589883
 0.6330175815850932
 0.646333344228128
 0.7106667414105217
 0.6619119663640579
 0.6736798672801403
 0.6825729201030495
 0.6660559228192164
 0.6943482508768822
 0.7238353374452788
 0.6525258664577603
 0.7002582173816441
 0
 0
 0
 0
 0
 0
 0
 0
 0
 0
 0
 0
 0
 0
 0
 0
 0
 0
 0
 0
 0
 0
 0
 0
 0
 0
 0
 0
 0
 0
 0
 0
 0
 0
 0
 0
 0
 0
 0
 0
 0
 0
 0
 0
 0
 0
 0
 0
 0
 0
 0
 0
 0
 0
 0
 0
 0
 0
 0
 0
 0
 0
 0
 0
 0
 0
 0
 0
 0
 0
 0
 0
 0
 0
 0
 0
 0
 0
 0
 0
 0
 0
 0
 0
 0
 0
 0
 0
 0
 0
 0
 0
 0
 0
 0
 0
 0
 0
 0
 0
 0
 0
 0
 0
 0
 0
 0
 0
 0
 0
 0
 0
 0
 0
 0
 0
 0
 0
 0
 0
 0
 0
 0
 0
 0
 0
 0
 0
 0
 0
 0
 0
 0
 0
 0
 0
 0
 0
 0
 0
 0
 0
 0
 0
 0
 0
 0
 0
 0
 0
 0
 0
 1
 1
 1
 1
 1
 1
 1
 1
 1
 1
 1
 1
 1
 1
 1
 1
 1
 1
 1
 1
 1
 1
 1
 1
 1
 1
 1
 1
 0
 0
 0
 0
 0
 0
 0
 0
 0
 0
 0
 0
 0
 0
 0
 0
 0
 0
 0
 0
 0
 0
 0
 0
 0
 0
 0
 0
 0
 0
 0
 0
 0
 0
 0
 0
 0
 0
 0
 0
 0
 0
 0
 0
 0
 0
 0
 0
 0
 0
 0
 0
 0
 0
 0
 0
 0
 0
 0
 0


