# Created by Octave 3.8.2, Fri Nov 20 20:19:04 2015 CET <dkottke@snake9>
# name: mus
# type: matrix
# ndims: 3
 1 30 19
 0
 0
 0.6371730662214806
 0.4938752783964365
 0.5465181058495823
 0.4855072463768119
 0.4836020011117287
 0.4893973214285715
 0.4991624790619766
 0.4798882681564245
 0.4893633973388575
 0.4904921700223715
 0.4911742846525456
 0.4969308035714284
 0.500840336134454
 0.5011160714285714
 0.5068534080298788
 0.5067340067340068
 0.5137178051511759
 0.5174157303370787
 0.5268347338935573
 0.5248784137673026
 0.5293571163136382
 0.5259009009009009
 0.5183098591549294
 0.5217391304347827
 0.5218855218855218
 0.5181361607142857
 0.511123470522803
 0.5209039548022599
 0
 0
 0.6666666666666666
 0.25
 0.4
 0.6
 0.4
 0.4
 0.4
 0.5
 0.3333333333333333
 0.4
 0.5999999999999999
 0.7333333333333333
 0.5999999999999999
 0.6166666666666666
 0.45
 0.5333333333333333
 0.5166666666666666
 0.5
 0.52
 0.63
 0.65
 0.5900000000000001
 0.64
 0.6533333333333333
 0.6333333333333333
 0.6466666666666667
 0.62
 0.5666666666666667
 0
 0
 0.723447255512506
 0.4602780772035777
 0.6122097280945372
 0.5322819084786329
 0.6482420629395148
 0.3942274311290991
 0.5511993112539835
 0.6125566560287162
 0.5889294332432613
 0.6331178985747006
 0.6628809438476637
 0.690985453107922
 0.6088827672011112
 0.6968100152584695
 0.6440347899275771
 0.62146052967719
 0.6600661429568432
 0.6280701840329335
 0.6615790398086777
 0.6417842914454771
 0.6505519296770164
 0.6400510003717389
 0.6671011377649707
 0.6736581360372964
 0.6493303195963969
 0.6256782248457504
 0.6460846259465146
 0.5916772490523525
 0
 0
 0.6102441380039072
 0.1088935438292188
 0.3726766577137848
 0.5099057141036004
 0.5082261478194452
 0.4173554666960511
 0.4124063548989439
 0.5075613244662111
 0.4670701678906048
 0.4859070098279733
 0.5778310272048827
 0.6414345013107869
 0.6139583597718521
 0.6236941936437654
 0.595010806192524
 0.6002278581200085
 0.6016957782018709
 0.5807401399926608
 0.6174546779795321
 0.6439866323783725
 0.6283394818050724
 0.6455241970602282
 0.646587467230716
 0.6714113387545881
 0.6515977288409606
 0.6741259239105868
 0.6468387731101821
 0.6396902529635402
 0
 0
 1
 0.5
 0.8
 0
 0.7142857142857143
 0.25
 0.3333333333333333
 0.4
 0.3636363636363636
 0.5833333333333334
 0.6923076923076923
 0.5555555555555556
 0.8
 0.3333333333333333
 0
 1
 0
 0
 0
 0
 0
 1
 1
 1
 1
 0
 1
 1
 0
 0
 0.7688791878847653
 0.5207159019926738
 0.8476037771385894
 0.2188098667418823
 0.7091050590356656
 0.3820917293673217
 0.3048834884576743
 0.4829954757608212
 0.3999650872747956
 0.5191386737997116
 0.6297021679820322
 0.5947846664116289
 0.6729334521559116
 0.5631646895357624
 0.4576238203116242
 0.5927880956931825
 0.4866629117849824
 0.5515982317487887
 0.546675970734345
 0.568284078097274
 0.3875896177946073
 0.6412456122651543
 0.7577791796493558
 0.7529444087965864
 0.632754119265762
 0.585621022664665
 0.7616368271425208
 0.7695503183176879
 0
 0
 0.5785862941142949
 0.3946117608427623
 0.6249302274376192
 0.6415254732999682
 0.6337168902802441
 0.55521571806987
 0.5374924185694465
 0.6829214230536906
 0.631773666679006
 0.6718244116738181
 0.6909626769797313
 0.6614939731315932
 0.627657184690154
 0.685610745264264
 0.6769317546125049
 0.670684422818699
 0.6489305660764354
 0.6737294247110593
 0.6536710660363813
 0.668528824029748
 0.6190572461297144
 0.6681066676795775
 0.6407126441765925
 0.6868114369779722
 0.6453353295882283
 0.658394130916014
 0.641831790444466
 0.6546652729992972
 0
 0
 0.599748986780696
 0.201312736718628
 0.3849170229834458
 0.4171496667934969
 0.5029992346070151
 0.4333877457345695
 0.4406816608944294
 0.5093490089478907
 0.4885349553272248
 0.5074911122517284
 0.5516253687870808
 0.6110865738122834
 0.5696913502775056
 0.5899908687876586
 0.5601793344620081
 0.5741989849559039
 0.5875049670829866
 0.5720798570456925
 0.5978837724738505
 0.5946378009260227
 0.5859897804255711
 0.6071252148645411
 0.5941390133665405
 0.6143662124172192
 0.59803787240387
 0.6052430588042039
 0.608712994058763
 0.5951526842077512
 0
 0
 0.934703754127689
 0.9163430063458239
 0.9190032105194491
 0.883543025797045
 0.9148503028979411
 0.9309011289350699
 0.9290121536181943
 0.9157771085047139
 0.9253606229251721
 0.9316454859311207
 0.9412159057882704
 0.9137569266928754
 0.9146440506644681
 0.9101015160635775
 0.8996416873311526
 0.9083134834491399
 0.9030983176623144
 0.9086385766483298
 0.9180694555241643
 0.9069029396599766
 0.9016115406193512
 0.9129476520828472
 0.9039330284616583
 0.9010697402724013
 0.9016625906006458
 0.8959008326230453
 0.8884838719675617
 0.9035528295859871
 0
 0
 0.9507834468219135
 0.5278752079600824
 0.8423124836098509
 0.4396986014919437
 0.5668670121525551
 0.5163467586321059
 0.3830787853017641
 0.4997913579497628
 0.4644133566106414
 0.5269847829688069
 0.569522334794207
 0.6653416113128559
 0.6263035798666061
 0.5806628104882421
 0.5674129807881556
 0.5884049153140449
 0.5774064697790391
 0.5750577522101356
 0.6185170727712607
 0.5961901336573985
 0.5831351596218499
 0.6320152083391464
 0.6530899237183891
 0.7061419792262851
 0.5960403664330444
 0.6038207493671666
 0.6464587924713425
 0.6424654066747693
 0
 0
 0.5785862941142949
 0.4314200582448019
 0.3788266491320789
 0.6525486797064317
 0.3720910662408803
 0.6334341832908743
 0.5630787417301979
 0.7150355329687469
 0.6561099260854795
 0.6894556665637843
 0.7074596958820518
 0.6194740706008043
 0.6384009082358951
 0.6604449132414362
 0.6570259601691288
 0.6684024025798887
 0.714569170335463
 0.6320416704686275
 0.6501224508687137
 0.6849833184378427
 0.6382414992603449
 0.7373608708221066
 0.6577311212183342
 0.6469436574824263
 0.6466781505903149
 0.6259717489171148
 0.6292156231636503
 0.6796760950118592
 0
 0
 0
 0
 0
 0
 0
 0
 0
 0
 0
 0
 0
 0
 0
 0
 0
 0
 0
 0
 0
 0
 0
 0
 0
 0
 0
 0
 0
 0
 0
 0
 0
 0
 0
 0
 0
 0
 0
 0
 0
 0
 0
 0
 0
 0
 0
 0
 0
 0
 0
 0
 0
 0
 0
 0
 0
 0
 0
 0
 0
 0
 0
 0
 0
 0
 0
 0
 0
 0
 0
 0
 0
 0
 0
 0
 0
 0
 0
 0
 0
 0
 0
 0
 0
 0
 0
 0
 0
 0
 0
 0
 0
 0
 0
 0
 0
 0
 0
 0
 0
 0
 0
 0
 0
 0
 0
 0
 0
 0
 0
 0
 0
 0
 0
 0
 0
 0
 0
 0
 0
 0
 0
 0
 0
 0
 0
 0
 0
 0
 0
 0
 0
 0
 0
 0
 0
 0
 0
 0
 0
 0
 0
 0
 0
 0
 0
 0
 0
 0
 0
 0
 0.9068841853908312
 0.9638103921722179
 0.9728911861976662
 0.947663236583039
 0.9033482482528893
 0.9418973330998625
 0.9159931644715542
 0.9000805385681183
 0.9337145210983739
 0.9264569854622899
 0.9365077084553907
 0.9092152114774823
 0.9114566938528391
 0.9140846061556424
 0.9165975491327885
 0.9154276271766092
 0.9111138760070454
 0.9012833437991167
 0.9134991946543191
 0.9056763062413545
 0.9065639829241527
 0.8996549369177673
 0.9035450805295511
 0.8998684343419694
 0.9012596573719396
 0.8991854271677877
 0.9128498151970892
 0.9074253266617458
 0
 0
 0
 0
 0
 0
 0
 0
 0
 0
 0
 0
 0
 0
 0
 0
 0
 0
 0
 0
 0
 0
 0
 0
 0
 0
 0
 0
 0
 0
 0
 0
 0
 0
 0
 0
 0
 0
 0
 0
 0
 0
 0
 0
 0
 0
 0
 0
 0
 0
 0
 0
 0
 0
 0
 0
 0
 0
 0
 0


