# Created by Octave 3.8.2, Fri Nov 20 20:50:11 2015 CET <dkottke@mudflap>
# name: mus
# type: matrix
# ndims: 3
 1 30 19
 0
 0
 0.7903091060985801
 0.5117056856187291
 0.925523012552302
 0.8576214405360133
 0.9356725146198835
 0.947986577181208
 0.9456975772765237
 0.9436974789915968
 0.91743119266055
 0.9570707070707074
 0.952341137123745
 0.9453781512605047
 0.9518987341772147
 0.956081081081081
 0.9607563025210077
 0.9570707070707066
 0.96157059314954
 0.9533898305084747
 0.9565580618212193
 0.9553872053872049
 0.9632107023411371
 0.9549319727891158
 0.958297872340426
 0.9598662207357854
 0.9558080808080809
 0.9607426303854877
 0.9629941126997474
 0.9581196581196577
 0
 0
 0.6666666666666666
 0.75
 0.4
 0.6
 0.3
 0.2
 0.6
 0.3
 0.6333333333333333
 0.6
 0.7
 0.5333333333333334
 0.5333333333333333
 0.6666666666666666
 0.7
 0.5
 0.5666666666666667
 0.65
 0.71
 0.5
 0.6500000000000001
 0.8300000000000001
 0.5999999999999999
 0.6599999999999999
 0.4866666666666667
 0.5733333333333334
 0.6866666666666666
 0.6
 0
 0
 0.7290911890734753
 0.8715202116202119
 0.705440419865604
 0.6517667898400242
 0.6344236101441507
 0.6326871191157195
 0.4625262942140658
 0.6436555151164034
 0.5712790814529776
 0.5221213389409759
 0.5671207653992962
 0.6051535632317571
 0.547831291158253
 0.5781801062264696
 0.6139609664957919
 0.61647312446672
 0.5411479967463124
 0.598745095843326
 0.6136830359387186
 0.5195059980811966
 0.5822522371963653
 0.6102034570672519
 0.5713781788486493
 0.5954506300440574
 0.5850717134385333
 0.5802754796551129
 0.5615787047583141
 0.634282692337478
 0
 0
 0.9166708329189294
 0.7956402783160171
 0.5325118760716703
 0.6585763936535241
 0.5491353003518806
 0.6921710022762494
 0.5170301804530191
 0.5964991946928354
 0.5716269631590357
 0.7174921786518252
 0.6740483666512911
 0.6783699667574415
 0.6394116944946168
 0.6581065318578742
 0.6258650154276999
 0.6278227933614637
 0.6262565144089224
 0.6409619542755542
 0.5993818735671627
 0.6185373128515601
 0.6002732002867291
 0.6430934442690842
 0.5997659851524824
 0.6140522495438656
 0.5555106101800666
 0.5649607961950368
 0.5838031800832929
 0.5760098823087977
 0
 0
 1
 1
 0.4
 0.5
 0.4285714285714285
 0.875
 0.1111111111111111
 0.7
 0.4545454545454545
 0.75
 0.6923076923076923
 0.7777777777777778
 0.4
 0.6666666666666666
 0.5
 0
 1
 1
 1
 1
 1
 1
 1
 0
 0
 0
 1
 0
 0
 0
 1.400029996175957
 1.333333333350415
 0.4833337500038646
 0.4833334499982367
 0.4529768065207704
 0.7967532088095285
 0.3883936101244944
 0.6769841303621307
 0.4757582452843832
 0.7888888952870062
 0.7036130909159859
 0.7397600021966406
 0.5191343357903826
 0.6193362344453719
 0.5931889439392155
 0.4173464006431211
 0.750913762538403
 0.8218010477328102
 0.8506633226072395
 0.9095851116167661
 0.7902540788373449
 0.5724303634334209
 0.8309465732576262
 0.4583587365752125
 0.3333496281978239
 0.1250190762087816
 0.6460223903330764
 0.2916963697721363
 0
 0
 0.7892931470571475
 0.8738685373338221
 0.8297728431976183
 0.6702666024124057
 0.6783783962151181
 0.681301831324078
 0.662901906655045
 0.6970826716203821
 0.6428144651256444
 0.6614377231864083
 0.7297038411038459
 0.7048243439016051
 0.6720981624732126
 0.6444708814522165
 0.7286755111863319
 0.7193316650512365
 0.7424799881917342
 0.6716526881073575
 0.7486032259821668
 0.7252740618494866
 0.682254904612856
 0.656017977165354
 0.6994202737812951
 0.6923169394947287
 0.6595834072076523
 0.638559389742732
 0.653810632796885
 0.6681893330056224
 0
 0
 0.9166708329177885
 0.7840796846039476
 0.5075449932953847
 0.5897842028169117
 0.6409572981268847
 0.6104224063756137
 0.5880707527523326
 0.6008084214849844
 0.5581832280496088
 0.6493209705577964
 0.6760063504525748
 0.6553406315827531
 0.585649458639326
 0.5949221906620913
 0.6327999008443655
 0.5872399755562083
 0.6137074660267413
 0.6324294655333556
 0.6045912919029606
 0.6154889727317273
 0.5839849176400391
 0.6296395951657042
 0.5886959008044123
 0.6189051567547227
 0.5460502174365459
 0.5530684923433413
 0.5920306352988214
 0.6113298561435342
 0
 0
 1
 1
 1
 1
 1
 1
 1
 1
 1
 1
 1
 1
 1
 1
 1
 1
 1
 1
 1
 1
 1
 1
 1
 1
 1
 1
 1
 1
 0
 0
 1.400029997175233
 1.333333333727817
 0.5183341826808491
 0.4830735861562275
 0.4755958687028288
 0.4655496616337681
 0.4456991640502052
 0.4895671698844646
 0.4999617269707829
 0.6965641836831172
 0.5988807118234803
 0.5777726115992499
 0.5905848542316467
 0.5647618581133214
 0.7313750009557964
 0.6715469574226949
 0.5523386460644837
 0.5766597677450807
 0.6880574591264474
 0.6103077876731161
 0.727983757536508
 0.5341228646983965
 0.6159029957398497
 0.6665883494655284
 0.4954897569671339
 0.4874097355024285
 0.4961660115799854
 0.5805612040374415
 0
 0
 0.7892931470571475
 0.8738685373592399
 0.8625050251991402
 0.6922744080434556
 0.7055735029725694
 0.7000933911937093
 0.7447446361696759
 0.680954921897202
 0.6947303935252868
 0.6883428778180137
 0.7361241503585206
 0.693851082750049
 0.868037697845745
 0.6592948326377607
 0.7767388504153357
 0.732807724749953
 0.8139100998238344
 0.712101835923174
 0.7422910504129432
 0.7190358316470716
 0.6778717713640124
 0.7122135656889527
 0.6067027711669264
 0.630318474133611
 0.6156224441930244
 0.6678866547364869
 0.7209318614316721
 0.7669840585431007
 0
 0
 0
 0
 0
 0
 0
 0
 0
 0
 0
 0
 0
 0
 0
 0
 0
 0
 0
 0
 0
 0
 0
 0
 0
 0
 0
 0
 0
 0
 0
 0
 0
 0
 0
 0
 0
 0
 0
 0
 0
 0
 0
 0
 0
 0
 0
 0
 0
 0
 0
 0
 0
 0
 0
 0
 0
 0
 0
 0
 0
 0
 0
 0
 0
 0
 0
 0
 0
 0
 0
 0
 0
 0
 0
 0
 0
 0
 0
 0
 0
 0
 0
 0
 0
 0
 0
 0
 0
 0
 0
 0
 0
 0
 0
 0
 0
 0
 0
 0
 0
 0
 0
 0
 0
 0
 0
 0
 0
 0
 0
 0
 0
 0
 0
 0
 0
 0
 0
 0
 0
 0
 0
 0
 0
 0
 0
 0
 0
 0
 0
 0
 0
 0
 0
 0
 0
 0
 0
 0
 0
 0
 0
 0
 0
 0
 0
 0
 0
 0
 0
 0
 1
 1
 1
 1
 1
 1
 1
 1
 1
 1
 1
 1
 1
 1
 1
 1
 1
 1
 1
 1
 1
 1
 1
 1
 1
 1
 1
 1
 0
 0
 0
 0
 0
 0
 0
 0
 0
 0
 0
 0
 0
 0
 0
 0
 0
 0
 0
 0
 0
 0
 0
 0
 0
 0
 0
 0
 0
 0
 0
 0
 0
 0
 0
 0
 0
 0
 0
 0
 0
 0
 0
 0
 0
 0
 0
 0
 0
 0
 0
 0
 0
 0
 0
 0
 0
 0
 0
 0


