# Created by Octave 3.8.2, Sat Nov 21 01:22:57 2015 CET <dkottke@snake7>
# name: mus
# type: matrix
# ndims: 3
 1 30 19
 0
 0
 0.4912280701754387
 0.5126262626262627
 0.6582278481012654
 0.5643939393939396
 0.6541353383458648
 0.6122448979591837
 0.714015151515152
 0.7025641025641025
 0.7853535353535352
 0.75
 0.8112820512820514
 0.784438775510204
 0.7333333333333333
 0.7890625
 0.7780619494174484
 0.782828282828283
 0.7543859649122805
 0.8052631578947367
 0.8170426065162909
 0.8333333333333334
 0.8260869565217391
 0.8229166666666666
 0.824
 0.8343589743589744
 0.8288840788840787
 0.8392857142857143
 0.8446545957790336
 0.848717948717949
 0
 0
 0
 0.5
 0.2
 0.4
 0.4
 0.3
 0.3
 0.3
 0.5333333333333333
 0.4333333333333333
 0.3
 0.5999999999999999
 0.6666666666666667
 0.5666666666666667
 0.5166666666666666
 0.7333333333333333
 0.65
 0.65
 0.67
 0.72
 0.66
 0.55
 0.5600000000000001
 0.5266666666666666
 0.8066666666666666
 0.72
 0.5466666666666666
 0.7
 0
 0
 0.2926620026931033
 0.6049246507321515
 0.6224835551440558
 0.5731748720467501
 0.4777780222070023
 0.4252947367708938
 0.5345518338640783
 0.594320010548784
 0.491889622752811
 0.4839710056327866
 0.472650578357491
 0.6037549194276922
 0.5200947454651108
 0.472233298470577
 0.5845192675309117
 0.5397233902472902
 0.5545703532562056
 0.5226960402892744
 0.5493991316125493
 0.5409301031118547
 0.6254550470379771
 0.587830444414974
 0.5736551083095547
 0.5545946006071334
 0.6050764278676419
 0.5243959626884924
 0.5332599115201591
 0.5690573308641371
 0
 0
 0.1388774212520668
 0.4458943821081182
 0.3543951797919211
 0.4141837725351093
 0.3815956974205861
 0.4452028361551746
 0.4140179230663289
 0.4781538379492299
 0.4253168323534019
 0.4478819826534854
 0.4542319603130811
 0.5163825404593284
 0.4973181497748557
 0.5121664574447964
 0.5459147586473034
 0.5208271416881717
 0.5354672722881865
 0.5222490341430532
 0.5252272238971355
 0.5262836219599986
 0.5405938133079108
 0.5324933040474226
 0.5429347448663218
 0.5366351811162916
 0.5500784709588771
 0.5518097162664437
 0.5406609771178231
 0.5496811110440297
 0
 0
 0
 0.5
 0
 0.6666666666666666
 0
 0.625
 0.6666666666666666
 0.3
 0.5454545454545454
 0.5
 0.5384615384615384
 0.6666666666666666
 0.4
 0.3333333333333333
 0.5
 0
 0
 0
 0
 1
 1
 0
 0
 0
 0
 1
 0
 0
 0
 0
 0.2499747605593975
 0.4597792870351746
 0.2458320679591545
 0.5712443881450713
 0.2912718090804557
 0.4393075842717962
 0.4452827013036118
 0.4328899338907644
 0.4406592158142478
 0.4432067738464202
 0.45060930067461
 0.5291567190649733
 0.4669981365455993
 0.4765934011023202
 0.5531830350105154
 0.496703150115116
 0.5094994925543818
 0.4756971473305086
 0.5015244078324993
 0.5601716405215894
 0.5523317883176837
 0.4584532316546742
 0.4932798219977996
 0.4917894814252278
 0.5157342148773251
 0.5922535540490299
 0.5479984727089847
 0.5114398381933805
 0
 0
 0.3678794411714423
 0.4447323260877137
 0.6015152012199309
 0.6654613286354106
 0.6412488551543616
 0.5863790101363457
 0.5720460503689967
 0.5882019919036952
 0.616350346276314
 0.6305965744698916
 0.6403989122338364
 0.6034764583911875
 0.6592808181982498
 0.6450720863194631
 0.6288004800011759
 0.6558822089948909
 0.643434078258174
 0.6599529803998458
 0.6441806495423179
 0.6591688393645676
 0.6575820215977152
 0.6597800568774718
 0.6625653947074988
 0.6550730201894318
 0.6443768396056947
 0.67362109426755
 0.6845295480550347
 0.6904274221626276
 0
 0
 0.1388858450662636
 0.4292816041053718
 0.3416436622895697
 0.3691667526765847
 0.390655246599601
 0.4181459469058848
 0.4177404772747694
 0.455885612731933
 0.4186272670207181
 0.455626869393124
 0.4728688462291095
 0.5018784680106761
 0.4994203767210117
 0.5052567832446414
 0.5239541739980095
 0.516202300819833
 0.5297337392415956
 0.5200466310672193
 0.520775803195025
 0.5242363434220791
 0.5432772991507951
 0.5279435454174272
 0.5444202069620803
 0.5416260991610854
 0.5454525703458116
 0.5484873626998078
 0.5453839071779281
 0.5526959403842387
 0
 0
 0.9993617415975898
 0.9999995526878355
 0.9999999999999426
 0.9999999999876006
 1
 0.9999999999990505
 0.9999999999974901
 1
 0.9994118534790105
 0.9989571581593779
 0.9908294898538268
 0.981065773260742
 0.9705442779213491
 0.9779345127979717
 0.9716644009035054
 0.972966752708469
 0.9761357301694391
 0.9649562025934436
 0.9695897750852492
 0.9625202151019787
 0.9669384067181694
 0.9572309199699333
 0.9416051532213271
 0.9640233110810686
 0.9567316899663247
 0.9516462248672137
 0.9448507457836566
 0.940207423302942
 0
 0
 0.2499975208359914
 0.3512292444497842
 0.2583052651091587
 0.5778964939154306
 0.3562523487322991
 0.3913093517498824
 0.3954684504831318
 0.4322069247075169
 0.4164369009984515
 0.4367304202228074
 0.4492516005748902
 0.499008885062228
 0.4753647905435224
 0.4860986932233702
 0.5090455137236261
 0.494592302287587
 0.5051681898915086
 0.5025897240765653
 0.5075397356815811
 0.5216068829603395
 0.5287618915772241
 0.513646952714318
 0.5291559050973856
 0.5296841750303691
 0.5375454537977654
 0.5404336159367015
 0.5290392559529945
 0.537244084610647
 0
 0
 0.3678794411714423
 0.4961024914309088
 0.592334373406959
 0.6296847192091972
 0.6495332580111163
 0.5905344579334009
 0.5668381933231003
 0.588069380533633
 0.6191786516859609
 0.5990654420748994
 0.673576488656453
 0.6772220843078059
 0.6237468261589054
 0.5996693951037495
 0.6209327536371114
 0.655844482682759
 0.6264883748988238
 0.6132958594664817
 0.6287074179323179
 0.6170865941257501
 0.6318878447477465
 0.6270140398193758
 0.642983857638555
 0.6308731471336385
 0.6365520144798452
 0.6456888690367
 0.6511773689574784
 0.6206175771480059
 0
 0
 0
 0
 0
 0
 0
 0
 0
 0
 0
 0
 0
 0
 0
 0
 0
 0
 0
 0
 0
 0
 0
 0
 0
 0
 0
 0
 0
 0
 0
 0
 0
 0
 0
 0
 0
 0
 0
 0
 0
 0
 0
 0
 0
 0
 0
 0
 0
 0
 0
 0
 0
 0
 0
 0
 0
 0
 0
 0
 0
 0
 0
 0
 0
 0
 0
 0
 0
 0
 0
 0
 0
 0
 0
 0
 0
 0
 0
 0
 0
 0
 0
 0
 0
 0
 0
 0
 0
 0
 0
 0
 0
 0
 0
 0
 0
 0
 0
 0
 0
 0
 0
 0
 0
 0
 0
 0
 0
 0
 0
 0
 0
 0
 0
 0
 0
 0
 0
 0
 0
 0
 0
 0
 0
 0
 0
 0
 0
 0
 0
 0
 0
 0
 0
 0
 0
 0
 0
 0
 0
 0
 0
 0
 0
 0
 0
 0
 0
 0
 0
 0
 0.9999997830868187
 0.9999999946811291
 0.99999999996853
 0.9999999999298083
 0.9999999996975562
 0.9999999959450895
 0.9999998326934827
 0.9999996729760136
 0.998315124415869
 0.9978609535839562
 0.9887531114222075
 0.9871554959204251
 0.9630411778449115
 0.9847209722729273
 0.9739416344844271
 0.9597971912274674
 0.9640973178696014
 0.9724802082623739
 0.9633911441006126
 0.9603122223165754
 0.9651289906775018
 0.9577163269305002
 0.9537845743615279
 0.9561914827731515
 0.9545846385574275
 0.9489535830933332
 0.9529191128782462
 0.9570511678217676
 0
 0
 0
 0
 0
 0
 0
 0
 0
 0
 0
 0
 0
 0
 0
 0
 0
 0
 0
 0
 0
 0
 0
 0
 0
 0
 0
 0
 0
 0
 0
 0
 0
 0
 0
 0
 0
 0
 0
 0
 0
 0
 0
 0
 0
 0
 0
 0
 0
 0
 0
 0
 0
 0
 0
 0
 0
 0
 0
 0


