# Created by Octave 3.8.2, Fri Nov 20 20:57:02 2015 CET <dkottke@mudflap>
# name: mus
# type: matrix
# ndims: 3
 1 30 19
 0
 0
 0.8805346700083547
 0.6229096989966555
 0.6393305439330539
 0.6775544388609716
 0.622667780562517
 0.665268456375839
 0.7092731829573936
 0.6756302521008402
 0.9349457881567964
 0.9478114478114482
 0.9446070234113705
 0.9467226890756306
 0.9485232067510545
 0.9408783783783784
 0.9478991596638646
 0.9414983164983159
 0.9412419938735724
 0.9347457627118649
 0.9172932330827063
 0.9429012345679011
 0.9431438127090304
 0.9396258503401361
 0.9497872340425536
 0.9469063545150496
 0.9469696969696966
 0.9515306122448981
 0.9545836837678715
 0.9538461538461538
 0
 0
 0.3333333333333333
 0.5
 0.4
 0.3
 0.5
 0.5
 0.6
 0.5
 0.5666666666666667
 0.7
 0.5666666666666667
 0.6666666666666667
 0.7333333333333332
 0.5166666666666667
 0.7166666666666666
 0.6666666666666667
 0.8333333333333333
 0.8
 0.75
 0.6399999999999999
 0.6599999999999999
 0.8300000000000001
 0.8
 0.7
 0.7666666666666668
 0.7533333333333334
 0.6866666666666666
 0.6666666666666667
 0
 0
 0.5665459025175604
 0.7695393795937551
 0.7011402800096275
 0.609726060822551
 0.7198823929400846
 0.4990725043385676
 0.5376073095308638
 0.6743329604982049
 0.6730417682895662
 0.5702367029802498
 0.7002667836588943
 0.7400479454265035
 0.6548009260326285
 0.6179672466890003
 0.601565959848873
 0.6420290644490113
 0.7588639445966872
 0.701257850770186
 0.6995229743262195
 0.6857098251077249
 0.6305359021552541
 0.6445686531455608
 0.6084299228080041
 0.6150174833226766
 0.6682093822887323
 0.6552770595194666
 0.6155510406215816
 0.5434178013147053
 0
 0
 0.3333499984186571
 0.4722336816418081
 0.6041771189962
 0.5291421840313504
 0.6684506415391551
 0.6418714358351331
 0.5627110213163974
 0.7148524505315897
 0.5378650098306592
 0.6433385784360816
 0.6029453418940656
 0.5886919505832147
 0.6393187842619483
 0.6668742951545301
 0.676411529114766
 0.6690351103162963
 0.6498411069589206
 0.7272933417231222
 0.7587580950562354
 0.6872771783818293
 0.7424401116441678
 0.6717230714397906
 0.6475082704500835
 0.67636809741156
 0.7236830511417568
 0.7042690693695487
 0.6557749525833836
 0.5606121783414694
 0
 0
 0.3333333333333333
 0.5
 0
 0.5
 0.8571428571428571
 0.75
 0.4444444444444444
 0.8
 0.3636363636363636
 0.5
 0.6923076923076923
 0.3333333333333333
 0.6
 0.6666666666666666
 0
 0
 0
 1
 1
 1
 1
 1
 1
 1
 0
 1
 0
 1
 0
 0
 0.4166791656794208
 0.583333333339904
 0.3625093048369986
 0.5125020319598261
 0.923809524153253
 0.6553571449237574
 0.4677581234867074
 0.8361638784004309
 0.4472872837941823
 0.5378798526838795
 0.6769813823967723
 0.494143990752225
 0.5950130804717976
 0.6719677732970447
 0.4401777305152447
 0.4206226390740567
 0.4628351034616343
 0.8321799065689556
 0.7981764887708129
 1.013984909891959
 1.035295279436908
 0.7878626997941085
 0.7795332941379152
 0.6538989012474414
 0.4791962011117668
 0.7916687862407699
 0.541670861337837
 0.6685880249090077
 0
 0
 1
 0.75051039168531
 0.6615681196513927
 0.7166096541928626
 0.6449855086430971
 0.6394130487619374
 0.6891234436300082
 0.7152608792843058
 0.647094782092361
 0.6660454326454086
 0.6603735678210947
 0.6397062733201514
 0.782577192394327
 0.7058172666900284
 0.7136204970042768
 0.7032436355590029
 0.7046286993236828
 0.7681477640217411
 0.7127805525237617
 0.7103962042381952
 0.6738343219289219
 0.7037553601601186
 0.6741172982026502
 0.67751493514318
 0.7243540248007918
 0.6811091019087131
 0.6523573035209429
 0.6799411751857695
 0
 0
 0.3333499984526378
 0.4987859687040991
 0.6442225210000742
 0.5945599062651838
 0.707495903857569
 0.5969780130975783
 0.6170591771800479
 0.678874343520793
 0.5716843443367271
 0.6609024075892493
 0.6291866183391032
 0.6274630686370224
 0.6700044417331998
 0.6627981634435655
 0.655850762955957
 0.6606445511308207
 0.6626421579410355
 0.7202673352955768
 0.7240412679614416
 0.7044434456040054
 0.7323690309095743
 0.6980429659514269
 0.6309380613599529
 0.6693402184033581
 0.7144677638928898
 0.7121485202980337
 0.6453112932325701
 0.5863320023165405
 0
 0
 1
 1
 1
 1
 1
 1
 1
 1
 1
 1
 1
 1
 1
 1
 1
 1
 1
 1
 1
 1
 1
 1
 1
 1
 1
 1
 1
 1
 0
 0
 0.4166791655679649
 0.5833333333470853
 0.4900028353889996
 0.4896556333848214
 0.8365792224480131
 0.5136378796566258
 0.472027210547308
 0.6261831912202228
 0.4979080746810731
 0.5673293047067872
 0.6027030106163589
 0.5696382763312637
 0.5856205760586406
 0.5675155082028259
 0.6116493671857157
 0.6301608322131247
 0.5569750468363399
 0.8091701379183843
 0.6779178300558474
 0.9191555172469712
 0.9655657868001963
 0.7118675861953727
 0.7443964067390839
 0.4951267954002703
 0.7476451443161789
 0.9915202484965179
 0.9921550098486414
 0.2990395075560406
 0
 0
 1
 0.7464152351954497
 0.6143625605163974
 0.6827252051474604
 0.632394969083218
 0.6641088105751285
 0.7269544351915239
 0.7380190173600977
 0.6722944780906634
 0.7341759668690874
 0.6797361937366082
 0.6661179502228451
 0.6588935034777857
 0.6252440255379228
 0.6549612536938045
 0.6727928295311456
 0.8563589730510405
 0.6878448599791689
 0.8223853450612014
 0.7907249806301102
 0.6946182358472892
 0.7973486965140725
 0.7158357936063453
 0.7765847124348434
 0.8554521362692408
 0.7478633773379145
 0.682148195681811
 0.6909674185432895
 0
 0
 0
 0
 0
 0
 0
 0
 0
 0
 0
 0
 0
 0
 0
 0
 0
 0
 0
 0
 0
 0
 0
 0
 0
 0
 0
 0
 0
 0
 0
 0
 0
 0
 0
 0
 0
 0
 0
 0
 0
 0
 0
 0
 0
 0
 0
 0
 0
 0
 0
 0
 0
 0
 0
 0
 0
 0
 0
 0
 0
 0
 0
 0
 0
 0
 0
 0
 0
 0
 0
 0
 0
 0
 0
 0
 0
 0
 0
 0
 0
 0
 0
 0
 0
 0
 0
 0
 0
 0
 0
 0
 0
 0
 0
 0
 0
 0
 0
 0
 0
 0
 0
 0
 0
 0
 0
 0
 0
 0
 0
 0
 0
 0
 0
 0
 0
 0
 0
 0
 0
 0
 0
 0
 0
 0
 0
 0
 0
 0
 0
 0
 0
 0
 0
 0
 0
 0
 0
 0
 0
 0
 0
 0
 0
 0
 0
 0
 0
 0
 0
 0
 1
 1
 1
 1
 1
 1
 1
 1
 1
 1
 1
 1
 1
 1
 1
 1
 1
 1
 1
 1
 1
 1
 1
 1
 1
 1
 1
 1
 0
 0
 0
 0
 0
 0
 0
 0
 0
 0
 0
 0
 0
 0
 0
 0
 0
 0
 0
 0
 0
 0
 0
 0
 0
 0
 0
 0
 0
 0
 0
 0
 0
 0
 0
 0
 0
 0
 0
 0
 0
 0
 0
 0
 0
 0
 0
 0
 0
 0
 0
 0
 0
 0
 0
 0
 0
 0
 0
 0


