# Created by Octave 4.0.0, Sat Nov 21 16:31:16 2015 W. Europe Standard Time <unknown@Florian-PC>
# name: mus
# type: matrix
# ndims: 3
 1 30 19
 0
 0
 0.75856
 0.89214
 0.94477
 0.9430500000000001
 0.94291
 0.92114
 0.94152
 0.94874
 0.94829
 0.95539
 0.949
 0.95042
 0.95274
 0.95439
 0.95462
 0.93687
 0.95405
 0.95763
 0.95155
 0.95455
 0.95067
 0.94983
 0.94894
 0.94983
 0.9537
 0.95465
 0.95237
 0.95385
 0
 0
 0.33333
 0.5
 0.4
 0.8
 0.4
 0.2
 0.5
 0.4
 0.6333299999999999
 0.53333
 0.53333
 0.43333
 0.53333
 0.5
 0.73333
 0.65
 0.6166700000000001
 0.75
 0.71
 0.79
 0.64
 0.66
 0.72
 0.78
 0.77333
 0.7466699999999999
 0.62
 0.6333299999999999
 0
 0
 0.51506
 0.6903899999999999
 0.62971
 0.71723
 0.70101
 0.33833
 0.64033
 0.68655
 0.59198
 0.6457000000000001
 0.63684
 0.52585
 0.5123799999999999
 0.6318
 0.67654
 0.64728
 0.61786
 0.66925
 0.6175
 0.63041
 0.61232
 0.63763
 0.63814
 0.66351
 0.6617499999999999
 0.70219
 0.66598
 0.6774
 0
 0
 0.50001
 0.65081
 0.51835
 0.84742
 0.57455
 0.4478
 0.5319700000000001
 0.5386300000000001
 0.56484
 0.56009
 0.63713
 0.72256
 0.54149
 0.6206199999999999
 0.75841
 0.6283
 0.67045
 0.73794
 0.73539
 0.74577
 0.70299
 0.70443
 0.6873
 0.73944
 0.74755
 0.751
 0.7317399999999999
 0.69982
 0
 0
 0
 0.5
 0.4
 1
 0.42857
 0.375
 0.5555600000000001
 0.6
 0.63636
 0.66667
 0.76923
 0.77778
 0.4
 0.66667
 0.5
 0
 0
 1
 1
 0
 0
 0
 1
 1
 0
 0
 1
 1
 0
 0
 0
 0.58333
 0.44583
 0.95833
 0.45833
 0.38095
 0.5307500000000001
 0.60119
 0.62765
 0.66288
 0.73642
 0.74014
 0.46161
 0.70784
 0.6307700000000001
 0.39925
 0.53577
 0.92204
 0.88356
 0.57988
 0.6262799999999999
 0.253
 0.4896
 0.92786
 0.51045
 0.56253
 0.82455
 0.79708
 0
 0
 0.57859
 0.49554
 0.68754
 0.80419
 0.64117
 0.58547
 0.63432
 0.6482
 0.59459
 0.65403
 0.66472
 0.67736
 0.64627
 0.69049
 0.74632
 0.68596
 0.68335
 0.677
 0.67582
 0.7486
 0.70689
 0.71157
 0.6665
 0.77403
 0.70457
 0.7184
 0.71073
 0.67382
 0
 0
 0.50001
 0.64875
 0.50482
 0.7248599999999999
 0.64634
 0.55242
 0.53847
 0.60727
 0.54352
 0.5620000000000001
 0.59376
 0.64061
 0.54842
 0.6423
 0.69149
 0.60092
 0.66338
 0.7065900000000001
 0.7064
 0.72439
 0.67753
 0.68089
 0.6736799999999999
 0.70708
 0.71483
 0.71893
 0.72205
 0.68576
 0
 0
 1
 1
 1
 1
 1
 1
 1
 1
 1
 1
 1
 1
 1
 1
 1
 1
 1
 1
 1
 1
 1
 1
 1
 1
 1
 1
 1
 1
 0
 0
 0
 0.58333
 0.48834
 0.62194
 0.47415
 0.38695
 0.47662
 0.48854
 0.5743200000000001
 0.49972
 0.58163
 0.53968
 0.64867
 0.59619
 0.8006799999999999
 0.70448
 0.76418
 0.8492499999999999
 0.7804
 0.70457
 0.88118
 0.66608
 0.72568
 0.70666
 0.86913
 0.88151
 0.5934
 0.74816
 0
 0
 0.57859
 0.5274799999999999
 0.62286
 0.78345
 0.66373
 0.62362
 0.75415
 0.62573
 0.87615
 0.66468
 0.76857
 0.92096
 0.66678
 0.83547
 0.74618
 0.78449
 0.81441
 0.72111
 0.7027099999999999
 0.77668
 0.62656
 0.74744
 0.69923
 0.76503
 0.77206
 0.75528
 0.77208
 0.76415
 0
 0
 0
 0
 0
 0
 0
 0
 0
 0
 0
 0
 0
 0
 0
 0
 0
 0
 0
 0
 0
 0
 0
 0
 0
 0
 0
 0
 0
 0
 0
 0
 0
 0
 0
 0
 0
 0
 0
 0
 0
 0
 0
 0
 0
 0
 0
 0
 0
 0
 0
 0
 0
 0
 0
 0
 0
 0
 0
 0
 0
 0
 0
 0
 0
 0
 0
 0
 0
 0
 0
 0
 0
 0
 0
 0
 0
 0
 0
 0
 0
 0
 0
 0
 0
 0
 0
 0
 0
 0
 0
 0
 0
 0
 0
 0
 0
 0
 0
 0
 0
 0
 0
 0
 0
 0
 0
 0
 0
 0
 0
 0
 0
 0
 0
 0
 0
 0
 0
 0
 0
 0
 0
 0
 0
 0
 0
 0
 0
 0
 0
 0
 0
 0
 0
 0
 0
 0
 0
 0
 0
 0
 0
 0
 0
 0
 0
 0
 0
 0
 0
 0
 1
 1
 1
 1
 1
 1
 1
 1
 1
 1
 1
 1
 1
 1
 1
 1
 1
 1
 1
 1
 1
 1
 1
 1
 1
 1
 1
 1
 0
 0
 0
 0
 0
 0
 0
 0
 0
 0
 0
 0
 0
 0
 0
 0
 0
 0
 0
 0
 0
 0
 0
 0
 0
 0
 0
 0
 0
 0
 0
 0
 0
 0
 0
 0
 0
 0
 0
 0
 0
 0
 0
 0
 0
 0
 0
 0
 0
 0
 0
 0
 0
 0
 0
 0
 0
 0
 0
 0


# name: vars
# type: matrix
# ndims: 3
 1 30 19
 0
 0
 0.054069
 0.02545
 0.010718
 0.007963
 0.006979
 0.008730999999999999
 0.006655
 0.004384
 0.005566
 0.003304
 0.003157
 0.003647
 0.003436
 0.002386
 0.002625
 0.002933
 0.002367
 0.002139
 0.002064
 0.001949
 0.002078
 0.001735
 0.002275
 0.002819
 0.001922
 0.001391
 0.00127
 0.001615
 0
 0
 0.33333
 0.33333
 0.3
 0.2
 0.175
 0.075
 0.125
 0.175
 0.04722
 0.075
 0.2
 0.07778
 0.03333
 0.02778
 0.07778
 0.1125
 0.03681
 0
 0.01425
 0.0605
 0.023
 0.018
 0.052
 0.052
 0.04967
 0.03922
 0.03311
 0.10278
 0
 0
 0
 0
 0
 0
 0
 0
 0
 0
 0
 0
 0
 0
 0
 0
 0
 0
 0
 0
 0
 0
 0
 0
 0
 0
 0
 0
 0
 0
 0
 0
 0.23437
 0.12758
 0.08573
 0.05975
 0.08072
 0.05997
 0.07573000000000001
 0.06778000000000001
 0.06678000000000001
 0.06048
 0.05198
 0.04973
 0.05298
 0.05503
 0.04073
 0.04344
 0.04279
 0.04244
 0.03551
 0.03918
 0.04012
 0.04048
 0.0434
 0.03265
 0.03564
 0.03478
 0.03889
 0.04089
 0
 0
 0
 0
 0
 0
 0
 0
 0
 0
 0
 0
 0
 0
 0
 0
 0
 0
 0
 0
 0
 0
 0
 0
 0
 0
 0
 0
 0
 0
 0
 0
 0
 0
 0
 0
 0
 0
 0
 0
 0
 0
 0
 0
 0
 0
 0
 0
 0
 0
 0
 0
 0
 0
 0
 0
 0
 0
 0
 0
 0
 0
 0
 0
 0
 0
 0
 0
 0
 0
 0
 0
 0
 0
 0
 0
 0
 0
 0
 0
 0
 0
 0
 0
 0
 0
 0
 0
 0
 0
 0
 0
 0.23437
 0.09795
 0.05914
 0.05274
 0.05954
 0.03212
 0.03835
 0.04836
 0.04532
 0.04468
 0.0485
 0.05065
 0.04297
 0.0381
 0.04826
 0.04944
 0.04868
 0.04523
 0.05105
 0.04878
 0.04744
 0.04846
 0.05116
 0.05556
 0.04939
 0.05438
 0.04845
 0.04631
 0
 0
 0
 0
 0
 0
 0
 0
 0
 0
 0
 0
 0
 0
 0
 0
 0
 0
 0
 0
 0
 0
 0
 0
 0
 0
 0
 0
 0
 0
 0
 0
 0
 0
 0
 0
 0
 0
 0
 0
 0
 0
 0
 0
 0
 0
 0
 0
 0
 0
 0
 0
 0
 0
 0
 0
 0
 0
 0
 0
 0
 0
 0
 0
 0
 0
 0
 0
 0
 0
 0
 0
 0
 0
 0
 0
 0
 0
 0
 0
 0
 0
 0
 0
 0
 0
 0
 0
 0
 0
 0
 0
 0
 0
 0
 0
 0
 0
 0
 0
 0
 0
 0
 0
 0
 0
 0
 0
 0
 0
 0
 0
 0
 0
 0
 0
 0
 0
 0
 0
 0
 0
 0
 0
 0
 0
 0
 0
 0
 0
 0
 0
 0
 0
 0
 0
 0
 0
 0
 0
 0
 0
 0
 0
 0
 0
 0
 0
 0
 0
 0
 0
 0
 0
 0
 0
 0
 0
 0
 0
 0
 0
 0
 0
 0
 0
 0
 0
 0
 0
 0
 0
 0
 0
 0
 0
 0
 0
 0
 0
 0
 0
 0
 0
 0
 0
 0
 0
 0
 0
 0
 0
 0
 0
 0
 0
 0
 0
 0
 0
 0
 0
 0
 0
 0
 0
 0
 0
 0
 0
 0
 0
 0
 0
 0
 0
 0
 0
 0
 0
 0
 0
 0
 0
 0
 0
 0
 0
 0
 0
 0
 0
 0
 0
 0
 0
 0
 0
 0
 0
 0
 0
 0
 0
 0
 0
 0
 0
 0
 0
 0
 0
 0
 0
 0
 0
 0
 0
 0
 0
 0
 0
 0
 0
 0
 0
 0
 0
 0
 0
 0
 0
 0
 0
 0
 0
 0
 0
 0
 0
 0
 0
 0
 0
 0
 0
 0
 0
 0
 0
 0
 0
 0
 0
 0
 0
 0
 0
 0
 0
 0
 0
 0
 0
 0
 0
 0
 0
 0
 0
 0
 0
 0
 0
 0
 0
 0
 0
 0
 0
 0
 0
 0
 0
 0
 0
 0
 0
 0
 0


