# Created by Octave 4.0.0, Sat Nov 21 16:31:18 2015 W. Europe Standard Time <unknown@Florian-PC>
# name: mus
# type: matrix
# ndims: 3
 1 30 19
 0
 0
 0.55806
 0.51505
 0.6636
 0.66499
 0.69646
 0.57047
 0.77527
 0.77395
 0.78315
 0.7803
 0.77404
 0.74857
 0.73249
 0.72382
 0.69319
 0.75337
 0.73991
 0.81695
 0.82206
 0.82842
 0.83069
 0.84014
 0.82638
 0.84156
 0.84343
 0.83773
 0.83294
 0.8359
 0
 0
 0.66667
 1
 0.6
 0.5
 0.9
 0.8
 0.4
 0.6
 0.73333
 0.73333
 0.73333
 0.7
 0.8
 0.75
 0.81667
 0.83333
 0.9
 0.85
 0.68
 0.77
 0.6899999999999999
 0.7
 0.72
 0.74
 0.77333
 0.79333
 0.71333
 0.73333
 0
 0
 0.79499
 0.90635
 0.67907
 0.75769
 0.72726
 0.6997100000000001
 0.75537
 0.68618
 0.7458900000000001
 0.79203
 0.81698
 0.79408
 0.76716
 0.81508
 0.78568
 0.79835
 0.79557
 0.83678
 0.82238
 0.8456399999999999
 0.7766999999999999
 0.7790899999999999
 0.81835
 0.82763
 0.82134
 0.81271
 0.8244
 0.82378
 0
 0
 0.69087
 0.87526
 0.68777
 0.59054
 0.61447
 0.6985
 0.59676
 0.6611399999999999
 0.66396
 0.68416
 0.70385
 0.708
 0.7307399999999999
 0.75583
 0.76145
 0.75064
 0.76049
 0.75828
 0.7579900000000001
 0.76806
 0.70006
 0.71392
 0.7373
 0.73798
 0.74429
 0.74958
 0.76518
 0.76098
 0
 0
 0.66667
 1
 0.4
 0.5
 0.71429
 0.875
 0.5555600000000001
 0.3
 0.72727
 0.41667
 0.69231
 0.77778
 0.6
 1
 1
 1
 1
 1
 1
 0
 1
 1
 1
 1
 1
 1
 1
 1
 0
 0
 0.71578
 0.99968
 0.57277
 0.71606
 0.6395999999999999
 0.7755
 0.63326
 0.60551
 0.6900500000000001
 0.68731
 0.71068
 0.7158600000000001
 0.7391799999999999
 0.7287400000000001
 0.71049
 0.74881
 0.79892
 0.8605
 0.84144
 0.75519
 0.77859
 0.74986
 0.7547700000000001
 0.7123
 0.72955
 0.7625
 0.71765
 0.77783
 0
 0
 0.78929
 0.71951
 0.7075399999999999
 0.78238
 0.77185
 0.79406
 0.71583
 0.7840200000000001
 0.72906
 0.74424
 0.72715
 0.75884
 0.77112
 0.79538
 0.78531
 0.77956
 0.80671
 0.79575
 0.76383
 0.81756
 0.7940199999999999
 0.8052
 0.77419
 0.78733
 0.8112200000000001
 0.79264
 0.80309
 0.78699
 0
 0
 0.68876
 0.84674
 0.68637
 0.66952
 0.61514
 0.68096
 0.61116
 0.6694099999999999
 0.66508
 0.7013200000000001
 0.69798
 0.734
 0.74336
 0.75773
 0.75656
 0.75635
 0.75315
 0.74954
 0.76977
 0.7706499999999999
 0.7283500000000001
 0.74205
 0.7542
 0.76157
 0.76332
 0.77166
 0.77999
 0.77919
 0
 0
 0.99998
 1
 1
 1
 1
 1
 1
 1
 1
 1
 0.99812
 0.98764
 0.97794
 0.97871
 0.97029
 0.96568
 0.96144
 0.96971
 0.96771
 0.95747
 0.96823
 0.95719
 0.9575399999999999
 0.95983
 0.95277
 0.94834
 0.95044
 0.94853
 0
 0
 0.68684
 0.99978
 0.61254
 0.68823
 0.63737
 0.6897799999999999
 0.61268
 0.64111
 0.64247
 0.67442
 0.67113
 0.68803
 0.77457
 0.73099
 0.7557
 0.72719
 0.73385
 0.75463
 0.79879
 0.75561
 0.7124200000000001
 0.79906
 0.75231
 0.75062
 0.75485
 0.75939
 0.76645
 0.7696
 0
 0
 0.78929
 0.75321
 0.77734
 0.80231
 0.8017
 0.8157
 0.70405
 0.76642
 0.74656
 0.74309
 0.7083700000000001
 0.75264
 0.75327
 0.76639
 0.75905
 0.76071
 0.75506
 0.74388
 0.74792
 0.76622
 0.82265
 0.77347
 0.74418
 0.7586000000000001
 0.77273
 0.7420600000000001
 0.7902400000000001
 0.78526
 0
 0
 0
 0
 0
 0
 0
 0
 0
 0
 0
 0
 0
 0
 0
 0
 0
 0
 0
 0
 0
 0
 0
 0
 0
 0
 0
 0
 0
 0
 0
 0
 0
 0
 0
 0
 0
 0
 0
 0
 0
 0
 0
 0
 0
 0
 0
 0
 0
 0
 0
 0
 0
 0
 0
 0
 0
 0
 0
 0
 0
 0
 0
 0
 0
 0
 0
 0
 0
 0
 0
 0
 0
 0
 0
 0
 0
 0
 0
 0
 0
 0
 0
 0
 0
 0
 0
 0
 0
 0
 0
 0
 0
 0
 0
 0
 0
 0
 0
 0
 0
 0
 0
 0
 0
 0
 0
 0
 0
 0
 0
 0
 0
 0
 0
 0
 0
 0
 0
 0
 0
 0
 0
 0
 0
 0
 0
 0
 0
 0
 0
 0
 0
 0
 0
 0
 0
 0
 0
 0
 0
 0
 0
 0
 0
 0
 0
 0
 0
 0
 0
 0
 1
 1
 1
 1
 1
 1
 1
 1
 1
 0.99892
 0.99762
 0.98793
 0.98227
 0.97567
 0.97013
 0.96477
 0.96797
 0.96933
 0.96612
 0.95311
 0.96067
 0.96175
 0.94364
 0.95658
 0.94745
 0.9537099999999999
 0.9482
 0.95656
 0
 0
 0
 0
 0
 0
 0
 0
 0
 0
 0
 0
 0
 0
 0
 0
 0
 0
 0
 0
 0
 0
 0
 0
 0
 0
 0
 0
 0
 0
 0
 0
 0
 0
 0
 0
 0
 0
 0
 0
 0
 0
 0
 0
 0
 0
 0
 0
 0
 0
 0
 0
 0
 0
 0
 0
 0
 0
 0
 0


