# Created by Octave 4.0.0, Sat Nov 21 16:31:03 2015 W. Europe Standard Time <unknown@Florian-PC>
# name: mus
# type: matrix
# ndims: 3
 1 30 19
 0
 0
 0.92398
 0.88378
 0.84351
 0.88945
 0.88388
 0.94631
 0.9315
 0.9277300000000001
 0.91159
 0.89983
 0.91054
 0.90168
 0.90802
 0.91216
 0.92462
 0.9305600000000001
 0.9331700000000001
 0.9305099999999999
 0.92648
 0.93027
 0.9283
 0.93197
 0.9285099999999999
 0.92977
 0.9292899999999999
 0.93013
 0.92935
 0.93504
 0
 0
 0.33333
 0.5
 0.6
 0.6
 0.5
 0.7
 0.7
 0.9
 0.83333
 0.83333
 0.76667
 0.8
 0.8
 0.8666700000000001
 0.9
 0.8833299999999999
 0.8833299999999999
 0.9
 0.91
 0.91
 0.92
 0.91
 0.92
 0.92667
 0.92667
 0.96
 0.96667
 0.96667
 0
 0
 0.61044
 0.63879
 0.6395
 0.71028
 0.77102
 0.79316
 0.73399
 0.82713
 0.72155
 0.8068
 0.78934
 0.83056
 0.80179
 0.88763
 0.85549
 0.87378
 0.88184
 0.90171
 0.90977
 0.90245
 0.9053600000000001
 0.91813
 0.91786
 0.92339
 0.93092
 0.93435
 0.9460499999999999
 0.91773
 0
 0
 0.13335
 0.38495
 0.5684
 0.62287
 0.6475
 0.70525
 0.7188
 0.83503
 0.7781400000000001
 0.82135
 0.824
 0.8357599999999999
 0.85955
 0.8839
 0.88228
 0.88212
 0.88932
 0.89127
 0.9014799999999999
 0.89916
 0.90215
 0.90444
 0.91325
 0.91589
 0.92137
 0.94274
 0.93895
 0.94358
 0
 0
 0.33333
 0.25
 0.6
 0.83333
 0.42857
 0.75
 0.77778
 1
 0.90909
 1
 0.84615
 1
 0.6
 0.66667
 0.5
 1
 1
 1
 1
 1
 1
 1
 1
 1
 1
 1
 1
 1
 0
 0
 0.33333
 0.24919
 0.57507
 0.73902
 0.42036
 0.69718
 0.72724
 0.90008
 0.83099
 0.91108
 0.81787
 0.90146
 0.79092
 0.82385
 0.82733
 0.9104100000000001
 0.86781
 0.4246
 0.90738
 0.91462
 0.96879
 0.92617
 0.9202399999999999
 0.85143
 0.95118
 0.94984
 0.95888
 0.92111
 0
 0
 0.36788
 0.67159
 0.59656
 0.70667
 0.73117
 0.82057
 0.80024
 0.82552
 0.82806
 0.79081
 0.75832
 0.81221
 0.81719
 0.85646
 0.83236
 0.90747
 0.90156
 0.87845
 0.91071
 0.88124
 0.9144099999999999
 0.89906
 0.93174
 0.92098
 0.93336
 0.90856
 0.91817
 0.94026
 0
 0
 0.15973
 0.42498
 0.55339
 0.5652700000000001
 0.58836
 0.70685
 0.70491
 0.76525
 0.70007
 0.77704
 0.77538
 0.77088
 0.79381
 0.83083
 0.84323
 0.83873
 0.84584
 0.84471
 0.8569600000000001
 0.85389
 0.86278
 0.85886
 0.8748
 0.88025
 0.87929
 0.89366
 0.89366
 0.89346
 0
 0
 0.90304
 0.8997000000000001
 0.94877
 0.89403
 0.91331
 0.92919
 0.91999
 0.92548
 0.9353399999999999
 0.9216
 0.9231
 0.92211
 0.9306
 0.92315
 0.91569
 0.90827
 0.9051900000000001
 0.92521
 0.90238
 0.90726
 0.9055800000000001
 0.9055299999999999
 0.9033600000000001
 0.90735
 0.89747
 0.91275
 0.8985300000000001
 0.9019200000000001
 0
 0
 0.33333
 0.29313
 0.52474
 0.44691
 0.42938
 0.69001
 0.7073
 0.78254
 0.6829499999999999
 0.82694
 0.84024
 0.85517
 0.87407
 0.9229000000000001
 0.90572
 0.8958700000000001
 0.90703
 0.8903799999999999
 0.8918700000000001
 0.8966
 0.89868
 0.63626
 0.59894
 0.92672
 0.9288999999999999
 0.95614
 0.95222
 0.97292
 0
 0
 0.36788
 0.67192
 0.64105
 0.68091
 0.67662
 0.82434
 0.74748
 0.78655
 0.76522
 0.79121
 0.78364
 0.81024
 0.92471
 0.82146
 0.8335399999999999
 0.91489
 0.84488
 0.87554
 0.8771099999999999
 0.88384
 0.8882100000000001
 0.89873
 0.9504
 0.92816
 0.93107
 0.93181
 0.9364400000000001
 0.96532
 0
 0
 0
 0
 0
 0
 0
 0
 0
 0
 0
 0
 0
 0
 0
 0
 0
 0
 0
 0
 0
 0
 0
 0
 0
 0
 0
 0
 0
 0
 0
 0
 0
 0
 0
 0
 0
 0
 0
 0
 0
 0
 0
 0
 0
 0
 0
 0
 0
 0
 0
 0
 0
 0
 0
 0
 0
 0
 0
 0
 0
 0
 0
 0
 0
 0
 0
 0
 0
 0
 0
 0
 0
 0
 0
 0
 0
 0
 0
 0
 0
 0
 0
 0
 0
 0
 0
 0
 0
 0
 0
 0
 0
 0
 0
 0
 0
 0
 0
 0
 0
 0
 0
 0
 0
 0
 0
 0
 0
 0
 0
 0
 0
 0
 0
 0
 0
 0
 0
 0
 0
 0
 0
 0
 0
 0
 0
 0
 0
 0
 0
 0
 0
 0
 0
 0
 0
 0
 0
 0
 0
 0
 0
 0
 0
 0
 0
 0
 0
 0
 0
 0
 0.89869
 0.97021
 0.89644
 0.89779
 0.92217
 0.91361
 0.903
 0.91675
 0.9215
 0.92195
 0.92747
 0.92875
 0.91642
 0.92493
 0.90913
 0.92133
 0.90882
 0.91686
 0.91188
 0.90899
 0.9040899999999999
 0.90569
 0.89563
 0.89608
 0.90984
 0.90534
 0.90525
 0.90306
 0
 0
 0
 0
 0
 0
 0
 0
 0
 0
 0
 0
 0
 0
 0
 0
 0
 0
 0
 0
 0
 0
 0
 0
 0
 0
 0
 0
 0
 0
 0
 0
 0
 0
 0
 0
 0
 0
 0
 0
 0
 0
 0
 0
 0
 0
 0
 0
 0
 0
 0
 0
 0
 0
 0
 0
 0
 0
 0
 0


