# Created by Octave 4.0.0, Sat Nov 21 16:31:26 2015 W. Europe Standard Time <unknown@Florian-PC>
# name: mus
# type: matrix
# ndims: 3
 1 30 19
 0
 0
 0.5597299999999999
 0.70485
 0.70209
 0.71106
 0.69897
 0.6694600000000001
 0.65079
 0.63529
 0.65471
 0.6633
 0.68018
 0.68672
 0.67764
 0.68666
 0.67336
 0.67887
 0.67502
 0.7059299999999999
 0.70677
 0.91554
 0.9097
 0.73384
 0.76596
 0.83946
 0.79082
 0.76913
 0.74325
 0.77094
 0
 0
 0.33333
 0.75
 0.4
 0.5
 0.6
 0.7
 0.7
 0.8
 0.6333299999999999
 0.7
 0.53333
 0.56667
 0.66667
 0.7
 0.71667
 0.71667
 0.71667
 0.8
 0.73
 0.63
 0.61
 0.58
 0.6
 0.62
 0.77333
 0.79333
 0.81333
 0.66667
 0
 0
 0.56884
 0.83319
 0.6469200000000001
 0.6624
 0.61792
 0.7604300000000001
 0.74386
 0.74829
 0.67441
 0.77444
 0.72061
 0.7058
 0.69799
 0.71017
 0.73942
 0.78831
 0.73829
 0.76838
 0.7121499999999999
 0.71884
 0.75629
 0.72107
 0.77376
 0.74965
 0.77384
 0.78347
 0.7615499999999999
 0.74837
 0
 0
 0.4167
 0.78622
 0.59084
 0.69407
 0.6853399999999999
 0.83475
 0.76964
 0.87018
 0.71773
 0.81253
 0.67982
 0.66226
 0.77235
 0.76139
 0.76033
 0.77868
 0.77569
 0.80636
 0.70539
 0.66865
 0.64508
 0.76039
 0.6742899999999999
 0.7066
 0.72472
 0.74699
 0.77793
 0.77629
 0
 0
 0.33333
 0.75
 0.4
 0.66667
 0.57143
 0.875
 0.77778
 0.9
 0.72727
 0.5
 0.53846
 0.77778
 0.8
 0.33333
 1
 1
 1
 1
 0
 0
 1
 1
 1
 1
 0
 1
 0
 1
 0
 0
 0.33333
 0.97222
 0.47917
 0.70833
 0.52321
 0.91964
 0.84921
 0.97024
 0.71061
 0.64571
 0.5934700000000001
 0.72639
 0.83556
 0.55676
 0.88248
 0.91249
 0.85511
 0.9248
 0.55903
 0.49655
 0.79025
 0.78786
 0.82795
 0.94935
 0.44794
 0.87748
 0.68753
 0.93566
 0
 0
 0.57859
 0.6921
 0.56965
 0.76114
 0.72925
 0.75385
 0.7375
 0.79875
 0.6987100000000001
 0.72498
 0.71349
 0.74126
 0.76714
 0.76668
 0.7811900000000001
 0.77495
 0.80788
 0.8284
 0.75309
 0.80549
 0.78987
 0.75451
 0.77984
 0.77393
 0.82338
 0.778
 0.7909
 0.78245
 0
 0
 0.4167
 0.77196
 0.56884
 0.70639
 0.61346
 0.76136
 0.75832
 0.81898
 0.72356
 0.7682600000000001
 0.71275
 0.74194
 0.7741400000000001
 0.7785
 0.74479
 0.76793
 0.79653
 0.78865
 0.72519
 0.6963
 0.69396
 0.73859
 0.6993
 0.70662
 0.7484499999999999
 0.74887
 0.77829
 0.78565
 0
 0
 1
 1
 1
 1
 1
 1
 1
 1
 1
 1
 1
 1
 1
 1
 1
 1
 1
 1
 1
 1
 1
 1
 1
 1
 1
 1
 1
 1
 0
 0
 0.33333
 0.98039
 0.52668
 0.69413
 0.52283
 0.7026
 0.7795
 0.76981
 0.6204499999999999
 0.81997
 0.62454
 0.6367
 0.68177
 0.69135
 0.68691
 0.69941
 0.72973
 0.86174
 0.86373
 0.80541
 0.72798
 0.71187
 0.80768
 0.74768
 0.73408
 0.58796
 0.87622
 0.7482799999999999
 0
 0
 0.57859
 0.6921
 0.59998
 0.77071
 0.77016
 0.76109
 0.7757500000000001
 0.72077
 0.72404
 0.75217
 0.73668
 0.76276
 0.72073
 0.83188
 0.82625
 0.89578
 0.82399
 0.842
 0.78608
 0.86742
 0.79714
 0.84888
 0.82795
 0.7995100000000001
 0.74975
 0.86544
 0.83543
 0.87848
 0
 0
 0
 0
 0
 0
 0
 0
 0
 0
 0
 0
 0
 0
 0
 0
 0
 0
 0
 0
 0
 0
 0
 0
 0
 0
 0
 0
 0
 0
 0
 0
 0
 0
 0
 0
 0
 0
 0
 0
 0
 0
 0
 0
 0
 0
 0
 0
 0
 0
 0
 0
 0
 0
 0
 0
 0
 0
 0
 0
 0
 0
 0
 0
 0
 0
 0
 0
 0
 0
 0
 0
 0
 0
 0
 0
 0
 0
 0
 0
 0
 0
 0
 0
 0
 0
 0
 0
 0
 0
 0
 0
 0
 0
 0
 0
 0
 0
 0
 0
 0
 0
 0
 0
 0
 0
 0
 0
 0
 0
 0
 0
 0
 0
 0
 0
 0
 0
 0
 0
 0
 0
 0
 0
 0
 0
 0
 0
 0
 0
 0
 0
 0
 0
 0
 0
 0
 0
 0
 0
 0
 0
 0
 0
 0
 0
 0
 0
 0
 0
 0
 0
 1
 1
 1
 1
 1
 1
 1
 1
 1
 1
 1
 1
 1
 1
 1
 1
 1
 1
 1
 1
 1
 1
 1
 1
 1
 1
 1
 1
 0
 0
 0
 0
 0
 0
 0
 0
 0
 0
 0
 0
 0
 0
 0
 0
 0
 0
 0
 0
 0
 0
 0
 0
 0
 0
 0
 0
 0
 0
 0
 0
 0
 0
 0
 0
 0
 0
 0
 0
 0
 0
 0
 0
 0
 0
 0
 0
 0
 0
 0
 0
 0
 0
 0
 0
 0
 0
 0
 0


# name: vars
# type: matrix
# ndims: 3
 1 30 19
 0
 0
 0.07954700000000001
 0.052065
 0.036928
 0.034916
 0.03099
 0.027465
 0.02397
 0.021795
 0.023076
 0.017704
 0.019115
 0.014625
 0.01532
 0.012039
 0.009703
 0.014296
 0.011307
 0.01018
 0.011159
 0.003678
 0.003769
 0.007582
 0.00619
 0.006134
 0.009532000000000001
 0.007068
 0.008704999999999999
 0.007613
 0
 0
 0.33333
 0.25
 0.3
 0.25
 0.175
 0.2
 0.2
 0.075
 0.04722
 0.08889
 0.01944
 0.02222
 0.05556
 0.08889
 0.03333
 0.03333
 0.08889
 0.04375
 0.04575
 0.0195
 0.028
 0.062
 0.08
 0.032
 0.00967
 0.033
 0.06033
 0.05556
 0
 0
 0
 0
 0
 0
 0
 0
 0
 0
 0
 0
 0
 0
 0
 0
 0
 0
 0
 0
 0
 0
 0
 0
 0
 0
 0
 0
 0
 0
 0
 0
 0.10936
 0.10087
 0.11656
 0.05706
 0.06555
 0.04869
 0.05731
 0.03602
 0.05346
 0.03253
 0.04075
 0.04647
 0.0414
 0.03667
 0.04242
 0.03713
 0.03655
 0.03079
 0.04036
 0.03863
 0.03965
 0.03574
 0.03902
 0.0354
 0.03441
 0.03336
 0.03197
 0.03195
 0
 0
 0
 0
 0
 0
 0
 0
 0
 0
 0
 0
 0
 0
 0
 0
 0
 0
 0
 0
 0
 0
 0
 0
 0
 0
 0
 0
 0
 0
 0
 0
 0
 0
 0
 0
 0
 0
 0
 0
 0
 0
 0
 0
 0
 0
 0
 0
 0
 0
 0
 0
 0
 0
 0
 0
 0
 0
 0
 0
 0
 0
 0
 0
 0
 0
 0
 0
 0
 0
 0
 0
 0
 0
 0
 0
 0
 0
 0
 0
 0
 0
 0
 0
 0
 0
 0
 0
 0
 0
 0
 0
 0.10936
 0.07842
 0.07033
 0.03299
 0.0241
 0.03673
 0.04282
 0.02368
 0.03783
 0.02698
 0.0273
 0.02557
 0.02814
 0.02884
 0.03499
 0.02821
 0.03324
 0.03287
 0.03327
 0.03799
 0.03437
 0.03819
 0.0385
 0.03921
 0.03884
 0.03665
 0.0304
 0.03247
 0
 0
 0
 0
 0
 0
 0
 0
 0
 0
 0
 0
 0
 0
 0
 0
 0
 0
 0
 0
 0
 0
 0
 0
 0
 0
 0
 0
 0
 0
 0
 0
 0
 0
 0
 0
 0
 0
 0
 0
 0
 0
 0
 0
 0
 0
 0
 0
 0
 0
 0
 0
 0
 0
 0
 0
 0
 0
 0
 0
 0
 0
 0
 0
 0
 0
 0
 0
 0
 0
 0
 0
 0
 0
 0
 0
 0
 0
 0
 0
 0
 0
 0
 0
 0
 0
 0
 0
 0
 0
 0
 0
 0
 0
 0
 0
 0
 0
 0
 0
 0
 0
 0
 0
 0
 0
 0
 0
 0
 0
 0
 0
 0
 0
 0
 0
 0
 0
 0
 0
 0
 0
 0
 0
 0
 0
 0
 0
 0
 0
 0
 0
 0
 0
 0
 0
 0
 0
 0
 0
 0
 0
 0
 0
 0
 0
 0
 0
 0
 0
 0
 0
 0
 0
 0
 0
 0
 0
 0
 0
 0
 0
 0
 0
 0
 0
 0
 0
 0
 0
 0
 0
 0
 0
 0
 0
 0
 0
 0
 0
 0
 0
 0
 0
 0
 0
 0
 0
 0
 0
 0
 0
 0
 0
 0
 0
 0
 0
 0
 0
 0
 0
 0
 0
 0
 0
 0
 0
 0
 0
 0
 0
 0
 0
 0
 0
 0
 0
 0
 0
 0
 0
 0
 0
 0
 0
 0
 0
 0
 0
 0
 0
 0
 0
 0
 0
 0
 0
 0
 0
 0
 0
 0
 0
 0
 0
 0
 0
 0
 0
 0
 0
 0
 0
 0
 0
 0
 0
 0
 0
 0
 0
 0
 0
 0
 0
 0
 0
 0
 0
 0
 0
 0
 0
 0
 0
 0
 0
 0
 0
 0
 0
 0
 0
 0
 0
 0
 0
 0
 0
 0
 0
 0
 0
 0
 0
 0
 0
 0
 0
 0
 0
 0
 0
 0
 0
 0
 0
 0
 0
 0
 0
 0
 0
 0
 0
 0
 0
 0
 0
 0
 0
 0
 0
 0
 0
 0
 0
 0
 0


