# Created by Octave 4.0.0, Sat Nov 21 16:31:00 2015 W. Europe Standard Time <unknown@Florian-PC>
# name: mus
# type: matrix
# ndims: 3
 1 30 19
 0
 0
 0.63492
 0.79431
 0.62929
 0.8777199999999999
 0.88137
 0.91023
 0.91228
 0.91513
 0.90742
 0.90067
 0.8954800000000001
 0.92017
 0.89114
 0.89189
 0.9084
 0.91835
 0.91896
 0.92203
 0.9315
 0.93196
 0.93562
 0.9387799999999999
 0.93872
 0.94147
 0.93918
 0.94033
 0.93975
 0.93932
 0
 0
 0.66667
 1
 0.6
 0.4
 0.8
 0.8
 0.7
 0.8
 0.83333
 0.83333
 0.76667
 0.8666700000000001
 0.93333
 0.93333
 0.8833299999999999
 0.8833299999999999
 0.9
 0.9
 0.9
 0.92
 0.91
 0.92
 0.92
 0.92667
 0.92
 0.93333
 0.92667
 0.93333
 0
 0
 0.75744
 0.85016
 0.78069
 0.65665
 0.81832
 0.81294
 0.84344
 0.8749400000000001
 0.85725
 0.86841
 0.9031400000000001
 0.8873
 0.89313
 0.8954299999999999
 0.89502
 0.8954299999999999
 0.90446
 0.89796
 0.92483
 0.92041
 0.92535
 0.91949
 0.9303
 0.9344
 0.93376
 0.9415
 0.94112
 0.94151
 0
 0
 0.80253
 0.79497
 0.66376
 0.5671
 0.62037
 0.72509
 0.78651
 0.7844
 0.82475
 0.83644
 0.84421
 0.85211
 0.8407
 0.8489100000000001
 0.85218
 0.85931
 0.86572
 0.87688
 0.87434
 0.88618
 0.89018
 0.89777
 0.90196
 0.90612
 0.90548
 0.91315
 0.91631
 0.91264
 0
 0
 0.33333
 1
 0.6
 0.33333
 0.57143
 0.75
 0.77778
 0.8
 0.81818
 0.75
 0.69231
 0.66667
 1
 1
 1
 1
 0
 1
 1
 1
 1
 1
 1
 0
 1
 1
 1
 1
 0
 0
 0.37318
 0.81181
 0.65189
 0.64781
 0.6421
 0.75041
 0.79369
 0.91086
 0.77202
 0.8601
 0.80471
 0.8360300000000001
 0.86016
 0.95303
 0.8591
 0.81557
 0.8385
 0.88967
 0.87273
 0.86076
 0.86975
 0.87004
 0.90308
 0.86554
 0.94446
 0.8912
 0.9406600000000001
 0.93225
 0
 0
 0.36788
 0.73793
 0.72058
 0.82577
 0.7428900000000001
 0.77706
 0.83031
 0.80211
 0.83031
 0.86794
 0.85134
 0.84192
 0.8246599999999999
 0.87437
 0.87118
 0.88434
 0.87765
 0.87336
 0.97409
 0.88664
 0.87587
 0.88724
 0.89451
 0.92422
 0.9163
 0.91745
 0.92176
 0.91992
 0
 0
 0.79945
 0.75493
 0.68831
 0.64888
 0.65565
 0.7583299999999999
 0.8035
 0.823
 0.84376
 0.85589
 0.85944
 0.8666
 0.84157
 0.86115
 0.86246
 0.87577
 0.87452
 0.8854300000000001
 0.88754
 0.89791
 0.89906
 0.9032
 0.91568
 0.9176299999999999
 0.92357
 0.92505
 0.92328
 0.92908
 0
 0
 0.99988
 1
 1
 1
 1
 1
 1
 1
 1
 0.99998
 0.99493
 0.98774
 0.9821
 0.97443
 0.97021
 0.9636
 0.96836
 0.967
 0.96499
 0.9639
 0.96405
 0.95925
 0.94981
 0.95582
 0.95562
 0.94891
 0.94294
 0.93765
 0
 0
 0.35006
 0.61014
 0.64717
 0.70522
 0.69792
 0.7391799999999999
 0.89322
 0.88581
 0.84339
 0.87462
 0.86241
 0.84515
 0.83775
 0.84918
 0.84445
 0.85672
 0.86508
 0.88648
 0.87754
 0.9088000000000001
 0.8934
 0.93406
 0.92937
 0.90777
 0.91031
 0.94593
 0.93758
 0.94524
 0
 0
 0.36788
 0.73468
 0.71724
 0.78907
 0.75312
 0.82913
 0.82926
 0.7795
 0.78023
 0.85422
 0.82545
 0.8375899999999999
 0.9126300000000001
 0.86206
 0.86066
 0.94186
 0.8754999999999999
 0.88082
 0.88574
 0.88301
 0.90006
 0.89046
 0.90027
 0.90672
 0.94748
 0.90842
 0.91575
 0.94088
 0
 0
 0
 0
 0
 0
 0
 0
 0
 0
 0
 0
 0
 0
 0
 0
 0
 0
 0
 0
 0
 0
 0
 0
 0
 0
 0
 0
 0
 0
 0
 0
 0
 0
 0
 0
 0
 0
 0
 0
 0
 0
 0
 0
 0
 0
 0
 0
 0
 0
 0
 0
 0
 0
 0
 0
 0
 0
 0
 0
 0
 0
 0
 0
 0
 0
 0
 0
 0
 0
 0
 0
 0
 0
 0
 0
 0
 0
 0
 0
 0
 0
 0
 0
 0
 0
 0
 0
 0
 0
 0
 0
 0
 0
 0
 0
 0
 0
 0
 0
 0
 0
 0
 0
 0
 0
 0
 0
 0
 0
 0
 0
 0
 0
 0
 0
 0
 0
 0
 0
 0
 0
 0
 0
 0
 0
 0
 0
 0
 0
 0
 0
 0
 0
 0
 0
 0
 0
 0
 0
 0
 0
 0
 0
 0
 0
 0
 0
 0
 0
 0
 0
 0.99999
 1
 1
 1
 1
 1
 1
 1
 0.99998
 0.99996
 0.99577
 0.98008
 0.97858
 0.97639
 0.96734
 0.96879
 0.9670299999999999
 0.97803
 0.9690800000000001
 0.96595
 0.96248
 0.96104
 0.96579
 0.95946
 0.95645
 0.95466
 0.94533
 0.9401
 0
 0
 0
 0
 0
 0
 0
 0
 0
 0
 0
 0
 0
 0
 0
 0
 0
 0
 0
 0
 0
 0
 0
 0
 0
 0
 0
 0
 0
 0
 0
 0
 0
 0
 0
 0
 0
 0
 0
 0
 0
 0
 0
 0
 0
 0
 0
 0
 0
 0
 0
 0
 0
 0
 0
 0
 0
 0
 0
 0


