# Created by Octave 4.0.0, Sat Nov 21 16:31:19 2015 W. Europe Standard Time <unknown@Florian-PC>
# name: mus
# type: matrix
# ndims: 3
 1 30 19
 0
 0
 0.80618
 0.62458
 0.8460299999999999
 0.87186
 0.9056
 0.92366
 0.91896
 0.90924
 0.94829
 0.9537
 0.94398
 0.94387
 0.93418
 0.93159
 0.92655
 0.9213
 0.91869
 0.93136
 0.92314
 0.92116
 0.91973
 0.91412
 0.90638
 0.90928
 0.9274
 0.92914
 0.92492
 0.92735
 0
 0
 0.66667
 1
 0.6
 0.7
 0.6
 0.5
 0.7
 0.7
 0.73333
 0.9
 0.83333
 0.7
 0.8
 0.81667
 0.95
 0.93333
 0.85
 0.9
 0.91
 0.9
 0.88
 0.87
 0.88
 0.88667
 0.92667
 0.92667
 0.93333
 0.93333
 0
 0
 0.66638
 0.91879
 0.70451
 0.73852
 0.63603
 0.70483
 0.7573299999999999
 0.71271
 0.73138
 0.82246
 0.8287600000000001
 0.80919
 0.86738
 0.85455
 0.88827
 0.9073600000000001
 0.80086
 0.83982
 0.87416
 0.85802
 0.865
 0.87268
 0.8669
 0.85001
 0.87471
 0.88476
 0.88128
 0.87262
 0
 0
 0.7184199999999999
 0.81714
 0.54589
 0.64529
 0.59023
 0.63995
 0.6682399999999999
 0.70746
 0.68982
 0.7114
 0.71405
 0.73119
 0.7564
 0.7643
 0.78279
 0.80624
 0.73758
 0.76186
 0.77593
 0.78456
 0.78138
 0.79426
 0.78903
 0.80577
 0.80457
 0.81663
 0.8196
 0.83286
 0
 0
 0.66667
 1
 0.6
 0.5
 0.42857
 0.625
 0.77778
 0.4
 0.90909
 0.75
 0.84615
 0.5555600000000001
 0.8
 0.66667
 1
 1
 1
 1
 1
 0
 1
 1
 1
 1
 1
 1
 1
 1
 0
 0
 0.75898
 0.6304999999999999
 0.61592
 0.66106
 0.60347
 0.65627
 0.71252
 0.66323
 0.69178
 0.69413
 0.7400600000000001
 0.76015
 0.71546
 0.73343
 0.73458
 0.803
 0.84584
 0.72871
 0.82733
 0.73976
 0.85564
 0.84937
 0.78303
 0.80406
 0.76112
 0.85759
 0.80913
 0.9237
 0
 0
 0.78929
 0.73122
 0.72533
 0.80846
 0.72748
 0.77645
 0.78085
 0.80114
 0.71477
 0.8091
 0.76449
 0.81108
 0.8010699999999999
 0.84088
 0.78148
 0.81736
 0.80235
 0.79718
 0.81196
 0.80689
 0.82278
 0.81635
 0.84467
 0.85267
 0.82634
 0.83338
 0.82922
 0.8456399999999999
 0
 0
 0.71902
 0.7835
 0.56751
 0.6631
 0.6781700000000001
 0.66927
 0.6651899999999999
 0.72979
 0.67431
 0.7103699999999999
 0.72844
 0.74518
 0.7698
 0.77935
 0.79756
 0.82631
 0.7573800000000001
 0.78355
 0.8051700000000001
 0.81532
 0.81189
 0.81352
 0.80416
 0.82719
 0.82053
 0.83153
 0.84378
 0.8404
 0
 0
 0.9998899999999999
 1
 1
 1
 1
 1
 1
 1
 1
 0.99831
 0.9946700000000001
 0.9883999999999999
 0.98475
 0.97392
 0.97115
 0.96378
 0.9703000000000001
 0.97158
 0.96271
 0.9557
 0.95718
 0.95238
 0.95745
 0.95013
 0.95085
 0.96472
 0.93977
 0.9519300000000001
 0
 0
 0.6774
 0.64935
 0.62116
 0.69426
 0.5859799999999999
 0.69158
 0.65306
 0.70138
 0.64308
 0.69142
 0.69938
 0.79236
 0.82061
 0.75661
 0.89536
 0.93102
 0.72161
 0.76301
 0.76981
 0.79271
 0.79235
 0.89161
 0.7965100000000001
 0.89053
 0.84067
 0.82116
 0.82492
 0.82442
 0
 0
 0.78929
 0.72724
 0.65206
 0.71848
 0.72294
 0.76469
 0.74638
 0.77194
 0.70212
 0.7759
 0.77262
 0.76837
 0.80132
 0.7912400000000001
 0.8229300000000001
 0.81197
 0.78142
 0.83175
 0.78848
 0.8066
 0.7963
 0.8815
 0.81173
 0.85615
 0.81525
 0.8265400000000001
 0.82983
 0.8876500000000001
 0
 0
 0
 0
 0
 0
 0
 0
 0
 0
 0
 0
 0
 0
 0
 0
 0
 0
 0
 0
 0
 0
 0
 0
 0
 0
 0
 0
 0
 0
 0
 0
 0
 0
 0
 0
 0
 0
 0
 0
 0
 0
 0
 0
 0
 0
 0
 0
 0
 0
 0
 0
 0
 0
 0
 0
 0
 0
 0
 0
 0
 0
 0
 0
 0
 0
 0
 0
 0
 0
 0
 0
 0
 0
 0
 0
 0
 0
 0
 0
 0
 0
 0
 0
 0
 0
 0
 0
 0
 0
 0
 0
 0
 0
 0
 0
 0
 0
 0
 0
 0
 0
 0
 0
 0
 0
 0
 0
 0
 0
 0
 0
 0
 0
 0
 0
 0
 0
 0
 0
 0
 0
 0
 0
 0
 0
 0
 0
 0
 0
 0
 0
 0
 0
 0
 0
 0
 0
 0
 0
 0
 0
 0
 0
 0
 0
 0
 0
 0
 0
 0
 0
 0.99999
 1
 1
 1
 1
 1
 1
 0.9981
 1
 0.99773
 0.99339
 0.9856
 0.98389
 0.96436
 0.9693000000000001
 0.95956
 0.97155
 0.96861
 0.96595
 0.96301
 0.95746
 0.95649
 0.9635899999999999
 0.95199
 0.95103
 0.95887
 0.95008
 0.94343
 0
 0
 0
 0
 0
 0
 0
 0
 0
 0
 0
 0
 0
 0
 0
 0
 0
 0
 0
 0
 0
 0
 0
 0
 0
 0
 0
 0
 0
 0
 0
 0
 0
 0
 0
 0
 0
 0
 0
 0
 0
 0
 0
 0
 0
 0
 0
 0
 0
 0
 0
 0
 0
 0
 0
 0
 0
 0
 0
 0


