# Created by Octave 4.0.0, Sat Nov 21 16:31:15 2015 W. Europe Standard Time <unknown@Florian-PC>
# name: mus
# type: matrix
# ndims: 3
 1 30 19
 0
 0
 0.89641
 0.84197
 0.91799
 0.94054
 0.92147
 0.9496599999999999
 0.95656
 0.95378
 0.9366100000000001
 0.91582
 0.92391
 0.90504
 0.88776
 0.90372
 0.88345
 0.86111
 0.86633
 0.88729
 0.8863799999999999
 0.89646
 0.87981
 0.90391
 0.9166
 0.92015
 0.9164600000000001
 0.92333
 0.90726
 0.89744
 0
 0
 0
 0.5
 0.2
 0.7
 0.8
 0.6
 0.5
 0.6
 0.6333299999999999
 0.76667
 0.76667
 0.83333
 0.66667
 0.7
 0.75
 0.66667
 0.73333
 0.65
 0.77
 0.65
 0.5600000000000001
 0.68
 0.6
 0.49333
 0.59333
 0.50667
 0.59333
 0.6333299999999999
 0
 0
 0.40205
 0.69565
 0.65384
 0.63664
 0.70303
 0.69321
 0.66013
 0.68929
 0.6385
 0.70258
 0.5728
 0.63302
 0.64037
 0.63411
 0.63988
 0.61369
 0.65163
 0.6710700000000001
 0.6432
 0.65212
 0.63363
 0.66834
 0.61249
 0.65883
 0.6045199999999999
 0.62902
 0.61516
 0.64175
 0
 0
 0.02615
 0.26355
 0.34527
 0.46074
 0.63241
 0.37404
 0.31999
 0.5581
 0.68526
 0.70042
 0.67843
 0.70469
 0.6843900000000001
 0.63767
 0.66152
 0.67197
 0.68503
 0.64761
 0.65596
 0.65757
 0.63519
 0.61709
 0.59518
 0.5616
 0.61048
 0.58349
 0.62384
 0.63962
 0
 0
 0
 0.5
 0.4
 0.5
 0.42857
 0.5
 0.33333
 0.6
 0.54545
 0.91667
 0.69231
 0.77778
 0.8
 1
 1
 1
 1
 1
 1
 0
 1
 0
 0
 1
 1
 1
 0
 1
 0
 0
 0.05789
 0.54377
 0.45603
 0.54142
 0.51786
 0.46059
 0.40211
 0.5697
 0.66462
 0.79481
 0.68843
 0.74411
 0.7305199999999999
 0.71957
 0.7177
 0.73254
 0.77366
 0.72048
 0.7476699999999999
 0.59727
 0.77345
 0.52372
 0.47701
 0.59106
 0.66636
 0.62937
 0.48526
 0.74111
 0
 0
 0.57859
 0.44688
 0.77743
 0.60893
 0.69477
 0.65657
 0.6089
 0.6548
 0.6788999999999999
 0.68599
 0.6656
 0.69377
 0.68262
 0.67984
 0.65122
 0.66398
 0.6561
 0.67814
 0.62177
 0.68879
 0.64642
 0.63506
 0.62552
 0.64031
 0.64821
 0.6467000000000001
 0.65778
 0.63595
 0
 0
 0.07292999999999999
 0.26461
 0.43311
 0.53748
 0.60807
 0.46603
 0.42331
 0.53615
 0.63467
 0.63396
 0.59422
 0.61551
 0.62685
 0.5891999999999999
 0.60479
 0.6076
 0.61447
 0.59309
 0.6049
 0.59535
 0.58657
 0.57046
 0.55649
 0.53899
 0.56699
 0.55827
 0.5683
 0.57443
 0
 0
 0.96363
 0.96104
 0.89849
 0.94912
 0.90306
 0.93445
 0.89539
 0.91487
 0.90908
 0.9216299999999999
 0.92419
 0.92907
 0.92115
 0.92514
 0.91709
 0.91185
 0.90723
 0.91439
 0.9082
 0.9067
 0.90503
 0.90415
 0.90038
 0.90804
 0.89573
 0.90884
 0.90864
 0.89067
 0
 0
 0.06593
 0.52583
 0.47778
 0.61612
 0.5747100000000001
 0.40225
 0.46421
 0.52807
 0.69515
 0.76597
 0.66786
 0.70456
 0.7341800000000001
 0.64471
 0.66271
 0.65568
 0.71309
 0.6347699999999999
 0.63514
 0.63237
 0.61737
 0.57285
 0.55828
 0.57467
 0.61522
 0.59926
 0.56589
 0.64562
 0
 0
 0.57859
 0.47409
 0.75191
 0.5575599999999999
 0.74178
 0.66564
 0.52252
 0.57604
 0.67228
 0.6591
 0.6666
 0.6858300000000001
 0.67769
 0.67233
 0.6698
 0.66613
 0.64935
 0.65985
 0.63689
 0.67613
 0.63688
 0.5903
 0.6458199999999999
 0.34145
 0.6367699999999999
 0.6296
 0.6395999999999999
 0.64025
 0
 0
 0
 0
 0
 0
 0
 0
 0
 0
 0
 0
 0
 0
 0
 0
 0
 0
 0
 0
 0
 0
 0
 0
 0
 0
 0
 0
 0
 0
 0
 0
 0
 0
 0
 0
 0
 0
 0
 0
 0
 0
 0
 0
 0
 0
 0
 0
 0
 0
 0
 0
 0
 0
 0
 0
 0
 0
 0
 0
 0
 0
 0
 0
 0
 0
 0
 0
 0
 0
 0
 0
 0
 0
 0
 0
 0
 0
 0
 0
 0
 0
 0
 0
 0
 0
 0
 0
 0
 0
 0
 0
 0
 0
 0
 0
 0
 0
 0
 0
 0
 0
 0
 0
 0
 0
 0
 0
 0
 0
 0
 0
 0
 0
 0
 0
 0
 0
 0
 0
 0
 0
 0
 0
 0
 0
 0
 0
 0
 0
 0
 0
 0
 0
 0
 0
 0
 0
 0
 0
 0
 0
 0
 0
 0
 0
 0
 0
 0
 0
 0
 0
 0.96721
 0.92167
 0.96028
 0.9090200000000001
 0.90195
 0.9053
 0.89777
 0.92968
 0.9068000000000001
 0.92055
 0.93058
 0.92374
 0.91945
 0.91476
 0.91613
 0.92015
 0.91153
 0.91167
 0.9059700000000001
 0.90361
 0.89978
 0.90446
 0.91453
 0.90786
 0.90648
 0.907
 0.90211
 0.90518
 0
 0
 0
 0
 0
 0
 0
 0
 0
 0
 0
 0
 0
 0
 0
 0
 0
 0
 0
 0
 0
 0
 0
 0
 0
 0
 0
 0
 0
 0
 0
 0
 0
 0
 0
 0
 0
 0
 0
 0
 0
 0
 0
 0
 0
 0
 0
 0
 0
 0
 0
 0
 0
 0
 0
 0
 0
 0
 0
 0


