# Created by Octave 4.0.0, Sat Nov 21 16:31:14 2015 W. Europe Standard Time <unknown@Florian-PC>
# name: mus
# type: matrix
# ndims: 3
 1 30 19
 0
 0
 0.49875
 0.49833
 0.49791
 0.49749
 0.49541
 0.78607
 0.86717
 0.89076
 0.88574
 0.84596
 0.80017
 0.79983
 0.82278
 0.80574
 0.9422700000000001
 0.95034
 0.94709
 0.94661
 0.91228
 0.91765
 0.91722
 0.94473
 0.95319
 0.95819
 0.95097
 0.94799
 0.9444900000000001
 0.9418800000000001
 0
 0
 1
 1
 1
 1
 1
 0.9
 0.8
 1
 0.9
 0.93333
 0.93333
 0.73333
 0.73333
 0.8
 0.65
 0.6333299999999999
 0.6
 0.7
 0.7
 0.64
 0.6899999999999999
 0.75
 0.64
 0.72667
 0.6
 0.59333
 0.52
 0.5
 0
 0
 1
 1
 1
 1
 1
 0.87969
 0.96839
 0.97833
 0.89254
 0.9374400000000001
 0.91294
 0.9095800000000001
 0.82482
 0.82541
 0.7835
 0.73943
 0.74343
 0.76698
 0.75786
 0.72787
 0.75623
 0.72562
 0.73284
 0.73032
 0.71946
 0.72046
 0.71019
 0.67214
 0
 0
 1
 1
 1
 1
 1
 0.86609
 0.9441000000000001
 0.96876
 0.9543199999999999
 0.91655
 0.91717
 0.91468
 0.85071
 0.84779
 0.76514
 0.76018
 0.73348
 0.73492
 0.74897
 0.69132
 0.75409
 0.74986
 0.72501
 0.73417
 0.74121
 0.7396200000000001
 0.70382
 0.67728
 0
 0
 1
 1
 1
 1
 1
 0.875
 1
 1
 1
 0.75
 0.92308
 0.88889
 0.8
 1
 0
 1
 1
 1
 1
 0
 1
 1
 1
 1
 0
 1
 1
 0
 0
 0
 1
 1
 1
 1
 1
 0.83497
 0.96855
 0.99313
 0.96766
 0.87647
 0.90442
 0.88906
 0.8456900000000001
 0.9133599999999999
 0.64502
 0.83965
 0.80278
 0.7960199999999999
 0.81641
 0.54267
 0.8355399999999999
 0.7319099999999999
 0.79511
 0.84137
 0.6594100000000001
 0.7417899999999999
 0.74463
 0.64886
 0
 0
 1
 1
 1
 1
 1
 0.86515
 0.86881
 0.87722
 0.88596
 0.91098
 0.92495
 0.84367
 0.80026
 0.80511
 0.7861900000000001
 0.77421
 0.73367
 0.75537
 0.73165
 0.7205
 0.7276899999999999
 0.72962
 0.69765
 0.70226
 0.70126
 0.70769
 0.69628
 0.69823
 0
 0
 1
 1
 1
 1
 1
 0.81593
 0.86771
 0.90011
 0.8923
 0.87517
 0.89001
 0.8456
 0.77995
 0.76768
 0.70687
 0.69062
 0.68013
 0.6629
 0.67314
 0.64245
 0.66848
 0.67131
 0.65228
 0.65171
 0.66057
 0.66039
 0.63746
 0.6293
 0
 0
 0.97495
 0.92054
 0.90362
 0.88319
 0.94096
 0.92597
 0.92803
 0.92915
 0.92867
 0.91286
 0.92226
 0.92613
 0.89613
 0.90781
 0.90802
 0.9097499999999999
 0.90618
 0.90873
 0.9051399999999999
 0.90986
 0.90733
 0.9014
 0.9094
 0.90119
 0.90341
 0.90304
 0.90491
 0.90995
 0
 0
 1
 1
 1
 1
 1
 0.86616
 0.97871
 0.99331
 0.87497
 0.9129699999999999
 0.90615
 0.9233
 0.86891
 0.88625
 0.70153
 0.78276
 0.7571600000000001
 0.74353
 0.76692
 0.64355
 0.73587
 0.66001
 0.71238
 0.76991
 0.64982
 0.76905
 0.70956
 0.66874
 0
 0
 1
 1
 1
 1
 1
 0.85336
 0.89711
 0.89551
 0.5495
 0.89761
 0.85675
 0.92992
 0.86603
 0.81931
 0.84139
 0.74438
 0.82636
 0.72903
 0.72995
 0.71674
 0.71604
 0.70851
 0.60077
 0.70331
 0.71
 0.68515
 0.68775
 0.66222
 0
 0
 0
 0
 0
 0
 0
 0
 0
 0
 0
 0
 0
 0
 0
 0
 0
 0
 0
 0
 0
 0
 0
 0
 0
 0
 0
 0
 0
 0
 0
 0
 0
 0
 0
 0
 0
 0
 0
 0
 0
 0
 0
 0
 0
 0
 0
 0
 0
 0
 0
 0
 0
 0
 0
 0
 0
 0
 0
 0
 0
 0
 0
 0
 0
 0
 0
 0
 0
 0
 0
 0
 0
 0
 0
 0
 0
 0
 0
 0
 0
 0
 0
 0
 0
 0
 0
 0
 0
 0
 0
 0
 0
 0
 0
 0
 0
 0
 0
 0
 0
 0
 0
 0
 0
 0
 0
 0
 0
 0
 0
 0
 0
 0
 0
 0
 0
 0
 0
 0
 0
 0
 0
 0
 0
 0
 0
 0
 0
 0
 0
 0
 0
 0
 0
 0
 0
 0
 0
 0
 0
 0
 0
 0
 0
 0
 0
 0
 0
 0
 0
 0
 0.9498
 0.93614
 0.8915999999999999
 0.91191
 0.95442
 0.91723
 0.92386
 0.91475
 0.91456
 0.92583
 0.92001
 0.92299
 0.92481
 0.90849
 0.91293
 0.90885
 0.90083
 0.91281
 0.90457
 0.90568
 0.91279
 0.90862
 0.91083
 0.9031
 0.8919899999999999
 0.91023
 0.89299
 0.89708
 0
 0
 0
 0
 0
 0
 0
 0
 0
 0
 0
 0
 0
 0
 0
 0
 0
 0
 0
 0
 0
 0
 0
 0
 0
 0
 0
 0
 0
 0
 0
 0
 0
 0
 0
 0
 0
 0
 0
 0
 0
 0
 0
 0
 0
 0
 0
 0
 0
 0
 0
 0
 0
 0
 0
 0
 0
 0
 0
 0


# name: vars
# type: matrix
# ndims: 3
 1 30 19
 0
 0
 0.087589
 0.06375599999999999
 0.049365
 0.039696
 0.035843
 0.022233
 0.011683
 0.008982
 0.009398
 0.011673
 0.011972
 0.009604
 0.010357
 0.011298
 0.003433
 0.002291
 0.003281
 0.00223
 0.010187
 0.003123
 0.003059
 0.003428
 0.001831
 0.001041
 0.001785
 0.00256
 0.001479
 0.001972
 0
 0
 0
 0
 0
 0
 0
 0.05
 0.2
 0
 0.05
 0.02222
 0.02222
 0.07778
 0.07778
 0.08889
 0.12639
 0.04722
 0.08125
 0.04375
 0.075
 0.063
 0.018
 0.0075
 0.008
 0.03356
 0.04889
 0.06967
 0.05756
 0.04167
 0
 0
 0
 0
 0
 0
 0
 0
 0
 0
 0
 0
 0
 0
 0
 0
 0
 0
 0
 0
 0
 0
 0
 0
 0
 0
 0
 0
 0
 0
 0
 0
 0
 0
 0
 0
 0
 0.020648
 0.007878
 0.002642
 0.002217
 0.006805
 0.005637
 0.004993
 0.008173
 0.009856999999999999
 0.011024
 0.011423
 0.013274
 0.010379
 0.010653
 0.011441
 0.008463
 0.008825
 0.009162
 0.008061
 0.008333
 0.006266
 0.007684
 0.008142999999999999
 0
 0
 0.008208
 0.013271
 0.012783
 0.008338999999999999
 0.014136
 0.014748
 0.014553
 0.011694
 0.012293
 0.016913
 0.009450999999999999
 0.01179
 0.014417
 0.01128
 0.011632
 0.014159
 0.011708
 0.010766
 0.011419
 0.014493
 0.012074
 0.012846
 0.011847
 0.013868
 0.012281
 0.015704
 0.011807
 0.012177
 0
 0
 0
 0
 0
 0
 0
 0
 0
 0
 0
 0
 0
 0
 0
 0
 0
 0
 0
 0
 0
 0
 0
 0
 0
 0
 0
 0
 0
 0
 0
 0
 0
 0
 0
 0
 0
 0
 0
 0
 0
 0
 0
 0
 0
 0
 0
 0
 0
 0
 0
 0
 0
 0
 0
 0
 0
 0
 0
 0
 0
 0
 0
 0
 0
 0
 0
 0.016557
 0.017847
 0.020756
 0.019644
 0.01663
 0.011622
 0.010109
 0.015947
 0.017522
 0.015157
 0.013797
 0.01265
 0.012098
 0.011424
 0.011473
 0.012184
 0.012615
 0.009337
 0.011261
 0.011963
 0.010666
 0.010554
 0.008663000000000001
 0
 0
 0.002419
 0.015606
 0.01672
 0.017898
 0.007927
 0.008495000000000001
 0.009412
 0.009175000000000001
 0.011062
 0.013944
 0.012215
 0.012498
 0.017585
 0.013257
 0.011999
 0.011948
 0.013919
 0.01393
 0.013143
 0.011839
 0.013394
 0.014548
 0.012098
 0.013209
 0.011682
 0.013068
 0.01192
 0.011539
 0
 0
 0
 0
 0
 0
 0
 0
 0
 0
 0
 0
 0
 0
 0
 0
 0
 0
 0
 0
 0
 0
 0
 0
 0
 0
 0
 0
 0
 0
 0
 0
 0
 0
 0
 0
 0
 0
 0
 0
 0
 0
 0
 0
 0
 0
 0
 0
 0
 0
 0
 0
 0
 0
 0
 0
 0
 0
 0
 0
 0
 0
 0
 0
 0
 0
 0
 0
 0
 0
 0
 0
 0
 0
 0
 0
 0
 0
 0
 0
 0
 0
 0
 0
 0
 0
 0
 0
 0
 0
 0
 0
 0
 0
 0
 0
 0
 0
 0
 0
 0
 0
 0
 0
 0
 0
 0
 0
 0
 0
 0
 0
 0
 0
 0
 0
 0
 0
 0
 0
 0
 0
 0
 0
 0
 0
 0
 0
 0
 0
 0
 0
 0
 0
 0
 0
 0
 0
 0
 0
 0
 0
 0
 0
 0
 0
 0
 0
 0
 0
 0
 0
 0
 0
 0
 0
 0
 0
 0
 0
 0
 0
 0
 0
 0
 0
 0
 0
 0
 0
 0
 0
 0
 0
 0
 0
 0
 0
 0
 0
 0
 0
 0
 0
 0
 0
 0
 0
 0
 0
 0
 0
 0
 0
 0
 0
 0
 0
 0
 0
 0
 0
 0
 0
 0
 0
 0
 0
 0
 0
 0
 0
 0.006943
 0.010455
 0.021036
 0.015782
 0.005034
 0.014218
 0.011195
 0.01378
 0.014166
 0.011963
 0.011593
 0.012132
 0.011765
 0.013262
 0.010998
 0.013514
 0.013029
 0.011908
 0.013501
 0.012609
 0.011424
 0.011921
 0.012519
 0.012996
 0.015048
 0.012183
 0.014747
 0.013077
 0
 0
 0
 0
 0
 0
 0
 0
 0
 0
 0
 0
 0
 0
 0
 0
 0
 0
 0
 0
 0
 0
 0
 0
 0
 0
 0
 0
 0
 0
 0
 0
 0
 0
 0
 0
 0
 0
 0
 0
 0
 0
 0
 0
 0
 0
 0
 0
 0
 0
 0
 0
 0
 0
 0
 0
 0
 0
 0
 0


