# Created by Octave 4.0.0, Sat Nov 21 16:31:28 2015 W. Europe Standard Time <unknown@Florian-PC>
# name: mus
# type: matrix
# ndims: 3
 1 30 19
 0
 0
 0.72348
 0.5602
 0.72385
 0.67253
 0.64606
 0.62836
 0.62907
 0.63025
 0.66222
 0.66077
 0.84114
 0.8610100000000001
 0.6886100000000001
 0.87162
 0.65252
 0.66456
 0.81565
 0.81186
 0.79866
 0.76473
 0.76505
 0.82228
 0.80681
 0.82441
 0.81692
 0.84892
 0.84219
 0.86239
 0
 0
 0.66667
 1
 0.6
 0.7
 0.6
 0.6
 0.7
 0.8
 0.76667
 0.73333
 0.7
 0.56667
 0.66667
 0.6166700000000001
 0.53333
 0.45
 0.6166700000000001
 0.7
 0.62
 0.59
 0.57
 0.66
 0.72
 0.77333
 0.74
 0.72
 0.68
 0.73333
 0
 0
 0.58461
 0.91915
 0.63401
 0.65401
 0.56253
 0.77281
 0.73367
 0.83757
 0.6321
 0.74724
 0.67815
 0.66789
 0.70409
 0.73685
 0.6587
 0.71473
 0.68918
 0.72578
 0.73082
 0.72609
 0.7706499999999999
 0.75479
 0.71135
 0.72899
 0.66674
 0.73894
 0.71683
 0.73974
 0
 0
 0.8055600000000001
 0.97323
 0.78223
 0.81077
 0.57011
 0.7609399999999999
 0.83286
 0.83197
 0.80814
 0.81891
 0.73805
 0.69891
 0.65242
 0.66875
 0.71369
 0.7306
 0.72811
 0.77876
 0.72048
 0.75003
 0.83033
 0.74189
 0.75421
 0.7708
 0.75385
 0.77524
 0.79698
 0.8048999999999999
 0
 0
 1
 1
 0.6
 0.66667
 0.42857
 0.875
 0.77778
 0.8
 0.54545
 0.58333
 0.76923
 0.5555600000000001
 0.2
 1
 1
 1
 0
 1
 0
 1
 0
 1
 1
 1
 1
 1
 1
 1
 0
 0
 1.40003
 1.38889
 0.6
 0.675
 0.49941
 0.81071
 0.80357
 0.85933
 0.6351
 0.63902
 0.76096
 0.59326
 0.5135
 0.83524
 0.90378
 0.91634
 0.54642
 0.89139
 0.48473
 0.9576
 0.67679
 0.91272
 0.93735
 0.80838
 0.70858
 0.94203
 0.875
 1
 0
 0
 0.36788
 0.75047
 0.7625
 0.79752
 0.66878
 0.73792
 0.71752
 0.71696
 0.75788
 0.70182
 0.81971
 0.78121
 0.71043
 0.71791
 0.79373
 0.76508
 0.76998
 0.77651
 0.75696
 0.74581
 0.7480599999999999
 0.74113
 0.71477
 0.77699
 0.7447
 0.80005
 0.78997
 0.7784
 0
 0
 0.8055600000000001
 0.83234
 0.74276
 0.81869
 0.63589
 0.7680399999999999
 0.77144
 0.80522
 0.7507200000000001
 0.7461100000000001
 0.71492
 0.72766
 0.69194
 0.7010999999999999
 0.74747
 0.74271
 0.72778
 0.75917
 0.70655
 0.7618
 0.80175
 0.73443
 0.74625
 0.76271
 0.74149
 0.76232
 0.77115
 0.78621
 0
 0
 1
 1
 1
 1
 1
 1
 1
 1
 1
 1
 1
 1
 1
 1
 1
 1
 1
 1
 1
 1
 1
 1
 1
 1
 1
 1
 1
 1
 0
 0
 1.40003
 1.42157
 0.55167
 0.64024
 0.55298
 0.6469
 0.69929
 0.9135
 0.84353
 0.73754
 0.63905
 0.64403
 0.68621
 0.62209
 0.67736
 0.85899
 0.67661
 0.81798
 0.78581
 0.70685
 0.99187
 0.74144
 0.68701
 0.74743
 0.44939
 0.74801
 0.87604
 0.99285
 0
 0
 0.36788
 0.75047
 0.7865
 0.79504
 0.67888
 0.74852
 0.7797500000000001
 0.77782
 0.83714
 0.7059299999999999
 0.85029
 0.74555
 0.68465
 0.77019
 0.69104
 0.80801
 0.89678
 0.82929
 0.71077
 0.89858
 0.7752
 0.75872
 0.79487
 0.78999
 0.86408
 0.82985
 0.8026
 0.89779
 0
 0
 0
 0
 0
 0
 0
 0
 0
 0
 0
 0
 0
 0
 0
 0
 0
 0
 0
 0
 0
 0
 0
 0
 0
 0
 0
 0
 0
 0
 0
 0
 0
 0
 0
 0
 0
 0
 0
 0
 0
 0
 0
 0
 0
 0
 0
 0
 0
 0
 0
 0
 0
 0
 0
 0
 0
 0
 0
 0
 0
 0
 0
 0
 0
 0
 0
 0
 0
 0
 0
 0
 0
 0
 0
 0
 0
 0
 0
 0
 0
 0
 0
 0
 0
 0
 0
 0
 0
 0
 0
 0
 0
 0
 0
 0
 0
 0
 0
 0
 0
 0
 0
 0
 0
 0
 0
 0
 0
 0
 0
 0
 0
 0
 0
 0
 0
 0
 0
 0
 0
 0
 0
 0
 0
 0
 0
 0
 0
 0
 0
 0
 0
 0
 0
 0
 0
 0
 0
 0
 0
 0
 0
 0
 0
 0
 0
 0
 0
 0
 0
 0
 1
 1
 1
 1
 1
 1
 1
 1
 1
 1
 1
 1
 1
 1
 1
 1
 1
 1
 1
 1
 1
 1
 1
 1
 1
 1
 1
 1
 0
 0
 0
 0
 0
 0
 0
 0
 0
 0
 0
 0
 0
 0
 0
 0
 0
 0
 0
 0
 0
 0
 0
 0
 0
 0
 0
 0
 0
 0
 0
 0
 0
 0
 0
 0
 0
 0
 0
 0
 0
 0
 0
 0
 0
 0
 0
 0
 0
 0
 0
 0
 0
 0
 0
 0
 0
 0
 0
 0


# name: vars
# type: matrix
# ndims: 3
 1 30 19
 0
 0
 0.0593
 0.062639
 0.037706
 0.030689
 0.028945
 0.025327
 0.023548
 0.022806
 0.018686
 0.016476
 0.011289
 0.008024
 0.011934
 0.005018
 0.010062
 0.01449
 0.011059
 0.006581
 0.008586
 0.008482
 0.007432
 0.005047
 0.005866
 0.00688
 0.007341
 0.004767
 0.004258
 0.003461
 0
 0
 0.33333
 0
 0.3
 0.2
 0.175
 0.175
 0.2
 0.075
 0.10556
 0.06389
 0.08889
 0.02222
 0.05556
 0.02639
 0.01944
 0.02639
 0.03681
 0.04375
 0.047
 0.073
 0.057
 0.038
 0.012
 0.00356
 0.01022
 0.01922
 0.04533
 0.02222
 0
 0
 0
 0
 0
 0
 0
 0
 0
 0
 0
 0
 0
 0
 0
 0
 0
 0
 0
 0
 0
 0
 0
 0
 0
 0
 0
 0
 0
 0
 0
 0
 0.15277
 0.00059
 0.06525
 0.04738
 0.05996
 0.06258
 0.038
 0.0415
 0.0391
 0.03719
 0.04982
 0.05178
 0.05011
 0.04792
 0.0453
 0.03723
 0.03983
 0.03526
 0.0396
 0.03617
 0.02759
 0.03332
 0.03538
 0.03277
 0.03468
 0.03158
 0.03095
 0.02804
 0
 0
 0
 0
 0
 0
 0
 0
 0
 0
 0
 0
 0
 0
 0
 0
 0
 0
 0
 0
 0
 0
 0
 0
 0
 0
 0
 0
 0
 0
 0
 0
 0
 0
 0
 0
 0
 0
 0
 0
 0
 0
 0
 0
 0
 0
 0
 0
 0
 0
 0
 0
 0
 0
 0
 0
 0
 0
 0
 0
 0
 0
 0
 0
 0
 0
 0
 0
 0
 0
 0
 0
 0
 0
 0
 0
 0
 0
 0
 0
 0
 0
 0
 0
 0
 0
 0
 0
 0
 0
 0
 0
 0.15277
 0.02332
 0.03951
 0.02987
 0.03538
 0.02054
 0.0301
 0.02591
 0.03464
 0.03046
 0.0377
 0.03014
 0.03653
 0.03394
 0.04076
 0.04071
 0.04112
 0.04457
 0.03876
 0.03643
 0.03961
 0.04199
 0.04008
 0.03517
 0.04107
 0.0392
 0.0368
 0.03641
 0
 0
 0
 0
 0
 0
 0
 0
 0
 0
 0
 0
 0
 0
 0
 0
 0
 0
 0
 0
 0
 0
 0
 0
 0
 0
 0
 0
 0
 0
 0
 0
 0
 0
 0
 0
 0
 0
 0
 0
 0
 0
 0
 0
 0
 0
 0
 0
 0
 0
 0
 0
 0
 0
 0
 0
 0
 0
 0
 0
 0
 0
 0
 0
 0
 0
 0
 0
 0
 0
 0
 0
 0
 0
 0
 0
 0
 0
 0
 0
 0
 0
 0
 0
 0
 0
 0
 0
 0
 0
 0
 0
 0
 0
 0
 0
 0
 0
 0
 0
 0
 0
 0
 0
 0
 0
 0
 0
 0
 0
 0
 0
 0
 0
 0
 0
 0
 0
 0
 0
 0
 0
 0
 0
 0
 0
 0
 0
 0
 0
 0
 0
 0
 0
 0
 0
 0
 0
 0
 0
 0
 0
 0
 0
 0
 0
 0
 0
 0
 0
 0
 0
 0
 0
 0
 0
 0
 0
 0
 0
 0
 0
 0
 0
 0
 0
 0
 0
 0
 0
 0
 0
 0
 0
 0
 0
 0
 0
 0
 0
 0
 0
 0
 0
 0
 0
 0
 0
 0
 0
 0
 0
 0
 0
 0
 0
 0
 0
 0
 0
 0
 0
 0
 0
 0
 0
 0
 0
 0
 0
 0
 0
 0
 0
 0
 0
 0
 0
 0
 0
 0
 0
 0
 0
 0
 0
 0
 0
 0
 0
 0
 0
 0
 0
 0
 0
 0
 0
 0
 0
 0
 0
 0
 0
 0
 0
 0
 0
 0
 0
 0
 0
 0
 0
 0
 0
 0
 0
 0
 0
 0
 0
 0
 0
 0
 0
 0
 0
 0
 0
 0
 0
 0
 0
 0
 0
 0
 0
 0
 0
 0
 0
 0
 0
 0
 0
 0
 0
 0
 0
 0
 0
 0
 0
 0
 0
 0
 0
 0
 0
 0
 0
 0
 0
 0
 0
 0
 0
 0
 0
 0
 0
 0
 0
 0
 0
 0
 0
 0
 0
 0
 0
 0
 0
 0
 0
 0
 0
 0
 0


