# Created by Octave 4.0.0, Sat Nov 21 16:31:01 2015 W. Europe Standard Time <unknown@Florian-PC>
# name: mus
# type: matrix
# ndims: 3
 1 30 19
 0
 0
 0.49875
 0.49833
 0.8250999999999999
 0.82161
 0.82902
 0.8305399999999999
 0.77444
 0.81933
 0.85405
 0.83923
 0.82943
 0.8484
 0.85063
 0.86402
 0.8708399999999999
 0.87247
 0.87274
 0.87881
 0.87719
 0.9415
 0.94168
 0.94473
 0.94468
 0.94565
 0.94508
 0.9454399999999999
 0.94396
 0.9444399999999999
 0
 0
 1
 1
 0.6
 0.8
 0.9
 1
 1
 1
 1
 0.8666700000000001
 1
 1
 1
 1
 1
 0.95
 0.95
 0.95
 0.95
 0.85
 0.88
 0.88
 0.88
 0.88
 0.92667
 0.92667
 0.93333
 0.93333
 0
 0
 1
 1
 0.71404
 0.84855
 0.88067
 0.94098
 0.98276
 0.95587
 0.9075800000000001
 0.94508
 0.91232
 0.97254
 0.95436
 0.99241
 0.98507
 0.99486
 0.97941
 0.9966
 0.997
 0.95978
 0.95606
 0.97124
 0.95734
 0.9688099999999999
 0.97688
 0.98137
 0.9645
 0.9657
 0
 0
 1
 1
 0.66437
 0.7358
 0.83907
 0.86976
 0.8899899999999999
 0.91816
 0.90922
 0.89637
 0.91254
 0.93119
 0.93101
 0.94906
 0.96107
 0.9569
 0.96449
 0.96231
 0.97104
 0.92563
 0.92853
 0.93028
 0.93496
 0.9386100000000001
 0.94194
 0.94206
 0.9461000000000001
 0.94699
 0
 0
 1
 1
 0.8
 1
 0.85714
 1
 1
 1
 1
 1
 1
 1
 1
 1
 1
 1
 1
 1
 1
 1
 1
 1
 1
 1
 1
 1
 1
 1
 0
 0
 1
 1
 0.78631
 0.78241
 0.83179
 0.83177
 0.87838
 0.98926
 0.90381
 0.98541
 0.86722
 0.99174
 0.97987
 0.90944
 0.94733
 0.95679
 0.9722499999999999
 0.9381
 0.99939
 0.89183
 0.9216800000000001
 0.96602
 0.98865
 0.92557
 0.95606
 0.9465
 0.92575
 0.94643
 0
 0
 1
 1
 0.82972
 0.89138
 0.8515200000000001
 0.85077
 0.85241
 0.95935
 0.87819
 0.87181
 0.89322
 0.93623
 0.91238
 0.99191
 0.92423
 0.9367
 0.93827
 0.95747
 0.93938
 0.91965
 0.9122
 0.91077
 0.91484
 0.94249
 0.92027
 0.95178
 0.94453
 0.9841800000000001
 0
 0
 1
 1
 0.67193
 0.6785099999999999
 0.82241
 0.79723
 0.84883
 0.8979200000000001
 0.87254
 0.87258
 0.91155
 0.92188
 0.9279500000000001
 0.94982
 0.96465
 0.96151
 0.9748599999999999
 0.97324
 0.9821299999999999
 0.93281
 0.93884
 0.9413899999999999
 0.9466
 0.94529
 0.95431
 0.95441
 0.95928
 0.95856
 0
 0
 0.99958
 1
 1
 1
 1
 1
 1
 1
 1
 0.99766
 0.98977
 0.98299
 0.98817
 0.9738599999999999
 0.97165
 0.96711
 0.9693000000000001
 0.97553
 0.95936
 0.96185
 0.96163
 0.9576
 0.96039
 0.9585
 0.95438
 0.9543
 0.94088
 0.94295
 0
 0
 1
 1
 0.81954
 0.76267
 0.77476
 0.77296
 0.87131
 0.9731300000000001
 0.92431
 0.97566
 0.89398
 0.92521
 0.96413
 0.99497
 0.99661
 0.99851
 0.9636400000000001
 0.97299
 0.99954
 0.92471
 0.94769
 0.97672
 0.93735
 0.95674
 0.94754
 0.96097
 0.9545400000000001
 0.95509
 0
 0
 1
 1
 0.83758
 0.89647
 0.8557399999999999
 0.86596
 0.88995
 0.95573
 0.8757200000000001
 0.84212
 0.87448
 0.91581
 0.90107
 0.91067
 0.90179
 0.91897
 0.91964
 0.92576
 0.96308
 0.91598
 0.91598
 0.9302
 0.9295
 0.94374
 0.93674
 0.9347
 0.9436
 0.95969
 0
 0
 0
 0
 0
 0
 0
 0
 0
 0
 0
 0
 0
 0
 0
 0
 0
 0
 0
 0
 0
 0
 0
 0
 0
 0
 0
 0
 0
 0
 0
 0
 0
 0
 0
 0
 0
 0
 0
 0
 0
 0
 0
 0
 0
 0
 0
 0
 0
 0
 0
 0
 0
 0
 0
 0
 0
 0
 0
 0
 0
 0
 0
 0
 0
 0
 0
 0
 0
 0
 0
 0
 0
 0
 0
 0
 0
 0
 0
 0
 0
 0
 0
 0
 0
 0
 0
 0
 0
 0
 0
 0
 0
 0
 0
 0
 0
 0
 0
 0
 0
 0
 0
 0
 0
 0
 0
 0
 0
 0
 0
 0
 0
 0
 0
 0
 0
 0
 0
 0
 0
 0
 0
 0
 0
 0
 0
 0
 0
 0
 0
 0
 0
 0
 0
 0
 0
 0
 0
 0
 0
 0
 0
 0
 0
 0
 0
 0
 0
 0
 0
 0
 0.99998
 1
 1
 1
 1
 1
 1
 1
 1
 0.99993
 0.99805
 0.9825199999999999
 0.98347
 0.9742499999999999
 0.9735
 0.96709
 0.97192
 0.96488
 0.96254
 0.96513
 0.9595
 0.95969
 0.9615
 0.96413
 0.95207
 0.9419999999999999
 0.95556
 0.95229
 0
 0
 0
 0
 0
 0
 0
 0
 0
 0
 0
 0
 0
 0
 0
 0
 0
 0
 0
 0
 0
 0
 0
 0
 0
 0
 0
 0
 0
 0
 0
 0
 0
 0
 0
 0
 0
 0
 0
 0
 0
 0
 0
 0
 0
 0
 0
 0
 0
 0
 0
 0
 0
 0
 0
 0
 0
 0
 0
 0


# name: vars
# type: matrix
# ndims: 3
 1 30 19
 0
 0
 0.07195500000000001
 0.054108
 0.028275
 0.025956
 0.017145
 0.020286
 0.020939
 0.015301
 0.010104
 0.008680999999999999
 0.009601
 0.012396
 0.00652
 0.006674
 0.005988
 0.005341
 0.006602
 0.005621
 0.005341
 0.002292
 0.002799
 0.002271
 0.002265
 0.002273
 0.001892
 0.001752
 0.0021
 0.001657
 0
 0
 0
 0
 0.3
 0.2
 0.05
 0
 0
 0
 0
 0.08889
 0
 0
 0
 0
 0
 0.0125
 0.0125
 0.0125
 0.0125
 0.05
 0.032
 0.032
 0.032
 0.032
 0.01022
 0.01022
 0.008330000000000001
 0.008330000000000001
 0
 0
 0
 0
 0
 0
 0
 0
 0
 0
 0
 0
 0
 0
 0
 0
 0
 0
 0
 0
 0
 0
 0
 0
 0
 0
 0
 0
 0
 0
 0
 0
 0
 0
 0.028357
 0.013931
 0.013055
 0.009632
 0.008966
 0.006927
 0.006767
 0.005533
 0.005028
 0.004506
 0.004721
 0.003289
 0.002104
 0.002376
 0.001824
 0.001921
 0.001335
 0.001982
 0.00202
 0.001798
 0.001622
 0.001445
 0.001327
 0.001162
 0.001133
 0.001165
 0
 0
 9.376e-008
 1.0636e-011
 1.3949e-016
 1.3085e-017
 6.7022e-032
 9.1369e-032
 2.0892e-031
 3.9967e-030
 1.0686e-028
 8.9751e-029
 1.6202e-020
 2.1851e-005
 3.2278e-008
 2.9527e-007
 3.5589e-005
 6.6569e-006
 1.0511e-007
 1.3005e-005
 0.00017069
 3.5138e-008
 1.4965e-010
 1.7074e-011
 0.0001585
 1.3462e-010
 2.9345e-008
 4.1145e-005
 0.0002162
 9.551500000000001e-011
 0
 0
 0
 0
 0
 0
 0
 0
 0
 0
 0
 0
 0
 0
 0
 0
 0
 0
 0
 0
 0
 0
 0
 0
 0
 0
 0
 0
 0
 0
 0
 0
 0
 0
 0
 0
 0
 0
 0
 0
 0
 0
 0
 0
 0
 0
 0
 0
 0
 0
 0
 0
 0
 0
 0
 0
 0
 0
 0
 0
 0
 0
 0
 0
 0.018782
 0.013331
 0.019052
 0.018914
 0.016966
 0.014439
 0.014506
 0.011647
 0.007805
 0.00636
 0.00487
 0.003723
 0.002808
 0.003181
 0.001783
 0.001515
 0.001549
 0.003154
 0.001318
 0.001394
 0.000993
 0.000824
 0.0006579999999999999
 0.000438
 0.000466
 0.000427
 0
 0
 2e-006
 0
 0
 0
 0
 0
 0
 0
 0
 0.00044
 0.0026
 0.004429
 0.002257
 0.005077
 0.006299
 0.007093
 0.008244
 0.004798
 0.009226
 0.010799
 0.006904
 0.010061
 0.008508999999999999
 0.009402000000000001
 0.009828
 0.009664000000000001
 0.015316
 0.013316
 0
 0
 0
 0
 0
 0
 0
 0
 0
 0
 0
 0
 0
 0
 0
 0
 0
 0
 0
 0
 0
 0
 0
 0
 0
 0
 0
 0
 0
 0
 0
 0
 0
 0
 0
 0
 0
 0
 0
 0
 0
 0
 0
 0
 0
 0
 0
 0
 0
 0
 0
 0
 0
 0
 0
 0
 0
 0
 0
 0
 0
 0
 0
 0
 0
 0
 0
 0
 0
 0
 0
 0
 0
 0
 0
 0
 0
 0
 0
 0
 0
 0
 0
 0
 0
 0
 0
 0
 0
 0
 0
 0
 0
 0
 0
 0
 0
 0
 0
 0
 0
 0
 0
 0
 0
 0
 0
 0
 0
 0
 0
 0
 0
 0
 0
 0
 0
 0
 0
 0
 0
 0
 0
 0
 0
 0
 0
 0
 0
 0
 0
 0
 0
 0
 0
 0
 0
 0
 0
 0
 0
 0
 0
 0
 0
 0
 0
 0
 0
 0
 0
 0
 0
 0
 0
 0
 0
 0
 0
 0
 0
 0
 0
 0
 0
 0
 0
 0
 0
 0
 0
 0
 0
 0
 0
 0
 0
 0
 0
 0
 0
 0
 0
 0
 0
 0
 0
 0
 0
 0
 0
 0
 0
 0
 0
 0
 0
 0
 0
 0
 0
 0
 0
 0
 0
 0
 0
 0
 0
 0
 0
 0
 0
 0
 0
 0
 0
 0
 0
 0
 0
 1e-006
 0.00034
 0.003774
 0.003688
 0.005451
 0.007279
 0.007435
 0.006258
 0.006596
 0.008167000000000001
 0.008097
 0.010002
 0.010367
 0.009554999999999999
 0.007219
 0.010168
 0.014214
 0.010094
 0.010346
 0
 0
 0
 0
 0
 0
 0
 0
 0
 0
 0
 0
 0
 0
 0
 0
 0
 0
 0
 0
 0
 0
 0
 0
 0
 0
 0
 0
 0
 0
 0
 0
 0
 0
 0
 0
 0
 0
 0
 0
 0
 0
 0
 0
 0
 0
 0
 0
 0
 0
 0
 0
 0
 0
 0
 0
 0
 0
 0
 0


