# Created by Octave 4.0.0, Sat Nov 21 16:31:00 2015 W. Europe Standard Time <unknown@Florian-PC>
# name: mus
# type: matrix
# ndims: 3
 1 30 19
 0
 0
 0.80201
 0.86288
 0.56151
 0.90704
 0.8875
 0.93289
 0.92565
 0.94706
 0.94996
 0.94529
 0.94398
 0.94874
 0.94262
 0.94426
 0.9437
 0.94318
 0.94737
 0.95169
 0.95489
 0.95455
 0.95569
 0.95408
 0.95319
 0.95569
 0.95686
 0.95748
 0.95573
 0.9547
 0
 0
 0.66667
 0.75
 1
 0.7
 0.7
 0.8
 0.9
 0.8
 0.93333
 0.83333
 0.9
 0.93333
 0.93333
 0.95
 1
 1
 0.95
 0.9
 0.9
 0.91
 0.88
 0.88
 0.88
 0.88
 0.88667
 0.89333
 0.9
 0.9
 0
 0
 0.7120300000000001
 0.72842
 0.88823
 0.83038
 0.8946499999999999
 0.81542
 0.77312
 0.7472
 0.85503
 0.85564
 0.89742
 0.92363
 0.88506
 0.90502
 0.92043
 0.93384
 0.95589
 0.86597
 0.8706199999999999
 0.8918199999999999
 0.90504
 0.88018
 0.93216
 0.92258
 0.91837
 0.92803
 0.9247
 0.93746
 0
 0
 0.9099
 0.51581
 0.85719
 0.68967
 0.77076
 0.65554
 0.76731
 0.69407
 0.73736
 0.77963
 0.81018
 0.81006
 0.83021
 0.8422500000000001
 0.85322
 0.8661799999999999
 0.87323
 0.81618
 0.81645
 0.83068
 0.8349
 0.84904
 0.8493000000000001
 0.86121
 0.87429
 0.87588
 0.8859900000000001
 0.89184
 0
 0
 0.33333
 0.75
 1
 0.5
 0.85714
 0.25
 1
 1
 0.90909
 1
 0.92308
 1
 0.8
 1
 1
 1
 1
 1
 1
 1
 1
 1
 1
 1
 1
 1
 1
 1
 0
 0
 0.41666
 0.6375999999999999
 0.6579700000000001
 0.66996
 0.74
 0.55233
 0.74108
 0.7806999999999999
 0.77391
 0.79504
 0.85433
 0.8455
 0.83333
 0.81697
 0.87359
 0.87379
 0.8605699999999999
 0.7913
 0.81177
 0.8043400000000001
 0.8294
 0.81934
 0.91348
 0.83081
 0.86453
 0.8930399999999999
 0.8633
 0.88354
 0
 0
 0.78929
 0.8529099999999999
 0.6661
 0.80336
 0.75964
 0.80963
 0.80167
 0.80824
 0.77024
 0.79398
 0.80462
 0.83687
 0.83666
 0.8333
 0.81789
 0.86842
 0.87417
 0.8409799999999999
 0.83094
 0.84233
 0.86981
 0.84537
 0.8796
 0.94926
 0.86986
 0.94511
 0.8622
 0.91205
 0
 0
 0.9119699999999999
 0.5194800000000001
 0.82172
 0.7202
 0.78132
 0.65447
 0.72046
 0.68775
 0.71904
 0.7593800000000001
 0.82276
 0.81834
 0.82742
 0.83313
 0.85377
 0.86553
 0.88897
 0.82924
 0.82573
 0.838
 0.85645
 0.86194
 0.8694
 0.87523
 0.89255
 0.8939
 0.89816
 0.90125
 0
 0
 0.99898
 1
 1
 1
 1
 1
 1
 1
 1
 1
 0.9908
 0.98638
 0.98544
 0.97676
 0.96167
 0.96895
 0.97092
 0.96411
 0.96746
 0.96158
 0.95399
 0.95122
 0.95272
 0.95126
 0.95011
 0.9517600000000001
 0.9505
 0.95223
 0
 0
 0.41666
 0.59844
 0.6657999999999999
 0.6388
 0.89766
 0.6420400000000001
 0.77986
 0.71548
 0.70828
 0.8306
 0.85336
 0.92003
 0.78604
 0.87524
 0.8514699999999999
 0.85424
 0.86957
 0.8090000000000001
 0.81047
 0.9253
 0.89009
 0.84415
 0.85527
 0.86975
 0.90134
 0.8856000000000001
 0.89066
 0.89542
 0
 0
 0.78929
 0.86896
 0.7013200000000001
 0.76185
 0.73025
 0.77881
 0.77835
 0.7785300000000001
 0.76759
 0.7486
 0.78462
 0.82457
 0.8012899999999999
 0.86094
 0.88179
 0.84276
 0.86621
 0.8247
 0.83022
 0.82121
 0.83462
 0.92982
 0.86104
 0.86957
 0.88871
 0.88995
 0.86824
 0.89522
 0
 0
 0
 0
 0
 0
 0
 0
 0
 0
 0
 0
 0
 0
 0
 0
 0
 0
 0
 0
 0
 0
 0
 0
 0
 0
 0
 0
 0
 0
 0
 0
 0
 0
 0
 0
 0
 0
 0
 0
 0
 0
 0
 0
 0
 0
 0
 0
 0
 0
 0
 0
 0
 0
 0
 0
 0
 0
 0
 0
 0
 0
 0
 0
 0
 0
 0
 0
 0
 0
 0
 0
 0
 0
 0
 0
 0
 0
 0
 0
 0
 0
 0
 0
 0
 0
 0
 0
 0
 0
 0
 0
 0
 0
 0
 0
 0
 0
 0
 0
 0
 0
 0
 0
 0
 0
 0
 0
 0
 0
 0
 0
 0
 0
 0
 0
 0
 0
 0
 0
 0
 0
 0
 0
 0
 0
 0
 0
 0
 0
 0
 0
 0
 0
 0
 0
 0
 0
 0
 0
 0
 0
 0
 0
 0
 0
 0
 0
 0
 0
 0
 0
 0.99999
 1
 1
 1
 1
 1
 1
 0.99999
 0.9961
 0.9994
 0.9962299999999999
 0.9817900000000001
 0.98356
 0.97118
 0.96683
 0.97122
 0.97443
 0.96705
 0.9627599999999999
 0.96467
 0.96568
 0.95263
 0.95897
 0.96127
 0.94919
 0.95146
 0.95178
 0.95152
 0
 0
 0
 0
 0
 0
 0
 0
 0
 0
 0
 0
 0
 0
 0
 0
 0
 0
 0
 0
 0
 0
 0
 0
 0
 0
 0
 0
 0
 0
 0
 0
 0
 0
 0
 0
 0
 0
 0
 0
 0
 0
 0
 0
 0
 0
 0
 0
 0
 0
 0
 0
 0
 0
 0
 0
 0
 0
 0
 0


# name: vars
# type: matrix
# ndims: 3
 1 30 19
 0
 0
 0.052548
 0.034406
 0.050277
 0.012779
 0.014613
 0.00729
 0.007804
 0.004038
 0.003901
 0.004558
 0.003785
 0.00384
 0.003958
 0.003699
 0.004056
 0.002717
 0.002859
 0.002325
 0.001735
 0.001403
 0.001667
 0.001609
 0.001831
 0.00197
 0.001734
 0.00213
 0.00117
 0.001666
 0
 0
 0.33333
 0.25
 0
 0.2
 0.2
 0.2
 0.05
 0.2
 0.02222
 0.05556
 0.05
 0.02222
 0.02222
 0.0125
 0
 0
 0.0125
 0.01875
 0.01875
 0.0155
 0.032
 0.032
 0.032
 0.032
 0.03089
 0.02356
 0.02222
 0.02222
 0
 0
 0
 0
 0
 0
 0
 0
 0
 0
 0
 0
 0
 0
 0
 0
 0
 0
 0
 0
 0
 0
 0
 0
 0
 0
 0
 0
 0
 0
 0
 0
 0.061279
 0.045761
 0.01713
 0.040608
 0.030751
 0.021826
 0.011381
 0.010807
 0.010052
 0.007663
 0.004496
 0.006286
 0.0057
 0.0055
 0.005342
 0.004624
 0.004293
 0.003858
 0.003563
 0.003472
 0.003513
 0.003165
 0.002891
 0.003034
 0.002966
 0.002582
 0.002395
 0.002385
 0
 0
 0
 0
 0
 0
 0
 0
 0
 0
 0
 0
 0
 0.0007605999999999999
 0
 1.8e-006
 2.6e-006
 0
 5e-007
 3.77e-005
 8e-007
 5.5e-005
 0
 9.229999999999999e-005
 0
 0
 0
 0.0013427
 0.0004223
 4.1e-006
 0
 0
 0
 0
 0
 0
 0
 0
 0
 0
 0
 0
 0
 0
 0
 0
 0
 0
 0
 0
 0
 0
 0
 0
 0
 0
 0
 0
 0
 0
 0
 0
 0
 0
 0
 0
 0
 0
 0
 0
 0
 0
 0
 0
 0
 0
 0
 0
 0
 0
 0
 0
 0
 0
 0
 0
 0
 0
 0
 0
 0
 0
 0.061646
 0.026781
 0.02736
 0.038937
 0.036944
 0.032686
 0.026162
 0.022442
 0.017628
 0.017391
 0.012192
 0.010992
 0.009613
 0.008224
 0.007531
 0.008003
 0.005009
 0.006576
 0.005434
 0.00713
 0.004268
 0.004212
 0.004069
 0.003356
 0.002588
 0.002075
 0.005545
 0.005158
 0
 0
 3e-006
 0
 0
 0
 0
 0
 0
 0
 0
 0
 0.002628
 0.002841
 0.003508
 0.004621
 0.007509
 0.007795
 0.006863
 0.008975
 0.005721
 0.009842999999999999
 0.010806
 0.009856999999999999
 0.010265
 0.01054
 0.011686
 0.010385
 0.010647
 0.010015
 0
 0
 0
 0
 0
 0
 0
 0
 0
 0
 0
 0
 0
 0
 0
 0
 0
 0
 0
 0
 0
 0
 0
 0
 0
 0
 0
 0
 0
 0
 0
 0
 0
 0
 0
 0
 0
 0
 0
 0
 0
 0
 0
 0
 0
 0
 0
 0
 0
 0
 0
 0
 0
 0
 0
 0
 0
 0
 0
 0
 0
 0
 0
 0
 0
 0
 0
 0
 0
 0
 0
 0
 0
 0
 0
 0
 0
 0
 0
 0
 0
 0
 0
 0
 0
 0
 0
 0
 0
 0
 0
 0
 0
 0
 0
 0
 0
 0
 0
 0
 0
 0
 0
 0
 0
 0
 0
 0
 0
 0
 0
 0
 0
 0
 0
 0
 0
 0
 0
 0
 0
 0
 0
 0
 0
 0
 0
 0
 0
 0
 0
 0
 0
 0
 0
 0
 0
 0
 0
 0
 0
 0
 0
 0
 0
 0
 0
 0
 0
 0
 0
 0
 0
 0
 0
 0
 0
 0
 0
 0
 0
 0
 0
 0
 0
 0
 0
 0
 0
 0
 0
 0
 0
 0
 0
 0
 0
 0
 0
 0
 0
 0
 0
 0
 0
 0
 0
 0
 0
 0
 0
 0
 0
 0
 0
 0
 0
 0
 0
 0
 0
 0
 0
 0
 0
 0
 0
 0
 0
 0
 0
 0
 0
 0
 0
 0
 0
 0
 0
 0
 0.0011
 3.1e-005
 0.001142
 0.004009
 0.003176
 0.005863
 0.007473
 0.006687
 0.005937
 0.00648
 0.007569
 0.009176
 0.006212
 0.010077
 0.008067
 0.007924
 0.013161
 0.0101
 0.009773
 0.011365
 0
 0
 0
 0
 0
 0
 0
 0
 0
 0
 0
 0
 0
 0
 0
 0
 0
 0
 0
 0
 0
 0
 0
 0
 0
 0
 0
 0
 0
 0
 0
 0
 0
 0
 0
 0
 0
 0
 0
 0
 0
 0
 0
 0
 0
 0
 0
 0
 0
 0
 0
 0
 0
 0
 0
 0
 0
 0
 0
 0


