# Created by Octave 4.0.0, Sat Nov 21 16:31:09 2015 W. Europe Standard Time <unknown@Florian-PC>
# name: mus
# type: matrix
# ndims: 3
 1 30 19
 0
 0
 0.87719
 0.93896
 0.92887
 0.93132
 0.93484
 0.90352
 0.93651
 0.91849
 0.95079
 0.94108
 0.95485
 0.9605
 0.94346
 0.92736
 0.94454
 0.93476
 0.9206299999999999
 0.9339
 0.9340000000000001
 0.94458
 0.949
 0.95578
 0.94894
 0.95109
 0.94928
 0.95139
 0.95038
 0.95556
 0
 0
 0
 0.25
 0.4
 0.5
 0.4
 0.2
 0.5
 0.2
 0.53333
 0.5
 0.53333
 0.26667
 0.4
 0.36667
 0.33333
 0.45
 0.56667
 0.65
 0.48
 0.45
 0.57
 0.46
 0.52
 0.50667
 0.62
 0.64667
 0.73333
 0.66667
 0
 0
 0.38451
 0.38653
 0.47921
 0.49313
 0.56923
 0.59881
 0.5805
 0.37438
 0.43794
 0.48478
 0.53556
 0.65781
 0.58567
 0.52759
 0.55448
 0.50235
 0.58526
 0.60505
 0.58465
 0.57959
 0.65455
 0.6263300000000001
 0.66701
 0.62024
 0.59939
 0.61237
 0.64705
 0.63003
 0
 0
 0.13887
 0.44126
 0.45314
 0.49856
 0.4831
 0.40956
 0.43427
 0.43487
 0.50287
 0.52819
 0.50981
 0.46674
 0.51311
 0.54352
 0.53553
 0.54771
 0.5486
 0.54099
 0.5566
 0.55327
 0.56716
 0.5500699999999999
 0.57153
 0.55911
 0.57846
 0.5745
 0.57886
 0.57024
 0
 0
 0
 0.5
 0.6
 0.5
 0.57143
 0.375
 0.22222
 0.8
 0.09091
 0.83333
 0.30769
 0.44444
 0.8
 1
 1
 1
 1
 0
 1
 0
 0
 0
 0
 1
 1
 1
 1
 1
 0
 0
 0.16668
 0.47549
 0.42354
 0.54009
 0.46947
 0.42969
 0.41758
 0.50751
 0.43938
 0.52677
 0.47062
 0.47032
 0.54283
 0.58549
 0.53262
 0.56299
 0.55624
 0.49372
 0.5656
 0.50707
 0.59507
 0.55122
 0.56548
 0.58605
 0.602
 0.59023
 0.5880300000000001
 0.61894
 0
 0
 0.36788
 0.58191
 0.66812
 0.61626
 0.66233
 0.66143
 0.6371
 0.61952
 0.6563099999999999
 0.66806
 0.67832
 0.6483
 0.68265
 0.68645
 0.6765
 0.66594
 0.67932
 0.68659
 0.68921
 0.6873899999999999
 0.67561
 0.6606
 0.6743400000000001
 0.66044
 0.69874
 0.66103
 0.6989
 0.67919
 0
 0
 0.13888
 0.44459
 0.43062
 0.48312
 0.50095
 0.43443
 0.45145
 0.42458
 0.49458
 0.51634
 0.51013
 0.48299
 0.51354
 0.53198
 0.51919
 0.5399
 0.53848
 0.5424600000000001
 0.54909
 0.56109
 0.5699
 0.56147
 0.57636
 0.57233
 0.57946
 0.5696
 0.58068
 0.57062
 0
 0
 0.9995000000000001
 1
 1
 1
 1
 1
 1
 1
 1
 0.99982
 0.99193
 0.99119
 0.97366
 0.97161
 0.9686399999999999
 0.9770799999999999
 0.96107
 0.97381
 0.96883
 0.97099
 0.9686900000000001
 0.95274
 0.96349
 0.9555
 0.96263
 0.9530999999999999
 0.95692
 0.93988
 0
 0
 0.16667
 0.45075
 0.30728
 0.53222
 0.50879
 0.42471
 0.40951
 0.44923
 0.45409
 0.48147
 0.47272
 0.46924
 0.49676
 0.50997
 0.50692
 0.5178700000000001
 0.51783
 0.52678
 0.53222
 0.53799
 0.62236
 0.5601
 0.56418
 0.55912
 0.5652199999999999
 0.58578
 0.56679
 0.5561199999999999
 0
 0
 0.36788
 0.6210599999999999
 0.69606
 0.6368
 0.66516
 0.6486499999999999
 0.61979
 0.60329
 0.65702
 0.74458
 0.66337
 0.65028
 0.66644
 0.64605
 0.66979
 0.6458700000000001
 0.64564
 0.66679
 0.65489
 0.6411
 0.67893
 0.65347
 0.6640200000000001
 0.64571
 0.6591900000000001
 0.68187
 0.68175
 0.66908
 0
 0
 0
 0
 0
 0
 0
 0
 0
 0
 0
 0
 0
 0
 0
 0
 0
 0
 0
 0
 0
 0
 0
 0
 0
 0
 0
 0
 0
 0
 0
 0
 0
 0
 0
 0
 0
 0
 0
 0
 0
 0
 0
 0
 0
 0
 0
 0
 0
 0
 0
 0
 0
 0
 0
 0
 0
 0
 0
 0
 0
 0
 0
 0
 0
 0
 0
 0
 0
 0
 0
 0
 0
 0
 0
 0
 0
 0
 0
 0
 0
 0
 0
 0
 0
 0
 0
 0
 0
 0
 0
 0
 0
 0
 0
 0
 0
 0
 0
 0
 0
 0
 0
 0
 0
 0
 0
 0
 0
 0
 0
 0
 0
 0
 0
 0
 0
 0
 0
 0
 0
 0
 0
 0
 0
 0
 0
 0
 0
 0
 0
 0
 0
 0
 0
 0
 0
 0
 0
 0
 0
 0
 0
 0
 0
 0
 0
 0
 0
 0
 0
 0
 0.99999
 1
 1
 1
 1
 1
 0.9992799999999999
 1
 1
 0.99957
 0.9985000000000001
 0.98748
 0.97528
 0.9686900000000001
 0.96639
 0.9726900000000001
 0.96809
 0.9726399999999999
 0.96636
 0.96696
 0.96138
 0.95883
 0.96016
 0.95563
 0.96085
 0.94828
 0.95142
 0.9484
 0
 0
 0
 0
 0
 0
 0
 0
 0
 0
 0
 0
 0
 0
 0
 0
 0
 0
 0
 0
 0
 0
 0
 0
 0
 0
 0
 0
 0
 0
 0
 0
 0
 0
 0
 0
 0
 0
 0
 0
 0
 0
 0
 0
 0
 0
 0
 0
 0
 0
 0
 0
 0
 0
 0
 0
 0
 0
 0
 0


