# Created by Octave 4.0.0, Sat Nov 21 16:31:27 2015 W. Europe Standard Time <unknown@Florian-PC>
# name: mus
# type: matrix
# ndims: 3
 1 30 19
 0
 0
 0.69841
 0.45652
 0.72971
 0.73032
 0.71261
 0.73993
 0.74102
 0.83025
 0.78565
 0.78704
 0.76672
 0.7653799999999999
 0.72658
 0.74409
 0.72185
 0.71338
 0.68087
 0.68559
 0.65831
 0.6534799999999999
 0.65761
 0.7415
 0.70213
 0.66179
 0.59175
 0.60445
 0.58605
 0.59316
 0
 0
 0.66667
 1
 0.6
 0.5
 0.6
 0.8
 0.6
 0.7
 0.83333
 0.8666700000000001
 0.83333
 0.8666700000000001
 0.93333
 0.8666700000000001
 0.8833299999999999
 0.95
 0.95
 0.95
 0.95
 0.91
 0.92
 0.88
 0.92
 0.92
 0.88
 0.9
 0.9
 0.9
 0
 0
 0.6444299999999999
 0.9452700000000001
 0.64768
 0.69035
 0.67037
 0.70791
 0.59795
 0.73739
 0.7495000000000001
 0.82092
 0.84224
 0.79999
 0.85703
 0.85862
 0.90551
 0.87159
 0.89944
 0.92496
 0.92065
 0.93184
 0.87721
 0.8858
 0.90224
 0.90103
 0.87277
 0.86815
 0.8729
 0.89259
 0
 0
 0.75001
 0.98215
 0.89084
 0.60534
 0.7578
 0.82636
 0.71003
 0.74012
 0.88725
 0.8728399999999999
 0.91078
 0.90358
 0.94798
 0.9358
 0.91671
 0.93481
 0.95912
 0.95543
 0.96128
 0.94969
 0.92054
 0.91572
 0.9323399999999999
 0.91729
 0.90651
 0.91457
 0.90049
 0.93631
 0
 0
 0.66667
 1
 1
 0.5
 0.85714
 0.875
 0.66667
 0.5
 0.63636
 0.91667
 0.69231
 0.66667
 0.8
 1
 1
 1
 1
 1
 1
 0
 1
 1
 1
 1
 0
 0
 1
 1
 0
 0
 0.90003
 1.2381
 1.05
 0.58333
 0.86786
 0.91429
 0.68651
 0.61468
 0.72254
 0.97172
 0.77075
 0.79856
 0.86186
 1.03022
 0.99775
 0.95727
 0.97297
 1.03457
 1.0431
 0.70834
 1.02267
 1.03571
 0.8859399999999999
 1.06084
 0.63544
 0.6875
 1
 1
 0
 0
 0.78929
 0.89195
 0.64277
 0.72155
 0.65955
 0.80299
 0.75227
 0.70723
 0.79469
 0.84284
 0.78005
 0.8833
 0.90225
 0.88197
 0.8798899999999999
 0.9208499999999999
 0.95536
 0.92547
 0.9535
 0.91516
 0.89155
 0.88418
 0.87851
 0.92427
 0.8982599999999999
 0.91074
 0.87806
 0.8757
 0
 0
 0.75001
 0.88819
 0.8057299999999999
 0.72418
 0.76272
 0.79233
 0.73524
 0.80114
 0.7902400000000001
 0.84402
 0.86975
 0.91631
 0.92541
 0.91665
 0.93703
 0.9533700000000001
 0.95729
 0.95455
 0.96309
 0.96467
 0.91793
 0.92962
 0.92371
 0.93772
 0.89533
 0.90473
 0.90334
 0.92111
 0
 0
 1
 1
 1
 1
 1
 1
 1
 1
 1
 1
 1
 1
 1
 1
 1
 1
 1
 1
 1
 1
 1
 1
 1
 1
 1
 1
 1
 1
 0
 0
 0.90003
 1.17545
 0.76769
 0.67876
 0.73293
 0.76693
 0.62952
 0.70278
 0.92588
 0.86414
 0.90486
 0.94791
 0.98086
 1.00993
 0.90215
 0.91709
 0.92592
 0.92981
 0.91124
 0.92852
 0.86045
 0.9252899999999999
 0.82943
 0.9895699999999999
 0.8694
 0.8817199999999999
 0.9923
 1
 0
 0
 0.78929
 0.89195
 0.6528
 0.74823
 0.67358
 0.97248
 0.70422
 0.74072
 0.83212
 0.91718
 0.87348
 0.8964
 0.83883
 1.07444
 0.95098
 0.96948
 0.89762
 1.04331
 0.95805
 0.92486
 0.97361
 0.89414
 0.88304
 0.90023
 0.83914
 0.90374
 0.9416
 0.98268
 0
 0
 0
 0
 0
 0
 0
 0
 0
 0
 0
 0
 0
 0
 0
 0
 0
 0
 0
 0
 0
 0
 0
 0
 0
 0
 0
 0
 0
 0
 0
 0
 0
 0
 0
 0
 0
 0
 0
 0
 0
 0
 0
 0
 0
 0
 0
 0
 0
 0
 0
 0
 0
 0
 0
 0
 0
 0
 0
 0
 0
 0
 0
 0
 0
 0
 0
 0
 0
 0
 0
 0
 0
 0
 0
 0
 0
 0
 0
 0
 0
 0
 0
 0
 0
 0
 0
 0
 0
 0
 0
 0
 0
 0
 0
 0
 0
 0
 0
 0
 0
 0
 0
 0
 0
 0
 0
 0
 0
 0
 0
 0
 0
 0
 0
 0
 0
 0
 0
 0
 0
 0
 0
 0
 0
 0
 0
 0
 0
 0
 0
 0
 0
 0
 0
 0
 0
 0
 0
 0
 0
 0
 0
 0
 0
 0
 0
 0
 0
 0
 0
 0
 1
 1
 1
 1
 1
 1
 1
 1
 1
 1
 1
 1
 1
 1
 1
 1
 1
 1
 1
 1
 1
 1
 1
 1
 1
 1
 1
 1
 0
 0
 0
 0
 0
 0
 0
 0
 0
 0
 0
 0
 0
 0
 0
 0
 0
 0
 0
 0
 0
 0
 0
 0
 0
 0
 0
 0
 0
 0
 0
 0
 0
 0
 0
 0
 0
 0
 0
 0
 0
 0
 0
 0
 0
 0
 0
 0
 0
 0
 0
 0
 0
 0
 0
 0
 0
 0
 0
 0


# name: vars
# type: matrix
# ndims: 3
 1 30 19
 0
 0
 0.067108
 0.068993
 0.043442
 0.034087
 0.03193
 0.027981
 0.027632
 0.016704
 0.015232
 0.012361
 0.012673
 0.012606
 0.014655
 0.014359
 0.011727
 0.010616
 0.012052
 0.008796999999999999
 0.007623
 0.007373
 0.011988
 0.006364
 0.008474000000000001
 0.011088
 0.010431
 0.010395
 0.007860000000000001
 0.010361
 0
 0
 0.33333
 0
 0.3
 0.25
 0.175
 0.075
 0.175
 0.075
 0.05556
 0.03333
 0.05556
 0.03333
 0.02222
 0.03333
 0.02639
 0.0125
 0.0125
 0.0125
 0.0125
 0.0155
 0.012
 0.012
 0.012
 0.012
 0.032
 0.02222
 0.008330000000000001
 0.008330000000000001
 0
 0
 0
 0
 0
 0
 0
 0
 0
 0
 0
 0
 0
 0
 0
 0
 0
 0
 0
 0
 0
 0
 0
 0
 0
 0
 0
 0
 0
 0
 0
 0
 0.14061
 0.00057
 0.05488
 0.06086
 0.05885
 0.04908
 0.06487
 0.05403
 0.02386
 0.02484
 0.01966
 0.02162
 0.01006
 0.01225
 0.0164
 0.01333
 0.00623
 0.00876
 0.00701
 0.009469999999999999
 0.01297
 0.01394
 0.01291
 0.01458
 0.01706
 0.0149
 0.01766
 0.01112
 0
 0
 0
 0
 0
 0
 0
 0
 0
 0
 0
 0
 0
 0
 0
 0
 0
 0
 0
 0
 0
 0
 0
 0
 0
 0
 0
 0
 0
 0
 0
 0
 0
 0
 0
 0
 0
 0
 0
 0
 0
 0
 0
 0
 0
 0
 0
 0
 0
 0
 0
 0
 0
 0
 0
 0
 0
 0
 0
 0
 0
 0
 0
 0
 0
 0
 0
 0
 0
 0
 0
 0
 0
 0
 0
 0
 0
 0
 0
 0
 0
 0
 0
 0
 0
 0
 0
 0
 0
 0
 0
 0
 0.14061
 0.02223
 0.0426
 0.02988
 0.04128
 0.02781
 0.03172
 0.03702
 0.03415
 0.0259
 0.02739
 0.0165
 0.02028
 0.02205
 0.01569
 0.01015
 0.01044
 0.009010000000000001
 0.00602
 0.00397
 0.01336
 0.01061
 0.01193
 0.00962
 0.0165
 0.01571
 0.01631
 0.01367
 0
 0
 0
 0
 0
 0
 0
 0
 0
 0
 0
 0
 0
 0
 0
 0
 0
 0
 0
 0
 0
 0
 0
 0
 0
 0
 0
 0
 0
 0
 0
 0
 0
 0
 0
 0
 0
 0
 0
 0
 0
 0
 0
 0
 0
 0
 0
 0
 0
 0
 0
 0
 0
 0
 0
 0
 0
 0
 0
 0
 0
 0
 0
 0
 0
 0
 0
 0
 0
 0
 0
 0
 0
 0
 0
 0
 0
 0
 0
 0
 0
 0
 0
 0
 0
 0
 0
 0
 0
 0
 0
 0
 0
 0
 0
 0
 0
 0
 0
 0
 0
 0
 0
 0
 0
 0
 0
 0
 0
 0
 0
 0
 0
 0
 0
 0
 0
 0
 0
 0
 0
 0
 0
 0
 0
 0
 0
 0
 0
 0
 0
 0
 0
 0
 0
 0
 0
 0
 0
 0
 0
 0
 0
 0
 0
 0
 0
 0
 0
 0
 0
 0
 0
 0
 0
 0
 0
 0
 0
 0
 0
 0
 0
 0
 0
 0
 0
 0
 0
 0
 0
 0
 0
 0
 0
 0
 0
 0
 0
 0
 0
 0
 0
 0
 0
 0
 0
 0
 0
 0
 0
 0
 0
 0
 0
 0
 0
 0
 0
 0
 0
 0
 0
 0
 0
 0
 0
 0
 0
 0
 0
 0
 0
 0
 0
 0
 0
 0
 0
 0
 0
 0
 0
 0
 0
 0
 0
 0
 0
 0
 0
 0
 0
 0
 0
 0
 0
 0
 0
 0
 0
 0
 0
 0
 0
 0
 0
 0
 0
 0
 0
 0
 0
 0
 0
 0
 0
 0
 0
 0
 0
 0
 0
 0
 0
 0
 0
 0
 0
 0
 0
 0
 0
 0
 0
 0
 0
 0
 0
 0
 0
 0
 0
 0
 0
 0
 0
 0
 0
 0
 0
 0
 0
 0
 0
 0
 0
 0
 0
 0
 0
 0
 0
 0
 0
 0
 0
 0
 0
 0
 0
 0
 0
 0
 0
 0
 0
 0
 0
 0
 0
 0
 0
 0
 0
 0
 0
 0
 0
 0


