# Created by Octave 4.0.0, Sat Nov 21 16:31:19 2015 W. Europe Standard Time <unknown@Florian-PC>
# name: mus
# type: matrix
# ndims: 3
 1 30 19
 0
 0
 0.65163
 0.66054
 0.6795
 0.74958
 0.72877
 0.86577
 0.88137
 0.85882
 0.86822
 0.8931
 0.89298
 0.87899
 0.82869
 0.8513500000000001
 0.86748
 0.85732
 0.85603
 0.87373
 0.87135
 0.8656
 0.85368
 0.86395
 0.87574
 0.90468
 0.90993
 0.90462
 0.90611
 0.93162
 0
 0
 0.66667
 1
 0.8
 0.8
 0.7
 0.9
 0.5
 0.7
 0.73333
 0.7
 0.76667
 0.8
 0.66667
 0.6333299999999999
 0.78333
 0.71667
 0.71667
 0.75
 0.73
 0.82
 0.73
 0.78
 0.8
 0.81333
 0.85333
 0.82
 0.72667
 0.73333
 0
 0
 0.68394
 0.8809
 0.71993
 0.7936800000000001
 0.78782
 0.8057299999999999
 0.7369
 0.75892
 0.67879
 0.7642099999999999
 0.73146
 0.82123
 0.69088
 0.7974599999999999
 0.73754
 0.7795
 0.7403
 0.80886
 0.80707
 0.81962
 0.73926
 0.79519
 0.82994
 0.81828
 0.8428099999999999
 0.82561
 0.81636
 0.83799
 0
 0
 0.72034
 0.81916
 0.67781
 0.71929
 0.6535300000000001
 0.67724
 0.57367
 0.69126
 0.66796
 0.67985
 0.67841
 0.70269
 0.65229
 0.6875599999999999
 0.68627
 0.69809
 0.67342
 0.70572
 0.72695
 0.72497
 0.71132
 0.72855
 0.74057
 0.73743
 0.75374
 0.75875
 0.76181
 0.7558
 0
 0
 0.33333
 1
 1
 0.83333
 0.85714
 0.5
 0.33333
 0.7
 0.90909
 0.66667
 0.76923
 0.88889
 0.8
 1
 0.5
 0
 1
 1
 1
 1
 1
 1
 1
 1
 1
 0
 1
 1
 0
 0
 0.33333
 0.60204
 0.90974
 0.74517
 0.78437
 0.6160600000000001
 0.53776
 0.6675
 0.65211
 0.65503
 0.66921
 0.6561
 0.6419899999999999
 0.7003
 0.67584
 0.64441
 0.71605
 0.6918800000000001
 0.70985
 0.78814
 0.72166
 0.71738
 0.67786
 0.84797
 0.74998
 0.7078100000000001
 0.76868
 0.69904
 0
 0
 0.36788
 0.68071
 0.70118
 0.7982
 0.7874
 0.7474
 0.7865799999999999
 0.72947
 0.77408
 0.75756
 0.73996
 0.7531099999999999
 0.76945
 0.76453
 0.7506
 0.78386
 0.72712
 0.76938
 0.79887
 0.7173
 0.76366
 0.72763
 0.80491
 0.81569
 0.75054
 0.80789
 0.80536
 0.79709
 0
 0
 0.71831
 0.7477200000000001
 0.7611
 0.72923
 0.64405
 0.69291
 0.60127
 0.69277
 0.63556
 0.66498
 0.68075
 0.68605
 0.65041
 0.69667
 0.69289
 0.7103
 0.68854
 0.72862
 0.73143
 0.74632
 0.72928
 0.75076
 0.75606
 0.76011
 0.7694
 0.77399
 0.78072
 0.76731
 0
 0
 0.99983
 0.99999
 1
 1
 1
 1
 1
 1
 1
 0.99923
 0.99069
 0.99164
 0.98249
 0.97224
 0.97142
 0.9708599999999999
 0.96641
 0.97106
 0.9735200000000001
 0.9642500000000001
 0.96021
 0.9613
 0.9518
 0.95642
 0.95648
 0.9543700000000001
 0.95545
 0.93085
 0
 0
 0.33333
 0.8089
 0.85387
 0.82935
 0.74593
 0.65426
 0.60845
 0.65859
 0.68713
 0.65003
 0.69901
 0.67662
 0.6281600000000001
 0.66482
 0.6758
 0.68766
 0.67375
 0.70845
 0.71637
 0.74468
 0.71389
 0.79221
 0.736
 0.75718
 0.7508
 0.76218
 0.79278
 0.75217
 0
 0
 0.36788
 0.6819499999999999
 0.6984
 0.711
 0.76891
 0.76011
 0.75731
 0.73724
 0.73951
 0.75265
 0.71828
 0.76192
 0.72442
 0.70989
 0.72463
 0.74488
 0.7059
 0.7412
 0.77821
 0.7251
 0.75114
 0.79084
 0.83274
 0.77716
 0.78207
 0.76723
 0.78233
 0.78188
 0
 0
 0
 0
 0
 0
 0
 0
 0
 0
 0
 0
 0
 0
 0
 0
 0
 0
 0
 0
 0
 0
 0
 0
 0
 0
 0
 0
 0
 0
 0
 0
 0
 0
 0
 0
 0
 0
 0
 0
 0
 0
 0
 0
 0
 0
 0
 0
 0
 0
 0
 0
 0
 0
 0
 0
 0
 0
 0
 0
 0
 0
 0
 0
 0
 0
 0
 0
 0
 0
 0
 0
 0
 0
 0
 0
 0
 0
 0
 0
 0
 0
 0
 0
 0
 0
 0
 0
 0
 0
 0
 0
 0
 0
 0
 0
 0
 0
 0
 0
 0
 0
 0
 0
 0
 0
 0
 0
 0
 0
 0
 0
 0
 0
 0
 0
 0
 0
 0
 0
 0
 0
 0
 0
 0
 0
 0
 0
 0
 0
 0
 0
 0
 0
 0
 0
 0
 0
 0
 0
 0
 0
 0
 0
 0
 0
 0
 0
 0
 0
 0
 0
 1
 1
 1
 1
 1
 1
 1
 1
 0.99997
 0.99644
 0.9860100000000001
 0.98272
 0.9791
 0.97856
 0.97551
 0.97718
 0.9686900000000001
 0.95909
 0.9720299999999999
 0.96012
 0.95809
 0.96016
 0.95846
 0.9589800000000001
 0.96051
 0.95052
 0.95477
 0.9385599999999999
 0
 0
 0
 0
 0
 0
 0
 0
 0
 0
 0
 0
 0
 0
 0
 0
 0
 0
 0
 0
 0
 0
 0
 0
 0
 0
 0
 0
 0
 0
 0
 0
 0
 0
 0
 0
 0
 0
 0
 0
 0
 0
 0
 0
 0
 0
 0
 0
 0
 0
 0
 0
 0
 0
 0
 0
 0
 0
 0
 0


