# Created by Octave 4.0.0, Sat Nov 21 16:31:05 2015 W. Europe Standard Time <unknown@Florian-PC>
# name: mus
# type: matrix
# ndims: 3
 1 30 19
 0
 0
 0.8797
 0.89716
 0.92887
 0.76298
 0.88471
 0.88591
 0.89724
 0.9042
 0.88907
 0.88889
 0.88587
 0.91025
 0.94599
 0.94679
 0.94538
 0.94697
 0.9482
 0.94746
 0.9482
 0.94711
 0.949
 0.94643
 0.94723
 0.94565
 0.94781
 0.94643
 0.9487
 0.94786
 0
 0
 0.66667
 0.5
 0.8
 1
 1
 1
 1
 1
 1
 1
 1
 1
 1
 1
 1
 1
 1
 1
 1
 1
 1
 1
 1
 1
 1
 1
 1
 1
 0
 0
 0.72553
 0.70636
 0.85878
 0.8504
 0.94943
 0.91914
 0.98483
 0.98977
 0.98037
 0.97023
 0.9880100000000001
 0.9813499999999999
 0.9724699999999999
 0.9854000000000001
 0.9824000000000001
 0.98809
 0.99417
 0.99576
 0.99619
 0.99412
 0.99416
 1
 0.99537
 1
 1
 1
 1
 0.99663
 0
 0
 0.46884
 0.67337
 0.71885
 0.88915
 0.93218
 0.95834
 0.97448
 0.97786
 0.98486
 0.97947
 0.97518
 0.9801800000000001
 0.97976
 0.98298
 0.98131
 0.98594
 0.98658
 0.98563
 0.9849599999999999
 0.98365
 0.98411
 0.9868400000000001
 0.98949
 0.98911
 0.98621
 0.9817900000000001
 0.9849
 0.98687
 0
 0
 1
 0.75
 1
 1
 1
 1
 1
 1
 1
 1
 1
 1
 1
 1
 1
 1
 1
 1
 1
 1
 1
 1
 1
 1
 1
 1
 1
 1
 0
 0
 0.9549299999999999
 0.8601
 0.85954
 0.96154
 0.92236
 0.98883
 0.99508
 0.9945000000000001
 0.8708
 0.99852
 0.9962
 0.9956199999999999
 0.98372
 0.99682
 0.99735
 0.99814
 0.99834
 0.9968900000000001
 0.99938
 0.9994499999999999
 0.9996
 0.99917
 0.99979
 0.99332
 0.9993
 0.9308
 0.99019
 0.99991
 0
 0
 0.57859
 0.88048
 0.78396
 0.79454
 0.80411
 0.93379
 0.90144
 0.94378
 0.93577
 0.93929
 0.95778
 0.96901
 0.92763
 0.9661999999999999
 0.95713
 0.96468
 0.95706
 0.95796
 0.96622
 0.9499
 0.95514
 0.9713000000000001
 0.95727
 0.99236
 0.96245
 0.9240699999999999
 0.97195
 0.95726
 0
 0
 0.46191
 0.69355
 0.63923
 0.79266
 0.88267
 0.89542
 0.88389
 0.92933
 0.95275
 0.92441
 0.93916
 0.92802
 0.9298999999999999
 0.93787
 0.93232
 0.92401
 0.93425
 0.93927
 0.9288
 0.92984
 0.93314
 0.9353
 0.92914
 0.9422700000000001
 0.94584
 0.95206
 0.95194
 0.93513
 0
 0
 0.96992
 0.96645
 0.92496
 0.94889
 0.90628
 0.9217
 0.90781
 0.91711
 0.91471
 0.9395
 0.9272
 0.90838
 0.90855
 0.91895
 0.9075800000000001
 0.9056
 0.90655
 0.90752
 0.9021400000000001
 0.90068
 0.90733
 0.90418
 0.89638
 0.9075800000000001
 0.89573
 0.90012
 0.913
 0.89236
 0
 0
 0.95395
 0.8925999999999999
 0.74835
 0.91124
 0.89532
 0.97877
 0.99068
 0.9953
 0.998
 0.9986
 0.9962
 0.9910600000000001
 0.99604
 0.99842
 0.99835
 0.99885
 0.99913
 0.99956
 0.99951
 0.9993300000000001
 0.99958
 0.9777400000000001
 0.99983
 0.98744
 0.99996
 0.98372
 0.99998
 0.9216
 0
 0
 0.57859
 0.82941
 0.77969
 0.80983
 0.79272
 0.82845
 0.82329
 0.90988
 0.93319
 0.96661
 0.96524
 0.97544
 0.58274
 0.98255
 0.8990899999999999
 0.97119
 0.96905
 0.97698
 0.97797
 0.98121
 0.98641
 0.9902300000000001
 0.99231
 0.97243
 0.99452
 0.99563
 0.98289
 0.99403
 0
 0
 0
 0
 0
 0
 0
 0
 0
 0
 0
 0
 0
 0
 0
 0
 0
 0
 0
 0
 0
 0
 0
 0
 0
 0
 0
 0
 0
 0
 0
 0
 0
 0
 0
 0
 0
 0
 0
 0
 0
 0
 0
 0
 0
 0
 0
 0
 0
 0
 0
 0
 0
 0
 0
 0
 0
 0
 0
 0
 0
 0
 0
 0
 0
 0
 0
 0
 0
 0
 0
 0
 0
 0
 0
 0
 0
 0
 0
 0
 0
 0
 0
 0
 0
 0
 0
 0
 0
 0
 0
 0
 0
 0
 0
 0
 0
 0
 0
 0
 0
 0
 0
 0
 0
 0
 0
 0
 0
 0
 0
 0
 0
 0
 0
 0
 0
 0
 0
 0
 0
 0
 0
 0
 0
 0
 0
 0
 0
 0
 0
 0
 0
 0
 0
 0
 0
 0
 0
 0
 0
 0
 0
 0
 0
 0
 0
 0
 0
 0
 0
 0
 0.88402
 0.95247
 0.93759
 0.91627
 0.9144600000000001
 0.93143
 0.90801
 0.915
 0.9192399999999999
 0.91337
 0.93689
 0.91494
 0.92896
 0.92001
 0.90257
 0.91277
 0.90341
 0.90607
 0.91379
 0.89647
 0.90464
 0.90341
 0.90319
 0.90627
 0.90774
 0.89708
 0.90355
 0.89752
 0
 0
 0
 0
 0
 0
 0
 0
 0
 0
 0
 0
 0
 0
 0
 0
 0
 0
 0
 0
 0
 0
 0
 0
 0
 0
 0
 0
 0
 0
 0
 0
 0
 0
 0
 0
 0
 0
 0
 0
 0
 0
 0
 0
 0
 0
 0
 0
 0
 0
 0
 0
 0
 0
 0
 0
 0
 0
 0
 0


# name: vars
# type: matrix
# ndims: 3
 1 30 19
 0
 0
 0.034068
 0.019799
 0.011894
 0.029537
 0.014001
 0.010332
 0.009844
 0.009897
 0.008166
 0.007653
 0.009346
 0.004109
 0.003313
 0.002856
 0.003141
 0.003365
 0.002546
 0.002537
 0.002452
 0.002778
 0.001833
 0.001591
 0.001538
 0.00201
 0.001871
 0.001758
 0.001434
 0.001625
 0
 0
 0.33333
 0.33333
 0.2
 0
 0
 0
 0
 0
 0
 0
 0
 0
 0
 0
 0
 0
 0
 0
 0
 0
 0
 0
 0
 0
 0
 0
 0
 0
 0
 0
 0
 0
 0
 0
 0
 0
 0
 0
 0
 0
 0
 0
 0
 0
 0
 0
 0
 0
 0
 0
 0
 0
 0
 0
 0
 0
 0
 0
 0
 0
 0.20729
 0.16915
 0.07006
 0.02162
 0.009010000000000001
 0.00259
 0.0019
 0.00305
 0.0005
 0.00091
 0.00353
 0.00162
 0.00171
 0.00109
 0.00122
 0.00037
 0.0015
 0.00146
 0.00126
 0.00168
 0.00162
 0.0009300000000000001
 0.00081
 0.00113
 0.00175
 0.00338
 0.0018
 0.0015
 0
 0
 0.007682
 0.009965999999999999
 0.010407
 0.007054
 0.012701
 0.014943
 0.012705
 0.013569
 0.01257
 0.014688
 0.012558
 0.012618
 0.012433
 0.011613
 0.014204
 0.010412
 0.011958
 0.01062
 0.011416
 0.013358
 0.012038
 0.012874
 0.010845
 0.013572
 0.014052
 0.011372
 0.011946
 0.012921
 0
 0
 0
 0
 0
 0
 0
 0
 0
 0
 0
 0
 0
 0
 0
 0
 0
 0
 0
 0
 0
 0
 0
 0
 0
 0
 0
 0
 0
 0
 0
 0
 0
 0
 0
 0
 0
 0
 0
 0
 0
 0
 0
 0
 0
 0
 0
 0
 0
 0
 0
 0
 0
 0
 0
 0
 0
 0
 0
 0
 0
 0
 0.19429
 0.16233
 0.0703
 0.0416
 0.03284
 0.01957
 0.02428
 0.0175
 0.008800000000000001
 0.01411
 0.01078
 0.01615
 0.01062
 0.01499
 0.01397
 0.01633
 0.01608
 0.01475
 0.01617
 0.01693
 0.01637
 0.01674
 0.01762
 0.01647
 0.01341
 0.01199
 0.01136
 0.01691
 0
 0
 0.006598
 0.003726
 0.017934
 0.008208
 0.017247
 0.01171
 0.014795
 0.011494
 0.015388
 0.010098
 0.01181
 0.016412
 0.012387
 0.011118
 0.013395
 0.014581
 0.012192
 0.012492
 0.013745
 0.01369
 0.012029
 0.013239
 0.012845
 0.013184
 0.013908
 0.013347
 0.011469
 0.013997
 0
 0
 0
 0
 0
 0
 0
 0
 0
 0
 0
 0
 0
 0
 0
 0
 0
 0
 0
 0
 0
 0
 0
 0
 0
 0
 0
 0
 0
 0
 0
 0
 0
 0
 0
 0
 0
 0
 0
 0
 0
 0
 0
 0
 0
 0
 0
 0
 0
 0
 0
 0
 0
 0
 0
 0
 0
 0
 0
 0
 0
 0
 0
 0
 0
 0
 0
 0
 0
 0
 0
 0
 0
 0
 0
 0
 0
 0
 0
 0
 0
 0
 0
 0
 0
 0
 0
 0
 0
 0
 0
 0
 0
 0
 0
 0
 0
 0
 0
 0
 0
 0
 0
 0
 0
 0
 0
 0
 0
 0
 0
 0
 0
 0
 0
 0
 0
 0
 0
 0
 0
 0
 0
 0
 0
 0
 0
 0
 0
 0
 0
 0
 0
 0
 0
 0
 0
 0
 0
 0
 0
 0
 0
 0
 0
 0
 0
 0
 0
 0
 0
 0
 0
 0
 0
 0
 0
 0
 0
 0
 0
 0
 0
 0
 0
 0
 0
 0
 0
 0
 0
 0
 0
 0
 0
 0
 0
 0
 0
 0
 0
 0
 0
 0
 0
 0
 0
 0
 0
 0
 0
 0
 0
 0
 0
 0
 0
 0
 0
 0
 0
 0
 0
 0
 0
 0
 0
 0
 0
 0
 0
 0
 0.009131999999999999
 0.00559
 0.009927999999999999
 0.016206
 0.009852
 0.010411
 0.013871
 0.01157
 0.012517
 0.012698
 0.008991000000000001
 0.013767
 0.011154
 0.010571
 0.01405
 0.012501
 0.013582
 0.012508
 0.010606
 0.014567
 0.012345
 0.014388
 0.011962
 0.013072
 0.012916
 0.012619
 0.013784
 0.015184
 0
 0
 0
 0
 0
 0
 0
 0
 0
 0
 0
 0
 0
 0
 0
 0
 0
 0
 0
 0
 0
 0
 0
 0
 0
 0
 0
 0
 0
 0
 0
 0
 0
 0
 0
 0
 0
 0
 0
 0
 0
 0
 0
 0
 0
 0
 0
 0
 0
 0
 0
 0
 0
 0
 0
 0
 0
 0
 0
 0


