# Created by Octave 4.0.0, Sat Nov 21 16:31:15 2015 W. Europe Standard Time <unknown@Florian-PC>
# name: mus
# type: matrix
# ndims: 3
 1 30 19
 0
 0
 0.49875
 0.93896
 0.91715
 0.84338
 0.83514
 0.8003400000000001
 0.8914
 0.8958
 0.91493
 0.91582
 0.90301
 0.87529
 0.89705
 0.87669
 0.8731100000000001
 0.85564
 0.86856
 0.8839
 0.86466
 0.85466
 0.87124
 0.85629
 0.93787
 0.9398
 0.93834
 0.94289
 0.94174
 0.94359
 0
 0
 1
 0.5
 0.8
 0.8
 0.3
 0.4
 0.7
 0.6
 0.6
 0.76667
 0.53333
 0.53333
 0.6
 0.51667
 0.56667
 0.71667
 0.6166700000000001
 0.7
 0.68
 0.77
 0.74
 0.75
 0.76
 0.69333
 0.69333
 0.68667
 0.66667
 0.66667
 0
 0
 1
 0.64719
 0.78051
 0.78321
 0.65098
 0.53629
 0.59924
 0.59814
 0.69185
 0.59698
 0.49806
 0.65218
 0.66253
 0.62388
 0.61715
 0.60699
 0.66956
 0.62841
 0.62796
 0.6362
 0.65843
 0.7097
 0.63568
 0.69869
 0.64164
 0.69146
 0.6811
 0.68326
 0
 0
 1
 0.48266
 0.87334
 0.90567
 0.79658
 0.56841
 0.60984
 0.59143
 0.63932
 0.5628300000000001
 0.66489
 0.73482
 0.64742
 0.6825599999999999
 0.70827
 0.7496699999999999
 0.69608
 0.63376
 0.66828
 0.72059
 0.74838
 0.78198
 0.74293
 0.7392300000000001
 0.74181
 0.74747
 0.74777
 0.72532
 0
 0
 1
 0.75
 0.8
 1
 0.57143
 0.25
 0.44444
 0.7
 0.63636
 0.33333
 0.53846
 0.77778
 0.4
 0.66667
 0
 0
 0
 1
 1
 1
 1
 1
 1
 0
 0
 1
 0
 1
 0
 0
 1
 0.72222
 0.925
 1.16667
 0.57381
 0.41072
 0.48661
 0.69345
 0.62992
 0.43283
 0.54394
 0.78913
 0.50858
 0.6575800000000001
 0.48294
 0.48332
 0.59671
 0.76389
 0.78699
 0.91318
 0.93942
 0.86656
 0.81181
 0.25001
 0.41669
 0.67357
 0.35421
 0.75
 0
 0
 1
 0.63513
 0.81126
 0.76285
 0.67515
 0.59026
 0.64996
 0.71184
 0.67852
 0.60327
 0.67755
 0.68956
 0.6630200000000001
 0.6762899999999999
 0.67937
 0.69375
 0.7065900000000001
 0.60705
 0.72905
 0.66553
 0.70855
 0.71639
 0.72445
 0.68209
 0.71152
 0.70801
 0.70697
 0.7011500000000001
 0
 0
 1
 0.50186
 0.8450800000000001
 0.90969
 0.72776
 0.61368
 0.60791
 0.574
 0.62684
 0.5466
 0.64994
 0.68209
 0.63569
 0.6664
 0.71438
 0.7297400000000001
 0.69629
 0.65408
 0.65883
 0.69478
 0.7319099999999999
 0.7192
 0.70969
 0.71577
 0.69942
 0.70649
 0.72276
 0.71863
 0
 0
 1
 1
 1
 1
 1
 1
 1
 1
 1
 1
 1
 1
 1
 1
 1
 1
 1
 1
 1
 1
 1
 1
 1
 1
 1
 1
 1
 1
 0
 0
 1
 0.68137
 0.94077
 1.17513
 0.63717
 0.48638
 0.5025500000000001
 0.5319199999999999
 0.5173
 0.46701
 0.5668
 0.6246
 0.60428
 0.59637
 0.7956800000000001
 0.72641
 0.78873
 0.60305
 0.63689
 0.6236
 0.73982
 0.5692199999999999
 0.74721
 0.48537
 0.59173
 0.30411
 0.74786
 0.9855699999999999
 0
 0
 1
 0.6944399999999999
 0.87266
 0.78154
 0.68063
 0.72884
 0.62721
 0.64218
 0.66478
 0.75812
 0.85476
 0.67708
 0.86359
 0.6359
 0.80288
 0.84307
 0.68084
 0.64754
 0.71697
 0.70331
 0.78301
 0.73312
 0.74754
 0.70385
 0.79744
 0.77915
 0.72424
 0.71911
 0
 0
 0
 0
 0
 0
 0
 0
 0
 0
 0
 0
 0
 0
 0
 0
 0
 0
 0
 0
 0
 0
 0
 0
 0
 0
 0
 0
 0
 0
 0
 0
 0
 0
 0
 0
 0
 0
 0
 0
 0
 0
 0
 0
 0
 0
 0
 0
 0
 0
 0
 0
 0
 0
 0
 0
 0
 0
 0
 0
 0
 0
 0
 0
 0
 0
 0
 0
 0
 0
 0
 0
 0
 0
 0
 0
 0
 0
 0
 0
 0
 0
 0
 0
 0
 0
 0
 0
 0
 0
 0
 0
 0
 0
 0
 0
 0
 0
 0
 0
 0
 0
 0
 0
 0
 0
 0
 0
 0
 0
 0
 0
 0
 0
 0
 0
 0
 0
 0
 0
 0
 0
 0
 0
 0
 0
 0
 0
 0
 0
 0
 0
 0
 0
 0
 0
 0
 0
 0
 0
 0
 0
 0
 0
 0
 0
 0
 0
 0
 0
 0
 0
 1
 1
 1
 1
 1
 1
 1
 1
 1
 1
 1
 1
 1
 1
 1
 1
 1
 1
 1
 1
 1
 1
 1
 1
 1
 1
 1
 1
 0
 0
 0
 0
 0
 0
 0
 0
 0
 0
 0
 0
 0
 0
 0
 0
 0
 0
 0
 0
 0
 0
 0
 0
 0
 0
 0
 0
 0
 0
 0
 0
 0
 0
 0
 0
 0
 0
 0
 0
 0
 0
 0
 0
 0
 0
 0
 0
 0
 0
 0
 0
 0
 0
 0
 0
 0
 0
 0
 0


# name: vars
# type: matrix
# ndims: 3
 1 30 19
 0
 0
 0.08870599999999999
 0.015348
 0.016133
 0.020942
 0.023376
 0.022998
 0.010375
 0.008711
 0.006164
 0.004322
 0.006746
 0.008130999999999999
 0.006701
 0.006525
 0.007285
 0.008005999999999999
 0.006353
 0.003486
 0.004032
 0.004613
 0.00489
 0.003694
 0.002421
 0.001555
 0.001726
 0.001616
 0.001747
 0.001705
 0
 0
 0
 0.33333
 0.2
 0.2
 0.2
 0.175
 0.2
 0.175
 0.175
 0.10556
 0.01944
 0.14444
 0.07778
 0.04306
 0.04653
 0.03333
 0.06806
 0.10625
 0.05575
 0.032
 0.04675
 0.0275
 0.008
 0.01022
 0.03633
 0.01533
 0.04167
 0.04167
 0
 0
 0
 0
 0
 0
 0
 0
 0
 0
 0
 0
 0
 0
 0
 0
 0
 0
 0
 0
 0
 0
 0
 0
 0
 0
 0
 0
 0
 0
 0
 0
 0
 0.097411
 0.053272
 0.03245
 0.054809
 0.064829
 0.073432
 0.05358
 0.052516
 0.05748
 0.053149
 0.044742
 0.051009
 0.043973
 0.040583
 0.040089
 0.041888
 0.043108
 0.041788
 0.036591
 0.035209
 0.033502
 0.035578
 0.033585
 0.032543
 0.035206
 0.031578
 0.033117
 0
 0
 0
 0
 0
 0
 0
 0
 0
 0
 0
 0
 0
 0
 0
 0
 0
 0
 0
 0
 0
 0
 0
 0
 0
 0
 0
 0
 0
 0
 0
 0
 0
 0
 0
 0
 0
 0
 0
 0
 0
 0
 0
 0
 0
 0
 0
 0
 0
 0
 0
 0
 0
 0
 0
 0
 0
 0
 0
 0
 0
 0
 0
 0
 0
 0
 0
 0
 0
 0
 0
 0
 0
 0
 0
 0
 0
 0
 0
 0
 0
 0
 0
 0
 0
 0
 0
 0
 0
 0
 0
 0
 0
 0.083633
 0.047987
 0.021827
 0.043208
 0.03118
 0.060221
 0.03069
 0.037665
 0.034413
 0.036292
 0.030335
 0.036733
 0.038893
 0.034479
 0.035985
 0.044634
 0.041309
 0.04063
 0.043849
 0.048906
 0.044671
 0.046473
 0.043812
 0.050302
 0.058936
 0.046289
 0.042531
 0
 0
 0
 0
 0
 0
 0
 0
 0
 0
 0
 0
 0
 0
 0
 0
 0
 0
 0
 0
 0
 0
 0
 0
 0
 0
 0
 0
 0
 0
 0
 0
 0
 0
 0
 0
 0
 0
 0
 0
 0
 0
 0
 0
 0
 0
 0
 0
 0
 0
 0
 0
 0
 0
 0
 0
 0
 0
 0
 0
 0
 0
 0
 0
 0
 0
 0
 0
 0
 0
 0
 0
 0
 0
 0
 0
 0
 0
 0
 0
 0
 0
 0
 0
 0
 0
 0
 0
 0
 0
 0
 0
 0
 0
 0
 0
 0
 0
 0
 0
 0
 0
 0
 0
 0
 0
 0
 0
 0
 0
 0
 0
 0
 0
 0
 0
 0
 0
 0
 0
 0
 0
 0
 0
 0
 0
 0
 0
 0
 0
 0
 0
 0
 0
 0
 0
 0
 0
 0
 0
 0
 0
 0
 0
 0
 0
 0
 0
 0
 0
 0
 0
 0
 0
 0
 0
 0
 0
 0
 0
 0
 0
 0
 0
 0
 0
 0
 0
 0
 0
 0
 0
 0
 0
 0
 0
 0
 0
 0
 0
 0
 0
 0
 0
 0
 0
 0
 0
 0
 0
 0
 0
 0
 0
 0
 0
 0
 0
 0
 0
 0
 0
 0
 0
 0
 0
 0
 0
 0
 0
 0
 0
 0
 0
 0
 0
 0
 0
 0
 0
 0
 0
 0
 0
 0
 0
 0
 0
 0
 0
 0
 0
 0
 0
 0
 0
 0
 0
 0
 0
 0
 0
 0
 0
 0
 0
 0
 0
 0
 0
 0
 0
 0
 0
 0
 0
 0
 0
 0
 0
 0
 0
 0
 0
 0
 0
 0
 0
 0
 0
 0
 0
 0
 0
 0
 0
 0
 0
 0
 0
 0
 0
 0
 0
 0
 0
 0
 0
 0
 0
 0
 0
 0
 0
 0
 0
 0
 0
 0
 0
 0
 0
 0
 0
 0
 0
 0
 0
 0
 0
 0
 0
 0
 0
 0
 0
 0
 0
 0
 0
 0
 0
 0
 0
 0
 0
 0
 0
 0
 0


