# Created by Octave 4.0.0, Sat Nov 21 16:31:17 2015 W. Europe Standard Time <unknown@Florian-PC>
# name: mus
# type: matrix
# ndims: 3
 1 30 19
 0
 0
 0.9331700000000001
 0.8913
 0.82008
 0.91792
 0.84183
 0.94883
 0.94236
 0.90084
 0.93745
 0.94613
 0.91973
 0.9396600000000001
 0.91983
 0.94003
 0.94706
 0.95791
 0.95155
 0.94661
 0.94987
 0.94725
 0.94983
 0.95578
 0.95319
 0.94983
 0.95286
 0.95295
 0.95627
 0.95385
 0
 0
 0
 0
 0.6
 0.3
 0.5
 0.4
 0.6
 0.6
 0.73333
 0.6
 0.83333
 0.7
 0.8
 0.6333299999999999
 0.53333
 0.56667
 0.53333
 0.7
 0.52
 0.61
 0.76
 0.75
 0.68
 0.72
 0.70667
 0.7466699999999999
 0.69333
 0.66667
 0
 0
 0.39949
 0.50835
 0.7549400000000001
 0.73232
 0.44818
 0.52813
 0.5906
 0.502
 0.46709
 0.57792
 0.60001
 0.63933
 0.6563600000000001
 0.55569
 0.6371
 0.58654
 0.60704
 0.6208399999999999
 0.66347
 0.53357
 0.62928
 0.69117
 0.64027
 0.614
 0.65661
 0.64094
 0.65744
 0.6025199999999999
 0
 0
 0.13891
 0.26738
 0.75084
 0.60148
 0.64324
 0.50563
 0.58207
 0.69878
 0.6129
 0.6650700000000001
 0.77929
 0.71653
 0.72732
 0.6999300000000001
 0.57195
 0.54584
 0.5731000000000001
 0.67731
 0.65425
 0.67818
 0.64537
 0.55593
 0.57489
 0.70804
 0.6750699999999999
 0.6948800000000001
 0.65931
 0.65961
 0
 0
 0
 0
 0.8
 0.33333
 0.14286
 0.125
 0.44444
 0.5
 0.45455
 0.5
 0.84615
 0.66667
 1
 0.66667
 1
 1
 1
 1
 1
 1
 1
 1
 1
 1
 1
 1
 0
 0
 0
 0
 0.25004
 0.22224
 0.825
 0.44167
 0.38691
 0.3253
 0.49058
 0.50347
 0.52311
 0.56288
 0.85171
 0.63755
 0.85939
 0.6975
 0.78067
 0.749
 0.72726
 0.7423999999999999
 0.80614
 0.8122200000000001
 0.89825
 0.7971
 1.01148
 0.625
 0.76609
 0.8022899999999999
 0.4792
 0.56254
 0
 0
 0.57859
 0.5334100000000001
 0.5864
 0.7813600000000001
 0.62765
 0.61713
 0.64616
 0.61536
 0.63208
 0.67686
 0.7682600000000001
 0.67808
 0.69137
 0.6567499999999999
 0.66305
 0.67891
 0.73863
 0.72172
 0.7389
 0.67505
 0.69228
 0.68111
 0.69009
 0.68213
 0.7271
 0.71621
 0.71669
 0.68535
 0
 0
 0.13891
 0.28985
 0.7481100000000001
 0.71156
 0.58139
 0.51775
 0.62512
 0.65137
 0.58743
 0.70072
 0.70996
 0.67531
 0.69787
 0.6343
 0.6041299999999999
 0.55691
 0.62263
 0.65837
 0.66657
 0.65764
 0.65184
 0.5997400000000001
 0.61054
 0.68603
 0.67152
 0.70413
 0.65545
 0.64924
 0
 0
 1
 1
 1
 1
 1
 1
 1
 1
 1
 1
 1
 1
 1
 1
 1
 1
 1
 1
 1
 1
 1
 1
 1
 1
 1
 1
 1
 1
 0
 0
 0.25004
 0.25492
 0.80077
 0.60708
 0.47341
 0.43689
 0.58631
 0.5497300000000001
 0.65063
 0.5999
 0.6527500000000001
 0.59418
 0.66003
 0.64458
 0.70533
 0.63652
 0.56686
 0.73371
 0.70231
 0.6600200000000001
 0.61259
 0.67804
 0.75804
 0.82801
 0.31808
 0.74783
 0.748
 0.871
 0
 0
 0.57859
 0.5508
 0.7134200000000001
 0.70634
 0.65601
 0.64677
 0.69117
 0.6565
 0.8640600000000001
 0.67606
 0.64814
 0.74579
 0.67414
 0.70074
 0.74804
 0.65452
 0.73577
 0.8118300000000001
 0.82361
 0.74935
 0.75606
 0.71331
 0.72488
 0.69271
 0.72519
 0.76638
 0.66662
 0.76479
 0
 0
 0
 0
 0
 0
 0
 0
 0
 0
 0
 0
 0
 0
 0
 0
 0
 0
 0
 0
 0
 0
 0
 0
 0
 0
 0
 0
 0
 0
 0
 0
 0
 0
 0
 0
 0
 0
 0
 0
 0
 0
 0
 0
 0
 0
 0
 0
 0
 0
 0
 0
 0
 0
 0
 0
 0
 0
 0
 0
 0
 0
 0
 0
 0
 0
 0
 0
 0
 0
 0
 0
 0
 0
 0
 0
 0
 0
 0
 0
 0
 0
 0
 0
 0
 0
 0
 0
 0
 0
 0
 0
 0
 0
 0
 0
 0
 0
 0
 0
 0
 0
 0
 0
 0
 0
 0
 0
 0
 0
 0
 0
 0
 0
 0
 0
 0
 0
 0
 0
 0
 0
 0
 0
 0
 0
 0
 0
 0
 0
 0
 0
 0
 0
 0
 0
 0
 0
 0
 0
 0
 0
 0
 0
 0
 0
 0
 0
 0
 0
 0
 0
 1
 1
 1
 1
 1
 1
 1
 1
 1
 1
 1
 1
 1
 1
 1
 1
 1
 1
 1
 1
 1
 1
 1
 1
 1
 1
 1
 1
 0
 0
 0
 0
 0
 0
 0
 0
 0
 0
 0
 0
 0
 0
 0
 0
 0
 0
 0
 0
 0
 0
 0
 0
 0
 0
 0
 0
 0
 0
 0
 0
 0
 0
 0
 0
 0
 0
 0
 0
 0
 0
 0
 0
 0
 0
 0
 0
 0
 0
 0
 0
 0
 0
 0
 0
 0
 0
 0
 0


# name: vars
# type: matrix
# ndims: 3
 1 30 19
 0
 0
 0.020648
 0.025897
 0.028839
 0.01287
 0.016664
 0.006337
 0.006098
 0.008559000000000001
 0.005922
 0.005005
 0.006231
 0.004142
 0.005285
 0.004114
 0.002723
 0.00219
 0.002172
 0.002143
 0.001573
 0.003342
 0.002623
 0.001549
 0.00204
 0.002227
 0.001682
 0.001292
 0.001072
 0.000972
 0
 0
 0
 0
 0.3
 0.2
 0.25
 0.175
 0.05
 0.05
 0.06389
 0.06389
 0.05556
 0.08889
 0.08889
 0.06111
 0.05069
 0.03958
 0.03681
 0.10625
 0.09575
 0.068
 0.063
 0.0075
 0.052
 0.052
 0.06189
 0.03922
 0.04522
 0.02778
 0
 0
 0
 0
 0
 0
 0
 0
 0
 0
 0
 0
 0
 0
 0
 0
 0
 0
 0
 0
 0
 0
 0
 0
 0
 0
 0
 0
 0
 0
 0
 0
 0.01737
 0.01491
 0.11608
 0.07091
 0.07907
 0.06691
 0.06602
 0.06680999999999999
 0.05646
 0.05339
 0.04108
 0.04511
 0.04701
 0.0464
 0.04934
 0.04578
 0.04655
 0.04546
 0.04472
 0.04182
 0.04136
 0.04144
 0.04269
 0.04
 0.03841
 0.03709
 0.03972
 0.03996
 0
 0
 0
 0
 0
 0
 0
 0
 0
 0
 0
 0
 0
 0
 0
 0
 0
 0
 0
 0
 0
 0
 0
 0
 0
 0
 0
 0
 0
 0
 0
 0
 0
 0
 0
 0
 0
 0
 0
 0
 0
 0
 0
 0
 0
 0
 0
 0
 0
 0
 0
 0
 0
 0
 0
 0
 0
 0
 0
 0
 0
 0
 0
 0
 0
 0
 0
 0
 0
 0
 0
 0
 0
 0
 0
 0
 0
 0
 0
 0
 0
 0
 0
 0
 0
 0
 0
 0
 0
 0
 0
 0
 0.017366
 0.018584
 0.07625800000000001
 0.047786
 0.052065
 0.029012
 0.034622
 0.042536
 0.036283
 0.033907
 0.045401
 0.04664
 0.039919
 0.049198
 0.050956
 0.050808
 0.048179
 0.051646
 0.051448
 0.055543
 0.05486
 0.055462
 0.048506
 0.051427
 0.053707
 0.04173
 0.056329
 0.041844
 0
 0
 0
 0
 0
 0
 0
 0
 0
 0
 0
 0
 0
 0
 0
 0
 0
 0
 0
 0
 0
 0
 0
 0
 0
 0
 0
 0
 0
 0
 0
 0
 0
 0
 0
 0
 0
 0
 0
 0
 0
 0
 0
 0
 0
 0
 0
 0
 0
 0
 0
 0
 0
 0
 0
 0
 0
 0
 0
 0
 0
 0
 0
 0
 0
 0
 0
 0
 0
 0
 0
 0
 0
 0
 0
 0
 0
 0
 0
 0
 0
 0
 0
 0
 0
 0
 0
 0
 0
 0
 0
 0
 0
 0
 0
 0
 0
 0
 0
 0
 0
 0
 0
 0
 0
 0
 0
 0
 0
 0
 0
 0
 0
 0
 0
 0
 0
 0
 0
 0
 0
 0
 0
 0
 0
 0
 0
 0
 0
 0
 0
 0
 0
 0
 0
 0
 0
 0
 0
 0
 0
 0
 0
 0
 0
 0
 0
 0
 0
 0
 0
 0
 0
 0
 0
 0
 0
 0
 0
 0
 0
 0
 0
 0
 0
 0
 0
 0
 0
 0
 0
 0
 0
 0
 0
 0
 0
 0
 0
 0
 0
 0
 0
 0
 0
 0
 0
 0
 0
 0
 0
 0
 0
 0
 0
 0
 0
 0
 0
 0
 0
 0
 0
 0
 0
 0
 0
 0
 0
 0
 0
 0
 0
 0
 0
 0
 0
 0
 0
 0
 0
 0
 0
 0
 0
 0
 0
 0
 0
 0
 0
 0
 0
 0
 0
 0
 0
 0
 0
 0
 0
 0
 0
 0
 0
 0
 0
 0
 0
 0
 0
 0
 0
 0
 0
 0
 0
 0
 0
 0
 0
 0
 0
 0
 0
 0
 0
 0
 0
 0
 0
 0
 0
 0
 0
 0
 0
 0
 0
 0
 0
 0
 0
 0
 0
 0
 0
 0
 0
 0
 0
 0
 0
 0
 0
 0
 0
 0
 0
 0
 0
 0
 0
 0
 0
 0
 0
 0
 0
 0
 0
 0
 0
 0
 0
 0
 0
 0
 0
 0
 0
 0
 0
 0
 0
 0
 0
 0
 0
 0


