# Created by Octave 4.0.0, Sat Nov 21 16:31:17 2015 W. Europe Standard Time <unknown@Florian-PC>
# name: mus
# type: matrix
# ndims: 3
 1 30 19
 0
 0
 0.79031
 0.51171
 0.92552
 0.85762
 0.93567
 0.94799
 0.9457
 0.9437
 0.91743
 0.95707
 0.95234
 0.94538
 0.9519
 0.95608
 0.9607599999999999
 0.95707
 0.96157
 0.95339
 0.95656
 0.95539
 0.96321
 0.9549299999999999
 0.9583
 0.95987
 0.95581
 0.96074
 0.96299
 0.95812
 0
 0
 0.66667
 0.75
 0.4
 0.6
 0.3
 0.2
 0.6
 0.3
 0.6333299999999999
 0.6
 0.7
 0.53333
 0.53333
 0.66667
 0.7
 0.5
 0.56667
 0.65
 0.71
 0.5
 0.65
 0.83
 0.6
 0.66
 0.48667
 0.57333
 0.68667
 0.6
 0
 0
 0.72909
 0.87152
 0.70544
 0.65177
 0.63442
 0.63269
 0.46253
 0.64366
 0.57128
 0.52212
 0.56712
 0.60515
 0.54783
 0.57818
 0.61396
 0.61647
 0.54115
 0.59875
 0.61368
 0.51951
 0.58225
 0.6102
 0.57138
 0.59545
 0.58507
 0.58028
 0.56158
 0.63428
 0
 0
 0.91667
 0.79564
 0.53251
 0.6585800000000001
 0.54914
 0.69217
 0.51703
 0.5965
 0.57163
 0.71749
 0.67405
 0.67837
 0.63941
 0.65811
 0.62587
 0.62782
 0.62626
 0.64096
 0.59938
 0.61854
 0.60027
 0.6430900000000001
 0.59977
 0.61405
 0.5555099999999999
 0.56496
 0.5838
 0.57601
 0
 0
 1
 1
 0.4
 0.5
 0.42857
 0.875
 0.11111
 0.7
 0.45455
 0.75
 0.69231
 0.77778
 0.4
 0.66667
 0.5
 0
 1
 1
 1
 1
 1
 1
 1
 0
 0
 0
 1
 0
 0
 0
 1.40003
 1.33333
 0.48333
 0.48333
 0.45298
 0.79675
 0.38839
 0.67698
 0.47576
 0.78889
 0.70361
 0.73976
 0.51913
 0.61934
 0.59319
 0.41735
 0.75091
 0.8218
 0.85066
 0.90959
 0.79025
 0.57243
 0.83095
 0.45836
 0.33335
 0.12502
 0.64602
 0.2917
 0
 0
 0.78929
 0.87387
 0.82977
 0.67027
 0.67838
 0.6813
 0.6629
 0.69708
 0.64281
 0.66144
 0.7297
 0.70482
 0.6721
 0.64447
 0.72868
 0.71933
 0.74248
 0.67165
 0.7486
 0.72527
 0.68225
 0.65602
 0.69942
 0.69232
 0.6595800000000001
 0.63856
 0.65381
 0.66819
 0
 0
 0.91667
 0.78408
 0.50754
 0.58978
 0.64096
 0.61042
 0.58807
 0.60081
 0.55818
 0.64932
 0.67601
 0.65534
 0.58565
 0.59492
 0.6328
 0.58724
 0.61371
 0.63243
 0.60459
 0.61549
 0.5839800000000001
 0.62964
 0.5887
 0.61891
 0.54605
 0.55307
 0.5920299999999999
 0.61133
 0
 0
 1
 1
 1
 1
 1
 1
 1
 1
 1
 1
 1
 1
 1
 1
 1
 1
 1
 1
 1
 1
 1
 1
 1
 1
 1
 1
 1
 1
 0
 0
 1.40003
 1.33333
 0.51833
 0.48307
 0.4756
 0.46555
 0.4457
 0.48957
 0.49996
 0.69656
 0.59888
 0.57777
 0.59058
 0.56476
 0.73138
 0.67155
 0.5523400000000001
 0.57666
 0.68806
 0.61031
 0.72798
 0.53412
 0.6159
 0.66659
 0.49549
 0.48741
 0.49617
 0.58056
 0
 0
 0.78929
 0.87387
 0.86251
 0.6922700000000001
 0.70557
 0.70009
 0.74474
 0.6809500000000001
 0.69473
 0.68834
 0.73612
 0.69385
 0.86804
 0.65929
 0.77674
 0.73281
 0.81391
 0.7121
 0.74229
 0.71904
 0.67787
 0.71221
 0.6067
 0.63032
 0.6156199999999999
 0.66789
 0.72093
 0.76698
 0
 0
 0
 0
 0
 0
 0
 0
 0
 0
 0
 0
 0
 0
 0
 0
 0
 0
 0
 0
 0
 0
 0
 0
 0
 0
 0
 0
 0
 0
 0
 0
 0
 0
 0
 0
 0
 0
 0
 0
 0
 0
 0
 0
 0
 0
 0
 0
 0
 0
 0
 0
 0
 0
 0
 0
 0
 0
 0
 0
 0
 0
 0
 0
 0
 0
 0
 0
 0
 0
 0
 0
 0
 0
 0
 0
 0
 0
 0
 0
 0
 0
 0
 0
 0
 0
 0
 0
 0
 0
 0
 0
 0
 0
 0
 0
 0
 0
 0
 0
 0
 0
 0
 0
 0
 0
 0
 0
 0
 0
 0
 0
 0
 0
 0
 0
 0
 0
 0
 0
 0
 0
 0
 0
 0
 0
 0
 0
 0
 0
 0
 0
 0
 0
 0
 0
 0
 0
 0
 0
 0
 0
 0
 0
 0
 0
 0
 0
 0
 0
 0
 0
 1
 1
 1
 1
 1
 1
 1
 1
 1
 1
 1
 1
 1
 1
 1
 1
 1
 1
 1
 1
 1
 1
 1
 1
 1
 1
 1
 1
 0
 0
 0
 0
 0
 0
 0
 0
 0
 0
 0
 0
 0
 0
 0
 0
 0
 0
 0
 0
 0
 0
 0
 0
 0
 0
 0
 0
 0
 0
 0
 0
 0
 0
 0
 0
 0
 0
 0
 0
 0
 0
 0
 0
 0
 0
 0
 0
 0
 0
 0
 0
 0
 0
 0
 0
 0
 0
 0
 0


# name: vars
# type: matrix
# ndims: 3
 1 30 19
 0
 0
 0.055026
 0.066138
 0.015774
 0.019749
 0.007722
 0.006145
 0.004979
 0.005024
 0.007276
 0.003453
 0.003231
 0.00263
 0.002614
 0.002861
 0.001742
 0.002165
 0.001984
 0.001799
 0.003991
 0.001754
 0.00203
 0.001435
 0.001806
 0.001509
 0.001774
 0.001046
 0.000974
 0.000802
 0
 0
 0.33333
 0.25
 0.3
 0.3
 0.2
 0.075
 0.175
 0.075
 0.17222
 0.175
 0.03333
 0.08889
 0.03333
 0.05556
 0.05764
 0.01389
 0.09514
 0.08125
 0.01425
 0.005
 0.015
 0.0295
 0.04
 0.018
 0.01422
 0.00522
 0.00756
 0.06389
 0
 0
 0
 0
 0
 0
 0
 0
 0
 0
 0
 0
 0
 0
 0
 0
 0
 0
 0
 0
 0
 0
 0
 0
 0
 0
 0
 0
 0
 0
 0
 0
 0.06249
 0.13049
 0.11049
 0.0717
 0.08989999999999999
 0.07625999999999999
 0.07257
 0.05864
 0.06512
 0.05829
 0.05265
 0.05199
 0.0473
 0.04706
 0.04582
 0.04819
 0.04653
 0.0433
 0.04674
 0.04792
 0.04168
 0.04231
 0.04429
 0.04317
 0.03962
 0.04212
 0.03878
 0.04146
 0
 0
 0
 0
 0
 0
 0
 0
 0
 0
 0
 0
 0
 0
 0
 0
 0
 0
 0
 0
 0
 0
 0
 0
 0
 0
 0
 0
 0
 0
 0
 0
 0
 0
 0
 0
 0
 0
 0
 0
 0
 0
 0
 0
 0
 0
 0
 0
 0
 0
 0
 0
 0
 0
 0
 0
 0
 0
 0
 0
 0
 0
 0
 0
 0
 0
 0
 0
 0
 0
 0
 0
 0
 0
 0
 0
 0
 0
 0
 0
 0
 0
 0
 0
 0
 0
 0
 0
 0
 0
 0
 0
 0.06249
 0.12695
 0.0664
 0.05678
 0.05953
 0.04969
 0.0335
 0.05012
 0.0344
 0.05352
 0.04304
 0.03717
 0.03725
 0.05128
 0.05061
 0.05236
 0.0481
 0.04869
 0.04958
 0.05296
 0.05658
 0.05652
 0.05313
 0.05095
 0.05398
 0.04981
 0.04486
 0.05101
 0
 0
 0
 0
 0
 0
 0
 0
 0
 0
 0
 0
 0
 0
 0
 0
 0
 0
 0
 0
 0
 0
 0
 0
 0
 0
 0
 0
 0
 0
 0
 0
 0
 0
 0
 0
 0
 0
 0
 0
 0
 0
 0
 0
 0
 0
 0
 0
 0
 0
 0
 0
 0
 0
 0
 0
 0
 0
 0
 0
 0
 0
 0
 0
 0
 0
 0
 0
 0
 0
 0
 0
 0
 0
 0
 0
 0
 0
 0
 0
 0
 0
 0
 0
 0
 0
 0
 0
 0
 0
 0
 0
 0
 0
 0
 0
 0
 0
 0
 0
 0
 0
 0
 0
 0
 0
 0
 0
 0
 0
 0
 0
 0
 0
 0
 0
 0
 0
 0
 0
 0
 0
 0
 0
 0
 0
 0
 0
 0
 0
 0
 0
 0
 0
 0
 0
 0
 0
 0
 0
 0
 0
 0
 0
 0
 0
 0
 0
 0
 0
 0
 0
 0
 0
 0
 0
 0
 0
 0
 0
 0
 0
 0
 0
 0
 0
 0
 0
 0
 0
 0
 0
 0
 0
 0
 0
 0
 0
 0
 0
 0
 0
 0
 0
 0
 0
 0
 0
 0
 0
 0
 0
 0
 0
 0
 0
 0
 0
 0
 0
 0
 0
 0
 0
 0
 0
 0
 0
 0
 0
 0
 0
 0
 0
 0
 0
 0
 0
 0
 0
 0
 0
 0
 0
 0
 0
 0
 0
 0
 0
 0
 0
 0
 0
 0
 0
 0
 0
 0
 0
 0
 0
 0
 0
 0
 0
 0
 0
 0
 0
 0
 0
 0
 0
 0
 0
 0
 0
 0
 0
 0
 0
 0
 0
 0
 0
 0
 0
 0
 0
 0
 0
 0
 0
 0
 0
 0
 0
 0
 0
 0
 0
 0
 0
 0
 0
 0
 0
 0
 0
 0
 0
 0
 0
 0
 0
 0
 0
 0
 0
 0
 0
 0
 0
 0
 0
 0
 0
 0
 0
 0
 0
 0
 0
 0
 0
 0
 0
 0
 0
 0
 0
 0
 0
 0
 0
 0
 0
 0
 0


