# Created by Octave 4.0.0, Sat Nov 21 16:31:13 2015 W. Europe Standard Time <unknown@Florian-PC>
# name: mus
# type: matrix
# ndims: 3
 1 30 19
 0
 0
 0.94319
 0.9306
 0.92218
 0.86683
 0.92119
 0.94547
 0.94152
 0.75714
 0.82235
 0.93266
 0.94795
 0.94874
 0.94684
 0.9298999999999999
 0.92966
 0.94276
 0.92537
 0.9110200000000001
 0.9315
 0.93364
 0.94084
 0.95323
 0.94553
 0.93436
 0.94781
 0.94303
 0.94365
 0.9547
 0
 0
 0.33333
 0.75
 0.6
 0.4
 0.3
 0.1
 0.5
 0.3
 0.6333299999999999
 0.7
 0.46667
 0.53333
 0.66667
 0.68333
 0.43333
 0.48333
 0.6
 0.7
 0.57
 0.73
 0.75
 0.41
 0.52
 0.58
 0.54
 0.58667
 0.58
 0.76667
 0
 0
 0.56131
 0.63507
 0.62134
 0.56679
 0.31899
 0.58528
 0.61188
 0.56443
 0.44349
 0.5027700000000001
 0.59493
 0.41239
 0.49731
 0.69359
 0.53481
 0.54414
 0.57057
 0.56143
 0.59105
 0.56267
 0.5788
 0.58322
 0.66248
 0.59363
 0.58736
 0.57056
 0.59323
 0.59679
 0
 0
 0.43664
 0.6486
 0.62901
 0.40756
 0.37459
 0.40358
 0.34605
 0.43409
 0.49695
 0.48711
 0.49972
 0.47336
 0.5634
 0.59296
 0.54917
 0.53883
 0.55583
 0.5399
 0.53529
 0.6039
 0.60581
 0.57966
 0.6301600000000001
 0.61837
 0.60964
 0.61703
 0.58522
 0.60641
 0
 0
 0.66667
 1
 0.4
 0.5
 0.28571
 0.375
 0
 0.3
 0.54545
 0.33333
 0.76923
 0.66667
 1
 0.33333
 0.5
 1
 0
 1
 0
 0
 0
 1
 0
 1
 0
 1
 1
 0
 0
 0
 0.66024
 0.86616
 0.49589
 0.46027
 0.26464
 0.37153
 0.24586
 0.38086
 0.50424
 0.39705
 0.60621
 0.53538
 0.6478
 0.53096
 0.56371
 0.65384
 0.45793
 0.58169
 0.4746
 0.57487
 0.47251
 0.66313
 0.56584
 0.68732
 0.56863
 0.68872
 0.60659
 0.38929
 0
 0
 0.57859
 0.49013
 0.65102
 0.63827
 0.57381
 0.69443
 0.61313
 0.63376
 0.67343
 0.67336
 0.68621
 0.62603
 0.66765
 0.68801
 0.6756
 0.62116
 0.66695
 0.62086
 0.66472
 0.65969
 0.64834
 0.61571
 0.66705
 0.67213
 0.63891
 0.67422
 0.66081
 0.66015
 0
 0
 0.41626
 0.59366
 0.58042
 0.42022
 0.34065
 0.37989
 0.40589
 0.46851
 0.51756
 0.49582
 0.51466
 0.48745
 0.5162
 0.55977
 0.52475
 0.52067
 0.53152
 0.52122
 0.5317
 0.5662
 0.55738
 0.54628
 0.56681
 0.5593399999999999
 0.54899
 0.5611
 0.53427
 0.55335
 0
 0
 0.96587
 0.92626
 0.93835
 0.88652
 0.90808
 0.93328
 0.92899
 0.9097
 0.92846
 0.93298
 0.93396
 0.91727
 0.90908
 0.90704
 0.9133
 0.90976
 0.9101
 0.90991
 0.90771
 0.90169
 0.91208
 0.90269
 0.90168
 0.8967000000000001
 0.89725
 0.90132
 0.89969
 0.89711
 0
 0
 0.62346
 0.80338
 0.45999
 0.42686
 0.29711
 0.31599
 0.39818
 0.39353
 0.50564
 0.4074
 0.51866
 0.5013
 0.5257500000000001
 0.53554
 0.5233
 0.53171
 0.5434600000000001
 0.52802
 0.53239
 0.6055700000000001
 0.55227
 0.55882
 0.55951
 0.61504
 0.59499
 0.59487
 0.56036
 0.54487
 0
 0
 0.57859
 0.48875
 0.65535
 0.65366
 0.51563
 0.71607
 0.62563
 0.63452
 0.6657999999999999
 0.69302
 0.6857799999999999
 0.64171
 0.68816
 0.69093
 0.69477
 0.60644
 0.6613
 0.64393
 0.68463
 0.66834
 0.6650700000000001
 0.62344
 0.66379
 0.6623
 0.63681
 0.65471
 0.64092
 0.64993
 0
 0
 0
 0
 0
 0
 0
 0
 0
 0
 0
 0
 0
 0
 0
 0
 0
 0
 0
 0
 0
 0
 0
 0
 0
 0
 0
 0
 0
 0
 0
 0
 0
 0
 0
 0
 0
 0
 0
 0
 0
 0
 0
 0
 0
 0
 0
 0
 0
 0
 0
 0
 0
 0
 0
 0
 0
 0
 0
 0
 0
 0
 0
 0
 0
 0
 0
 0
 0
 0
 0
 0
 0
 0
 0
 0
 0
 0
 0
 0
 0
 0
 0
 0
 0
 0
 0
 0
 0
 0
 0
 0
 0
 0
 0
 0
 0
 0
 0
 0
 0
 0
 0
 0
 0
 0
 0
 0
 0
 0
 0
 0
 0
 0
 0
 0
 0
 0
 0
 0
 0
 0
 0
 0
 0
 0
 0
 0
 0
 0
 0
 0
 0
 0
 0
 0
 0
 0
 0
 0
 0
 0
 0
 0
 0
 0
 0
 0
 0
 0
 0
 0
 0.93227
 0.92518
 0.94748
 0.93004
 0.93638
 0.92215
 0.93276
 0.92344
 0.91616
 0.9246799999999999
 0.92922
 0.91873
 0.92369
 0.91073
 0.92209
 0.90535
 0.90118
 0.9147999999999999
 0.90496
 0.90324
 0.91287
 0.90893
 0.9116
 0.89777
 0.89642
 0.89916
 0.91082
 0.9049199999999999
 0
 0
 0
 0
 0
 0
 0
 0
 0
 0
 0
 0
 0
 0
 0
 0
 0
 0
 0
 0
 0
 0
 0
 0
 0
 0
 0
 0
 0
 0
 0
 0
 0
 0
 0
 0
 0
 0
 0
 0
 0
 0
 0
 0
 0
 0
 0
 0
 0
 0
 0
 0
 0
 0
 0
 0
 0
 0
 0
 0


