# Created by Octave 4.0.0, Sat Nov 21 16:31:10 2015 W. Europe Standard Time <unknown@Florian-PC>
# name: mus
# type: matrix
# ndims: 3
 1 30 19
 0
 0
 0.49875
 0.83612
 0.82762
 0.92714
 0.94069
 0.8976499999999999
 0.9331700000000001
 0.9520999999999999
 0.94662
 0.93519
 0.95067
 0.95546
 0.95612
 0.95524
 0.94983
 0.9406600000000001
 0.9457
 0.9525400000000001
 0.9482
 0.9444399999999999
 0.94816
 0.94473
 0.93702
 0.94482
 0.9476
 0.95068
 0.95489
 0.95385
 0
 0
 1
 0.75
 0.8
 0.6
 0.6
 0.5
 0.7
 0.3
 0.56667
 0.56667
 0.3
 0.26667
 0.46667
 0.65
 0.71667
 0.6
 0.66667
 0.7
 0.72
 0.73
 0.75
 0.78
 0.68
 0.6266699999999999
 0.7
 0.64
 0.62
 0.6
 0
 0
 1
 0.77525
 0.79158
 0.66029
 0.74083
 0.5921
 0.53732
 0.63156
 0.70164
 0.70163
 0.5870300000000001
 0.6542
 0.65494
 0.67128
 0.65664
 0.67067
 0.69451
 0.6535300000000001
 0.69394
 0.72898
 0.65339
 0.65244
 0.64178
 0.64576
 0.6398200000000001
 0.63069
 0.64854
 0.61961
 0
 0
 1
 0.66067
 0.6936099999999999
 0.63611
 0.53433
 0.61788
 0.53239
 0.47129
 0.51441
 0.5528999999999999
 0.53937
 0.51676
 0.54861
 0.59128
 0.61231
 0.63318
 0.6351599999999999
 0.6116
 0.6337699999999999
 0.63901
 0.63009
 0.62957
 0.6126
 0.61027
 0.6116200000000001
 0.59821
 0.57953
 0.59575
 0
 0
 1
 0.5
 0.8
 0.83333
 0.28571
 0.75
 0.5555600000000001
 0.4
 0.45455
 0.41667
 0.61538
 0.77778
 0.8
 0.66667
 1
 1
 1
 1
 0
 1
 1
 1
 1
 1
 0
 1
 1
 0
 0
 0
 1
 0.63942
 0.62878
 0.59426
 0.50119
 0.61666
 0.51027
 0.46926
 0.5093800000000001
 0.5313099999999999
 0.53826
 0.52762
 0.57069
 0.56937
 0.67808
 0.61178
 0.65395
 0.62075
 0.59683
 0.71414
 0.57883
 0.65596
 0.60192
 0.58431
 0.5714
 0.59075
 0.61453
 0.56081
 0
 0
 1
 0.7641
 0.62603
 0.70212
 0.71965
 0.7067600000000001
 0.69668
 0.673
 0.63452
 0.68411
 0.68537
 0.64836
 0.7113
 0.71106
 0.74579
 0.67543
 0.71551
 0.68777
 0.75817
 0.67005
 0.72084
 0.6946600000000001
 0.71126
 0.65613
 0.69724
 0.66148
 0.71722
 0.65965
 0
 0
 1
 0.64076
 0.69907
 0.57584
 0.56723
 0.61978
 0.55042
 0.48691
 0.5254799999999999
 0.57607
 0.55857
 0.5180900000000001
 0.55449
 0.58809
 0.6226699999999999
 0.62027
 0.63269
 0.61631
 0.62654
 0.63985
 0.62624
 0.63187
 0.61307
 0.61288
 0.61054
 0.59684
 0.57785
 0.59409
 0
 0
 0.99996
 1
 1
 1
 1
 1
 1
 1
 1
 0.99931
 0.99607
 0.99047
 0.98006
 0.9735
 0.96773
 0.96811
 0.97023
 0.97438
 0.96348
 0.95282
 0.96431
 0.95161
 0.9575
 0.9598100000000001
 0.94987
 0.95423
 0.94264
 0.95192
 0
 0
 1
 0.6283300000000001
 0.71848
 0.56694
 0.60163
 0.65457
 0.5208
 0.47167
 0.50737
 0.5397
 0.55543
 0.50668
 0.58221
 0.56767
 0.63005
 0.61891
 0.64167
 0.58944
 0.66269
 0.61792
 0.60538
 0.60785
 0.59407
 0.59885
 0.5986900000000001
 0.6133999999999999
 0.5629999999999999
 0.5877599999999999
 0
 0
 1
 0.77379
 0.6975
 0.68637
 0.69175
 0.69462
 0.71328
 0.6944900000000001
 0.65379
 0.66999
 0.68025
 0.62286
 0.6632
 0.6817299999999999
 0.69689
 0.66609
 0.6646
 0.65649
 0.69348
 0.70982
 0.7124
 0.67588
 0.67276
 0.6855599999999999
 0.67233
 0.6738
 0.6605799999999999
 0.68592
 0
 0
 0
 0
 0
 0
 0
 0
 0
 0
 0
 0
 0
 0
 0
 0
 0
 0
 0
 0
 0
 0
 0
 0
 0
 0
 0
 0
 0
 0
 0
 0
 0
 0
 0
 0
 0
 0
 0
 0
 0
 0
 0
 0
 0
 0
 0
 0
 0
 0
 0
 0
 0
 0
 0
 0
 0
 0
 0
 0
 0
 0
 0
 0
 0
 0
 0
 0
 0
 0
 0
 0
 0
 0
 0
 0
 0
 0
 0
 0
 0
 0
 0
 0
 0
 0
 0
 0
 0
 0
 0
 0
 0
 0
 0
 0
 0
 0
 0
 0
 0
 0
 0
 0
 0
 0
 0
 0
 0
 0
 0
 0
 0
 0
 0
 0
 0
 0
 0
 0
 0
 0
 0
 0
 0
 0
 0
 0
 0
 0
 0
 0
 0
 0
 0
 0
 0
 0
 0
 0
 0
 0
 0
 0
 0
 0
 0
 0
 0
 0
 0
 0
 0.99999
 1
 1
 1
 1
 1
 1
 0.99999
 1
 0.99814
 0.99531
 0.98754
 0.97979
 0.97657
 0.9655
 0.9716399999999999
 0.96953
 0.96675
 0.96524
 0.96356
 0.95944
 0.96365
 0.95178
 0.95477
 0.95464
 0.95735
 0.94674
 0.95846
 0
 0
 0
 0
 0
 0
 0
 0
 0
 0
 0
 0
 0
 0
 0
 0
 0
 0
 0
 0
 0
 0
 0
 0
 0
 0
 0
 0
 0
 0
 0
 0
 0
 0
 0
 0
 0
 0
 0
 0
 0
 0
 0
 0
 0
 0
 0
 0
 0
 0
 0
 0
 0
 0
 0
 0
 0
 0
 0
 0


