# Created by Octave 4.0.0, Sat Nov 21 16:31:02 2015 W. Europe Standard Time <unknown@Florian-PC>
# name: mus
# type: matrix
# ndims: 3
 1 30 19
 0
 0
 0.81537
 0.70652
 0.94142
 0.75963
 0.73851
 0.76258
 0.76859
 0.78739
 0.72143
 0.74663
 0.90196
 0.90521
 0.89958
 0.90118
 0.8876500000000001
 0.88847
 0.90977
 0.92542
 0.92648
 0.92761
 0.92809
 0.92517
 0.92511
 0.92057
 0.92256
 0.91936
 0.92125
 0.91966
 0
 0
 0.66667
 0.75
 1
 1
 1
 1
 1
 1
 0.9
 0.9
 1
 0.93333
 1
 1
 0.93333
 0.95
 0.9
 0.9
 0.9
 0.91
 0.91
 0.88
 0.92
 0.96
 0.96667
 0.96
 0.96667
 0.96667
 0
 0
 0.82916
 0.75009
 0.92794
 0.9527
 0.95786
 0.98605
 0.9882300000000001
 0.99052
 0.94508
 0.9502699999999999
 0.957
 0.9488799999999999
 0.95068
 0.97811
 0.94864
 0.93008
 0.9789600000000001
 0.92926
 0.91284
 0.92382
 0.94159
 0.95216
 0.95148
 0.95912
 0.9466599999999999
 0.9404
 0.94554
 0.95583
 0
 0
 0.79152
 0.5288
 0.92497
 0.97433
 0.97293
 0.97812
 0.9792999999999999
 0.9757
 0.9654
 0.97564
 0.96008
 0.9687
 0.94511
 0.9529
 0.93887
 0.94007
 0.96163
 0.9047500000000001
 0.91003
 0.91292
 0.91877
 0.9192900000000001
 0.9200700000000001
 0.92657
 0.94294
 0.94228
 0.94809
 0.9524899999999999
 0
 0
 0.66667
 0.75
 1
 1
 1
 1
 1
 1
 1
 1
 1
 1
 1
 1
 1
 1
 1
 1
 1
 0
 0
 1
 1
 1
 1
 1
 1
 1
 0
 0
 0.7049800000000001
 0.7527199999999999
 0.98372
 0.80331
 0.99525
 0.99601
 0.9961100000000001
 0.99398
 0.9749100000000001
 0.98558
 0.95995
 0.97378
 0.95279
 0.954
 0.93574
 0.92885
 0.95348
 0.95679
 0.94924
 0.84134
 0.8551800000000001
 0.89261
 0.90607
 0.9311199999999999
 0.95652
 0.99158
 0.93627
 0.97218
 0
 0
 0.36788
 0.69438
 0.87164
 0.88807
 0.94179
 0.92562
 0.92513
 0.97022
 0.94048
 0.9467
 0.94196
 0.94292
 0.90152
 0.94313
 0.95724
 0.90669
 0.95991
 0.93612
 0.92901
 0.9071399999999999
 0.90784
 0.96056
 0.96692
 0.96549
 0.95236
 0.90093
 0.91631
 0.9371699999999999
 0
 0
 0.78703
 0.54187
 0.89663
 0.93997
 0.93848
 0.95711
 0.94286
 0.9275600000000001
 0.93436
 0.91576
 0.90913
 0.90743
 0.89417
 0.90679
 0.88757
 0.88284
 0.91062
 0.84859
 0.8575
 0.87481
 0.87199
 0.87701
 0.88006
 0.89669
 0.89245
 0.88551
 0.89905
 0.90528
 0
 0
 0.96079
 0.86331
 0.91909
 0.89373
 0.93638
 0.9325
 0.90393
 0.92448
 0.91981
 0.92949
 0.9313399999999999
 0.9347800000000001
 0.9115
 0.91764
 0.90042
 0.91068
 0.91345
 0.9079700000000001
 0.91191
 0.90757
 0.90034
 0.90651
 0.90857
 0.90232
 0.91346
 0.91459
 0.89973
 0.91189
 0
 0
 0.71018
 0.75381
 0.98569
 0.99344
 0.98998
 0.89966
 0.99478
 0.99797
 0.97016
 0.97723
 0.94596
 0.95875
 0.94824
 0.95746
 0.9315600000000001
 0.9281199999999999
 0.97567
 0.90543
 0.9094100000000001
 0.9160700000000001
 0.92364
 0.92617
 0.9271
 0.9323900000000001
 0.95439
 0.96262
 0.93142
 0.93069
 0
 0
 0.36788
 0.6916
 0.88032
 0.90067
 0.9385
 0.90361
 0.90162
 0.88488
 0.95971
 0.88406
 0.97012
 0.96423
 0.89946
 0.9387799999999999
 0.9042
 0.90883
 0.91037
 0.88441
 0.88958
 0.95858
 0.9125799999999999
 0.96144
 0.9818
 0.9631
 0.90669
 0.9391699999999999
 0.91559
 0.9389999999999999
 0
 0
 0
 0
 0
 0
 0
 0
 0
 0
 0
 0
 0
 0
 0
 0
 0
 0
 0
 0
 0
 0
 0
 0
 0
 0
 0
 0
 0
 0
 0
 0
 0
 0
 0
 0
 0
 0
 0
 0
 0
 0
 0
 0
 0
 0
 0
 0
 0
 0
 0
 0
 0
 0
 0
 0
 0
 0
 0
 0
 0
 0
 0
 0
 0
 0
 0
 0
 0
 0
 0
 0
 0
 0
 0
 0
 0
 0
 0
 0
 0
 0
 0
 0
 0
 0
 0
 0
 0
 0
 0
 0
 0
 0
 0
 0
 0
 0
 0
 0
 0
 0
 0
 0
 0
 0
 0
 0
 0
 0
 0
 0
 0
 0
 0
 0
 0
 0
 0
 0
 0
 0
 0
 0
 0
 0
 0
 0
 0
 0
 0
 0
 0
 0
 0
 0
 0
 0
 0
 0
 0
 0
 0
 0
 0
 0
 0
 0
 0
 0
 0
 0
 0.94347
 0.95829
 0.96597
 0.91797
 0.92388
 0.95108
 0.91976
 0.88624
 0.91691
 0.9256799999999999
 0.92522
 0.91309
 0.9273400000000001
 0.91565
 0.92248
 0.91491
 0.91132
 0.90505
 0.9097
 0.90185
 0.9046999999999999
 0.90679
 0.90395
 0.89307
 0.9111900000000001
 0.9156300000000001
 0.8991
 0.91488
 0
 0
 0
 0
 0
 0
 0
 0
 0
 0
 0
 0
 0
 0
 0
 0
 0
 0
 0
 0
 0
 0
 0
 0
 0
 0
 0
 0
 0
 0
 0
 0
 0
 0
 0
 0
 0
 0
 0
 0
 0
 0
 0
 0
 0
 0
 0
 0
 0
 0
 0
 0
 0
 0
 0
 0
 0
 0
 0
 0


