# Created by Octave 4.0.0, Sat Nov 21 16:31:21 2015 W. Europe Standard Time <unknown@Florian-PC>
# name: mus
# type: matrix
# ndims: 3
 1 30 19
 0
 0
 0.6240599999999999
 0.58194
 0.64017
 0.5946399999999999
 0.62239
 0.64513
 0.62991
 0.63445
 0.79566
 0.82155
 0.83696
 0.83597
 0.84135
 0.81334
 0.8307600000000001
 0.83502
 0.78251
 0.7940700000000001
 0.7869699999999999
 0.79349
 0.79034
 0.7950700000000001
 0.78809
 0.79766
 0.81629
 0.83447
 0.82598
 0.83846
 0
 0
 0.66667
 1
 0.6
 0.9
 0.5
 0.8
 0.9
 0.9
 0.73333
 0.66667
 0.6333299999999999
 0.7
 0.8
 0.8
 0.7
 0.73333
 0.71667
 0.7
 0.87
 0.83
 0.83
 0.79
 0.72
 0.73333
 0.7533300000000001
 0.71333
 0.64667
 0.6333299999999999
 0
 0
 0.611
 0.88267
 0.80905
 0.90891
 0.72292
 0.77581
 0.77263
 0.79802
 0.70609
 0.63125
 0.64456
 0.75817
 0.68908
 0.7397899999999999
 0.72062
 0.7229
 0.76456
 0.74112
 0.75247
 0.7744
 0.8239300000000001
 0.77729
 0.78787
 0.79983
 0.75543
 0.80411
 0.76977
 0.7854100000000001
 0
 0
 0.61038
 0.74043
 0.6533
 0.66177
 0.63797
 0.66617
 0.74442
 0.76097
 0.65417
 0.6393799999999999
 0.63221
 0.66587
 0.64486
 0.6704
 0.65674
 0.67281
 0.67941
 0.69999
 0.70887
 0.72529
 0.73072
 0.74108
 0.70949
 0.73221
 0.69129
 0.71601
 0.67964
 0.70009
 0
 0
 0.66667
 1
 0.4
 0.16667
 0.57143
 0.75
 1
 0.8
 0.81818
 0.58333
 0.46154
 0.66667
 0.8
 1
 1
 1
 1
 1
 0
 1
 1
 1
 1
 1
 1
 1
 1
 1
 0
 0
 0.7522799999999999
 0.9896200000000001
 0.60624
 0.52664
 0.63991
 0.80787
 0.7714299999999999
 0.8650099999999999
 0.66182
 0.61192
 0.6025
 0.63724
 0.63574
 0.75088
 0.6798999999999999
 0.7007
 0.67916
 0.75872
 0.67639
 0.72794
 0.72864
 0.70701
 0.7007100000000001
 0.67317
 0.6581
 0.74319
 0.7607
 0.71456
 0
 0
 0.57859
 0.64295
 0.75862
 0.79229
 0.74871
 0.83791
 0.77998
 0.7813
 0.6916
 0.76979
 0.76555
 0.7458900000000001
 0.71639
 0.75803
 0.7481100000000001
 0.76305
 0.72362
 0.7694299999999999
 0.75822
 0.75779
 0.77638
 0.77604
 0.74059
 0.77647
 0.72507
 0.78185
 0.76997
 0.74054
 0
 0
 0.60912
 0.65898
 0.6426500000000001
 0.72441
 0.66504
 0.66208
 0.71165
 0.73621
 0.62127
 0.63453
 0.61654
 0.6732900000000001
 0.64188
 0.67386
 0.66177
 0.68133
 0.69776
 0.71087
 0.71369
 0.72982
 0.7482
 0.74778
 0.71718
 0.73592
 0.70828
 0.73095
 0.70741
 0.71572
 0
 0
 0.99944
 1
 1
 1
 1
 1
 1
 1
 1
 1
 0.99492
 0.98826
 0.98759
 0.97701
 0.96854
 0.97437
 0.97058
 0.96679
 0.96807
 0.96478
 0.96513
 0.96092
 0.94403
 0.95669
 0.9474
 0.94329
 0.94928
 0.94586
 0
 0
 0.69861
 0.98843
 0.6837800000000001
 0.7066
 0.6298
 0.73098
 0.71452
 0.71019
 0.5839800000000001
 0.6179
 0.5927
 0.66196
 0.69679
 0.68189
 0.6397
 0.68398
 0.67683
 0.69064
 0.69292
 0.78024
 0.70973
 0.73614
 0.69318
 0.73795
 0.73668
 0.7211
 0.72233
 0.71347
 0
 0
 0.57859
 0.65871
 0.84965
 0.78787
 0.7628
 0.84688
 0.7797500000000001
 0.78456
 0.71065
 0.74115
 0.71672
 0.71456
 0.69811
 0.74341
 0.72333
 0.73714
 0.73775
 0.74592
 0.73386
 0.75069
 0.74515
 0.7658
 0.73887
 0.75482
 0.72729
 0.73738
 0.72211
 0.75609
 0
 0
 0
 0
 0
 0
 0
 0
 0
 0
 0
 0
 0
 0
 0
 0
 0
 0
 0
 0
 0
 0
 0
 0
 0
 0
 0
 0
 0
 0
 0
 0
 0
 0
 0
 0
 0
 0
 0
 0
 0
 0
 0
 0
 0
 0
 0
 0
 0
 0
 0
 0
 0
 0
 0
 0
 0
 0
 0
 0
 0
 0
 0
 0
 0
 0
 0
 0
 0
 0
 0
 0
 0
 0
 0
 0
 0
 0
 0
 0
 0
 0
 0
 0
 0
 0
 0
 0
 0
 0
 0
 0
 0
 0
 0
 0
 0
 0
 0
 0
 0
 0
 0
 0
 0
 0
 0
 0
 0
 0
 0
 0
 0
 0
 0
 0
 0
 0
 0
 0
 0
 0
 0
 0
 0
 0
 0
 0
 0
 0
 0
 0
 0
 0
 0
 0
 0
 0
 0
 0
 0
 0
 0
 0
 0
 0
 0
 0
 0
 0
 0
 0
 0.99999
 1
 1
 1
 1
 1
 1
 1
 1
 0.99961
 0.9916199999999999
 0.9884500000000001
 0.98111
 0.96674
 0.97377
 0.9696
 0.97054
 0.96233
 0.9666400000000001
 0.96001
 0.96331
 0.96741
 0.96147
 0.95034
 0.95145
 0.95621
 0.9556
 0.9421
 0
 0
 0
 0
 0
 0
 0
 0
 0
 0
 0
 0
 0
 0
 0
 0
 0
 0
 0
 0
 0
 0
 0
 0
 0
 0
 0
 0
 0
 0
 0
 0
 0
 0
 0
 0
 0
 0
 0
 0
 0
 0
 0
 0
 0
 0
 0
 0
 0
 0
 0
 0
 0
 0
 0
 0
 0
 0
 0
 0


