# Created by Octave 4.0.0, Sat Nov 21 16:31:24 2015 W. Europe Standard Time <unknown@Florian-PC>
# name: mus
# type: matrix
# ndims: 3
 1 30 19
 0
 0
 0.68087
 0.6170600000000001
 0.77741
 0.76047
 0.88193
 0.88591
 0.89056
 0.87899
 0.85571
 0.84091
 0.9398
 0.94252
 0.93333
 0.93581
 0.90504
 0.9032
 0.86299
 0.86356
 0.92732
 0.92845
 0.91722
 0.92092
 0.93277
 0.93269
 0.9292899999999999
 0.9282899999999999
 0.92262
 0.91966
 0
 0
 0.66667
 1
 0.6
 0.7
 0.7
 0.6
 0.9
 0.9
 0.76667
 0.93333
 0.7
 0.6333299999999999
 0.8
 0.81667
 0.8833299999999999
 0.81667
 0.9
 0.9
 0.76
 0.77
 0.83
 0.79
 0.76
 0.84
 0.84667
 0.82
 0.82667
 0.83333
 0
 0
 0.55752
 0.8946499999999999
 0.63098
 0.81774
 0.73105
 0.74352
 0.76401
 0.69868
 0.71528
 0.78198
 0.79182
 0.77022
 0.78063
 0.81824
 0.8367599999999999
 0.8374
 0.82795
 0.85547
 0.80669
 0.8581800000000001
 0.81452
 0.84449
 0.81233
 0.8561299999999999
 0.86094
 0.87718
 0.8816000000000001
 0.86763
 0
 0
 0.48891
 0.91293
 0.63994
 0.75624
 0.71809
 0.69031
 0.74131
 0.72756
 0.81691
 0.82553
 0.67238
 0.7977300000000001
 0.8366
 0.84275
 0.8626
 0.8619599999999999
 0.87762
 0.88374
 0.8062
 0.82117
 0.85309
 0.84642
 0.80566
 0.81769
 0.83304
 0.8323
 0.84742
 0.84571
 0
 0
 1
 1
 0.8
 0.66667
 1
 0.625
 0.88889
 0.6
 0.81818
 0.91667
 0.61538
 1
 1
 1
 0.5
 1
 1
 0
 0
 1
 1
 1
 1
 1
 1
 1
 1
 1
 0
 0
 0.8348100000000001
 0.9079
 0.74969
 0.69402
 0.85553
 0.66421
 0.84762
 0.68263
 0.74546
 0.85324
 0.6639
 0.87083
 0.89896
 0.907
 0.78815
 0.92828
 0.93313
 0.76663
 0.72779
 0.84779
 0.90966
 0.89478
 0.86542
 0.83131
 0.82928
 0.92254
 0.82011
 0.80485
 0
 0
 0.57859
 0.81128
 0.65507
 0.80005
 0.87276
 0.77996
 0.73791
 0.74613
 0.76581
 0.77037
 0.74878
 0.7659899999999999
 0.76173
 0.8164400000000001
 0.8026799999999999
 0.78721
 0.80745
 0.8462499999999999
 0.77554
 0.82761
 0.77721
 0.81676
 0.84723
 0.80523
 0.84048
 0.8188299999999999
 0.82386
 0.82417
 0
 0
 0.5083800000000001
 0.87824
 0.59285
 0.74622
 0.6916
 0.67142
 0.71124
 0.70877
 0.73682
 0.75942
 0.65546
 0.74355
 0.76515
 0.7688199999999999
 0.7894099999999999
 0.78434
 0.79941
 0.80009
 0.73932
 0.76525
 0.77576
 0.77832
 0.74866
 0.7663
 0.76955
 0.76934
 0.78955
 0.79098
 0
 0
 0.9428800000000001
 0.91513
 0.93785
 0.92106
 0.89694
 0.93867
 0.90435
 0.91048
 0.9368300000000001
 0.92843
 0.91571
 0.93071
 0.92279
 0.91622
 0.90763
 0.91679
 0.91467
 0.9206800000000001
 0.90609
 0.90204
 0.90382
 0.90852
 0.90778
 0.90099
 0.90082
 0.91452
 0.90361
 0.8924800000000001
 0
 0
 0.79805
 0.87897
 0.58285
 0.72572
 0.76014
 0.73449
 0.78586
 0.6818
 0.76256
 0.75758
 0.69521
 0.8110000000000001
 0.85755
 0.87369
 0.8843800000000001
 0.86619
 0.92179
 0.91449
 0.78302
 0.80636
 0.83863
 0.78925
 0.79081
 0.82262
 0.82135
 0.84355
 0.84041
 0.8403
 0
 0
 0.57859
 0.86119
 0.71823
 0.75896
 0.81406
 0.69381
 0.7067099999999999
 0.73621
 0.8235
 0.74929
 0.77852
 0.75476
 0.7658
 0.85197
 0.78561
 0.80157
 0.78997
 0.55804
 0.7966800000000001
 0.7835299999999999
 0.77356
 0.80681
 0.7692099999999999
 0.79157
 0.83917
 0.92278
 0.88257
 0.82245
 0
 0
 0
 0
 0
 0
 0
 0
 0
 0
 0
 0
 0
 0
 0
 0
 0
 0
 0
 0
 0
 0
 0
 0
 0
 0
 0
 0
 0
 0
 0
 0
 0
 0
 0
 0
 0
 0
 0
 0
 0
 0
 0
 0
 0
 0
 0
 0
 0
 0
 0
 0
 0
 0
 0
 0
 0
 0
 0
 0
 0
 0
 0
 0
 0
 0
 0
 0
 0
 0
 0
 0
 0
 0
 0
 0
 0
 0
 0
 0
 0
 0
 0
 0
 0
 0
 0
 0
 0
 0
 0
 0
 0
 0
 0
 0
 0
 0
 0
 0
 0
 0
 0
 0
 0
 0
 0
 0
 0
 0
 0
 0
 0
 0
 0
 0
 0
 0
 0
 0
 0
 0
 0
 0
 0
 0
 0
 0
 0
 0
 0
 0
 0
 0
 0
 0
 0
 0
 0
 0
 0
 0
 0
 0
 0
 0
 0
 0
 0
 0
 0
 0
 0.83367
 0.8940900000000001
 0.94913
 0.92162
 0.94501
 0.9288
 0.91494
 0.93954
 0.92025
 0.91377
 0.92028
 0.93207
 0.91801
 0.91714
 0.90876
 0.91651
 0.89679
 0.90704
 0.90681
 0.90663
 0.90486
 0.9083599999999999
 0.8993100000000001
 0.90151
 0.89721
 0.9104
 0.90152
 0.90805
 0
 0
 0
 0
 0
 0
 0
 0
 0
 0
 0
 0
 0
 0
 0
 0
 0
 0
 0
 0
 0
 0
 0
 0
 0
 0
 0
 0
 0
 0
 0
 0
 0
 0
 0
 0
 0
 0
 0
 0
 0
 0
 0
 0
 0
 0
 0
 0
 0
 0
 0
 0
 0
 0
 0
 0
 0
 0
 0
 0


