# Created by Octave 4.0.0, Sat Nov 21 16:31:04 2015 W. Europe Standard Time <unknown@Florian-PC>
# name: mus
# type: matrix
# ndims: 3
 1 30 19
 0
 0
 0.53383
 0.57441
 0.91883
 0.93384
 0.93901
 0.93876
 0.93734
 0.93613
 0.9357799999999999
 0.88468
 0.85702
 0.82891
 0.82785
 0.81757
 0.79513
 0.79545
 0.79671
 0.87203
 0.87218
 0.87121
 0.86873
 0.86054
 0.9285099999999999
 0.91973
 0.91561
 0.91539
 0.91421
 0.9119699999999999
 0
 0
 0.66667
 0.5
 0.6
 0.8
 0.9
 0.8
 1
 0.9
 1
 0.7
 0.8666700000000001
 0.76667
 0.8
 0.81667
 0.9
 0.8666700000000001
 0.9
 0.9
 0.91
 0.91
 0.91
 0.91
 0.88
 0.86
 0.84
 0.9
 0.89333
 0.9
 0
 0
 0.79682
 0.67722
 0.68842
 0.79789
 0.87463
 0.88095
 0.89036
 0.90223
 0.96289
 0.82013
 0.8253200000000001
 0.76245
 0.7936800000000001
 0.83408
 0.80363
 0.87031
 0.89131
 0.8921
 0.90972
 0.91861
 0.89769
 0.89997
 0.87042
 0.88798
 0.87483
 0.88564
 0.8973
 0.87037
 0
 0
 0.44968
 0.6485
 0.57777
 0.80597
 0.77235
 0.87783
 0.88864
 0.91265
 0.9170199999999999
 0.72233
 0.7936800000000001
 0.81262
 0.79882
 0.81937
 0.86463
 0.87599
 0.89395
 0.89071
 0.90015
 0.90968
 0.91006
 0.9085
 0.88006
 0.88392
 0.85309
 0.86315
 0.86287
 0.86892
 0
 0
 1
 0.75
 0.6
 0.5
 0.57143
 1
 1
 0.7
 1
 0.83333
 1
 0.77778
 0.8
 0.66667
 1
 1
 1
 1
 0
 1
 1
 1
 1
 1
 1
 1
 1
 1
 0
 0
 0.9313
 0.77189
 0.54289
 0.58752
 0.68857
 0.95279
 0.96127
 0.85576
 0.97783
 0.75078
 0.82101
 0.78284
 0.79588
 0.79401
 0.89284
 0.92211
 0.90954
 0.94399
 0.7930700000000001
 0.8415899999999999
 0.90698
 0.88971
 0.86405
 0.85326
 0.85512
 0.8610100000000001
 0.85056
 0.86315
 0
 0
 0.57859
 0.87621
 0.76751
 0.79421
 0.86448
 0.86637
 0.83258
 0.87881
 0.86965
 0.81308
 0.76799
 0.79088
 0.8152199999999999
 0.79558
 0.80447
 0.86718
 0.86225
 0.84845
 0.89376
 0.86249
 0.8641
 0.9190700000000001
 0.8630100000000001
 0.89561
 0.87378
 0.8863
 0.86351
 0.85988
 0
 0
 0.45108
 0.64753
 0.60881
 0.78183
 0.7657
 0.79396
 0.82353
 0.84387
 0.86033
 0.72092
 0.74257
 0.76762
 0.74466
 0.76879
 0.79471
 0.79787
 0.83946
 0.82999
 0.83816
 0.85236
 0.85442
 0.8557900000000001
 0.82199
 0.82923
 0.80852
 0.81637
 0.82637
 0.83087
 0
 0
 0.9061399999999999
 0.93323
 0.93545
 0.9487
 0.93003
 0.90931
 0.94351
 0.93342
 0.91627
 0.92655
 0.92223
 0.9235
 0.91497
 0.90638
 0.91231
 0.92103
 0.90466
 0.90847
 0.90359
 0.9008699999999999
 0.90338
 0.89745
 0.88927
 0.90763
 0.90962
 0.90687
 0.90065
 0.90705
 0
 0
 0.67949
 0.76296
 0.60873
 0.63588
 0.78849
 0.93341
 0.95927
 0.96841
 0.97846
 0.7672600000000001
 0.76389
 0.82014
 0.80892
 0.82692
 0.89005
 0.90982
 0.91601
 0.89301
 0.89705
 0.89889
 0.90459
 0.90197
 0.79886
 0.86869
 0.84277
 0.84734
 0.57355
 0.8673999999999999
 0
 0
 0.57859
 0.91045
 0.76791
 0.74987
 0.88041
 0.89076
 0.69711
 0.89634
 0.84154
 0.80732
 0.77445
 0.79134
 0.86341
 0.78786
 0.78404
 0.69491
 0.89179
 0.90966
 0.84393
 0.8558
 0.85592
 0.87639
 0.87721
 0.8579599999999999
 0.84534
 0.91095
 0.85183
 0.88242
 0
 0
 0
 0
 0
 0
 0
 0
 0
 0
 0
 0
 0
 0
 0
 0
 0
 0
 0
 0
 0
 0
 0
 0
 0
 0
 0
 0
 0
 0
 0
 0
 0
 0
 0
 0
 0
 0
 0
 0
 0
 0
 0
 0
 0
 0
 0
 0
 0
 0
 0
 0
 0
 0
 0
 0
 0
 0
 0
 0
 0
 0
 0
 0
 0
 0
 0
 0
 0
 0
 0
 0
 0
 0
 0
 0
 0
 0
 0
 0
 0
 0
 0
 0
 0
 0
 0
 0
 0
 0
 0
 0
 0
 0
 0
 0
 0
 0
 0
 0
 0
 0
 0
 0
 0
 0
 0
 0
 0
 0
 0
 0
 0
 0
 0
 0
 0
 0
 0
 0
 0
 0
 0
 0
 0
 0
 0
 0
 0
 0
 0
 0
 0
 0
 0
 0
 0
 0
 0
 0
 0
 0
 0
 0
 0
 0
 0
 0
 0
 0
 0
 0
 0.92099
 0.94109
 0.8788
 0.90887
 0.92203
 0.89702
 0.91525
 0.9198499999999999
 0.90555
 0.92257
 0.93407
 0.93132
 0.92015
 0.90074
 0.90876
 0.90726
 0.91003
 0.90876
 0.90173
 0.90689
 0.91089
 0.90811
 0.90446
 0.90906
 0.90735
 0.90986
 0.90387
 0.89702
 0
 0
 0
 0
 0
 0
 0
 0
 0
 0
 0
 0
 0
 0
 0
 0
 0
 0
 0
 0
 0
 0
 0
 0
 0
 0
 0
 0
 0
 0
 0
 0
 0
 0
 0
 0
 0
 0
 0
 0
 0
 0
 0
 0
 0
 0
 0
 0
 0
 0
 0
 0
 0
 0
 0
 0
 0
 0
 0
 0


