# Created by Octave 4.0.0, Sat Nov 21 16:31:16 2015 W. Europe Standard Time <unknown@Florian-PC>
# name: mus
# type: matrix
# ndims: 3
 1 30 19
 0
 0
 0.85881
 0.91722
 0.93975
 0.93467
 0.93818
 0.9194600000000001
 0.94236
 0.92101
 0.94162
 0.94613
 0.9473200000000001
 0.94958
 0.95021
 0.95439
 0.9479
 0.95623
 0.95405
 0.92627
 0.87051
 0.7627699999999999
 0.8545199999999999
 0.79762
 0.82468
 0.78261
 0.79061
 0.77041
 0.75449
 0.7700900000000001
 0
 0
 0.33333
 0.75
 0.4
 0.5
 0.7
 0.8
 0.6
 0.6
 0.73333
 0.56667
 0.8
 0.83333
 0.8666700000000001
 0.7
 0.55
 0.73333
 0.7
 0.65
 0.75
 0.64
 0.68
 0.57
 0.68
 0.66667
 0.71333
 0.7466699999999999
 0.72
 0.76667
 0
 0
 0.5033300000000001
 0.80605
 0.73227
 0.74014
 0.79877
 0.59558
 0.67749
 0.57831
 0.66434
 0.60967
 0.64744
 0.67663
 0.55626
 0.6338
 0.64651
 0.55638
 0.67343
 0.6567499999999999
 0.67464
 0.64313
 0.67237
 0.66099
 0.68288
 0.69026
 0.7054
 0.71894
 0.68455
 0.66089
 0
 0
 0.52779
 0.78672
 0.5561199999999999
 0.62598
 0.78407
 0.65749
 0.50876
 0.7234
 0.63509
 0.53428
 0.6595800000000001
 0.70475
 0.74422
 0.69654
 0.76101
 0.7049800000000001
 0.69009
 0.62679
 0.6976599999999999
 0.64023
 0.68724
 0.70602
 0.74352
 0.78773
 0.73264
 0.7325
 0.73344
 0.72646
 0
 0
 0.33333
 1
 0.6
 0.16667
 0.57143
 1
 0.33333
 0.9
 0.63636
 0.41667
 0.61538
 0.66667
 0.8
 0.66667
 1
 1
 1
 1
 1
 0
 1
 0
 0
 1
 1
 1
 1
 1
 0
 0
 0.40003
 1.09525
 0.75
 0.40834
 0.6035700000000001
 0.93214
 0.46478
 0.81743
 0.725
 0.45631
 0.69557
 0.63171
 0.80594
 0.5980799999999999
 0.84935
 0.86091
 0.84048
 0.84984
 0.71694
 0.37154
 0.8914800000000001
 0.60121
 0.61982
 0.78688
 0.83052
 0.875
 0.84951
 0.5051
 0
 0
 0.36788
 0.64935
 0.6744
 0.68003
 0.69908
 0.73269
 0.65012
 0.66497
 0.69914
 0.66761
 0.65374
 0.80753
 0.70984
 0.76297
 0.77973
 0.70069
 0.69432
 0.67293
 0.6963
 0.69017
 0.69302
 0.71188
 0.7174
 0.77838
 0.78464
 0.72346
 0.72153
 0.74552
 0
 0
 0.52779
 0.72816
 0.64813
 0.6407
 0.73198
 0.64272
 0.57643
 0.67221
 0.65945
 0.53066
 0.68162
 0.66962
 0.7073700000000001
 0.64522
 0.7248
 0.66655
 0.68827
 0.62115
 0.6895
 0.61844
 0.66017
 0.67841
 0.73373
 0.74986
 0.72771
 0.73817
 0.71777
 0.71744
 0
 0
 1
 1
 1
 1
 1
 1
 1
 1
 1
 1
 1
 1
 1
 1
 1
 1
 1
 1
 1
 1
 1
 1
 1
 1
 1
 1
 1
 1
 0
 0
 0.40003
 0.93862
 0.81231
 0.58204
 0.7873
 0.58805
 0.6077399999999999
 0.55877
 0.56695
 0.49034
 0.74951
 0.57813
 0.61355
 0.58206
 0.69831
 0.77244
 0.749
 0.66599
 0.6918
 0.56291
 0.58988
 0.6963
 0.80793
 0.66659
 0.60278
 0.88151
 0.74048
 0.49632
 0
 0
 0.36788
 0.66265
 0.6712399999999999
 0.6651
 0.69058
 0.82491
 0.6928
 0.68836
 0.70407
 0.6431
 0.69836
 0.83331
 0.73128
 0.7662600000000001
 0.74918
 0.78655
 0.6722
 0.70083
 0.85559
 0.8246
 0.79597
 0.83819
 0.7143
 0.72649
 0.75352
 0.7911
 0.73826
 0.76877
 0
 0
 0
 0
 0
 0
 0
 0
 0
 0
 0
 0
 0
 0
 0
 0
 0
 0
 0
 0
 0
 0
 0
 0
 0
 0
 0
 0
 0
 0
 0
 0
 0
 0
 0
 0
 0
 0
 0
 0
 0
 0
 0
 0
 0
 0
 0
 0
 0
 0
 0
 0
 0
 0
 0
 0
 0
 0
 0
 0
 0
 0
 0
 0
 0
 0
 0
 0
 0
 0
 0
 0
 0
 0
 0
 0
 0
 0
 0
 0
 0
 0
 0
 0
 0
 0
 0
 0
 0
 0
 0
 0
 0
 0
 0
 0
 0
 0
 0
 0
 0
 0
 0
 0
 0
 0
 0
 0
 0
 0
 0
 0
 0
 0
 0
 0
 0
 0
 0
 0
 0
 0
 0
 0
 0
 0
 0
 0
 0
 0
 0
 0
 0
 0
 0
 0
 0
 0
 0
 0
 0
 0
 0
 0
 0
 0
 0
 0
 0
 0
 0
 0
 1
 1
 1
 1
 1
 1
 1
 1
 1
 1
 1
 1
 1
 1
 1
 1
 1
 1
 1
 1
 1
 1
 1
 1
 1
 1
 1
 1
 0
 0
 0
 0
 0
 0
 0
 0
 0
 0
 0
 0
 0
 0
 0
 0
 0
 0
 0
 0
 0
 0
 0
 0
 0
 0
 0
 0
 0
 0
 0
 0
 0
 0
 0
 0
 0
 0
 0
 0
 0
 0
 0
 0
 0
 0
 0
 0
 0
 0
 0
 0
 0
 0
 0
 0
 0
 0
 0
 0


# name: vars
# type: matrix
# ndims: 3
 1 30 19
 0
 0
 0.038922
 0.016405
 0.011144
 0.010301
 0.010561
 0.009939999999999999
 0.006472
 0.005741
 0.004977
 0.003446
 0.003762
 0.003258
 0.002902
 0.002814
 0.002562
 0.002518
 0.002367
 0.003565
 0.006459
 0.006644
 0.004958
 0.009187000000000001
 0.005395
 0.006063
 0.004571
 0.005733
 0.006606
 0.008116999999999999
 0
 0
 0.33333
 0.25
 0.3
 0.25
 0.2
 0.075
 0.175
 0.05
 0.06389
 0.18889
 0.08889
 0.05556
 0.03333
 0.08889
 0.08889
 0.06389
 0.075
 0.1125
 0.0625
 0.03175
 0.047
 0.0795
 0.052
 0.06222
 0.07756
 0.07922
 0.03922
 0.03611
 0
 0
 0
 0
 0
 0
 0
 0
 0
 0
 0
 0
 0
 0
 0
 0
 0
 0
 0
 0
 0
 0
 0
 0
 0
 0
 0
 0
 0
 0
 0
 0
 0.21006
 0.12697
 0.08441
 0.08110000000000001
 0.07192
 0.0718
 0.07457999999999999
 0.04838
 0.06866999999999999
 0.06622
 0.05671
 0.04863
 0.04754
 0.05087
 0.03665
 0.04452
 0.04212
 0.04509
 0.04034
 0.0436
 0.03877
 0.03773
 0.03399
 0.03233
 0.03342
 0.03532
 0.03373
 0.03451
 0
 0
 0
 0
 0
 0
 0
 0
 0
 0
 0
 0
 0
 0
 0
 0
 0
 0
 0
 0
 0
 0
 0
 0
 0
 0
 0
 0
 0
 0
 0
 0
 0
 0
 0
 0
 0
 0
 0
 0
 0
 0
 0
 0
 0
 0
 0
 0
 0
 0
 0
 0
 0
 0
 0
 0
 0
 0
 0
 0
 0
 0
 0
 0
 0
 0
 0
 0
 0
 0
 0
 0
 0
 0
 0
 0
 0
 0
 0
 0
 0
 0
 0
 0
 0
 0
 0
 0
 0
 0
 0
 0
 0.21006
 0.11564
 0.0659
 0.08695
 0.05465
 0.03357
 0.04481
 0.04098
 0.03378
 0.03241
 0.0405
 0.05684
 0.05588
 0.06013
 0.05059
 0.05499
 0.05073
 0.05303
 0.05404
 0.04895
 0.04997
 0.04848
 0.04246
 0.03695
 0.03639
 0.04092
 0.03797
 0.03845
 0
 0
 0
 0
 0
 0
 0
 0
 0
 0
 0
 0
 0
 0
 0
 0
 0
 0
 0
 0
 0
 0
 0
 0
 0
 0
 0
 0
 0
 0
 0
 0
 0
 0
 0
 0
 0
 0
 0
 0
 0
 0
 0
 0
 0
 0
 0
 0
 0
 0
 0
 0
 0
 0
 0
 0
 0
 0
 0
 0
 0
 0
 0
 0
 0
 0
 0
 0
 0
 0
 0
 0
 0
 0
 0
 0
 0
 0
 0
 0
 0
 0
 0
 0
 0
 0
 0
 0
 0
 0
 0
 0
 0
 0
 0
 0
 0
 0
 0
 0
 0
 0
 0
 0
 0
 0
 0
 0
 0
 0
 0
 0
 0
 0
 0
 0
 0
 0
 0
 0
 0
 0
 0
 0
 0
 0
 0
 0
 0
 0
 0
 0
 0
 0
 0
 0
 0
 0
 0
 0
 0
 0
 0
 0
 0
 0
 0
 0
 0
 0
 0
 0
 0
 0
 0
 0
 0
 0
 0
 0
 0
 0
 0
 0
 0
 0
 0
 0
 0
 0
 0
 0
 0
 0
 0
 0
 0
 0
 0
 0
 0
 0
 0
 0
 0
 0
 0
 0
 0
 0
 0
 0
 0
 0
 0
 0
 0
 0
 0
 0
 0
 0
 0
 0
 0
 0
 0
 0
 0
 0
 0
 0
 0
 0
 0
 0
 0
 0
 0
 0
 0
 0
 0
 0
 0
 0
 0
 0
 0
 0
 0
 0
 0
 0
 0
 0
 0
 0
 0
 0
 0
 0
 0
 0
 0
 0
 0
 0
 0
 0
 0
 0
 0
 0
 0
 0
 0
 0
 0
 0
 0
 0
 0
 0
 0
 0
 0
 0
 0
 0
 0
 0
 0
 0
 0
 0
 0
 0
 0
 0
 0
 0
 0
 0
 0
 0
 0
 0
 0
 0
 0
 0
 0
 0
 0
 0
 0
 0
 0
 0
 0
 0
 0
 0
 0
 0
 0
 0
 0
 0
 0
 0
 0
 0
 0
 0
 0
 0
 0
 0
 0
 0
 0
 0
 0
 0
 0
 0
 0
 0


