# Created by Octave 4.0.0, Sat Nov 21 16:31:12 2015 W. Europe Standard Time <unknown@Florian-PC>
# name: mus
# type: matrix
# ndims: 3
 1 30 19
 0
 0
 0.75104
 0.60619
 0.57238
 0.56533
 0.52158
 0.50587
 0.51713
 0.51345
 0.50459
 0.51768
 0.52634
 0.51345
 0.51392
 0.51098
 0.7688199999999999
 0.73948
 0.77945
 0.7974599999999999
 0.72348
 0.7131
 0.7008799999999999
 0.72449
 0.74638
 0.75418
 0.72496
 0.69629
 0.90443
 0.7726499999999999
 0
 0
 0.66667
 0.5
 0.4
 0.5
 0.7
 0.7
 0.7
 0.5
 0.46667
 0.66667
 0.6
 0.66667
 0.8
 0.8833299999999999
 0.7
 0.8
 0.66667
 0.65
 0.67
 0.6
 0.64
 0.75
 0.76
 0.69333
 0.71333
 0.64
 0.58667
 0.6333299999999999
 0
 0
 0.79186
 0.49859
 0.68842
 0.76076
 0.77747
 0.56973
 0.67288
 0.61504
 0.67009
 0.57416
 0.75109
 0.81894
 0.77425
 0.82134
 0.72258
 0.6369
 0.63142
 0.62407
 0.6907799999999999
 0.62318
 0.65606
 0.674
 0.67369
 0.61459
 0.63478
 0.65541
 0.64346
 0.62713
 0
 0
 0.56599
 0.56355
 0.52828
 0.49374
 0.68292
 0.71897
 0.66468
 0.59996
 0.54353
 0.62752
 0.71106
 0.77472
 0.81379
 0.79589
 0.67339
 0.67222
 0.65128
 0.64452
 0.6689000000000001
 0.66612
 0.66987
 0.69311
 0.67724
 0.64138
 0.68075
 0.64774
 0.63467
 0.6129
 0
 0
 0.66667
 0.75
 0.2
 0.66667
 0.57143
 0.875
 0.5555600000000001
 0.6
 0.54545
 0.75
 0.69231
 0.88889
 0.8
 1
 0
 1
 1
 0
 0
 0
 1
 0
 0
 1
 1
 1
 1
 1
 0
 0
 0.73238
 0.78571
 0.361
 0.56695
 0.55806
 0.72803
 0.58602
 0.62549
 0.52174
 0.68046
 0.73584
 0.83896
 0.82457
 0.87752
 0.5759
 0.72736
 0.61956
 0.46992
 0.45744
 0.43727
 0.78429
 0.54738
 0.5692
 0.76586
 0.69429
 0.64882
 0.72346
 0.72709
 0
 0
 0.36788
 0.82121
 0.86848
 0.66648
 0.79838
 0.6521
 0.69253
 0.70804
 0.70638
 0.69718
 0.73071
 0.71854
 0.69113
 0.72817
 0.66544
 0.6444
 0.6635799999999999
 0.65916
 0.69114
 0.6837
 0.70391
 0.69194
 0.6750699999999999
 0.64695
 0.67676
 0.63575
 0.63318
 0.63241
 0
 0
 0.56476
 0.55182
 0.56908
 0.51427
 0.63866
 0.658
 0.59499
 0.54321
 0.53533
 0.58648
 0.6378200000000001
 0.70028
 0.71127
 0.72436
 0.62176
 0.59409
 0.58625
 0.57635
 0.58951
 0.5950299999999999
 0.60112
 0.6155
 0.59255
 0.57487
 0.60297
 0.59366
 0.57518
 0.56436
 0
 0
 0.87942
 0.96358
 0.96053
 0.91838
 0.94063
 0.94924
 0.92299
 0.90894
 0.92298
 0.92482
 0.92521
 0.9138500000000001
 0.91125
 0.91759
 0.89983
 0.90525
 0.90821
 0.91113
 0.90806
 0.91766
 0.90212
 0.91286
 0.9114
 0.9038
 0.90509
 0.90757
 0.90433
 0.90463
 0
 0
 0.75927
 0.78571
 0.31974
 0.41856
 0.60227
 0.58105
 0.57428
 0.55309
 0.5118200000000001
 0.6302
 0.74677
 0.83638
 0.85273
 0.83357
 0.69582
 0.6840000000000001
 0.69426
 0.56455
 0.57875
 0.58165
 0.68185
 0.60895
 0.59327
 0.63443
 0.68341
 0.65263
 0.60887
 0.56537
 0
 0
 0.36788
 0.85105
 0.84851
 0.63174
 0.38198
 0.68782
 0.69352
 0.77367
 0.65986
 0.67472
 0.69767
 0.69991
 0.68873
 0.68509
 0.64736
 0.64651
 0.64982
 0.65095
 0.74217
 0.66131
 0.64551
 0.65017
 0.6982
 0.66235
 0.64299
 0.65143
 0.63662
 0.66727
 0
 0
 0
 0
 0
 0
 0
 0
 0
 0
 0
 0
 0
 0
 0
 0
 0
 0
 0
 0
 0
 0
 0
 0
 0
 0
 0
 0
 0
 0
 0
 0
 0
 0
 0
 0
 0
 0
 0
 0
 0
 0
 0
 0
 0
 0
 0
 0
 0
 0
 0
 0
 0
 0
 0
 0
 0
 0
 0
 0
 0
 0
 0
 0
 0
 0
 0
 0
 0
 0
 0
 0
 0
 0
 0
 0
 0
 0
 0
 0
 0
 0
 0
 0
 0
 0
 0
 0
 0
 0
 0
 0
 0
 0
 0
 0
 0
 0
 0
 0
 0
 0
 0
 0
 0
 0
 0
 0
 0
 0
 0
 0
 0
 0
 0
 0
 0
 0
 0
 0
 0
 0
 0
 0
 0
 0
 0
 0
 0
 0
 0
 0
 0
 0
 0
 0
 0
 0
 0
 0
 0
 0
 0
 0
 0
 0
 0
 0
 0
 0
 0
 0
 0.9319499999999999
 0.87806
 0.9483200000000001
 0.92715
 0.9295
 0.90625
 0.91952
 0.90079
 0.90241
 0.9152400000000001
 0.92245
 0.93
 0.90795
 0.9021400000000001
 0.91627
 0.92269
 0.90511
 0.90183
 0.9049199999999999
 0.90447
 0.91398
 0.90907
 0.91113
 0.91367
 0.8976
 0.90368
 0.90115
 0.90079
 0
 0
 0
 0
 0
 0
 0
 0
 0
 0
 0
 0
 0
 0
 0
 0
 0
 0
 0
 0
 0
 0
 0
 0
 0
 0
 0
 0
 0
 0
 0
 0
 0
 0
 0
 0
 0
 0
 0
 0
 0
 0
 0
 0
 0
 0
 0
 0
 0
 0
 0
 0
 0
 0
 0
 0
 0
 0
 0
 0


