# Created by Octave 4.0.0, Sat Nov 21 16:31:20 2015 W. Europe Standard Time <unknown@Florian-PC>
# name: mus
# type: matrix
# ndims: 3
 1 30 19
 0
 0
 0.49875
 0.85201
 0.5037700000000001
 0.50251
 0.50097
 0.52181
 0.72097
 0.71345
 0.70058
 0.7096
 0.6973200000000001
 0.71261
 0.70802
 0.69848
 0.69378
 0.68771
 0.69062
 0.6932199999999999
 0.69256
 0.69837
 0.69293
 0.69813
 0.68851
 0.69941
 0.7016
 0.86522
 0.85786
 0.85983
 0
 0
 1
 0.5
 1
 1
 1
 0.9
 0.8
 0.9
 1
 1
 0.93333
 0.8
 0.93333
 0.93333
 0.93333
 0.85
 0.76667
 0.8
 0.62
 0.86
 0.87
 0.96
 0.92
 0.92667
 0.86
 0.78
 0.68
 0.66667
 0
 0
 1
 0.7035400000000001
 0.87403
 0.94416
 0.91722
 0.92059
 0.8561299999999999
 0.88342
 0.89102
 0.92062
 0.91533
 0.90446
 0.92946
 0.96023
 0.92275
 0.94441
 0.92696
 0.9155799999999999
 0.87946
 0.8813299999999999
 0.90522
 0.89403
 0.91849
 0.89261
 0.90978
 0.8536899999999999
 0.78555
 0.77211
 0
 0
 1
 0.51032
 0.76952
 0.89877
 0.8986
 0.8991
 0.81087
 0.7932900000000001
 0.83741
 0.84672
 0.8622300000000001
 0.87322
 0.86537
 0.88796
 0.8900400000000001
 0.90615
 0.86603
 0.87426
 0.82181
 0.82868
 0.83667
 0.8520799999999999
 0.85681
 0.84855
 0.84694
 0.79853
 0.72305
 0.7386
 0
 0
 1
 0.5
 1
 1
 1
 0.75
 0.88889
 0.7
 1
 1
 1
 1
 1
 1
 1
 1
 1
 1
 1
 1
 1
 1
 1
 1
 0
 1
 1
 1
 0
 0
 1
 0.42836
 0.72128
 0.71254
 0.97456
 0.8851599999999999
 0.892
 0.76531
 0.93784
 0.93986
 0.9263400000000001
 0.82175
 0.82313
 0.97766
 0.86925
 0.85045
 0.86216
 0.8349299999999999
 0.91454
 0.94213
 0.80211
 0.82877
 0.8337599999999999
 0.83689
 0.80184
 0.76151
 0.7232499999999999
 0.66781
 0
 0
 1
 0.66773
 0.65261
 0.73192
 0.8736699999999999
 0.8109499999999999
 0.81432
 0.82814
 0.82139
 0.8455
 0.84754
 0.82579
 0.92853
 0.89457
 0.8500799999999999
 0.89096
 0.89572
 0.86673
 0.83005
 0.92975
 0.85541
 0.9439
 0.88763
 0.83606
 0.87199
 0.82656
 0.76232
 0.76028
 0
 0
 1
 0.45414
 0.71047
 0.9091
 0.86897
 0.91693
 0.81293
 0.80468
 0.82202
 0.83162
 0.84036
 0.85232
 0.86012
 0.8957000000000001
 0.89864
 0.91577
 0.87871
 0.88219
 0.83797
 0.8444700000000001
 0.85658
 0.87202
 0.87773
 0.86963
 0.86934
 0.81196
 0.74398
 0.75244
 0
 0
 1
 0.99998
 1
 1
 1
 1
 1
 1
 1
 0.99923
 0.98991
 0.9878
 0.98166
 0.96862
 0.9809600000000001
 0.96799
 0.97258
 0.96357
 0.96092
 0.96192
 0.96689
 0.95076
 0.95578
 0.95753
 0.96099
 0.95784
 0.9526
 0.94218
 0
 0
 1
 0.40509
 0.77841
 0.75482
 0.98017
 0.99348
 0.83661
 0.89417
 0.74663
 0.79626
 0.85609
 0.85968
 0.84068
 0.90117
 0.87639
 0.90494
 0.8585700000000001
 0.86522
 0.85142
 0.82683
 0.82975
 0.94051
 0.88345
 0.88359
 0.88858
 0.80579
 0.74256
 0.7613
 0
 0
 1
 0.71446
 0.62122
 0.6751200000000001
 0.84865
 0.83192
 0.80799
 0.77667
 0.78328
 0.90604
 0.88023
 0.82156
 0.80771
 0.90241
 0.86061
 0.87113
 0.86116
 0.85662
 0.79922
 0.86673
 0.84266
 0.87724
 0.85888
 0.86818
 0.85446
 0.81376
 0.76083
 0.79445
 0
 0
 0
 0
 0
 0
 0
 0
 0
 0
 0
 0
 0
 0
 0
 0
 0
 0
 0
 0
 0
 0
 0
 0
 0
 0
 0
 0
 0
 0
 0
 0
 0
 0
 0
 0
 0
 0
 0
 0
 0
 0
 0
 0
 0
 0
 0
 0
 0
 0
 0
 0
 0
 0
 0
 0
 0
 0
 0
 0
 0
 0
 0
 0
 0
 0
 0
 0
 0
 0
 0
 0
 0
 0
 0
 0
 0
 0
 0
 0
 0
 0
 0
 0
 0
 0
 0
 0
 0
 0
 0
 0
 0
 0
 0
 0
 0
 0
 0
 0
 0
 0
 0
 0
 0
 0
 0
 0
 0
 0
 0
 0
 0
 0
 0
 0
 0
 0
 0
 0
 0
 0
 0
 0
 0
 0
 0
 0
 0
 0
 0
 0
 0
 0
 0
 0
 0
 0
 0
 0
 0
 0
 0
 0
 0
 0
 0
 0
 0
 0
 0
 0
 1
 1
 1
 1
 1
 1
 1
 1
 0.99996
 1
 0.9952800000000001
 0.98332
 0.9758
 0.97266
 0.97673
 0.96682
 0.97024
 0.96326
 0.96643
 0.96441
 0.95968
 0.95387
 0.9545400000000001
 0.95402
 0.95236
 0.95839
 0.94331
 0.95146
 0
 0
 0
 0
 0
 0
 0
 0
 0
 0
 0
 0
 0
 0
 0
 0
 0
 0
 0
 0
 0
 0
 0
 0
 0
 0
 0
 0
 0
 0
 0
 0
 0
 0
 0
 0
 0
 0
 0
 0
 0
 0
 0
 0
 0
 0
 0
 0
 0
 0
 0
 0
 0
 0
 0
 0
 0
 0
 0
 0


# name: vars
# type: matrix
# ndims: 3
 1 30 19
 0
 0
 0.083122
 0.031506
 0.047003
 0.043905
 0.035276
 0.027815
 0.023123
 0.019479
 0.023615
 0.016775
 0.017531
 0.013603
 0.018382
 0.014914
 0.011213
 0.010994
 0.010865
 0.013229
 0.010372
 0.010562
 0.011337
 0.00814
 0.0073
 0.007616
 0.009638000000000001
 0.002959
 0.006254
 0.004572
 0
 0
 0
 0.33333
 0
 0
 0
 0.05
 0.2
 0.05
 0
 0
 0.02222
 0.08889
 0.02222
 0.02222
 0.02222
 0.05
 0.07431
 0.04375
 0.01575
 0.048
 0.0345
 0.008
 0.012
 0.01022
 0.02022
 0.01033
 0.05922
 0.02778
 0
 0
 0
 0
 0
 0
 0
 0
 0
 0
 0
 0
 0
 0
 0
 0
 0
 0
 0
 0
 0
 0
 0
 0
 0
 0
 0
 0
 0
 0
 0
 0
 0
 0.061131
 0.027933
 0.014388
 0.013218
 0.0133
 0.012555
 0.010291
 0.011162
 0.00814
 0.007233
 0.006883
 0.007087
 0.005593
 0.005491
 0.004592
 0.004467
 0.004512
 0.00424
 0.003767
 0.00364
 0.004137
 0.003521
 0.00341
 0.003048
 0.002907
 0.001781
 0.0019
 0
 0
 2.937e-007
 1.7187e-012
 1.9551e-014
 9.4382e-032
 1.5407e-033
 6.6912e-032
 4.9458e-032
 1.5588e-031
 1.3261e-028
 3.8512e-028
 1.1727e-018
 5.7411e-007
 0.00021791
 5.2682e-010
 6.8461e-007
 1.2445e-006
 6.3043e-005
 1.2979e-005
 0.00019015
 5.1902e-005
 3.2906e-005
 2.6784e-005
 6.7154e-005
 8.2067e-005
 0.00028882
 2.3744e-009
 3.6773e-015
 1.4722e-009
 0
 0
 0
 0
 0
 0
 0
 0
 0
 0
 0
 0
 0
 0
 0
 0
 0
 0
 0
 0
 0
 0
 0
 0
 0
 0
 0
 0
 0
 0
 0
 0
 0
 0
 0
 0
 0
 0
 0
 0
 0
 0
 0
 0
 0
 0
 0
 0
 0
 0
 0
 0
 0
 0
 0
 0
 0
 0
 0
 0
 0
 0
 0
 0.058152
 0.046427
 0.021451
 0.020696
 0.012001
 0.015566
 0.012544
 0.01537
 0.010964
 0.010418
 0.010442
 0.010466
 0.008295
 0.006759
 0.004987
 0.006278
 0.006149
 0.004624
 0.005423
 0.005307
 0.003643
 0.00409
 0.005528
 0.004167
 0.00351
 0.003291
 0.00581
 0
 0
 0
 0
 0
 0
 0
 0
 0
 0
 0
 4.3e-005
 0.00216
 0.003035
 0.003471
 0.007519
 0.003083
 0.006897
 0.00539
 0.007507
 0.008427
 0.007253
 0.007537
 0.011867
 0.009531
 0.008914999999999999
 0.009675
 0.010157
 0.010366
 0.014742
 0
 0
 0
 0
 0
 0
 0
 0
 0
 0
 0
 0
 0
 0
 0
 0
 0
 0
 0
 0
 0
 0
 0
 0
 0
 0
 0
 0
 0
 0
 0
 0
 0
 0
 0
 0
 0
 0
 0
 0
 0
 0
 0
 0
 0
 0
 0
 0
 0
 0
 0
 0
 0
 0
 0
 0
 0
 0
 0
 0
 0
 0
 0
 0
 0
 0
 0
 0
 0
 0
 0
 0
 0
 0
 0
 0
 0
 0
 0
 0
 0
 0
 0
 0
 0
 0
 0
 0
 0
 0
 0
 0
 0
 0
 0
 0
 0
 0
 0
 0
 0
 0
 0
 0
 0
 0
 0
 0
 0
 0
 0
 0
 0
 0
 0
 0
 0
 0
 0
 0
 0
 0
 0
 0
 0
 0
 0
 0
 0
 0
 0
 0
 0
 0
 0
 0
 0
 0
 0
 0
 0
 0
 0
 0
 0
 0
 0
 0
 0
 0
 0
 0
 0
 0
 0
 0
 0
 0
 0
 0
 0
 0
 0
 0
 0
 0
 0
 0
 0
 0
 0
 0
 0
 0
 0
 0
 0
 0
 0
 0
 0
 0
 0
 0
 0
 0
 0
 0
 0
 0
 0
 0
 0
 0
 0
 0
 0
 0
 0
 0
 0
 0
 0
 0
 0
 0
 0
 0
 0
 0
 0
 0
 0
 0
 0
 0
 0
 0
 0
 0
 0
 0
 0.001174
 0.005119
 0.006757
 0.006757
 0.005587
 0.008343
 0.005955
 0.008721
 0.007084
 0.006762
 0.009429999999999999
 0.01139
 0.010239
 0.011112
 0.01046
 0.009351
 0.015189
 0.0109
 0
 0
 0
 0
 0
 0
 0
 0
 0
 0
 0
 0
 0
 0
 0
 0
 0
 0
 0
 0
 0
 0
 0
 0
 0
 0
 0
 0
 0
 0
 0
 0
 0
 0
 0
 0
 0
 0
 0
 0
 0
 0
 0
 0
 0
 0
 0
 0
 0
 0
 0
 0
 0
 0
 0
 0
 0
 0
 0
 0


