# Created by Octave 4.0.0, Sat Nov 21 16:31:13 2015 W. Europe Standard Time <unknown@Florian-PC>
# name: mus
# type: matrix
# ndims: 3
 1 30 19
 0
 0
 0.6015
 0.79849
 0.89958
 0.92379
 0.92982
 0.93037
 0.94486
 0.93613
 0.89241
 0.93266
 0.94064
 0.93748
 0.94599
 0.94341
 0.94479
 0.94655
 0.94987
 0.94831
 0.94403
 0.94865
 0.94335
 0.93707
 0.94213
 0.94983
 0.9537
 0.95578
 0.95542
 0.95214
 0
 0
 0.66667
 0.25
 0.4
 0.2
 0.1
 0.7
 0.4
 0.5
 0.5
 0.73333
 0.83333
 0.6
 0.53333
 0.6
 0.46667
 0.45
 0.36667
 0.5
 0.5600000000000001
 0.51
 0.61
 0.67
 0.5600000000000001
 0.61333
 0.52
 0.46667
 0.54667
 0.56667
 0
 0
 0.62227
 0.60869
 0.63126
 0.71404
 0.55805
 0.69195
 0.74905
 0.68908
 0.64685
 0.6
 0.68613
 0.64877
 0.50175
 0.65837
 0.59112
 0.61089
 0.56603
 0.68848
 0.60046
 0.58895
 0.50016
 0.58384
 0.65023
 0.6197
 0.63163
 0.54573
 0.58391
 0.60403
 0
 0
 0.71524
 0.33239
 0.31615
 0.42262
 0.39052
 0.5156500000000001
 0.58364
 0.60726
 0.47812
 0.56691
 0.63056
 0.6285500000000001
 0.55724
 0.60205
 0.50693
 0.59111
 0.52367
 0.59692
 0.62821
 0.55321
 0.57638
 0.5677
 0.56197
 0.58161
 0.59162
 0.5631699999999999
 0.57233
 0.58683
 0
 0
 0.66667
 0.25
 0.2
 0.5
 0.42857
 0.625
 0.33333
 0.8
 0.27273
 0.5
 0.61538
 0.66667
 0.4
 0.33333
 1
 1
 0
 0
 1
 1
 1
 1
 0
 1
 1
 1
 0
 1
 0
 0
 0.44359
 0.17006
 0.23203
 0.54655
 0.44516
 0.60124
 0.4446
 0.65418
 0.43651
 0.5417
 0.60887
 0.62205
 0.53404
 0.55128
 0.64156
 0.66597
 0.5004
 0.51585
 0.72829
 0.63509
 0.55094
 0.71695
 0.48733
 0.62925
 0.70971
 0.607
 0.58213
 0.68052
 0
 0
 0.57859
 0.8014
 0.7257400000000001
 0.77979
 0.6778
 0.80303
 0.81569
 0.68835
 0.69642
 0.71561
 0.73439
 0.7103699999999999
 0.61089
 0.68414
 0.65406
 0.70141
 0.69277
 0.66758
 0.68345
 0.67308
 0.67939
 0.63739
 0.65376
 0.6396500000000001
 0.63503
 0.64263
 0.66454
 0.66361
 0
 0
 0.6862
 0.3454
 0.37672
 0.4944
 0.47836
 0.52883
 0.54957
 0.54259
 0.52324
 0.55323
 0.61063
 0.59678
 0.53988
 0.57508
 0.52484
 0.5628
 0.5401899999999999
 0.56985
 0.5909
 0.54282
 0.54401
 0.54742
 0.53881
 0.5473
 0.55255
 0.53922
 0.55494
 0.55672
 0
 0
 0.93129
 0.9114
 0.95961
 0.94082
 0.91023
 0.92057
 0.91038
 0.91277
 0.94437
 0.9196
 0.93816
 0.9292899999999999
 0.91096
 0.92123
 0.91759
 0.90645
 0.91212
 0.90542
 0.90383
 0.8960399999999999
 0.90246
 0.90795
 0.90157
 0.90448
 0.89741
 0.90565
 0.89786
 0.89928
 0
 0
 0.64979
 0.18414
 0.26472
 0.56825
 0.51344
 0.59069
 0.57952
 0.53635
 0.45535
 0.54149
 0.62638
 0.63363
 0.54575
 0.58172
 0.54398
 0.57541
 0.54875
 0.58184
 0.60825
 0.55235
 0.55199
 0.5528
 0.53631
 0.55665
 0.5693
 0.57529
 0.59138
 0.60848
 0
 0
 0.57859
 0.80496
 0.71261
 0.77734
 0.69836
 0.7849699999999999
 0.80614
 0.71961
 0.70108
 0.70642
 0.66747
 0.70426
 0.5167
 0.7120300000000001
 0.66271
 0.70639
 0.68847
 0.66873
 0.67572
 0.66745
 0.67718
 0.65757
 0.62991
 0.63581
 0.6358200000000001
 0.69465
 0.63786
 0.6511
 0
 0
 0
 0
 0
 0
 0
 0
 0
 0
 0
 0
 0
 0
 0
 0
 0
 0
 0
 0
 0
 0
 0
 0
 0
 0
 0
 0
 0
 0
 0
 0
 0
 0
 0
 0
 0
 0
 0
 0
 0
 0
 0
 0
 0
 0
 0
 0
 0
 0
 0
 0
 0
 0
 0
 0
 0
 0
 0
 0
 0
 0
 0
 0
 0
 0
 0
 0
 0
 0
 0
 0
 0
 0
 0
 0
 0
 0
 0
 0
 0
 0
 0
 0
 0
 0
 0
 0
 0
 0
 0
 0
 0
 0
 0
 0
 0
 0
 0
 0
 0
 0
 0
 0
 0
 0
 0
 0
 0
 0
 0
 0
 0
 0
 0
 0
 0
 0
 0
 0
 0
 0
 0
 0
 0
 0
 0
 0
 0
 0
 0
 0
 0
 0
 0
 0
 0
 0
 0
 0
 0
 0
 0
 0
 0
 0
 0
 0
 0
 0
 0
 0
 0.88866
 0.95225
 0.93949
 0.93308
 0.90218
 0.90995
 0.89701
 0.90978
 0.91181
 0.92284
 0.92194
 0.92311
 0.93637
 0.89468
 0.9083599999999999
 0.91951
 0.91457
 0.9086
 0.91243
 0.90444
 0.90985
 0.90564
 0.91029
 0.9069
 0.9085299999999999
 0.8999
 0.8986499999999999
 0.90315
 0
 0
 0
 0
 0
 0
 0
 0
 0
 0
 0
 0
 0
 0
 0
 0
 0
 0
 0
 0
 0
 0
 0
 0
 0
 0
 0
 0
 0
 0
 0
 0
 0
 0
 0
 0
 0
 0
 0
 0
 0
 0
 0
 0
 0
 0
 0
 0
 0
 0
 0
 0
 0
 0
 0
 0
 0
 0
 0
 0


