# Created by Octave 4.0.0, Sat Nov 21 16:31:27 2015 W. Europe Standard Time <unknown@Florian-PC>
# name: mus
# type: matrix
# ndims: 3
 1 30 19
 0
 0
 0.58229
 0.6413
 0.48536
 0.73451
 0.7206900000000001
 0.73826
 0.70259
 0.70168
 0.72644
 0.72054
 0.71614
 0.73076
 0.7713100000000001
 0.79561
 0.84899
 0.82828
 0.80033
 0.7813600000000001
 0.77611
 0.77301
 0.75042
 0.7551
 0.7319099999999999
 0.74749
 0.73106
 0.86891
 0.87499
 0.90427
 0
 0
 0.66667
 1
 0.8
 0.8
 0.7
 0.8
 0.7
 0.8
 0.7
 0.76667
 0.76667
 0.8
 0.6
 0.68333
 0.58333
 0.66667
 0.73333
 0.7
 0.87
 0.77
 0.74
 0.78
 0.8
 0.74
 0.88667
 0.86
 0.72
 0.8
 0
 0
 0.68394
 0.8946499999999999
 0.81937
 0.86093
 0.76717
 0.769
 0.77391
 0.76219
 0.646
 0.81368
 0.72265
 0.72629
 0.6513
 0.69595
 0.63774
 0.68567
 0.73804
 0.71846
 0.73893
 0.77408
 0.79878
 0.82337
 0.81573
 0.80566
 0.8314
 0.79032
 0.76799
 0.79694
 0
 0
 0.88889
 0.9702499999999999
 0.9325
 0.93345
 0.79832
 0.85563
 0.81979
 0.8329800000000001
 0.77896
 0.87975
 0.84341
 0.84359
 0.79193
 0.75947
 0.70331
 0.68297
 0.72812
 0.70983
 0.8287
 0.80398
 0.86048
 0.85785
 0.87003
 0.88467
 0.89612
 0.86978
 0.78977
 0.80013
 0
 0
 0
 1
 1
 0.83333
 0.71429
 0.75
 0.66667
 0.9
 0.36364
 0.91667
 0.69231
 0.77778
 0.8
 0.66667
 1
 0
 1
 1
 1
 1
 1
 1
 1
 1
 1
 1
 1
 1
 0
 0
 0.16669
 1.33333
 1.225
 0.89167
 0.7381
 0.74643
 0.72421
 0.95913
 0.59237
 0.93258
 0.71766
 0.7612
 0.80346
 0.69786
 0.84473
 0.41762
 0.8042899999999999
 0.71843
 0.90594
 0.81216
 1.0353
 1.04023
 0.78125
 0.92786
 0.9202399999999999
 0.80228
 0.875
 0.875
 0
 0
 0.78929
 0.6825
 0.79314
 0.9364400000000001
 0.80452
 0.77827
 0.76353
 0.84316
 0.71387
 0.75508
 0.76049
 0.82159
 0.69785
 0.7636500000000001
 0.73326
 0.73192
 0.70944
 0.77911
 0.77372
 0.80466
 0.7987
 0.80708
 0.79008
 0.87237
 0.85031
 0.81685
 0.76301
 0.80648
 0
 0
 0.88889
 0.81371
 0.86313
 0.88911
 0.84692
 0.8363
 0.81932
 0.85116
 0.76845
 0.8624000000000001
 0.81682
 0.82217
 0.76825
 0.7541
 0.71785
 0.72671
 0.72282
 0.72977
 0.80359
 0.77324
 0.83891
 0.83708
 0.86857
 0.8677
 0.88833
 0.86359
 0.78376
 0.80288
 0
 0
 1
 1
 1
 1
 1
 1
 1
 1
 1
 1
 1
 1
 1
 1
 1
 1
 1
 1
 1
 1
 1
 1
 1
 1
 1
 1
 1
 1
 0
 0
 0.16669
 1.33333
 1.22385
 0.87323
 0.67814
 0.82319
 0.81309
 0.92003
 0.74317
 0.82883
 0.7839
 0.79577
 0.72685
 0.7976
 0.73871
 0.64601
 0.66226
 0.67466
 0.71819
 0.78257
 0.96557
 0.89085
 0.92863
 0.70666
 0.982
 0.74785
 0.99986
 0.871
 0
 0
 0.78929
 0.68305
 0.75344
 0.94719
 0.7650400000000001
 0.77794
 0.84517
 0.78309
 0.74154
 0.78008
 0.80244
 0.75987
 0.76488
 0.80904
 0.73932
 0.81952
 0.73892
 0.8018
 0.75212
 0.92601
 0.89778
 0.78171
 0.82903
 0.8341499999999999
 0.85378
 0.9174099999999999
 0.83951
 0.89714
 0
 0
 0
 0
 0
 0
 0
 0
 0
 0
 0
 0
 0
 0
 0
 0
 0
 0
 0
 0
 0
 0
 0
 0
 0
 0
 0
 0
 0
 0
 0
 0
 0
 0
 0
 0
 0
 0
 0
 0
 0
 0
 0
 0
 0
 0
 0
 0
 0
 0
 0
 0
 0
 0
 0
 0
 0
 0
 0
 0
 0
 0
 0
 0
 0
 0
 0
 0
 0
 0
 0
 0
 0
 0
 0
 0
 0
 0
 0
 0
 0
 0
 0
 0
 0
 0
 0
 0
 0
 0
 0
 0
 0
 0
 0
 0
 0
 0
 0
 0
 0
 0
 0
 0
 0
 0
 0
 0
 0
 0
 0
 0
 0
 0
 0
 0
 0
 0
 0
 0
 0
 0
 0
 0
 0
 0
 0
 0
 0
 0
 0
 0
 0
 0
 0
 0
 0
 0
 0
 0
 0
 0
 0
 0
 0
 0
 0
 0
 0
 0
 0
 0
 1
 1
 1
 1
 1
 1
 1
 1
 1
 1
 1
 1
 1
 1
 1
 1
 1
 1
 1
 1
 1
 1
 1
 1
 1
 1
 1
 1
 0
 0
 0
 0
 0
 0
 0
 0
 0
 0
 0
 0
 0
 0
 0
 0
 0
 0
 0
 0
 0
 0
 0
 0
 0
 0
 0
 0
 0
 0
 0
 0
 0
 0
 0
 0
 0
 0
 0
 0
 0
 0
 0
 0
 0
 0
 0
 0
 0
 0
 0
 0
 0
 0
 0
 0
 0
 0
 0
 0


# name: vars
# type: matrix
# ndims: 3
 1 30 19
 0
 0
 0.085827
 0.05484
 0.04344
 0.026379
 0.029504
 0.01992
 0.024233
 0.019828
 0.017217
 0.015492
 0.014463
 0.014531
 0.01022
 0.009022000000000001
 0.007501
 0.010705
 0.00895
 0.011284
 0.004613
 0.008685
 0.00733
 0.009594
 0.005977
 0.006617
 0.009355
 0.00493
 0.003214
 0.002291
 0
 0
 0.33333
 0
 0.2
 0.2
 0.2
 0.075
 0.2
 0.075
 0.075
 0.05
 0.10556
 0.03333
 0.02222
 0.00139
 0.02778
 0.01042
 0.06389
 0.04375
 0.0345
 0.032
 0.00675
 0.032
 0.06
 0.038
 0.03089
 0.02022
 0.01144
 0.01944
 0
 0
 0
 0
 0
 0
 0
 0
 0
 0
 0
 0
 0
 0
 0
 0
 0
 0
 0
 0
 0
 0
 0
 0
 0
 0
 0
 0
 0
 0
 0
 0
 0.11111
 0.00057
 0.0386
 0.01376
 0.05392
 0.03991
 0.04477
 0.04042
 0.04521
 0.0277
 0.0299
 0.03395
 0.03387
 0.04094
 0.03946
 0.04528
 0.0432
 0.04052
 0.02594
 0.03121
 0.0239
 0.02231
 0.02165
 0.01867
 0.01555
 0.01955
 0.03384
 0.03055
 0
 0
 0
 0
 0
 0
 0
 0
 0
 0
 0
 0
 0
 0
 0
 0
 0
 0
 0
 0
 0
 0
 0
 0
 0
 0
 0
 0
 0
 0
 0
 0
 0
 0
 0
 0
 0
 0
 0
 0
 0
 0
 0
 0
 0
 0
 0
 0
 0
 0
 0
 0
 0
 0
 0
 0
 0
 0
 0
 0
 0
 0
 0
 0
 0
 0
 0
 0
 0
 0
 0
 0
 0
 0
 0
 0
 0
 0
 0
 0
 0
 0
 0
 0
 0
 0
 0
 0
 0
 0
 0
 0
 0.11111
 0.02221
 0.04549
 0.02011
 0.03642
 0.02604
 0.02077
 0.02389
 0.02487
 0.02208
 0.01671
 0.02019
 0.03131
 0.03182
 0.03373
 0.02632
 0.03544
 0.03175
 0.03381
 0.0343
 0.02998
 0.02988
 0.02254
 0.02178
 0.02122
 0.02298
 0.03295
 0.03264
 0
 0
 0
 0
 0
 0
 0
 0
 0
 0
 0
 0
 0
 0
 0
 0
 0
 0
 0
 0
 0
 0
 0
 0
 0
 0
 0
 0
 0
 0
 0
 0
 0
 0
 0
 0
 0
 0
 0
 0
 0
 0
 0
 0
 0
 0
 0
 0
 0
 0
 0
 0
 0
 0
 0
 0
 0
 0
 0
 0
 0
 0
 0
 0
 0
 0
 0
 0
 0
 0
 0
 0
 0
 0
 0
 0
 0
 0
 0
 0
 0
 0
 0
 0
 0
 0
 0
 0
 0
 0
 0
 0
 0
 0
 0
 0
 0
 0
 0
 0
 0
 0
 0
 0
 0
 0
 0
 0
 0
 0
 0
 0
 0
 0
 0
 0
 0
 0
 0
 0
 0
 0
 0
 0
 0
 0
 0
 0
 0
 0
 0
 0
 0
 0
 0
 0
 0
 0
 0
 0
 0
 0
 0
 0
 0
 0
 0
 0
 0
 0
 0
 0
 0
 0
 0
 0
 0
 0
 0
 0
 0
 0
 0
 0
 0
 0
 0
 0
 0
 0
 0
 0
 0
 0
 0
 0
 0
 0
 0
 0
 0
 0
 0
 0
 0
 0
 0
 0
 0
 0
 0
 0
 0
 0
 0
 0
 0
 0
 0
 0
 0
 0
 0
 0
 0
 0
 0
 0
 0
 0
 0
 0
 0
 0
 0
 0
 0
 0
 0
 0
 0
 0
 0
 0
 0
 0
 0
 0
 0
 0
 0
 0
 0
 0
 0
 0
 0
 0
 0
 0
 0
 0
 0
 0
 0
 0
 0
 0
 0
 0
 0
 0
 0
 0
 0
 0
 0
 0
 0
 0
 0
 0
 0
 0
 0
 0
 0
 0
 0
 0
 0
 0
 0
 0
 0
 0
 0
 0
 0
 0
 0
 0
 0
 0
 0
 0
 0
 0
 0
 0
 0
 0
 0
 0
 0
 0
 0
 0
 0
 0
 0
 0
 0
 0
 0
 0
 0
 0
 0
 0
 0
 0
 0
 0
 0
 0
 0
 0
 0
 0
 0
 0
 0
 0
 0
 0
 0
 0
 0
 0


