# Created by Octave 4.0.0, Sat Nov 21 16:31:17 2015 W. Europe Standard Time <unknown@Florian-PC>
# name: mus
# type: matrix
# ndims: 3
 1 30 19
 0
 0
 0.88053
 0.62291
 0.63933
 0.67755
 0.6226699999999999
 0.66527
 0.70927
 0.67563
 0.9349499999999999
 0.94781
 0.9446099999999999
 0.94672
 0.94852
 0.94088
 0.9479
 0.9415
 0.94124
 0.93475
 0.91729
 0.9429
 0.94314
 0.93963
 0.94979
 0.94691
 0.94697
 0.95153
 0.95458
 0.95385
 0
 0
 0.33333
 0.5
 0.4
 0.3
 0.5
 0.5
 0.6
 0.5
 0.56667
 0.7
 0.56667
 0.66667
 0.73333
 0.51667
 0.71667
 0.66667
 0.83333
 0.8
 0.75
 0.64
 0.66
 0.83
 0.8
 0.7
 0.76667
 0.7533300000000001
 0.68667
 0.66667
 0
 0
 0.56655
 0.76954
 0.70114
 0.60973
 0.71988
 0.49907
 0.53761
 0.67433
 0.67304
 0.57024
 0.7002699999999999
 0.74005
 0.6548
 0.61797
 0.60157
 0.64203
 0.75886
 0.70126
 0.69952
 0.68571
 0.63054
 0.64457
 0.60843
 0.61502
 0.66821
 0.65528
 0.61555
 0.54342
 0
 0
 0.33335
 0.47223
 0.6041800000000001
 0.5291400000000001
 0.66845
 0.6418700000000001
 0.56271
 0.71485
 0.53787
 0.64334
 0.60295
 0.58869
 0.63932
 0.66687
 0.67641
 0.66904
 0.64984
 0.72729
 0.75876
 0.68728
 0.74244
 0.67172
 0.64751
 0.67637
 0.72368
 0.70427
 0.65577
 0.5606100000000001
 0
 0
 0.33333
 0.5
 0
 0.5
 0.85714
 0.75
 0.44444
 0.8
 0.36364
 0.5
 0.69231
 0.33333
 0.6
 0.66667
 0
 0
 0
 1
 1
 1
 1
 1
 1
 1
 0
 1
 0
 1
 0
 0
 0.41668
 0.58333
 0.36251
 0.5125
 0.92381
 0.6553600000000001
 0.46776
 0.83616
 0.44729
 0.53788
 0.67698
 0.49414
 0.59501
 0.67197
 0.44018
 0.42062
 0.46284
 0.83218
 0.79818
 1.01398
 1.0353
 0.78786
 0.7795299999999999
 0.6539
 0.4792
 0.79167
 0.54167
 0.66859
 0
 0
 1
 0.75051
 0.66157
 0.71661
 0.64499
 0.63941
 0.68912
 0.71526
 0.6470900000000001
 0.66605
 0.66037
 0.63971
 0.7825800000000001
 0.70582
 0.71362
 0.70324
 0.70463
 0.76815
 0.71278
 0.7104
 0.67383
 0.7037600000000001
 0.6741200000000001
 0.6775099999999999
 0.72435
 0.68111
 0.6523600000000001
 0.67994
 0
 0
 0.33335
 0.49879
 0.64422
 0.59456
 0.7075
 0.59698
 0.6170600000000001
 0.67887
 0.57168
 0.6609
 0.62919
 0.62746
 0.67
 0.6627999999999999
 0.65585
 0.66064
 0.66264
 0.72027
 0.72404
 0.70444
 0.73237
 0.69804
 0.6309399999999999
 0.66934
 0.71447
 0.7121499999999999
 0.6453100000000001
 0.58633
 0
 0
 1
 1
 1
 1
 1
 1
 1
 1
 1
 1
 1
 1
 1
 1
 1
 1
 1
 1
 1
 1
 1
 1
 1
 1
 1
 1
 1
 1
 0
 0
 0.41668
 0.58333
 0.49
 0.48966
 0.83658
 0.51364
 0.47203
 0.62618
 0.49791
 0.56733
 0.6027
 0.56964
 0.58562
 0.56752
 0.61165
 0.6301600000000001
 0.55698
 0.8091699999999999
 0.67792
 0.91916
 0.96557
 0.71187
 0.7444
 0.49513
 0.74765
 0.99152
 0.99216
 0.29904
 0
 0
 1
 0.74642
 0.61436
 0.6827299999999999
 0.63239
 0.66411
 0.72695
 0.73802
 0.6722900000000001
 0.7341800000000001
 0.67974
 0.66612
 0.65889
 0.62524
 0.65496
 0.67279
 0.85636
 0.68784
 0.82239
 0.79072
 0.69462
 0.79735
 0.71584
 0.77658
 0.85545
 0.74786
 0.68215
 0.69097
 0
 0
 0
 0
 0
 0
 0
 0
 0
 0
 0
 0
 0
 0
 0
 0
 0
 0
 0
 0
 0
 0
 0
 0
 0
 0
 0
 0
 0
 0
 0
 0
 0
 0
 0
 0
 0
 0
 0
 0
 0
 0
 0
 0
 0
 0
 0
 0
 0
 0
 0
 0
 0
 0
 0
 0
 0
 0
 0
 0
 0
 0
 0
 0
 0
 0
 0
 0
 0
 0
 0
 0
 0
 0
 0
 0
 0
 0
 0
 0
 0
 0
 0
 0
 0
 0
 0
 0
 0
 0
 0
 0
 0
 0
 0
 0
 0
 0
 0
 0
 0
 0
 0
 0
 0
 0
 0
 0
 0
 0
 0
 0
 0
 0
 0
 0
 0
 0
 0
 0
 0
 0
 0
 0
 0
 0
 0
 0
 0
 0
 0
 0
 0
 0
 0
 0
 0
 0
 0
 0
 0
 0
 0
 0
 0
 0
 0
 0
 0
 0
 0
 0
 1
 1
 1
 1
 1
 1
 1
 1
 1
 1
 1
 1
 1
 1
 1
 1
 1
 1
 1
 1
 1
 1
 1
 1
 1
 1
 1
 1
 0
 0
 0
 0
 0
 0
 0
 0
 0
 0
 0
 0
 0
 0
 0
 0
 0
 0
 0
 0
 0
 0
 0
 0
 0
 0
 0
 0
 0
 0
 0
 0
 0
 0
 0
 0
 0
 0
 0
 0
 0
 0
 0
 0
 0
 0
 0
 0
 0
 0
 0
 0
 0
 0
 0
 0
 0
 0
 0
 0


# name: vars
# type: matrix
# ndims: 3
 1 30 19
 0
 0
 0.035664
 0.056361
 0.047354
 0.042109
 0.029985
 0.032362
 0.021459
 0.023215
 0.005065
 0.005469
 0.004282
 0.003442
 0.003641
 0.003627
 0.002662
 0.002995
 0.004003
 0.003125
 0.004416
 0.001955
 0.002116
 0.00203
 0.001772
 0.002748
 0.001939
 0.001544
 0.00074
 0.001381
 0
 0
 0.33333
 0.33333
 0.3
 0.2
 0.25
 0.125
 0.05
 0.125
 0.06389
 0.08889
 0.18889
 0.11111
 0.07778
 0.09861
 0.03333
 0.06597
 0.02431
 0.04375
 0.03125
 0.03175
 0.098
 0.0295
 0.02
 0.06
 0.04889
 0.04033
 0.02144
 0.05556
 0
 0
 0
 0
 0
 0
 0
 0
 0
 0
 0
 0
 0
 0
 0
 0
 0
 0
 0
 0
 0
 0
 0
 0
 0
 0
 0
 0
 0
 0
 0
 0
 0.15625
 0.14279
 0.08676
 0.0898
 0.0746
 0.08092000000000001
 0.06852999999999999
 0.06117
 0.05534
 0.0538
 0.05646
 0.05329
 0.05272
 0.04855
 0.04348
 0.04586
 0.04288
 0.03814
 0.03496
 0.04104
 0.03522
 0.04317
 0.04234
 0.04165
 0.03843
 0.03528
 0.04366
 0.04601
 0
 0
 0
 0
 0
 0
 0
 0
 0
 0
 0
 0
 0
 0
 0
 0
 0
 0
 0
 0
 0
 0
 0
 0
 0
 0
 0
 0
 0
 0
 0
 0
 0
 0
 0
 0
 0
 0
 0
 0
 0
 0
 0
 0
 0
 0
 0
 0
 0
 0
 0
 0
 0
 0
 0
 0
 0
 0
 0
 0
 0
 0
 0
 0
 0
 0
 0
 0
 0
 0
 0
 0
 0
 0
 0
 0
 0
 0
 0
 0
 0
 0
 0
 0
 0
 0
 0
 0
 0
 0
 0
 0
 0.15625
 0.14134
 0.04795
 0.06618
 0.0529
 0.04911
 0.04102
 0.03963
 0.05486
 0.03854
 0.04717
 0.03951
 0.03911
 0.04388
 0.05245
 0.05089
 0.04874
 0.04608
 0.04447
 0.04733
 0.04554
 0.0503
 0.0613
 0.05495
 0.04755
 0.04658
 0.05565
 0.05204
 0
 0
 0
 0
 0
 0
 0
 0
 0
 0
 0
 0
 0
 0
 0
 0
 0
 0
 0
 0
 0
 0
 0
 0
 0
 0
 0
 0
 0
 0
 0
 0
 0
 0
 0
 0
 0
 0
 0
 0
 0
 0
 0
 0
 0
 0
 0
 0
 0
 0
 0
 0
 0
 0
 0
 0
 0
 0
 0
 0
 0
 0
 0
 0
 0
 0
 0
 0
 0
 0
 0
 0
 0
 0
 0
 0
 0
 0
 0
 0
 0
 0
 0
 0
 0
 0
 0
 0
 0
 0
 0
 0
 0
 0
 0
 0
 0
 0
 0
 0
 0
 0
 0
 0
 0
 0
 0
 0
 0
 0
 0
 0
 0
 0
 0
 0
 0
 0
 0
 0
 0
 0
 0
 0
 0
 0
 0
 0
 0
 0
 0
 0
 0
 0
 0
 0
 0
 0
 0
 0
 0
 0
 0
 0
 0
 0
 0
 0
 0
 0
 0
 0
 0
 0
 0
 0
 0
 0
 0
 0
 0
 0
 0
 0
 0
 0
 0
 0
 0
 0
 0
 0
 0
 0
 0
 0
 0
 0
 0
 0
 0
 0
 0
 0
 0
 0
 0
 0
 0
 0
 0
 0
 0
 0
 0
 0
 0
 0
 0
 0
 0
 0
 0
 0
 0
 0
 0
 0
 0
 0
 0
 0
 0
 0
 0
 0
 0
 0
 0
 0
 0
 0
 0
 0
 0
 0
 0
 0
 0
 0
 0
 0
 0
 0
 0
 0
 0
 0
 0
 0
 0
 0
 0
 0
 0
 0
 0
 0
 0
 0
 0
 0
 0
 0
 0
 0
 0
 0
 0
 0
 0
 0
 0
 0
 0
 0
 0
 0
 0
 0
 0
 0
 0
 0
 0
 0
 0
 0
 0
 0
 0
 0
 0
 0
 0
 0
 0
 0
 0
 0
 0
 0
 0
 0
 0
 0
 0
 0
 0
 0
 0
 0
 0
 0
 0
 0
 0
 0
 0
 0
 0
 0
 0
 0
 0
 0
 0
 0
 0
 0
 0
 0
 0
 0
 0
 0
 0
 0
 0
 0


