# Created by Octave 4.0.0, Sat Nov 21 16:31:07 2015 W. Europe Standard Time <unknown@Florian-PC>
# name: mus
# type: matrix
# ndims: 3
 1 30 19
 0
 0
 0.49875
 0.9214
 0.9113
 0.92211
 0.93651
 0.9496599999999999
 0.94737
 0.94286
 0.91743
 0.92593
 0.94314
 0.95008
 0.94852
 0.94679
 0.94706
 0.94781
 0.94987
 0.95
 0.95322
 0.95384
 0.95401
 0.9549299999999999
 0.94894
 0.9398
 0.93918
 0.94019
 0.93975
 0.9418800000000001
 0
 0
 1
 0.5
 0.6
 0.6
 0.7
 0.6
 0.7
 0.8
 0.83333
 0.83333
 0.76667
 0.66667
 0.73333
 0.83333
 0.81667
 0.78333
 0.8833299999999999
 0.7
 0.8100000000000001
 0.87
 0.91
 0.95
 0.96
 0.85333
 0.78
 0.78
 0.78667
 0.83333
 0
 0
 1
 0.66377
 0.73442
 0.73556
 0.77033
 0.79203
 0.8097299999999999
 0.74063
 0.77638
 0.8347
 0.7396
 0.70453
 0.7581
 0.79486
 0.8519600000000001
 0.85636
 0.83026
 0.84717
 0.85543
 0.86538
 0.89801
 0.90221
 0.90257
 0.86139
 0.86258
 0.88468
 0.88115
 0.89695
 0
 0
 1
 0.72917
 0.75084
 0.72107
 0.77483
 0.75788
 0.80461
 0.84334
 0.8795500000000001
 0.8882
 0.7985100000000001
 0.78157
 0.85597
 0.87764
 0.9051900000000001
 0.90928
 0.90227
 0.92275
 0.93846
 0.9434900000000001
 0.94094
 0.94751
 0.95067
 0.91176
 0.92053
 0.9176800000000001
 0.9375
 0.93645
 0
 0
 1
 0.5
 0.4
 0.66667
 0.85714
 0.625
 0.66667
 0.8
 0.90909
 0.91667
 0.76923
 0.66667
 0.6
 0.66667
 1
 1
 1
 1
 1
 1
 1
 1
 1
 1
 1
 1
 1
 1
 0
 0
 1
 0.5
 0.5
 0.625
 0.79762
 0.64821
 0.67113
 0.80694
 0.95
 0.94621
 0.80874
 0.70139
 0.7280799999999999
 0.77808
 1.00112
 1.04254
 0.96284
 0.95213
 1.07759
 1.04642
 1.03409
 1.01786
 1
 1.06084
 0.97776
 0.875
 0.79167
 1
 0
 0
 1
 0.71654
 0.8149
 0.71806
 0.7681
 0.81518
 0.8458
 0.78476
 0.78861
 0.87161
 0.90111
 0.7482
 0.8178299999999999
 0.77517
 0.9216800000000001
 0.86669
 0.86949
 0.88814
 0.84903
 0.89107
 0.9659
 0.86038
 0.8853
 0.8662
 0.93372
 0.96315
 0.88685
 0.92527
 0
 0
 1
 0.75062
 0.62086
 0.626
 0.77464
 0.8061199999999999
 0.83272
 0.80094
 0.87815
 0.88595
 0.7674800000000001
 0.79486
 0.84694
 0.86552
 0.8950900000000001
 0.8897
 0.89272
 0.91028
 0.91777
 0.92686
 0.93477
 0.94637
 0.94476
 0.90215
 0.91964
 0.92239
 0.91715
 0.91926
 0
 0
 1
 1
 1
 1
 1
 1
 1
 1
 1
 1
 1
 1
 1
 1
 1
 1
 1
 1
 1
 1
 1
 1
 1
 1
 1
 1
 1
 1
 0
 0
 1
 0.5
 0.545
 0.48655
 0.57501
 0.74346
 0.67946
 0.71118
 0.92686
 0.8902
 0.74984
 0.76846
 0.79705
 0.872
 0.81388
 1.02665
 0.87117
 1.05959
 1.04724
 0.87336
 0.93023
 1.10203
 1
 0.9895699999999999
 0.86944
 0.99983
 0.99216
 1
 0
 0
 1
 0.74451
 0.8244
 0.73343
 0.78213
 0.82195
 0.88023
 0.76133
 0.96341
 0.82616
 1.02605
 0.74795
 0.77754
 0.80447
 0.8086100000000001
 0.9218499999999999
 0.93011
 0.90974
 0.84537
 0.84139
 0.99634
 1.00116
 1.00218
 0.92724
 0.84807
 0.90207
 0.89109
 0.98456
 0
 0
 0
 0
 0
 0
 0
 0
 0
 0
 0
 0
 0
 0
 0
 0
 0
 0
 0
 0
 0
 0
 0
 0
 0
 0
 0
 0
 0
 0
 0
 0
 0
 0
 0
 0
 0
 0
 0
 0
 0
 0
 0
 0
 0
 0
 0
 0
 0
 0
 0
 0
 0
 0
 0
 0
 0
 0
 0
 0
 0
 0
 0
 0
 0
 0
 0
 0
 0
 0
 0
 0
 0
 0
 0
 0
 0
 0
 0
 0
 0
 0
 0
 0
 0
 0
 0
 0
 0
 0
 0
 0
 0
 0
 0
 0
 0
 0
 0
 0
 0
 0
 0
 0
 0
 0
 0
 0
 0
 0
 0
 0
 0
 0
 0
 0
 0
 0
 0
 0
 0
 0
 0
 0
 0
 0
 0
 0
 0
 0
 0
 0
 0
 0
 0
 0
 0
 0
 0
 0
 0
 0
 0
 0
 0
 0
 0
 0
 0
 0
 0
 0
 1
 1
 1
 1
 1
 1
 1
 1
 1
 1
 1
 1
 1
 1
 1
 1
 1
 1
 1
 1
 1
 1
 1
 1
 1
 1
 1
 1
 0
 0
 0
 0
 0
 0
 0
 0
 0
 0
 0
 0
 0
 0
 0
 0
 0
 0
 0
 0
 0
 0
 0
 0
 0
 0
 0
 0
 0
 0
 0
 0
 0
 0
 0
 0
 0
 0
 0
 0
 0
 0
 0
 0
 0
 0
 0
 0
 0
 0
 0
 0
 0
 0
 0
 0
 0
 0
 0
 0


# name: vars
# type: matrix
# ndims: 3
 1 30 19
 0
 0
 0.08647199999999999
 0.017711
 0.015628
 0.012561
 0.010351
 0.005473
 0.005346
 0.00569
 0.014469
 0.005511
 0.003624
 0.002214
 0.003299
 0.003712
 0.002422
 0.003122
 0.003434
 0.001724
 0.002226
 0.002599
 0.00181
 0.001941
 0.00151
 0.001884
 0.001928
 0.002603
 0.001807
 0.002264
 0
 0
 0
 0.33333
 0.3
 0.3
 0.2
 0.175
 0.075
 0.075
 0.05556
 0.05556
 0.05
 0.11111
 0.07778
 0.05556
 0.08472
 0.10972
 0.02639
 0.075
 0.043
 0.0145
 0.0155
 0.0125
 0.008
 0.02089
 0.052
 0.06422
 0.05256
 0.02778
 0
 0
 0
 0
 0
 0
 0
 0
 0
 0
 0
 0
 0
 0
 0
 0
 0
 0
 0
 0
 0
 0
 0
 0
 0
 0
 0
 0
 0
 0
 0
 0
 0
 0.13533
 0.06688
 0.05585
 0.05939
 0.05388
 0.04055
 0.03404
 0.02641
 0.02251
 0.03733
 0.03955
 0.0289
 0.02306
 0.02122
 0.01976
 0.01791
 0.01497
 0.01143
 0.01083
 0.01148
 0.00851
 0.009140000000000001
 0.01614
 0.01419
 0.01449
 0.01135
 0.01131
 0
 0
 0
 0
 0
 0
 0
 0
 0
 0
 0
 0
 0
 0
 0
 0
 0
 0
 0
 0
 0
 0
 0
 0
 0
 0
 0
 0
 0
 0
 0
 0
 0
 0
 0
 0
 0
 0
 0
 0
 0
 0
 0
 0
 0
 0
 0
 0
 0
 0
 0
 0
 0
 0
 0
 0
 0
 0
 0
 0
 0
 0
 0
 0
 0
 0
 0
 0
 0
 0
 0
 0
 0
 0
 0
 0
 0
 0
 0
 0
 0
 0
 0
 0
 0
 0
 0
 0
 0
 0
 0
 0
 0
 0.10874
 0.05198
 0.06194
 0.0428
 0.02727
 0.02426
 0.03461
 0.01821
 0.01702
 0.02829
 0.02956
 0.0272
 0.03233
 0.0213
 0.02404
 0.02506
 0.02055
 0.01781
 0.01445
 0.0111
 0.00906
 0.009900000000000001
 0.02247
 0.01355
 0.01602
 0.01559
 0.01391
 0
 0
 0
 0
 0
 0
 0
 0
 0
 0
 0
 0
 0
 0
 0
 0
 0
 0
 0
 0
 0
 0
 0
 0
 0
 0
 0
 0
 0
 0
 0
 0
 0
 0
 0
 0
 0
 0
 0
 0
 0
 0
 0
 0
 0
 0
 0
 0
 0
 0
 0
 0
 0
 0
 0
 0
 0
 0
 0
 0
 0
 0
 0
 0
 0
 0
 0
 0
 0
 0
 0
 0
 0
 0
 0
 0
 0
 0
 0
 0
 0
 0
 0
 0
 0
 0
 0
 0
 0
 0
 0
 0
 0
 0
 0
 0
 0
 0
 0
 0
 0
 0
 0
 0
 0
 0
 0
 0
 0
 0
 0
 0
 0
 0
 0
 0
 0
 0
 0
 0
 0
 0
 0
 0
 0
 0
 0
 0
 0
 0
 0
 0
 0
 0
 0
 0
 0
 0
 0
 0
 0
 0
 0
 0
 0
 0
 0
 0
 0
 0
 0
 0
 0
 0
 0
 0
 0
 0
 0
 0
 0
 0
 0
 0
 0
 0
 0
 0
 0
 0
 0
 0
 0
 0
 0
 0
 0
 0
 0
 0
 0
 0
 0
 0
 0
 0
 0
 0
 0
 0
 0
 0
 0
 0
 0
 0
 0
 0
 0
 0
 0
 0
 0
 0
 0
 0
 0
 0
 0
 0
 0
 0
 0
 0
 0
 0
 0
 0
 0
 0
 0
 0
 0
 0
 0
 0
 0
 0
 0
 0
 0
 0
 0
 0
 0
 0
 0
 0
 0
 0
 0
 0
 0
 0
 0
 0
 0
 0
 0
 0
 0
 0
 0
 0
 0
 0
 0
 0
 0
 0
 0
 0
 0
 0
 0
 0
 0
 0
 0
 0
 0
 0
 0
 0
 0
 0
 0
 0
 0
 0
 0
 0
 0
 0
 0
 0
 0
 0
 0
 0
 0
 0
 0
 0
 0
 0
 0
 0
 0
 0
 0
 0
 0
 0
 0
 0
 0
 0
 0
 0
 0
 0
 0
 0
 0
 0
 0
 0
 0
 0
 0
 0
 0
 0
 0
 0
 0
 0
 0
 0


