# Created by Octave 4.0.0, Sat Nov 21 16:31:22 2015 W. Europe Standard Time <unknown@Florian-PC>
# name: mus
# type: matrix
# ndims: 3
 1 30 19
 0
 0
 0.77861
 0.7633799999999999
 0.72134
 0.75461
 0.71317
 0.74497
 0.74603
 0.7411799999999999
 0.73228
 0.72811
 0.73453
 0.73832
 0.7257400000000001
 0.71875
 0.7184
 0.7239100000000001
 0.7226399999999999
 0.72119
 0.71512
 0.71563
 0.7357900000000001
 0.74235
 0.73617
 0.73202
 0.74579
 0.75198
 0.74807
 0.76325
 0
 0
 0.66667
 0.75
 0.2
 0.7
 0.7
 0.6
 0.7
 0.7
 0.6333299999999999
 0.76667
 0.76667
 0.7
 0.8666700000000001
 0.8666700000000001
 0.8833299999999999
 0.76667
 0.83333
 0.85
 0.86
 0.91
 0.91
 0.92
 0.88
 0.96
 0.85333
 0.78
 0.7533300000000001
 0.76667
 0
 0
 0.70764
 0.61887
 0.72187
 0.81079
 0.78929
 0.7756
 0.75352
 0.79289
 0.76502
 0.79888
 0.65982
 0.79103
 0.81416
 0.77819
 0.80164
 0.8117799999999999
 0.84485
 0.8532
 0.84962
 0.88797
 0.81514
 0.79928
 0.83795
 0.83897
 0.73056
 0.77684
 0.78393
 0.79505
 0
 0
 0.62854
 0.7049800000000001
 0.48425
 0.62157
 0.59149
 0.6487000000000001
 0.65137
 0.71069
 0.7251300000000001
 0.75099
 0.64028
 0.7153
 0.7891
 0.78671
 0.78225
 0.80249
 0.83606
 0.8472
 0.85221
 0.8618400000000001
 0.8129
 0.80876
 0.82578
 0.85638
 0.77295
 0.77643
 0.77259
 0.77171
 0
 0
 0
 0.75
 0.4
 0.33333
 0.71429
 0.625
 0.66667
 0.7
 0.45455
 0.58333
 0.46154
 0.77778
 1
 1
 0.5
 0
 1
 1
 1
 1
 0
 1
 1
 1
 0
 1
 1
 1
 0
 0
 0.08649
 0.7701
 0.62073
 0.61983
 0.60863
 0.64469
 0.64354
 0.67204
 0.6269
 0.69385
 0.59954
 0.75583
 0.85582
 0.87234
 0.71483
 0.70469
 0.89012
 0.80025
 0.91995
 0.8763300000000001
 0.73753
 0.8261500000000001
 0.88945
 0.90708
 0.70011
 0.8405
 0.8378100000000001
 0.7622100000000001
 0
 0
 0.57859
 0.73133
 0.76805
 0.81026
 0.7699
 0.74317
 0.80411
 0.7865
 0.77496
 0.8102200000000001
 0.74183
 0.76146
 0.77193
 0.78978
 0.7651
 0.81218
 0.7964
 0.87329
 0.80523
 0.89022
 0.78545
 0.77878
 0.77952
 0.84407
 0.79655
 0.79083
 0.82711
 0.74507
 0
 0
 0.66245
 0.68705
 0.62424
 0.66082
 0.5769300000000001
 0.65347
 0.62976
 0.65256
 0.6704599999999999
 0.71287
 0.62375
 0.66377
 0.69363
 0.70423
 0.71849
 0.74801
 0.73982
 0.77521
 0.78373
 0.7874
 0.73188
 0.74281
 0.75188
 0.76689
 0.70662
 0.71706
 0.70438
 0.7020999999999999
 0
 0
 0.91637
 0.91906
 0.95892
 0.94765
 0.89055
 0.91636
 0.90551
 0.92837
 0.91633
 0.94035
 0.92121
 0.92511
 0.93152
 0.89989
 0.91716
 0.91455
 0.91667
 0.9048
 0.9142
 0.90702
 0.90949
 0.90655
 0.91278
 0.90165
 0.90925
 0.90134
 0.91328
 0.89425
 0
 0
 0.05014
 0.72534
 0.71286
 0.58922
 0.58932
 0.66727
 0.62116
 0.70314
 0.71716
 0.79487
 0.6495
 0.65674
 0.80088
 0.79481
 0.7783
 0.80314
 0.80537
 0.83017
 0.8483000000000001
 0.86459
 0.79614
 0.79664
 0.79847
 0.86635
 0.67399
 0.77113
 0.71741
 0.76325
 0
 0
 0.57859
 0.7403
 0.8561
 0.86875
 0.76751
 0.7208
 0.74382
 0.76163
 0.76354
 0.78501
 0.76695
 0.7718
 0.75729
 0.87699
 0.56345
 0.7639899999999999
 0.7117
 0.81523
 0.83635
 0.85148
 0.8093900000000001
 0.78027
 0.77378
 0.76645
 0.75634
 0.74086
 0.8397
 0.7579900000000001
 0
 0
 0
 0
 0
 0
 0
 0
 0
 0
 0
 0
 0
 0
 0
 0
 0
 0
 0
 0
 0
 0
 0
 0
 0
 0
 0
 0
 0
 0
 0
 0
 0
 0
 0
 0
 0
 0
 0
 0
 0
 0
 0
 0
 0
 0
 0
 0
 0
 0
 0
 0
 0
 0
 0
 0
 0
 0
 0
 0
 0
 0
 0
 0
 0
 0
 0
 0
 0
 0
 0
 0
 0
 0
 0
 0
 0
 0
 0
 0
 0
 0
 0
 0
 0
 0
 0
 0
 0
 0
 0
 0
 0
 0
 0
 0
 0
 0
 0
 0
 0
 0
 0
 0
 0
 0
 0
 0
 0
 0
 0
 0
 0
 0
 0
 0
 0
 0
 0
 0
 0
 0
 0
 0
 0
 0
 0
 0
 0
 0
 0
 0
 0
 0
 0
 0
 0
 0
 0
 0
 0
 0
 0
 0
 0
 0
 0
 0
 0
 0
 0
 0
 0.8746699999999999
 0.96568
 0.92762
 0.94446
 0.9109
 0.93504
 0.92227
 0.90515
 0.91232
 0.91214
 0.91379
 0.91683
 0.92292
 0.91434
 0.91576
 0.9115
 0.90935
 0.90527
 0.89929
 0.91059
 0.91216
 0.9096
 0.92164
 0.88604
 0.90264
 0.9041400000000001
 0.8960900000000001
 0.89393
 0
 0
 0
 0
 0
 0
 0
 0
 0
 0
 0
 0
 0
 0
 0
 0
 0
 0
 0
 0
 0
 0
 0
 0
 0
 0
 0
 0
 0
 0
 0
 0
 0
 0
 0
 0
 0
 0
 0
 0
 0
 0
 0
 0
 0
 0
 0
 0
 0
 0
 0
 0
 0
 0
 0
 0
 0
 0
 0
 0


