# Created by Octave 4.0.0, Sat Nov 21 16:31:13 2015 W. Europe Standard Time <unknown@Florian-PC>
# name: mus
# type: matrix
# ndims: 3
 1 30 19
 0
 0
 0.49875
 0.49833
 0.94979
 0.6499200000000001
 0.84211
 0.76846
 0.64578
 0.93109
 0.86072
 0.81313
 0.78992
 0.76571
 0.7789
 0.77534
 0.76042
 0.74747
 0.74102
 0.74068
 0.74185
 0.74846
 0.76756
 0.77891
 0.7642600000000001
 0.78303
 0.76789
 0.7912400000000001
 0.80411
 0.81795
 0
 0
 1
 1
 0.4
 0.8
 0.4
 0.8
 0.6
 0.5
 0.5
 0.6
 0.66667
 0.56667
 0.6
 0.7
 0.65
 0.66667
 0.6
 0.65
 0.68
 0.64
 0.6
 0.7
 0.68
 0.69333
 0.72
 0.66
 0.68667
 0.66667
 0
 0
 1
 1
 0.67104
 0.85404
 0.80615
 0.8217100000000001
 0.61849
 0.61191
 0.6065199999999999
 0.6221
 0.68767
 0.65685
 0.65369
 0.63774
 0.65264
 0.6632
 0.64737
 0.63946
 0.63178
 0.6185
 0.59802
 0.6732399999999999
 0.63671
 0.54061
 0.6306
 0.62983
 0.61502
 0.58336
 0
 0
 1
 1
 0.39374
 0.82879
 0.73455
 0.74212
 0.6198900000000001
 0.64634
 0.50887
 0.59859
 0.6211100000000001
 0.55374
 0.64403
 0.65994
 0.62922
 0.6208900000000001
 0.63885
 0.65967
 0.65995
 0.6307199999999999
 0.5989100000000001
 0.61858
 0.63689
 0.61211
 0.61416
 0.60433
 0.58048
 0.57477
 0
 0
 1
 1
 0.6
 1
 0.71429
 0.625
 0.44444
 0.7
 0.72727
 0.66667
 0.46154
 0.66667
 0.6
 1
 0.5
 1
 0
 1
 0
 1
 1
 1
 1
 0
 1
 0
 0
 1
 0
 0
 1
 1
 0.6000799999999999
 0.87792
 0.76661
 0.70259
 0.51933
 0.62024
 0.59527
 0.59997
 0.61943
 0.5714900000000001
 0.60766
 0.76192
 0.62231
 0.72526
 0.51053
 0.73012
 0.60245
 0.7472299999999999
 0.68951
 0.71495
 0.6936
 0.57484
 0.68567
 0.4079
 0.51769
 0.44354
 0
 0
 1
 1
 0.69977
 0.75451
 0.85682
 0.83409
 0.74028
 0.71574
 0.6639
 0.64707
 0.7073199999999999
 0.6774
 0.69737
 0.71014
 0.6519200000000001
 0.68864
 0.64958
 0.67903
 0.66254
 0.71041
 0.6492599999999999
 0.67227
 0.67799
 0.65659
 0.6592
 0.65261
 0.64904
 0.63636
 0
 0
 1
 1
 0.398
 0.70218
 0.72472
 0.67364
 0.61998
 0.63628
 0.53859
 0.60279
 0.62476
 0.58606
 0.61241
 0.61737
 0.60085
 0.6032
 0.61668
 0.61858
 0.60428
 0.59557
 0.56929
 0.5940299999999999
 0.59057
 0.58782
 0.5851
 0.57542
 0.56374
 0.54609
 0
 0
 0.92944
 0.92465
 0.8871
 0.9341699999999999
 0.91152
 0.90256
 0.91991
 0.9160199999999999
 0.92226
 0.92448
 0.92165
 0.92122
 0.92823
 0.9072
 0.90399
 0.91497
 0.91525
 0.90817
 0.90361
 0.9013
 0.91049
 0.90812
 0.90099
 0.90406
 0.8963
 0.90356
 0.90783
 0.90083
 0
 0
 1
 1
 0.43445
 0.45032
 0.76961
 0.72881
 0.5839800000000001
 0.60667
 0.54917
 0.59643
 0.64212
 0.59789
 0.61289
 0.64469
 0.61249
 0.629
 0.63003
 0.6348200000000001
 0.61119
 0.60806
 0.57864
 0.61641
 0.62353
 0.58962
 0.6261
 0.58497
 0.42934
 0.5533400000000001
 0
 0
 1
 1
 0.67422
 0.70978
 0.86064
 0.8123899999999999
 0.697
 0.72988
 0.68937
 0.81108
 0.67728
 0.69983
 0.68397
 0.72077
 0.6785600000000001
 0.6982
 0.59279
 0.67899
 0.6857
 0.66065
 0.69925
 0.60965
 0.62058
 0.64023
 0.66272
 0.60593
 0.64794
 0.6295500000000001
 0
 0
 0
 0
 0
 0
 0
 0
 0
 0
 0
 0
 0
 0
 0
 0
 0
 0
 0
 0
 0
 0
 0
 0
 0
 0
 0
 0
 0
 0
 0
 0
 0
 0
 0
 0
 0
 0
 0
 0
 0
 0
 0
 0
 0
 0
 0
 0
 0
 0
 0
 0
 0
 0
 0
 0
 0
 0
 0
 0
 0
 0
 0
 0
 0
 0
 0
 0
 0
 0
 0
 0
 0
 0
 0
 0
 0
 0
 0
 0
 0
 0
 0
 0
 0
 0
 0
 0
 0
 0
 0
 0
 0
 0
 0
 0
 0
 0
 0
 0
 0
 0
 0
 0
 0
 0
 0
 0
 0
 0
 0
 0
 0
 0
 0
 0
 0
 0
 0
 0
 0
 0
 0
 0
 0
 0
 0
 0
 0
 0
 0
 0
 0
 0
 0
 0
 0
 0
 0
 0
 0
 0
 0
 0
 0
 0
 0
 0
 0
 0
 0
 0
 0.92099
 0.90826
 0.94824
 0.93041
 0.89997
 0.90859
 0.92641
 0.92792
 0.91374
 0.93819
 0.91998
 0.92772
 0.92154
 0.905
 0.91927
 0.90812
 0.91916
 0.90434
 0.90813
 0.9018
 0.90356
 0.90908
 0.91132
 0.91622
 0.9094
 0.89673
 0.90676
 0.90556
 0
 0
 0
 0
 0
 0
 0
 0
 0
 0
 0
 0
 0
 0
 0
 0
 0
 0
 0
 0
 0
 0
 0
 0
 0
 0
 0
 0
 0
 0
 0
 0
 0
 0
 0
 0
 0
 0
 0
 0
 0
 0
 0
 0
 0
 0
 0
 0
 0
 0
 0
 0
 0
 0
 0
 0
 0
 0
 0
 0


