# Created by Octave 4.0.0, Sat Nov 21 16:31:25 2015 W. Europe Standard Time <unknown@Florian-PC>
# name: mus
# type: matrix
# ndims: 3
 1 30 19
 0
 0
 0.78279
 0.6178900000000001
 0.59414
 0.54271
 0.53773
 0.52181
 0.52047
 0.57395
 0.57465
 0.5766
 0.78574
 0.74975
 0.7173
 0.7728
 0.84588
 0.83965
 0.8939
 0.89407
 0.91145
 0.91091
 0.91492
 0.91752
 0.92255
 0.93645
 0.94108
 0.93707
 0.92966
 0.93248
 0
 0
 0.33333
 1
 1
 0.8
 0.9
 1
 1
 1
 1
 1
 0.8
 0.93333
 0.93333
 0.93333
 0.95
 0.93333
 0.9
 0.9
 0.95
 0.88
 0.91
 1
 0.96
 0.88
 0.7533300000000001
 0.81333
 0.8666700000000001
 0.83333
 0
 0
 0.53343
 0.82909
 0.87447
 0.84513
 0.9484
 0.92625
 0.92539
 0.91914
 0.93853
 0.97641
 0.88365
 0.90057
 0.94009
 0.92331
 0.90202
 0.87119
 0.8928700000000001
 0.91817
 0.8979
 0.91889
 0.92139
 0.9326100000000001
 0.92347
 0.88041
 0.86133
 0.8916500000000001
 0.8942600000000001
 0.88793
 0
 0
 0.58334
 0.9881
 0.96111
 0.91551
 0.8962599999999999
 0.92377
 0.93177
 0.98591
 0.9897
 0.9974
 0.89916
 0.94853
 0.96409
 0.95667
 0.93183
 0.93187
 0.97306
 0.95803
 0.9771
 0.9895699999999999
 0.97028
 0.97526
 0.9667
 0.95247
 0.93546
 0.94357
 0.97297
 0.97592
 0
 0
 0.33333
 1
 1
 0.83333
 1
 0.875
 0.88889
 1
 1
 1
 0.92308
 1
 1
 1
 1
 1
 1
 1
 1
 1
 0
 1
 1
 1
 1
 1
 1
 1
 0
 0
 0.33333
 1.14287
 1.175
 1.00833
 1.05714
 0.90179
 0.88145
 1.03512
 1.00644
 1.00859
 0.93147
 0.9993300000000001
 1.03799
 1.0191
 1.01705
 0.98825
 1.03547
 1.05851
 1.05172
 1.05002
 0.72159
 1.05357
 1
 1.06084
 1.0625
 1
 1
 0.875
 0
 0
 0.57859
 0.85717
 1.03094
 0.95133
 0.971
 0.90337
 0.92215
 0.9408
 0.95479
 0.9952800000000001
 0.8640099999999999
 0.88343
 0.9137999999999999
 0.9616400000000001
 0.8706700000000001
 0.9125799999999999
 0.95322
 0.93199
 0.9167
 0.92166
 0.96248
 0.95348
 0.92838
 0.88549
 0.89603
 0.8893
 0.86974
 0.93096
 0
 0
 0.58334
 0.9254599999999999
 0.86821
 0.92843
 0.92742
 0.94551
 0.93508
 0.97489
 0.97564
 0.99381
 0.91991
 0.96553
 0.96415
 0.95911
 0.91859
 0.9333
 0.93444
 0.9491000000000001
 0.95328
 0.95733
 0.95374
 0.94958
 0.95561
 0.90374
 0.93259
 0.92464
 0.94197
 0.96354
 0
 0
 1
 1
 1
 1
 1
 1
 1
 1
 1
 1
 1
 1
 1
 1
 1
 1
 1
 1
 1
 1
 1
 1
 1
 1
 1
 1
 1
 1
 0
 0
 0.33333
 1.01756
 1.21142
 1.2057
 1.10036
 0.91046
 0.9039
 0.97555
 0.95683
 1.00388
 0.87863
 0.96906
 0.93732
 1.07003
 0.87149
 1.10385
 1.07216
 1.10382
 0.8948199999999999
 0.88664
 1.07625
 1.0742
 1
 0.9895699999999999
 1.03008
 1
 1
 0.99988
 0
 0
 0.57859
 0.85717
 1.09465
 0.98234
 0.9927
 0.89261
 1.0158
 0.97322
 1.0551
 0.92739
 0.84815
 0.89779
 1.09676
 1.13116
 0.88289
 0.88373
 0.91939
 0.88597
 0.93999
 0.89266
 1.01197
 0.92954
 0.9201
 0.88824
 0.88206
 0.92026
 0.8721100000000001
 0.97445
 0
 0
 0
 0
 0
 0
 0
 0
 0
 0
 0
 0
 0
 0
 0
 0
 0
 0
 0
 0
 0
 0
 0
 0
 0
 0
 0
 0
 0
 0
 0
 0
 0
 0
 0
 0
 0
 0
 0
 0
 0
 0
 0
 0
 0
 0
 0
 0
 0
 0
 0
 0
 0
 0
 0
 0
 0
 0
 0
 0
 0
 0
 0
 0
 0
 0
 0
 0
 0
 0
 0
 0
 0
 0
 0
 0
 0
 0
 0
 0
 0
 0
 0
 0
 0
 0
 0
 0
 0
 0
 0
 0
 0
 0
 0
 0
 0
 0
 0
 0
 0
 0
 0
 0
 0
 0
 0
 0
 0
 0
 0
 0
 0
 0
 0
 0
 0
 0
 0
 0
 0
 0
 0
 0
 0
 0
 0
 0
 0
 0
 0
 0
 0
 0
 0
 0
 0
 0
 0
 0
 0
 0
 0
 0
 0
 0
 0
 0
 0
 0
 0
 0
 1
 1
 1
 1
 1
 1
 1
 1
 1
 1
 1
 1
 1
 1
 1
 1
 1
 1
 1
 1
 1
 1
 1
 1
 1
 1
 1
 1
 0
 0
 0
 0
 0
 0
 0
 0
 0
 0
 0
 0
 0
 0
 0
 0
 0
 0
 0
 0
 0
 0
 0
 0
 0
 0
 0
 0
 0
 0
 0
 0
 0
 0
 0
 0
 0
 0
 0
 0
 0
 0
 0
 0
 0
 0
 0
 0
 0
 0
 0
 0
 0
 0
 0
 0
 0
 0
 0
 0


# name: vars
# type: matrix
# ndims: 3
 1 30 19
 0
 0
 0.050412
 0.057993
 0.048873
 0.044884
 0.038407
 0.027815
 0.032617
 0.023807
 0.026918
 0.022346
 0.014814
 0.018433
 0.015295
 0.0098
 0.007475
 0.008186000000000001
 0.005584
 0.005266
 0.004652
 0.002649
 0.004595
 0.003291
 0.002185
 0.002052
 0.002253
 0.002353
 0.001586
 0.001783
 0
 0
 0.33333
 0
 0
 0.2
 0.05
 0
 0
 0
 0
 0
 0.08889
 0.02222
 0.02222
 0.02222
 0.0125
 0.02222
 0.05
 0.05
 0.0125
 0.07199999999999999
 0.0155
 0
 0.008
 0.032
 0.03422
 0.06033
 0.01944
 0.02778
 0
 0
 0
 0
 0
 0
 0
 0
 0
 0
 0
 0
 0
 0
 0
 0
 0
 0
 0
 0
 0
 0
 0
 0
 0
 0
 0
 0
 0
 0
 0
 0
 0.25
 0.00045
 0.008540000000000001
 0.03184
 0.02301
 0.01231
 0.01421
 0.0021
 0.00306
 0.00032
 0.02196
 0.01017
 0.00764
 0.00932
 0.01283
 0.0133
 0.00413
 0.008880000000000001
 0.00419
 0.00121
 0.005
 0.00432
 0.0061
 0.00736
 0.01244
 0.009950000000000001
 0.00485
 0.00397
 0
 0
 0
 0
 0
 0
 0
 0
 0
 0
 0
 0
 0
 0
 0
 0
 0
 0
 0
 0
 0
 0
 0
 0
 0
 0
 0
 0
 0
 0
 0
 0
 0
 0
 0
 0
 0
 0
 0
 0
 0
 0
 0
 0
 0
 0
 0
 0
 0
 0
 0
 0
 0
 0
 0
 0
 0
 0
 0
 0
 0
 0
 0
 0
 0
 0
 0
 0
 0
 0
 0
 0
 0
 0
 0
 0
 0
 0
 0
 0
 0
 0
 0
 0
 0
 0
 0
 0
 0
 0
 0
 0
 0.25
 0.01778
 0.05131
 0.01534
 0.0146
 0.01069
 0.01828
 0.00693
 0.00612
 0.00142
 0.01255
 0.008489999999999999
 0.007939999999999999
 0.01044
 0.02133
 0.01772
 0.01933
 0.0129
 0.0144
 0.01615
 0.01488
 0.01779
 0.01222
 0.0275
 0.01665
 0.01836
 0.01417
 0.00694
 0
 0
 0
 0
 0
 0
 0
 0
 0
 0
 0
 0
 0
 0
 0
 0
 0
 0
 0
 0
 0
 0
 0
 0
 0
 0
 0
 0
 0
 0
 0
 0
 0
 0
 0
 0
 0
 0
 0
 0
 0
 0
 0
 0
 0
 0
 0
 0
 0
 0
 0
 0
 0
 0
 0
 0
 0
 0
 0
 0
 0
 0
 0
 0
 0
 0
 0
 0
 0
 0
 0
 0
 0
 0
 0
 0
 0
 0
 0
 0
 0
 0
 0
 0
 0
 0
 0
 0
 0
 0
 0
 0
 0
 0
 0
 0
 0
 0
 0
 0
 0
 0
 0
 0
 0
 0
 0
 0
 0
 0
 0
 0
 0
 0
 0
 0
 0
 0
 0
 0
 0
 0
 0
 0
 0
 0
 0
 0
 0
 0
 0
 0
 0
 0
 0
 0
 0
 0
 0
 0
 0
 0
 0
 0
 0
 0
 0
 0
 0
 0
 0
 0
 0
 0
 0
 0
 0
 0
 0
 0
 0
 0
 0
 0
 0
 0
 0
 0
 0
 0
 0
 0
 0
 0
 0
 0
 0
 0
 0
 0
 0
 0
 0
 0
 0
 0
 0
 0
 0
 0
 0
 0
 0
 0
 0
 0
 0
 0
 0
 0
 0
 0
 0
 0
 0
 0
 0
 0
 0
 0
 0
 0
 0
 0
 0
 0
 0
 0
 0
 0
 0
 0
 0
 0
 0
 0
 0
 0
 0
 0
 0
 0
 0
 0
 0
 0
 0
 0
 0
 0
 0
 0
 0
 0
 0
 0
 0
 0
 0
 0
 0
 0
 0
 0
 0
 0
 0
 0
 0
 0
 0
 0
 0
 0
 0
 0
 0
 0
 0
 0
 0
 0
 0
 0
 0
 0
 0
 0
 0
 0
 0
 0
 0
 0
 0
 0
 0
 0
 0
 0
 0
 0
 0
 0
 0
 0
 0
 0
 0
 0
 0
 0
 0
 0
 0
 0
 0
 0
 0
 0
 0
 0
 0
 0
 0
 0
 0
 0
 0
 0
 0
 0
 0
 0
 0
 0
 0
 0
 0
 0


