# Created by Octave 4.0.0, Sat Nov 21 16:30:59 2015 W. Europe Standard Time <unknown@Florian-PC>
# name: mus
# type: matrix
# ndims: 3
 1 30 19
 0
 0
 0.9198
 0.90635
 0.8803299999999999
 0.90787
 0.92147
 0.93121
 0.9331700000000001
 0.92017
 0.94746
 0.94865
 0.94628
 0.91597
 0.91392
 0.91216
 0.91286
 0.93224
 0.94403
 0.9322
 0.9315
 0.9321
 0.9339499999999999
 0.93282
 0.93362
 0.94231
 0.94865
 0.94615
 0.94701
 0.94615
 0
 0
 0.66667
 1
 0.6
 0.6
 0.8
 1
 1
 0.9
 0.93333
 0.9
 0.93333
 1
 0.93333
 0.93333
 0.95
 1
 0.95
 1
 1
 1
 1
 1
 1
 1
 0.96
 0.96667
 0.96
 0.96667
 0
 0
 0.78666
 0.86045
 0.78257
 0.84746
 0.76827
 0.86852
 0.9079199999999999
 0.9330000000000001
 0.90624
 0.8992
 0.9502699999999999
 0.93174
 0.93625
 0.9439
 0.97436
 0.97342
 0.9668600000000001
 0.975
 0.97736
 0.97367
 0.97601
 0.97814
 0.96934
 0.97967
 0.96827
 0.97385
 0.9690800000000001
 0.9786899999999999
 0
 0
 0.72015
 0.78513
 0.65402
 0.7158
 0.71965
 0.80914
 0.86572
 0.89923
 0.85097
 0.89215
 0.92076
 0.89336
 0.9089
 0.9222900000000001
 0.93477
 0.92559
 0.93089
 0.92884
 0.92552
 0.92465
 0.93091
 0.93912
 0.94226
 0.9495400000000001
 0.92866
 0.93769
 0.93677
 0.93669
 0
 0
 0.33333
 1
 0.4
 0.83333
 0.85714
 0.875
 1
 0.9
 0.90909
 1
 1
 1
 1
 1
 1
 1
 1
 1
 1
 1
 1
 1
 1
 1
 1
 1
 1
 1
 0
 0
 0.33333
 0.86582
 0.64561
 0.9041
 0.90811
 0.8287
 0.97226
 0.9221200000000001
 0.95622
 0.93177
 0.84783
 0.8788
 0.89959
 0.98727
 0.99059
 0.91371
 0.98126
 0.8879
 0.8406400000000001
 0.9339
 0.86258
 0.99701
 0.99725
 0.90046
 0.87741
 0.90218
 0.99358
 0.88928
 0
 0
 0.57859
 0.69953
 0.73323
 0.80783
 0.78691
 0.91437
 0.83421
 0.8647
 0.93114
 0.86255
 0.91675
 0.86476
 0.85683
 0.88086
 0.91795
 0.91124
 0.90827
 0.89889
 0.92496
 0.9242899999999999
 0.9335599999999999
 0.9159
 0.8883799999999999
 0.9099699999999999
 0.9206800000000001
 0.91656
 0.96923
 0.93037
 0
 0
 0.7194199999999999
 0.73316
 0.73584
 0.73543
 0.75695
 0.79097
 0.8701100000000001
 0.90008
 0.86467
 0.88945
 0.91215
 0.87803
 0.9059199999999999
 0.92333
 0.94141
 0.93511
 0.93457
 0.93812
 0.92714
 0.9331
 0.94328
 0.95231
 0.95485
 0.96272
 0.94156
 0.94443
 0.94572
 0.94961
 0
 0
 1
 1
 1
 1
 1
 1
 1
 1
 1
 0.9984499999999999
 0.99213
 0.98553
 0.97922
 0.98122
 0.9708
 0.97762
 0.96662
 0.95816
 0.95958
 0.96643
 0.95439
 0.96213
 0.96153
 0.95433
 0.95667
 0.94401
 0.94362
 0.9418299999999999
 0
 0
 0.33333
 0.78009
 0.70794
 0.91318
 0.9468299999999999
 0.98229
 0.87141
 0.93908
 0.92493
 0.90484
 0.96574
 0.9042
 0.8949
 0.9658600000000001
 0.98607
 0.92238
 0.92343
 0.99192
 0.99219
 0.92588
 0.93284
 0.99504
 0.99552
 0.9549
 0.93404
 0.94056
 0.94155
 0.94155
 0
 0
 0.57859
 0.69728
 0.70085
 0.85343
 0.74603
 0.91504
 0.82592
 0.9392
 0.95021
 0.84962
 0.85489
 0.84735
 0.8940399999999999
 0.85966
 0.8950399999999999
 0.88015
 0.90682
 0.89775
 0.93275
 0.95607
 0.96855
 0.91269
 0.98034
 0.92428
 0.89933
 0.91317
 0.91208
 0.94846
 0
 0
 0
 0
 0
 0
 0
 0
 0
 0
 0
 0
 0
 0
 0
 0
 0
 0
 0
 0
 0
 0
 0
 0
 0
 0
 0
 0
 0
 0
 0
 0
 0
 0
 0
 0
 0
 0
 0
 0
 0
 0
 0
 0
 0
 0
 0
 0
 0
 0
 0
 0
 0
 0
 0
 0
 0
 0
 0
 0
 0
 0
 0
 0
 0
 0
 0
 0
 0
 0
 0
 0
 0
 0
 0
 0
 0
 0
 0
 0
 0
 0
 0
 0
 0
 0
 0
 0
 0
 0
 0
 0
 0
 0
 0
 0
 0
 0
 0
 0
 0
 0
 0
 0
 0
 0
 0
 0
 0
 0
 0
 0
 0
 0
 0
 0
 0
 0
 0
 0
 0
 0
 0
 0
 0
 0
 0
 0
 0
 0
 0
 0
 0
 0
 0
 0
 0
 0
 0
 0
 0
 0
 0
 0
 0
 0
 0
 0
 0
 0
 0
 0
 1
 1
 1
 1
 0.99998
 1
 1
 1
 1
 0.99663
 0.99449
 0.98799
 0.97881
 0.97463
 0.96533
 0.97333
 0.96936
 0.95895
 0.9686900000000001
 0.95884
 0.94641
 0.95397
 0.95374
 0.95879
 0.94468
 0.95633
 0.95051
 0.95857
 0
 0
 0
 0
 0
 0
 0
 0
 0
 0
 0
 0
 0
 0
 0
 0
 0
 0
 0
 0
 0
 0
 0
 0
 0
 0
 0
 0
 0
 0
 0
 0
 0
 0
 0
 0
 0
 0
 0
 0
 0
 0
 0
 0
 0
 0
 0
 0
 0
 0
 0
 0
 0
 0
 0
 0
 0
 0
 0
 0


# name: vars
# type: matrix
# ndims: 3
 1 30 19
 0
 0
 0.022027
 0.021822
 0.019738
 0.014197
 0.010123
 0.007482
 0.006723
 0.006878
 0.004636
 0.004352
 0.003426
 0.005731
 0.003892
 0.006091
 0.003574
 0.004324
 0.00258
 0.002911
 0.003241
 0.003662
 0.003002
 0.003097
 0.002802
 0.002219
 0.002438
 0.001834
 0.002741
 0.00296
 0
 0
 0.33333
 0
 0.3
 0.3
 0.075
 0
 0
 0.05
 0.02222
 0.05
 0.02222
 0
 0.02222
 0.02222
 0.0125
 0
 0.0125
 0
 0
 0
 0
 0
 0
 0
 0.008
 0.00556
 0.008
 0.00556
 0
 0
 0
 0
 0
 0
 0
 0
 0
 0
 0
 0
 0
 0
 0
 0
 0
 0
 0
 0
 0
 0
 0
 0
 0
 0
 0
 0
 0
 0
 0
 0
 0.17754
 0.03288
 0.05318
 0.05384
 0.02736
 0.02042
 0.01056
 0.01033
 0.00927
 0.00714
 0.00455
 0.00613
 0.00445
 0.00373
 0.00343
 0.00367
 0.00336
 0.00367
 0.00307
 0.00323
 0.00276
 0.00239
 0.00251
 0.00228
 0.00254
 0.00239
 0.00232
 0.002
 0
 0
 7.2936e-010
 2.9582e-032
 8.8835e-015
 1.9373e-019
 2.5599e-028
 1.9565e-032
 6.5374e-031
 3.013e-032
 1.7676e-030
 7.2994e-030
 2.0595e-028
 3.7513e-006
 7.473200000000001e-007
 1.7351e-008
 6.151e-005
 7.338e-010
 2.6119e-005
 6.1826e-005
 0.00013217
 1.3099e-007
 1.3263e-010
 4.274e-006
 2.7264e-008
 1.6094e-005
 2.1923e-009
 1.1767e-005
 4.459e-005
 4.7843e-005
 0
 0
 0
 0
 0
 0
 0
 0
 0
 0
 0
 0
 0
 0
 0
 0
 0
 0
 0
 0
 0
 0
 0
 0
 0
 0
 0
 0
 0
 0
 0
 0
 0
 0
 0
 0
 0
 0
 0
 0
 0
 0
 0
 0
 0
 0
 0
 0
 0
 0
 0
 0
 0
 0
 0
 0
 0
 0
 0
 0
 0
 0
 0.17709
 0.0572
 0.0541
 0.05394
 0.03521
 0.034
 0.01352
 0.0132
 0.0117
 0.00992
 0.00662
 0.00751
 0.00584
 0.00484
 0.00341
 0.0032
 0.00313
 0.00296
 0.00613
 0.0031
 0.00164
 0.00137
 0.0028
 0.00096
 0.00302
 0.00212
 0.004
 0.00335
 0
 0
 0
 0
 0
 0
 0
 0
 0
 0
 0
 0.000312
 0.001564
 0.002824
 0.004531
 0.003265
 0.005652
 0.005225
 0.00814
 0.009034
 0.010221
 0.007166
 0.009351999999999999
 0.008227999999999999
 0.008491
 0.009729
 0.008926999999999999
 0.013159
 0.013371
 0.013808
 0
 0
 0
 0
 0
 0
 0
 0
 0
 0
 0
 0
 0
 0
 0
 0
 0
 0
 0
 0
 0
 0
 0
 0
 0
 0
 0
 0
 0
 0
 0
 0
 0
 0
 0
 0
 0
 0
 0
 0
 0
 0
 0
 0
 0
 0
 0
 0
 0
 0
 0
 0
 0
 0
 0
 0
 0
 0
 0
 0
 0
 0
 0
 0
 0
 0
 0
 0
 0
 0
 0
 0
 0
 0
 0
 0
 0
 0
 0
 0
 0
 0
 0
 0
 0
 0
 0
 0
 0
 0
 0
 0
 0
 0
 0
 0
 0
 0
 0
 0
 0
 0
 0
 0
 0
 0
 0
 0
 0
 0
 0
 0
 0
 0
 0
 0
 0
 0
 0
 0
 0
 0
 0
 0
 0
 0
 0
 0
 0
 0
 0
 0
 0
 0
 0
 0
 0
 0
 0
 0
 0
 0
 0
 0
 0
 0
 0
 0
 0
 0
 0
 0
 0
 0
 0
 0
 0
 0
 0
 0
 0
 0
 0
 0
 0
 0
 0
 0
 0
 0
 0
 0
 0
 0
 0
 0
 0
 0
 0
 0
 0
 0
 0
 0
 0
 0
 0
 0
 0
 0
 0
 0
 0
 0
 0
 0
 0
 0
 0
 0
 0
 0
 0
 0
 0
 0
 0
 0
 0
 0
 0
 0
 0
 0
 0
 0
 0
 0
 0
 0
 0
 0.000815
 0.001664
 0.002369
 0.003629
 0.005367
 0.007027
 0.006196
 0.006574
 0.010559
 0.00627
 0.007927999999999999
 0.013009
 0.010512
 0.010661
 0.007972
 0.013657
 0.009945000000000001
 0.009814
 0.00891
 0
 0
 0
 0
 0
 0
 0
 0
 0
 0
 0
 0
 0
 0
 0
 0
 0
 0
 0
 0
 0
 0
 0
 0
 0
 0
 0
 0
 0
 0
 0
 0
 0
 0
 0
 0
 0
 0
 0
 0
 0
 0
 0
 0
 0
 0
 0
 0
 0
 0
 0
 0
 0
 0
 0
 0
 0
 0
 0
 0


