# Created by Octave 4.0.0, Sat Nov 21 16:31:03 2015 W. Europe Standard Time <unknown@Florian-PC>
# name: mus
# type: matrix
# ndims: 3
 1 30 19
 0
 0
 0.48872
 0.48746
 0.56067
 0.41206
 0.43553
 0.66191
 0.70092
 0.72101
 0.81902
 0.80808
 0.82839
 0.81563
 0.95274
 0.95101
 0.95042
 0.9444399999999999
 0.94319
 0.94492
 0.9457
 0.94613
 0.9473200000000001
 0.94813
 0.95319
 0.95151
 0.95539
 0.95224
 0.95122
 0.94786
 0
 0
 0
 0.5
 0
 0.5
 0.7
 0.6
 0.5
 0.8
 0.6
 0.76667
 0.8666700000000001
 0.8666700000000001
 0.8
 0.8
 0.75
 0.78333
 0.85
 0.8
 0.85
 0.86
 0.83
 0.83
 0.84
 0.84667
 0.84667
 0.8666700000000001
 0.86
 0.8666700000000001
 0
 0
 0.62227
 0.66333
 0.43477
 0.40973
 0.5683
 0.71065
 0.60366
 0.72515
 0.76554
 0.78196
 0.79748
 0.80398
 0.76266
 0.82016
 0.7980699999999999
 0.80941
 0.85987
 0.84029
 0.87332
 0.86831
 0.8771
 0.8991400000000001
 0.90273
 0.9074
 0.89799
 0.90887
 0.92531
 0.92765
 0
 0
 0.0432
 0.53251
 0.07628
 0.47413
 0.53307
 0.51255
 0.61657
 0.7234
 0.74288
 0.81001
 0.8075
 0.83813
 0.77752
 0.83271
 0.82822
 0.82912
 0.84328
 0.85872
 0.85597
 0.86338
 0.8607900000000001
 0.86317
 0.86627
 0.87182
 0.8823299999999999
 0.88604
 0.88995
 0.8892099999999999
 0
 0
 0
 0.75
 0
 0.33333
 0.85714
 0.25
 0.77778
 0.9
 0.72727
 0.91667
 0.92308
 0.88889
 1
 0.66667
 1
 1
 1
 1
 1
 0
 1
 1
 1
 1
 1
 1
 1
 1
 0
 0
 0.01474
 0.74097
 0.05013
 0.26434
 0.67266
 0.35505
 0.70122
 0.79271
 0.7924600000000001
 0.85218
 0.8651
 0.88109
 0.85025
 0.79603
 0.89919
 0.8398600000000001
 0.93074
 0.92645
 0.90412
 0.77233
 0.9033
 0.90557
 0.8657
 0.87941
 0.88586
 0.90757
 0.82944
 0.93118
 0
 0
 0.78929
 0.49956
 0.60219
 0.49199
 0.44731
 0.50753
 0.67837
 0.71099
 0.6983200000000001
 0.77855
 0.75582
 0.749
 0.77188
 0.79026
 0.78111
 0.83808
 0.8133
 0.83867
 0.82435
 0.8762
 0.86669
 0.85327
 0.91115
 0.87622
 0.8809
 0.89264
 0.88854
 0.8934299999999999
 0
 0
 0.05955
 0.47707
 0.14005
 0.39175
 0.51301
 0.50198
 0.55723
 0.65343
 0.66253
 0.74605
 0.73236
 0.74436
 0.69304
 0.74599
 0.74631
 0.77367
 0.7712599999999999
 0.80757
 0.80485
 0.82261
 0.82185
 0.81956
 0.83958
 0.83984
 0.84413
 0.845
 0.85299
 0.84998
 0
 0
 0.95494
 0.93548
 0.94598
 0.94797
 0.91267
 0.91355
 0.90944
 0.90111
 0.92357
 0.91928
 0.90834
 0.92103
 0.91477
 0.90939
 0.90931
 0.90569
 0.90782
 0.91886
 0.90781
 0.90802
 0.90096
 0.91372
 0.90448
 0.90268
 0.91387
 0.90644
 0.8968
 0.89805
 0
 0
 0.11072
 0.67893
 0.05551
 0.20857
 0.45664
 0.47264
 0.56855
 0.6698499999999999
 0.73995
 0.83588
 0.84222
 0.88042
 0.7894099999999999
 0.86003
 0.86011
 0.8592
 0.86799
 0.8895
 0.8676
 0.86476
 0.8695000000000001
 0.8718900000000001
 0.87455
 0.8841599999999999
 0.89131
 0.87785
 0.8814
 0.89701
 0
 0
 0.78929
 0.46502
 0.67403
 0.42669
 0.46912
 0.56498
 0.69024
 0.69576
 0.69645
 0.75957
 0.8882100000000001
 0.75543
 0.76075
 0.7649
 0.75069
 0.83595
 0.7943
 0.87024
 0.78893
 0.81808
 0.92672
 0.84797
 0.90437
 0.85087
 0.94333
 0.63923
 0.9477
 0.90788
 0
 0
 0
 0
 0
 0
 0
 0
 0
 0
 0
 0
 0
 0
 0
 0
 0
 0
 0
 0
 0
 0
 0
 0
 0
 0
 0
 0
 0
 0
 0
 0
 0
 0
 0
 0
 0
 0
 0
 0
 0
 0
 0
 0
 0
 0
 0
 0
 0
 0
 0
 0
 0
 0
 0
 0
 0
 0
 0
 0
 0
 0
 0
 0
 0
 0
 0
 0
 0
 0
 0
 0
 0
 0
 0
 0
 0
 0
 0
 0
 0
 0
 0
 0
 0
 0
 0
 0
 0
 0
 0
 0
 0
 0
 0
 0
 0
 0
 0
 0
 0
 0
 0
 0
 0
 0
 0
 0
 0
 0
 0
 0
 0
 0
 0
 0
 0
 0
 0
 0
 0
 0
 0
 0
 0
 0
 0
 0
 0
 0
 0
 0
 0
 0
 0
 0
 0
 0
 0
 0
 0
 0
 0
 0
 0
 0
 0
 0
 0
 0
 0
 0
 0.925
 0.89077
 0.86961
 0.94023
 0.92977
 0.91831
 0.93389
 0.90487
 0.9344
 0.92559
 0.91729
 0.92569
 0.92599
 0.92452
 0.92077
 0.92232
 0.91074
 0.90398
 0.90704
 0.90116
 0.91688
 0.91048
 0.90596
 0.91023
 0.90594
 0.90486
 0.90416
 0.88826
 0
 0
 0
 0
 0
 0
 0
 0
 0
 0
 0
 0
 0
 0
 0
 0
 0
 0
 0
 0
 0
 0
 0
 0
 0
 0
 0
 0
 0
 0
 0
 0
 0
 0
 0
 0
 0
 0
 0
 0
 0
 0
 0
 0
 0
 0
 0
 0
 0
 0
 0
 0
 0
 0
 0
 0
 0
 0
 0
 0


