# Created by Octave 4.0.0, Sat Nov 21 16:31:21 2015 W. Europe Standard Time <unknown@Florian-PC>
# name: mus
# type: matrix
# ndims: 3
 1 30 19
 0
 0
 0.70343
 0.68562
 0.89958
 0.88275
 0.81259
 0.80369
 0.82038
 0.82017
 0.9049199999999999
 0.89394
 0.92642
 0.92353
 0.93502
 0.94172
 0.92655
 0.92761
 0.91534
 0.92627
 0.92314
 0.92284
 0.91639
 0.92177
 0.9234
 0.92809
 0.92845
 0.92971
 0.92966
 0.92906
 0
 0
 0.33333
 1
 0.6
 0.7
 0.7
 0.8
 0.5
 0.6
 0.73333
 0.6
 0.73333
 0.7
 0.8666700000000001
 0.81667
 0.8833299999999999
 0.8833299999999999
 0.9
 0.9
 0.9
 0.91
 0.91
 0.92
 0.92
 0.92
 0.92667
 0.92667
 0.93333
 0.93333
 0
 0
 0.58461
 0.85514
 0.70808
 0.73978
 0.72384
 0.81352
 0.75495
 0.76633
 0.74089
 0.7361799999999999
 0.77824
 0.77221
 0.77671
 0.7713100000000001
 0.82973
 0.77191
 0.83794
 0.8047299999999999
 0.8603
 0.8364200000000001
 0.85167
 0.86533
 0.8940399999999999
 0.87745
 0.87557
 0.89689
 0.89771
 0.91647
 0
 0
 0.63393
 0.81607
 0.53992
 0.65342
 0.68233
 0.72363
 0.62473
 0.66306
 0.62976
 0.65107
 0.68855
 0.69253
 0.73636
 0.73315
 0.764
 0.76172
 0.79132
 0.79016
 0.80422
 0.80531
 0.82457
 0.8238799999999999
 0.83395
 0.8361
 0.85081
 0.85233
 0.8574000000000001
 0.8678900000000001
 0
 0
 0.33333
 1
 1
 0.5
 0.57143
 1
 0.5555600000000001
 1
 0.36364
 0.83333
 0.61538
 0.66667
 1
 0.66667
 1
 1
 1
 1
 1
 1
 1
 1
 1
 1
 1
 1
 1
 1
 0
 0
 0.33333
 0.80055
 0.68159
 0.59361
 0.68808
 0.80775
 0.6185
 0.777
 0.6264
 0.68565
 0.67548
 0.69317
 0.70838
 0.76103
 0.70538
 0.76649
 0.83669
 0.86875
 0.79552
 0.77883
 0.79044
 0.82379
 0.84067
 0.8315399999999999
 0.81065
 0.82869
 0.96167
 0.77973
 0
 0
 0.36788
 0.66444
 0.63996
 0.73645
 0.74363
 0.7708700000000001
 0.72904
 0.81013
 0.72573
 0.77672
 0.76161
 0.78571
 0.7688700000000001
 0.7472800000000001
 0.7748699999999999
 0.83189
 0.80687
 0.81885
 0.76031
 0.79905
 0.80918
 0.83214
 0.82033
 0.84492
 0.85295
 0.85887
 0.87559
 0.84465
 0
 0
 0.63513
 0.74169
 0.53381
 0.68192
 0.66691
 0.72259
 0.63368
 0.6939
 0.66053
 0.6760699999999999
 0.67667
 0.70388
 0.72703
 0.7388400000000001
 0.7553
 0.75312
 0.77483
 0.79143
 0.8018
 0.79693
 0.82425
 0.81419
 0.8436900000000001
 0.8461
 0.85305
 0.86056
 0.87307
 0.87268
 0
 0
 0.99999
 1
 1
 1
 1
 1
 1
 1
 1
 1
 0.98638
 0.99258
 0.98423
 0.9729100000000001
 0.97618
 0.96575
 0.97481
 0.9714699999999999
 0.9708599999999999
 0.96778
 0.96777
 0.94942
 0.95604
 0.95016
 0.9478799999999999
 0.95252
 0.9474399999999999
 0.95553
 0
 0
 0.33333
 0.77994
 0.51592
 0.58772
 0.65796
 0.70723
 0.62069
 0.69134
 0.65955
 0.68548
 0.6776799999999999
 0.69082
 0.72209
 0.71326
 0.8349299999999999
 0.73903
 0.7603
 0.76447
 0.79084
 0.7868000000000001
 0.81906
 0.90608
 0.82861
 0.83213
 0.84248
 0.8436399999999999
 0.96454
 0.86421
 0
 0
 0.36788
 0.67192
 0.65051
 0.6904
 0.72868
 0.76505
 0.70403
 0.88141
 0.74014
 0.74896
 0.82951
 0.75979
 0.7653
 0.75008
 0.74112
 0.79512
 0.77288
 0.8078
 0.84348
 0.78709
 0.80436
 0.8033400000000001
 0.83111
 0.838
 0.8454700000000001
 0.84367
 0.83509
 0.9398300000000001
 0
 0
 0
 0
 0
 0
 0
 0
 0
 0
 0
 0
 0
 0
 0
 0
 0
 0
 0
 0
 0
 0
 0
 0
 0
 0
 0
 0
 0
 0
 0
 0
 0
 0
 0
 0
 0
 0
 0
 0
 0
 0
 0
 0
 0
 0
 0
 0
 0
 0
 0
 0
 0
 0
 0
 0
 0
 0
 0
 0
 0
 0
 0
 0
 0
 0
 0
 0
 0
 0
 0
 0
 0
 0
 0
 0
 0
 0
 0
 0
 0
 0
 0
 0
 0
 0
 0
 0
 0
 0
 0
 0
 0
 0
 0
 0
 0
 0
 0
 0
 0
 0
 0
 0
 0
 0
 0
 0
 0
 0
 0
 0
 0
 0
 0
 0
 0
 0
 0
 0
 0
 0
 0
 0
 0
 0
 0
 0
 0
 0
 0
 0
 0
 0
 0
 0
 0
 0
 0
 0
 0
 0
 0
 0
 0
 0
 0
 0
 0
 0
 0
 0
 0.99998
 1
 1
 1
 1
 1
 1
 1
 0.9981
 0.9990599999999999
 0.99102
 0.98899
 0.97826
 0.9691
 0.97329
 0.97942
 0.9700800000000001
 0.96902
 0.96844
 0.96061
 0.96814
 0.96075
 0.95955
 0.95278
 0.94826
 0.9480499999999999
 0.95039
 0.95316
 0
 0
 0
 0
 0
 0
 0
 0
 0
 0
 0
 0
 0
 0
 0
 0
 0
 0
 0
 0
 0
 0
 0
 0
 0
 0
 0
 0
 0
 0
 0
 0
 0
 0
 0
 0
 0
 0
 0
 0
 0
 0
 0
 0
 0
 0
 0
 0
 0
 0
 0
 0
 0
 0
 0
 0
 0
 0
 0
 0


