# Created by Octave 4.0.0, Sat Nov 21 16:31:11 2015 W. Europe Standard Time <unknown@Florian-PC>
# name: mus
# type: matrix
# ndims: 3
 1 30 19
 0
 0
 0.86132
 0.84197
 0.91381
 0.94054
 0.92398
 0.95386
 0.94403
 0.9579800000000001
 0.94662
 0.95539
 0.95652
 0.94202
 0.94768
 0.94426
 0.9557099999999999
 0.95328
 0.94904
 0.94153
 0.9507100000000001
 0.95286
 0.9464900000000001
 0.95238
 0.95319
 0.9607
 0.96044
 0.95918
 0.95298
 0.95726
 0
 0
 0.66667
 1
 0.4
 0.4
 0.4
 0.5
 0.4
 0.6
 0.3
 0.46667
 0.6333299999999999
 0.6333299999999999
 0.66667
 0.8833299999999999
 0.6
 0.53333
 0.6166700000000001
 0.6
 0.72
 0.78
 0.84
 0.83
 0.8
 0.69333
 0.66667
 0.70667
 0.73333
 0.8
 0
 0
 0.7406700000000001
 0.88295
 0.67497
 0.72397
 0.70817
 0.52128
 0.65339
 0.64167
 0.54834
 0.5427999999999999
 0.47127
 0.62117
 0.5606
 0.72195
 0.66248
 0.58333
 0.6379899999999999
 0.63042
 0.71158
 0.7221
 0.60345
 0.73358
 0.71091
 0.75208
 0.61692
 0.66142
 0.6306
 0.69209
 0
 0
 0.99407
 0.71556
 0.5364
 0.52025
 0.53708
 0.52705
 0.52475
 0.49567
 0.48634
 0.5336
 0.54474
 0.55277
 0.55938
 0.57735
 0.55439
 0.55408
 0.58338
 0.58395
 0.60743
 0.60386
 0.6046
 0.61395
 0.62653
 0.60245
 0.59044
 0.57791
 0.58553
 0.58523
 0
 0
 0.66667
 1
 0.4
 0.16667
 0.14286
 0.125
 0.44444
 0.3
 0.54545
 0.75
 0.69231
 0.77778
 0.8
 0.66667
 0
 1
 0
 1
 1
 1
 1
 0
 1
 1
 0
 1
 0
 0
 0
 0
 0.80604
 0.61894
 0.5966
 0.41994
 0.48848
 0.42514
 0.4925
 0.48363
 0.49211
 0.50893
 0.56912
 0.58835
 0.5878
 0.57574
 0.51831
 0.60606
 0.54899
 0.6823
 0.59574
 0.62463
 0.59345
 0.60056
 0.62647
 0.61333
 0.53834
 0.56895
 0.52919
 0.53751
 0
 0
 0.36788
 0.69141
 0.72438
 0.68811
 0.70867
 0.70401
 0.69128
 0.6944900000000001
 0.67036
 0.6849
 0.65812
 0.66437
 0.69289
 0.69712
 0.68258
 0.67881
 0.68238
 0.6989
 0.71591
 0.6893
 0.68799
 0.72689
 0.71218
 0.73728
 0.69323
 0.63984
 0.68953
 0.62213
 0
 0
 0.99444
 0.66927
 0.5583900000000001
 0.60654
 0.56768
 0.53005
 0.51602
 0.49542
 0.49043
 0.5115499999999999
 0.52927
 0.52948
 0.56374
 0.5831499999999999
 0.55593
 0.5590000000000001
 0.58009
 0.58053
 0.61294
 0.60399
 0.6045199999999999
 0.6116200000000001
 0.62979
 0.61115
 0.59406
 0.58678
 0.58065
 0.5963000000000001
 0
 0
 0.99999
 1
 1
 1
 1
 1
 1
 1
 1
 0.99792
 0.99526
 0.995
 0.98043
 0.9683
 0.96997
 0.97117
 0.9683
 0.97598
 0.96124
 0.96308
 0.9500999999999999
 0.9536
 0.95813
 0.95024
 0.95399
 0.95553
 0.95017
 0.94983
 0
 0
 0.70392
 0.66096
 0.6503
 0.51015
 0.55402
 0.47875
 0.49555
 0.49284
 0.48304
 0.49644
 0.50904
 0.51653
 0.54925
 0.56876
 0.55311
 0.54731
 0.5694900000000001
 0.6081
 0.5926900000000001
 0.58895
 0.64439
 0.60265
 0.60956
 0.63004
 0.58053
 0.57317
 0.57411
 0.57867
 0
 0
 0.36788
 0.6984
 0.72212
 0.65872
 0.70706
 0.69895
 0.68202
 0.6836
 0.66637
 0.66691
 0.66356
 0.7067
 0.68329
 0.67814
 0.67438
 0.69048
 0.67395
 0.68254
 0.67969
 0.65201
 0.67291
 0.69149
 0.67517
 0.67999
 0.67238
 0.64116
 0.67422
 0.74491
 0
 0
 0
 0
 0
 0
 0
 0
 0
 0
 0
 0
 0
 0
 0
 0
 0
 0
 0
 0
 0
 0
 0
 0
 0
 0
 0
 0
 0
 0
 0
 0
 0
 0
 0
 0
 0
 0
 0
 0
 0
 0
 0
 0
 0
 0
 0
 0
 0
 0
 0
 0
 0
 0
 0
 0
 0
 0
 0
 0
 0
 0
 0
 0
 0
 0
 0
 0
 0
 0
 0
 0
 0
 0
 0
 0
 0
 0
 0
 0
 0
 0
 0
 0
 0
 0
 0
 0
 0
 0
 0
 0
 0
 0
 0
 0
 0
 0
 0
 0
 0
 0
 0
 0
 0
 0
 0
 0
 0
 0
 0
 0
 0
 0
 0
 0
 0
 0
 0
 0
 0
 0
 0
 0
 0
 0
 0
 0
 0
 0
 0
 0
 0
 0
 0
 0
 0
 0
 0
 0
 0
 0
 0
 0
 0
 0
 0
 0
 0
 0
 0
 0
 0.99999
 1
 1
 1
 1
 1
 1
 0.99753
 1
 1
 0.98782
 0.98971
 0.97893
 0.9715
 0.9715
 0.97549
 0.97136
 0.9706900000000001
 0.95026
 0.96302
 0.95552
 0.95834
 0.96752
 0.94925
 0.95724
 0.96299
 0.95067
 0.94453
 0
 0
 0
 0
 0
 0
 0
 0
 0
 0
 0
 0
 0
 0
 0
 0
 0
 0
 0
 0
 0
 0
 0
 0
 0
 0
 0
 0
 0
 0
 0
 0
 0
 0
 0
 0
 0
 0
 0
 0
 0
 0
 0
 0
 0
 0
 0
 0
 0
 0
 0
 0
 0
 0
 0
 0
 0
 0
 0
 0


