# Created by Octave 4.0.0, Sat Nov 21 16:31:03 2015 W. Europe Standard Time <unknown@Florian-PC>
# name: mus
# type: matrix
# ndims: 3
 1 30 19
 0
 0
 0.49875
 0.49833
 0.49791
 0.93802
 0.83849
 0.6325499999999999
 0.9331700000000001
 0.93529
 0.94495
 0.94529
 0.94482
 0.9458800000000001
 0.9443
 0.94341
 0.94454
 0.9436
 0.94403
 0.94068
 0.91061
 0.91835
 0.91409
 0.91837
 0.91745
 0.91639
 0.9173
 0.9177999999999999
 0.91452
 0.91538
 0
 0
 1
 1
 1
 0.6
 1
 0.9
 0.9
 0.7
 0.76667
 0.56667
 0.7
 0.93333
 1
 0.8833299999999999
 0.83333
 0.93333
 1
 1
 0.96
 0.95
 0.96
 0.95
 0.96
 0.96667
 0.93333
 0.92
 0.93333
 0.93333
 0
 0
 1
 1
 1
 0.80088
 0.89871
 0.92267
 0.76855
 0.83797
 0.81265
 0.84291
 0.90389
 0.87268
 0.89251
 0.9062
 0.8811
 0.90505
 0.93087
 0.93599
 0.92427
 0.90591
 0.92564
 0.94426
 0.95057
 0.96055
 0.94304
 0.9593699999999999
 0.94319
 0.9491000000000001
 0
 0
 1
 1
 1
 0.64988
 0.94608
 0.89112
 0.79547
 0.7836
 0.7698199999999999
 0.82212
 0.8522999999999999
 0.85922
 0.8690600000000001
 0.89278
 0.88915
 0.88881
 0.91249
 0.9367
 0.93028
 0.93723
 0.93697
 0.94402
 0.9474900000000001
 0.9509300000000001
 0.95091
 0.94836
 0.95021
 0.95228
 0
 0
 1
 1
 1
 0.5
 1
 1
 0.44444
 0.8
 1
 0.75
 0.84615
 0.77778
 1
 0.66667
 1
 1
 1
 1
 1
 1
 1
 1
 1
 1
 1
 1
 1
 1
 0
 0
 1
 1
 1
 0.60025
 0.94651
 0.95512
 0.67721
 0.78477
 0.90588
 0.7982900000000001
 0.88228
 0.84362
 0.89986
 0.84221
 0.94513
 0.88527
 0.91082
 0.9466
 0.91009
 0.96668
 0.97129
 0.98294
 0.97612
 0.97419
 0.96604
 0.97492
 0.92857
 0.97401
 0
 0
 1
 1
 1
 0.76964
 0.88762
 0.8174
 0.74915
 0.79713
 0.79274
 0.82391
 0.84689
 0.8717
 0.87302
 0.88503
 0.88141
 0.88811
 0.91922
 0.94718
 0.89459
 0.91747
 0.9405
 0.88585
 0.95216
 0.92637
 0.95411
 0.96974
 0.92494
 0.93037
 0
 0
 1
 1
 1
 0.6327700000000001
 0.88386
 0.77324
 0.74297
 0.76003
 0.7453
 0.75423
 0.79121
 0.8065600000000001
 0.79828
 0.83809
 0.85053
 0.83256
 0.85811
 0.87332
 0.87212
 0.87814
 0.87357
 0.87277
 0.8935
 0.88891
 0.90205
 0.89394
 0.9064
 0.90313
 0
 0
 0.99029
 0.94575
 0.91555
 0.9341
 0.88642
 0.91432
 0.9098000000000001
 0.9142400000000001
 0.93322
 0.9135
 0.92022
 0.90499
 0.91996
 0.91508
 0.89924
 0.90452
 0.90238
 0.90779
 0.90112
 0.90207
 0.91474
 0.9004799999999999
 0.9015300000000001
 0.9038
 0.8894
 0.89977
 0.90509
 0.8998699999999999
 0
 0
 1
 1
 1
 0.73883
 0.91349
 0.93391
 0.7135899999999999
 0.74703
 0.85475
 0.39546
 0.89359
 0.78315
 0.86951
 0.87107
 0.88796
 0.8986499999999999
 0.93544
 0.96471
 0.93359
 0.9377799999999999
 0.94876
 0.95296
 0.70751
 0.95596
 0.95378
 0.94909
 0.95347
 0.9591499999999999
 0
 0
 1
 1
 1
 0.83241
 0.87607
 0.80406
 0.74192
 0.75881
 0.82867
 0.73785
 0.90557
 0.88849
 0.92733
 0.8529600000000001
 0.59487
 0.88275
 0.84921
 0.86848
 0.87229
 0.86988
 0.94025
 0.632
 0.92139
 0.9647
 0.90549
 0.97
 0.97184
 0.95421
 0
 0
 0
 0
 0
 0
 0
 0
 0
 0
 0
 0
 0
 0
 0
 0
 0
 0
 0
 0
 0
 0
 0
 0
 0
 0
 0
 0
 0
 0
 0
 0
 0
 0
 0
 0
 0
 0
 0
 0
 0
 0
 0
 0
 0
 0
 0
 0
 0
 0
 0
 0
 0
 0
 0
 0
 0
 0
 0
 0
 0
 0
 0
 0
 0
 0
 0
 0
 0
 0
 0
 0
 0
 0
 0
 0
 0
 0
 0
 0
 0
 0
 0
 0
 0
 0
 0
 0
 0
 0
 0
 0
 0
 0
 0
 0
 0
 0
 0
 0
 0
 0
 0
 0
 0
 0
 0
 0
 0
 0
 0
 0
 0
 0
 0
 0
 0
 0
 0
 0
 0
 0
 0
 0
 0
 0
 0
 0
 0
 0
 0
 0
 0
 0
 0
 0
 0
 0
 0
 0
 0
 0
 0
 0
 0
 0
 0
 0
 0
 0
 0
 0
 0.9327800000000001
 0.96218
 0.9139699999999999
 0.93
 0.9061
 0.90402
 0.91527
 0.91212
 0.91298
 0.92953
 0.92227
 0.92354
 0.91211
 0.9109699999999999
 0.91375
 0.91056
 0.90127
 0.90557
 0.91387
 0.91122
 0.91465
 0.90465
 0.90303
 0.9035
 0.90403
 0.90032
 0.90207
 0.90373
 0
 0
 0
 0
 0
 0
 0
 0
 0
 0
 0
 0
 0
 0
 0
 0
 0
 0
 0
 0
 0
 0
 0
 0
 0
 0
 0
 0
 0
 0
 0
 0
 0
 0
 0
 0
 0
 0
 0
 0
 0
 0
 0
 0
 0
 0
 0
 0
 0
 0
 0
 0
 0
 0
 0
 0
 0
 0
 0
 0


# name: vars
# type: matrix
# ndims: 3
 1 30 19
 0
 0
 0.083122
 0.06375599999999999
 0.052727
 0.010169
 0.018951
 0.026864
 0.006723
 0.005862
 0.003982
 0.003991
 0.004074
 0.003047
 0.003012
 0.002801
 0.004402
 0.002896
 0.002937
 0.001679
 0.00446
 0.003772
 0.005079
 0.002529
 0.003159
 0.003176
 0.002861
 0.002529
 0.00327
 0.002506
 0
 0
 0
 0
 0
 0.3
 0
 0.05
 0.05
 0.2
 0.10556
 0.18889
 0.08889
 0.02222
 0
 0.02639
 0.02431
 0.02222
 0
 0
 0.008
 0.0125
 0.008
 0.0125
 0.008
 0.00556
 0.02222
 0.032
 0.02222
 0.02222
 0
 0
 0
 0
 0
 0
 0
 0
 0
 0
 0
 0
 0
 0
 0
 0
 0
 0
 0
 0
 0
 0
 0
 0
 0
 0
 0
 0
 0
 0
 0
 0
 0
 0
 0
 0.096025
 0.003678
 0.007998999999999999
 0.027084
 0.032803
 0.026079
 0.015
 0.013455
 0.011633
 0.009316
 0.007177
 0.006069
 0.005576
 0.003944
 0.002968
 0.002669
 0.002591
 0.002885
 0.002157
 0.001496
 0.001474
 0.001569
 0.001916
 0.002121
 0.001203
 0
 0
 0.009119
 0.009197
 0.005749
 0.01413
 0.014779
 0.012297
 0.013858
 0.011466
 0.014677
 0.011607
 0.015351
 0.012313
 0.011159
 0.013727
 0.013186
 0.011799
 0.012184
 0.012157
 0.012327
 0.012465
 0.010809
 0.012853
 0.016565
 0.01165
 0.012033
 0.011901
 0.013481
 0.013447
 0
 0
 0
 0
 0
 0
 0
 0
 0
 0
 0
 0
 0
 0
 0
 0
 0
 0
 0
 0
 0
 0
 0
 0
 0
 0
 0
 0
 0
 0
 0
 0
 0
 0
 0
 0
 0
 0
 0
 0
 0
 0
 0
 0
 0
 0
 0
 0
 0
 0
 0
 0
 0
 0
 0
 0
 0
 0
 0
 0
 0
 0
 0
 0
 0
 0.061826
 0.017196
 0.024856
 0.023086
 0.024538
 0.01801
 0.016419
 0.020202
 0.016742
 0.01906
 0.014939
 0.01246
 0.018239
 0.018428
 0.016298
 0.015398
 0.015376
 0.018494
 0.020187
 0.015213
 0.01771
 0.013879
 0.014187
 0.014442
 0.014102
 0
 0
 0.000333
 0.007875
 0.014107
 0.010462
 0.017162
 0.013429
 0.016049
 0.010374
 0.010651
 0.015412
 0.013498
 0.015601
 0.01155
 0.010462
 0.013887
 0.014152
 0.014839
 0.0117
 0.013142
 0.012418
 0.012205
 0.012803
 0.01355
 0.013082
 0.015101
 0.013127
 0.012021
 0.013028
 0
 0
 0
 0
 0
 0
 0
 0
 0
 0
 0
 0
 0
 0
 0
 0
 0
 0
 0
 0
 0
 0
 0
 0
 0
 0
 0
 0
 0
 0
 0
 0
 0
 0
 0
 0
 0
 0
 0
 0
 0
 0
 0
 0
 0
 0
 0
 0
 0
 0
 0
 0
 0
 0
 0
 0
 0
 0
 0
 0
 0
 0
 0
 0
 0
 0
 0
 0
 0
 0
 0
 0
 0
 0
 0
 0
 0
 0
 0
 0
 0
 0
 0
 0
 0
 0
 0
 0
 0
 0
 0
 0
 0
 0
 0
 0
 0
 0
 0
 0
 0
 0
 0
 0
 0
 0
 0
 0
 0
 0
 0
 0
 0
 0
 0
 0
 0
 0
 0
 0
 0
 0
 0
 0
 0
 0
 0
 0
 0
 0
 0
 0
 0
 0
 0
 0
 0
 0
 0
 0
 0
 0
 0
 0
 0
 0
 0
 0
 0
 0
 0
 0
 0
 0
 0
 0
 0
 0
 0
 0
 0
 0
 0
 0
 0
 0
 0
 0
 0
 0
 0
 0
 0
 0
 0
 0
 0
 0
 0
 0
 0
 0
 0
 0
 0
 0
 0
 0
 0
 0
 0
 0
 0
 0
 0
 0
 0
 0
 0
 0
 0
 0
 0
 0
 0
 0
 0
 0
 0
 0
 0
 0
 0.013916
 0.003525
 0.0118
 0.012
 0.017021
 0.012595
 0.010702
 0.012156
 0.014162
 0.012667
 0.012066
 0.013054
 0.013181
 0.012338
 0.012265
 0.012593
 0.01362
 0.0149
 0.011781
 0.012124
 0.011069
 0.013283
 0.013752
 0.013471
 0.01167
 0.012417
 0.0134
 0.012809
 0
 0
 0
 0
 0
 0
 0
 0
 0
 0
 0
 0
 0
 0
 0
 0
 0
 0
 0
 0
 0
 0
 0
 0
 0
 0
 0
 0
 0
 0
 0
 0
 0
 0
 0
 0
 0
 0
 0
 0
 0
 0
 0
 0
 0
 0
 0
 0
 0
 0
 0
 0
 0
 0
 0
 0
 0
 0
 0
 0


