# Created by Octave 4.0.0, Sat Nov 21 16:31:07 2015 W. Europe Standard Time <unknown@Florian-PC>
# name: mus
# type: matrix
# ndims: 3
 1 30 19
 0
 0
 0.73183
 0.8286
 0.52134
 0.52513
 0.51573
 0.51007
 0.51211
 0.50924
 0.84821
 0.87205
 0.87458
 0.87882
 0.88608
 0.88936
 0.90168
 0.90741
 0.91312
 0.90847
 0.9081
 0.91246
 0.9306
 0.92772
 0.8825499999999999
 0.8829399999999999
 0.8819399999999999
 0.94898
 0.95038
 0.94957
 0
 0
 0.66667
 1
 1
 1
 1
 1
 1
 1
 0.9
 0.8
 0.8666700000000001
 1
 0.8666700000000001
 0.8666700000000001
 1
 1
 1
 1
 1
 1
 1
 1
 1
 1
 1
 0.96667
 0.96667
 0.96667
 0
 0
 0.71811
 0.94014
 0.92704
 0.92152
 0.91825
 0.92309
 0.93592
 0.96909
 0.96288
 0.97729
 0.99424
 0.96939
 0.98194
 0.98503
 0.9933999999999999
 0.99575
 0.99393
 0.9986
 1
 0.99202
 0.99873
 1
 1
 1
 0.99903
 0.97228
 0.9731
 0.97824
 0
 0
 0.77778
 0.9762
 0.99
 0.95718
 1
 0.98364
 0.98534
 0.99192
 0.9593699999999999
 0.9926
 0.99704
 0.9974499999999999
 0.99778
 0.99986
 1
 0.99988
 0.99959
 1
 1
 1
 1
 1
 1
 1
 1
 0.97772
 0.97567
 0.98369
 0
 0
 0.66667
 1
 1
 1
 1
 1
 1
 1
 0.81818
 1
 1
 1
 1
 1
 1
 1
 1
 1
 1
 1
 1
 1
 1
 1
 1
 1
 1
 1
 0
 0
 1
 1.19048
 1.2
 1.06667
 1.06667
 1.07857
 1.0129
 1.02163
 0.89445
 1.01768
 0.99895
 1.00496
 0.99504
 1.00629
 1
 1
 1
 1
 1
 1
 1
 1
 1
 1
 1
 1.03152
 0.875
 1
 0
 0
 0.57859
 0.75391
 0.87152
 0.90725
 0.84299
 0.91325
 0.9244
 0.98572
 0.94806
 0.97034
 0.95273
 0.9824000000000001
 0.98137
 0.97154
 0.99826
 1.00252
 0.9999
 0.99702
 0.99598
 0.99699
 1.00027
 0.99392
 0.99442
 0.9992
 0.99496
 0.96579
 0.9789600000000001
 0.9737
 0
 0
 0.77778
 0.85098
 0.97667
 0.92066
 0.97428
 0.95183
 0.9668099999999999
 0.98143
 0.98094
 0.98195
 0.9835199999999999
 0.98258
 0.98691
 0.9886
 1
 0.99812
 0.99482
 1
 1
 1
 1
 1
 1
 1
 1
 0.98142
 0.98033
 0.97723
 0
 0
 1
 1
 1
 1
 1
 1
 1
 1
 1
 1
 1
 1
 1
 1
 1
 1
 1
 1
 1
 1
 1
 1
 1
 1
 1
 1
 1
 1
 0
 0
 1
 1.0965
 1.18769
 1.0038
 1.07193
 1.09649
 1.04447
 0.98742
 0.92935
 0.9962
 0.99893
 0.98882
 0.97825
 0.98588
 1
 1
 1
 1
 1
 1
 1
 1
 1
 1
 1
 0.8817199999999999
 0.87604
 1
 0
 0
 0.57859
 0.76752
 0.77615
 0.95823
 0.87688
 0.83682
 1.03733
 1.08889
 0.99494
 0.9153
 0.99373
 0.9766899999999999
 1.09173
 0.96352
 1.04969
 0.99638
 1.09763
 0.99968
 1.02645
 0.99039
 0.99586
 1.0028
 0.99316
 1.01473
 0.99976
 0.98072
 0.98704
 0.99432
 0
 0
 0
 0
 0
 0
 0
 0
 0
 0
 0
 0
 0
 0
 0
 0
 0
 0
 0
 0
 0
 0
 0
 0
 0
 0
 0
 0
 0
 0
 0
 0
 0
 0
 0
 0
 0
 0
 0
 0
 0
 0
 0
 0
 0
 0
 0
 0
 0
 0
 0
 0
 0
 0
 0
 0
 0
 0
 0
 0
 0
 0
 0
 0
 0
 0
 0
 0
 0
 0
 0
 0
 0
 0
 0
 0
 0
 0
 0
 0
 0
 0
 0
 0
 0
 0
 0
 0
 0
 0
 0
 0
 0
 0
 0
 0
 0
 0
 0
 0
 0
 0
 0
 0
 0
 0
 0
 0
 0
 0
 0
 0
 0
 0
 0
 0
 0
 0
 0
 0
 0
 0
 0
 0
 0
 0
 0
 0
 0
 0
 0
 0
 0
 0
 0
 0
 0
 0
 0
 0
 0
 0
 0
 0
 0
 0
 0
 0
 0
 0
 0
 0
 1
 1
 1
 1
 1
 1
 1
 1
 1
 1
 1
 1
 1
 1
 1
 1
 1
 1
 1
 1
 1
 1
 1
 1
 1
 1
 1
 1
 0
 0
 0
 0
 0
 0
 0
 0
 0
 0
 0
 0
 0
 0
 0
 0
 0
 0
 0
 0
 0
 0
 0
 0
 0
 0
 0
 0
 0
 0
 0
 0
 0
 0
 0
 0
 0
 0
 0
 0
 0
 0
 0
 0
 0
 0
 0
 0
 0
 0
 0
 0
 0
 0
 0
 0
 0
 0
 0
 0


# name: vars
# type: matrix
# ndims: 3
 1 30 19
 0
 0
 0.06442000000000001
 0.034071
 0.04824
 0.042575
 0.033348
 0.034104
 0.028027
 0.024066
 0.010722
 0.008123
 0.007766
 0.008565
 0.005373
 0.006694
 0.006692
 0.00478
 0.002874
 0.003979
 0.003714
 0.003809
 0.002317
 0.002805
 0.004202
 0.003679
 0.003829
 0.001751
 0.001549
 0.001279
 0
 0
 0.33333
 0
 0
 0
 0
 0
 0
 0
 0.05
 0.2
 0.08889
 0
 0.08889
 0.08889
 0
 0
 0
 0
 0
 0
 0
 0
 0
 0
 0
 0.00556
 0.00556
 0.00556
 0
 0
 0
 0
 0
 0
 0
 0
 0
 0
 0
 0
 0
 0
 0
 0
 0
 0
 0
 0
 0
 0
 0
 0
 0
 0
 0
 0
 0
 0
 0
 0
 0.19444
 0.0005999999999999999
 0.0025
 0.00878
 0
 0.00472
 0.00315
 0.00184
 0.008500000000000001
 0.00149
 0.00074
 0.00063
 0.00055
 0
 0
 0
 2e-005
 0
 0
 0
 0
 0
 0
 0
 0
 0.00409
 0.00483
 0.00279
 0
 0
 0
 0
 0
 0
 0
 0
 0
 0
 0
 0
 0
 0
 0
 0
 0
 0
 0
 0
 0
 0
 0
 0
 0
 0
 0
 0
 0
 0
 0
 0
 0
 0
 0
 0
 0
 0
 0
 0
 0
 0
 0
 0
 0
 0
 0
 0
 0
 0
 0
 0
 0
 0
 0
 0
 0
 0
 0
 0
 0
 0
 0
 0
 0
 0
 0
 0
 0
 0
 0
 0
 0
 0
 0
 0
 0
 0
 0
 0
 0
 0
 0
 0
 0
 0
 0
 0
 0
 0
 0
 0
 0.19444
 0.02369
 0.01361
 0.02238
 0.00587
 0.00902
 0.00681
 0.00565
 0.00247
 0.00216
 0.00229
 0.00304
 0.00293
 0.00287
 0
 0.00115
 0.00321
 0
 0
 0
 0
 0
 0
 0
 0
 0.00214
 0.00226
 0.00287
 0
 0
 0
 0
 0
 0
 0
 0
 0
 0
 0
 0
 0
 0
 0
 0
 0
 0
 0
 0
 0
 0
 0
 0
 0
 0
 0
 0
 0
 0
 0
 0
 0
 0
 0
 0
 0
 0
 0
 0
 0
 0
 0
 0
 0
 0
 0
 0
 0
 0
 0
 0
 0
 0
 0
 0
 0
 0
 0
 0
 0
 0
 0
 0
 0
 0
 0
 0
 0
 0
 0
 0
 0
 0
 0
 0
 0
 0
 0
 0
 0
 0
 0
 0
 0
 0
 0
 0
 0
 0
 0
 0
 0
 0
 0
 0
 0
 0
 0
 0
 0
 0
 0
 0
 0
 0
 0
 0
 0
 0
 0
 0
 0
 0
 0
 0
 0
 0
 0
 0
 0
 0
 0
 0
 0
 0
 0
 0
 0
 0
 0
 0
 0
 0
 0
 0
 0
 0
 0
 0
 0
 0
 0
 0
 0
 0
 0
 0
 0
 0
 0
 0
 0
 0
 0
 0
 0
 0
 0
 0
 0
 0
 0
 0
 0
 0
 0
 0
 0
 0
 0
 0
 0
 0
 0
 0
 0
 0
 0
 0
 0
 0
 0
 0
 0
 0
 0
 0
 0
 0
 0
 0
 0
 0
 0
 0
 0
 0
 0
 0
 0
 0
 0
 0
 0
 0
 0
 0
 0
 0
 0
 0
 0
 0
 0
 0
 0
 0
 0
 0
 0
 0
 0
 0
 0
 0
 0
 0
 0
 0
 0
 0
 0
 0
 0
 0
 0
 0
 0
 0
 0
 0
 0
 0
 0
 0
 0
 0
 0
 0
 0
 0
 0
 0
 0
 0
 0
 0
 0
 0
 0
 0
 0
 0
 0
 0
 0
 0
 0
 0
 0
 0
 0
 0
 0
 0
 0
 0
 0
 0
 0
 0
 0
 0
 0
 0
 0
 0
 0
 0
 0
 0
 0
 0
 0
 0
 0
 0
 0
 0
 0
 0
 0
 0
 0
 0
 0
 0
 0
 0
 0
 0
 0
 0
 0
 0
 0
 0
 0
 0
 0
 0
 0
 0
 0
 0
 0
 0
 0
 0


