# Created by Octave 4.0.0, Sat Nov 21 16:31:06 2015 W. Europe Standard Time <unknown@Florian-PC>
# name: mus
# type: matrix
# ndims: 3
 1 30 19
 0
 0
 0.8178800000000001
 0.89047
 0.89372
 0.9062
 0.91395
 0.92198
 0.93233
 0.83361
 0.81902
 0.63889
 0.6528
 0.6437
 0.66582
 0.61824
 0.72681
 0.7289600000000001
 0.7232
 0.72797
 0.71846
 0.72461
 0.7385
 0.7381
 0.73021
 0.7291
 0.72643
 0.95564
 0.95405
 0.95556
 0
 0
 0.33333
 0.5
 0.6
 0.6
 0.6
 0.9
 0.9
 0.9
 1
 0.9
 0.93333
 0.93333
 0.93333
 0.93333
 0.8833299999999999
 0.95
 1
 0.95
 0.95
 0.96
 1
 1
 1
 1
 1
 0.96667
 0.93333
 0.9
 0
 0
 0.58444
 0.63778
 0.57786
 0.73336
 0.77454
 0.82933
 0.89001
 0.82043
 0.89064
 0.88796
 0.92593
 0.92437
 0.92816
 0.92481
 0.94414
 0.92964
 0.94095
 0.93738
 0.93719
 0.94713
 0.98385
 0.9749100000000001
 0.98172
 0.9700800000000001
 0.96907
 0.94506
 0.97585
 0.97067
 0
 0
 0.33335
 0.66321
 0.69668
 0.7563800000000001
 0.80683
 0.88718
 0.85714
 0.9009200000000001
 0.86474
 0.9468800000000001
 0.94011
 0.94445
 0.95527
 0.95116
 0.97575
 0.9643
 0.96795
 0.96224
 0.9754699999999999
 0.9750799999999999
 0.99787
 0.99632
 0.99847
 0.99968
 0.99958
 0.97821
 0.99659
 0.99938
 0
 0
 0.33333
 0.25
 0.4
 0.83333
 0.71429
 0.875
 0.66667
 0.9
 1
 1
 0.92308
 0.88889
 0.6
 1
 1
 1
 1
 1
 1
 1
 1
 1
 1
 1
 1
 1
 1
 1
 0
 0
 0.41668
 0.44445
 0.61668
 0.84167
 0.72679
 0.86607
 0.7733100000000001
 0.90893
 1.02576
 1.01086
 0.9252899999999999
 0.92075
 0.83858
 1.03912
 1.03846
 1.02564
 1.04054
 1.05319
 1.00862
 0.7430600000000001
 1.01136
 1.01786
 1
 1
 1
 1
 1
 1
 0
 0
 0.78929
 0.6718
 0.81145
 0.80867
 0.79776
 0.86564
 1.06614
 0.87238
 0.8536899999999999
 0.88397
 0.94181
 0.94878
 0.93227
 0.9596
 0.95033
 0.92703
 0.92009
 0.96214
 0.93282
 0.94487
 0.96791
 0.97527
 0.99953
 0.97018
 0.96759
 0.95902
 0.95208
 0.96073
 0
 0
 0.33335
 0.69487
 0.64214
 0.73236
 0.87072
 0.86271
 0.85839
 0.87678
 0.9020899999999999
 0.89247
 0.94708
 0.94109
 0.95411
 0.96987
 0.9726900000000001
 0.97257
 0.96579
 0.97021
 0.96879
 0.97528
 0.99082
 0.99012
 0.99411
 0.9976
 0.99616
 0.97666
 0.98915
 0.9935
 0
 0
 1
 1
 1
 1
 1
 1
 1
 1
 1
 1
 1
 1
 1
 1
 1
 1
 1
 1
 1
 1
 1
 1
 1
 1
 1
 1
 1
 1
 0
 0
 0.41668
 0.48531
 0.64167
 0.75493
 0.74147
 0.78781
 0.8061199999999999
 0.82453
 0.8736
 0.94004
 0.90613
 0.93044
 0.95491
 0.92114
 0.9234
 0.94534
 1.10019
 1.11841
 0.9813499999999999
 0.9724699999999999
 1.06462
 0.95974
 1
 1
 1
 1
 1
 1
 0
 0
 0.78929
 0.71697
 0.83287
 0.79133
 0.82884
 0.84955
 0.98304
 0.8603
 0.83641
 0.89496
 1.0563
 0.96989
 1.00089
 0.97993
 0.93263
 0.98434
 0.94389
 0.98051
 0.93358
 0.9473
 0.9624200000000001
 0.97836
 0.96685
 0.95105
 1.01147
 0.97712
 0.95644
 1.00171
 0
 0
 0
 0
 0
 0
 0
 0
 0
 0
 0
 0
 0
 0
 0
 0
 0
 0
 0
 0
 0
 0
 0
 0
 0
 0
 0
 0
 0
 0
 0
 0
 0
 0
 0
 0
 0
 0
 0
 0
 0
 0
 0
 0
 0
 0
 0
 0
 0
 0
 0
 0
 0
 0
 0
 0
 0
 0
 0
 0
 0
 0
 0
 0
 0
 0
 0
 0
 0
 0
 0
 0
 0
 0
 0
 0
 0
 0
 0
 0
 0
 0
 0
 0
 0
 0
 0
 0
 0
 0
 0
 0
 0
 0
 0
 0
 0
 0
 0
 0
 0
 0
 0
 0
 0
 0
 0
 0
 0
 0
 0
 0
 0
 0
 0
 0
 0
 0
 0
 0
 0
 0
 0
 0
 0
 0
 0
 0
 0
 0
 0
 0
 0
 0
 0
 0
 0
 0
 0
 0
 0
 0
 0
 0
 0
 0
 0
 0
 0
 0
 0
 0
 1
 1
 1
 1
 1
 1
 1
 1
 1
 1
 1
 1
 1
 1
 1
 1
 1
 1
 1
 1
 1
 1
 1
 1
 1
 1
 1
 1
 0
 0
 0
 0
 0
 0
 0
 0
 0
 0
 0
 0
 0
 0
 0
 0
 0
 0
 0
 0
 0
 0
 0
 0
 0
 0
 0
 0
 0
 0
 0
 0
 0
 0
 0
 0
 0
 0
 0
 0
 0
 0
 0
 0
 0
 0
 0
 0
 0
 0
 0
 0
 0
 0
 0
 0
 0
 0
 0
 0


# name: vars
# type: matrix
# ndims: 3
 1 30 19
 0
 0
 0.048267
 0.022988
 0.017397
 0.014445
 0.0126
 0.009391
 0.007077
 0.01242
 0.012779
 0.0214
 0.017185
 0.022412
 0.013618
 0.012582
 0.009636
 0.018662
 0.010122
 0.009334
 0.008688
 0.006777
 0.008638
 0.008030000000000001
 0.006989
 0.008939000000000001
 0.005692
 0.002102
 0.001253
 0.001423
 0
 0
 0.33333
 0.33333
 0.3
 0.3
 0.175
 0.05
 0.05
 0.05
 0
 0.05
 0.02222
 0.02222
 0.02222
 0.02222
 0.02639
 0.0125
 0
 0.0125
 0.0125
 0.008
 0
 0
 0
 0
 0
 0.00556
 0.02222
 0.05
 0
 0
 0
 0
 0
 0
 0
 0
 0
 0
 0
 0
 0
 0
 0
 0
 0
 0
 0
 0
 0
 0
 0
 0
 0
 0
 0
 0
 0
 0
 0
 0
 0.15625
 0.10101
 0.0557
 0.04825
 0.0435
 0.02835
 0.03323
 0.02522
 0.03149
 0.01176
 0.01314
 0.01118
 0.00949
 0.01014
 0.00439
 0.00674
 0.00581
 0.0066
 0.00418
 0.00446
 0.00023
 0.00055
 0.00017
 4e-005
 4e-005
 0.00356
 0.00042
 6e-005
 0
 0
 0
 0
 0
 0
 0
 0
 0
 0
 0
 0
 0
 0
 0
 0
 0
 0
 0
 0
 0
 0
 0
 0
 0
 0
 0
 0
 0
 0
 0
 0
 0
 0
 0
 0
 0
 0
 0
 0
 0
 0
 0
 0
 0
 0
 0
 0
 0
 0
 0
 0
 0
 0
 0
 0
 0
 0
 0
 0
 0
 0
 0
 0
 0
 0
 0
 0
 0
 0
 0
 0
 0
 0
 0
 0
 0
 0
 0
 0
 0
 0
 0
 0
 0
 0
 0
 0
 0
 0
 0
 0
 0.15625
 0.0837
 0.0357
 0.03633
 0.01982
 0.01102
 0.01474
 0.02044
 0.01285
 0.02352
 0.00915
 0.01399
 0.01075
 0.00752
 0.00686
 0.00881
 0.00695
 0.00684
 0.00644
 0.0043
 0.00234
 0.00208
 0.00108
 0.00023
 0.00072
 0.00318
 0.00356
 0.00313
 0
 0
 0
 0
 0
 0
 0
 0
 0
 0
 0
 0
 0
 0
 0
 0
 0
 0
 0
 0
 0
 0
 0
 0
 0
 0
 0
 0
 0
 0
 0
 0
 0
 0
 0
 0
 0
 0
 0
 0
 0
 0
 0
 0
 0
 0
 0
 0
 0
 0
 0
 0
 0
 0
 0
 0
 0
 0
 0
 0
 0
 0
 0
 0
 0
 0
 0
 0
 0
 0
 0
 0
 0
 0
 0
 0
 0
 0
 0
 0
 0
 0
 0
 0
 0
 0
 0
 0
 0
 0
 0
 0
 0
 0
 0
 0
 0
 0
 0
 0
 0
 0
 0
 0
 0
 0
 0
 0
 0
 0
 0
 0
 0
 0
 0
 0
 0
 0
 0
 0
 0
 0
 0
 0
 0
 0
 0
 0
 0
 0
 0
 0
 0
 0
 0
 0
 0
 0
 0
 0
 0
 0
 0
 0
 0
 0
 0
 0
 0
 0
 0
 0
 0
 0
 0
 0
 0
 0
 0
 0
 0
 0
 0
 0
 0
 0
 0
 0
 0
 0
 0
 0
 0
 0
 0
 0
 0
 0
 0
 0
 0
 0
 0
 0
 0
 0
 0
 0
 0
 0
 0
 0
 0
 0
 0
 0
 0
 0
 0
 0
 0
 0
 0
 0
 0
 0
 0
 0
 0
 0
 0
 0
 0
 0
 0
 0
 0
 0
 0
 0
 0
 0
 0
 0
 0
 0
 0
 0
 0
 0
 0
 0
 0
 0
 0
 0
 0
 0
 0
 0
 0
 0
 0
 0
 0
 0
 0
 0
 0
 0
 0
 0
 0
 0
 0
 0
 0
 0
 0
 0
 0
 0
 0
 0
 0
 0
 0
 0
 0
 0
 0
 0
 0
 0
 0
 0
 0
 0
 0
 0
 0
 0
 0
 0
 0
 0
 0
 0
 0
 0
 0
 0
 0
 0
 0
 0
 0
 0
 0
 0
 0
 0
 0
 0
 0
 0
 0
 0
 0
 0
 0
 0
 0
 0
 0
 0
 0
 0
 0
 0
 0
 0
 0
 0
 0
 0
 0
 0
 0
 0


