# Created by Octave 4.0.0, Sat Nov 21 16:31:26 2015 W. Europe Standard Time <unknown@Florian-PC>
# name: mus
# type: matrix
# ndims: 3
 1 30 19
 0
 0
 0.81704
 0.50334
 0.65272
 0.6608000000000001
 0.6212800000000001
 0.62164
 0.62322
 0.65378
 0.65221
 0.64478
 0.64423
 0.69176
 0.68354
 0.70608
 0.6996599999999999
 0.70244
 0.72737
 0.72458
 0.71094
 0.7188600000000001
 0.70527
 0.71684
 0.72426
 0.73077
 0.72075
 0.72619
 0.72032
 0.7265
 0
 0
 0.33333
 1
 0.6
 0.4
 0.6
 0.7
 0.8
 0.9
 0.66667
 0.8
 0.73333
 0.56667
 0.6
 0.55
 0.66667
 0.65
 0.51667
 0.6
 0.67
 0.63
 0.7
 0.62
 0.6
 0.61333
 0.70667
 0.71333
 0.65333
 0.66667
 0
 0
 0.54617
 0.8351
 0.66743
 0.69475
 0.63318
 0.788
 0.77177
 0.81013
 0.7561099999999999
 0.80562
 0.76149
 0.71011
 0.76852
 0.75177
 0.72494
 0.76451
 0.71878
 0.68935
 0.68654
 0.71253
 0.73914
 0.76257
 0.71406
 0.7396
 0.69442
 0.6801
 0.74059
 0.69689
 0
 0
 0.41668
 0.99108
 0.83167
 0.78646
 0.80257
 0.84083
 0.88805
 0.85215
 0.8696700000000001
 0.8847699999999999
 0.8710599999999999
 0.7136400000000001
 0.72898
 0.76501
 0.73403
 0.75132
 0.66626
 0.69071
 0.74404
 0.72353
 0.79072
 0.77589
 0.66225
 0.70727
 0.72667
 0.70908
 0.65463
 0.66805
 0
 0
 0
 1
 0.6
 0.66667
 0.85714
 0.5
 0.88889
 0.9
 0.81818
 0.91667
 0.84615
 0.22222
 0.4
 0.33333
 1
 1
 1
 1
 1
 1
 1
 0
 1
 0
 1
 1
 1
 1
 0
 0
 0.25004
 1.19048
 0.775
 0.68333
 0.92262
 0.7089299999999999
 0.95734
 0.9841299999999999
 0.88864
 0.9548
 0.8596200000000001
 0.55298
 0.59476
 0.60716
 0.88066
 0.89779
 0.7907
 0.6565299999999999
 0.79179
 0.9360000000000001
 0.97561
 0.51193
 1.01148
 0.50003
 0.85582
 0.58334
 0.60668
 0.79708
 0
 0
 0.78929
 0.96169
 0.64881
 0.78265
 0.82116
 0.83692
 0.81867
 0.7042
 0.72876
 0.8007300000000001
 0.82264
 0.6916600000000001
 0.7753100000000001
 0.72612
 0.7660400000000001
 0.76854
 0.7149799999999999
 0.79289
 0.82223
 0.73521
 0.7785300000000001
 0.77572
 0.75297
 0.7743
 0.68652
 0.7473
 0.72046
 0.72951
 0
 0
 0.41668
 0.94429
 0.76203
 0.79229
 0.78007
 0.82863
 0.81009
 0.8210499999999999
 0.77235
 0.85546
 0.81189
 0.74876
 0.76285
 0.7738
 0.74194
 0.7658199999999999
 0.66523
 0.69048
 0.73928
 0.7295199999999999
 0.77745
 0.74766
 0.66259
 0.7204700000000001
 0.71406
 0.72739
 0.68632
 0.70778
 0
 0
 1
 1
 1
 1
 1
 1
 1
 1
 1
 1
 1
 1
 1
 1
 1
 1
 1
 1
 1
 1
 1
 1
 1
 1
 1
 1
 1
 1
 0
 0
 0.25004
 1.0965
 0.86077
 0.64525
 0.93935
 0.91994
 0.9839
 0.89673
 0.7779700000000001
 0.82855
 0.79271
 0.68576
 0.67266
 0.71232
 0.69931
 0.72578
 0.70574
 0.64106
 0.7003
 0.76467
 0.82855
 0.86056
 0.75804
 0.8283
 0.73888
 0.98304
 0.01882
 0.74815
 0
 0
 0.78929
 0.96169
 0.58246
 0.83186
 0.86
 0.99633
 0.78798
 0.7311299999999999
 0.75008
 0.76629
 0.8034
 0.86687
 0.71827
 0.92933
 0.8967000000000001
 0.78379
 0.75206
 0.81123
 0.8225
 0.76603
 0.84161
 0.74913
 0.78657
 0.83373
 0.7224699999999999
 0.70086
 0.78751
 0.7897
 0
 0
 0
 0
 0
 0
 0
 0
 0
 0
 0
 0
 0
 0
 0
 0
 0
 0
 0
 0
 0
 0
 0
 0
 0
 0
 0
 0
 0
 0
 0
 0
 0
 0
 0
 0
 0
 0
 0
 0
 0
 0
 0
 0
 0
 0
 0
 0
 0
 0
 0
 0
 0
 0
 0
 0
 0
 0
 0
 0
 0
 0
 0
 0
 0
 0
 0
 0
 0
 0
 0
 0
 0
 0
 0
 0
 0
 0
 0
 0
 0
 0
 0
 0
 0
 0
 0
 0
 0
 0
 0
 0
 0
 0
 0
 0
 0
 0
 0
 0
 0
 0
 0
 0
 0
 0
 0
 0
 0
 0
 0
 0
 0
 0
 0
 0
 0
 0
 0
 0
 0
 0
 0
 0
 0
 0
 0
 0
 0
 0
 0
 0
 0
 0
 0
 0
 0
 0
 0
 0
 0
 0
 0
 0
 0
 0
 0
 0
 0
 0
 0
 0
 1
 1
 1
 1
 1
 1
 1
 1
 1
 1
 1
 1
 1
 1
 1
 1
 1
 1
 1
 1
 1
 1
 1
 1
 1
 1
 1
 1
 0
 0
 0
 0
 0
 0
 0
 0
 0
 0
 0
 0
 0
 0
 0
 0
 0
 0
 0
 0
 0
 0
 0
 0
 0
 0
 0
 0
 0
 0
 0
 0
 0
 0
 0
 0
 0
 0
 0
 0
 0
 0
 0
 0
 0
 0
 0
 0
 0
 0
 0
 0
 0
 0
 0
 0
 0
 0
 0
 0


# name: vars
# type: matrix
# ndims: 3
 1 30 19
 0
 0
 0.049915
 0.064167
 0.049142
 0.041352
 0.028646
 0.036095
 0.028214
 0.021829
 0.026912
 0.014255
 0.022714
 0.017796
 0.016692
 0.01474
 0.012777
 0.012245
 0.008835000000000001
 0.008911000000000001
 0.010193
 0.007257
 0.010738
 0.007882999999999999
 0.008781000000000001
 0.009599
 0.01087
 0.007197
 0.00975
 0.006853
 0
 0
 0.33333
 0
 0.3
 0.3
 0.3
 0.2
 0.2
 0.05
 0.09722
 0.075
 0.07778
 0.07778
 0.02222
 0.04028
 0.04167
 0.03264
 0.02222
 0.01875
 0.01325
 0.0195
 0.04875
 0.012
 0.02
 0.02089
 0.02189
 0.00978
 0.01478
 0.01389
 0
 0
 0
 0
 0
 0
 0
 0
 0
 0
 0
 0
 0
 0
 0
 0
 0
 0
 0
 0
 0
 0
 0
 0
 0
 0
 0
 0
 0
 0
 0
 0
 0.20312
 0.00037
 0.08767
 0.06052
 0.0565
 0.0419
 0.02569
 0.03464
 0.02626
 0.02456
 0.0262
 0.04641
 0.04222
 0.03812
 0.04185
 0.03824
 0.0453
 0.04143
 0.04016
 0.03872
 0.03065
 0.0285
 0.04377
 0.03773
 0.03652
 0.0389
 0.0406
 0.03811
 0
 0
 0
 0
 0
 0
 0
 0
 0
 0
 0
 0
 0
 0
 0
 0
 0
 0
 0
 0
 0
 0
 0
 0
 0
 0
 0
 0
 0
 0
 0
 0
 0
 0
 0
 0
 0
 0
 0
 0
 0
 0
 0
 0
 0
 0
 0
 0
 0
 0
 0
 0
 0
 0
 0
 0
 0
 0
 0
 0
 0
 0
 0
 0
 0
 0
 0
 0
 0
 0
 0
 0
 0
 0
 0
 0
 0
 0
 0
 0
 0
 0
 0
 0
 0
 0
 0
 0
 0
 0
 0
 0
 0.20312
 0.01435
 0.07657
 0.03712
 0.04519
 0.03071
 0.03225
 0.03558
 0.03444
 0.0228
 0.02404
 0.0256
 0.02828
 0.0292
 0.03128
 0.02837
 0.03558
 0.0386
 0.03784
 0.03908
 0.03727
 0.0416
 0.04873
 0.03829
 0.03877
 0.03862
 0.04001
 0.0375
 0
 0
 0
 0
 0
 0
 0
 0
 0
 0
 0
 0
 0
 0
 0
 0
 0
 0
 0
 0
 0
 0
 0
 0
 0
 0
 0
 0
 0
 0
 0
 0
 0
 0
 0
 0
 0
 0
 0
 0
 0
 0
 0
 0
 0
 0
 0
 0
 0
 0
 0
 0
 0
 0
 0
 0
 0
 0
 0
 0
 0
 0
 0
 0
 0
 0
 0
 0
 0
 0
 0
 0
 0
 0
 0
 0
 0
 0
 0
 0
 0
 0
 0
 0
 0
 0
 0
 0
 0
 0
 0
 0
 0
 0
 0
 0
 0
 0
 0
 0
 0
 0
 0
 0
 0
 0
 0
 0
 0
 0
 0
 0
 0
 0
 0
 0
 0
 0
 0
 0
 0
 0
 0
 0
 0
 0
 0
 0
 0
 0
 0
 0
 0
 0
 0
 0
 0
 0
 0
 0
 0
 0
 0
 0
 0
 0
 0
 0
 0
 0
 0
 0
 0
 0
 0
 0
 0
 0
 0
 0
 0
 0
 0
 0
 0
 0
 0
 0
 0
 0
 0
 0
 0
 0
 0
 0
 0
 0
 0
 0
 0
 0
 0
 0
 0
 0
 0
 0
 0
 0
 0
 0
 0
 0
 0
 0
 0
 0
 0
 0
 0
 0
 0
 0
 0
 0
 0
 0
 0
 0
 0
 0
 0
 0
 0
 0
 0
 0
 0
 0
 0
 0
 0
 0
 0
 0
 0
 0
 0
 0
 0
 0
 0
 0
 0
 0
 0
 0
 0
 0
 0
 0
 0
 0
 0
 0
 0
 0
 0
 0
 0
 0
 0
 0
 0
 0
 0
 0
 0
 0
 0
 0
 0
 0
 0
 0
 0
 0
 0
 0
 0
 0
 0
 0
 0
 0
 0
 0
 0
 0
 0
 0
 0
 0
 0
 0
 0
 0
 0
 0
 0
 0
 0
 0
 0
 0
 0
 0
 0
 0
 0
 0
 0
 0
 0
 0
 0
 0
 0
 0
 0
 0
 0
 0
 0
 0
 0
 0
 0
 0
 0
 0
 0
 0
 0
 0
 0
 0
 0
 0


