# Created by Octave 4.0.0, Sat Nov 21 16:31:09 2015 W. Europe Standard Time <unknown@Florian-PC>
# name: mus
# type: matrix
# ndims: 3
 1 30 19
 0
 0
 0.76692
 0.7366200000000001
 0.70544
 0.66918
 0.66695
 0.63758
 0.80869
 0.82185
 0.86155
 0.8569
 0.91869
 0.91429
 0.91983
 0.91047
 0.91429
 0.9356100000000001
 0.9315
 0.95678
 0.95906
 0.9539800000000001
 0.95318
 0.95663
 0.95319
 0.95736
 0.95791
 0.95663
 0.95627
 0.95897
 0
 0
 0.66667
 0.5
 0.2
 0.3
 0.2
 0.7
 0.9
 0.4
 0.46667
 0.43333
 0.76667
 0.8
 0.6
 0.6333299999999999
 0.6
 0.65
 0.68333
 0.7
 0.71
 0.64
 0.64
 0.72
 0.64
 0.66
 0.73333
 0.7466699999999999
 0.82667
 0.83333
 0
 0
 0.70889
 0.73101
 0.61752
 0.71404
 0.47261
 0.64807
 0.7684299999999999
 0.49214
 0.51666
 0.4206
 0.44025
 0.56881
 0.58836
 0.49687
 0.57051
 0.5735
 0.62493
 0.55332
 0.56159
 0.70347
 0.58955
 0.58029
 0.58948
 0.6469
 0.61148
 0.62947
 0.61951
 0.68843
 0
 0
 0.49615
 0.40331
 0.37257
 0.53948
 0.46698
 0.49701
 0.59789
 0.46797
 0.48351
 0.44615
 0.49153
 0.53056
 0.50717
 0.47158
 0.5119
 0.55455
 0.54145
 0.55627
 0.54594
 0.55218
 0.5570000000000001
 0.57577
 0.55988
 0.56352
 0.57113
 0.57464
 0.58597
 0.5952
 0
 0
 0.66667
 0.75
 0.4
 0.5
 0.14286
 0.625
 0.44444
 0.2
 0.36364
 0.08333
 0.61538
 0.5555600000000001
 0.4
 0.66667
 0.5
 0
 1
 1
 0
 1
 0
 1
 0
 1
 0
 1
 1
 1
 0
 0
 0.76
 0.47938
 0.49491
 0.52478
 0.45667
 0.55552
 0.54262
 0.43447
 0.4842
 0.43311
 0.5099
 0.53011
 0.49948
 0.49586
 0.52397
 0.52288
 0.55986
 0.6129599999999999
 0.51068
 0.56985
 0.50818
 0.57139
 0.56782
 0.54969
 0.49593
 0.58227
 0.58657
 0.5992
 0
 0
 0.36788
 0.5885899999999999
 0.65833
 0.6762
 0.64961
 0.69645
 0.72677
 0.66745
 0.72749
 0.67561
 0.70677
 0.65264
 0.6627
 0.66916
 0.67244
 0.6833399999999999
 0.63335
 0.67632
 0.6614100000000001
 0.65874
 0.65706
 0.68504
 0.64894
 0.68851
 0.66698
 0.64821
 0.66952
 0.70727
 0
 0
 0.49806
 0.39372
 0.40684
 0.56851
 0.5069900000000001
 0.53011
 0.58786
 0.50325
 0.5301900000000001
 0.49512
 0.51108
 0.54745
 0.529
 0.5074
 0.53651
 0.55782
 0.55724
 0.56415
 0.55397
 0.56111
 0.56159
 0.57669
 0.56553
 0.56746
 0.58201
 0.57469
 0.59946
 0.60056
 0
 0
 0.99979
 1
 1
 1
 1
 1
 1
 1
 0.99905
 1
 0.99243
 0.98217
 0.98585
 0.96526
 0.97266
 0.96333
 0.96628
 0.95946
 0.97083
 0.96624
 0.96157
 0.95556
 0.94863
 0.96118
 0.93965
 0.94959
 0.95395
 0.94881
 0
 0
 0.71046
 0.41163
 0.55957
 0.5274
 0.51738
 0.51568
 0.5673
 0.47028
 0.51312
 0.49317
 0.50187
 0.53048
 0.49999
 0.49955
 0.5304
 0.54281
 0.5496799999999999
 0.5589
 0.53815
 0.55342
 0.54579
 0.59756
 0.5659999999999999
 0.56101
 0.56638
 0.56047
 0.58039
 0.61733
 0
 0
 0.36788
 0.58849
 0.62052
 0.66012
 0.64951
 0.67455
 0.76653
 0.6900500000000001
 0.6826100000000001
 0.67023
 0.67064
 0.67326
 0.69396
 0.65528
 0.64463
 0.65762
 0.6775099999999999
 0.6675
 0.65603
 0.66277
 0.66617
 0.6558
 0.67589
 0.66525
 0.67733
 0.65611
 0.65444
 0.68568
 0
 0
 0
 0
 0
 0
 0
 0
 0
 0
 0
 0
 0
 0
 0
 0
 0
 0
 0
 0
 0
 0
 0
 0
 0
 0
 0
 0
 0
 0
 0
 0
 0
 0
 0
 0
 0
 0
 0
 0
 0
 0
 0
 0
 0
 0
 0
 0
 0
 0
 0
 0
 0
 0
 0
 0
 0
 0
 0
 0
 0
 0
 0
 0
 0
 0
 0
 0
 0
 0
 0
 0
 0
 0
 0
 0
 0
 0
 0
 0
 0
 0
 0
 0
 0
 0
 0
 0
 0
 0
 0
 0
 0
 0
 0
 0
 0
 0
 0
 0
 0
 0
 0
 0
 0
 0
 0
 0
 0
 0
 0
 0
 0
 0
 0
 0
 0
 0
 0
 0
 0
 0
 0
 0
 0
 0
 0
 0
 0
 0
 0
 0
 0
 0
 0
 0
 0
 0
 0
 0
 0
 0
 0
 0
 0
 0
 0
 0
 0
 0
 0
 0
 0.99998
 1
 1
 1
 1
 1
 1
 0.99999
 0.9984499999999999
 0.99905
 0.99343
 0.98338
 0.98587
 0.97642
 0.97907
 0.97216
 0.97642
 0.96676
 0.9665
 0.96376
 0.96309
 0.95359
 0.96261
 0.95183
 0.95201
 0.96002
 0.95518
 0.946
 0
 0
 0
 0
 0
 0
 0
 0
 0
 0
 0
 0
 0
 0
 0
 0
 0
 0
 0
 0
 0
 0
 0
 0
 0
 0
 0
 0
 0
 0
 0
 0
 0
 0
 0
 0
 0
 0
 0
 0
 0
 0
 0
 0
 0
 0
 0
 0
 0
 0
 0
 0
 0
 0
 0
 0
 0
 0
 0
 0


