# Created by Octave 4.0.0, Sat Nov 21 16:31:02 2015 W. Europe Standard Time <unknown@Florian-PC>
# name: mus
# type: matrix
# ndims: 3
 1 30 19
 0
 0
 0.49875
 0.49833
 0.49791
 0.49749
 0.8696700000000001
 0.78691
 0.9331700000000001
 0.94034
 0.9366100000000001
 0.9444399999999999
 0.94482
 0.9442
 0.94768
 0.94426
 0.94454
 0.93813
 0.94069
 0.94237
 0.93818
 0.9489300000000001
 0.94983
 0.94813
 0.94979
 0.94523
 0.9476
 0.94813
 0.94678
 0.94872
 0
 0
 1
 1
 1
 1
 0.7
 0.8
 0.7
 0.7
 0.73333
 0.7
 0.83333
 0.8666700000000001
 0.8666700000000001
 0.8833299999999999
 0.93333
 0.95
 0.93333
 0.95
 0.96
 0.96
 0.95
 0.96
 0.96
 0.96
 0.96667
 0.96
 0.96667
 0.96667
 0
 0
 1
 1
 1
 1
 0.88605
 0.90539
 0.74189
 0.7741
 0.77417
 0.83525
 0.82584
 0.87803
 0.84039
 0.86353
 0.9112
 0.92165
 0.9431
 0.9232
 0.94377
 0.92442
 0.93265
 0.94556
 0.93611
 0.96108
 0.93968
 0.95419
 0.96234
 0.96512
 0
 0
 1
 1
 1
 1
 0.83406
 0.88673
 0.71221
 0.73576
 0.78218
 0.7769
 0.8110000000000001
 0.81623
 0.82479
 0.8382500000000001
 0.8757200000000001
 0.88639
 0.89035
 0.89939
 0.90049
 0.90798
 0.90927
 0.91805
 0.91787
 0.9185
 0.92271
 0.93059
 0.91915
 0.92231
 0
 0
 1
 1
 1
 1
 0.85714
 1
 0.33333
 0.8
 0.90909
 0.83333
 0.69231
 0.66667
 1
 1
 1
 1
 0
 1
 1
 1
 1
 1
 1
 1
 1
 1
 1
 1
 0
 0
 1
 1
 1
 1
 0.8032899999999999
 0.9539800000000001
 0.6508
 0.7174
 0.88942
 0.88798
 0.78533
 0.81053
 0.87502
 0.93489
 0.94845
 0.84821
 0.84531
 0.88291
 0.99552
 0.96573
 0.89091
 0.91711
 0.89456
 0.86719
 0.9117499999999999
 0.90002
 0.89068
 0.9135799999999999
 0
 0
 1
 1
 1
 1
 0.87301
 0.8747
 0.72814
 0.7517200000000001
 0.80671
 0.81632
 0.81321
 0.8423
 0.83871
 0.82775
 0.8479
 0.8388099999999999
 0.94254
 0.907
 0.8444199999999999
 0.85439
 0.8809
 0.94075
 0.93737
 0.92437
 0.90777
 0.9579
 0.94493
 0.88375
 0
 0
 1
 1
 1
 1
 0.78055
 0.85643
 0.72536
 0.75032
 0.78316
 0.79544
 0.81194
 0.81579
 0.83795
 0.85472
 0.88203
 0.89923
 0.90438
 0.91232
 0.90998
 0.91823
 0.91488
 0.9285099999999999
 0.92559
 0.93287
 0.93421
 0.94579
 0.92957
 0.93365
 0
 0
 0.9998
 0.99999
 1
 1
 1
 1
 1
 1
 0.99832
 0.9998
 0.99922
 0.98498
 0.98499
 0.97127
 0.96717
 0.96412
 0.96724
 0.96418
 0.95919
 0.96588
 0.9563
 0.96245
 0.96266
 0.95073
 0.95914
 0.95443
 0.94731
 0.94425
 0
 0
 1
 1
 1
 1
 0.7795299999999999
 0.91015
 0.67017
 0.74216
 0.81263
 0.78801
 0.80045
 0.8184900000000001
 0.85233
 0.83225
 0.86059
 0.88051
 0.89349
 0.96646
 0.9625899999999999
 0.90743
 0.97198
 0.93863
 0.91925
 0.93879
 0.97694
 0.93471
 0.95411
 0.97903
 0
 0
 1
 1
 1
 1
 0.89554
 0.84315
 0.73064
 0.73819
 0.81415
 0.79269
 0.8077
 0.81534
 0.8144
 0.93224
 0.81611
 0.94028
 0.94908
 0.87936
 0.87809
 0.88456
 0.8828
 0.91055
 0.90381
 0.91155
 0.95074
 0.91736
 0.96387
 0.9319499999999999
 0
 0
 0
 0
 0
 0
 0
 0
 0
 0
 0
 0
 0
 0
 0
 0
 0
 0
 0
 0
 0
 0
 0
 0
 0
 0
 0
 0
 0
 0
 0
 0
 0
 0
 0
 0
 0
 0
 0
 0
 0
 0
 0
 0
 0
 0
 0
 0
 0
 0
 0
 0
 0
 0
 0
 0
 0
 0
 0
 0
 0
 0
 0
 0
 0
 0
 0
 0
 0
 0
 0
 0
 0
 0
 0
 0
 0
 0
 0
 0
 0
 0
 0
 0
 0
 0
 0
 0
 0
 0
 0
 0
 0
 0
 0
 0
 0
 0
 0
 0
 0
 0
 0
 0
 0
 0
 0
 0
 0
 0
 0
 0
 0
 0
 0
 0
 0
 0
 0
 0
 0
 0
 0
 0
 0
 0
 0
 0
 0
 0
 0
 0
 0
 0
 0
 0
 0
 0
 0
 0
 0
 0
 0
 0
 0
 0
 0
 0
 0
 0
 0
 0
 0.99997
 1
 1
 1
 1
 1
 1
 1
 0.99831
 0.99863
 0.9980599999999999
 0.98456
 0.97972
 0.97746
 0.9641
 0.97076
 0.9701
 0.96396
 0.96353
 0.96089
 0.9579299999999999
 0.96527
 0.96341
 0.9545400000000001
 0.9531500000000001
 0.94816
 0.95331
 0.94084
 0
 0
 0
 0
 0
 0
 0
 0
 0
 0
 0
 0
 0
 0
 0
 0
 0
 0
 0
 0
 0
 0
 0
 0
 0
 0
 0
 0
 0
 0
 0
 0
 0
 0
 0
 0
 0
 0
 0
 0
 0
 0
 0
 0
 0
 0
 0
 0
 0
 0
 0
 0
 0
 0
 0
 0
 0
 0
 0
 0


# name: vars
# type: matrix
# ndims: 3
 1 30 19
 0
 0
 0.08647199999999999
 0.06837
 0.044323
 0.04166
 0.015328
 0.020799
 0.006349
 0.005308
 0.013545
 0.005102
 0.003944
 0.003953
 0.002584
 0.003699
 0.002496
 0.002583
 0.002546
 0.002139
 0.003722
 0.00274
 0.001882
 0.002136
 0.002259
 0.002498
 0.002456
 0.002004
 0.00274
 0.001921
 0
 0
 0
 0
 0
 0
 0.2
 0.2
 0.075
 0.075
 0.18889
 0.2
 0.05556
 0.03333
 0.03333
 0.02639
 0.02222
 0.0125
 0.02222
 0.0125
 0.008
 0.008
 0.0125
 0.008
 0.008
 0.008
 0.00556
 0.008
 0.00556
 0.00556
 0
 0
 0
 0
 0
 0
 0
 0
 0
 0
 0
 0
 0
 0
 0
 0
 0
 0
 0
 0
 0
 0
 0
 0
 0
 0
 0
 0
 0
 0
 0
 0
 0
 0
 0
 0
 0.012925
 0.007874000000000001
 0.010455
 0.010716
 0.007523
 0.007842
 0.007282
 0.004642
 0.005167
 0.004686
 0.003994
 0.003497
 0.002714
 0.002429
 0.002333
 0.002406
 0.002283
 0.002321
 0.001925
 0.001994
 0.001695
 0.00163
 0.001887
 0.001692
 0
 0
 1.5785e-007
 5.1092e-014
 1.5877e-022
 2.8371e-027
 4.1087e-033
 5.6739e-033
 1.0113e-029
 1.0228e-029
 1.6952e-030
 2.7891e-029
 1.7823e-021
 5.55e-012
 6.3025e-006
 9.1364e-005
 4.7132e-013
 5.0363e-006
 0.0002752
 3.691e-006
 1.6261e-009
 1.5119e-006
 8.196799999999999e-006
 1.4982e-006
 8.9189e-005
 6.6387e-005
 5.5009e-008
 6.4715e-006
 1.1944e-005
 2.95e-012
 0
 0
 0
 0
 0
 0
 0
 0
 0
 0
 0
 0
 0
 0
 0
 0
 0
 0
 0
 0
 0
 0
 0
 0
 0
 0
 0
 0
 0
 0
 0
 0
 0
 0
 0
 0
 0
 0
 0
 0
 0
 0
 0
 0
 0
 0
 0
 0
 0
 0
 0
 0
 0
 0
 0
 0
 0
 0
 0
 0
 0
 0
 0
 0
 0
 0
 0.018773
 0.015248
 0.017567
 0.015206
 0.011915
 0.012783
 0.011844
 0.007555
 0.006361
 0.006036
 0.004672
 0.003773
 0.003603
 0.002606
 0.005677
 0.002049
 0.003022
 0.001544
 0.003224
 0.001297
 0.001943
 0.000963
 0.003602
 0.00157
 0
 0
 0
 0
 0
 0
 0
 0
 0
 0
 0.000343
 6e-006
 9.1e-005
 0.003145
 0.003337
 0.007134
 0.007436
 0.008793
 0.006673
 0.007912000000000001
 0.009181999999999999
 0.007025
 0.01013
 0.008529999999999999
 0.008066
 0.012119
 0.010407
 0.008528000000000001
 0.011976
 0.012126
 0
 0
 0
 0
 0
 0
 0
 0
 0
 0
 0
 0
 0
 0
 0
 0
 0
 0
 0
 0
 0
 0
 0
 0
 0
 0
 0
 0
 0
 0
 0
 0
 0
 0
 0
 0
 0
 0
 0
 0
 0
 0
 0
 0
 0
 0
 0
 0
 0
 0
 0
 0
 0
 0
 0
 0
 0
 0
 0
 0
 0
 0
 0
 0
 0
 0
 0
 0
 0
 0
 0
 0
 0
 0
 0
 0
 0
 0
 0
 0
 0
 0
 0
 0
 0
 0
 0
 0
 0
 0
 0
 0
 0
 0
 0
 0
 0
 0
 0
 0
 0
 0
 0
 0
 0
 0
 0
 0
 0
 0
 0
 0
 0
 0
 0
 0
 0
 0
 0
 0
 0
 0
 0
 0
 0
 0
 0
 0
 0
 0
 0
 0
 0
 0
 0
 0
 0
 0
 0
 0
 0
 0
 0
 0
 0
 0
 0
 0
 0
 0
 0
 0
 0
 0
 0
 0
 0
 0
 0
 0
 0
 0
 0
 0
 0
 0
 0
 0
 0
 0
 0
 0
 0
 0
 0
 0
 0
 0
 0
 0
 0
 0
 0
 0
 0
 0
 0
 0
 0
 0
 0
 0
 0
 0
 0
 0
 0
 0
 0
 0
 0
 0
 0
 0
 0
 0
 0
 0
 0
 0
 0
 0
 0
 0
 0
 0
 0
 0
 0
 0
 0.000345
 0.00027
 0.000298
 0.004496
 0.005581
 0.004104
 0.010411
 0.007856
 0.006546
 0.008243
 0.008103000000000001
 0.009176
 0.008876
 0.006378
 0.009471
 0.009612000000000001
 0.012525
 0.01372
 0.01037
 0.014577
 0
 0
 0
 0
 0
 0
 0
 0
 0
 0
 0
 0
 0
 0
 0
 0
 0
 0
 0
 0
 0
 0
 0
 0
 0
 0
 0
 0
 0
 0
 0
 0
 0
 0
 0
 0
 0
 0
 0
 0
 0
 0
 0
 0
 0
 0
 0
 0
 0
 0
 0
 0
 0
 0
 0
 0
 0
 0
 0
 0


