# Created by Octave 4.0.0, Sat Nov 21 16:31:22 2015 W. Europe Standard Time <unknown@Florian-PC>
# name: mus
# type: matrix
# ndims: 3
 1 30 19
 0
 0
 0.49708
 0.66722
 0.47364
 0.75461
 0.75578
 0.7307
 0.71178
 0.73782
 0.74729
 0.73148
 0.72638
 0.7346200000000001
 0.72405
 0.73226
 0.72235
 0.7377899999999999
 0.73517
 0.72881
 0.72849
 0.72559
 0.72345
 0.72194
 0.71745
 0.72826
 0.72075
 0.71896
 0.7158
 0.72051
 0
 0
 0.66667
 1
 0.4
 0.5
 0.4
 0.7
 0.6
 0.7
 0.73333
 0.66667
 0.66667
 0.7
 0.8
 0.81667
 0.95
 0.8666700000000001
 0.9
 0.9
 0.9
 0.96
 0.91
 0.92
 0.92
 0.92
 0.92667
 0.96667
 0.96667
 0.96667
 0
 0
 0.67562
 0.91859
 0.69658
 0.79897
 0.6301
 0.70075
 0.73072
 0.58001
 0.6763400000000001
 0.73648
 0.76032
 0.80036
 0.74797
 0.80669
 0.88644
 0.86978
 0.90318
 0.91705
 0.92241
 0.91931
 0.87784
 0.89506
 0.90502
 0.90912
 0.91889
 0.91411
 0.9232
 0.9319
 0
 0
 0.79444
 0.87219
 0.54071
 0.66496
 0.52926
 0.59422
 0.68624
 0.66024
 0.6248
 0.6684600000000001
 0.73528
 0.73773
 0.80659
 0.83439
 0.87369
 0.8781
 0.8890400000000001
 0.88889
 0.90931
 0.91129
 0.9215100000000001
 0.91658
 0.92443
 0.92318
 0.94092
 0.9408
 0.9430500000000001
 0.94152
 0
 0
 0.66667
 1
 0
 0.66667
 0.28571
 0.75
 0.66667
 0.6
 0.54545
 0.58333
 0.61538
 0.44444
 1
 1
 0.5
 1
 1
 1
 1
 1
 1
 1
 1
 1
 1
 1
 1
 1
 0
 0
 0.56131
 0.96549
 0.17713
 0.64481
 0.40904
 0.6669
 0.6243300000000001
 0.6533
 0.60095
 0.63283
 0.69067
 0.6746
 0.87886
 0.91059
 0.78504
 0.94071
 0.92714
 0.89274
 0.8777199999999999
 0.9488
 0.95801
 0.95529
 0.9641999999999999
 0.93911
 0.91771
 0.97965
 0.9609
 0.95136
 0
 0
 0.36788
 0.79699
 0.76514
 0.7796999999999999
 0.71476
 0.71766
 0.70536
 0.74795
 0.7116400000000001
 0.69984
 0.76273
 0.78128
 0.72012
 0.79898
 0.79006
 0.80801
 0.87361
 0.88547
 0.88052
 0.85903
 0.8667899999999999
 0.89275
 0.90888
 0.94219
 0.91761
 0.9011400000000001
 0.93569
 0.93826
 0
 0
 0.79758
 0.79762
 0.54437
 0.6274
 0.54349
 0.6047
 0.63098
 0.60532
 0.63147
 0.6534799999999999
 0.69129
 0.69481
 0.7319099999999999
 0.78222
 0.78432
 0.79769
 0.8186600000000001
 0.81998
 0.8279
 0.83689
 0.85488
 0.85909
 0.86425
 0.84727
 0.8733300000000001
 0.8789400000000001
 0.87079
 0.86871
 0
 0
 0.90586
 0.87804
 0.92586
 0.91657
 0.90396
 0.9161
 0.9196
 0.90103
 0.91109
 0.92021
 0.91717
 0.93187
 0.9042
 0.89789
 0.90246
 0.90762
 0.90848
 0.91733
 0.90713
 0.90212
 0.9053
 0.906
 0.90332
 0.9011
 0.91432
 0.9046999999999999
 0.90446
 0.89668
 0
 0
 0.80909
 0.97184
 0.24005
 0.65373
 0.57503
 0.65415
 0.62407
 0.7085399999999999
 0.5916400000000001
 0.73676
 0.7291299999999999
 0.76811
 0.87195
 0.886
 0.91896
 0.87569
 0.8932600000000001
 0.89034
 0.8912099999999999
 0.72753
 0.93394
 0.8946
 0.93426
 0.92639
 0.94201
 0.93416
 0.94055
 0.93379
 0
 0
 0.36788
 0.84146
 0.76514
 0.79355
 0.74752
 0.72778
 0.73211
 0.76191
 0.70983
 0.71839
 0.73192
 0.76894
 0.78143
 0.81548
 0.78054
 0.76878
 0.7841900000000001
 0.82917
 0.89553
 0.86754
 0.86849
 0.88994
 0.90595
 0.86766
 0.92378
 0.95879
 0.85451
 0.95552
 0
 0
 0
 0
 0
 0
 0
 0
 0
 0
 0
 0
 0
 0
 0
 0
 0
 0
 0
 0
 0
 0
 0
 0
 0
 0
 0
 0
 0
 0
 0
 0
 0
 0
 0
 0
 0
 0
 0
 0
 0
 0
 0
 0
 0
 0
 0
 0
 0
 0
 0
 0
 0
 0
 0
 0
 0
 0
 0
 0
 0
 0
 0
 0
 0
 0
 0
 0
 0
 0
 0
 0
 0
 0
 0
 0
 0
 0
 0
 0
 0
 0
 0
 0
 0
 0
 0
 0
 0
 0
 0
 0
 0
 0
 0
 0
 0
 0
 0
 0
 0
 0
 0
 0
 0
 0
 0
 0
 0
 0
 0
 0
 0
 0
 0
 0
 0
 0
 0
 0
 0
 0
 0
 0
 0
 0
 0
 0
 0
 0
 0
 0
 0
 0
 0
 0
 0
 0
 0
 0
 0
 0
 0
 0
 0
 0
 0
 0
 0
 0
 0
 0
 0.93975
 0.92232
 0.93336
 0.92716
 0.93123
 0.91909
 0.9071900000000001
 0.93629
 0.9122400000000001
 0.93058
 0.9121
 0.9196
 0.92202
 0.91343
 0.90716
 0.90967
 0.91859
 0.91895
 0.89962
 0.90687
 0.9016999999999999
 0.9071399999999999
 0.90242
 0.90932
 0.91209
 0.89384
 0.90589
 0.9087499999999999
 0
 0
 0
 0
 0
 0
 0
 0
 0
 0
 0
 0
 0
 0
 0
 0
 0
 0
 0
 0
 0
 0
 0
 0
 0
 0
 0
 0
 0
 0
 0
 0
 0
 0
 0
 0
 0
 0
 0
 0
 0
 0
 0
 0
 0
 0
 0
 0
 0
 0
 0
 0
 0
 0
 0
 0
 0
 0
 0
 0


