# Created by Octave 4.0.0, Sat Nov 21 16:31:08 2015 W. Europe Standard Time <unknown@Florian-PC>
# name: mus
# type: matrix
# ndims: 3
 1 30 19
 0
 0
 0.54971
 0.54431
 0.60502
 0.64405
 0.69507
 0.74916
 0.64495
 0.53109
 0.7156
 0.72306
 0.7060999999999999
 0.72454
 0.75105
 0.7897
 0.79294
 0.95034
 0.94653
 0.94492
 0.9482
 0.94458
 0.9607
 0.95663
 0.95319
 0.94941
 0.93855
 0.93452
 0.93524
 0.93504
 0
 0
 0
 0.25
 0
 0
 0.5
 0.3
 0.3
 0.3
 0.33333
 0.4
 0.36667
 0.6
 0.6
 0.6333299999999999
 0.46667
 0.68333
 0.56667
 0.65
 0.67
 0.77
 0.77
 0.84
 0.8
 0.80667
 0.78
 0.81333
 0.82667
 0.83333
 0
 0
 0.52181
 0.46555
 0.44051
 0.52695
 5.26973
 0.5994
 0.57079
 0.53607
 0.51745
 0.63759
 0.64071
 0.61331
 0.71543
 0.611
 0.68301
 0.55337
 0.65625
 0.6803900000000001
 0.64135
 0.71256
 0.70475
 0.75904
 0.74497
 0.78129
 0.7689
 0.79974
 0.81649
 0.79687
 0
 0
 0.19447
 0.3765
 0.31335
 0.30789
 0.5162099999999999
 0.49238
 0.44051
 0.46281
 0.42903
 0.51572
 0.6277700000000001
 0.74648
 0.71416
 0.68019
 0.71382
 0.65112
 0.74655
 0.71665
 0.72875
 0.74207
 0.7779199999999999
 0.79982
 0.78973
 0.79778
 0.8333
 0.8279
 0.83799
 0.82543
 0
 0
 0
 0.5
 0
 0
 0.14286
 0.625
 0.33333
 0.2
 0.36364
 0.41667
 0.53846
 0.44444
 0.6
 0.33333
 0.5
 0
 0
 0
 0
 0
 1
 1
 0
 1
 0
 1
 1
 1
 0
 0
 0.25004
 0.52778
 0.31252
 0.26669
 0.30953
 0.5321399999999999
 0.40129
 0.33929
 0.37854
 0.43965
 0.55513
 0.57125
 0.62076
 0.55935
 0.6059
 0.48078
 0.48275
 0.38304
 0.37698
 0.30211
 0.93265
 0.7601599999999999
 0.61982
 0.82987
 0.58336
 0.79167
 0.79167
 0.96057
 0
 0
 0.57859
 0.51659
 0.6607499999999999
 0.57955
 0.5839299999999999
 0.6218900000000001
 0.62703
 0.56252
 0.574
 0.58503
 0.66007
 0.71304
 0.6556999999999999
 0.67177
 0.72489
 0.72101
 0.68956
 0.76673
 0.77577
 0.80252
 0.77984
 0.79417
 0.7683
 0.83577
 0.77696
 0.80544
 0.80366
 0.83179
 0
 0
 0.19447
 0.33568
 0.37916
 0.45789
 0.47389
 0.54834
 0.53071
 0.4992
 0.45883
 0.56763
 0.66672
 0.70647
 0.71323
 0.69619
 0.72495
 0.65618
 0.70058
 0.70819
 0.74902
 0.74057
 0.75174
 0.77941
 0.78854
 0.79658
 0.799
 0.81197
 0.81238
 0.82743
 0
 0
 1
 1
 1
 1
 1
 1
 1
 1
 1
 1
 1
 1
 1
 1
 1
 1
 1
 1
 1
 1
 1
 1
 1
 1
 1
 1
 1
 1
 0
 0
 0.25004
 0.49509
 0.36501
 0.35647
 0.37619
 0.43473
 0.45361
 0.42338
 0.4051
 0.48175
 0.59615
 0.64379
 0.73527
 0.77093
 0.6419899999999999
 0.60464
 0.6619
 0.7357399999999999
 0.8656
 0.69884
 0.74274
 0.64744
 0.80792
 0.82828
 0.98199
 0.99152
 0.99216
 0.58947
 0
 0
 0.57859
 0.54044
 0.6702
 0.59533
 0.6170600000000001
 0.57899
 0.58919
 0.59645
 0.65151
 0.60734
 0.89276
 0.75264
 0.7130300000000001
 0.84804
 0.85067
 0.74531
 0.76837
 0.70938
 0.72702
 0.68718
 0.7911
 0.7349
 0.74931
 0.92589
 0.80021
 0.81698
 0.83997
 0.90712
 0
 0
 0
 0
 0
 0
 0
 0
 0
 0
 0
 0
 0
 0
 0
 0
 0
 0
 0
 0
 0
 0
 0
 0
 0
 0
 0
 0
 0
 0
 0
 0
 0
 0
 0
 0
 0
 0
 0
 0
 0
 0
 0
 0
 0
 0
 0
 0
 0
 0
 0
 0
 0
 0
 0
 0
 0
 0
 0
 0
 0
 0
 0
 0
 0
 0
 0
 0
 0
 0
 0
 0
 0
 0
 0
 0
 0
 0
 0
 0
 0
 0
 0
 0
 0
 0
 0
 0
 0
 0
 0
 0
 0
 0
 0
 0
 0
 0
 0
 0
 0
 0
 0
 0
 0
 0
 0
 0
 0
 0
 0
 0
 0
 0
 0
 0
 0
 0
 0
 0
 0
 0
 0
 0
 0
 0
 0
 0
 0
 0
 0
 0
 0
 0
 0
 0
 0
 0
 0
 0
 0
 0
 0
 0
 0
 0
 0
 0
 0
 0
 0
 0
 1
 1
 1
 1
 1
 1
 1
 1
 1
 1
 1
 1
 1
 1
 1
 1
 1
 1
 1
 1
 1
 1
 1
 1
 1
 1
 1
 1
 0
 0
 0
 0
 0
 0
 0
 0
 0
 0
 0
 0
 0
 0
 0
 0
 0
 0
 0
 0
 0
 0
 0
 0
 0
 0
 0
 0
 0
 0
 0
 0
 0
 0
 0
 0
 0
 0
 0
 0
 0
 0
 0
 0
 0
 0
 0
 0
 0
 0
 0
 0
 0
 0
 0
 0
 0
 0
 0
 0


# name: vars
# type: matrix
# ndims: 3
 1 30 19
 0
 0
 0.08008899999999999
 0.062837
 0.048714
 0.038627
 0.032402
 0.026287
 0.02777
 0.02894
 0.018075
 0.0184
 0.015104
 0.016563
 0.013528
 0.010764
 0.009690000000000001
 0.002576
 0.002457
 0.00256
 0.002614
 0.001992
 0.001354
 0.001588
 0.002248
 0.002784
 0.002229
 0.003355
 0.001974
 0.001693
 0
 0
 0
 0.25
 0
 0
 0.25
 0.2
 0.2
 0.2
 0.09722
 0.06389
 0.06111
 0.13333
 0.07778
 0.06111
 0.05069
 0.04306
 0.03264
 0.05
 0.0445
 0.032
 0.032
 0.028
 0.02
 0.02022
 0.02422
 0.02033
 0.01411
 0.02778
 0
 0
 0
 0
 0
 0
 0
 0
 0
 0
 0
 0
 0
 0
 0
 0
 0
 0
 0
 0
 0
 0
 0
 0
 0
 0
 0
 0
 0
 0
 0
 0
 0.01216
 0.12836
 0.008189999999999999
 0.009209999999999999
 0.07602
 0.06734
 0.05496
 0.0571
 0.04785
 0.05697
 0.04917
 0.04129
 0.0446
 0.04465
 0.04375
 0.04103
 0.03868
 0.04391
 0.03833
 0.03864
 0.0335
 0.03351
 0.03446
 0.03059
 0.02634
 0.0255
 0.02362
 0.02539
 0
 0
 0
 0
 0
 0
 0
 0
 0
 0
 0
 0
 0
 0
 0
 0
 0
 0
 0
 0
 0
 0
 0
 0
 0
 0
 0
 0
 0
 0
 0
 0
 0
 0
 0
 0
 0
 0
 0
 0
 0
 0
 0
 0
 0
 0
 0
 0
 0
 0
 0
 0
 0
 0
 0
 0
 0
 0
 0
 0
 0
 0
 0
 0
 0
 0
 0
 0
 0
 0
 0
 0
 0
 0
 0
 0
 0
 0
 0
 0
 0
 0
 0
 0
 0
 0
 0
 0
 0
 0
 0
 0
 0.012156
 0.08715299999999999
 0.01446
 0.01918
 0.034398
 0.032541
 0.046532
 0.032533
 0.028546
 0.026014
 0.030675
 0.030221
 0.034386
 0.034717
 0.031066
 0.035706
 0.042433
 0.0389
 0.036288
 0.041671
 0.042703
 0.033406
 0.035844
 0.03311
 0.032291
 0.034256
 0.036901
 0.030336
 0
 0
 0
 0
 0
 0
 0
 0
 0
 0
 0
 0
 0
 0
 0
 0
 0
 0
 0
 0
 0
 0
 0
 0
 0
 0
 0
 0
 0
 0
 0
 0
 0
 0
 0
 0
 0
 0
 0
 0
 0
 0
 0
 0
 0
 0
 0
 0
 0
 0
 0
 0
 0
 0
 0
 0
 0
 0
 0
 0
 0
 0
 0
 0
 0
 0
 0
 0
 0
 0
 0
 0
 0
 0
 0
 0
 0
 0
 0
 0
 0
 0
 0
 0
 0
 0
 0
 0
 0
 0
 0
 0
 0
 0
 0
 0
 0
 0
 0
 0
 0
 0
 0
 0
 0
 0
 0
 0
 0
 0
 0
 0
 0
 0
 0
 0
 0
 0
 0
 0
 0
 0
 0
 0
 0
 0
 0
 0
 0
 0
 0
 0
 0
 0
 0
 0
 0
 0
 0
 0
 0
 0
 0
 0
 0
 0
 0
 0
 0
 0
 0
 0
 0
 0
 0
 0
 0
 0
 0
 0
 0
 0
 0
 0
 0
 0
 0
 0
 0
 0
 0
 0
 0
 0
 0
 0
 0
 0
 0
 0
 0
 0
 0
 0
 0
 0
 0
 0
 0
 0
 0
 0
 0
 0
 0
 0
 0
 0
 0
 0
 0
 0
 0
 0
 0
 0
 0
 0
 0
 0
 0
 0
 0
 0
 0
 0
 0
 0
 0
 0
 0
 0
 0
 0
 0
 0
 0
 0
 0
 0
 0
 0
 0
 0
 0
 0
 0
 0
 0
 0
 0
 0
 0
 0
 0
 0
 0
 0
 0
 0
 0
 0
 0
 0
 0
 0
 0
 0
 0
 0
 0
 0
 0
 0
 0
 0
 0
 0
 0
 0
 0
 0
 0
 0
 0
 0
 0
 0
 0
 0
 0
 0
 0
 0
 0
 0
 0
 0
 0
 0
 0
 0
 0
 0
 0
 0
 0
 0
 0
 0
 0
 0
 0
 0
 0
 0
 0
 0
 0
 0
 0
 0
 0
 0
 0
 0
 0
 0
 0
 0
 0
 0
 0
 0
 0
 0
 0
 0
 0
 0


