# Created by Octave 4.0.0, Sat Nov 21 16:31:21 2015 W. Europe Standard Time <unknown@Florian-PC>
# name: mus
# type: matrix
# ndims: 3
 1 30 19
 0
 0
 0.84712
 0.82943
 0.87029
 0.87186
 0.80535
 0.81963
 0.8396
 0.88739
 0.89491
 0.8872100000000001
 0.88378
 0.8963
 0.90042
 0.89696
 0.90529
 0.89141
 0.89557
 0.88475
 0.87886
 0.87837
 0.87542
 0.87925
 0.94298
 0.94147
 0.92572
 0.92503
 0.94701
 0.94701
 0
 0
 0.33333
 0.75
 0.2
 0.4
 0.3
 0.8
 0.5
 0.6
 0.73333
 0.73333
 0.66667
 0.73333
 0.8666700000000001
 0.8666700000000001
 0.9
 0.83333
 0.76667
 0.85
 0.86
 0.9
 0.87
 0.87
 0.84
 0.84667
 0.84667
 0.86
 0.79333
 0.8
 0
 0
 0.5185999999999999
 0.64007
 0.55005
 0.7619
 0.53037
 0.57505
 0.46778
 0.69465
 0.80362
 0.79656
 0.63427
 0.74291
 0.73726
 0.7611
 0.7662600000000001
 0.82825
 0.88046
 0.84964
 0.84112
 0.8534
 0.89758
 0.86958
 0.83456
 0.85194
 0.84441
 0.84033
 0.84989
 0.8567
 0
 0
 0.27725
 0.6241100000000001
 0.45042
 0.45307
 0.54436
 0.57345
 0.5740499999999999
 0.6176700000000001
 0.62405
 0.65489
 0.63995
 0.67065
 0.65562
 0.69848
 0.7095
 0.72722
 0.75023
 0.7559399999999999
 0.76118
 0.7714299999999999
 0.78665
 0.79333
 0.76258
 0.78476
 0.78655
 0.79533
 0.7655999999999999
 0.78263
 0
 0
 0.33333
 1
 0.2
 0.16667
 0.28571
 0.75
 0.44444
 0.4
 0.72727
 0.33333
 0.69231
 0.77778
 1
 0.66667
 0.5
 1
 1
 1
 1
 1
 1
 1
 0
 1
 1
 1
 1
 1
 0
 0
 0.33333
 0.62882
 0.3875
 0.45308
 0.51908
 0.60165
 0.5322
 0.6291099999999999
 0.6492599999999999
 0.62148
 0.61297
 0.65034
 0.7507
 0.6918800000000001
 0.7209100000000001
 0.79169
 0.76323
 0.73082
 0.87725
 0.74269
 0.77991
 0.8451
 0.71243
 0.82719
 0.82889
 0.85399
 0.7771400000000001
 0.78168
 0
 0
 0.78929
 0.6216
 0.6531
 0.6551399999999999
 0.73412
 0.68252
 0.7081499999999999
 0.70056
 0.7198600000000001
 0.71938
 0.74539
 0.73761
 0.74171
 0.77103
 0.74199
 0.80167
 0.77424
 0.82355
 0.82177
 0.83242
 0.82402
 0.7895799999999999
 0.831
 0.82258
 0.79057
 0.78247
 0.81215
 0.82233
 0
 0
 0.27775
 0.62502
 0.47805
 0.55321
 0.56493
 0.6099
 0.59111
 0.63246
 0.61655
 0.64974
 0.6303
 0.6751200000000001
 0.66682
 0.70005
 0.71661
 0.74416
 0.75689
 0.76845
 0.76753
 0.78267
 0.79878
 0.80277
 0.7769
 0.7891899999999999
 0.80375
 0.81116
 0.78366
 0.80457
 0
 0
 0.9997200000000001
 1
 1
 1
 1
 1
 1
 1
 1
 0.99888
 0.99449
 0.97839
 0.98397
 0.97575
 0.97198
 0.96378
 0.97092
 0.96405
 0.97083
 0.9657
 0.96744
 0.9643
 0.96588
 0.95265
 0.9522699999999999
 0.95441
 0.95191
 0.94734
 0
 0
 0.33333
 0.60571
 0.44002
 0.56962
 0.56724
 0.62546
 0.57936
 0.60712
 0.60956
 0.65495
 0.64713
 0.69536
 0.70304
 0.71104
 0.70248
 0.71453
 0.7295199999999999
 0.73522
 0.75681
 0.7611599999999999
 0.77528
 0.7854100000000001
 0.75869
 0.81968
 0.79115
 0.79893
 0.77673
 0.79177
 0
 0
 0.78929
 0.62681
 0.65712
 0.63685
 0.72331
 0.67602
 0.70309
 0.71998
 0.71745
 0.72948
 0.70685
 0.71938
 0.71354
 0.73122
 0.72702
 0.7957
 0.78479
 0.76548
 0.78743
 0.77428
 0.78346
 0.80041
 0.80023
 0.80139
 0.78299
 0.79923
 0.81576
 0.79804
 0
 0
 0
 0
 0
 0
 0
 0
 0
 0
 0
 0
 0
 0
 0
 0
 0
 0
 0
 0
 0
 0
 0
 0
 0
 0
 0
 0
 0
 0
 0
 0
 0
 0
 0
 0
 0
 0
 0
 0
 0
 0
 0
 0
 0
 0
 0
 0
 0
 0
 0
 0
 0
 0
 0
 0
 0
 0
 0
 0
 0
 0
 0
 0
 0
 0
 0
 0
 0
 0
 0
 0
 0
 0
 0
 0
 0
 0
 0
 0
 0
 0
 0
 0
 0
 0
 0
 0
 0
 0
 0
 0
 0
 0
 0
 0
 0
 0
 0
 0
 0
 0
 0
 0
 0
 0
 0
 0
 0
 0
 0
 0
 0
 0
 0
 0
 0
 0
 0
 0
 0
 0
 0
 0
 0
 0
 0
 0
 0
 0
 0
 0
 0
 0
 0
 0
 0
 0
 0
 0
 0
 0
 0
 0
 0
 0
 0
 0
 0
 0
 0
 0
 0.99998
 1
 1
 1
 1
 1
 0.99302
 0.9996
 1
 1
 0.9928
 0.98444
 0.9872
 0.97172
 0.96522
 0.97046
 0.96635
 0.95882
 0.95987
 0.9636
 0.96455
 0.9643
 0.9576
 0.95756
 0.9621
 0.94716
 0.9518799999999999
 0.95331
 0
 0
 0
 0
 0
 0
 0
 0
 0
 0
 0
 0
 0
 0
 0
 0
 0
 0
 0
 0
 0
 0
 0
 0
 0
 0
 0
 0
 0
 0
 0
 0
 0
 0
 0
 0
 0
 0
 0
 0
 0
 0
 0
 0
 0
 0
 0
 0
 0
 0
 0
 0
 0
 0
 0
 0
 0
 0
 0
 0


