# Created by Octave 4.0.0, Sat Nov 21 16:31:15 2015 W. Europe Standard Time <unknown@Florian-PC>
# name: mus
# type: matrix
# ndims: 3
 1 30 19
 0
 0
 0.94653
 0.6045199999999999
 0.84268
 0.9330000000000001
 0.76079
 0.62081
 0.7877999999999999
 0.81681
 0.81651
 0.83923
 0.82567
 0.94639
 0.94937
 0.94848
 0.93529
 0.94865
 0.95489
 0.95
 0.93985
 0.9457100000000001
 0.94231
 0.93707
 0.94043
 0.9347800000000001
 0.9215100000000001
 0.92914
 0.93386
 0.9418800000000001
 0
 0
 0.33333
 0.5
 0.8
 0.7
 0.3
 0.3
 0.7
 0.3
 0.4
 0.56667
 0.56667
 0.6
 0.6
 0.56667
 0.71667
 0.71667
 0.48333
 0.6
 0.47
 0.51
 0.55
 0.62
 0.5600000000000001
 0.58
 0.6
 0.56667
 0.62
 0.66667
 0
 0
 0.6692399999999999
 0.65928
 0.80615
 0.75979
 0.5948
 0.57782
 0.57496
 0.58033
 0.54618
 0.53049
 0.52154
 0.53927
 0.59859
 0.60078
 0.59785
 0.73314
 0.56297
 0.6488
 0.60382
 0.5816
 0.59415
 0.6309900000000001
 0.57761
 0.62225
 0.61453
 0.63324
 0.59422
 0.66426
 0
 0
 0.50001
 0.80508
 0.85667
 0.77567
 0.5855
 0.73228
 0.7353
 0.63697
 0.66237
 0.68141
 0.61918
 0.59056
 0.6666
 0.6062
 0.69476
 0.59611
 0.58099
 0.65246
 0.69385
 0.61371
 0.68479
 0.7089
 0.65706
 0.66292
 0.67331
 0.70084
 0.6558
 0.6829
 0
 0
 0.33333
 0.75
 1
 0.66667
 0.71429
 0.75
 0.5555600000000001
 0.6
 0.54545
 0.91667
 0.30769
 0.33333
 0.8
 0.33333
 0
 1
 0
 0
 0
 1
 1
 1
 1
 0
 0
 0
 1
 0
 0
 0
 0.41668
 0.9444399999999999
 1.2
 0.69167
 0.68571
 0.81964
 0.65476
 0.6252
 0.51667
 0.81252
 0.45359
 0.5017200000000001
 0.75929
 0.52262
 0.44811
 0.74286
 0.39156
 0.53064
 0.45845
 0.72816
 0.64836
 0.78522
 0.72155
 0.29168
 0.65625
 0.41669
 0.76025
 0.4792
 0
 0
 0.36788
 1.01008
 0.7634300000000001
 0.83288
 0.69643
 0.65665
 0.72034
 0.80223
 0.6405
 0.70718
 0.67104
 0.6595299999999999
 0.70947
 0.72362
 0.74061
 0.67041
 0.65621
 0.6824
 0.73548
 0.65083
 0.69098
 0.66803
 0.69296
 0.64932
 0.68426
 0.6666800000000001
 0.6690199999999999
 0.6671
 0
 0
 0.50001
 0.75605
 0.7742
 0.80983
 0.62217
 0.66016
 0.70475
 0.62648
 0.60633
 0.63175
 0.59568
 0.61025
 0.65861
 0.63783
 0.65883
 0.62308
 0.60014
 0.66016
 0.66845
 0.62582
 0.63708
 0.67025
 0.65712
 0.66144
 0.66694
 0.69755
 0.66905
 0.67657
 0
 0
 1
 1
 1
 1
 1
 1
 1
 1
 1
 1
 1
 1
 1
 1
 1
 1
 1
 1
 1
 1
 1
 1
 1
 1
 1
 1
 1
 1
 0
 0
 0.41668
 0.93627
 1.18769
 0.70225
 0.5373
 0.70845
 0.79093
 0.67364
 0.48168
 0.6071
 0.57482
 0.5335800000000001
 0.56748
 0.5889799999999999
 0.60516
 0.56294
 0.55446
 0.76519
 0.64464
 0.55316
 0.85925
 0.5920299999999999
 0.73628
 0.6470900000000001
 0.74538
 0.58774
 0.73281
 0.74815
 0
 0
 0.36788
 0.99242
 0.7974
 0.84736
 0.69421
 0.69332
 0.6821700000000001
 0.73402
 0.6453
 0.88001
 0.73734
 0.6516
 0.6484
 0.92122
 0.8152
 0.7113
 0.72324
 0.68325
 0.6916099999999999
 0.65159
 0.7585499999999999
 0.72339
 0.73974
 0.69307
 0.67097
 0.71991
 0.7053
 0.75979
 0
 0
 0
 0
 0
 0
 0
 0
 0
 0
 0
 0
 0
 0
 0
 0
 0
 0
 0
 0
 0
 0
 0
 0
 0
 0
 0
 0
 0
 0
 0
 0
 0
 0
 0
 0
 0
 0
 0
 0
 0
 0
 0
 0
 0
 0
 0
 0
 0
 0
 0
 0
 0
 0
 0
 0
 0
 0
 0
 0
 0
 0
 0
 0
 0
 0
 0
 0
 0
 0
 0
 0
 0
 0
 0
 0
 0
 0
 0
 0
 0
 0
 0
 0
 0
 0
 0
 0
 0
 0
 0
 0
 0
 0
 0
 0
 0
 0
 0
 0
 0
 0
 0
 0
 0
 0
 0
 0
 0
 0
 0
 0
 0
 0
 0
 0
 0
 0
 0
 0
 0
 0
 0
 0
 0
 0
 0
 0
 0
 0
 0
 0
 0
 0
 0
 0
 0
 0
 0
 0
 0
 0
 0
 0
 0
 0
 0
 0
 0
 0
 0
 0
 1
 1
 1
 1
 1
 1
 1
 1
 1
 1
 1
 1
 1
 1
 1
 1
 1
 1
 1
 1
 1
 1
 1
 1
 1
 1
 1
 1
 0
 0
 0
 0
 0
 0
 0
 0
 0
 0
 0
 0
 0
 0
 0
 0
 0
 0
 0
 0
 0
 0
 0
 0
 0
 0
 0
 0
 0
 0
 0
 0
 0
 0
 0
 0
 0
 0
 0
 0
 0
 0
 0
 0
 0
 0
 0
 0
 0
 0
 0
 0
 0
 0
 0
 0
 0
 0
 0
 0


# name: vars
# type: matrix
# ndims: 3
 1 30 19
 0
 0
 0.016676
 0.058881
 0.026574
 0.012604
 0.02905
 0.032394
 0.018417
 0.014969
 0.018057
 0.010523
 0.012857
 0.003945
 0.002874
 0.002821
 0.003225
 0.003353
 0.002847
 0.0025
 0.002796
 0.002893
 0.002055
 0.001817
 0.002148
 0.001832
 0.001928
 0.002523
 0.001906
 0.001036
 0
 0
 0.33333
 0.33333
 0.2
 0.2
 0.2
 0.2
 0.2
 0.2
 0.175
 0.13333
 0.18889
 0.13333
 0.18889
 0.07778
 0.03333
 0.05764
 0.11597
 0.14375
 0.0795
 0.0405
 0.04
 0.032
 0.028
 0.022
 0.015
 0.01333
 0.01922
 0.01389
 0
 0
 0
 0
 0
 0
 0
 0
 0
 0
 0
 0
 0
 0
 0
 0
 0
 0
 0
 0
 0
 0
 0
 0
 0
 0
 0
 0
 0
 0
 0
 0
 0.23437
 0.07885
 0.07394000000000001
 0.07323
 0.08586000000000001
 0.07894
 0.06095
 0.06951
 0.05193
 0.05483
 0.06271
 0.05208
 0.052
 0.05154
 0.04857
 0.04786
 0.04699
 0.04376
 0.04305
 0.04419
 0.037
 0.03685
 0.04795
 0.04131
 0.03737
 0.03783
 0.04295
 0.03894
 0
 0
 0
 0
 0
 0
 0
 0
 0
 0
 0
 0
 0
 0
 0
 0
 0
 0
 0
 0
 0
 0
 0
 0
 0
 0
 0
 0
 0
 0
 0
 0
 0
 0
 0
 0
 0
 0
 0
 0
 0
 0
 0
 0
 0
 0
 0
 0
 0
 0
 0
 0
 0
 0
 0
 0
 0
 0
 0
 0
 0
 0
 0
 0
 0
 0
 0
 0
 0
 0
 0
 0
 0
 0
 0
 0
 0
 0
 0
 0
 0
 0
 0
 0
 0
 0
 0
 0
 0
 0
 0
 0
 0.23437
 0.07897999999999999
 0.05131
 0.04735
 0.04895
 0.04324
 0.04559
 0.0435
 0.03774
 0.04566
 0.0455
 0.04354
 0.03854
 0.05311
 0.04737
 0.04371
 0.0485
 0.04565
 0.05334
 0.04564
 0.05583
 0.04524
 0.05415
 0.04966
 0.04134
 0.04548
 0.05197
 0.05064
 0
 0
 0
 0
 0
 0
 0
 0
 0
 0
 0
 0
 0
 0
 0
 0
 0
 0
 0
 0
 0
 0
 0
 0
 0
 0
 0
 0
 0
 0
 0
 0
 0
 0
 0
 0
 0
 0
 0
 0
 0
 0
 0
 0
 0
 0
 0
 0
 0
 0
 0
 0
 0
 0
 0
 0
 0
 0
 0
 0
 0
 0
 0
 0
 0
 0
 0
 0
 0
 0
 0
 0
 0
 0
 0
 0
 0
 0
 0
 0
 0
 0
 0
 0
 0
 0
 0
 0
 0
 0
 0
 0
 0
 0
 0
 0
 0
 0
 0
 0
 0
 0
 0
 0
 0
 0
 0
 0
 0
 0
 0
 0
 0
 0
 0
 0
 0
 0
 0
 0
 0
 0
 0
 0
 0
 0
 0
 0
 0
 0
 0
 0
 0
 0
 0
 0
 0
 0
 0
 0
 0
 0
 0
 0
 0
 0
 0
 0
 0
 0
 0
 0
 0
 0
 0
 0
 0
 0
 0
 0
 0
 0
 0
 0
 0
 0
 0
 0
 0
 0
 0
 0
 0
 0
 0
 0
 0
 0
 0
 0
 0
 0
 0
 0
 0
 0
 0
 0
 0
 0
 0
 0
 0
 0
 0
 0
 0
 0
 0
 0
 0
 0
 0
 0
 0
 0
 0
 0
 0
 0
 0
 0
 0
 0
 0
 0
 0
 0
 0
 0
 0
 0
 0
 0
 0
 0
 0
 0
 0
 0
 0
 0
 0
 0
 0
 0
 0
 0
 0
 0
 0
 0
 0
 0
 0
 0
 0
 0
 0
 0
 0
 0
 0
 0
 0
 0
 0
 0
 0
 0
 0
 0
 0
 0
 0
 0
 0
 0
 0
 0
 0
 0
 0
 0
 0
 0
 0
 0
 0
 0
 0
 0
 0
 0
 0
 0
 0
 0
 0
 0
 0
 0
 0
 0
 0
 0
 0
 0
 0
 0
 0
 0
 0
 0
 0
 0
 0
 0
 0
 0
 0
 0
 0
 0
 0
 0
 0
 0
 0
 0
 0
 0
 0
 0
 0
 0
 0
 0
 0
 0


