# Created by Octave 4.0.0, Sat Nov 21 16:31:27 2015 W. Europe Standard Time <unknown@Florian-PC>
# name: mus
# type: matrix
# ndims: 3
 1 30 19
 0
 0
 0.68505
 0.54766
 0.75983
 0.77303
 0.88137
 0.89933
 0.85046
 0.85462
 0.86072
 0.84933
 0.84615
 0.84588
 0.8666700000000001
 0.87162
 0.94815
 0.94697
 0.91729
 0.92966
 0.95155
 0.94739
 0.9398
 0.94643
 0.9438299999999999
 0.94231
 0.93813
 0.93991
 0.95374
 0.95214
 0
 0
 0.33333
 1
 0.6
 0.7
 0.7
 0.6
 0.9
 0.9
 0.9
 0.93333
 0.93333
 0.93333
 0.73333
 0.8666700000000001
 0.68333
 0.8
 0.8
 0.85
 0.68
 0.73
 0.6899999999999999
 0.75
 0.88
 0.88
 0.86
 0.77333
 0.86
 0.8
 0
 0
 0.72345
 0.8712299999999999
 0.70427
 0.75981
 0.7678700000000001
 0.64244
 0.754
 0.77967
 0.83943
 0.8383
 0.82889
 0.84573
 0.74482
 0.83862
 0.67947
 0.80789
 0.80729
 0.78603
 0.73472
 0.77096
 0.79536
 0.77957
 0.81909
 0.80627
 0.79456
 0.80977
 0.8273
 0.82682
 0
 0
 0.41668
 0.9762
 0.8091699999999999
 0.72223
 0.7515500000000001
 0.78695
 0.90322
 0.89103
 0.9307
 0.93588
 0.9476
 0.94518
 0.87299
 0.9159
 0.7766999999999999
 0.85822
 0.87303
 0.8863799999999999
 0.74579
 0.78945
 0.77283
 0.81674
 0.81749
 0.85945
 0.81435
 0.80697
 0.82762
 0.83049
 0
 0
 1
 1
 0.6
 0.66667
 0.71429
 0.625
 0.88889
 1
 1
 0.83333
 0.92308
 0.88889
 1
 0.66667
 1
 1
 1
 1
 1
 0
 1
 1
 1
 1
 1
 1
 1
 1
 0
 0
 1.30006
 1.2381
 0.675
 0.7
 0.74048
 0.68691
 0.9444399999999999
 1.04742
 1.05947
 0.89066
 0.9479
 0.9244599999999999
 0.96443
 0.77352
 0.94054
 0.95397
 0.99494
 0.92733
 0.95651
 0.56946
 0.79614
 0.96724
 0.8125
 0.97085
 0.7983
 0.94203
 1
 0.79167
 0
 0
 0.36788
 0.96796
 0.65712
 0.78454
 0.7406
 0.79179
 0.71946
 0.79396
 0.80765
 0.8593499999999999
 0.8529600000000001
 0.83147
 0.80805
 0.8445
 0.78481
 0.87064
 0.77477
 0.83465
 0.7474499999999999
 0.77559
 0.76929
 0.87722
 0.83516
 0.80254
 0.82098
 0.83299
 0.83096
 0.88342
 0
 0
 0.41668
 0.85093
 0.76727
 0.7658700000000001
 0.7577
 0.8156600000000001
 0.82757
 0.8305900000000001
 0.85947
 0.86797
 0.94095
 0.93377
 0.81093
 0.87464
 0.7893
 0.83274
 0.85142
 0.84397
 0.76266
 0.80252
 0.78786
 0.81743
 0.84674
 0.85539
 0.7997
 0.82546
 0.8289800000000001
 0.83351
 0
 0
 1
 1
 1
 1
 1
 1
 1
 1
 1
 1
 1
 1
 1
 1
 1
 1
 1
 1
 1
 1
 1
 1
 1
 1
 1
 1
 1
 1
 0
 0
 1.30006
 1.17545
 0.6738499999999999
 0.73022
 0.68502
 0.76579
 0.95635
 0.84207
 0.86966
 0.96382
 0.95617
 0.96387
 0.72528
 0.87131
 0.85214
 0.93146
 0.8023
 0.78749
 0.6886
 0.69003
 0.6633599999999999
 0.7817
 0.86815
 0.8285400000000001
 0.85142
 0.74801
 0.9922800000000001
 0.99272
 0
 0
 0.36788
 0.96199
 0.77851
 0.81059
 0.6765099999999999
 0.7875
 0.73764
 0.86448
 0.81402
 0.92304
 0.84093
 0.84432
 0.73834
 0.77077
 0.78457
 0.74698
 0.95635
 0.8924
 0.77813
 0.7942
 0.7948
 0.78286
 0.92726
 0.8162
 0.9091399999999999
 0.83984
 0.85554
 0.90913
 0
 0
 0
 0
 0
 0
 0
 0
 0
 0
 0
 0
 0
 0
 0
 0
 0
 0
 0
 0
 0
 0
 0
 0
 0
 0
 0
 0
 0
 0
 0
 0
 0
 0
 0
 0
 0
 0
 0
 0
 0
 0
 0
 0
 0
 0
 0
 0
 0
 0
 0
 0
 0
 0
 0
 0
 0
 0
 0
 0
 0
 0
 0
 0
 0
 0
 0
 0
 0
 0
 0
 0
 0
 0
 0
 0
 0
 0
 0
 0
 0
 0
 0
 0
 0
 0
 0
 0
 0
 0
 0
 0
 0
 0
 0
 0
 0
 0
 0
 0
 0
 0
 0
 0
 0
 0
 0
 0
 0
 0
 0
 0
 0
 0
 0
 0
 0
 0
 0
 0
 0
 0
 0
 0
 0
 0
 0
 0
 0
 0
 0
 0
 0
 0
 0
 0
 0
 0
 0
 0
 0
 0
 0
 0
 0
 0
 0
 0
 0
 0
 0
 0
 1
 1
 1
 1
 1
 1
 1
 1
 1
 1
 1
 1
 1
 1
 1
 1
 1
 1
 1
 1
 1
 1
 1
 1
 1
 1
 1
 1
 0
 0
 0
 0
 0
 0
 0
 0
 0
 0
 0
 0
 0
 0
 0
 0
 0
 0
 0
 0
 0
 0
 0
 0
 0
 0
 0
 0
 0
 0
 0
 0
 0
 0
 0
 0
 0
 0
 0
 0
 0
 0
 0
 0
 0
 0
 0
 0
 0
 0
 0
 0
 0
 0
 0
 0
 0
 0
 0
 0


# name: vars
# type: matrix
# ndims: 3
 1 30 19
 0
 0
 0.073922
 0.064206
 0.038716
 0.027771
 0.018737
 0.009011
 0.010858
 0.010974
 0.009575999999999999
 0.010158
 0.010794
 0.009733
 0.007521
 0.006089
 0.002633
 0.003175
 0.003817
 0.0032
 0.001821
 0.0037
 0.002977
 0.001591
 0.002411
 0.001956
 0.001993
 0.001521
 0.001285
 0.00145
 0
 0
 0.33333
 0
 0.3
 0.2
 0.2
 0.175
 0.05
 0.05
 0.05
 0.02222
 0.02222
 0.02222
 0.07778
 0.03333
 0.05694
 0.04375
 0.04375
 0.01875
 0.05575
 0.00575
 0.018
 0.0075
 0.012
 0.032
 0.02022
 0.02967
 0.00633
 0.01944
 0
 0
 0
 0
 0
 0
 0
 0
 0
 0
 0
 0
 0
 0
 0
 0
 0
 0
 0
 0
 0
 0
 0
 0
 0
 0
 0
 0
 0
 0
 0
 0
 0.20312
 0.0005999999999999999
 0.08155
 0.07593999999999999
 0.06912
 0.04652
 0.02183
 0.0292
 0.01159
 0.01253
 0.01125
 0.01029
 0.02526
 0.01495
 0.03666
 0.02724
 0.02128
 0.01918
 0.03617
 0.02925
 0.03545
 0.02735
 0.02837
 0.02219
 0.02819
 0.02909
 0.02313
 0.02464
 0
 0
 0
 0
 0
 0
 0
 0
 0
 0
 0
 0
 0
 0
 0
 0
 0
 0
 0
 0
 0
 0
 0
 0
 0
 0
 0
 0
 0
 0
 0
 0
 0
 0
 0
 0
 0
 0
 0
 0
 0
 0
 0
 0
 0
 0
 0
 0
 0
 0
 0
 0
 0
 0
 0
 0
 0
 0
 0
 0
 0
 0
 0
 0
 0
 0
 0
 0
 0
 0
 0
 0
 0
 0
 0
 0
 0
 0
 0
 0
 0
 0
 0
 0
 0
 0
 0
 0
 0
 0
 0
 0
 0.20312
 0.0237
 0.04063
 0.04814
 0.04783
 0.01925
 0.04378
 0.03054
 0.03684
 0.02624
 0.01513
 0.0159
 0.0449
 0.02968
 0.03571
 0.02821
 0.02584
 0.0311
 0.03283
 0.02966
 0.03469
 0.02875
 0.02291
 0.02553
 0.02878
 0.02578
 0.02779
 0.02382
 0
 0
 0
 0
 0
 0
 0
 0
 0
 0
 0
 0
 0
 0
 0
 0
 0
 0
 0
 0
 0
 0
 0
 0
 0
 0
 0
 0
 0
 0
 0
 0
 0
 0
 0
 0
 0
 0
 0
 0
 0
 0
 0
 0
 0
 0
 0
 0
 0
 0
 0
 0
 0
 0
 0
 0
 0
 0
 0
 0
 0
 0
 0
 0
 0
 0
 0
 0
 0
 0
 0
 0
 0
 0
 0
 0
 0
 0
 0
 0
 0
 0
 0
 0
 0
 0
 0
 0
 0
 0
 0
 0
 0
 0
 0
 0
 0
 0
 0
 0
 0
 0
 0
 0
 0
 0
 0
 0
 0
 0
 0
 0
 0
 0
 0
 0
 0
 0
 0
 0
 0
 0
 0
 0
 0
 0
 0
 0
 0
 0
 0
 0
 0
 0
 0
 0
 0
 0
 0
 0
 0
 0
 0
 0
 0
 0
 0
 0
 0
 0
 0
 0
 0
 0
 0
 0
 0
 0
 0
 0
 0
 0
 0
 0
 0
 0
 0
 0
 0
 0
 0
 0
 0
 0
 0
 0
 0
 0
 0
 0
 0
 0
 0
 0
 0
 0
 0
 0
 0
 0
 0
 0
 0
 0
 0
 0
 0
 0
 0
 0
 0
 0
 0
 0
 0
 0
 0
 0
 0
 0
 0
 0
 0
 0
 0
 0
 0
 0
 0
 0
 0
 0
 0
 0
 0
 0
 0
 0
 0
 0
 0
 0
 0
 0
 0
 0
 0
 0
 0
 0
 0
 0
 0
 0
 0
 0
 0
 0
 0
 0
 0
 0
 0
 0
 0
 0
 0
 0
 0
 0
 0
 0
 0
 0
 0
 0
 0
 0
 0
 0
 0
 0
 0
 0
 0
 0
 0
 0
 0
 0
 0
 0
 0
 0
 0
 0
 0
 0
 0
 0
 0
 0
 0
 0
 0
 0
 0
 0
 0
 0
 0
 0
 0
 0
 0
 0
 0
 0
 0
 0
 0
 0
 0
 0
 0
 0
 0
 0
 0
 0
 0
 0
 0
 0
 0
 0
 0
 0
 0
 0


