# Created by Octave 4.0.0, Sat Nov 21 16:31:18 2015 W. Europe Standard Time <unknown@Florian-PC>
# name: mus
# type: matrix
# ndims: 3
 1 30 19
 0
 0
 0.43442
 0.4791
 0.7205
 0.49497
 0.47842
 0.95134
 0.9340000000000001
 0.93193
 0.92327
 0.8872100000000001
 0.90364
 0.9358
 0.94262
 0.95355
 0.95042
 0.95455
 0.94486
 0.93475
 0.9482
 0.95034
 0.95318
 0.95153
 0.9514899999999999
 0.95736
 0.95518
 0.95748
 0.95374
 0.95726
 0
 0
 0.66667
 1
 0.8
 0.3
 0.4
 0.3
 0.2
 0.4
 0.3
 0.33333
 0.56667
 0.46667
 0.4
 0.38333
 0.28333
 0.56667
 0.53333
 0.5
 0.47
 0.51
 0.51
 0.59
 0.48
 0.48
 0.52
 0.36
 0.44
 0.4
 0
 0
 0.72446
 0.87358
 0.72205
 0.60549
 0.63891
 0.61583
 0.37856
 0.61386
 0.52273
 0.55299
 0.56016
 0.55239
 0.48894
 0.53996
 0.5603399999999999
 0.56375
 0.5625
 0.56609
 0.56099
 0.569
 0.48486
 0.5813700000000001
 0.5990799999999999
 0.46515
 0.62605
 0.61313
 0.60436
 0.57835
 0
 0
 0.72223
 0.99108
 0.8091699999999999
 0.54284
 0.49852
 0.54861
 0.52332
 0.54391
 0.6327
 0.63247
 0.62831
 0.59711
 0.56991
 0.53811
 0.60633
 0.58705
 0.61658
 0.59921
 0.5921
 0.58762
 0.60682
 0.5857
 0.59454
 0.56448
 0.58629
 0.55853
 0.64164
 0.6116
 0
 0
 0
 1
 1
 0.16667
 0.71429
 0.25
 0.5555600000000001
 0.2
 0.54545
 0.66667
 0.38462
 0.33333
 0.4
 0.33333
 1
 0
 1
 1
 0
 1
 1
 0
 0
 0
 1
 1
 0
 1
 0
 0
 0.16669
 1.14287
 1.175
 0.37085
 0.6333299999999999
 0.38542
 0.5069399999999999
 0.40328
 0.51932
 0.69242
 0.51273
 0.44877
 0.51291
 0.48929
 0.79158
 0.46235
 0.79917
 0.66712
 0.40478
 0.58754
 0.5754899999999999
 0.35716
 0.32295
 0.25002
 0.625
 0.72382
 0.50003
 0.73283
 0
 0
 0.36788
 0.75865
 0.68713
 0.69696
 0.65704
 0.66371
 0.65925
 0.69626
 0.79323
 0.62963
 0.61943
 0.62282
 0.6906
 0.62268
 0.64978
 0.63164
 0.62136
 0.62984
 0.61064
 0.6788
 0.66026
 0.70208
 0.64333
 0.66261
 0.66555
 0.65498
 0.65657
 0.67979
 0
 0
 0.72223
 0.94408
 0.77237
 0.57093
 0.54027
 0.57758
 0.53452
 0.57577
 0.60547
 0.60542
 0.57705
 0.58156
 0.58834
 0.53662
 0.5818
 0.60987
 0.59755
 0.57948
 0.58811
 0.58047
 0.59552
 0.58043
 0.58847
 0.57182
 0.6056
 0.57151
 0.62121
 0.60944
 0
 0
 1
 1
 1
 1
 1
 1
 1
 1
 1
 1
 1
 1
 1
 1
 1
 1
 1
 1
 1
 1
 1
 1
 1
 1
 1
 1
 1
 1
 0
 0
 0.16669
 1.01756
 1.19077
 0.45636
 0.50556
 0.46366
 0.46732
 0.51718
 0.51141
 0.72416
 0.54037
 0.48745
 0.57958
 0.52918
 0.58474
 0.71958
 0.72875
 0.54574
 0.62303
 0.56597
 0.5798
 0.51651
 0.69944
 0.40526
 0.7474499999999999
 0.29419
 0.5934
 0.58072
 0
 0
 0.36788
 0.75865
 0.71695
 0.68815
 0.74665
 0.68206
 0.85619
 0.59087
 0.66314
 0.68527
 0.6579199999999999
 0.68572
 0.6486499999999999
 0.68958
 0.6735
 0.67271
 0.68372
 0.66165
 0.62535
 0.72493
 0.75205
 0.65896
 0.71034
 0.61374
 0.66712
 0.67676
 0.6579700000000001
 0.63268
 0
 0
 0
 0
 0
 0
 0
 0
 0
 0
 0
 0
 0
 0
 0
 0
 0
 0
 0
 0
 0
 0
 0
 0
 0
 0
 0
 0
 0
 0
 0
 0
 0
 0
 0
 0
 0
 0
 0
 0
 0
 0
 0
 0
 0
 0
 0
 0
 0
 0
 0
 0
 0
 0
 0
 0
 0
 0
 0
 0
 0
 0
 0
 0
 0
 0
 0
 0
 0
 0
 0
 0
 0
 0
 0
 0
 0
 0
 0
 0
 0
 0
 0
 0
 0
 0
 0
 0
 0
 0
 0
 0
 0
 0
 0
 0
 0
 0
 0
 0
 0
 0
 0
 0
 0
 0
 0
 0
 0
 0
 0
 0
 0
 0
 0
 0
 0
 0
 0
 0
 0
 0
 0
 0
 0
 0
 0
 0
 0
 0
 0
 0
 0
 0
 0
 0
 0
 0
 0
 0
 0
 0
 0
 0
 0
 0
 0
 0
 0
 0
 0
 0
 1
 1
 1
 1
 1
 1
 1
 1
 1
 1
 1
 1
 1
 1
 1
 1
 1
 1
 1
 1
 1
 1
 1
 1
 1
 1
 1
 1
 0
 0
 0
 0
 0
 0
 0
 0
 0
 0
 0
 0
 0
 0
 0
 0
 0
 0
 0
 0
 0
 0
 0
 0
 0
 0
 0
 0
 0
 0
 0
 0
 0
 0
 0
 0
 0
 0
 0
 0
 0
 0
 0
 0
 0
 0
 0
 0
 0
 0
 0
 0
 0
 0
 0
 0
 0
 0
 0
 0


# name: vars
# type: matrix
# ndims: 3
 1 30 19
 0
 0
 0.081604
 0.06353
 0.042225
 0.040379
 0.035769
 0.005429
 0.007863
 0.007277
 0.005536
 0.007697
 0.005864
 0.003419
 0.002819
 0.002789
 0.002471
 0.002271
 0.002987
 0.003212
 0.002452
 0.001736
 0.001694
 0.001327
 0.001317
 0.001396
 0.001966
 0.001197
 0.001463
 0.001108
 0
 0
 0.33333
 0
 0.2
 0.2
 0.175
 0.2
 0.2
 0.175
 0.075
 0.04167
 0.07778
 0.14444
 0.07778
 0.02639
 0.03333
 0.008330000000000001
 0.00556
 0.03125
 0.017
 0.0205
 0.043
 0.0155
 0.032
 0.092
 0.04089
 0.01522
 0.05967
 0.02222
 0
 0
 0
 0
 0
 0
 0
 0
 0
 0
 0
 0
 0
 0
 0
 0
 0
 0
 0
 0
 0
 0
 0
 0
 0
 0
 0
 0
 0
 0
 0
 0
 0.17881
 0.00037
 0.06837
 0.09215
 0.05824
 0.06335
 0.07578
 0.06083
 0.05884
 0.07081999999999999
 0.0542
 0.0467
 0.05181
 0.04999
 0.04683
 0.04856
 0.0447
 0.04796
 0.04455
 0.04839
 0.04765
 0.04012
 0.04576
 0.04405
 0.04121
 0.04226
 0.04162
 0.04032
 0
 0
 0
 0
 0
 0
 0
 0
 0
 0
 0
 0
 0
 0
 0
 0
 0
 0
 0
 0
 0
 0
 0
 0
 0
 0
 0
 0
 0
 0
 0
 0
 0
 0
 0
 0
 0
 0
 0
 0
 0
 0
 0
 0
 0
 0
 0
 0
 0
 0
 0
 0
 0
 0
 0
 0
 0
 0
 0
 0
 0
 0
 0
 0
 0
 0
 0
 0
 0
 0
 0
 0
 0
 0
 0
 0
 0
 0
 0
 0
 0
 0
 0
 0
 0
 0
 0
 0
 0
 0
 0
 0
 0.17881
 0.01445
 0.06906
 0.05358
 0.03283
 0.02932
 0.03665
 0.03948
 0.04296
 0.04222
 0.04669
 0.03338
 0.04713
 0.05027
 0.04286
 0.0486
 0.04679
 0.04312
 0.04915
 0.05602
 0.05301
 0.05332
 0.05179
 0.05931
 0.05229
 0.05797
 0.05579
 0.06017
 0
 0
 0
 0
 0
 0
 0
 0
 0
 0
 0
 0
 0
 0
 0
 0
 0
 0
 0
 0
 0
 0
 0
 0
 0
 0
 0
 0
 0
 0
 0
 0
 0
 0
 0
 0
 0
 0
 0
 0
 0
 0
 0
 0
 0
 0
 0
 0
 0
 0
 0
 0
 0
 0
 0
 0
 0
 0
 0
 0
 0
 0
 0
 0
 0
 0
 0
 0
 0
 0
 0
 0
 0
 0
 0
 0
 0
 0
 0
 0
 0
 0
 0
 0
 0
 0
 0
 0
 0
 0
 0
 0
 0
 0
 0
 0
 0
 0
 0
 0
 0
 0
 0
 0
 0
 0
 0
 0
 0
 0
 0
 0
 0
 0
 0
 0
 0
 0
 0
 0
 0
 0
 0
 0
 0
 0
 0
 0
 0
 0
 0
 0
 0
 0
 0
 0
 0
 0
 0
 0
 0
 0
 0
 0
 0
 0
 0
 0
 0
 0
 0
 0
 0
 0
 0
 0
 0
 0
 0
 0
 0
 0
 0
 0
 0
 0
 0
 0
 0
 0
 0
 0
 0
 0
 0
 0
 0
 0
 0
 0
 0
 0
 0
 0
 0
 0
 0
 0
 0
 0
 0
 0
 0
 0
 0
 0
 0
 0
 0
 0
 0
 0
 0
 0
 0
 0
 0
 0
 0
 0
 0
 0
 0
 0
 0
 0
 0
 0
 0
 0
 0
 0
 0
 0
 0
 0
 0
 0
 0
 0
 0
 0
 0
 0
 0
 0
 0
 0
 0
 0
 0
 0
 0
 0
 0
 0
 0
 0
 0
 0
 0
 0
 0
 0
 0
 0
 0
 0
 0
 0
 0
 0
 0
 0
 0
 0
 0
 0
 0
 0
 0
 0
 0
 0
 0
 0
 0
 0
 0
 0
 0
 0
 0
 0
 0
 0
 0
 0
 0
 0
 0
 0
 0
 0
 0
 0
 0
 0
 0
 0
 0
 0
 0
 0
 0
 0
 0
 0
 0
 0
 0
 0
 0
 0
 0
 0
 0
 0
 0
 0
 0
 0
 0
 0
 0
 0
 0
 0
 0
 0


