# Created by Octave 4.0.0, Sat Nov 21 16:31:12 2015 W. Europe Standard Time <unknown@Florian-PC>
# name: mus
# type: matrix
# ndims: 3
 1 30 19
 0
 0
 0.53467
 0.8796
 0.9364
 0.93886
 0.8688399999999999
 0.92366
 0.92648
 0.9563
 0.94912
 0.95455
 0.94314
 0.93008
 0.9122400000000001
 0.94595
 0.93613
 0.9494899999999999
 0.9315
 0.9161
 0.93567
 0.93519
 0.9189000000000001
 0.89796
 0.90043
 0.8490799999999999
 0.82744
 0.84736
 0.85786
 0.86154
 0
 0
 0.33333
 0.25
 0.4
 0.3
 0.1
 0.6
 0.3
 0.4
 0.36667
 0.4
 0.43333
 0.46667
 0.53333
 0.6333299999999999
 0.76667
 0.6
 0.51667
 0.65
 0.72
 0.73
 0.77
 0.75
 0.8
 0.77333
 0.71333
 0.74
 0.79333
 0.6333299999999999
 0
 0
 0.57289
 0.43979
 0.52819
 0.68394
 0.53556
 0.49375
 0.44216
 0.40343
 0.03057
 0.58693
 0.46287
 0.56318
 0.63849
 0.66775
 0.55846
 0.5477
 0.58983
 0.65164
 0.63724
 0.59668
 0.66149
 0.62235
 0.64922
 0.61783
 0.69662
 0.66613
 0.5989100000000001
 0.67296
 0
 0
 0.23605
 0.31284
 0.32431
 0.30701
 0.44519
 0.42923
 0.35715
 0.34076
 0.3382
 0.42909
 0.51394
 0.51889
 0.54713
 0.5299700000000001
 0.6084000000000001
 0.59051
 0.62199
 0.63988
 0.61066
 0.62268
 0.65521
 0.67843
 0.6982
 0.72138
 0.73748
 0.7161999999999999
 0.68047
 0.6373799999999999
 0
 0
 0
 0
 0.2
 0.16667
 0.42857
 1
 0.22222
 0.3
 0.54545
 0.66667
 0.76923
 0.22222
 0.8
 1
 0.5
 1
 1
 1
 1
 0
 1
 1
 1
 1
 1
 0
 0
 0
 0
 0
 0.0813
 0.06085
 0.26393
 0.24733
 0.37594
 0.69759
 0.26348
 0.34396
 0.39898
 0.49476
 0.56162
 0.44919
 0.61785
 0.68308
 0.56245
 0.68006
 0.65483
 0.72539
 0.75658
 0.5241
 0.72973
 0.7359
 0.62222
 0.75081
 0.79409
 0.69301
 0.48456
 0.51542
 0
 0
 0.78929
 0.6116
 0.67042
 0.65906
 0.6569
 0.65469
 0.58339
 0.61548
 0.58105
 0.62638
 0.70719
 0.64573
 0.66403
 0.6355499999999999
 0.66315
 0.63771
 0.6671
 0.6651899999999999
 0.6653
 0.67913
 0.6883
 0.68956
 0.6680700000000001
 0.72842
 0.68186
 0.72427
 0.6976
 0.64267
 0
 0
 0.23732
 0.30118
 0.30793
 0.38569
 0.41775
 0.39023
 0.38051
 0.39981
 0.35359
 0.44398
 0.49503
 0.49399
 0.51835
 0.52001
 0.56313
 0.5466299999999999
 0.57682
 0.5858
 0.5595
 0.5708800000000001
 0.59338
 0.60104
 0.60398
 0.62242
 0.63228
 0.61288
 0.6012999999999999
 0.57189
 0
 0
 0.96043
 0.90837
 0.92905
 0.90637
 0.90281
 0.91886
 0.9093
 0.9090200000000001
 0.9076
 0.92645
 0.9315
 0.92255
 0.91343
 0.91169
 0.90249
 0.91448
 0.9076
 0.90643
 0.91151
 0.90567
 0.90772
 0.9043600000000001
 0.90311
 0.89839
 0.88672
 0.91737
 0.91873
 0.90774
 0
 0
 0.02112
 0.08952
 0.31648
 0.30696
 0.39848
 0.42986
 0.30867
 0.35777
 0.4159
 0.43895
 0.43956
 0.50388
 0.5414
 0.58502
 0.54676
 0.58111
 0.6393799999999999
 0.66052
 0.64223
 0.3368
 0.6727
 0.68429
 0.69833
 0.7121
 0.71668
 0.45276
 0.58196
 0.56379
 0
 0
 0.78929
 0.62817
 0.65727
 0.6341
 0.64151
 0.65986
 0.65745
 0.6140099999999999
 0.53771
 0.64617
 0.6772899999999999
 0.83147
 0.63458
 0.59853
 0.67184
 0.63232
 0.6390400000000001
 0.64423
 0.77947
 0.64039
 0.6949
 0.66751
 0.66194
 0.68375
 0.7463
 0.67369
 0.68875
 0.64772
 0
 0
 0
 0
 0
 0
 0
 0
 0
 0
 0
 0
 0
 0
 0
 0
 0
 0
 0
 0
 0
 0
 0
 0
 0
 0
 0
 0
 0
 0
 0
 0
 0
 0
 0
 0
 0
 0
 0
 0
 0
 0
 0
 0
 0
 0
 0
 0
 0
 0
 0
 0
 0
 0
 0
 0
 0
 0
 0
 0
 0
 0
 0
 0
 0
 0
 0
 0
 0
 0
 0
 0
 0
 0
 0
 0
 0
 0
 0
 0
 0
 0
 0
 0
 0
 0
 0
 0
 0
 0
 0
 0
 0
 0
 0
 0
 0
 0
 0
 0
 0
 0
 0
 0
 0
 0
 0
 0
 0
 0
 0
 0
 0
 0
 0
 0
 0
 0
 0
 0
 0
 0
 0
 0
 0
 0
 0
 0
 0
 0
 0
 0
 0
 0
 0
 0
 0
 0
 0
 0
 0
 0
 0
 0
 0
 0
 0
 0
 0
 0
 0
 0
 0.85359
 0.94511
 0.94192
 0.87152
 0.92524
 0.90211
 0.93465
 0.91767
 0.90951
 0.91816
 0.90574
 0.9214
 0.91293
 0.9063600000000001
 0.90789
 0.91056
 0.90383
 0.9105799999999999
 0.9135
 0.9116300000000001
 0.90937
 0.90959
 0.90418
 0.89585
 0.89702
 0.90581
 0.90733
 0.88785
 0
 0
 0
 0
 0
 0
 0
 0
 0
 0
 0
 0
 0
 0
 0
 0
 0
 0
 0
 0
 0
 0
 0
 0
 0
 0
 0
 0
 0
 0
 0
 0
 0
 0
 0
 0
 0
 0
 0
 0
 0
 0
 0
 0
 0
 0
 0
 0
 0
 0
 0
 0
 0
 0
 0
 0
 0
 0
 0
 0


