# Created by Octave 4.0.0, Sat Nov 21 16:31:01 2015 W. Europe Standard Time <unknown@Florian-PC>
# name: mus
# type: matrix
# ndims: 3
 1 30 19
 0
 0
 0.92147
 0.5652199999999999
 0.52134
 0.52345
 0.88889
 0.86997
 0.89223
 0.94202
 0.94329
 0.94276
 0.94314
 0.94706
 0.9443
 0.94426
 0.94445
 0.94276
 0.9457
 0.9305099999999999
 0.94486
 0.95286
 0.95318
 0.9549299999999999
 0.95404
 0.94941
 0.94697
 0.9444399999999999
 0.94564
 0.94615
 0
 0
 0.66667
 1
 1
 1
 0.8
 0.7
 0.8
 0.9
 0.93333
 0.93333
 0.9
 0.93333
 0.93333
 0.93333
 0.95
 0.93333
 0.95
 1
 1
 0.95
 0.96
 0.96
 0.96
 0.96
 0.96667
 0.96
 0.96667
 0.9
 0
 0
 0.69974
 0.99042
 0.87315
 0.9355
 0.7678199999999999
 0.86304
 0.88329
 0.94121
 0.85061
 0.87799
 0.92328
 0.91408
 0.94843
 0.95006
 0.96912
 0.94986
 0.9567099999999999
 0.9777400000000001
 0.96967
 0.93651
 0.92528
 0.94722
 0.94631
 0.94922
 0.9194
 0.92491
 0.94086
 0.91667
 0
 0
 0.9135
 0.71922
 0.8254899999999999
 0.77967
 0.76407
 0.82547
 0.8441
 0.85762
 0.87405
 0.87324
 0.88602
 0.90769
 0.91891
 0.9142
 0.92075
 0.92801
 0.9331700000000001
 0.94047
 0.92131
 0.89507
 0.89528
 0.90112
 0.90682
 0.90817
 0.8903799999999999
 0.88783
 0.88466
 0.8885
 0
 0
 0
 1
 1
 1
 1
 1
 0.77778
 0.8
 1
 0.83333
 1
 1
 0.8
 0.66667
 1
 1
 1
 1
 1
 1
 1
 1
 1
 1
 1
 1
 1
 1
 0
 0
 0.16667
 0.80449
 0.8711100000000001
 0.85677
 0.74011
 0.78057
 0.8263200000000001
 0.8188299999999999
 0.96367
 0.87313
 0.88707
 0.97998
 0.91172
 0.89975
 0.92504
 0.95326
 0.91094
 0.91237
 0.99034
 0.94675
 0.88748
 0.92727
 0.91787
 0.94786
 0.86429
 0.867
 0.8233200000000001
 0.96727
 0
 0
 0.57859
 0.73341
 0.87026
 0.82507
 0.8801600000000001
 0.8323199999999999
 0.8223200000000001
 0.86071
 0.87917
 0.8697
 0.8835499999999999
 0.87964
 0.91342
 0.9901
 0.93354
 0.92488
 0.92052
 0.93738
 0.89259
 0.85624
 0.91065
 0.85837
 0.89173
 0.92303
 0.88583
 0.87823
 0.9338
 0.84318
 0
 0
 0.91101
 0.63182
 0.80781
 0.70673
 0.7912
 0.7846
 0.83223
 0.85638
 0.86249
 0.87138
 0.89211
 0.91298
 0.92283
 0.92233
 0.92964
 0.93925
 0.94581
 0.94254
 0.92611
 0.90294
 0.90696
 0.91471
 0.92231
 0.92265
 0.89619
 0.9022
 0.90433
 0.90323
 0
 0
 0.99985
 1
 1
 1
 1
 1
 1
 1
 1
 1
 0.99661
 0.9855699999999999
 0.9842
 0.97834
 0.96941
 0.97751
 0.96704
 0.97399
 0.97366
 0.96029
 0.96174
 0.95745
 0.9595
 0.9545400000000001
 0.94903
 0.95816
 0.94625
 0.94598
 0
 0
 0.16666
 0.6831199999999999
 0.85941
 0.76822
 0.82318
 0.88562
 0.82644
 0.8147
 0.84063
 0.8512999999999999
 0.89424
 0.9272899999999999
 0.97183
 0.9291700000000001
 0.92327
 0.9643
 0.9515
 0.92988
 0.98432
 0.90699
 0.88469
 0.97643
 0.9772999999999999
 0.96241
 0.89551
 0.89464
 0.9285
 0.93563
 0
 0
 0.57859
 0.73887
 0.84163
 0.80413
 0.87213
 0.84004
 0.85177
 0.8436399999999999
 0.84836
 0.85224
 0.88364
 0.86437
 0.8892
 0.93331
 0.92166
 0.91947
 0.92605
 0.9165
 0.89437
 0.8192
 0.89124
 0.88087
 0.89371
 0.9036
 0.88715
 0.91731
 0.96404
 0.89075
 0
 0
 0
 0
 0
 0
 0
 0
 0
 0
 0
 0
 0
 0
 0
 0
 0
 0
 0
 0
 0
 0
 0
 0
 0
 0
 0
 0
 0
 0
 0
 0
 0
 0
 0
 0
 0
 0
 0
 0
 0
 0
 0
 0
 0
 0
 0
 0
 0
 0
 0
 0
 0
 0
 0
 0
 0
 0
 0
 0
 0
 0
 0
 0
 0
 0
 0
 0
 0
 0
 0
 0
 0
 0
 0
 0
 0
 0
 0
 0
 0
 0
 0
 0
 0
 0
 0
 0
 0
 0
 0
 0
 0
 0
 0
 0
 0
 0
 0
 0
 0
 0
 0
 0
 0
 0
 0
 0
 0
 0
 0
 0
 0
 0
 0
 0
 0
 0
 0
 0
 0
 0
 0
 0
 0
 0
 0
 0
 0
 0
 0
 0
 0
 0
 0
 0
 0
 0
 0
 0
 0
 0
 0
 0
 0
 0
 0
 0
 0
 0
 0
 0
 0.99997
 1
 1
 1
 1
 1
 1
 1
 0.99979
 0.99942
 0.99349
 0.9778
 0.98359
 0.98178
 0.96589
 0.97682
 0.96792
 0.9646400000000001
 0.9696900000000001
 0.9648099999999999
 0.96126
 0.95604
 0.95477
 0.9577599999999999
 0.94736
 0.95701
 0.9528
 0.95108
 0
 0
 0
 0
 0
 0
 0
 0
 0
 0
 0
 0
 0
 0
 0
 0
 0
 0
 0
 0
 0
 0
 0
 0
 0
 0
 0
 0
 0
 0
 0
 0
 0
 0
 0
 0
 0
 0
 0
 0
 0
 0
 0
 0
 0
 0
 0
 0
 0
 0
 0
 0
 0
 0
 0
 0
 0
 0
 0
 0


