# Created by Octave 4.0.0, Sat Nov 21 16:31:04 2015 W. Europe Standard Time <unknown@Florian-PC>
# name: mus
# type: matrix
# ndims: 3
 1 30 19
 0
 0
 0.49875
 0.49833
 0.90795
 0.55528
 0.94737
 0.94631
 0.82707
 0.8605
 0.85571
 0.85438
 0.83946
 0.8428600000000001
 0.84979
 0.9298999999999999
 0.94084
 0.9457100000000001
 0.94904
 0.94746
 0.94904
 0.94473
 0.94816
 0.94728
 0.94894
 0.95318
 0.95286
 0.95238
 0.95183
 0.95385
 0
 0
 1
 1
 0.6
 0.6
 0.2
 0.8
 0.6
 0.6
 0.6
 0.93333
 0.9
 0.8666700000000001
 0.8
 0.8833299999999999
 0.8833299999999999
 0.81667
 0.83333
 0.85
 0.86
 0.96
 0.95
 0.96
 0.96
 0.96
 0.96667
 0.92667
 0.93333
 0.93333
 0
 0
 1
 1
 0.6791700000000001
 0.74222
 0.68849
 0.76264
 0.79288
 0.62715
 0.72753
 0.74683
 0.79754
 0.83694
 0.84695
 0.86159
 0.87374
 0.8779400000000001
 0.8559600000000001
 0.9164
 0.91362
 0.86692
 0.90257
 0.92465
 0.90059
 0.92842
 0.91922
 0.9169
 0.9208499999999999
 0.93921
 0
 0
 1
 1
 0.47639
 0.59046
 0.58491
 0.64942
 0.62479
 0.60227
 0.81074
 0.79435
 0.85732
 0.87163
 0.86324
 0.89397
 0.90204
 0.91193
 0.9091900000000001
 0.91897
 0.9126300000000001
 0.9221200000000001
 0.92086
 0.92264
 0.9248
 0.92296
 0.92042
 0.9265
 0.9233
 0.92788
 0
 0
 1
 1
 0.4
 0.66667
 0.57143
 0.5
 0.77778
 0.6
 0.72727
 0.91667
 0.92308
 0.88889
 1
 1
 1
 0
 1
 1
 1
 0
 1
 1
 1
 1
 1
 1
 1
 1
 0
 0
 1
 1
 0.55116
 0.66647
 0.52911
 0.59097
 0.6307700000000001
 0.60804
 0.7333
 0.8429
 0.8924800000000001
 0.8970399999999999
 0.9208
 0.93324
 0.93956
 0.77214
 0.9245
 0.95633
 0.91599
 0.83618
 0.8684500000000001
 0.89927
 0.90424
 0.85631
 0.89561
 0.90306
 0.90372
 0.92458
 0
 0
 1
 1
 0.74816
 0.69602
 0.68329
 0.85585
 0.74408
 0.7362
 0.76864
 0.73947
 0.79292
 0.80285
 0.83163
 0.84476
 0.87397
 0.83577
 0.82759
 0.84546
 0.87747
 0.90673
 0.91248
 0.91591
 0.92658
 0.92065
 0.94652
 0.94056
 0.9376100000000001
 0.90992
 0
 0
 1
 1
 0.45072
 0.59396
 0.56497
 0.64053
 0.61185
 0.61273
 0.7159799999999999
 0.70263
 0.77583
 0.76498
 0.78447
 0.81194
 0.82379
 0.82555
 0.84236
 0.83197
 0.85005
 0.8695000000000001
 0.8675
 0.87336
 0.87066
 0.87371
 0.8737
 0.88688
 0.88688
 0.88411
 0
 0
 0.88954
 0.8863799999999999
 0.89495
 0.95033
 0.90095
 0.90768
 0.90271
 0.91949
 0.92272
 0.92092
 0.93524
 0.93023
 0.90274
 0.90081
 0.92091
 0.90468
 0.9161
 0.91287
 0.91073
 0.90227
 0.91226
 0.89996
 0.90243
 0.91612
 0.89572
 0.89867
 0.89812
 0.9046
 0
 0
 1
 1
 0.51661
 0.6765099999999999
 0.54356
 0.62346
 0.62636
 0.61273
 0.73565
 0.77584
 0.84951
 0.8625699999999999
 0.87897
 0.90834
 0.9293400000000001
 0.42222
 0.93971
 0.94804
 0.93704
 0.93918
 0.95026
 0.94665
 0.96035
 0.94197
 0.94355
 0.94353
 0.955
 0.94484
 0
 0
 1
 1
 0.77961
 0.6553600000000001
 0.67502
 0.78606
 0.70365
 0.73602
 0.775
 0.74425
 0.77849
 0.86816
 0.84602
 0.86995
 0.81677
 0.8235
 0.80649
 0.8345
 0.89368
 0.84659
 0.87713
 0.90063
 0.86838
 0.89683
 0.8623499999999999
 0.89129
 0.89054
 0.97763
 0
 0
 0
 0
 0
 0
 0
 0
 0
 0
 0
 0
 0
 0
 0
 0
 0
 0
 0
 0
 0
 0
 0
 0
 0
 0
 0
 0
 0
 0
 0
 0
 0
 0
 0
 0
 0
 0
 0
 0
 0
 0
 0
 0
 0
 0
 0
 0
 0
 0
 0
 0
 0
 0
 0
 0
 0
 0
 0
 0
 0
 0
 0
 0
 0
 0
 0
 0
 0
 0
 0
 0
 0
 0
 0
 0
 0
 0
 0
 0
 0
 0
 0
 0
 0
 0
 0
 0
 0
 0
 0
 0
 0
 0
 0
 0
 0
 0
 0
 0
 0
 0
 0
 0
 0
 0
 0
 0
 0
 0
 0
 0
 0
 0
 0
 0
 0
 0
 0
 0
 0
 0
 0
 0
 0
 0
 0
 0
 0
 0
 0
 0
 0
 0
 0
 0
 0
 0
 0
 0
 0
 0
 0
 0
 0
 0
 0
 0
 0
 0
 0
 0
 0.97659
 0.92406
 0.93058
 0.9054
 0.93676
 0.94431
 0.88619
 0.89959
 0.9402
 0.93283
 0.91399
 0.91688
 0.91249
 0.9155799999999999
 0.90867
 0.91049
 0.9085
 0.91145
 0.90859
 0.9043600000000001
 0.90756
 0.9049199999999999
 0.90466
 0.89904
 0.9034799999999999
 0.89971
 0.90581
 0.89483
 0
 0
 0
 0
 0
 0
 0
 0
 0
 0
 0
 0
 0
 0
 0
 0
 0
 0
 0
 0
 0
 0
 0
 0
 0
 0
 0
 0
 0
 0
 0
 0
 0
 0
 0
 0
 0
 0
 0
 0
 0
 0
 0
 0
 0
 0
 0
 0
 0
 0
 0
 0
 0
 0
 0
 0
 0
 0
 0
 0


