# Created by Octave 4.0.0, Sat Nov 21 16:31:11 2015 W. Europe Standard Time <unknown@Florian-PC>
# name: mus
# type: matrix
# ndims: 3
 1 30 19
 0
 0
 0.49875
 0.49833
 0.87029
 0.5469000000000001
 0.93484
 0.93037
 0.90393
 0.9395
 0.95246
 0.94865
 0.94231
 0.95546
 0.94515
 0.9451000000000001
 0.95908
 0.95791
 0.95739
 0.95
 0.95238
 0.95146
 0.95987
 0.95748
 0.9617
 0.96154
 0.9577
 0.96003
 0.96047
 0.95897
 0
 0
 1
 1
 0.8
 0.8
 0.6
 0.7
 0.6
 0.7
 0.7
 0.76667
 0.56667
 0.53333
 0.6
 0.71667
 0.7
 0.38333
 0.43333
 0.5
 0.43
 0.65
 0.68
 0.63
 0.5600000000000001
 0.5
 0.54667
 0.46
 0.52
 0.66667
 0
 0
 1
 1
 0.70913
 0.82799
 0.82847
 0.77981
 0.77791
 0.63447
 0.7484
 0.72858
 0.7053
 0.73711
 0.70564
 0.74429
 0.72
 0.59832
 0.72938
 0.65517
 0.75487
 0.65019
 0.69739
 0.60563
 0.64985
 0.5280899999999999
 0.61963
 0.57708
 0.56254
 0.64867
 0
 0
 1
 1
 0.6898
 0.75008
 0.6727300000000001
 0.70541
 0.65367
 0.64292
 0.61996
 0.6105
 0.60864
 0.62795
 0.62324
 0.6382100000000001
 0.60663
 0.5713
 0.58895
 0.60048
 0.61612
 0.60828
 0.60202
 0.58129
 0.56421
 0.54799
 0.55559
 0.54342
 0.55466
 0.57447
 0
 0
 1
 1
 0.8
 0.66667
 0.71429
 0.625
 0.88889
 0.8
 0.54545
 0.66667
 0.69231
 0.5555600000000001
 0.6
 0
 1
 1
 1
 1
 0
 1
 1
 1
 0
 0
 0
 0
 0
 0
 0
 0
 1
 1
 0.77035
 0.69462
 0.6321099999999999
 0.74732
 0.66818
 0.6470399999999999
 0.61587
 0.59513
 0.56957
 0.68924
 0.58358
 0.56828
 0.61554
 0.57438
 0.59857
 0.68168
 0.56234
 0.60548
 0.60708
 0.56096
 0.56121
 0.54235
 0.51044
 0.52138
 0.55765
 0.54161
 0
 0
 1
 1
 0.67011
 0.69783
 0.73345
 0.86141
 0.74334
 0.7298
 0.72564
 0.72525
 0.73972
 0.7627699999999999
 0.7208599999999999
 0.71752
 0.70429
 0.7246899999999999
 0.73069
 0.72775
 0.67914
 0.68955
 0.71895
 0.70251
 0.65241
 0.66326
 0.66523
 0.64116
 0.645
 0.64999
 0
 0
 1
 1
 0.63549
 0.70909
 0.65822
 0.70508
 0.6284
 0.63805
 0.6242
 0.6206199999999999
 0.59928
 0.62138
 0.62141
 0.65938
 0.61032
 0.58383
 0.60328
 0.6009
 0.62421
 0.61174
 0.60814
 0.60127
 0.57781
 0.5595599999999999
 0.57345
 0.55265
 0.56857
 0.58078
 0
 0
 0.9999
 1
 1
 1
 1
 1
 1
 1
 1
 0.99991
 0.99219
 0.9895
 0.98237
 0.97075
 0.96785
 0.96341
 0.96879
 0.96585
 0.95725
 0.9547099999999999
 0.96352
 0.96245
 0.95743
 0.95235
 0.9463
 0.95752
 0.94854
 0.95341
 0
 0
 1
 1
 0.71406
 0.68274
 0.66683
 0.76466
 0.63139
 0.60401
 0.61774
 0.64003
 0.58373
 0.65364
 0.68269
 0.62665
 0.58202
 0.5821
 0.59111
 0.58623
 0.60717
 0.58895
 0.58817
 0.57478
 0.59463
 0.54684
 0.56136
 0.54369
 0.56284
 0.57635
 0
 0
 1
 1
 0.70978
 0.66605
 0.70782
 0.78525
 0.74436
 0.8345
 0.7072000000000001
 0.69335
 0.71201
 0.71226
 0.68816
 0.7077599999999999
 0.74536
 0.69017
 0.69878
 0.7457
 0.69664
 0.67787
 0.69751
 0.67624
 0.68354
 0.6524
 0.64077
 0.64384
 0.74488
 0.64851
 0
 0
 0
 0
 0
 0
 0
 0
 0
 0
 0
 0
 0
 0
 0
 0
 0
 0
 0
 0
 0
 0
 0
 0
 0
 0
 0
 0
 0
 0
 0
 0
 0
 0
 0
 0
 0
 0
 0
 0
 0
 0
 0
 0
 0
 0
 0
 0
 0
 0
 0
 0
 0
 0
 0
 0
 0
 0
 0
 0
 0
 0
 0
 0
 0
 0
 0
 0
 0
 0
 0
 0
 0
 0
 0
 0
 0
 0
 0
 0
 0
 0
 0
 0
 0
 0
 0
 0
 0
 0
 0
 0
 0
 0
 0
 0
 0
 0
 0
 0
 0
 0
 0
 0
 0
 0
 0
 0
 0
 0
 0
 0
 0
 0
 0
 0
 0
 0
 0
 0
 0
 0
 0
 0
 0
 0
 0
 0
 0
 0
 0
 0
 0
 0
 0
 0
 0
 0
 0
 0
 0
 0
 0
 0
 0
 0
 0
 0
 0
 0
 0
 0
 0.99996
 1
 1
 1
 1
 0.99963
 1
 1
 0.9997200000000001
 1
 0.99317
 0.97619
 0.98499
 0.97433
 0.96641
 0.97936
 0.96871
 0.97188
 0.96544
 0.95538
 0.96371
 0.95578
 0.95749
 0.95695
 0.9537
 0.9506
 0.94589
 0.93933
 0
 0
 0
 0
 0
 0
 0
 0
 0
 0
 0
 0
 0
 0
 0
 0
 0
 0
 0
 0
 0
 0
 0
 0
 0
 0
 0
 0
 0
 0
 0
 0
 0
 0
 0
 0
 0
 0
 0
 0
 0
 0
 0
 0
 0
 0
 0
 0
 0
 0
 0
 0
 0
 0
 0
 0
 0
 0
 0
 0


# name: vars
# type: matrix
# ndims: 3
 1 30 19
 0
 0
 0.088148
 0.061658
 0.022265
 0.044927
 0.007974
 0.007682
 0.010808
 0.005461
 0.00453
 0.003643
 0.004113
 0.00267
 0.003505
 0.003634
 0.002408
 0.00352
 0.002489
 0.002328
 0.001701
 0.002334
 0.002583
 0.001989
 0.001458
 0.001249
 0.001585
 0.00163
 0.000866
 0.001021
 0
 0
 0
 0
 0.2
 0.2
 0.3
 0.2
 0.3
 0.2
 0.2
 0.10556
 0.07778
 0.14444
 0.07778
 0.09583
 0.08889
 0.0125
 0.03264
 0.03125
 0.04325
 0.055
 0.047
 0.0245
 0.008
 0.01
 0.01867
 0.03689
 0.01589
 0.01389
 0
 0
 0
 0
 0
 0
 0
 0
 0
 0
 0
 0
 0
 0
 0
 0
 0
 0
 0
 0
 0
 0
 0
 0
 0
 0
 0
 0
 0
 0
 0
 0
 0
 0
 0.027454
 0.022014
 0.03667
 0.027745
 0.014799
 0.012047
 0.011638
 0.01017
 0.006689
 0.005375
 0.004946
 0.004018
 0.004446
 0.003726
 0.00401
 0.00378
 0.003039
 0.002816
 0.002775
 0.002429
 0.002162
 0.001866
 0.001835
 0.001778
 0.001535
 0.001762
 0
 0
 1.4247e-007
 1.3148e-032
 2.9517e-015
 8.5656e-020
 5.5569e-031
 3.776e-032
 1.5808e-031
 4.1155e-030
 1.6741e-030
 7.5232e-028
 4.0686e-028
 8.9941e-010
 2.4124e-007
 6.9304e-005
 0.00016637
 1.4517e-006
 6.7442e-005
 0.00028937
 5.801800000000001e-007
 0.00021936
 0.00042118
 3.9014e-005
 1.066e-008
 2.4853e-005
 6.4358e-006
 5.0229e-005
 8.759e-011
 6.8644e-006
 0
 0
 0
 0
 0
 0
 0
 0
 0
 0
 0
 0
 0
 0
 0
 0
 0
 0
 0
 0
 0
 0
 0
 0
 0
 0
 0
 0
 0
 0
 0
 0
 0
 0
 0
 0
 0
 0
 0
 0
 0
 0
 0
 0
 0
 0
 0
 0
 0
 0
 0
 0
 0
 0
 0
 0
 0
 0
 0
 0
 0
 0
 0
 0
 0.036326
 0.034215
 0.04123
 0.030632
 0.022195
 0.017145
 0.017728
 0.01554
 0.01351
 0.013355
 0.014314
 0.015436
 0.010535
 0.008742
 0.008972000000000001
 0.011251
 0.009601
 0.009379
 0.00916
 0.008411999999999999
 0.006553
 0.005686
 0.005348
 0.004114
 0.007011
 0.007815000000000001
 0
 0
 0
 0
 0
 0
 0
 0
 0
 0
 0
 1e-006
 0.001507
 0.002599
 0.003772
 0.005362
 0.006911
 0.009601
 0.006337
 0.007506
 0.010265
 0.011668
 0.008991000000000001
 0.007041
 0.008928
 0.011351
 0.012641
 0.010203
 0.011275
 0.009387
 0
 0
 0
 0
 0
 0
 0
 0
 0
 0
 0
 0
 0
 0
 0
 0
 0
 0
 0
 0
 0
 0
 0
 0
 0
 0
 0
 0
 0
 0
 0
 0
 0
 0
 0
 0
 0
 0
 0
 0
 0
 0
 0
 0
 0
 0
 0
 0
 0
 0
 0
 0
 0
 0
 0
 0
 0
 0
 0
 0
 0
 0
 0
 0
 0
 0
 0
 0
 0
 0
 0
 0
 0
 0
 0
 0
 0
 0
 0
 0
 0
 0
 0
 0
 0
 0
 0
 0
 0
 0
 0
 0
 0
 0
 0
 0
 0
 0
 0
 0
 0
 0
 0
 0
 0
 0
 0
 0
 0
 0
 0
 0
 0
 0
 0
 0
 0
 0
 0
 0
 0
 0
 0
 0
 0
 0
 0
 0
 0
 0
 0
 0
 0
 0
 0
 0
 0
 0
 0
 0
 0
 0
 0
 0
 0
 0
 0
 0
 0
 0
 0
 0
 0
 0
 0
 0
 0
 0
 0
 0
 0
 0
 0
 0
 0
 0
 0
 0
 0
 0
 0
 0
 0
 0
 0
 0
 0
 0
 0
 0
 0
 0
 0
 0
 0
 0
 0
 0
 0
 0
 0
 0
 0
 0
 0
 0
 0
 0
 0
 0
 0
 0
 0
 0
 0
 0
 0
 0
 0
 0
 0
 0
 0
 0
 0
 0
 0
 9e-006
 0
 0
 9e-006
 0
 0.00219
 0.008541999999999999
 0.002597
 0.00484
 0.00793
 0.003494
 0.00606
 0.005112
 0.0073
 0.009662
 0.007957000000000001
 0.008513
 0.009887
 0.009549999999999999
 0.009139
 0.011715
 0.012582
 0.01246
 0
 0
 0
 0
 0
 0
 0
 0
 0
 0
 0
 0
 0
 0
 0
 0
 0
 0
 0
 0
 0
 0
 0
 0
 0
 0
 0
 0
 0
 0
 0
 0
 0
 0
 0
 0
 0
 0
 0
 0
 0
 0
 0
 0
 0
 0
 0
 0
 0
 0
 0
 0
 0
 0
 0
 0
 0
 0
 0
 0


