# Created by Octave 4.0.0, Sat Nov 21 16:31:23 2015 W. Europe Standard Time <unknown@Florian-PC>
# name: mus
# type: matrix
# ndims: 3
 1 30 19
 0
 0
 0.5421899999999999
 0.72993
 0.74393
 0.70268
 0.66416
 0.63674
 0.6391
 0.8479
 0.86072
 0.86111
 0.85201
 0.84706
 0.80928
 0.8361499999999999
 0.83891
 0.82576
 0.82512
 0.84576
 0.82038
 0.82926
 0.82212
 0.83248
 0.81617
 0.8286
 0.8266
 0.81987
 0.81948
 0.81538
 0
 0
 0.33333
 0.5
 0.8
 0.8
 0.8
 1
 0.9
 0.7
 0.6333299999999999
 0.76667
 0.53333
 0.6
 0.73333
 0.68333
 0.65
 0.73333
 0.5
 0.6
 0.68
 0.76
 0.78
 0.78
 0.8
 0.81333
 0.82667
 0.81333
 0.82
 0.83333
 0
 0
 0.59615
 0.47541
 0.80246
 0.84304
 0.88374
 0.91466
 0.76864
 0.65585
 0.63275
 0.69247
 0.70358
 0.7095900000000001
 0.67537
 0.71285
 0.64681
 0.68648
 0.64771
 0.64442
 0.67561
 0.69923
 0.73159
 0.7389
 0.77705
 0.76069
 0.73551
 0.77554
 0.80277
 0.81287
 0
 0
 0.3493
 0.29569
 0.81689
 0.81308
 0.90566
 0.9323900000000001
 0.87393
 0.71517
 0.66951
 0.72662
 0.68471
 0.75464
 0.66268
 0.64075
 0.60073
 0.65811
 0.61033
 0.67281
 0.7016
 0.72289
 0.76217
 0.7665999999999999
 0.7962900000000001
 0.79819
 0.7942
 0.8212699999999999
 0.81221
 0.82392
 0
 0
 0.33333
 0.25
 0.8
 0.83333
 1
 1
 0.77778
 0.7
 0.54545
 0.66667
 0.53846
 0.77778
 0.8
 1
 0.5
 1
 0
 0
 1
 1
 1
 1
 1
 1
 1
 0
 1
 1
 0
 0
 0.33333
 0.15196
 0.77655
 0.92355
 0.96658
 0.95546
 0.84711
 0.7071499999999999
 0.64588
 0.68675
 0.63897
 0.73473
 0.67109
 0.75461
 0.60836
 0.75045
 0.52284
 0.6045199999999999
 0.80352
 0.7097
 0.7877999999999999
 0.84322
 0.7522799999999999
 0.8946499999999999
 0.73747
 0.76018
 0.89893
 0.91456
 0
 0
 0.78929
 0.45221
 0.64175
 0.75245
 0.8396400000000001
 0.8414700000000001
 0.80225
 0.72867
 0.68043
 0.80435
 0.7829199999999999
 0.79374
 0.74465
 0.69678
 0.69518
 0.7359
 0.702
 0.70889
 0.71435
 0.71948
 0.6979300000000001
 0.716
 0.73727
 0.72563
 0.72898
 0.78002
 0.74293
 0.81609
 0
 0
 0.32367
 0.29232
 0.75897
 0.79229
 0.8807
 0.87749
 0.8244
 0.6987100000000001
 0.65741
 0.69631
 0.6465
 0.71089
 0.64093
 0.634
 0.60063
 0.63797
 0.60324
 0.64419
 0.63705
 0.66834
 0.68058
 0.70226
 0.72335
 0.72088
 0.7225
 0.7492799999999999
 0.7359599999999999
 0.74246
 0
 0
 0.9624
 0.95533
 0.90185
 0.9271
 0.92208
 0.93466
 0.91509
 0.9302
 0.92148
 0.91089
 0.91652
 0.91296
 0.92037
 0.91124
 0.91637
 0.90452
 0.91246
 0.90476
 0.90786
 0.90191
 0.90799
 0.89939
 0.90629
 0.89614
 0.91312
 0.90101
 0.89452
 0.91035
 0
 0
 0.33333
 0.15196
 0.75565
 0.95136
 0.96995
 0.83272
 0.91791
 0.64484
 0.66244
 0.69908
 0.6726799999999999
 0.71106
 0.64934
 0.64048
 0.61957
 0.64473
 0.62942
 0.66126
 0.6842
 0.70978
 0.75652
 0.7356
 0.78517
 0.76408
 0.78202
 0.78028
 0.7901899999999999
 0.7996799999999999
 0
 0
 0.78929
 0.44846
 0.64849
 0.7210299999999999
 0.8342000000000001
 0.83329
 0.78769
 0.72382
 0.7402
 0.78427
 0.7813
 0.87909
 0.77179
 0.66523
 0.712
 0.729
 0.72348
 0.57139
 0.70225
 0.71273
 0.68634
 0.7112000000000001
 0.74509
 0.7205
 0.73032
 0.41878
 0.75195
 0.84493
 0
 0
 0
 0
 0
 0
 0
 0
 0
 0
 0
 0
 0
 0
 0
 0
 0
 0
 0
 0
 0
 0
 0
 0
 0
 0
 0
 0
 0
 0
 0
 0
 0
 0
 0
 0
 0
 0
 0
 0
 0
 0
 0
 0
 0
 0
 0
 0
 0
 0
 0
 0
 0
 0
 0
 0
 0
 0
 0
 0
 0
 0
 0
 0
 0
 0
 0
 0
 0
 0
 0
 0
 0
 0
 0
 0
 0
 0
 0
 0
 0
 0
 0
 0
 0
 0
 0
 0
 0
 0
 0
 0
 0
 0
 0
 0
 0
 0
 0
 0
 0
 0
 0
 0
 0
 0
 0
 0
 0
 0
 0
 0
 0
 0
 0
 0
 0
 0
 0
 0
 0
 0
 0
 0
 0
 0
 0
 0
 0
 0
 0
 0
 0
 0
 0
 0
 0
 0
 0
 0
 0
 0
 0
 0
 0
 0
 0
 0
 0
 0
 0
 0
 0.84773
 0.92891
 0.92832
 0.92649
 0.90547
 0.91126
 0.92221
 0.93096
 0.91294
 0.92319
 0.9255
 0.90676
 0.92142
 0.90983
 0.90872
 0.91272
 0.91471
 0.9085800000000001
 0.89403
 0.8990899999999999
 0.90102
 0.90422
 0.90528
 0.9000899999999999
 0.89562
 0.90983
 0.90287
 0.89879
 0
 0
 0
 0
 0
 0
 0
 0
 0
 0
 0
 0
 0
 0
 0
 0
 0
 0
 0
 0
 0
 0
 0
 0
 0
 0
 0
 0
 0
 0
 0
 0
 0
 0
 0
 0
 0
 0
 0
 0
 0
 0
 0
 0
 0
 0
 0
 0
 0
 0
 0
 0
 0
 0
 0
 0
 0
 0
 0
 0


