# Created by Octave 4.0.0, Sat Nov 21 16:31:08 2015 W. Europe Standard Time <unknown@Florian-PC>
# name: mus
# type: matrix
# ndims: 3
 1 30 19
 0
 0
 0.90977
 0.75334
 0.88954
 0.9154099999999999
 0.92147
 0.93792
 0.92732
 0.93277
 0.93161
 0.93519
 0.92809
 0.92571
 0.94177
 0.94341
 0.94395
 0.9444399999999999
 0.92565
 0.9339
 0.9331700000000001
 0.94276
 0.93834
 0.9438800000000001
 0.94638
 0.9464900000000001
 0.94402
 0.94529
 0.93784
 0.9418800000000001
 0
 0
 0
 0.75
 0.6
 0.7
 0.7
 0.7
 0.7
 0.7
 0.7
 0.73333
 0.76667
 0.8
 0.8
 0.8666700000000001
 0.8666700000000001
 0.95
 0.85
 0.8
 0.82
 0.8
 0.84
 0.92
 0.92
 0.92
 0.92667
 0.92667
 0.93333
 0.93333
 0
 0
 0.41303
 0.5992
 0.47364
 0.63706
 0.68785
 0.6977
 0.74005
 0.8174
 0.78655
 0.75965
 0.80324
 0.8381999999999999
 0.83396
 0.89333
 0.89669
 0.89659
 0.84022
 0.85309
 0.87974
 0.89644
 0.88917
 0.91622
 0.91287
 0.90342
 0.91027
 0.91945
 0.91481
 0.92202
 0
 0
 0.13891
 0.89485
 0.69751
 0.79167
 0.77097
 0.81673
 0.82686
 0.84048
 0.86029
 0.871
 0.8557900000000001
 0.87331
 0.87981
 0.93137
 0.9612000000000001
 0.95606
 0.87441
 0.88385
 0.89793
 0.93297
 0.9383
 0.94378
 0.94802
 0.95165
 0.95474
 0.94719
 0.95474
 0.95399
 0
 0
 0
 1
 0.2
 0.5
 0.57143
 0.875
 0.77778
 0.8
 0.90909
 1
 0.92308
 0.5555600000000001
 1
 1
 1
 1
 1
 0
 1
 1
 1
 0
 0
 1
 1
 1
 1
 1
 0
 0
 0.16669
 1.2381
 0.37083
 0.52917
 0.59881
 0.93393
 0.7877
 0.8119
 0.95076
 1.01616
 0.92279
 0.76485
 0.96654
 1.01122
 0.97777
 1.00321
 0.83784
 0.66294
 0.82317
 1.04167
 1.03409
 0.71429
 0.73438
 1.04167
 1
 1
 1
 1
 0
 0
 0.36788
 0.5258699999999999
 0.61832
 0.69151
 0.75341
 0.7413
 0.94301
 0.85686
 0.9091
 0.91551
 0.85607
 0.82391
 0.88591
 0.90943
 0.99794
 0.89598
 0.86332
 0.89362
 0.88991
 0.895
 0.95785
 0.92741
 0.92314
 0.92032
 0.91889
 0.9362
 0.92025
 0.9718
 0
 0
 0.13891
 0.82474
 0.76844
 0.7572
 0.79054
 0.76073
 0.84927
 0.8654500000000001
 0.8417
 0.86107
 0.88065
 0.89715
 0.9121899999999999
 0.95047
 0.94668
 0.95753
 0.8702
 0.87453
 0.90561
 0.92754
 0.93651
 0.9261
 0.93551
 0.9406099999999999
 0.94755
 0.94911
 0.95846
 0.95428
 0
 0
 1
 1
 1
 1
 1
 1
 1
 1
 1
 1
 1
 1
 1
 1
 1
 1
 1
 1
 1
 1
 1
 1
 1
 1
 1
 1
 1
 1
 0
 0
 0.16669
 1.17552
 0.42833
 0.5395
 0.61071
 0.89777
 0.81537
 0.74194
 0.92776
 0.78969
 0.8935999999999999
 0.82485
 0.81456
 0.87138
 0.8622300000000001
 1.04344
 0.82375
 1.00278
 0.88827
 1.12211
 0.92596
 1.03302
 1.11676
 1.08484
 0.991
 1
 1
 1
 0
 0
 0.36788
 0.54614
 0.60132
 0.67422
 0.76395
 0.78982
 0.78645
 0.76996
 0.79269
 1.06725
 0.8361499999999999
 0.82812
 1.12787
 1.01296
 1.03229
 0.8995
 0.91701
 1.01339
 0.92874
 0.92187
 0.88223
 0.99498
 0.93987
 0.95342
 0.92977
 0.93752
 0.92363
 0.91714
 0
 0
 0
 0
 0
 0
 0
 0
 0
 0
 0
 0
 0
 0
 0
 0
 0
 0
 0
 0
 0
 0
 0
 0
 0
 0
 0
 0
 0
 0
 0
 0
 0
 0
 0
 0
 0
 0
 0
 0
 0
 0
 0
 0
 0
 0
 0
 0
 0
 0
 0
 0
 0
 0
 0
 0
 0
 0
 0
 0
 0
 0
 0
 0
 0
 0
 0
 0
 0
 0
 0
 0
 0
 0
 0
 0
 0
 0
 0
 0
 0
 0
 0
 0
 0
 0
 0
 0
 0
 0
 0
 0
 0
 0
 0
 0
 0
 0
 0
 0
 0
 0
 0
 0
 0
 0
 0
 0
 0
 0
 0
 0
 0
 0
 0
 0
 0
 0
 0
 0
 0
 0
 0
 0
 0
 0
 0
 0
 0
 0
 0
 0
 0
 0
 0
 0
 0
 0
 0
 0
 0
 0
 0
 0
 0
 0
 0
 0
 0
 0
 0
 0
 1
 1
 1
 1
 1
 1
 1
 1
 1
 1
 1
 1
 1
 1
 1
 1
 1
 1
 1
 1
 1
 1
 1
 1
 1
 1
 1
 1
 0
 0
 0
 0
 0
 0
 0
 0
 0
 0
 0
 0
 0
 0
 0
 0
 0
 0
 0
 0
 0
 0
 0
 0
 0
 0
 0
 0
 0
 0
 0
 0
 0
 0
 0
 0
 0
 0
 0
 0
 0
 0
 0
 0
 0
 0
 0
 0
 0
 0
 0
 0
 0
 0
 0
 0
 0
 0
 0
 0


# name: vars
# type: matrix
# ndims: 3
 1 30 19
 0
 0
 0.027573
 0.053261
 0.017663
 0.012309
 0.011564
 0.0071
 0.008239
 0.005781
 0.006605
 0.003197
 0.004656
 0.005407
 0.003916
 0.002908
 0.003327
 0.002944
 0.003363
 0.003141
 0.003957
 0.002743
 0.002908
 0.002644
 0.002245
 0.001741
 0.002672
 0.001397
 0.002596
 0.00127
 0
 0
 0
 0.25
 0.3
 0.2
 0.2
 0.2
 0.2
 0.2
 0.2
 0.18889
 0.10556
 0.08889
 0.08889
 0.08889
 0.08889
 0.0125
 0.01875
 0.0125
 0.03075
 0.04375
 0.028
 0.012
 0.012
 0.012
 0.01022
 0.01022
 0.008330000000000001
 0.008330000000000001
 0
 0
 0
 0
 0
 0
 0
 0
 0
 0
 0
 0
 0
 0
 0
 0
 0
 0
 0
 0
 0
 0
 0
 0
 0
 0
 0
 0
 0
 0
 0
 0
 0.017366
 0.058506
 0.09801799999999999
 0.077824
 0.065308
 0.04383
 0.040478
 0.030982
 0.031182
 0.030319
 0.026792
 0.025489
 0.024598
 0.014039
 0.006505
 0.008404999999999999
 0.023154
 0.02005
 0.018092
 0.011045
 0.010953
 0.010911
 0.009334
 0.008924
 0.007873
 0.010118
 0.007833
 0.008418
 0
 0
 0
 0
 0
 0
 0
 0
 0
 0
 0
 0
 0
 0
 0
 0
 0
 0
 0
 0
 0
 0
 0
 0
 0
 0
 0
 0
 0
 0
 0
 0
 0
 0
 0
 0
 0
 0
 0
 0
 0
 0
 0
 0
 0
 0
 0
 0
 0
 0
 0
 0
 0
 0
 0
 0
 0
 0
 0
 0
 0
 0
 0
 0
 0
 0
 0
 0
 0
 0
 0
 0
 0
 0
 0
 0
 0
 0
 0
 0
 0
 0
 0
 0
 0
 0
 0
 0
 0
 0
 0
 0
 0.017366
 0.054383
 0.06994300000000001
 0.061929
 0.035265
 0.031678
 0.019577
 0.018096
 0.021909
 0.02384
 0.019168
 0.019418
 0.014556
 0.010091
 0.012523
 0.009882999999999999
 0.019203
 0.022271
 0.017087
 0.013374
 0.011401
 0.013319
 0.011698
 0.011327
 0.008583
 0.008999
 0.006295
 0.007135
 0
 0
 0
 0
 0
 0
 0
 0
 0
 0
 0
 0
 0
 0
 0
 0
 0
 0
 0
 0
 0
 0
 0
 0
 0
 0
 0
 0
 0
 0
 0
 0
 0
 0
 0
 0
 0
 0
 0
 0
 0
 0
 0
 0
 0
 0
 0
 0
 0
 0
 0
 0
 0
 0
 0
 0
 0
 0
 0
 0
 0
 0
 0
 0
 0
 0
 0
 0
 0
 0
 0
 0
 0
 0
 0
 0
 0
 0
 0
 0
 0
 0
 0
 0
 0
 0
 0
 0
 0
 0
 0
 0
 0
 0
 0
 0
 0
 0
 0
 0
 0
 0
 0
 0
 0
 0
 0
 0
 0
 0
 0
 0
 0
 0
 0
 0
 0
 0
 0
 0
 0
 0
 0
 0
 0
 0
 0
 0
 0
 0
 0
 0
 0
 0
 0
 0
 0
 0
 0
 0
 0
 0
 0
 0
 0
 0
 0
 0
 0
 0
 0
 0
 0
 0
 0
 0
 0
 0
 0
 0
 0
 0
 0
 0
 0
 0
 0
 0
 0
 0
 0
 0
 0
 0
 0
 0
 0
 0
 0
 0
 0
 0
 0
 0
 0
 0
 0
 0
 0
 0
 0
 0
 0
 0
 0
 0
 0
 0
 0
 0
 0
 0
 0
 0
 0
 0
 0
 0
 0
 0
 0
 0
 0
 0
 0
 0
 0
 0
 0
 0
 0
 0
 0
 0
 0
 0
 0
 0
 0
 0
 0
 0
 0
 0
 0
 0
 0
 0
 0
 0
 0
 0
 0
 0
 0
 0
 0
 0
 0
 0
 0
 0
 0
 0
 0
 0
 0
 0
 0
 0
 0
 0
 0
 0
 0
 0
 0
 0
 0
 0
 0
 0
 0
 0
 0
 0
 0
 0
 0
 0
 0
 0
 0
 0
 0
 0
 0
 0
 0
 0
 0
 0
 0
 0
 0
 0
 0
 0
 0
 0
 0
 0
 0
 0
 0
 0
 0
 0
 0
 0
 0
 0
 0
 0
 0
 0
 0
 0
 0
 0
 0
 0
 0
 0
 0
 0
 0
 0
 0
 0


