# Created by Octave 4.0.0, Sat Nov 21 16:31:09 2015 W. Europe Standard Time <unknown@Florian-PC>
# name: mus
# type: matrix
# ndims: 3
 1 30 19
 0
 0
 0.91562
 0.85201
 0.85356
 0.8459
 0.89056
 0.91191
 0.9331700000000001
 0.93866
 0.94579
 0.9393899999999999
 0.9214
 0.9358
 0.94177
 0.94679
 0.9479
 0.9436
 0.94319
 0.9364400000000001
 0.93985
 0.94795
 0.93102
 0.94983
 0.9514899999999999
 0.95401
 0.95539
 0.94983
 0.95321
 0.9547
 0
 0
 0.33333
 0.75
 0.8
 0.7
 0.6
 0.6
 0.7
 0.3
 0.6333299999999999
 0.66667
 0.66667
 0.73333
 0.73333
 0.55
 0.41667
 0.6166700000000001
 0.51667
 0.6
 0.71
 0.78
 0.6
 0.55
 0.52
 0.53333
 0.5
 0.62
 0.41333
 0.56667
 0
 0
 0.56831
 0.7871
 0.76588
 0.76564
 0.7622
 0.65502
 0.56191
 0.55459
 0.50158
 0.73729
 0.64985
 0.67882
 0.60104
 0.57068
 0.53735
 0.62657
 0.56624
 0.60022
 0.62179
 0.61799
 0.66952
 0.65174
 0.65147
 0.59566
 0.59594
 0.5922500000000001
 0.5708299999999999
 0.60683
 0
 0
 0.41554
 0.6505300000000001
 0.75093
 0.5837599999999999
 0.5984
 0.61464
 0.57724
 0.51623
 0.55174
 0.58736
 0.5817099999999999
 0.58865
 0.55881
 0.5286999999999999
 0.50501
 0.54171
 0.51364
 0.56462
 0.58475
 0.60139
 0.61147
 0.60722
 0.5909
 0.56185
 0.55486
 0.56313
 0.5545600000000001
 0.57225
 0
 0
 0
 0.75
 0.8
 0.5
 1
 0.625
 0.66667
 0.3
 0.63636
 0.75
 0.30769
 0.77778
 0.2
 0.33333
 0.5
 1
 1
 1
 0
 1
 0
 1
 1
 0
 0
 0
 1
 0
 0
 0
 0.16667
 0.60759
 0.70472
 0.54349
 0.7536
 0.61331
 0.57927
 0.493
 0.56696
 0.63029
 0.54027
 0.56886
 0.53309
 0.51166
 0.50681
 0.56009
 0.55777
 0.55375
 0.60076
 0.64357
 0.54995
 0.62349
 0.59953
 0.51481
 0.53373
 0.53128
 0.56668
 0.58734
 0
 0
 0.36788
 0.5474599999999999
 0.79673
 0.70306
 0.69642
 0.75906
 0.77061
 0.69815
 0.67356
 0.72554
 0.6924400000000001
 0.70555
 0.69663
 0.64136
 0.61471
 0.63461
 0.65891
 0.63752
 0.645
 0.66921
 0.663
 0.695
 0.69878
 0.64194
 0.65996
 0.62346
 0.65141
 0.64695
 0
 0
 0.41402
 0.62363
 0.71958
 0.6049099999999999
 0.5874
 0.61177
 0.58751
 0.54882
 0.54892
 0.5770999999999999
 0.5420700000000001
 0.56863
 0.55389
 0.53899
 0.50807
 0.53866
 0.52011
 0.56758
 0.58034
 0.59416
 0.6073499999999999
 0.59378
 0.58227
 0.56085
 0.55391
 0.56675
 0.56038
 0.57335
 0
 0
 0.9998899999999999
 1
 1
 1
 1
 1
 1
 1
 1
 0.99921
 0.9894500000000001
 0.99531
 0.97729
 0.98099
 0.97275
 0.96297
 0.97262
 0.96961
 0.9701
 0.96376
 0.95986
 0.96007
 0.94102
 0.95987
 0.94579
 0.9473
 0.94947
 0.94517
 0
 0
 0.16666
 0.53876
 0.79558
 0.57418
 0.64068
 0.62054
 0.60899
 0.53179
 0.52779
 0.55872
 0.5323099999999999
 0.55136
 0.52089
 0.52876
 0.50626
 0.52555
 0.50863
 0.54071
 0.55714
 0.56899
 0.57677
 0.57213
 0.63022
 0.54277
 0.5894200000000001
 0.54693
 0.54845
 0.5704
 0
 0
 0.36788
 0.55445
 0.79027
 0.71967
 0.70985
 0.72314
 0.74176
 0.70489
 0.66815
 0.72717
 0.65854
 0.69426
 0.66709
 0.64244
 0.60855
 0.6613
 0.63197
 0.61802
 0.63847
 0.6412600000000001
 0.6339399999999999
 0.63032
 0.64151
 0.63198
 0.60769
 0.63922
 0.64096
 0.64577
 0
 0
 0
 0
 0
 0
 0
 0
 0
 0
 0
 0
 0
 0
 0
 0
 0
 0
 0
 0
 0
 0
 0
 0
 0
 0
 0
 0
 0
 0
 0
 0
 0
 0
 0
 0
 0
 0
 0
 0
 0
 0
 0
 0
 0
 0
 0
 0
 0
 0
 0
 0
 0
 0
 0
 0
 0
 0
 0
 0
 0
 0
 0
 0
 0
 0
 0
 0
 0
 0
 0
 0
 0
 0
 0
 0
 0
 0
 0
 0
 0
 0
 0
 0
 0
 0
 0
 0
 0
 0
 0
 0
 0
 0
 0
 0
 0
 0
 0
 0
 0
 0
 0
 0
 0
 0
 0
 0
 0
 0
 0
 0
 0
 0
 0
 0
 0
 0
 0
 0
 0
 0
 0
 0
 0
 0
 0
 0
 0
 0
 0
 0
 0
 0
 0
 0
 0
 0
 0
 0
 0
 0
 0
 0
 0
 0
 0
 0
 0
 0
 0
 0
 0.99999
 1
 1
 1
 1
 1
 1
 0.99918
 0.99598
 0.99752
 0.99271
 0.99176
 0.97594
 0.96719
 0.97965
 0.96898
 0.9722
 0.97188
 0.96339
 0.954
 0.95978
 0.9617
 0.94991
 0.95586
 0.94735
 0.93553
 0.94534
 0.94025
 0
 0
 0
 0
 0
 0
 0
 0
 0
 0
 0
 0
 0
 0
 0
 0
 0
 0
 0
 0
 0
 0
 0
 0
 0
 0
 0
 0
 0
 0
 0
 0
 0
 0
 0
 0
 0
 0
 0
 0
 0
 0
 0
 0
 0
 0
 0
 0
 0
 0
 0
 0
 0
 0
 0
 0
 0
 0
 0
 0


