# Created by Octave 4.0.0, Sat Nov 21 16:30:57 2015 W. Europe Standard Time <unknown@Florian-PC>
# name: mus
# type: matrix
# ndims: 3
 1 30 19
 0
 0
 0.58145
 0.58946
 0.9205
 0.88861
 0.91729
 0.92114
 0.93233
 0.93277
 0.93328
 0.93013
 0.92788
 0.93076
 0.93165
 0.9298999999999999
 0.92882
 0.9305600000000001
 0.92899
 0.91186
 0.9164600000000001
 0.9154
 0.91973
 0.91837
 0.85106
 0.84365
 0.8529
 0.85601
 0.85848
 0.8547
 0
 0
 0.33333
 0.75
 0.4
 0.9
 0.8
 1
 1
 1
 1
 1
 1
 1
 0.93333
 1
 1
 1
 1
 0.95
 1
 0.96
 0.95
 0.96
 0.92
 0.92
 0.92667
 0.92667
 0.93333
 0.93333
 0
 0
 0.56454
 0.64802
 0.56542
 0.7980699999999999
 0.87779
 0.93133
 0.97682
 0.94901
 0.96719
 0.92084
 0.96816
 0.96611
 0.9762
 0.96149
 0.97201
 0.9809
 0.98994
 0.9479300000000001
 0.95212
 0.94629
 0.94547
 0.93916
 0.90356
 0.91355
 0.89858
 0.91809
 0.9234599999999999
 0.92971
 0
 0
 0.52586
 0.64721
 0.5920800000000001
 0.7453
 0.82102
 0.87942
 0.90006
 0.9041400000000001
 0.91639
 0.88592
 0.90802
 0.9314
 0.9311700000000001
 0.94454
 0.951
 0.95678
 0.9541500000000001
 0.91672
 0.92326
 0.9262
 0.92778
 0.92931
 0.87784
 0.88135
 0.887
 0.88362
 0.88789
 0.89237
 0
 0
 0.33333
 1
 0
 0.83333
 1
 1
 1
 1
 1
 1
 1
 1
 1
 1
 1
 1
 1
 1
 1
 1
 1
 1
 0
 1
 1
 1
 1
 1
 0
 0
 0.3589
 0.77632
 0.52896
 0.74709
 0.79412
 0.79628
 0.90042
 0.89294
 0.94356
 0.90711
 0.98693
 0.94197
 0.9931
 0.9109699999999999
 0.99736
 0.9349499999999999
 0.94715
 0.8778899999999999
 0.9086
 0.98103
 0.98302
 0.98851
 0.83123
 0.91312
 0.88436
 0.8946499999999999
 0.91398
 0.92889
 0
 0
 0.36788
 0.86172
 0.70535
 0.82761
 0.8272699999999999
 0.7968
 0.82599
 0.84277
 0.86553
 0.8587
 0.87851
 0.98969
 0.89663
 0.90867
 0.9184600000000001
 0.93414
 0.90598
 0.9059700000000001
 0.90806
 0.94996
 0.95949
 0.93821
 0.86239
 0.91109
 0.88932
 0.88091
 0.90773
 0.92039
 0
 0
 0.52475
 0.60773
 0.60988
 0.70444
 0.78861
 0.82413
 0.8536
 0.86199
 0.88574
 0.87087
 0.89244
 0.92544
 0.93638
 0.95218
 0.96016
 0.9651
 0.95909
 0.93105
 0.93318
 0.93653
 0.93629
 0.9397799999999999
 0.88519
 0.88764
 0.89114
 0.89115
 0.89759
 0.89647
 0
 0
 0.99991
 1
 1
 1
 1
 1
 1
 1
 1
 0.99483
 0.99
 0.98402
 0.97723
 0.97082
 0.97639
 0.96795
 0.96959
 0.96121
 0.96761
 0.96072
 0.95974
 0.95741
 0.94855
 0.95607
 0.9594
 0.94546
 0.95766
 0.95264
 0
 0
 0.38586
 0.80814
 0.61754
 0.71207
 0.72011
 0.83291
 0.95281
 0.8434700000000001
 0.9798
 0.85777
 0.9364
 0.93588
 0.99281
 0.94363
 0.97017
 0.99587
 0.97496
 0.91562
 0.97593
 0.92911
 0.93209
 0.94658
 0.87677
 0.88167
 0.88861
 0.88344
 0.88854
 0.89002
 0
 0
 0.36788
 0.87437
 0.73716
 0.85493
 0.80282
 0.76358
 0.79396
 0.86475
 0.8227100000000001
 0.82453
 0.8446
 0.86095
 0.87641
 0.90868
 0.91956
 0.90769
 0.9246
 0.94728
 0.90268
 0.98794
 0.92255
 0.97903
 0.89316
 0.88947
 0.89469
 0.88949
 0.89302
 0.88789
 0
 0
 0
 0
 0
 0
 0
 0
 0
 0
 0
 0
 0
 0
 0
 0
 0
 0
 0
 0
 0
 0
 0
 0
 0
 0
 0
 0
 0
 0
 0
 0
 0
 0
 0
 0
 0
 0
 0
 0
 0
 0
 0
 0
 0
 0
 0
 0
 0
 0
 0
 0
 0
 0
 0
 0
 0
 0
 0
 0
 0
 0
 0
 0
 0
 0
 0
 0
 0
 0
 0
 0
 0
 0
 0
 0
 0
 0
 0
 0
 0
 0
 0
 0
 0
 0
 0
 0
 0
 0
 0
 0
 0
 0
 0
 0
 0
 0
 0
 0
 0
 0
 0
 0
 0
 0
 0
 0
 0
 0
 0
 0
 0
 0
 0
 0
 0
 0
 0
 0
 0
 0
 0
 0
 0
 0
 0
 0
 0
 0
 0
 0
 0
 0
 0
 0
 0
 0
 0
 0
 0
 0
 0
 0
 0
 0
 0
 0
 0
 0
 0
 0
 0.99996
 1
 1
 1
 1
 1
 0.99905
 1
 0.99997
 0.99927
 0.99073
 0.98861
 0.97923
 0.97664
 0.97931
 0.96195
 0.96112
 0.96656
 0.96296
 0.96397
 0.95625
 0.95079
 0.95145
 0.9547099999999999
 0.95072
 0.95156
 0.94106
 0.95333
 0
 0
 0
 0
 0
 0
 0
 0
 0
 0
 0
 0
 0
 0
 0
 0
 0
 0
 0
 0
 0
 0
 0
 0
 0
 0
 0
 0
 0
 0
 0
 0
 0
 0
 0
 0
 0
 0
 0
 0
 0
 0
 0
 0
 0
 0
 0
 0
 0
 0
 0
 0
 0
 0
 0
 0
 0
 0
 0
 0


# name: vars
# type: matrix
# ndims: 3
 1 30 19
 0
 0
 0.08038099999999999
 0.06600399999999999
 0.014998
 0.018534
 0.011007
 0.007886000000000001
 0.007825
 0.005612
 0.00622
 0.005061
 0.004988
 0.00456
 0.004556
 0.003848
 0.00338
 0.00314
 0.002516
 0.004598
 0.003829
 0.003906
 0.003513
 0.003759
 0.004292
 0.00647
 0.004515
 0.004596
 0.003572
 0.004473
 0
 0
 0.33333
 0.25
 0.3
 0.05
 0.2
 0
 0
 0
 0
 0
 0
 0
 0.02222
 0
 0
 0
 0
 0.0125
 0
 0.008
 0.0125
 0.008
 0.012
 0.012
 0.01022
 0.01022
 0.008330000000000001
 0.008330000000000001
 0
 0
 0
 0
 0
 0
 0
 0
 0
 0
 0
 0
 0
 0
 0
 0
 0
 0
 0
 0
 0
 0
 0
 0
 0
 0
 0
 0
 0
 0
 0
 0
 0.20805
 0.08694
 0.03289
 0.03019
 0.0101
 0.01107
 0.00855
 0.00822
 0.00598
 0.00676
 0.00606
 0.00491
 0.00455
 0.00303
 0.0026
 0.00224
 0.0021
 0.00226
 0.00236
 0.00215
 0.00171
 0.00161
 0.00137
 0.00166
 0.00119
 0.00122
 0.00108
 0.00152
 0
 0
 5.8208e-010
 5.8373e-012
 1.0135e-013
 1.7221e-020
 2.4628e-018
 0
 4.2062e-032
 8.0764e-030
 6.6757e-030
 3.8501e-028
 5.2234e-022
 0.00016094
 1.8218e-005
 2.569e-005
 1.2674e-005
 7.7098e-007
 6.4065e-008
 0.00020076
 8.6439e-005
 7.6615e-010
 7.5988e-007
 6.9778e-011
 3.6042e-007
 3.8826e-007
 3.6965e-009
 9.2746e-007
 3.3068e-009
 3.684e-007
 0
 0
 0
 0
 0
 0
 0
 0
 0
 0
 0
 0
 0
 0
 0
 0
 0
 0
 0
 0
 0
 0
 0
 0
 0
 0
 0
 0
 0
 0
 0
 0
 0
 0
 0
 0
 0
 0
 0
 0
 0
 0
 0
 0
 0
 0
 0
 0
 0
 0
 0
 0
 0
 0
 0
 0
 0
 0
 0
 0
 0
 0
 0.20693
 0.08871
 0.02642
 0.02977
 0.0171
 0.02299
 0.01792
 0.01525
 0.01222
 0.01057
 0.0098
 0.00681
 0.00641
 0.00318
 0.00277
 0.00388
 0.00417
 0.00338
 0.00261
 0.00178
 0.00253
 0.00182
 0.00291
 0.00204
 0.00286
 0.00285
 0.00306
 0.00249
 0
 0
 0
 0
 0
 0
 0
 0
 0
 0
 0
 0.001223
 0.003179
 0.004293
 0.005915
 0.008188000000000001
 0.005303
 0.006445
 0.005379
 0.010478
 0.007036
 0.00761
 0.008208999999999999
 0.008645999999999999
 0.012651
 0.009365
 0.007963
 0.011712
 0.008600999999999999
 0.009802
 0
 0
 0
 0
 0
 0
 0
 0
 0
 0
 0
 0
 0
 0
 0
 0
 0
 0
 0
 0
 0
 0
 0
 0
 0
 0
 0
 0
 0
 0
 0
 0
 0
 0
 0
 0
 0
 0
 0
 0
 0
 0
 0
 0
 0
 0
 0
 0
 0
 0
 0
 0
 0
 0
 0
 0
 0
 0
 0
 0
 0
 0
 0
 0
 0
 0
 0
 0
 0
 0
 0
 0
 0
 0
 0
 0
 0
 0
 0
 0
 0
 0
 0
 0
 0
 0
 0
 0
 0
 0
 0
 0
 0
 0
 0
 0
 0
 0
 0
 0
 0
 0
 0
 0
 0
 0
 0
 0
 0
 0
 0
 0
 0
 0
 0
 0
 0
 0
 0
 0
 0
 0
 0
 0
 0
 0
 0
 0
 0
 0
 0
 0
 0
 0
 0
 0
 0
 0
 0
 0
 0
 0
 0
 0
 0
 0
 0
 0
 0
 0
 0
 0
 0
 0
 0
 0
 0
 0
 0
 0
 0
 0
 0
 0
 0
 0
 0
 0
 0
 0
 0
 0
 0
 0
 0
 0
 0
 0
 0
 0
 0
 0
 0
 0
 0
 0
 0
 0
 0
 0
 0
 0
 0
 0
 0
 0
 0
 0
 0
 0
 0
 0
 0
 0
 0
 0
 0
 0
 0
 0
 0
 0
 0
 0
 0
 0
 0
 0
 7.3e-005
 0
 0
 7.3e-005
 0.003858
 0.002943
 0.003951
 0.005059
 0.005267
 0.008973999999999999
 0.008555
 0.008038
 0.009244
 0.008182999999999999
 0.010109
 0.012836
 0.012277
 0.010413
 0.011107
 0.008843999999999999
 0.015449
 0.011819
 0
 0
 0
 0
 0
 0
 0
 0
 0
 0
 0
 0
 0
 0
 0
 0
 0
 0
 0
 0
 0
 0
 0
 0
 0
 0
 0
 0
 0
 0
 0
 0
 0
 0
 0
 0
 0
 0
 0
 0
 0
 0
 0
 0
 0
 0
 0
 0
 0
 0
 0
 0
 0
 0
 0
 0
 0
 0
 0
 0


