# Created by Octave 4.0.0, Sat Nov 21 16:31:04 2015 W. Europe Standard Time <unknown@Florian-PC>
# name: mus
# type: matrix
# ndims: 3
 1 30 19
 0
 0
 0.75188
 0.75084
 0.85439
 0.90955
 0.90977
 0.87584
 0.89223
 0.8915999999999999
 0.90742
 0.93013
 0.92977
 0.93193
 0.93165
 0.93412
 0.93613
 0.9335
 0.93901
 0.94068
 0.93818
 0.9393899999999999
 0.93311
 0.93452
 0.9438299999999999
 0.94064
 0.9436
 0.94274
 0.94533
 0.9444399999999999
 0
 0
 0.66667
 1
 0.6
 0.8
 0.8
 1
 0.7
 0.7
 0.8666700000000001
 0.56667
 0.8
 0.7
 0.73333
 0.7
 0.71667
 0.76667
 0.85
 0.9
 0.91
 0.91
 0.91
 0.91
 0.84
 0.88667
 0.88667
 0.89333
 0.9
 0.9
 0
 0
 0.70957
 0.94961
 0.80498
 0.77832
 0.84618
 0.78822
 0.7964599999999999
 0.73092
 0.78047
 0.69223
 0.68629
 0.73224
 0.74131
 0.75632
 0.77047
 0.82833
 0.83727
 0.85616
 0.85515
 0.88315
 0.88247
 0.8926500000000001
 0.84962
 0.87099
 0.90022
 0.8784999999999999
 0.88581
 0.89705
 0
 0
 0.74761
 0.94008
 0.66755
 0.81769
 0.7113
 0.69963
 0.71843
 0.75558
 0.78699
 0.66683
 0.70633
 0.7220299999999999
 0.75329
 0.76251
 0.78428
 0.83884
 0.8511
 0.85176
 0.89364
 0.8882
 0.90903
 0.90659
 0.86764
 0.8905
 0.88435
 0.88407
 0.9025
 0.9044
 0
 0
 1
 1
 0.6
 1
 0.71429
 0.75
 0.33333
 0.9
 0.72727
 0.83333
 0.53846
 0.77778
 0.8
 0.66667
 0.5
 1
 1
 1
 1
 1
 1
 0
 1
 1
 1
 1
 1
 0
 0
 0
 0.8897
 0.90787
 0.60967
 0.87695
 0.75958
 0.65427
 0.59405
 0.82582
 0.77091
 0.74336
 0.63832
 0.7643
 0.75607
 0.74319
 0.73997
 0.89781
 0.91118
 0.83751
 0.86929
 0.9017500000000001
 0.95408
 0.82214
 0.85792
 0.89637
 0.9124
 0.87208
 0.9053099999999999
 0.86864
 0
 0
 0.78929
 0.79815
 0.78128
 0.82765
 0.80624
 0.74016
 0.74587
 0.72936
 0.84534
 0.70119
 0.74946
 0.72744
 0.73519
 0.80036
 0.80435
 0.83793
 0.83417
 0.84378
 0.81785
 0.84385
 0.86038
 0.91325
 0.84989
 0.84845
 0.8677
 0.8569
 0.88223
 0.88078
 0
 0
 0.73993
 0.91178
 0.6822
 0.79115
 0.71233
 0.66068
 0.6745
 0.6705100000000001
 0.72983
 0.64012
 0.6649
 0.66855
 0.71851
 0.72044
 0.744
 0.77663
 0.77883
 0.79531
 0.82173
 0.82215
 0.8489
 0.84318
 0.81607
 0.82231
 0.82428
 0.83406
 0.84
 0.8648
 0
 0
 0.93354
 0.94489
 0.89349
 0.93908
 0.90204
 0.93374
 0.924
 0.9035300000000001
 0.93045
 0.92506
 0.931
 0.9267300000000001
 0.90072
 0.9200700000000001
 0.91501
 0.90802
 0.90501
 0.9196299999999999
 0.909
 0.90801
 0.90642
 0.90541
 0.8920400000000001
 0.9101399999999999
 0.8979200000000001
 0.91251
 0.90508
 0.89778
 0
 0
 0.7428
 0.87899
 0.60846
 0.72779
 0.6170099999999999
 0.61281
 0.73864
 0.79286
 0.80032
 0.67367
 0.71734
 0.73602
 0.76196
 0.75725
 0.7553299999999999
 0.82535
 0.82414
 0.84665
 0.8849399999999999
 0.89508
 0.91804
 0.91383
 0.87741
 0.88107
 0.8718
 0.87885
 0.91437
 0.90517
 0
 0
 0.78929
 0.77779
 0.8215
 0.8127799999999999
 0.81674
 0.73646
 0.74514
 0.74861
 0.76023
 0.72219
 0.76302
 0.74818
 0.74915
 0.77564
 0.80945
 0.85715
 0.85593
 0.81006
 0.8229300000000001
 0.82052
 0.85029
 0.93474
 0.87259
 0.85356
 0.89433
 0.87737
 0.94677
 0.91625
 0
 0
 0
 0
 0
 0
 0
 0
 0
 0
 0
 0
 0
 0
 0
 0
 0
 0
 0
 0
 0
 0
 0
 0
 0
 0
 0
 0
 0
 0
 0
 0
 0
 0
 0
 0
 0
 0
 0
 0
 0
 0
 0
 0
 0
 0
 0
 0
 0
 0
 0
 0
 0
 0
 0
 0
 0
 0
 0
 0
 0
 0
 0
 0
 0
 0
 0
 0
 0
 0
 0
 0
 0
 0
 0
 0
 0
 0
 0
 0
 0
 0
 0
 0
 0
 0
 0
 0
 0
 0
 0
 0
 0
 0
 0
 0
 0
 0
 0
 0
 0
 0
 0
 0
 0
 0
 0
 0
 0
 0
 0
 0
 0
 0
 0
 0
 0
 0
 0
 0
 0
 0
 0
 0
 0
 0
 0
 0
 0
 0
 0
 0
 0
 0
 0
 0
 0
 0
 0
 0
 0
 0
 0
 0
 0
 0
 0
 0
 0
 0
 0
 0
 0.94835
 0.89027
 0.93414
 0.91891
 0.9111
 0.93549
 0.93533
 0.9297800000000001
 0.93032
 0.90873
 0.92354
 0.92396
 0.92557
 0.91372
 0.92184
 0.9136
 0.89729
 0.90571
 0.89562
 0.90852
 0.90534
 0.91625
 0.89768
 0.90224
 0.90341
 0.90088
 0.91325
 0.90002
 0
 0
 0
 0
 0
 0
 0
 0
 0
 0
 0
 0
 0
 0
 0
 0
 0
 0
 0
 0
 0
 0
 0
 0
 0
 0
 0
 0
 0
 0
 0
 0
 0
 0
 0
 0
 0
 0
 0
 0
 0
 0
 0
 0
 0
 0
 0
 0
 0
 0
 0
 0
 0
 0
 0
 0
 0
 0
 0
 0


