# Created by Octave 4.0.0, Sat Nov 21 16:31:20 2015 W. Europe Standard Time <unknown@Florian-PC>
# name: mus
# type: matrix
# ndims: 3
 1 30 19
 0
 0
 0.83626
 0.83779
 0.77155
 0.80402
 0.88972
 0.87081
 0.90142
 0.89328
 0.89491
 0.90572
 0.89632
 0.88252
 0.8827
 0.88429
 0.87832
 0.87879
 0.92982
 0.93475
 0.92648
 0.93098
 0.93562
 0.92772
 0.9285099999999999
 0.94482
 0.9436
 0.94133
 0.94113
 0.9376100000000001
 0
 0
 0.33333
 0.75
 0.6
 0.6
 0.5
 0.8
 0.7
 0.7
 0.73333
 0.7
 0.7
 0.8
 0.73333
 0.81667
 0.8833299999999999
 0.83333
 0.78333
 0.8
 0.78
 0.86
 0.83
 0.83
 0.88
 0.84667
 0.78
 0.81333
 0.82667
 0.83333
 0
 0
 0.63653
 0.72374
 0.60378
 0.76639
 0.78929
 0.79777
 0.67776
 0.7577700000000001
 0.8249
 0.79815
 0.7648200000000001
 0.80252
 0.80951
 0.83589
 0.8596200000000001
 0.88831
 0.81237
 0.82396
 0.82461
 0.84679
 0.84097
 0.84471
 0.85893
 0.82906
 0.84335
 0.87081
 0.86032
 0.87039
 0
 0
 0.3304
 0.61935
 0.68823
 0.6669
 0.57648
 0.70503
 0.6484
 0.67338
 0.67004
 0.70141
 0.67919
 0.70369
 0.73163
 0.75483
 0.78505
 0.80031
 0.73321
 0.76059
 0.73389
 0.76005
 0.76012
 0.77019
 0.78366
 0.78351
 0.7912400000000001
 0.80957
 0.8175
 0.8158
 0
 0
 0.66667
 1
 0.4
 0.66667
 0.71429
 0.75
 0.77778
 0.6
 0.63636
 0.91667
 0.76923
 0.77778
 0.6
 1
 1
 0
 0
 1
 1
 0
 0
 1
 1
 1
 1
 1
 1
 1
 0
 0
 0.77053
 0.59615
 0.47346
 0.6762899999999999
 0.59232
 0.7026
 0.60882
 0.68047
 0.72922
 0.70595
 0.72423
 0.7534999999999999
 0.75114
 0.8503500000000001
 0.7778
 0.74977
 0.67781
 0.76506
 0.79582
 0.69497
 0.75231
 0.78287
 0.75126
 0.73048
 0.7862
 0.80375
 0.7694800000000001
 0.85058
 0
 0
 0.78929
 0.6247
 0.68833
 0.7797500000000001
 0.73354
 0.85772
 0.71631
 0.75053
 0.71867
 0.7696
 0.83505
 0.82586
 0.7904099999999999
 0.78213
 0.82875
 0.81828
 0.78996
 0.80124
 0.7867499999999999
 0.81097
 0.80059
 0.80093
 0.78818
 0.83343
 0.81964
 0.82324
 0.88208
 0.82855
 0
 0
 0.33188
 0.55479
 0.71149
 0.68179
 0.6064000000000001
 0.71632
 0.62096
 0.6505300000000001
 0.66174
 0.70273
 0.68282
 0.71648
 0.7504999999999999
 0.7575
 0.79142
 0.80665
 0.7485000000000001
 0.77489
 0.74844
 0.78727
 0.78936
 0.7888500000000001
 0.8108
 0.80775
 0.81202
 0.84135
 0.8414
 0.84594
 0
 0
 0.99999
 1
 1
 1
 1
 1
 1
 1
 1
 0.99782
 0.99074
 0.98559
 0.97992
 0.9802999999999999
 0.97274
 0.97117
 0.96789
 0.96519
 0.96267
 0.9669
 0.96482
 0.96788
 0.95387
 0.9518
 0.95029
 0.95399
 0.9528799999999999
 0.9492699999999999
 0
 0
 0.71713
 0.68257
 0.4452
 0.69378
 0.6863
 0.70848
 0.68737
 0.6539700000000001
 0.72926
 0.72531
 0.66677
 0.74439
 0.72137
 0.73859
 0.75937
 0.86413
 0.72503
 0.86147
 0.73215
 0.84032
 0.84807
 0.77959
 0.88784
 0.79366
 0.88428
 0.90535
 0.8334
 0.83619
 0
 0
 0.78929
 0.6273
 0.68255
 0.8454
 0.7063199999999999
 0.74956
 0.7227
 0.78698
 0.73948
 0.73083
 0.7821399999999999
 0.7706
 0.72667
 0.74348
 0.80032
 0.7988
 0.74686
 0.77787
 0.76555
 0.79788
 0.77569
 0.79112
 0.85123
 0.82362
 0.8042899999999999
 0.89916
 0.84717
 0.83967
 0
 0
 0
 0
 0
 0
 0
 0
 0
 0
 0
 0
 0
 0
 0
 0
 0
 0
 0
 0
 0
 0
 0
 0
 0
 0
 0
 0
 0
 0
 0
 0
 0
 0
 0
 0
 0
 0
 0
 0
 0
 0
 0
 0
 0
 0
 0
 0
 0
 0
 0
 0
 0
 0
 0
 0
 0
 0
 0
 0
 0
 0
 0
 0
 0
 0
 0
 0
 0
 0
 0
 0
 0
 0
 0
 0
 0
 0
 0
 0
 0
 0
 0
 0
 0
 0
 0
 0
 0
 0
 0
 0
 0
 0
 0
 0
 0
 0
 0
 0
 0
 0
 0
 0
 0
 0
 0
 0
 0
 0
 0
 0
 0
 0
 0
 0
 0
 0
 0
 0
 0
 0
 0
 0
 0
 0
 0
 0
 0
 0
 0
 0
 0
 0
 0
 0
 0
 0
 0
 0
 0
 0
 0
 0
 0
 0
 0
 0
 0
 0
 0
 0
 0.99998
 1
 1
 1
 1
 1
 1
 1
 1
 0.99992
 0.98908
 0.98072
 0.97864
 0.97053
 0.9668600000000001
 0.97173
 0.97924
 0.96623
 0.9655899999999999
 0.96876
 0.9587
 0.96138
 0.95007
 0.95868
 0.94785
 0.9473
 0.94265
 0.95642
 0
 0
 0
 0
 0
 0
 0
 0
 0
 0
 0
 0
 0
 0
 0
 0
 0
 0
 0
 0
 0
 0
 0
 0
 0
 0
 0
 0
 0
 0
 0
 0
 0
 0
 0
 0
 0
 0
 0
 0
 0
 0
 0
 0
 0
 0
 0
 0
 0
 0
 0
 0
 0
 0
 0
 0
 0
 0
 0
 0


