# Created by Octave 4.0.0, Sat Nov 21 16:31:05 2015 W. Europe Standard Time <unknown@Florian-PC>
# name: mus
# type: matrix
# ndims: 3
 1 30 19
 0
 0
 0.86717
 0.86538
 0.87531
 0.87688
 0.8696700000000001
 0.94379
 0.94236
 0.9395
 0.94412
 0.94276
 0.94147
 0.94218
 0.94515
 0.95101
 0.94034
 0.9415
 0.93985
 0.9322
 0.93567
 0.9337800000000001
 0.92726
 0.92687
 0.92596
 0.92182
 0.92487
 0.93863
 0.94113
 0.93932
 0
 0
 0.66667
 0.75
 1
 0.8
 1
 0.6
 0.6
 0.7
 0.7
 0.83333
 0.93333
 0.9
 0.93333
 0.75
 0.81667
 0.83333
 0.9
 0.85
 0.91
 0.91
 0.91
 0.91
 0.92
 0.96667
 0.96
 0.92667
 0.82667
 0.8666700000000001
 0
 0
 0.84624
 0.73411
 0.90443
 0.90307
 0.9656
 0.73556
 0.7496699999999999
 0.82785
 0.8681
 0.82222
 0.86713
 0.86754
 0.89251
 0.70077
 0.85505
 0.82013
 0.86009
 0.827
 0.89218
 0.8993
 0.89878
 0.89234
 0.90788
 0.89431
 0.93754
 0.8988
 0.90611
 0.90241
 0
 0
 0.69445
 0.85765
 0.95278
 0.97454
 0.9949
 0.72303
 0.7506
 0.82439
 0.92788
 0.93128
 0.95562
 0.95427
 0.95056
 0.82313
 0.85337
 0.88553
 0.89749
 0.9303
 0.93521
 0.94441
 0.94854
 0.93667
 0.94595
 0.96084
 0.95714
 0.91339
 0.90587
 0.92208
 0
 0
 0.66667
 0.5
 1
 1
 1
 0.75
 0.33333
 0.7
 1
 0.83333
 0.92308
 0.77778
 1
 1
 1
 1
 1
 1
 1
 1
 1
 1
 1
 1
 1
 1
 1
 1
 0
 0
 1
 0.61111
 1.175
 1.10833
 1.05476
 0.725
 0.59524
 0.70556
 1.05379
 0.86843
 0.9533199999999999
 0.86632
 1.04728
 1.01516
 0.95086
 1.07297
 0.94257
 1.07181
 0.82102
 1.07639
 0.84091
 1.05357
 1.0625
 1
 1
 1
 1
 1
 0
 0
 0.36788
 0.87915
 0.96691
 0.93645
 0.91887
 0.80177
 0.76309
 0.8192199999999999
 0.96468
 0.8184900000000001
 0.88235
 0.85426
 0.89834
 0.8418099999999999
 0.83655
 0.83512
 0.92166
 0.874
 0.89279
 0.92
 0.90974
 0.92153
 0.93563
 0.92141
 0.92555
 0.90657
 0.90526
 0.91379
 0
 0
 0.69445
 0.86704
 0.88662
 0.96107
 0.96837
 0.73655
 0.77038
 0.80665
 0.86968
 0.91196
 0.94268
 0.93764
 0.95221
 0.84053
 0.89176
 0.88483
 0.89866
 0.9132
 0.92009
 0.93336
 0.9361
 0.9343900000000001
 0.93311
 0.95152
 0.946
 0.91545
 0.91549
 0.92049
 0
 0
 1
 1
 1
 1
 1
 1
 1
 1
 1
 1
 1
 1
 1
 1
 1
 1
 1
 1
 1
 1
 1
 1
 1
 1
 1
 1
 1
 1
 0
 0
 1
 0.67647
 1.15154
 1.08808
 1.0763
 0.6868300000000001
 0.67084
 0.7319600000000001
 0.88845
 0.95791
 0.98627
 1.01419
 0.98595
 0.87199
 0.93506
 1.05225
 0.86332
 1.07259
 0.90203
 1.04133
 0.99679
 1.0742
 1.04502
 1
 0.991
 1
 0.9923
 0.99283
 0
 0
 0.36788
 0.88511
 1.06654
 0.94334
 0.91427
 0.87757
 0.80785
 0.78177
 0.96292
 0.96412
 0.95775
 0.87603
 1.19522
 0.9680800000000001
 0.82686
 0.85378
 0.81516
 1.00213
 0.9186299999999999
 0.87103
 1.0206
 0.88725
 0.97923
 0.89667
 0.96691
 0.91992
 0.88559
 0.91525
 0
 0
 0
 0
 0
 0
 0
 0
 0
 0
 0
 0
 0
 0
 0
 0
 0
 0
 0
 0
 0
 0
 0
 0
 0
 0
 0
 0
 0
 0
 0
 0
 0
 0
 0
 0
 0
 0
 0
 0
 0
 0
 0
 0
 0
 0
 0
 0
 0
 0
 0
 0
 0
 0
 0
 0
 0
 0
 0
 0
 0
 0
 0
 0
 0
 0
 0
 0
 0
 0
 0
 0
 0
 0
 0
 0
 0
 0
 0
 0
 0
 0
 0
 0
 0
 0
 0
 0
 0
 0
 0
 0
 0
 0
 0
 0
 0
 0
 0
 0
 0
 0
 0
 0
 0
 0
 0
 0
 0
 0
 0
 0
 0
 0
 0
 0
 0
 0
 0
 0
 0
 0
 0
 0
 0
 0
 0
 0
 0
 0
 0
 0
 0
 0
 0
 0
 0
 0
 0
 0
 0
 0
 0
 0
 0
 0
 0
 0
 0
 0
 0
 0
 1
 1
 1
 1
 1
 1
 1
 1
 1
 1
 1
 1
 1
 1
 1
 1
 1
 1
 1
 1
 1
 1
 1
 1
 1
 1
 1
 1
 0
 0
 0
 0
 0
 0
 0
 0
 0
 0
 0
 0
 0
 0
 0
 0
 0
 0
 0
 0
 0
 0
 0
 0
 0
 0
 0
 0
 0
 0
 0
 0
 0
 0
 0
 0
 0
 0
 0
 0
 0
 0
 0
 0
 0
 0
 0
 0
 0
 0
 0
 0
 0
 0
 0
 0
 0
 0
 0
 0


# name: vars
# type: matrix
# ndims: 3
 1 30 19
 0
 0
 0.041775
 0.029846
 0.026909
 0.018015
 0.014848
 0.007693
 0.006098
 0.004783
 0.004424
 0.003493
 0.003429
 0.004139
 0.003733
 0.002918
 0.004964
 0.003374
 0.00374
 0.002997
 0.003198
 0.002723
 0.002648
 0.002064
 0.003755
 0.003853
 0.002011
 0.002438
 0.002809
 0.001922
 0
 0
 0.33333
 0.25
 0
 0.2
 0
 0.175
 0.175
 0.075
 0.2
 0.05556
 0.02222
 0.05
 0.02222
 0.02083
 0.02917
 0.02431
 0.01875
 0.01875
 0.0155
 0.0155
 0.0155
 0.0155
 0.012
 0.00556
 0.008
 0.01022
 0.01411
 0.01944
 0
 0
 0
 0
 0
 0
 0
 0
 0
 0
 0
 0
 0
 0
 0
 0
 0
 0
 0
 0
 0
 0
 0
 0
 0
 0
 0
 0
 0
 0
 0
 0
 0.21527
 0.06623
 0.00945
 0.00747
 0.00062
 0.05148
 0.04899
 0.03425
 0.01511
 0.0131
 0.008160000000000001
 0.00869
 0.01127
 0.03357
 0.02758
 0.02396
 0.01886
 0.01385
 0.01155
 0.01037
 0.009310000000000001
 0.01047
 0.009939999999999999
 0.00681
 0.00707
 0.01329
 0.01562
 0.01482
 0
 0
 0
 0
 0
 0
 0
 0
 0
 0
 0
 0
 0
 0
 0
 0
 0
 0
 0
 0
 0
 0
 0
 0
 0
 0
 0
 0
 0
 0
 0
 0
 0
 0
 0
 0
 0
 0
 0
 0
 0
 0
 0
 0
 0
 0
 0
 0
 0
 0
 0
 0
 0
 0
 0
 0
 0
 0
 0
 0
 0
 0
 0
 0
 0
 0
 0
 0
 0
 0
 0
 0
 0
 0
 0
 0
 0
 0
 0
 0
 0
 0
 0
 0
 0
 0
 0
 0
 0
 0
 0
 0
 0.21527
 0.05466
 0.05586
 0.00552
 0.00944
 0.02261
 0.02066
 0.0214
 0.02965
 0.02158
 0.01436
 0.01546
 0.01384
 0.02272
 0.02302
 0.02574
 0.01918
 0.01649
 0.01463
 0.01186
 0.01009
 0.0115
 0.0114
 0.0065
 0.009509999999999999
 0.01412
 0.01473
 0.0128
 0
 0
 0
 0
 0
 0
 0
 0
 0
 0
 0
 0
 0
 0
 0
 0
 0
 0
 0
 0
 0
 0
 0
 0
 0
 0
 0
 0
 0
 0
 0
 0
 0
 0
 0
 0
 0
 0
 0
 0
 0
 0
 0
 0
 0
 0
 0
 0
 0
 0
 0
 0
 0
 0
 0
 0
 0
 0
 0
 0
 0
 0
 0
 0
 0
 0
 0
 0
 0
 0
 0
 0
 0
 0
 0
 0
 0
 0
 0
 0
 0
 0
 0
 0
 0
 0
 0
 0
 0
 0
 0
 0
 0
 0
 0
 0
 0
 0
 0
 0
 0
 0
 0
 0
 0
 0
 0
 0
 0
 0
 0
 0
 0
 0
 0
 0
 0
 0
 0
 0
 0
 0
 0
 0
 0
 0
 0
 0
 0
 0
 0
 0
 0
 0
 0
 0
 0
 0
 0
 0
 0
 0
 0
 0
 0
 0
 0
 0
 0
 0
 0
 0
 0
 0
 0
 0
 0
 0
 0
 0
 0
 0
 0
 0
 0
 0
 0
 0
 0
 0
 0
 0
 0
 0
 0
 0
 0
 0
 0
 0
 0
 0
 0
 0
 0
 0
 0
 0
 0
 0
 0
 0
 0
 0
 0
 0
 0
 0
 0
 0
 0
 0
 0
 0
 0
 0
 0
 0
 0
 0
 0
 0
 0
 0
 0
 0
 0
 0
 0
 0
 0
 0
 0
 0
 0
 0
 0
 0
 0
 0
 0
 0
 0
 0
 0
 0
 0
 0
 0
 0
 0
 0
 0
 0
 0
 0
 0
 0
 0
 0
 0
 0
 0
 0
 0
 0
 0
 0
 0
 0
 0
 0
 0
 0
 0
 0
 0
 0
 0
 0
 0
 0
 0
 0
 0
 0
 0
 0
 0
 0
 0
 0
 0
 0
 0
 0
 0
 0
 0
 0
 0
 0
 0
 0
 0
 0
 0
 0
 0
 0
 0
 0
 0
 0
 0
 0
 0
 0
 0
 0
 0
 0
 0
 0
 0
 0
 0
 0
 0
 0
 0
 0
 0
 0
 0
 0
 0
 0
 0
 0


