# Created by Octave 4.0.0, Sat Nov 21 16:31:14 2015 W. Europe Standard Time <unknown@Florian-PC>
# name: mus
# type: matrix
# ndims: 3
 1 30 19
 0
 0
 0.49875
 0.87207
 0.85858
 0.87018
 0.89891
 0.92869
 0.83876
 0.68403
 0.78816
 0.86364
 0.91033
 0.91445
 0.72743
 0.76098
 0.94958
 0.86364
 0.82623
 0.71017
 0.78279
 0.70721
 0.71656
 0.68793
 0.71574
 0.76505
 0.7609399999999999
 0.83192
 0.6720699999999999
 0.6546999999999999
 0
 0
 1
 0.5
 0.8
 0.5
 0.7
 0.5
 0.6
 0.6
 0.73333
 0.6
 0.3
 0.23333
 0.46667
 0.36667
 0.38333
 0.56667
 0.51667
 0.45
 0.52
 0.65
 0.7
 0.67
 0.44
 0.54
 0.54667
 0.65333
 0.61333
 0.6
 0
 0
 1
 0.70329
 0.82441
 0.78862
 0.72966
 0.7366200000000001
 0.72525
 0.67848
 0.70281
 0.60765
 0.72506
 0.7742
 0.62261
 0.56376
 0.55868
 0.65419
 0.66278
 0.6156199999999999
 0.60084
 0.58141
 0.63733
 0.62131
 0.6135699999999999
 0.63201
 0.6025199999999999
 0.64706
 0.6281600000000001
 0.70142
 0
 0
 1
 0.40292
 0.78137
 0.62302
 0.65608
 0.56563
 0.70441
 0.7104200000000001
 0.67609
 0.64406
 0.69341
 0.61307
 0.49645
 0.46837
 0.59723
 0.62595
 0.65205
 0.6448700000000001
 0.61921
 0.62464
 0.64232
 0.64117
 0.62823
 0.65096
 0.64212
 0.67282
 0.64746
 0.69045
 0
 0
 1
 0.75
 0.8
 0.83333
 0.28571
 0.25
 0.77778
 0.8
 0.72727
 0.58333
 0.84615
 0.77778
 0.6
 0
 0.5
 0
 1
 1
 1
 1
 1
 1
 1
 1
 1
 1
 0
 1
 0
 0
 1
 0.86034
 0.86155
 0.85632
 0.46995
 0.47587
 0.7572
 0.78555
 0.68384
 0.6279
 0.72933
 0.67218
 0.52821
 0.38355
 0.56847
 0.51222
 0.69095
 0.65555
 0.71472
 0.72063
 0.74844
 0.7050999999999999
 0.66749
 0.75967
 0.74317
 0.61273
 0.58206
 0.68001
 0
 0
 1
 0.58548
 0.79649
 0.86365
 0.82467
 0.74042
 0.7356
 0.75069
 0.75108
 0.72121
 0.7472800000000001
 0.70655
 0.63903
 0.6448
 0.68504
 0.66532
 0.6916600000000001
 0.67165
 0.68253
 0.67111
 0.67263
 0.67166
 0.62268
 0.66725
 0.65995
 0.67241
 0.66435
 0.67766
 0
 0
 1
 0.44415
 0.7554999999999999
 0.72792
 0.69041
 0.5964699999999999
 0.66249
 0.67086
 0.65433
 0.6249
 0.6137
 0.55681
 0.51207
 0.50548
 0.54549
 0.57289
 0.58746
 0.58879
 0.56997
 0.57122
 0.57778
 0.58251
 0.56369
 0.58385
 0.57838
 0.58866
 0.58124
 0.61268
 0
 0
 0.90487
 0.95711
 0.90622
 0.91911
 0.93892
 0.89479
 0.91293
 0.9224
 0.90752
 0.91372
 0.93061
 0.93302
 0.91793
 0.89633
 0.90596
 0.91642
 0.90656
 0.89722
 0.90564
 0.90615
 0.89523
 0.90077
 0.9116
 0.89567
 0.90664
 0.9067499999999999
 0.90099
 0.9079199999999999
 0
 0
 1
 0.88395
 0.89181
 0.85995
 0.64601
 0.60761
 0.63923
 0.73287
 0.65605
 0.64334
 0.69817
 0.58558
 0.52059
 0.48183
 0.55318
 0.55625
 0.6559700000000001
 0.65864
 0.65501
 0.64658
 0.65416
 0.6702399999999999
 0.63508
 0.65017
 0.66087
 0.6843900000000001
 0.44395
 0.7047
 0
 0
 1
 0.59229
 0.78324
 0.84751
 0.90047
 0.72436
 0.7507200000000001
 0.74456
 0.71077
 0.73187
 0.69565
 0.41107
 0.66595
 0.65299
 0.68207
 0.66038
 0.64337
 0.6692
 0.68076
 0.67133
 0.62285
 0.6618000000000001
 0.6450900000000001
 0.77404
 0.6569199999999999
 0.64975
 0.70272
 0.66366
 0
 0
 0
 0
 0
 0
 0
 0
 0
 0
 0
 0
 0
 0
 0
 0
 0
 0
 0
 0
 0
 0
 0
 0
 0
 0
 0
 0
 0
 0
 0
 0
 0
 0
 0
 0
 0
 0
 0
 0
 0
 0
 0
 0
 0
 0
 0
 0
 0
 0
 0
 0
 0
 0
 0
 0
 0
 0
 0
 0
 0
 0
 0
 0
 0
 0
 0
 0
 0
 0
 0
 0
 0
 0
 0
 0
 0
 0
 0
 0
 0
 0
 0
 0
 0
 0
 0
 0
 0
 0
 0
 0
 0
 0
 0
 0
 0
 0
 0
 0
 0
 0
 0
 0
 0
 0
 0
 0
 0
 0
 0
 0
 0
 0
 0
 0
 0
 0
 0
 0
 0
 0
 0
 0
 0
 0
 0
 0
 0
 0
 0
 0
 0
 0
 0
 0
 0
 0
 0
 0
 0
 0
 0
 0
 0
 0
 0
 0
 0
 0
 0
 0
 0.94738
 0.95488
 0.94365
 0.95647
 0.88795
 0.91037
 0.90821
 0.93811
 0.9204599999999999
 0.92253
 0.93282
 0.92982
 0.90283
 0.92067
 0.9171899999999999
 0.9110200000000001
 0.91159
 0.90274
 0.91004
 0.91616
 0.90693
 0.90621
 0.9095800000000001
 0.89845
 0.91124
 0.89362
 0.9126300000000001
 0.89761
 0
 0
 0
 0
 0
 0
 0
 0
 0
 0
 0
 0
 0
 0
 0
 0
 0
 0
 0
 0
 0
 0
 0
 0
 0
 0
 0
 0
 0
 0
 0
 0
 0
 0
 0
 0
 0
 0
 0
 0
 0
 0
 0
 0
 0
 0
 0
 0
 0
 0
 0
 0
 0
 0
 0
 0
 0
 0
 0
 0


