# Created by Octave 4.0.0, Sat Nov 21 16:31:23 2015 W. Europe Standard Time <unknown@Florian-PC>
# name: mus
# type: matrix
# ndims: 3
 1 30 19
 0
 0
 0.64996
 0.59197
 0.92552
 0.93216
 0.92119
 0.93289
 0.93233
 0.94034
 0.89158
 0.91246
 0.8733300000000001
 0.88336
 0.94093
 0.93074
 0.94059
 0.94276
 0.94403
 0.94407
 0.94737
 0.94206
 0.9473200000000001
 0.94473
 0.93957
 0.93855
 0.94402
 0.947
 0.94396
 0.94701
 0
 0
 0.33333
 1
 0.6
 0.4
 0.7
 0.8
 0.5
 0.7
 0.83333
 0.73333
 0.8666700000000001
 0.83333
 0.8666700000000001
 0.75
 0.76667
 0.8
 0.76667
 0.8
 0.78
 0.8100000000000001
 0.88
 0.82
 0.88
 0.88667
 0.88667
 0.96667
 0.82667
 0.83333
 0
 0
 0.5045500000000001
 0.8727
 0.67907
 0.7501
 0.75558
 0.77534
 0.72419
 0.77535
 0.72653
 0.76823
 0.78049
 0.78542
 0.79644
 0.79118
 0.77945
 0.86415
 0.82823
 0.8531300000000001
 0.83206
 0.90115
 0.88883
 0.90084
 0.90728
 0.9171899999999999
 0.90908
 0.92617
 0.88996
 0.89734
 0
 0
 0.4323
 0.86303
 0.6198900000000001
 0.70063
 0.63497
 0.78109
 0.64776
 0.70773
 0.77773
 0.80864
 0.83792
 0.83318
 0.80536
 0.86243
 0.77939
 0.82706
 0.83962
 0.84803
 0.8771
 0.8848
 0.89608
 0.90917
 0.92696
 0.9313900000000001
 0.92682
 0.9344
 0.89076
 0.89589
 0
 0
 0.33333
 1
 1
 0.66667
 0.71429
 0.75
 0.5555600000000001
 0.4
 0.72727
 0.91667
 0.76923
 0.88889
 0.6
 1
 1
 1
 1
 1
 1
 1
 1
 1
 1
 1
 1
 1
 1
 0
 0
 0
 0.474
 0.9079
 0.87254
 0.68632
 0.7082000000000001
 0.34727
 0.61066
 0.63688
 0.71763
 0.84937
 0.80346
 0.86003
 0.73766
 0.91511
 0.86003
 0.81889
 0.89866
 0.92487
 0.90101
 0.9354
 0.93353
 0.91912
 0.88698
 0.96976
 0.91488
 0.9623
 0.90139
 0.84405
 0
 0
 0.36788
 0.81435
 0.59254
 0.6946
 0.80455
 0.76002
 0.70004
 0.75391
 0.82282
 0.77319
 0.7406199999999999
 0.77737
 0.80684
 0.80618
 0.79318
 0.76571
 0.81048
 0.81436
 0.82828
 0.83767
 0.86536
 0.85547
 0.84946
 0.91533
 0.90754
 0.88371
 0.90929
 0.90274
 0
 0
 0.36872
 0.78129
 0.61583
 0.6713
 0.62908
 0.71646
 0.63145
 0.6919
 0.71026
 0.72818
 0.76899
 0.75062
 0.72734
 0.7908500000000001
 0.70896
 0.76089
 0.75801
 0.77442
 0.79121
 0.8065099999999999
 0.82826
 0.82336
 0.84385
 0.85231
 0.84937
 0.83686
 0.83804
 0.83306
 0
 0
 0.9896200000000001
 0.9191
 0.89959
 0.92941
 0.91382
 0.93766
 0.9291700000000001
 0.92688
 0.94075
 0.9291199999999999
 0.93291
 0.92302
 0.9029199999999999
 0.92275
 0.91323
 0.90107
 0.90272
 0.91252
 0.9033
 0.91266
 0.8962599999999999
 0.9053
 0.90482
 0.9043099999999999
 0.90904
 0.91001
 0.90548
 0.90437
 0
 0
 0.44021
 0.879
 0.7901899999999999
 0.6843
 0.5688
 0.70207
 0.6574
 0.68564
 0.79225
 0.80622
 0.84619
 0.83049
 0.77799
 0.8323199999999999
 0.77174
 0.83155
 0.81686
 0.83119
 0.8522999999999999
 0.86629
 0.88353
 0.89191
 0.91714
 0.9291
 0.89696
 0.9192900000000001
 0.87645
 0.88908
 0
 0
 0.36788
 0.7972900000000001
 0.63798
 0.64341
 0.64954
 0.74224
 0.6967
 0.74075
 0.78127
 0.83248
 0.80501
 0.79641
 0.78818
 0.86907
 0.76945
 0.77363
 0.76439
 0.88122
 0.7888500000000001
 0.82316
 0.80163
 0.9049700000000001
 0.84471
 0.8025
 0.82032
 0.9211
 0.85314
 0.91961
 0
 0
 0
 0
 0
 0
 0
 0
 0
 0
 0
 0
 0
 0
 0
 0
 0
 0
 0
 0
 0
 0
 0
 0
 0
 0
 0
 0
 0
 0
 0
 0
 0
 0
 0
 0
 0
 0
 0
 0
 0
 0
 0
 0
 0
 0
 0
 0
 0
 0
 0
 0
 0
 0
 0
 0
 0
 0
 0
 0
 0
 0
 0
 0
 0
 0
 0
 0
 0
 0
 0
 0
 0
 0
 0
 0
 0
 0
 0
 0
 0
 0
 0
 0
 0
 0
 0
 0
 0
 0
 0
 0
 0
 0
 0
 0
 0
 0
 0
 0
 0
 0
 0
 0
 0
 0
 0
 0
 0
 0
 0
 0
 0
 0
 0
 0
 0
 0
 0
 0
 0
 0
 0
 0
 0
 0
 0
 0
 0
 0
 0
 0
 0
 0
 0
 0
 0
 0
 0
 0
 0
 0
 0
 0
 0
 0
 0
 0
 0
 0
 0
 0
 0.93553
 0.94065
 0.93993
 0.8984
 0.9496
 0.91992
 0.89134
 0.92015
 0.90747
 0.91473
 0.92509
 0.91118
 0.90857
 0.91527
 0.9090200000000001
 0.90606
 0.91396
 0.90524
 0.90465
 0.90851
 0.91514
 0.90487
 0.90182
 0.90818
 0.89955
 0.89275
 0.90358
 0.90913
 0
 0
 0
 0
 0
 0
 0
 0
 0
 0
 0
 0
 0
 0
 0
 0
 0
 0
 0
 0
 0
 0
 0
 0
 0
 0
 0
 0
 0
 0
 0
 0
 0
 0
 0
 0
 0
 0
 0
 0
 0
 0
 0
 0
 0
 0
 0
 0
 0
 0
 0
 0
 0
 0
 0
 0
 0
 0
 0
 0


