# Created by Octave 4.0.0, Sat Nov 21 16:31:20 2015 W. Europe Standard Time <unknown@Florian-PC>
# name: mus
# type: matrix
# ndims: 3
 1 30 19
 0
 0
 0.59231
 0.50502
 0.53389
 0.6273
 0.63186
 0.5654400000000001
 0.58312
 0.56891
 0.53378
 0.61111
 0.70945
 0.74471
 0.78987
 0.77787
 0.78118
 0.7904
 0.77806
 0.77458
 0.76608
 0.75238
 0.8053900000000001
 0.79592
 0.7983
 0.78386
 0.79314
 0.78798
 0.78141
 0.78889
 0
 0
 0.66667
 1
 0.6
 0.5
 0.9
 0.8
 0.7
 0.8
 0.8
 0.83333
 0.6
 0.8666700000000001
 0.73333
 0.76667
 0.7
 0.78333
 0.83333
 0.8
 0.86
 0.88
 0.8
 0.79
 0.76
 0.73333
 0.7466699999999999
 0.7533300000000001
 0.81333
 0.83333
 0
 0
 0.66814
 0.9088000000000001
 0.73204
 0.80964
 0.59727
 0.78607
 0.74968
 0.77926
 0.83122
 0.84317
 0.77412
 0.83318
 0.78042
 0.79642
 0.8154400000000001
 0.79737
 0.80223
 0.86268
 0.81166
 0.86129
 0.83103
 0.85923
 0.81743
 0.83538
 0.83488
 0.86552
 0.82182
 0.83073
 0
 0
 0.77483
 0.84252
 0.642
 0.63685
 0.62928
 0.66239
 0.67424
 0.72751
 0.70411
 0.73203
 0.68763
 0.74165
 0.6997
 0.7324000000000001
 0.7186900000000001
 0.72597
 0.7547
 0.76044
 0.76573
 0.77055
 0.74276
 0.76361
 0.76579
 0.77445
 0.7895
 0.78616
 0.75947
 0.77773
 0
 0
 1
 1
 0.8
 0.5
 0.42857
 0.875
 1
 0.9
 0.90909
 0.91667
 0.84615
 0.88889
 0.6
 1
 1
 1
 0
 1
 1
 1
 1
 1
 0
 1
 1
 1
 1
 1
 0
 0
 0.99291
 0.9896
 0.67603
 0.60247
 0.61043
 0.71861
 0.77
 0.80703
 0.78715
 0.72218
 0.65938
 0.69017
 0.69722
 0.72724
 0.68693
 0.71107
 0.71322
 0.74543
 0.76858
 0.87138
 0.72604
 0.76863
 0.75875
 0.74499
 0.80506
 0.85342
 0.73067
 0.75495
 0
 0
 0.57859
 0.67849
 0.72538
 0.7640400000000001
 0.7307900000000001
 0.7637699999999999
 0.74964
 0.7716
 0.78337
 0.7978
 0.76706
 0.75936
 0.75174
 0.77754
 0.77366
 0.75086
 0.84035
 0.8017
 0.7944
 0.7462299999999999
 0.81225
 0.8250999999999999
 0.8112
 0.8033
 0.81332
 0.77964
 0.80958
 0.79442
 0
 0
 0.7756999999999999
 0.80628
 0.6338200000000001
 0.69496
 0.63559
 0.69457
 0.66095
 0.71357
 0.68191
 0.73075
 0.69135
 0.75268
 0.69208
 0.74399
 0.72595
 0.7426
 0.77275
 0.77515
 0.7723
 0.78061
 0.76712
 0.78732
 0.78991
 0.7920700000000001
 0.79659
 0.79669
 0.7747000000000001
 0.79867
 0
 0
 0.99856
 1
 1
 1
 1
 1
 1
 1
 1
 0.99859
 0.99377
 0.98666
 0.97249
 0.98114
 0.96896
 0.9626
 0.95871
 0.9697
 0.96396
 0.95524
 0.9555900000000001
 0.95483
 0.95624
 0.95852
 0.95613
 0.94764
 0.95477
 0.95155
 0
 0
 0.99925
 0.98847
 0.67876
 0.61839
 0.59162
 0.65799
 0.73461
 0.70208
 0.67023
 0.69989
 0.66662
 0.70031
 0.67881
 0.80502
 0.75254
 0.8357599999999999
 0.74071
 0.75789
 0.8771099999999999
 0.87973
 0.75187
 0.76876
 0.76883
 0.85956
 0.82107
 0.82746
 0.7724
 0.85827
 0
 0
 0.57859
 0.67794
 0.75097
 0.7920199999999999
 0.74458
 0.75058
 0.76736
 0.7618200000000001
 0.7289
 0.78072
 0.73566
 0.7422800000000001
 0.73921
 0.7486
 0.74631
 0.74671
 0.76613
 0.78468
 0.76831
 0.87254
 0.8023
 0.7995
 0.79765
 0.8079
 0.8085
 0.8081
 0.76563
 0.79999
 0
 0
 0
 0
 0
 0
 0
 0
 0
 0
 0
 0
 0
 0
 0
 0
 0
 0
 0
 0
 0
 0
 0
 0
 0
 0
 0
 0
 0
 0
 0
 0
 0
 0
 0
 0
 0
 0
 0
 0
 0
 0
 0
 0
 0
 0
 0
 0
 0
 0
 0
 0
 0
 0
 0
 0
 0
 0
 0
 0
 0
 0
 0
 0
 0
 0
 0
 0
 0
 0
 0
 0
 0
 0
 0
 0
 0
 0
 0
 0
 0
 0
 0
 0
 0
 0
 0
 0
 0
 0
 0
 0
 0
 0
 0
 0
 0
 0
 0
 0
 0
 0
 0
 0
 0
 0
 0
 0
 0
 0
 0
 0
 0
 0
 0
 0
 0
 0
 0
 0
 0
 0
 0
 0
 0
 0
 0
 0
 0
 0
 0
 0
 0
 0
 0
 0
 0
 0
 0
 0
 0
 0
 0
 0
 0
 0
 0
 0
 0
 0
 0
 0
 0.99997
 1
 1
 1
 1
 1
 1
 1
 1
 0.99838
 0.9967200000000001
 0.9936700000000001
 0.9715200000000001
 0.97849
 0.96401
 0.96959
 0.97138
 0.96272
 0.96958
 0.9604
 0.9543
 0.96185
 0.9629
 0.95207
 0.95256
 0.94731
 0.95029
 0.94267
 0
 0
 0
 0
 0
 0
 0
 0
 0
 0
 0
 0
 0
 0
 0
 0
 0
 0
 0
 0
 0
 0
 0
 0
 0
 0
 0
 0
 0
 0
 0
 0
 0
 0
 0
 0
 0
 0
 0
 0
 0
 0
 0
 0
 0
 0
 0
 0
 0
 0
 0
 0
 0
 0
 0
 0
 0
 0
 0
 0


