# Created by Octave 4.0.0, Sat Nov 21 16:31:26 2015 W. Europe Standard Time <unknown@Florian-PC>
# name: mus
# type: matrix
# ndims: 3
 1 30 19
 0
 0
 0.68254
 0.54766
 0.78326
 0.79313
 0.8914
 0.90604
 0.8855499999999999
 0.88487
 0.87323
 0.85354
 0.85681
 0.86773
 0.94515
 0.9375
 0.92353
 0.93266
 0.9206299999999999
 0.93136
 0.9507100000000001
 0.9513200000000001
 0.95736
 0.95748
 0.95745
 0.95443
 0.95707
 0.95635
 0.95435
 0.95556
 0
 0
 0.33333
 1
 0.6
 0.7
 0.9
 0.7
 0.9
 0.9
 0.9
 0.93333
 0.8666700000000001
 0.8666700000000001
 0.73333
 0.8666700000000001
 0.8666700000000001
 0.9
 0.9
 0.9
 0.9
 0.86
 0.83
 0.84
 0.72
 0.84
 0.78
 0.82667
 0.86
 0.9
 0
 0
 0.58143
 0.90662
 0.73403
 0.73009
 0.65562
 0.7781400000000001
 0.74703
 0.75798
 0.83304
 0.81586
 0.85401
 0.87257
 0.84162
 0.86747
 0.85229
 0.86572
 0.87798
 0.88469
 0.81832
 0.84107
 0.83009
 0.8369799999999999
 0.86212
 0.85168
 0.83572
 0.85138
 0.86169
 0.87844
 0
 0
 0.22224
 0.9791800000000001
 0.78501
 0.79399
 0.86812
 0.8123
 0.87482
 0.8874300000000001
 0.89584
 0.92909
 0.94878
 0.9488
 0.88807
 0.92849
 0.91564
 0.94096
 0.93515
 0.93698
 0.89433
 0.90384
 0.84559
 0.8801
 0.85673
 0.85339
 0.87683
 0.881
 0.91493
 0.90537
 0
 0
 0.33333
 1
 0.8
 0.33333
 0.85714
 0.625
 0.88889
 0.9
 1
 0.83333
 0.84615
 1
 0.8
 0.66667
 0.5
 1
 1
 1
 1
 1
 1
 1
 1
 0
 0
 1
 1
 1
 0
 0
 0.5
 1.00002
 0.85
 0.59585
 0.9
 0.69435
 0.96726
 0.93115
 1.06023
 0.87551
 0.87034
 1.00268
 0.79351
 0.81909
 0.78303
 0.96474
 0.91892
 0.92553
 1.06673
 1.05483
 0.83143
 0.82143
 0.98577
 0.5417
 0.6875
 0.94203
 1
 1
 0
 0
 0.57859
 0.92213
 0.66989
 0.75412
 0.6841
 0.76803
 0.73644
 0.87274
 0.8157799999999999
 0.82261
 0.86517
 0.89095
 0.86428
 0.82397
 0.86131
 0.84075
 0.86396
 0.88891
 0.86812
 0.87453
 0.8505
 0.83383
 0.87537
 0.8414700000000001
 0.86293
 0.86355
 0.90146
 0.86959
 0
 0
 0.22224
 0.86957
 0.73771
 0.77583
 0.78315
 0.83013
 0.87464
 0.83084
 0.87358
 0.88034
 0.90827
 0.92147
 0.86671
 0.91577
 0.9341699999999999
 0.93911
 0.94267
 0.94368
 0.89961
 0.91074
 0.83906
 0.87492
 0.84241
 0.86669
 0.86211
 0.89333
 0.91259
 0.91248
 0
 0
 1
 1
 1
 1
 1
 1
 1
 1
 1
 1
 1
 1
 1
 1
 1
 1
 1
 1
 1
 1
 1
 1
 1
 1
 1
 1
 1
 1
 0
 0
 0.5
 0.78073
 0.7607699999999999
 0.72297
 0.75391
 0.77607
 0.94794
 0.77663
 0.96861
 1.02516
 0.95281
 0.96882
 0.84854
 1.03392
 0.88003
 0.9010899999999999
 0.9384
 0.8945
 1.0544
 1.00448
 0.79029
 0.85608
 0.86854
 0.98999
 0.88773
 0.74801
 0.99229
 1
 0
 0
 0.57859
 0.92213
 0.7201
 0.78686
 0.75874
 0.8346
 0.73199
 0.93974
 0.81134
 0.79267
 0.97595
 1.08968
 0.90564
 0.80529
 0.93283
 0.8424
 0.9837399999999999
 0.9029
 0.96116
 0.8487
 0.92139
 0.8727
 1.01101
 0.85093
 0.89346
 0.94654
 0.8759
 0.88714
 0
 0
 0
 0
 0
 0
 0
 0
 0
 0
 0
 0
 0
 0
 0
 0
 0
 0
 0
 0
 0
 0
 0
 0
 0
 0
 0
 0
 0
 0
 0
 0
 0
 0
 0
 0
 0
 0
 0
 0
 0
 0
 0
 0
 0
 0
 0
 0
 0
 0
 0
 0
 0
 0
 0
 0
 0
 0
 0
 0
 0
 0
 0
 0
 0
 0
 0
 0
 0
 0
 0
 0
 0
 0
 0
 0
 0
 0
 0
 0
 0
 0
 0
 0
 0
 0
 0
 0
 0
 0
 0
 0
 0
 0
 0
 0
 0
 0
 0
 0
 0
 0
 0
 0
 0
 0
 0
 0
 0
 0
 0
 0
 0
 0
 0
 0
 0
 0
 0
 0
 0
 0
 0
 0
 0
 0
 0
 0
 0
 0
 0
 0
 0
 0
 0
 0
 0
 0
 0
 0
 0
 0
 0
 0
 0
 0
 0
 0
 0
 0
 0
 0
 1
 1
 1
 1
 1
 1
 1
 1
 1
 1
 1
 1
 1
 1
 1
 1
 1
 1
 1
 1
 1
 1
 1
 1
 1
 1
 1
 1
 0
 0
 0
 0
 0
 0
 0
 0
 0
 0
 0
 0
 0
 0
 0
 0
 0
 0
 0
 0
 0
 0
 0
 0
 0
 0
 0
 0
 0
 0
 0
 0
 0
 0
 0
 0
 0
 0
 0
 0
 0
 0
 0
 0
 0
 0
 0
 0
 0
 0
 0
 0
 0
 0
 0
 0
 0
 0
 0
 0


# name: vars
# type: matrix
# ndims: 3
 1 30 19
 0
 0
 0.070378
 0.055397
 0.034004
 0.027556
 0.011665
 0.008848
 0.012896
 0.010956
 0.009645000000000001
 0.010359
 0.00974
 0.007804
 0.002708
 0.003853
 0.003345
 0.003848
 0.003116
 0.002405
 0.002508
 0.002161
 0.00189
 0.001121
 0.001628
 0.002554
 0.002166
 0.002417
 0.001634
 0.001481
 0
 0
 0.33333
 0
 0.3
 0.2
 0.05
 0.2
 0.05
 0.05
 0.05
 0.02222
 0.08889
 0.08889
 0.07778
 0.03333
 0.03333
 0.01875
 0.01875
 0.01875
 0.01875
 0.01675
 0.0295
 0.028
 0.052
 0.028
 0.02422
 0.01411
 0.02022
 0.008330000000000001
 0
 0
 0
 0
 0
 0
 0
 0
 0
 0
 0
 0
 0
 0
 0
 0
 0
 0
 0
 0
 0
 0
 0
 0
 0
 0
 0
 0
 0
 0
 0
 0
 0.1007
 0.00059
 0.08321000000000001
 0.05054
 0.03771
 0.0439
 0.03024
 0.03188
 0.02818
 0.01485
 0.01084
 0.009560000000000001
 0.02185
 0.01398
 0.01697
 0.0106
 0.01374
 0.01243
 0.01925
 0.01861
 0.02436
 0.0227
 0.02535
 0.0262
 0.02231
 0.02213
 0.01518
 0.01729
 0
 0
 0
 0
 0
 0
 0
 0
 0
 0
 0
 0
 0
 0
 0
 0
 0
 0
 0
 0
 0
 0
 0
 0
 0
 0
 0
 0
 0
 0
 0
 0
 0
 0
 0
 0
 0
 0
 0
 0
 0
 0
 0
 0
 0
 0
 0
 0
 0
 0
 0
 0
 0
 0
 0
 0
 0
 0
 0
 0
 0
 0
 0
 0
 0
 0
 0
 0
 0
 0
 0
 0
 0
 0
 0
 0
 0
 0
 0
 0
 0
 0
 0
 0
 0
 0
 0
 0
 0
 0
 0
 0
 0.1007
 0.02333
 0.05173
 0.02937
 0.03813
 0.02145
 0.0217
 0.02991
 0.02942
 0.02922
 0.0277
 0.01529
 0.02387
 0.02136
 0.01599
 0.01257
 0.01272
 0.00928
 0.01755
 0.01442
 0.02724
 0.02136
 0.03224
 0.02661
 0.03029
 0.02312
 0.01741
 0.01498
 0
 0
 0
 0
 0
 0
 0
 0
 0
 0
 0
 0
 0
 0
 0
 0
 0
 0
 0
 0
 0
 0
 0
 0
 0
 0
 0
 0
 0
 0
 0
 0
 0
 0
 0
 0
 0
 0
 0
 0
 0
 0
 0
 0
 0
 0
 0
 0
 0
 0
 0
 0
 0
 0
 0
 0
 0
 0
 0
 0
 0
 0
 0
 0
 0
 0
 0
 0
 0
 0
 0
 0
 0
 0
 0
 0
 0
 0
 0
 0
 0
 0
 0
 0
 0
 0
 0
 0
 0
 0
 0
 0
 0
 0
 0
 0
 0
 0
 0
 0
 0
 0
 0
 0
 0
 0
 0
 0
 0
 0
 0
 0
 0
 0
 0
 0
 0
 0
 0
 0
 0
 0
 0
 0
 0
 0
 0
 0
 0
 0
 0
 0
 0
 0
 0
 0
 0
 0
 0
 0
 0
 0
 0
 0
 0
 0
 0
 0
 0
 0
 0
 0
 0
 0
 0
 0
 0
 0
 0
 0
 0
 0
 0
 0
 0
 0
 0
 0
 0
 0
 0
 0
 0
 0
 0
 0
 0
 0
 0
 0
 0
 0
 0
 0
 0
 0
 0
 0
 0
 0
 0
 0
 0
 0
 0
 0
 0
 0
 0
 0
 0
 0
 0
 0
 0
 0
 0
 0
 0
 0
 0
 0
 0
 0
 0
 0
 0
 0
 0
 0
 0
 0
 0
 0
 0
 0
 0
 0
 0
 0
 0
 0
 0
 0
 0
 0
 0
 0
 0
 0
 0
 0
 0
 0
 0
 0
 0
 0
 0
 0
 0
 0
 0
 0
 0
 0
 0
 0
 0
 0
 0
 0
 0
 0
 0
 0
 0
 0
 0
 0
 0
 0
 0
 0
 0
 0
 0
 0
 0
 0
 0
 0
 0
 0
 0
 0
 0
 0
 0
 0
 0
 0
 0
 0
 0
 0
 0
 0
 0
 0
 0
 0
 0
 0
 0
 0
 0
 0
 0
 0
 0
 0
 0
 0
 0
 0
 0
 0
 0
 0
 0
 0
 0
 0
 0
 0
 0
 0
 0
 0


