# Created by Octave 4.0.0, Sat Nov 21 16:31:11 2015 W. Europe Standard Time <unknown@Florian-PC>
# name: mus
# type: matrix
# ndims: 3
 1 30 19
 0
 0
 0.49875
 0.8102
 0.78326
 0.86432
 0.8863799999999999
 0.92953
 0.9315
 0.94538
 0.92827
 0.94697
 0.95234
 0.94622
 0.95443
 0.9527
 0.9520999999999999
 0.94487
 0.93901
 0.93136
 0.91896
 0.92354
 0.9398
 0.92687
 0.91915
 0.9398
 0.92445
 0.93934
 0.9344
 0.9188
 0
 0
 1
 0.75
 1
 0.6
 0.9
 0.7
 0.8
 0.6
 0.66667
 0.6333299999999999
 0.53333
 0.23333
 0.46667
 0.5
 0.53333
 0.71667
 0.66667
 0.6
 0.58
 0.64
 0.74
 0.7
 0.68
 0.66
 0.66667
 0.64
 0.68
 0.6333299999999999
 0
 0
 1
 0.76295
 0.92931
 0.85001
 0.75878
 0.80531
 0.79035
 0.66698
 0.69011
 0.73988
 0.56549
 0.55184
 0.55469
 0.66574
 0.64714
 0.59272
 0.62035
 0.6022
 0.65039
 0.66582
 0.6489
 0.62866
 0.66403
 0.6640200000000001
 0.6399899999999999
 0.63524
 0.61826
 0.64442
 0
 0
 1
 0.79093
 0.87092
 0.72649
 0.7238599999999999
 0.67982
 0.66725
 0.61593
 0.5968
 0.57316
 0.56314
 0.5473
 0.56885
 0.54033
 0.55884
 0.59024
 0.5658300000000001
 0.58739
 0.5916400000000001
 0.6136
 0.60188
 0.58929
 0.60267
 0.59879
 0.59559
 0.5843699999999999
 0.58839
 0.57081
 0
 0
 1
 1
 1
 0.66667
 1
 0.875
 0.66667
 0.7
 0.90909
 0.66667
 0.61538
 0.5555600000000001
 0.8
 1
 0
 1
 1
 1
 1
 1
 0
 1
 1
 1
 1
 0
 1
 1
 0
 0
 1
 0.83966
 0.6706
 0.74724
 0.71557
 0.70076
 0.6406500000000001
 0.5876
 0.61112
 0.58187
 0.54322
 0.53862
 0.63315
 0.58716
 0.52343
 0.65862
 0.68246
 0.58439
 0.56959
 0.70238
 0.57292
 0.59994
 0.55946
 0.60864
 0.5965200000000001
 0.58856
 0.59097
 0.59046
 0
 0
 1
 0.79403
 0.75423
 0.8748
 0.82723
 0.76209
 0.7700900000000001
 0.73385
 0.72578
 0.73812
 0.6912199999999999
 0.70091
 0.70063
 0.67609
 0.67623
 0.69884
 0.68552
 0.69665
 0.69177
 0.67266
 0.66593
 0.69314
 0.64196
 0.6756
 0.6987
 0.64999
 0.66181
 0.62906
 0
 0
 1
 0.79452
 0.82361
 0.7353
 0.6972
 0.65142
 0.64677
 0.57582
 0.57143
 0.57745
 0.54748
 0.54435
 0.5723
 0.53101
 0.55779
 0.5747
 0.5682700000000001
 0.5807099999999999
 0.58766
 0.60425
 0.59057
 0.58301
 0.60154
 0.59742
 0.5908
 0.58667
 0.58097
 0.56433
 0
 0
 0.9998899999999999
 0.99993
 1
 1
 1
 1
 1
 1
 1
 0.9991
 0.9923
 0.98427
 0.98243
 0.96412
 0.9710800000000001
 0.98044
 0.96218
 0.96357
 0.96926
 0.96232
 0.96258
 0.95694
 0.9602000000000001
 0.95303
 0.94786
 0.95116
 0.95662
 0.94661
 0
 0
 1
 0.7434500000000001
 0.741
 0.71711
 0.76117
 0.66056
 0.6345499999999999
 0.58328
 0.55906
 0.55585
 0.53355
 0.52941
 0.5466299999999999
 0.51579
 0.54122
 0.60887
 0.55186
 0.56772
 0.59665
 0.62865
 0.57572
 0.61849
 0.59502
 0.58367
 0.57991
 0.57643
 0.5743
 0.58197
 0
 0
 1
 0.8089499999999999
 0.753
 0.80462
 0.77791
 0.75973
 0.71229
 0.73343
 0.7317
 0.71039
 0.70525
 0.67025
 0.68958
 0.64037
 0.67196
 0.64908
 0.6442600000000001
 0.6878
 0.65312
 0.68679
 0.65425
 0.67737
 0.64844
 0.6599
 0.6680199999999999
 0.67062
 0.65157
 0.70219
 0
 0
 0
 0
 0
 0
 0
 0
 0
 0
 0
 0
 0
 0
 0
 0
 0
 0
 0
 0
 0
 0
 0
 0
 0
 0
 0
 0
 0
 0
 0
 0
 0
 0
 0
 0
 0
 0
 0
 0
 0
 0
 0
 0
 0
 0
 0
 0
 0
 0
 0
 0
 0
 0
 0
 0
 0
 0
 0
 0
 0
 0
 0
 0
 0
 0
 0
 0
 0
 0
 0
 0
 0
 0
 0
 0
 0
 0
 0
 0
 0
 0
 0
 0
 0
 0
 0
 0
 0
 0
 0
 0
 0
 0
 0
 0
 0
 0
 0
 0
 0
 0
 0
 0
 0
 0
 0
 0
 0
 0
 0
 0
 0
 0
 0
 0
 0
 0
 0
 0
 0
 0
 0
 0
 0
 0
 0
 0
 0
 0
 0
 0
 0
 0
 0
 0
 0
 0
 0
 0
 0
 0
 0
 0
 0
 0
 0
 0
 0
 0
 0
 0
 0.99997
 1
 1
 1
 1
 1
 1
 1
 0.99996
 0.99998
 0.99327
 0.98397
 0.98272
 0.9683
 0.97149
 0.97528
 0.9610300000000001
 0.96024
 0.95494
 0.9661999999999999
 0.96313
 0.95403
 0.95326
 0.94839
 0.9551500000000001
 0.95016
 0.95558
 0.94697
 0
 0
 0
 0
 0
 0
 0
 0
 0
 0
 0
 0
 0
 0
 0
 0
 0
 0
 0
 0
 0
 0
 0
 0
 0
 0
 0
 0
 0
 0
 0
 0
 0
 0
 0
 0
 0
 0
 0
 0
 0
 0
 0
 0
 0
 0
 0
 0
 0
 0
 0
 0
 0
 0
 0
 0
 0
 0
 0
 0


