# Created by Octave 4.0.0, Sat Nov 21 16:31:07 2015 W. Europe Standard Time <unknown@Florian-PC>
# name: mus
# type: matrix
# ndims: 3
 1 30 19
 0
 0
 0.65664
 0.72492
 0.89958
 0.91122
 0.83626
 0.87081
 0.92565
 0.91765
 0.91743
 0.91751
 0.91869
 0.92941
 0.93165
 0.9256799999999999
 0.91681
 0.91793
 0.9198
 0.91949
 0.90393
 0.90993
 0.9074
 0.91412
 0.91489
 0.91722
 0.91898
 0.91454
 0.91674
 0.91538
 0
 0
 0.66667
 0.5
 0.6
 0.8
 0.4
 0.6
 0.6
 0.7
 0.8666700000000001
 0.83333
 0.83333
 0.9
 0.93333
 0.95
 1
 1
 0.95
 0.95
 0.9
 0.92
 0.95
 0.96
 0.96
 0.96
 0.96667
 0.96667
 0.96667
 0.96667
 0
 0
 0.7675999999999999
 0.73003
 0.64391
 0.72082
 0.7442
 0.76633
 0.68457
 0.7467200000000001
 0.79061
 0.87414
 0.84552
 0.89779
 0.90065
 0.89642
 0.93837
 0.96007
 0.96263
 0.9619799999999999
 0.96577
 0.97954
 0.9657
 0.95987
 0.97179
 0.97504
 0.97755
 0.9672500000000001
 0.97563
 0.98088
 0
 0
 0.69445
 0.62502
 0.62668
 0.90163
 0.70039
 0.77956
 0.7517200000000001
 0.84276
 0.88905
 0.8888200000000001
 0.89315
 0.9292899999999999
 0.94747
 0.94929
 0.99358
 0.99595
 0.99253
 0.99396
 0.99756
 0.9977
 0.99857
 0.99808
 0.99829
 0.99817
 0.99805
 0.99842
 0.99733
 0.99842
 0
 0
 0.66667
 1
 0.6
 0.83333
 0.42857
 0.5
 0.77778
 0.7
 0.72727
 0.75
 0.92308
 0.88889
 0.8
 1
 1
 1
 1
 1
 1
 1
 1
 1
 1
 1
 1
 1
 1
 1
 0
 0
 1
 1.30556
 0.8
 0.925
 0.52262
 0.57113
 0.73611
 0.70179
 0.75985
 0.80379
 0.93362
 0.88912
 0.86968
 1.0625
 1.02335
 1.02991
 1.02365
 1.0133
 0.875
 1
 1
 1
 1
 1
 1
 1
 1
 1
 0
 0
 0.57859
 1.0301
 0.80093
 0.81909
 0.69399
 0.85694
 0.76693
 0.80049
 0.86242
 0.90074
 0.84699
 0.8967000000000001
 0.9297
 0.90683
 0.95199
 0.95931
 0.96561
 0.97206
 0.97732
 0.95889
 0.97052
 0.9553700000000001
 0.9702
 0.96905
 0.9769600000000001
 0.97906
 0.97317
 0.95951
 0
 0
 0.69445
 0.69611
 0.64976
 0.88568
 0.73067
 0.74043
 0.77879
 0.76961
 0.85873
 0.88989
 0.91406
 0.93632
 0.93546
 0.93945
 0.97471
 0.97947
 0.98248
 0.98085
 0.98747
 0.98525
 0.99019
 0.991
 0.99279
 0.99042
 0.99129
 0.99695
 0.98886
 0.9917
 0
 0
 1
 1
 1
 1
 1
 1
 1
 1
 1
 1
 1
 1
 1
 1
 1
 1
 1
 1
 1
 1
 1
 1
 1
 1
 1
 1
 1
 1
 0
 0
 1
 1.33826
 0.82308
 0.88846
 0.57262
 0.61793
 0.60437
 0.68267
 0.87652
 0.86569
 0.88027
 0.86573
 0.97448
 1.08727
 1.03873
 1.12754
 1.13082
 1.0742
 0.99942
 0.99647
 1
 1
 1
 1
 1
 1
 1
 1
 0
 0
 0.57859
 1.00687
 0.81085
 0.88674
 0.78981
 0.89405
 0.88725
 0.96327
 0.88586
 0.91554
 0.86617
 0.88996
 1.01011
 0.90312
 0.93011
 0.89585
 1.01723
 0.99566
 1.10285
 0.96607
 1.00783
 0.96862
 0.98254
 0.9742
 0.97052
 0.96185
 0.9654700000000001
 1.0712
 0
 0
 0
 0
 0
 0
 0
 0
 0
 0
 0
 0
 0
 0
 0
 0
 0
 0
 0
 0
 0
 0
 0
 0
 0
 0
 0
 0
 0
 0
 0
 0
 0
 0
 0
 0
 0
 0
 0
 0
 0
 0
 0
 0
 0
 0
 0
 0
 0
 0
 0
 0
 0
 0
 0
 0
 0
 0
 0
 0
 0
 0
 0
 0
 0
 0
 0
 0
 0
 0
 0
 0
 0
 0
 0
 0
 0
 0
 0
 0
 0
 0
 0
 0
 0
 0
 0
 0
 0
 0
 0
 0
 0
 0
 0
 0
 0
 0
 0
 0
 0
 0
 0
 0
 0
 0
 0
 0
 0
 0
 0
 0
 0
 0
 0
 0
 0
 0
 0
 0
 0
 0
 0
 0
 0
 0
 0
 0
 0
 0
 0
 0
 0
 0
 0
 0
 0
 0
 0
 0
 0
 0
 0
 0
 0
 0
 0
 0
 0
 0
 0
 0
 1
 1
 1
 1
 1
 1
 1
 1
 1
 1
 1
 1
 1
 1
 1
 1
 1
 1
 1
 1
 1
 1
 1
 1
 1
 1
 1
 1
 0
 0
 0
 0
 0
 0
 0
 0
 0
 0
 0
 0
 0
 0
 0
 0
 0
 0
 0
 0
 0
 0
 0
 0
 0
 0
 0
 0
 0
 0
 0
 0
 0
 0
 0
 0
 0
 0
 0
 0
 0
 0
 0
 0
 0
 0
 0
 0
 0
 0
 0
 0
 0
 0
 0
 0
 0
 0
 0
 0


# name: vars
# type: matrix
# ndims: 3
 1 30 19
 0
 0
 0.07025099999999999
 0.048446
 0.016092
 0.012842
 0.02057
 0.015713
 0.007617
 0.006381
 0.007887999999999999
 0.006164
 0.005056
 0.004919
 0.003986
 0.004353
 0.00366
 0.003761
 0.003919
 0.003277
 0.004251
 0.004482
 0.004603
 0.002923
 0.001852
 0.003022
 0.002058
 0.002762
 0.001723
 0.003383
 0
 0
 0.33333
 0.33333
 0.3
 0.2
 0.3
 0.175
 0.175
 0.075
 0.08889
 0.05556
 0.05556
 0.05
 0.02222
 0.0125
 0
 0
 0.0125
 0.0125
 0.05
 0.032
 0.0125
 0.008
 0.008
 0.008
 0.00556
 0.00556
 0.00556
 0.00556
 0
 0
 0
 0
 0
 0
 0
 0
 0
 0
 0
 0
 0
 0
 0
 0
 0
 0
 0
 0
 0
 0
 0
 0
 0
 0
 0
 0
 0
 0
 0
 0
 0.21527
 0.07962
 0.04727
 0.03275
 0.06961000000000001
 0.05509
 0.04815
 0.03229
 0.02566
 0.02731
 0.02416
 0.01395
 0.01115
 0.01171
 0.00112
 0.0006400000000000001
 0.00157
 0.00111
 0.00046
 0.00026
 0.00018
 0.00022
 0.00021
 0.00022
 0.00024
 0.00024
 0.0003
 0.00012
 0
 0
 0
 0
 0
 0
 0
 0
 0
 0
 0
 0
 0
 0
 0
 0
 0
 0
 0
 0
 0
 0
 0
 0
 0
 0
 0
 0
 0
 0
 0
 0
 0
 0
 0
 0
 0
 0
 0
 0
 0
 0
 0
 0
 0
 0
 0
 0
 0
 0
 0
 0
 0
 0
 0
 0
 0
 0
 0
 0
 0
 0
 0
 0
 0
 0
 0
 0
 0
 0
 0
 0
 0
 0
 0
 0
 0
 0
 0
 0
 0
 0
 0
 0
 0
 0
 0
 0
 0
 0
 0
 0
 0.21527
 0.05858
 0.03259
 0.039
 0.04114
 0.03812
 0.03136
 0.02509
 0.0251
 0.01595
 0.01581
 0.01118
 0.01477
 0.01567
 0.01014
 0.00748
 0.00538
 0.00671
 0.00425
 0.00723
 0.00341
 0.00307
 0.00258
 0.00353
 0.00333
 0.00098
 0.00424
 0.00355
 0
 0
 0
 0
 0
 0
 0
 0
 0
 0
 0
 0
 0
 0
 0
 0
 0
 0
 0
 0
 0
 0
 0
 0
 0
 0
 0
 0
 0
 0
 0
 0
 0
 0
 0
 0
 0
 0
 0
 0
 0
 0
 0
 0
 0
 0
 0
 0
 0
 0
 0
 0
 0
 0
 0
 0
 0
 0
 0
 0
 0
 0
 0
 0
 0
 0
 0
 0
 0
 0
 0
 0
 0
 0
 0
 0
 0
 0
 0
 0
 0
 0
 0
 0
 0
 0
 0
 0
 0
 0
 0
 0
 0
 0
 0
 0
 0
 0
 0
 0
 0
 0
 0
 0
 0
 0
 0
 0
 0
 0
 0
 0
 0
 0
 0
 0
 0
 0
 0
 0
 0
 0
 0
 0
 0
 0
 0
 0
 0
 0
 0
 0
 0
 0
 0
 0
 0
 0
 0
 0
 0
 0
 0
 0
 0
 0
 0
 0
 0
 0
 0
 0
 0
 0
 0
 0
 0
 0
 0
 0
 0
 0
 0
 0
 0
 0
 0
 0
 0
 0
 0
 0
 0
 0
 0
 0
 0
 0
 0
 0
 0
 0
 0
 0
 0
 0
 0
 0
 0
 0
 0
 0
 0
 0
 0
 0
 0
 0
 0
 0
 0
 0
 0
 0
 0
 0
 0
 0
 0
 0
 0
 0
 0
 0
 0
 0
 0
 0
 0
 0
 0
 0
 0
 0
 0
 0
 0
 0
 0
 0
 0
 0
 0
 0
 0
 0
 0
 0
 0
 0
 0
 0
 0
 0
 0
 0
 0
 0
 0
 0
 0
 0
 0
 0
 0
 0
 0
 0
 0
 0
 0
 0
 0
 0
 0
 0
 0
 0
 0
 0
 0
 0
 0
 0
 0
 0
 0
 0
 0
 0
 0
 0
 0
 0
 0
 0
 0
 0
 0
 0
 0
 0
 0
 0
 0
 0
 0
 0
 0
 0
 0
 0
 0
 0
 0
 0
 0
 0
 0
 0
 0
 0
 0
 0
 0
 0
 0
 0
 0
 0
 0
 0
 0
 0
 0
 0
 0
 0
 0
 0


