# Created by Octave 4.0.0, Sat Nov 21 16:31:14 2015 W. Europe Standard Time <unknown@Florian-PC>
# name: mus
# type: matrix
# ndims: 3
 1 30 19
 0
 0
 0.49875
 0.78344
 0.6033500000000001
 0.8500799999999999
 0.82762
 0.8146
 0.90393
 0.88403
 0.9049199999999999
 0.9234
 0.89695
 0.91647
 0.92405
 0.93412
 0.92966
 0.93182
 0.92119
 0.88983
 0.87051
 0.8545199999999999
 0.85786
 0.8716
 0.8748899999999999
 0.87207
 0.8627899999999999
 0.86239
 0.86574
 0.85897
 0
 0
 1
 0.25
 0.8
 0.5
 0.6
 0.5
 0.6
 0.6
 0.6333299999999999
 0.33333
 0.4
 0.6333299999999999
 0.66667
 0.5
 0.65
 0.66667
 0.73333
 0.8
 0.72
 0.85
 0.6899999999999999
 0.63
 0.72
 0.72667
 0.67333
 0.79333
 0.72
 0.83333
 0
 0
 1
 0.63126
 0.76401
 0.74348
 0.53556
 0.70851
 0.57496
 0.67539
 0.62616
 0.49759
 0.58318
 0.60392
 0.67096
 0.6141799999999999
 0.60631
 0.54734
 0.54877
 0.65969
 0.68711
 0.66655
 0.66299
 0.66128
 0.69994
 0.65949
 0.7141
 0.68748
 0.66638
 0.69994
 0
 0
 1
 0.366
 0.72095
 0.60199
 0.59315
 0.63733
 0.53345
 0.56968
 0.58556
 0.61042
 0.55148
 0.5829299999999999
 0.55833
 0.58961
 0.60804
 0.61643
 0.59656
 0.63348
 0.66649
 0.67182
 0.68764
 0.70485
 0.73131
 0.71095
 0.70961
 0.75473
 0.74717
 0.75382
 0
 0
 1
 0
 0.4
 0.5
 0.71429
 1
 0.33333
 0.5
 0.54545
 0.83333
 0.53846
 0.66667
 1
 0.33333
 1
 0
 0
 1
 0
 1
 1
 1
 1
 0
 0
 0
 1
 1
 0
 0
 1
 0.09211999999999999
 0.35238
 0.64094
 0.6140600000000001
 0.79474
 0.52027
 0.52878
 0.53948
 0.6563099999999999
 0.51244
 0.62985
 0.6793
 0.52802
 0.68602
 0.42125
 0.43425
 0.73872
 0.57661
 0.78262
 0.75761
 0.74204
 0.6976599999999999
 0.59656
 0.54562
 0.7434500000000001
 0.8210499999999999
 0.82062
 0
 0
 1
 0.89018
 0.69249
 0.76577
 0.79175
 0.72272
 0.72272
 0.68841
 0.67133
 0.6180600000000001
 0.62846
 0.6111
 0.6784
 0.66704
 0.6593
 0.6517500000000001
 0.63759
 0.65859
 0.69755
 0.69258
 0.68144
 0.66948
 0.70651
 0.67746
 0.69495
 0.68616
 0.6764
 0.70564
 0
 0
 1
 0.43383
 0.63814
 0.6314
 0.5189
 0.57861
 0.49096
 0.54797
 0.5423
 0.5346
 0.53017
 0.5224
 0.53882
 0.5367
 0.56821
 0.55601
 0.54195
 0.57795
 0.58854
 0.60354
 0.60446
 0.6194499999999999
 0.6282799999999999
 0.62033
 0.6296
 0.65389
 0.64922
 0.65358
 0
 0
 0.88735
 0.93733
 0.94354
 0.92598
 0.89279
 0.92295
 0.93315
 0.92591
 0.91606
 0.92178
 0.90815
 0.91677
 0.90673
 0.91183
 0.92458
 0.91349
 0.90903
 0.88961
 0.90398
 0.90554
 0.89824
 0.90421
 0.91216
 0.91006
 0.89846
 0.90057
 0.91374
 0.89418
 0
 0
 1
 0.12103
 0.44335
 0.66796
 0.49992
 0.5748799999999999
 0.51941
 0.52147
 0.54694
 0.55052
 0.51649
 0.5633
 0.56737
 0.52893
 0.597
 0.50701
 0.55018
 0.60615
 0.57589
 0.59071
 0.58551
 0.68213
 0.7390600000000001
 0.7352
 0.60932
 0.76988
 0.76572
 0.76388
 0
 0
 1
 0.75679
 0.67431
 0.70722
 0.80382
 0.70269
 0.80846
 0.64972
 0.41284
 0.5455
 0.65374
 0.6460900000000001
 0.69272
 0.63863
 0.65851
 0.66077
 0.62664
 0.6254
 0.66674
 0.65019
 0.66816
 0.73183
 0.68751
 0.64372
 0.64684
 0.72077
 0.69267
 0.67477
 0
 0
 0
 0
 0
 0
 0
 0
 0
 0
 0
 0
 0
 0
 0
 0
 0
 0
 0
 0
 0
 0
 0
 0
 0
 0
 0
 0
 0
 0
 0
 0
 0
 0
 0
 0
 0
 0
 0
 0
 0
 0
 0
 0
 0
 0
 0
 0
 0
 0
 0
 0
 0
 0
 0
 0
 0
 0
 0
 0
 0
 0
 0
 0
 0
 0
 0
 0
 0
 0
 0
 0
 0
 0
 0
 0
 0
 0
 0
 0
 0
 0
 0
 0
 0
 0
 0
 0
 0
 0
 0
 0
 0
 0
 0
 0
 0
 0
 0
 0
 0
 0
 0
 0
 0
 0
 0
 0
 0
 0
 0
 0
 0
 0
 0
 0
 0
 0
 0
 0
 0
 0
 0
 0
 0
 0
 0
 0
 0
 0
 0
 0
 0
 0
 0
 0
 0
 0
 0
 0
 0
 0
 0
 0
 0
 0
 0
 0
 0
 0
 0
 0
 0.88542
 0.92596
 0.87154
 0.91882
 0.91703
 0.90916
 0.94115
 0.9097
 0.93069
 0.9259500000000001
 0.93092
 0.9346
 0.91018
 0.91697
 0.90681
 0.9025
 0.90998
 0.90912
 0.90452
 0.90765
 0.90111
 0.89701
 0.89569
 0.8932
 0.90177
 0.9084
 0.8899
 0.90476
 0
 0
 0
 0
 0
 0
 0
 0
 0
 0
 0
 0
 0
 0
 0
 0
 0
 0
 0
 0
 0
 0
 0
 0
 0
 0
 0
 0
 0
 0
 0
 0
 0
 0
 0
 0
 0
 0
 0
 0
 0
 0
 0
 0
 0
 0
 0
 0
 0
 0
 0
 0
 0
 0
 0
 0
 0
 0
 0
 0


