# Created by Octave 4.0.0, Sat Nov 21 16:30:59 2015 W. Europe Standard Time <unknown@Florian-PC>
# name: mus
# type: matrix
# ndims: 3
 1 30 19
 0
 0
 0.61404
 0.73411
 0.76234
 0.8593
 0.89947
 0.90772
 0.93651
 0.93782
 0.9366100000000001
 0.93771
 0.93792
 0.94118
 0.91055
 0.91047
 0.9242899999999999
 0.9255100000000001
 0.93205
 0.93559
 0.93818
 0.93869
 0.93896
 0.93793
 0.93957
 0.9398
 0.94024
 0.93835
 0.9394400000000001
 0.93846
 0
 0
 0.66667
 1
 1
 1
 1
 1
 1
 1
 1
 1
 1
 0.8666700000000001
 0.8666700000000001
 0.8666700000000001
 1
 1
 0.8
 0.85
 0.9
 0.91
 0.91
 0.96
 0.92
 0.92667
 0.92667
 0.92667
 0.92667
 0.93333
 0
 0
 0.68394
 0.9125799999999999
 0.8839
 0.90562
 0.91993
 0.93721
 0.96863
 0.97029
 0.98386
 0.96888
 0.98125
 0.96039
 0.94543
 0.97246
 0.96589
 0.93653
 0.87073
 0.88566
 0.89536
 0.92503
 0.89555
 0.89988
 0.91185
 0.91686
 0.93412
 0.93704
 0.93849
 0.95752
 0
 0
 0.63707
 0.77105
 0.83329
 0.82709
 0.8834
 0.87914
 0.90852
 0.9261200000000001
 0.93653
 0.9384
 0.92952
 0.93845
 0.93289
 0.92376
 0.89924
 0.90408
 0.82908
 0.84796
 0.86403
 0.87032
 0.87202
 0.87983
 0.87581
 0.89095
 0.89396
 0.89424
 0.9053099999999999
 0.9093599999999999
 0
 0
 0
 1
 1
 1
 1
 1
 1
 1
 1
 1
 1
 1
 1
 1
 1
 1
 1
 1
 1
 1
 1
 1
 1
 1
 1
 1
 1
 1
 0
 0
 0.16664
 0.9896
 0.92004
 0.84862
 0.91851
 0.94669
 0.98347
 0.98028
 0.92411
 0.99107
 0.89283
 0.98745
 0.93198
 0.92338
 0.8536899999999999
 0.91045
 0.86182
 0.8135
 0.8892600000000001
 0.8704
 0.86488
 0.84595
 0.85604
 0.92643
 0.95111
 0.88996
 0.87685
 0.88086
 0
 0
 0.36788
 0.66778
 0.76877
 0.8230499999999999
 0.88239
 0.87559
 0.87967
 0.90325
 0.89755
 0.91581
 0.8907
 0.91591
 0.9319
 0.94543
 0.91959
 0.93008
 0.8143
 0.8732799999999999
 0.85546
 0.80546
 0.93062
 0.87161
 0.84707
 0.83532
 0.87356
 0.92134
 0.85371
 0.93801
 0
 0
 0.63686
 0.73037
 0.7994
 0.79922
 0.82337
 0.83389
 0.86363
 0.89507
 0.91942
 0.92672
 0.93207
 0.94537
 0.93976
 0.93452
 0.91095
 0.92216
 0.85506
 0.86708
 0.88261
 0.88119
 0.88403
 0.89157
 0.8798
 0.89864
 0.90224
 0.90743
 0.9172
 0.92113
 0
 0
 0.99981
 1
 1
 1
 1
 1
 1
 1
 1
 1
 0.98822
 0.97986
 0.98131
 0.97614
 0.975
 0.96704
 0.97183
 0.96937
 0.9607599999999999
 0.96594
 0.9661
 0.95662
 0.96092
 0.95688
 0.94697
 0.95765
 0.93243
 0.94465
 0
 0
 0.16666
 0.98846
 0.95304
 0.71877
 0.90423
 0.8981
 0.89924
 0.90036
 0.95524
 0.99078
 0.99371
 0.94446
 0.90066
 0.99196
 0.93197
 0.90604
 0.87365
 0.85466
 0.88083
 0.86949
 0.891
 0.88188
 0.90447
 0.92758
 0.8981
 0.91284
 0.94882
 0.9194
 0
 0
 0.36788
 0.67399
 0.81549
 0.83236
 0.89279
 0.88754
 0.85719
 0.81937
 0.83495
 0.87041
 0.87765
 0.8737
 0.8722800000000001
 0.89467
 0.89283
 0.89372
 0.84829
 0.86759
 0.91229
 0.86947
 0.89517
 0.88051
 0.85721
 0.8715000000000001
 0.88569
 0.89835
 0.8897
 0.90796
 0
 0
 0
 0
 0
 0
 0
 0
 0
 0
 0
 0
 0
 0
 0
 0
 0
 0
 0
 0
 0
 0
 0
 0
 0
 0
 0
 0
 0
 0
 0
 0
 0
 0
 0
 0
 0
 0
 0
 0
 0
 0
 0
 0
 0
 0
 0
 0
 0
 0
 0
 0
 0
 0
 0
 0
 0
 0
 0
 0
 0
 0
 0
 0
 0
 0
 0
 0
 0
 0
 0
 0
 0
 0
 0
 0
 0
 0
 0
 0
 0
 0
 0
 0
 0
 0
 0
 0
 0
 0
 0
 0
 0
 0
 0
 0
 0
 0
 0
 0
 0
 0
 0
 0
 0
 0
 0
 0
 0
 0
 0
 0
 0
 0
 0
 0
 0
 0
 0
 0
 0
 0
 0
 0
 0
 0
 0
 0
 0
 0
 0
 0
 0
 0
 0
 0
 0
 0
 0
 0
 0
 0
 0
 0
 0
 0
 0
 0
 0
 0
 0
 0
 0.99999
 1
 1
 1
 1
 1
 1
 0.99834
 1
 0.99836
 0.99493
 0.99019
 0.97672
 0.9760799999999999
 0.97832
 0.97345
 0.95884
 0.96572
 0.96172
 0.96046
 0.95403
 0.95726
 0.96759
 0.9541500000000001
 0.94991
 0.95077
 0.94257
 0.9472
 0
 0
 0
 0
 0
 0
 0
 0
 0
 0
 0
 0
 0
 0
 0
 0
 0
 0
 0
 0
 0
 0
 0
 0
 0
 0
 0
 0
 0
 0
 0
 0
 0
 0
 0
 0
 0
 0
 0
 0
 0
 0
 0
 0
 0
 0
 0
 0
 0
 0
 0
 0
 0
 0
 0
 0
 0
 0
 0
 0


# name: vars
# type: matrix
# ndims: 3
 1 30 19
 0
 0
 0.080138
 0.048195
 0.038408
 0.021629
 0.012577
 0.009374
 0.006787
 0.005931
 0.004363
 0.005292
 0.004788
 0.003423
 0.005343
 0.004932
 0.004365
 0.004206
 0.0034
 0.002763
 0.002427
 0.002734
 0.002169
 0.002541
 0.002009
 0.001884
 0.002949
 0.002119
 0.001889
 0.00202
 0
 0
 0.33333
 0
 0
 0
 0
 0
 0
 0
 0
 0
 0
 0.08889
 0.08889
 0.08889
 0
 0
 0.075
 0.05
 0.01875
 0.0155
 0.0155
 0.008
 0.012
 0.01022
 0.01022
 0.01022
 0.01022
 0.008330000000000001
 0
 0
 0
 0
 0
 0
 0
 0
 0
 0
 0
 0
 0
 0
 0
 0
 0
 0
 0
 0
 0
 0
 0
 0
 0
 0
 0
 0
 0
 0
 0
 0
 0.18777
 0.05699
 0.03165
 0.02609
 0.01072
 0.008229999999999999
 0.00788
 0.00464
 0.00398
 0.00317
 0.00288
 0.00344
 0.00239
 0.00238
 0.00345
 0.00261
 0.00304
 0.00315
 0.00243
 0.00248
 0.00224
 0.0021
 0.00202
 0.00209
 0.00184
 0.00168
 0.00166
 0.00175
 0
 0
 2.5877e-008
 7.7837e-016
 3.6764e-018
 1.0241e-027
 2.5679e-034
 1.9565e-034
 3.1601e-031
 3.4246e-029
 2.9903e-029
 7.1506e-029
 1.1356e-028
 0.0001555
 3.2359e-005
 2.1813e-008
 3.9962e-005
 2.2435e-007
 3.6468e-005
 0.00028859
 5.9698e-008
 0.00010557
 6.6559e-005
 4.3337e-005
 2.3653e-006
 4.1882e-005
 1.0621e-013
 1.3293e-009
 5.7839e-008
 1.9629e-005
 0
 0
 0
 0
 0
 0
 0
 0
 0
 0
 0
 0
 0
 0
 0
 0
 0
 0
 0
 0
 0
 0
 0
 0
 0
 0
 0
 0
 0
 0
 0
 0
 0
 0
 0
 0
 0
 0
 0
 0
 0
 0
 0
 0
 0
 0
 0
 0
 0
 0
 0
 0
 0
 0
 0
 0
 0
 0
 0
 0
 0
 0
 0.18761
 0.08195
 0.05824
 0.04207
 0.02226
 0.01148
 0.0151
 0.0135
 0.00776
 0.00505
 0.00562
 0.00498
 0.00372
 0.00369
 0.00482
 0.00341
 0.00415
 0.00504
 0.00369
 0.00516
 0.00304
 0.00259
 0.00508
 0.00396
 0.00135
 0.00219
 0.00131
 0.00271
 0
 0
 0
 0
 0
 0
 0
 0
 0
 0
 0
 0
 0.004458
 0.004417
 0.004569
 0.006081
 0.005579
 0.00698
 0.005971
 0.007616
 0.009367
 0.00874
 0.006005
 0.009838
 0.007612
 0.010763
 0.012528
 0.008631
 0.014379
 0.012859
 0
 0
 0
 0
 0
 0
 0
 0
 0
 0
 0
 0
 0
 0
 0
 0
 0
 0
 0
 0
 0
 0
 0
 0
 0
 0
 0
 0
 0
 0
 0
 0
 0
 0
 0
 0
 0
 0
 0
 0
 0
 0
 0
 0
 0
 0
 0
 0
 0
 0
 0
 0
 0
 0
 0
 0
 0
 0
 0
 0
 0
 0
 0
 0
 0
 0
 0
 0
 0
 0
 0
 0
 0
 0
 0
 0
 0
 0
 0
 0
 0
 0
 0
 0
 0
 0
 0
 0
 0
 0
 0
 0
 0
 0
 0
 0
 0
 0
 0
 0
 0
 0
 0
 0
 0
 0
 0
 0
 0
 0
 0
 0
 0
 0
 0
 0
 0
 0
 0
 0
 0
 0
 0
 0
 0
 0
 0
 0
 0
 0
 0
 0
 0
 0
 0
 0
 0
 0
 0
 0
 0
 0
 0
 0
 0
 0
 0
 0
 0
 0
 0
 0
 0
 0
 0
 0
 0
 0
 0
 0
 0
 0
 0
 0
 0
 0
 0
 0
 0
 0
 0
 0
 0
 0
 0
 0
 0
 0
 0
 0
 0
 0
 0
 0
 0
 0
 0
 0
 0
 0
 0
 0
 0
 0
 0
 0
 0
 0
 0
 0
 0
 0
 0
 0
 0
 0
 0
 0
 0
 0
 0
 0
 0
 0
 0
 0
 0
 0
 0
 0.000275
 0
 0.000387
 0.000788
 0.001462
 0.006326
 0.006138
 0.005324
 0.006218
 0.012395
 0.007602
 0.008592000000000001
 0.008591
 0.010913
 0.009816
 0.007095
 0.010281
 0.011319
 0.010294
 0.011634
 0.012091
 0
 0
 0
 0
 0
 0
 0
 0
 0
 0
 0
 0
 0
 0
 0
 0
 0
 0
 0
 0
 0
 0
 0
 0
 0
 0
 0
 0
 0
 0
 0
 0
 0
 0
 0
 0
 0
 0
 0
 0
 0
 0
 0
 0
 0
 0
 0
 0
 0
 0
 0
 0
 0
 0
 0
 0
 0
 0
 0
 0


