# Created by Octave 4.0.0, Sat Nov 21 16:31:18 2015 W. Europe Standard Time <unknown@Florian-PC>
# name: mus
# type: matrix
# ndims: 3
 1 30 19
 0
 0
 0.49875
 0.85284
 0.50628
 0.50503
 0.6249
 0.62081
 0.62155
 0.62605
 0.63053
 0.63131
 0.63524
 0.65882
 0.72658
 0.76351
 0.77756
 0.77399
 0.78168
 0.8067800000000001
 0.80702
 0.80836
 0.82274
 0.85884
 0.86298
 0.86747
 0.85101
 0.85714
 0.86329
 0.86068
 0
 0
 1
 0.5
 1
 1
 0.6
 0.9
 0.9
 0.9
 0.73333
 0.83333
 0.83333
 0.83333
 0.8
 0.6333299999999999
 0.76667
 0.9
 0.78333
 0.8
 0.73
 0.68
 0.73
 0.75
 0.84
 0.73333
 0.82667
 0.81333
 0.79333
 0.8666700000000001
 0
 0
 1
 0.72784
 0.8882
 0.9473200000000001
 0.67464
 0.81394
 0.87303
 0.8674500000000001
 0.7257
 0.8357599999999999
 0.85539
 0.83879
 0.81275
 0.8216599999999999
 0.77473
 0.83073
 0.7768699999999999
 0.77871
 0.76157
 0.83519
 0.83284
 0.84833
 0.82026
 0.85251
 0.84654
 0.86726
 0.81695
 0.84141
 0
 0
 1
 0.44392
 0.6969
 0.8603
 0.7335199999999999
 0.79431
 0.79905
 0.8166099999999999
 0.74831
 0.79181
 0.80509
 0.8242
 0.75246
 0.74461
 0.73348
 0.7547700000000001
 0.72482
 0.72524
 0.7150300000000001
 0.74209
 0.75239
 0.74899
 0.76784
 0.77294
 0.76296
 0.77721
 0.7614300000000001
 0.77963
 0
 0
 1
 1
 1
 1
 0.57143
 0.75
 0.88889
 0.8
 0.90909
 0.91667
 0.84615
 0.77778
 0.8
 0.66667
 1
 1
 0
 1
 1
 0
 1
 0
 1
 1
 1
 0
 1
 1
 0
 0
 1
 0.71524
 0.7889699999999999
 0.88717
 0.73683
 0.72931
 0.70546
 0.7765
 0.7013
 0.73432
 0.75945
 0.85428
 0.78798
 0.7169
 0.78309
 0.73322
 0.68268
 0.79664
 0.71488
 0.72461
 0.74053
 0.74425
 0.74556
 0.74927
 0.80079
 0.72806
 0.82003
 0.78179
 0
 0
 1
 0.57309
 0.69535
 0.71038
 0.78073
 0.793
 0.80302
 0.81702
 0.84109
 0.79639
 0.82978
 0.93349
 0.76293
 0.78305
 0.78149
 0.79932
 0.76838
 0.76537
 0.76873
 0.81878
 0.82979
 0.79622
 0.91564
 0.81314
 0.7977
 0.7844
 0.79272
 0.81219
 0
 0
 1
 0.42482
 0.64646
 0.85849
 0.7655999999999999
 0.84601
 0.78806
 0.7964599999999999
 0.75512
 0.8152
 0.82032
 0.8251500000000001
 0.77622
 0.76153
 0.75401
 0.78055
 0.74637
 0.74148
 0.72885
 0.7609900000000001
 0.76456
 0.76435
 0.78313
 0.79133
 0.78051
 0.79357
 0.77477
 0.7940700000000001
 0
 0
 1
 1
 1
 1
 1
 1
 1
 1
 1
 0.99978
 0.99557
 0.98338
 0.98504
 0.97807
 0.96751
 0.96928
 0.97277
 0.96573
 0.96114
 0.96265
 0.96195
 0.96197
 0.95036
 0.9599800000000001
 0.94916
 0.95751
 0.94787
 0.9507100000000001
 0
 0
 1
 0.6983200000000001
 0.56828
 0.79937
 0.72002
 0.8003
 0.8131699999999999
 0.83806
 0.81782
 0.89228
 0.84679
 0.8148300000000001
 0.7371
 0.7333
 0.7413999999999999
 0.84314
 0.75746
 0.72178
 0.7192
 0.73611
 0.84716
 0.75708
 0.85954
 0.78066
 0.76378
 0.78032
 0.86061
 0.78174
 0
 0
 1
 0.61564
 0.65721
 0.69728
 0.76176
 0.75919
 0.75985
 0.83003
 0.80874
 0.75704
 0.7785300000000001
 0.82426
 0.76471
 0.76411
 0.79979
 0.83645
 0.76737
 0.79922
 0.8176600000000001
 0.78294
 0.7907
 0.8051700000000001
 0.77927
 0.80167
 0.79126
 0.87942
 0.80192
 0.78435
 0
 0
 0
 0
 0
 0
 0
 0
 0
 0
 0
 0
 0
 0
 0
 0
 0
 0
 0
 0
 0
 0
 0
 0
 0
 0
 0
 0
 0
 0
 0
 0
 0
 0
 0
 0
 0
 0
 0
 0
 0
 0
 0
 0
 0
 0
 0
 0
 0
 0
 0
 0
 0
 0
 0
 0
 0
 0
 0
 0
 0
 0
 0
 0
 0
 0
 0
 0
 0
 0
 0
 0
 0
 0
 0
 0
 0
 0
 0
 0
 0
 0
 0
 0
 0
 0
 0
 0
 0
 0
 0
 0
 0
 0
 0
 0
 0
 0
 0
 0
 0
 0
 0
 0
 0
 0
 0
 0
 0
 0
 0
 0
 0
 0
 0
 0
 0
 0
 0
 0
 0
 0
 0
 0
 0
 0
 0
 0
 0
 0
 0
 0
 0
 0
 0
 0
 0
 0
 0
 0
 0
 0
 0
 0
 0
 0
 0
 0
 0
 0
 0
 0
 0.99999
 1
 1
 1
 1
 1
 1
 0.99842
 1
 0.9980599999999999
 0.99536
 0.9785
 0.97716
 0.97181
 0.96458
 0.97814
 0.96937
 0.96433
 0.96488
 0.96366
 0.96883
 0.96435
 0.94746
 0.95941
 0.94858
 0.94564
 0.95426
 0.95143
 0
 0
 0
 0
 0
 0
 0
 0
 0
 0
 0
 0
 0
 0
 0
 0
 0
 0
 0
 0
 0
 0
 0
 0
 0
 0
 0
 0
 0
 0
 0
 0
 0
 0
 0
 0
 0
 0
 0
 0
 0
 0
 0
 0
 0
 0
 0
 0
 0
 0
 0
 0
 0
 0
 0
 0
 0
 0
 0
 0


