# Created by Octave 4.0.0, Sat Nov 21 16:31:10 2015 W. Europe Standard Time <unknown@Florian-PC>
# name: mus
# type: matrix
# ndims: 3
 1 30 19
 0
 0
 0.90226
 0.9071900000000001
 0.91381
 0.67672
 0.84879
 0.92953
 0.92147
 0.87983
 0.86155
 0.87542
 0.90782
 0.93328
 0.95105
 0.95101
 0.94874
 0.94024
 0.93901
 0.94831
 0.94486
 0.95216
 0.95506
 0.95408
 0.95745
 0.9623699999999999
 0.96191
 0.96429
 0.96299
 0.95983
 0
 0
 0.33333
 0.25
 0.4
 0.5
 0.2
 0.2
 0.2
 0
 0.46667
 0.56667
 0.46667
 0.23333
 0.26667
 0.31667
 0.4
 0.45
 0.36667
 0.4
 0.47
 0.46
 0.4
 0.52
 0.48
 0.40667
 0.48667
 0.53333
 0.46
 0.5
 0
 0
 0.55581
 0.51295
 0.54671
 0.67846
 0.62064
 0.36645
 0.57142
 0.51723
 0.42874
 0.36805
 0.59875
 0.4379
 0.32954
 0.6544
 0.49304
 0.48573
 0.51293
 0.5011100000000001
 0.51374
 0.49776
 0.49771
 0.53223
 0.41574
 0.5431
 0.56164
 0.55966
 0.57502
 0.54833
 0
 0
 0.6354300000000001
 0.52111
 0.64634
 0.57263
 0.52088
 0.44251
 0.40561
 0.43525
 0.5091599999999999
 0.47462
 0.47257
 0.49735
 0.47436
 0.48059
 0.4967
 0.52706
 0.51164
 0.52217
 0.53698
 0.52208
 0.4894
 0.52621
 0.5038899999999999
 0.5038899999999999
 0.52256
 0.51511
 0.5242
 0.51086
 0
 0
 0
 0.5
 0.4
 0.66667
 0.57143
 0.125
 0.22222
 0.3
 0.54545
 0.5
 0.61538
 0.77778
 0.2
 0.33333
 0.5
 1
 0
 0
 1
 1
 1
 0
 1
 0
 0
 1
 1
 1
 0
 0
 0.24997
 0.61151
 0.4
 0.67214
 0.4843
 0.41817
 0.41312
 0.4362
 0.48227
 0.46825
 0.47363
 0.50122
 0.43442
 0.45999
 0.48995
 0.5583
 0.4542
 0.46273
 0.53925
 0.51434
 0.52215
 0.49375
 0.54494
 0.48002
 0.49549
 0.53001
 0.54093
 0.51403
 0
 0
 0.36788
 0.83979
 0.6000799999999999
 0.67303
 0.66669
 0.67687
 0.64721
 0.62498
 0.66866
 0.61214
 0.6629699999999999
 0.67217
 0.6077900000000001
 0.61111
 0.63841
 0.68519
 0.63474
 0.65782
 0.64685
 0.61578
 0.6389899999999999
 0.61848
 0.66378
 0.62818
 0.61891
 0.64474
 0.62896
 0.63678
 0
 0
 0.63567
 0.5418500000000001
 0.6229
 0.52294
 0.50471
 0.46055
 0.4257
 0.42907
 0.48071
 0.4608
 0.46348
 0.47338
 0.4826
 0.47487
 0.49182
 0.5084
 0.504
 0.51165
 0.52688
 0.51215
 0.48699
 0.52127
 0.50251
 0.49944
 0.52551
 0.5171
 0.528
 0.5181
 0
 0
 0.99988
 1
 1
 1
 1
 1
 1
 1
 1
 1
 0.98969
 0.98875
 0.97802
 0.96579
 0.9763500000000001
 0.9705
 0.96579
 0.95344
 0.96501
 0.96768
 0.95856
 0.96261
 0.96348
 0.95713
 0.95439
 0.95225
 0.9482699999999999
 0.94158
 0
 0
 0.25
 0.6607
 0.385
 0.60676
 0.45226
 0.4782
 0.41505
 0.4184
 0.46537
 0.44621
 0.44882
 0.46174
 0.4485
 0.45995
 0.47768
 0.49749
 0.4844
 0.50571
 0.5085499999999999
 0.49755
 0.50019
 0.50326
 0.48851
 0.4886
 0.51278
 0.50591
 0.51146
 0.50972
 0
 0
 0.36788
 0.8516899999999999
 0.60014
 0.69697
 0.65177
 0.6987
 0.63067
 0.61348
 0.63124
 0.63512
 0.62595
 0.6519200000000001
 0.61327
 0.62531
 0.71878
 0.6223
 0.63173
 0.6188
 0.6321600000000001
 0.6303800000000001
 0.60972
 0.61004
 0.61442
 0.60016
 0.6107900000000001
 0.60694
 0.61331
 0.62297
 0
 0
 0
 0
 0
 0
 0
 0
 0
 0
 0
 0
 0
 0
 0
 0
 0
 0
 0
 0
 0
 0
 0
 0
 0
 0
 0
 0
 0
 0
 0
 0
 0
 0
 0
 0
 0
 0
 0
 0
 0
 0
 0
 0
 0
 0
 0
 0
 0
 0
 0
 0
 0
 0
 0
 0
 0
 0
 0
 0
 0
 0
 0
 0
 0
 0
 0
 0
 0
 0
 0
 0
 0
 0
 0
 0
 0
 0
 0
 0
 0
 0
 0
 0
 0
 0
 0
 0
 0
 0
 0
 0
 0
 0
 0
 0
 0
 0
 0
 0
 0
 0
 0
 0
 0
 0
 0
 0
 0
 0
 0
 0
 0
 0
 0
 0
 0
 0
 0
 0
 0
 0
 0
 0
 0
 0
 0
 0
 0
 0
 0
 0
 0
 0
 0
 0
 0
 0
 0
 0
 0
 0
 0
 0
 0
 0
 0
 0
 0
 0
 0
 0
 0.99997
 1
 1
 1
 1
 1
 1
 1
 1
 0.99993
 0.99239
 0.98695
 0.99014
 0.97922
 0.96902
 0.9637
 0.96707
 0.96022
 0.96835
 0.9618100000000001
 0.96162
 0.96334
 0.95557
 0.95912
 0.96036
 0.95094
 0.95042
 0.93916
 0
 0
 0
 0
 0
 0
 0
 0
 0
 0
 0
 0
 0
 0
 0
 0
 0
 0
 0
 0
 0
 0
 0
 0
 0
 0
 0
 0
 0
 0
 0
 0
 0
 0
 0
 0
 0
 0
 0
 0
 0
 0
 0
 0
 0
 0
 0
 0
 0
 0
 0
 0
 0
 0
 0
 0
 0
 0
 0
 0


