# Created by Octave 4.0.0, Sat Nov 21 16:30:58 2015 W. Europe Standard Time <unknown@Florian-PC>
# name: mus
# type: matrix
# ndims: 3
 1 30 19
 0
 0
 0.8354200000000001
 0.85368
 0.8803299999999999
 0.92295
 0.92231
 0.92617
 0.9340000000000001
 0.93193
 0.93411
 0.93519
 0.93374
 0.9358
 0.93333
 0.93497
 0.9305
 0.9292899999999999
 0.92453
 0.91864
 0.9206299999999999
 0.92088
 0.92057
 0.91837
 0.91915
 0.9189000000000001
 0.91667
 0.89938
 0.90106
 0.90085
 0
 0
 0.66667
 0.75
 0.8
 0.4
 0.8
 0.4
 0.5
 0.6
 0.73333
 0.76667
 0.8
 0.76667
 0.8666700000000001
 0.8666700000000001
 0.8833299999999999
 0.8833299999999999
 0.85
 0.8
 0.85
 0.91
 0.91
 0.92
 0.92
 0.92
 0.93333
 0.85333
 0.8666700000000001
 0.8666700000000001
 0
 0
 0.81499
 0.85654
 0.71084
 0.61403
 0.61248
 0.62779
 0.6555
 0.65588
 0.71527
 0.75895
 0.75192
 0.77425
 0.77726
 0.8188299999999999
 0.8358100000000001
 0.85297
 0.88244
 0.83891
 0.85524
 0.86515
 0.84453
 0.8831
 0.87339
 0.90078
 0.89097
 0.88187
 0.8858200000000001
 0.88018
 0
 0
 0.7442
 0.8480799999999999
 0.77363
 0.54621
 0.71929
 0.5628
 0.6052
 0.62641
 0.69716
 0.72052
 0.74373
 0.76427
 0.76664
 0.77179
 0.80484
 0.8163899999999999
 0.8269
 0.78997
 0.81753
 0.82783
 0.83057
 0.84556
 0.85344
 0.86036
 0.86374
 0.84462
 0.85598
 0.85247
 0
 0
 0.33333
 0.75
 0.8
 0.16667
 0.57143
 0.625
 0.5555600000000001
 0.6
 0.72727
 0.83333
 0.92308
 0.66667
 1
 1
 1
 1
 1
 1
 1
 1
 1
 1
 1
 1
 1
 1
 1
 1
 0
 0
 0.33333
 0.86833
 0.68979
 0.42331
 0.60598
 0.54139
 0.54654
 0.61715
 0.63605
 0.70122
 0.70796
 0.73781
 0.85625
 0.90445
 0.88998
 0.76558
 0.7819700000000001
 0.7758
 0.89699
 0.8176099999999999
 0.76552
 0.8145
 0.84133
 0.79762
 0.86805
 0.86631
 0.81817
 0.86587
 0
 0
 0.57859
 0.9704199999999999
 0.84204
 0.64581
 0.63465
 0.58868
 0.60323
 0.71049
 0.72296
 0.69469
 0.72189
 0.76973
 0.78318
 0.77481
 0.81604
 0.82796
 0.8119499999999999
 0.80397
 0.8295400000000001
 0.80569
 0.83125
 0.84196
 0.86168
 0.8747200000000001
 0.87176
 0.82562
 0.8281500000000001
 0.90442
 0
 0
 0.74626
 0.84328
 0.72619
 0.56366
 0.7347
 0.54337
 0.54892
 0.61009
 0.68331
 0.72577
 0.75183
 0.77615
 0.78181
 0.7882400000000001
 0.82758
 0.8368100000000001
 0.8434700000000001
 0.8119
 0.82999
 0.84197
 0.84443
 0.85948
 0.86707
 0.87487
 0.88028
 0.8595699999999999
 0.8600100000000001
 0.87373
 0
 0
 0.99959
 1
 1
 1
 1
 1
 1
 1
 1
 1
 0.99669
 0.99422
 0.98227
 0.97801
 0.96644
 0.9725
 0.97057
 0.96968
 0.96491
 0.96634
 0.95757
 0.96353
 0.95609
 0.96424
 0.95581
 0.95558
 0.94603
 0.95113
 0
 0
 0.33333
 0.96792
 0.65145
 0.42897
 0.65393
 0.49392
 0.5325
 0.61444
 0.69612
 0.70179
 0.77149
 0.82002
 0.76409
 0.78864
 0.91333
 0.88962
 0.82222
 0.79095
 0.828
 0.82773
 0.86939
 0.84743
 0.9180199999999999
 0.92001
 0.87108
 0.86356
 0.90258
 0.85924
 0
 0
 0.57859
 0.97142
 0.85949
 0.66038
 0.6503100000000001
 0.57389
 0.60415
 0.65467
 0.66131
 0.76652
 0.72358
 0.73217
 0.8075599999999999
 0.78698
 0.7837499999999999
 0.78318
 0.90419
 0.79647
 0.80565
 0.80758
 0.7906300000000001
 0.85837
 0.85288
 0.90874
 0.85163
 0.93309
 0.91392
 0.85667
 0
 0
 0
 0
 0
 0
 0
 0
 0
 0
 0
 0
 0
 0
 0
 0
 0
 0
 0
 0
 0
 0
 0
 0
 0
 0
 0
 0
 0
 0
 0
 0
 0
 0
 0
 0
 0
 0
 0
 0
 0
 0
 0
 0
 0
 0
 0
 0
 0
 0
 0
 0
 0
 0
 0
 0
 0
 0
 0
 0
 0
 0
 0
 0
 0
 0
 0
 0
 0
 0
 0
 0
 0
 0
 0
 0
 0
 0
 0
 0
 0
 0
 0
 0
 0
 0
 0
 0
 0
 0
 0
 0
 0
 0
 0
 0
 0
 0
 0
 0
 0
 0
 0
 0
 0
 0
 0
 0
 0
 0
 0
 0
 0
 0
 0
 0
 0
 0
 0
 0
 0
 0
 0
 0
 0
 0
 0
 0
 0
 0
 0
 0
 0
 0
 0
 0
 0
 0
 0
 0
 0
 0
 0
 0
 0
 0
 0
 0
 0
 0
 0
 0
 0.99999
 1
 1
 1
 1
 1
 0.99742
 1
 0.99997
 0.99825
 0.99136
 0.98914
 0.97755
 0.97849
 0.96116
 0.97023
 0.96326
 0.96409
 0.96411
 0.96355
 0.95667
 0.96056
 0.95292
 0.96369
 0.95098
 0.9609
 0.9469
 0.94598
 0
 0
 0
 0
 0
 0
 0
 0
 0
 0
 0
 0
 0
 0
 0
 0
 0
 0
 0
 0
 0
 0
 0
 0
 0
 0
 0
 0
 0
 0
 0
 0
 0
 0
 0
 0
 0
 0
 0
 0
 0
 0
 0
 0
 0
 0
 0
 0
 0
 0
 0
 0
 0
 0
 0
 0
 0
 0
 0
 0


