# Created by Octave 4.0.0, Sat Nov 21 16:31:08 2015 W. Europe Standard Time <unknown@Florian-PC>
# name: mus
# type: matrix
# ndims: 3
 1 30 19
 0
 0
 0.9056
 0.7123699999999999
 0.78828
 0.70436
 0.72654
 0.71141
 0.70343
 0.71513
 0.59633
 0.59596
 0.79243
 0.7942900000000001
 0.80675
 0.81926
 0.88597
 0.8909899999999999
 0.9056
 0.91017
 0.87886
 0.89071
 0.8913
 0.89456
 0.90468
 0.9143
 0.92487
 0.93183
 0.92683
 0.92821
 0
 0
 0.66667
 1
 1
 1
 1
 1
 1
 1
 1
 1
 0.93333
 0.8666700000000001
 0.8
 0.8666700000000001
 0.81667
 0.78333
 0.73333
 0.85
 0.82
 0.8100000000000001
 0.83
 0.82
 0.84
 0.86
 0.85333
 0.85333
 0.85333
 0.8666700000000001
 0
 0
 0.75919
 0.9484900000000001
 0.79943
 0.94513
 0.96588
 0.97214
 0.98782
 0.96818
 0.97556
 0.96718
 0.89501
 0.89599
 0.8741100000000001
 0.84929
 0.88313
 0.89267
 0.90341
 0.8916500000000001
 0.80635
 0.85104
 0.86327
 0.84398
 0.8696199999999999
 0.88243
 0.86924
 0.87778
 0.86883
 0.88215
 0
 0
 0.88889
 0.9791800000000001
 0.97833
 1
 1
 1
 1
 1
 1
 0.9974
 0.90351
 0.92552
 0.85508
 0.889
 0.84588
 0.88179
 0.91105
 0.92409
 0.86792
 0.86493
 0.88003
 0.89147
 0.89344
 0.88665
 0.88695
 0.89873
 0.88513
 0.89698
 0
 0
 0.66667
 1
 1
 1
 1
 1
 1
 1
 1
 1
 1
 1
 0.8
 1
 1
 1
 1
 1
 0
 0
 1
 1
 1
 1
 1
 1
 1
 1
 0
 0
 0.83333
 1.38889
 1.2
 1.175
 1.125
 1.04464
 1.03671
 1.01131
 1.01894
 1.01313
 0.99575
 0.98267
 0.82218
 0.96644
 0.93571
 1.0158
 1.05383
 0.9388300000000001
 0.59249
 0.40975
 1.04546
 1.02173
 1.0625
 1.04167
 1
 1
 1
 1.02481
 0
 0
 0.36788
 0.98353
 0.7737000000000001
 0.93934
 0.93676
 0.9726
 0.91434
 0.9381699999999999
 0.91547
 0.93674
 0.9111900000000001
 0.89159
 0.86994
 0.91193
 0.85144
 0.92074
 0.94167
 0.8977000000000001
 0.8622300000000001
 0.86998
 0.86573
 0.8626200000000001
 0.873
 0.88215
 0.86748
 0.88672
 0.89224
 0.87448
 0
 0
 0.88889
 0.86957
 0.88814
 0.97519
 0.98866
 0.98346
 0.9890600000000001
 0.99921
 0.98709
 0.9896
 0.9195
 0.92566
 0.86897
 0.87636
 0.82899
 0.87201
 0.89952
 0.90242
 0.86251
 0.88053
 0.88391
 0.87405
 0.89877
 0.89229
 0.88785
 0.89311
 0.89036
 0.9033
 0
 0
 1
 1
 1
 1
 1
 1
 1
 1
 1
 1
 1
 1
 1
 1
 1
 1
 1
 1
 1
 1
 1
 1
 1
 1
 1
 1
 1
 1
 0
 0
 0.83333
 1.42157
 1.29348
 1.2563
 1.24135
 1.13301
 1.0878
 1.03533
 1.03384
 1.04079
 0.84776
 0.86013
 0.7873
 0.86941
 0.77368
 0.79426
 0.88188
 1.09292
 0.81023
 0.80596
 0.90839
 0.89096
 1.04502
 1.08484
 0.991
 1
 0.9923
 0.87115
 0
 0
 0.36788
 0.97323
 0.79821
 0.98088
 0.95428
 0.90462
 0.98775
 0.95481
 0.9180700000000001
 0.90194
 0.88876
 0.85244
 1.03822
 0.87762
 0.85529
 0.8616
 0.90866
 1.06783
 0.9793500000000001
 0.97494
 1.01471
 0.99553
 0.8753300000000001
 1.00455
 0.88942
 0.89753
 0.98141
 0.95908
 0
 0
 0
 0
 0
 0
 0
 0
 0
 0
 0
 0
 0
 0
 0
 0
 0
 0
 0
 0
 0
 0
 0
 0
 0
 0
 0
 0
 0
 0
 0
 0
 0
 0
 0
 0
 0
 0
 0
 0
 0
 0
 0
 0
 0
 0
 0
 0
 0
 0
 0
 0
 0
 0
 0
 0
 0
 0
 0
 0
 0
 0
 0
 0
 0
 0
 0
 0
 0
 0
 0
 0
 0
 0
 0
 0
 0
 0
 0
 0
 0
 0
 0
 0
 0
 0
 0
 0
 0
 0
 0
 0
 0
 0
 0
 0
 0
 0
 0
 0
 0
 0
 0
 0
 0
 0
 0
 0
 0
 0
 0
 0
 0
 0
 0
 0
 0
 0
 0
 0
 0
 0
 0
 0
 0
 0
 0
 0
 0
 0
 0
 0
 0
 0
 0
 0
 0
 0
 0
 0
 0
 0
 0
 0
 0
 0
 0
 0
 0
 0
 0
 0
 1
 1
 1
 1
 1
 1
 1
 1
 1
 1
 1
 1
 1
 1
 1
 1
 1
 1
 1
 1
 1
 1
 1
 1
 1
 1
 1
 1
 0
 0
 0
 0
 0
 0
 0
 0
 0
 0
 0
 0
 0
 0
 0
 0
 0
 0
 0
 0
 0
 0
 0
 0
 0
 0
 0
 0
 0
 0
 0
 0
 0
 0
 0
 0
 0
 0
 0
 0
 0
 0
 0
 0
 0
 0
 0
 0
 0
 0
 0
 0
 0
 0
 0
 0
 0
 0
 0
 0


# name: vars
# type: matrix
# ndims: 3
 1 30 19
 0
 0
 0.029313
 0.053739
 0.032131
 0.036311
 0.024472
 0.024472
 0.025949
 0.018074
 0.02792
 0.028113
 0.013375
 0.014505
 0.012034
 0.006268
 0.004705
 0.003948
 0.004125
 0.004895
 0.003569
 0.003321
 0.004485
 0.004492
 0.003656
 0.003217
 0.002074
 0.003039
 0.003163
 0.002605
 0
 0
 0.33333
 0
 0
 0
 0
 0
 0
 0
 0
 0
 0.02222
 0.03333
 0.08889
 0.03333
 0.02917
 0.01597
 0.03264
 0.05
 0.03075
 0.043
 0.0295
 0.042
 0.068
 0.048
 0.027
 0.02089
 0.027
 0.01944
 0
 0
 0
 0
 0
 0
 0
 0
 0
 0
 0
 0
 0
 0
 0
 0
 0
 0
 0
 0
 0
 0
 0
 0
 0
 0
 0
 0
 0
 0
 0
 0
 0.11111
 0.00059
 0.00566
 0
 0
 0
 0
 0
 0
 0.00032
 0.01777
 0.01436
 0.02865
 0.01926
 0.02672
 0.02282
 0.01664
 0.01692
 0.02561
 0.02237
 0.02
 0.01959
 0.01865
 0.01826
 0.02092
 0.01764
 0.01976
 0.01947
 0
 0
 0
 0
 0
 0
 0
 0
 0
 0
 0
 0
 0
 0
 0
 0
 0
 0
 0
 0
 0
 0
 0
 0
 0
 0
 0
 0
 0
 0
 0
 0
 0
 0
 0
 0
 0
 0
 0
 0
 0
 0
 0
 0
 0
 0
 0
 0
 0
 0
 0
 0
 0
 0
 0
 0
 0
 0
 0
 0
 0
 0
 0
 0
 0
 0
 0
 0
 0
 0
 0
 0
 0
 0
 0
 0
 0
 0
 0
 0
 0
 0
 0
 0
 0
 0
 0
 0
 0
 0
 0
 0
 0.11111
 0.02333
 0.04009
 0.0047
 0.00389
 0.00433
 0.00167
 6e-005
 0.00389
 0.00296
 0.01455
 0.01283
 0.02047
 0.01997
 0.0191
 0.01755
 0.01527
 0.01685
 0.01872
 0.01791
 0.01765
 0.02074
 0.01697
 0.01886
 0.01698
 0.01496
 0.01937
 0.01794
 0
 0
 0
 0
 0
 0
 0
 0
 0
 0
 0
 0
 0
 0
 0
 0
 0
 0
 0
 0
 0
 0
 0
 0
 0
 0
 0
 0
 0
 0
 0
 0
 0
 0
 0
 0
 0
 0
 0
 0
 0
 0
 0
 0
 0
 0
 0
 0
 0
 0
 0
 0
 0
 0
 0
 0
 0
 0
 0
 0
 0
 0
 0
 0
 0
 0
 0
 0
 0
 0
 0
 0
 0
 0
 0
 0
 0
 0
 0
 0
 0
 0
 0
 0
 0
 0
 0
 0
 0
 0
 0
 0
 0
 0
 0
 0
 0
 0
 0
 0
 0
 0
 0
 0
 0
 0
 0
 0
 0
 0
 0
 0
 0
 0
 0
 0
 0
 0
 0
 0
 0
 0
 0
 0
 0
 0
 0
 0
 0
 0
 0
 0
 0
 0
 0
 0
 0
 0
 0
 0
 0
 0
 0
 0
 0
 0
 0
 0
 0
 0
 0
 0
 0
 0
 0
 0
 0
 0
 0
 0
 0
 0
 0
 0
 0
 0
 0
 0
 0
 0
 0
 0
 0
 0
 0
 0
 0
 0
 0
 0
 0
 0
 0
 0
 0
 0
 0
 0
 0
 0
 0
 0
 0
 0
 0
 0
 0
 0
 0
 0
 0
 0
 0
 0
 0
 0
 0
 0
 0
 0
 0
 0
 0
 0
 0
 0
 0
 0
 0
 0
 0
 0
 0
 0
 0
 0
 0
 0
 0
 0
 0
 0
 0
 0
 0
 0
 0
 0
 0
 0
 0
 0
 0
 0
 0
 0
 0
 0
 0
 0
 0
 0
 0
 0
 0
 0
 0
 0
 0
 0
 0
 0
 0
 0
 0
 0
 0
 0
 0
 0
 0
 0
 0
 0
 0
 0
 0
 0
 0
 0
 0
 0
 0
 0
 0
 0
 0
 0
 0
 0
 0
 0
 0
 0
 0
 0
 0
 0
 0
 0
 0
 0
 0
 0
 0
 0
 0
 0
 0
 0
 0
 0
 0
 0
 0
 0
 0
 0
 0
 0
 0
 0
 0
 0
 0
 0
 0
 0
 0
 0


