# Created by Octave 4.0.0, Sat Nov 21 16:31:17 2015 W. Europe Standard Time <unknown@Florian-PC>
# name: mus
# type: matrix
# ndims: 3
 1 30 19
 0
 0
 0.8863799999999999
 0.82023
 0.73724
 0.78559
 0.72403
 0.85654
 0.79532
 0.8672299999999999
 0.89241
 0.87879
 0.89799
 0.88824
 0.89536
 0.88936
 0.89521
 0.89646
 0.89641
 0.89322
 0.8855499999999999
 0.89169
 0.88148
 0.89116
 0.87745
 0.85619
 0.96044
 0.9572000000000001
 0.96078
 0.95556
 0
 0
 0.33333
 0.5
 0.4
 0.1
 0.4
 0.7
 0.4
 0.8
 0.43333
 0.43333
 0.36667
 0.6333299999999999
 0.4
 0.51667
 0.58333
 0.55
 0.6333299999999999
 0.6
 0.63
 0.6
 0.5
 0.58
 0.5600000000000001
 0.46667
 0.59333
 0.6
 0.68
 0.66667
 0
 0
 0.6156
 0.84915
 0.61036
 0.66287
 0.69131
 0.70543
 0.64812
 0.5322
 0.6218399999999999
 0.57301
 0.66407
 0.49991
 0.55569
 0.5019
 0.56001
 0.55096
 0.49435
 0.58983
 0.6712399999999999
 0.61034
 0.57991
 0.62143
 0.61132
 0.583
 0.57367
 0.6120100000000001
 0.64144
 0.64533
 0
 0
 0.5555600000000001
 0.6012
 0.7039
 0.42016
 0.60537
 0.63806
 0.70217
 0.60479
 0.57362
 0.56029
 0.50653
 0.59471
 0.52016
 0.49627
 0.56011
 0.54433
 0.53581
 0.55874
 0.6211
 0.66116
 0.63249
 0.70272
 0.69467
 0.63311
 0.5944
 0.65867
 0.68092
 0.69492
 0
 0
 0
 0.75
 0.2
 0
 0.28571
 0.875
 0.88889
 0.6
 0.45455
 0.16667
 0.30769
 0.5555600000000001
 0.4
 0.33333
 1
 0
 1
 1
 1
 0
 0
 0
 1
 0
 1
 0
 1
 1
 0
 0
 0.08334999999999999
 0.86111
 0.37501
 0.41669
 0.47143
 0.89456
 0.83817
 0.59206
 0.49975
 0.40985
 0.43351
 0.53213
 0.48641
 0.39398
 0.72263
 0.39858
 0.7186399999999999
 0.81928
 0.71704
 0.5729300000000001
 0.32515
 0.43454
 0.93735
 0.52084
 0.72697
 0.60419
 0.64602
 1.02481
 0
 0
 0.57859
 0.83143
 0.6358200000000001
 0.63698
 0.89016
 0.70964
 0.67419
 0.66371
 0.74303
 0.73242
 0.69741
 0.64433
 0.65602
 0.66805
 0.6655
 0.71462
 0.57943
 0.64039
 0.70005
 0.74491
 0.63623
 0.74963
 0.71172
 0.62178
 0.65325
 0.66576
 0.69525
 0.69901
 0
 0
 0.5555600000000001
 0.62845
 0.60165
 0.6432600000000001
 0.63269
 0.60293
 0.55898
 0.59221
 0.5727
 0.56418
 0.56678
 0.58105
 0.56391
 0.55553
 0.58096
 0.5578
 0.53498
 0.56671
 0.59241
 0.64191
 0.63247
 0.6997
 0.7071
 0.62554
 0.56945
 0.63591
 0.68751
 0.6661
 0
 0
 1
 1
 1
 1
 1
 1
 1
 1
 1
 1
 1
 1
 1
 1
 1
 1
 1
 1
 1
 1
 1
 1
 1
 1
 1
 1
 1
 1
 0
 0
 0.08334999999999999
 0.78073
 0.42
 0.5154300000000001
 0.5317499999999999
 0.67395
 0.60031
 0.4713
 0.50766
 0.47593
 0.53291
 0.54796
 0.52983
 0.50925
 0.52254
 0.51939
 0.51863
 0.59934
 0.6093
 0.7646500000000001
 0.64328
 0.68853
 0.68701
 0.50113
 0.29624
 0.748
 0.49617
 0.87115
 0
 0
 0.57859
 0.83143
 0.64081
 0.6579
 0.90738
 0.77557
 0.73613
 0.66708
 0.62501
 0.83612
 0.79609
 0.69235
 0.85443
 0.62047
 0.78506
 0.67721
 0.60406
 0.68767
 0.6591900000000001
 0.82643
 0.73607
 0.7446
 0.6988
 0.66415
 0.7387899999999999
 0.67699
 0.62261
 0.80204
 0
 0
 0
 0
 0
 0
 0
 0
 0
 0
 0
 0
 0
 0
 0
 0
 0
 0
 0
 0
 0
 0
 0
 0
 0
 0
 0
 0
 0
 0
 0
 0
 0
 0
 0
 0
 0
 0
 0
 0
 0
 0
 0
 0
 0
 0
 0
 0
 0
 0
 0
 0
 0
 0
 0
 0
 0
 0
 0
 0
 0
 0
 0
 0
 0
 0
 0
 0
 0
 0
 0
 0
 0
 0
 0
 0
 0
 0
 0
 0
 0
 0
 0
 0
 0
 0
 0
 0
 0
 0
 0
 0
 0
 0
 0
 0
 0
 0
 0
 0
 0
 0
 0
 0
 0
 0
 0
 0
 0
 0
 0
 0
 0
 0
 0
 0
 0
 0
 0
 0
 0
 0
 0
 0
 0
 0
 0
 0
 0
 0
 0
 0
 0
 0
 0
 0
 0
 0
 0
 0
 0
 0
 0
 0
 0
 0
 0
 0
 0
 0
 0
 0
 1
 1
 1
 1
 1
 1
 1
 1
 1
 1
 1
 1
 1
 1
 1
 1
 1
 1
 1
 1
 1
 1
 1
 1
 1
 1
 1
 1
 0
 0
 0
 0
 0
 0
 0
 0
 0
 0
 0
 0
 0
 0
 0
 0
 0
 0
 0
 0
 0
 0
 0
 0
 0
 0
 0
 0
 0
 0
 0
 0
 0
 0
 0
 0
 0
 0
 0
 0
 0
 0
 0
 0
 0
 0
 0
 0
 0
 0
 0
 0
 0
 0
 0
 0
 0
 0
 0
 0


# name: vars
# type: matrix
# ndims: 3
 1 30 19
 0
 0
 0.035077
 0.038675
 0.042263
 0.027311
 0.028969
 0.014649
 0.021108
 0.007815000000000001
 0.00829
 0.009534000000000001
 0.007687
 0.00625
 0.005662
 0.008192
 0.005403
 0.005972
 0.005805
 0.003833
 0.003957
 0.004595
 0.003657
 0.003748
 0.003506
 0.005814
 0.001365
 0.001528
 0.001662
 0.001891
 0
 0
 0.33333
 0.33333
 0.3
 0.05
 0.175
 0.075
 0.175
 0.075
 0.18889
 0.008330000000000001
 0.06111
 0.06111
 0.07778
 0.09861
 0.02778
 0.02639
 0.01597
 0.05
 0.0595
 0.02375
 0.05875
 0.042
 0.048
 0.03556
 0.02356
 0.02722
 0.03144
 0.01389
 0
 0
 0
 0
 0
 0
 0
 0
 0
 0
 0
 0
 0
 0
 0
 0
 0
 0
 0
 0
 0
 0
 0
 0
 0
 0
 0
 0
 0
 0
 0
 0
 0.27778
 0.13667
 0.08618000000000001
 0.01683
 0.08549
 0.07237
 0.05938
 0.06516
 0.05385
 0.0527
 0.05351
 0.05403
 0.04644
 0.05144
 0.0463
 0.04831
 0.04349
 0.04944
 0.04704
 0.0408
 0.04279
 0.03998
 0.03924
 0.04203
 0.04684
 0.03764
 0.03914
 0.03624
 0
 0
 0
 0
 0
 0
 0
 0
 0
 0
 0
 0
 0
 0
 0
 0
 0
 0
 0
 0
 0
 0
 0
 0
 0
 0
 0
 0
 0
 0
 0
 0
 0
 0
 0
 0
 0
 0
 0
 0
 0
 0
 0
 0
 0
 0
 0
 0
 0
 0
 0
 0
 0
 0
 0
 0
 0
 0
 0
 0
 0
 0
 0
 0
 0
 0
 0
 0
 0
 0
 0
 0
 0
 0
 0
 0
 0
 0
 0
 0
 0
 0
 0
 0
 0
 0
 0
 0
 0
 0
 0
 0
 0.27778
 0.1177
 0.06239
 0.05683
 0.0379
 0.04399
 0.04524
 0.04244
 0.03985
 0.03999
 0.04419
 0.04582
 0.05139
 0.04528
 0.06069
 0.04892
 0.04773
 0.05486
 0.05102
 0.05079
 0.05119
 0.04617
 0.04576
 0.05625
 0.06109
 0.05539
 0.05725
 0.04663
 0
 0
 0
 0
 0
 0
 0
 0
 0
 0
 0
 0
 0
 0
 0
 0
 0
 0
 0
 0
 0
 0
 0
 0
 0
 0
 0
 0
 0
 0
 0
 0
 0
 0
 0
 0
 0
 0
 0
 0
 0
 0
 0
 0
 0
 0
 0
 0
 0
 0
 0
 0
 0
 0
 0
 0
 0
 0
 0
 0
 0
 0
 0
 0
 0
 0
 0
 0
 0
 0
 0
 0
 0
 0
 0
 0
 0
 0
 0
 0
 0
 0
 0
 0
 0
 0
 0
 0
 0
 0
 0
 0
 0
 0
 0
 0
 0
 0
 0
 0
 0
 0
 0
 0
 0
 0
 0
 0
 0
 0
 0
 0
 0
 0
 0
 0
 0
 0
 0
 0
 0
 0
 0
 0
 0
 0
 0
 0
 0
 0
 0
 0
 0
 0
 0
 0
 0
 0
 0
 0
 0
 0
 0
 0
 0
 0
 0
 0
 0
 0
 0
 0
 0
 0
 0
 0
 0
 0
 0
 0
 0
 0
 0
 0
 0
 0
 0
 0
 0
 0
 0
 0
 0
 0
 0
 0
 0
 0
 0
 0
 0
 0
 0
 0
 0
 0
 0
 0
 0
 0
 0
 0
 0
 0
 0
 0
 0
 0
 0
 0
 0
 0
 0
 0
 0
 0
 0
 0
 0
 0
 0
 0
 0
 0
 0
 0
 0
 0
 0
 0
 0
 0
 0
 0
 0
 0
 0
 0
 0
 0
 0
 0
 0
 0
 0
 0
 0
 0
 0
 0
 0
 0
 0
 0
 0
 0
 0
 0
 0
 0
 0
 0
 0
 0
 0
 0
 0
 0
 0
 0
 0
 0
 0
 0
 0
 0
 0
 0
 0
 0
 0
 0
 0
 0
 0
 0
 0
 0
 0
 0
 0
 0
 0
 0
 0
 0
 0
 0
 0
 0
 0
 0
 0
 0
 0
 0
 0
 0
 0
 0
 0
 0
 0
 0
 0
 0
 0
 0
 0
 0
 0
 0
 0
 0
 0
 0
 0
 0
 0
 0
 0
 0
 0
 0
 0
 0
 0
 0
 0
 0


