# Created by Octave 4.0.0, Sat Nov 21 16:31:10 2015 W. Europe Standard Time <unknown@Florian-PC>
# name: mus
# type: matrix
# ndims: 3
 1 30 19
 0
 0
 0.73266
 0.68896
 0.68619
 0.8191000000000001
 0.85046
 0.9253400000000001
 0.92982
 0.95294
 0.94912
 0.94613
 0.95652
 0.94252
 0.95274
 0.93834
 0.95462
 0.95623
 0.9507100000000001
 0.94576
 0.95322
 0.9513200000000001
 0.95652
 0.95238
 0.95574
 0.9607
 0.95875
 0.95465
 0.95321
 0.95726
 0
 0
 0.66667
 1
 0.8
 0.8
 0.8
 0.5
 0.3
 0.4
 0.53333
 0.6
 0.43333
 0.4
 0.53333
 0.71667
 0.58333
 0.6
 0.7
 0.5
 0.62
 0.64
 0.65
 0.5
 0.5600000000000001
 0.58667
 0.52
 0.6
 0.6
 0.7
 0
 0
 0.79169
 0.92976
 0.8352000000000001
 0.83441
 0.80635
 0.6526999999999999
 0.54457
 0.64167
 0.68589
 0.64328
 0.60376
 0.72872
 0.62824
 0.5152
 0.63439
 0.51566
 0.60642
 0.53742
 0.58805
 0.57891
 0.62927
 0.61024
 0.61934
 0.5436299999999999
 0.57983
 0.64554
 0.58787
 0.6186199999999999
 0
 0
 0.69033
 0.7948
 0.79365
 0.66442
 0.6887
 0.64943
 0.547
 0.58732
 0.59614
 0.61019
 0.58505
 0.57065
 0.5716
 0.58596
 0.57966
 0.55193
 0.5694399999999999
 0.5596100000000001
 0.56752
 0.56457
 0.56562
 0.55119
 0.55233
 0.55114
 0.55603
 0.5503400000000001
 0.55793
 0.55288
 0
 0
 0.66667
 1
 1
 0.66667
 0.42857
 1
 0.5555600000000001
 0.6
 0.81818
 0.58333
 0.76923
 0.44444
 0.8
 0.66667
 1
 1
 1
 1
 0
 1
 1
 1
 0
 1
 1
 1
 1
 0
 0
 0
 0.68232
 0.70917
 0.74078
 0.70894
 0.6577
 0.8122
 0.5487
 0.5374
 0.68787
 0.56299
 0.61858
 0.54434
 0.61987
 0.57952
 0.5874
 0.62349
 0.5982
 0.56976
 0.49644
 0.61233
 0.60383
 0.5996
 0.5271400000000001
 0.63483
 0.55364
 0.52746
 0.62027
 0.50292
 0
 0
 0.57859
 0.7421
 0.67193
 0.806
 0.78894
 0.73289
 0.68365
 0.65549
 0.67193
 0.73295
 0.62701
 0.6683
 0.7367899999999999
 0.6765099999999999
 0.65334
 0.6860000000000001
 0.69372
 0.68248
 0.69524
 0.64274
 0.65872
 0.66413
 0.65848
 0.62202
 0.65062
 0.66178
 0.67525
 0.62973
 0
 0
 0.69235
 0.68287
 0.79084
 0.64903
 0.7312
 0.63632
 0.56845
 0.56635
 0.55457
 0.5815
 0.55245
 0.55496
 0.56008
 0.58391
 0.5571199999999999
 0.54686
 0.57235
 0.5672199999999999
 0.57341
 0.55887
 0.57274
 0.5619499999999999
 0.5594
 0.55707
 0.55919
 0.56067
 0.5602200000000001
 0.55133
 0
 0
 0.99942
 1
 1
 1
 1
 1
 1
 0.99999
 0.99943
 0.99375
 0.99322
 0.98289
 0.97558
 0.98044
 0.96651
 0.9698600000000001
 0.96645
 0.96485
 0.95739
 0.96721
 0.95297
 0.9561500000000001
 0.95095
 0.95835
 0.96406
 0.9496599999999999
 0.95506
 0.9522699999999999
 0
 0
 0.68881
 0.70887
 0.6399899999999999
 0.80017
 0.68914
 0.61836
 0.5405799999999999
 0.5296999999999999
 0.56768
 0.55259
 0.56532
 0.54376
 0.53692
 0.54359
 0.60186
 0.5245
 0.5506
 0.55404
 0.55524
 0.54292
 0.5638
 0.60051
 0.54945
 0.55892
 0.54921
 0.54433
 0.54174
 0.53532
 0
 0
 0.57859
 0.76024
 0.668
 0.84728
 0.79572
 0.72637
 0.63084
 0.67243
 0.66556
 0.732
 0.63902
 0.661
 0.61882
 0.6508
 0.64935
 0.66179
 0.63761
 0.6519200000000001
 0.6581399999999999
 0.67887
 0.6498699999999999
 0.64975
 0.63601
 0.61872
 0.64607
 0.63374
 0.6902700000000001
 0.63291
 0
 0
 0
 0
 0
 0
 0
 0
 0
 0
 0
 0
 0
 0
 0
 0
 0
 0
 0
 0
 0
 0
 0
 0
 0
 0
 0
 0
 0
 0
 0
 0
 0
 0
 0
 0
 0
 0
 0
 0
 0
 0
 0
 0
 0
 0
 0
 0
 0
 0
 0
 0
 0
 0
 0
 0
 0
 0
 0
 0
 0
 0
 0
 0
 0
 0
 0
 0
 0
 0
 0
 0
 0
 0
 0
 0
 0
 0
 0
 0
 0
 0
 0
 0
 0
 0
 0
 0
 0
 0
 0
 0
 0
 0
 0
 0
 0
 0
 0
 0
 0
 0
 0
 0
 0
 0
 0
 0
 0
 0
 0
 0
 0
 0
 0
 0
 0
 0
 0
 0
 0
 0
 0
 0
 0
 0
 0
 0
 0
 0
 0
 0
 0
 0
 0
 0
 0
 0
 0
 0
 0
 0
 0
 0
 0
 0
 0
 0
 0
 0
 0
 0
 1
 1
 1
 1
 1
 1
 1
 1
 0.99922
 0.99977
 0.99197
 0.99317
 0.96913
 0.97419
 0.97712
 0.96836
 0.97141
 0.96354
 0.95675
 0.95794
 0.96052
 0.95784
 0.95203
 0.9626400000000001
 0.95468
 0.95303
 0.95329
 0.94686
 0
 0
 0
 0
 0
 0
 0
 0
 0
 0
 0
 0
 0
 0
 0
 0
 0
 0
 0
 0
 0
 0
 0
 0
 0
 0
 0
 0
 0
 0
 0
 0
 0
 0
 0
 0
 0
 0
 0
 0
 0
 0
 0
 0
 0
 0
 0
 0
 0
 0
 0
 0
 0
 0
 0
 0
 0
 0
 0
 0


