# Created by Octave 4.0.0, Sat Nov 21 16:30:58 2015 W. Europe Standard Time <unknown@Florian-PC>
# name: mus
# type: matrix
# ndims: 3
 1 30 19
 0
 0
 0.49875
 0.8428099999999999
 0.841
 0.84673
 0.86466
 0.86829
 0.87385
 0.87647
 0.91743
 0.9343399999999999
 0.9329
 0.9316
 0.93165
 0.93497
 0.94143
 0.9393899999999999
 0.94152
 0.94068
 0.93985
 0.93953
 0.93165
 0.93452
 0.93447
 0.93729
 0.93687
 0.93793
 0.93692
 0.93932
 0
 0
 1
 0.75
 0.8
 1
 0.6
 0.9
 1
 1
 0.9
 0.83333
 0.83333
 0.93333
 0.93333
 0.93333
 0.95
 0.95
 0.95
 0.95
 0.95
 0.95
 0.96
 0.96
 0.92
 0.92667
 0.96
 0.8666700000000001
 0.96667
 0.96667
 0
 0
 1
 0.70369
 0.78481
 0.81395
 0.89781
 0.86936
 0.90733
 0.91108
 0.91889
 0.88214
 0.8918
 0.93851
 0.9462
 0.96341
 0.94399
 0.93347
 0.9575399999999999
 0.96043
 0.96294
 0.96122
 0.95461
 0.9476
 0.9709100000000001
 0.96419
 0.95305
 0.95083
 0.97222
 0.97832
 0
 0
 1
 0.71616
 0.79657
 0.80154
 0.84843
 0.84878
 0.86577
 0.88554
 0.83287
 0.84187
 0.87024
 0.8781099999999999
 0.88897
 0.90196
 0.88864
 0.89996
 0.90513
 0.92114
 0.92364
 0.93572
 0.90097
 0.91051
 0.91094
 0.9150199999999999
 0.91623
 0.92419
 0.9278999999999999
 0.93106
 0
 0
 1
 1
 0.8
 1
 0.85714
 1
 1
 1
 0.81818
 0.75
 0.92308
 0.66667
 1
 1
 1
 1
 1
 0
 1
 1
 1
 1
 1
 1
 1
 1
 1
 1
 0
 0
 1
 0.6422600000000001
 0.86028
 0.77147
 0.80891
 0.84646
 0.8656700000000001
 0.93226
 0.85242
 0.85502
 0.95903
 0.81379
 0.97387
 0.97299
 0.87986
 0.95797
 0.9811800000000001
 0.87847
 0.91407
 0.92444
 0.88365
 0.83852
 0.93828
 0.87153
 0.85672
 0.89975
 0.92454
 0.93462
 0
 0
 1
 0.76981
 0.75945
 0.80764
 0.85283
 0.85522
 0.89759
 0.9046999999999999
 0.8469
 0.84523
 0.86578
 0.87868
 0.8920400000000001
 0.92086
 0.84193
 0.85712
 0.9882300000000001
 0.9135
 0.9263400000000001
 0.90684
 0.93354
 0.97346
 0.86864
 0.98802
 0.91748
 0.92881
 0.97303
 0.93985
 0
 0
 1
 0.70214
 0.76362
 0.76777
 0.87329
 0.84597
 0.84491
 0.8738
 0.82769
 0.83265
 0.87025
 0.87939
 0.89822
 0.90127
 0.8948
 0.91061
 0.91071
 0.92997
 0.9401
 0.9454
 0.91312
 0.91245
 0.9220699999999999
 0.91792
 0.9277300000000001
 0.93101
 0.93672
 0.94256
 0
 0
 0.99992
 1
 1
 1
 1
 1
 1
 1
 0.99778
 0.99598
 0.99636
 0.98819
 0.97255
 0.97162
 0.97765
 0.96069
 0.95477
 0.96261
 0.96071
 0.96489
 0.96131
 0.95924
 0.96417
 0.9536
 0.94918
 0.94838
 0.94945
 0.95186
 0
 0
 1
 0.81548
 0.78356
 0.70239
 0.7811
 0.92211
 0.96829
 0.88195
 0.84206
 0.79225
 0.89975
 0.86782
 0.96818
 0.8856000000000001
 0.88121
 0.8829900000000001
 0.9266
 0.96911
 0.9282
 0.95611
 0.93331
 0.91649
 0.91676
 0.92584
 0.92288
 0.92417
 0.95321
 0.95109
 0
 0
 1
 0.7773
 0.75951
 0.8091699999999999
 0.77546
 0.8768899999999999
 0.87238
 0.89437
 0.93022
 0.82399
 0.82099
 0.83351
 0.86717
 0.88161
 0.9336100000000001
 0.88593
 0.89311
 0.9395
 0.89786
 0.9458800000000001
 0.88507
 0.90058
 0.90077
 0.9228499999999999
 0.91144
 0.91921
 0.92149
 0.92202
 0
 0
 0
 0
 0
 0
 0
 0
 0
 0
 0
 0
 0
 0
 0
 0
 0
 0
 0
 0
 0
 0
 0
 0
 0
 0
 0
 0
 0
 0
 0
 0
 0
 0
 0
 0
 0
 0
 0
 0
 0
 0
 0
 0
 0
 0
 0
 0
 0
 0
 0
 0
 0
 0
 0
 0
 0
 0
 0
 0
 0
 0
 0
 0
 0
 0
 0
 0
 0
 0
 0
 0
 0
 0
 0
 0
 0
 0
 0
 0
 0
 0
 0
 0
 0
 0
 0
 0
 0
 0
 0
 0
 0
 0
 0
 0
 0
 0
 0
 0
 0
 0
 0
 0
 0
 0
 0
 0
 0
 0
 0
 0
 0
 0
 0
 0
 0
 0
 0
 0
 0
 0
 0
 0
 0
 0
 0
 0
 0
 0
 0
 0
 0
 0
 0
 0
 0
 0
 0
 0
 0
 0
 0
 0
 0
 0
 0
 0
 0
 0
 0
 0
 0.99999
 1
 1
 1
 1
 1
 1
 1
 0.99931
 0.99825
 0.99496
 0.98756
 0.97214
 0.97516
 0.97361
 0.97059
 0.9616400000000001
 0.96075
 0.95891
 0.96111
 0.9575399999999999
 0.95757
 0.94575
 0.95688
 0.95139
 0.95629
 0.95108
 0.94532
 0
 0
 0
 0
 0
 0
 0
 0
 0
 0
 0
 0
 0
 0
 0
 0
 0
 0
 0
 0
 0
 0
 0
 0
 0
 0
 0
 0
 0
 0
 0
 0
 0
 0
 0
 0
 0
 0
 0
 0
 0
 0
 0
 0
 0
 0
 0
 0
 0
 0
 0
 0
 0
 0
 0
 0
 0
 0
 0
 0


