# Created by Octave 4.0.0, Sat Nov 21 16:31:06 2015 W. Europe Standard Time <unknown@Florian-PC>
# name: mus
# type: matrix
# ndims: 3
 1 30 19
 0
 0
 0.86216
 0.80769
 0.89874
 0.92211
 0.9081
 0.91191
 0.85714
 0.86134
 0.86656
 0.86869
 0.8612
 0.86387
 0.87004
 0.90625
 0.91311
 0.9292899999999999
 0.9315
 0.93305
 0.92899
 0.93855
 0.9358300000000001
 0.93963
 0.9361699999999999
 0.93896
 0.92066
 0.91794
 0.91651
 0.91368
 0
 0
 0.66667
 0.75
 0.6
 1
 1
 0.8
 0.8
 0.9
 0.83333
 0.83333
 1
 1
 1
 0.8833299999999999
 0.8666700000000001
 0.85
 0.83333
 0.85
 0.86
 0.88
 0.9
 0.92
 0.88
 0.92667
 0.82
 0.78
 0.79333
 0.83333
 0
 0
 0.75048
 0.76181
 0.78705
 0.8946499999999999
 0.8851599999999999
 0.87547
 0.91951
 0.91756
 0.92035
 0.9514
 0.95059
 0.95209
 0.96736
 0.89866
 0.9013
 0.86771
 0.87218
 0.89829
 0.9051
 0.90246
 0.91242
 0.92055
 0.91395
 0.9307
 0.88061
 0.85554
 0.8788
 0.88302
 0
 0
 0.8055600000000001
 0.8680600000000001
 0.77001
 0.97222
 0.9696399999999999
 0.9323
 0.9599
 0.95063
 0.97435
 0.96897
 0.99704
 0.99634
 1
 0.92078
 0.92999
 0.89206
 0.88932
 0.9015
 0.91015
 0.9463200000000001
 0.95167
 0.94923
 0.94701
 0.95335
 0.88928
 0.86732
 0.86481
 0.88418
 0
 0
 0.66667
 0.5
 0
 1
 1
 0.875
 1
 0.9
 0.81818
 0.83333
 1
 1
 1
 1
 1
 1
 1
 1
 1
 1
 1
 1
 1
 1
 1
 1
 1
 1
 0
 0
 0.80006
 0.66667
 0.52502
 1.18333
 1.16071
 0.90893
 1.01786
 0.9377
 0.88801
 0.90152
 1.0141
 1.01654
 1.0042
 0.96365
 0.99294
 1
 0.94764
 0.94415
 0.82759
 1.04283
 1.05682
 0.85715
 1.00191
 1
 0.84375
 1.03147
 0.9387799999999999
 1
 0
 0
 0.78929
 0.9074
 0.91513
 0.94655
 0.82089
 0.90765
 0.92894
 0.94542
 0.94113
 0.99168
 0.9632500000000001
 0.96791
 0.95948
 0.91377
 0.9186299999999999
 0.9137
 0.92828
 0.91644
 0.9263
 0.97707
 0.9798
 0.92137
 0.93767
 0.94318
 0.89085
 0.86935
 0.8645699999999999
 0.8777700000000001
 0
 0
 0.8055600000000001
 0.8842
 0.80025
 0.92112
 0.91505
 0.98241
 0.93932
 0.96435
 0.95546
 0.97527
 0.98009
 0.98631
 0.99749
 0.95312
 0.96141
 0.90928
 0.92008
 0.91578
 0.93243
 0.94861
 0.94428
 0.94617
 0.94955
 0.95519
 0.88746
 0.86105
 0.85161
 0.87072
 0
 0
 1
 1
 1
 1
 1
 1
 1
 1
 1
 1
 1
 1
 1
 1
 1
 1
 1
 1
 1
 1
 1
 1
 1
 1
 1
 1
 1
 1
 0
 0
 0.80006
 0.71569
 0.6600200000000001
 1.26977
 1.25677
 1.01521
 0.94358
 0.99208
 1.01864
 0.97046
 0.97526
 0.97701
 1.02196
 0.88922
 0.87726
 0.83127
 0.84763
 0.90068
 0.9989400000000001
 0.86007
 0.91327
 1.11494
 0.9288999999999999
 1
 1.02983
 0.8817199999999999
 0.74815
 0.99276
 0
 0
 0.78929
 0.9074
 1.04889
 1.03601
 0.86353
 0.89117
 0.93365
 0.8976
 1.08223
 1.04388
 0.99734
 0.9407799999999999
 1.05808
 0.9444900000000001
 0.92785
 1.10322
 0.97495
 0.9524899999999999
 0.93803
 1.06889
 0.9394
 0.90813
 0.97387
 1.00688
 0.91975
 0.91793
 0.86757
 0.93363
 0
 0
 0
 0
 0
 0
 0
 0
 0
 0
 0
 0
 0
 0
 0
 0
 0
 0
 0
 0
 0
 0
 0
 0
 0
 0
 0
 0
 0
 0
 0
 0
 0
 0
 0
 0
 0
 0
 0
 0
 0
 0
 0
 0
 0
 0
 0
 0
 0
 0
 0
 0
 0
 0
 0
 0
 0
 0
 0
 0
 0
 0
 0
 0
 0
 0
 0
 0
 0
 0
 0
 0
 0
 0
 0
 0
 0
 0
 0
 0
 0
 0
 0
 0
 0
 0
 0
 0
 0
 0
 0
 0
 0
 0
 0
 0
 0
 0
 0
 0
 0
 0
 0
 0
 0
 0
 0
 0
 0
 0
 0
 0
 0
 0
 0
 0
 0
 0
 0
 0
 0
 0
 0
 0
 0
 0
 0
 0
 0
 0
 0
 0
 0
 0
 0
 0
 0
 0
 0
 0
 0
 0
 0
 0
 0
 0
 0
 0
 0
 0
 0
 0
 1
 1
 1
 1
 1
 1
 1
 1
 1
 1
 1
 1
 1
 1
 1
 1
 1
 1
 1
 1
 1
 1
 1
 1
 1
 1
 1
 1
 0
 0
 0
 0
 0
 0
 0
 0
 0
 0
 0
 0
 0
 0
 0
 0
 0
 0
 0
 0
 0
 0
 0
 0
 0
 0
 0
 0
 0
 0
 0
 0
 0
 0
 0
 0
 0
 0
 0
 0
 0
 0
 0
 0
 0
 0
 0
 0
 0
 0
 0
 0
 0
 0
 0
 0
 0
 0
 0
 0


# name: vars
# type: matrix
# ndims: 3
 1 30 19
 0
 0
 0.040415
 0.0363
 0.017435
 0.012561
 0.012394
 0.009608
 0.013388
 0.014934
 0.0108
 0.008800000000000001
 0.010695
 0.009429
 0.00751
 0.005699
 0.004354
 0.003756
 0.002827
 0.003501
 0.003735
 0.002819
 0.00292
 0.00203
 0.002133
 0.002536
 0.003291
 0.00291
 0.003669
 0.002206
 0
 0
 0.33333
 0.25
 0.3
 0
 0
 0.2
 0.075
 0.05
 0.05556
 0.05556
 0
 0
 0
 0.02639
 0.03333
 0.05
 0.05556
 0.01875
 0.01675
 0.032
 0.01875
 0.012
 0.032
 0.01022
 0.01422
 0.02422
 0.01911
 0.02778
 0
 0
 0
 0
 0
 0
 0
 0
 0
 0
 0
 0
 0
 0
 0
 0
 0
 0
 0
 0
 0
 0
 0
 0
 0
 0
 0
 0
 0
 0
 0
 0
 0.15277
 0.05755
 0.04634
 0.00456
 0.01076
 0.01938
 0.00902
 0.01057
 0.00439
 0.00526
 0.00074
 0.00039
 0
 0.01646
 0.01321
 0.01936
 0.01943
 0.01671
 0.01643
 0.00997
 0.008229999999999999
 0.00963
 0.009820000000000001
 0.00778
 0.01764
 0.01965
 0.02122
 0.02129
 0
 0
 0
 0
 0
 0
 0
 0
 0
 0
 0
 0
 0
 0
 0
 0
 0
 0
 0
 0
 0
 0
 0
 0
 0
 0
 0
 0
 0
 0
 0
 0
 0
 0
 0
 0
 0
 0
 0
 0
 0
 0
 0
 0
 0
 0
 0
 0
 0
 0
 0
 0
 0
 0
 0
 0
 0
 0
 0
 0
 0
 0
 0
 0
 0
 0
 0
 0
 0
 0
 0
 0
 0
 0
 0
 0
 0
 0
 0
 0
 0
 0
 0
 0
 0
 0
 0
 0
 0
 0
 0
 0
 0.15277
 0.04347
 0.03075
 0.0124
 0.02589
 0.00144
 0.00949
 0.00604
 0.00813
 0.0041
 0.00258
 0.00314
 0.00057
 0.008540000000000001
 0.00781
 0.01494
 0.01289
 0.0135
 0.009939999999999999
 0.009169999999999999
 0.009039999999999999
 0.00809
 0.00877
 0.00733
 0.0176
 0.02016
 0.0223
 0.0212
 0
 0
 0
 0
 0
 0
 0
 0
 0
 0
 0
 0
 0
 0
 0
 0
 0
 0
 0
 0
 0
 0
 0
 0
 0
 0
 0
 0
 0
 0
 0
 0
 0
 0
 0
 0
 0
 0
 0
 0
 0
 0
 0
 0
 0
 0
 0
 0
 0
 0
 0
 0
 0
 0
 0
 0
 0
 0
 0
 0
 0
 0
 0
 0
 0
 0
 0
 0
 0
 0
 0
 0
 0
 0
 0
 0
 0
 0
 0
 0
 0
 0
 0
 0
 0
 0
 0
 0
 0
 0
 0
 0
 0
 0
 0
 0
 0
 0
 0
 0
 0
 0
 0
 0
 0
 0
 0
 0
 0
 0
 0
 0
 0
 0
 0
 0
 0
 0
 0
 0
 0
 0
 0
 0
 0
 0
 0
 0
 0
 0
 0
 0
 0
 0
 0
 0
 0
 0
 0
 0
 0
 0
 0
 0
 0
 0
 0
 0
 0
 0
 0
 0
 0
 0
 0
 0
 0
 0
 0
 0
 0
 0
 0
 0
 0
 0
 0
 0
 0
 0
 0
 0
 0
 0
 0
 0
 0
 0
 0
 0
 0
 0
 0
 0
 0
 0
 0
 0
 0
 0
 0
 0
 0
 0
 0
 0
 0
 0
 0
 0
 0
 0
 0
 0
 0
 0
 0
 0
 0
 0
 0
 0
 0
 0
 0
 0
 0
 0
 0
 0
 0
 0
 0
 0
 0
 0
 0
 0
 0
 0
 0
 0
 0
 0
 0
 0
 0
 0
 0
 0
 0
 0
 0
 0
 0
 0
 0
 0
 0
 0
 0
 0
 0
 0
 0
 0
 0
 0
 0
 0
 0
 0
 0
 0
 0
 0
 0
 0
 0
 0
 0
 0
 0
 0
 0
 0
 0
 0
 0
 0
 0
 0
 0
 0
 0
 0
 0
 0
 0
 0
 0
 0
 0
 0
 0
 0
 0
 0
 0
 0
 0
 0
 0
 0
 0
 0
 0
 0
 0
 0
 0
 0
 0
 0
 0
 0
 0
 0
 0
 0
 0
 0
 0
 0
 0
 0
 0
 0
 0
 0


