# Created by Octave 4.0.0, Sat Nov 21 16:31:03 2015 W. Europe Standard Time <unknown@Florian-PC>
# name: mus
# type: matrix
# ndims: 3
 1 30 19
 0
 0
 0.86048
 0.85786
 0.80502
 0.82077
 0.93567
 0.92869
 0.93233
 0.94538
 0.95413
 0.95202
 0.95485
 0.95882
 0.9578100000000001
 0.95861
 0.95824
 0.95286
 0.95572
 0.95932
 0.95906
 0.95805
 0.95903
 0.95663
 0.95574
 0.95067
 0.95412
 0.95819
 0.95741
 0.95897
 0
 0
 0.66667
 1
 0.6
 0.7
 0.6
 0.7
 0.7
 0.7
 0.8
 0.83333
 0.76667
 0.7
 0.66667
 0.75
 0.76667
 0.8833299999999999
 0.9
 0.85
 0.8100000000000001
 0.74
 0.79
 0.79
 0.8
 0.80667
 0.81333
 0.82
 0.82667
 0.83333
 0
 0
 0.60116
 0.78481
 0.71307
 0.73554
 0.79035
 0.70699
 0.77541
 0.82561
 0.85089
 0.8904
 0.82529
 0.77659
 0.78064
 0.69706
 0.80307
 0.8158300000000001
 0.8297099999999999
 0.85321
 0.8655
 0.8387
 0.86586
 0.84968
 0.84069
 0.83641
 0.83121
 0.88701
 0.86338
 0.88459
 0
 0
 0.5259200000000001
 0.87863
 0.57874
 0.71191
 0.67532
 0.60743
 0.67218
 0.7346200000000001
 0.79028
 0.83934
 0.75501
 0.7028799999999999
 0.72543
 0.73633
 0.7794
 0.80255
 0.82587
 0.81518
 0.8305900000000001
 0.80492
 0.81427
 0.80071
 0.80125
 0.8259300000000001
 0.83789
 0.8446900000000001
 0.84722
 0.85422
 0
 0
 0.33333
 1
 0.4
 0.66667
 0.57143
 0.375
 0.66667
 0.7
 0.81818
 0.91667
 0.84615
 0.5555600000000001
 0.4
 0.66667
 1
 1
 1
 1
 1
 0
 1
 1
 1
 1
 1
 1
 1
 1
 0
 0
 0.33333
 0.94129
 0.6226
 0.64479
 0.58518
 0.53072
 0.72248
 0.70799
 0.82636
 0.8675
 0.78448
 0.67138
 0.66771
 0.72166
 0.85785
 0.86399
 0.84454
 0.87975
 0.80891
 0.65881
 0.8914299999999999
 0.7666500000000001
 0.76698
 0.84549
 0.84587
 0.81802
 0.8769
 0.85967
 0
 0
 0.78929
 0.67852
 0.6808
 0.80908
 0.76064
 0.7676500000000001
 0.76364
 0.80504
 0.81751
 0.80621
 0.7893
 0.74679
 0.7514
 0.74851
 0.83794
 0.78873
 0.80167
 0.80027
 0.83105
 0.77954
 0.86661
 0.81784
 0.81715
 0.82067
 0.83261
 0.84384
 0.82935
 0.905
 0
 0
 0.55475
 0.84521
 0.62197
 0.74814
 0.64649
 0.59306
 0.6549
 0.68881
 0.73431
 0.79747
 0.72584
 0.67079
 0.69392
 0.71234
 0.74864
 0.7135899999999999
 0.76035
 0.76024
 0.75773
 0.7593800000000001
 0.76172
 0.75596
 0.7579399999999999
 0.7903
 0.8
 0.7972399999999999
 0.80052
 0.81619
 0
 0
 0.89744
 0.90488
 0.89945
 0.94716
 0.89847
 0.94364
 0.92939
 0.93041
 0.922
 0.91992
 0.90925
 0.92614
 0.9235100000000001
 0.91635
 0.90637
 0.91644
 0.91005
 0.90749
 0.91115
 0.89328
 0.9123599999999999
 0.90998
 0.89836
 0.90805
 0.90282
 0.9082
 0.89184
 0.89912
 0
 0
 0.33333
 0.93573
 0.70267
 0.68462
 0.63303
 0.56046
 0.77739
 0.7777500000000001
 0.86496
 0.88314
 0.77654
 0.72861
 0.7566000000000001
 0.76004
 0.77779
 0.78551
 0.8353
 0.80227
 0.8153
 0.77819
 0.80274
 0.80272
 0.8
 0.8128300000000001
 0.81624
 0.83821
 0.83439
 0.81642
 0
 0
 0.78929
 0.68682
 0.62834
 0.70826
 0.68443
 0.7216900000000001
 0.72948
 0.80241
 0.76279
 0.81793
 0.82216
 0.78125
 0.7356200000000001
 0.74288
 0.76429
 0.83234
 0.64049
 0.78008
 0.86272
 0.78948
 0.79955
 0.8476900000000001
 0.82211
 0.85333
 0.8747200000000001
 0.90211
 0.84235
 0.9248
 0
 0
 0
 0
 0
 0
 0
 0
 0
 0
 0
 0
 0
 0
 0
 0
 0
 0
 0
 0
 0
 0
 0
 0
 0
 0
 0
 0
 0
 0
 0
 0
 0
 0
 0
 0
 0
 0
 0
 0
 0
 0
 0
 0
 0
 0
 0
 0
 0
 0
 0
 0
 0
 0
 0
 0
 0
 0
 0
 0
 0
 0
 0
 0
 0
 0
 0
 0
 0
 0
 0
 0
 0
 0
 0
 0
 0
 0
 0
 0
 0
 0
 0
 0
 0
 0
 0
 0
 0
 0
 0
 0
 0
 0
 0
 0
 0
 0
 0
 0
 0
 0
 0
 0
 0
 0
 0
 0
 0
 0
 0
 0
 0
 0
 0
 0
 0
 0
 0
 0
 0
 0
 0
 0
 0
 0
 0
 0
 0
 0
 0
 0
 0
 0
 0
 0
 0
 0
 0
 0
 0
 0
 0
 0
 0
 0
 0
 0
 0
 0
 0
 0
 0.85551
 0.95284
 0.9256799999999999
 0.9536
 0.90944
 0.91201
 0.92699
 0.93171
 0.91677
 0.93374
 0.9052
 0.91577
 0.91745
 0.91008
 0.91825
 0.90001
 0.91503
 0.91374
 0.90585
 0.91396
 0.90544
 0.91198
 0.90618
 0.89702
 0.89353
 0.90422
 0.89645
 0.89141
 0
 0
 0
 0
 0
 0
 0
 0
 0
 0
 0
 0
 0
 0
 0
 0
 0
 0
 0
 0
 0
 0
 0
 0
 0
 0
 0
 0
 0
 0
 0
 0
 0
 0
 0
 0
 0
 0
 0
 0
 0
 0
 0
 0
 0
 0
 0
 0
 0
 0
 0
 0
 0
 0
 0
 0
 0
 0
 0
 0


