# Created by Octave 4.0.0, Sat Nov 21 16:31:12 2015 W. Europe Standard Time <unknown@Florian-PC>
# name: mus
# type: matrix
# ndims: 3
 1 30 19
 0
 0
 0.52297
 0.80936
 0.7916299999999999
 0.70519
 0.69312
 0.60067
 0.59231
 0.60756
 0.5955
 0.92677
 0.85953
 0.85429
 0.90717
 0.94088
 0.92269
 0.8649
 0.83932
 0.80932
 0.79783
 0.8151
 0.84197
 0.80952
 0.80596
 0.78721
 0.7601
 0.75609
 0.71504
 0.7641
 0
 0
 0.33333
 0.5
 0.6
 0.7
 0.7
 0.9
 0.9
 0.7
 0.53333
 0.4
 0.53333
 0.5
 0.66667
 0.75
 0.76667
 0.6333299999999999
 0.66667
 0.75
 0.58
 0.58
 0.65
 0.75
 0.76
 0.58667
 0.58667
 0.68667
 0.73333
 0.73333
 0
 0
 0.63984
 0.57324
 0.71308
 0.7260799999999999
 0.7871899999999999
 0.82827
 0.82834
 0.7368400000000001
 0.60285
 0.47187
 0.52583
 0.46201
 0.52076
 0.61291
 0.61398
 0.69631
 0.58247
 0.58906
 0.6796
 0.6427
 0.6047400000000001
 0.61861
 0.67581
 0.6172
 0.62381
 0.6432600000000001
 0.61356
 0.61514
 0
 0
 0.20713
 0.6932199999999999
 0.59789
 0.70729
 0.71248
 0.71351
 0.80382
 0.6967
 0.6167899999999999
 0.37575
 0.52627
 0.56174
 0.50751
 0.60734
 0.6706800000000001
 0.61372
 0.64303
 0.67101
 0.66742
 0.64939
 0.61813
 0.67056
 0.62781
 0.6502599999999999
 0.64912
 0.63958
 0.59397
 0.63459
 0
 0
 0.66667
 0.25
 0.4
 0.66667
 0.57143
 0.5
 1
 0.7
 0.45455
 0.33333
 0.61538
 0.77778
 0.6
 0.66667
 1
 1
 1
 0
 1
 1
 1
 1
 0
 0
 0
 1
 1
 0
 0
 0
 0.80191
 0.18786
 0.5214299999999999
 0.70078
 0.61504
 0.65978
 0.89899
 0.7516
 0.57195
 0.32304
 0.5119
 0.60968
 0.5545099999999999
 0.6502599999999999
 0.7458399999999999
 0.66596
 0.7256899999999999
 0.57319
 0.76407
 0.74461
 0.67401
 0.60033
 0.53132
 0.53883
 0.52804
 0.74674
 0.5278
 0.47604
 0
 0
 1
 0.53687
 0.53673
 0.76159
 0.69464
 0.77452
 0.80998
 0.66874
 0.63935
 0.5746
 0.63173
 0.68225
 0.65079
 0.69019
 0.67405
 0.66676
 0.6768999999999999
 0.66831
 0.67286
 0.62743
 0.6397
 0.65762
 0.67525
 0.6585800000000001
 0.65534
 0.6601
 0.6460399999999999
 0.6581
 0
 0
 0.18696
 0.67435
 0.60202
 0.64755
 0.66935
 0.6835
 0.73593
 0.6943
 0.59641
 0.43174
 0.49775
 0.52078
 0.5027199999999999
 0.54994
 0.6061
 0.55238
 0.57994
 0.61015
 0.59005
 0.57215
 0.5622200000000001
 0.59787
 0.57439
 0.5747
 0.58013
 0.59045
 0.55659
 0.58274
 0
 0
 0.96213
 0.86125
 0.91818
 0.91359
 0.90787
 0.92467
 0.92263
 0.93409
 0.92742
 0.90764
 0.92532
 0.9127999999999999
 0.92379
 0.91268
 0.9065299999999999
 0.91218
 0.8989
 0.90945
 0.90617
 0.90693
 0.89947
 0.90681
 0.89689
 0.90452
 0.91064
 0.89888
 0.90347
 0.90596
 0
 0
 0.58153
 0.19915
 0.59275
 0.65481
 0.64976
 0.7735
 0.88184
 0.77013
 0.65628
 0.33562
 0.49777
 0.51135
 0.51548
 0.5958
 0.67931
 0.60906
 0.68054
 0.57772
 0.66418
 0.64586
 0.64022
 0.67398
 0.6877799999999999
 0.64159
 0.58128
 0.66598
 0.5881999999999999
 0.32555
 0
 0
 1
 0.5611
 0.53673
 0.74761
 0.63535
 0.7880200000000001
 0.81658
 0.67505
 0.63597
 0.60312
 0.5198
 0.68138
 0.65177
 0.69391
 0.63227
 0.63625
 0.6334
 0.6512
 0.63062
 0.6671899999999999
 0.66642
 0.66362
 0.6569700000000001
 0.66186
 0.65076
 0.66628
 0.62692
 0.66045
 0
 0
 0
 0
 0
 0
 0
 0
 0
 0
 0
 0
 0
 0
 0
 0
 0
 0
 0
 0
 0
 0
 0
 0
 0
 0
 0
 0
 0
 0
 0
 0
 0
 0
 0
 0
 0
 0
 0
 0
 0
 0
 0
 0
 0
 0
 0
 0
 0
 0
 0
 0
 0
 0
 0
 0
 0
 0
 0
 0
 0
 0
 0
 0
 0
 0
 0
 0
 0
 0
 0
 0
 0
 0
 0
 0
 0
 0
 0
 0
 0
 0
 0
 0
 0
 0
 0
 0
 0
 0
 0
 0
 0
 0
 0
 0
 0
 0
 0
 0
 0
 0
 0
 0
 0
 0
 0
 0
 0
 0
 0
 0
 0
 0
 0
 0
 0
 0
 0
 0
 0
 0
 0
 0
 0
 0
 0
 0
 0
 0
 0
 0
 0
 0
 0
 0
 0
 0
 0
 0
 0
 0
 0
 0
 0
 0
 0
 0
 0
 0
 0
 0
 0.95957
 0.95021
 0.91911
 0.92049
 0.8977000000000001
 0.91821
 0.92436
 0.92128
 0.91849
 0.92465
 0.92348
 0.92665
 0.91913
 0.9225100000000001
 0.91667
 0.9131899999999999
 0.90822
 0.91157
 0.90036
 0.9018699999999999
 0.90924
 0.91039
 0.9087
 0.9059
 0.89995
 0.90929
 0.91533
 0.88866
 0
 0
 0
 0
 0
 0
 0
 0
 0
 0
 0
 0
 0
 0
 0
 0
 0
 0
 0
 0
 0
 0
 0
 0
 0
 0
 0
 0
 0
 0
 0
 0
 0
 0
 0
 0
 0
 0
 0
 0
 0
 0
 0
 0
 0
 0
 0
 0
 0
 0
 0
 0
 0
 0
 0
 0
 0
 0
 0
 0


