# Created by Octave 4.0.0, Sat Nov 21 16:31:22 2015 W. Europe Standard Time <unknown@Florian-PC>
# name: mus
# type: matrix
# ndims: 3
 1 30 19
 0
 0
 0.46533
 0.5995
 0.64435
 0.6700199999999999
 0.68505
 0.86158
 0.84043
 0.8521
 0.86656
 0.85101
 0.90364
 0.91899
 0.92152
 0.9147
 0.91513
 0.94865
 0.95572
 0.95169
 0.94152
 0.9444399999999999
 0.949
 0.94813
 0.95404
 0.95401
 0.94928
 0.95479
 0.95542
 0.95812
 0
 0
 0.66667
 1
 0.4
 0.5
 0.4
 0.5
 0.6
 0.8
 0.7
 0.83333
 0.8
 0.8
 0.8
 0.73333
 0.76667
 0.81667
 0.78333
 0.8
 0.86
 0.78
 0.91
 0.79
 0.88
 0.84667
 0.77333
 0.82667
 0.82667
 0.8
 0
 0
 0.70764
 0.91879
 0.71133
 0.71335
 0.76085
 0.69695
 0.64602
 0.68208
 0.67472
 0.74113
 0.72663
 0.7065399999999999
 0.74135
 0.83046
 0.79544
 0.78603
 0.83403
 0.8338
 0.80709
 0.80247
 0.8299299999999999
 0.86758
 0.81878
 0.83285
 0.82881
 0.8218299999999999
 0.81879
 0.82703
 0
 0
 0.5828100000000001
 0.91295
 0.33415
 0.5385799999999999
 0.53299
 0.53064
 0.6641899999999999
 0.69048
 0.65769
 0.77038
 0.7191
 0.7493300000000001
 0.74551
 0.79094
 0.79404
 0.78505
 0.79432
 0.82037
 0.8024
 0.81404
 0.83467
 0.84002
 0.82142
 0.828
 0.81108
 0.81154
 0.82265
 0.82031
 0
 0
 1
 1
 0.2
 0.66667
 0.42857
 0.625
 0.77778
 0.6
 0.45455
 0.83333
 0.61538
 0.88889
 0.6
 0.66667
 0.5
 1
 1
 1
 1
 1
 0
 1
 1
 1
 1
 1
 1
 0
 0
 0
 0.92176
 0.9412700000000001
 0.52919
 0.6394300000000001
 0.54576
 0.59661
 0.74263
 0.65299
 0.60449
 0.6703
 0.67127
 0.8071
 0.69652
 0.7496699999999999
 0.72995
 0.88343
 0.8651799999999999
 0.81009
 0.85014
 0.90542
 0.74186
 0.88113
 0.81263
 0.81819
 0.76983
 0.86521
 0.84354
 0.70042
 0
 0
 0.36788
 0.69559
 0.78449
 0.7482
 0.78137
 0.7783
 0.67808
 0.74861
 0.7056
 0.78409
 0.7385
 0.73843
 0.76267
 0.79996
 0.79376
 0.77804
 0.7931
 0.77604
 0.76781
 0.78961
 0.83407
 0.8646
 0.8498599999999999
 0.82421
 0.81342
 0.80916
 0.79635
 0.80326
 0
 0
 0.59711
 0.8696199999999999
 0.4305
 0.5787099999999999
 0.53477
 0.54304
 0.6002
 0.6601
 0.64893
 0.69511
 0.66157
 0.69412
 0.68447
 0.72876
 0.72289
 0.72741
 0.73053
 0.74381
 0.71865
 0.73126
 0.75021
 0.76183
 0.76496
 0.76193
 0.74755
 0.7579399999999999
 0.75858
 0.7774
 0
 0
 0.9021
 0.94712
 0.916
 0.90782
 0.90856
 0.91732
 0.92321
 0.91722
 0.89735
 0.93652
 0.89812
 0.92141
 0.91072
 0.91958
 0.90004
 0.91251
 0.91243
 0.91291
 0.90893
 0.91349
 0.89918
 0.89952
 0.90076
 0.90509
 0.90862
 0.90485
 0.89932
 0.91069
 0
 0
 0.8617
 0.93571
 0.66877
 0.61614
 0.5569
 0.61098
 0.58628
 0.66221
 0.62288
 0.77206
 0.71651
 0.7867
 0.78696
 0.77698
 0.80798
 0.78074
 0.82502
 0.8110000000000001
 0.75606
 0.76791
 0.79335
 0.81171
 0.80199
 0.80622
 0.51924
 0.55002
 0.81067
 0.82494
 0
 0
 0.36788
 0.71883
 0.77605
 0.76134
 0.76271
 0.7745300000000001
 0.63939
 0.74526
 0.72992
 0.8245400000000001
 0.71065
 0.72763
 0.7397
 0.81742
 0.77935
 0.84373
 0.8173
 0.78182
 0.75151
 0.78944
 0.87164
 0.87401
 0.90085
 0.81303
 0.85569
 0.77723
 0.82213
 0.81986
 0
 0
 0
 0
 0
 0
 0
 0
 0
 0
 0
 0
 0
 0
 0
 0
 0
 0
 0
 0
 0
 0
 0
 0
 0
 0
 0
 0
 0
 0
 0
 0
 0
 0
 0
 0
 0
 0
 0
 0
 0
 0
 0
 0
 0
 0
 0
 0
 0
 0
 0
 0
 0
 0
 0
 0
 0
 0
 0
 0
 0
 0
 0
 0
 0
 0
 0
 0
 0
 0
 0
 0
 0
 0
 0
 0
 0
 0
 0
 0
 0
 0
 0
 0
 0
 0
 0
 0
 0
 0
 0
 0
 0
 0
 0
 0
 0
 0
 0
 0
 0
 0
 0
 0
 0
 0
 0
 0
 0
 0
 0
 0
 0
 0
 0
 0
 0
 0
 0
 0
 0
 0
 0
 0
 0
 0
 0
 0
 0
 0
 0
 0
 0
 0
 0
 0
 0
 0
 0
 0
 0
 0
 0
 0
 0
 0
 0
 0
 0
 0
 0
 0
 0.8983100000000001
 0.91069
 0.96955
 0.92986
 0.92928
 0.92902
 0.92006
 0.91211
 0.91108
 0.90496
 0.92299
 0.9212399999999999
 0.90701
 0.91633
 0.90263
 0.91104
 0.90208
 0.9003100000000001
 0.90238
 0.90782
 0.90294
 0.90956
 0.89867
 0.8970900000000001
 0.89491
 0.90555
 0.90727
 0.90513
 0
 0
 0
 0
 0
 0
 0
 0
 0
 0
 0
 0
 0
 0
 0
 0
 0
 0
 0
 0
 0
 0
 0
 0
 0
 0
 0
 0
 0
 0
 0
 0
 0
 0
 0
 0
 0
 0
 0
 0
 0
 0
 0
 0
 0
 0
 0
 0
 0
 0
 0
 0
 0
 0
 0
 0
 0
 0
 0
 0


