# Created by Octave 4.0.0, Sat Nov 21 16:31:25 2015 W. Europe Standard Time <unknown@Florian-PC>
# name: mus
# type: matrix
# ndims: 3
 1 30 19
 0
 0
 0.66667
 0.7633799999999999
 0.6594100000000001
 0.73367
 0.70899
 0.68372
 0.67753
 0.66471
 0.66722
 0.71465
 0.71885
 0.72454
 0.87173
 0.86993
 0.91454
 0.92593
 0.89891
 0.89915
 0.88388
 0.88889
 0.9222399999999999
 0.91922
 0.94298
 0.94482
 0.94087
 0.94374
 0.95068
 0.95043
 0
 0
 0.66667
 1
 0.6
 0.7
 0.9
 0.8
 0.9
 0.9
 0.8
 0.83333
 0.8
 0.8666700000000001
 0.66667
 0.68333
 0.58333
 0.6166700000000001
 0.85
 0.85
 0.76
 0.74
 0.68
 0.67
 0.72
 0.72667
 0.81333
 0.71333
 0.8666700000000001
 0.8666700000000001
 0
 0
 0.80038
 0.8712299999999999
 0.76696
 0.8346
 0.7616000000000001
 0.8904300000000001
 0.91129
 0.89591
 0.83915
 0.89528
 0.87588
 0.89517
 0.70914
 0.79004
 0.74321
 0.79342
 0.78554
 0.80414
 0.78224
 0.83674
 0.81851
 0.83421
 0.79068
 0.83561
 0.84818
 0.82378
 0.82882
 0.83058
 0
 0
 0.72223
 0.99108
 0.78917
 0.83797
 0.88374
 0.90084
 0.92526
 0.92885
 0.88325
 0.90821
 0.89077
 0.91937
 0.78387
 0.86503
 0.74826
 0.77441
 0.82821
 0.81709
 0.8739400000000001
 0.88105
 0.79359
 0.77632
 0.82453
 0.83348
 0.84073
 0.87956
 0.86682
 0.89873
 0
 0
 0.33333
 1
 1
 0.66667
 0.71429
 0.875
 0.88889
 0.9
 0.63636
 0.58333
 0.84615
 0.88889
 0.8
 1
 1
 1
 1
 1
 1
 1
 0
 1
 1
 1
 1
 0
 1
 1
 0
 0
 0.41668
 1.04763
 1.075
 0.72083
 0.72381
 0.9125
 0.91766
 0.89782
 0.75171
 0.77563
 0.88619
 0.85551
 0.8303
 0.98656
 0.86913
 0.87962
 1.01164
 1.00344
 1.04659
 0.9792
 0.45141
 0.94878
 1.04376
 0.57741
 1.03527
 0.6875
 1
 0.625
 0
 0
 0.78929
 0.67367
 0.7245200000000001
 0.82959
 0.77926
 0.90295
 0.9316
 0.89945
 0.82653
 0.86877
 0.86972
 0.87682
 0.7900199999999999
 0.79043
 0.79309
 0.82806
 0.81449
 0.83285
 0.78337
 0.87252
 0.79409
 0.83342
 0.82512
 0.84642
 0.83888
 0.87542
 0.83028
 0.9244599999999999
 0
 0
 0.72223
 0.94412
 0.85078
 0.8096100000000001
 0.86843
 0.86376
 0.91659
 0.93552
 0.89049
 0.88198
 0.89877
 0.92842
 0.77721
 0.86824
 0.76122
 0.79337
 0.82061
 0.82201
 0.86106
 0.8726699999999999
 0.79281
 0.79117
 0.80925
 0.8202199999999999
 0.83261
 0.85504
 0.86966
 0.89237
 0
 0
 1
 1
 1
 1
 1
 1
 1
 1
 1
 1
 1
 1
 1
 1
 1
 1
 1
 1
 1
 1
 1
 1
 1
 1
 1
 1
 1
 1
 0
 0
 0.41668
 0.85967
 0.84617
 0.8285
 0.68988
 0.80164
 0.9655899999999999
 0.81179
 0.8044
 0.88304
 0.90855
 0.88064
 0.66557
 0.87492
 0.69391
 0.74947
 0.9202900000000001
 0.8585199999999999
 0.96373
 0.7865799999999999
 0.74234
 0.7128100000000001
 0.9015300000000001
 0.73747
 0.88773
 0.8817199999999999
 1
 0.74804
 0
 0
 0.78929
 0.67762
 0.72078
 0.80414
 0.9219000000000001
 0.96478
 1.06223
 0.84674
 0.85155
 1.09055
 0.8996499999999999
 0.91535
 0.79237
 0.99574
 0.76341
 0.88873
 0.84069
 0.8724
 0.80546
 0.9331700000000001
 0.79763
 0.83821
 0.98827
 0.96936
 0.94506
 0.86603
 0.8398099999999999
 0.8855
 0
 0
 0
 0
 0
 0
 0
 0
 0
 0
 0
 0
 0
 0
 0
 0
 0
 0
 0
 0
 0
 0
 0
 0
 0
 0
 0
 0
 0
 0
 0
 0
 0
 0
 0
 0
 0
 0
 0
 0
 0
 0
 0
 0
 0
 0
 0
 0
 0
 0
 0
 0
 0
 0
 0
 0
 0
 0
 0
 0
 0
 0
 0
 0
 0
 0
 0
 0
 0
 0
 0
 0
 0
 0
 0
 0
 0
 0
 0
 0
 0
 0
 0
 0
 0
 0
 0
 0
 0
 0
 0
 0
 0
 0
 0
 0
 0
 0
 0
 0
 0
 0
 0
 0
 0
 0
 0
 0
 0
 0
 0
 0
 0
 0
 0
 0
 0
 0
 0
 0
 0
 0
 0
 0
 0
 0
 0
 0
 0
 0
 0
 0
 0
 0
 0
 0
 0
 0
 0
 0
 0
 0
 0
 0
 0
 0
 0
 0
 0
 0
 0
 0
 1
 1
 1
 1
 1
 1
 1
 1
 1
 1
 1
 1
 1
 1
 1
 1
 1
 1
 1
 1
 1
 1
 1
 1
 1
 1
 1
 1
 0
 0
 0
 0
 0
 0
 0
 0
 0
 0
 0
 0
 0
 0
 0
 0
 0
 0
 0
 0
 0
 0
 0
 0
 0
 0
 0
 0
 0
 0
 0
 0
 0
 0
 0
 0
 0
 0
 0
 0
 0
 0
 0
 0
 0
 0
 0
 0
 0
 0
 0
 0
 0
 0
 0
 0
 0
 0
 0
 0


# name: vars
# type: matrix
# ndims: 3
 1 30 19
 0
 0
 0.065885
 0.043445
 0.047379
 0.03028
 0.034079
 0.027778
 0.026162
 0.020947
 0.022684
 0.019854
 0.015125
 0.014619
 0.004988
 0.006074
 0.005172
 0.003166
 0.006014
 0.005042
 0.006156
 0.003638
 0.003213
 0.003646
 0.001791
 0.001884
 0.002007
 0.002182
 0.001162
 0.001454
 0
 0
 0.33333
 0
 0.3
 0.2
 0.05
 0.2
 0.05
 0.05
 0.075
 0.05556
 0.08889
 0.03333
 0.11111
 0.05694
 0.02778
 0.0125
 0.01875
 0.01875
 0.03175
 0.02675
 0.027
 0.0295
 0.012
 0.01356
 0.03422
 0.00978
 0.01944
 0.01944
 0
 0
 0
 0
 0
 0
 0
 0
 0
 0
 0
 0
 0
 0
 0
 0
 0
 0
 0
 0
 0
 0
 0
 0
 0
 0
 0
 0
 0
 0
 0
 0
 0.17881
 0.00037
 0.08801
 0.05665
 0.03541
 0.02469
 0.01427
 0.01946
 0.02381
 0.01737
 0.02274
 0.01638
 0.03695
 0.02388
 0.04095
 0.03758
 0.02951
 0.02817
 0.02281
 0.02092
 0.03174
 0.03355
 0.02791
 0.02458
 0.02567
 0.01997
 0.01956
 0.01813
 0
 0
 0
 0
 0
 0
 0
 0
 0
 0
 0
 0
 0
 0
 0
 0
 0
 0
 0
 0
 0
 0
 0
 0
 0
 0
 0
 0
 0
 0
 0
 0
 0
 0
 0
 0
 0
 0
 0
 0
 0
 0
 0
 0
 0
 0
 0
 0
 0
 0
 0
 0
 0
 0
 0
 0
 0
 0
 0
 0
 0
 0
 0
 0
 0
 0
 0
 0
 0
 0
 0
 0
 0
 0
 0
 0
 0
 0
 0
 0
 0
 0
 0
 0
 0
 0
 0
 0
 0
 0
 0
 0
 0.17881
 0.01443
 0.03958
 0.04225
 0.02329
 0.02204
 0.01613
 0.0131
 0.01945
 0.02192
 0.02063
 0.01244
 0.02824
 0.02247
 0.03356
 0.02858
 0.02895
 0.03004
 0.02812
 0.02164
 0.03117
 0.03883
 0.03496
 0.03134
 0.03098
 0.02977
 0.02464
 0.02069
 0
 0
 0
 0
 0
 0
 0
 0
 0
 0
 0
 0
 0
 0
 0
 0
 0
 0
 0
 0
 0
 0
 0
 0
 0
 0
 0
 0
 0
 0
 0
 0
 0
 0
 0
 0
 0
 0
 0
 0
 0
 0
 0
 0
 0
 0
 0
 0
 0
 0
 0
 0
 0
 0
 0
 0
 0
 0
 0
 0
 0
 0
 0
 0
 0
 0
 0
 0
 0
 0
 0
 0
 0
 0
 0
 0
 0
 0
 0
 0
 0
 0
 0
 0
 0
 0
 0
 0
 0
 0
 0
 0
 0
 0
 0
 0
 0
 0
 0
 0
 0
 0
 0
 0
 0
 0
 0
 0
 0
 0
 0
 0
 0
 0
 0
 0
 0
 0
 0
 0
 0
 0
 0
 0
 0
 0
 0
 0
 0
 0
 0
 0
 0
 0
 0
 0
 0
 0
 0
 0
 0
 0
 0
 0
 0
 0
 0
 0
 0
 0
 0
 0
 0
 0
 0
 0
 0
 0
 0
 0
 0
 0
 0
 0
 0
 0
 0
 0
 0
 0
 0
 0
 0
 0
 0
 0
 0
 0
 0
 0
 0
 0
 0
 0
 0
 0
 0
 0
 0
 0
 0
 0
 0
 0
 0
 0
 0
 0
 0
 0
 0
 0
 0
 0
 0
 0
 0
 0
 0
 0
 0
 0
 0
 0
 0
 0
 0
 0
 0
 0
 0
 0
 0
 0
 0
 0
 0
 0
 0
 0
 0
 0
 0
 0
 0
 0
 0
 0
 0
 0
 0
 0
 0
 0
 0
 0
 0
 0
 0
 0
 0
 0
 0
 0
 0
 0
 0
 0
 0
 0
 0
 0
 0
 0
 0
 0
 0
 0
 0
 0
 0
 0
 0
 0
 0
 0
 0
 0
 0
 0
 0
 0
 0
 0
 0
 0
 0
 0
 0
 0
 0
 0
 0
 0
 0
 0
 0
 0
 0
 0
 0
 0
 0
 0
 0
 0
 0
 0
 0
 0
 0
 0
 0
 0
 0
 0
 0
 0
 0
 0
 0
 0
 0
 0
 0
 0
 0
 0
 0
 0


