# Created by Octave 4.0.0, Sat Nov 21 16:31:23 2015 W. Europe Standard Time <unknown@Florian-PC>
# name: mus
# type: matrix
# ndims: 3
 1 30 19
 0
 0
 0.60317
 0.78177
 0.59833
 0.8057
 0.85603
 0.8406
 0.87218
 0.84706
 0.81568
 0.83502
 0.8384200000000001
 0.82773
 0.81266
 0.80828
 0.79412
 0.80261
 0.79142
 0.78983
 0.82623
 0.8353
 0.8796
 0.88861
 0.88936
 0.8829399999999999
 0.87605
 0.90179
 0.89823
 0.91538
 0
 0
 0.66667
 1
 0.8
 0.5
 0.6
 0.4
 0.7
 0.6
 0.66667
 0.83333
 0.8
 0.7
 0.66667
 0.75
 0.78333
 0.81667
 0.73333
 0.75
 0.76
 0.8100000000000001
 0.79
 0.8
 0.8
 0.84
 0.85333
 0.86
 0.83333
 0.83333
 0
 0
 0.68394
 0.8946499999999999
 0.78271
 0.59275
 0.67235
 0.6807299999999999
 0.76717
 0.73307
 0.70138
 0.76233
 0.75653
 0.76999
 0.78438
 0.82385
 0.80062
 0.8609
 0.84154
 0.87437
 0.82567
 0.8481
 0.81074
 0.84885
 0.84793
 0.85976
 0.85722
 0.86303
 0.86405
 0.86485
 0
 0
 0.71904
 0.94006
 0.78886
 0.51005
 0.62204
 0.5813199999999999
 0.60043
 0.64723
 0.73565
 0.7421
 0.71555
 0.72259
 0.7534999999999999
 0.7795
 0.792
 0.83499
 0.79616
 0.80486
 0.77711
 0.79484
 0.80308
 0.81075
 0.8300999999999999
 0.82619
 0.83586
 0.84935
 0.83827
 0.84479
 0
 0
 0.33333
 1
 1
 0.5
 0.57143
 0.875
 0.33333
 0.6
 0.81818
 0.58333
 0.69231
 0.88889
 0.6
 0.66667
 0
 1
 1
 1
 1
 1
 0
 1
 1
 1
 0
 1
 1
 1
 0
 0
 0.22929
 0.90794
 0.91958
 0.55103
 0.58609
 0.80642
 0.57934
 0.64193
 0.78234
 0.68577
 0.69456
 0.77042
 0.70762
 0.74579
 0.68814
 0.8149999999999999
 0.86227
 0.89693
 0.83243
 0.74832
 0.7556
 0.78771
 0.92266
 0.8409
 0.77824
 0.78085
 0.83462
 0.85141
 0
 0
 0.57859
 0.72912
 0.7935
 0.7371799999999999
 0.7397
 0.72338
 0.7612
 0.78937
 0.75887
 0.78242
 0.77641
 0.76141
 0.77462
 0.8314
 0.8186600000000001
 0.83907
 0.83238
 0.82795
 0.80385
 0.81718
 0.80667
 0.8536899999999999
 0.84446
 0.88397
 0.85161
 0.8361
 0.87017
 0.81112
 0
 0
 0.80131
 0.91749
 0.74744
 0.50617
 0.5752699999999999
 0.59292
 0.61689
 0.65342
 0.68405
 0.69536
 0.68115
 0.6936
 0.73347
 0.73047
 0.75707
 0.77427
 0.76385
 0.779
 0.74438
 0.76772
 0.75319
 0.76548
 0.77535
 0.78056
 0.80078
 0.79497
 0.78023
 0.79373
 0
 0
 0.90641
 0.92886
 0.89271
 0.9275
 0.93567
 0.90461
 0.91734
 0.92393
 0.91708
 0.9352200000000001
 0.91068
 0.9238
 0.91794
 0.92261
 0.91062
 0.90856
 0.91129
 0.90684
 0.90694
 0.9068000000000001
 0.89749
 0.89366
 0.90156
 0.89744
 0.91049
 0.90186
 0.91469
 0.89166
 0
 0
 0.34796
 0.8789400000000001
 0.87213
 0.56648
 0.56398
 0.6519
 0.62358
 0.65627
 0.71044
 0.7101
 0.72392
 0.74884
 0.80271
 0.79562
 0.81549
 0.85665
 0.81456
 0.83523
 0.79597
 0.80753
 0.71385
 0.80745
 0.82338
 0.80076
 0.82646
 0.83818
 0.82359
 0.84048
 0
 0
 0.57859
 0.63083
 0.8104
 0.77118
 0.71032
 0.76439
 0.78167
 0.79203
 0.7934
 0.78738
 0.80431
 0.76613
 0.75134
 0.72485
 0.84002
 0.83449
 0.84363
 0.80623
 0.79535
 0.88754
 0.7969000000000001
 0.80323
 0.90317
 0.84754
 0.92775
 0.92395
 0.81258
 0.80815
 0
 0
 0
 0
 0
 0
 0
 0
 0
 0
 0
 0
 0
 0
 0
 0
 0
 0
 0
 0
 0
 0
 0
 0
 0
 0
 0
 0
 0
 0
 0
 0
 0
 0
 0
 0
 0
 0
 0
 0
 0
 0
 0
 0
 0
 0
 0
 0
 0
 0
 0
 0
 0
 0
 0
 0
 0
 0
 0
 0
 0
 0
 0
 0
 0
 0
 0
 0
 0
 0
 0
 0
 0
 0
 0
 0
 0
 0
 0
 0
 0
 0
 0
 0
 0
 0
 0
 0
 0
 0
 0
 0
 0
 0
 0
 0
 0
 0
 0
 0
 0
 0
 0
 0
 0
 0
 0
 0
 0
 0
 0
 0
 0
 0
 0
 0
 0
 0
 0
 0
 0
 0
 0
 0
 0
 0
 0
 0
 0
 0
 0
 0
 0
 0
 0
 0
 0
 0
 0
 0
 0
 0
 0
 0
 0
 0
 0
 0
 0
 0
 0
 0
 0.84074
 0.89874
 0.9270699999999999
 0.93723
 0.94419
 0.9304
 0.93197
 0.91834
 0.92144
 0.92472
 0.9302
 0.9147
 0.9176299999999999
 0.92101
 0.90222
 0.91894
 0.91348
 0.91698
 0.90038
 0.90124
 0.91265
 0.90047
 0.90412
 0.90561
 0.9026999999999999
 0.91217
 0.89736
 0.90463
 0
 0
 0
 0
 0
 0
 0
 0
 0
 0
 0
 0
 0
 0
 0
 0
 0
 0
 0
 0
 0
 0
 0
 0
 0
 0
 0
 0
 0
 0
 0
 0
 0
 0
 0
 0
 0
 0
 0
 0
 0
 0
 0
 0
 0
 0
 0
 0
 0
 0
 0
 0
 0
 0
 0
 0
 0
 0
 0
 0


