# Created by Octave 4.0.0, Sat Nov 21 16:31:06 2015 W. Europe Standard Time <unknown@Florian-PC>
# name: mus
# type: matrix
# ndims: 3
 1 30 19
 0
 0
 0.88388
 0.8796
 0.88619
 0.88861
 0.94152
 0.93624
 0.93567
 0.91681
 0.91827
 0.92003
 0.92642
 0.92235
 0.92489
 0.87247
 0.87168
 0.8771
 0.90476
 0.92627
 0.9315
 0.93533
 0.93813
 0.93537
 0.93447
 0.93562
 0.93603
 0.93084
 0.92599
 0.92308
 0
 0
 0.66667
 1
 0.8
 0.8
 0.6
 0.8
 0.8
 0.8
 0.8
 0.83333
 0.83333
 0.8666700000000001
 0.8666700000000001
 0.8666700000000001
 0.93333
 0.95
 0.9
 0.8
 0.8
 0.8100000000000001
 0.83
 0.88
 0.92
 0.88667
 0.88667
 0.89333
 0.89333
 0.9
 0
 0
 0.7222499999999999
 0.86611
 0.8504
 0.87779
 0.85145
 0.85988
 0.89212
 0.84332
 0.81434
 0.8427
 0.8885999999999999
 0.89846
 0.90059
 0.88354
 0.86097
 0.88673
 0.87761
 0.88834
 0.89164
 0.91247
 0.89915
 0.90149
 0.92026
 0.92713
 0.91991
 0.92313
 0.9323900000000001
 0.93252
 0
 0
 0.88889
 0.98513
 0.86611
 0.91956
 0.85437
 0.86947
 0.866
 0.89147
 0.92304
 0.90939
 0.91308
 0.93244
 0.93166
 0.91588
 0.9079199999999999
 0.92524
 0.86576
 0.9049199999999999
 0.94589
 0.94698
 0.9373899999999999
 0.93654
 0.9406
 0.94328
 0.9609799999999999
 0.95897
 0.93751
 0.94356
 0
 0
 0.66667
 1
 0.8
 0.83333
 1
 0.875
 0.77778
 1
 0.90909
 0.91667
 1
 1
 1
 1
 1
 1
 1
 1
 1
 1
 1
 0
 0
 1
 1
 1
 1
 1
 0
 0
 1
 1.33333
 0.95
 1.00833
 1.06905
 0.92857
 0.81796
 1.03869
 0.93712
 0.94015
 1.02832
 1.03268
 0.97234
 1.00942
 0.94131
 1.00641
 0.89696
 0.94149
 0.92242
 1.02778
 1.06818
 0.67264
 0.5417
 0.83334
 1
 1.03152
 1
 1.02476
 0
 0
 0.36788
 0.71665
 0.81787
 0.87652
 0.87576
 0.9034799999999999
 0.86124
 0.79744
 0.98991
 0.8854
 0.8434199999999999
 0.88048
 0.88456
 0.86269
 0.91792
 0.89524
 0.89003
 0.92301
 0.92597
 0.94409
 0.896
 0.90904
 0.94451
 0.96563
 0.91713
 0.94504
 0.95019
 0.94396
 0
 0
 0.88889
 0.90684
 0.8832100000000001
 0.9609799999999999
 0.90724
 0.91294
 0.89341
 0.89727
 0.91447
 0.91694
 0.9160700000000001
 0.93198
 0.93897
 0.93109
 0.92488
 0.93781
 0.88972
 0.9020899999999999
 0.93245
 0.92793
 0.94773
 0.94908
 0.93572
 0.94375
 0.95348
 0.95189
 0.94975
 0.94593
 0
 0
 1
 1
 1
 1
 1
 1
 1
 1
 1
 1
 1
 1
 1
 1
 1
 1
 1
 1
 1
 1
 1
 1
 1
 1
 1
 1
 1
 1
 0
 0
 1
 1.33333
 0.98231
 1.21054
 1.06857
 0.99925
 0.8391999999999999
 0.94263
 0.89952
 0.8460299999999999
 0.90888
 0.87152
 0.87269
 0.87532
 0.88935
 0.90059
 0.83136
 0.86113
 1.04793
 0.94332
 1.04994
 0.8564000000000001
 0.98907
 0.98928
 1
 0.8817199999999999
 1
 0.87115
 0
 0
 0.36788
 0.74459
 0.89071
 0.8671
 0.87448
 0.86878
 0.91374
 0.82734
 1.07671
 1.03612
 0.92022
 1.13013
 0.9270699999999999
 0.94459
 1.0039
 1.02813
 0.94173
 0.9543
 0.984
 1.02978
 0.90205
 0.93458
 1.06969
 1.04153
 0.92009
 1.00128
 1.00682
 0.9719
 0
 0
 0
 0
 0
 0
 0
 0
 0
 0
 0
 0
 0
 0
 0
 0
 0
 0
 0
 0
 0
 0
 0
 0
 0
 0
 0
 0
 0
 0
 0
 0
 0
 0
 0
 0
 0
 0
 0
 0
 0
 0
 0
 0
 0
 0
 0
 0
 0
 0
 0
 0
 0
 0
 0
 0
 0
 0
 0
 0
 0
 0
 0
 0
 0
 0
 0
 0
 0
 0
 0
 0
 0
 0
 0
 0
 0
 0
 0
 0
 0
 0
 0
 0
 0
 0
 0
 0
 0
 0
 0
 0
 0
 0
 0
 0
 0
 0
 0
 0
 0
 0
 0
 0
 0
 0
 0
 0
 0
 0
 0
 0
 0
 0
 0
 0
 0
 0
 0
 0
 0
 0
 0
 0
 0
 0
 0
 0
 0
 0
 0
 0
 0
 0
 0
 0
 0
 0
 0
 0
 0
 0
 0
 0
 0
 0
 0
 0
 0
 0
 0
 0
 1
 1
 1
 1
 1
 1
 1
 1
 1
 1
 1
 1
 1
 1
 1
 1
 1
 1
 1
 1
 1
 1
 1
 1
 1
 1
 1
 1
 0
 0
 0
 0
 0
 0
 0
 0
 0
 0
 0
 0
 0
 0
 0
 0
 0
 0
 0
 0
 0
 0
 0
 0
 0
 0
 0
 0
 0
 0
 0
 0
 0
 0
 0
 0
 0
 0
 0
 0
 0
 0
 0
 0
 0
 0
 0
 0
 0
 0
 0
 0
 0
 0
 0
 0
 0
 0
 0
 0


# name: vars
# type: matrix
# ndims: 3
 1 30 19
 0
 0
 0.03087
 0.026143
 0.018926
 0.016009
 0.006884
 0.006676
 0.00696
 0.008019999999999999
 0.00795
 0.006933
 0.00493
 0.005133
 0.00517
 0.007645
 0.005455
 0.005462
 0.005795
 0.003048
 0.004941
 0.002457
 0.00262
 0.00297
 0.002951
 0.002765
 0.002256
 0.002207
 0.001579
 0.002991
 0
 0
 0.33333
 0
 0.2
 0.2
 0.3
 0.075
 0.075
 0.075
 0.075
 0.05556
 0.05556
 0.03333
 0.03333
 0.03333
 0.02222
 0.0125
 0.01875
 0.04375
 0.04375
 0.043
 0.0295
 0.012
 0.012
 0.01089
 0.01089
 0.00967
 0.00967
 0.008330000000000001
 0
 0
 0
 0
 0
 0
 0
 0
 0
 0
 0
 0
 0
 0
 0
 0
 0
 0
 0
 0
 0
 0
 0
 0
 0
 0
 0
 0
 0
 0
 0
 0
 0.11111
 0.00052
 0.0526
 0.02237
 0.0267
 0.01845
 0.02227
 0.02295
 0.01638
 0.01807
 0.01686
 0.01541
 0.01443
 0.01538
 0.01859
 0.01399
 0.02474
 0.01809
 0.009299999999999999
 0.01103
 0.01199
 0.01182
 0.01168
 0.01063
 0.0067
 0.00876
 0.01178
 0.0103
 0
 0
 0
 0
 0
 0
 0
 0
 0
 0
 0
 0
 0
 0
 0
 0
 0
 0
 0
 0
 0
 0
 0
 0
 0
 0
 0
 0
 0
 0
 0
 0
 0
 0
 0
 0
 0
 0
 0
 0
 0
 0
 0
 0
 0
 0
 0
 0
 0
 0
 0
 0
 0
 0
 0
 0
 0
 0
 0
 0
 0
 0
 0
 0
 0
 0
 0
 0
 0
 0
 0
 0
 0
 0
 0
 0
 0
 0
 0
 0
 0
 0
 0
 0
 0
 0
 0
 0
 0
 0
 0
 0
 0.11111
 0.02036
 0.02265
 0.00719
 0.01878
 0.00766
 0.01283
 0.01575
 0.01331
 0.01312
 0.01434
 0.0127
 0.01071
 0.01469
 0.01663
 0.01371
 0.01834
 0.01675
 0.01217
 0.01385
 0.008829999999999999
 0.00759
 0.01279
 0.00996
 0.00843
 0.00561
 0.00728
 0.00709
 0
 0
 0
 0
 0
 0
 0
 0
 0
 0
 0
 0
 0
 0
 0
 0
 0
 0
 0
 0
 0
 0
 0
 0
 0
 0
 0
 0
 0
 0
 0
 0
 0
 0
 0
 0
 0
 0
 0
 0
 0
 0
 0
 0
 0
 0
 0
 0
 0
 0
 0
 0
 0
 0
 0
 0
 0
 0
 0
 0
 0
 0
 0
 0
 0
 0
 0
 0
 0
 0
 0
 0
 0
 0
 0
 0
 0
 0
 0
 0
 0
 0
 0
 0
 0
 0
 0
 0
 0
 0
 0
 0
 0
 0
 0
 0
 0
 0
 0
 0
 0
 0
 0
 0
 0
 0
 0
 0
 0
 0
 0
 0
 0
 0
 0
 0
 0
 0
 0
 0
 0
 0
 0
 0
 0
 0
 0
 0
 0
 0
 0
 0
 0
 0
 0
 0
 0
 0
 0
 0
 0
 0
 0
 0
 0
 0
 0
 0
 0
 0
 0
 0
 0
 0
 0
 0
 0
 0
 0
 0
 0
 0
 0
 0
 0
 0
 0
 0
 0
 0
 0
 0
 0
 0
 0
 0
 0
 0
 0
 0
 0
 0
 0
 0
 0
 0
 0
 0
 0
 0
 0
 0
 0
 0
 0
 0
 0
 0
 0
 0
 0
 0
 0
 0
 0
 0
 0
 0
 0
 0
 0
 0
 0
 0
 0
 0
 0
 0
 0
 0
 0
 0
 0
 0
 0
 0
 0
 0
 0
 0
 0
 0
 0
 0
 0
 0
 0
 0
 0
 0
 0
 0
 0
 0
 0
 0
 0
 0
 0
 0
 0
 0
 0
 0
 0
 0
 0
 0
 0
 0
 0
 0
 0
 0
 0
 0
 0
 0
 0
 0
 0
 0
 0
 0
 0
 0
 0
 0
 0
 0
 0
 0
 0
 0
 0
 0
 0
 0
 0
 0
 0
 0
 0
 0
 0
 0
 0
 0
 0
 0
 0
 0
 0
 0
 0
 0
 0
 0
 0
 0
 0
 0
 0
 0
 0
 0
 0
 0
 0
 0
 0
 0
 0
 0
 0
 0
 0
 0
 0
 0


