# Created by Octave 4.0.0, Sat Nov 21 16:31:05 2015 W. Europe Standard Time <unknown@Florian-PC>
# name: mus
# type: matrix
# ndims: 3
 1 30 19
 0
 0
 0.88972
 0.88963
 0.93305
 0.92379
 0.9315
 0.92701
 0.92899
 0.9277300000000001
 0.92827
 0.93603
 0.9398
 0.93613
 0.93755
 0.93834
 0.93782
 0.9393899999999999
 0.93901
 0.93475
 0.9331700000000001
 0.9328
 0.92997
 0.9311199999999999
 0.93106
 0.93645
 0.93519
 0.93098
 0.93249
 0.93504
 0
 0
 0.66667
 0.5
 1
 1
 0.9
 1
 1
 0.8
 1
 1
 1
 1
 1
 1
 1
 1
 1
 1
 1
 1
 1
 1
 1
 1
 1
 1
 0.93333
 0.93333
 0
 0
 0.80246
 0.76639
 0.87592
 0.86409
 0.90659
 0.9131899999999999
 0.882
 0.91474
 0.94016
 0.90774
 0.93852
 0.93554
 0.95766
 0.95667
 0.98021
 0.9873499999999999
 0.97748
 0.98263
 0.97902
 0.98685
 0.9855699999999999
 0.99744
 0.99231
 0.9926700000000001
 0.99238
 0.99251
 0.95585
 0.95906
 0
 0
 0.67274
 0.56969
 0.94117
 0.9510999999999999
 0.94365
 0.96305
 0.95789
 0.93895
 0.94052
 0.93144
 0.95257
 0.95417
 0.96323
 0.96329
 0.96794
 0.97622
 0.96949
 0.97992
 0.97816
 0.97966
 0.98249
 0.98222
 0.98559
 0.98151
 0.98289
 0.98581
 0.9349499999999999
 0.93569
 0
 0
 0.66667
 0.5
 1
 1
 1
 1
 1
 1
 1
 1
 1
 1
 1
 1
 1
 1
 1
 1
 1
 1
 1
 1
 1
 1
 1
 1
 1
 1
 0
 0
 0.6057900000000001
 0.58795
 0.96336
 0.97509
 0.98778
 0.98533
 0.97762
 0.95385
 0.98029
 0.95875
 0.95051
 0.95897
 0.96126
 0.96216
 0.98573
 0.99127
 0.98026
 0.98686
 0.98472
 0.99363
 0.98873
 0.99146
 0.99317
 0.99939
 0.9900600000000001
 0.99125
 0.93743
 0.94502
 0
 0
 0.57859
 0.90079
 0.82584
 0.91689
 0.89639
 0.84794
 0.91699
 0.91456
 0.92514
 0.90957
 0.90703
 0.9042
 0.94033
 0.9218
 0.95649
 0.9629799999999999
 0.93069
 0.93948
 0.95087
 0.97423
 0.95928
 0.97686
 0.98853
 0.96405
 0.96277
 0.96433
 0.89788
 0.86943
 0
 0
 0.69112
 0.6333
 0.90054
 0.90679
 0.89703
 0.9138500000000001
 0.92625
 0.90099
 0.87047
 0.88703
 0.89602
 0.90257
 0.92101
 0.88895
 0.92537
 0.92196
 0.91817
 0.9227300000000001
 0.91683
 0.93864
 0.92775
 0.93637
 0.94799
 0.9448
 0.93614
 0.93143
 0.89016
 0.89608
 0
 0
 0.86807
 0.93118
 0.87032
 0.92192
 0.93893
 0.92167
 0.91068
 0.91227
 0.92419
 0.93355
 0.91016
 0.92831
 0.92963
 0.90343
 0.90811
 0.90442
 0.9190700000000001
 0.90821
 0.89868
 0.91094
 0.89461
 0.9016
 0.89985
 0.89933
 0.90321
 0.90344
 0.90684
 0.90361
 0
 0
 0.51749
 0.63144
 0.9605900000000001
 0.97243
 0.9784
 0.97962
 0.97337
 0.94119
 0.97495
 0.96236
 0.88088
 0.95704
 0.9785
 0.98246
 0.99252
 0.99749
 0.99312
 0.99624
 0.99693
 0.99736
 0.99893
 0.99951
 0.97885
 0.99849
 0.9952
 0.98103
 0.92794
 0.9419
 0
 0
 0.57859
 0.8882
 0.82584
 0.92232
 0.86417
 0.82397
 0.91005
 0.88725
 0.83726
 0.91856
 0.6282
 0.93779
 0.9478
 0.93092
 0.90059
 0.90717
 0.9052
 0.95842
 0.9813499999999999
 0.9738599999999999
 0.9594200000000001
 0.67509
 0.93115
 0.97847
 0.99271
 0.99542
 0.93009
 0.98036
 0
 0
 0
 0
 0
 0
 0
 0
 0
 0
 0
 0
 0
 0
 0
 0
 0
 0
 0
 0
 0
 0
 0
 0
 0
 0
 0
 0
 0
 0
 0
 0
 0
 0
 0
 0
 0
 0
 0
 0
 0
 0
 0
 0
 0
 0
 0
 0
 0
 0
 0
 0
 0
 0
 0
 0
 0
 0
 0
 0
 0
 0
 0
 0
 0
 0
 0
 0
 0
 0
 0
 0
 0
 0
 0
 0
 0
 0
 0
 0
 0
 0
 0
 0
 0
 0
 0
 0
 0
 0
 0
 0
 0
 0
 0
 0
 0
 0
 0
 0
 0
 0
 0
 0
 0
 0
 0
 0
 0
 0
 0
 0
 0
 0
 0
 0
 0
 0
 0
 0
 0
 0
 0
 0
 0
 0
 0
 0
 0
 0
 0
 0
 0
 0
 0
 0
 0
 0
 0
 0
 0
 0
 0
 0
 0
 0
 0
 0
 0
 0
 0
 0
 0.89225
 0.90831
 0.90486
 0.93016
 0.91892
 0.88533
 0.9362200000000001
 0.9044
 0.90266
 0.92213
 0.9341
 0.93057
 0.93483
 0.90474
 0.90673
 0.91034
 0.9100200000000001
 0.90452
 0.90601
 0.90265
 0.90716
 0.90102
 0.90056
 0.90244
 0.91595
 0.91159
 0.90729
 0.9024799999999999
 0
 0
 0
 0
 0
 0
 0
 0
 0
 0
 0
 0
 0
 0
 0
 0
 0
 0
 0
 0
 0
 0
 0
 0
 0
 0
 0
 0
 0
 0
 0
 0
 0
 0
 0
 0
 0
 0
 0
 0
 0
 0
 0
 0
 0
 0
 0
 0
 0
 0
 0
 0
 0
 0
 0
 0
 0
 0
 0
 0


# name: vars
# type: matrix
# ndims: 3
 1 30 19
 0
 0
 0.033593
 0.023432
 0.012978
 0.011137
 0.009205
 0.007834000000000001
 0.00661
 0.00558
 0.005368
 0.004936
 0.004269
 0.003283
 0.0038
 0.004227
 0.003298
 0.003393
 0.002163
 0.003556
 0.00339
 0.002001
 0.002824
 0.002138
 0.001927
 0.002513
 0.002305
 0.002816
 0.002189
 0.002161
 0
 0
 0.33333
 0.33333
 0
 0
 0.05
 0
 0
 0.2
 0
 0
 0
 0
 0
 0
 0
 0
 0
 0
 0
 0
 0
 0
 0
 0
 0
 0
 0.008330000000000001
 0.008330000000000001
 0
 0
 0
 0
 0
 0
 0
 0
 0
 0
 0
 0
 0
 0
 0
 0
 0
 0
 0
 0
 0
 0
 0
 0
 0
 0
 0
 0
 0
 0
 0
 0
 0.12939
 0.1567
 0.00673
 0.0033
 0.00483
 0.0024
 0.00327
 0.00677
 0.00468
 0.00576
 0.0022
 0.00255
 0.00149
 0.00198
 0.00296
 0.0021
 0.00284
 0.00072
 0.00136
 0.00159
 0.0012
 0.00204
 0.00115
 0.00238
 0.00207
 0.00159
 0.00138
 0.00135
 0
 0
 0.008692999999999999
 0.020364
 0.012232
 0.015377
 0.013652
 0.011604
 0.011815
 0.010468
 0.011815
 0.01207
 0.011326
 0.010658
 0.013429
 0.011774
 0.010264
 0.012058
 0.014777
 0.013209
 0.012276
 0.014026
 0.010004
 0.013088
 0.013221
 0.013295
 0.011506
 0.011053
 0.010931
 0.014665
 0
 0
 0
 0
 0
 0
 0
 0
 0
 0
 0
 0
 0
 0
 0
 0
 0
 0
 0
 0
 0
 0
 0
 0
 0
 0
 0
 0
 0
 0
 0
 0
 0
 0
 0
 0
 0
 0
 0
 0
 0
 0
 0
 0
 0
 0
 0
 0
 0
 0
 0
 0
 0
 0
 0
 0
 0
 0
 0
 0
 0
 0
 0.13088
 0.11816
 0.01968
 0.01602
 0.01727
 0.01406
 0.01173
 0.01521
 0.02327
 0.01425
 0.0191
 0.01341
 0.00902
 0.01533
 0.01254
 0.01535
 0.01482
 0.01594
 0.01677
 0.01133
 0.01671
 0.01553
 0.01177
 0.01295
 0.01479
 0.01576
 0.01592
 0.01516
 0
 0
 0.022773
 0.013831
 0.013736
 0.012692
 0.008581
 0.012587
 0.013951
 0.016825
 0.012444
 0.008869999999999999
 0.014801
 0.012188
 0.009316
 0.012977
 0.012477
 0.012554
 0.010471
 0.011801
 0.01454
 0.012818
 0.014607
 0.012677
 0.013135
 0.013019
 0.013601
 0.012989
 0.01214
 0.012719
 0
 0
 0
 0
 0
 0
 0
 0
 0
 0
 0
 0
 0
 0
 0
 0
 0
 0
 0
 0
 0
 0
 0
 0
 0
 0
 0
 0
 0
 0
 0
 0
 0
 0
 0
 0
 0
 0
 0
 0
 0
 0
 0
 0
 0
 0
 0
 0
 0
 0
 0
 0
 0
 0
 0
 0
 0
 0
 0
 0
 0
 0
 0
 0
 0
 0
 0
 0
 0
 0
 0
 0
 0
 0
 0
 0
 0
 0
 0
 0
 0
 0
 0
 0
 0
 0
 0
 0
 0
 0
 0
 0
 0
 0
 0
 0
 0
 0
 0
 0
 0
 0
 0
 0
 0
 0
 0
 0
 0
 0
 0
 0
 0
 0
 0
 0
 0
 0
 0
 0
 0
 0
 0
 0
 0
 0
 0
 0
 0
 0
 0
 0
 0
 0
 0
 0
 0
 0
 0
 0
 0
 0
 0
 0
 0
 0
 0
 0
 0
 0
 0
 0
 0
 0
 0
 0
 0
 0
 0
 0
 0
 0
 0
 0
 0
 0
 0
 0
 0
 0
 0
 0
 0
 0
 0
 0
 0
 0
 0
 0
 0
 0
 0
 0
 0
 0
 0
 0
 0
 0
 0
 0
 0
 0
 0
 0
 0
 0
 0
 0
 0
 0
 0
 0
 0
 0
 0
 0
 0
 0
 0
 0
 0.014209
 0.013124
 0.014855
 0.008640999999999999
 0.014828
 0.016111
 0.011262
 0.015847
 0.014304
 0.013218
 0.010102
 0.01114
 0.009721
 0.0126
 0.013632
 0.011906
 0.011597
 0.013861
 0.012635
 0.012066
 0.011821
 0.013109
 0.012879
 0.013611
 0.011276
 0.012787
 0.012522
 0.012139
 0
 0
 0
 0
 0
 0
 0
 0
 0
 0
 0
 0
 0
 0
 0
 0
 0
 0
 0
 0
 0
 0
 0
 0
 0
 0
 0
 0
 0
 0
 0
 0
 0
 0
 0
 0
 0
 0
 0
 0
 0
 0
 0
 0
 0
 0
 0
 0
 0
 0
 0
 0
 0
 0
 0
 0
 0
 0
 0
 0


