# Created by Octave 4.0.0, Sat Nov 21 16:31:24 2015 W. Europe Standard Time <unknown@Florian-PC>
# name: mus
# type: matrix
# ndims: 3
 1 30 19
 0
 0
 0.64495
 0.58445
 0.60084
 0.6122300000000001
 0.60624
 0.6476499999999999
 0.64829
 0.82857
 0.81485
 0.80219
 0.8428099999999999
 0.8500799999999999
 0.84726
 0.85642
 0.83807
 0.85017
 0.83765
 0.84322
 0.84127
 0.84694
 0.86288
 0.87075
 0.8595699999999999
 0.8678900000000001
 0.87668
 0.87954
 0.8817199999999999
 0.87521
 0
 0
 0.33333
 0.75
 0.6
 0.7
 0.8
 0.7
 0.7
 0.7
 0.73333
 0.76667
 0.66667
 0.66667
 0.73333
 0.81667
 0.8833299999999999
 0.8833299999999999
 0.78333
 0.75
 0.76
 0.76
 0.88
 0.87
 0.88
 0.92667
 0.93333
 0.88
 0.9
 0.9
 0
 0
 0.56131
 0.8824
 0.64618
 0.75593
 0.77783
 0.6726799999999999
 0.81479
 0.7805299999999999
 0.7451
 0.78381
 0.79089
 0.7513
 0.81721
 0.86109
 0.87909
 0.89649
 0.84251
 0.85692
 0.8247
 0.83096
 0.84577
 0.86158
 0.83729
 0.83741
 0.84999
 0.87398
 0.8597900000000001
 0.87862
 0
 0
 0.39546
 0.69498
 0.51464
 0.76418
 0.64019
 0.73812
 0.77423
 0.7037099999999999
 0.68425
 0.71684
 0.6916
 0.71055
 0.79699
 0.83385
 0.85714
 0.91398
 0.85011
 0.86729
 0.80927
 0.83272
 0.85505
 0.86752
 0.88205
 0.87296
 0.88383
 0.8741100000000001
 0.87709
 0.88807
 0
 0
 0
 0.75
 0.4
 0.33333
 0.85714
 0.75
 1
 0.6
 0.63636
 0.33333
 0.46154
 0.66667
 1
 0.66667
 1
 1
 0
 0
 1
 1
 1
 1
 1
 0
 1
 1
 1
 1
 0
 0
 0.01297
 0.83325
 0.40856
 0.57331
 0.81148
 0.72267
 0.88325
 0.6514799999999999
 0.65782
 0.6529199999999999
 0.65617
 0.71839
 0.8895
 0.82634
 0.89105
 0.9104
 0.75019
 0.69563
 0.907
 0.80088
 0.9288999999999999
 0.93328
 0.92854
 0.77015
 0.91028
 0.95605
 0.94173
 0.88754
 0
 0
 0.78929
 0.61582
 0.6742
 0.74097
 0.69942
 0.77428
 0.80465
 0.77786
 0.74081
 0.79777
 0.79223
 0.81336
 0.7658700000000001
 0.82969
 0.78787
 0.82861
 0.81591
 0.8067
 0.77407
 0.80713
 0.8343699999999999
 0.83175
 0.84849
 0.83912
 0.838
 0.8190499999999999
 0.83377
 0.87342
 0
 0
 0.37287
 0.67642
 0.47726
 0.67984
 0.62957
 0.69925
 0.75227
 0.65307
 0.67679
 0.6841699999999999
 0.65663
 0.71
 0.72228
 0.76534
 0.78979
 0.83367
 0.77427
 0.80133
 0.75686
 0.75576
 0.78835
 0.79858
 0.80247
 0.80077
 0.80991
 0.80605
 0.81375
 0.83496
 0
 0
 0.95549
 0.9331199999999999
 0.95453
 0.95336
 0.90363
 0.91545
 0.91274
 0.90901
 0.90808
 0.93613
 0.9140200000000001
 0.9095
 0.91878
 0.90888
 0.91761
 0.91145
 0.90888
 0.91311
 0.9166
 0.9048
 0.89772
 0.90411
 0.90452
 0.91354
 0.89693
 0.90129
 0.89258
 0.90226
 0
 0
 0.01115
 0.83571
 0.39311
 0.64621
 0.6827
 0.72395
 0.73439
 0.65023
 0.65506
 0.7005400000000001
 0.73403
 0.78009
 0.84685
 0.89656
 0.87698
 0.92967
 0.75841
 0.88084
 0.80888
 0.82895
 0.83946
 0.85888
 0.86399
 0.85867
 0.87532
 0.59263
 0.86251
 0.88967
 0
 0
 0.78929
 0.58629
 0.69001
 0.7453
 0.69552
 0.77329
 0.88466
 0.77879
 0.74501
 0.80619
 0.78726
 0.79199
 0.74566
 0.78565
 0.7728
 0.86695
 0.8982
 0.81284
 0.7609
 0.78727
 0.88688
 0.81525
 0.77524
 0.77046
 0.80271
 0.78291
 0.82745
 0.81726
 0
 0
 0
 0
 0
 0
 0
 0
 0
 0
 0
 0
 0
 0
 0
 0
 0
 0
 0
 0
 0
 0
 0
 0
 0
 0
 0
 0
 0
 0
 0
 0
 0
 0
 0
 0
 0
 0
 0
 0
 0
 0
 0
 0
 0
 0
 0
 0
 0
 0
 0
 0
 0
 0
 0
 0
 0
 0
 0
 0
 0
 0
 0
 0
 0
 0
 0
 0
 0
 0
 0
 0
 0
 0
 0
 0
 0
 0
 0
 0
 0
 0
 0
 0
 0
 0
 0
 0
 0
 0
 0
 0
 0
 0
 0
 0
 0
 0
 0
 0
 0
 0
 0
 0
 0
 0
 0
 0
 0
 0
 0
 0
 0
 0
 0
 0
 0
 0
 0
 0
 0
 0
 0
 0
 0
 0
 0
 0
 0
 0
 0
 0
 0
 0
 0
 0
 0
 0
 0
 0
 0
 0
 0
 0
 0
 0
 0
 0
 0
 0
 0
 0
 0.95277
 0.93349
 0.9439
 0.9022
 0.92819
 0.92975
 0.89677
 0.91838
 0.90366
 0.93001
 0.91089
 0.9238
 0.92498
 0.9097499999999999
 0.90551
 0.90686
 0.89949
 0.90078
 0.90908
 0.90227
 0.90755
 0.90301
 0.91459
 0.90166
 0.90205
 0.89774
 0.8969
 0.9043099999999999
 0
 0
 0
 0
 0
 0
 0
 0
 0
 0
 0
 0
 0
 0
 0
 0
 0
 0
 0
 0
 0
 0
 0
 0
 0
 0
 0
 0
 0
 0
 0
 0
 0
 0
 0
 0
 0
 0
 0
 0
 0
 0
 0
 0
 0
 0
 0
 0
 0
 0
 0
 0
 0
 0
 0
 0
 0
 0
 0
 0


