# Created by Octave 4.0.0, Sat Nov 21 16:31:25 2015 W. Europe Standard Time <unknown@Florian-PC>
# name: mus
# type: matrix
# ndims: 3
 1 30 19
 0
 0
 0.84211
 0.68562
 0.80335
 0.82161
 0.7360100000000001
 0.74161
 0.76859
 0.76303
 0.7764799999999999
 0.78704
 0.81501
 0.79328
 0.80928
 0.79392
 0.90328
 0.92593
 0.92565
 0.9322
 0.92982
 0.93098
 0.94231
 0.94218
 0.94638
 0.9473200000000001
 0.94529
 0.94189
 0.94281
 0.93846
 0
 0
 0.33333
 1
 0.6
 0.7
 0.9
 0.7
 0.5
 0.7
 0.56667
 0.66667
 0.53333
 0.56667
 0.6
 0.6166700000000001
 0.53333
 0.6166700000000001
 0.73333
 0.65
 0.71
 0.88
 0.91
 0.88
 0.84
 0.84
 0.85333
 0.86
 0.82667
 0.8666700000000001
 0
 0
 0.6613599999999999
 0.89225
 0.63808
 0.77644
 0.7377899999999999
 0.76846
 0.66582
 0.76332
 0.69697
 0.7188099999999999
 0.72743
 0.69053
 0.74298
 0.78779
 0.72113
 0.7700399999999999
 0.75656
 0.75546
 0.82012
 0.8224399999999999
 0.80336
 0.85215
 0.86286
 0.87044
 0.8468
 0.8686
 0.86281
 0.86982
 0
 0
 0.27517
 0.8449
 0.7410099999999999
 0.66093
 0.77781
 0.81556
 0.63479
 0.68077
 0.62619
 0.64989
 0.60387
 0.63615
 0.64871
 0.6448
 0.60316
 0.70494
 0.76545
 0.7769200000000001
 0.8131699999999999
 0.81523
 0.7925
 0.8262
 0.8461
 0.85088
 0.85298
 0.8615
 0.87053
 0.86866
 0
 0
 0.33333
 1
 0.6
 1
 1
 1
 0.44444
 0.7
 0.36364
 0.58333
 0.53846
 0.5555600000000001
 1
 0.33333
 0.5
 1
 0
 1
 1
 1
 1
 1
 0
 1
 1
 1
 1
 1
 0
 0
 0.29485
 0.86628
 0.6151799999999999
 0.9201
 0.89616
 0.89484
 0.59291
 0.70983
 0.60207
 0.64734
 0.62187
 0.63089
 0.76729
 0.63678
 0.62013
 0.80214
 0.65112
 0.83693
 0.89123
 0.75237
 0.8678
 0.79206
 0.73253
 0.8041
 0.93447
 0.89757
 0.80681
 0.86394
 0
 0
 0.57859
 0.77882
 0.64525
 0.78463
 0.72615
 0.7281
 0.71166
 0.70074
 0.69029
 0.71976
 0.76159
 0.72129
 0.77273
 0.76994
 0.72494
 0.76611
 0.75421
 0.78594
 0.78283
 0.75954
 0.78917
 0.79758
 0.78469
 0.80954
 0.78705
 0.83385
 0.8446399999999999
 0.84117
 0
 0
 0.3028
 0.75297
 0.73738
 0.73239
 0.7668199999999999
 0.76275
 0.61095
 0.69899
 0.62153
 0.66562
 0.6256699999999999
 0.6686800000000001
 0.64632
 0.6523
 0.6279
 0.66601
 0.68804
 0.69914
 0.72258
 0.72449
 0.71777
 0.74985
 0.76437
 0.76133
 0.76294
 0.7859
 0.80117
 0.80154
 0
 0
 0.8923
 0.91612
 0.90218
 0.9129699999999999
 0.90447
 0.9145799999999999
 0.91747
 0.94482
 0.92173
 0.93076
 0.90116
 0.92544
 0.90289
 0.9186299999999999
 0.9164
 0.89946
 0.92289
 0.90799
 0.91061
 0.89653
 0.90289
 0.90857
 0.8974800000000001
 0.90396
 0.904
 0.90495
 0.91338
 0.90574
 0
 0
 0.27554
 0.80332
 0.6133
 0.90385
 0.84644
 0.74818
 0.64823
 0.69395
 0.64823
 0.68246
 0.65434
 0.67259
 0.66847
 0.68405
 0.64156
 0.69111
 0.7256
 0.73199
 0.79952
 0.7942399999999999
 0.76028
 0.80171
 0.8224399999999999
 0.85564
 0.8652
 0.84904
 0.84433
 0.86777
 0
 0
 0.57859
 0.80264
 0.6908300000000001
 0.78916
 0.71389
 0.74386
 0.72943
 0.7714800000000001
 0.7204700000000001
 0.73446
 0.69737
 0.75676
 0.74077
 0.75811
 0.70279
 0.75268
 0.75695
 0.77549
 0.8546
 0.7571099999999999
 0.754
 0.77894
 0.7625
 0.80402
 0.74551
 0.81814
 0.7920199999999999
 0.84133
 0
 0
 0
 0
 0
 0
 0
 0
 0
 0
 0
 0
 0
 0
 0
 0
 0
 0
 0
 0
 0
 0
 0
 0
 0
 0
 0
 0
 0
 0
 0
 0
 0
 0
 0
 0
 0
 0
 0
 0
 0
 0
 0
 0
 0
 0
 0
 0
 0
 0
 0
 0
 0
 0
 0
 0
 0
 0
 0
 0
 0
 0
 0
 0
 0
 0
 0
 0
 0
 0
 0
 0
 0
 0
 0
 0
 0
 0
 0
 0
 0
 0
 0
 0
 0
 0
 0
 0
 0
 0
 0
 0
 0
 0
 0
 0
 0
 0
 0
 0
 0
 0
 0
 0
 0
 0
 0
 0
 0
 0
 0
 0
 0
 0
 0
 0
 0
 0
 0
 0
 0
 0
 0
 0
 0
 0
 0
 0
 0
 0
 0
 0
 0
 0
 0
 0
 0
 0
 0
 0
 0
 0
 0
 0
 0
 0
 0
 0
 0
 0
 0
 0
 0.89754
 0.9015
 0.91659
 0.9414400000000001
 0.91146
 0.92249
 0.89554
 0.93637
 0.93046
 0.92925
 0.91501
 0.93554
 0.92332
 0.901
 0.90927
 0.9165
 0.90778
 0.89844
 0.90554
 0.89897
 0.89981
 0.90635
 0.91086
 0.90559
 0.91168
 0.905
 0.8978699999999999
 0.90147
 0
 0
 0
 0
 0
 0
 0
 0
 0
 0
 0
 0
 0
 0
 0
 0
 0
 0
 0
 0
 0
 0
 0
 0
 0
 0
 0
 0
 0
 0
 0
 0
 0
 0
 0
 0
 0
 0
 0
 0
 0
 0
 0
 0
 0
 0
 0
 0
 0
 0
 0
 0
 0
 0
 0
 0
 0
 0
 0
 0


