# Created by Octave 4.0.0, Sat Nov 21 16:31:10 2015 W. Europe Standard Time <unknown@Florian-PC>
# name: mus
# type: matrix
# ndims: 3
 1 30 19
 0
 0
 0.70844
 0.87291
 0.93808
 0.92211
 0.89474
 0.93372
 0.94069
 0.94706
 0.94245
 0.91667
 0.94314
 0.95008
 0.94177
 0.93497
 0.94454
 0.94823
 0.92788
 0.88051
 0.8538
 0.83768
 0.87124
 0.8299299999999999
 0.81617
 0.84699
 0.87079
 0.89215
 0.92515
 0.89316
 0
 0
 0.33333
 0.5
 0.6
 0.6
 0.6
 0.6
 0.5
 0.8
 0.83333
 0.66667
 0.6
 0.7
 0.8
 0.83333
 0.83333
 0.76667
 0.58333
 0.7
 0.66
 0.65
 0.57
 0.67
 0.64
 0.60667
 0.72
 0.73333
 0.7533300000000001
 0.66667
 0
 0
 0.6400400000000001
 0.69515
 0.57525
 0.58365
 0.57212
 0.67167
 0.68099
 0.65624
 0.69984
 0.70899
 0.6533
 0.58509
 0.71248
 0.68316
 0.68891
 0.64875
 0.65854
 0.70534
 0.65272
 0.6109599999999999
 0.73098
 0.64843
 0.6676800000000001
 0.68753
 0.6776799999999999
 0.6604
 0.6453
 0.62879
 0
 0
 0.63776
 0.53815
 0.65894
 0.56763
 0.5482900000000001
 0.58651
 0.61733
 0.63004
 0.63131
 0.6561399999999999
 0.62329
 0.57862
 0.61958
 0.6318
 0.61377
 0.58205
 0.54798
 0.57959
 0.58509
 0.57579
 0.60988
 0.61693
 0.6141799999999999
 0.61231
 0.6233300000000001
 0.60229
 0.6010799999999999
 0.60162
 0
 0
 0.66667
 0.25
 0.4
 0.83333
 0.85714
 0.75
 0.44444
 0.7
 0.90909
 0.83333
 0.76923
 0.44444
 0.4
 0.66667
 1
 1
 1
 1
 0
 1
 1
 1
 1
 1
 0
 1
 1
 1
 0
 0
 0.6926099999999999
 0.36112
 0.5249200000000001
 0.69024
 0.58135
 0.56068
 0.54075
 0.6067
 0.64189
 0.64406
 0.67738
 0.55688
 0.61583
 0.60878
 0.60859
 0.5992
 0.5828
 0.61569
 0.53308
 0.59138
 0.5939
 0.69172
 0.69907
 0.63707
 0.60521
 0.61403
 0.5829800000000001
 0.60275
 0
 0
 0.36788
 0.77864
 0.55676
 0.63385
 0.65123
 0.66948
 0.72332
 0.70318
 0.71765
 0.69384
 0.69196
 0.7002
 0.67854
 0.72402
 0.6813900000000001
 0.67516
 0.66007
 0.67341
 0.66498
 0.71817
 0.6974900000000001
 0.72514
 0.64877
 0.69003
 0.69697
 0.68864
 0.65312
 0.67921
 0
 0
 0.63703
 0.48384
 0.58738
 0.54144
 0.53204
 0.55062
 0.58485
 0.58357
 0.61521
 0.6266
 0.60517
 0.56928
 0.6085700000000001
 0.63728
 0.6146
 0.58741
 0.56113
 0.59145
 0.60963
 0.59709
 0.6146
 0.61779
 0.62947
 0.61433
 0.63069
 0.61151
 0.59518
 0.60703
 0
 0
 0.99983
 0.99999
 1
 1
 1
 1
 1
 0.99954
 1
 1
 0.99041
 0.97858
 0.97989
 0.97199
 0.9666
 0.9607599999999999
 0.96745
 0.96671
 0.96645
 0.96478
 0.9562
 0.95874
 0.96232
 0.95624
 0.95562
 0.9438299999999999
 0.95147
 0.94268
 0
 0
 0.6764
 0.35118
 0.51679
 0.57434
 0.49322
 0.5767
 0.5367
 0.57745
 0.61689
 0.7098100000000001
 0.60353
 0.56956
 0.66251
 0.60401
 0.58436
 0.59036
 0.56802
 0.5722699999999999
 0.61535
 0.63506
 0.59856
 0.60938
 0.60891
 0.6045700000000001
 0.6137899999999999
 0.59289
 0.59139
 0.59799
 0
 0
 0.36788
 0.78274
 0.57359
 0.63469
 0.63828
 0.66644
 0.72031
 0.69033
 0.7204199999999999
 0.66266
 0.69691
 0.64858
 0.67597
 0.68923
 0.68515
 0.65594
 0.75291
 0.67819
 0.67892
 0.6704
 0.68427
 0.69051
 0.7086
 0.6527500000000001
 0.65913
 0.65551
 0.66169
 0.6716299999999999
 0
 0
 0
 0
 0
 0
 0
 0
 0
 0
 0
 0
 0
 0
 0
 0
 0
 0
 0
 0
 0
 0
 0
 0
 0
 0
 0
 0
 0
 0
 0
 0
 0
 0
 0
 0
 0
 0
 0
 0
 0
 0
 0
 0
 0
 0
 0
 0
 0
 0
 0
 0
 0
 0
 0
 0
 0
 0
 0
 0
 0
 0
 0
 0
 0
 0
 0
 0
 0
 0
 0
 0
 0
 0
 0
 0
 0
 0
 0
 0
 0
 0
 0
 0
 0
 0
 0
 0
 0
 0
 0
 0
 0
 0
 0
 0
 0
 0
 0
 0
 0
 0
 0
 0
 0
 0
 0
 0
 0
 0
 0
 0
 0
 0
 0
 0
 0
 0
 0
 0
 0
 0
 0
 0
 0
 0
 0
 0
 0
 0
 0
 0
 0
 0
 0
 0
 0
 0
 0
 0
 0
 0
 0
 0
 0
 0
 0
 0
 0
 0
 0
 0
 0.99996
 1
 1
 1
 1
 1
 1
 0.99993
 1
 0.99998
 0.99485
 0.99207
 0.9834000000000001
 0.9750799999999999
 0.97175
 0.97063
 0.96412
 0.96406
 0.96515
 0.95641
 0.95601
 0.9626400000000001
 0.9557
 0.95021
 0.9557
 0.95216
 0.95485
 0.94779
 0
 0
 0
 0
 0
 0
 0
 0
 0
 0
 0
 0
 0
 0
 0
 0
 0
 0
 0
 0
 0
 0
 0
 0
 0
 0
 0
 0
 0
 0
 0
 0
 0
 0
 0
 0
 0
 0
 0
 0
 0
 0
 0
 0
 0
 0
 0
 0
 0
 0
 0
 0
 0
 0
 0
 0
 0
 0
 0
 0


