# Created by Octave 4.0.0, Sat Nov 21 16:31:24 2015 W. Europe Standard Time <unknown@Florian-PC>
# name: mus
# type: matrix
# ndims: 3
 1 30 19
 0
 0
 0.81287
 0.83946
 0.69791
 0.68677
 0.65358
 0.70134
 0.72097
 0.73193
 0.71143
 0.71296
 0.67705
 0.7284
 0.75527
 0.76858
 0.73908
 0.74032
 0.75439
 0.76102
 0.74436
 0.74551
 0.76547
 0.77721
 0.77362
 0.77132
 0.7773600000000001
 0.76616
 0.76703
 0.76923
 0
 0
 0.33333
 1
 0.8
 0.9
 0.7
 0.9
 0.7
 0.8
 0.93333
 0.93333
 1
 0.8666700000000001
 0.8
 0.75
 0.8833299999999999
 0.78333
 0.76667
 0.75
 0.77
 0.82
 0.74
 0.71
 0.76
 0.72667
 0.7466699999999999
 0.7466699999999999
 0.76
 0.76667
 0
 0
 0.6137
 0.85719
 0.83758
 0.83257
 0.89794
 0.83557
 0.82406
 0.769
 0.90777
 0.89378
 0.9286799999999999
 0.93465
 0.75291
 0.8539
 0.84243
 0.81414
 0.77291
 0.77315
 0.77721
 0.82379
 0.71562
 0.7745
 0.7675999999999999
 0.75463
 0.74048
 0.7676500000000001
 0.75713
 0.76512
 0
 0
 0.25302
 0.91279
 0.78309
 0.83796
 0.82687
 0.87834
 0.76275
 0.83465
 0.84857
 0.8893799999999999
 0.92676
 0.93608
 0.7979000000000001
 0.82009
 0.83553
 0.84596
 0.76435
 0.76742
 0.75549
 0.75954
 0.71208
 0.72958
 0.7498
 0.76241
 0.70777
 0.73586
 0.7413
 0.75379
 0
 0
 0.66667
 1
 0.8
 0.83333
 0.85714
 1
 0.66667
 0.7
 1
 1
 1
 1
 0.6
 1
 1
 1
 1
 0
 1
 1
 1
 1
 1
 1
 1
 1
 0
 1
 0
 0
 0.74631
 0.96549
 0.88946
 0.84605
 0.8684500000000001
 0.95394
 0.7292
 0.7841
 0.92654
 0.9496599999999999
 0.95936
 0.96316
 0.7548899999999999
 0.88801
 0.86231
 0.86033
 0.82842
 0.68097
 0.87888
 0.75486
 0.71497
 0.7063
 0.72341
 0.7430099999999999
 0.70843
 0.7307900000000001
 0.6273300000000001
 0.7894
 0
 0
 0.57859
 0.74841
 0.82835
 0.8283700000000001
 0.88985
 0.85789
 0.84367
 0.83672
 0.85842
 0.86137
 0.84512
 0.84965
 0.74554
 0.83191
 0.77313
 0.82367
 0.76962
 0.76952
 0.76422
 0.77311
 0.70052
 0.75698
 0.74778
 0.7446
 0.73145
 0.72826
 0.75301
 0.7684800000000001
 0
 0
 0.20071
 0.87273
 0.75492
 0.78179
 0.76716
 0.7724
 0.72549
 0.7713
 0.78069
 0.83478
 0.84839
 0.86729
 0.75053
 0.74446
 0.73626
 0.7746499999999999
 0.72183
 0.71347
 0.70173
 0.7243000000000001
 0.67501
 0.69308
 0.68898
 0.71061
 0.67837
 0.69538
 0.7156
 0.71873
 0
 0
 0.93409
 0.91421
 0.89314
 0.92454
 0.93513
 0.93929
 0.94873
 0.92077
 0.93912
 0.92886
 0.92936
 0.93898
 0.93248
 0.91512
 0.9122
 0.91168
 0.90521
 0.89074
 0.90566
 0.90761
 0.89886
 0.90317
 0.90489
 0.89762
 0.90956
 0.90824
 0.9013600000000001
 0.9041400000000001
 0
 0
 0.624
 0.9718
 0.91181
 0.84582
 0.8781099999999999
 0.91629
 0.77546
 0.81229
 0.87854
 0.91055
 0.94149
 0.95794
 0.86012
 0.88397
 0.85406
 0.8281500000000001
 0.77719
 0.79877
 0.7867
 0.77435
 0.68498
 0.72959
 0.73362
 0.72947
 0.71738
 0.7315
 0.72793
 0.75828
 0
 0
 0.57859
 0.80378
 0.75196
 0.87761
 0.89193
 0.84438
 0.85473
 0.84121
 0.79728
 0.89988
 0.81368
 0.81767
 0.73981
 0.8058999999999999
 0.77581
 0.79925
 0.81813
 0.745
 0.75901
 0.81641
 0.7161999999999999
 0.7469
 0.74225
 0.73949
 0.72162
 0.41238
 0.64788
 0.7582
 0
 0
 0
 0
 0
 0
 0
 0
 0
 0
 0
 0
 0
 0
 0
 0
 0
 0
 0
 0
 0
 0
 0
 0
 0
 0
 0
 0
 0
 0
 0
 0
 0
 0
 0
 0
 0
 0
 0
 0
 0
 0
 0
 0
 0
 0
 0
 0
 0
 0
 0
 0
 0
 0
 0
 0
 0
 0
 0
 0
 0
 0
 0
 0
 0
 0
 0
 0
 0
 0
 0
 0
 0
 0
 0
 0
 0
 0
 0
 0
 0
 0
 0
 0
 0
 0
 0
 0
 0
 0
 0
 0
 0
 0
 0
 0
 0
 0
 0
 0
 0
 0
 0
 0
 0
 0
 0
 0
 0
 0
 0
 0
 0
 0
 0
 0
 0
 0
 0
 0
 0
 0
 0
 0
 0
 0
 0
 0
 0
 0
 0
 0
 0
 0
 0
 0
 0
 0
 0
 0
 0
 0
 0
 0
 0
 0
 0
 0
 0
 0
 0
 0
 0.94633
 0.91187
 0.9390500000000001
 0.91286
 0.92913
 0.91471
 0.9292899999999999
 0.90952
 0.92504
 0.91883
 0.93658
 0.91186
 0.91526
 0.91065
 0.90296
 0.91859
 0.90764
 0.89652
 0.90179
 0.90376
 0.90656
 0.91542
 0.90617
 0.905
 0.9090200000000001
 0.9091900000000001
 0.9032
 0.90424
 0
 0
 0
 0
 0
 0
 0
 0
 0
 0
 0
 0
 0
 0
 0
 0
 0
 0
 0
 0
 0
 0
 0
 0
 0
 0
 0
 0
 0
 0
 0
 0
 0
 0
 0
 0
 0
 0
 0
 0
 0
 0
 0
 0
 0
 0
 0
 0
 0
 0
 0
 0
 0
 0
 0
 0
 0
 0
 0
 0


