# Created by Octave 4.0.0, Sat Nov 21 16:31:25 2015 W. Europe Standard Time <unknown@Florian-PC>
# name: mus
# type: matrix
# ndims: 3
 1 30 19
 0
 0
 0.89724
 0.79348
 0.80921
 0.8391999999999999
 0.7853
 0.80369
 0.78864
 0.78571
 0.83736
 0.83249
 0.85284
 0.84874
 0.83038
 0.84375
 0.86328
 0.89394
 0.90643
 0.89661
 0.90977
 0.9023600000000001
 0.90238
 0.90646
 0.91149
 0.90886
 0.90909
 0.90717
 0.9081
 0.89402
 0
 0
 0.33333
 0.75
 0.8
 0.7
 0.9
 0.8
 0.9
 0.9
 0.66667
 0.83333
 0.73333
 0.7
 0.8
 0.8
 0.66667
 0.65
 0.7
 0.7
 0.76
 0.77
 0.83
 0.83
 0.84
 0.84
 0.82
 0.88667
 0.86
 0.8
 0
 0
 0.69226
 0.83052
 0.69596
 0.68389
 0.75332
 0.78124
 0.7976
 0.79452
 0.77716
 0.77817
 0.7432800000000001
 0.78905
 0.82106
 0.81465
 0.76133
 0.78245
 0.77158
 0.78735
 0.81234
 0.80158
 0.8265
 0.82659
 0.85844
 0.82968
 0.87461
 0.8698399999999999
 0.8663999999999999
 0.85514
 0
 0
 0.2778
 0.8839399999999999
 0.85084
 0.81598
 0.85088
 0.88054
 0.9317800000000001
 0.93547
 0.86508
 0.89017
 0.79512
 0.8239
 0.85538
 0.87233
 0.8311500000000001
 0.82092
 0.77451
 0.78378
 0.7828000000000001
 0.80208
 0.81184
 0.82766
 0.85361
 0.84873
 0.84131
 0.85585
 0.88001
 0.82461
 0
 0
 0.33333
 0.75
 1
 0.5
 0.85714
 0.875
 0.88889
 0.9
 0.72727
 0.83333
 0.84615
 0.88889
 1
 1
 0.5
 1
 0
 1
 0
 1
 1
 1
 1
 1
 1
 1
 1
 1
 0
 0
 0.41668
 1
 1.15
 0.63334
 0.85238
 0.89107
 0.93552
 0.97976
 0.74205
 0.85934
 0.83269
 0.89254
 0.9964
 0.98656
 0.6815099999999999
 0.98882
 0.58557
 0.9840100000000001
 0.56006
 1.01043
 0.96296
 0.83929
 1.04376
 1.06084
 0.97776
 0.75
 1
 1.02481
 0
 0
 0.78929
 0.83502
 0.84878
 0.86968
 0.70116
 0.7667
 0.75867
 0.80303
 0.83318
 0.86053
 0.8055
 0.78971
 0.75891
 0.80799
 0.79408
 0.80767
 0.78711
 0.8080000000000001
 0.91356
 0.83021
 0.87401
 0.83562
 0.88773
 0.87005
 0.88571
 0.87952
 0.89239
 0.88773
 0
 0
 0.2778
 0.85199
 0.81547
 0.87205
 0.81882
 0.85699
 0.87817
 0.8855
 0.84544
 0.85929
 0.7969000000000001
 0.8297600000000001
 0.86821
 0.86999
 0.81173
 0.82687
 0.78964
 0.80311
 0.8217100000000001
 0.83372
 0.83423
 0.8382500000000001
 0.86951
 0.87681
 0.85634
 0.84693
 0.86758
 0.82665
 0
 0
 1
 1
 1
 1
 1
 1
 1
 1
 1
 1
 1
 1
 1
 1
 1
 1
 1
 1
 1
 1
 1
 1
 1
 1
 1
 1
 1
 1
 0
 0
 0.41668
 1.02451
 1.05846
 0.82729
 0.75601
 0.69956
 0.72654
 1.05305
 0.77179
 0.8236599999999999
 0.71914
 0.75139
 0.86704
 0.8025600000000001
 0.7395699999999999
 0.91755
 0.89334
 0.8686700000000001
 0.77293
 0.903
 0.747
 0.99142
 0.9015300000000001
 0.9895699999999999
 0.86944
 0.98321
 1
 0.87115
 0
 0
 0.78929
 0.80745
 0.95342
 0.89566
 0.70688
 0.91078
 0.74776
 0.82373
 0.74057
 0.90319
 0.84283
 0.9069199999999999
 0.77064
 0.78212
 0.80052
 1.01151
 0.84136
 0.83658
 0.89897
 0.86787
 0.92819
 0.94339
 0.8416
 0.88541
 0.86904
 1.0073
 0.85541
 0.8864300000000001
 0
 0
 0
 0
 0
 0
 0
 0
 0
 0
 0
 0
 0
 0
 0
 0
 0
 0
 0
 0
 0
 0
 0
 0
 0
 0
 0
 0
 0
 0
 0
 0
 0
 0
 0
 0
 0
 0
 0
 0
 0
 0
 0
 0
 0
 0
 0
 0
 0
 0
 0
 0
 0
 0
 0
 0
 0
 0
 0
 0
 0
 0
 0
 0
 0
 0
 0
 0
 0
 0
 0
 0
 0
 0
 0
 0
 0
 0
 0
 0
 0
 0
 0
 0
 0
 0
 0
 0
 0
 0
 0
 0
 0
 0
 0
 0
 0
 0
 0
 0
 0
 0
 0
 0
 0
 0
 0
 0
 0
 0
 0
 0
 0
 0
 0
 0
 0
 0
 0
 0
 0
 0
 0
 0
 0
 0
 0
 0
 0
 0
 0
 0
 0
 0
 0
 0
 0
 0
 0
 0
 0
 0
 0
 0
 0
 0
 0
 0
 0
 0
 0
 0
 1
 1
 1
 1
 1
 1
 1
 1
 1
 1
 1
 1
 1
 1
 1
 1
 1
 1
 1
 1
 1
 1
 1
 1
 1
 1
 1
 1
 0
 0
 0
 0
 0
 0
 0
 0
 0
 0
 0
 0
 0
 0
 0
 0
 0
 0
 0
 0
 0
 0
 0
 0
 0
 0
 0
 0
 0
 0
 0
 0
 0
 0
 0
 0
 0
 0
 0
 0
 0
 0
 0
 0
 0
 0
 0
 0
 0
 0
 0
 0
 0
 0
 0
 0
 0
 0
 0
 0


# name: vars
# type: matrix
# ndims: 3
 1 30 19
 0
 0
 0.029895
 0.038791
 0.036049
 0.022833
 0.028181
 0.019057
 0.018119
 0.018523
 0.012102
 0.012542
 0.006977
 0.008918000000000001
 0.009776999999999999
 0.006555
 0.006807
 0.005197
 0.003167
 0.003954
 0.004834
 0.003774
 0.004223
 0.00286
 0.003474
 0.003771
 0.002964
 0.003223
 0.001741
 0.002741
 0
 0
 0.33333
 0.25
 0.2
 0.2
 0.05
 0.2
 0.05
 0.05
 0.09722
 0.05556
 0.07778
 0.03333
 0.03333
 0.08889
 0.04167
 0.03264
 0.04375
 0.04375
 0.03175
 0.02075
 0.0095
 0.0095
 0.028
 0.028
 0.01422
 0.01089
 0.00633
 0.00556
 0
 0
 0
 0
 0
 0
 0
 0
 0
 0
 0
 0
 0
 0
 0
 0
 0
 0
 0
 0
 0
 0
 0
 0
 0
 0
 0
 0
 0
 0
 0
 0
 0.085068
 0.04796
 0.058001
 0.057722
 0.039148
 0.025851
 0.019226
 0.013703
 0.031755
 0.025927
 0.037523
 0.037055
 0.029908
 0.022562
 0.031438
 0.031755
 0.034205
 0.037875
 0.034312
 0.030536
 0.029218
 0.032434
 0.026149
 0.02349
 0.024535
 0.023209
 0.020091
 0.025333
 0
 0
 0
 0
 0
 0
 0
 0
 0
 0
 0
 0
 0
 0
 0
 0
 0
 0
 0
 0
 0
 0
 0
 0
 0
 0
 0
 0
 0
 0
 0
 0
 0
 0
 0
 0
 0
 0
 0
 0
 0
 0
 0
 0
 0
 0
 0
 0
 0
 0
 0
 0
 0
 0
 0
 0
 0
 0
 0
 0
 0
 0
 0
 0
 0
 0
 0
 0
 0
 0
 0
 0
 0
 0
 0
 0
 0
 0
 0
 0
 0
 0
 0
 0
 0
 0
 0
 0
 0
 0
 0
 0
 0.085068
 0.031058
 0.027961
 0.029515
 0.027631
 0.021268
 0.024737
 0.023384
 0.018882
 0.024744
 0.028511
 0.023296
 0.021188
 0.022461
 0.032232
 0.029999
 0.031571
 0.030449
 0.02783
 0.027485
 0.026349
 0.022831
 0.021032
 0.019595
 0.024833
 0.025295
 0.025564
 0.031536
 0
 0
 0
 0
 0
 0
 0
 0
 0
 0
 0
 0
 0
 0
 0
 0
 0
 0
 0
 0
 0
 0
 0
 0
 0
 0
 0
 0
 0
 0
 0
 0
 0
 0
 0
 0
 0
 0
 0
 0
 0
 0
 0
 0
 0
 0
 0
 0
 0
 0
 0
 0
 0
 0
 0
 0
 0
 0
 0
 0
 0
 0
 0
 0
 0
 0
 0
 0
 0
 0
 0
 0
 0
 0
 0
 0
 0
 0
 0
 0
 0
 0
 0
 0
 0
 0
 0
 0
 0
 0
 0
 0
 0
 0
 0
 0
 0
 0
 0
 0
 0
 0
 0
 0
 0
 0
 0
 0
 0
 0
 0
 0
 0
 0
 0
 0
 0
 0
 0
 0
 0
 0
 0
 0
 0
 0
 0
 0
 0
 0
 0
 0
 0
 0
 0
 0
 0
 0
 0
 0
 0
 0
 0
 0
 0
 0
 0
 0
 0
 0
 0
 0
 0
 0
 0
 0
 0
 0
 0
 0
 0
 0
 0
 0
 0
 0
 0
 0
 0
 0
 0
 0
 0
 0
 0
 0
 0
 0
 0
 0
 0
 0
 0
 0
 0
 0
 0
 0
 0
 0
 0
 0
 0
 0
 0
 0
 0
 0
 0
 0
 0
 0
 0
 0
 0
 0
 0
 0
 0
 0
 0
 0
 0
 0
 0
 0
 0
 0
 0
 0
 0
 0
 0
 0
 0
 0
 0
 0
 0
 0
 0
 0
 0
 0
 0
 0
 0
 0
 0
 0
 0
 0
 0
 0
 0
 0
 0
 0
 0
 0
 0
 0
 0
 0
 0
 0
 0
 0
 0
 0
 0
 0
 0
 0
 0
 0
 0
 0
 0
 0
 0
 0
 0
 0
 0
 0
 0
 0
 0
 0
 0
 0
 0
 0
 0
 0
 0
 0
 0
 0
 0
 0
 0
 0
 0
 0
 0
 0
 0
 0
 0
 0
 0
 0
 0
 0
 0
 0
 0
 0
 0
 0
 0
 0
 0
 0
 0
 0
 0
 0
 0
 0
 0
 0
 0
 0
 0
 0
 0
 0


