# Created by Octave 4.0.0, Sat Nov 21 16:30:52 2015 W. Europe Standard Time <unknown@Florian-PC>
# name: mus
# type: matrix
# ndims: 3
 1 30 19
 0
 0
 0.59432
 0.59187
 0.71755
 0.72464
 0.7309600000000001
 0.68025
 0.69626
 0.59721
 0.5888
 0.59787
 0.5956900000000001
 0.61105
 0.65378
 0.65513
 0.67148
 0.66498
 0.69517
 0.68876
 0.7174199999999999
 0.73201
 0.7075399999999999
 0.69764
 0.71549
 0.7055
 0.70623
 0.71456
 0.7158
 0.71243
 0
 0
 0.66667
 0.75
 1
 0.9
 0.9
 0.7
 0.6
 0.4
 0.6333299999999999
 0.5
 0.56667
 0.36667
 0.6
 0.5
 0.46667
 0.33333
 0.4
 0.45
 0.47
 0.45
 0.57
 0.49
 0.5600000000000001
 0.58
 0.5600000000000001
 0.56667
 0.58
 0.56667
 0
 0
 0.6754
 0.87505
 0.80947
 0.89342
 0.8172
 0.78487
 0.71119
 0.58369
 0.60972
 0.64871
 0.5619499999999999
 0.69049
 0.65198
 0.5654400000000001
 0.5837
 0.5704900000000001
 0.6029
 0.51394
 0.53838
 0.53969
 0.58028
 0.58769
 0.63418
 0.56108
 0.58136
 0.48672
 0.6422
 0.62649
 0
 0
 0.6046
 0.69604
 0.91952
 0.9414
 0.83929
 0.70481
 0.61786
 0.49079
 0.61887
 0.56188
 0.57664
 0.56021
 0.53355
 0.53415
 0.49825
 0.50682
 0.53291
 0.47489
 0.42959
 0.47644
 0.48367
 0.50978
 0.5304
 0.52302
 0.5565600000000001
 0.55281
 0.5675
 0.56024
 0
 0
 0.33333
 0.75
 1
 1
 1
 0.75
 0.66667
 0.5
 0.54545
 0.5
 0.76923
 0.11111
 0.2
 0.66667
 0.5
 1
 1
 0
 0
 0
 1
 1
 1
 0
 0
 0
 0
 0
 0
 0
 0.29512
 0.7997
 0.9942
 0.9636400000000001
 0.95826
 0.79448
 0.66191
 0.52726
 0.59398
 0.57779
 0.6528
 0.46422
 0.47913
 0.57298
 0.47355
 0.5991300000000001
 0.59439
 0.3774
 0.40513
 0.38675
 0.4811
 0.5541199999999999
 0.53302
 0.39321
 0.56658
 0.57395
 0.51859
 0.61544
 0
 0
 0.57859
 0.7261
 0.78698
 0.86325
 0.89175
 0.73239
 0.73531
 0.61912
 0.69159
 0.72494
 0.65651
 0.69102
 0.67071
 0.66162
 0.66253
 0.64864
 0.70138
 0.63517
 0.64825
 0.65876
 0.63083
 0.68128
 0.64673
 0.6613
 0.68244
 0.65052
 0.6773400000000001
 0.70172
 0
 0
 0.58914
 0.71436
 0.85522
 0.8986
 0.82257
 0.67905
 0.64466
 0.52428
 0.61026
 0.57614
 0.5640500000000001
 0.56388
 0.54667
 0.5467
 0.52679
 0.54918
 0.55182
 0.50941
 0.48762
 0.51692
 0.52094
 0.53062
 0.53659
 0.55659
 0.57059
 0.5667
 0.58503
 0.57792
 0
 0
 0.97329
 0.90054
 0.92199
 0.93542
 0.92861
 0.92222
 0.92784
 0.91269
 0.92909
 0.93255
 0.92949
 0.93627
 0.92226
 0.91489
 0.90729
 0.89424
 0.9152
 0.90808
 0.90401
 0.90474
 0.90569
 0.90163
 0.90159
 0.90717
 0.90133
 0.9105799999999999
 0.90563
 0.90156
 0
 0
 0.2912
 0.77027
 0.99681
 0.94755
 0.83038
 0.77245
 0.67904
 0.5319199999999999
 0.58935
 0.59599
 0.58262
 0.65218
 0.53456
 0.57021
 0.50557
 0.57535
 0.58432
 0.47873
 0.43328
 0.47346
 0.27463
 0.49988
 0.56179
 0.51266
 0.59762
 0.57169
 0.574
 0.76117
 0
 0
 0.57859
 0.73405
 0.72718
 0.84005
 0.89515
 0.73563
 0.77702
 0.64067
 0.66914
 0.46921
 0.66695
 0.70151
 0.64551
 0.61752
 0.64874
 0.66621
 0.71088
 0.6456499999999999
 0.62579
 0.64274
 0.61826
 0.75727
 0.68338
 0.5912500000000001
 0.69245
 0.6189
 0.65746
 0.65027
 0
 0
 0
 0
 0
 0
 0
 0
 0
 0
 0
 0
 0
 0
 0
 0
 0
 0
 0
 0
 0
 0
 0
 0
 0
 0
 0
 0
 0
 0
 0
 0
 0
 0
 0
 0
 0
 0
 0
 0
 0
 0
 0
 0
 0
 0
 0
 0
 0
 0
 0
 0
 0
 0
 0
 0
 0
 0
 0
 0
 0
 0
 0
 0
 0
 0
 0
 0
 0
 0
 0
 0
 0
 0
 0
 0
 0
 0
 0
 0
 0
 0
 0
 0
 0
 0
 0
 0
 0
 0
 0
 0
 0
 0
 0
 0
 0
 0
 0
 0
 0
 0
 0
 0
 0
 0
 0
 0
 0
 0
 0
 0
 0
 0
 0
 0
 0
 0
 0
 0
 0
 0
 0
 0
 0
 0
 0
 0
 0
 0
 0
 0
 0
 0
 0
 0
 0
 0
 0
 0
 0
 0
 0
 0
 0
 0
 0
 0
 0
 0
 0
 0
 0.94534
 0.92979
 0.94045
 0.93634
 0.89751
 0.91252
 0.9315
 0.93906
 0.92072
 0.92581
 0.93263
 0.92939
 0.92669
 0.91861
 0.91462
 0.90625
 0.90295
 0.9033600000000001
 0.9095800000000001
 0.90669
 0.91321
 0.90732
 0.89502
 0.90226
 0.9019200000000001
 0.90147
 0.89904
 0.89917
 0
 0
 0
 0
 0
 0
 0
 0
 0
 0
 0
 0
 0
 0
 0
 0
 0
 0
 0
 0
 0
 0
 0
 0
 0
 0
 0
 0
 0
 0
 0
 0
 0
 0
 0
 0
 0
 0
 0
 0
 0
 0
 0
 0
 0
 0
 0
 0
 0
 0
 0
 0
 0
 0
 0
 0
 0
 0
 0
 0


