# Created by Octave 4.0.0, Sat Nov 21 16:30:31 2015 W. Europe Standard Time <unknown@Florian-PC>
# name: mus
# type: matrix
# ndims: 3
 1 30 19
 0
 0
 0.7084
 0.66203
 0.6663
 0.66555
 0.6581399999999999
 0.6668500000000001
 0.64042
 0.6324
 0.52251
 0.52349
 0.53382
 0.5295800000000001
 0.5299700000000001
 0.53962
 0.54387
 0.5555600000000001
 0.58635
 0.58427
 0.61311
 0.6035
 0.60154
 0.59065
 0.58535
 0.56726
 0.57043
 0.57422
 0.57258
 0.59379
 0
 0
 0.33333
 0
 0.6
 0.4
 0.2
 0.5
 0.4
 0.4
 0.5
 0.43333
 0.56667
 0.66667
 0.66667
 0.6
 0.6
 0.6166700000000001
 0.58333
 0.65
 0.72
 0.72
 0.75
 0.66
 0.64
 0.61333
 0.6333299999999999
 0.64
 0.66
 0.7
 0
 0
 0.55427
 -38.69719
 0.66627
 -0.17277
 0.38115
 0.42607
 0.43
 0.58755
 0.36806
 0.49565
 0.54726
 0.62344
 0.66251
 0.6699000000000001
 0.67888
 0.7091499999999999
 0.65476
 0.67183
 0.75468
 0.81623
 0.7952
 0.7588
 0.7807500000000001
 0.78089
 0.77621
 0.72097
 0.7532799999999999
 0.74466
 0
 0
 0.41477
 0.17333
 0.47852
 0.40931
 0.31197
 0.43183
 0.41783
 0.50291
 0.4175
 0.48537
 0.54871
 0.58691
 0.6283
 0.63292
 0.65583
 0.63214
 0.65138
 0.6715
 0.69418
 0.67824
 0.69629
 0.71194
 0.72182
 0.69826
 0.70565
 0.68388
 0.69186
 0.67471
 0
 0
 0.66667
 0
 0.6
 0.33333
 0
 0.5
 0.22222
 0.7
 0.36364
 0.33333
 0.61538
 0.33333
 0.6
 1
 0
 1
 1
 0
 1
 0
 1
 1
 1
 1
 1
 1
 0
 1
 0
 0
 0.75206
 0.16667
 0.59665
 0.36245
 0.27618
 0.42469
 0.40793
 0.5228
 0.38955
 0.46419
 0.54328
 0.56147
 0.61853
 0.65715
 0.60204
 0.6637
 0.70302
 0.6139
 0.68428
 0.62386
 0.74272
 0.6968299999999999
 0.7432299999999999
 0.70302
 0.72662
 0.68028
 0.64807
 0.6682
 0
 0
 0.36788
 0.7428
 0.67657
 0.53794
 0.5718299999999999
 0.56177
 0.58274
 0.6782
 0.58506
 0.59296
 0.67588
 0.68985
 0.66787
 0.67606
 0.74495
 0.66614
 0.71219
 0.75409
 0.78284
 0.76311
 0.77625
 0.7916299999999999
 0.77076
 0.75628
 0.71658
 0.72353
 0.75787
 0.77138
 0
 0
 0.41337
 0.17676
 0.40161
 0.40623
 0.3065
 0.38841
 0.4043
 0.49829
 0.39863
 0.50005
 0.55439
 0.5953000000000001
 0.6271600000000001
 0.64337
 0.66638
 0.63285
 0.6426500000000001
 0.6732900000000001
 0.68613
 0.67427
 0.69525
 0.7226900000000001
 0.72549
 0.70851
 0.71935
 0.68305
 0.70433
 0.67876
 0
 0
 0.99982
 1
 1
 1
 1
 1
 1
 1
 1
 0.9987
 0.99356
 0.99148
 0.98047
 0.97763
 0.97118
 0.96619
 0.97141
 0.96099
 0.96151
 0.96166
 0.96563
 0.95021
 0.95622
 0.9516
 0.9540999999999999
 0.96092
 0.94337
 0.95864
 0
 0
 0.79376
 0.16667
 0.45
 0.36365
 0.27225
 0.4154
 0.39959
 0.48616
 0.39039
 0.47316
 0.5715
 0.57777
 0.6437
 0.62258
 0.6370400000000001
 0.67054
 0.63469
 0.6501400000000001
 0.66194
 0.66269
 0.6984900000000001
 0.6970499999999999
 0.7179
 0.69755
 0.72979
 0.68255
 0.70557
 0.67453
 0
 0
 0.36788
 0.69502
 0.67075
 0.5309199999999999
 0.57612
 0.56069
 0.58188
 0.6749000000000001
 0.57154
 0.59663
 0.66533
 0.69203
 0.69051
 0.72825
 0.70729
 0.66174
 0.73707
 0.71923
 0.7798
 0.71867
 0.74465
 0.77793
 0.7564
 0.75596
 0.76557
 0.71357
 0.73892
 0.76124
 0
 0
 0
 0
 0
 0
 0
 0
 0
 0
 0
 0
 0
 0
 0
 0
 0
 0
 0
 0
 0
 0
 0
 0
 0
 0
 0
 0
 0
 0
 0
 0
 0
 0
 0
 0
 0
 0
 0
 0
 0
 0
 0
 0
 0
 0
 0
 0
 0
 0
 0
 0
 0
 0
 0
 0
 0
 0
 0
 0
 0
 0
 0
 0
 0
 0
 0
 0
 0
 0
 0
 0
 0
 0
 0
 0
 0
 0
 0
 0
 0
 0
 0
 0
 0
 0
 0
 0
 0
 0
 0
 0
 0
 0
 0
 0
 0
 0
 0
 0
 0
 0
 0
 0
 0
 0
 0
 0
 0
 0
 0
 0
 0
 0
 0
 0
 0
 0
 0
 0
 0
 0
 0
 0
 0
 0
 0
 0
 0
 0
 0
 0
 0
 0
 0
 0
 0
 0
 0
 0
 0
 0
 0
 0
 0
 0
 0
 0
 0
 0
 0
 0
 0.99999
 1
 1
 1
 1
 1
 1
 1
 0.99381
 1
 0.98932
 0.98054
 0.98803
 0.97235
 0.96853
 0.97331
 0.97387
 0.9607599999999999
 0.9655899999999999
 0.9531500000000001
 0.95935
 0.9546
 0.957
 0.9623
 0.95059
 0.95924
 0.95091
 0.95513
 0
 0
 0
 0
 0
 0
 0
 0
 0
 0
 0
 0
 0
 0
 0
 0
 0
 0
 0
 0
 0
 0
 0
 0
 0
 0
 0
 0
 0
 0
 0
 0
 0
 0
 0
 0
 0
 0
 0
 0
 0
 0
 0
 0
 0
 0
 0
 0
 0
 0
 0
 0
 0
 0
 0
 0
 0
 0
 0
 0


