# Created by Octave 4.0.0, Sat Nov 21 16:30:30 2015 W. Europe Standard Time <unknown@Florian-PC>
# name: mus
# type: matrix
# ndims: 3
 1 30 19
 0
 0
 0.50083
 0.50056
 0.51811
 0.51394
 0.52752
 0.50112
 0.50195
 0.50056
 0.50123
 0.50168
 0.51663
 0.60756
 0.6134500000000001
 0.61719
 0.54129
 0.57015
 0.64218
 0.62753
 0.64022
 0.64079
 0.62616
 0.6205000000000001
 0.62873
 0.62783
 0.62598
 0.61607
 0.64071
 0.6677999999999999
 0
 0
 1
 1
 0
 0.4
 0.4
 0.7
 0.6
 0.8
 0.93333
 0.93333
 0.76667
 0.73333
 0.6
 0.73333
 0.65
 0.8
 0.51667
 0.55
 0.61
 0.64
 0.75
 0.63
 0.64
 0.60667
 0.6333299999999999
 0.61333
 0.50667
 0.56667
 0
 0
 1
 1
 0.40405
 0.5592
 0.6408700000000001
 0.73909
 0.74673
 0.80244
 0.85246
 0.86556
 0.79022
 0.74083
 0.74597
 0.75849
 0.69193
 0.34771
 0.6430900000000001
 0.63909
 0.64167
 0.68304
 0.69148
 0.67685
 0.69091
 0.70427
 0.70389
 0.66945
 0.63706
 0.63595
 0
 0
 1
 1
 0.3417
 0.49667
 0.59687
 0.68737
 0.72588
 0.7651
 0.83636
 0.85039
 0.74549
 0.68975
 0.68842
 0.71675
 0.66082
 0.62157
 0.62276
 0.61727
 0.64246
 0.6625
 0.64117
 0.66298
 0.67971
 0.6610200000000001
 0.6815600000000001
 0.63213
 0.6221
 0.62668
 0
 0
 1
 1
 0
 0.5
 0
 0.75
 0.77778
 0.7
 0.90909
 1
 0.69231
 0.77778
 0.8
 0.33333
 1
 1
 0
 1
 1
 1
 0
 1
 0
 0
 1
 1
 1
 1
 0
 0
 1
 1
 0.34998
 0.55394
 0.52686
 0.65088
 0.72178
 0.74396
 0.85497
 0.85943
 0.77662
 0.67697
 0.70546
 0.67155
 0.6781700000000001
 0.64522
 0.59296
 0.66167
 0.6513600000000001
 0.64301
 0.59694
 0.7055
 0.65151
 0.61815
 0.65304
 0.73337
 0.63922
 0.61608
 0
 0
 1
 1
 0.5664
 0.65118
 0.78488
 0.80196
 0.85223
 0.86156
 0.8335399999999999
 0.86552
 0.80171
 0.78632
 0.74986
 0.8384200000000001
 0.74801
 0.69873
 0.73289
 0.72237
 0.71227
 0.76291
 0.73168
 0.7388
 0.78229
 0.74866
 0.72524
 0.70059
 0.74805
 0.72939
 0
 0
 1
 1
 0.35176
 0.47367
 0.61058
 0.6749000000000001
 0.69831
 0.73548
 0.8149
 0.82708
 0.73339
 0.67824
 0.6908
 0.72183
 0.67698
 0.64218
 0.6408
 0.63252
 0.65544
 0.67237
 0.65299
 0.6707
 0.68226
 0.67164
 0.68659
 0.63092
 0.61748
 0.61056
 0
 0
 0.99977
 1
 1
 1
 1
 1
 1
 1
 1
 0.99786
 0.99405
 0.9841299999999999
 0.9799600000000001
 0.9699
 0.96622
 0.96516
 0.96596
 0.96014
 0.95763
 0.95343
 0.95536
 0.9676900000000001
 0.95584
 0.95831
 0.95736
 0.95331
 0.9391
 0.95006
 0
 0
 1
 1
 0.33526
 0.54762
 0.49903
 0.62801
 0.67792
 0.73272
 0.7905799999999999
 0.81242
 0.72679
 0.66648
 0.66517
 0.69608
 0.65567
 0.66109
 0.63057
 0.64107
 0.65517
 0.6672
 0.64567
 0.66555
 0.67577
 0.66842
 0.68413
 0.62722
 0.6073
 0.60727
 0
 0
 1
 1
 0.59002
 0.66694
 0.81138
 0.80959
 0.86737
 0.86414
 0.81432
 0.86521
 0.79036
 0.7337900000000001
 0.73001
 0.74468
 0.72131
 0.70801
 0.72188
 0.71016
 0.72982
 0.7507
 0.73577
 0.7473
 0.7603
 0.75037
 0.76753
 0.72201
 0.70419
 0.6885599999999999
 0
 0
 0
 0
 0
 0
 0
 0
 0
 0
 0
 0
 0
 0
 0
 0
 0
 0
 0
 0
 0
 0
 0
 0
 0
 0
 0
 0
 0
 0
 0
 0
 0
 0
 0
 0
 0
 0
 0
 0
 0
 0
 0
 0
 0
 0
 0
 0
 0
 0
 0
 0
 0
 0
 0
 0
 0
 0
 0
 0
 0
 0
 0
 0
 0
 0
 0
 0
 0
 0
 0
 0
 0
 0
 0
 0
 0
 0
 0
 0
 0
 0
 0
 0
 0
 0
 0
 0
 0
 0
 0
 0
 0
 0
 0
 0
 0
 0
 0
 0
 0
 0
 0
 0
 0
 0
 0
 0
 0
 0
 0
 0
 0
 0
 0
 0
 0
 0
 0
 0
 0
 0
 0
 0
 0
 0
 0
 0
 0
 0
 0
 0
 0
 0
 0
 0
 0
 0
 0
 0
 0
 0
 0
 0
 0
 0
 0
 0
 0
 0
 0
 0
 0.99999
 1
 1
 1
 1
 1
 1
 1
 0.99996
 0.99955
 0.99268
 0.98778
 0.97748
 0.97038
 0.96552
 0.97095
 0.96818
 0.9666
 0.96877
 0.95667
 0.96122
 0.95824
 0.95933
 0.94985
 0.95739
 0.94234
 0.94315
 0.94901
 0
 0
 0
 0
 0
 0
 0
 0
 0
 0
 0
 0
 0
 0
 0
 0
 0
 0
 0
 0
 0
 0
 0
 0
 0
 0
 0
 0
 0
 0
 0
 0
 0
 0
 0
 0
 0
 0
 0
 0
 0
 0
 0
 0
 0
 0
 0
 0
 0
 0
 0
 0
 0
 0
 0
 0
 0
 0
 0
 0


# name: vars
# type: matrix
# ndims: 3
 1 30 19
 0
 0
 0.086538
 0.064592
 0.0459
 0.035133
 0.030829
 0.030548
 0.028787
 0.024887
 0.02087
 0.019001
 0.022312
 0.01574
 0.013528
 0.011129
 0.013879
 0.014335
 0.015154
 0.010171
 0.008898
 0.009162999999999999
 0.008376
 0.008969
 0.007826
 0.010519
 0.00569
 0.00741
 0.013666
 0.004826
 0
 0
 0
 0
 0
 0.3
 0.175
 0.2
 0.3
 0.075
 0.02222
 0.02222
 0.05
 0.07778
 0.18889
 0.07778
 0.008330000000000001
 0.04375
 0.05347
 0.04375
 0.023
 0.03175
 0.0275
 0.0245
 0.028
 0.02356
 0.01222
 0.04367
 0.03633
 0.09167
 0
 0
 0
 0
 0
 0
 0
 0
 0
 0
 0
 0
 0
 0
 0
 0
 0
 0
 0
 0
 0
 0
 0
 0
 0
 0
 0
 0
 0
 0
 0
 0
 0
 0
 0.019483
 0.01779
 0.009364000000000001
 0.013005
 0.00838
 0.00674
 0.003986
 0.0034
 0.005091
 0.005168
 0.004713
 0.004623
 0.004493
 0.003723
 0.003493
 0.002756
 0.002604
 0.002259
 0.001828
 0.001979
 0.001619
 0.001434
 0.001418
 0.001281
 0.001273
 0.001221
 0
 0
 2.2646e-008
 1.6435e-033
 4.2108e-014
 2.953e-025
 5.1358e-034
 1.2717e-032
 1.0672e-029
 4.4595e-030
 1.0681e-028
 4.6679e-028
 2.3249e-013
 5.5455e-005
 2.0768e-005
 3.2349e-005
 3.8687e-009
 2.0134e-005
 0.00012644
 8.2527e-005
 0.000135
 9.7786e-005
 2.926e-009
 1.2068e-008
 9.8798e-007
 1.7093e-012
 3.8477e-007
 1.4e-010
 1.0481e-012
 0.00039814
 0
 0
 0
 0
 0
 0
 0
 0
 0
 0
 0
 0
 0
 0
 0
 0
 0
 0
 0
 0
 0
 0
 0
 0
 0
 0
 0
 0
 0
 0
 0
 0
 0
 0
 0
 0
 0
 0
 0
 0
 0
 0
 0
 0
 0
 0
 0
 0
 0
 0
 0
 0
 0
 0
 0
 0
 0
 0
 0
 0
 0
 0
 0
 0
 0.034277
 0.014269
 0.008529
 0.010816
 0.008142999999999999
 0.011941
 0.005527
 0.005878
 0.008574
 0.007457
 0.008758999999999999
 0.006683
 0.008456999999999999
 0.005425
 0.006477
 0.005812
 0.005525
 0.005417
 0.003197
 0.003619
 0.004433
 0.003559
 0.002442
 0.004778
 0.003405
 0.003037
 0
 0
 0
 0
 0
 0
 0
 0
 0
 0
 0
 0.000645
 0.00115
 0.003606
 0.00375
 0.005668
 0.00869
 0.008144999999999999
 0.007457
 0.009663
 0.011364
 0.011507
 0.00983
 0.006791
 0.010736
 0.009620999999999999
 0.008387
 0.0116
 0.013262
 0.01219
 0
 0
 0
 0
 0
 0
 0
 0
 0
 0
 0
 0
 0
 0
 0
 0
 0
 0
 0
 0
 0
 0
 0
 0
 0
 0
 0
 0
 0
 0
 0
 0
 0
 0
 0
 0
 0
 0
 0
 0
 0
 0
 0
 0
 0
 0
 0
 0
 0
 0
 0
 0
 0
 0
 0
 0
 0
 0
 0
 0
 0
 0
 0
 0
 0
 0
 0
 0
 0
 0
 0
 0
 0
 0
 0
 0
 0
 0
 0
 0
 0
 0
 0
 0
 0
 0
 0
 0
 0
 0
 0
 0
 0
 0
 0
 0
 0
 0
 0
 0
 0
 0
 0
 0
 0
 0
 0
 0
 0
 0
 0
 0
 0
 0
 0
 0
 0
 0
 0
 0
 0
 0
 0
 0
 0
 0
 0
 0
 0
 0
 0
 0
 0
 0
 0
 0
 0
 0
 0
 0
 0
 0
 0
 0
 0
 0
 0
 0
 0
 0
 0
 0
 0
 0
 0
 0
 0
 0
 0
 0
 0
 0
 0
 0
 0
 0
 0
 0
 0
 0
 0
 0
 0
 0
 0
 0
 0
 0
 0
 0
 0
 0
 0
 0
 0
 0
 0
 0
 0
 0
 0
 0
 0
 0
 0
 0
 0
 0
 0
 0
 0
 0
 0
 0
 0
 0
 0
 0
 0
 0
 0
 0
 0
 0
 0
 0
 0
 0
 0
 0
 0
 2.9e-005
 0.002035
 0.002836
 0.005482
 0.007172
 0.007669
 0.006819
 0.008265
 0.007367
 0.006725
 0.011613
 0.008241
 0.009976
 0.008991000000000001
 0.010328
 0.008730999999999999
 0.01564
 0.01409
 0.011545
 0
 0
 0
 0
 0
 0
 0
 0
 0
 0
 0
 0
 0
 0
 0
 0
 0
 0
 0
 0
 0
 0
 0
 0
 0
 0
 0
 0
 0
 0
 0
 0
 0
 0
 0
 0
 0
 0
 0
 0
 0
 0
 0
 0
 0
 0
 0
 0
 0
 0
 0
 0
 0
 0
 0
 0
 0
 0
 0
 0


