# Created by Octave 4.0.0, Sat Nov 21 16:30:50 2015 W. Europe Standard Time <unknown@Florian-PC>
# name: mus
# type: matrix
# ndims: 3
 1 30 19
 0
 0
 0.7178600000000001
 0.71771
 0.71922
 0.6059099999999999
 0.7343
 0.72656
 0.71971
 0.73408
 0.72672
 0.72204
 0.70819
 0.74735
 0.7406199999999999
 0.74442
 0.74585
 0.7452299999999999
 0.7388400000000001
 0.7404500000000001
 0.7423
 0.7408
 0.73709
 0.74268
 0.73634
 0.73969
 0.74102
 0.73856
 0.73665
 0.73785
 0
 0
 0.66667
 1
 0.6
 0.3
 0.7
 0.5
 0.7
 0.8
 0.8666700000000001
 0.83333
 0.8666700000000001
 0.8666700000000001
 0.73333
 0.66667
 0.83333
 0.76667
 0.6166700000000001
 0.8
 0.8100000000000001
 0.82
 0.86
 0.84
 0.84
 0.76667
 0.77333
 0.82667
 0.7533300000000001
 0.8666700000000001
 0
 0
 0.66814
 0.93445
 0.82301
 0.52359
 0.71302
 0.76754
 0.78655
 0.81638
 0.80407
 0.78978
 0.76767
 0.79074
 0.71835
 0.7638
 0.7315199999999999
 0.77422
 0.77568
 0.80577
 0.75952
 0.78828
 0.7848000000000001
 0.78569
 0.79009
 0.77427
 0.79562
 0.79066
 0.76995
 0.78455
 0
 0
 0.71984
 0.82694
 0.57046
 0.46916
 0.5563399999999999
 0.65412
 0.68599
 0.69503
 0.73787
 0.72845
 0.68819
 0.69977
 0.6685
 0.7172500000000001
 0.69654
 0.71315
 0.68823
 0.71728
 0.69987
 0.7125899999999999
 0.70639
 0.72115
 0.70592
 0.72058
 0.71441
 0.72282
 0.71479
 0.72382
 0
 0
 0.33333
 1
 0.8
 0.33333
 0.85714
 0.5
 0.5555600000000001
 0.8
 0.81818
 0.66667
 0.46154
 0.77778
 0.2
 0.66667
 0.5
 1
 1
 0
 1
 0
 0
 1
 1
 1
 1
 1
 1
 1
 0
 0
 0.46115
 0.72149
 0.8646
 0.44667
 0.6796
 0.63044
 0.62782
 0.69658
 0.71357
 0.76868
 0.65089
 0.66956
 0.62442
 0.70179
 0.7040999999999999
 0.6698499999999999
 0.69648
 0.69448
 0.69041
 0.71249
 0.64929
 0.72615
 0.73592
 0.70728
 0.66552
 0.75162
 0.7380100000000001
 0.72881
 0
 0
 0.78929
 0.78572
 0.84046
 0.6458700000000001
 0.66126
 0.74976
 0.7059
 0.7178600000000001
 0.79167
 0.76672
 0.77943
 0.7501100000000001
 0.79871
 0.77007
 0.75531
 0.79354
 0.78117
 0.77915
 0.77941
 0.74802
 0.72094
 0.80297
 0.75366
 0.85506
 0.77906
 0.77174
 0.73329
 0.74669
 0
 0
 0.71915
 0.77008
 0.55642
 0.48382
 0.55783
 0.65242
 0.67395
 0.69661
 0.72917
 0.73499
 0.69206
 0.69597
 0.6827800000000001
 0.70725
 0.68571
 0.70678
 0.7028799999999999
 0.72551
 0.70542
 0.7209100000000001
 0.71453
 0.72759
 0.72775
 0.73799
 0.73426
 0.74412
 0.73006
 0.7359
 0
 0
 0.99977
 1
 1
 1
 1
 1
 1
 0.99813
 0.99935
 0.99985
 0.99544
 0.98432
 0.97366
 0.97539
 0.98034
 0.96941
 0.96911
 0.96548
 0.96092
 0.96774
 0.96035
 0.95831
 0.95771
 0.954
 0.94937
 0.95187
 0.94162
 0.95344
 0
 0
 0.4002
 0.86582
 0.6906
 0.45436
 0.61058
 0.61026
 0.59896
 0.65717
 0.7049800000000001
 0.77278
 0.66184
 0.75262
 0.67633
 0.7708
 0.68657
 0.73439
 0.69374
 0.70785
 0.69481
 0.72997
 0.7068
 0.72405
 0.78038
 0.73048
 0.77986
 0.73389
 0.71979
 0.79604
 0
 0
 0.78929
 0.78478
 0.80211
 0.67353
 0.67065
 0.74133
 0.68131
 0.74827
 0.75951
 0.7345
 0.75093
 0.71639
 0.69259
 0.73163
 0.7266899999999999
 0.74085
 0.75568
 0.75513
 0.75066
 0.7557700000000001
 0.72065
 0.73554
 0.74964
 0.79057
 0.74028
 0.72693
 0.73645
 0.75722
 0
 0
 0
 0
 0
 0
 0
 0
 0
 0
 0
 0
 0
 0
 0
 0
 0
 0
 0
 0
 0
 0
 0
 0
 0
 0
 0
 0
 0
 0
 0
 0
 0
 0
 0
 0
 0
 0
 0
 0
 0
 0
 0
 0
 0
 0
 0
 0
 0
 0
 0
 0
 0
 0
 0
 0
 0
 0
 0
 0
 0
 0
 0
 0
 0
 0
 0
 0
 0
 0
 0
 0
 0
 0
 0
 0
 0
 0
 0
 0
 0
 0
 0
 0
 0
 0
 0
 0
 0
 0
 0
 0
 0
 0
 0
 0
 0
 0
 0
 0
 0
 0
 0
 0
 0
 0
 0
 0
 0
 0
 0
 0
 0
 0
 0
 0
 0
 0
 0
 0
 0
 0
 0
 0
 0
 0
 0
 0
 0
 0
 0
 0
 0
 0
 0
 0
 0
 0
 0
 0
 0
 0
 0
 0
 0
 0
 0
 0
 0
 0
 0
 0
 0.99998
 1
 1
 1
 1
 1
 1
 1
 0.9972
 0.9960599999999999
 0.98952
 0.98372
 0.98449
 0.97498
 0.9735
 0.97525
 0.97355
 0.96735
 0.95964
 0.96282
 0.96045
 0.96029
 0.95273
 0.95167
 0.94953
 0.95099
 0.9585900000000001
 0.94471
 0
 0
 0
 0
 0
 0
 0
 0
 0
 0
 0
 0
 0
 0
 0
 0
 0
 0
 0
 0
 0
 0
 0
 0
 0
 0
 0
 0
 0
 0
 0
 0
 0
 0
 0
 0
 0
 0
 0
 0
 0
 0
 0
 0
 0
 0
 0
 0
 0
 0
 0
 0
 0
 0
 0
 0
 0
 0
 0
 0


