# Created by Octave 4.0.0, Sat Nov 21 16:30:36 2015 W. Europe Standard Time <unknown@Florian-PC>
# name: mus
# type: matrix
# ndims: 3
 1 30 19
 0
 0
 0.52198
 0.61359
 0.63287
 0.41416
 0.42913
 0.476
 0.39866
 0.43799
 0.42817
 0.64374
 0.6406500000000001
 0.6347699999999999
 0.63473
 0.6423
 0.64045
 0.51291
 0.52028
 0.51742
 0.51608
 0.51571
 0.51589
 0.52759
 0.53239
 0.53289
 0.52357
 0.51925
 0.53587
 0.55028
 0
 0
 0
 0.5
 0.6
 0.6
 0.8
 0.4
 0.4
 0.2
 0.46667
 0.6
 0.53333
 0.6
 0.8
 0.68333
 0.71667
 0.65
 0.68333
 0.7
 0.73
 0.68
 0.7
 0.7
 0.68
 0.73333
 0.73333
 0.7533300000000001
 0.69333
 0.66667
 0
 0
 0.3833
 0.59899
 0.65211
 0.65368
 0.70606
 0.64886
 0.65212
 0.54559
 0.309
 0.44726
 0.56594
 0.57865
 0.72582
 0.63918
 0.7303500000000001
 0.6513099999999999
 0.62859
 0.6493100000000001
 0.68022
 0.66513
 0.70289
 0.59483
 0.61879
 0.71017
 0.7248599999999999
 0.73386
 0.64601
 0.62137
 0
 0
 0.19447
 0.61112
 0.69667
 0.63273
 0.77898
 0.59949
 0.3454
 0.27984
 0.45282
 0.59193
 0.73708
 0.74403
 0.86344
 0.85838
 0.84568
 0.74013
 0.70147
 0.73473
 0.72061
 0.73576
 0.75406
 0.716
 0.70704
 0.75431
 0.75035
 0.76469
 0.74891
 0.7226399999999999
 0
 0
 0
 0
 0.4
 0.33333
 0.42857
 0.5
 0.22222
 0
 0.18182
 0.66667
 0.69231
 0.88889
 0.6
 1
 0.5
 1
 1
 1
 1
 1
 1
 0
 1
 1
 1
 1
 1
 1
 0
 0
 0.16669
 0.36114
 0.5
 0.51668
 0.5506
 0.51577
 0.30754
 0.2379
 0.32223
 0.68252
 0.72249
 0.88647
 0.69997
 0.99553
 0.72982
 0.84943
 0.73973
 0.8829399999999999
 0.86589
 0.67365
 0.81467
 0.56847
 0.84375
 0.72239
 0.91333
 0.875
 0.73529
 0.75
 0
 0
 0.57859
 0.53788
 0.6288899999999999
 0.73502
 0.73022
 0.69504
 0.72954
 0.55727
 0.7496699999999999
 0.58627
 0.64157
 0.63526
 0.66933
 0.75236
 0.7684800000000001
 0.64732
 0.62663
 0.67395
 0.70932
 0.70236
 0.68432
 0.69376
 0.69533
 0.71329
 0.70835
 0.71893
 0.71877
 0.65563
 0
 0
 0.19447
 0.61153
 0.6929999999999999
 0.65377
 0.74734
 0.65146
 0.47059
 0.39629
 0.53984
 0.5685
 0.67781
 0.72722
 0.78899
 0.8407
 0.80753
 0.73286
 0.69164
 0.72554
 0.7297
 0.75827
 0.76026
 0.72426
 0.74056
 0.74138
 0.7593800000000001
 0.76394
 0.74949
 0.70212
 0
 0
 1
 1
 1
 1
 1
 1
 1
 1
 1
 1
 1
 1
 1
 1
 1
 1
 1
 1
 1
 1
 1
 1
 1
 1
 1
 1
 1
 1
 0
 0
 0.16669
 0.37748
 0.63615
 0.57224
 0.6002
 0.53835
 0.39615
 0.34202
 0.41107
 0.58181
 0.68162
 0.79237
 0.7902
 0.86124
 1.01645
 0.7305199999999999
 0.67867
 0.68366
 0.85934
 0.80023
 0.74908
 0.73014
 0.97292
 0.50083
 0.73434
 0.99983
 0.58409
 0.9855699999999999
 0
 0
 0.57859
 0.55353
 0.6392600000000001
 0.74686
 0.76334
 0.70849
 0.67084
 0.6017
 0.67623
 0.73381
 0.57941
 0.67058
 0.70803
 0.94679
 0.9674
 0.7277400000000001
 0.74375
 0.59812
 0.6958800000000001
 0.72683
 0.68631
 0.76936
 0.79413
 0.7476
 0.82067
 0.74907
 0.70534
 0.68566
 0
 0
 0
 0
 0
 0
 0
 0
 0
 0
 0
 0
 0
 0
 0
 0
 0
 0
 0
 0
 0
 0
 0
 0
 0
 0
 0
 0
 0
 0
 0
 0
 0
 0
 0
 0
 0
 0
 0
 0
 0
 0
 0
 0
 0
 0
 0
 0
 0
 0
 0
 0
 0
 0
 0
 0
 0
 0
 0
 0
 0
 0
 0
 0
 0
 0
 0
 0
 0
 0
 0
 0
 0
 0
 0
 0
 0
 0
 0
 0
 0
 0
 0
 0
 0
 0
 0
 0
 0
 0
 0
 0
 0
 0
 0
 0
 0
 0
 0
 0
 0
 0
 0
 0
 0
 0
 0
 0
 0
 0
 0
 0
 0
 0
 0
 0
 0
 0
 0
 0
 0
 0
 0
 0
 0
 0
 0
 0
 0
 0
 0
 0
 0
 0
 0
 0
 0
 0
 0
 0
 0
 0
 0
 0
 0
 0
 0
 0
 0
 0
 0
 0
 1
 1
 1
 1
 1
 1
 1
 1
 1
 1
 1
 1
 1
 1
 1
 1
 1
 1
 1
 1
 1
 1
 1
 1
 1
 1
 1
 1
 0
 0
 0
 0
 0
 0
 0
 0
 0
 0
 0
 0
 0
 0
 0
 0
 0
 0
 0
 0
 0
 0
 0
 0
 0
 0
 0
 0
 0
 0
 0
 0
 0
 0
 0
 0
 0
 0
 0
 0
 0
 0
 0
 0
 0
 0
 0
 0
 0
 0
 0
 0
 0
 0
 0
 0
 0
 0
 0
 0


# name: vars
# type: matrix
# ndims: 3
 1 30 19
 0
 0
 0.086426
 0.059893
 0.045062
 0.04462
 0.035794
 0.031302
 0.030191
 0.028212
 0.020272
 0.020726
 0.021317
 0.01746
 0.017766
 0.013458
 0.015914
 0.010949
 0.014198
 0.012051
 0.013838
 0.010184
 0.011068
 0.007481
 0.009261
 0.010672
 0.006453
 0.011371
 0.008189999999999999
 0.009899
 0
 0
 0
 0.33333
 0.3
 0.3
 0.075
 0.175
 0.175
 0.075
 0.00556
 0.06389
 0.01944
 0.07778
 0.03333
 0.05694
 0.03333
 0.03264
 0.01181
 0.0125
 0.04575
 0.01575
 0.008750000000000001
 0.02
 0.012
 0.00889
 0.015
 0.00644
 0.01744
 0.01389
 0
 0
 0
 0
 0
 0
 0
 0
 0
 0
 0
 0
 0
 0
 0
 0
 0
 0
 0
 0
 0
 0
 0
 0
 0
 0
 0
 0
 0
 0
 0
 0
 0.01216
 0.17366
 0.11903
 0.08094999999999999
 0.05323
 0.06175
 0.03523
 0.02571
 0.05287
 0.06834
 0.04806
 0.04394
 0.02437
 0.0278
 0.02982
 0.04279
 0.04286
 0.03919
 0.03469
 0.03612
 0.03787
 0.03759
 0.0374
 0.03607
 0.03365
 0.03506
 0.03629
 0.03643
 0
 0
 0
 0
 0
 0
 0
 0
 0
 0
 0
 0
 0
 0
 0
 0
 0
 0
 0
 0
 0
 0
 0
 0
 0
 0
 0
 0
 0
 0
 0
 0
 0
 0
 0
 0
 0
 0
 0
 0
 0
 0
 0
 0
 0
 0
 0
 0
 0
 0
 0
 0
 0
 0
 0
 0
 0
 0
 0
 0
 0
 0
 0
 0
 0
 0
 0
 0
 0
 0
 0
 0
 0
 0
 0
 0
 0
 0
 0
 0
 0
 0
 0
 0
 0
 0
 0
 0
 0
 0
 0
 0
 0.01216
 0.17013
 0.10333
 0.06144
 0.04257
 0.03959
 0.03809
 0.02905
 0.03513
 0.04079
 0.04287
 0.04679
 0.04052
 0.03524
 0.04936
 0.03959
 0.03527
 0.03022
 0.03303
 0.0339
 0.03224
 0.03849
 0.03336
 0.03517
 0.03476
 0.03735
 0.03211
 0.04993
 0
 0
 0
 0
 0
 0
 0
 0
 0
 0
 0
 0
 0
 0
 0
 0
 0
 0
 0
 0
 0
 0
 0
 0
 0
 0
 0
 0
 0
 0
 0
 0
 0
 0
 0
 0
 0
 0
 0
 0
 0
 0
 0
 0
 0
 0
 0
 0
 0
 0
 0
 0
 0
 0
 0
 0
 0
 0
 0
 0
 0
 0
 0
 0
 0
 0
 0
 0
 0
 0
 0
 0
 0
 0
 0
 0
 0
 0
 0
 0
 0
 0
 0
 0
 0
 0
 0
 0
 0
 0
 0
 0
 0
 0
 0
 0
 0
 0
 0
 0
 0
 0
 0
 0
 0
 0
 0
 0
 0
 0
 0
 0
 0
 0
 0
 0
 0
 0
 0
 0
 0
 0
 0
 0
 0
 0
 0
 0
 0
 0
 0
 0
 0
 0
 0
 0
 0
 0
 0
 0
 0
 0
 0
 0
 0
 0
 0
 0
 0
 0
 0
 0
 0
 0
 0
 0
 0
 0
 0
 0
 0
 0
 0
 0
 0
 0
 0
 0
 0
 0
 0
 0
 0
 0
 0
 0
 0
 0
 0
 0
 0
 0
 0
 0
 0
 0
 0
 0
 0
 0
 0
 0
 0
 0
 0
 0
 0
 0
 0
 0
 0
 0
 0
 0
 0
 0
 0
 0
 0
 0
 0
 0
 0
 0
 0
 0
 0
 0
 0
 0
 0
 0
 0
 0
 0
 0
 0
 0
 0
 0
 0
 0
 0
 0
 0
 0
 0
 0
 0
 0
 0
 0
 0
 0
 0
 0
 0
 0
 0
 0
 0
 0
 0
 0
 0
 0
 0
 0
 0
 0
 0
 0
 0
 0
 0
 0
 0
 0
 0
 0
 0
 0
 0
 0
 0
 0
 0
 0
 0
 0
 0
 0
 0
 0
 0
 0
 0
 0
 0
 0
 0
 0
 0
 0
 0
 0
 0
 0
 0
 0
 0
 0
 0
 0
 0
 0
 0
 0
 0
 0
 0
 0
 0
 0
 0
 0
 0
 0
 0
 0
 0
 0
 0
 0
 0
 0
 0
 0
 0
 0


