# Created by Octave 4.0.0, Sat Nov 21 16:30:55 2015 W. Europe Standard Time <unknown@Florian-PC>
# name: mus
# type: matrix
# ndims: 3
 1 30 19
 0
 0
 0.64663
 0.51225
 0.70028
 0.699
 0.72929
 0.72545
 0.71636
 0.61285
 0.617
 0.63814
 0.64298
 0.60784
 0.58151
 0.59263
 0.58988
 0.5712699999999999
 0.57455
 0.66124
 0.65602
 0.65463
 0.66016
 0.6559700000000001
 0.66085
 0.65608
 0.65488
 0.6889
 0.69438
 0.68814
 0
 0
 0.33333
 1
 0.6
 0.7
 0.7
 0.7
 0.9
 0.8
 0.73333
 0.8666700000000001
 0.76667
 0.8
 0.8
 0.81667
 0.6333299999999999
 0.73333
 0.73333
 0.75
 0.72
 0.63
 0.75
 0.84
 0.6
 0.72667
 0.67333
 0.6333299999999999
 0.72667
 0.66667
 0
 0
 0.53423
 0.8624000000000001
 0.7782
 0.79838
 0.76469
 0.82139
 0.82933
 0.67145
 0.7676500000000001
 0.7794
 0.66499
 0.67518
 0.74086
 0.7532799999999999
 0.69643
 0.73055
 0.67455
 0.73076
 0.74521
 0.70157
 0.7559
 0.72873
 0.73389
 0.74759
 0.75676
 0.72362
 0.71262
 0.7315199999999999
 0
 0
 0.6389
 0.9791800000000001
 0.73084
 0.84202
 0.87703
 0.84778
 0.9200700000000001
 0.78065
 0.80971
 0.8714499999999999
 0.79877
 0.8177
 0.78762
 0.79511
 0.77183
 0.71401
 0.68573
 0.78818
 0.81179
 0.79458
 0.74719
 0.7924600000000001
 0.73552
 0.74085
 0.79593
 0.75865
 0.71158
 0.74129
 0
 0
 0
 1
 0.4
 0.83333
 0.85714
 0.875
 0.88889
 0.6
 0.54545
 0.58333
 0.84615
 0.88889
 0.8
 1
 1
 0
 0
 0
 0
 1
 1
 1
 1
 1
 1
 1
 0
 1
 0
 0
 0.08334999999999999
 1.33333
 0.5
 0.975
 0.88571
 0.87857
 0.9305600000000001
 0.64325
 0.64975
 0.71477
 0.85559
 0.90199
 0.8127
 0.97915
 0.8753
 0.50883
 0.41366
 0.497
 0.63559
 0.92398
 0.63637
 0.66369
 0.875
 0.625
 0.52912
 0.875
 0.75
 0.79167
 0
 0
 0.36788
 0.69797
 0.8347599999999999
 1.04152
 0.80193
 0.84129
 0.84468
 0.7250799999999999
 0.79294
 0.76732
 0.79852
 0.79094
 0.77152
 0.72236
 0.72284
 0.71579
 0.72646
 0.8362000000000001
 0.75193
 0.83947
 0.7601
 0.86283
 0.8053900000000001
 0.78772
 0.77918
 0.75073
 0.78703
 0.7643799999999999
 0
 0
 0.6389
 0.86964
 0.71088
 0.81047
 0.7959000000000001
 0.8448
 0.9140200000000001
 0.7434500000000001
 0.79227
 0.82897
 0.77354
 0.79031
 0.78583
 0.80084
 0.77013
 0.7234699999999999
 0.71195
 0.7748
 0.77232
 0.76731
 0.73802
 0.76573
 0.75509
 0.77722
 0.7668
 0.72706
 0.73991
 0.7312
 0
 0
 1
 1
 1
 1
 1
 1
 1
 1
 1
 1
 1
 1
 1
 1
 1
 1
 1
 1
 1
 1
 1
 1
 1
 1
 1
 1
 1
 1
 0
 0
 0.08334999999999999
 1.33333
 0.545
 1.0696
 0.81537
 0.7674800000000001
 0.96967
 0.65846
 0.6817
 0.74538
 0.81172
 0.71349
 0.71622
 0.85933
 0.66625
 0.82574
 0.6619699999999999
 0.7585
 0.90751
 0.66346
 0.80292
 0.82131
 0.90117
 0.74722
 0.36496
 0.88151
 1
 0.9927
 0
 0
 0.36788
 0.73309
 0.8222
 1.10168
 0.78625
 0.93797
 0.88656
 0.74593
 0.76103
 0.77789
 0.78457
 1.00548
 0.95766
 0.74739
 0.6744
 0.85495
 0.7895
 0.7877999999999999
 0.81711
 0.77402
 0.75487
 0.85823
 0.70538
 0.88014
 0.75135
 0.82697
 0.7707000000000001
 0.7884
 0
 0
 0
 0
 0
 0
 0
 0
 0
 0
 0
 0
 0
 0
 0
 0
 0
 0
 0
 0
 0
 0
 0
 0
 0
 0
 0
 0
 0
 0
 0
 0
 0
 0
 0
 0
 0
 0
 0
 0
 0
 0
 0
 0
 0
 0
 0
 0
 0
 0
 0
 0
 0
 0
 0
 0
 0
 0
 0
 0
 0
 0
 0
 0
 0
 0
 0
 0
 0
 0
 0
 0
 0
 0
 0
 0
 0
 0
 0
 0
 0
 0
 0
 0
 0
 0
 0
 0
 0
 0
 0
 0
 0
 0
 0
 0
 0
 0
 0
 0
 0
 0
 0
 0
 0
 0
 0
 0
 0
 0
 0
 0
 0
 0
 0
 0
 0
 0
 0
 0
 0
 0
 0
 0
 0
 0
 0
 0
 0
 0
 0
 0
 0
 0
 0
 0
 0
 0
 0
 0
 0
 0
 0
 0
 0
 0
 0
 0
 0
 0
 0
 0
 1
 1
 1
 1
 1
 1
 1
 1
 1
 1
 1
 1
 1
 1
 1
 1
 1
 1
 1
 1
 1
 1
 1
 1
 1
 1
 1
 1
 0
 0
 0
 0
 0
 0
 0
 0
 0
 0
 0
 0
 0
 0
 0
 0
 0
 0
 0
 0
 0
 0
 0
 0
 0
 0
 0
 0
 0
 0
 0
 0
 0
 0
 0
 0
 0
 0
 0
 0
 0
 0
 0
 0
 0
 0
 0
 0
 0
 0
 0
 0
 0
 0
 0
 0
 0
 0
 0
 0


# name: vars
# type: matrix
# ndims: 3
 1 30 19
 0
 0
 0.069089
 0.06346599999999999
 0.041313
 0.035864
 0.031422
 0.022797
 0.019902
 0.023036
 0.023218
 0.021563
 0.015268
 0.015178
 0.019203
 0.017524
 0.011951
 0.012915
 0.013836
 0.009872000000000001
 0.011628
 0.014328
 0.011771
 0.008897
 0.010051
 0.011568
 0.009672
 0.007327
 0.007818
 0.006466
 0
 0
 0.33333
 0
 0.3
 0.2
 0.2
 0.2
 0.05
 0.075
 0.06389
 0.03333
 0.05
 0.03333
 0.03333
 0.02917
 0.02986
 0.03264
 0.09514
 0.0625
 0.03575
 0.0195
 0.0275
 0.008
 0.06
 0.01356
 0.01689
 0.03833
 0.00689
 0.02778
 0
 0
 0
 0
 0
 0
 0
 0
 0
 0
 0
 0
 0
 0
 0
 0
 0
 0
 0
 0
 0
 0
 0
 0
 0
 0
 0
 0
 0
 0
 0
 0
 0.18923
 0.00059
 0.09016
 0.04852
 0.03069
 0.03323
 0.02131
 0.05311
 0.03701
 0.02856
 0.04425
 0.03346
 0.0388
 0.0356
 0.03487
 0.04594
 0.04591
 0.03597
 0.0315
 0.03462
 0.03598
 0.03092
 0.03604
 0.03574
 0.02986
 0.03116
 0.03487
 0.03687
 0
 0
 0
 0
 0
 0
 0
 0
 0
 0
 0
 0
 0
 0
 0
 0
 0
 0
 0
 0
 0
 0
 0
 0
 0
 0
 0
 0
 0
 0
 0
 0
 0
 0
 0
 0
 0
 0
 0
 0
 0
 0
 0
 0
 0
 0
 0
 0
 0
 0
 0
 0
 0
 0
 0
 0
 0
 0
 0
 0
 0
 0
 0
 0
 0
 0
 0
 0
 0
 0
 0
 0
 0
 0
 0
 0
 0
 0
 0
 0
 0
 0
 0
 0
 0
 0
 0
 0
 0
 0
 0
 0
 0.18923
 0.02331
 0.0445
 0.04298
 0.03499
 0.01879
 0.01496
 0.02793
 0.02978
 0.02598
 0.02439
 0.03229
 0.0285
 0.03213
 0.03445
 0.04683
 0.04684
 0.03753
 0.04629
 0.04132
 0.03805
 0.04334
 0.03712
 0.03657
 0.04397
 0.04658
 0.04599
 0.04998
 0
 0
 0
 0
 0
 0
 0
 0
 0
 0
 0
 0
 0
 0
 0
 0
 0
 0
 0
 0
 0
 0
 0
 0
 0
 0
 0
 0
 0
 0
 0
 0
 0
 0
 0
 0
 0
 0
 0
 0
 0
 0
 0
 0
 0
 0
 0
 0
 0
 0
 0
 0
 0
 0
 0
 0
 0
 0
 0
 0
 0
 0
 0
 0
 0
 0
 0
 0
 0
 0
 0
 0
 0
 0
 0
 0
 0
 0
 0
 0
 0
 0
 0
 0
 0
 0
 0
 0
 0
 0
 0
 0
 0
 0
 0
 0
 0
 0
 0
 0
 0
 0
 0
 0
 0
 0
 0
 0
 0
 0
 0
 0
 0
 0
 0
 0
 0
 0
 0
 0
 0
 0
 0
 0
 0
 0
 0
 0
 0
 0
 0
 0
 0
 0
 0
 0
 0
 0
 0
 0
 0
 0
 0
 0
 0
 0
 0
 0
 0
 0
 0
 0
 0
 0
 0
 0
 0
 0
 0
 0
 0
 0
 0
 0
 0
 0
 0
 0
 0
 0
 0
 0
 0
 0
 0
 0
 0
 0
 0
 0
 0
 0
 0
 0
 0
 0
 0
 0
 0
 0
 0
 0
 0
 0
 0
 0
 0
 0
 0
 0
 0
 0
 0
 0
 0
 0
 0
 0
 0
 0
 0
 0
 0
 0
 0
 0
 0
 0
 0
 0
 0
 0
 0
 0
 0
 0
 0
 0
 0
 0
 0
 0
 0
 0
 0
 0
 0
 0
 0
 0
 0
 0
 0
 0
 0
 0
 0
 0
 0
 0
 0
 0
 0
 0
 0
 0
 0
 0
 0
 0
 0
 0
 0
 0
 0
 0
 0
 0
 0
 0
 0
 0
 0
 0
 0
 0
 0
 0
 0
 0
 0
 0
 0
 0
 0
 0
 0
 0
 0
 0
 0
 0
 0
 0
 0
 0
 0
 0
 0
 0
 0
 0
 0
 0
 0
 0
 0
 0
 0
 0
 0
 0
 0
 0
 0
 0
 0
 0
 0
 0
 0
 0
 0
 0
 0
 0
 0
 0
 0
 0


