# Created by Octave 4.0.0, Sat Nov 21 16:30:39 2015 W. Europe Standard Time <unknown@Florian-PC>
# name: mus
# type: matrix
# ndims: 3
 1 30 19
 0
 0
 0.7084
 0.7333
 0.71866
 0.73244
 0.73763
 0.73828
 0.73869
 0.74134
 0.74305
 0.74273
 0.7435
 0.74819
 0.7479
 0.74665
 0.7408
 0.73681
 0.70917
 0.71854
 0.71429
 0.70788
 0.70699
 0.71453
 0.70141
 0.71516
 0.72587
 0.72349
 0.72887
 0.73616
 0
 0
 0.66667
 0.25
 0.4
 1
 0.9
 0.8
 0.7
 0.7
 0.6333299999999999
 0.73333
 0.7
 0.7
 0.73333
 0.75
 0.71667
 0.71667
 0.6166700000000001
 0.65
 0.67
 0.6899999999999999
 0.57
 0.5
 0.5600000000000001
 0.62
 0.66667
 0.7466699999999999
 0.68667
 0.73333
 0
 0
 0.6281600000000001
 0.63628
 0.75952
 0.83944
 0.84934
 0.84092
 0.71492
 0.73742
 0.72429
 0.74142
 0.7337900000000001
 0.7156400000000001
 0.71959
 0.67506
 0.71024
 0.70234
 0.66312
 0.68772
 0.6654
 0.62691
 0.65086
 0.67849
 0.59836
 0.65604
 0.63611
 0.65407
 0.65711
 0.6434299999999999
 0
 0
 0.5539500000000001
 0.57531
 0.5738799999999999
 0.87871
 0.79595
 0.7504999999999999
 0.68062
 0.70591
 0.67281
 0.69047
 0.70326
 0.67719
 0.66427
 0.64785
 0.663
 0.64747
 0.60634
 0.60868
 0.60184
 0.5992499999999999
 0.61428
 0.60871
 0.58607
 0.59803
 0.60467
 0.61211
 0.59606
 0.58846
 0
 0
 0.33333
 0.25
 0.4
 1
 0.71429
 0.625
 0.88889
 0.8
 0.54545
 0.41667
 0.69231
 0.5555600000000001
 0.4
 0.66667
 1
 1
 0
 1
 0
 1
 0
 1
 1
 1
 1
 1
 1
 1
 0
 0
 0.5376
 0.44422
 0.55413
 0.83196
 0.75918
 0.69961
 0.81694
 0.67675
 0.65306
 0.65225
 0.66599
 0.63742
 0.65512
 0.65547
 0.67632
 0.6831199999999999
 0.59485
 0.61922
 0.6391
 0.58113
 0.57786
 0.66531
 0.58524
 0.60337
 0.62415
 0.62898
 0.56258
 0.62077
 0
 0
 0.78929
 0.68793
 0.75432
 0.7729
 0.80469
 0.86557
 0.7419
 0.76113
 0.77277
 0.78565
 0.77005
 0.74871
 0.79432
 0.73765
 0.74186
 0.7604
 0.69798
 0.74203
 0.67145
 0.70611
 0.69367
 0.67911
 0.66738
 0.6708
 0.66801
 0.69012
 0.67436
 0.66534
 0
 0
 0.5518
 0.6107
 0.57825
 0.86825
 0.78954
 0.76776
 0.6761
 0.71028
 0.69897
 0.7043700000000001
 0.72683
 0.67542
 0.68183
 0.65893
 0.6747
 0.65365
 0.6181
 0.60772
 0.6069600000000001
 0.61493
 0.61897
 0.62198
 0.58914
 0.6137
 0.6221100000000001
 0.61722
 0.60703
 0.60078
 0
 0
 0.99936
 1
 1
 1
 1
 1
 1
 1
 1
 0.99861
 0.99929
 0.99109
 0.98522
 0.98103
 0.97666
 0.97671
 0.96758
 0.96467
 0.97061
 0.96943
 0.9609799999999999
 0.96107
 0.95463
 0.95146
 0.94918
 0.94409
 0.94281
 0.95411
 0
 0
 0.47684
 0.48506
 0.58648
 0.73226
 0.77494
 0.75596
 0.69403
 0.73892
 0.67538
 0.67813
 0.70388
 0.6480399999999999
 0.66866
 0.66826
 0.69582
 0.63683
 0.59337
 0.59372
 0.59243
 0.61757
 0.60311
 0.67783
 0.59972
 0.5883
 0.6359399999999999
 0.60001
 0.61033
 0.58828
 0
 0
 0.78929
 0.7104200000000001
 0.76393
 0.75673
 0.76764
 0.7845299999999999
 0.7438900000000001
 0.75103
 0.76302
 0.75406
 0.74731
 0.71737
 0.788
 0.71745
 0.75564
 0.70431
 0.6607
 0.67257
 0.67081
 0.66506
 0.67823
 0.6797299999999999
 0.67588
 0.65578
 0.67054
 0.6694600000000001
 0.67643
 0.66283
 0
 0
 0
 0
 0
 0
 0
 0
 0
 0
 0
 0
 0
 0
 0
 0
 0
 0
 0
 0
 0
 0
 0
 0
 0
 0
 0
 0
 0
 0
 0
 0
 0
 0
 0
 0
 0
 0
 0
 0
 0
 0
 0
 0
 0
 0
 0
 0
 0
 0
 0
 0
 0
 0
 0
 0
 0
 0
 0
 0
 0
 0
 0
 0
 0
 0
 0
 0
 0
 0
 0
 0
 0
 0
 0
 0
 0
 0
 0
 0
 0
 0
 0
 0
 0
 0
 0
 0
 0
 0
 0
 0
 0
 0
 0
 0
 0
 0
 0
 0
 0
 0
 0
 0
 0
 0
 0
 0
 0
 0
 0
 0
 0
 0
 0
 0
 0
 0
 0
 0
 0
 0
 0
 0
 0
 0
 0
 0
 0
 0
 0
 0
 0
 0
 0
 0
 0
 0
 0
 0
 0
 0
 0
 0
 0
 0
 0
 0
 0
 0
 0
 0
 0.99995
 1
 1
 1
 1
 0.99997
 1
 0.99978
 0.9963
 1
 0.99261
 0.9878400000000001
 0.982
 0.97054
 0.97704
 0.96749
 0.96838
 0.96862
 0.96862
 0.96258
 0.9555399999999999
 0.96258
 0.94635
 0.95336
 0.94607
 0.94922
 0.95136
 0.94395
 0
 0
 0
 0
 0
 0
 0
 0
 0
 0
 0
 0
 0
 0
 0
 0
 0
 0
 0
 0
 0
 0
 0
 0
 0
 0
 0
 0
 0
 0
 0
 0
 0
 0
 0
 0
 0
 0
 0
 0
 0
 0
 0
 0
 0
 0
 0
 0
 0
 0
 0
 0
 0
 0
 0
 0
 0
 0
 0
 0


