# Created by Octave 4.0.0, Sat Nov 21 16:30:41 2015 W. Europe Standard Time <unknown@Florian-PC>
# name: mus
# type: matrix
# ndims: 3
 1 30 19
 0
 0
 0.63717
 0.49388
 0.54652
 0.48551
 0.4836
 0.4894
 0.49916
 0.47989
 0.48936
 0.49049
 0.49117
 0.49693
 0.50084
 0.50112
 0.50685
 0.50673
 0.51372
 0.51742
 0.52683
 0.52488
 0.5293600000000001
 0.5259
 0.51831
 0.52174
 0.52189
 0.51814
 0.51112
 0.5209
 0
 0
 0.66667
 0.25
 0.4
 0.6
 0.4
 0.4
 0.4
 0.5
 0.33333
 0.4
 0.6
 0.73333
 0.6
 0.6166700000000001
 0.45
 0.53333
 0.51667
 0.5
 0.52
 0.63
 0.65
 0.59
 0.64
 0.65333
 0.6333299999999999
 0.64667
 0.62
 0.56667
 0
 0
 0.72345
 0.46028
 0.61221
 0.53228
 0.64824
 0.39423
 0.5512
 0.61256
 0.58893
 0.63312
 0.66288
 0.69099
 0.60888
 0.69681
 0.64403
 0.62146
 0.66007
 0.62807
 0.6615799999999999
 0.64178
 0.65055
 0.64005
 0.6671
 0.67366
 0.64933
 0.62568
 0.64608
 0.59168
 0
 0
 0.61024
 0.10889
 0.37268
 0.50991
 0.50823
 0.41736
 0.41241
 0.50756
 0.46707
 0.48591
 0.57783
 0.6414299999999999
 0.61396
 0.62369
 0.59501
 0.60023
 0.6017
 0.58074
 0.6174500000000001
 0.64399
 0.62834
 0.64552
 0.64659
 0.67141
 0.6516
 0.67413
 0.64684
 0.63969
 0
 0
 1
 0.5
 0.8
 0
 0.71429
 0.25
 0.33333
 0.4
 0.36364
 0.58333
 0.69231
 0.5555600000000001
 0.8
 0.33333
 0
 1
 0
 0
 0
 0
 0
 1
 1
 1
 1
 0
 1
 1
 0
 0
 0.76888
 0.52072
 0.8476
 0.21881
 0.70911
 0.38209
 0.30488
 0.483
 0.39997
 0.51914
 0.6297
 0.59478
 0.67293
 0.56316
 0.45762
 0.59279
 0.48666
 0.5516
 0.5466800000000001
 0.56828
 0.38759
 0.64125
 0.75778
 0.7529400000000001
 0.63275
 0.58562
 0.76164
 0.76955
 0
 0
 0.57859
 0.39461
 0.62493
 0.64153
 0.63372
 0.55522
 0.53749
 0.68292
 0.6317700000000001
 0.67182
 0.69096
 0.66149
 0.62766
 0.6856100000000001
 0.67693
 0.6706800000000001
 0.64893
 0.6737300000000001
 0.65367
 0.66853
 0.6190600000000001
 0.66811
 0.64071
 0.68681
 0.64534
 0.65839
 0.64183
 0.65467
 0
 0
 0.59975
 0.20131
 0.38492
 0.41715
 0.503
 0.43339
 0.44068
 0.50935
 0.48853
 0.50749
 0.55163
 0.61109
 0.56969
 0.58999
 0.56018
 0.5742
 0.5875
 0.57208
 0.59788
 0.5946399999999999
 0.58599
 0.6071299999999999
 0.59414
 0.61437
 0.59804
 0.60524
 0.60871
 0.59515
 0
 0
 0.9347
 0.91634
 0.919
 0.88354
 0.9148500000000001
 0.9308999999999999
 0.92901
 0.91578
 0.92536
 0.93165
 0.9412199999999999
 0.91376
 0.91464
 0.9101
 0.89964
 0.90831
 0.9031
 0.90864
 0.9180700000000001
 0.9069
 0.90161
 0.91295
 0.90393
 0.90107
 0.90166
 0.8959
 0.88848
 0.90355
 0
 0
 0.95078
 0.52788
 0.84231
 0.4397
 0.56687
 0.51635
 0.38308
 0.49979
 0.46441
 0.52698
 0.56952
 0.66534
 0.6263
 0.58066
 0.56741
 0.5884
 0.57741
 0.57506
 0.61852
 0.59619
 0.58314
 0.63202
 0.6530899999999999
 0.70614
 0.59604
 0.60382
 0.64646
 0.64247
 0
 0
 0.57859
 0.43142
 0.37883
 0.65255
 0.37209
 0.63343
 0.56308
 0.71504
 0.65611
 0.68946
 0.70746
 0.61947
 0.6384
 0.66044
 0.65703
 0.6684
 0.71457
 0.63204
 0.65012
 0.68498
 0.63824
 0.73736
 0.65773
 0.64694
 0.64668
 0.62597
 0.62922
 0.67968
 0
 0
 0
 0
 0
 0
 0
 0
 0
 0
 0
 0
 0
 0
 0
 0
 0
 0
 0
 0
 0
 0
 0
 0
 0
 0
 0
 0
 0
 0
 0
 0
 0
 0
 0
 0
 0
 0
 0
 0
 0
 0
 0
 0
 0
 0
 0
 0
 0
 0
 0
 0
 0
 0
 0
 0
 0
 0
 0
 0
 0
 0
 0
 0
 0
 0
 0
 0
 0
 0
 0
 0
 0
 0
 0
 0
 0
 0
 0
 0
 0
 0
 0
 0
 0
 0
 0
 0
 0
 0
 0
 0
 0
 0
 0
 0
 0
 0
 0
 0
 0
 0
 0
 0
 0
 0
 0
 0
 0
 0
 0
 0
 0
 0
 0
 0
 0
 0
 0
 0
 0
 0
 0
 0
 0
 0
 0
 0
 0
 0
 0
 0
 0
 0
 0
 0
 0
 0
 0
 0
 0
 0
 0
 0
 0
 0
 0
 0
 0
 0
 0
 0
 0.90688
 0.9638099999999999
 0.97289
 0.9476599999999999
 0.90335
 0.9419
 0.91599
 0.90008
 0.93371
 0.92646
 0.93651
 0.90922
 0.91146
 0.91408
 0.9166
 0.91543
 0.91111
 0.90128
 0.9135
 0.90568
 0.90656
 0.8996499999999999
 0.90355
 0.8998699999999999
 0.90126
 0.89919
 0.9128500000000001
 0.90743
 0
 0
 0
 0
 0
 0
 0
 0
 0
 0
 0
 0
 0
 0
 0
 0
 0
 0
 0
 0
 0
 0
 0
 0
 0
 0
 0
 0
 0
 0
 0
 0
 0
 0
 0
 0
 0
 0
 0
 0
 0
 0
 0
 0
 0
 0
 0
 0
 0
 0
 0
 0
 0
 0
 0
 0
 0
 0
 0
 0


