# Created by Octave 4.0.0, Sat Nov 21 16:30:51 2015 W. Europe Standard Time <unknown@Florian-PC>
# name: mus
# type: matrix
# ndims: 3
 1 30 19
 0
 0
 0.53311
 0.53285
 0.66072
 0.5128200000000001
 0.63091
 0.68304
 0.64712
 0.62291
 0.6089599999999999
 0.61913
 0.7055
 0.70047
 0.71709
 0.71429
 0.72063
 0.7143699999999999
 0.71161
 0.70169
 0.70106
 0.6979
 0.70401
 0.69764
 0.70085
 0.70606
 0.7124
 0.70871
 0.72636
 0.71299
 0
 0
 0.33333
 0.75
 1
 0.5
 0.4
 0.4
 0.7
 0.5
 0.7
 0.73333
 0.6
 0.66667
 0.73333
 0.75
 0.8
 0.68333
 0.6333299999999999
 0.6
 0.62
 0.59
 0.64
 0.59
 0.6
 0.65333
 0.55333
 0.61333
 0.51333
 0.5
 0
 0
 0.71477
 0.86304
 0.88148
 0.7461
 0.65035
 0.7461
 0.71082
 0.72798
 0.68026
 0.70266
 0.60899
 0.65489
 0.67504
 0.71069
 0.69629
 0.6828
 0.68466
 0.4948
 0.63317
 0.6777
 0.67013
 0.67828
 0.6571399999999999
 0.63007
 0.63891
 0.68548
 0.67711
 0.73595
 0
 0
 0.40376
 0.7253500000000001
 0.89084
 0.55568
 0.5421899999999999
 0.64436
 0.49096
 0.62031
 0.69215
 0.58424
 0.52319
 0.6026
 0.67117
 0.68701
 0.72616
 0.64927
 0.66859
 0.59075
 0.59121
 0.59395
 0.60634
 0.61439
 0.65069
 0.66332
 0.66022
 0.66739
 0.70719
 0.71435
 0
 0
 0.33333
 1
 1
 0.66667
 0.57143
 0.875
 0.44444
 0.9
 0.45455
 0.66667
 0.61538
 0.44444
 0.2
 0.66667
 0
 1
 0
 0
 1
 0
 1
 0
 1
 0
 0
 1
 0
 1
 0
 0
 0.23852
 0.86605
 0.89566
 0.63419
 0.50658
 0.76208
 0.49856
 0.7086
 0.59202
 0.60553
 0.5571700000000001
 0.56392
 0.57975
 0.69568
 0.61558
 0.68821
 0.59628
 0.54861
 0.72909
 0.46168
 0.75798
 0.52193
 0.67493
 0.59263
 0.60669
 0.72575
 0.62059
 0.61765
 0
 0
 0.36788
 0.7922400000000001
 0.84817
 0.7057600000000001
 0.69833
 0.78993
 0.65813
 0.72182
 0.69242
 0.68153
 0.7083700000000001
 0.70158
 0.72148
 0.72877
 0.73125
 0.71745
 0.70901
 0.63397
 0.67548
 0.70726
 0.68218
 0.69469
 0.7120300000000001
 0.6826100000000001
 0.72387
 0.67669
 0.73014
 0.7335700000000001
 0
 0
 0.39361
 0.70497
 0.8251500000000001
 0.53465
 0.52199
 0.65305
 0.53605
 0.57306
 0.61755
 0.54526
 0.51753
 0.58402
 0.60762
 0.61588
 0.6364
 0.57846
 0.605
 0.55944
 0.55858
 0.57828
 0.5772
 0.59148
 0.60667
 0.58653
 0.608
 0.60932
 0.6339
 0.63796
 0
 0
 0.93114
 0.93531
 0.91009
 0.93527
 0.8974299999999999
 0.9422199999999999
 0.90346
 0.93681
 0.91774
 0.91648
 0.92174
 0.92732
 0.91916
 0.90567
 0.91064
 0.917
 0.91001
 0.9098000000000001
 0.91043
 0.90886
 0.90868
 0.91047
 0.90137
 0.8982599999999999
 0.9186800000000001
 0.89996
 0.90051
 0.90639
 0
 0
 0.23134
 0.80338
 0.85842
 0.53856
 0.51629
 0.60284
 0.5157
 0.59788
 0.58061
 0.5900300000000001
 0.53373
 0.56507
 0.58267
 0.65534
 0.59761
 0.62719
 0.60072
 0.59822
 0.60988
 0.58016
 0.63108
 0.61955
 0.63923
 0.63766
 0.60545
 0.67903
 0.63115
 0.70395
 0
 0
 0.36788
 0.78725
 0.84817
 0.67565
 0.72272
 0.77605
 0.64658
 0.71783
 0.68152
 0.65633
 0.68176
 0.55366
 0.72655
 0.78172
 0.71212
 0.4035
 0.70846
 0.51696
 0.63248
 0.67389
 0.68648
 0.63168
 0.69157
 0.60936
 0.68664
 0.676
 0.70136
 0.68955
 0
 0
 0
 0
 0
 0
 0
 0
 0
 0
 0
 0
 0
 0
 0
 0
 0
 0
 0
 0
 0
 0
 0
 0
 0
 0
 0
 0
 0
 0
 0
 0
 0
 0
 0
 0
 0
 0
 0
 0
 0
 0
 0
 0
 0
 0
 0
 0
 0
 0
 0
 0
 0
 0
 0
 0
 0
 0
 0
 0
 0
 0
 0
 0
 0
 0
 0
 0
 0
 0
 0
 0
 0
 0
 0
 0
 0
 0
 0
 0
 0
 0
 0
 0
 0
 0
 0
 0
 0
 0
 0
 0
 0
 0
 0
 0
 0
 0
 0
 0
 0
 0
 0
 0
 0
 0
 0
 0
 0
 0
 0
 0
 0
 0
 0
 0
 0
 0
 0
 0
 0
 0
 0
 0
 0
 0
 0
 0
 0
 0
 0
 0
 0
 0
 0
 0
 0
 0
 0
 0
 0
 0
 0
 0
 0
 0
 0
 0
 0
 0
 0
 0
 0.9379
 0.87058
 0.93323
 0.92775
 0.92984
 0.91895
 0.91472
 0.91192
 0.91474
 0.89639
 0.91472
 0.90857
 0.91656
 0.91731
 0.91883
 0.91882
 0.91547
 0.90757
 0.89918
 0.90262
 0.89895
 0.90867
 0.89795
 0.90578
 0.89913
 0.9015300000000001
 0.89797
 0.91165
 0
 0
 0
 0
 0
 0
 0
 0
 0
 0
 0
 0
 0
 0
 0
 0
 0
 0
 0
 0
 0
 0
 0
 0
 0
 0
 0
 0
 0
 0
 0
 0
 0
 0
 0
 0
 0
 0
 0
 0
 0
 0
 0
 0
 0
 0
 0
 0
 0
 0
 0
 0
 0
 0
 0
 0
 0
 0
 0
 0


