# Created by Octave 4.0.0, Sat Nov 21 16:30:46 2015 W. Europe Standard Time <unknown@Florian-PC>
# name: mus
# type: matrix
# ndims: 3
 1 30 19
 0
 0
 0.70006
 0.63363
 0.69694
 0.65831
 0.64925
 0.66295
 0.68453
 0.65922
 0.6827299999999999
 0.67841
 0.68274
 0.67104
 0.62913
 0.66016
 0.68284
 0.66779
 0.67761
 0.6797800000000001
 0.6791
 0.67964
 0.678
 0.6768
 0.68225
 0.6767
 0.6787300000000001
 0.6768999999999999
 0.67186
 0.66893
 0
 0
 0.33333
 0
 0.2
 0.3
 0.4
 0.2
 0.5
 0.3
 0.36667
 0.16667
 0.3
 0.43333
 0.4
 0.41667
 0.46667
 0.55
 0.6
 0.45
 0.57
 0.5600000000000001
 0.74
 0.76
 0.64
 0.69333
 0.58667
 0.46667
 0.44667
 0.53333
 0
 0
 0.55752
 0.41495
 0.65989
 0.55279
 0.57639
 0.48426
 0.56047
 0.53137
 0.42536
 0.44903
 0.43428
 0.50203
 0.5704900000000001
 0.10805
 0.5007
 0.5145
 0.52413
 0.4941
 0.47102
 0.63079
 0.44944
 0.52014
 0.5757
 0.49817
 0.45694
 14.54593
 0.55726
 0.56989
 0
 0
 0.61112
 0.16321
 0.31002
 0.32794
 0.50963
 0.38902
 0.50551
 0.53909
 0.49132
 0.49997
 0.53181
 0.54411
 0.48574
 0.49756
 0.49002
 0.49721
 0.51794
 0.49291
 0.53057
 0.52515
 0.5411899999999999
 0.49545
 0.50592
 0.56899
 0.58371
 0.59331
 0.67865
 0.65483
 0
 0
 0.66667
 0
 0.4
 0.33333
 0.14286
 0.5
 0.44444
 0.3
 0.45455
 0.5
 0.61538
 0.44444
 0.2
 0.33333
 0
 1
 1
 0
 0
 1
 0
 1
 0
 1
 0
 0
 0
 0
 0
 0
 0.83333
 0.13891
 0.3375
 0.29167
 0.3631
 0.50179
 0.44841
 0.40357
 0.44621
 0.52803
 0.6172
 0.46784
 0.36364
 0.43388
 0.303
 0.69518
 0.68715
 0.32988
 0.22036
 0.50591
 0.49622
 0.54473
 0.25524
 0.7085399999999999
 0.44794
 0.25001
 0.60419
 0.33335
 0
 0
 0.78929
 0.47128
 0.6247200000000001
 0.56121
 0.6345
 0.58505
 0.59789
 0.5692
 0.69677
 0.57826
 0.59862
 0.6166199999999999
 0.62671
 0.57517
 0.61996
 0.5984
 0.67718
 0.66514
 0.67264
 0.70831
 0.67982
 0.67904
 0.6107399999999999
 0.62255
 0.62196
 0.60034
 0.61288
 0.63522
 0
 0
 0.61112
 0.16117
 0.34569
 0.38796
 0.50588
 0.50689
 0.4771
 0.52788
 0.5102
 0.51327
 0.53111
 0.56977
 0.53333
 0.5242599999999999
 0.49196
 0.52276
 0.5249200000000001
 0.50645
 0.5140400000000001
 0.50103
 0.52635
 0.51651
 0.50536
 0.56094
 0.58364
 0.54847
 0.64152
 0.64741
 0
 0
 1
 1
 1
 1
 1
 1
 1
 1
 1
 1
 1
 1
 1
 1
 1
 1
 1
 1
 1
 1
 1
 1
 1
 1
 1
 1
 1
 1
 0
 0
 0.83333
 0.12257
 0.3
 0.23223
 0.43115
 0.40821
 0.3891
 0.43489
 0.43855
 0.52871
 0.53672
 0.54719
 0.45596
 0.53525
 0.46121
 0.48114
 0.58902
 0.42398
 0.50266
 0.42604
 0.40205
 0.51611
 0.67583
 0.70317
 0.73408
 0.48757
 0.74814
 0.49641
 0
 0
 0.78929
 0.47203
 0.67835
 0.5614
 0.71802
 0.59069
 0.60728
 0.62195
 0.7428900000000001
 0.64296
 0.59851
 0.5718
 0.55144
 0.64259
 0.75261
 0.68682
 0.70973
 0.5789
 0.68346
 0.72079
 0.6091299999999999
 0.65964
 0.64773
 0.63478
 0.62939
 0.65767
 0.60867
 0.6529199999999999
 0
 0
 0
 0
 0
 0
 0
 0
 0
 0
 0
 0
 0
 0
 0
 0
 0
 0
 0
 0
 0
 0
 0
 0
 0
 0
 0
 0
 0
 0
 0
 0
 0
 0
 0
 0
 0
 0
 0
 0
 0
 0
 0
 0
 0
 0
 0
 0
 0
 0
 0
 0
 0
 0
 0
 0
 0
 0
 0
 0
 0
 0
 0
 0
 0
 0
 0
 0
 0
 0
 0
 0
 0
 0
 0
 0
 0
 0
 0
 0
 0
 0
 0
 0
 0
 0
 0
 0
 0
 0
 0
 0
 0
 0
 0
 0
 0
 0
 0
 0
 0
 0
 0
 0
 0
 0
 0
 0
 0
 0
 0
 0
 0
 0
 0
 0
 0
 0
 0
 0
 0
 0
 0
 0
 0
 0
 0
 0
 0
 0
 0
 0
 0
 0
 0
 0
 0
 0
 0
 0
 0
 0
 0
 0
 0
 0
 0
 0
 0
 0
 0
 0
 1
 1
 1
 1
 1
 1
 1
 1
 1
 1
 1
 1
 1
 1
 1
 1
 1
 1
 1
 1
 1
 1
 1
 1
 1
 1
 1
 1
 0
 0
 0
 0
 0
 0
 0
 0
 0
 0
 0
 0
 0
 0
 0
 0
 0
 0
 0
 0
 0
 0
 0
 0
 0
 0
 0
 0
 0
 0
 0
 0
 0
 0
 0
 0
 0
 0
 0
 0
 0
 0
 0
 0
 0
 0
 0
 0
 0
 0
 0
 0
 0
 0
 0
 0
 0
 0
 0
 0


# name: vars
# type: matrix
# ndims: 3
 1 30 19
 0
 0
 0.06800299999999999
 0.053253
 0.044879
 0.036004
 0.033461
 0.029523
 0.026366
 0.023103
 0.020991
 0.014735
 0.014608
 0.014476
 0.012854
 0.01378
 0.014235
 0.016376
 0.012097
 0.01112
 0.008397
 0.008323000000000001
 0.011995
 0.011882
 0.011149
 0.009412
 0.008257
 0.008035
 0.009892
 0.007351
 0
 0
 0.33333
 0
 0.2
 0.2
 0.175
 0.2
 0.125
 0.075
 0.17222
 0.05556
 0.03333
 0.07778
 0.07778
 0.09028
 0.01944
 0.02639
 0.1125
 0.075
 0.04325
 0.09425
 0.04675
 0.048
 0.028
 0.01022
 0.032
 0.01056
 0.00589
 0.01944
 0
 0
 0
 0
 0
 0
 0
 0
 0
 0
 0
 0
 0
 0
 0
 0
 0
 0
 0
 0
 0
 0
 0
 0
 0
 0
 0
 0
 0
 0
 0
 0
 0.22048
 0.00637
 0.033
 0.06024
 0.07775
 0.04523
 0.07214
 0.06016
 0.05591
 0.05696
 0.05461
 0.05807
 0.04811
 0.04996
 0.04623
 0.04612
 0.04792
 0.04528
 0.04519
 0.04561
 0.04406
 0.04438
 0.04192
 0.04209
 0.04172
 0.03915
 0.03898
 0.04003
 0
 0
 0
 0
 0
 0
 0
 0
 0
 0
 0
 0
 0
 0
 0
 0
 0
 0
 0
 0
 0
 0
 0
 0
 0
 0
 0
 0
 0
 0
 0
 0
 0
 0
 0
 0
 0
 0
 0
 0
 0
 0
 0
 0
 0
 0
 0
 0
 0
 0
 0
 0
 0
 0
 0
 0
 0
 0
 0
 0
 0
 0
 0
 0
 0
 0
 0
 0
 0
 0
 0
 0
 0
 0
 0
 0
 0
 0
 0
 0
 0
 0
 0
 0
 0
 0
 0
 0
 0
 0
 0
 0
 0.22048
 0.01606
 0.02217
 0.02274
 0.04174
 0.03709
 0.04517
 0.04524
 0.04252
 0.05521
 0.0452
 0.03969
 0.0367
 0.04087
 0.04765
 0.05103
 0.05671
 0.05965
 0.05993
 0.06642000000000001
 0.05898
 0.05622
 0.05383
 0.06003
 0.05348
 0.04529
 0.04518
 0.05584
 0
 0
 0
 0
 0
 0
 0
 0
 0
 0
 0
 0
 0
 0
 0
 0
 0
 0
 0
 0
 0
 0
 0
 0
 0
 0
 0
 0
 0
 0
 0
 0
 0
 0
 0
 0
 0
 0
 0
 0
 0
 0
 0
 0
 0
 0
 0
 0
 0
 0
 0
 0
 0
 0
 0
 0
 0
 0
 0
 0
 0
 0
 0
 0
 0
 0
 0
 0
 0
 0
 0
 0
 0
 0
 0
 0
 0
 0
 0
 0
 0
 0
 0
 0
 0
 0
 0
 0
 0
 0
 0
 0
 0
 0
 0
 0
 0
 0
 0
 0
 0
 0
 0
 0
 0
 0
 0
 0
 0
 0
 0
 0
 0
 0
 0
 0
 0
 0
 0
 0
 0
 0
 0
 0
 0
 0
 0
 0
 0
 0
 0
 0
 0
 0
 0
 0
 0
 0
 0
 0
 0
 0
 0
 0
 0
 0
 0
 0
 0
 0
 0
 0
 0
 0
 0
 0
 0
 0
 0
 0
 0
 0
 0
 0
 0
 0
 0
 0
 0
 0
 0
 0
 0
 0
 0
 0
 0
 0
 0
 0
 0
 0
 0
 0
 0
 0
 0
 0
 0
 0
 0
 0
 0
 0
 0
 0
 0
 0
 0
 0
 0
 0
 0
 0
 0
 0
 0
 0
 0
 0
 0
 0
 0
 0
 0
 0
 0
 0
 0
 0
 0
 0
 0
 0
 0
 0
 0
 0
 0
 0
 0
 0
 0
 0
 0
 0
 0
 0
 0
 0
 0
 0
 0
 0
 0
 0
 0
 0
 0
 0
 0
 0
 0
 0
 0
 0
 0
 0
 0
 0
 0
 0
 0
 0
 0
 0
 0
 0
 0
 0
 0
 0
 0
 0
 0
 0
 0
 0
 0
 0
 0
 0
 0
 0
 0
 0
 0
 0
 0
 0
 0
 0
 0
 0
 0
 0
 0
 0
 0
 0
 0
 0
 0
 0
 0
 0
 0
 0
 0
 0
 0
 0
 0
 0
 0
 0
 0
 0
 0
 0
 0
 0
 0
 0
 0
 0
 0
 0
 0
 0


