# Created by Octave 4.0.0, Sat Nov 21 16:38:44 2015 W. Europe Standard Time <unknown@Florian-PC>
# name: mus
# type: matrix
# ndims: 3
 1 30 19
 0
 0
 0.71285
 0.68486
 0.63231
 0.6460399999999999
 0.66148
 0.6450900000000001
 0.63484
 0.62905
 0.64911
 0.64597
 0.65543
 0.66099
 0.66275
 0.66462
 0.6642
 0.66218
 0.65969
 0.6573
 0.65737
 0.65526
 0.64967
 0.65259
 0.60507
 0.61669
 0.61981
 0.6252799999999999
 0.63348
 0.6293800000000001
 0
 0
 0.66667
 0.75
 0.6
 0.4
 0.5
 0.8
 0.5
 0.8
 0.73333
 0.8666700000000001
 0.9
 0.93333
 0.8666700000000001
 0.81667
 0.81667
 0.85
 0.85
 0.75
 0.76
 0.72
 0.7
 0.72
 0.76
 0.76667
 0.7466699999999999
 0.78
 0.72667
 0.73333
 0
 0
 0.75418
 0.7681
 0.69291
 0.76564
 0.70724
 0.75031
 0.67783
 0.80004
 0.8142200000000001
 0.81404
 0.84055
 0.87806
 0.78756
 0.76352
 0.77359
 0.7617699999999999
 0.79131
 0.74573
 0.75769
 0.77919
 0.76468
 0.75893
 0.74126
 0.77283
 0.75798
 0.7784799999999999
 0.73858
 0.7620400000000001
 0
 0
 0.80243
 0.71568
 0.6240599999999999
 0.58436
 0.64647
 0.6672400000000001
 0.64253
 0.70843
 0.77905
 0.80837
 0.83189
 0.82613
 0.76881
 0.77497
 0.79054
 0.75257
 0.77201
 0.72209
 0.74102
 0.71394
 0.72811
 0.73741
 0.72792
 0.72228
 0.70059
 0.7006599999999999
 0.68466
 0.70138
 0
 0
 1
 0.75
 0.2
 0.33333
 0.42857
 0.5
 0.44444
 0.6
 0.81818
 1
 0.92308
 0.77778
 0.8
 0.66667
 1
 1
 0
 0
 1
 0
 1
 1
 1
 1
 1
 1
 0
 1
 0
 0
 0.99432
 0.79858
 0.43332
 0.49663
 0.5690499999999999
 0.63912
 0.6128400000000001
 0.69411
 0.76744
 0.90078
 0.92519
 0.80327
 0.76799
 0.7538899999999999
 0.89379
 0.7478399999999999
 0.72925
 0.67223
 0.75939
 0.68325
 0.75907
 0.80687
 0.7956299999999999
 0.8033400000000001
 0.71335
 0.7528899999999999
 0.64595
 0.6934399999999999
 0
 0
 0.78929
 0.75986
 0.72721
 0.7280799999999999
 0.72967
 0.79959
 0.73628
 0.7884
 0.84768
 0.83291
 0.82179
 0.79884
 0.78978
 0.76769
 0.80149
 0.85126
 0.7812
 0.7358
 0.73744
 0.7638
 0.74881
 0.75944
 0.78791
 0.7715
 0.71568
 0.73549
 0.73789
 0.74749
 0
 0
 0.79963
 0.69407
 0.59061
 0.57572
 0.64502
 0.66835
 0.63456
 0.68407
 0.75434
 0.7907
 0.8187
 0.8304
 0.77851
 0.78977
 0.80524
 0.7731
 0.78585
 0.73873
 0.7521099999999999
 0.72404
 0.74049
 0.75284
 0.7421
 0.7305
 0.7135
 0.71451
 0.69955
 0.71433
 0
 0
 0.99999
 1
 1
 1
 1
 1
 1
 1
 1
 0.9981100000000001
 0.99048
 0.9881799999999999
 0.98065
 0.97899
 0.97597
 0.97294
 0.95929
 0.96488
 0.95909
 0.96669
 0.96429
 0.96427
 0.95261
 0.95216
 0.95168
 0.95341
 0.95327
 0.9373
 0
 0
 0.98658
 0.85018
 0.48099
 0.52199
 0.60173
 0.66978
 0.63533
 0.73769
 0.71833
 0.82383
 0.82581
 0.84977
 0.75231
 0.77111
 0.77456
 0.7749
 0.77818
 0.71476
 0.73511
 0.77815
 0.72792
 0.74054
 0.74579
 0.72056
 0.75492
 0.70156
 0.69717
 0.70426
 0
 0
 0.78929
 0.76328
 0.75225
 0.75281
 0.75621
 0.79763
 0.72953
 0.76856
 0.80565
 0.85176
 0.792
 0.75606
 0.75867
 0.7954599999999999
 0.78224
 0.77105
 0.75383
 0.71083
 0.75105
 0.7345699999999999
 0.72157
 0.75276
 0.77099
 0.7502
 0.74095
 0.75483
 0.7383999999999999
 0.73389
 0
 0
 0
 0
 0
 0
 0
 0
 0
 0
 0
 0
 0
 0
 0
 0
 0
 0
 0
 0
 0
 0
 0
 0
 0
 0
 0
 0
 0
 0
 0
 0
 0
 0
 0
 0
 0
 0
 0
 0
 0
 0
 0
 0
 0
 0
 0
 0
 0
 0
 0
 0
 0
 0
 0
 0
 0
 0
 0
 0
 0
 0
 0
 0
 0
 0
 0
 0
 0
 0
 0
 0
 0
 0
 0
 0
 0
 0
 0
 0
 0
 0
 0
 0
 0
 0
 0
 0
 0
 0
 0
 0
 0
 0
 0
 0
 0
 0
 0
 0
 0
 0
 0
 0
 0
 0
 0
 0
 0
 0
 0
 0
 0
 0
 0
 0
 0
 0
 0
 0
 0
 0
 0
 0
 0
 0
 0
 0
 0
 0
 0
 0
 0
 0
 0
 0
 0
 0
 0
 0
 0
 0
 0
 0
 0
 0
 0
 0
 0
 0
 0
 0
 0.99997
 1
 1
 1
 1
 1
 1
 1
 0.99999
 0.99574
 0.99139
 0.98905
 0.98375
 0.98097
 0.97087
 0.97172
 0.9589
 0.9671
 0.96501
 0.95907
 0.96039
 0.964
 0.96305
 0.95777
 0.9499
 0.95769
 0.95184
 0.9408
 0
 0
 0
 0
 0
 0
 0
 0
 0
 0
 0
 0
 0
 0
 0
 0
 0
 0
 0
 0
 0
 0
 0
 0
 0
 0
 0
 0
 0
 0
 0
 0
 0
 0
 0
 0
 0
 0
 0
 0
 0
 0
 0
 0
 0
 0
 0
 0
 0
 0
 0
 0
 0
 0
 0
 0
 0
 0
 0
 0


