# Created by Octave 4.0.0, Sat Nov 21 16:30:45 2015 W. Europe Standard Time <unknown@Florian-PC>
# name: mus
# type: matrix
# ndims: 3
 1 30 19
 0
 0
 0.70785
 0.66871
 0.70474
 0.69454
 0.61979
 0.62612
 0.55723
 0.55531
 0.5383599999999999
 0.5274
 0.51802
 0.52651
 0.53277
 0.53013
 0.52545
 0.5275
 0.52976
 0.53146
 0.53165
 0.5356
 0.53261
 0.53547
 0.53859
 0.54496
 0.5460199999999999
 0.54548
 0.55117
 0.54915
 0
 0
 0.33333
 0.25
 0
 0.2
 0.5
 0.5
 0.3
 0.3
 0.36667
 0.5
 0.53333
 0.56667
 0.46667
 0.5
 0.51667
 0.55
 0.53333
 0.5
 0.51
 0.5
 0.49
 0.51
 0.48
 0.45333
 0.48
 0.5
 0.48667
 0.5
 0
 0
 0.58122
 0.5965200000000001
 0.46427
 0.50763
 0.44819
 0.49462
 0.2056
 0.50581
 0.53626
 0.53814
 0.50371
 0.52312
 0.48833
 0.54953
 0.5425
 0.47516
 0.5038
 0.49018
 0.52362
 0.50623
 0.48056
 0.47715
 0.49685
 0.46901
 0.51417
 0.51251
 0.50007
 0.51487
 0
 0
 0.44446
 0.47225
 0.29085
 0.36132
 0.4533
 0.41982
 0.46034
 0.4292
 0.48851
 0.5329
 0.54342
 0.49056
 0.48657
 0.51458
 0.53259
 0.5537300000000001
 0.51866
 0.50261
 0.51328
 0.4998
 0.47888
 0.50996
 0.47322
 0.46189
 0.47943
 0.5105499999999999
 0.47909
 0.49685
 0
 0
 0
 0
 0
 0.33333
 0
 0.375
 0.5555600000000001
 0.6
 0.54545
 0.33333
 0.30769
 0.44444
 0.6
 0
 1
 1
 1
 1
 0
 0
 1
 1
 1
 1
 0
 1
 0
 1
 0
 0
 0.16669
 0.38891
 0.22085
 0.32917
 0.23453
 0.35268
 0.52778
 0.54359
 0.55114
 0.4423
 0.44665
 0.45056
 0.56758
 0.32746
 0.7638
 0.76679
 0.6630200000000001
 0.52296
 0.38969
 0.2778
 0.67671
 0.67706
 0.93735
 0.57741
 0.41669
 0.76306
 0.1875
 0.64378
 0
 0
 0.36788
 0.81394
 0.58671
 0.8585700000000001
 0.55687
 0.56962
 0.57343
 0.54181
 0.60503
 0.59234
 0.6942
 0.56882
 0.53242
 0.67699
 0.55891
 0.56391
 0.60991
 0.5299199999999999
 0.58968
 0.50209
 0.49571
 0.5236499999999999
 0.51009
 0.46323
 0.49467
 0.50436
 0.5055500000000001
 0.55821
 0
 0
 0.44446
 0.51596
 0.35747
 0.40738
 0.46956
 0.46458
 0.50315
 0.45179
 0.51712
 0.54276
 0.57024
 0.51578
 0.50581
 0.57597
 0.52846
 0.54635
 0.52677
 0.52006
 0.51174
 0.48765
 0.47752
 0.49325
 0.46831
 0.45919
 0.48022
 0.51694
 0.47301
 0.50162
 0
 0
 1
 1
 1
 1
 1
 1
 1
 1
 1
 1
 1
 1
 1
 1
 1
 1
 1
 1
 1
 1
 1
 1
 1
 1
 1
 1
 1
 1
 0
 0
 0.16669
 0.47061
 0.21836
 0.32582
 0.30833
 0.36712
 0.43551
 0.37357
 0.44554
 0.48726
 0.49826
 0.4839
 0.43631
 0.46847
 0.49252
 0.59612
 0.53876
 0.46037
 0.5525099999999999
 0.55333
 0.4899
 0.27682
 0.68701
 0.73747
 0.59173
 0.31423
 0.24432
 0.49644
 0
 0
 0.36788
 0.81394
 0.6067399999999999
 0.87757
 0.59114
 0.70034
 0.59662
 0.70421
 0.86686
 0.66194
 0.64051
 0.61053
 0.63986
 0.53581
 0.60508
 0.72951
 0.49729
 0.5458499999999999
 0.54413
 0.55472
 0.50854
 0.55987
 0.50896
 0.47767
 0.51111
 0.53418
 0.5685
 0.55799
 0
 0
 0
 0
 0
 0
 0
 0
 0
 0
 0
 0
 0
 0
 0
 0
 0
 0
 0
 0
 0
 0
 0
 0
 0
 0
 0
 0
 0
 0
 0
 0
 0
 0
 0
 0
 0
 0
 0
 0
 0
 0
 0
 0
 0
 0
 0
 0
 0
 0
 0
 0
 0
 0
 0
 0
 0
 0
 0
 0
 0
 0
 0
 0
 0
 0
 0
 0
 0
 0
 0
 0
 0
 0
 0
 0
 0
 0
 0
 0
 0
 0
 0
 0
 0
 0
 0
 0
 0
 0
 0
 0
 0
 0
 0
 0
 0
 0
 0
 0
 0
 0
 0
 0
 0
 0
 0
 0
 0
 0
 0
 0
 0
 0
 0
 0
 0
 0
 0
 0
 0
 0
 0
 0
 0
 0
 0
 0
 0
 0
 0
 0
 0
 0
 0
 0
 0
 0
 0
 0
 0
 0
 0
 0
 0
 0
 0
 0
 0
 0
 0
 0
 1
 1
 1
 1
 1
 1
 1
 1
 1
 1
 1
 1
 1
 1
 1
 1
 1
 1
 1
 1
 1
 1
 1
 1
 1
 1
 1
 1
 0
 0
 0
 0
 0
 0
 0
 0
 0
 0
 0
 0
 0
 0
 0
 0
 0
 0
 0
 0
 0
 0
 0
 0
 0
 0
 0
 0
 0
 0
 0
 0
 0
 0
 0
 0
 0
 0
 0
 0
 0
 0
 0
 0
 0
 0
 0
 0
 0
 0
 0
 0
 0
 0
 0
 0
 0
 0
 0
 0


# name: vars
# type: matrix
# ndims: 3
 1 30 19
 0
 0
 0.078197
 0.056993
 0.041067
 0.037252
 0.036157
 0.030828
 0.025998
 0.023385
 0.022145
 0.016089
 0.017767
 0.015733
 0.01661
 0.016328
 0.012665
 0.017093
 0.013197
 0.014056
 0.013867
 0.010984
 0.009756000000000001
 0.009926000000000001
 0.007169
 0.011286
 0.01124
 0.009201000000000001
 0.012222
 0.007063
 0
 0
 0.33333
 0.25
 0
 0.2
 0.25
 0.25
 0.075
 0.075
 0.04722
 0.13889
 0.075
 0.07778
 0.03333
 0.08333
 0.03611
 0.02639
 0.03681
 0.03125
 0.038
 0.03625
 0.043
 0.0255
 0.012
 0.03422
 0.007
 0.01889
 0.02311
 0.02778
 0
 0
 0
 0
 0
 0
 0
 0
 0
 0
 0
 0
 0
 0
 0
 0
 0
 0
 0
 0
 0
 0
 0
 0
 0
 0
 0
 0
 0
 0
 0
 0
 0.18402
 0.04444
 0.00967
 0.05984
 0.07786
 0.06136
 0.06852
 0.06219
 0.06779
 0.04908
 0.05393
 0.05165
 0.05415
 0.05334
 0.04869
 0.05145
 0.04567
 0.0443
 0.04415
 0.04677
 0.04412
 0.03749
 0.04247
 0.03724
 0.03808
 0.04074
 0.03968
 0.03983
 0
 0
 0
 0
 0
 0
 0
 0
 0
 0
 0
 0
 0
 0
 0
 0
 0
 0
 0
 0
 0
 0
 0
 0
 0
 0
 0
 0
 0
 0
 0
 0
 0
 0
 0
 0
 0
 0
 0
 0
 0
 0
 0
 0
 0
 0
 0
 0
 0
 0
 0
 0
 0
 0
 0
 0
 0
 0
 0
 0
 0
 0
 0
 0
 0
 0
 0
 0
 0
 0
 0
 0
 0
 0
 0
 0
 0
 0
 0
 0
 0
 0
 0
 0
 0
 0
 0
 0
 0
 0
 0
 0
 0.18402
 0.03906
 0.02208
 0.03644
 0.04876
 0.04577
 0.03917
 0.03923
 0.04378
 0.04213
 0.037
 0.04242
 0.05065
 0.03731
 0.0365
 0.04605
 0.04201
 0.04445
 0.04668
 0.05105
 0.04942
 0.05014
 0.04952
 0.04916
 0.054
 0.05139
 0.05338
 0.0499
 0
 0
 0
 0
 0
 0
 0
 0
 0
 0
 0
 0
 0
 0
 0
 0
 0
 0
 0
 0
 0
 0
 0
 0
 0
 0
 0
 0
 0
 0
 0
 0
 0
 0
 0
 0
 0
 0
 0
 0
 0
 0
 0
 0
 0
 0
 0
 0
 0
 0
 0
 0
 0
 0
 0
 0
 0
 0
 0
 0
 0
 0
 0
 0
 0
 0
 0
 0
 0
 0
 0
 0
 0
 0
 0
 0
 0
 0
 0
 0
 0
 0
 0
 0
 0
 0
 0
 0
 0
 0
 0
 0
 0
 0
 0
 0
 0
 0
 0
 0
 0
 0
 0
 0
 0
 0
 0
 0
 0
 0
 0
 0
 0
 0
 0
 0
 0
 0
 0
 0
 0
 0
 0
 0
 0
 0
 0
 0
 0
 0
 0
 0
 0
 0
 0
 0
 0
 0
 0
 0
 0
 0
 0
 0
 0
 0
 0
 0
 0
 0
 0
 0
 0
 0
 0
 0
 0
 0
 0
 0
 0
 0
 0
 0
 0
 0
 0
 0
 0
 0
 0
 0
 0
 0
 0
 0
 0
 0
 0
 0
 0
 0
 0
 0
 0
 0
 0
 0
 0
 0
 0
 0
 0
 0
 0
 0
 0
 0
 0
 0
 0
 0
 0
 0
 0
 0
 0
 0
 0
 0
 0
 0
 0
 0
 0
 0
 0
 0
 0
 0
 0
 0
 0
 0
 0
 0
 0
 0
 0
 0
 0
 0
 0
 0
 0
 0
 0
 0
 0
 0
 0
 0
 0
 0
 0
 0
 0
 0
 0
 0
 0
 0
 0
 0
 0
 0
 0
 0
 0
 0
 0
 0
 0
 0
 0
 0
 0
 0
 0
 0
 0
 0
 0
 0
 0
 0
 0
 0
 0
 0
 0
 0
 0
 0
 0
 0
 0
 0
 0
 0
 0
 0
 0
 0
 0
 0
 0
 0
 0
 0
 0
 0
 0
 0
 0
 0
 0
 0
 0
 0
 0
 0
 0
 0
 0
 0
 0
 0
 0
 0
 0
 0
 0
 0
 0
 0
 0
 0
 0
 0


