# Created by Octave 4.0.0, Sat Nov 21 16:30:36 2015 W. Europe Standard Time <unknown@Florian-PC>
# name: mus
# type: matrix
# ndims: 3
 1 30 19
 0
 0
 0.50083
 0.6085700000000001
 0.52925
 0.53623
 0.5353
 0.60379
 0.60581
 0.6212299999999999
 0.61597
 0.69575
 0.68506
 0.63923
 0.66891
 0.64007
 0.6574
 0.66105
 0.6565299999999999
 0.64719
 0.6450399999999999
 0.64366
 0.64957
 0.6480900000000001
 0.65127
 0.64939
 0.64871
 0.649
 0.65072
 0.64915
 0
 0
 1
 0.25
 0.4
 1
 0.7
 0.5
 0.6
 0.5
 0.53333
 0.66667
 0.5
 0.5
 0.66667
 0.75
 0.65
 0.66667
 0.6
 0.65
 0.8
 0.87
 0.87
 0.83
 0.76
 0.78
 0.76667
 0.79333
 0.86
 0.9
 0
 0
 1
 0.5618300000000001
 0.66676
 0.69968
 0.80299
 0.59833
 0.63801
 0.5506799999999999
 0.44364
 0.65266
 0.6923899999999999
 0.7043700000000001
 0.73512
 0.80996
 0.70464
 0.73008
 0.81503
 0.81364
 0.81219
 0.84821
 0.86621
 0.84916
 0.84384
 0.85785
 0.89236
 0.8855
 0.89635
 0.8962599999999999
 0
 0
 1
 0.4653
 0.44835
 0.8372000000000001
 0.8787700000000001
 0.70504
 0.58388
 0.64368
 0.6593
 0.61367
 0.68579
 0.80244
 0.80629
 0.80688
 0.77064
 0.7323499999999999
 0.8368100000000001
 0.86283
 0.88547
 0.91442
 0.90471
 0.8995300000000001
 0.87456
 0.91226
 0.91308
 0.9236799999999999
 0.92839
 0.93488
 0
 0
 1
 0.75
 0.4
 0.83333
 0.71429
 0.625
 0.33333
 0.3
 0.54545
 0.66667
 0.69231
 1
 0.8
 0
 0.5
 1
 1
 0
 0
 1
 1
 1
 1
 1
 1
 1
 0
 1
 0
 0
 1
 0.75
 0.5
 0.975
 0.83929
 0.58929
 0.50149
 0.4627
 0.56395
 0.675
 0.68054
 0.91752
 0.81412
 0.52313
 0.6083499999999999
 0.87878
 0.94356
 0.63489
 0.6863899999999999
 1.05843
 1.02267
 1
 0.98577
 0.97085
 1.03527
 1
 0.75
 1.02481
 0
 0
 1
 0.68591
 0.6996599999999999
 0.64777
 0.8061199999999999
 0.72439
 0.67806
 0.6477000000000001
 0.6909999999999999
 0.68791
 0.72249
 0.74363
 0.8701
 0.89994
 0.85525
 0.82911
 0.85193
 0.83151
 0.83855
 0.87101
 0.8539099999999999
 0.87548
 0.86569
 0.91595
 0.87342
 0.91648
 0.92466
 0.90368
 0
 0
 1
 0.46203
 0.46688
 0.73782
 0.82031
 0.71031
 0.65112
 0.67216
 0.6855599999999999
 0.68369
 0.70912
 0.77263
 0.7880200000000001
 0.79012
 0.78639
 0.77393
 0.8365899999999999
 0.84505
 0.86753
 0.87971
 0.90294
 0.88618
 0.87416
 0.88559
 0.91004
 0.90122
 0.92106
 0.92681
 0
 0
 1
 1
 1
 1
 1
 1
 1
 1
 1
 1
 1
 1
 1
 1
 1
 1
 1
 1
 1
 1
 1
 1
 1
 1
 1
 1
 1
 1
 0
 0
 1
 0.67647
 0.58923
 0.92332
 1.02875
 0.56971
 0.63484
 0.53843
 0.5812
 0.60698
 0.64767
 0.73636
 0.91654
 0.81586
 0.69115
 0.70641
 0.925
 0.78094
 0.98678
 1.02063
 0.86045
 0.98834
 0.86842
 0.8285400000000001
 0.88773
 0.99168
 1
 0.87115
 0
 0
 1
 0.72567
 0.74164
 0.63522
 0.6839499999999999
 0.77151
 0.6892200000000001
 0.6508699999999999
 0.6976599999999999
 0.72254
 0.74252
 0.77862
 0.7813
 0.90542
 0.80909
 0.8207100000000001
 0.94592
 0.82146
 0.98012
 0.9678099999999999
 0.91909
 0.99832
 0.91238
 0.96467
 0.88439
 0.99943
 0.90141
 0.91266
 0
 0
 0
 0
 0
 0
 0
 0
 0
 0
 0
 0
 0
 0
 0
 0
 0
 0
 0
 0
 0
 0
 0
 0
 0
 0
 0
 0
 0
 0
 0
 0
 0
 0
 0
 0
 0
 0
 0
 0
 0
 0
 0
 0
 0
 0
 0
 0
 0
 0
 0
 0
 0
 0
 0
 0
 0
 0
 0
 0
 0
 0
 0
 0
 0
 0
 0
 0
 0
 0
 0
 0
 0
 0
 0
 0
 0
 0
 0
 0
 0
 0
 0
 0
 0
 0
 0
 0
 0
 0
 0
 0
 0
 0
 0
 0
 0
 0
 0
 0
 0
 0
 0
 0
 0
 0
 0
 0
 0
 0
 0
 0
 0
 0
 0
 0
 0
 0
 0
 0
 0
 0
 0
 0
 0
 0
 0
 0
 0
 0
 0
 0
 0
 0
 0
 0
 0
 0
 0
 0
 0
 0
 0
 0
 0
 0
 0
 0
 0
 0
 0
 0
 1
 1
 1
 1
 1
 1
 1
 1
 1
 1
 1
 1
 1
 1
 1
 1
 1
 1
 1
 1
 1
 1
 1
 1
 1
 1
 1
 1
 0
 0
 0
 0
 0
 0
 0
 0
 0
 0
 0
 0
 0
 0
 0
 0
 0
 0
 0
 0
 0
 0
 0
 0
 0
 0
 0
 0
 0
 0
 0
 0
 0
 0
 0
 0
 0
 0
 0
 0
 0
 0
 0
 0
 0
 0
 0
 0
 0
 0
 0
 0
 0
 0
 0
 0
 0
 0
 0
 0


# name: vars
# type: matrix
# ndims: 3
 1 30 19
 0
 0
 0.08245
 0.053615
 0.045595
 0.045942
 0.03544
 0.030658
 0.03001
 0.025052
 0.018503
 0.02092
 0.017008
 0.016669
 0.016718
 0.01712
 0.014836
 0.010676
 0.012163
 0.012123
 0.01
 0.010819
 0.011461
 0.008854000000000001
 0.008831
 0.008725
 0.008241
 0.012251
 0.012377
 0.007063
 0
 0
 0
 0.25
 0.3
 0
 0.2
 0.25
 0.3
 0.125
 0.25556
 0.04167
 0.08333
 0.02778
 0.11111
 0.02083
 0.008330000000000001
 0.01042
 0.08125
 0.08125
 0.04375
 0.0345
 0.0345
 0.0295
 0.028
 0.052
 0.06889000000000001
 0.04689
 0.02022
 0.02222
 0
 0
 0
 0
 0
 0
 0
 0
 0
 0
 0
 0
 0
 0
 0
 0
 0
 0
 0
 0
 0
 0
 0
 0
 0
 0
 0
 0
 0
 0
 0
 0
 0
 0.10406
 0.09234000000000001
 0.05689
 0.04079
 0.06361
 0.07549
 0.06557
 0.04875
 0.05709
 0.04951
 0.04318
 0.03957
 0.03338
 0.04098
 0.04152
 0.03201
 0.02334
 0.01962
 0.01492
 0.01713
 0.01784
 0.02173
 0.0152
 0.01481
 0.01301
 0.01247
 0.01118
 0
 0
 0
 0
 0
 0
 0
 0
 0
 0
 0
 0
 0
 0
 0
 0
 0
 0
 0
 0
 0
 0
 0
 0
 0
 0
 0
 0
 0
 0
 0
 0
 0
 0
 0
 0
 0
 0
 0
 0
 0
 0
 0
 0
 0
 0
 0
 0
 0
 0
 0
 0
 0
 0
 0
 0
 0
 0
 0
 0
 0
 0
 0
 0
 0
 0
 0
 0
 0
 0
 0
 0
 0
 0
 0
 0
 0
 0
 0
 0
 0
 0
 0
 0
 0
 0
 0
 0
 0
 0
 0
 0
 0
 0.09733
 0.11615
 0.08177
 0.04581
 0.03132
 0.03215
 0.0389
 0.02832
 0.03108
 0.03088
 0.03287
 0.02701
 0.02856
 0.03061
 0.03058
 0.02955
 0.02467
 0.02238
 0.01881
 0.01591
 0.01727
 0.02033
 0.01717
 0.01312
 0.01506
 0.01475
 0.01317
 0
 0
 0
 0
 0
 0
 0
 0
 0
 0
 0
 0
 0
 0
 0
 0
 0
 0
 0
 0
 0
 0
 0
 0
 0
 0
 0
 0
 0
 0
 0
 0
 0
 0
 0
 0
 0
 0
 0
 0
 0
 0
 0
 0
 0
 0
 0
 0
 0
 0
 0
 0
 0
 0
 0
 0
 0
 0
 0
 0
 0
 0
 0
 0
 0
 0
 0
 0
 0
 0
 0
 0
 0
 0
 0
 0
 0
 0
 0
 0
 0
 0
 0
 0
 0
 0
 0
 0
 0
 0
 0
 0
 0
 0
 0
 0
 0
 0
 0
 0
 0
 0
 0
 0
 0
 0
 0
 0
 0
 0
 0
 0
 0
 0
 0
 0
 0
 0
 0
 0
 0
 0
 0
 0
 0
 0
 0
 0
 0
 0
 0
 0
 0
 0
 0
 0
 0
 0
 0
 0
 0
 0
 0
 0
 0
 0
 0
 0
 0
 0
 0
 0
 0
 0
 0
 0
 0
 0
 0
 0
 0
 0
 0
 0
 0
 0
 0
 0
 0
 0
 0
 0
 0
 0
 0
 0
 0
 0
 0
 0
 0
 0
 0
 0
 0
 0
 0
 0
 0
 0
 0
 0
 0
 0
 0
 0
 0
 0
 0
 0
 0
 0
 0
 0
 0
 0
 0
 0
 0
 0
 0
 0
 0
 0
 0
 0
 0
 0
 0
 0
 0
 0
 0
 0
 0
 0
 0
 0
 0
 0
 0
 0
 0
 0
 0
 0
 0
 0
 0
 0
 0
 0
 0
 0
 0
 0
 0
 0
 0
 0
 0
 0
 0
 0
 0
 0
 0
 0
 0
 0
 0
 0
 0
 0
 0
 0
 0
 0
 0
 0
 0
 0
 0
 0
 0
 0
 0
 0
 0
 0
 0
 0
 0
 0
 0
 0
 0
 0
 0
 0
 0
 0
 0
 0
 0
 0
 0
 0
 0
 0
 0
 0
 0
 0
 0
 0
 0
 0
 0
 0
 0
 0
 0
 0
 0
 0
 0
 0
 0
 0
 0
 0
 0
 0
 0
 0
 0
 0
 0
 0


