# Created by Octave 4.0.0, Sat Nov 21 16:30:54 2015 W. Europe Standard Time <unknown@Florian-PC>
# name: mus
# type: matrix
# ndims: 3
 1 30 19
 0
 0
 0.72677
 0.72773
 0.72368
 0.7291
 0.73541
 0.7299099999999999
 0.71692
 0.7324000000000001
 0.73054
 0.73378
 0.7133
 0.68834
 0.63081
 0.61998
 0.64444
 0.65769
 0.66249
 0.65
 0.65602
 0.6494
 0.60609
 0.6294999999999999
 0.65803
 0.66648
 0.64394
 0.6582
 0.6485
 0.64972
 0
 0
 0.33333
 0.75
 1
 1
 0.7
 0.5
 0.8
 0.7
 0.83333
 0.83333
 0.83333
 0.8
 0.6
 0.75
 0.75
 0.65
 0.83333
 0.85
 0.85
 0.91
 0.79
 0.88
 0.84
 0.80667
 0.72667
 0.72667
 0.66
 0.7
 0
 0
 0.57581
 0.91526
 0.9144
 0.90834
 0.84322
 0.77954
 0.8626200000000001
 0.88706
 0.89739
 0.8242699999999999
 0.84784
 0.77783
 0.68292
 0.76144
 0.71335
 0.71475
 0.76088
 0.75368
 0.77758
 0.82646
 0.73913
 0.79487
 0.79764
 0.7445000000000001
 0.7156400000000001
 0.72346
 0.65135
 0.67427
 0
 0
 0.20746
 0.88327
 0.86255
 0.97319
 0.72498
 0.74922
 0.80205
 0.83519
 0.88191
 0.8521300000000001
 0.79037
 0.7885799999999999
 0.59696
 0.68759
 0.67699
 0.72342
 0.77245
 0.76489
 0.78447
 0.78971
 0.73768
 0.75631
 0.76751
 0.73329
 0.65644
 0.69249
 0.65399
 0.67711
 0
 0
 0
 0.25
 1
 1
 0.85714
 0.625
 0.33333
 0.6
 0.81818
 0.91667
 1
 0.88889
 0.6
 0.66667
 0.5
 0
 1
 1
 1
 1
 1
 1
 1
 1
 1
 0
 0
 1
 0
 0
 0.06435
 0.27878
 0.92719
 0.99028
 0.80226
 0.67337
 0.6696299999999999
 0.77542
 0.85066
 0.83608
 0.86817
 0.80813
 0.60966
 0.6715
 0.64298
 0.51244
 0.80772
 0.77208
 0.85082
 0.7585499999999999
 0.8476399999999999
 0.7972900000000001
 0.84476
 0.82007
 0.63067
 0.54454
 0.60723
 0.728
 0
 0
 0.78929
 0.6914
 0.84139
 0.82422
 0.92403
 0.78162
 0.82508
 0.90915
 0.91288
 0.8406400000000001
 0.8217
 0.76702
 0.69008
 0.72249
 0.73907
 0.80071
 0.78624
 0.78344
 0.76288
 0.77954
 0.75543
 0.80344
 0.75885
 0.73038
 0.68853
 0.71585
 0.7131999999999999
 0.71252
 0
 0
 0.20179
 0.86919
 0.80835
 0.93216
 0.7488
 0.73547
 0.7910700000000001
 0.81023
 0.83291
 0.81975
 0.77139
 0.7427
 0.58919
 0.66011
 0.65228
 0.65843
 0.68764
 0.6823
 0.69438
 0.70469
 0.6647999999999999
 0.68514
 0.68708
 0.6541400000000001
 0.5975200000000001
 0.6281600000000001
 0.6075700000000001
 0.62709
 0
 0
 0.91996
 0.92799
 0.91996
 0.90243
 0.91028
 0.93893
 0.91334
 0.92199
 0.92167
 0.92732
 0.92148
 0.91314
 0.92482
 0.91658
 0.9024
 0.91147
 0.92293
 0.9069199999999999
 0.90196
 0.89856
 0.90777
 0.89868
 0.91215
 0.90823
 0.91415
 0.89234
 0.91251
 0.8946499999999999
 0
 0
 0.06345000000000001
 0.32891
 0.89685
 0.99098
 0.78637
 0.72785
 0.76225
 0.77998
 0.8391999999999999
 0.81257
 0.81662
 0.78348
 0.6183
 0.67402
 0.70399
 0.66373
 0.77815
 0.7894
 0.77497
 0.81272
 0.74314
 0.7674299999999999
 0.76429
 0.73395
 0.64861
 0.63143
 0.63645
 0.68846
 0
 0
 0.78929
 0.74552
 0.82629
 0.81151
 0.92648
 0.7477
 0.77811
 0.88286
 0.84959
 0.81656
 0.76813
 0.75497
 0.67392
 0.7207
 0.47339
 0.7539400000000001
 0.7422299999999999
 0.78915
 0.7692
 0.80508
 0.72729
 0.81891
 0.74407
 0.73668
 0.7095399999999999
 0.69745
 0.69637
 0.68829
 0
 0
 0
 0
 0
 0
 0
 0
 0
 0
 0
 0
 0
 0
 0
 0
 0
 0
 0
 0
 0
 0
 0
 0
 0
 0
 0
 0
 0
 0
 0
 0
 0
 0
 0
 0
 0
 0
 0
 0
 0
 0
 0
 0
 0
 0
 0
 0
 0
 0
 0
 0
 0
 0
 0
 0
 0
 0
 0
 0
 0
 0
 0
 0
 0
 0
 0
 0
 0
 0
 0
 0
 0
 0
 0
 0
 0
 0
 0
 0
 0
 0
 0
 0
 0
 0
 0
 0
 0
 0
 0
 0
 0
 0
 0
 0
 0
 0
 0
 0
 0
 0
 0
 0
 0
 0
 0
 0
 0
 0
 0
 0
 0
 0
 0
 0
 0
 0
 0
 0
 0
 0
 0
 0
 0
 0
 0
 0
 0
 0
 0
 0
 0
 0
 0
 0
 0
 0
 0
 0
 0
 0
 0
 0
 0
 0
 0
 0
 0
 0
 0
 0
 0.91944
 0.9008
 0.9330000000000001
 0.92488
 0.90898
 0.91628
 0.91011
 0.92295
 0.92471
 0.91716
 0.91937
 0.91182
 0.92408
 0.9202900000000001
 0.91233
 0.91683
 0.92631
 0.92122
 0.90707
 0.89866
 0.90041
 0.90447
 0.91245
 0.90338
 0.90273
 0.91227
 0.90262
 0.91159
 0
 0
 0
 0
 0
 0
 0
 0
 0
 0
 0
 0
 0
 0
 0
 0
 0
 0
 0
 0
 0
 0
 0
 0
 0
 0
 0
 0
 0
 0
 0
 0
 0
 0
 0
 0
 0
 0
 0
 0
 0
 0
 0
 0
 0
 0
 0
 0
 0
 0
 0
 0
 0
 0
 0
 0
 0
 0
 0
 0


