# Created by Octave 4.0.0, Sat Nov 21 16:30:30 2015 W. Europe Standard Time <unknown@Florian-PC>
# name: mus
# type: matrix
# ndims: 3
 1 30 19
 0
 0
 0.62883
 0.63864
 0.69972
 0.6984399999999999
 0.6970499999999999
 0.69308
 0.69403
 0.69162
 0.68871
 0.68904
 0.68497
 0.69099
 0.69468
 0.71596
 0.7163
 0.7194199999999999
 0.71757
 0.71292
 0.70835
 0.71075
 0.70884
 0.71396
 0.71268
 0.71739
 0.71409
 0.71931
 0.71218
 0.71243
 0
 0
 0.33333
 0.75
 0.4
 0.5
 0.9
 0.7
 0.8
 0.9
 0.93333
 0.93333
 0.9
 1
 0.93333
 0.8666700000000001
 0.93333
 0.9
 0.85
 0.85
 0.85
 0.78
 0.77
 0.8
 0.8
 0.81333
 0.82
 0.7466699999999999
 0.72
 0.76667
 0
 0
 0.51086
 0.79545
 0.68824
 0.65011
 0.83038
 0.77881
 0.90927
 0.83462
 0.89593
 0.90395
 0.94109
 0.9311
 0.9049
 0.86219
 0.9005
 0.92027
 0.8582
 0.84231
 0.84037
 0.81099
 0.80159
 0.77533
 0.82246
 0.79032
 0.83114
 0.81675
 0.8024
 0.79474
 0
 0
 0.36027
 0.64945
 0.45526
 0.59421
 0.70845
 0.73983
 0.83685
 0.83182
 0.8647
 0.87022
 0.8823800000000001
 0.89455
 0.86146
 0.7932900000000001
 0.81343
 0.82733
 0.84313
 0.77373
 0.7861900000000001
 0.74285
 0.75547
 0.75231
 0.76389
 0.7774
 0.78911
 0.7840200000000001
 0.75323
 0.76607
 0
 0
 0.33333
 0.75
 0.4
 0.16667
 0.57143
 0.875
 0.77778
 1
 0.90909
 0.91667
 0.92308
 1
 0.6
 1
 1
 1
 1
 1
 1
 1
 1
 1
 1
 1
 1
 1
 1
 1
 0
 0
 0.41666
 0.81121
 0.5522
 0.57395
 0.65518
 0.86181
 0.79637
 0.93085
 0.85806
 0.91527
 0.95566
 0.88507
 0.8526899999999999
 0.78423
 0.76651
 0.88192
 0.83117
 0.77488
 0.77998
 0.77602
 0.8004
 0.78743
 0.76353
 0.86237
 0.80783
 0.79732
 0.75035
 0.74421
 0
 0
 0.57859
 0.73037
 0.83235
 0.78828
 0.8213200000000001
 0.8180500000000001
 0.8178
 0.90091
 0.86755
 0.87742
 0.87871
 0.88566
 0.85651
 0.82517
 0.86434
 0.86348
 0.87261
 0.81916
 0.80124
 0.76432
 0.78284
 0.79688
 0.81396
 0.82839
 0.82412
 0.81692
 0.80186
 0.81538
 0
 0
 0.36073
 0.68029
 0.42429
 0.65783
 0.77832
 0.7531600000000001
 0.83345
 0.8135
 0.85537
 0.86641
 0.89107
 0.88576
 0.85984
 0.7829199999999999
 0.82474
 0.83504
 0.84235
 0.7914099999999999
 0.8028999999999999
 0.74688
 0.7684800000000001
 0.76305
 0.77566
 0.7932900000000001
 0.79649
 0.79171
 0.76633
 0.77838
 0
 0
 0.99956
 1
 1
 1
 1
 1
 1
 1
 1
 1
 0.99307
 0.97928
 0.98294
 0.97736
 0.9706
 0.97295
 0.97171
 0.9585900000000001
 0.96225
 0.9541500000000001
 0.9544899999999999
 0.95748
 0.95912
 0.95209
 0.96033
 0.96348
 0.95897
 0.94547
 0
 0
 0.41663
 0.82984
 0.57851
 0.66343
 0.73783
 0.82573
 0.83501
 0.87979
 0.86359
 0.8511
 0.9406099999999999
 0.93564
 0.84565
 0.78328
 0.88739
 0.92293
 0.8321
 0.81211
 0.7908500000000001
 0.73555
 0.75784
 0.74965
 0.7669
 0.80827
 0.80365
 0.78615
 0.7694800000000001
 0.77871
 0
 0
 0.57859
 0.71991
 0.81186
 0.79548
 0.8116100000000001
 0.8039500000000001
 0.81607
 0.80508
 0.86107
 0.86005
 0.86542
 0.86748
 0.82897
 0.8136100000000001
 0.81938
 0.83578
 0.85279
 0.8005
 0.79588
 0.7777500000000001
 0.77463
 0.77689
 0.78749
 0.81795
 0.81717
 0.80403
 0.79408
 0.80365
 0
 0
 0
 0
 0
 0
 0
 0
 0
 0
 0
 0
 0
 0
 0
 0
 0
 0
 0
 0
 0
 0
 0
 0
 0
 0
 0
 0
 0
 0
 0
 0
 0
 0
 0
 0
 0
 0
 0
 0
 0
 0
 0
 0
 0
 0
 0
 0
 0
 0
 0
 0
 0
 0
 0
 0
 0
 0
 0
 0
 0
 0
 0
 0
 0
 0
 0
 0
 0
 0
 0
 0
 0
 0
 0
 0
 0
 0
 0
 0
 0
 0
 0
 0
 0
 0
 0
 0
 0
 0
 0
 0
 0
 0
 0
 0
 0
 0
 0
 0
 0
 0
 0
 0
 0
 0
 0
 0
 0
 0
 0
 0
 0
 0
 0
 0
 0
 0
 0
 0
 0
 0
 0
 0
 0
 0
 0
 0
 0
 0
 0
 0
 0
 0
 0
 0
 0
 0
 0
 0
 0
 0
 0
 0
 0
 0
 0
 0
 0
 0
 0
 0
 0.99999
 1
 1
 1
 1
 1
 1
 1
 0.99896
 0.99826
 0.99736
 0.98767
 0.98329
 0.97158
 0.9779600000000001
 0.96805
 0.96585
 0.96022
 0.96311
 0.9588
 0.9488799999999999
 0.96315
 0.95362
 0.95885
 0.95121
 0.9633699999999999
 0.9519
 0.94589
 0
 0
 0
 0
 0
 0
 0
 0
 0
 0
 0
 0
 0
 0
 0
 0
 0
 0
 0
 0
 0
 0
 0
 0
 0
 0
 0
 0
 0
 0
 0
 0
 0
 0
 0
 0
 0
 0
 0
 0
 0
 0
 0
 0
 0
 0
 0
 0
 0
 0
 0
 0
 0
 0
 0
 0
 0
 0
 0
 0


