# Created by Octave 4.0.0, Sat Nov 21 16:30:45 2015 W. Europe Standard Time <unknown@Florian-PC>
# name: mus
# type: matrix
# ndims: 3
 1 30 19
 0
 0
 0.38564
 0.47829
 0.62396
 0.62263
 0.58755
 0.6143999999999999
 0.6141799999999999
 0.59385
 0.5978
 0.60459
 0.59615
 0.59459
 0.60168
 0.61272
 0.62387
 0.60831
 0.60166
 0.60225
 0.60325
 0.61124
 0.61167
 0.61205
 0.61127
 0.6139
 0.57576
 0.57394
 0.5789800000000001
 0.57966
 0
 0
 0.66667
 0.75
 0.6
 0.8
 0.3
 0.7
 0.4
 0.5
 0.43333
 0.43333
 0.6
 0.66667
 0.73333
 0.5
 0.41667
 0.51667
 0.51667
 0.55
 0.5600000000000001
 0.41
 0.44
 0.45
 0.48
 0.46
 0.55333
 0.57333
 0.58667
 0.56667
 0
 0
 0.74901
 0.7612
 0.62541
 0.71938
 0.72372
 0.78392
 0.71365
 0.75145
 0.68737
 0.63556
 0.62898
 0.6109599999999999
 0.66337
 0.67528
 0.59334
 0.6103499999999999
 0.62817
 0.55642
 0.49483
 0.49148
 0.45576
 0.56738
 0.49707
 0.54936
 -0.09518
 0.63676
 0.48743
 0.58939
 0
 0
 0.8055600000000001
 0.8512
 0.69001
 0.79978
 0.66024
 0.76563
 0.80702
 0.84328
 0.81614
 0.81858
 0.6948800000000001
 0.6974900000000001
 0.6509
 0.60808
 0.60162
 0.69174
 0.66394
 0.69149
 0.62919
 0.58687
 0.53904
 0.60165
 0.57037
 0.52014
 0.5438
 0.52874
 0.5495
 0.56408
 0
 0
 0.66667
 0.5
 0.6
 1
 0.28571
 0.625
 1
 0.8
 0.72727
 0.91667
 0.76923
 0.5555600000000001
 1
 0.66667
 0.5
 1
 1
 1
 0
 1
 0
 1
 1
 0
 1
 0
 0
 1
 0
 0
 1
 0.61111
 0.625
 0.94167
 0.45417
 0.67857
 0.99641
 0.875
 0.74886
 0.93021
 0.7626500000000001
 0.62945
 0.81738
 0.65117
 0.53363
 0.74225
 0.8368100000000001
 0.91735
 0.41771
 0.73176
 0.14711
 0.84809
 0.74725
 0.39585
 0.7407899999999999
 0.27084
 0.33335
 0.61896
 0
 0
 0.57859
 0.85441
 0.59383
 0.6504799999999999
 0.73261
 0.80929
 0.63931
 0.77206
 0.73928
 0.71673
 0.71937
 0.77121
 0.74498
 0.75576
 0.6555299999999999
 0.69818
 0.6807
 0.64354
 0.62919
 0.58212
 0.58483
 0.60048
 0.55606
 0.54619
 0.6389899999999999
 0.67433
 0.67433
 0.60073
 0
 0
 0.8055600000000001
 0.7443
 0.57766
 0.741
 0.65432
 0.7281
 0.79148
 0.77935
 0.71228
 0.74291
 0.73037
 0.68963
 0.67659
 0.66334
 0.61951
 0.64592
 0.64999
 0.64055
 0.60177
 0.55966
 0.5246
 0.58768
 0.52963
 0.5111599999999999
 0.5584
 0.55437
 0.5479000000000001
 0.58168
 0
 0
 1
 1
 1
 1
 1
 1
 1
 1
 1
 1
 1
 1
 1
 1
 1
 1
 1
 1
 1
 1
 1
 1
 1
 1
 1
 1
 1
 1
 0
 0
 1
 0.62745
 0.54692
 0.52125
 0.55938
 0.83717
 0.79759
 0.86821
 0.71216
 0.79564
 0.74747
 0.64999
 0.64416
 0.6575800000000001
 0.7067
 0.60206
 0.64658
 0.71228
 0.68348
 0.5664400000000001
 0.46286
 0.57086
 0.6009
 0.50083
 0.59174
 0.29398
 0.49616
 0.73384
 0
 0
 0.57859
 0.85441
 0.65577
 0.66271
 0.78379
 0.86559
 0.69952
 0.68882
 0.7184199999999999
 0.69432
 0.7024899999999999
 0.6433
 0.80835
 0.66762
 0.65435
 0.62614
 0.68094
 0.6689000000000001
 0.68351
 0.62257
 0.60462
 0.57424
 0.5959
 0.65613
 0.69701
 0.6977100000000001
 0.59914
 0.61654
 0
 0
 0
 0
 0
 0
 0
 0
 0
 0
 0
 0
 0
 0
 0
 0
 0
 0
 0
 0
 0
 0
 0
 0
 0
 0
 0
 0
 0
 0
 0
 0
 0
 0
 0
 0
 0
 0
 0
 0
 0
 0
 0
 0
 0
 0
 0
 0
 0
 0
 0
 0
 0
 0
 0
 0
 0
 0
 0
 0
 0
 0
 0
 0
 0
 0
 0
 0
 0
 0
 0
 0
 0
 0
 0
 0
 0
 0
 0
 0
 0
 0
 0
 0
 0
 0
 0
 0
 0
 0
 0
 0
 0
 0
 0
 0
 0
 0
 0
 0
 0
 0
 0
 0
 0
 0
 0
 0
 0
 0
 0
 0
 0
 0
 0
 0
 0
 0
 0
 0
 0
 0
 0
 0
 0
 0
 0
 0
 0
 0
 0
 0
 0
 0
 0
 0
 0
 0
 0
 0
 0
 0
 0
 0
 0
 0
 0
 0
 0
 0
 0
 0
 1
 1
 1
 1
 1
 1
 1
 1
 1
 1
 1
 1
 1
 1
 1
 1
 1
 1
 1
 1
 1
 1
 1
 1
 1
 1
 1
 1
 0
 0
 0
 0
 0
 0
 0
 0
 0
 0
 0
 0
 0
 0
 0
 0
 0
 0
 0
 0
 0
 0
 0
 0
 0
 0
 0
 0
 0
 0
 0
 0
 0
 0
 0
 0
 0
 0
 0
 0
 0
 0
 0
 0
 0
 0
 0
 0
 0
 0
 0
 0
 0
 0
 0
 0
 0
 0
 0
 0


# name: vars
# type: matrix
# ndims: 3
 1 30 19
 0
 0
 0.07492500000000001
 0.069421
 0.048922
 0.036179
 0.0392
 0.03401
 0.022671
 0.022378
 0.017315
 0.019722
 0.01929
 0.018873
 0.014498
 0.012587
 0.009929
 0.013377
 0.011828
 0.01329
 0.012145
 0.012743
 0.007989
 0.01165
 0.010294
 0.008434000000000001
 0.006887
 0.009737000000000001
 0.012559
 0.011801
 0
 0
 0.33333
 0.25
 0.3
 0.2
 0.2
 0.075
 0.175
 0.25
 0.06389
 0.008330000000000001
 0.18889
 0.11111
 0.07778
 0.08333
 0.13889
 0.02917
 0.02222
 0.0125
 0.04925
 0.0105
 0.05425
 0.0425
 0.032
 0.028
 0.01089
 0.00522
 0.007
 0.008330000000000001
 0
 0
 0
 0
 0
 0
 0
 0
 0
 0
 0
 0
 0
 0
 0
 0
 0
 0
 0
 0
 0
 0
 0
 0
 0
 0
 0
 0
 0
 0
 0
 0
 0.15277
 0.06771000000000001
 0.11838
 0.08616
 0.08803999999999999
 0.05378
 0.05315
 0.03483
 0.03479
 0.04077
 0.05212
 0.04583
 0.05832
 0.05093
 0.04221
 0.04266
 0.04509
 0.04504
 0.0459
 0.04692
 0.04336
 0.04359
 0.03973
 0.04529
 0.03494
 0.04167
 0.04087
 0.04347
 0
 0
 0
 0
 0
 0
 0
 0
 0
 0
 0
 0
 0
 0
 0
 0
 0
 0
 0
 0
 0
 0
 0
 0
 0
 0
 0
 0
 0
 0
 0
 0
 0
 0
 0
 0
 0
 0
 0
 0
 0
 0
 0
 0
 0
 0
 0
 0
 0
 0
 0
 0
 0
 0
 0
 0
 0
 0
 0
 0
 0
 0
 0
 0
 0
 0
 0
 0
 0
 0
 0
 0
 0
 0
 0
 0
 0
 0
 0
 0
 0
 0
 0
 0
 0
 0
 0
 0
 0
 0
 0
 0
 0.15277
 0.04545
 0.07974000000000001
 0.05622
 0.04708
 0.03926
 0.05089
 0.04171
 0.03568
 0.03754
 0.04033
 0.04216
 0.04726
 0.04755
 0.04868
 0.06033
 0.05148
 0.0558
 0.05467
 0.0514
 0.05253
 0.05064
 0.05412
 0.05933
 0.04423
 0.04781
 0.03757
 0.04582
 0
 0
 0
 0
 0
 0
 0
 0
 0
 0
 0
 0
 0
 0
 0
 0
 0
 0
 0
 0
 0
 0
 0
 0
 0
 0
 0
 0
 0
 0
 0
 0
 0
 0
 0
 0
 0
 0
 0
 0
 0
 0
 0
 0
 0
 0
 0
 0
 0
 0
 0
 0
 0
 0
 0
 0
 0
 0
 0
 0
 0
 0
 0
 0
 0
 0
 0
 0
 0
 0
 0
 0
 0
 0
 0
 0
 0
 0
 0
 0
 0
 0
 0
 0
 0
 0
 0
 0
 0
 0
 0
 0
 0
 0
 0
 0
 0
 0
 0
 0
 0
 0
 0
 0
 0
 0
 0
 0
 0
 0
 0
 0
 0
 0
 0
 0
 0
 0
 0
 0
 0
 0
 0
 0
 0
 0
 0
 0
 0
 0
 0
 0
 0
 0
 0
 0
 0
 0
 0
 0
 0
 0
 0
 0
 0
 0
 0
 0
 0
 0
 0
 0
 0
 0
 0
 0
 0
 0
 0
 0
 0
 0
 0
 0
 0
 0
 0
 0
 0
 0
 0
 0
 0
 0
 0
 0
 0
 0
 0
 0
 0
 0
 0
 0
 0
 0
 0
 0
 0
 0
 0
 0
 0
 0
 0
 0
 0
 0
 0
 0
 0
 0
 0
 0
 0
 0
 0
 0
 0
 0
 0
 0
 0
 0
 0
 0
 0
 0
 0
 0
 0
 0
 0
 0
 0
 0
 0
 0
 0
 0
 0
 0
 0
 0
 0
 0
 0
 0
 0
 0
 0
 0
 0
 0
 0
 0
 0
 0
 0
 0
 0
 0
 0
 0
 0
 0
 0
 0
 0
 0
 0
 0
 0
 0
 0
 0
 0
 0
 0
 0
 0
 0
 0
 0
 0
 0
 0
 0
 0
 0
 0
 0
 0
 0
 0
 0
 0
 0
 0
 0
 0
 0
 0
 0
 0
 0
 0
 0
 0
 0
 0
 0
 0
 0
 0
 0
 0
 0
 0
 0
 0
 0
 0
 0
 0
 0
 0
 0
 0
 0
 0
 0
 0
 0
 0
 0
 0
 0
 0
 0


