# Created by Octave 4.0.0, Sat Nov 21 16:30:44 2015 W. Europe Standard Time <unknown@Florian-PC>
# name: mus
# type: matrix
# ndims: 3
 1 30 19
 0
 0
 0.4975
 0.49722
 0.52813
 0.49666
 0.59255
 0.64844
 0.6287
 0.65698
 0.65748
 0.6621899999999999
 0.66165
 0.65639
 0.6565800000000001
 0.65346
 0.6518
 0.61953
 0.6313
 0.64944
 0.62756
 0.6348
 0.63619
 0.64696
 0.63042
 0.6406500000000001
 0.62542
 0.63449
 0.6395999999999999
 0.62881
 0
 0
 1
 1
 0.4
 0.5
 0.3
 0.4
 0.7
 0.6
 0.53333
 0.66667
 0.6
 0.6
 0.66667
 0.68333
 0.73333
 0.38333
 0.46667
 0.45
 0.48
 0.46
 0.48
 0.49
 0.5600000000000001
 0.54
 0.6
 0.6
 0.52
 0.6
 0
 0
 1
 1
 0.64094
 0.589
 0.39061
 0.48081
 0.53359
 0.59949
 0.53439
 0.59924
 0.56742
 0.50851
 0.56894
 0.59715
 0.63586
 0.56066
 0.41082
 0.37999
 0.41124
 0.22408
 0.47807
 0.56226
 0.5662700000000001
 0.59506
 0.50762
 0.52211
 0.61742
 0.60995
 0
 0
 1
 1
 0.45882
 0.39672
 0.36896
 0.61737
 0.51466
 0.58655
 0.48722
 0.55879
 0.50543
 0.43704
 0.51758
 0.58501
 0.62491
 0.40072
 0.45652
 0.47709
 0.44158
 0.46853
 0.51052
 0.5296999999999999
 0.51664
 0.54097
 0.5164299999999999
 0.53332
 0.55618
 0.55191
 0
 0
 1
 1
 0
 0.66667
 0
 0.375
 0.66667
 0.4
 0.54545
 0.75
 0.53846
 0.33333
 0.8
 0.66667
 1
 0
 0
 1
 1
 0
 1
 0
 0
 1
 0
 1
 0
 0
 0
 0
 1
 1
 0.14188
 0.5515
 0.15439
 0.51241
 0.55154
 0.5253100000000001
 0.50122
 0.6489200000000001
 0.50173
 0.398
 0.60633
 0.62116
 0.72593
 0.29741
 0.37108
 0.55455
 0.5273600000000001
 0.44076
 0.61464
 0.5273099999999999
 0.38827
 0.5053800000000001
 0.44189
 0.58958
 0.46522
 0.42842
 0
 0
 1
 1
 0.63872
 0.53239
 0.58213
 0.65708
 0.59441
 0.65824
 0.64195
 0.64327
 0.72163
 0.5174299999999999
 0.64772
 0.65624
 0.65685
 0.6005200000000001
 0.59907
 0.58255
 0.61447
 0.57991
 0.59568
 0.62508
 0.5710499999999999
 0.6253
 0.57889
 0.59118
 0.57054
 0.6119599999999999
 0
 0
 1
 1
 0.43378
 0.41221
 0.39189
 0.56638
 0.48091
 0.59418
 0.50506
 0.54642
 0.51378
 0.47025
 0.51855
 0.55918
 0.59341
 0.45956
 0.48458
 0.49272
 0.4672
 0.48321
 0.51287
 0.5243
 0.51773
 0.52259
 0.51228
 0.52716
 0.53388
 0.52298
 0
 0
 0.91409
 0.92167
 0.9309500000000001
 0.92782
 0.92888
 0.91016
 0.93088
 0.92972
 0.92614
 0.91473
 0.92502
 0.92639
 0.89675
 0.8948
 0.90537
 0.91056
 0.90551
 0.90318
 0.92118
 0.90923
 0.90729
 0.8956
 0.90501
 0.90325
 0.90444
 0.91534
 0.90183
 0.90652
 0
 0
 1
 1
 0.22092
 0.71392
 0.21064
 0.59961
 0.48054
 0.54981
 0.51
 0.54995
 0.52145
 0.40796
 0.52314
 0.57562
 0.63656
 0.39203
 0.43575
 0.49469
 0.46835
 0.46725
 0.5115499999999999
 0.5432900000000001
 0.51566
 0.52404
 0.51063
 0.52722
 0.53798
 0.54061
 0
 0
 1
 1
 0.6875
 0.54068
 0.6470399999999999
 0.65199
 0.55444
 0.6972
 0.67098
 0.62212
 0.78978
 0.63666
 0.64047
 0.63861
 0.63906
 0.57962
 0.43114
 0.59714
 0.59367
 0.60655
 0.61217
 0.59909
 0.61504
 0.61348
 0.54018
 0.61103
 0.59399
 0.58831
 0
 0
 0
 0
 0
 0
 0
 0
 0
 0
 0
 0
 0
 0
 0
 0
 0
 0
 0
 0
 0
 0
 0
 0
 0
 0
 0
 0
 0
 0
 0
 0
 0
 0
 0
 0
 0
 0
 0
 0
 0
 0
 0
 0
 0
 0
 0
 0
 0
 0
 0
 0
 0
 0
 0
 0
 0
 0
 0
 0
 0
 0
 0
 0
 0
 0
 0
 0
 0
 0
 0
 0
 0
 0
 0
 0
 0
 0
 0
 0
 0
 0
 0
 0
 0
 0
 0
 0
 0
 0
 0
 0
 0
 0
 0
 0
 0
 0
 0
 0
 0
 0
 0
 0
 0
 0
 0
 0
 0
 0
 0
 0
 0
 0
 0
 0
 0
 0
 0
 0
 0
 0
 0
 0
 0
 0
 0
 0
 0
 0
 0
 0
 0
 0
 0
 0
 0
 0
 0
 0
 0
 0
 0
 0
 0
 0
 0
 0
 0
 0
 0
 0
 0.89433
 0.88531
 0.90046
 0.94145
 0.90421
 0.89328
 0.90499
 0.91893
 0.92108
 0.91969
 0.9226799999999999
 0.90944
 0.92848
 0.91672
 0.90468
 0.90196
 0.90851
 0.8999
 0.90693
 0.91072
 0.90323
 0.90108
 0.9079199999999999
 0.9022
 0.90044
 0.9055299999999999
 0.90325
 0.90344
 0
 0
 0
 0
 0
 0
 0
 0
 0
 0
 0
 0
 0
 0
 0
 0
 0
 0
 0
 0
 0
 0
 0
 0
 0
 0
 0
 0
 0
 0
 0
 0
 0
 0
 0
 0
 0
 0
 0
 0
 0
 0
 0
 0
 0
 0
 0
 0
 0
 0
 0
 0
 0
 0
 0
 0
 0
 0
 0
 0


