# Created by Octave 4.0.0, Sat Nov 21 16:30:56 2015 W. Europe Standard Time <unknown@Florian-PC>
# name: mus
# type: matrix
# ndims: 3
 1 30 19
 0
 0
 0.58041
 0.62027
 0.7415
 0.73244
 0.7287400000000001
 0.74163
 0.7158
 0.72235
 0.72217
 0.72371
 0.7251
 0.72475
 0.7226900000000001
 0.72879
 0.72504
 0.7295199999999999
 0.72428
 0.72753
 0.72885
 0.7279600000000001
 0.7461
 0.74493
 0.74817
 0.75195
 0.7385
 0.74302
 0.73776
 0.73616
 0
 0
 0.66667
 0.75
 0.6
 0.6
 0.9
 0.8
 0.9
 0.9
 0.9
 0.9
 0.93333
 0.93333
 0.93333
 0.93333
 0.93333
 0.95
 0.95
 0.95
 0.95
 0.95
 0.87
 0.88
 0.68
 0.68667
 0.6333299999999999
 0.68
 0.68667
 0.7
 0
 0
 0.70825
 0.77388
 0.61681
 0.71323
 0.75606
 0.79516
 0.8962599999999999
 0.87569
 0.89375
 0.8995
 0.9045800000000001
 0.9106300000000001
 0.93921
 0.94194
 0.93743
 0.96853
 0.95649
 0.94071
 0.96126
 0.97026
 0.85707
 0.8774999999999999
 0.77611
 0.81048
 0.76118
 0.81355
 0.80444
 0.81468
 0
 0
 0.61112
 0.80457
 0.60584
 0.75869
 0.90022
 0.85007
 0.92015
 0.92863
 0.94928
 0.96028
 0.94962
 0.9567099999999999
 0.95612
 0.96397
 0.96244
 0.97126
 0.96358
 0.97432
 0.97258
 0.97797
 0.82308
 0.8939
 0.71607
 0.82933
 0.72185
 0.74965
 0.76807
 0.76351
 0
 0
 0.66667
 0.75
 0.4
 0.66667
 0.71429
 0.875
 1
 0.9
 0.72727
 1
 1
 1
 0.8
 0.66667
 1
 1
 1
 1
 1
 1
 1
 1
 0
 1
 0
 1
 0
 0
 0
 0
 1
 1
 0.55
 0.71667
 0.80357
 0.875
 1.0377
 0.9533700000000001
 0.84678
 1.01717
 1.01579
 1.0405
 0.88715
 0.8904300000000001
 1.02953
 0.97756
 0.9611499999999999
 1.02394
 1.03448
 1.02083
 1.03444
 1
 0.64064
 0.88086
 0.71875
 0.875
 0.625
 0.68753
 0
 0
 0.57859
 0.82348
 0.70358
 0.78977
 0.8756699999999999
 0.83113
 0.83651
 0.8697
 0.91365
 0.89666
 0.91251
 0.9065800000000001
 0.91388
 0.94304
 0.95614
 0.98715
 0.97618
 0.98284
 0.99394
 0.97748
 0.90401
 0.99639
 0.81884
 0.83272
 0.80737
 0.83929
 0.82846
 0.79245
 0
 0
 0.61112
 0.74263
 0.7135
 0.76383
 0.8643
 0.84856
 0.91468
 0.89737
 0.94874
 0.9379999999999999
 0.96404
 0.95713
 0.95465
 0.98223
 0.98572
 0.98347
 0.98342
 0.9815199999999999
 0.97651
 0.98101
 0.83488
 0.8764
 0.771
 0.82178
 0.74524
 0.77155
 0.75864
 0.78394
 0
 0
 1
 1
 1
 1
 1
 1
 1
 1
 1
 1
 1
 1
 1
 1
 1
 1
 1
 1
 1
 1
 1
 1
 1
 1
 1
 1
 1
 1
 0
 0
 1
 1.02451
 0.6523099999999999
 0.7475000000000001
 0.93619
 0.78531
 0.95023
 0.83969
 0.93428
 0.93411
 0.94111
 0.96941
 0.91675
 0.99764
 0.98458
 0.9564
 0.95225
 1.13356
 1.02127
 1.11783
 0.90413
 0.98813
 0.68629
 0.81879
 1.03008
 0.88151
 0.99986
 0.87115
 0
 0
 0.57859
 0.82348
 0.74602
 0.86783
 0.78895
 0.76303
 0.95802
 0.8951
 0.85446
 0.87802
 0.9061900000000001
 0.90426
 0.91796
 1.05139
 1.02247
 1.15748
 0.93933
 1.01407
 1.04852
 1.08321
 0.9607
 0.94737
 0.8668
 0.97078
 0.81528
 0.94837
 0.89806
 0.8615699999999999
 0
 0
 0
 0
 0
 0
 0
 0
 0
 0
 0
 0
 0
 0
 0
 0
 0
 0
 0
 0
 0
 0
 0
 0
 0
 0
 0
 0
 0
 0
 0
 0
 0
 0
 0
 0
 0
 0
 0
 0
 0
 0
 0
 0
 0
 0
 0
 0
 0
 0
 0
 0
 0
 0
 0
 0
 0
 0
 0
 0
 0
 0
 0
 0
 0
 0
 0
 0
 0
 0
 0
 0
 0
 0
 0
 0
 0
 0
 0
 0
 0
 0
 0
 0
 0
 0
 0
 0
 0
 0
 0
 0
 0
 0
 0
 0
 0
 0
 0
 0
 0
 0
 0
 0
 0
 0
 0
 0
 0
 0
 0
 0
 0
 0
 0
 0
 0
 0
 0
 0
 0
 0
 0
 0
 0
 0
 0
 0
 0
 0
 0
 0
 0
 0
 0
 0
 0
 0
 0
 0
 0
 0
 0
 0
 0
 0
 0
 0
 0
 0
 0
 0
 1
 1
 1
 1
 1
 1
 1
 1
 1
 1
 1
 1
 1
 1
 1
 1
 1
 1
 1
 1
 1
 1
 1
 1
 1
 1
 1
 1
 0
 0
 0
 0
 0
 0
 0
 0
 0
 0
 0
 0
 0
 0
 0
 0
 0
 0
 0
 0
 0
 0
 0
 0
 0
 0
 0
 0
 0
 0
 0
 0
 0
 0
 0
 0
 0
 0
 0
 0
 0
 0
 0
 0
 0
 0
 0
 0
 0
 0
 0
 0
 0
 0
 0
 0
 0
 0
 0
 0


# name: vars
# type: matrix
# ndims: 3
 1 30 19
 0
 0
 0.077832
 0.054142
 0.042714
 0.029216
 0.027852
 0.023963
 0.020519
 0.022307
 0.017371
 0.018495
 0.013617
 0.014576
 0.010997
 0.012849
 0.009852
 0.008481000000000001
 0.009139
 0.007955
 0.0081
 0.00933
 0.009679
 0.007893000000000001
 0.007424
 0.006071
 0.006621
 0.006232
 0.007906
 0.005643
 0
 0
 0.33333
 0.25
 0.3
 0.3
 0.05
 0.075
 0.05
 0.05
 0.05
 0.05
 0.02222
 0.02222
 0.02222
 0.02222
 0.02222
 0.0125
 0.0125
 0.0125
 0.0125
 0.0125
 0.0145
 0.012
 0.032
 0.03422
 0.03222
 0.01922
 0.02144
 0.01944
 0
 0
 0
 0
 0
 0
 0
 0
 0
 0
 0
 0
 0
 0
 0
 0
 0
 0
 0
 0
 0
 0
 0
 0
 0
 0
 0
 0
 0
 0
 0
 0
 0.22048
 0.10651
 0.09725
 0.05142
 0.02431
 0.02737
 0.01874
 0.01509
 0.01057
 0.00669
 0.009209999999999999
 0.00864
 0.00996
 0.00671
 0.00666
 0.00556
 0.00743
 0.0048
 0.00565
 0.00496
 0.03047
 0.01895
 0.03753
 0.02792
 0.03633
 0.03357
 0.0307
 0.03085
 0
 0
 0
 0
 0
 0
 0
 0
 0
 0
 0
 0
 0
 0
 0
 0
 0
 0
 0
 0
 0
 0
 0
 0
 0
 0
 0
 0
 0
 0
 0
 0
 0
 0
 0
 0
 0
 0
 0
 0
 0
 0
 0
 0
 0
 0
 0
 0
 0
 0
 0
 0
 0
 0
 0
 0
 0
 0
 0
 0
 0
 0
 0
 0
 0
 0
 0
 0
 0
 0
 0
 0
 0
 0
 0
 0
 0
 0
 0
 0
 0
 0
 0
 0
 0
 0
 0
 0
 0
 0
 0
 0
 0.22048
 0.0927
 0.05079
 0.02974
 0.03228
 0.01812
 0.0136
 0.02124
 0.0092
 0.01398
 0.008330000000000001
 0.01034
 0.01243
 0.00354
 0.00258
 0.00257
 0.00212
 0.00204
 0.00307
 0.00208
 0.04327
 0.03024
 0.04087
 0.03553
 0.04031
 0.0299
 0.03693
 0.03304
 0
 0
 0
 0
 0
 0
 0
 0
 0
 0
 0
 0
 0
 0
 0
 0
 0
 0
 0
 0
 0
 0
 0
 0
 0
 0
 0
 0
 0
 0
 0
 0
 0
 0
 0
 0
 0
 0
 0
 0
 0
 0
 0
 0
 0
 0
 0
 0
 0
 0
 0
 0
 0
 0
 0
 0
 0
 0
 0
 0
 0
 0
 0
 0
 0
 0
 0
 0
 0
 0
 0
 0
 0
 0
 0
 0
 0
 0
 0
 0
 0
 0
 0
 0
 0
 0
 0
 0
 0
 0
 0
 0
 0
 0
 0
 0
 0
 0
 0
 0
 0
 0
 0
 0
 0
 0
 0
 0
 0
 0
 0
 0
 0
 0
 0
 0
 0
 0
 0
 0
 0
 0
 0
 0
 0
 0
 0
 0
 0
 0
 0
 0
 0
 0
 0
 0
 0
 0
 0
 0
 0
 0
 0
 0
 0
 0
 0
 0
 0
 0
 0
 0
 0
 0
 0
 0
 0
 0
 0
 0
 0
 0
 0
 0
 0
 0
 0
 0
 0
 0
 0
 0
 0
 0
 0
 0
 0
 0
 0
 0
 0
 0
 0
 0
 0
 0
 0
 0
 0
 0
 0
 0
 0
 0
 0
 0
 0
 0
 0
 0
 0
 0
 0
 0
 0
 0
 0
 0
 0
 0
 0
 0
 0
 0
 0
 0
 0
 0
 0
 0
 0
 0
 0
 0
 0
 0
 0
 0
 0
 0
 0
 0
 0
 0
 0
 0
 0
 0
 0
 0
 0
 0
 0
 0
 0
 0
 0
 0
 0
 0
 0
 0
 0
 0
 0
 0
 0
 0
 0
 0
 0
 0
 0
 0
 0
 0
 0
 0
 0
 0
 0
 0
 0
 0
 0
 0
 0
 0
 0
 0
 0
 0
 0
 0
 0
 0
 0
 0
 0
 0
 0
 0
 0
 0
 0
 0
 0
 0
 0
 0
 0
 0
 0
 0
 0
 0
 0
 0
 0
 0
 0
 0
 0
 0
 0
 0
 0
 0
 0
 0
 0
 0
 0
 0
 0
 0
 0
 0
 0
 0


