# Created by Octave 4.0.0, Sat Nov 21 16:30:52 2015 W. Europe Standard Time <unknown@Florian-PC>
# name: mus
# type: matrix
# ndims: 3
 1 30 19
 0
 0
 0.53645
 0.56682
 0.62396
 0.6204
 0.6142300000000001
 0.6456499999999999
 0.69235
 0.67598
 0.69843
 0.6896
 0.7029
 0.70006
 0.70028
 0.6875
 0.69696
 0.71044
 0.70541
 0.70955
 0.6866100000000001
 0.68176
 0.66081
 0.68131
 0.6726799999999999
 0.67577
 0.62233
 0.59905
 0.63459
 0.65367
 0
 0
 0.33333
 0.75
 0.6
 0.4
 0.8
 0.7
 0.4
 0.5
 0.73333
 0.73333
 0.7
 0.73333
 0.8666700000000001
 0.7
 0.65
 0.65
 0.7
 0.65
 0.61
 0.73
 0.61
 0.62
 0.68
 0.64667
 0.6333299999999999
 0.6
 0.59333
 0.6333299999999999
 0
 0
 0.57048
 0.77393
 0.56164
 0.7261300000000001
 0.76978
 0.61387
 0.5184299999999999
 0.54582
 0.654
 0.70721
 0.75649
 0.77157
 0.79213
 0.64459
 0.6541400000000001
 0.62678
 0.6643
 0.70669
 0.68643
 0.70749
 0.71438
 0.6862
 0.69069
 0.6708
 0.67139
 0.7248599999999999
 0.68849
 0.66557
 0
 0
 0.21102
 0.63452
 0.59984
 0.62299
 0.7388
 0.63849
 0.54262
 0.6217200000000001
 0.7092000000000001
 0.7279600000000001
 0.7639899999999999
 0.79545
 0.81265
 0.6452599999999999
 0.66838
 0.64528
 0.65196
 0.6727
 0.62864
 0.62956
 0.63098
 0.63045
 0.64678
 0.65712
 0.65542
 0.6523099999999999
 0.64062
 0.59811
 0
 0
 1
 0.5
 1
 1
 0.71429
 0.75
 0.5555600000000001
 0.5
 0.63636
 0.66667
 0.69231
 0.77778
 1
 1
 1
 0
 0
 1
 1
 1
 1
 0
 0
 0
 1
 0
 0
 0
 0
 0
 0.65293
 0.52072
 0.85171
 0.88296
 0.7362
 0.7457
 0.55899
 0.59902
 0.67635
 0.68925
 0.72326
 0.81645
 0.88313
 0.7604
 0.7307900000000001
 0.58747
 0.5294
 0.63844
 0.72964
 0.64834
 0.63707
 0.59571
 0.63358
 0.62807
 0.76439
 0.6775
 0.62343
 0.50002
 0
 0
 0.36788
 0.77261
 0.7737000000000001
 0.68504
 0.74299
 0.6791199999999999
 0.60389
 0.70422
 0.63588
 0.71313
 0.74041
 0.76633
 0.77508
 0.6533099999999999
 0.68941
 0.72703
 0.68816
 0.73293
 0.7009
 0.66795
 0.73895
 0.72189
 0.76303
 0.76631
 0.70587
 0.70495
 0.71397
 0.72798
 0
 0
 0.2056
 0.59878
 0.57609
 0.63562
 0.6984900000000001
 0.60753
 0.5803
 0.60237
 0.63868
 0.6579
 0.70424
 0.71396
 0.7477200000000001
 0.6129
 0.62793
 0.62142
 0.63568
 0.64771
 0.61225
 0.61246
 0.62279
 0.61578
 0.63612
 0.63248
 0.63745
 0.63452
 0.62407
 0.60829
 0
 0
 0.92536
 0.9397799999999999
 0.90829
 0.9153
 0.9515
 0.9272899999999999
 0.92646
 0.91752
 0.91599
 0.90509
 0.92579
 0.92127
 0.91354
 0.9109699999999999
 0.90918
 0.90903
 0.90603
 0.89855
 0.90594
 0.90657
 0.89936
 0.90359
 0.90867
 0.9051900000000001
 0.90303
 0.88635
 0.9026
 0.90373
 0
 0
 0.66046
 0.52786
 0.77457
 0.7858000000000001
 0.657
 0.67383
 0.57457
 0.63824
 0.7087
 0.72475
 0.78565
 0.81865
 0.80047
 0.6202299999999999
 0.63034
 0.37949
 0.64107
 0.6558
 0.63226
 0.63147
 0.62148
 0.65516
 0.66365
 0.5916
 0.68679
 0.65149
 0.64462
 0.62552
 0
 0
 0.36788
 0.70294
 0.75924
 0.62705
 0.75566
 0.68045
 0.64062
 0.62308
 0.67455
 0.70939
 0.68989
 0.75675
 0.74527
 0.57431
 0.6903899999999999
 0.71706
 0.67921
 0.70385
 0.72037
 0.6171
 0.74383
 0.71736
 0.76707
 0.75197
 0.72716
 0.71684
 0.71775
 0.73864
 0
 0
 0
 0
 0
 0
 0
 0
 0
 0
 0
 0
 0
 0
 0
 0
 0
 0
 0
 0
 0
 0
 0
 0
 0
 0
 0
 0
 0
 0
 0
 0
 0
 0
 0
 0
 0
 0
 0
 0
 0
 0
 0
 0
 0
 0
 0
 0
 0
 0
 0
 0
 0
 0
 0
 0
 0
 0
 0
 0
 0
 0
 0
 0
 0
 0
 0
 0
 0
 0
 0
 0
 0
 0
 0
 0
 0
 0
 0
 0
 0
 0
 0
 0
 0
 0
 0
 0
 0
 0
 0
 0
 0
 0
 0
 0
 0
 0
 0
 0
 0
 0
 0
 0
 0
 0
 0
 0
 0
 0
 0
 0
 0
 0
 0
 0
 0
 0
 0
 0
 0
 0
 0
 0
 0
 0
 0
 0
 0
 0
 0
 0
 0
 0
 0
 0
 0
 0
 0
 0
 0
 0
 0
 0
 0
 0
 0
 0
 0
 0
 0
 0
 0.9795
 0.9737
 0.90625
 0.9136
 0.92064
 0.9198
 0.91274
 0.92256
 0.91864
 0.91203
 0.92867
 0.92138
 0.92066
 0.91506
 0.9135799999999999
 0.91282
 0.9155
 0.90543
 0.91291
 0.91653
 0.9026
 0.90812
 0.90535
 0.9073099999999999
 0.90545
 0.90473
 0.90227
 0.8902
 0
 0
 0
 0
 0
 0
 0
 0
 0
 0
 0
 0
 0
 0
 0
 0
 0
 0
 0
 0
 0
 0
 0
 0
 0
 0
 0
 0
 0
 0
 0
 0
 0
 0
 0
 0
 0
 0
 0
 0
 0
 0
 0
 0
 0
 0
 0
 0
 0
 0
 0
 0
 0
 0
 0
 0
 0
 0
 0
 0


