# Created by Octave 4.0.0, Sat Nov 21 16:30:48 2015 W. Europe Standard Time <unknown@Florian-PC>
# name: mus
# type: matrix
# ndims: 3
 1 30 19
 0
 0
 0.53645
 0.56682
 0.60279
 0.60089
 0.59422
 0.58147
 0.58571
 0.58492
 0.58768
 0.5878100000000001
 0.6073
 0.60784
 0.62409
 0.62221
 0.61965
 0.64141
 0.63806
 0.63539
 0.63922
 0.63206
 0.63462
 0.62782
 0.62873
 0.63266
 0.62823
 0.62863
 0.66157
 0.66893
 0
 0
 0.33333
 0.75
 0.6
 0.4
 0.7
 0.8
 0.8
 0.8
 0.83333
 0.83333
 0.8666700000000001
 0.83333
 0.8666700000000001
 0.8833299999999999
 0.8833299999999999
 0.83333
 0.85
 0.85
 0.85
 0.59
 0.61
 0.71
 0.64
 0.62
 0.62
 0.62
 0.76
 0.73333
 0
 0
 0.62976
 0.79149
 0.70329
 0.71133
 0.79667
 0.8346
 0.89718
 0.86095
 0.8409799999999999
 0.8708900000000001
 0.8176
 0.89289
 0.85472
 0.89793
 0.91593
 0.86995
 0.86335
 0.88319
 0.86539
 0.67133
 0.69416
 0.7002
 0.66723
 0.66906
 0.67432
 0.67296
 0.69737
 0.75162
 0
 0
 0.58041
 0.5935
 0.5326
 0.58485
 0.64966
 0.7184199999999999
 0.7266899999999999
 0.75692
 0.77732
 0.7984599999999999
 0.79749
 0.8062
 0.81373
 0.82855
 0.80589
 0.78998
 0.81428
 0.82551
 0.82129
 0.66275
 0.68243
 0.68221
 0.65428
 0.65937
 0.65345
 0.6413
 0.69387
 0.66918
 0
 0
 0.33333
 1
 0.8
 1
 0.57143
 0.875
 0.77778
 0.9
 0.90909
 0.91667
 0.92308
 0.88889
 0.4
 1
 1
 0
 1
 1
 1
 0
 1
 0
 1
 1
 1
 0
 1
 1
 0
 0
 0.33333
 0.63258
 0.53011
 0.78777
 0.65308
 0.75253
 0.84066
 0.70199
 0.79044
 0.79092
 0.74469
 0.81205
 0.82017
 0.9386100000000001
 0.77532
 0.73483
 0.88547
 0.81864
 0.91306
 0.5795
 0.69206
 0.6562
 0.67494
 0.63525
 0.74146
 0.61573
 0.6704599999999999
 0.646
 0
 0
 0.57859
 0.73741
 0.60547
 0.68504
 0.77182
 0.75868
 0.7739
 0.89161
 0.77124
 0.82891
 0.83452
 0.80457
 0.8491
 0.86603
 0.86477
 0.8125599999999999
 0.89274
 0.85889
 0.86288
 0.75182
 0.73504
 0.78481
 0.71535
 0.7430099999999999
 0.74963
 0.73728
 0.77108
 0.70788
 0
 0
 0.58094
 0.55746
 0.48868
 0.60517
 0.64773
 0.71451
 0.69007
 0.73725
 0.75262
 0.78239
 0.81502
 0.82489
 0.84182
 0.83851
 0.80707
 0.80989
 0.82862
 0.83836
 0.83244
 0.68166
 0.70586
 0.69748
 0.67522
 0.67108
 0.6626
 0.6531
 0.68846
 0.67414
 0
 0
 0.99988
 0.99999
 1
 1
 1
 1
 1
 1
 1
 1
 0.99879
 0.97722
 0.97687
 0.97073
 0.96711
 0.97046
 0.97093
 0.96462
 0.96544
 0.95839
 0.96253
 0.96017
 0.95463
 0.96201
 0.9635
 0.95164
 0.94021
 0.94559
 0
 0
 0.33333
 0.54348
 0.50112
 0.62701
 0.63311
 0.70481
 0.65039
 0.84449
 0.8660600000000001
 0.8751
 0.9117499999999999
 0.79206
 0.80785
 0.81726
 0.90616
 0.78016
 0.8474699999999999
 0.81364
 0.80859
 0.67555
 0.6944
 0.68996
 0.6674099999999999
 0.66564
 0.67255
 0.65473
 0.72265
 0.66821
 0
 0
 0.57859
 0.74144
 0.60087
 0.71458
 0.7611599999999999
 0.80169
 0.7505500000000001
 0.91769
 0.74126
 0.77626
 0.85426
 0.80998
 0.81198
 0.83517
 0.8162
 0.80652
 0.88226
 0.8127
 0.83461
 0.74129
 0.73042
 0.6824
 0.71805
 0.73103
 0.72571
 0.72177
 0.73939
 0.75274
 0
 0
 0
 0
 0
 0
 0
 0
 0
 0
 0
 0
 0
 0
 0
 0
 0
 0
 0
 0
 0
 0
 0
 0
 0
 0
 0
 0
 0
 0
 0
 0
 0
 0
 0
 0
 0
 0
 0
 0
 0
 0
 0
 0
 0
 0
 0
 0
 0
 0
 0
 0
 0
 0
 0
 0
 0
 0
 0
 0
 0
 0
 0
 0
 0
 0
 0
 0
 0
 0
 0
 0
 0
 0
 0
 0
 0
 0
 0
 0
 0
 0
 0
 0
 0
 0
 0
 0
 0
 0
 0
 0
 0
 0
 0
 0
 0
 0
 0
 0
 0
 0
 0
 0
 0
 0
 0
 0
 0
 0
 0
 0
 0
 0
 0
 0
 0
 0
 0
 0
 0
 0
 0
 0
 0
 0
 0
 0
 0
 0
 0
 0
 0
 0
 0
 0
 0
 0
 0
 0
 0
 0
 0
 0
 0
 0
 0
 0
 0
 0
 0
 0
 0.99996
 1
 1
 1
 1
 1
 1
 1
 1
 0.99926
 0.99551
 0.98713
 0.9783500000000001
 0.97366
 0.97014
 0.9772
 0.966
 0.96401
 0.9657
 0.95652
 0.9642500000000001
 0.95865
 0.95453
 0.96118
 0.96326
 0.95004
 0.94707
 0.94568
 0
 0
 0
 0
 0
 0
 0
 0
 0
 0
 0
 0
 0
 0
 0
 0
 0
 0
 0
 0
 0
 0
 0
 0
 0
 0
 0
 0
 0
 0
 0
 0
 0
 0
 0
 0
 0
 0
 0
 0
 0
 0
 0
 0
 0
 0
 0
 0
 0
 0
 0
 0
 0
 0
 0
 0
 0
 0
 0
 0


# name: vars
# type: matrix
# ndims: 3
 1 30 19
 0
 0
 0.080377
 0.05412
 0.047702
 0.043012
 0.032722
 0.03257
 0.024152
 0.024209
 0.023339
 0.017998
 0.019338
 0.016865
 0.013238
 0.014104
 0.014038
 0.014882
 0.011171
 0.01075
 0.014112
 0.010504
 0.011478
 0.010432
 0.007917
 0.011379
 0.010914
 0.008789
 0.008969
 0.007696
 0
 0
 0.33333
 0.25
 0.3
 0.3
 0.2
 0.075
 0.075
 0.075
 0.05556
 0.05556
 0.03333
 0.05556
 0.03333
 0.02639
 0.02639
 0.05556
 0.05
 0.05
 0.01875
 0.0305
 0.028
 0.0105
 0.028
 0.012
 0.02422
 0.04089
 0.02133
 0.02222
 0
 0
 0
 0
 0
 0
 0
 0
 0
 0
 0
 0
 0
 0
 0
 0
 0
 0
 0
 0
 0
 0
 0
 0
 0
 0
 0
 0
 0
 0
 0
 0
 0.24729
 0.06221
 0.03965
 0.04565
 0.02248
 0.0152
 0.01466
 0.0127
 0.01108
 0.00777
 0.008630000000000001
 0.00695
 0.00612
 0.00597
 0.00535
 0.00472
 0.00535
 0.00395
 0.00338
 0.00251
 0.0025
 0.002
 0.0022
 0.00178
 0.00165
 0.00174
 0.00198
 0.0017
 0
 0
 2.6519e-006
 1.584e-010
 5.1358e-015
 1.9545e-022
 1.3302e-031
 2.0054e-031
 7.8347e-031
 1.0001e-030
 2.7437e-029
 1.0024e-028
 6.4889e-015
 5.2085e-018
 2.3147e-008
 2.911e-006
 0.00051431
 2.6503e-005
 6.4091e-011
 2.8945e-005
 1.4314e-006
 1.0066e-005
 2.6648e-005
 3.6004e-005
 1.68e-006
 2.6476e-005
 0.00047871
 3.7158e-006
 2.3167e-005
 9.8731e-006
 0
 0
 0
 0
 0
 0
 0
 0
 0
 0
 0
 0
 0
 0
 0
 0
 0
 0
 0
 0
 0
 0
 0
 0
 0
 0
 0
 0
 0
 0
 0
 0
 0
 0
 0
 0
 0
 0
 0
 0
 0
 0
 0
 0
 0
 0
 0
 0
 0
 0
 0
 0
 0
 0
 0
 0
 0
 0
 0
 0
 0
 0
 0.24777
 0.06407
 0.02832
 0.04241
 0.03358
 0.01758
 0.01764
 0.02157
 0.0208
 0.01516
 0.01275
 0.01318
 0.00886
 0.0075
 0.008869999999999999
 0.00754
 0.0076
 0.00542
 0.00537
 0.0052
 0.00648
 0.00421
 0.00603
 0.00383
 0.00341
 0.004
 0.00793
 0.00603
 0
 0
 0
 0
 0
 0
 0
 0
 0
 0
 0
 0
 0.000113
 0.005988
 0.004601
 0.008096000000000001
 0.007756
 0.007245
 0.006383
 0.007763
 0.007087
 0.009847
 0.008472
 0.008323000000000001
 0.010545
 0.009878
 0.00747
 0.011798
 0.01574
 0.014392
 0
 0
 0
 0
 0
 0
 0
 0
 0
 0
 0
 0
 0
 0
 0
 0
 0
 0
 0
 0
 0
 0
 0
 0
 0
 0
 0
 0
 0
 0
 0
 0
 0
 0
 0
 0
 0
 0
 0
 0
 0
 0
 0
 0
 0
 0
 0
 0
 0
 0
 0
 0
 0
 0
 0
 0
 0
 0
 0
 0
 0
 0
 0
 0
 0
 0
 0
 0
 0
 0
 0
 0
 0
 0
 0
 0
 0
 0
 0
 0
 0
 0
 0
 0
 0
 0
 0
 0
 0
 0
 0
 0
 0
 0
 0
 0
 0
 0
 0
 0
 0
 0
 0
 0
 0
 0
 0
 0
 0
 0
 0
 0
 0
 0
 0
 0
 0
 0
 0
 0
 0
 0
 0
 0
 0
 0
 0
 0
 0
 0
 0
 0
 0
 0
 0
 0
 0
 0
 0
 0
 0
 0
 0
 0
 0
 0
 0
 0
 0
 0
 0
 0
 0
 0
 0
 0
 0
 0
 0
 0
 0
 0
 0
 0
 0
 0
 0
 0
 0
 0
 0
 0
 0
 0
 0
 0
 0
 0
 0
 0
 0
 0
 0
 0
 0
 0
 0
 0
 0
 0
 0
 0
 0
 0
 0
 0
 0
 0
 0
 0
 0
 0
 0
 0
 0
 0
 0
 0
 0
 0
 0
 0
 0
 0
 0
 0
 0
 0
 0
 0
 0
 7.9e-005
 0.001059
 0.002894
 0.005377
 0.006385
 0.005229
 0.004762
 0.007598
 0.007652
 0.008525
 0.01045
 0.007588
 0.008595
 0.011736
 0.009372
 0.008045
 0.011769
 0.011734
 0.012996
 0
 0
 0
 0
 0
 0
 0
 0
 0
 0
 0
 0
 0
 0
 0
 0
 0
 0
 0
 0
 0
 0
 0
 0
 0
 0
 0
 0
 0
 0
 0
 0
 0
 0
 0
 0
 0
 0
 0
 0
 0
 0
 0
 0
 0
 0
 0
 0
 0
 0
 0
 0
 0
 0
 0
 0
 0
 0
 0
 0


