# Created by Octave 4.0.0, Sat Nov 21 16:30:43 2015 W. Europe Standard Time <unknown@Florian-PC>
# name: mus
# type: matrix
# ndims: 3
 1 30 19
 0
 0
 0.69894
 0.58296
 0.70696
 0.62709
 0.62146
 0.63114
 0.49693
 0.56425
 0.58633
 0.5956399999999999
 0.58686
 0.5899799999999999
 0.58936
 0.58371
 0.59021
 0.58979
 0.57891
 0.56629
 0.56762
 0.57015
 0.56048
 0.56475
 0.61803
 0.61037
 0.6127899999999999
 0.58705
 0.60067
 0.59548
 0
 0
 0.66667
 0.5
 0.6
 0.9
 0.7
 0.7
 0.8
 0.5
 0.5
 0.7
 0.43333
 0.56667
 0.6
 0.55
 0.83333
 0.8
 0.65
 0.55
 0.55
 0.45
 0.48
 0.49
 0.48
 0.50667
 0.47333
 0.4
 0.41333
 0.46667
 0
 0
 0.8603499999999999
 0.71507
 0.75919
 0.75704
 0.69051
 0.7654300000000001
 0.74631
 0.7025400000000001
 0.7366200000000001
 0.76627
 0.6728
 0.63234
 0.61804
 0.62713
 0.61252
 0.54518
 0.58169
 0.54894
 0.49836
 0.42215
 0.56563
 0.53775
 0.5203100000000001
 0.49241
 0.5311
 0.66943
 0.52941
 0.53176
 0
 0
 0.8005100000000001
 0.35029
 0.54955
 0.5583900000000001
 0.72075
 0.72728
 0.62557
 0.57042
 0.64902
 0.68746
 0.71344
 0.63867
 0.64512
 0.66018
 0.65062
 0.64593
 0.6158400000000001
 0.58714
 0.5749
 0.54143
 0.5410700000000001
 0.53117
 0.51941
 0.5425
 0.54544
 0.5361399999999999
 0.51498
 0.54035
 0
 0
 0.33333
 0.75
 0.6
 0.33333
 0.57143
 0.75
 0.44444
 0.5
 0.72727
 0.91667
 0.84615
 0.77778
 0.4
 0.66667
 1
 1
 1
 0
 0
 1
 1
 0
 1
 1
 1
 1
 0
 0
 0
 0
 0.2436
 0.78102
 0.6317
 0.36621
 0.57499
 0.73375
 0.57345
 0.5556
 0.6594
 0.77993
 0.75829
 0.69536
 0.60749
 0.6512
 0.72137
 0.77073
 0.70322
 0.45212
 0.5082
 0.61674
 0.60854
 0.49914
 0.64517
 0.61964
 0.62971
 0.53605
 0.5129899999999999
 0.49195
 0
 0
 0.78929
 0.67174
 0.93745
 0.62643
 0.8087299999999999
 0.70786
 0.68688
 0.70704
 0.68385
 0.6909
 0.69019
 0.68401
 0.66694
 0.65169
 0.69149
 0.592
 0.59711
 0.61394
 0.59219
 0.61854
 0.5574
 0.57284
 0.56862
 0.56341
 0.59763
 0.58894
 0.5246499999999999
 0.57038
 0
 0
 0.74515
 0.36559
 0.52739
 0.54043
 0.67334
 0.7158
 0.62342
 0.58811
 0.60383
 0.63083
 0.64786
 0.58762
 0.59387
 0.57818
 0.59978
 0.58661
 0.55141
 0.5417
 0.52537
 0.51823
 0.51605
 0.5053299999999999
 0.50401
 0.50798
 0.52824
 0.5210399999999999
 0.51267
 0.53016
 0
 0
 0.83966
 0.93029
 0.90803
 0.93597
 0.93515
 0.92296
 0.9234599999999999
 0.92054
 0.93512
 0.92093
 0.91517
 0.9087
 0.9123599999999999
 0.92297
 0.90552
 0.90784
 0.89671
 0.90988
 0.90139
 0.90237
 0.90343
 0.90642
 0.90779
 0.9028
 0.89486
 0.90228
 0.90046
 0.90287
 0
 0
 0.37934
 0.7531099999999999
 0.6314
 0.50467
 0.62083
 0.71887
 0.66864
 0.61396
 0.61202
 0.71183
 0.68862
 0.653
 0.57412
 0.62753
 0.67089
 0.667
 0.61248
 0.5385799999999999
 0.53234
 0.52569
 0.54678
 0.50287
 0.50562
 0.69677
 0.52189
 0.51995
 0.50988
 0.52212
 0
 0
 0.78929
 0.71771
 0.93648
 0.66652
 0.70052
 0.77066
 0.71987
 0.72321
 0.71278
 0.67582
 0.69782
 0.65588
 0.62244
 0.64263
 0.6781
 0.63744
 0.64807
 0.6069099999999999
 0.56806
 0.59553
 0.58608
 0.56324
 0.60439
 0.57538
 0.60478
 0.6065700000000001
 0.569
 0.56291
 0
 0
 0
 0
 0
 0
 0
 0
 0
 0
 0
 0
 0
 0
 0
 0
 0
 0
 0
 0
 0
 0
 0
 0
 0
 0
 0
 0
 0
 0
 0
 0
 0
 0
 0
 0
 0
 0
 0
 0
 0
 0
 0
 0
 0
 0
 0
 0
 0
 0
 0
 0
 0
 0
 0
 0
 0
 0
 0
 0
 0
 0
 0
 0
 0
 0
 0
 0
 0
 0
 0
 0
 0
 0
 0
 0
 0
 0
 0
 0
 0
 0
 0
 0
 0
 0
 0
 0
 0
 0
 0
 0
 0
 0
 0
 0
 0
 0
 0
 0
 0
 0
 0
 0
 0
 0
 0
 0
 0
 0
 0
 0
 0
 0
 0
 0
 0
 0
 0
 0
 0
 0
 0
 0
 0
 0
 0
 0
 0
 0
 0
 0
 0
 0
 0
 0
 0
 0
 0
 0
 0
 0
 0
 0
 0
 0
 0
 0
 0
 0
 0
 0
 0.95818
 0.92958
 0.8918700000000001
 0.93479
 0.90225
 0.9218
 0.90994
 0.91123
 0.90399
 0.93548
 0.91887
 0.93444
 0.91237
 0.90806
 0.9101399999999999
 0.91149
 0.90652
 0.90864
 0.90563
 0.91106
 0.91215
 0.90451
 0.90806
 0.90695
 0.90808
 0.9048
 0.90644
 0.90217
 0
 0
 0
 0
 0
 0
 0
 0
 0
 0
 0
 0
 0
 0
 0
 0
 0
 0
 0
 0
 0
 0
 0
 0
 0
 0
 0
 0
 0
 0
 0
 0
 0
 0
 0
 0
 0
 0
 0
 0
 0
 0
 0
 0
 0
 0
 0
 0
 0
 0
 0
 0
 0
 0
 0
 0
 0
 0
 0
 0


