# Created by Octave 4.0.0, Sat Nov 21 16:30:47 2015 W. Europe Standard Time <unknown@Florian-PC>
# name: mus
# type: matrix
# ndims: 3
 1 30 19
 0
 0
 0.70395
 0.7143699999999999
 0.71643
 0.7107
 0.74764
 0.7388400000000001
 0.74874
 0.7497200000000001
 0.7456
 0.74776
 0.75056
 0.59054
 0.5888
 0.59654
 0.59907
 0.60157
 0.5977
 0.6016899999999999
 0.59384
 0.5934
 0.59327
 0.58784
 0.58704
 0.58343
 0.56987
 0.56362
 0.63348
 0.6209
 0
 0
 0.66667
 1
 0.8
 0.9
 0.2
 0.5
 0.7
 0.6
 0.53333
 0.46667
 0.6333299999999999
 0.43333
 0.4
 0.58333
 0.66667
 0.6
 0.56667
 0.5
 0.53
 0.55
 0.47
 0.41
 0.44
 0.46
 0.45333
 0.46667
 0.41333
 0.46667
 0
 0
 0.62374
 0.87403
 0.8444700000000001
 0.81247
 0.68394
 0.72145
 0.66032
 0.64097
 0.70522
 0.5471
 0.657
 0.61634
 0.51506
 0.6303800000000001
 0.55085
 0.24265
 0.47471
 0.41567
 0.81697
 0.37993
 0.51833
 0.50078
 0.57237
 0.50854
 0.55914
 0.5265300000000001
 0.51666
 0.5063
 0
 0
 0.8055600000000001
 0.97323
 0.80667
 0.88658
 0.55188
 0.6730699999999999
 0.63729
 0.59807
 0.65559
 0.52818
 0.59662
 0.4678
 0.49936
 0.5376300000000001
 0.56111
 0.46401
 0.49853
 0.40587
 0.52059
 0.52276
 0.48642
 0.51901
 0.49721
 0.52741
 0.54499
 0.49578
 0.4852
 0.51323
 0
 0
 0.66667
 1
 0.8
 0.66667
 0.28571
 0.375
 0.5555600000000001
 0.6
 0.63636
 0.33333
 0.61538
 0.5555600000000001
 0.2
 0.33333
 0
 1
 0
 1
 0
 0
 0
 0
 0
 1
 1
 1
 1
 0
 0
 0
 1
 1.28572
 0.95
 0.7583299999999999
 0.56193
 0.5372
 0.5625
 0.58829
 0.56553
 0.43839
 0.60892
 0.51952
 0.39699
 0.51901
 0.37204
 0.68852
 0.35138
 0.55729
 0.45968
 0.35418
 0.32766
 0.1637
 0.42709
 0.67939
 0.60045
 0.5
 0.96374
 0.22774
 0
 0
 0.36788
 0.74849
 0.9147
 0.80953
 0.71514
 0.7323499999999999
 0.7259100000000001
 0.79747
 0.61086
 0.70448
 0.70203
 0.69168
 0.72694
 0.69458
 0.68843
 0.68329
 0.64392
 0.60393
 0.59861
 0.5881999999999999
 0.60947
 0.56955
 0.62336
 0.63937
 0.59779
 0.58017
 0.6362100000000001
 0.62169
 0
 0
 0.8055600000000001
 0.83233
 0.87571
 0.91374
 0.71657
 0.74656
 0.64662
 0.68396
 0.65268
 0.57259
 0.61779
 0.54305
 0.57287
 0.59348
 0.60392
 0.48979
 0.5084
 0.44931
 0.52907
 0.52696
 0.50514
 0.5234799999999999
 0.50026
 0.51422
 0.5118
 0.49248
 0.49194
 0.51104
 0
 0
 1
 1
 1
 1
 1
 1
 1
 1
 1
 1
 1
 1
 1
 1
 1
 1
 1
 1
 1
 1
 1
 1
 1
 1
 1
 1
 1
 1
 0
 0
 1
 1.25443
 0.87616
 0.84145
 0.6571399999999999
 0.61466
 0.5217000000000001
 0.62681
 0.5577800000000001
 0.50561
 0.5608
 0.47231
 0.51789
 0.67797
 0.52699
 0.4367
 0.48297
 0.37703
 0.64067
 0.49641
 0.47177
 0.32163
 0.37401
 0.31042
 0.59149
 0.97473
 0.59358
 0.00876
 0
 0
 0.36788
 0.76419
 0.97085
 0.83855
 0.71694
 0.73277
 0.86415
 0.74952
 0.63668
 0.6811700000000001
 0.7662
 0.71065
 0.76553
 0.90218
 0.68567
 0.77129
 0.74534
 0.6105699999999999
 0.62923
 0.68559
 0.65911
 0.6504799999999999
 0.57373
 0.59301
 0.60234
 0.65998
 0.63652
 0.61574
 0
 0
 0
 0
 0
 0
 0
 0
 0
 0
 0
 0
 0
 0
 0
 0
 0
 0
 0
 0
 0
 0
 0
 0
 0
 0
 0
 0
 0
 0
 0
 0
 0
 0
 0
 0
 0
 0
 0
 0
 0
 0
 0
 0
 0
 0
 0
 0
 0
 0
 0
 0
 0
 0
 0
 0
 0
 0
 0
 0
 0
 0
 0
 0
 0
 0
 0
 0
 0
 0
 0
 0
 0
 0
 0
 0
 0
 0
 0
 0
 0
 0
 0
 0
 0
 0
 0
 0
 0
 0
 0
 0
 0
 0
 0
 0
 0
 0
 0
 0
 0
 0
 0
 0
 0
 0
 0
 0
 0
 0
 0
 0
 0
 0
 0
 0
 0
 0
 0
 0
 0
 0
 0
 0
 0
 0
 0
 0
 0
 0
 0
 0
 0
 0
 0
 0
 0
 0
 0
 0
 0
 0
 0
 0
 0
 0
 0
 0
 0
 0
 0
 0
 1
 1
 1
 1
 1
 1
 1
 1
 1
 1
 1
 1
 1
 1
 1
 1
 1
 1
 1
 1
 1
 1
 1
 1
 1
 1
 1
 1
 0
 0
 0
 0
 0
 0
 0
 0
 0
 0
 0
 0
 0
 0
 0
 0
 0
 0
 0
 0
 0
 0
 0
 0
 0
 0
 0
 0
 0
 0
 0
 0
 0
 0
 0
 0
 0
 0
 0
 0
 0
 0
 0
 0
 0
 0
 0
 0
 0
 0
 0
 0
 0
 0
 0
 0
 0
 0
 0
 0


# name: vars
# type: matrix
# ndims: 3
 1 30 19
 0
 0
 0.069771
 0.047276
 0.033891
 0.036738
 0.025828
 0.022857
 0.020352
 0.016334
 0.015325
 0.014541
 0.014258
 0.01707
 0.014939
 0.012872
 0.013848
 0.011907
 0.011
 0.011276
 0.010884
 0.014668
 0.012839
 0.01149
 0.008401
 0.009443999999999999
 0.011848
 0.009616
 0.009833
 0.010686
 0
 0
 0.33333
 0
 0.2
 0.05
 0.075
 0.125
 0.075
 0.05
 0.13056
 0.075
 0.06111
 0.07778
 0.07778
 0.09028
 0.12847
 0.03264
 0.03264
 0.03125
 0.017
 0.0175
 0.022
 0.0355
 0.068
 0.028
 0.03256
 0.01056
 0.007
 0.04722
 0
 0
 0
 0
 0
 0
 0
 0
 0
 0
 0
 0
 0
 0
 0
 0
 0
 0
 0
 0
 0
 0
 0
 0
 0
 0
 0
 0
 0
 0
 0
 0
 0.15277
 0.00059
 0.06353
 0.03687
 0.05171
 0.05841
 0.08162
 0.05664
 0.06027
 0.05405
 0.06101
 0.04623
 0.04846
 0.05435
 0.0485
 0.04254
 0.04315
 0.03951
 0.04314
 0.03952
 0.04215
 0.04439
 0.04224
 0.04765
 0.04479
 0.0382
 0.0401
 0.04112
 0
 0
 0
 0
 0
 0
 0
 0
 0
 0
 0
 0
 0
 0
 0
 0
 0
 0
 0
 0
 0
 0
 0
 0
 0
 0
 0
 0
 0
 0
 0
 0
 0
 0
 0
 0
 0
 0
 0
 0
 0
 0
 0
 0
 0
 0
 0
 0
 0
 0
 0
 0
 0
 0
 0
 0
 0
 0
 0
 0
 0
 0
 0
 0
 0
 0
 0
 0
 0
 0
 0
 0
 0
 0
 0
 0
 0
 0
 0
 0
 0
 0
 0
 0
 0
 0
 0
 0
 0
 0
 0
 0
 0.15277
 0.02332
 0.02261
 0.02392
 0.04307
 0.02941
 0.04264
 0.03088
 0.04658
 0.04374
 0.04853
 0.03467
 0.03629
 0.04641
 0.03958
 0.03936
 0.04258
 0.04057
 0.04151
 0.04615
 0.0443
 0.04768
 0.05088
 0.04921
 0.05414
 0.05166
 0.053
 0.04747
 0
 0
 0
 0
 0
 0
 0
 0
 0
 0
 0
 0
 0
 0
 0
 0
 0
 0
 0
 0
 0
 0
 0
 0
 0
 0
 0
 0
 0
 0
 0
 0
 0
 0
 0
 0
 0
 0
 0
 0
 0
 0
 0
 0
 0
 0
 0
 0
 0
 0
 0
 0
 0
 0
 0
 0
 0
 0
 0
 0
 0
 0
 0
 0
 0
 0
 0
 0
 0
 0
 0
 0
 0
 0
 0
 0
 0
 0
 0
 0
 0
 0
 0
 0
 0
 0
 0
 0
 0
 0
 0
 0
 0
 0
 0
 0
 0
 0
 0
 0
 0
 0
 0
 0
 0
 0
 0
 0
 0
 0
 0
 0
 0
 0
 0
 0
 0
 0
 0
 0
 0
 0
 0
 0
 0
 0
 0
 0
 0
 0
 0
 0
 0
 0
 0
 0
 0
 0
 0
 0
 0
 0
 0
 0
 0
 0
 0
 0
 0
 0
 0
 0
 0
 0
 0
 0
 0
 0
 0
 0
 0
 0
 0
 0
 0
 0
 0
 0
 0
 0
 0
 0
 0
 0
 0
 0
 0
 0
 0
 0
 0
 0
 0
 0
 0
 0
 0
 0
 0
 0
 0
 0
 0
 0
 0
 0
 0
 0
 0
 0
 0
 0
 0
 0
 0
 0
 0
 0
 0
 0
 0
 0
 0
 0
 0
 0
 0
 0
 0
 0
 0
 0
 0
 0
 0
 0
 0
 0
 0
 0
 0
 0
 0
 0
 0
 0
 0
 0
 0
 0
 0
 0
 0
 0
 0
 0
 0
 0
 0
 0
 0
 0
 0
 0
 0
 0
 0
 0
 0
 0
 0
 0
 0
 0
 0
 0
 0
 0
 0
 0
 0
 0
 0
 0
 0
 0
 0
 0
 0
 0
 0
 0
 0
 0
 0
 0
 0
 0
 0
 0
 0
 0
 0
 0
 0
 0
 0
 0
 0
 0
 0
 0
 0
 0
 0
 0
 0
 0
 0
 0
 0
 0
 0
 0
 0
 0
 0
 0
 0
 0
 0
 0
 0
 0
 0
 0
 0
 0
 0
 0


