# Created by Octave 4.0.0, Sat Nov 21 16:30:31 2015 W. Europe Standard Time <unknown@Florian-PC>
# name: mus
# type: matrix
# ndims: 3
 1 30 19
 0
 0
 0.65943
 0.68318
 0.68858
 0.7123699999999999
 0.71206
 0.71763
 0.71971
 0.72011
 0.71596
 0.72931
 0.72789
 0.69224
 0.68964
 0.69252
 0.69016
 0.70314
 0.70489
 0.72809
 0.72964
 0.72889
 0.73356
 0.73255
 0.73183
 0.73467
 0.73765
 0.73577
 0.7260799999999999
 0.73955
 0
 0
 0.66667
 0.75
 0.8
 0.6
 0.8
 0.7
 0.9
 0.9
 0.93333
 0.76667
 0.93333
 0.8666700000000001
 0.8
 0.8
 0.81667
 0.83333
 0.85
 0.85
 0.85
 0.82
 0.83
 0.83
 0.88
 0.89333
 0.81333
 0.82
 0.82
 0.83333
 0
 0
 0.7366200000000001
 0.80304
 0.8134400000000001
 0.81724
 0.8851599999999999
 0.85321
 0.87891
 0.88941
 0.92008
 0.91298
 0.88635
 0.83287
 0.76062
 0.77005
 0.79561
 0.79303
 0.8174
 0.84143
 0.83625
 0.829
 0.84474
 0.84759
 0.87597
 0.86988
 0.85834
 0.85587
 0.88835
 0.87649
 0
 0
 0.6083
 0.58609
 0.73506
 0.6414299999999999
 0.76772
 0.80103
 0.77127
 0.81762
 0.85422
 0.84615
 0.83826
 0.7665999999999999
 0.70291
 0.73224
 0.7440600000000001
 0.76326
 0.78157
 0.79462
 0.81331
 0.82499
 0.82511
 0.83019
 0.84028
 0.84124
 0.84312
 0.85148
 0.85891
 0.8029500000000001
 0
 0
 0.33333
 0.75
 0.8
 0.66667
 0.57143
 0.875
 0.77778
 0.8
 0.90909
 0.91667
 0.76923
 0.77778
 0.6
 0.33333
 0
 0
 1
 1
 1
 1
 1
 1
 1
 1
 1
 1
 1
 0
 0
 0
 0.46291
 0.50458
 0.89415
 0.7536
 0.67672
 0.94181
 0.77366
 0.83186
 0.89291
 0.80996
 0.82354
 0.74614
 0.71716
 0.72778
 0.6881699999999999
 0.7387
 0.74703
 0.78989
 0.83081
 0.77147
 0.83331
 0.78881
 0.83829
 0.82477
 0.81697
 0.84109
 0.9075800000000001
 0.78408
 0
 0
 0.57859
 0.67677
 0.79932
 0.79892
 0.82621
 0.82458
 0.88036
 0.84493
 0.85228
 0.8610100000000001
 0.87919
 0.82973
 0.76369
 0.74195
 0.7605
 0.81409
 0.81304
 0.77172
 0.78616
 0.79789
 0.86122
 0.852
 0.82622
 0.8146600000000001
 0.82864
 0.85181
 0.84379
 0.80092
 0
 0
 0.60831
 0.58218
 0.72449
 0.64416
 0.7835800000000001
 0.83669
 0.79153
 0.81501
 0.85326
 0.84448
 0.83771
 0.78448
 0.73105
 0.75076
 0.75101
 0.77244
 0.79714
 0.81271
 0.8339800000000001
 0.8464
 0.84832
 0.85239
 0.85038
 0.8545199999999999
 0.85575
 0.86558
 0.87679
 0.81329
 0
 0
 0.99922
 1
 1
 1
 1
 1
 1
 1
 0.99992
 0.99762
 0.9951
 0.99261
 0.98614
 0.97479
 0.97868
 0.9676
 0.96532
 0.96402
 0.9656
 0.96145
 0.95839
 0.95927
 0.95782
 0.9540999999999999
 0.94245
 0.94376
 0.95083
 0.94617
 0
 0
 0.45655
 0.59275
 0.80263
 0.7176399999999999
 0.7224699999999999
 0.85944
 0.83888
 0.79252
 0.86075
 0.88
 0.84199
 0.74839
 0.704
 0.7503300000000001
 0.74644
 0.75542
 0.76224
 0.89417
 0.91095
 0.86305
 0.91056
 0.83722
 0.83983
 0.84582
 0.85165
 0.85885
 0.86575
 0.84254
 0
 0
 0.57859
 0.6776
 0.74304
 0.73104
 0.84767
 0.81938
 0.81082
 0.79042
 0.83335
 0.84216
 0.85198
 0.80675
 0.71587
 0.7280799999999999
 0.77108
 0.78657
 0.76164
 0.82368
 0.79447
 0.80989
 0.79739
 0.80352
 0.84678
 0.81998
 0.87291
 0.84162
 0.85887
 0.81307
 0
 0
 0
 0
 0
 0
 0
 0
 0
 0
 0
 0
 0
 0
 0
 0
 0
 0
 0
 0
 0
 0
 0
 0
 0
 0
 0
 0
 0
 0
 0
 0
 0
 0
 0
 0
 0
 0
 0
 0
 0
 0
 0
 0
 0
 0
 0
 0
 0
 0
 0
 0
 0
 0
 0
 0
 0
 0
 0
 0
 0
 0
 0
 0
 0
 0
 0
 0
 0
 0
 0
 0
 0
 0
 0
 0
 0
 0
 0
 0
 0
 0
 0
 0
 0
 0
 0
 0
 0
 0
 0
 0
 0
 0
 0
 0
 0
 0
 0
 0
 0
 0
 0
 0
 0
 0
 0
 0
 0
 0
 0
 0
 0
 0
 0
 0
 0
 0
 0
 0
 0
 0
 0
 0
 0
 0
 0
 0
 0
 0
 0
 0
 0
 0
 0
 0
 0
 0
 0
 0
 0
 0
 0
 0
 0
 0
 0
 0
 0
 0
 0
 0
 0.99999
 1
 1
 1
 1
 1
 1
 1
 0.99965
 0.99974
 0.9986699999999999
 0.98838
 0.98488
 0.97643
 0.97167
 0.97362
 0.96623
 0.97037
 0.95404
 0.95879
 0.95687
 0.95355
 0.9549800000000001
 0.95506
 0.954
 0.95316
 0.9508
 0.94538
 0
 0
 0
 0
 0
 0
 0
 0
 0
 0
 0
 0
 0
 0
 0
 0
 0
 0
 0
 0
 0
 0
 0
 0
 0
 0
 0
 0
 0
 0
 0
 0
 0
 0
 0
 0
 0
 0
 0
 0
 0
 0
 0
 0
 0
 0
 0
 0
 0
 0
 0
 0
 0
 0
 0
 0
 0
 0
 0
 0


