# Created by Octave 4.0.0, Sat Nov 21 16:30:49 2015 W. Europe Standard Time <unknown@Florian-PC>
# name: mus
# type: matrix
# ndims: 3
 1 30 19
 0
 0
 0.33945
 0.46715
 0.51866
 0.54961
 0.64981
 0.62277
 0.6984900000000001
 0.66089
 0.715
 0.70526
 0.7251
 0.72377
 0.63585
 0.66574
 0.6592
 0.67284
 0.70133
 0.7
 0.69636
 0.68107
 0.7081
 0.68694
 0.66592
 0.65645
 0.6686299999999999
 0.66908
 0.6668500000000001
 0.67514
 0
 0
 0.33333
 0.25
 0.2
 0.6
 0.2
 0.6
 0.5
 0.7
 0.66667
 0.7
 0.6333299999999999
 0.73333
 0.6
 0.6166700000000001
 0.56667
 0.6333299999999999
 0.51667
 0.65
 0.58
 0.62
 0.7
 0.66
 0.64
 0.65333
 0.66667
 0.61333
 0.62
 0.6
 0
 0
 0.70057
 0.55752
 0.56065
 0.70606
 0.61343
 0.60712
 0.65245
 0.72233
 0.78165
 0.76423
 0.80271
 0.81587
 0.7008799999999999
 0.7232
 0.69019
 0.74193
 0.73138
 0.64828
 0.64328
 0.60793
 0.63625
 0.70748
 0.698
 0.65401
 0.71813
 0.61916
 0.659
 0.68368
 0
 0
 0.44098
 0.45438
 0.32056
 0.5119
 0.54013
 0.6226699999999999
 0.60509
 0.68725
 0.68045
 0.69781
 0.71407
 0.7263500000000001
 0.64513
 0.65107
 0.63644
 0.64889
 0.66493
 0.59802
 0.61881
 0.62641
 0.62387
 0.63627
 0.61628
 0.6218
 0.6318
 0.60116
 0.6138
 0.60167
 0
 0
 0.66667
 0
 0.2
 0.66667
 0.57143
 0.5
 0.5555600000000001
 0.7
 0.72727
 0.91667
 0.69231
 0.88889
 0.6
 0.66667
 0.5
 1
 0
 0
 1
 1
 1
 1
 0
 1
 0
 1
 0
 1
 0
 0
 0.72965
 0.27769
 0.30416
 0.53878
 0.49687
 0.57372
 0.60076
 0.67108
 0.68038
 0.72496
 0.67679
 0.79865
 0.64402
 0.661
 0.63244
 0.66078
 0.62007
 0.56833
 0.6325
 0.65141
 0.60772
 0.67764
 0.55628
 0.61596
 0.62576
 0.65964
 0.60044
 0.57384
 0
 0
 0.57859
 0.54897
 0.61938
 0.63254
 0.67718
 0.74329
 0.71301
 0.73897
 0.76402
 0.78552
 0.74807
 0.75962
 0.77794
 0.8204900000000001
 0.72995
 0.77201
 0.7565499999999999
 0.73882
 0.70396
 0.72039
 0.75737
 0.71658
 0.74446
 0.72511
 0.68834
 0.69035
 0.73429
 0.69741
 0
 0
 0.44423
 0.44363
 0.30613
 0.47969
 0.56118
 0.64752
 0.60981
 0.68013
 0.72263
 0.73143
 0.73334
 0.74885
 0.69019
 0.6861
 0.66611
 0.68322
 0.68543
 0.61575
 0.62925
 0.63779
 0.63591
 0.643
 0.63053
 0.6364300000000001
 0.6474299999999999
 0.6081
 0.62215
 0.61354
 0
 0
 0.9999400000000001
 1
 1
 1
 1
 1
 0.99459
 1
 1
 0.99699
 0.9955000000000001
 0.99499
 0.98063
 0.97316
 0.97404
 0.96946
 0.96888
 0.96283
 0.96111
 0.95852
 0.96369
 0.96439
 0.94675
 0.95091
 0.95114
 0.95662
 0.95165
 0.94214
 0
 0
 0.72084
 0.29403
 0.30617
 0.52322
 0.48885
 0.54701
 0.61246
 0.65272
 0.6725100000000001
 0.72815
 0.73261
 0.77927
 0.6719000000000001
 0.68042
 0.67841
 0.66669
 0.67377
 0.60827
 0.62194
 0.6308
 0.62897
 0.64422
 0.62308
 0.63234
 0.6496499999999999
 0.60439
 0.62488
 0.60849
 0
 0
 0.57859
 0.60077
 0.65203
 0.62971
 0.67588
 0.71471
 0.69286
 0.74437
 0.75644
 0.7900700000000001
 0.82296
 0.80652
 0.7617
 0.76845
 0.73382
 0.7646500000000001
 0.7620400000000001
 0.72298
 0.74429
 0.73621
 0.7217
 0.77093
 0.73499
 0.71952
 0.70795
 0.67839
 0.73111
 0.6627
 0
 0
 0
 0
 0
 0
 0
 0
 0
 0
 0
 0
 0
 0
 0
 0
 0
 0
 0
 0
 0
 0
 0
 0
 0
 0
 0
 0
 0
 0
 0
 0
 0
 0
 0
 0
 0
 0
 0
 0
 0
 0
 0
 0
 0
 0
 0
 0
 0
 0
 0
 0
 0
 0
 0
 0
 0
 0
 0
 0
 0
 0
 0
 0
 0
 0
 0
 0
 0
 0
 0
 0
 0
 0
 0
 0
 0
 0
 0
 0
 0
 0
 0
 0
 0
 0
 0
 0
 0
 0
 0
 0
 0
 0
 0
 0
 0
 0
 0
 0
 0
 0
 0
 0
 0
 0
 0
 0
 0
 0
 0
 0
 0
 0
 0
 0
 0
 0
 0
 0
 0
 0
 0
 0
 0
 0
 0
 0
 0
 0
 0
 0
 0
 0
 0
 0
 0
 0
 0
 0
 0
 0
 0
 0
 0
 0
 0
 0
 0
 0
 0
 0
 1
 1
 1
 1
 1
 0.99977
 1
 1
 1
 0.9963
 0.99239
 0.98437
 0.98098
 0.97572
 0.97661
 0.97507
 0.97307
 0.97031
 0.96283
 0.95411
 0.9608
 0.9527600000000001
 0.94809
 0.96165
 0.94587
 0.95457
 0.95442
 0.94939
 0
 0
 0
 0
 0
 0
 0
 0
 0
 0
 0
 0
 0
 0
 0
 0
 0
 0
 0
 0
 0
 0
 0
 0
 0
 0
 0
 0
 0
 0
 0
 0
 0
 0
 0
 0
 0
 0
 0
 0
 0
 0
 0
 0
 0
 0
 0
 0
 0
 0
 0
 0
 0
 0
 0
 0
 0
 0
 0
 0


