# Created by Octave 4.0.0, Sat Nov 21 16:30:42 2015 W. Europe Standard Time <unknown@Florian-PC>
# name: mus
# type: matrix
# ndims: 3
 1 30 19
 0
 0
 0.50083
 0.50056
 0.6312
 0.57581
 0.6559199999999999
 0.67243
 0.68342
 0.70056
 0.67142
 0.70582
 0.65756
 0.68331
 0.6924400000000001
 0.7299099999999999
 0.72261
 0.7401799999999999
 0.62662
 0.6118
 0.6102
 0.61417
 0.59838
 0.60304
 0.61183
 0.62783
 0.6055
 0.60073
 0.59928
 0.6011300000000001
 0
 0
 1
 1
 0.6
 0.4
 0.7
 0.6
 0.8
 0.8
 0.73333
 0.7
 0.7
 0.8
 0.73333
 0.6
 0.85
 0.76667
 0.78333
 0.8
 0.72
 0.6899999999999999
 0.6899999999999999
 0.71
 0.6
 0.65333
 0.6333299999999999
 0.56667
 0.6266699999999999
 0.66667
 0
 0
 1
 1
 0.7780899999999999
 0.68824
 0.74294
 0.72329
 0.72687
 0.72394
 0.69878
 0.66562
 0.60177
 0.68289
 0.69833
 0.64608
 0.70186
 0.70922
 0.67249
 0.65865
 0.66346
 0.66115
 0.71956
 0.66404
 0.69245
 0.6778999999999999
 0.69541
 0.68214
 0.67404
 0.68623
 0
 0
 1
 1
 0.60728
 0.59817
 0.64884
 0.65474
 0.76306
 0.79514
 0.69041
 0.71338
 0.63319
 0.68444
 0.71043
 0.70851
 0.66972
 0.71158
 0.74925
 0.7063
 0.67775
 0.68697
 0.70564
 0.68818
 0.67201
 0.65642
 0.67208
 0.6802
 0.69667
 0.70302
 0
 0
 1
 1
 0.6
 0.33333
 0.71429
 0.625
 0.77778
 0.7
 0.63636
 0.91667
 0.76923
 0.44444
 0.6
 0.66667
 0.5
 0
 1
 0
 1
 0
 0
 1
 1
 1
 1
 0
 0
 1
 0
 0
 1
 1
 0.63249
 0.38476
 0.70408
 0.6505
 0.72512
 0.75442
 0.66561
 0.8116100000000001
 0.6448700000000001
 0.61997
 0.65993
 0.6828
 0.62603
 0.61114
 0.80117
 0.63702
 0.80033
 0.61837
 0.64083
 0.64328
 0.75303
 0.62615
 0.65234
 0.67087
 0.61051
 0.74895
 0
 0
 1
 1
 0.85787
 0.63449
 0.74469
 0.68863
 0.71992
 0.67402
 0.77221
 0.73123
 0.71796
 0.72676
 0.7463
 0.72683
 0.72202
 0.74436
 0.74497
 0.70594
 0.69276
 0.74697
 0.7374000000000001
 0.707
 0.7234
 0.69906
 0.70479
 0.6956599999999999
 0.67763
 0.66984
 0
 0
 1
 1
 0.60186
 0.55535
 0.63073
 0.63391
 0.72011
 0.75818
 0.66404
 0.64081
 0.6132300000000001
 0.63459
 0.65163
 0.64136
 0.62722
 0.64897
 0.67327
 0.6572
 0.62444
 0.64115
 0.63508
 0.6374300000000001
 0.63215
 0.62393
 0.6212
 0.6171
 0.63061
 0.63365
 0
 0
 0.99446
 0.93563
 0.9638099999999999
 0.92885
 0.87941
 0.92423
 0.94181
 0.92643
 0.93283
 0.9313399999999999
 0.91085
 0.9289500000000001
 0.9122400000000001
 0.9154
 0.9069700000000001
 0.90979
 0.90384
 0.9034799999999999
 0.9077
 0.90491
 0.90923
 0.90404
 0.8983100000000001
 0.9049
 0.90688
 0.89855
 0.91054
 0.90062
 0
 0
 1
 1
 0.64354
 0.43365
 0.7143
 0.61464
 0.74964
 0.84637
 0.67218
 0.68451
 0.63406
 0.67397
 0.68121
 0.67284
 0.66756
 0.64676
 0.7045
 0.71175
 0.67682
 0.43923
 0.67818
 0.68531
 0.66353
 0.62638
 0.64649
 0.64166
 0.6418199999999999
 0.67362
 0
 0
 1
 1
 0.87098
 0.6414800000000001
 0.74654
 0.67593
 0.71866
 0.43857
 0.75425
 0.67663
 0.70747
 0.70983
 0.74342
 0.72763
 0.72144
 0.73
 0.77308
 0.66088
 0.70535
 0.72192
 0.73397
 0.72892
 0.71091
 0.6878300000000001
 0.71552
 0.67536
 0.68923
 0.68792
 0
 0
 0
 0
 0
 0
 0
 0
 0
 0
 0
 0
 0
 0
 0
 0
 0
 0
 0
 0
 0
 0
 0
 0
 0
 0
 0
 0
 0
 0
 0
 0
 0
 0
 0
 0
 0
 0
 0
 0
 0
 0
 0
 0
 0
 0
 0
 0
 0
 0
 0
 0
 0
 0
 0
 0
 0
 0
 0
 0
 0
 0
 0
 0
 0
 0
 0
 0
 0
 0
 0
 0
 0
 0
 0
 0
 0
 0
 0
 0
 0
 0
 0
 0
 0
 0
 0
 0
 0
 0
 0
 0
 0
 0
 0
 0
 0
 0
 0
 0
 0
 0
 0
 0
 0
 0
 0
 0
 0
 0
 0
 0
 0
 0
 0
 0
 0
 0
 0
 0
 0
 0
 0
 0
 0
 0
 0
 0
 0
 0
 0
 0
 0
 0
 0
 0
 0
 0
 0
 0
 0
 0
 0
 0
 0
 0
 0
 0
 0
 0
 0
 0
 0.95128
 0.87187
 0.93065
 0.92404
 0.89174
 0.94008
 0.91879
 0.9160700000000001
 0.91748
 0.94148
 0.9132
 0.92258
 0.91215
 0.9095
 0.90576
 0.90451
 0.90961
 0.91345
 0.90284
 0.9081399999999999
 0.90424
 0.90143
 0.9024
 0.91173
 0.90246
 0.89297
 0.89361
 0.91152
 0
 0
 0
 0
 0
 0
 0
 0
 0
 0
 0
 0
 0
 0
 0
 0
 0
 0
 0
 0
 0
 0
 0
 0
 0
 0
 0
 0
 0
 0
 0
 0
 0
 0
 0
 0
 0
 0
 0
 0
 0
 0
 0
 0
 0
 0
 0
 0
 0
 0
 0
 0
 0
 0
 0
 0
 0
 0
 0
 0


