# Created by Octave 4.0.0, Sat Nov 21 16:30:51 2015 W. Europe Standard Time <unknown@Florian-PC>
# name: mus
# type: matrix
# ndims: 3
 1 30 19
 0
 0
 0.56817
 0.52283
 0.44178
 0.4214
 0.47471
 0.49554
 0.5349
 0.53128
 0.54195
 0.56208
 0.58965
 0.67983
 0.61232
 0.59487
 0.6843
 0.64927
 0.7252
 0.69326
 0.73356
 0.72297
 0.72882
 0.72917
 0.7307
 0.73021
 0.73008
 0.7207
 0.72553
 0.7180800000000001
 0
 0
 0.66667
 0.25
 0.6
 0.7
 0.2
 0.4
 0.3
 0.4
 0.36667
 0.6
 0.56667
 0.43333
 0.53333
 0.55
 0.68333
 0.6333299999999999
 0.6333299999999999
 0.65
 0.54
 0.58
 0.63
 0.79
 0.76
 0.72667
 0.73333
 0.65333
 0.69333
 0.6333299999999999
 0
 0
 0.66814
 0.57634
 0.3509
 0.67745
 0.69776
 0.425
 0.49894
 0.51837
 0.3906
 0.56197
 0.6069600000000001
 0.40352
 1.04127
 0.54055
 0.61102
 0.61969
 0.69689
 0.67816
 0.68058
 0.71173
 0.73425
 0.7075
 0.72642
 0.7744
 0.7448399999999999
 0.8135
 0.73758
 0.80159
 0
 0
 0.69091
 0.35269
 0.4597
 0.52512
 0.5582
 0.47732
 0.4375
 0.46686
 0.5485100000000001
 0.56123
 0.53733
 0.46556
 0.53002
 0.56343
 0.58026
 0.60064
 0.59624
 0.60951
 0.62557
 0.63556
 0.65491
 0.66178
 0.69302
 0.70852
 0.7188
 0.7218599999999999
 0.73061
 0.7337900000000001
 0
 0
 0.33333
 0
 0.2
 1
 0.42857
 0.25
 0.77778
 0.2
 0.45455
 0.91667
 0.61538
 0.44444
 0.6
 0.66667
 0.5
 1
 1
 0
 1
 1
 1
 1
 1
 1
 1
 1
 1
 0
 0
 0
 0.46603
 0.33307
 0.34167
 0.64033
 0.48966
 0.45068
 0.49183
 0.43289
 0.50409
 0.58702
 0.5311399999999999
 0.45751
 0.52385
 0.56298
 0.5664
 0.6285500000000001
 0.59302
 0.5499000000000001
 0.62133
 0.68087
 0.64364
 0.67767
 0.71906
 0.77859
 0.69601
 0.71506
 0.6933
 0.68916
 0
 0
 0.57859
 0.61156
 0.6520899999999999
 0.69418
 0.725
 0.59026
 0.61387
 0.5561199999999999
 0.56696
 0.6533600000000001
 0.6416500000000001
 0.62515
 0.66438
 0.6543600000000001
 0.66011
 0.67436
 0.69572
 0.72306
 0.70595
 0.73138
 0.74454
 0.742
 0.76081
 0.7478
 0.78717
 0.76638
 0.8046
 0.80543
 0
 0
 0.68926
 0.38174
 0.44755
 0.51271
 0.55513
 0.47882
 0.44798
 0.45829
 0.51739
 0.56131
 0.55191
 0.48803
 0.53585
 0.56843
 0.5817600000000001
 0.62203
 0.61165
 0.63186
 0.63363
 0.6454299999999999
 0.65609
 0.66892
 0.69092
 0.70295
 0.7170299999999999
 0.71907
 0.73067
 0.73896
 0
 0
 0.99997
 0.99999
 1
 1
 1
 1
 1
 1
 0.99986
 0.99999
 0.9971100000000001
 0.99087
 0.97604
 0.96965
 0.97074
 0.97155
 0.95538
 0.9719100000000001
 0.96117
 0.96493
 0.95401
 0.96229
 0.95562
 0.9535
 0.95086
 0.95156
 0.93718
 0.95163
 0
 0
 0.37626
 0.38207
 0.35716
 0.55886
 0.50612
 0.4601
 0.441
 0.44598
 0.50131
 0.58245
 0.53842
 0.47257
 0.51623
 0.5666
 0.60689
 0.59629
 0.61331
 0.62446
 0.62118
 0.63747
 0.64428
 0.66994
 0.68018
 0.69278
 0.7015
 0.71946
 0.71802
 0.7291800000000001
 0
 0
 0.57859
 0.63927
 0.61775
 0.67145
 0.6584
 0.60251
 0.59492
 0.5543400000000001
 0.54649
 0.61102
 0.62304
 0.60701
 0.64871
 0.63356
 0.69392
 0.69575
 0.68412
 0.70709
 0.71232
 0.72517
 0.73758
 0.716
 0.73774
 0.75442
 0.7593
 0.85583
 0.76777
 0.77886
 0
 0
 0
 0
 0
 0
 0
 0
 0
 0
 0
 0
 0
 0
 0
 0
 0
 0
 0
 0
 0
 0
 0
 0
 0
 0
 0
 0
 0
 0
 0
 0
 0
 0
 0
 0
 0
 0
 0
 0
 0
 0
 0
 0
 0
 0
 0
 0
 0
 0
 0
 0
 0
 0
 0
 0
 0
 0
 0
 0
 0
 0
 0
 0
 0
 0
 0
 0
 0
 0
 0
 0
 0
 0
 0
 0
 0
 0
 0
 0
 0
 0
 0
 0
 0
 0
 0
 0
 0
 0
 0
 0
 0
 0
 0
 0
 0
 0
 0
 0
 0
 0
 0
 0
 0
 0
 0
 0
 0
 0
 0
 0
 0
 0
 0
 0
 0
 0
 0
 0
 0
 0
 0
 0
 0
 0
 0
 0
 0
 0
 0
 0
 0
 0
 0
 0
 0
 0
 0
 0
 0
 0
 0
 0
 0
 0
 0
 0
 0
 0
 0
 0
 0.99997
 1
 1
 1
 1
 1
 1
 1
 1
 1
 0.99292
 0.99304
 0.98105
 0.97858
 0.95922
 0.96676
 0.95973
 0.96887
 0.95652
 0.95867
 0.95829
 0.96049
 0.95174
 0.94656
 0.9501500000000001
 0.93767
 0.93791
 0.9455
 0
 0
 0
 0
 0
 0
 0
 0
 0
 0
 0
 0
 0
 0
 0
 0
 0
 0
 0
 0
 0
 0
 0
 0
 0
 0
 0
 0
 0
 0
 0
 0
 0
 0
 0
 0
 0
 0
 0
 0
 0
 0
 0
 0
 0
 0
 0
 0
 0
 0
 0
 0
 0
 0
 0
 0
 0
 0
 0
 0


