# Created by Octave 4.0.0, Sat Nov 21 16:30:34 2015 W. Europe Standard Time <unknown@Florian-PC>
# name: mus
# type: matrix
# ndims: 3
 1 30 19
 0
 0
 0.69616
 0.69878
 0.6195000000000001
 0.58027
 0.61089
 0.61663
 0.55891
 0.52291
 0.51717
 0.51007
 0.53707
 0.62542
 0.6268899999999999
 0.6356000000000001
 0.65229
 0.67284
 0.6737300000000001
 0.6853900000000001
 0.67653
 0.67502
 0.66964
 0.66554
 0.68563
 0.69602
 0.69416
 0.69308
 0.69911
 0.7113
 0
 0
 0.66667
 0.5
 0.4
 0.5
 0.6
 0.5
 0.7
 0.8
 0.83333
 0.83333
 0.53333
 0.53333
 0.66667
 0.6
 0.6333299999999999
 0.48333
 0.51667
 0.55
 0.63
 0.64
 0.62
 0.53
 0.68
 0.77333
 0.6266699999999999
 0.64
 0.62
 0.6
 0
 0
 0.7516699999999999
 0.6221
 0.61839
 0.66244
 0.72566
 0.76612
 0.84387
 0.87484
 0.90012
 0.8662
 0.72117
 0.71531
 0.74185
 0.76703
 0.68196
 0.63961
 0.69995
 0.7819
 0.73088
 0.67744
 0.7642
 0.69464
 0.72423
 0.70423
 0.70373
 0.74457
 0.75209
 0.72077
 0
 0
 0.63017
 0.51795
 0.44951
 0.3895
 0.43285
 0.55221
 0.7406199999999999
 0.7548899999999999
 0.79417
 0.82037
 0.59061
 0.60363
 0.62162
 0.6589699999999999
 0.64773
 0.61887
 0.62634
 0.68751
 0.69983
 0.7356200000000001
 0.7459
 0.72858
 0.71153
 0.75265
 0.70825
 0.70484
 0.7366
 0.68391
 0
 0
 0.66667
 0.75
 0.4
 0.16667
 0.28571
 0.25
 0.88889
 0.7
 0.63636
 0.91667
 0.69231
 0.44444
 0.2
 0.66667
 1
 0
 1
 1
 1
 1
 1
 1
 0
 1
 1
 1
 1
 0
 0
 0
 0.77284
 0.80563
 0.4262
 0.23363
 0.37782
 0.5387
 0.7783099999999999
 0.75202
 0.7886300000000001
 0.84673
 0.64536
 0.61751
 0.50151
 0.67327
 0.71066
 0.60977
 0.68403
 0.69499
 0.81571
 0.7543800000000001
 0.80103
 0.74942
 0.59437
 0.7321299999999999
 0.79112
 0.75271
 0.81753
 0.52534
 0
 0
 0.36788
 0.78101
 0.50728
 0.64441
 0.84015
 0.78934
 0.81192
 0.81616
 0.8516899999999999
 0.84879
 0.72959
 0.74307
 0.78086
 0.78975
 0.80459
 0.77083
 0.75037
 0.7813
 0.78345
 0.78899
 0.80618
 0.73858
 0.77018
 0.78359
 0.75885
 0.77211
 0.79255
 0.76578
 0
 0
 0.60143
 0.5241400000000001
 0.38452
 0.44764
 0.52325
 0.57357
 0.71561
 0.7392
 0.7629
 0.7799199999999999
 0.62138
 0.62575
 0.63853
 0.66274
 0.64889
 0.60948
 0.61772
 0.64159
 0.6644600000000001
 0.69482
 0.69964
 0.68115
 0.68363
 0.71154
 0.66774
 0.6737300000000001
 0.68874
 0.66999
 0
 0
 0.9334
 0.93894
 0.9474
 0.94311
 0.92987
 0.90238
 0.91633
 0.92241
 0.90955
 0.93088
 0.9221200000000001
 0.92574
 0.92108
 0.91368
 0.92338
 0.91369
 0.90971
 0.89798
 0.90927
 0.915
 0.89832
 0.90124
 0.9039199999999999
 0.89989
 0.90104
 0.89883
 0.91644
 0.90055
 0
 0
 0.7976799999999999
 0.8038999999999999
 0.44566
 0.31651
 0.57584
 0.56377
 0.73058
 0.78088
 0.8006799999999999
 0.7871
 0.65584
 0.61899
 0.64047
 0.7022699999999999
 0.6677999999999999
 0.6154500000000001
 0.65667
 0.43997
 0.68843
 0.70369
 0.71817
 0.70464
 0.70091
 0.72745
 0.68322
 0.70204
 0.71736
 0.62462
 0
 0
 0.36788
 0.80584
 0.52488
 0.72856
 0.90413
 0.75364
 0.81523
 0.85223
 0.88452
 0.80442
 0.71173
 0.72583
 0.78164
 0.76822
 0.7539
 0.83431
 0.77839
 0.76295
 0.75583
 0.78693
 0.84615
 0.77549
 0.78714
 0.7368
 0.746
 0.74151
 0.43931
 0.78057
 0
 0
 0
 0
 0
 0
 0
 0
 0
 0
 0
 0
 0
 0
 0
 0
 0
 0
 0
 0
 0
 0
 0
 0
 0
 0
 0
 0
 0
 0
 0
 0
 0
 0
 0
 0
 0
 0
 0
 0
 0
 0
 0
 0
 0
 0
 0
 0
 0
 0
 0
 0
 0
 0
 0
 0
 0
 0
 0
 0
 0
 0
 0
 0
 0
 0
 0
 0
 0
 0
 0
 0
 0
 0
 0
 0
 0
 0
 0
 0
 0
 0
 0
 0
 0
 0
 0
 0
 0
 0
 0
 0
 0
 0
 0
 0
 0
 0
 0
 0
 0
 0
 0
 0
 0
 0
 0
 0
 0
 0
 0
 0
 0
 0
 0
 0
 0
 0
 0
 0
 0
 0
 0
 0
 0
 0
 0
 0
 0
 0
 0
 0
 0
 0
 0
 0
 0
 0
 0
 0
 0
 0
 0
 0
 0
 0
 0
 0
 0
 0
 0
 0
 0.89302
 0.90777
 0.96819
 0.92992
 0.8887699999999999
 0.93591
 0.91634
 0.9439
 0.92815
 0.91386
 0.93789
 0.92156
 0.92849
 0.90399
 0.9006999999999999
 0.90308
 0.91514
 0.90833
 0.90743
 0.90067
 0.89781
 0.9155799999999999
 0.9113599999999999
 0.91604
 0.91125
 0.90866
 0.90429
 0.89775
 0
 0
 0
 0
 0
 0
 0
 0
 0
 0
 0
 0
 0
 0
 0
 0
 0
 0
 0
 0
 0
 0
 0
 0
 0
 0
 0
 0
 0
 0
 0
 0
 0
 0
 0
 0
 0
 0
 0
 0
 0
 0
 0
 0
 0
 0
 0
 0
 0
 0
 0
 0
 0
 0
 0
 0
 0
 0
 0
 0


