# Created by Octave 4.0.0, Sat Nov 21 16:30:37 2015 W. Europe Standard Time <unknown@Florian-PC>
# name: mus
# type: matrix
# ndims: 3
 1 30 19
 0
 0
 0.35559
 0.4794
 0.53426
 0.5039
 0.48027
 0.47824
 0.47515
 0.48101
 0.49199
 0.56264
 0.60229
 0.5798
 0.59384
 0.58371
 0.57203
 0.6257
 0.62162
 0.62753
 0.6255500000000001
 0.63025
 0.6256
 0.65709
 0.65352
 0.64939
 0.65432
 0.66127
 0.66073
 0.65085
 0
 0
 0.33333
 0.25
 0.2
 0.6
 0.5
 0.5
 0.6
 0.7
 0.73333
 0.26667
 0.46667
 0.53333
 0.46667
 0.51667
 0.51667
 0.43333
 0.36667
 0.35
 0.44
 0.54
 0.53
 0.55
 0.52
 0.53333
 0.56667
 0.52667
 0.55333
 0.6
 0
 0
 0.48351
 0.4507
 0.56784
 0.66889
 0.56859
 0.70707
 0.72524
 0.69465
 0.59395
 0.45673
 0.47038
 0.54453
 0.59071
 0.57804
 0.61093
 0.52685
 0.5206499999999999
 0.50085
 0.49988
 0.5321900000000001
 0.57438
 0.58286
 0.5948
 0.58817
 0.58194
 0.61298
 0.62082
 0.60065
 0
 0
 0.47224
 0.59377
 0.41252
 0.75136
 0.61516
 0.74762
 0.75341
 0.70129
 0.75248
 0.29806
 0.33291
 0.5003300000000001
 0.50156
 0.49948
 0.5284
 0.50534
 0.47692
 0.53151
 0.52338
 0.52215
 0.52851
 0.59497
 0.61217
 0.65477
 0.65993
 0.6442600000000001
 0.63504
 0.65828
 0
 0
 0.33333
 0
 0.2
 0.66667
 0.28571
 0.625
 0.44444
 0.6
 0.72727
 0.33333
 0.30769
 0.44444
 0.8
 0.66667
 0.5
 1
 1
 1
 0
 1
 0
 0
 1
 1
 1
 1
 0
 1
 0
 0
 0.5
 0.2778
 0.43335
 0.68333
 0.43631
 0.66071
 0.5233100000000001
 0.64524
 0.76894
 0.30215
 0.3292
 0.41527
 0.66738
 0.56559
 0.61364
 0.77724
 0.73445
 0.64216
 0.43803
 0.86877
 0.43373
 0.55061
 0.875
 0.80838
 0.83052
 0.78818
 0.41669
 0.75764
 0
 0
 0.78929
 0.6132300000000001
 0.63811
 0.62731
 0.7338
 0.77937
 0.69478
 0.79695
 0.77542
 0.59311
 0.5547299999999999
 0.58806
 0.63405
 0.58623
 0.63912
 0.64338
 0.5839800000000001
 0.5843
 0.63864
 0.5663899999999999
 0.61322
 0.61247
 0.67294
 0.65763
 0.64357
 0.61204
 0.64252
 0.65489
 0
 0
 0.47224
 0.5858100000000001
 0.4313
 0.67325
 0.6275500000000001
 0.7328
 0.71369
 0.68393
 0.70914
 0.3943
 0.44242
 0.51215
 0.5142
 0.50866
 0.55235
 0.52832
 0.48748
 0.52725
 0.56436
 0.5440199999999999
 0.53849
 0.59332
 0.61546
 0.65044
 0.65872
 0.61999
 0.63679
 0.65903
 0
 0
 1
 1
 1
 1
 1
 1
 1
 1
 1
 1
 1
 1
 1
 1
 1
 1
 1
 1
 1
 1
 1
 1
 1
 1
 1
 1
 1
 1
 0
 0
 0.5
 0.29414
 0.40834
 0.56667
 0.49861
 0.6797299999999999
 0.5576100000000001
 0.68882
 0.6995400000000001
 0.35778
 0.38313
 0.4209
 0.50082
 0.46371
 0.62982
 0.46852
 0.47204
 0.48375
 0.52379
 0.54034
 0.69101
 0.64779
 0.90117
 0.74744
 0.60278
 0.49602
 0.58408
 0.30764
 0
 0
 0.78929
 0.64044
 0.66803
 0.60198
 0.72877
 0.81281
 0.72911
 0.79862
 0.69848
 0.66151
 0.5568
 0.67083
 0.6077399999999999
 0.64363
 0.60964
 0.63362
 0.61243
 0.66159
 0.68996
 0.64759
 0.74258
 0.7137
 0.67326
 0.61081
 0.67218
 0.62552
 0.63605
 0.62176
 0
 0
 0
 0
 0
 0
 0
 0
 0
 0
 0
 0
 0
 0
 0
 0
 0
 0
 0
 0
 0
 0
 0
 0
 0
 0
 0
 0
 0
 0
 0
 0
 0
 0
 0
 0
 0
 0
 0
 0
 0
 0
 0
 0
 0
 0
 0
 0
 0
 0
 0
 0
 0
 0
 0
 0
 0
 0
 0
 0
 0
 0
 0
 0
 0
 0
 0
 0
 0
 0
 0
 0
 0
 0
 0
 0
 0
 0
 0
 0
 0
 0
 0
 0
 0
 0
 0
 0
 0
 0
 0
 0
 0
 0
 0
 0
 0
 0
 0
 0
 0
 0
 0
 0
 0
 0
 0
 0
 0
 0
 0
 0
 0
 0
 0
 0
 0
 0
 0
 0
 0
 0
 0
 0
 0
 0
 0
 0
 0
 0
 0
 0
 0
 0
 0
 0
 0
 0
 0
 0
 0
 0
 0
 0
 0
 0
 0
 0
 0
 0
 0
 0
 1
 1
 1
 1
 1
 1
 1
 1
 1
 1
 1
 1
 1
 1
 1
 1
 1
 1
 1
 1
 1
 1
 1
 1
 1
 1
 1
 1
 0
 0
 0
 0
 0
 0
 0
 0
 0
 0
 0
 0
 0
 0
 0
 0
 0
 0
 0
 0
 0
 0
 0
 0
 0
 0
 0
 0
 0
 0
 0
 0
 0
 0
 0
 0
 0
 0
 0
 0
 0
 0
 0
 0
 0
 0
 0
 0
 0
 0
 0
 0
 0
 0
 0
 0
 0
 0
 0
 0


# name: vars
# type: matrix
# ndims: 3
 1 30 19
 0
 0
 0.07717
 0.059982
 0.047733
 0.040346
 0.042518
 0.027761
 0.026175
 0.01975
 0.024528
 0.019605
 0.015387
 0.018048
 0.019359
 0.015875
 0.013605
 0.012131
 0.011875
 0.013069
 0.011785
 0.012247
 0.009599
 0.009776999999999999
 0.011792
 0.009334
 0.010059
 0.006802
 0.012171
 0.008366
 0
 0
 0.33333
 0.25
 0.2
 0.3
 0.25
 0.25
 0.3
 0.075
 0.06389
 0.06389
 0.14444
 0.08889
 0.03333
 0.09861
 0.14722
 0.03958
 0.01597
 0.01875
 0.11175
 0.11425
 0.08450000000000001
 0.0625
 0.052
 0.05556
 0.06889000000000001
 0.04578
 0.03367
 0.03611
 0
 0
 0
 0
 0
 0
 0
 0
 0
 0
 0
 0
 0
 0
 0
 0
 0
 0
 0
 0
 0
 0
 0
 0
 0
 0
 0
 0
 0
 0
 0
 0
 0.16318
 0.09
 0.0149
 0.08568000000000001
 0.07757
 0.0559
 0.05918
 0.05828
 0.05038
 0.03405
 0.03995
 0.04749
 0.04688
 0.04971
 0.05153
 0.04575
 0.04254
 0.04416
 0.04569
 0.04831
 0.041
 0.0446
 0.04549
 0.0396
 0.03788
 0.04264
 0.04181
 0.04282
 0
 0
 0
 0
 0
 0
 0
 0
 0
 0
 0
 0
 0
 0
 0
 0
 0
 0
 0
 0
 0
 0
 0
 0
 0
 0
 0
 0
 0
 0
 0
 0
 0
 0
 0
 0
 0
 0
 0
 0
 0
 0
 0
 0
 0
 0
 0
 0
 0
 0
 0
 0
 0
 0
 0
 0
 0
 0
 0
 0
 0
 0
 0
 0
 0
 0
 0
 0
 0
 0
 0
 0
 0
 0
 0
 0
 0
 0
 0
 0
 0
 0
 0
 0
 0
 0
 0
 0
 0
 0
 0
 0
 0.16318
 0.07519000000000001
 0.01116
 0.09855
 0.05579
 0.03585
 0.03537
 0.03038
 0.02846
 0.03907
 0.03686
 0.03384
 0.04088
 0.04064
 0.03812
 0.03848
 0.05042
 0.04906
 0.04777
 0.04125
 0.05367
 0.05213
 0.04879
 0.04271
 0.03839
 0.0488
 0.04559
 0.04813
 0
 0
 0
 0
 0
 0
 0
 0
 0
 0
 0
 0
 0
 0
 0
 0
 0
 0
 0
 0
 0
 0
 0
 0
 0
 0
 0
 0
 0
 0
 0
 0
 0
 0
 0
 0
 0
 0
 0
 0
 0
 0
 0
 0
 0
 0
 0
 0
 0
 0
 0
 0
 0
 0
 0
 0
 0
 0
 0
 0
 0
 0
 0
 0
 0
 0
 0
 0
 0
 0
 0
 0
 0
 0
 0
 0
 0
 0
 0
 0
 0
 0
 0
 0
 0
 0
 0
 0
 0
 0
 0
 0
 0
 0
 0
 0
 0
 0
 0
 0
 0
 0
 0
 0
 0
 0
 0
 0
 0
 0
 0
 0
 0
 0
 0
 0
 0
 0
 0
 0
 0
 0
 0
 0
 0
 0
 0
 0
 0
 0
 0
 0
 0
 0
 0
 0
 0
 0
 0
 0
 0
 0
 0
 0
 0
 0
 0
 0
 0
 0
 0
 0
 0
 0
 0
 0
 0
 0
 0
 0
 0
 0
 0
 0
 0
 0
 0
 0
 0
 0
 0
 0
 0
 0
 0
 0
 0
 0
 0
 0
 0
 0
 0
 0
 0
 0
 0
 0
 0
 0
 0
 0
 0
 0
 0
 0
 0
 0
 0
 0
 0
 0
 0
 0
 0
 0
 0
 0
 0
 0
 0
 0
 0
 0
 0
 0
 0
 0
 0
 0
 0
 0
 0
 0
 0
 0
 0
 0
 0
 0
 0
 0
 0
 0
 0
 0
 0
 0
 0
 0
 0
 0
 0
 0
 0
 0
 0
 0
 0
 0
 0
 0
 0
 0
 0
 0
 0
 0
 0
 0
 0
 0
 0
 0
 0
 0
 0
 0
 0
 0
 0
 0
 0
 0
 0
 0
 0
 0
 0
 0
 0
 0
 0
 0
 0
 0
 0
 0
 0
 0
 0
 0
 0
 0
 0
 0
 0
 0
 0
 0
 0
 0
 0
 0
 0
 0
 0
 0
 0
 0
 0
 0
 0
 0
 0
 0
 0
 0
 0
 0
 0
 0
 0
 0
 0
 0
 0
 0
 0
 0


