# Created by Octave 4.0.0, Sat Nov 21 16:30:52 2015 W. Europe Standard Time <unknown@Florian-PC>
# name: mus
# type: matrix
# ndims: 3
 1 30 19
 0
 0
 0.62549
 0.63976
 0.6974900000000001
 0.51505
 0.6348
 0.61886
 0.65103
 0.67486
 0.7000999999999999
 0.6918299999999999
 0.72557
 0.71122
 0.7406199999999999
 0.73996
 0.73584
 0.7385
 0.7308
 0.73652
 0.73961
 0.73744
 0.74415
 0.73874
 0.73972
 0.74136
 0.73765
 0.73744
 0.74138
 0.73785
 0
 0
 0.66667
 1
 0.8
 0.4
 0.6
 0.6
 0.7
 0.7
 0.6333299999999999
 0.6333299999999999
 0.6333299999999999
 0.66667
 0.66667
 0.6166700000000001
 0.58333
 0.6166700000000001
 0.71667
 0.7
 0.68
 0.73
 0.65
 0.7
 0.64
 0.7
 0.74
 0.61333
 0.61333
 0.6
 0
 0
 0.74715
 0.9742
 0.88622
 0.78069
 0.64966
 0.65171
 0.66633
 0.66188
 0.64847
 0.7003
 0.71277
 0.69079
 0.71612
 0.69045
 0.76169
 0.77595
 0.69465
 0.7413
 0.75751
 0.72456
 0.7575499999999999
 0.73602
 0.76139
 0.77119
 0.72335
 0.76505
 0.70618
 0.70502
 0
 0
 0.61222
 0.87212
 0.77841
 0.59757
 0.47465
 0.67377
 0.63022
 0.72358
 0.62126
 0.68529
 0.66151
 0.6865
 0.66801
 0.69895
 0.71266
 0.74974
 0.70068
 0.7328
 0.72343
 0.73378
 0.73208
 0.73449
 0.7388400000000001
 0.73078
 0.76206
 0.7433
 0.67949
 0.71006
 0
 0
 0.66667
 1
 0.8
 0.5
 0.71429
 0.875
 0.5555600000000001
 0.6
 0.63636
 0.83333
 0.61538
 0.5555600000000001
 0.4
 0.66667
 1
 1
 0
 1
 1
 1
 1
 1
 1
 0
 0
 1
 1
 1
 0
 0
 0.78601
 0.98083
 0.85987
 0.57245
 0.61818
 0.82829
 0.5841
 0.6576
 0.60767
 0.77122
 0.63025
 0.64292
 0.62233
 0.67471
 0.77959
 0.81586
 0.6218
 0.8399799999999999
 0.80729
 0.67519
 0.82778
 0.84444
 0.78777
 0.67088
 0.67127
 0.76311
 0.64255
 0.72881
 0
 0
 0.78929
 0.82296
 0.80844
 0.74613
 0.54425
 0.7085
 0.74944
 0.68163
 0.6952199999999999
 0.7343
 0.6909999999999999
 0.76922
 0.74557
 0.72109
 0.77796
 0.78621
 0.70763
 0.7279099999999999
 0.73681
 0.72453
 0.72358
 0.77583
 0.76763
 0.73168
 0.8442499999999999
 0.76192
 0.67608
 0.74326
 0
 0
 0.58503
 0.7974599999999999
 0.78678
 0.55998
 0.50379
 0.65454
 0.62096
 0.68207
 0.59905
 0.66627
 0.61709
 0.6435999999999999
 0.6333299999999999
 0.66436
 0.66395
 0.695
 0.66881
 0.67901
 0.66596
 0.67535
 0.67287
 0.68403
 0.67052
 0.6736799999999999
 0.69253
 0.68771
 0.64897
 0.66655
 0
 0
 0.89223
 0.93527
 0.9438800000000001
 0.88471
 0.9106
 0.88376
 0.9481000000000001
 0.88996
 0.90499
 0.92087
 0.92505
 0.92127
 0.9104
 0.90402
 0.91104
 0.89874
 0.90765
 0.89937
 0.90242
 0.89907
 0.9076
 0.91848
 0.91317
 0.91572
 0.90322
 0.9067
 0.90546
 0.89314
 0
 0
 0.64971
 0.98947
 0.86526
 0.62461
 0.50521
 0.7483
 0.5988
 0.7393999999999999
 0.62288
 0.70989
 0.66697
 0.70367
 0.70036
 0.73366
 0.75551
 0.78701
 0.6940499999999999
 0.76231
 0.73092
 0.69004
 0.70287
 0.71238
 0.71606
 0.69198
 0.69675
 0.72381
 0.67208
 0.7059299999999999
 0
 0
 0.78929
 0.83188
 0.81335
 0.73531
 0.5996
 0.68547
 0.74039
 0.69367
 0.69657
 0.7523300000000001
 0.67624
 0.7127599999999999
 0.7422299999999999
 0.70688
 0.72089
 0.75964
 0.74102
 0.70761
 0.72684
 0.72787
 0.71095
 0.74985
 0.79308
 0.76961
 0.73795
 0.7156400000000001
 0.70547
 0.73172
 0
 0
 0
 0
 0
 0
 0
 0
 0
 0
 0
 0
 0
 0
 0
 0
 0
 0
 0
 0
 0
 0
 0
 0
 0
 0
 0
 0
 0
 0
 0
 0
 0
 0
 0
 0
 0
 0
 0
 0
 0
 0
 0
 0
 0
 0
 0
 0
 0
 0
 0
 0
 0
 0
 0
 0
 0
 0
 0
 0
 0
 0
 0
 0
 0
 0
 0
 0
 0
 0
 0
 0
 0
 0
 0
 0
 0
 0
 0
 0
 0
 0
 0
 0
 0
 0
 0
 0
 0
 0
 0
 0
 0
 0
 0
 0
 0
 0
 0
 0
 0
 0
 0
 0
 0
 0
 0
 0
 0
 0
 0
 0
 0
 0
 0
 0
 0
 0
 0
 0
 0
 0
 0
 0
 0
 0
 0
 0
 0
 0
 0
 0
 0
 0
 0
 0
 0
 0
 0
 0
 0
 0
 0
 0
 0
 0
 0
 0
 0
 0
 0
 0
 0.90427
 0.91794
 0.90452
 0.88668
 0.94145
 0.9051
 0.9013600000000001
 0.92058
 0.91908
 0.91046
 0.90767
 0.9218499999999999
 0.91033
 0.91
 0.92192
 0.91496
 0.91098
 0.91091
 0.90957
 0.90868
 0.90689
 0.89782
 0.89973
 0.90981
 0.89829
 0.90393
 0.90401
 0.89308
 0
 0
 0
 0
 0
 0
 0
 0
 0
 0
 0
 0
 0
 0
 0
 0
 0
 0
 0
 0
 0
 0
 0
 0
 0
 0
 0
 0
 0
 0
 0
 0
 0
 0
 0
 0
 0
 0
 0
 0
 0
 0
 0
 0
 0
 0
 0
 0
 0
 0
 0
 0
 0
 0
 0
 0
 0
 0
 0
 0


