# Created by Octave 4.0.0, Sat Nov 21 16:30:33 2015 W. Europe Standard Time <unknown@Florian-PC>
# name: mus
# type: matrix
# ndims: 3
 1 30 19
 0
 0
 0.4975
 0.62249
 0.59276
 0.57525
 0.7154
 0.6702
 0.66778
 0.60503
 0.60609
 0.5799800000000001
 0.6101799999999999
 0.60575
 0.63193
 0.62779
 0.60004
 0.63244
 0.6157
 0.62416
 0.63193
 0.63131
 0.65951
 0.63063
 0.62479
 0.62133
 0.61925
 0.63086
 0.66657
 0.6548
 0
 0
 1
 0.5
 0.4
 0.7
 0.4
 0.3
 0.2
 0.2
 0.33333
 0.43333
 0.46667
 0.4
 0.4
 0.25
 0.28333
 0.45
 0.43333
 0.5
 0.42
 0.55
 0.52
 0.46
 0.44
 0.5
 0.58
 0.65333
 0.54
 0.56667
 0
 0
 1
 0.47959
 0.58671
 0.66582
 0.61453
 0.24765
 0.38383
 0.47159
 0.59698
 0.43668
 0.64791
 0.46397
 0.63556
 0.33613
 0.27191
 0.34261
 0.41789
 0.42377
 0.47246
 0.56105
 0.53976
 0.51849
 0.55184
 0.56906
 0.6052999999999999
 0.59877
 0.63024
 0.6585
 0
 0
 1
 0.50107
 0.38382
 0.57173
 0.50015
 0.21689
 0.27123
 0.2779
 0.33886
 0.37596
 0.4102
 0.36675
 0.40326
 0.32353
 0.26063
 0.31555
 0.3532
 0.41318
 0.44498
 0.49737
 0.48068
 0.46378
 0.50729
 0.5267500000000001
 0.5354100000000001
 0.56128
 0.57484
 0.57526
 0
 0
 1
 1
 0.4
 1
 0.28571
 0.125
 0
 0
 0.27273
 0.25
 0.38462
 0.33333
 0.6
 0.33333
 0
 1
 1
 0
 0
 0
 1
 1
 0
 0
 0
 0
 1
 1
 0
 0
 1
 0.91747
 0.38109
 0.77842
 0.41208
 0.15529
 0.18799
 0.16935
 0.3172
 0.35711
 0.36195
 0.36383
 0.47111
 0.30455
 0.21381
 0.45686
 0.56009
 0.47078
 0.40229
 0.48438
 0.57758
 0.45106
 0.39643
 0.58014
 0.48712
 0.59006
 0.5970299999999999
 0.6231100000000001
 0
 0
 1
 0.88836
 0.52795
 0.60192
 0.60109
 0.48651
 0.55479
 0.56743
 0.61368
 0.6215000000000001
 0.64554
 0.62271
 0.62521
 0.6046899999999999
 0.5675
 0.60095
 0.59056
 0.62988
 0.65767
 0.67175
 0.66909
 0.65915
 0.64725
 0.6781199999999999
 0.66656
 0.70024
 0.71055
 0.71354
 0
 0
 1
 0.49933
 0.40708
 0.55997
 0.54932
 0.28838
 0.38175
 0.3511
 0.42028
 0.44374
 0.46611
 0.44443
 0.47863
 0.40167
 0.36413
 0.40718
 0.42657
 0.45956
 0.4806
 0.50849
 0.5027199999999999
 0.4972
 0.5269200000000001
 0.5470699999999999
 0.55723
 0.5787099999999999
 0.5744899999999999
 0.5848100000000001
 0
 0
 0.94861
 0.954
 0.92515
 0.9230699999999999
 0.94143
 0.90574
 0.92261
 0.92021
 0.91776
 0.92586
 0.91861
 0.92591
 0.91547
 0.90571
 0.89294
 0.91409
 0.9097499999999999
 0.90774
 0.91664
 0.90994
 0.91115
 0.89629
 0.91409
 0.91509
 0.9055800000000001
 0.90395
 0.89469
 0.9137999999999999
 0
 0
 1
 0.87538
 0.39167
 0.54889
 0.53891
 0.21165
 0.33542
 0.28492
 0.35525
 0.4296
 0.413
 0.40342
 0.43372
 0.31943
 0.28415
 0.31992
 0.44989
 0.46704
 0.43729
 0.52091
 0.52315
 0.46015
 0.50915
 0.51558
 0.53664
 0.55382
 0.59644
 0.61472
 0
 0
 1
 0.89672
 0.52202
 0.64101
 0.57781
 0.54421
 0.55954
 0.58435
 0.60382
 0.63552
 0.659
 0.57108
 0.66854
 0.58006
 0.62293
 0.62307
 0.59521
 0.61008
 0.62617
 0.6452599999999999
 0.72063
 0.45776
 0.65259
 0.77835
 0.6645
 0.70407
 0.65896
 0.74063
 0
 0
 0
 0
 0
 0
 0
 0
 0
 0
 0
 0
 0
 0
 0
 0
 0
 0
 0
 0
 0
 0
 0
 0
 0
 0
 0
 0
 0
 0
 0
 0
 0
 0
 0
 0
 0
 0
 0
 0
 0
 0
 0
 0
 0
 0
 0
 0
 0
 0
 0
 0
 0
 0
 0
 0
 0
 0
 0
 0
 0
 0
 0
 0
 0
 0
 0
 0
 0
 0
 0
 0
 0
 0
 0
 0
 0
 0
 0
 0
 0
 0
 0
 0
 0
 0
 0
 0
 0
 0
 0
 0
 0
 0
 0
 0
 0
 0
 0
 0
 0
 0
 0
 0
 0
 0
 0
 0
 0
 0
 0
 0
 0
 0
 0
 0
 0
 0
 0
 0
 0
 0
 0
 0
 0
 0
 0
 0
 0
 0
 0
 0
 0
 0
 0
 0
 0
 0
 0
 0
 0
 0
 0
 0
 0
 0
 0
 0
 0
 0
 0
 0
 0.87829
 0.9365599999999999
 0.9285099999999999
 0.91246
 0.92149
 0.87952
 0.94185
 0.90111
 0.9341699999999999
 0.9214599999999999
 0.9253
 0.92022
 0.9327
 0.9131899999999999
 0.90827
 0.91614
 0.92275
 0.91354
 0.90737
 0.90461
 0.91077
 0.91913
 0.9071399999999999
 0.90556
 0.90512
 0.9131899999999999
 0.90486
 0.90313
 0
 0
 0
 0
 0
 0
 0
 0
 0
 0
 0
 0
 0
 0
 0
 0
 0
 0
 0
 0
 0
 0
 0
 0
 0
 0
 0
 0
 0
 0
 0
 0
 0
 0
 0
 0
 0
 0
 0
 0
 0
 0
 0
 0
 0
 0
 0
 0
 0
 0
 0
 0
 0
 0
 0
 0
 0
 0
 0
 0


