# Created by Octave 4.0.0, Sat Nov 21 16:30:33 2015 W. Europe Standard Time <unknown@Florian-PC>
# name: mus
# type: matrix
# ndims: 3
 1 30 19
 0
 0
 0.532
 0.54733
 0.55822
 0.67726
 0.67649
 0.52846
 0.53378
 0.54134
 0.54139
 0.63423
 0.6348
 0.63309
 0.63025
 0.63058
 0.62868
 0.63356
 0.63246
 0.63315
 0.6321600000000001
 0.64123
 0.63861
 0.6509
 0.6738
 0.6737300000000001
 0.66779
 0.66574
 0.69355
 0.68757
 0
 0
 0.66667
 1
 1
 0.6
 0.7
 0.5
 0.6
 0.7
 0.6333299999999999
 0.66667
 0.66667
 0.6
 0.73333
 0.76667
 0.76667
 0.71667
 0.75
 0.75
 0.76
 0.73
 0.73
 0.71
 0.68
 0.68667
 0.66667
 0.67333
 0.69333
 0.66667
 0
 0
 0.76295
 0.84309
 0.75403
 0.84618
 0.68643
 0.68747
 0.61888
 0.73902
 0.70281
 0.68879
 0.49144
 0.6354
 0.74314
 0.69371
 0.7416199999999999
 0.66854
 0.6936099999999999
 0.7333
 0.75196
 0.71779
 0.68988
 0.7112000000000001
 0.6503100000000001
 0.72564
 0.6605799999999999
 0.66777
 0.7057600000000001
 0.68472
 0
 0
 0.7217
 0.9265099999999999
 0.92722
 0.81762
 0.70543
 0.6180600000000001
 0.69055
 0.69607
 0.74107
 0.69286
 0.6107900000000001
 0.68851
 0.73405
 0.7398400000000001
 0.74838
 0.69592
 0.75724
 0.7667
 0.76984
 0.72784
 0.74457
 0.72428
 0.68183
 0.70485
 0.67742
 0.69723
 0.70882
 0.6811199999999999
 0
 0
 1
 1
 1
 1
 0.57143
 0.25
 0.66667
 0.7
 0.81818
 0.66667
 0.61538
 0.77778
 0.6
 0.66667
 1
 1
 0
 1
 1
 1
 1
 1
 1
 0
 1
 1
 1
 0
 0
 0
 0.95899
 0.96549
 0.98376
 0.93089
 0.65505
 0.42016
 0.6980499999999999
 0.7157
 0.81712
 0.6405999999999999
 0.61697
 0.7272999999999999
 0.69263
 0.69146
 0.81963
 0.77295
 0.62469
 0.80343
 0.79303
 0.81609
 0.83821
 0.69734
 0.73464
 0.66769
 0.69912
 0.69137
 0.66392
 0.62781
 0
 0
 0.36788
 0.8565199999999999
 0.9053600000000001
 0.77766
 0.79536
 0.63624
 0.7433
 0.71254
 0.70469
 0.6758999999999999
 0.6073499999999999
 0.67086
 0.73425
 0.7287
 0.70248
 0.66314
 0.71505
 0.69891
 0.7305700000000001
 0.71683
 0.71344
 0.6998799999999999
 0.71243
 0.74063
 0.71152
 0.70504
 0.73229
 0.71534
 0
 0
 0.69759
 0.86628
 0.89202
 0.76447
 0.69516
 0.56516
 0.66322
 0.6695
 0.70282
 0.63684
 0.55925
 0.60816
 0.67048
 0.67732
 0.68524
 0.64759
 0.67591
 0.6883899999999999
 0.71057
 0.67393
 0.68767
 0.67014
 0.64661
 0.6615799999999999
 0.64364
 0.64844
 0.66765
 0.6415999999999999
 0
 0
 0.97424
 0.95167
 0.92241
 0.93233
 0.95505
 0.90007
 0.90435
 0.91672
 0.93491
 0.93076
 0.92462
 0.92944
 0.91645
 0.91578
 0.90718
 0.90071
 0.90967
 0.901
 0.90304
 0.89893
 0.90742
 0.91831
 0.90408
 0.90261
 0.90166
 0.90771
 0.89453
 0.91308
 0
 0
 0.96546
 0.97181
 0.98564
 0.87361
 0.32312
 0.51417
 0.67137
 0.68703
 0.70939
 0.62793
 0.53635
 0.64888
 0.7462299999999999
 0.76929
 0.77215
 0.71917
 0.71156
 0.7918500000000001
 0.75805
 0.74999
 0.78493
 0.73486
 0.70043
 0.6891699999999999
 0.6879999999999999
 0.67667
 0.68324
 0.66609
 0
 0
 0.36788
 0.81532
 0.90654
 0.74934
 0.81833
 0.64097
 0.71649
 0.73256
 0.69132
 0.6913
 0.63563
 0.67648
 0.72511
 0.73482
 0.72183
 0.8333199999999999
 0.69004
 0.71787
 0.71501
 0.75447
 0.72941
 0.70658
 0.6513
 0.73554
 0.71357
 0.70764
 0.7309
 0.69132
 0
 0
 0
 0
 0
 0
 0
 0
 0
 0
 0
 0
 0
 0
 0
 0
 0
 0
 0
 0
 0
 0
 0
 0
 0
 0
 0
 0
 0
 0
 0
 0
 0
 0
 0
 0
 0
 0
 0
 0
 0
 0
 0
 0
 0
 0
 0
 0
 0
 0
 0
 0
 0
 0
 0
 0
 0
 0
 0
 0
 0
 0
 0
 0
 0
 0
 0
 0
 0
 0
 0
 0
 0
 0
 0
 0
 0
 0
 0
 0
 0
 0
 0
 0
 0
 0
 0
 0
 0
 0
 0
 0
 0
 0
 0
 0
 0
 0
 0
 0
 0
 0
 0
 0
 0
 0
 0
 0
 0
 0
 0
 0
 0
 0
 0
 0
 0
 0
 0
 0
 0
 0
 0
 0
 0
 0
 0
 0
 0
 0
 0
 0
 0
 0
 0
 0
 0
 0
 0
 0
 0
 0
 0
 0
 0
 0
 0
 0
 0
 0
 0
 0
 0.90293
 0.90294
 0.92209
 0.93052
 0.90679
 0.90377
 0.89745
 0.90402
 0.93482
 0.91281
 0.92948
 0.92206
 0.90469
 0.91389
 0.91468
 0.9045800000000001
 0.91479
 0.91665
 0.91848
 0.90745
 0.90498
 0.9058
 0.90655
 0.90364
 0.91226
 0.89812
 0.8934
 0.90039
 0
 0
 0
 0
 0
 0
 0
 0
 0
 0
 0
 0
 0
 0
 0
 0
 0
 0
 0
 0
 0
 0
 0
 0
 0
 0
 0
 0
 0
 0
 0
 0
 0
 0
 0
 0
 0
 0
 0
 0
 0
 0
 0
 0
 0
 0
 0
 0
 0
 0
 0
 0
 0
 0
 0
 0
 0
 0
 0
 0


