# Created by Octave 4.0.0, Sat Nov 21 16:30:43 2015 W. Europe Standard Time <unknown@Florian-PC>
# name: mus
# type: matrix
# ndims: 3
 1 30 19
 0
 0
 0.50083
 0.5284
 0.5002799999999999
 0.5
 0.49861
 0.59431
 0.59073
 0.58771
 0.5877599999999999
 0.58557
 0.58733
 0.58343
 0.58431
 0.59989
 0.61188
 0.60045
 0.60054
 0.61798
 0.63059
 0.63524
 0.62124
 0.62387
 0.64113
 0.64771
 0.6748
 0.65402
 0.67909
 0.67458
 0
 0
 1
 0.25
 0.8
 0.7
 0.5
 0.5
 0.5
 0.6
 0.6333299999999999
 0.6333299999999999
 0.46667
 0.46667
 0.46667
 0.4
 0.38333
 0.41667
 0.65
 0.6
 0.66
 0.68
 0.65
 0.67
 0.68
 0.69333
 0.66
 0.76
 0.71333
 0.66667
 0
 0
 1
 0.46349
 0.67249
 0.73872
 0.85567
 0.6497000000000001
 0.67299
 0.67463
 0.75464
 0.71717
 0.67905
 0.68713
 0.69663
 0.64552
 0.64659
 0.60401
 0.58756
 0.56942
 0.6118400000000001
 0.61865
 0.6902700000000001
 0.6922
 0.7123
 0.72983
 0.71489
 0.71171
 0.70672
 0.6905
 0
 0
 1
 0.30122
 0.7907
 0.6960499999999999
 0.57019
 0.50305
 0.5569
 0.61019
 0.6616300000000001
 0.6868
 0.60911
 0.62143
 0.64521
 0.61161
 0.56867
 0.59483
 0.64861
 0.61589
 0.64822
 0.65379
 0.68042
 0.71121
 0.7206
 0.70379
 0.6988799999999999
 0.74431
 0.73377
 0.72971
 0
 0
 1
 0.25
 0.8
 0.5
 0.85714
 0.25
 0.66667
 0.4
 0.72727
 0.58333
 0.61538
 0.33333
 0.6
 1
 0.5
 1
 0
 0
 1
 0
 1
 0
 1
 0
 0
 1
 1
 0
 0
 0
 1
 0.21893
 0.69018
 0.44626
 0.76103
 0.48414
 0.62547
 0.55832
 0.67493
 0.68144
 0.61365
 0.55284
 0.66513
 0.73513
 0.48256
 0.68427
 0.57307
 0.52591
 0.67783
 0.60925
 0.79908
 0.65088
 0.84459
 0.641
 0.6518
 0.82586
 0.81794
 0.66328
 0
 0
 1
 0.70789
 0.42179
 0.51864
 0.6972
 0.68175
 0.71801
 0.67456
 0.73809
 0.72007
 0.69224
 0.72119
 0.76333
 0.65291
 0.67105
 0.65534
 0.63327
 0.63702
 0.67438
 0.65704
 0.7192499999999999
 0.68177
 0.70681
 0.69863
 0.67704
 0.68911
 0.69663
 0.67985
 0
 0
 1
 0.25822
 0.7069
 0.61151
 0.5767
 0.51076
 0.58894
 0.60632
 0.64272
 0.67401
 0.6044
 0.63353
 0.64663
 0.59689
 0.54391
 0.5778
 0.59926
 0.5627
 0.59379
 0.60623
 0.63973
 0.6617
 0.67469
 0.66603
 0.65366
 0.67128
 0.67395
 0.6552
 0
 0
 0.96183
 0.92689
 0.93868
 0.87418
 0.92759
 0.93779
 0.93254
 0.91255
 0.9308999999999999
 0.91656
 0.92687
 0.91023
 0.91225
 0.90111
 0.91568
 0.90749
 0.8962
 0.91445
 0.90927
 0.91131
 0.8991400000000001
 0.90589
 0.91032
 0.8961
 0.90805
 0.91022
 0.90863
 0.898
 0
 0
 1
 0.20819
 0.57603
 0.46481
 0.68764
 0.54682
 0.61736
 0.61972
 0.6746
 0.70317
 0.62745
 0.63498
 0.68842
 0.59095
 0.53176
 0.58466
 0.56459
 0.55607
 0.67471
 0.68902
 0.75027
 0.71874
 0.71563
 0.70864
 0.67081
 0.71385
 0.71346
 0.69129
 0
 0
 1
 0.74054
 0.46227
 0.53333
 0.6472
 0.63249
 0.7307
 0.72734
 0.74909
 0.74457
 0.70184
 0.73349
 0.81736
 0.62064
 0.64075
 0.54715
 0.56263
 0.60202
 0.65003
 0.64352
 0.66661
 0.62551
 0.6805099999999999
 0.65961
 0.71833
 0.67763
 0.68982
 0.68866
 0
 0
 0
 0
 0
 0
 0
 0
 0
 0
 0
 0
 0
 0
 0
 0
 0
 0
 0
 0
 0
 0
 0
 0
 0
 0
 0
 0
 0
 0
 0
 0
 0
 0
 0
 0
 0
 0
 0
 0
 0
 0
 0
 0
 0
 0
 0
 0
 0
 0
 0
 0
 0
 0
 0
 0
 0
 0
 0
 0
 0
 0
 0
 0
 0
 0
 0
 0
 0
 0
 0
 0
 0
 0
 0
 0
 0
 0
 0
 0
 0
 0
 0
 0
 0
 0
 0
 0
 0
 0
 0
 0
 0
 0
 0
 0
 0
 0
 0
 0
 0
 0
 0
 0
 0
 0
 0
 0
 0
 0
 0
 0
 0
 0
 0
 0
 0
 0
 0
 0
 0
 0
 0
 0
 0
 0
 0
 0
 0
 0
 0
 0
 0
 0
 0
 0
 0
 0
 0
 0
 0
 0
 0
 0
 0
 0
 0
 0
 0
 0
 0
 0
 0.91857
 0.96845
 0.91344
 0.93074
 0.91206
 0.92867
 0.89397
 0.9353399999999999
 0.9278
 0.92867
 0.9055299999999999
 0.91714
 0.91037
 0.91782
 0.90884
 0.91057
 0.91565
 0.89989
 0.90249
 0.90595
 0.9138500000000001
 0.9152
 0.9031400000000001
 0.91215
 0.9051900000000001
 0.90443
 0.89568
 0.91168
 0
 0
 0
 0
 0
 0
 0
 0
 0
 0
 0
 0
 0
 0
 0
 0
 0
 0
 0
 0
 0
 0
 0
 0
 0
 0
 0
 0
 0
 0
 0
 0
 0
 0
 0
 0
 0
 0
 0
 0
 0
 0
 0
 0
 0
 0
 0
 0
 0
 0
 0
 0
 0
 0
 0
 0
 0
 0
 0
 0


