# Created by Octave 4.0.0, Sat Nov 21 16:30:31 2015 W. Europe Standard Time <unknown@Florian-PC>
# name: mus
# type: matrix
# ndims: 3
 1 30 19
 0
 0
 0.51697
 0.58241
 0.5571
 0.5535099999999999
 0.56253
 0.55859
 0.6823
 0.6988799999999999
 0.64927
 0.6443
 0.60619
 0.65234
 0.66387
 0.65569
 0.62756
 0.65152
 0.65877
 0.65112
 0.64762
 0.6421
 0.6529199999999999
 0.66047
 0.66648
 0.66184
 0.6619
 0.6582
 0.68437
 0.68757
 0
 0
 0
 0.5
 0.6
 0.3
 0.4
 0.9
 1
 0.9
 0.33333
 0.56667
 0.43333
 0.6333299999999999
 0.53333
 0.56667
 0.58333
 0.6166700000000001
 0.71667
 0.75
 0.72
 0.58
 0.65
 0.7
 0.6
 0.54667
 0.66
 0.61333
 0.58
 0.6333299999999999
 0
 0
 0.404
 0.63014
 0.72049
 0.74629
 0.73346
 0.79667
 0.7728
 0.68845
 0.52927
 0.59755
 0.55088
 0.47374
 0.42287
 0.44214
 0.51657
 0.6008
 0.5258699999999999
 0.59451
 0.63025
 0.66542
 0.68943
 0.7317900000000001
 0.64549
 0.61868
 0.6986599999999999
 0.61768
 0.60251
 0.64755
 0
 0
 0.16666
 0.49456
 0.56653
 0.46623
 0.50732
 0.6266
 0.70558
 0.63279
 0.43799
 0.5295299999999999
 0.49638
 0.4832
 0.47863
 0.51609
 0.56702
 0.58777
 0.5696600000000001
 0.57625
 0.60185
 0.62714
 0.63689
 0.63397
 0.58807
 0.59516
 0.61321
 0.56959
 0.56874
 0.58009
 0
 0
 0
 0.5
 0.8
 0.66667
 0.42857
 0.375
 0.66667
 1
 0.45455
 0.75
 0.53846
 0.5555600000000001
 0.2
 0.66667
 0.5
 1
 0
 1
 1
 1
 1
 1
 0
 1
 1
 1
 1
 1
 0
 0
 0.24998
 0.53343
 0.61044
 0.66797
 0.54271
 0.60948
 0.66949
 0.62813
 0.4398
 0.55468
 0.49898
 0.47983
 0.47149
 0.53644
 0.55411
 0.6875599999999999
 0.54053
 0.59238
 0.66914
 0.6254999999999999
 0.63315
 0.6035199999999999
 0.56408
 0.69783
 0.62464
 0.6001
 0.56782
 0.59532
 0
 0
 0.36788
 0.60556
 0.68836
 0.76819
 0.74056
 0.76774
 0.7912400000000001
 0.68585
 0.58218
 0.68285
 0.65146
 0.64368
 0.61148
 0.62191
 0.65412
 0.7378400000000001
 0.71709
 0.67105
 0.73434
 0.69548
 0.73847
 0.72741
 0.70921
 0.71227
 0.7053199999999999
 0.67249
 0.69756
 0.69785
 0
 0
 0.16665
 0.45671
 0.52859
 0.5079399999999999
 0.60416
 0.68154
 0.69578
 0.57326
 0.435
 0.5208
 0.49021
 0.49317
 0.49007
 0.53532
 0.5767
 0.60349
 0.59766
 0.59977
 0.62568
 0.64311
 0.65967
 0.65702
 0.6069
 0.61652
 0.62683
 0.58604
 0.57747
 0.58707
 0
 0
 0.99864
 1
 1
 1
 1
 1
 1
 1
 1
 0.99959
 0.99713
 0.97849
 0.97965
 0.97232
 0.98001
 0.97344
 0.96373
 0.97026
 0.95801
 0.97034
 0.96222
 0.95856
 0.95229
 0.95664
 0.95962
 0.95669
 0.94094
 0.93956
 0
 0
 0.25012
 0.51946
 0.5627
 0.5975200000000001
 0.61591
 0.66392
 0.66831
 0.58892
 0.4293
 0.52307
 0.51814
 0.47522
 0.48108
 0.52768
 0.55601
 0.5905899999999999
 0.57104
 0.58917
 0.64459
 0.64149
 0.6464800000000001
 0.64876
 0.59775
 0.62818
 0.62792
 0.5797099999999999
 0.5720499999999999
 0.58644
 0
 0
 0.36788
 0.62548
 0.7852
 0.71246
 0.72158
 0.76023
 0.75466
 0.6833900000000001
 0.61455
 0.65761
 0.60159
 0.63909
 0.6133999999999999
 0.74763
 0.64943
 0.68699
 0.68638
 0.67532
 0.68838
 0.68521
 0.6852200000000001
 0.72723
 0.69365
 0.68621
 0.69215
 0.65699
 0.6573099999999999
 0.7363499999999999
 0
 0
 0
 0
 0
 0
 0
 0
 0
 0
 0
 0
 0
 0
 0
 0
 0
 0
 0
 0
 0
 0
 0
 0
 0
 0
 0
 0
 0
 0
 0
 0
 0
 0
 0
 0
 0
 0
 0
 0
 0
 0
 0
 0
 0
 0
 0
 0
 0
 0
 0
 0
 0
 0
 0
 0
 0
 0
 0
 0
 0
 0
 0
 0
 0
 0
 0
 0
 0
 0
 0
 0
 0
 0
 0
 0
 0
 0
 0
 0
 0
 0
 0
 0
 0
 0
 0
 0
 0
 0
 0
 0
 0
 0
 0
 0
 0
 0
 0
 0
 0
 0
 0
 0
 0
 0
 0
 0
 0
 0
 0
 0
 0
 0
 0
 0
 0
 0
 0
 0
 0
 0
 0
 0
 0
 0
 0
 0
 0
 0
 0
 0
 0
 0
 0
 0
 0
 0
 0
 0
 0
 0
 0
 0
 0
 0
 0
 0
 0
 0
 0
 0
 0.99997
 1
 1
 1
 1
 1
 1
 1
 0.99812
 0.99985
 0.98847
 0.99039
 0.99056
 0.97479
 0.97202
 0.97006
 0.96155
 0.96577
 0.95356
 0.9585
 0.95712
 0.95588
 0.95436
 0.95198
 0.95504
 0.94597
 0.94357
 0.94155
 0
 0
 0
 0
 0
 0
 0
 0
 0
 0
 0
 0
 0
 0
 0
 0
 0
 0
 0
 0
 0
 0
 0
 0
 0
 0
 0
 0
 0
 0
 0
 0
 0
 0
 0
 0
 0
 0
 0
 0
 0
 0
 0
 0
 0
 0
 0
 0
 0
 0
 0
 0
 0
 0
 0
 0
 0
 0
 0
 0


