# Created by Octave 4.0.0, Sat Nov 21 16:30:47 2015 W. Europe Standard Time <unknown@Florian-PC>
# name: mus
# type: matrix
# ndims: 3
 1 30 19
 0
 0
 0.4975
 0.5412
 0.71365
 0.71182
 0.71595
 0.70312
 0.69291
 0.69441
 0.69564
 0.68736
 0.6754
 0.67578
 0.66667
 0.67355
 0.67055
 0.68462
 0.67685
 0.67809
 0.67361
 0.68076
 0.6799500000000001
 0.6875
 0.6912700000000001
 0.69026
 0.68182
 0.66936
 0.66935
 0.65932
 0
 0
 1
 0.25
 0.6
 0.8
 0.6
 0.6
 0.5
 0.7
 0.83333
 0.8666700000000001
 0.56667
 0.8
 0.73333
 0.75
 0.76667
 0.6
 0.6166700000000001
 0.65
 0.74
 0.58
 0.58
 0.57
 0.6
 0.62
 0.6333299999999999
 0.53333
 0.53333
 0.53333
 0
 0
 1
 0.6692399999999999
 0.6702
 0.8072
 0.61354
 0.69828
 0.68634
 0.7632
 0.79456
 0.80832
 0.801
 0.73384
 0.82699
 0.77904
 0.72907
 0.52067
 0.63186
 0.72864
 0.6878300000000001
 0.6420400000000001
 0.62561
 0.64475
 0.68641
 0.6794
 0.61234
 0.6109599999999999
 0.60808
 0.61067
 0
 0
 1
 0.63196
 0.7789
 0.83623
 0.70928
 0.73259
 0.75967
 0.80577
 0.80082
 0.77717
 0.79513
 0.85031
 0.87707
 0.86539
 0.7620400000000001
 0.67905
 0.69836
 0.67232
 0.72446
 0.69237
 0.66234
 0.67745
 0.6823900000000001
 0.6716
 0.63037
 0.65103
 0.65162
 0.6289
 0
 0
 1
 0
 0.8
 0.66667
 1
 0.625
 1
 0.6
 0.63636
 0.83333
 0.76923
 0.77778
 1
 1
 1
 1
 1
 0
 0
 1
 1
 1
 1
 1
 0
 1
 1
 0
 0
 0
 1
 0.47225
 0.675
 0.675
 0.98572
 0.64107
 1.03076
 0.72649
 0.65133
 0.84318
 0.7767500000000001
 0.80226
 0.99218
 0.9663
 0.85904
 0.85173
 0.8460800000000001
 0.58331
 0.50392
 0.96962
 0.69935
 0.95801
 1.01148
 0.83787
 0.71875
 0.73793
 0.55676
 0.45834
 0
 0
 1
 1.05348
 0.7458900000000001
 0.83697
 0.72475
 0.76928
 0.71392
 0.82769
 0.77571
 0.83472
 0.76493
 0.7805800000000001
 0.81529
 0.75112
 0.7812
 0.69117
 0.74008
 0.72938
 0.7005
 0.66748
 0.68727
 0.70282
 0.66958
 0.69278
 0.62214
 0.63114
 0.65355
 0.63872
 0
 0
 1
 0.68384
 0.73782
 0.8024
 0.71548
 0.75365
 0.78906
 0.78604
 0.78616
 0.7575499999999999
 0.76863
 0.8186099999999999
 0.85648
 0.83985
 0.78243
 0.70488
 0.71456
 0.68652
 0.71449
 0.67966
 0.65378
 0.6821700000000001
 0.6608000000000001
 0.7005400000000001
 0.6198900000000001
 0.65334
 0.6583
 0.62247
 0
 0
 1
 1
 1
 1
 1
 1
 1
 1
 1
 1
 1
 1
 1
 1
 1
 1
 1
 1
 1
 1
 1
 1
 1
 1
 1
 1
 1
 1
 0
 0
 1
 0.60297
 0.6150099999999999
 0.67842
 0.72914
 0.75827
 0.7008
 0.82296
 0.66539
 0.67891
 0.71031
 0.74536
 0.79225
 0.9188
 0.68887
 0.6777
 0.66348
 0.69408
 0.64537
 0.81768
 0.62464
 0.74725
 0.75804
 0.65707
 1.03008
 0.58775
 0.4885
 0.49653
 0
 0
 1
 1.02376
 0.73638
 0.91887
 0.81448
 0.85651
 0.73211
 0.79858
 0.82051
 0.7605
 0.77399
 0.81208
 0.85032
 0.7890200000000001
 0.83484
 0.74752
 0.71426
 0.84235
 0.73103
 0.71256
 0.71095
 0.73767
 0.73731
 0.65776
 0.63332
 0.6994
 0.69116
 0.67138
 0
 0
 0
 0
 0
 0
 0
 0
 0
 0
 0
 0
 0
 0
 0
 0
 0
 0
 0
 0
 0
 0
 0
 0
 0
 0
 0
 0
 0
 0
 0
 0
 0
 0
 0
 0
 0
 0
 0
 0
 0
 0
 0
 0
 0
 0
 0
 0
 0
 0
 0
 0
 0
 0
 0
 0
 0
 0
 0
 0
 0
 0
 0
 0
 0
 0
 0
 0
 0
 0
 0
 0
 0
 0
 0
 0
 0
 0
 0
 0
 0
 0
 0
 0
 0
 0
 0
 0
 0
 0
 0
 0
 0
 0
 0
 0
 0
 0
 0
 0
 0
 0
 0
 0
 0
 0
 0
 0
 0
 0
 0
 0
 0
 0
 0
 0
 0
 0
 0
 0
 0
 0
 0
 0
 0
 0
 0
 0
 0
 0
 0
 0
 0
 0
 0
 0
 0
 0
 0
 0
 0
 0
 0
 0
 0
 0
 0
 0
 0
 0
 0
 0
 1
 1
 1
 1
 1
 1
 1
 1
 1
 1
 1
 1
 1
 1
 1
 1
 1
 1
 1
 1
 1
 1
 1
 1
 1
 1
 1
 1
 0
 0
 0
 0
 0
 0
 0
 0
 0
 0
 0
 0
 0
 0
 0
 0
 0
 0
 0
 0
 0
 0
 0
 0
 0
 0
 0
 0
 0
 0
 0
 0
 0
 0
 0
 0
 0
 0
 0
 0
 0
 0
 0
 0
 0
 0
 0
 0
 0
 0
 0
 0
 0
 0
 0
 0
 0
 0
 0
 0


# name: vars
# type: matrix
# ndims: 3
 1 30 19
 0
 0
 0.079472
 0.064984
 0.042467
 0.033842
 0.025109
 0.027221
 0.023189
 0.023002
 0.018886
 0.01876
 0.016216
 0.016945
 0.013258
 0.01476
 0.010902
 0.014854
 0.014469
 0.011361
 0.008507000000000001
 0.00967
 0.012861
 0.012617
 0.005128
 0.007685
 0.010255
 0.008503
 0.01134
 0.004983
 0
 0
 0
 0.25
 0.3
 0.2
 0.175
 0.175
 0.125
 0.075
 0.05556
 0.08889
 0.13333
 0.03333
 0.02222
 0.07639
 0.05
 0.06389
 0.06806
 0.08125
 0.10675
 0.04825
 0.062
 0.0795
 0.02
 0.052
 0.01222
 0.03833
 0.075
 0.075
 0
 0
 0
 0
 0
 0
 0
 0
 0
 0
 0
 0
 0
 0
 0
 0
 0
 0
 0
 0
 0
 0
 0
 0
 0
 0
 0
 0
 0
 0
 0
 0
 0
 0.095415
 0.058884
 0.046973
 0.050639
 0.062256
 0.054597
 0.046887
 0.042088
 0.046499
 0.034605
 0.026068
 0.023116
 0.026696
 0.040791
 0.0467
 0.042669
 0.046407
 0.038575
 0.041517
 0.043727
 0.038365
 0.03499
 0.04271
 0.04494
 0.038571
 0.0431
 0.041855
 0
 0
 0
 0
 0
 0
 0
 0
 0
 0
 0
 0
 0
 0
 0
 0
 0
 0
 0
 0
 0
 0
 0
 0
 0
 0
 0
 0
 0
 0
 0
 0
 0
 0
 0
 0
 0
 0
 0
 0
 0
 0
 0
 0
 0
 0
 0
 0
 0
 0
 0
 0
 0
 0
 0
 0
 0
 0
 0
 0
 0
 0
 0
 0
 0
 0
 0
 0
 0
 0
 0
 0
 0
 0
 0
 0
 0
 0
 0
 0
 0
 0
 0
 0
 0
 0
 0
 0
 0
 0
 0
 0
 0
 0.075393
 0.049606
 0.035897
 0.036773
 0.045154
 0.024336
 0.0312
 0.032084
 0.029195
 0.027676
 0.033461
 0.023052
 0.029744
 0.044811
 0.043967
 0.040285
 0.052035
 0.044387
 0.045956
 0.048467
 0.041328
 0.05469
 0.046746
 0.044984
 0.047622
 0.050893
 0.060076
 0
 0
 0
 0
 0
 0
 0
 0
 0
 0
 0
 0
 0
 0
 0
 0
 0
 0
 0
 0
 0
 0
 0
 0
 0
 0
 0
 0
 0
 0
 0
 0
 0
 0
 0
 0
 0
 0
 0
 0
 0
 0
 0
 0
 0
 0
 0
 0
 0
 0
 0
 0
 0
 0
 0
 0
 0
 0
 0
 0
 0
 0
 0
 0
 0
 0
 0
 0
 0
 0
 0
 0
 0
 0
 0
 0
 0
 0
 0
 0
 0
 0
 0
 0
 0
 0
 0
 0
 0
 0
 0
 0
 0
 0
 0
 0
 0
 0
 0
 0
 0
 0
 0
 0
 0
 0
 0
 0
 0
 0
 0
 0
 0
 0
 0
 0
 0
 0
 0
 0
 0
 0
 0
 0
 0
 0
 0
 0
 0
 0
 0
 0
 0
 0
 0
 0
 0
 0
 0
 0
 0
 0
 0
 0
 0
 0
 0
 0
 0
 0
 0
 0
 0
 0
 0
 0
 0
 0
 0
 0
 0
 0
 0
 0
 0
 0
 0
 0
 0
 0
 0
 0
 0
 0
 0
 0
 0
 0
 0
 0
 0
 0
 0
 0
 0
 0
 0
 0
 0
 0
 0
 0
 0
 0
 0
 0
 0
 0
 0
 0
 0
 0
 0
 0
 0
 0
 0
 0
 0
 0
 0
 0
 0
 0
 0
 0
 0
 0
 0
 0
 0
 0
 0
 0
 0
 0
 0
 0
 0
 0
 0
 0
 0
 0
 0
 0
 0
 0
 0
 0
 0
 0
 0
 0
 0
 0
 0
 0
 0
 0
 0
 0
 0
 0
 0
 0
 0
 0
 0
 0
 0
 0
 0
 0
 0
 0
 0
 0
 0
 0
 0
 0
 0
 0
 0
 0
 0
 0
 0
 0
 0
 0
 0
 0
 0
 0
 0
 0
 0
 0
 0
 0
 0
 0
 0
 0
 0
 0
 0
 0
 0
 0
 0
 0
 0
 0
 0
 0
 0
 0
 0
 0
 0
 0
 0
 0
 0
 0
 0
 0
 0
 0
 0
 0
 0
 0
 0
 0
 0
 0


