# Created by Octave 4.0.0, Sat Nov 21 16:30:34 2015 W. Europe Standard Time <unknown@Florian-PC>
# name: mus
# type: matrix
# ndims: 3
 1 30 19
 0
 0
 0.59377
 0.5696
 0.51588
 0.50502
 0.50417
 0.50558
 0.57342
 0.56425
 0.5595599999999999
 0.6476499999999999
 0.66081
 0.59919
 0.63025
 0.65123
 0.65326
 0.6908
 0.70489
 0.68708
 0.69658
 0.68868
 0.69955
 0.66329
 0.68394
 0.68785
 0.6893899999999999
 0.69922
 0.6938299999999999
 0.69153
 0
 0
 0
 0.5
 0.6
 0.7
 0.7
 0.7
 0.6
 0.7
 0.73333
 0.66667
 0.7
 0.5
 0.6
 0.6166700000000001
 0.55
 0.5
 0.48333
 0.5
 0.41
 0.54
 0.57
 0.51
 0.52
 0.72667
 0.56667
 0.6333299999999999
 0.66
 0.76667
 0
 0
 0.26146
 0.70455
 0.69768
 0.81892
 0.74821
 0.79477
 0.79309
 0.7819
 0.76449
 0.63848
 0.77336
 0.6559
 0.66698
 0.69432
 0.65083
 0.66192
 0.54055
 0.71292
 0.69157
 0.5817099999999999
 0.61094
 0.63934
 0.6048
 0.65083
 0.62822
 0.5874200000000001
 0.63602
 0.68277
 0
 0
 0.07079000000000001
 0.5171
 0.4965
 0.74591
 0.6902700000000001
 0.70736
 0.73685
 0.7103699999999999
 0.71704
 0.6833900000000001
 0.7201
 0.60689
 0.58633
 0.64054
 0.6772899999999999
 0.66395
 0.5985
 0.62847
 0.64419
 0.61195
 0.61887
 0.59975
 0.62323
 0.67255
 0.6123
 0.64074
 0.66633
 0.6955
 0
 0
 0
 0.5
 0.8
 0.83333
 1
 0.875
 0.77778
 0.6
 0.63636
 0.75
 0.61538
 0.33333
 0.6
 1
 1
 1
 1
 1
 0
 1
 1
 0
 1
 1
 0
 0
 1
 1
 0
 0
 0.0023
 0.41991
 0.81032
 0.83666
 0.85031
 0.85983
 0.75175
 0.64618
 0.67349
 0.71517
 0.70366
 0.53366
 0.5536799999999999
 0.7307399999999999
 0.71426
 0.74969
 0.6402600000000001
 0.75856
 0.54641
 0.66909
 0.55625
 0.49189
 0.76123
 0.75536
 0.51492
 0.50837
 0.78539
 0.73802
 0
 0
 0.78929
 0.71569
 0.63803
 0.68574
 0.8168
 0.77844
 0.8117799999999999
 0.74932
 0.75303
 0.74558
 0.73276
 0.64605
 0.6578000000000001
 0.69326
 0.68182
 0.69628
 0.67679
 0.67744
 0.69901
 0.61524
 0.67585
 0.69369
 0.65264
 0.69648
 0.6745100000000001
 0.68352
 0.73212
 0.7184
 0
 0
 0.06937
 0.46588
 0.47344
 0.64962
 0.65363
 0.65586
 0.73247
 0.67171
 0.65816
 0.65281
 0.66437
 0.57199
 0.55252
 0.57558
 0.58638
 0.57639
 0.5531700000000001
 0.57295
 0.58777
 0.54893
 0.56475
 0.5587800000000001
 0.56576
 0.59439
 0.57007
 0.59532
 0.61137
 0.63671
 0
 0
 0.9423
 0.92395
 0.90412
 0.89177
 0.93018
 0.95044
 0.91116
 0.9218
 0.93689
 0.93093
 0.92294
 0.90372
 0.9211
 0.91217
 0.91464
 0.9144
 0.90764
 0.90827
 0.9102
 0.9067
 0.90473
 0.8953100000000001
 0.8974
 0.89815
 0.90149
 0.90677
 0.90329
 0.91225
 0
 0
 0.03424
 0.38546
 0.79804
 0.84377
 0.64573
 0.74219
 0.72565
 0.66476
 0.66903
 0.64906
 0.77055
 0.30881
 0.56968
 0.61826
 0.6577499999999999
 0.66936
 0.61598
 0.64283
 0.66817
 0.5928600000000001
 0.59084
 0.55624
 0.6115699999999999
 0.66665
 0.57331
 0.59094
 0.69016
 0.6836
 0
 0
 0.78929
 0.71695
 0.59761
 0.59257
 0.81209
 0.81543
 0.7543
 0.75083
 0.79858
 0.739
 0.68788
 0.65516
 0.64535
 0.67948
 0.65767
 0.63501
 0.68236
 0.66404
 0.63772
 0.6644099999999999
 0.64254
 0.6954900000000001
 0.67589
 0.70057
 0.681
 0.69915
 0.70728
 0.7073199999999999
 0
 0
 0
 0
 0
 0
 0
 0
 0
 0
 0
 0
 0
 0
 0
 0
 0
 0
 0
 0
 0
 0
 0
 0
 0
 0
 0
 0
 0
 0
 0
 0
 0
 0
 0
 0
 0
 0
 0
 0
 0
 0
 0
 0
 0
 0
 0
 0
 0
 0
 0
 0
 0
 0
 0
 0
 0
 0
 0
 0
 0
 0
 0
 0
 0
 0
 0
 0
 0
 0
 0
 0
 0
 0
 0
 0
 0
 0
 0
 0
 0
 0
 0
 0
 0
 0
 0
 0
 0
 0
 0
 0
 0
 0
 0
 0
 0
 0
 0
 0
 0
 0
 0
 0
 0
 0
 0
 0
 0
 0
 0
 0
 0
 0
 0
 0
 0
 0
 0
 0
 0
 0
 0
 0
 0
 0
 0
 0
 0
 0
 0
 0
 0
 0
 0
 0
 0
 0
 0
 0
 0
 0
 0
 0
 0
 0
 0
 0
 0
 0
 0
 0
 0.89846
 0.9579299999999999
 0.92701
 0.91911
 0.9402199999999999
 0.9076
 0.93133
 0.93192
 0.91796
 0.9169
 0.92626
 0.90934
 0.92702
 0.91378
 0.92006
 0.91678
 0.90781
 0.89895
 0.91255
 0.90439
 0.90243
 0.90311
 0.90296
 0.9091900000000001
 0.89364
 0.90741
 0.89549
 0.89812
 0
 0
 0
 0
 0
 0
 0
 0
 0
 0
 0
 0
 0
 0
 0
 0
 0
 0
 0
 0
 0
 0
 0
 0
 0
 0
 0
 0
 0
 0
 0
 0
 0
 0
 0
 0
 0
 0
 0
 0
 0
 0
 0
 0
 0
 0
 0
 0
 0
 0
 0
 0
 0
 0
 0
 0
 0
 0
 0
 0


