# Created by Octave 4.0.0, Sat Nov 21 16:30:48 2015 W. Europe Standard Time <unknown@Florian-PC>
# name: mus
# type: matrix
# ndims: 3
 1 30 19
 0
 0
 0.70006
 0.69989
 0.67911
 0.6806
 0.65759
 0.66295
 0.72083
 0.72682
 0.73134
 0.71029
 0.71061
 0.70801
 0.70868
 0.65179
 0.64956
 0.67059
 0.67389
 0.67416
 0.67462
 0.67727
 0.6791199999999999
 0.67624
 0.6732399999999999
 0.65905
 0.66246
 0.69085
 0.67547
 0.69548
 0
 0
 0.66667
 1
 1
 1
 0.9
 1
 0.8
 0.8
 0.83333
 0.83333
 0.76667
 0.8
 0.66667
 0.6
 0.76667
 0.76667
 0.8
 0.75
 0.8100000000000001
 0.83
 0.78
 0.79
 0.8
 0.66
 0.66
 0.64
 0.68667
 0.76667
 0
 0
 0.7588
 0.96956
 0.914
 0.96458
 0.86025
 0.78334
 0.79899
 0.7988499999999999
 0.83138
 0.78943
 0.75009
 0.79516
 0.75198
 0.62476
 0.71107
 0.73156
 0.75342
 0.76548
 0.76734
 0.77466
 0.73172
 0.72274
 0.76827
 0.64064
 0.6926099999999999
 0.69922
 0.69645
 0.70472
 0
 0
 0.6641899999999999
 0.8448600000000001
 0.80597
 0.90368
 0.84263
 0.86383
 0.78823
 0.78277
 0.78989
 0.7402300000000001
 0.73776
 0.7393999999999999
 0.69196
 0.66578
 0.68621
 0.69175
 0.7166
 0.72838
 0.73934
 0.7466
 0.71706
 0.72256
 0.73767
 0.63853
 0.66
 0.66151
 0.67122
 0.68152
 0
 0
 0.66667
 1
 1
 1
 1
 1
 0.66667
 0.8
 0.81818
 0.75
 0.76923
 0.5555600000000001
 0.8
 0.66667
 1
 0
 0
 1
 1
 1
 1
 1
 0
 1
 1
 0
 1
 1
 0
 0
 0.70059
 0.76911
 0.87942
 0.98229
 0.86122
 0.92322
 0.74442
 0.7900700000000001
 0.78254
 0.77201
 0.74012
 0.71219
 0.69385
 0.64468
 0.7049299999999999
 0.63867
 0.6862200000000001
 0.70631
 0.72336
 0.74817
 0.70457
 0.7855799999999999
 0.6847
 0.6077900000000001
 0.6655
 0.67141
 0.67401
 0.75388
 0
 0
 0.78929
 0.76342
 0.74115
 0.81102
 0.87764
 0.8325
 0.81011
 0.82323
 0.84765
 0.8047
 0.7855799999999999
 0.78267
 0.75582
 0.67866
 0.7127
 0.75621
 0.75099
 0.74879
 0.75751
 0.74363
 0.76641
 0.7633
 0.78298
 0.71013
 0.7428
 0.73725
 0.77159
 0.7200299999999999
 0
 0
 0.66536
 0.77402
 0.7513300000000001
 0.90911
 0.85316
 0.86028
 0.7726
 0.78869
 0.79688
 0.7458399999999999
 0.73646
 0.75553
 0.71355
 0.66448
 0.69174
 0.69935
 0.74043
 0.7396200000000001
 0.74974
 0.75962
 0.72633
 0.7383
 0.75542
 0.65277
 0.67143
 0.67382
 0.67997
 0.6937
 0
 0
 0.99977
 1
 1
 1
 1
 1
 1
 1
 1
 0.99909
 0.99411
 0.99183
 0.9757
 0.97793
 0.9840100000000001
 0.96392
 0.97493
 0.96732
 0.97434
 0.95667
 0.95925
 0.96676
 0.96311
 0.95914
 0.9555399999999999
 0.96025
 0.95189
 0.9482699999999999
 0
 0
 0.82012
 0.82
 0.7834100000000001
 0.98228
 0.7426199999999999
 0.92775
 0.70722
 0.8709
 0.81068
 0.73754
 0.72582
 0.73591
 0.69928
 0.65337
 0.67536
 0.73053
 0.73399
 0.7951
 0.73838
 0.76558
 0.76572
 0.72666
 0.73987
 0.6488699999999999
 0.66007
 0.66718
 0.67352
 0.68257
 0
 0
 0.78929
 0.77336
 0.77921
 0.81371
 0.86474
 0.78478
 0.81372
 0.8041199999999999
 0.90127
 0.77511
 0.8751
 0.78899
 0.75966
 0.71695
 0.7190800000000001
 0.75082
 0.74842
 0.74622
 0.74674
 0.74884
 0.7523
 0.78627
 0.7921
 0.7091
 0.7108
 0.72912
 0.72004
 0.77605
 0
 0
 0
 0
 0
 0
 0
 0
 0
 0
 0
 0
 0
 0
 0
 0
 0
 0
 0
 0
 0
 0
 0
 0
 0
 0
 0
 0
 0
 0
 0
 0
 0
 0
 0
 0
 0
 0
 0
 0
 0
 0
 0
 0
 0
 0
 0
 0
 0
 0
 0
 0
 0
 0
 0
 0
 0
 0
 0
 0
 0
 0
 0
 0
 0
 0
 0
 0
 0
 0
 0
 0
 0
 0
 0
 0
 0
 0
 0
 0
 0
 0
 0
 0
 0
 0
 0
 0
 0
 0
 0
 0
 0
 0
 0
 0
 0
 0
 0
 0
 0
 0
 0
 0
 0
 0
 0
 0
 0
 0
 0
 0
 0
 0
 0
 0
 0
 0
 0
 0
 0
 0
 0
 0
 0
 0
 0
 0
 0
 0
 0
 0
 0
 0
 0
 0
 0
 0
 0
 0
 0
 0
 0
 0
 0
 0
 0
 0
 0
 0
 0
 0
 0.99996
 1
 1
 1
 1
 1
 1
 1
 0.99878
 0.99519
 0.99765
 0.98365
 0.97298
 0.9742499999999999
 0.97494
 0.9724
 0.96749
 0.96914
 0.97171
 0.95561
 0.9638099999999999
 0.96396
 0.9583700000000001
 0.9628100000000001
 0.95336
 0.95474
 0.95143
 0.94431
 0
 0
 0
 0
 0
 0
 0
 0
 0
 0
 0
 0
 0
 0
 0
 0
 0
 0
 0
 0
 0
 0
 0
 0
 0
 0
 0
 0
 0
 0
 0
 0
 0
 0
 0
 0
 0
 0
 0
 0
 0
 0
 0
 0
 0
 0
 0
 0
 0
 0
 0
 0
 0
 0
 0
 0
 0
 0
 0
 0


