# Created by Octave 4.0.0, Sat Nov 21 16:30:32 2015 W. Europe Standard Time <unknown@Florian-PC>
# name: mus
# type: matrix
# ndims: 3
 1 30 19
 0
 0
 0.72454
 0.73163
 0.67688
 0.69287
 0.75097
 0.7327
 0.64824
 0.65922
 0.6374
 0.57942
 0.58519
 0.56738
 0.58151
 0.59933
 0.58267
 0.60887
 0.62854
 0.61067
 0.58353
 0.58748
 0.61771
 0.61543
 0.60394
 0.56986
 0.56678
 0.57757
 0.56869
 0.56271
 0
 0
 0.33333
 0.5
 0.6
 0.7
 0.4
 0.5
 0.5
 0.4
 0.43333
 0.36667
 0.33333
 0.46667
 0.4
 0.45
 0.58333
 0.51667
 0.6166700000000001
 0.6
 0.58
 0.53
 0.58
 0.67
 0.72
 0.68667
 0.65333
 0.64667
 0.6266699999999999
 0.6
 0
 0
 0.52164
 0.73049
 0.68605
 0.8367
 0.6753400000000001
 0.71597
 0.70195
 0.6396500000000001
 0.50095
 0.40568
 0.54444
 0.59641
 0.56745
 0.66235
 0.69837
 0.58863
 0.7079
 0.69995
 0.64075
 0.67419
 0.68959
 0.63126
 0.65937
 0.59881
 0.61576
 0.60083
 0.62648
 0.58987
 0
 0
 0.32906
 0.65243
 0.62737
 0.64088
 0.53125
 0.52237
 0.6647
 0.45151
 0.5438499999999999
 0.39421
 0.45583
 0.58506
 0.53889
 0.59738
 0.64819
 0.61958
 0.66198
 0.71731
 0.6483100000000001
 0.6817299999999999
 0.71405
 0.67696
 0.68179
 0.63252
 0.65299
 0.63637
 0.63265
 0.63754
 0
 0
 0
 0.75
 0.4
 0.83333
 0.42857
 0.375
 0.5555600000000001
 0.3
 0.45455
 0.33333
 0.53846
 0.66667
 0.6
 1
 0
 1
 1
 0
 0
 0
 0
 0
 1
 1
 1
 1
 1
 1
 0
 0
 0.03921
 0.78571
 0.42008
 0.7785300000000001
 0.35059
 0.41892
 0.64759
 0.41038
 0.50273
 0.3786
 0.4818
 0.61907
 0.52644
 0.66022
 0.52417
 0.68454
 0.63374
 0.64233
 0.57411
 0.6327700000000001
 0.65238
 0.47726
 0.7603
 0.74189
 0.64518
 0.62734
 0.74612
 0.60753
 0
 0
 0.36788
 0.8932600000000001
 0.7647
 0.80474
 0.66521
 0.74616
 0.80605
 0.70682
 0.66595
 0.61649
 0.62124
 0.6051800000000001
 0.62299
 0.67785
 0.70565
 0.73037
 0.6724
 0.72633
 0.70923
 0.66729
 0.69379
 0.66961
 0.65783
 0.60382
 0.64771
 0.64034
 0.6474299999999999
 0.64216
 0
 0
 0.31502
 0.63627
 0.6158
 0.6170600000000001
 0.54237
 0.54541
 0.66222
 0.51622
 0.51392
 0.41098
 0.47176
 0.55299
 0.52803
 0.56794
 0.62246
 0.60071
 0.62219
 0.6595299999999999
 0.60381
 0.62665
 0.64385
 0.60811
 0.6230599999999999
 0.5909799999999999
 0.60754
 0.59424
 0.58993
 0.60386
 0
 0
 0.91078
 0.92339
 0.9562
 0.93889
 0.90299
 0.95076
 0.92203
 0.92366
 0.90522
 0.93785
 0.91662
 0.9184099999999999
 0.91693
 0.91901
 0.90217
 0.9134
 0.90303
 0.91151
 0.89859
 0.9041400000000001
 0.89968
 0.90418
 0.91086
 0.9141
 0.9103599999999999
 0.90557
 0.8925999999999999
 0.89995
 0
 0
 0.22193
 0.78571
 0.44385
 0.70517
 0.36095
 0.47758
 0.64649
 0.4869
 0.53266
 0.39796
 0.45301
 0.57762
 0.51964
 0.5752699999999999
 0.61446
 0.62287
 0.6695
 0.64353
 0.59968
 0.71244
 0.6334
 0.60294
 0.69445
 0.62546
 0.36526
 0.62829
 0.6293800000000001
 0.63424
 0
 0
 0.36788
 0.81696
 0.7711
 0.79706
 0.65845
 0.74644
 0.7597699999999999
 0.73613
 0.66553
 0.59012
 0.65833
 0.57559
 0.6409899999999999
 0.71684
 0.70913
 0.7545500000000001
 0.7282
 0.69494
 0.37052
 0.67433
 0.69442
 0.68097
 0.6161
 0.59279
 0.64361
 0.60792
 0.64716
 0.6573600000000001
 0
 0
 0
 0
 0
 0
 0
 0
 0
 0
 0
 0
 0
 0
 0
 0
 0
 0
 0
 0
 0
 0
 0
 0
 0
 0
 0
 0
 0
 0
 0
 0
 0
 0
 0
 0
 0
 0
 0
 0
 0
 0
 0
 0
 0
 0
 0
 0
 0
 0
 0
 0
 0
 0
 0
 0
 0
 0
 0
 0
 0
 0
 0
 0
 0
 0
 0
 0
 0
 0
 0
 0
 0
 0
 0
 0
 0
 0
 0
 0
 0
 0
 0
 0
 0
 0
 0
 0
 0
 0
 0
 0
 0
 0
 0
 0
 0
 0
 0
 0
 0
 0
 0
 0
 0
 0
 0
 0
 0
 0
 0
 0
 0
 0
 0
 0
 0
 0
 0
 0
 0
 0
 0
 0
 0
 0
 0
 0
 0
 0
 0
 0
 0
 0
 0
 0
 0
 0
 0
 0
 0
 0
 0
 0
 0
 0
 0
 0
 0
 0
 0
 0
 0.9400500000000001
 0.93287
 0.94152
 0.96221
 0.91235
 0.90817
 0.91268
 0.91577
 0.90551
 0.92769
 0.9319499999999999
 0.9225100000000001
 0.90851
 0.90765
 0.89727
 0.90816
 0.91103
 0.91299
 0.9090200000000001
 0.90838
 0.91575
 0.89459
 0.90149
 0.91853
 0.92173
 0.91429
 0.90063
 0.89542
 0
 0
 0
 0
 0
 0
 0
 0
 0
 0
 0
 0
 0
 0
 0
 0
 0
 0
 0
 0
 0
 0
 0
 0
 0
 0
 0
 0
 0
 0
 0
 0
 0
 0
 0
 0
 0
 0
 0
 0
 0
 0
 0
 0
 0
 0
 0
 0
 0
 0
 0
 0
 0
 0
 0
 0
 0
 0
 0
 0


