# Created by Octave 4.0.0, Sat Nov 21 16:30:34 2015 W. Europe Standard Time <unknown@Florian-PC>
# name: mus
# type: matrix
# ndims: 3
 1 30 19
 0
 0
 0.42794
 0.55902
 0.48134
 0.55184
 0.56253
 0.56864
 0.57733
 0.57821
 0.58051
 0.62584
 0.62588
 0.64732
 0.64762
 0.6545800000000001
 0.65565
 0.5505100000000001
 0.54931
 0.5702199999999999
 0.56807
 0.56815
 0.66787
 0.59741
 0.57296
 0.55203
 0.54181
 0.65262
 0.66379
 0.66723
 0
 0
 0
 0
 0.2
 0.4
 0.5
 0.7
 0.7
 0.7
 0.7
 0.6333299999999999
 0.6333299999999999
 0.6
 0.6
 0.36667
 0.53333
 0.45
 0.53333
 0.45
 0.48
 0.51
 0.38
 0.34
 0.44
 0.5
 0.47333
 0.50667
 0.52
 0.6
 0
 0
 0.2538
 0.43158
 0.51398
 0.41171
 0.50573
 0.6296
 0.6466499999999999
 0.71867
 0.72315
 0.67509
 0.73005
 0.65718
 0.69121
 0.43857
 0.62385
 0.75069
 0.58433
 0.39833
 0.48878
 0.66629
 0.51605
 0.3831
 0.47341
 0.5199
 0.5004
 0.46149
 0.46288
 0.53065
 0
 0
 0.06270000000000001
 0.06151
 0.1981
 0.34784
 0.58639
 0.6057
 0.6201
 0.69387
 0.72044
 0.65037
 0.66529
 0.54843
 0.61274
 0.53247
 0.5721000000000001
 0.5117
 0.5581199999999999
 0.44761
 0.48409
 0.50891
 0.46037
 0.42549
 0.47683
 0.51531
 0.54444
 0.52926
 0.48097
 0.52695
 0
 0
 0
 0
 0.2
 0.16667
 0.57143
 0.375
 0.77778
 0.8
 0.54545
 0.41667
 0.61538
 0.5555600000000001
 0.4
 0.66667
 1
 1
 1
 0
 1
 0
 0
 1
 1
 0
 1
 1
 0
 0
 0
 0
 0.08917
 0.03396
 0.22883
 0.18583
 0.4842
 0.50371
 0.68763
 0.7561
 0.66616
 0.53968
 0.68553
 0.56138
 0.5825
 0.5165
 0.64781
 0.54604
 0.59119
 0.34188
 0.5291
 0.3795
 0.37369
 0.51281
 0.53396
 0.54077
 0.56955
 0.71715
 0.34962
 0.32667
 0
 0
 0.36788
 0.556
 0.4301
 0.49162
 0.51096
 0.56746
 0.74551
 0.67064
 0.74234
 0.69884
 0.63878
 0.65364
 0.70103
 0.56974
 0.61894
 0.63322
 0.63152
 0.61045
 0.61563
 0.64882
 0.65098
 0.64432
 0.6186
 0.66083
 0.65959
 0.65832
 0.6139
 0.65527
 0
 0
 0.05351
 0.06991
 0.25869
 0.36707
 0.51852
 0.54211
 0.6006899999999999
 0.6667999999999999
 0.72192
 0.58778
 0.6172299999999999
 0.55198
 0.59253
 0.49208
 0.53693
 0.51004
 0.5442900000000001
 0.47336
 0.49485
 0.52073
 0.48896
 0.48096
 0.50134
 0.52668
 0.5576
 0.53363
 0.50119
 0.52591
 0
 0
 0.92652
 0.91405
 0.92966
 0.9079199999999999
 0.91688
 0.90524
 0.9174600000000001
 0.9152400000000001
 0.92556
 0.93186
 0.9182
 0.92436
 0.92071
 0.91579
 0.91462
 0.91067
 0.91244
 0.8968699999999999
 0.90413
 0.91203
 0.89616
 0.90604
 0.90281
 0.88764
 0.9160700000000001
 0.91195
 0.90422
 0.90474
 0
 0
 0.14808
 0.04893
 0.2171
 0.24827
 0.45382
 0.34484
 0.62074
 0.73506
 0.68438
 0.58402
 0.72539
 0.58243
 0.61775
 0.50049
 0.53018
 0.51157
 0.5517300000000001
 0.41881
 0.51479
 0.47082
 0.44498
 0.50763
 0.46085
 0.49028
 0.52528
 0.7823099999999999
 0.47863
 0.50759
 0
 0
 0.36788
 0.54284
 0.46354
 0.48305
 0.59501
 0.57137
 0.50202
 0.70119
 0.69704
 0.75085
 0.6486499999999999
 0.53439
 0.71562
 0.60237
 0.62439
 0.63354
 0.64846
 0.60541
 0.62442
 0.66578
 0.65358
 0.55799
 0.66742
 0.66388
 0.69407
 0.6247200000000001
 0.64437
 0.6543600000000001
 0
 0
 0
 0
 0
 0
 0
 0
 0
 0
 0
 0
 0
 0
 0
 0
 0
 0
 0
 0
 0
 0
 0
 0
 0
 0
 0
 0
 0
 0
 0
 0
 0
 0
 0
 0
 0
 0
 0
 0
 0
 0
 0
 0
 0
 0
 0
 0
 0
 0
 0
 0
 0
 0
 0
 0
 0
 0
 0
 0
 0
 0
 0
 0
 0
 0
 0
 0
 0
 0
 0
 0
 0
 0
 0
 0
 0
 0
 0
 0
 0
 0
 0
 0
 0
 0
 0
 0
 0
 0
 0
 0
 0
 0
 0
 0
 0
 0
 0
 0
 0
 0
 0
 0
 0
 0
 0
 0
 0
 0
 0
 0
 0
 0
 0
 0
 0
 0
 0
 0
 0
 0
 0
 0
 0
 0
 0
 0
 0
 0
 0
 0
 0
 0
 0
 0
 0
 0
 0
 0
 0
 0
 0
 0
 0
 0
 0
 0
 0
 0
 0
 0
 0.96688
 0.9618100000000001
 0.92966
 0.92854
 0.93956
 0.9232900000000001
 0.9267
 0.90156
 0.92254
 0.93362
 0.91462
 0.9068000000000001
 0.90861
 0.9225100000000001
 0.91191
 0.91895
 0.9147
 0.9086
 0.90696
 0.91262
 0.91234
 0.90266
 0.9186299999999999
 0.90716
 0.9081900000000001
 0.89286
 0.90288
 0.90022
 0
 0
 0
 0
 0
 0
 0
 0
 0
 0
 0
 0
 0
 0
 0
 0
 0
 0
 0
 0
 0
 0
 0
 0
 0
 0
 0
 0
 0
 0
 0
 0
 0
 0
 0
 0
 0
 0
 0
 0
 0
 0
 0
 0
 0
 0
 0
 0
 0
 0
 0
 0
 0
 0
 0
 0
 0
 0
 0
 0


