# Created by Octave 4.0.0, Sat Nov 21 16:30:50 2015 W. Europe Standard Time <unknown@Florian-PC>
# name: mus
# type: matrix
# ndims: 3
 1 30 19
 0
 0
 0.53645
 0.56682
 0.60279
 0.60089
 0.59422
 0.58147
 0.58571
 0.58492
 0.58768
 0.5878100000000001
 0.60795
 0.60658
 0.62409
 0.62277
 0.61965
 0.64141
 0.63766
 0.63539
 0.6387699999999999
 0.63306
 0.63619
 0.62782
 0.62873
 0.6363799999999999
 0.6271
 0.63142
 0.66157
 0.66893
 0
 0
 0.33333
 0.75
 0.6
 0.4
 0.7
 0.8
 0.8
 0.8
 0.83333
 0.83333
 0.8666700000000001
 0.83333
 0.8666700000000001
 0.8833299999999999
 0.8833299999999999
 0.83333
 0.85
 0.85
 0.85
 0.59
 0.61
 0.71
 0.64
 0.62
 0.62
 0.62
 0.76
 0.73333
 0
 0
 0.58168
 0.75119
 0.65599
 0.64429
 0.7688700000000001
 0.83502
 0.79277
 0.86936
 0.8867
 0.88927
 0.85189
 0.89311
 0.88465
 0.8738899999999999
 0.89306
 0.83908
 0.8512
 0.88613
 0.85819
 0.68441
 0.68282
 0.69271
 0.65873
 0.64612
 0.67963
 0.6484
 0.7480599999999999
 0.7307
 0
 0
 0.44172
 0.6734599999999999
 0.44849
 0.65482
 0.6732399999999999
 0.69891
 0.74785
 0.76136
 0.78239
 0.79254
 0.78812
 0.81298
 0.81581
 0.82745
 0.80349
 0.78781
 0.81223
 0.81899
 0.81533
 0.66271
 0.6817299999999999
 0.68933
 0.66029
 0.66083
 0.65433
 0.64335
 0.6938
 0.66683
 0
 0
 0.33333
 0.75
 0.6
 0.66667
 0.71429
 0.75
 0.88889
 1
 1
 0.83333
 0.84615
 0.88889
 1
 1
 1
 1
 1
 1
 1
 1
 1
 0
 0
 1
 1
 0
 1
 1
 0
 0
 0.33333
 0.5970800000000001
 0.55338
 0.64128
 0.62587
 0.66643
 0.69746
 0.76951
 0.82039
 0.84916
 0.76344
 0.91933
 0.92908
 0.85673
 0.7360100000000001
 0.78329
 0.76541
 0.83163
 0.80849
 0.66757
 0.68563
 0.68315
 0.57948
 0.68018
 0.64825
 0.62929
 0.72435
 0.67713
 0
 0
 0.57859
 0.7557700000000001
 0.6127899999999999
 0.7198
 0.69719
 0.80221
 0.7507
 0.7662
 0.77645
 0.775
 0.80726
 0.81289
 0.81558
 0.8194900000000001
 0.92824
 0.82129
 0.84478
 0.84842
 0.7973
 0.72332
 0.73889
 0.72875
 0.73864
 0.73214
 0.71071
 0.70103
 0.81721
 0.74826
 0
 0
 0.44341
 0.64858
 0.4389
 0.65424
 0.65145
 0.70196
 0.70221
 0.75457
 0.77301
 0.78125
 0.79877
 0.82766
 0.83691
 0.84473
 0.81856
 0.80115
 0.82433
 0.82873
 0.82619
 0.68393
 0.69582
 0.69803
 0.66672
 0.67658
 0.65965
 0.66045
 0.6853399999999999
 0.66479
 0
 0
 0.99998
 1
 1
 1
 1
 1
 1
 1
 0.9999
 0.99876
 0.99595
 0.9861
 0.98243
 0.97153
 0.97407
 0.98186
 0.96474
 0.96178
 0.96166
 0.95851
 0.95673
 0.94997
 0.95201
 0.95292
 0.95053
 0.95897
 0.94718
 0.94974
 0
 0
 0.33333
 0.57823
 0.53936
 0.65368
 0.57656
 0.72536
 0.75995
 0.67154
 0.73604
 0.85284
 0.77441
 0.78968
 0.8026
 0.92039
 0.90855
 0.7829700000000001
 0.86686
 0.82434
 0.81508
 0.67404
 0.6943
 0.69452
 0.66511
 0.6650199999999999
 0.6728499999999999
 0.65469
 0.68287
 0.65611
 0
 0
 0.57859
 0.76864
 0.5996
 0.7180299999999999
 0.68747
 0.71939
 0.72838
 0.76947
 0.75791
 0.87264
 0.79291
 0.81115
 0.80703
 0.79813
 0.77684
 0.81025
 0.81172
 0.80338
 0.79759
 0.74858
 0.73283
 0.73147
 0.71411
 0.72592
 0.7378400000000001
 0.70278
 0.74865
 0.75564
 0
 0
 0
 0
 0
 0
 0
 0
 0
 0
 0
 0
 0
 0
 0
 0
 0
 0
 0
 0
 0
 0
 0
 0
 0
 0
 0
 0
 0
 0
 0
 0
 0
 0
 0
 0
 0
 0
 0
 0
 0
 0
 0
 0
 0
 0
 0
 0
 0
 0
 0
 0
 0
 0
 0
 0
 0
 0
 0
 0
 0
 0
 0
 0
 0
 0
 0
 0
 0
 0
 0
 0
 0
 0
 0
 0
 0
 0
 0
 0
 0
 0
 0
 0
 0
 0
 0
 0
 0
 0
 0
 0
 0
 0
 0
 0
 0
 0
 0
 0
 0
 0
 0
 0
 0
 0
 0
 0
 0
 0
 0
 0
 0
 0
 0
 0
 0
 0
 0
 0
 0
 0
 0
 0
 0
 0
 0
 0
 0
 0
 0
 0
 0
 0
 0
 0
 0
 0
 0
 0
 0
 0
 0
 0
 0
 0
 0
 0
 0
 0
 0
 0
 0.99998
 1
 1
 1
 1
 1
 1
 1
 0.9996699999999999
 0.9964499999999999
 0.99161
 0.98108
 0.985
 0.97004
 0.96739
 0.97377
 0.96816
 0.96893
 0.96852
 0.94994
 0.96641
 0.93443
 0.95074
 0.94864
 0.95473
 0.95548
 0.95778
 0.93911
 0
 0
 0
 0
 0
 0
 0
 0
 0
 0
 0
 0
 0
 0
 0
 0
 0
 0
 0
 0
 0
 0
 0
 0
 0
 0
 0
 0
 0
 0
 0
 0
 0
 0
 0
 0
 0
 0
 0
 0
 0
 0
 0
 0
 0
 0
 0
 0
 0
 0
 0
 0
 0
 0
 0
 0
 0
 0
 0
 0


