# Created by Octave 4.0.0, Sat Nov 21 16:30:36 2015 W. Europe Standard Time <unknown@Florian-PC>
# name: mus
# type: matrix
# ndims: 3
 1 30 19
 0
 0
 0.72287
 0.62751
 0.6367699999999999
 0.63489
 0.66203
 0.66629
 0.67616
 0.72793
 0.71907
 0.69016
 0.7435
 0.74121
 0.72829
 0.72879
 0.72919
 0.72503
 0.72876
 0.72809
 0.73838
 0.7302
 0.73365
 0.72579
 0.7216900000000001
 0.72445
 0.72615
 0.72712
 0.73248
 0.72712
 0
 0
 0.66667
 0.5
 0.6
 0.6
 0.5
 0.6
 0.6
 0.6
 0.66667
 0.73333
 0.83333
 0.8666700000000001
 0.73333
 0.8
 0.83333
 0.8833299999999999
 0.9
 0.85
 0.82
 0.86
 0.75
 0.71
 0.68
 0.80667
 0.81333
 0.82
 0.83333
 0.66667
 0
 0
 0.7920700000000001
 0.73998
 0.5682199999999999
 0.7406199999999999
 0.70556
 0.70418
 0.76254
 0.70941
 0.79104
 0.73423
 0.84575
 0.86374
 0.84843
 0.87746
 0.87774
 0.87402
 0.89981
 0.90325
 0.80414
 0.83395
 0.83847
 0.71163
 0.75648
 0.7769200000000001
 0.76505
 0.81273
 0.78599
 0.74969
 0
 0
 0.61112
 0.68057
 0.65085
 0.83508
 0.77247
 0.78642
 0.78742
 0.81724
 0.83868
 0.78754
 0.88553
 0.89398
 0.89574
 0.90164
 0.88764
 0.9281700000000001
 0.9291
 0.94201
 0.84502
 0.8593499999999999
 0.8196600000000001
 0.73541
 0.80375
 0.8363699999999999
 0.86377
 0.85236
 0.85139
 0.7884100000000001
 0
 0
 1
 0.25
 0.6
 0.16667
 0.42857
 0.625
 0.77778
 0.7
 1
 0.75
 0.76923
 0.77778
 0.6
 1
 1
 1
 1
 1
 0
 0
 1
 1
 1
 0
 1
 0
 0
 1
 0
 0
 1.5
 0.52779
 0.6791700000000001
 0.57086
 0.57619
 0.62173
 0.81548
 0.71726
 0.9674199999999999
 0.76111
 0.80793
 0.82859
 0.78834
 0.97028
 1.04252
 1.01175
 1.00507
 0.93351
 0.6625799999999999
 0.68058
 0.92089
 0.60714
 0.75383
 0.45836
 0.83052
 0.625
 0.45834
 0.875
 0
 0
 0.57859
 0.75182
 0.8231000000000001
 0.78184
 0.79035
 0.7605499999999999
 0.78413
 0.81068
 0.82361
 0.7848000000000001
 0.83556
 0.88444
 0.96326
 0.85564
 0.87666
 0.91382
 0.90133
 0.9016999999999999
 0.89227
 0.8747
 0.8522999999999999
 0.76306
 0.76916
 0.76372
 0.79674
 0.8516899999999999
 0.84957
 0.80669
 0
 0
 0.61112
 0.73776
 0.59688
 0.76901
 0.75464
 0.76106
 0.84751
 0.83369
 0.84143
 0.79743
 0.86912
 0.90991
 0.92841
 0.9166800000000001
 0.93043
 0.94563
 0.95035
 0.94085
 0.85665
 0.84401
 0.8117799999999999
 0.74801
 0.77783
 0.80226
 0.82733
 0.85729
 0.83712
 0.75557
 0
 0
 1
 1
 1
 1
 1
 1
 1
 1
 1
 1
 1
 1
 1
 1
 1
 1
 1
 1
 1
 1
 1
 1
 1
 1
 1
 1
 1
 1
 0
 0
 1.5
 0.61766
 0.68167
 0.68916
 0.64921
 0.66839
 0.71296
 0.72709
 0.78569
 0.72847
 0.86183
 0.84999
 0.92301
 0.84902
 0.94598
 0.89271
 0.86458
 0.88257
 0.98095
 0.98831
 0.69906
 0.77524
 0.85748
 0.66659
 0.60278
 0.99983
 0.49629
 0.99988
 0
 0
 0.57859
 0.75182
 0.87122
 0.88168
 0.79919
 0.78421
 0.78965
 0.89838
 0.84635
 1.05609
 0.86583
 0.82558
 0.87621
 0.88541
 0.94101
 0.96899
 1.09697
 1.10752
 0.86115
 1.02829
 0.93194
 0.79167
 0.81458
 0.80735
 0.86574
 0.87865
 0.89203
 0.87879
 0
 0
 0
 0
 0
 0
 0
 0
 0
 0
 0
 0
 0
 0
 0
 0
 0
 0
 0
 0
 0
 0
 0
 0
 0
 0
 0
 0
 0
 0
 0
 0
 0
 0
 0
 0
 0
 0
 0
 0
 0
 0
 0
 0
 0
 0
 0
 0
 0
 0
 0
 0
 0
 0
 0
 0
 0
 0
 0
 0
 0
 0
 0
 0
 0
 0
 0
 0
 0
 0
 0
 0
 0
 0
 0
 0
 0
 0
 0
 0
 0
 0
 0
 0
 0
 0
 0
 0
 0
 0
 0
 0
 0
 0
 0
 0
 0
 0
 0
 0
 0
 0
 0
 0
 0
 0
 0
 0
 0
 0
 0
 0
 0
 0
 0
 0
 0
 0
 0
 0
 0
 0
 0
 0
 0
 0
 0
 0
 0
 0
 0
 0
 0
 0
 0
 0
 0
 0
 0
 0
 0
 0
 0
 0
 0
 0
 0
 0
 0
 0
 0
 0
 1
 1
 1
 1
 1
 1
 1
 1
 1
 1
 1
 1
 1
 1
 1
 1
 1
 1
 1
 1
 1
 1
 1
 1
 1
 1
 1
 1
 0
 0
 0
 0
 0
 0
 0
 0
 0
 0
 0
 0
 0
 0
 0
 0
 0
 0
 0
 0
 0
 0
 0
 0
 0
 0
 0
 0
 0
 0
 0
 0
 0
 0
 0
 0
 0
 0
 0
 0
 0
 0
 0
 0
 0
 0
 0
 0
 0
 0
 0
 0
 0
 0
 0
 0
 0
 0
 0
 0


# name: vars
# type: matrix
# ndims: 3
 1 30 19
 0
 0
 0.06948500000000001
 0.059459
 0.049594
 0.038603
 0.031538
 0.027435
 0.025661
 0.018541
 0.018907
 0.015023
 0.013227
 0.014096
 0.013044
 0.013552
 0.008985999999999999
 0.012495
 0.007446
 0.009259
 0.010562
 0.011853
 0.006861
 0.007325
 0.010534
 0.008076
 0.008182999999999999
 0.008761
 0.008836999999999999
 0.006187
 0
 0
 0.33333
 0.33333
 0.3
 0.3
 0.25
 0.175
 0.175
 0.175
 0.09722
 0.06389
 0.05556
 0.03333
 0.07778
 0.03333
 0.02431
 0.02639
 0.01875
 0.01875
 0.03075
 0.01675
 0.0275
 0.0505
 0.032
 0.00022
 0.00033
 0.00033
 0.01389
 0.02778
 0
 0
 0
 0
 0
 0
 0
 0
 0
 0
 0
 0
 0
 0
 0
 0
 0
 0
 0
 0
 0
 0
 0
 0
 0
 0
 0
 0
 0
 0
 0
 0
 0.22048
 0.09444
 0.06536
 0.02957
 0.06474000000000001
 0.04279
 0.05053
 0.04873
 0.03407
 0.03947
 0.02515
 0.02142
 0.01906
 0.01863
 0.02226
 0.0147
 0.01536
 0.01031
 0.02635
 0.02428
 0.02958
 0.03962
 0.02996
 0.02524
 0.02186
 0.02287
 0.02428
 0.02706
 0
 0
 0
 0
 0
 0
 0
 0
 0
 0
 0
 0
 0
 0
 0
 0
 0
 0
 0
 0
 0
 0
 0
 0
 0
 0
 0
 0
 0
 0
 0
 0
 0
 0
 0
 0
 0
 0
 0
 0
 0
 0
 0
 0
 0
 0
 0
 0
 0
 0
 0
 0
 0
 0
 0
 0
 0
 0
 0
 0
 0
 0
 0
 0
 0
 0
 0
 0
 0
 0
 0
 0
 0
 0
 0
 0
 0
 0
 0
 0
 0
 0
 0
 0
 0
 0
 0
 0
 0
 0
 0
 0
 0.22048
 0.0706
 0.04691
 0.02077
 0.03939
 0.02589
 0.02193
 0.02933
 0.02516
 0.02894
 0.02542
 0.01921
 0.01779
 0.01872
 0.0132
 0.01147
 0.008370000000000001
 0.00953
 0.02095
 0.02359
 0.02931
 0.04974
 0.04436
 0.03492
 0.02934
 0.02714
 0.03224
 0.03788
 0
 0
 0
 0
 0
 0
 0
 0
 0
 0
 0
 0
 0
 0
 0
 0
 0
 0
 0
 0
 0
 0
 0
 0
 0
 0
 0
 0
 0
 0
 0
 0
 0
 0
 0
 0
 0
 0
 0
 0
 0
 0
 0
 0
 0
 0
 0
 0
 0
 0
 0
 0
 0
 0
 0
 0
 0
 0
 0
 0
 0
 0
 0
 0
 0
 0
 0
 0
 0
 0
 0
 0
 0
 0
 0
 0
 0
 0
 0
 0
 0
 0
 0
 0
 0
 0
 0
 0
 0
 0
 0
 0
 0
 0
 0
 0
 0
 0
 0
 0
 0
 0
 0
 0
 0
 0
 0
 0
 0
 0
 0
 0
 0
 0
 0
 0
 0
 0
 0
 0
 0
 0
 0
 0
 0
 0
 0
 0
 0
 0
 0
 0
 0
 0
 0
 0
 0
 0
 0
 0
 0
 0
 0
 0
 0
 0
 0
 0
 0
 0
 0
 0
 0
 0
 0
 0
 0
 0
 0
 0
 0
 0
 0
 0
 0
 0
 0
 0
 0
 0
 0
 0
 0
 0
 0
 0
 0
 0
 0
 0
 0
 0
 0
 0
 0
 0
 0
 0
 0
 0
 0
 0
 0
 0
 0
 0
 0
 0
 0
 0
 0
 0
 0
 0
 0
 0
 0
 0
 0
 0
 0
 0
 0
 0
 0
 0
 0
 0
 0
 0
 0
 0
 0
 0
 0
 0
 0
 0
 0
 0
 0
 0
 0
 0
 0
 0
 0
 0
 0
 0
 0
 0
 0
 0
 0
 0
 0
 0
 0
 0
 0
 0
 0
 0
 0
 0
 0
 0
 0
 0
 0
 0
 0
 0
 0
 0
 0
 0
 0
 0
 0
 0
 0
 0
 0
 0
 0
 0
 0
 0
 0
 0
 0
 0
 0
 0
 0
 0
 0
 0
 0
 0
 0
 0
 0
 0
 0
 0
 0
 0
 0
 0
 0
 0
 0
 0
 0
 0
 0
 0
 0
 0
 0
 0
 0
 0
 0
 0
 0
 0
 0
 0
 0
 0
 0
 0
 0
 0
 0
 0


