# Created by Octave 4.0.0, Sat Nov 21 16:30:55 2015 W. Europe Standard Time <unknown@Florian-PC>
# name: mus
# type: matrix
# ndims: 3
 1 30 19
 0
 0
 0.53645
 0.53842
 0.71866
 0.72018
 0.72318
 0.72433
 0.67281
 0.57039
 0.60808
 0.64541
 0.63341
 0.63044
 0.61064
 0.60826
 0.60754
 0.60662
 0.60126
 0.60562
 0.58812
 0.58561
 0.70253
 0.70101
 0.70366
 0.72947
 0.72334
 0.72712
 0.73304
 0.72542
 0
 0
 0.66667
 1
 0.8
 0.8
 1
 1
 0.9
 0.6
 0.56667
 0.7
 0.73333
 0.8666700000000001
 0.8666700000000001
 0.9
 0.8666700000000001
 0.9
 0.81667
 0.85
 0.87
 0.86
 0.82
 0.83
 0.8
 0.84667
 0.82
 0.82
 0.82667
 0.73333
 0
 0
 0.70764
 0.902
 0.84735
 0.9243400000000001
 0.96491
 0.96009
 0.82933
 0.67223
 0.68616
 0.72953
 0.76664
 0.79573
 0.78256
 0.8297600000000001
 0.82546
 0.83074
 0.76339
 0.83813
 0.83412
 0.82646
 0.76874
 0.79372
 0.76997
 0.77135
 0.75972
 0.7541600000000001
 0.78493
 0.7168
 0
 0
 0.72223
 0.98215
 0.80862
 0.89468
 0.98639
 0.99219
 0.90196
 0.68393
 0.70091
 0.8265
 0.8526899999999999
 0.87554
 0.9046
 0.92035
 0.91051
 0.93346
 0.89428
 0.89145
 0.90171
 0.89693
 0.81014
 0.84195
 0.75883
 0.78557
 0.80015
 0.80526
 0.7942399999999999
 0.74869
 0
 0
 0.66667
 1
 1
 0.66667
 1
 1
 1
 0.6
 0.72727
 0.91667
 0.61538
 0.88889
 0.6
 1
 1
 1
 1
 1
 1
 1
 0
 0
 1
 1
 1
 1
 1
 1
 0
 0
 0.83333
 1.2381
 1.25
 0.7625
 1.05952
 1.01071
 1.03075
 0.56647
 0.73674
 0.95404
 0.7423999999999999
 0.92632
 0.7716
 1.02144
 1.05694
 1.01923
 1.05974
 0.97606
 1.02712
 1.05843
 0.6206
 0.62205
 0.9534899999999999
 0.42293
 0.773
 0.8022899999999999
 0.875
 0.82189
 0
 0
 0.57859
 0.92328
 0.8174
 0.93314
 0.9442199999999999
 0.9676900000000001
 0.77905
 0.72978
 0.7030999999999999
 0.7295700000000001
 0.76642
 0.78384
 0.8623499999999999
 0.8163
 0.81897
 0.84359
 0.90929
 0.83846
 0.81933
 0.83991
 0.81948
 0.80869
 0.80141
 0.75908
 0.7960199999999999
 0.8070000000000001
 0.81321
 0.76158
 0
 0
 0.72223
 0.88824
 0.80969
 0.91616
 0.94164
 0.96924
 0.86265
 0.6703
 0.69128
 0.74874
 0.84299
 0.86083
 0.89761
 0.9253400000000001
 0.92111
 0.9093599999999999
 0.88966
 0.90679
 0.90524
 0.91173
 0.8065600000000001
 0.84793
 0.77635
 0.74555
 0.76996
 0.80131
 0.78692
 0.73665
 0
 0
 1
 1
 1
 1
 1
 1
 1
 1
 1
 1
 1
 1
 1
 1
 1
 1
 1
 1
 1
 1
 1
 1
 1
 1
 1
 1
 1
 1
 0
 0
 0.83333
 1.17545
 1.19385
 0.91364
 1.14379
 1.02906
 0.85787
 0.55237
 0.65434
 0.77765
 0.85356
 0.93949
 0.86229
 0.9702
 0.87072
 0.87809
 1.0083
 0.99919
 0.86705
 1.02063
 0.85486
 0.81614
 0.74748
 0.48515
 0.73409
 0.7478399999999999
 0.87604
 0.58932
 0
 0
 0.57859
 0.92328
 0.84253
 0.97663
 1.0107
 1.01426
 0.7924
 0.73839
 0.69756
 0.75593
 0.80045
 0.82857
 0.7861
 0.96199
 1.01383
 0.89056
 0.80859
 0.8630100000000001
 0.94395
 0.83574
 0.7440600000000001
 0.82928
 0.80631
 0.77202
 0.9045299999999999
 0.82457
 0.8507400000000001
 0.77404
 0
 0
 0
 0
 0
 0
 0
 0
 0
 0
 0
 0
 0
 0
 0
 0
 0
 0
 0
 0
 0
 0
 0
 0
 0
 0
 0
 0
 0
 0
 0
 0
 0
 0
 0
 0
 0
 0
 0
 0
 0
 0
 0
 0
 0
 0
 0
 0
 0
 0
 0
 0
 0
 0
 0
 0
 0
 0
 0
 0
 0
 0
 0
 0
 0
 0
 0
 0
 0
 0
 0
 0
 0
 0
 0
 0
 0
 0
 0
 0
 0
 0
 0
 0
 0
 0
 0
 0
 0
 0
 0
 0
 0
 0
 0
 0
 0
 0
 0
 0
 0
 0
 0
 0
 0
 0
 0
 0
 0
 0
 0
 0
 0
 0
 0
 0
 0
 0
 0
 0
 0
 0
 0
 0
 0
 0
 0
 0
 0
 0
 0
 0
 0
 0
 0
 0
 0
 0
 0
 0
 0
 0
 0
 0
 0
 0
 0
 0
 0
 0
 0
 0
 1
 1
 1
 1
 1
 1
 1
 1
 1
 1
 1
 1
 1
 1
 1
 1
 1
 1
 1
 1
 1
 1
 1
 1
 1
 1
 1
 1
 0
 0
 0
 0
 0
 0
 0
 0
 0
 0
 0
 0
 0
 0
 0
 0
 0
 0
 0
 0
 0
 0
 0
 0
 0
 0
 0
 0
 0
 0
 0
 0
 0
 0
 0
 0
 0
 0
 0
 0
 0
 0
 0
 0
 0
 0
 0
 0
 0
 0
 0
 0
 0
 0
 0
 0
 0
 0
 0
 0


# name: vars
# type: matrix
# ndims: 3
 1 30 19
 0
 0
 0.082235
 0.06618300000000001
 0.039399
 0.035531
 0.032127
 0.023581
 0.022346
 0.022882
 0.020647
 0.019628
 0.016234
 0.015274
 0.017174
 0.014075
 0.012802
 0.014908
 0.012543
 0.012468
 0.015322
 0.015797
 0.008531
 0.007152
 0.006289
 0.008702
 0.006425
 0.006818
 0.006157
 0.005952
 0
 0
 0.33333
 0
 0.2
 0.2
 0
 0
 0.05
 0.175
 0.06389
 0.08889
 0.18889
 0.08889
 0.03333
 0.05
 0.08889
 0.05
 0.08472
 0.05
 0.0345
 0.01675
 0.01075
 0.0295
 0.02
 0.00756
 0.01422
 0.01422
 0.01411
 0.03611
 0
 0
 0
 0
 0
 0
 0
 0
 0
 0
 0
 0
 0
 0
 0
 0
 0
 0
 0
 0
 0
 0
 0
 0
 0
 0
 0
 0
 0
 0
 0
 0
 0.17881
 0.00057
 0.07140000000000001
 0.03422
 0.00473
 0.00192
 0.02209
 0.05758
 0.0494
 0.03648
 0.02856
 0.0238
 0.01901
 0.01642
 0.01773
 0.01397
 0.02059
 0.01935
 0.01809
 0.01891
 0.03109
 0.0266
 0.03715
 0.02804
 0.02809
 0.03054
 0.0283
 0.03547
 0
 0
 0
 0
 0
 0
 0
 0
 0
 0
 0
 0
 0
 0
 0
 0
 0
 0
 0
 0
 0
 0
 0
 0
 0
 0
 0
 0
 0
 0
 0
 0
 0
 0
 0
 0
 0
 0
 0
 0
 0
 0
 0
 0
 0
 0
 0
 0
 0
 0
 0
 0
 0
 0
 0
 0
 0
 0
 0
 0
 0
 0
 0
 0
 0
 0
 0
 0
 0
 0
 0
 0
 0
 0
 0
 0
 0
 0
 0
 0
 0
 0
 0
 0
 0
 0
 0
 0
 0
 0
 0
 0
 0.17881
 0.0222
 0.04776
 0.01447
 0.01878
 0.00564
 0.02542
 0.0388
 0.03047
 0.04685
 0.02648
 0.02863
 0.01892
 0.01518
 0.01793
 0.02055
 0.02008
 0.01726
 0.01544
 0.01436
 0.04134
 0.02871
 0.03893
 0.0377
 0.0342
 0.0347
 0.03204
 0.04173
 0
 0
 0
 0
 0
 0
 0
 0
 0
 0
 0
 0
 0
 0
 0
 0
 0
 0
 0
 0
 0
 0
 0
 0
 0
 0
 0
 0
 0
 0
 0
 0
 0
 0
 0
 0
 0
 0
 0
 0
 0
 0
 0
 0
 0
 0
 0
 0
 0
 0
 0
 0
 0
 0
 0
 0
 0
 0
 0
 0
 0
 0
 0
 0
 0
 0
 0
 0
 0
 0
 0
 0
 0
 0
 0
 0
 0
 0
 0
 0
 0
 0
 0
 0
 0
 0
 0
 0
 0
 0
 0
 0
 0
 0
 0
 0
 0
 0
 0
 0
 0
 0
 0
 0
 0
 0
 0
 0
 0
 0
 0
 0
 0
 0
 0
 0
 0
 0
 0
 0
 0
 0
 0
 0
 0
 0
 0
 0
 0
 0
 0
 0
 0
 0
 0
 0
 0
 0
 0
 0
 0
 0
 0
 0
 0
 0
 0
 0
 0
 0
 0
 0
 0
 0
 0
 0
 0
 0
 0
 0
 0
 0
 0
 0
 0
 0
 0
 0
 0
 0
 0
 0
 0
 0
 0
 0
 0
 0
 0
 0
 0
 0
 0
 0
 0
 0
 0
 0
 0
 0
 0
 0
 0
 0
 0
 0
 0
 0
 0
 0
 0
 0
 0
 0
 0
 0
 0
 0
 0
 0
 0
 0
 0
 0
 0
 0
 0
 0
 0
 0
 0
 0
 0
 0
 0
 0
 0
 0
 0
 0
 0
 0
 0
 0
 0
 0
 0
 0
 0
 0
 0
 0
 0
 0
 0
 0
 0
 0
 0
 0
 0
 0
 0
 0
 0
 0
 0
 0
 0
 0
 0
 0
 0
 0
 0
 0
 0
 0
 0
 0
 0
 0
 0
 0
 0
 0
 0
 0
 0
 0
 0
 0
 0
 0
 0
 0
 0
 0
 0
 0
 0
 0
 0
 0
 0
 0
 0
 0
 0
 0
 0
 0
 0
 0
 0
 0
 0
 0
 0
 0
 0
 0
 0
 0
 0
 0
 0
 0
 0
 0
 0
 0
 0
 0
 0
 0
 0
 0
 0
 0


