# Created by Octave 4.0.0, Sat Nov 21 16:30:38 2015 W. Europe Standard Time <unknown@Florian-PC>
# name: mus
# type: matrix
# ndims: 3
 1 30 19
 0
 0
 0.51141
 0.51503
 0.71866
 0.72297
 0.7315199999999999
 0.73828
 0.73814
 0.74078
 0.73867
 0.73602
 0.71665
 0.71582
 0.70868
 0.6942
 0.74465
 0.75926
 0.75432
 0.7573
 0.76291
 0.76132
 0.76329
 0.75957
 0.75493
 0.75344
 0.75196
 0.75251
 0.75362
 0.75254
 0
 0
 0.66667
 1
 0.8
 0.8
 0.8
 0.8
 0.7
 0.7
 0.66667
 0.66667
 0.56667
 0.53333
 0.4
 0.36667
 0.6166700000000001
 0.48333
 0.46667
 0.45
 0.59
 0.62
 0.72
 0.48
 0.52
 0.55333
 0.51333
 0.53333
 0.50667
 0.56667
 0
 0
 0.77876
 0.86124
 0.83539
 0.80972
 0.87252
 0.76957
 0.6919999999999999
 0.7630400000000001
 0.76862
 0.70843
 0.62861
 0.65666
 0.5382400000000001
 0.66814
 0.66567
 0.55753
 0.5469000000000001
 0.54439
 0.55576
 0.63037
 0.59756
 0.65133
 0.60897
 0.572
 0.58307
 0.60667
 0.57096
 0.6095699999999999
 0
 0
 0.7481100000000001
 0.77015
 0.63162
 0.7907
 0.68283
 0.70694
 0.68042
 0.65321
 0.64395
 0.60834
 0.57224
 0.5400199999999999
 0.55442
 0.55942
 0.5178700000000001
 0.52051
 0.52316
 0.55385
 0.54365
 0.56809
 0.54964
 0.56357
 0.57729
 0.58462
 0.5662199999999999
 0.5793
 0.54498
 0.55552
 0
 0
 0.66667
 1
 0.8
 0.83333
 0.57143
 0.625
 0.5555600000000001
 0.8
 0.81818
 0.5
 0.61538
 0.44444
 0.2
 0.33333
 0
 0
 0
 1
 1
 1
 0
 1
 1
 1
 1
 1
 1
 0
 0
 0
 0.75878
 0.8821600000000001
 0.59776
 0.71641
 0.68208
 0.70072
 0.65358
 0.76254
 0.70506
 0.58806
 0.56897
 0.51603
 0.5251400000000001
 0.54519
 0.46891
 0.48912
 0.49805
 0.57018
 0.57174
 0.56694
 0.50154
 0.58412
 0.59399
 0.62742
 0.60947
 0.6166700000000001
 0.5091
 0.54422
 0
 0
 0.57859
 0.76375
 0.76676
 0.73748
 0.74432
 0.74549
 0.7396
 0.72573
 0.69613
 0.72564
 0.66517
 0.64723
 0.67816
 0.69355
 0.68598
 0.66865
 0.67437
 0.67574
 0.65993
 0.66594
 0.66444
 0.65124
 0.6857799999999999
 0.64158
 0.67608
 0.68214
 0.67467
 0.6853399999999999
 0
 0
 0.74472
 0.69355
 0.59415
 0.7817499999999999
 0.70037
 0.72161
 0.7034
 0.65086
 0.63993
 0.59922
 0.59476
 0.54659
 0.5708299999999999
 0.5759300000000001
 0.53593
 0.52483
 0.53032
 0.5553399999999999
 0.53868
 0.5616100000000001
 0.5501
 0.5596
 0.57345
 0.58189
 0.56567
 0.57777
 0.55464
 0.55516
 0
 0
 0.99963
 1
 1
 1
 1
 1
 1
 1
 1
 0.99988
 0.98881
 0.99327
 0.9680800000000001
 0.9795700000000001
 0.97611
 0.96859
 0.9724
 0.96814
 0.96929
 0.9544899999999999
 0.95813
 0.95978
 0.9559
 0.95813
 0.95943
 0.94852
 0.95842
 0.94182
 0
 0
 0.77153
 0.86875
 0.53664
 0.6632400000000001
 0.64008
 0.72109
 0.70495
 0.66919
 0.61107
 0.59114
 0.56219
 0.53988
 0.5493400000000001
 0.55868
 0.52111
 0.51063
 0.51922
 0.53364
 0.53726
 0.59146
 0.53103
 0.5473
 0.61455
 0.56651
 0.55647
 0.56694
 0.55349
 0.54414
 0
 0
 0.57859
 0.75065
 0.7688
 0.72684
 0.7156400000000001
 0.69838
 0.7208599999999999
 0.70028
 0.70755
 0.68589
 0.62708
 0.60775
 0.6724
 0.64147
 0.63836
 0.65532
 0.66032
 0.64366
 0.67045
 0.66578
 0.65504
 0.6516
 0.65096
 0.65846
 0.63613
 0.65908
 0.65254
 0.65106
 0
 0
 0
 0
 0
 0
 0
 0
 0
 0
 0
 0
 0
 0
 0
 0
 0
 0
 0
 0
 0
 0
 0
 0
 0
 0
 0
 0
 0
 0
 0
 0
 0
 0
 0
 0
 0
 0
 0
 0
 0
 0
 0
 0
 0
 0
 0
 0
 0
 0
 0
 0
 0
 0
 0
 0
 0
 0
 0
 0
 0
 0
 0
 0
 0
 0
 0
 0
 0
 0
 0
 0
 0
 0
 0
 0
 0
 0
 0
 0
 0
 0
 0
 0
 0
 0
 0
 0
 0
 0
 0
 0
 0
 0
 0
 0
 0
 0
 0
 0
 0
 0
 0
 0
 0
 0
 0
 0
 0
 0
 0
 0
 0
 0
 0
 0
 0
 0
 0
 0
 0
 0
 0
 0
 0
 0
 0
 0
 0
 0
 0
 0
 0
 0
 0
 0
 0
 0
 0
 0
 0
 0
 0
 0
 0
 0
 0
 0
 0
 0
 0
 0
 0.99998
 1
 1
 1
 1
 0.99999
 0.9974499999999999
 1
 1
 0.99824
 0.99459
 0.99104
 0.9769099999999999
 0.97464
 0.96868
 0.96688
 0.96953
 0.9648600000000001
 0.96606
 0.95316
 0.9611
 0.9547099999999999
 0.96373
 0.95446
 0.95275
 0.94969
 0.95668
 0.94023
 0
 0
 0
 0
 0
 0
 0
 0
 0
 0
 0
 0
 0
 0
 0
 0
 0
 0
 0
 0
 0
 0
 0
 0
 0
 0
 0
 0
 0
 0
 0
 0
 0
 0
 0
 0
 0
 0
 0
 0
 0
 0
 0
 0
 0
 0
 0
 0
 0
 0
 0
 0
 0
 0
 0
 0
 0
 0
 0
 0


