# Created by Octave 4.0.0, Sat Nov 21 16:30:45 2015 W. Europe Standard Time <unknown@Florian-PC>
# name: mus
# type: matrix
# ndims: 3
 1 30 19
 0
 0
 0.52142
 0.52283
 0.70474
 0.69955
 0.65981
 0.65848
 0.6823
 0.68324
 0.68003
 0.68233
 0.68924
 0.68248
 0.68347
 0.68136
 0.68766
 0.68799
 0.68937
 0.71011
 0.70465
 0.7098100000000001
 0.70829
 0.67005
 0.66423
 0.66109
 0.65713
 0.66462
 0.66435
 0.6661
 0
 0
 0.33333
 0.75
 0.4
 0.7
 0.5
 0.3
 0.4
 0.3
 0.36667
 0.6
 0.66667
 0.53333
 0.73333
 0.7
 0.53333
 0.55
 0.6166700000000001
 0.6
 0.62
 0.51
 0.5600000000000001
 0.5
 0.6
 0.54
 0.52667
 0.52
 0.58667
 0.6333299999999999
 0
 0
 0.52591
 0.83143
 0.73003
 0.8333700000000001
 0.71344
 0.59174
 0.55204
 0.6251100000000001
 0.46721
 0.46018
 0.56524
 0.57873
 0.65416
 0.5966900000000001
 0.54204
 0.65427
 0.55221
 0.50567
 0.55241
 0.53828
 0.65663
 0.62513
 0.55683
 0.6595299999999999
 0.64239
 0.56296
 0.62027
 0.6199
 0
 0
 0.2778
 0.80457
 0.66112
 0.7691
 0.6327199999999999
 0.5394099999999999
 0.61355
 0.44997
 0.47581
 0.53509
 0.55037
 0.57896
 0.60981
 0.59872
 0.56132
 0.54255
 0.6611399999999999
 0.56515
 0.57906
 0.59301
 0.67948
 0.63007
 0.66333
 0.65895
 0.59446
 0.63458
 0.69959
 0.64446
 0
 0
 0
 1
 0.8
 0.5
 0.42857
 0.375
 0.33333
 0.4
 0.18182
 0.16667
 0.30769
 0.77778
 0.4
 1
 0
 1
 1
 1
 0
 1
 1
 0
 0
 1
 1
 1
 1
 1
 0
 0
 0.16669
 1.19048
 0.925
 0.60833
 0.56726
 0.53988
 0.49802
 0.4503
 0.42096
 0.41478
 0.46909
 0.70141
 0.48957
 0.78654
 0.3058
 0.77783
 0.7367
 0.84009
 0.29466
 0.91318
 0.8567399999999999
 0.58335
 0.50522
 0.6324
 0.60045
 0.73793
 0.71032
 0.87131
 0
 0
 0.57859
 0.66969
 0.83505
 0.8772799999999999
 0.70995
 0.70638
 0.86998
 0.6564
 0.66812
 0.69317
 0.68669
 0.66281
 0.69387
 0.68302
 0.62279
 0.69855
 0.66187
 0.70891
 0.67672
 0.65754
 0.7014
 0.67993
 0.71396
 0.68542
 0.70444
 0.70356
 0.67816
 0.73866
 0
 0
 0.2778
 0.7426
 0.62052
 0.79451
 0.70909
 0.66874
 0.67022
 0.60249
 0.5899799999999999
 0.61473
 0.63112
 0.62029
 0.64172
 0.61778
 0.57826
 0.59251
 0.64616
 0.60325
 0.61264
 0.59441
 0.66462
 0.6354300000000001
 0.64315
 0.6533
 0.5888099999999999
 0.61688
 0.67427
 0.62592
 0
 0
 1
 1
 1
 1
 1
 1
 1
 1
 1
 1
 1
 1
 1
 1
 1
 1
 1
 1
 1
 1
 1
 1
 1
 1
 1
 1
 1
 1
 0
 0
 0.16669
 1.0965
 0.9138500000000001
 0.82263
 0.60258
 0.59575
 0.56773
 0.52458
 0.49222
 0.50985
 0.55133
 0.52246
 0.56682
 0.67713
 0.51164
 0.53015
 0.56733
 0.65764
 0.49629
 0.6236
 0.80714
 0.61396
 0.67637
 0.41427
 0.59149
 0.58775
 0.74034
 0.58087
 0
 0
 0.57859
 0.67517
 0.88841
 0.96639
 0.72636
 0.7441
 0.87031
 0.68424
 0.67214
 0.67277
 0.70636
 0.89024
 0.7161999999999999
 0.78359
 0.66047
 0.76083
 0.69237
 0.73302
 0.7886
 0.73362
 0.74603
 0.72787
 0.6745
 0.74282
 0.74255
 0.72734
 0.71752
 0.70119
 0
 0
 0
 0
 0
 0
 0
 0
 0
 0
 0
 0
 0
 0
 0
 0
 0
 0
 0
 0
 0
 0
 0
 0
 0
 0
 0
 0
 0
 0
 0
 0
 0
 0
 0
 0
 0
 0
 0
 0
 0
 0
 0
 0
 0
 0
 0
 0
 0
 0
 0
 0
 0
 0
 0
 0
 0
 0
 0
 0
 0
 0
 0
 0
 0
 0
 0
 0
 0
 0
 0
 0
 0
 0
 0
 0
 0
 0
 0
 0
 0
 0
 0
 0
 0
 0
 0
 0
 0
 0
 0
 0
 0
 0
 0
 0
 0
 0
 0
 0
 0
 0
 0
 0
 0
 0
 0
 0
 0
 0
 0
 0
 0
 0
 0
 0
 0
 0
 0
 0
 0
 0
 0
 0
 0
 0
 0
 0
 0
 0
 0
 0
 0
 0
 0
 0
 0
 0
 0
 0
 0
 0
 0
 0
 0
 0
 0
 0
 0
 0
 0
 0
 1
 1
 1
 1
 1
 1
 1
 1
 1
 1
 1
 1
 1
 1
 1
 1
 1
 1
 1
 1
 1
 1
 1
 1
 1
 1
 1
 1
 0
 0
 0
 0
 0
 0
 0
 0
 0
 0
 0
 0
 0
 0
 0
 0
 0
 0
 0
 0
 0
 0
 0
 0
 0
 0
 0
 0
 0
 0
 0
 0
 0
 0
 0
 0
 0
 0
 0
 0
 0
 0
 0
 0
 0
 0
 0
 0
 0
 0
 0
 0
 0
 0
 0
 0
 0
 0
 0
 0


# name: vars
# type: matrix
# ndims: 3
 1 30 19
 0
 0
 0.078275
 0.059327
 0.045536
 0.036107
 0.036881
 0.031385
 0.026815
 0.019605
 0.017749
 0.018053
 0.018789
 0.015331
 0.011542
 0.013018
 0.009487000000000001
 0.010375
 0.011846
 0.012737
 0.008928999999999999
 0.011391
 0.007951
 0.007837
 0.009072999999999999
 0.010149
 0.007442
 0.006949
 0.007736
 0.008064999999999999
 0
 0
 0.33333
 0.25
 0.3
 0.2
 0.25
 0.2
 0.05
 0.075
 0.04722
 0.06389
 0.09722
 0.08889
 0.02222
 0.08889
 0.01944
 0.05764
 0.09931
 0.08125
 0.07825
 0.0405
 0.05425
 0.05
 0.02
 0.028
 0.01356
 0.04533
 0.02089
 0.01944
 0
 0
 0
 0
 0
 0
 0
 0
 0
 0
 0
 0
 0
 0
 0
 0
 0
 0
 0
 0
 0
 0
 0
 0
 0
 0
 0
 0
 0
 0
 0
 0
 0.08507000000000001
 0.10281
 0.09143
 0.06357
 0.05568
 0.04963
 0.06913999999999999
 0.04518
 0.05349
 0.06221
 0.04948
 0.05063
 0.05115
 0.04744
 0.04681
 0.04699
 0.04566
 0.04679
 0.0416
 0.04256
 0.03798
 0.03724
 0.03786
 0.03755
 0.04311
 0.03462
 0.03476
 0.03438
 0
 0
 0
 0
 0
 0
 0
 0
 0
 0
 0
 0
 0
 0
 0
 0
 0
 0
 0
 0
 0
 0
 0
 0
 0
 0
 0
 0
 0
 0
 0
 0
 0
 0
 0
 0
 0
 0
 0
 0
 0
 0
 0
 0
 0
 0
 0
 0
 0
 0
 0
 0
 0
 0
 0
 0
 0
 0
 0
 0
 0
 0
 0
 0
 0
 0
 0
 0
 0
 0
 0
 0
 0
 0
 0
 0
 0
 0
 0
 0
 0
 0
 0
 0
 0
 0
 0
 0
 0
 0
 0
 0
 0.085068
 0.08336499999999999
 0.04404
 0.030524
 0.020032
 0.025551
 0.026479
 0.033279
 0.037627
 0.044066
 0.031939
 0.044842
 0.033364
 0.052583
 0.05087
 0.043994
 0.047134
 0.038303
 0.03503
 0.041522
 0.035012
 0.037248
 0.03985
 0.037971
 0.040736
 0.044583
 0.04822
 0.041087
 0
 0
 0
 0
 0
 0
 0
 0
 0
 0
 0
 0
 0
 0
 0
 0
 0
 0
 0
 0
 0
 0
 0
 0
 0
 0
 0
 0
 0
 0
 0
 0
 0
 0
 0
 0
 0
 0
 0
 0
 0
 0
 0
 0
 0
 0
 0
 0
 0
 0
 0
 0
 0
 0
 0
 0
 0
 0
 0
 0
 0
 0
 0
 0
 0
 0
 0
 0
 0
 0
 0
 0
 0
 0
 0
 0
 0
 0
 0
 0
 0
 0
 0
 0
 0
 0
 0
 0
 0
 0
 0
 0
 0
 0
 0
 0
 0
 0
 0
 0
 0
 0
 0
 0
 0
 0
 0
 0
 0
 0
 0
 0
 0
 0
 0
 0
 0
 0
 0
 0
 0
 0
 0
 0
 0
 0
 0
 0
 0
 0
 0
 0
 0
 0
 0
 0
 0
 0
 0
 0
 0
 0
 0
 0
 0
 0
 0
 0
 0
 0
 0
 0
 0
 0
 0
 0
 0
 0
 0
 0
 0
 0
 0
 0
 0
 0
 0
 0
 0
 0
 0
 0
 0
 0
 0
 0
 0
 0
 0
 0
 0
 0
 0
 0
 0
 0
 0
 0
 0
 0
 0
 0
 0
 0
 0
 0
 0
 0
 0
 0
 0
 0
 0
 0
 0
 0
 0
 0
 0
 0
 0
 0
 0
 0
 0
 0
 0
 0
 0
 0
 0
 0
 0
 0
 0
 0
 0
 0
 0
 0
 0
 0
 0
 0
 0
 0
 0
 0
 0
 0
 0
 0
 0
 0
 0
 0
 0
 0
 0
 0
 0
 0
 0
 0
 0
 0
 0
 0
 0
 0
 0
 0
 0
 0
 0
 0
 0
 0
 0
 0
 0
 0
 0
 0
 0
 0
 0
 0
 0
 0
 0
 0
 0
 0
 0
 0
 0
 0
 0
 0
 0
 0
 0
 0
 0
 0
 0
 0
 0
 0
 0
 0
 0
 0
 0
 0
 0
 0
 0
 0
 0
 0
 0
 0
 0
 0
 0
 0
 0
 0
 0
 0
 0
 0
 0
 0
 0
 0
 0
 0


