# Created by Octave 4.0.0, Sat Nov 21 16:38:43 2015 W. Europe Standard Time <unknown@Florian-PC>
# name: mus
# type: matrix
# ndims: 3
 1 30 19
 0
 0
 0.4975
 0.70045
 0.70919
 0.72241
 0.7254
 0.72489
 0.73702
 0.72737
 0.72138
 0.72707
 0.73783
 0.69113
 0.69804
 0.68471
 0.68254
 0.68294
 0.67777
 0.67079
 0.68515
 0.68849
 0.69575
 0.7190299999999999
 0.71549
 0.71795
 0.72924
 0.7154
 0.71635
 0.71695
 0
 0
 1
 0.75
 0.8
 1
 0.9
 0.8
 0.8
 0.9
 0.66667
 0.83333
 0.8
 0.8
 0.66667
 0.8
 0.8833299999999999
 0.83333
 0.83333
 0.85
 0.86
 0.87
 0.88
 0.91
 0.92
 0.92667
 0.81333
 0.67333
 0.68667
 0.7
 0
 0
 1
 0.72943
 0.81124
 0.81563
 0.8799
 0.81458
 0.77272
 0.82895
 0.67318
 0.7698
 0.79035
 0.73146
 0.74816
 0.78845
 0.7718699999999999
 0.78999
 0.82318
 0.83716
 0.84823
 0.82602
 0.8348
 0.90382
 0.8605
 0.87708
 0.83593
 0.78794
 0.75497
 0.80558
 0
 0
 1
 0.55208
 0.8061199999999999
 0.81775
 0.82904
 0.75451
 0.76317
 0.79232
 0.70629
 0.72435
 0.74463
 0.6482
 0.68175
 0.71205
 0.70357
 0.70784
 0.73498
 0.75523
 0.76323
 0.77788
 0.79025
 0.79516
 0.80405
 0.82038
 0.75183
 0.70402
 0.70666
 0.71739
 0
 0
 1
 0.5
 0.8
 1
 1
 1
 0.66667
 0.8
 0.54545
 0.75
 1
 0.66667
 0.8
 1
 0
 0
 1
 1
 1
 1
 1
 1
 1
 1
 1
 1
 0
 1
 0
 0
 1
 0.66729
 0.67012
 0.8148
 0.83428
 0.75544
 0.73869
 0.77411
 0.65391
 0.70067
 0.78045
 0.64733
 0.64475
 0.80675
 0.63405
 0.64974
 0.73286
 0.72421
 0.8459
 0.87205
 0.74938
 0.85584
 0.8014
 0.78465
 0.72566
 0.69859
 0.67218
 0.75968
 0
 0
 1
 0.87731
 0.81531
 0.74819
 0.84715
 0.8242
 0.80845
 0.80672
 0.74817
 0.7308
 0.77432
 0.75814
 0.71854
 0.74268
 0.75246
 0.78095
 0.7774
 0.79008
 0.78524
 0.80278
 0.82492
 0.83575
 0.8274
 0.80899
 0.8279300000000001
 0.78827
 0.83832
 0.8003400000000001
 0
 0
 1
 0.53188
 0.76531
 0.77917
 0.80117
 0.73543
 0.75819
 0.79143
 0.70302
 0.73807
 0.74592
 0.63058
 0.68547
 0.68518
 0.68633
 0.7068
 0.72137
 0.7498899999999999
 0.7613
 0.77691
 0.78344
 0.78288
 0.79997
 0.81942
 0.75584
 0.71212
 0.71726
 0.72636
 0
 0
 0.99997
 1
 1
 1
 1
 1
 1
 1
 1
 1
 0.99061
 0.98953
 0.9846200000000001
 0.97063
 0.96448
 0.96923
 0.9757
 0.96495
 0.96894
 0.96155
 0.96157
 0.95627
 0.96201
 0.95717
 0.94876
 0.9555399999999999
 0.9495
 0.95741
 0
 0
 1
 0.69638
 0.60897
 0.84782
 0.82458
 0.71018
 0.76478
 0.84551
 0.72689
 0.72782
 0.74497
 0.60587
 0.74382
 0.66559
 0.77569
 0.68064
 0.78355
 0.81606
 0.83408
 0.75852
 0.86733
 0.86102
 0.77842
 0.82208
 0.74539
 0.6902700000000001
 0.6992699999999999
 0.71531
 0
 0
 1
 0.81213
 0.79204
 0.76541
 0.84137
 0.7034899999999999
 0.77245
 0.81167
 0.74504
 0.7432800000000001
 0.76802
 0.72664
 0.68113
 0.70287
 0.69415
 0.71798
 0.73172
 0.74961
 0.75104
 0.76736
 0.79311
 0.82055
 0.81762
 0.81502
 0.78295
 0.77547
 0.76371
 0.786
 0
 0
 0
 0
 0
 0
 0
 0
 0
 0
 0
 0
 0
 0
 0
 0
 0
 0
 0
 0
 0
 0
 0
 0
 0
 0
 0
 0
 0
 0
 0
 0
 0
 0
 0
 0
 0
 0
 0
 0
 0
 0
 0
 0
 0
 0
 0
 0
 0
 0
 0
 0
 0
 0
 0
 0
 0
 0
 0
 0
 0
 0
 0
 0
 0
 0
 0
 0
 0
 0
 0
 0
 0
 0
 0
 0
 0
 0
 0
 0
 0
 0
 0
 0
 0
 0
 0
 0
 0
 0
 0
 0
 0
 0
 0
 0
 0
 0
 0
 0
 0
 0
 0
 0
 0
 0
 0
 0
 0
 0
 0
 0
 0
 0
 0
 0
 0
 0
 0
 0
 0
 0
 0
 0
 0
 0
 0
 0
 0
 0
 0
 0
 0
 0
 0
 0
 0
 0
 0
 0
 0
 0
 0
 0
 0
 0
 0
 0
 0
 0
 0
 0
 0.99997
 1
 1
 1
 1
 1
 1
 0.99765
 1
 0.99869
 0.99266
 0.98109
 0.98026
 0.9764699999999999
 0.96639
 0.97204
 0.9650300000000001
 0.97034
 0.96344
 0.96306
 0.96597
 0.95327
 0.96456
 0.96397
 0.95141
 0.95205
 0.94642
 0.95442
 0
 0
 0
 0
 0
 0
 0
 0
 0
 0
 0
 0
 0
 0
 0
 0
 0
 0
 0
 0
 0
 0
 0
 0
 0
 0
 0
 0
 0
 0
 0
 0
 0
 0
 0
 0
 0
 0
 0
 0
 0
 0
 0
 0
 0
 0
 0
 0
 0
 0
 0
 0
 0
 0
 0
 0
 0
 0
 0
 0


# name: vars
# type: matrix
# ndims: 3
 1 30 19
 0
 0
 0.085046
 0.052087
 0.041452
 0.035287
 0.028097
 0.0241
 0.023957
 0.020201
 0.016292
 0.01472
 0.014762
 0.01586
 0.013546
 0.013893
 0.013671
 0.011291
 0.010927
 0.00766
 0.008805
 0.007646
 0.007783
 0.010277
 0.007339
 0.007425
 0.008207000000000001
 0.007976
 0.008944000000000001
 0.009861
 0
 0
 0
 0.25
 0.2
 0
 0.05
 0.075
 0.075
 0.05
 0.09722
 0.05556
 0.08889
 0.03333
 0.05556
 0.03333
 0.02639
 0.02431
 0.02431
 0.01875
 0.01675
 0.0345
 0.032
 0.0155
 0.012
 0.01022
 0.00033
 0.00911
 0.02144
 0.01944
 0
 0
 0
 0
 0
 0
 0
 0
 0
 0
 0
 0
 0
 0
 0
 0
 0
 0
 0
 0
 0
 0
 0
 0
 0
 0
 0
 0
 0
 0
 0
 0
 0
 0.043499
 0.027465
 0.017192
 0.016307
 0.012612
 0.007643
 0.007014
 0.008874999999999999
 0.00829
 0.006753
 0.005892
 0.005405
 0.004942
 0.004806
 0.003577
 0.004228
 0.004117
 0.003376
 0.003278
 0.003793
 0.003288
 0.002872
 0.002681
 0.002391
 0.002232
 0.00217
 0.001727
 0
 0
 1.9046e-009
 3.5681e-011
 1.4561e-018
 3.7144e-015
 0
 0
 1.9799e-031
 4.0188e-030
 1.6831e-030
 9.1024e-029
 1.7112e-016
 3.9233e-016
 4.4199e-006
 0.00035118
 4.2616e-006
 6.6194e-009
 4.4095e-006
 2.256e-008
 2.0107e-005
 2.4509e-008
 0.00022062
 1.3394e-007
 3.2139e-005
 3.0827e-007
 2.8215e-005
 1.3155e-005
 1.6164e-005
 7.8444e-005
 0
 0
 0
 0
 0
 0
 0
 0
 0
 0
 0
 0
 0
 0
 0
 0
 0
 0
 0
 0
 0
 0
 0
 0
 0
 0
 0
 0
 0
 0
 0
 0
 0
 0
 0
 0
 0
 0
 0
 0
 0
 0
 0
 0
 0
 0
 0
 0
 0
 0
 0
 0
 0
 0
 0
 0
 0
 0
 0
 0
 0
 0
 0
 0.044175
 0.034366
 0.034278
 0.03328
 0.017729
 0.015139
 0.012953
 0.013647
 0.01423
 0.010604
 0.012982
 0.012097
 0.011467
 0.011374
 0.010661
 0.012033
 0.011558
 0.01163
 0.010409
 0.006179
 0.012569
 0.009280999999999999
 0.006427
 0.007256
 0.005353
 0.004906
 0.004876
 0
 0
 0
 0
 0
 0
 0
 0
 0
 0
 0
 0
 0.003226
 0.002351
 0.00318
 0.006696
 0.007453
 0.007823
 0.004966
 0.008891
 0.007267
 0.008917
 0.007816
 0.009733
 0.007057
 0.009972
 0.011975
 0.009254999999999999
 0.011212
 0.006742
 0
 0
 0
 0
 0
 0
 0
 0
 0
 0
 0
 0
 0
 0
 0
 0
 0
 0
 0
 0
 0
 0
 0
 0
 0
 0
 0
 0
 0
 0
 0
 0
 0
 0
 0
 0
 0
 0
 0
 0
 0
 0
 0
 0
 0
 0
 0
 0
 0
 0
 0
 0
 0
 0
 0
 0
 0
 0
 0
 0
 0
 0
 0
 0
 0
 0
 0
 0
 0
 0
 0
 0
 0
 0
 0
 0
 0
 0
 0
 0
 0
 0
 0
 0
 0
 0
 0
 0
 0
 0
 0
 0
 0
 0
 0
 0
 0
 0
 0
 0
 0
 0
 0
 0
 0
 0
 0
 0
 0
 0
 0
 0
 0
 0
 0
 0
 0
 0
 0
 0
 0
 0
 0
 0
 0
 0
 0
 0
 0
 0
 0
 0
 0
 0
 0
 0
 0
 0
 0
 0
 0
 0
 0
 0
 0
 0
 0
 0
 0
 0
 0
 0
 0
 0
 0
 0
 0
 0
 0
 0
 0
 0
 0
 0
 0
 0
 0
 0
 0
 0
 0
 0
 0
 0
 0
 0
 0
 0
 0
 0
 0
 0
 0
 0
 0
 0
 0
 0
 0
 0
 0
 0
 0
 0
 0
 0
 0
 0
 0
 0
 0
 0
 0
 0
 0
 0
 0
 0
 0
 0
 0
 0
 0
 0
 0
 0
 0
 0
 0
 0.000394
 0
 0.000249
 0.002306
 0.004547
 0.004378
 0.004838
 0.007115
 0.006823
 0.00843
 0.007117
 0.008085
 0.008536
 0.006233
 0.012053
 0.006902
 0.007046
 0.009608999999999999
 0.010059
 0.01188
 0.007854999999999999
 0
 0
 0
 0
 0
 0
 0
 0
 0
 0
 0
 0
 0
 0
 0
 0
 0
 0
 0
 0
 0
 0
 0
 0
 0
 0
 0
 0
 0
 0
 0
 0
 0
 0
 0
 0
 0
 0
 0
 0
 0
 0
 0
 0
 0
 0
 0
 0
 0
 0
 0
 0
 0
 0
 0
 0
 0
 0
 0
 0


