# Created by Octave 4.0.0, Sat Nov 21 16:30:39 2015 W. Europe Standard Time <unknown@Florian-PC>
# name: mus
# type: matrix
# ndims: 3
 1 30 19
 0
 0
 0.7156400000000001
 0.70935
 0.72423
 0.69621
 0.72818
 0.74051
 0.74316
 0.74637
 0.76289
 0.75112
 0.74582
 0.73689
 0.73838
 0.74107
 0.74495
 0.7446700000000001
 0.7486
 0.73146
 0.73277
 0.7438
 0.74981
 0.7381799999999999
 0.74704
 0.74656
 0.74663
 0.7516699999999999
 0.74082
 0.74011
 0
 0
 0.66667
 0.75
 0.8
 1
 0.8
 0.6
 0.7
 0.7
 0.73333
 0.7
 0.8666700000000001
 0.7
 0.6
 0.75
 0.55
 0.45
 0.6333299999999999
 0.55
 0.62
 0.73
 0.68
 0.58
 0.64
 0.73333
 0.6333299999999999
 0.68
 0.65333
 0.56667
 0
 0
 0.7522799999999999
 0.82909
 0.84855
 0.81619
 0.76088
 0.70443
 0.71006
 0.74534
 0.55703
 0.69417
 0.70314
 0.67862
 0.62631
 0.6452599999999999
 0.72931
 0.65949
 0.69255
 0.6428199999999999
 0.54189
 0.63358
 0.66465
 0.70479
 0.68152
 0.72914
 0.60884
 0.69341
 0.63695
 0.59795
 0
 0
 0.90891
 0.63832
 0.72088
 0.78794
 0.66989
 0.6666800000000001
 0.62004
 0.62139
 0.61394
 0.63659
 0.60426
 0.59166
 0.6078
 0.5988
 0.60393
 0.59893
 0.61994
 0.59971
 0.56289
 0.58726
 0.61536
 0.59745
 0.61028
 0.63139
 0.6035199999999999
 0.62331
 0.59354
 0.56225
 0
 0
 1
 0.75
 0.6
 1
 0.28571
 0.375
 0.77778
 0.6
 0.81818
 0.83333
 0.84615
 0.77778
 0.6
 1
 0.5
 0
 1
 0
 0
 1
 1
 1
 1
 1
 0
 1
 0
 1
 0
 0
 0.99939
 0.79393
 0.70751
 0.73281
 0.68211
 0.5853699999999999
 0.59036
 0.58517
 0.62226
 0.6240599999999999
 0.59699
 0.59779
 0.5849800000000001
 0.67196
 0.58069
 0.52985
 0.63428
 0.55535
 0.53588
 0.61875
 0.6055700000000001
 0.58521
 0.5984699999999999
 0.64212
 0.54475
 0.66047
 0.58331
 0.58796
 0
 0
 0.36788
 0.88876
 0.75303
 0.80101
 0.79862
 0.69753
 0.70031
 0.72636
 0.68709
 0.70294
 0.6896099999999999
 0.67484
 0.6766
 0.73114
 0.73954
 0.72803
 0.65097
 0.75107
 0.73215
 0.69384
 0.72841
 0.6811199999999999
 0.73203
 0.8263200000000001
 0.7031500000000001
 0.66798
 0.71357
 0.69573
 0
 0
 0.91181
 0.62444
 0.68971
 0.72506
 0.6828
 0.64451
 0.59711
 0.62551
 0.59415
 0.6332100000000001
 0.59137
 0.54601
 0.58841
 0.59607
 0.6026
 0.61175
 0.63009
 0.62002
 0.57302
 0.60049
 0.6153
 0.60383
 0.61594
 0.63791
 0.6067
 0.63074
 0.60524
 0.56428
 0
 0
 0.99929
 1
 1
 1
 1
 1
 1
 1
 1
 0.99687
 0.9943
 0.9873499999999999
 0.98375
 0.98108
 0.96513
 0.9720299999999999
 0.96862
 0.9706900000000001
 0.96351
 0.96352
 0.96456
 0.95361
 0.95687
 0.95339
 0.95148
 0.9537099999999999
 0.9576
 0.94323
 0
 0
 0.98761
 0.7920199999999999
 0.7903
 0.71894
 0.69379
 0.5813199999999999
 0.69091
 0.59422
 0.58045
 0.62587
 0.6262
 0.51497
 0.56208
 0.62154
 0.59478
 0.5964699999999999
 0.6224499999999999
 0.61378
 0.56708
 0.57936
 0.6097
 0.60408
 0.63149
 0.62738
 0.60798
 0.66545
 0.59478
 0.56579
 0
 0
 0.36788
 0.80832
 0.7321299999999999
 0.78135
 0.72299
 0.69035
 0.70486
 0.70037
 0.6863899999999999
 0.6773400000000001
 0.62678
 0.60705
 0.73476
 0.65743
 0.6698499999999999
 0.69991
 0.8228
 0.69541
 0.70192
 0.70581
 0.72702
 0.68232
 0.71408
 0.73473
 0.71013
 0.70101
 0.67326
 0.68855
 0
 0
 0
 0
 0
 0
 0
 0
 0
 0
 0
 0
 0
 0
 0
 0
 0
 0
 0
 0
 0
 0
 0
 0
 0
 0
 0
 0
 0
 0
 0
 0
 0
 0
 0
 0
 0
 0
 0
 0
 0
 0
 0
 0
 0
 0
 0
 0
 0
 0
 0
 0
 0
 0
 0
 0
 0
 0
 0
 0
 0
 0
 0
 0
 0
 0
 0
 0
 0
 0
 0
 0
 0
 0
 0
 0
 0
 0
 0
 0
 0
 0
 0
 0
 0
 0
 0
 0
 0
 0
 0
 0
 0
 0
 0
 0
 0
 0
 0
 0
 0
 0
 0
 0
 0
 0
 0
 0
 0
 0
 0
 0
 0
 0
 0
 0
 0
 0
 0
 0
 0
 0
 0
 0
 0
 0
 0
 0
 0
 0
 0
 0
 0
 0
 0
 0
 0
 0
 0
 0
 0
 0
 0
 0
 0
 0
 0
 0
 0
 0
 0
 0
 0.99998
 1
 1
 1
 1
 1
 1
 0.99996
 1
 0.99792
 0.99463
 0.98475
 0.9771300000000001
 0.97392
 0.96984
 0.95856
 0.96245
 0.97196
 0.96258
 0.96382
 0.95795
 0.95744
 0.95751
 0.95622
 0.93965
 0.9539800000000001
 0.94848
 0.95055
 0
 0
 0
 0
 0
 0
 0
 0
 0
 0
 0
 0
 0
 0
 0
 0
 0
 0
 0
 0
 0
 0
 0
 0
 0
 0
 0
 0
 0
 0
 0
 0
 0
 0
 0
 0
 0
 0
 0
 0
 0
 0
 0
 0
 0
 0
 0
 0
 0
 0
 0
 0
 0
 0
 0
 0
 0
 0
 0
 0


