# Created by Octave 4.0.0, Sat Nov 21 16:30:38 2015 W. Europe Standard Time <unknown@Florian-PC>
# name: mus
# type: matrix
# ndims: 3
 1 30 19
 0
 0
 0.4975
 0.48719
 0.47967
 0.60814
 0.62034
 0.62946
 0.58906
 0.58883
 0.59111
 0.60906
 0.60563
 0.62054
 0.62017
 0.61886
 0.62413
 0.62626
 0.62738
 0.63596
 0.6316000000000001
 0.63568
 0.6322
 0.64077
 0.6501400000000001
 0.63564
 0.61841
 0.63951
 0.64572
 0.65424
 0
 0
 1
 0.5
 0.6
 0.6
 0.6
 0.6
 0.5
 0.6
 0.76667
 0.83333
 0.76667
 0.6333299999999999
 0.66667
 0.6166700000000001
 0.68333
 0.56667
 0.58333
 0.45
 0.46
 0.5
 0.53
 0.51
 0.44
 0.44667
 0.40667
 0.38667
 0.52
 0.36667
 0
 0
 1
 0.74578
 0.70411
 0.71293
 0.50719
 0.6258899999999999
 0.6156700000000001
 0.69907
 0.69902
 0.78526
 0.62297
 0.5570000000000001
 0.63058
 0.60788
 0.53543
 0.6576
 0.56772
 0.58875
 0.48888
 0.39267
 0.29395
 0.26916
 0.42429
 0.49598
 0.37656
 0.49577
 0.5023300000000001
 0.59453
 0
 0
 1
 0.6146
 0.81862
 0.67111
 0.69473
 0.71587
 0.62792
 0.73263
 0.8771
 0.88466
 0.77036
 0.74643
 0.73195
 0.6701
 0.66216
 0.70435
 0.64756
 0.60408
 0.5652
 0.54208
 0.51276
 0.47159
 0.43797
 0.57465
 0.5735
 0.55155
 0.57018
 0.5758
 0
 0
 1
 0.75
 0.8
 0.5
 0.57143
 0.625
 0.44444
 0.5
 0.63636
 1
 0.61538
 0.66667
 1
 0.66667
 0.5
 0
 1
 0
 0
 0
 0
 1
 1
 1
 1
 1
 1
 0
 0
 0
 1
 1.02778
 0.875
 0.59167
 0.61548
 0.73929
 0.54316
 0.59871
 0.71206
 0.9954499999999999
 0.65699
 0.68254
 0.89335
 0.68602
 0.5848
 0.48319
 0.76634
 0.50247
 0.39482
 0.37849
 0.29925
 0.71488
 0.76339
 0.70089
 0.54294
 0.8022899999999999
 0.57113
 0.41669
 0
 0
 1
 0.81907
 0.79981
 0.6154500000000001
 0.58592
 0.67938
 0.6368
 0.67495
 0.6770699999999999
 0.84682
 0.66904
 0.5938
 0.70999
 0.59118
 0.63556
 0.74304
 0.63508
 0.57219
 0.58768
 0.57114
 0.52874
 0.52935
 0.53293
 0.57822
 0.5768799999999999
 0.6098
 0.56643
 0.58008
 0
 0
 1
 0.67955
 0.80123
 0.6335
 0.54339
 0.6559
 0.69807
 0.72473
 0.83274
 0.86317
 0.74041
 0.72133
 0.74395
 0.65555
 0.66179
 0.70258
 0.64795
 0.60571
 0.54992
 0.5251400000000001
 0.50365
 0.4466
 0.42215
 0.56306
 0.58072
 0.49812
 0.56556
 0.55078
 0
 0
 1
 1
 1
 1
 1
 1
 1
 1
 1
 1
 1
 1
 1
 1
 1
 1
 1
 1
 1
 1
 1
 1
 1
 1
 1
 1
 1
 1
 0
 0
 1
 1.06863
 0.85846
 0.71831
 0.51276
 0.82242
 0.74839
 0.71814
 0.83639
 0.82912
 0.75491
 0.70068
 0.8178800000000001
 0.74573
 0.61683
 0.64
 0.59146
 0.61852
 0.44546
 0.51328
 0.36258
 0.53445
 0.67265
 0.40556
 0.61691
 0.7478399999999999
 0.7402
 0.58072
 0
 0
 1
 0.81907
 0.73139
 0.59832
 0.58245
 0.60182
 0.65434
 0.6956
 0.67741
 0.72114
 0.82435
 0.65909
 0.7595499999999999
 0.59713
 0.67047
 0.68775
 0.60682
 0.54334
 0.63814
 0.57924
 0.56535
 0.61329
 0.57722
 0.61609
 0.6538
 0.62122
 0.62624
 0.61105
 0
 0
 0
 0
 0
 0
 0
 0
 0
 0
 0
 0
 0
 0
 0
 0
 0
 0
 0
 0
 0
 0
 0
 0
 0
 0
 0
 0
 0
 0
 0
 0
 0
 0
 0
 0
 0
 0
 0
 0
 0
 0
 0
 0
 0
 0
 0
 0
 0
 0
 0
 0
 0
 0
 0
 0
 0
 0
 0
 0
 0
 0
 0
 0
 0
 0
 0
 0
 0
 0
 0
 0
 0
 0
 0
 0
 0
 0
 0
 0
 0
 0
 0
 0
 0
 0
 0
 0
 0
 0
 0
 0
 0
 0
 0
 0
 0
 0
 0
 0
 0
 0
 0
 0
 0
 0
 0
 0
 0
 0
 0
 0
 0
 0
 0
 0
 0
 0
 0
 0
 0
 0
 0
 0
 0
 0
 0
 0
 0
 0
 0
 0
 0
 0
 0
 0
 0
 0
 0
 0
 0
 0
 0
 0
 0
 0
 0
 0
 0
 0
 0
 0
 1
 1
 1
 1
 1
 1
 1
 1
 1
 1
 1
 1
 1
 1
 1
 1
 1
 1
 1
 1
 1
 1
 1
 1
 1
 1
 1
 1
 0
 0
 0
 0
 0
 0
 0
 0
 0
 0
 0
 0
 0
 0
 0
 0
 0
 0
 0
 0
 0
 0
 0
 0
 0
 0
 0
 0
 0
 0
 0
 0
 0
 0
 0
 0
 0
 0
 0
 0
 0
 0
 0
 0
 0
 0
 0
 0
 0
 0
 0
 0
 0
 0
 0
 0
 0
 0
 0
 0


# name: vars
# type: matrix
# ndims: 3
 1 30 19
 0
 0
 0.086161
 0.059685
 0.050954
 0.037111
 0.036501
 0.027727
 0.028926
 0.022346
 0.020628
 0.017633
 0.019869
 0.013639
 0.015484
 0.015481
 0.016462
 0.010004
 0.012589
 0.012045
 0.012036
 0.012366
 0.006896
 0.008167000000000001
 0.008352999999999999
 0.006997
 0.008736000000000001
 0.006508
 0.011507
 0.00808
 0
 0
 0
 0.33333
 0.3
 0.3
 0.175
 0.175
 0.25
 0.175
 0.10556
 0.05556
 0.05
 0.11667
 0.11111
 0.08194
 0.10556
 0.15764
 0.07639
 0.04375
 0.05175
 0.13
 0.102
 0.08550000000000001
 0.128
 0.05422
 0.05133
 0.01589
 0.01589
 0.04722
 0
 0
 0
 0
 0
 0
 0
 0
 0
 0
 0
 0
 0
 0
 0
 0
 0
 0
 0
 0
 0
 0
 0
 0
 0
 0
 0
 0
 0
 0
 0
 0
 0
 0.1076
 0.06783
 0.08307
 0.0774
 0.07636
 0.06064
 0.04859
 0.0303
 0.02299
 0.0482
 0.04141
 0.04302
 0.04587
 0.05039
 0.04352
 0.04516
 0.0422
 0.04352
 0.0444
 0.0427
 0.03819
 0.04288
 0.04157
 0.03854
 0.03911
 0.03934
 0.03957
 0
 0
 0
 0
 0
 0
 0
 0
 0
 0
 0
 0
 0
 0
 0
 0
 0
 0
 0
 0
 0
 0
 0
 0
 0
 0
 0
 0
 0
 0
 0
 0
 0
 0
 0
 0
 0
 0
 0
 0
 0
 0
 0
 0
 0
 0
 0
 0
 0
 0
 0
 0
 0
 0
 0
 0
 0
 0
 0
 0
 0
 0
 0
 0
 0
 0
 0
 0
 0
 0
 0
 0
 0
 0
 0
 0
 0
 0
 0
 0
 0
 0
 0
 0
 0
 0
 0
 0
 0
 0
 0
 0
 0
 0.078691
 0.04452
 0.052828
 0.057794
 0.048275
 0.046199
 0.031651
 0.022251
 0.020021
 0.034126
 0.029621
 0.026234
 0.031251
 0.036628
 0.03398
 0.037224
 0.03871
 0.042952
 0.038955
 0.042619
 0.04468
 0.047498
 0.051633
 0.048414
 0.045933
 0.045796
 0.051905
 0
 0
 0
 0
 0
 0
 0
 0
 0
 0
 0
 0
 0
 0
 0
 0
 0
 0
 0
 0
 0
 0
 0
 0
 0
 0
 0
 0
 0
 0
 0
 0
 0
 0
 0
 0
 0
 0
 0
 0
 0
 0
 0
 0
 0
 0
 0
 0
 0
 0
 0
 0
 0
 0
 0
 0
 0
 0
 0
 0
 0
 0
 0
 0
 0
 0
 0
 0
 0
 0
 0
 0
 0
 0
 0
 0
 0
 0
 0
 0
 0
 0
 0
 0
 0
 0
 0
 0
 0
 0
 0
 0
 0
 0
 0
 0
 0
 0
 0
 0
 0
 0
 0
 0
 0
 0
 0
 0
 0
 0
 0
 0
 0
 0
 0
 0
 0
 0
 0
 0
 0
 0
 0
 0
 0
 0
 0
 0
 0
 0
 0
 0
 0
 0
 0
 0
 0
 0
 0
 0
 0
 0
 0
 0
 0
 0
 0
 0
 0
 0
 0
 0
 0
 0
 0
 0
 0
 0
 0
 0
 0
 0
 0
 0
 0
 0
 0
 0
 0
 0
 0
 0
 0
 0
 0
 0
 0
 0
 0
 0
 0
 0
 0
 0
 0
 0
 0
 0
 0
 0
 0
 0
 0
 0
 0
 0
 0
 0
 0
 0
 0
 0
 0
 0
 0
 0
 0
 0
 0
 0
 0
 0
 0
 0
 0
 0
 0
 0
 0
 0
 0
 0
 0
 0
 0
 0
 0
 0
 0
 0
 0
 0
 0
 0
 0
 0
 0
 0
 0
 0
 0
 0
 0
 0
 0
 0
 0
 0
 0
 0
 0
 0
 0
 0
 0
 0
 0
 0
 0
 0
 0
 0
 0
 0
 0
 0
 0
 0
 0
 0
 0
 0
 0
 0
 0
 0
 0
 0
 0
 0
 0
 0
 0
 0
 0
 0
 0
 0
 0
 0
 0
 0
 0
 0
 0
 0
 0
 0
 0
 0
 0
 0
 0
 0
 0
 0
 0
 0
 0
 0
 0
 0
 0
 0
 0
 0
 0
 0
 0
 0
 0
 0
 0
 0
 0
 0
 0
 0
 0
 0


