# Created by Octave 4.0.0, Sat Nov 21 16:30:45 2015 W. Europe Standard Time <unknown@Florian-PC>
# name: mus
# type: matrix
# ndims: 3
 1 30 19
 0
 0
 0.4975
 0.49722
 0.72423
 0.73746
 0.73652
 0.73382
 0.73367
 0.71229
 0.69819
 0.70414
 0.70606
 0.71219
 0.70812
 0.71484
 0.72239
 0.7239100000000001
 0.72504
 0.72416
 0.7234699999999999
 0.71823
 0.70234
 0.67962
 0.67606
 0.67744
 0.68013
 0.6777300000000001
 0.66491
 0.66836
 0
 0
 1
 1
 0.6
 0.7
 0.8
 0.9
 0.5
 0.8
 0.8
 0.8666700000000001
 0.7
 0.5
 0.4
 0.43333
 0.71667
 0.71667
 0.73333
 0.65
 0.67
 0.46
 0.39
 0.38
 0.5600000000000001
 0.57333
 0.64
 0.67333
 0.68
 0.6
 0
 0
 1
 1
 0.69675
 0.74303
 0.81214
 0.71815
 0.72689
 0.72288
 0.77439
 0.77155
 0.7255200000000001
 0.59118
 0.65771
 0.6816
 0.74426
 0.72908
 0.72784
 0.72723
 0.59249
 0.68465
 0.65215
 0.62186
 0.56597
 0.60745
 0.57395
 0.61432
 0.57181
 0.60085
 0
 0
 1
 1
 0.7400099999999999
 0.79727
 0.88657
 0.82254
 0.80993
 0.87136
 0.89402
 0.87126
 0.8326
 0.68787
 0.77219
 0.75151
 0.77515
 0.79633
 0.78531
 0.73119
 0.74572
 0.63002
 0.60872
 0.62718
 0.60481
 0.59461
 0.54387
 0.57791
 0.5976399999999999
 0.5756599999999999
 0
 0
 1
 1
 0.8
 0.33333
 0.57143
 0.75
 0.44444
 0.9
 0.81818
 0.91667
 0.76923
 0.5555600000000001
 0.6
 0
 0.5
 1
 0
 1
 0
 1
 1
 1
 0
 1
 0
 0
 0
 1
 0
 0
 1
 1
 0.7
 0.5416800000000001
 0.71191
 0.71429
 0.63244
 0.94306
 0.80644
 0.94318
 0.79942
 0.60982
 0.67325
 0.48632
 0.67106
 0.9359499999999999
 0.58525
 0.84454
 0.55554
 0.9396
 0.93942
 0.70652
 0.55731
 0.6324
 0.32292
 0.60417
 0.41669
 0.57924
 0
 0
 1
 1
 0.79982
 0.76734
 0.93679
 0.81899
 0.77762
 0.91248
 0.81637
 0.7973
 0.7125
 0.60043
 0.69508
 0.73338
 0.74154
 0.72689
 0.73389
 0.69356
 0.70742
 0.70585
 0.65724
 0.63979
 0.6406500000000001
 0.62746
 0.61524
 0.64105
 0.62661
 0.60689
 0
 0
 1
 1
 0.69094
 0.75975
 0.90374
 0.81592
 0.83805
 0.87536
 0.89974
 0.87644
 0.83423
 0.72966
 0.76623
 0.77249
 0.78206
 0.80663
 0.7958
 0.74668
 0.74892
 0.66695
 0.62684
 0.61365
 0.59834
 0.59293
 0.56151
 0.56347
 0.58294
 0.59078
 0
 0
 1
 1
 1
 1
 1
 1
 1
 1
 1
 1
 1
 1
 1
 1
 1
 1
 1
 1
 1
 1
 1
 1
 1
 1
 1
 1
 1
 1
 0
 0
 1
 1
 0.615
 0.60092
 0.80354
 0.6899
 0.73732
 0.94828
 0.88468
 0.91762
 0.73983
 0.64868
 0.77175
 0.70733
 0.73738
 0.7347
 0.74524
 0.72329
 0.69043
 0.78082
 0.73981
 0.6664099999999999
 0.673
 0.41427
 0.16469
 0.74801
 0.58408
 0.29044
 0
 0
 1
 1
 0.69663
 0.76912
 0.85207
 0.74758
 0.84375
 0.8204900000000001
 0.97256
 0.76836
 0.7191
 0.63964
 0.60837
 0.74964
 0.83814
 0.81107
 0.79567
 0.64523
 0.84565
 0.73654
 0.7182500000000001
 0.6003500000000001
 0.66407
 0.5938600000000001
 0.70729
 0.65898
 0.62967
 0.66792
 0
 0
 0
 0
 0
 0
 0
 0
 0
 0
 0
 0
 0
 0
 0
 0
 0
 0
 0
 0
 0
 0
 0
 0
 0
 0
 0
 0
 0
 0
 0
 0
 0
 0
 0
 0
 0
 0
 0
 0
 0
 0
 0
 0
 0
 0
 0
 0
 0
 0
 0
 0
 0
 0
 0
 0
 0
 0
 0
 0
 0
 0
 0
 0
 0
 0
 0
 0
 0
 0
 0
 0
 0
 0
 0
 0
 0
 0
 0
 0
 0
 0
 0
 0
 0
 0
 0
 0
 0
 0
 0
 0
 0
 0
 0
 0
 0
 0
 0
 0
 0
 0
 0
 0
 0
 0
 0
 0
 0
 0
 0
 0
 0
 0
 0
 0
 0
 0
 0
 0
 0
 0
 0
 0
 0
 0
 0
 0
 0
 0
 0
 0
 0
 0
 0
 0
 0
 0
 0
 0
 0
 0
 0
 0
 0
 0
 0
 0
 0
 0
 0
 0
 1
 1
 1
 1
 1
 1
 1
 1
 1
 1
 1
 1
 1
 1
 1
 1
 1
 1
 1
 1
 1
 1
 1
 1
 1
 1
 1
 1
 0
 0
 0
 0
 0
 0
 0
 0
 0
 0
 0
 0
 0
 0
 0
 0
 0
 0
 0
 0
 0
 0
 0
 0
 0
 0
 0
 0
 0
 0
 0
 0
 0
 0
 0
 0
 0
 0
 0
 0
 0
 0
 0
 0
 0
 0
 0
 0
 0
 0
 0
 0
 0
 0
 0
 0
 0
 0
 0
 0


# name: vars
# type: matrix
# ndims: 3
 1 30 19
 0
 0
 0.08133
 0.055656
 0.038266
 0.028808
 0.035537
 0.02391
 0.019307
 0.021309
 0.020781
 0.015713
 0.017739
 0.016369
 0.01853
 0.012583
 0.010811
 0.012122
 0.008404
 0.00745
 0.008827
 0.008647
 0.009873
 0.009747
 0.009332999999999999
 0.01014
 0.00602
 0.008203999999999999
 0.008018000000000001
 0.007181
 0
 0
 0
 0
 0.3
 0.2
 0.2
 0.05
 0.125
 0.075
 0.075
 0.03333
 0.08889
 0.08333
 0.13333
 0.07778
 0.08889
 0.03333
 0.03264
 0.01875
 0.01325
 0.09675
 0.068
 0.052
 0.028
 0.03022
 0.023
 0.023
 0.03144
 0.06389
 0
 0
 0
 0
 0
 0
 0
 0
 0
 0
 0
 0
 0
 0
 0
 0
 0
 0
 0
 0
 0
 0
 0
 0
 0
 0
 0
 0
 0
 0
 0
 0
 0
 0
 0.058157
 0.064456
 0.032019
 0.042498
 0.042316
 0.031769
 0.021467
 0.027787
 0.036691
 0.048717
 0.041183
 0.046384
 0.039433
 0.033133
 0.03823
 0.039856
 0.039056
 0.043365
 0.043752
 0.043482
 0.04159
 0.045633
 0.045791
 0.041372
 0.038764
 0.040573
 0
 0
 0
 0
 0
 0
 0
 0
 0
 0
 0
 0
 0
 0
 0
 0
 0
 0
 0
 0
 0
 0
 0
 0
 0
 0
 0
 0
 0
 0
 0
 0
 0
 0
 0
 0
 0
 0
 0
 0
 0
 0
 0
 0
 0
 0
 0
 0
 0
 0
 0
 0
 0
 0
 0
 0
 0
 0
 0
 0
 0
 0
 0
 0
 0
 0
 0
 0
 0
 0
 0
 0
 0
 0
 0
 0
 0
 0
 0
 0
 0
 0
 0
 0
 0
 0
 0
 0
 0
 0
 0
 0
 0
 0
 0.040409
 0.050944
 0.018735
 0.028141
 0.020899
 0.019
 0.017259
 0.017901
 0.019156
 0.028422
 0.035026
 0.031143
 0.03017
 0.030284
 0.034722
 0.033065
 0.036799
 0.039743
 0.039015
 0.041397
 0.045725
 0.050248
 0.055882
 0.053981
 0.045781
 0.04462
 0
 0
 0
 0
 0
 0
 0
 0
 0
 0
 0
 0
 0
 0
 0
 0
 0
 0
 0
 0
 0
 0
 0
 0
 0
 0
 0
 0
 0
 0
 0
 0
 0
 0
 0
 0
 0
 0
 0
 0
 0
 0
 0
 0
 0
 0
 0
 0
 0
 0
 0
 0
 0
 0
 0
 0
 0
 0
 0
 0
 0
 0
 0
 0
 0
 0
 0
 0
 0
 0
 0
 0
 0
 0
 0
 0
 0
 0
 0
 0
 0
 0
 0
 0
 0
 0
 0
 0
 0
 0
 0
 0
 0
 0
 0
 0
 0
 0
 0
 0
 0
 0
 0
 0
 0
 0
 0
 0
 0
 0
 0
 0
 0
 0
 0
 0
 0
 0
 0
 0
 0
 0
 0
 0
 0
 0
 0
 0
 0
 0
 0
 0
 0
 0
 0
 0
 0
 0
 0
 0
 0
 0
 0
 0
 0
 0
 0
 0
 0
 0
 0
 0
 0
 0
 0
 0
 0
 0
 0
 0
 0
 0
 0
 0
 0
 0
 0
 0
 0
 0
 0
 0
 0
 0
 0
 0
 0
 0
 0
 0
 0
 0
 0
 0
 0
 0
 0
 0
 0
 0
 0
 0
 0
 0
 0
 0
 0
 0
 0
 0
 0
 0
 0
 0
 0
 0
 0
 0
 0
 0
 0
 0
 0
 0
 0
 0
 0
 0
 0
 0
 0
 0
 0
 0
 0
 0
 0
 0
 0
 0
 0
 0
 0
 0
 0
 0
 0
 0
 0
 0
 0
 0
 0
 0
 0
 0
 0
 0
 0
 0
 0
 0
 0
 0
 0
 0
 0
 0
 0
 0
 0
 0
 0
 0
 0
 0
 0
 0
 0
 0
 0
 0
 0
 0
 0
 0
 0
 0
 0
 0
 0
 0
 0
 0
 0
 0
 0
 0
 0
 0
 0
 0
 0
 0
 0
 0
 0
 0
 0
 0
 0
 0
 0
 0
 0
 0
 0
 0
 0
 0
 0
 0
 0
 0
 0
 0
 0
 0
 0
 0
 0
 0
 0
 0
 0
 0
 0
 0
 0
 0


