# Created by Octave 4.0.0, Sat Nov 21 16:30:40 2015 W. Europe Standard Time <unknown@Florian-PC>
# name: mus
# type: matrix
# ndims: 3
 1 30 19
 0
 0
 0.72732
 0.7327399999999999
 0.59053
 0.59699
 0.69817
 0.6891699999999999
 0.6979300000000001
 0.69218
 0.69811
 0.70694
 0.71377
 0.72963
 0.73277
 0.70368
 0.64164
 0.66442
 0.62946
 0.6309
 0.63978
 0.62608
 0.60182
 0.61036
 0.59606
 0.58733
 0.58165
 0.5717100000000001
 0.58148
 0.59379
 0
 0
 0.33333
 0.5
 0.4
 0.4
 0.4
 0.3
 0.6
 0.4
 0.53333
 0.5
 0.5
 0.26667
 0.4
 0.45
 0.48333
 0.48333
 0.46667
 0.45
 0.49
 0.49
 0.53
 0.44
 0.44
 0.55333
 0.58667
 0.60667
 0.61333
 0.6333299999999999
 0
 0
 0.55601
 0.64042
 0.60817
 0.74844
 0.64601
 0.58317
 0.44753
 0.51124
 0.5566
 0.50676
 0.66708
 0.47282
 0.64013
 0.49203
 0.60354
 0.4453
 0.50118
 0.56324
 0.45095
 0.55441
 0.54505
 0.5576
 0.53764
 0.61633
 0.59205
 0.56994
 0.62622
 0.55219
 0
 0
 0.16665
 0.46289
 0.4611
 0.53562
 0.44345
 0.50797
 0.45606
 0.49776
 0.49874
 0.48857
 0.48008
 0.49546
 0.44735
 0.49066
 0.51706
 0.4958
 0.51508
 0.51745
 0.50546
 0.51864
 0.5198199999999999
 0.51386
 0.52535
 0.53772
 0.53631
 0.5440199999999999
 0.54784
 0.54393
 0
 0
 0
 0.5
 0.4
 0.33333
 0.57143
 0.75
 0.11111
 0.2
 0.36364
 0.25
 0.07692
 0.44444
 0.4
 0.66667
 0
 0
 0
 1
 1
 1
 1
 0
 0
 0
 1
 0
 1
 0
 0
 0
 0.16666
 0.58333
 0.57567
 0.47326
 0.49533
 0.55143
 0.39774
 0.44447
 0.48129
 0.44673
 0.44126
 0.48021
 0.45223
 0.49535
 0.4806
 0.44598
 0.47418
 0.51688
 0.5245300000000001
 0.5089900000000001
 0.5137699999999999
 0.46731
 0.48411
 0.48981
 0.53008
 0.50306
 0.5618
 0.52424
 0
 0
 0.36788
 0.76822
 0.61508
 0.70117
 0.67114
 0.71393
 0.64297
 0.65235
 0.65442
 0.65164
 0.6303800000000001
 0.66615
 0.62243
 0.5997
 0.67694
 0.62347
 0.61757
 0.6047
 0.59167
 0.63732
 0.60261
 0.60467
 0.63371
 0.6069600000000001
 0.5757
 0.58875
 0.62442
 0.63323
 0
 0
 0.16665
 0.48161
 0.5266999999999999
 0.51777
 0.47276
 0.5184800000000001
 0.46662
 0.48416
 0.49608
 0.47738
 0.4774
 0.51423
 0.48136
 0.49907
 0.52374
 0.50695
 0.52882
 0.52961
 0.52217
 0.54311
 0.53101
 0.52735
 0.53248
 0.53903
 0.5426
 0.53515
 0.54435
 0.53647
 0
 0
 1
 1
 1
 1
 1
 1
 0.99785
 1
 1
 0.99856
 0.99418
 0.99174
 0.9836
 0.97762
 0.97388
 0.96593
 0.9674199999999999
 0.9589800000000001
 0.96734
 0.96694
 0.96423
 0.96321
 0.95663
 0.9537600000000001
 0.96288
 0.94485
 0.95645
 0.95368
 0
 0
 0.16665
 0.5833199999999999
 0.63508
 0.47777
 0.46573
 0.52738
 0.45084
 0.45178
 0.48151
 0.45542
 0.46493
 0.48978
 0.46888
 0.49498
 0.53454
 0.49317
 0.5024
 0.55224
 0.51383
 0.53953
 0.51583
 0.51995
 0.52239
 0.52756
 0.53144
 0.53425
 0.55929
 0.53165
 0
 0
 0.36788
 0.77632
 0.61117
 0.6932700000000001
 0.68505
 0.69702
 0.6339399999999999
 0.63364
 0.6611
 0.60701
 0.60373
 0.62173
 0.61497
 0.57741
 0.62151
 0.57922
 0.67266
 0.61914
 0.59709
 0.60072
 0.66465
 0.59401
 0.63778
 0.60081
 0.59401
 0.62201
 0.59814
 0.60759
 0
 0
 0
 0
 0
 0
 0
 0
 0
 0
 0
 0
 0
 0
 0
 0
 0
 0
 0
 0
 0
 0
 0
 0
 0
 0
 0
 0
 0
 0
 0
 0
 0
 0
 0
 0
 0
 0
 0
 0
 0
 0
 0
 0
 0
 0
 0
 0
 0
 0
 0
 0
 0
 0
 0
 0
 0
 0
 0
 0
 0
 0
 0
 0
 0
 0
 0
 0
 0
 0
 0
 0
 0
 0
 0
 0
 0
 0
 0
 0
 0
 0
 0
 0
 0
 0
 0
 0
 0
 0
 0
 0
 0
 0
 0
 0
 0
 0
 0
 0
 0
 0
 0
 0
 0
 0
 0
 0
 0
 0
 0
 0
 0
 0
 0
 0
 0
 0
 0
 0
 0
 0
 0
 0
 0
 0
 0
 0
 0
 0
 0
 0
 0
 0
 0
 0
 0
 0
 0
 0
 0
 0
 0
 0
 0
 0
 0
 0
 0
 0
 0
 0
 0.99998
 1
 1
 1
 1
 1
 0.99356
 1
 1
 0.99798
 0.99104
 0.98771
 0.97775
 0.97564
 0.97083
 0.9747
 0.96001
 0.95839
 0.9575900000000001
 0.95729
 0.96812
 0.95926
 0.96035
 0.95969
 0.95404
 0.94385
 0.95238
 0.94926
 0
 0
 0
 0
 0
 0
 0
 0
 0
 0
 0
 0
 0
 0
 0
 0
 0
 0
 0
 0
 0
 0
 0
 0
 0
 0
 0
 0
 0
 0
 0
 0
 0
 0
 0
 0
 0
 0
 0
 0
 0
 0
 0
 0
 0
 0
 0
 0
 0
 0
 0
 0
 0
 0
 0
 0
 0
 0
 0
 0


