# Created by Octave 4.0.0, Sat Nov 21 16:30:53 2015 W. Europe Standard Time <unknown@Florian-PC>
# name: mus
# type: matrix
# ndims: 3
 1 30 19
 0
 0
 0.64496
 0.64755
 0.65515
 0.69342
 0.68316
 0.69141
 0.69458
 0.69218
 0.73835
 0.70302
 0.70383
 0.70382
 0.68067
 0.68806
 0.7021500000000001
 0.70483
 0.70785
 0.71517
 0.71283
 0.71867
 0.71377
 0.7184700000000001
 0.7138
 0.72148
 0.71914
 0.71177
 0.69911
 0.73503
 0
 0
 0.66667
 1
 0.6
 0.3
 0.6
 0.4
 0.8
 0.5
 0.46667
 0.53333
 0.53333
 0.66667
 0.53333
 0.6166700000000001
 0.65
 0.71667
 0.68333
 0.7
 0.72
 0.68
 0.65
 0.62
 0.68
 0.69333
 0.7
 0.78667
 0.76
 0.73333
 0
 0
 0.7974
 0.94253
 0.88276
 0.59898
 0.62865
 0.75073
 0.6598000000000001
 0.78424
 0.6637999999999999
 0.76569
 0.70956
 0.72599
 0.6631899999999999
 0.72027
 0.7257400000000001
 0.6844
 0.73427
 0.73275
 0.7730900000000001
 0.7650400000000001
 0.736
 0.77005
 0.73348
 0.73935
 0.79098
 0.7801900000000001
 0.77288
 0.7452
 0
 0
 0.60971
 0.9265
 0.79181
 0.37187
 0.52218
 0.54318
 0.69015
 0.65995
 0.59524
 0.49609
 0.57962
 0.64411
 0.64286
 0.6575800000000001
 0.6542
 0.66403
 0.6929
 0.69106
 0.66933
 0.6736
 0.65886
 0.67604
 0.69665
 0.70424
 0.6885599999999999
 0.71717
 0.7365699999999999
 0.69418
 0
 0
 1
 1
 0.4
 0.66667
 0.42857
 0.25
 0.77778
 0.5
 0.27273
 0.41667
 0.38462
 0.5555600000000001
 0.8
 0.66667
 0
 1
 1
 0
 1
 1
 1
 1
 1
 1
 1
 1
 0
 1
 0
 0
 0.95533
 0.96549
 0.48249
 0.50647
 0.43722
 0.4394
 0.71118
 0.61049
 0.56931
 0.55074
 0.5954199999999999
 0.64208
 0.6525300000000001
 0.65234
 0.56818
 0.79131
 0.80302
 0.64839
 0.79542
 0.65254
 0.80707
 0.72527
 0.71179
 0.69499
 0.78883
 0.86908
 0.57868
 0.68105
 0
 0
 0.57859
 0.80528
 0.71891
 0.73994
 0.78938
 0.74748
 0.72139
 0.7726499999999999
 0.6933
 0.72234
 0.73848
 0.77565
 0.75428
 0.75174
 0.73727
 0.73627
 0.73875
 0.76497
 0.74355
 0.75939
 0.7668700000000001
 0.767
 0.76
 0.75601
 0.76556
 0.8041199999999999
 0.77058
 0.74841
 0
 0
 0.58631
 0.89364
 0.76954
 0.37445
 0.48751
 0.55109
 0.62169
 0.63834
 0.6230599999999999
 0.55966
 0.61265
 0.6301600000000001
 0.61982
 0.64911
 0.6429
 0.64955
 0.65944
 0.67682
 0.66152
 0.6679
 0.65473
 0.67444
 0.67291
 0.68737
 0.67387
 0.6941000000000001
 0.70175
 0.6831
 0
 0
 0.96206
 0.91905
 0.91317
 0.95253
 0.9294
 0.9051900000000001
 0.93727
 0.92579
 0.92067
 0.91121
 0.9185
 0.90257
 0.9237300000000001
 0.90625
 0.91068
 0.90944
 0.91121
 0.90368
 0.906
 0.90399
 0.90398
 0.90108
 0.90782
 0.90925
 0.9
 0.89875
 0.89581
 0.89323
 0
 0
 0.82357
 0.97184
 0.51166
 0.58909
 0.51488
 0.51441
 0.6896
 0.65932
 0.63019
 0.59964
 0.64162
 0.653
 0.63792
 0.66671
 0.65462
 0.67472
 0.68653
 0.66066
 0.68231
 0.46089
 0.68626
 0.70067
 0.6957
 0.71172
 0.70666
 0.72354
 0.72656
 0.6945
 0
 0
 0.57859
 0.7544999999999999
 0.71841
 0.73731
 0.76105
 0.75897
 0.38997
 0.75284
 0.62748
 0.7196900000000001
 0.74993
 0.78465
 0.74015
 0.5312
 0.74691
 0.75944
 0.78779
 0.79518
 0.74107
 0.7747000000000001
 0.75693
 0.76754
 0.8198299999999999
 0.7726
 0.7571600000000001
 0.8285400000000001
 0.7768699999999999
 0.80208
 0
 0
 0
 0
 0
 0
 0
 0
 0
 0
 0
 0
 0
 0
 0
 0
 0
 0
 0
 0
 0
 0
 0
 0
 0
 0
 0
 0
 0
 0
 0
 0
 0
 0
 0
 0
 0
 0
 0
 0
 0
 0
 0
 0
 0
 0
 0
 0
 0
 0
 0
 0
 0
 0
 0
 0
 0
 0
 0
 0
 0
 0
 0
 0
 0
 0
 0
 0
 0
 0
 0
 0
 0
 0
 0
 0
 0
 0
 0
 0
 0
 0
 0
 0
 0
 0
 0
 0
 0
 0
 0
 0
 0
 0
 0
 0
 0
 0
 0
 0
 0
 0
 0
 0
 0
 0
 0
 0
 0
 0
 0
 0
 0
 0
 0
 0
 0
 0
 0
 0
 0
 0
 0
 0
 0
 0
 0
 0
 0
 0
 0
 0
 0
 0
 0
 0
 0
 0
 0
 0
 0
 0
 0
 0
 0
 0
 0
 0
 0
 0
 0
 0
 0.94564
 0.92199
 0.90937
 0.95108
 0.91562
 0.9241
 0.92733
 0.9226
 0.90742
 0.93554
 0.9274
 0.91733
 0.9115
 0.90542
 0.90712
 0.9201
 0.91591
 0.91006
 0.90523
 0.91538
 0.90243
 0.90444
 0.90344
 0.91046
 0.89746
 0.9041400000000001
 0.89578
 0.90587
 0
 0
 0
 0
 0
 0
 0
 0
 0
 0
 0
 0
 0
 0
 0
 0
 0
 0
 0
 0
 0
 0
 0
 0
 0
 0
 0
 0
 0
 0
 0
 0
 0
 0
 0
 0
 0
 0
 0
 0
 0
 0
 0
 0
 0
 0
 0
 0
 0
 0
 0
 0
 0
 0
 0
 0
 0
 0
 0
 0


