# Created by Octave 4.0.0, Sat Nov 21 16:30:54 2015 W. Europe Standard Time <unknown@Florian-PC>
# name: mus
# type: matrix
# ndims: 3
 1 30 19
 0
 0
 0.67724
 0.68096
 0.64958
 0.64716
 0.63646
 0.62723
 0.68007
 0.67989
 0.69238
 0.69072
 0.6847800000000001
 0.68443
 0.69468
 0.66908
 0.67279
 0.6459
 0.65146
 0.65506
 0.6984900000000001
 0.69398
 0.69519
 0.69764
 0.70423
 0.70624
 0.68855
 0.6889
 0.68048
 0.68136
 0
 0
 0.33333
 0.75
 1
 1
 1
 1
 0.9
 0.9
 0.93333
 0.9
 0.93333
 0.9
 0.93333
 0.6333299999999999
 0.6
 0.53333
 0.58333
 0.7
 0.77
 0.54
 0.65
 0.71
 0.72
 0.66
 0.51333
 0.6
 0.58
 0.6333299999999999
 0
 0
 0.60908
 0.81803
 0.91572
 0.92367
 0.95568
 0.87779
 0.83099
 0.86965
 0.89331
 0.86016
 0.89262
 0.90647
 0.9079
 0.65506
 0.6741
 0.6694099999999999
 0.67096
 0.64688
 0.73924
 0.65076
 0.73874
 0.72467
 0.70214
 0.66144
 0.61978
 0.62865
 0.64513
 0.70031
 0
 0
 0.32975
 0.72092
 0.87271
 0.93647
 0.9414400000000001
 0.9171899999999999
 0.8643999999999999
 0.90585
 0.88641
 0.90238
 0.91967
 0.92083
 0.8824
 0.64257
 0.66172
 0.66179
 0.69564
 0.66233
 0.75131
 0.6704
 0.69406
 0.71218
 0.72143
 0.64766
 0.602
 0.63678
 0.63869
 0.64486
 0
 0
 0.33333
 0.5
 1
 1
 1
 1
 0.88889
 1
 0.90909
 0.75
 0.92308
 0.88889
 0.6
 0.33333
 0
 0
 0
 0
 1
 1
 0
 1
 1
 1
 1
 1
 0
 1
 0
 0
 0.27156
 0.58788
 0.96919
 0.98046
 0.97816
 0.9012
 0.86407
 0.9385599999999999
 0.8833299999999999
 0.85322
 0.91314
 0.89622
 0.84645
 0.631
 0.5315299999999999
 0.46034
 0.6338
 0.55958
 0.71892
 0.77511
 0.5517300000000001
 0.7631
 0.68672
 0.77623
 0.70036
 0.71108
 0.45766
 0.63775
 0
 0
 0.36788
 0.7145
 0.84229
 0.89186
 0.90678
 0.91631
 0.85658
 0.84212
 0.85059
 0.90025
 0.83317
 0.89682
 0.88286
 0.74153
 0.73926
 0.6641899999999999
 0.73922
 0.64749
 0.72228
 0.72771
 0.70434
 0.71204
 0.76325
 0.69468
 0.65811
 0.68653
 0.67938
 0.66471
 0
 0
 0.29021
 0.71511
 0.80176
 0.8821099999999999
 0.8738
 0.84556
 0.8309299999999999
 0.84082
 0.85251
 0.8436399999999999
 0.85919
 0.8859399999999999
 0.84497
 0.66157
 0.67292
 0.63561
 0.67114
 0.6450900000000001
 0.68587
 0.6317
 0.63231
 0.65752
 0.6486499999999999
 0.61532
 0.57467
 0.6024
 0.5954199999999999
 0.59878
 0
 0
 0.96388
 0.89925
 0.93499
 0.8819
 0.91559
 0.91545
 0.91271
 0.9336100000000001
 0.91748
 0.91597
 0.91443
 0.91827
 0.9102
 0.91818
 0.91534
 0.91009
 0.90774
 0.91775
 0.91308
 0.90906
 0.89728
 0.91156
 0.90445
 0.90889
 0.91125
 0.90937
 0.9093
 0.90219
 0
 0
 0.28499
 0.63034
 0.96475
 0.97958
 0.95243
 0.91303
 0.8464699999999999
 0.90484
 0.89941
 0.92384
 0.94559
 0.96179
 0.86022
 0.6525
 0.72222
 0.62052
 0.68359
 0.74641
 0.7116
 0.64142
 0.65062
 0.66168
 0.6432099999999999
 0.65905
 0.57943
 0.60507
 0.61047
 0.62385
 0
 0
 0.36788
 0.70842
 0.82216
 0.92345
 0.88359
 0.94555
 0.86556
 0.8616200000000001
 0.9153
 0.84239
 0.80772
 0.86092
 0.85834
 0.69904
 0.6939
 0.63352
 0.70707
 0.64519
 0.72182
 0.69353
 0.67056
 0.7129799999999999
 0.74098
 0.67968
 0.43588
 0.67871
 0.52679
 0.6697
 0
 0
 0
 0
 0
 0
 0
 0
 0
 0
 0
 0
 0
 0
 0
 0
 0
 0
 0
 0
 0
 0
 0
 0
 0
 0
 0
 0
 0
 0
 0
 0
 0
 0
 0
 0
 0
 0
 0
 0
 0
 0
 0
 0
 0
 0
 0
 0
 0
 0
 0
 0
 0
 0
 0
 0
 0
 0
 0
 0
 0
 0
 0
 0
 0
 0
 0
 0
 0
 0
 0
 0
 0
 0
 0
 0
 0
 0
 0
 0
 0
 0
 0
 0
 0
 0
 0
 0
 0
 0
 0
 0
 0
 0
 0
 0
 0
 0
 0
 0
 0
 0
 0
 0
 0
 0
 0
 0
 0
 0
 0
 0
 0
 0
 0
 0
 0
 0
 0
 0
 0
 0
 0
 0
 0
 0
 0
 0
 0
 0
 0
 0
 0
 0
 0
 0
 0
 0
 0
 0
 0
 0
 0
 0
 0
 0
 0
 0
 0
 0
 0
 0
 0.89517
 0.93208
 0.89584
 0.90002
 0.92502
 0.91148
 0.92547
 0.91713
 0.91625
 0.92949
 0.9221200000000001
 0.91176
 0.91294
 0.91173
 0.90405
 0.92119
 0.8956
 0.91093
 0.8989
 0.90088
 0.9071399999999999
 0.91085
 0.9108000000000001
 0.9079199999999999
 0.90735
 0.90798
 0.91108
 0.90162
 0
 0
 0
 0
 0
 0
 0
 0
 0
 0
 0
 0
 0
 0
 0
 0
 0
 0
 0
 0
 0
 0
 0
 0
 0
 0
 0
 0
 0
 0
 0
 0
 0
 0
 0
 0
 0
 0
 0
 0
 0
 0
 0
 0
 0
 0
 0
 0
 0
 0
 0
 0
 0
 0
 0
 0
 0
 0
 0
 0


