# Created by Octave 4.0.0, Sat Nov 21 16:30:48 2015 W. Europe Standard Time <unknown@Florian-PC>
# name: mus
# type: matrix
# ndims: 3
 1 30 19
 0
 0
 0.59878
 0.66704
 0.73426
 0.55964
 0.6170099999999999
 0.66406
 0.63149
 0.66145
 0.63772
 0.66443
 0.69491
 0.6722900000000001
 0.66218
 0.68136
 0.67272
 0.67789
 0.69329
 0.6797800000000001
 0.68829
 0.66635
 0.67679
 0.66779
 0.6805600000000001
 0.69602
 0.73092
 0.72879
 0.73359
 0.72881
 0
 0
 0.33333
 0.75
 0.6
 0.1
 0.5
 0.4
 0.4
 0.6
 0.56667
 0.6
 0.6
 0.66667
 0.8
 0.68333
 0.76667
 0.6
 0.6166700000000001
 0.6
 0.5600000000000001
 0.51
 0.65
 0.7
 0.8
 0.80667
 0.68
 0.6333299999999999
 0.6266699999999999
 0.56667
 0
 0
 0.6029
 0.79351
 0.6367
 0.53044
 0.53571
 0.72397
 0.65479
 0.68141
 0.7527
 0.81337
 0.54191
 0.72311
 0.73066
 0.63618
 0.7658
 0.7869
 0.67032
 0.62782
 0.69653
 0.67341
 0.72888
 0.78578
 0.79347
 0.71095
 0.7324000000000001
 0.73012
 0.74681
 0.69458
 0
 0
 0.36104
 0.72686
 0.59079
 0.40911
 0.43154
 0.62068
 0.64991
 0.64424
 0.67924
 0.69978
 0.59076
 0.6502
 0.6740699999999999
 0.6604100000000001
 0.6732
 0.65172
 0.61593
 0.56425
 0.60155
 0.59721
 0.61382
 0.62603
 0.66149
 0.66421
 0.64978
 0.66396
 0.6354300000000001
 0.65489
 0
 0
 0.33333
 0.75
 1
 0.5
 0.14286
 0.75
 1
 0.9
 0.63636
 0.83333
 0.53846
 0.66667
 0.6
 0.66667
 0.5
 1
 1
 0
 0
 0
 0
 0
 1
 1
 0
 0
 1
 1
 0
 0
 0.37246
 0.7944
 0.67986
 0.36907
 0.41072
 0.57877
 0.6860000000000001
 0.6769500000000001
 0.76215
 0.64982
 0.58716
 0.67209
 0.64047
 0.68703
 0.65301
 0.64774
 0.6052999999999999
 0.56996
 0.54195
 0.57401
 0.59158
 0.58285
 0.59982
 0.68672
 0.62836
 0.64066
 0.66276
 0.64146
 0
 0
 0.36788
 0.81704
 0.6077399999999999
 0.55442
 0.63475
 0.699
 0.71167
 0.72457
 0.73017
 0.75954
 0.7291
 0.73834
 0.76507
 0.7503
 0.73802
 0.71384
 0.73636
 0.66248
 0.7323499999999999
 0.69584
 0.7354000000000001
 0.71877
 0.75932
 0.71369
 0.71178
 0.67286
 0.70856
 0.74333
 0
 0
 0.36105
 0.69332
 0.56308
 0.39279
 0.45303
 0.61277
 0.61205
 0.64467
 0.68411
 0.70018
 0.60599
 0.65503
 0.68168
 0.6772
 0.67903
 0.65926
 0.63125
 0.57959
 0.61173
 0.61654
 0.62987
 0.64841
 0.68442
 0.66777
 0.65783
 0.67806
 0.65105
 0.6615
 0
 0
 0.99869
 1
 1
 1
 1
 1
 1
 1
 1
 0.9999400000000001
 0.99618
 0.98566
 0.97181
 0.97944
 0.97179
 0.96663
 0.97078
 0.9644
 0.95985
 0.95921
 0.95771
 0.96553
 0.94706
 0.9528799999999999
 0.95321
 0.9484900000000001
 0.9459
 0.93342
 0
 0
 0.5211
 0.8015099999999999
 0.53061
 0.32707
 0.45343
 0.573
 0.61991
 0.63976
 0.69856
 0.73441
 0.60487
 0.63733
 0.65877
 0.66196
 0.65764
 0.67881
 0.62505
 0.57703
 0.62036
 0.60301
 0.61451
 0.6364
 0.6634100000000001
 0.73816
 0.65498
 0.6608000000000001
 0.64238
 0.66709
 0
 0
 0.36788
 0.80945
 0.60742
 0.5495100000000001
 0.62159
 0.68067
 0.68882
 0.72306
 0.79291
 0.7186900000000001
 0.71236
 0.71443
 0.76393
 0.80574
 0.70606
 0.71853
 0.6934
 0.73277
 0.71435
 0.67518
 0.66583
 0.69855
 0.7160300000000001
 0.71373
 0.71805
 0.71651
 0.67401
 0.68915
 0
 0
 0
 0
 0
 0
 0
 0
 0
 0
 0
 0
 0
 0
 0
 0
 0
 0
 0
 0
 0
 0
 0
 0
 0
 0
 0
 0
 0
 0
 0
 0
 0
 0
 0
 0
 0
 0
 0
 0
 0
 0
 0
 0
 0
 0
 0
 0
 0
 0
 0
 0
 0
 0
 0
 0
 0
 0
 0
 0
 0
 0
 0
 0
 0
 0
 0
 0
 0
 0
 0
 0
 0
 0
 0
 0
 0
 0
 0
 0
 0
 0
 0
 0
 0
 0
 0
 0
 0
 0
 0
 0
 0
 0
 0
 0
 0
 0
 0
 0
 0
 0
 0
 0
 0
 0
 0
 0
 0
 0
 0
 0
 0
 0
 0
 0
 0
 0
 0
 0
 0
 0
 0
 0
 0
 0
 0
 0
 0
 0
 0
 0
 0
 0
 0
 0
 0
 0
 0
 0
 0
 0
 0
 0
 0
 0
 0
 0
 0
 0
 0
 0
 0.99999
 1
 1
 1
 1
 1
 1
 1
 1
 0.99881
 0.9952299999999999
 0.98683
 0.97879
 0.97848
 0.97595
 0.9706
 0.9700299999999999
 0.96567
 0.96845
 0.96112
 0.9597599999999999
 0.96007
 0.9505400000000001
 0.9583
 0.95423
 0.94582
 0.9575900000000001
 0.9467
 0
 0
 0
 0
 0
 0
 0
 0
 0
 0
 0
 0
 0
 0
 0
 0
 0
 0
 0
 0
 0
 0
 0
 0
 0
 0
 0
 0
 0
 0
 0
 0
 0
 0
 0
 0
 0
 0
 0
 0
 0
 0
 0
 0
 0
 0
 0
 0
 0
 0
 0
 0
 0
 0
 0
 0
 0
 0
 0
 0


