# Created by Octave 4.0.0, Sat Nov 21 16:30:37 2015 W. Europe Standard Time <unknown@Florian-PC>
# name: mus
# type: matrix
# ndims: 3
 1 30 19
 0
 0
 0.61324
 0.60468
 0.70696
 0.70624
 0.71929
 0.72545
 0.7158
 0.71955
 0.72417
 0.71756
 0.71953
 0.72224
 0.72213
 0.726
 0.71776
 0.71829
 0.71845
 0.7191
 0.7219
 0.72484
 0.72148
 0.72523
 0.72732
 0.72538
 0.72755
 0.7221
 0.7216399999999999
 0.72768
 0
 0
 0.66667
 0.75
 0.8
 0.6
 0.8
 0.8
 0.9
 0.9
 0.93333
 0.8
 0.8
 0.73333
 0.66667
 0.8
 0.8
 0.73333
 0.75
 0.65
 0.77
 0.8100000000000001
 0.79
 0.77
 0.8
 0.82667
 0.80667
 0.89333
 0.86
 0.8666700000000001
 0
 0
 0.7406700000000001
 0.8351
 0.85206
 0.68394
 0.71672
 0.80863
 0.76053
 0.85487
 0.88954
 0.79676
 0.7183
 0.6884
 0.74698
 0.77962
 0.6833
 0.71233
 0.7436199999999999
 0.72648
 0.75147
 0.75661
 0.76455
 0.7713
 0.79226
 0.8082
 0.8008
 0.81247
 0.82685
 0.8376400000000001
 0
 0
 0.55557
 0.78126
 0.925
 0.79438
 0.87207
 0.85455
 0.93258
 0.95122
 0.94219
 0.9166800000000001
 0.8520799999999999
 0.82374
 0.82996
 0.87697
 0.7561
 0.73443
 0.80884
 0.76895
 0.77208
 0.77071
 0.79192
 0.8169999999999999
 0.81286
 0.83371
 0.86174
 0.84471
 0.84554
 0.8759
 0
 0
 0.66667
 0.75
 1
 0.66667
 0.85714
 0.75
 1
 1
 1
 0.58333
 0.92308
 0.77778
 1
 1
 0.5
 0
 0
 1
 1
 0
 1
 1
 1
 1
 1
 1
 1
 1
 0
 0
 1
 1
 1.175
 0.7416700000000001
 0.97143
 0.8625
 1.0744
 1.07937
 1.01742
 0.76074
 0.93765
 0.75093
 0.97445
 1.01337
 0.62095
 0.49668
 0.48848
 0.97019
 0.91903
 0.61807
 0.84997
 0.96724
 0.8632300000000001
 1.06084
 1.03527
 0.875
 1.02804
 1.02481
 0
 0
 0.78929
 0.87512
 0.89397
 0.68363
 0.64419
 0.78155
 0.93116
 0.79867
 0.88857
 0.90543
 0.73127
 0.70914
 0.7234
 0.92518
 0.7075
 0.6909999999999999
 0.80975
 0.72893
 0.74782
 0.7797500000000001
 0.7805
 0.87291
 0.78356
 0.82523
 0.81935
 0.82382
 0.86531
 0.87241
 0
 0
 0.55557
 0.83394
 0.8204900000000001
 0.67559
 0.76074
 0.84853
 0.88693
 0.93141
 0.9631999999999999
 0.88618
 0.84672
 0.78775
 0.82972
 0.8610100000000001
 0.78354
 0.7809
 0.80442
 0.74902
 0.77471
 0.77879
 0.79021
 0.81892
 0.83024
 0.84162
 0.84258
 0.85929
 0.85819
 0.87247
 0
 0
 1
 1
 1
 1
 1
 1
 1
 1
 1
 1
 1
 1
 1
 1
 1
 1
 1
 1
 1
 1
 1
 1
 1
 1
 1
 1
 1
 1
 0
 0
 1
 1.02451
 1.10462
 0.70087
 0.90357
 1.04198
 0.93633
 1.04095
 0.9974
 0.8849900000000001
 0.75518
 0.70459
 0.80863
 0.95108
 0.71587
 0.71361
 0.77955
 0.80809
 0.88406
 0.8687
 0.81472
 0.7817
 0.73685
 0.9895699999999999
 0.88773
 0.88151
 0.87622
 0.87115
 0
 0
 0.78929
 0.92315
 0.92722
 0.72472
 0.6446
 0.73974
 0.75519
 0.80915
 1.02272
 0.8472499999999999
 0.69743
 0.70549
 0.91515
 0.8895999999999999
 0.7894099999999999
 0.8299
 0.73917
 0.84438
 0.74261
 0.76268
 0.79505
 0.82524
 0.74777
 0.93704
 0.93851
 0.83822
 0.8122200000000001
 0.91645
 0
 0
 0
 0
 0
 0
 0
 0
 0
 0
 0
 0
 0
 0
 0
 0
 0
 0
 0
 0
 0
 0
 0
 0
 0
 0
 0
 0
 0
 0
 0
 0
 0
 0
 0
 0
 0
 0
 0
 0
 0
 0
 0
 0
 0
 0
 0
 0
 0
 0
 0
 0
 0
 0
 0
 0
 0
 0
 0
 0
 0
 0
 0
 0
 0
 0
 0
 0
 0
 0
 0
 0
 0
 0
 0
 0
 0
 0
 0
 0
 0
 0
 0
 0
 0
 0
 0
 0
 0
 0
 0
 0
 0
 0
 0
 0
 0
 0
 0
 0
 0
 0
 0
 0
 0
 0
 0
 0
 0
 0
 0
 0
 0
 0
 0
 0
 0
 0
 0
 0
 0
 0
 0
 0
 0
 0
 0
 0
 0
 0
 0
 0
 0
 0
 0
 0
 0
 0
 0
 0
 0
 0
 0
 0
 0
 0
 0
 0
 0
 0
 0
 0
 1
 1
 1
 1
 1
 1
 1
 1
 1
 1
 1
 1
 1
 1
 1
 1
 1
 1
 1
 1
 1
 1
 1
 1
 1
 1
 1
 1
 0
 0
 0
 0
 0
 0
 0
 0
 0
 0
 0
 0
 0
 0
 0
 0
 0
 0
 0
 0
 0
 0
 0
 0
 0
 0
 0
 0
 0
 0
 0
 0
 0
 0
 0
 0
 0
 0
 0
 0
 0
 0
 0
 0
 0
 0
 0
 0
 0
 0
 0
 0
 0
 0
 0
 0
 0
 0
 0
 0


# name: vars
# type: matrix
# ndims: 3
 1 30 19
 0
 0
 0.078152
 0.0624
 0.039253
 0.033943
 0.028275
 0.028683
 0.021143
 0.019447
 0.023714
 0.017334
 0.014818
 0.015165
 0.013809
 0.010293
 0.013241
 0.012803
 0.010718
 0.010426
 0.007558
 0.009467
 0.009278
 0.006037
 0.009339999999999999
 0.008123999999999999
 0.008144
 0.009979999999999999
 0.005729
 0.005561
 0
 0
 0.33333
 0.25
 0.2
 0.3
 0.2
 0.2
 0.05
 0.05
 0.02222
 0.075
 0.08889
 0.18889
 0.05556
 0.08889
 0.10625
 0.18889
 0.1875
 0.08125
 0.02075
 0.043
 0.0605
 0.0945
 0.12
 0.08356
 0.12022
 0.00967
 0.00633
 0.00556
 0
 0
 0
 0
 0
 0
 0
 0
 0
 0
 0
 0
 0
 0
 0
 0
 0
 0
 0
 0
 0
 0
 0
 0
 0
 0
 0
 0
 0
 0
 0
 0
 0.18402
 0.08908000000000001
 0.0327
 0.06022
 0.05389
 0.04278
 0.01795
 0.01044
 0.0107
 0.01835
 0.02942
 0.03387
 0.03507
 0.02585
 0.03753
 0.04069
 0.03347
 0.03762
 0.03406
 0.03549
 0.03701
 0.02651
 0.02948
 0.02674
 0.02032
 0.02483
 0.02493
 0.01983
 0
 0
 0
 0
 0
 0
 0
 0
 0
 0
 0
 0
 0
 0
 0
 0
 0
 0
 0
 0
 0
 0
 0
 0
 0
 0
 0
 0
 0
 0
 0
 0
 0
 0
 0
 0
 0
 0
 0
 0
 0
 0
 0
 0
 0
 0
 0
 0
 0
 0
 0
 0
 0
 0
 0
 0
 0
 0
 0
 0
 0
 0
 0
 0
 0
 0
 0
 0
 0
 0
 0
 0
 0
 0
 0
 0
 0
 0
 0
 0
 0
 0
 0
 0
 0
 0
 0
 0
 0
 0
 0
 0
 0.18402
 0.05033
 0.05476
 0.05974
 0.04927
 0.03435
 0.01798
 0.01039
 0.01015
 0.01972
 0.02322
 0.02874
 0.02541
 0.02647
 0.03334
 0.03239
 0.02959
 0.03522
 0.03498
 0.03538
 0.03504
 0.03211
 0.02996
 0.02944
 0.02801
 0.02295
 0.02569
 0.02442
 0
 0
 0
 0
 0
 0
 0
 0
 0
 0
 0
 0
 0
 0
 0
 0
 0
 0
 0
 0
 0
 0
 0
 0
 0
 0
 0
 0
 0
 0
 0
 0
 0
 0
 0
 0
 0
 0
 0
 0
 0
 0
 0
 0
 0
 0
 0
 0
 0
 0
 0
 0
 0
 0
 0
 0
 0
 0
 0
 0
 0
 0
 0
 0
 0
 0
 0
 0
 0
 0
 0
 0
 0
 0
 0
 0
 0
 0
 0
 0
 0
 0
 0
 0
 0
 0
 0
 0
 0
 0
 0
 0
 0
 0
 0
 0
 0
 0
 0
 0
 0
 0
 0
 0
 0
 0
 0
 0
 0
 0
 0
 0
 0
 0
 0
 0
 0
 0
 0
 0
 0
 0
 0
 0
 0
 0
 0
 0
 0
 0
 0
 0
 0
 0
 0
 0
 0
 0
 0
 0
 0
 0
 0
 0
 0
 0
 0
 0
 0
 0
 0
 0
 0
 0
 0
 0
 0
 0
 0
 0
 0
 0
 0
 0
 0
 0
 0
 0
 0
 0
 0
 0
 0
 0
 0
 0
 0
 0
 0
 0
 0
 0
 0
 0
 0
 0
 0
 0
 0
 0
 0
 0
 0
 0
 0
 0
 0
 0
 0
 0
 0
 0
 0
 0
 0
 0
 0
 0
 0
 0
 0
 0
 0
 0
 0
 0
 0
 0
 0
 0
 0
 0
 0
 0
 0
 0
 0
 0
 0
 0
 0
 0
 0
 0
 0
 0
 0
 0
 0
 0
 0
 0
 0
 0
 0
 0
 0
 0
 0
 0
 0
 0
 0
 0
 0
 0
 0
 0
 0
 0
 0
 0
 0
 0
 0
 0
 0
 0
 0
 0
 0
 0
 0
 0
 0
 0
 0
 0
 0
 0
 0
 0
 0
 0
 0
 0
 0
 0
 0
 0
 0
 0
 0
 0
 0
 0
 0
 0
 0
 0
 0
 0
 0
 0
 0
 0
 0
 0
 0
 0
 0
 0
 0
 0
 0
 0
 0
 0
 0
 0
 0
 0
 0
 0
 0
 0
 0
 0
 0
 0


