# Created by Octave 4.0.0, Sat Nov 21 16:30:37 2015 W. Europe Standard Time <unknown@Florian-PC>
# name: mus
# type: matrix
# ndims: 3
 1 30 19
 0
 0
 0.57707
 0.55178
 0.63064
 0.69064
 0.70817
 0.7081499999999999
 0.70519
 0.6815600000000001
 0.5582
 0.57886
 0.57237
 0.58119
 0.58599
 0.58705
 0.58667
 0.61504
 0.61266
 0.60506
 0.62756
 0.6167899999999999
 0.63833
 0.63007
 0.62704
 0.64103
 0.6619
 0.66323
 0.68298
 0.68136
 0
 0
 0.66667
 0
 0.4
 0.7
 0.8
 0.7
 0.7
 0.6
 0.46667
 0.56667
 0.7
 0.53333
 0.53333
 0.46667
 0.56667
 0.56667
 0.73333
 0.75
 0.71
 0.72
 0.75
 0.71
 0.72
 0.68667
 0.62
 0.58
 0.55333
 0.53333
 0
 0
 0.7366200000000001
 0.3973
 0.55549
 0.55218
 0.65258
 0.71117
 0.55415
 0.57063
 0.39409
 0.04004
 0.50229
 0.38493
 0.40447
 0.54573
 0.52721
 0.60033
 0.67624
 0.7120300000000001
 0.68873
 0.68347
 0.7167
 0.66927
 0.63489
 0.63349
 0.48612
 0.49426
 0.596
 0.51678
 0
 0
 0.88889
 0.20488
 0.59862
 0.60669
 0.77568
 0.8402500000000001
 0.6432
 0.72462
 0.51675
 0.52625
 0.62965
 0.56364
 0.5421
 0.61359
 0.60802
 0.64762
 0.74197
 0.77356
 0.75573
 0.76967
 0.77296
 0.74693
 0.78293
 0.73336
 0.67156
 0.60515
 0.59616
 0.56406
 0
 0
 0.66667
 0
 0.6
 0.66667
 0.71429
 0.875
 0.44444
 0.8
 0.45455
 0.75
 0.30769
 0.11111
 0.4
 1
 0.5
 0
 1
 1
 1
 1
 1
 0
 1
 1
 0
 0
 1
 0
 0
 0
 0.83333
 0.19446
 0.625
 0.65833
 0.80833
 0.92143
 0.49504
 0.82877
 0.44792
 0.64797
 0.45251
 0.37291
 0.46334
 0.7502
 0.52393
 0.42403
 0.8888200000000001
 0.9081399999999999
 0.96257
 0.99603
 0.65972
 0.60419
 0.81181
 1.01784
 0.54171
 0.35418
 0.71032
 0.41669
 0
 0
 0.57859
 0.68452
 0.643
 0.61756
 0.66995
 0.75731
 0.6206
 0.53771
 0.6041299999999999
 0.5774899999999999
 0.62973
 0.55918
 0.54645
 0.5208700000000001
 0.62398
 0.64112
 0.6460900000000001
 0.72256
 0.67976
 0.67443
 0.71779
 0.68796
 0.73869
 0.67337
 0.64475
 0.6141
 0.62092
 0.62531
 0
 0
 0.88889
 0.22735
 0.55782
 0.5960299999999999
 0.65927
 0.79887
 0.65863
 0.71063
 0.54696
 0.54162
 0.6398200000000001
 0.54171
 0.57596
 0.61591
 0.65765
 0.63834
 0.70945
 0.75436
 0.7382300000000001
 0.74757
 0.77119
 0.74265
 0.75567
 0.71697
 0.6593
 0.59505
 0.5855
 0.57589
 0
 0
 1
 1
 1
 1
 1
 1
 1
 1
 1
 1
 1
 1
 1
 1
 1
 1
 1
 1
 1
 1
 1
 1
 1
 1
 1
 1
 1
 1
 0
 0
 0.83333
 0.2108
 0.5815399999999999
 0.51175
 0.74668
 0.77844
 0.59005
 0.64799
 0.4579
 0.45753
 0.56209
 0.4698
 0.5348000000000001
 0.54211
 0.5665
 0.76489
 0.80114
 0.82217
 0.75349
 0.83838
 0.91188
 0.74724
 0.74719
 0.79903
 0.9906199999999999
 0.3041
 0.74034
 0.58072
 0
 0
 0.57859
 0.68452
 0.79863
 0.6403799999999999
 0.55897
 0.64619
 0.69673
 0.54473
 0.73306
 0.65008
 0.6456
 0.76345
 0.5880300000000001
 0.61276
 0.64418
 0.61002
 0.70169
 0.79262
 0.82961
 0.6750699999999999
 0.73503
 0.73027
 0.66127
 0.7646500000000001
 0.66564
 0.67411
 0.6510899999999999
 0.65554
 0
 0
 0
 0
 0
 0
 0
 0
 0
 0
 0
 0
 0
 0
 0
 0
 0
 0
 0
 0
 0
 0
 0
 0
 0
 0
 0
 0
 0
 0
 0
 0
 0
 0
 0
 0
 0
 0
 0
 0
 0
 0
 0
 0
 0
 0
 0
 0
 0
 0
 0
 0
 0
 0
 0
 0
 0
 0
 0
 0
 0
 0
 0
 0
 0
 0
 0
 0
 0
 0
 0
 0
 0
 0
 0
 0
 0
 0
 0
 0
 0
 0
 0
 0
 0
 0
 0
 0
 0
 0
 0
 0
 0
 0
 0
 0
 0
 0
 0
 0
 0
 0
 0
 0
 0
 0
 0
 0
 0
 0
 0
 0
 0
 0
 0
 0
 0
 0
 0
 0
 0
 0
 0
 0
 0
 0
 0
 0
 0
 0
 0
 0
 0
 0
 0
 0
 0
 0
 0
 0
 0
 0
 0
 0
 0
 0
 0
 0
 0
 0
 0
 0
 1
 1
 1
 1
 1
 1
 1
 1
 1
 1
 1
 1
 1
 1
 1
 1
 1
 1
 1
 1
 1
 1
 1
 1
 1
 1
 1
 1
 0
 0
 0
 0
 0
 0
 0
 0
 0
 0
 0
 0
 0
 0
 0
 0
 0
 0
 0
 0
 0
 0
 0
 0
 0
 0
 0
 0
 0
 0
 0
 0
 0
 0
 0
 0
 0
 0
 0
 0
 0
 0
 0
 0
 0
 0
 0
 0
 0
 0
 0
 0
 0
 0
 0
 0
 0
 0
 0
 0


# name: vars
# type: matrix
# ndims: 3
 1 30 19
 0
 0
 0.083561
 0.059115
 0.049226
 0.038294
 0.035438
 0.028159
 0.022514
 0.023984
 0.022714
 0.024285
 0.022411
 0.016305
 0.019275
 0.015369
 0.013607
 0.013243
 0.013758
 0.015684
 0.009003000000000001
 0.009108
 0.011992
 0.007561
 0.00959
 0.00686
 0.008297000000000001
 0.00831
 0.008571
 0.008631
 0
 0
 0.33333
 0
 0.3
 0.2
 0.2
 0.2
 0.075
 0.05
 0.00556
 0.13333
 0.08889
 0.2
 0.14444
 0.2
 0.13333
 0.09514
 0.09514
 0.09375
 0.07675
 0.07825
 0.0475
 0.0505
 0.052
 0.03422
 0.04422
 0.03089
 0.06144
 0.04722
 0
 0
 0
 0
 0
 0
 0
 0
 0
 0
 0
 0
 0
 0
 0
 0
 0
 0
 0
 0
 0
 0
 0
 0
 0
 0
 0
 0
 0
 0
 0
 0
 0.11111
 0.00729
 0.10941
 0.06886
 0.082
 0.03874
 0.06289
 0.05675
 0.059
 0.06154
 0.0512
 0.05948
 0.0442
 0.04941
 0.05064
 0.04693
 0.03591
 0.03464
 0.03665
 0.03361
 0.03417
 0.0365
 0.03138
 0.0326
 0.03922
 0.04041
 0.04157
 0.03945
 0
 0
 0
 0
 0
 0
 0
 0
 0
 0
 0
 0
 0
 0
 0
 0
 0
 0
 0
 0
 0
 0
 0
 0
 0
 0
 0
 0
 0
 0
 0
 0
 0
 0
 0
 0
 0
 0
 0
 0
 0
 0
 0
 0
 0
 0
 0
 0
 0
 0
 0
 0
 0
 0
 0
 0
 0
 0
 0
 0
 0
 0
 0
 0
 0
 0
 0
 0
 0
 0
 0
 0
 0
 0
 0
 0
 0
 0
 0
 0
 0
 0
 0
 0
 0
 0
 0
 0
 0
 0
 0
 0
 0.11111
 0.01839
 0.05291
 0.03371
 0.04543
 0.02924
 0.04557
 0.03233
 0.04069
 0.04349
 0.03425
 0.04044
 0.03413
 0.03805
 0.03819
 0.0464
 0.03842
 0.04242
 0.04151
 0.03951
 0.03317
 0.04001
 0.03298
 0.03571
 0.04043
 0.04051
 0.0468
 0.04663
 0
 0
 0
 0
 0
 0
 0
 0
 0
 0
 0
 0
 0
 0
 0
 0
 0
 0
 0
 0
 0
 0
 0
 0
 0
 0
 0
 0
 0
 0
 0
 0
 0
 0
 0
 0
 0
 0
 0
 0
 0
 0
 0
 0
 0
 0
 0
 0
 0
 0
 0
 0
 0
 0
 0
 0
 0
 0
 0
 0
 0
 0
 0
 0
 0
 0
 0
 0
 0
 0
 0
 0
 0
 0
 0
 0
 0
 0
 0
 0
 0
 0
 0
 0
 0
 0
 0
 0
 0
 0
 0
 0
 0
 0
 0
 0
 0
 0
 0
 0
 0
 0
 0
 0
 0
 0
 0
 0
 0
 0
 0
 0
 0
 0
 0
 0
 0
 0
 0
 0
 0
 0
 0
 0
 0
 0
 0
 0
 0
 0
 0
 0
 0
 0
 0
 0
 0
 0
 0
 0
 0
 0
 0
 0
 0
 0
 0
 0
 0
 0
 0
 0
 0
 0
 0
 0
 0
 0
 0
 0
 0
 0
 0
 0
 0
 0
 0
 0
 0
 0
 0
 0
 0
 0
 0
 0
 0
 0
 0
 0
 0
 0
 0
 0
 0
 0
 0
 0
 0
 0
 0
 0
 0
 0
 0
 0
 0
 0
 0
 0
 0
 0
 0
 0
 0
 0
 0
 0
 0
 0
 0
 0
 0
 0
 0
 0
 0
 0
 0
 0
 0
 0
 0
 0
 0
 0
 0
 0
 0
 0
 0
 0
 0
 0
 0
 0
 0
 0
 0
 0
 0
 0
 0
 0
 0
 0
 0
 0
 0
 0
 0
 0
 0
 0
 0
 0
 0
 0
 0
 0
 0
 0
 0
 0
 0
 0
 0
 0
 0
 0
 0
 0
 0
 0
 0
 0
 0
 0
 0
 0
 0
 0
 0
 0
 0
 0
 0
 0
 0
 0
 0
 0
 0
 0
 0
 0
 0
 0
 0
 0
 0
 0
 0
 0
 0
 0
 0
 0
 0
 0
 0
 0
 0
 0
 0
 0
 0
 0
 0
 0
 0
 0
 0
 0
 0
 0
 0
 0
 0
 0


