# Created by Octave 4.0.0, Sat Nov 21 16:30:32 2015 W. Europe Standard Time <unknown@Florian-PC>
# name: mus
# type: matrix
# ndims: 3
 1 30 19
 0
 0
 0.72398
 0.71214
 0.67688
 0.72742
 0.72096
 0.7154
 0.71022
 0.70391
 0.7013
 0.6996599999999999
 0.7055
 0.70494
 0.70588
 0.70201
 0.71007
 0.7009
 0.70453
 0.70506
 0.69434
 0.68525
 0.7094
 0.71002
 0.70873
 0.71535
 0.71156
 0.71875
 0.7158
 0.65424
 0
 0
 0.33333
 0.75
 0.8
 0.6
 0.7
 0.6
 0.6
 0.4
 0.36667
 0.43333
 0.56667
 0.7
 0.53333
 0.56667
 0.46667
 0.56667
 0.71667
 0.75
 0.77
 0.77
 0.78
 0.75
 0.84
 0.73333
 0.7
 0.71333
 0.76
 0.66667
 0
 0
 0.45596
 0.61204
 0.79037
 0.62478
 0.7483300000000001
 -1.65644
 0.5217000000000001
 0.55583
 0.54644
 0.60651
 0.6731200000000001
 0.71046
 0.60958
 0.6906
 0.6359900000000001
 0.69076
 0.75744
 0.78911
 0.8131699999999999
 0.78631
 0.79333
 0.75909
 0.75242
 0.69779
 0.74758
 0.7371
 0.72929
 0.69245
 0
 0
 0.29627
 0.71995
 0.73983
 0.70908
 0.70556
 0.63768
 0.51014
 0.58565
 0.58407
 0.61358
 0.5981
 0.66589
 0.59268
 0.61924
 0.62605
 0.6698
 0.7337399999999999
 0.75031
 0.78305
 0.7976
 0.7783
 0.75759
 0.81397
 0.74308
 0.7503
 0.75858
 0.77604
 0.66718
 0
 0
 0.66667
 1
 0.8
 0.83333
 1
 0.625
 0.77778
 0.6
 0.54545
 0.83333
 0.46154
 0.88889
 0.6
 1
 1
 1
 1
 1
 1
 1
 0
 1
 1
 1
 1
 1
 1
 0
 0
 0
 0.65328
 0.97416
 0.897
 0.7284
 0.87512
 0.58245
 0.59872
 0.57598
 0.5245300000000001
 0.66999
 0.54136
 0.7180299999999999
 0.60682
 0.73686
 0.64353
 0.6923
 0.83627
 0.70409
 0.87305
 0.85194
 0.71613
 0.87825
 0.88647
 0.72399
 0.7226900000000001
 0.85537
 0.82455
 0.63467
 0
 0
 0.36788
 0.37458
 0.5686099999999999
 0.75571
 0.68741
 0.56188
 0.53905
 0.59326
 0.6919999999999999
 0.70527
 0.6878300000000001
 0.70786
 0.71599
 0.75926
 0.76883
 0.7567700000000001
 0.74956
 0.72906
 0.7846
 0.78787
 0.7720900000000001
 0.72947
 0.75502
 0.7282999999999999
 0.74127
 0.73195
 0.75873
 0.71954
 0
 0
 0.24185
 0.73476
 0.6335
 0.63625
 0.66959
 0.58551
 0.46811
 0.55421
 0.54758
 0.58438
 0.59458
 0.63467
 0.57482
 0.61219
 0.60729
 0.63256
 0.66185
 0.68258
 0.70361
 0.73387
 0.73877
 0.70789
 0.73624
 0.6964
 0.70033
 0.69215
 0.72625
 0.64519
 0
 0
 0.85472
 0.91662
 0.9243400000000001
 0.8812
 0.94928
 0.9170700000000001
 0.93715
 0.92489
 0.9252
 0.93516
 0.9317
 0.91153
 0.91382
 0.9131
 0.91786
 0.90177
 0.91113
 0.91146
 0.91594
 0.89893
 0.9087
 0.91795
 0.89979
 0.90632
 0.90461
 0.91257
 0.9102
 0.89394
 0
 0
 0.61846
 0.98259
 0.8989
 0.62865
 0.83065
 0.52097
 0.46167
 0.55682
 0.51715
 0.31015
 0.59739
 0.65412
 0.60809
 0.63496
 0.61963
 0.64529
 0.75218
 0.75088
 0.81076
 0.83421
 0.74226
 0.7772
 0.78335
 0.71097
 0.73036
 0.73733
 0.7547
 0.66061
 0
 0
 0.36788
 0.38781
 0.58004
 0.66295
 0.6188
 0.6126200000000001
 0.57138
 0.62682
 0.63166
 0.60356
 0.67709
 0.72359
 0.74396
 0.72753
 0.69397
 0.7544
 0.73209
 0.73793
 0.78496
 0.76744
 0.75981
 0.72997
 0.83011
 0.70972
 0.75957
 0.74398
 0.73752
 0.73611
 0
 0
 0
 0
 0
 0
 0
 0
 0
 0
 0
 0
 0
 0
 0
 0
 0
 0
 0
 0
 0
 0
 0
 0
 0
 0
 0
 0
 0
 0
 0
 0
 0
 0
 0
 0
 0
 0
 0
 0
 0
 0
 0
 0
 0
 0
 0
 0
 0
 0
 0
 0
 0
 0
 0
 0
 0
 0
 0
 0
 0
 0
 0
 0
 0
 0
 0
 0
 0
 0
 0
 0
 0
 0
 0
 0
 0
 0
 0
 0
 0
 0
 0
 0
 0
 0
 0
 0
 0
 0
 0
 0
 0
 0
 0
 0
 0
 0
 0
 0
 0
 0
 0
 0
 0
 0
 0
 0
 0
 0
 0
 0
 0
 0
 0
 0
 0
 0
 0
 0
 0
 0
 0
 0
 0
 0
 0
 0
 0
 0
 0
 0
 0
 0
 0
 0
 0
 0
 0
 0
 0
 0
 0
 0
 0
 0
 0
 0
 0
 0
 0
 0
 0.92784
 0.85744
 0.94552
 0.94623
 0.90593
 0.92927
 0.92896
 0.93062
 0.90264
 0.93125
 0.90832
 0.9196299999999999
 0.9291
 0.91659
 0.9148500000000001
 0.90829
 0.9141
 0.90699
 0.9006999999999999
 0.90744
 0.90637
 0.90867
 0.9067499999999999
 0.91048
 0.90359
 0.90831
 0.90685
 0.90245
 0
 0
 0
 0
 0
 0
 0
 0
 0
 0
 0
 0
 0
 0
 0
 0
 0
 0
 0
 0
 0
 0
 0
 0
 0
 0
 0
 0
 0
 0
 0
 0
 0
 0
 0
 0
 0
 0
 0
 0
 0
 0
 0
 0
 0
 0
 0
 0
 0
 0
 0
 0
 0
 0
 0
 0
 0
 0
 0
 0


