# Created by Octave 4.0.0, Sat Nov 21 16:30:35 2015 W. Europe Standard Time <unknown@Florian-PC>
# name: mus
# type: matrix
# ndims: 3
 1 30 19
 0
 0
 0.73344
 0.73831
 0.7281300000000001
 0.72742
 0.73041
 0.7327
 0.7225
 0.70894
 0.70847
 0.70973
 0.70383
 0.70871
 0.71204
 0.7154
 0.71373
 0.71661
 0.71685
 0.7118
 0.70969
 0.70788
 0.71145
 0.66723
 0.68282
 0.712
 0.70623
 0.71205
 0.7158
 0.64181
 0
 0
 0.33333
 0.5
 0.8
 0.8
 0.8
 0.8
 0.7
 0.6
 0.73333
 0.73333
 0.8
 0.73333
 0.73333
 0.75
 0.75
 0.78333
 0.8
 0.8
 0.76
 0.73
 0.79
 0.75
 0.72
 0.77333
 0.73333
 0.62
 0.68
 0.66667
 0
 0
 0.37492
 0.70405
 0.57778
 0.73981
 0.6119599999999999
 0.77597
 0.7591599999999999
 0.70921
 0.8020699999999999
 0.80507
 0.78926
 0.7901
 0.77217
 0.77977
 0.76867
 0.79483
 0.78827
 0.80544
 0.79987
 0.76269
 0.74566
 0.67781
 0.6958
 0.68566
 0.69385
 0.66895
 0.68906
 0.55274
 0
 0
 0.2778
 0.43454
 0.84917
 0.8680600000000001
 0.90437
 0.81227
 0.83783
 0.7575499999999999
 0.80345
 0.78811
 0.8103399999999999
 0.87473
 0.89534
 0.91138
 0.77001
 0.7828000000000001
 0.8114
 0.80507
 0.846
 0.80965
 0.7904
 0.7248
 0.72294
 0.69547
 0.75358
 0.71477
 0.73123
 0.5083800000000001
 0
 0
 0
 0.5
 1
 0.83333
 0.85714
 0.75
 0.77778
 0.5
 0.72727
 0.66667
 0.53846
 1
 0.8
 0.66667
 1
 1
 0
 0
 1
 1
 1
 1
 0
 0
 1
 1
 1
 1
 0
 0
 0.16669
 0.63889
 1.15
 0.95833
 0.93571
 0.73214
 0.82738
 0.63046
 0.69609
 0.71591
 0.71043
 0.98022
 0.82673
 0.79638
 0.93368
 0.91168
 0.60197
 0.56308
 0.97397
 1.02965
 0.85585
 0.7971
 0.5469000000000001
 0.5417
 0.94555
 0.625
 0.82455
 0.79708
 0
 0
 0.57859
 0.70536
 0.81884
 0.7428900000000001
 0.71397
 0.72211
 0.72998
 0.7634
 0.8433
 0.83582
 0.77791
 0.78887
 0.88505
 0.84467
 0.7749200000000001
 0.8498599999999999
 0.80308
 0.8254
 0.85763
 0.82397
 0.81146
 0.73644
 0.71582
 0.73572
 0.75996
 0.72494
 0.7296
 0.61069
 0
 0
 0.2778
 0.45566
 0.83899
 0.8693
 0.88404
 0.85119
 0.81423
 0.75576
 0.81167
 0.83574
 0.82091
 0.77504
 0.84917
 0.8774999999999999
 0.7592100000000001
 0.78265
 0.79901
 0.82461
 0.84428
 0.80108
 0.76583
 0.71012
 0.7229100000000001
 0.71221
 0.74986
 0.70478
 0.70757
 0.52246
 0
 0
 1
 1
 1
 1
 1
 1
 1
 1
 1
 1
 1
 1
 1
 1
 1
 1
 1
 1
 1
 1
 1
 1
 1
 1
 1
 1
 1
 1
 0
 0
 0.16669
 0.67157
 1.09769
 1.00881
 1.00807
 0.69248
 0.79644
 0.68402
 0.70733
 0.74594
 0.76833
 0.82631
 0.86143
 0.97356
 0.76084
 0.71594
 0.75413
 0.78943
 0.96333
 0.89139
 0.77271
 0.67804
 0.82942
 0.7987300000000001
 0.74785
 0.7476699999999999
 0.5934
 0.74813
 0
 0
 0.57859
 0.70536
 0.68346
 0.71754
 0.7347900000000001
 0.73955
 0.75127
 0.80108
 0.84645
 0.95141
 0.79894
 0.8018
 0.8992
 0.81597
 0.77867
 0.79574
 0.86651
 0.93741
 0.95827
 0.98807
 0.84026
 0.69958
 0.7214
 0.81647
 0.83528
 0.76769
 0.74803
 0.65525
 0
 0
 0
 0
 0
 0
 0
 0
 0
 0
 0
 0
 0
 0
 0
 0
 0
 0
 0
 0
 0
 0
 0
 0
 0
 0
 0
 0
 0
 0
 0
 0
 0
 0
 0
 0
 0
 0
 0
 0
 0
 0
 0
 0
 0
 0
 0
 0
 0
 0
 0
 0
 0
 0
 0
 0
 0
 0
 0
 0
 0
 0
 0
 0
 0
 0
 0
 0
 0
 0
 0
 0
 0
 0
 0
 0
 0
 0
 0
 0
 0
 0
 0
 0
 0
 0
 0
 0
 0
 0
 0
 0
 0
 0
 0
 0
 0
 0
 0
 0
 0
 0
 0
 0
 0
 0
 0
 0
 0
 0
 0
 0
 0
 0
 0
 0
 0
 0
 0
 0
 0
 0
 0
 0
 0
 0
 0
 0
 0
 0
 0
 0
 0
 0
 0
 0
 0
 0
 0
 0
 0
 0
 0
 0
 0
 0
 0
 0
 0
 0
 0
 0
 1
 1
 1
 1
 1
 1
 1
 1
 1
 1
 1
 1
 1
 1
 1
 1
 1
 1
 1
 1
 1
 1
 1
 1
 1
 1
 1
 1
 0
 0
 0
 0
 0
 0
 0
 0
 0
 0
 0
 0
 0
 0
 0
 0
 0
 0
 0
 0
 0
 0
 0
 0
 0
 0
 0
 0
 0
 0
 0
 0
 0
 0
 0
 0
 0
 0
 0
 0
 0
 0
 0
 0
 0
 0
 0
 0
 0
 0
 0
 0
 0
 0
 0
 0
 0
 0
 0
 0


# name: vars
# type: matrix
# ndims: 3
 1 30 19
 0
 0
 0.06576700000000001
 0.052737
 0.036497
 0.033116
 0.023575
 0.025694
 0.02056
 0.017223
 0.022037
 0.018732
 0.016068
 0.014913
 0.013253
 0.014769
 0.014644
 0.010991
 0.011844
 0.011592
 0.009783999999999999
 0.011048
 0.005675
 0.008347
 0.007466
 0.006969
 0.007153
 0.00781
 0.010319
 0.007647
 0
 0
 0.33333
 0.33333
 0.2
 0.2
 0.2
 0.2
 0.2
 0.175
 0.06389
 0.06389
 0.08889
 0.07778
 0.07778
 0.07639
 0.07639
 0.04722
 0.0125
 0.0125
 0.03175
 0.00575
 0.0205
 0.0475
 0.052
 0.02356
 0.02889
 0.027
 0.05922
 0
 0
 0
 0
 0
 0
 0
 0
 0
 0
 0
 0
 0
 0
 0
 0
 0
 0
 0
 0
 0
 0
 0
 0
 0
 0
 0
 0
 0
 0
 0
 0
 0
 0.08507000000000001
 0.12326
 0.08479
 0.04754
 0.02184
 0.04338
 0.0416
 0.05253
 0.04238
 0.03553
 0.03333
 0.02224
 0.01966
 0.01825
 0.04029
 0.03701
 0.0336
 0.03254
 0.02555
 0.02816
 0.03533
 0.0372
 0.03541
 0.04108
 0.03393
 0.03484
 0.03688
 0.04151
 0
 0
 0
 0
 0
 0
 0
 0
 0
 0
 0
 0
 0
 0
 0
 0
 0
 0
 0
 0
 0
 0
 0
 0
 0
 0
 0
 0
 0
 0
 0
 0
 0
 0
 0
 0
 0
 0
 0
 0
 0
 0
 0
 0
 0
 0
 0
 0
 0
 0
 0
 0
 0
 0
 0
 0
 0
 0
 0
 0
 0
 0
 0
 0
 0
 0
 0
 0
 0
 0
 0
 0
 0
 0
 0
 0
 0
 0
 0
 0
 0
 0
 0
 0
 0
 0
 0
 0
 0
 0
 0
 0
 0.08507000000000001
 0.11875
 0.07587000000000001
 0.03375
 0.03153
 0.02615
 0.02657
 0.02697
 0.02193
 0.01964
 0.03175
 0.02887
 0.02952
 0.02172
 0.0307
 0.02687
 0.03215
 0.02464
 0.02776
 0.02891
 0.03154
 0.04093
 0.03691
 0.0465
 0.04603
 0.04224
 0.04567
 0.04411
 0
 0
 0
 0
 0
 0
 0
 0
 0
 0
 0
 0
 0
 0
 0
 0
 0
 0
 0
 0
 0
 0
 0
 0
 0
 0
 0
 0
 0
 0
 0
 0
 0
 0
 0
 0
 0
 0
 0
 0
 0
 0
 0
 0
 0
 0
 0
 0
 0
 0
 0
 0
 0
 0
 0
 0
 0
 0
 0
 0
 0
 0
 0
 0
 0
 0
 0
 0
 0
 0
 0
 0
 0
 0
 0
 0
 0
 0
 0
 0
 0
 0
 0
 0
 0
 0
 0
 0
 0
 0
 0
 0
 0
 0
 0
 0
 0
 0
 0
 0
 0
 0
 0
 0
 0
 0
 0
 0
 0
 0
 0
 0
 0
 0
 0
 0
 0
 0
 0
 0
 0
 0
 0
 0
 0
 0
 0
 0
 0
 0
 0
 0
 0
 0
 0
 0
 0
 0
 0
 0
 0
 0
 0
 0
 0
 0
 0
 0
 0
 0
 0
 0
 0
 0
 0
 0
 0
 0
 0
 0
 0
 0
 0
 0
 0
 0
 0
 0
 0
 0
 0
 0
 0
 0
 0
 0
 0
 0
 0
 0
 0
 0
 0
 0
 0
 0
 0
 0
 0
 0
 0
 0
 0
 0
 0
 0
 0
 0
 0
 0
 0
 0
 0
 0
 0
 0
 0
 0
 0
 0
 0
 0
 0
 0
 0
 0
 0
 0
 0
 0
 0
 0
 0
 0
 0
 0
 0
 0
 0
 0
 0
 0
 0
 0
 0
 0
 0
 0
 0
 0
 0
 0
 0
 0
 0
 0
 0
 0
 0
 0
 0
 0
 0
 0
 0
 0
 0
 0
 0
 0
 0
 0
 0
 0
 0
 0
 0
 0
 0
 0
 0
 0
 0
 0
 0
 0
 0
 0
 0
 0
 0
 0
 0
 0
 0
 0
 0
 0
 0
 0
 0
 0
 0
 0
 0
 0
 0
 0
 0
 0
 0
 0
 0
 0
 0
 0
 0
 0
 0
 0
 0
 0
 0
 0
 0
 0
 0
 0
 0
 0
 0
 0
 0
 0
 0
 0
 0
 0
 0
 0


