# Created by Octave 4.0.0, Sat Nov 21 16:30:55 2015 W. Europe Standard Time <unknown@Florian-PC>
# name: mus
# type: matrix
# ndims: 3
 1 30 19
 0
 0
 0.50083
 0.54454
 0.57437
 0.71349
 0.66037
 0.65681
 0.63261
 0.60838
 0.61597
 0.6319900000000001
 0.65793
 0.66364
 0.66779
 0.66853
 0.653
 0.6807
 0.66569
 0.66517
 0.68571
 0.6807
 0.66862
 0.67905
 0.67549
 0.65478
 0.68098
 0.6674099999999999
 0.66101
 0.65876
 0
 0
 1
 0.5
 0.8
 0.8
 0.6
 0.7
 0.6
 0.5
 0.66667
 0.7
 0.53333
 0.66667
 0.66667
 0.56667
 0.48333
 0.8
 0.66667
 0.75
 0.77
 0.72
 0.74
 0.75
 0.64
 0.74
 0.78
 0.78667
 0.79333
 0.8
 0
 0
 1
 0.75254
 0.76713
 0.79667
 0.7619
 0.85103
 0.72798
 0.60826
 0.69625
 0.68266
 0.64527
 0.70583
 0.70179
 0.69309
 0.69598
 0.71058
 0.58504
 0.64623
 0.65321
 0.68175
 0.66398
 0.63001
 0.71252
 0.69887
 0.63544
 0.69031
 0.69643
 0.66492
 0
 0
 1
 0.79167
 0.8725000000000001
 0.84318
 0.85362
 0.90664
 0.74805
 0.63388
 0.6827800000000001
 0.80581
 0.8146600000000001
 0.81833
 0.85258
 0.85498
 0.79008
 0.80216
 0.75388
 0.73545
 0.74372
 0.7327900000000001
 0.78361
 0.7015400000000001
 0.69285
 0.68842
 0.73069
 0.7147
 0.69736
 0.71416
 0
 0
 1
 0.25
 0.6
 1
 0.71429
 1
 0.5555600000000001
 0.5
 0.54545
 0.83333
 0.92308
 0.5555600000000001
 0.8
 1
 0
 1
 1
 1
 1
 0
 1
 0
 0
 1
 1
 1
 1
 1
 0
 0
 1
 0.47224
 0.75
 1.075
 0.72262
 1.075
 0.5858100000000001
 0.54544
 0.5726599999999999
 0.85278
 0.9813
 0.66606
 0.78338
 0.9745200000000001
 0.51508
 0.8779
 0.79686
 0.90337
 0.94756
 0.45835
 0.73465
 0.63991
 0.41669
 0.69289
 0.5751500000000001
 0.875
 0.76025
 0.64378
 0
 0
 1
 0.89955
 0.91859
 0.80384
 0.77255
 0.90232
 0.69056
 0.63727
 0.67792
 0.65298
 0.6892
 0.72181
 0.7047
 0.73795
 0.66547
 0.81341
 0.69752
 0.7276899999999999
 0.72898
 0.7577700000000001
 0.73966
 0.7376200000000001
 0.74125
 0.78737
 0.74344
 0.77041
 0.7124
 0.82034
 0
 0
 1
 0.81189
 0.8559
 0.84126
 0.78473
 0.86612
 0.75149
 0.617
 0.69004
 0.76906
 0.76294
 0.77799
 0.83483
 0.83158
 0.71741
 0.78774
 0.7175
 0.69677
 0.71854
 0.7012
 0.74595
 0.66556
 0.69259
 0.68352
 0.71993
 0.71818
 0.69996
 0.69577
 0
 0
 1
 1
 1
 1
 1
 1
 1
 1
 1
 1
 1
 1
 1
 1
 1
 1
 1
 1
 1
 1
 1
 1
 1
 1
 1
 1
 1
 1
 0
 0
 1
 0.48041
 0.87385
 0.93627
 0.69101
 1.0455
 0.7259100000000001
 0.60485
 0.59758
 0.81993
 0.86586
 0.71006
 0.89405
 0.80998
 0.81191
 0.76557
 0.64033
 0.57861
 0.7855
 0.7200800000000001
 0.75567
 0.88503
 0.6009
 0.6079
 0.7385
 0.88151
 0.73281
 0.49644
 0
 0
 1
 0.89955
 1.00846
 0.82306
 0.79772
 0.90602
 0.71696
 0.72423
 0.71658
 0.68949
 0.71073
 0.89777
 0.7557199999999999
 0.79205
 0.70557
 0.81059
 0.67678
 0.65224
 0.7884100000000001
 0.77027
 0.79072
 0.68122
 0.75849
 0.75506
 0.7194700000000001
 0.78944
 0.731
 0.71756
 0
 0
 0
 0
 0
 0
 0
 0
 0
 0
 0
 0
 0
 0
 0
 0
 0
 0
 0
 0
 0
 0
 0
 0
 0
 0
 0
 0
 0
 0
 0
 0
 0
 0
 0
 0
 0
 0
 0
 0
 0
 0
 0
 0
 0
 0
 0
 0
 0
 0
 0
 0
 0
 0
 0
 0
 0
 0
 0
 0
 0
 0
 0
 0
 0
 0
 0
 0
 0
 0
 0
 0
 0
 0
 0
 0
 0
 0
 0
 0
 0
 0
 0
 0
 0
 0
 0
 0
 0
 0
 0
 0
 0
 0
 0
 0
 0
 0
 0
 0
 0
 0
 0
 0
 0
 0
 0
 0
 0
 0
 0
 0
 0
 0
 0
 0
 0
 0
 0
 0
 0
 0
 0
 0
 0
 0
 0
 0
 0
 0
 0
 0
 0
 0
 0
 0
 0
 0
 0
 0
 0
 0
 0
 0
 0
 0
 0
 0
 0
 0
 0
 0
 1
 1
 1
 1
 1
 1
 1
 1
 1
 1
 1
 1
 1
 1
 1
 1
 1
 1
 1
 1
 1
 1
 1
 1
 1
 1
 1
 1
 0
 0
 0
 0
 0
 0
 0
 0
 0
 0
 0
 0
 0
 0
 0
 0
 0
 0
 0
 0
 0
 0
 0
 0
 0
 0
 0
 0
 0
 0
 0
 0
 0
 0
 0
 0
 0
 0
 0
 0
 0
 0
 0
 0
 0
 0
 0
 0
 0
 0
 0
 0
 0
 0
 0
 0
 0
 0
 0
 0


# name: vars
# type: matrix
# ndims: 3
 1 30 19
 0
 0
 0.080592
 0.058558
 0.044481
 0.030798
 0.029527
 0.031845
 0.025334
 0.0283
 0.02391
 0.018684
 0.017156
 0.014632
 0.013633
 0.012728
 0.01576
 0.009785
 0.013495
 0.012864
 0.01232
 0.011724
 0.010657
 0.009167
 0.006242
 0.01156
 0.00634
 0.009632
 0.010321
 0.00691
 0
 0
 0
 0.33333
 0.2
 0.2
 0.3
 0.2
 0.175
 0.125
 0.09722
 0.08889
 0.25556
 0.11111
 0.05556
 0.13333
 0.09861
 0.04375
 0.06597
 0.0625
 0.02075
 0.01575
 0.00675
 0.0075
 0.028
 0.018
 0.00422
 0.00478
 0.00522
 0.03333
 0
 0
 0
 0
 0
 0
 0
 0
 0
 0
 0
 0
 0
 0
 0
 0
 0
 0
 0
 0
 0
 0
 0
 0
 0
 0
 0
 0
 0
 0
 0
 0
 0
 0.10925
 0.05871
 0.05385
 0.04291
 0.03069
 0.06802
 0.05698
 0.05388
 0.03637
 0.03994
 0.03593
 0.03171
 0.02841
 0.03285
 0.03326
 0.03912
 0.04301
 0.03405
 0.03987
 0.03452
 0.03962
 0.03718
 0.03753
 0.03909
 0.03805
 0.03916
 0.03134
 0
 0
 0
 0
 0
 0
 0
 0
 0
 0
 0
 0
 0
 0
 0
 0
 0
 0
 0
 0
 0
 0
 0
 0
 0
 0
 0
 0
 0
 0
 0
 0
 0
 0
 0
 0
 0
 0
 0
 0
 0
 0
 0
 0
 0
 0
 0
 0
 0
 0
 0
 0
 0
 0
 0
 0
 0
 0
 0
 0
 0
 0
 0
 0
 0
 0
 0
 0
 0
 0
 0
 0
 0
 0
 0
 0
 0
 0
 0
 0
 0
 0
 0
 0
 0
 0
 0
 0
 0
 0
 0
 0
 0
 0.08555500000000001
 0.041801
 0.044307
 0.039471
 0.027955
 0.037559
 0.032823
 0.031123
 0.031139
 0.035885
 0.035873
 0.03813
 0.036984
 0.047101
 0.04114
 0.041128
 0.042575
 0.04218
 0.048337
 0.046722
 0.051846
 0.046611
 0.043774
 0.047813
 0.04809
 0.052369
 0.042054
 0
 0
 0
 0
 0
 0
 0
 0
 0
 0
 0
 0
 0
 0
 0
 0
 0
 0
 0
 0
 0
 0
 0
 0
 0
 0
 0
 0
 0
 0
 0
 0
 0
 0
 0
 0
 0
 0
 0
 0
 0
 0
 0
 0
 0
 0
 0
 0
 0
 0
 0
 0
 0
 0
 0
 0
 0
 0
 0
 0
 0
 0
 0
 0
 0
 0
 0
 0
 0
 0
 0
 0
 0
 0
 0
 0
 0
 0
 0
 0
 0
 0
 0
 0
 0
 0
 0
 0
 0
 0
 0
 0
 0
 0
 0
 0
 0
 0
 0
 0
 0
 0
 0
 0
 0
 0
 0
 0
 0
 0
 0
 0
 0
 0
 0
 0
 0
 0
 0
 0
 0
 0
 0
 0
 0
 0
 0
 0
 0
 0
 0
 0
 0
 0
 0
 0
 0
 0
 0
 0
 0
 0
 0
 0
 0
 0
 0
 0
 0
 0
 0
 0
 0
 0
 0
 0
 0
 0
 0
 0
 0
 0
 0
 0
 0
 0
 0
 0
 0
 0
 0
 0
 0
 0
 0
 0
 0
 0
 0
 0
 0
 0
 0
 0
 0
 0
 0
 0
 0
 0
 0
 0
 0
 0
 0
 0
 0
 0
 0
 0
 0
 0
 0
 0
 0
 0
 0
 0
 0
 0
 0
 0
 0
 0
 0
 0
 0
 0
 0
 0
 0
 0
 0
 0
 0
 0
 0
 0
 0
 0
 0
 0
 0
 0
 0
 0
 0
 0
 0
 0
 0
 0
 0
 0
 0
 0
 0
 0
 0
 0
 0
 0
 0
 0
 0
 0
 0
 0
 0
 0
 0
 0
 0
 0
 0
 0
 0
 0
 0
 0
 0
 0
 0
 0
 0
 0
 0
 0
 0
 0
 0
 0
 0
 0
 0
 0
 0
 0
 0
 0
 0
 0
 0
 0
 0
 0
 0
 0
 0
 0
 0
 0
 0
 0
 0
 0
 0
 0
 0
 0
 0
 0
 0
 0
 0
 0
 0
 0
 0
 0
 0
 0
 0
 0
 0
 0
 0
 0
 0
 0


