# Created by Octave 4.0.0, Sat Nov 21 16:30:45 2015 W. Europe Standard Time <unknown@Florian-PC>
# name: mus
# type: matrix
# ndims: 3
 1 30 19
 0
 0
 0.70173
 0.7049
 0.7119799999999999
 0.48495
 0.50195
 0.49665
 0.49637
 0.49721
 0.48897
 0.49832
 0.52815
 0.4933
 0.50252
 0.52623
 0.53128
 0.54377
 0.55459
 0.5646099999999999
 0.56459
 0.56765
 0.56708
 0.56757
 0.57296
 0.57358
 0.56538
 0.58008
 0.56785
 0.5723200000000001
 0
 0
 0.33333
 0.5
 0.4
 0.3
 0.4
 0.6
 0.7
 0.5
 0.2
 0.23333
 0.1
 0.4
 0.13333
 0.18333
 0.18333
 0.21667
 0.26667
 0.4
 0.19
 0.18
 0.31
 0.41
 0.32
 0.34667
 0.42667
 0.42667
 0.49333
 0.43333
 0
 0
 0.6117
 0.69052
 0.6444299999999999
 0.64285
 0.63031
 0.67988
 0.7166
 0.61837
 0.34671
 0.55621
 0.42058
 0.36642
 0.53935
 0.44798
 0.52955
 0.42255
 0.51949
 0.315
 0.52361
 0.42462
 0.55328
 0.31858
 0.49358
 0.50442
 0.44864
 0.35168
 0.46286
 0.48345
 0
 0
 0.36113
 0.75001
 0.62557
 0.51102
 0.62604
 0.61599
 0.81168
 0.59541
 0.3653
 0.5467
 0.55117
 0.49537
 0.42921
 0.40414
 0.46199
 0.4509
 0.49937
 0.47952
 0.51579
 0.50176
 0.50983
 0.47964
 0.47066
 0.41458
 0.33939
 0.37131
 0.37688
 0.38928
 0
 0
 0.66667
 0.75
 0.8
 0.33333
 0.57143
 0.375
 0.5555600000000001
 0.5
 0.18182
 0.58333
 0.76923
 0.44444
 0.2
 0.33333
 0.5
 0
 0
 1
 0
 0
 0
 1
 0
 0
 0
 1
 1
 0
 0
 0
 0.83333
 0.86111
 0.60833
 0.43333
 0.59405
 0.49941
 0.62698
 0.50179
 0.36534
 0.54949
 0.6823399999999999
 0.42096
 0.34449
 0.37626
 0.48333
 0.34389
 0.27371
 0.72018
 0.43248
 0.3646
 0.33903
 0.69729
 0.41146
 0.20835
 0.14585
 0.78818
 0.78521
 0.33335
 0
 0
 0.78929
 1.17864
 0.7468900000000001
 0.67982
 0.70849
 0.65172
 0.72119
 0.61981
 0.61086
 0.58299
 0.53309
 0.5081599999999999
 0.59789
 0.61234
 0.53898
 0.56787
 0.54721
 0.61526
 0.55003
 0.53195
 0.54598
 0.51134
 0.50668
 0.54792
 0.52456
 0.47455
 0.5077199999999999
 0.49177
 0
 0
 0.36113
 0.7306
 0.58404
 0.53178
 0.65632
 0.66117
 0.7117
 0.59402
 0.51485
 0.49971
 0.52182
 0.47789
 0.45164
 0.43446
 0.4654
 0.44518
 0.47254
 0.47654
 0.47948
 0.48969
 0.5203100000000001
 0.48164
 0.46623
 0.41451
 0.37103
 0.40486
 0.41278
 0.41395
 0
 0
 1
 1
 1
 1
 1
 1
 1
 1
 1
 1
 1
 1
 1
 1
 1
 1
 1
 1
 1
 1
 1
 1
 1
 1
 1
 1
 1
 1
 0
 0
 0.83333
 0.85294
 0.50839
 0.43493
 0.58723
 0.53482
 0.69626
 0.46977
 0.4224
 0.42118
 0.51849
 0.42003
 0.42322
 0.38925
 0.39692
 0.43281
 0.4696
 0.46676
 0.39429
 0.56105
 0.51544
 0.63196
 0.37273
 0.4949
 0.29574
 0.49602
 0.49631
 0.49644
 0
 0
 0.78929
 1.17268
 0.76869
 0.69173
 0.76453
 0.65372
 0.75484
 0.67189
 0.6963
 0.5944700000000001
 0.63079
 0.55059
 0.71652
 0.64381
 0.56394
 0.59395
 0.58943
 0.69823
 0.56665
 0.59699
 0.52483
 0.50512
 0.54235
 0.4585
 0.65061
 0.50468
 0.53504
 0.49776
 0
 0
 0
 0
 0
 0
 0
 0
 0
 0
 0
 0
 0
 0
 0
 0
 0
 0
 0
 0
 0
 0
 0
 0
 0
 0
 0
 0
 0
 0
 0
 0
 0
 0
 0
 0
 0
 0
 0
 0
 0
 0
 0
 0
 0
 0
 0
 0
 0
 0
 0
 0
 0
 0
 0
 0
 0
 0
 0
 0
 0
 0
 0
 0
 0
 0
 0
 0
 0
 0
 0
 0
 0
 0
 0
 0
 0
 0
 0
 0
 0
 0
 0
 0
 0
 0
 0
 0
 0
 0
 0
 0
 0
 0
 0
 0
 0
 0
 0
 0
 0
 0
 0
 0
 0
 0
 0
 0
 0
 0
 0
 0
 0
 0
 0
 0
 0
 0
 0
 0
 0
 0
 0
 0
 0
 0
 0
 0
 0
 0
 0
 0
 0
 0
 0
 0
 0
 0
 0
 0
 0
 0
 0
 0
 0
 0
 0
 0
 0
 0
 0
 0
 1
 1
 1
 1
 1
 1
 1
 1
 1
 1
 1
 1
 1
 1
 1
 1
 1
 1
 1
 1
 1
 1
 1
 1
 1
 1
 1
 1
 0
 0
 0
 0
 0
 0
 0
 0
 0
 0
 0
 0
 0
 0
 0
 0
 0
 0
 0
 0
 0
 0
 0
 0
 0
 0
 0
 0
 0
 0
 0
 0
 0
 0
 0
 0
 0
 0
 0
 0
 0
 0
 0
 0
 0
 0
 0
 0
 0
 0
 0
 0
 0
 0
 0
 0
 0
 0
 0
 0


# name: vars
# type: matrix
# ndims: 3
 1 30 19
 0
 0
 0.065844
 0.055858
 0.039828
 0.045354
 0.032382
 0.029837
 0.025535
 0.024093
 0.020953
 0.017781
 0.020031
 0.018997
 0.016105
 0.018415
 0.015915
 0.015764
 0.011382
 0.009443
 0.011421
 0.01285
 0.012086
 0.011164
 0.009864
 0.008515999999999999
 0.008729000000000001
 0.008918000000000001
 0.013322
 0.006213
 0
 0
 0.33333
 0.33333
 0.3
 0.2
 0.3
 0.175
 0.2
 0.125
 0.075
 0.05
 0.05
 0.18889
 0.03333
 0.02917
 0.02917
 0.04722
 0.06389
 0.20625
 0.043
 0.062
 0.058
 0.1355
 0.032
 0.08756
 0.10856
 0.06078
 0.03633
 0.008330000000000001
 0
 0
 0
 0
 0
 0
 0
 0
 0
 0
 0
 0
 0
 0
 0
 0
 0
 0
 0
 0
 0
 0
 0
 0
 0
 0
 0
 0
 0
 0
 0
 0
 0.14236
 0.08888
 0.06055
 0.07512000000000001
 0.07061000000000001
 0.06036
 0.04029
 0.06062
 0.03612
 0.04996
 0.05746
 0.049
 0.05341
 0.05007
 0.04825
 0.04685
 0.05116
 0.04315
 0.0474
 0.04654
 0.04227
 0.04135
 0.04114
 0.04207
 0.03789
 0.03895
 0.03657
 0.03362
 0
 0
 0
 0
 0
 0
 0
 0
 0
 0
 0
 0
 0
 0
 0
 0
 0
 0
 0
 0
 0
 0
 0
 0
 0
 0
 0
 0
 0
 0
 0
 0
 0
 0
 0
 0
 0
 0
 0
 0
 0
 0
 0
 0
 0
 0
 0
 0
 0
 0
 0
 0
 0
 0
 0
 0
 0
 0
 0
 0
 0
 0
 0
 0
 0
 0
 0
 0
 0
 0
 0
 0
 0
 0
 0
 0
 0
 0
 0
 0
 0
 0
 0
 0
 0
 0
 0
 0
 0
 0
 0
 0
 0.14236
 0.08048
 0.02665
 0.04263
 0.03525
 0.03275
 0.04315
 0.04295
 0.03621
 0.03508
 0.04233
 0.04585
 0.04613
 0.05209
 0.05144
 0.0574
 0.05176
 0.06142
 0.05269
 0.06757000000000001
 0.04949
 0.05401
 0.05492
 0.05597
 0.06133
 0.0573
 0.05302
 0.05806
 0
 0
 0
 0
 0
 0
 0
 0
 0
 0
 0
 0
 0
 0
 0
 0
 0
 0
 0
 0
 0
 0
 0
 0
 0
 0
 0
 0
 0
 0
 0
 0
 0
 0
 0
 0
 0
 0
 0
 0
 0
 0
 0
 0
 0
 0
 0
 0
 0
 0
 0
 0
 0
 0
 0
 0
 0
 0
 0
 0
 0
 0
 0
 0
 0
 0
 0
 0
 0
 0
 0
 0
 0
 0
 0
 0
 0
 0
 0
 0
 0
 0
 0
 0
 0
 0
 0
 0
 0
 0
 0
 0
 0
 0
 0
 0
 0
 0
 0
 0
 0
 0
 0
 0
 0
 0
 0
 0
 0
 0
 0
 0
 0
 0
 0
 0
 0
 0
 0
 0
 0
 0
 0
 0
 0
 0
 0
 0
 0
 0
 0
 0
 0
 0
 0
 0
 0
 0
 0
 0
 0
 0
 0
 0
 0
 0
 0
 0
 0
 0
 0
 0
 0
 0
 0
 0
 0
 0
 0
 0
 0
 0
 0
 0
 0
 0
 0
 0
 0
 0
 0
 0
 0
 0
 0
 0
 0
 0
 0
 0
 0
 0
 0
 0
 0
 0
 0
 0
 0
 0
 0
 0
 0
 0
 0
 0
 0
 0
 0
 0
 0
 0
 0
 0
 0
 0
 0
 0
 0
 0
 0
 0
 0
 0
 0
 0
 0
 0
 0
 0
 0
 0
 0
 0
 0
 0
 0
 0
 0
 0
 0
 0
 0
 0
 0
 0
 0
 0
 0
 0
 0
 0
 0
 0
 0
 0
 0
 0
 0
 0
 0
 0
 0
 0
 0
 0
 0
 0
 0
 0
 0
 0
 0
 0
 0
 0
 0
 0
 0
 0
 0
 0
 0
 0
 0
 0
 0
 0
 0
 0
 0
 0
 0
 0
 0
 0
 0
 0
 0
 0
 0
 0
 0
 0
 0
 0
 0
 0
 0
 0
 0
 0
 0
 0
 0
 0
 0
 0
 0
 0
 0
 0
 0
 0
 0
 0
 0
 0
 0
 0
 0
 0
 0
 0
 0
 0
 0
 0
 0
 0


