# Created by Octave 4.0.0, Sat Nov 21 16:30:57 2015 W. Europe Standard Time <unknown@Florian-PC>
# name: mus
# type: matrix
# ndims: 3
 1 30 19
 0
 0
 0.7251
 0.72327
 0.71978
 0.71739
 0.71595
 0.71373
 0.7091
 0.66313
 0.66975
 0.68177
 0.69379
 0.66839
 0.67059
 0.6674099999999999
 0.67182
 0.66891
 0.66437
 0.65281
 0.66286
 0.66174
 0.66174
 0.6559700000000001
 0.6506999999999999
 0.65385
 0.6445
 0.64955
 0.65378
 0.65254
 0
 0
 0.33333
 0.5
 0.6
 0.7
 0.8
 0.9
 0.6
 0.8
 0.56667
 0.76667
 0.6333299999999999
 0.66667
 0.6
 0.6333299999999999
 0.71667
 0.6333299999999999
 0.56667
 0.65
 0.72
 0.7
 0.77
 0.75
 0.68
 0.64667
 0.7466699999999999
 0.7466699999999999
 0.76
 0.76667
 0
 0
 0.62998
 0.81449
 0.69963
 0.77244
 0.80683
 0.79038
 0.76649
 0.72659
 0.56825
 0.802
 0.67958
 0.55508
 0.556
 0.60795
 0.6867799999999999
 0.6585
 0.66472
 0.70553
 0.72902
 0.69512
 0.73816
 0.73377
 0.66034
 0.67757
 0.71833
 0.74508
 0.74015
 0.74917
 0
 0
 0.47224
 0.60567
 0.76001
 0.7309099999999999
 0.9130200000000001
 0.8859
 0.86431
 0.7194199999999999
 0.68426
 0.74913
 0.74304
 0.59296
 0.55435
 0.6402600000000001
 0.7050999999999999
 0.63305
 0.64285
 0.6934
 0.73078
 0.71688
 0.70825
 0.72193
 0.65947
 0.66281
 0.69586
 0.7739
 0.76857
 0.76379
 0
 0
 0.66667
 0.75
 0.4
 0.5
 0.57143
 1
 0.33333
 0.8
 0.45455
 0.58333
 0.76923
 0.5555600000000001
 0.6
 1
 0.5
 1
 1
 1
 1
 1
 1
 1
 0
 1
 1
 0
 0
 1
 0
 0
 1
 0.97222
 0.55
 0.63334
 0.6625
 1.05714
 0.63443
 0.7879
 0.58763
 0.63258
 0.76031
 0.56799
 0.54721
 0.78967
 0.60507
 0.79461
 0.7796
 0.85375
 0.83151
 0.86273
 0.98737
 0.994
 0.39586
 0.7438900000000001
 0.61885
 0.41671
 0.6875
 0.70802
 0
 0
 0.36788
 0.6738499999999999
 0.84012
 0.91322
 0.82573
 0.8236
 0.83563
 0.78535
 0.7053199999999999
 0.68997
 0.69517
 0.67243
 0.7462299999999999
 0.73966
 0.69657
 0.7658199999999999
 0.76901
 0.7456199999999999
 0.76815
 0.76751
 0.79008
 0.76774
 0.71585
 0.70705
 0.7899
 0.79204
 0.77893
 0.7565
 0
 0
 0.47224
 0.60771
 0.69315
 0.77463
 0.86635
 0.90387
 0.85785
 0.6990499999999999
 0.72358
 0.74773
 0.72316
 0.63291
 0.63024
 0.65176
 0.68929
 0.65413
 0.68667
 0.70173
 0.73241
 0.70621
 0.73261
 0.73952
 0.65419
 0.68218
 0.70452
 0.74752
 0.73832
 0.74234
 0
 0
 1
 1
 1
 1
 1
 1
 1
 1
 1
 1
 1
 1
 1
 1
 1
 1
 1
 1
 1
 1
 1
 1
 1
 1
 1
 1
 1
 1
 0
 0
 1
 0.98039
 0.71615
 0.66995
 0.79804
 0.9406
 0.72776
 0.57885
 0.74255
 0.71415
 0.65154
 0.5456
 0.57705
 0.60275
 0.6589699999999999
 0.62166
 0.60621
 0.63519
 0.6715100000000001
 0.67946
 0.88119
 0.861
 0.7365699999999999
 0.5961
 0.37393
 0.99135
 0.87622
 0.74104
 0
 0
 0.36788
 0.6777300000000001
 0.81932
 1.0098
 0.80981
 0.97534
 0.9067
 0.73272
 0.73414
 0.71687
 0.72059
 0.70328
 0.79633
 0.69975
 0.68673
 0.8611
 0.92459
 0.74158
 0.88862
 0.73241
 0.84544
 0.79999
 0.73938
 0.72562
 0.70749
 0.91253
 0.75187
 0.85569
 0
 0
 0
 0
 0
 0
 0
 0
 0
 0
 0
 0
 0
 0
 0
 0
 0
 0
 0
 0
 0
 0
 0
 0
 0
 0
 0
 0
 0
 0
 0
 0
 0
 0
 0
 0
 0
 0
 0
 0
 0
 0
 0
 0
 0
 0
 0
 0
 0
 0
 0
 0
 0
 0
 0
 0
 0
 0
 0
 0
 0
 0
 0
 0
 0
 0
 0
 0
 0
 0
 0
 0
 0
 0
 0
 0
 0
 0
 0
 0
 0
 0
 0
 0
 0
 0
 0
 0
 0
 0
 0
 0
 0
 0
 0
 0
 0
 0
 0
 0
 0
 0
 0
 0
 0
 0
 0
 0
 0
 0
 0
 0
 0
 0
 0
 0
 0
 0
 0
 0
 0
 0
 0
 0
 0
 0
 0
 0
 0
 0
 0
 0
 0
 0
 0
 0
 0
 0
 0
 0
 0
 0
 0
 0
 0
 0
 0
 0
 0
 0
 0
 0
 1
 1
 1
 1
 1
 1
 1
 1
 1
 1
 1
 1
 1
 1
 1
 1
 1
 1
 1
 1
 1
 1
 1
 1
 1
 1
 1
 1
 0
 0
 0
 0
 0
 0
 0
 0
 0
 0
 0
 0
 0
 0
 0
 0
 0
 0
 0
 0
 0
 0
 0
 0
 0
 0
 0
 0
 0
 0
 0
 0
 0
 0
 0
 0
 0
 0
 0
 0
 0
 0
 0
 0
 0
 0
 0
 0
 0
 0
 0
 0
 0
 0
 0
 0
 0
 0
 0
 0


# name: vars
# type: matrix
# ndims: 3
 1 30 19
 0
 0
 0.064399
 0.056204
 0.041144
 0.03517
 0.028457
 0.023833
 0.025376
 0.019981
 0.020598
 0.022058
 0.018013
 0.016058
 0.014937
 0.011628
 0.012744
 0.013348
 0.010811
 0.011384
 0.010833
 0.008598
 0.012829
 0.010657
 0.012615
 0.00818
 0.008623
 0.009956
 0.00663
 0.007211
 0
 0
 0.33333
 0.33333
 0.3
 0.2
 0.075
 0.05
 0.175
 0.2
 0.06389
 0.10556
 0.17222
 0.11111
 0.02222
 0.00556
 0.08889
 0.11667
 0.03264
 0.01875
 0.0045
 0.04875
 0.032
 0.0075
 0.012
 0.03089
 0.06089
 0.01144
 0.00744
 0.008330000000000001
 0
 0
 0
 0
 0
 0
 0
 0
 0
 0
 0
 0
 0
 0
 0
 0
 0
 0
 0
 0
 0
 0
 0
 0
 0
 0
 0
 0
 0
 0
 0
 0
 0.16318
 0.12655
 0.07122000000000001
 0.07563
 0.0194
 0.0265
 0.02697
 0.05669
 0.05625
 0.04781
 0.04835
 0.05015
 0.04897
 0.04631
 0.04336
 0.0434
 0.04568
 0.03984
 0.0412
 0.03432
 0.04165
 0.03954
 0.04067
 0.04218
 0.0393
 0.03188
 0.03297
 0.0305
 0
 0
 0
 0
 0
 0
 0
 0
 0
 0
 0
 0
 0
 0
 0
 0
 0
 0
 0
 0
 0
 0
 0
 0
 0
 0
 0
 0
 0
 0
 0
 0
 0
 0
 0
 0
 0
 0
 0
 0
 0
 0
 0
 0
 0
 0
 0
 0
 0
 0
 0
 0
 0
 0
 0
 0
 0
 0
 0
 0
 0
 0
 0
 0
 0
 0
 0
 0
 0
 0
 0
 0
 0
 0
 0
 0
 0
 0
 0
 0
 0
 0
 0
 0
 0
 0
 0
 0
 0
 0
 0
 0
 0.16318
 0.09415999999999999
 0.08721
 0.04389
 0.03003
 0.01219
 0.02087
 0.03492
 0.02775
 0.02969
 0.03118
 0.03483
 0.02759
 0.03525
 0.03824
 0.03811
 0.03822
 0.03789
 0.04068
 0.04695
 0.04103
 0.0432
 0.04738
 0.04496
 0.04154
 0.04164
 0.05201
 0.03913
 0
 0
 0
 0
 0
 0
 0
 0
 0
 0
 0
 0
 0
 0
 0
 0
 0
 0
 0
 0
 0
 0
 0
 0
 0
 0
 0
 0
 0
 0
 0
 0
 0
 0
 0
 0
 0
 0
 0
 0
 0
 0
 0
 0
 0
 0
 0
 0
 0
 0
 0
 0
 0
 0
 0
 0
 0
 0
 0
 0
 0
 0
 0
 0
 0
 0
 0
 0
 0
 0
 0
 0
 0
 0
 0
 0
 0
 0
 0
 0
 0
 0
 0
 0
 0
 0
 0
 0
 0
 0
 0
 0
 0
 0
 0
 0
 0
 0
 0
 0
 0
 0
 0
 0
 0
 0
 0
 0
 0
 0
 0
 0
 0
 0
 0
 0
 0
 0
 0
 0
 0
 0
 0
 0
 0
 0
 0
 0
 0
 0
 0
 0
 0
 0
 0
 0
 0
 0
 0
 0
 0
 0
 0
 0
 0
 0
 0
 0
 0
 0
 0
 0
 0
 0
 0
 0
 0
 0
 0
 0
 0
 0
 0
 0
 0
 0
 0
 0
 0
 0
 0
 0
 0
 0
 0
 0
 0
 0
 0
 0
 0
 0
 0
 0
 0
 0
 0
 0
 0
 0
 0
 0
 0
 0
 0
 0
 0
 0
 0
 0
 0
 0
 0
 0
 0
 0
 0
 0
 0
 0
 0
 0
 0
 0
 0
 0
 0
 0
 0
 0
 0
 0
 0
 0
 0
 0
 0
 0
 0
 0
 0
 0
 0
 0
 0
 0
 0
 0
 0
 0
 0
 0
 0
 0
 0
 0
 0
 0
 0
 0
 0
 0
 0
 0
 0
 0
 0
 0
 0
 0
 0
 0
 0
 0
 0
 0
 0
 0
 0
 0
 0
 0
 0
 0
 0
 0
 0
 0
 0
 0
 0
 0
 0
 0
 0
 0
 0
 0
 0
 0
 0
 0
 0
 0
 0
 0
 0
 0
 0
 0
 0
 0
 0
 0
 0
 0
 0
 0
 0
 0
 0
 0
 0
 0
 0
 0
 0
 0
 0
 0
 0
 0
 0
 0
 0
 0
 0
 0
 0
 0


