# Created by Octave 4.0.0, Sat Nov 21 16:30:50 2015 W. Europe Standard Time <unknown@Florian-PC>
# name: mus
# type: matrix
# ndims: 3
 1 30 19
 0
 0
 0.7156400000000001
 0.71269
 0.70474
 0.72241
 0.61145
 0.63951
 0.65271
 0.65307
 0.66274
 0.6621899999999999
 0.65923
 0.66099
 0.66106
 0.66574
 0.66357
 0.67116
 0.67645
 0.67584
 0.67765
 0.68568
 0.69342
 0.70439
 0.70986
 0.70699
 0.70623
 0.70368
 0.70439
 0.6960499999999999
 0
 0
 0.66667
 0.5
 0.8
 0.7
 0.5
 0.6
 0.6
 0.7
 0.6333299999999999
 0.56667
 0.43333
 0.56667
 0.66667
 0.68333
 0.73333
 0.66667
 0.6166700000000001
 0.65
 0.6899999999999999
 0.67
 0.7
 0.65
 0.64
 0.66
 0.6266699999999999
 0.64
 0.66
 0.66667
 0
 0
 0.74715
 0.59915
 0.61681
 0.80646
 0.63349
 0.71802
 0.57547
 0.70244
 0.66722
 0.57447
 0.47441
 0.50682
 0.63998
 0.62739
 0.65534
 0.60888
 0.6005
 0.60179
 0.64337
 0.60371
 0.66962
 0.6402099999999999
 0.64353
 0.67117
 0.64545
 0.6685
 0.6825599999999999
 0.63589
 0
 0
 0.88506
 0.4893
 0.5998599999999999
 0.63058
 0.54699
 0.59055
 0.58815
 0.6381599999999999
 0.61252
 0.5625
 0.49924
 0.55523
 0.59629
 0.62235
 0.63919
 0.61307
 0.58989
 0.61687
 0.62314
 0.63889
 0.64876
 0.63057
 0.61818
 0.62969
 0.61608
 0.63113
 0.64394
 0.62436
 0
 0
 0.33333
 0.75
 0.4
 1
 0.71429
 0.5
 0.77778
 0.6
 0.45455
 0.58333
 0.30769
 0.44444
 0.6
 0.66667
 1
 1
 1
 1
 1
 1
 1
 0
 1
 0
 0
 1
 1
 1
 0
 0
 0.41666
 0.63261
 0.53254
 0.68497
 0.52429
 0.5513
 0.59541
 0.6978
 0.61861
 0.55657
 0.48039
 0.53526
 0.57755
 0.5944700000000001
 0.72359
 0.63325
 0.61726
 0.6644600000000001
 0.6380400000000001
 0.61026
 0.62304
 0.60671
 0.6458199999999999
 0.63093
 0.61112
 0.67662
 0.69835
 0.66085
 0
 0
 0.36788
 0.58548
 0.65073
 0.64732
 0.63067
 0.69495
 0.74549
 0.6851
 0.73403
 0.64357
 0.60192
 0.66456
 0.61742
 0.68222
 0.67547
 0.63345
 0.66331
 0.66021
 0.61952
 0.68728
 0.6539199999999999
 0.68343
 0.69136
 0.7135899999999999
 0.6417
 0.6701
 0.68934
 0.68257
 0
 0
 0.88385
 0.45529
 0.56307
 0.62946
 0.52254
 0.6263
 0.60632
 0.64472
 0.6543600000000001
 0.56951
 0.51355
 0.5579499999999999
 0.61248
 0.63611
 0.65313
 0.62268
 0.5926900000000001
 0.61008
 0.63414
 0.64109
 0.66181
 0.6434800000000001
 0.62074
 0.63567
 0.61293
 0.63311
 0.64619
 0.62638
 0
 0
 0.99963
 1
 1
 1
 1
 1
 1
 1
 1
 0.9988
 0.99324
 0.98673
 0.97839
 0.97624
 0.97196
 0.96091
 0.9624
 0.9676
 0.96243
 0.96824
 0.96356
 0.95724
 0.96599
 0.96066
 0.9376
 0.94629
 0.95819
 0.94542
 0
 0
 0.41666
 0.49721
 0.55776
 0.56884
 0.54106
 0.55742
 0.56311
 0.65097
 0.63024
 0.57094
 0.49843
 0.53591
 0.5752
 0.61614
 0.61581
 0.66266
 0.57625
 0.61648
 0.6091800000000001
 0.62077
 0.63581
 0.62591
 0.60747
 0.6936600000000001
 0.60223
 0.64063
 0.63467
 0.64784
 0
 0
 0.36788
 0.58396
 0.65582
 0.6142300000000001
 0.6361
 0.75031
 0.79833
 0.67714
 0.6958
 0.6091299999999999
 0.58012
 0.63219
 0.64232
 0.65786
 0.7509
 0.61267
 0.62404
 0.63531
 0.63798
 0.65542
 0.64393
 0.63668
 0.64166
 0.67977
 0.64599
 0.68428
 0.71507
 0.67678
 0
 0
 0
 0
 0
 0
 0
 0
 0
 0
 0
 0
 0
 0
 0
 0
 0
 0
 0
 0
 0
 0
 0
 0
 0
 0
 0
 0
 0
 0
 0
 0
 0
 0
 0
 0
 0
 0
 0
 0
 0
 0
 0
 0
 0
 0
 0
 0
 0
 0
 0
 0
 0
 0
 0
 0
 0
 0
 0
 0
 0
 0
 0
 0
 0
 0
 0
 0
 0
 0
 0
 0
 0
 0
 0
 0
 0
 0
 0
 0
 0
 0
 0
 0
 0
 0
 0
 0
 0
 0
 0
 0
 0
 0
 0
 0
 0
 0
 0
 0
 0
 0
 0
 0
 0
 0
 0
 0
 0
 0
 0
 0
 0
 0
 0
 0
 0
 0
 0
 0
 0
 0
 0
 0
 0
 0
 0
 0
 0
 0
 0
 0
 0
 0
 0
 0
 0
 0
 0
 0
 0
 0
 0
 0
 0
 0
 0
 0
 0
 0
 0
 0
 0.99997
 1
 1
 1
 1
 0.99988
 0.99265
 1
 1
 0.99958
 0.99537
 0.9856200000000001
 0.97468
 0.98061
 0.96244
 0.97462
 0.96416
 0.97032
 0.9598
 0.96169
 0.96441
 0.94504
 0.96056
 0.96145
 0.95582
 0.94845
 0.95036
 0.9409
 0
 0
 0
 0
 0
 0
 0
 0
 0
 0
 0
 0
 0
 0
 0
 0
 0
 0
 0
 0
 0
 0
 0
 0
 0
 0
 0
 0
 0
 0
 0
 0
 0
 0
 0
 0
 0
 0
 0
 0
 0
 0
 0
 0
 0
 0
 0
 0
 0
 0
 0
 0
 0
 0
 0
 0
 0
 0
 0
 0


