# Created by Octave 4.0.0, Sat Nov 21 16:30:44 2015 W. Europe Standard Time <unknown@Florian-PC>
# name: mus
# type: matrix
# ndims: 3
 1 30 19
 0
 0
 0.4975
 0.49722
 0.59666
 0.58305
 0.59533
 0.61217
 0.63875
 0.64972
 0.72839
 0.72651
 0.7283500000000001
 0.72782
 0.73333
 0.72489
 0.7219
 0.72222
 0.72376
 0.73202
 0.70902
 0.7295199999999999
 0.72445
 0.72973
 0.7329599999999999
 0.7337399999999999
 0.73345
 0.73521
 0.73109
 0.73672
 0
 0
 1
 1
 0.6
 0.6
 0.4
 0.5
 0.3
 0.2
 0.46667
 0.5
 0.5
 0.5
 0.6
 0.6
 0.51667
 0.7
 0.48333
 0.6
 0.57
 0.5600000000000001
 0.47
 0.55
 0.5600000000000001
 0.52667
 0.6266699999999999
 0.60667
 0.66
 0.66667
 0
 0
 1
 1
 0.59351
 0.69321
 0.55303
 0.47224
 0.45891
 0.51007
 0.51716
 0.7067
 0.6349399999999999
 0.62729
 0.61624
 0.57354
 0.70074
 0.63182
 0.63753
 0.5952
 0.58897
 0.6257
 0.55519
 0.5763
 0.58771
 0.54497
 0.57981
 0.6205000000000001
 0.62181
 0.60145
 0
 0
 1
 1
 0.54763
 0.63213
 0.34007
 0.42819
 0.31242
 0.30628
 0.55047
 0.60334
 0.57209
 0.61758
 0.66181
 0.56747
 0.55801
 0.66187
 0.58543
 0.52472
 0.5093
 0.51105
 0.50508
 0.52617
 0.55122
 0.55598
 0.60903
 0.5759300000000001
 0.54982
 0.58286
 0
 0
 1
 1
 0.8
 0.66667
 0.14286
 0.5
 0.22222
 0.2
 0.54545
 0.66667
 0.46154
 0.77778
 0.6
 0.33333
 1
 0
 1
 1
 0
 1
 1
 0
 1
 1
 1
 1
 1
 1
 0
 0
 1
 1
 0.75232
 0.65826
 0.26759
 0.45316
 0.28901
 0.27304
 0.53908
 0.62581
 0.52965
 0.71061
 0.68802
 0.53699
 0.66288
 0.54343
 0.7083199999999999
 0.68397
 0.48483
 0.52977
 0.52178
 0.5089
 0.60892
 0.6573099999999999
 0.66764
 0.70067
 0.67745
 0.5387
 0
 0
 1
 1
 0.6964900000000001
 0.84332
 0.66101
 0.44368
 0.53277
 0.58356
 0.63515
 0.62687
 0.65481
 0.6642400000000001
 0.66294
 0.68472
 0.67047
 0.68833
 0.66412
 0.63763
 0.65502
 0.6699000000000001
 0.6441
 0.68049
 0.6705
 0.66432
 0.63584
 0.64525
 0.64581
 0.6568000000000001
 0
 0
 1
 1
 0.50449
 0.67809
 0.45321
 0.45236
 0.40503
 0.37474
 0.49409
 0.52297
 0.54771
 0.59038
 0.59719
 0.54924
 0.5589
 0.58787
 0.55837
 0.54373
 0.53693
 0.54253
 0.53266
 0.55593
 0.551
 0.55111
 0.55397
 0.55527
 0.55958
 0.55009
 0
 0
 0.89603
 0.91281
 0.93682
 0.91675
 0.8908
 0.92625
 0.91554
 0.91454
 0.91988
 0.93893
 0.92964
 0.91866
 0.91925
 0.91638
 0.9184600000000001
 0.91544
 0.90364
 0.91265
 0.90651
 0.90843
 0.90646
 0.90668
 0.9059700000000001
 0.90385
 0.9157
 0.89184
 0.89593
 0.89389
 0
 0
 1
 1
 0.6777300000000001
 0.64736
 0.37342
 0.37045
 0.32441
 0.29776
 0.48153
 0.53389
 0.54457
 0.6748499999999999
 0.69629
 0.61541
 0.58368
 0.56267
 0.59013
 0.56077
 0.55562
 0.52581
 0.55732
 0.56015
 0.5619
 0.55594
 0.614
 0.55808
 0.80912
 0.56072
 0
 0
 1
 1
 0.79898
 0.80302
 0.72209
 0.50707
 0.57292
 0.5271
 0.64277
 0.61419
 0.65196
 0.6698
 0.67337
 0.68368
 0.60951
 0.65357
 0.6402099999999999
 0.65441
 0.6499200000000001
 0.6261100000000001
 0.62593
 0.66414
 0.69978
 0.45478
 0.62878
 0.63
 0.65332
 0.60951
 0
 0
 0
 0
 0
 0
 0
 0
 0
 0
 0
 0
 0
 0
 0
 0
 0
 0
 0
 0
 0
 0
 0
 0
 0
 0
 0
 0
 0
 0
 0
 0
 0
 0
 0
 0
 0
 0
 0
 0
 0
 0
 0
 0
 0
 0
 0
 0
 0
 0
 0
 0
 0
 0
 0
 0
 0
 0
 0
 0
 0
 0
 0
 0
 0
 0
 0
 0
 0
 0
 0
 0
 0
 0
 0
 0
 0
 0
 0
 0
 0
 0
 0
 0
 0
 0
 0
 0
 0
 0
 0
 0
 0
 0
 0
 0
 0
 0
 0
 0
 0
 0
 0
 0
 0
 0
 0
 0
 0
 0
 0
 0
 0
 0
 0
 0
 0
 0
 0
 0
 0
 0
 0
 0
 0
 0
 0
 0
 0
 0
 0
 0
 0
 0
 0
 0
 0
 0
 0
 0
 0
 0
 0
 0
 0
 0
 0
 0
 0
 0
 0
 0
 0.84175
 0.9422199999999999
 0.94169
 0.92286
 0.92706
 0.9272
 0.91859
 0.93584
 0.9047500000000001
 0.9272899999999999
 0.92754
 0.91898
 0.90987
 0.90127
 0.90324
 0.90604
 0.90528
 0.90856
 0.90268
 0.90465
 0.90256
 0.90921
 0.90163
 0.90366
 0.90066
 0.89843
 0.89785
 0.90278
 0
 0
 0
 0
 0
 0
 0
 0
 0
 0
 0
 0
 0
 0
 0
 0
 0
 0
 0
 0
 0
 0
 0
 0
 0
 0
 0
 0
 0
 0
 0
 0
 0
 0
 0
 0
 0
 0
 0
 0
 0
 0
 0
 0
 0
 0
 0
 0
 0
 0
 0
 0
 0
 0
 0
 0
 0
 0
 0
 0


