# Created by Octave 4.0.0, Sat Nov 21 16:30:53 2015 W. Europe Standard Time <unknown@Florian-PC>
# name: mus
# type: matrix
# ndims: 3
 1 30 19
 0
 0
 0.52421
 0.55457
 0.5415
 0.4922
 0.52807
 0.71205
 0.7280799999999999
 0.71844
 0.71413
 0.71532
 0.58686
 0.5897
 0.58768
 0.58873
 0.6214
 0.63692
 0.64666
 0.68146
 0.6921
 0.6855599999999999
 0.69863
 0.70552
 0.71549
 0.72111
 0.71998
 0.66825
 0.6710199999999999
 0.70056
 0
 0
 0.66667
 1
 0.8
 0.7
 0.6
 0.8
 0.4
 0.7
 0.83333
 0.8666700000000001
 0.76667
 0.93333
 0.8
 0.81667
 0.8833299999999999
 0.95
 0.83333
 0.85
 0.85
 0.86
 0.75
 0.8
 0.72
 0.72
 0.7
 0.64
 0.6333299999999999
 0.6
 0
 0
 0.59574
 0.9088000000000001
 0.81619
 0.9054
 0.85356
 0.77633
 0.58501
 0.73394
 0.65395
 0.74198
 0.71222
 0.73376
 0.7285700000000001
 0.8079499999999999
 0.80603
 0.86598
 0.82525
 0.86015
 0.83143
 0.85485
 0.81695
 0.80868
 0.79861
 0.79467
 0.82269
 0.76631
 0.79293
 0.7853599999999999
 0
 0
 0.68152
 0.89298
 0.69858
 0.88049
 0.78123
 0.65118
 0.5007
 0.64896
 0.73303
 0.7856300000000001
 0.76751
 0.78856
 0.82494
 0.8430299999999999
 0.853
 0.8690600000000001
 0.84239
 0.84783
 0.81857
 0.84515
 0.80382
 0.80331
 0.7892400000000001
 0.79295
 0.7809199999999999
 0.74093
 0.74387
 0.7269
 0
 0
 0.66667
 1
 0.8
 0.83333
 0.71429
 0.75
 0.66667
 0.7
 0.63636
 0.58333
 0.76923
 0.66667
 1
 1
 1
 1
 1
 1
 1
 1
 1
 1
 1
 1
 1
 0
 1
 1
 0
 0
 0.73
 0.9413
 0.76838
 0.8999
 0.77971
 0.71375
 0.58502
 0.62087
 0.65504
 0.7089
 0.77651
 0.74094
 0.87516
 0.89863
 0.8954299999999999
 0.87725
 0.85368
 0.83754
 0.83875
 0.80697
 0.77361
 0.82077
 0.79389
 0.77815
 0.81746
 0.69582
 0.74078
 0.83405
 0
 0
 0.57859
 0.69533
 0.7589399999999999
 0.81756
 0.71929
 0.86
 0.72763
 0.76923
 0.76412
 0.78918
 0.7430600000000001
 0.7976799999999999
 0.7821
 0.7998
 0.7958499999999999
 0.7978
 0.7988499999999999
 0.84651
 0.82598
 0.84467
 0.80005
 0.81937
 0.81533
 0.80911
 0.83687
 0.77537
 0.7849699999999999
 0.76967
 0
 0
 0.7037600000000001
 0.86927
 0.6877
 0.8656199999999999
 0.74874
 0.64666
 0.54538
 0.61451
 0.65924
 0.70116
 0.68973
 0.70448
 0.71805
 0.74882
 0.76274
 0.78721
 0.76422
 0.77799
 0.76914
 0.77717
 0.76319
 0.76361
 0.75563
 0.76031
 0.75828
 0.71009
 0.70889
 0.69869
 0
 0
 0.89695
 0.9640300000000001
 0.91826
 0.94326
 0.91858
 0.90991
 0.8883
 0.91981
 0.92586
 0.91539
 0.91782
 0.9182
 0.90678
 0.91564
 0.91127
 0.90435
 0.90178
 0.9055299999999999
 0.9156
 0.89941
 0.9089699999999999
 0.90421
 0.91818
 0.90556
 0.90624
 0.9035300000000001
 0.90979
 0.9013
 0
 0
 0.76349
 0.93571
 0.72782
 0.9496
 0.91287
 0.76192
 0.57143
 0.60178
 0.70586
 0.7606000000000001
 0.7449
 0.74796
 0.78772
 0.8434199999999999
 0.86378
 0.88815
 0.87193
 0.8854
 0.84888
 0.86022
 0.81713
 0.8118300000000001
 0.45571
 0.7972
 0.79289
 0.74196
 0.74785
 0.7297400000000001
 0
 0
 0.57859
 0.67122
 0.41662
 0.81138
 0.77711
 0.86888
 0.74786
 0.7685999999999999
 0.78525
 0.81199
 0.72287
 0.76403
 0.77166
 0.75663
 0.7988499999999999
 0.78045
 0.7902400000000001
 0.7885
 0.85342
 0.92135
 0.80564
 0.89062
 0.82182
 0.8686199999999999
 0.8178
 0.77267
 0.68575
 0.78693
 0
 0
 0
 0
 0
 0
 0
 0
 0
 0
 0
 0
 0
 0
 0
 0
 0
 0
 0
 0
 0
 0
 0
 0
 0
 0
 0
 0
 0
 0
 0
 0
 0
 0
 0
 0
 0
 0
 0
 0
 0
 0
 0
 0
 0
 0
 0
 0
 0
 0
 0
 0
 0
 0
 0
 0
 0
 0
 0
 0
 0
 0
 0
 0
 0
 0
 0
 0
 0
 0
 0
 0
 0
 0
 0
 0
 0
 0
 0
 0
 0
 0
 0
 0
 0
 0
 0
 0
 0
 0
 0
 0
 0
 0
 0
 0
 0
 0
 0
 0
 0
 0
 0
 0
 0
 0
 0
 0
 0
 0
 0
 0
 0
 0
 0
 0
 0
 0
 0
 0
 0
 0
 0
 0
 0
 0
 0
 0
 0
 0
 0
 0
 0
 0
 0
 0
 0
 0
 0
 0
 0
 0
 0
 0
 0
 0
 0
 0
 0
 0
 0
 0
 0.87538
 0.94854
 0.91523
 0.87446
 0.92497
 0.92188
 0.9029700000000001
 0.92448
 0.90416
 0.93208
 0.92481
 0.92438
 0.91223
 0.92946
 0.90708
 0.91095
 0.90649
 0.91309
 0.90419
 0.91042
 0.91691
 0.90912
 0.90516
 0.89484
 0.89273
 0.91345
 0.90845
 0.91299
 0
 0
 0
 0
 0
 0
 0
 0
 0
 0
 0
 0
 0
 0
 0
 0
 0
 0
 0
 0
 0
 0
 0
 0
 0
 0
 0
 0
 0
 0
 0
 0
 0
 0
 0
 0
 0
 0
 0
 0
 0
 0
 0
 0
 0
 0
 0
 0
 0
 0
 0
 0
 0
 0
 0
 0
 0
 0
 0
 0


