# Created by Octave 4.0.0, Sat Nov 21 16:30:35 2015 W. Europe Standard Time <unknown@Florian-PC>
# name: mus
# type: matrix
# ndims: 3
 1 30 19
 0
 0
 0.35114
 0.34521
 0.57437
 0.6243
 0.59255
 0.5641699999999999
 0.58012
 0.56816
 0.56601
 0.64653
 0.64084
 0.63365
 0.6140099999999999
 0.60379
 0.61068
 0.60831
 0.6111799999999999
 0.6247200000000001
 0.62387
 0.6363
 0.63787
 0.64133
 0.65972
 0.66574
 0.6938800000000001
 0.70396
 0.69939
 0.66554
 0
 0
 0.33333
 0.75
 0
 0.7
 0.3
 0.6
 0.5
 0.6
 0.53333
 0.6333299999999999
 0.6
 0.53333
 0.53333
 0.6166700000000001
 0.6
 0.65
 0.78333
 0.65
 0.61
 0.64
 0.6899999999999999
 0.72
 0.68
 0.60667
 0.52
 0.54
 0.62
 0.6
 0
 0
 0.60077
 0.6614100000000001
 0.47762
 0.5334
 0.43276
 0.68815
 0.41095
 0.57869
 0.7118100000000001
 0.59022
 0.66977
 0.6775
 0.63242
 0.73904
 0.7371799999999999
 0.72907
 0.75971
 0.69101
 0.72424
 0.70691
 0.72716
 0.71943
 0.6454
 0.70996
 0.6811700000000001
 0.62863
 0.67482
 0.63406
 0
 0
 0.47224
 0.77878
 0.23752
 0.59531
 0.59694
 0.66505
 0.51026
 0.70947
 0.71136
 0.60663
 0.67672
 0.69616
 0.6779500000000001
 0.7456700000000001
 0.75244
 0.75406
 0.7925
 0.68183
 0.74257
 0.78188
 0.74519
 0.76901
 0.77764
 0.72009
 0.6805600000000001
 0.646
 0.64479
 0.6424
 0
 0
 0.33333
 0.75
 0
 0.5
 0.57143
 0.875
 0.5555600000000001
 0.4
 0.63636
 0.58333
 0.76923
 0.44444
 0.8
 1
 0.5
 1
 1
 1
 0
 1
 0
 1
 1
 0
 1
 1
 1
 0
 0
 0
 0.33333
 0.97222
 0.25418
 0.41667
 0.57262
 0.86478
 0.5783700000000001
 0.50714
 0.66667
 0.5924199999999999
 0.79382
 0.58811
 0.73187
 0.90265
 0.62856
 0.92067
 0.94596
 0.90245
 0.52332
 0.8326
 0.55748
 1.031
 0.88893
 0.5416800000000001
 0.56824
 0.8022899999999999
 1
 0.625
 0
 0
 0.78929
 0.97019
 0.56729
 0.5892500000000001
 0.67072
 0.65019
 0.61204
 0.67872
 0.71763
 0.8124
 0.82437
 0.75254
 0.78041
 0.75256
 0.72604
 0.77362
 0.78695
 0.78142
 0.76296
 0.71857
 0.7104
 0.75508
 0.72481
 0.77377
 0.74609
 0.70446
 0.71745
 0.69069
 0
 0
 0.47224
 0.77401
 0.26855
 0.3645
 0.53893
 0.57906
 0.51647
 0.66426
 0.68807
 0.65445
 0.6904400000000001
 0.7083199999999999
 0.70462
 0.72851
 0.73943
 0.77274
 0.77796
 0.73441
 0.74971
 0.75831
 0.7429
 0.7694800000000001
 0.73937
 0.72721
 0.69121
 0.63146
 0.66523
 0.64779
 0
 0
 1
 1
 1
 1
 1
 1
 1
 1
 1
 1
 1
 1
 1
 1
 1
 1
 1
 1
 1
 1
 1
 1
 1
 1
 1
 1
 1
 1
 0
 0
 0.33333
 0.98039
 0.30168
 0.28274
 0.41784
 0.52829
 0.43515
 0.60012
 0.61642
 0.55515
 0.70051
 0.61403
 0.70618
 0.68252
 0.71154
 0.74668
 0.70829
 0.70923
 0.71923
 0.84934
 0.96418
 0.8564000000000001
 0.60126
 0.5964
 0.44914
 0.7478399999999999
 1
 0.99988
 0
 0
 0.78929
 0.9636
 0.5985
 0.57104
 0.65534
 0.69367
 0.63623
 0.77564
 0.69768
 0.73536
 0.96339
 0.71907
 0.84194
 0.91979
 0.83878
 0.85938
 0.90027
 0.70286
 0.81312
 0.7461100000000001
 0.71955
 0.80581
 0.72004
 0.8278799999999999
 0.75205
 0.69338
 0.77581
 0.73893
 0
 0
 0
 0
 0
 0
 0
 0
 0
 0
 0
 0
 0
 0
 0
 0
 0
 0
 0
 0
 0
 0
 0
 0
 0
 0
 0
 0
 0
 0
 0
 0
 0
 0
 0
 0
 0
 0
 0
 0
 0
 0
 0
 0
 0
 0
 0
 0
 0
 0
 0
 0
 0
 0
 0
 0
 0
 0
 0
 0
 0
 0
 0
 0
 0
 0
 0
 0
 0
 0
 0
 0
 0
 0
 0
 0
 0
 0
 0
 0
 0
 0
 0
 0
 0
 0
 0
 0
 0
 0
 0
 0
 0
 0
 0
 0
 0
 0
 0
 0
 0
 0
 0
 0
 0
 0
 0
 0
 0
 0
 0
 0
 0
 0
 0
 0
 0
 0
 0
 0
 0
 0
 0
 0
 0
 0
 0
 0
 0
 0
 0
 0
 0
 0
 0
 0
 0
 0
 0
 0
 0
 0
 0
 0
 0
 0
 0
 0
 0
 0
 0
 0
 1
 1
 1
 1
 1
 1
 1
 1
 1
 1
 1
 1
 1
 1
 1
 1
 1
 1
 1
 1
 1
 1
 1
 1
 1
 1
 1
 1
 0
 0
 0
 0
 0
 0
 0
 0
 0
 0
 0
 0
 0
 0
 0
 0
 0
 0
 0
 0
 0
 0
 0
 0
 0
 0
 0
 0
 0
 0
 0
 0
 0
 0
 0
 0
 0
 0
 0
 0
 0
 0
 0
 0
 0
 0
 0
 0
 0
 0
 0
 0
 0
 0
 0
 0
 0
 0
 0
 0


# name: vars
# type: matrix
# ndims: 3
 1 30 19
 0
 0
 0.07772
 0.053833
 0.051185
 0.036044
 0.032556
 0.029566
 0.029198
 0.024767
 0.022555
 0.013575
 0.014095
 0.017039
 0.014454
 0.02052
 0.015324
 0.011235
 0.011091
 0.010007
 0.008052
 0.011766
 0.012169
 0.00627
 0.008130999999999999
 0.011483
 0.009193
 0.008744
 0.007296
 0.006704
 0
 0
 0.33333
 0.25
 0
 0.2
 0.2
 0.175
 0.25
 0.175
 0.13056
 0.17222
 0.06389
 0.14444
 0.14444
 0.1375
 0.03958
 0.03264
 0.01597
 0.01875
 0.023
 0.043
 0.038
 0.052
 0.07199999999999999
 0.12356
 0.12089
 0.06467000000000001
 0.03311
 0.02222
 0
 0
 0
 0
 0
 0
 0
 0
 0
 0
 0
 0
 0
 0
 0
 0
 0
 0
 0
 0
 0
 0
 0
 0
 0
 0
 0
 0
 0
 0
 0
 0
 0.16318
 0.11147
 0.00991
 0.07113999999999999
 0.104
 0.07312
 0.07291
 0.06927
 0.06028
 0.06015
 0.04595
 0.04632
 0.05037
 0.04372
 0.0428
 0.04151
 0.03606
 0.0428
 0.03698
 0.03229
 0.03617
 0.03482
 0.03362
 0.0374
 0.03929
 0.03983
 0.03767
 0.03806
 0
 0
 0
 0
 0
 0
 0
 0
 0
 0
 0
 0
 0
 0
 0
 0
 0
 0
 0
 0
 0
 0
 0
 0
 0
 0
 0
 0
 0
 0
 0
 0
 0
 0
 0
 0
 0
 0
 0
 0
 0
 0
 0
 0
 0
 0
 0
 0
 0
 0
 0
 0
 0
 0
 0
 0
 0
 0
 0
 0
 0
 0
 0
 0
 0
 0
 0
 0
 0
 0
 0
 0
 0
 0
 0
 0
 0
 0
 0
 0
 0
 0
 0
 0
 0
 0
 0
 0
 0
 0
 0
 0
 0.16318
 0.09203
 0.02432
 0.01876
 0.06465
 0.05183
 0.04547
 0.04614
 0.03902
 0.03847
 0.04197
 0.03308
 0.03373
 0.04623
 0.04838
 0.03617
 0.04219
 0.04451
 0.03746
 0.04308
 0.04335
 0.03803
 0.04918
 0.05023
 0.04757
 0.05304
 0.05127
 0.04231
 0
 0
 0
 0
 0
 0
 0
 0
 0
 0
 0
 0
 0
 0
 0
 0
 0
 0
 0
 0
 0
 0
 0
 0
 0
 0
 0
 0
 0
 0
 0
 0
 0
 0
 0
 0
 0
 0
 0
 0
 0
 0
 0
 0
 0
 0
 0
 0
 0
 0
 0
 0
 0
 0
 0
 0
 0
 0
 0
 0
 0
 0
 0
 0
 0
 0
 0
 0
 0
 0
 0
 0
 0
 0
 0
 0
 0
 0
 0
 0
 0
 0
 0
 0
 0
 0
 0
 0
 0
 0
 0
 0
 0
 0
 0
 0
 0
 0
 0
 0
 0
 0
 0
 0
 0
 0
 0
 0
 0
 0
 0
 0
 0
 0
 0
 0
 0
 0
 0
 0
 0
 0
 0
 0
 0
 0
 0
 0
 0
 0
 0
 0
 0
 0
 0
 0
 0
 0
 0
 0
 0
 0
 0
 0
 0
 0
 0
 0
 0
 0
 0
 0
 0
 0
 0
 0
 0
 0
 0
 0
 0
 0
 0
 0
 0
 0
 0
 0
 0
 0
 0
 0
 0
 0
 0
 0
 0
 0
 0
 0
 0
 0
 0
 0
 0
 0
 0
 0
 0
 0
 0
 0
 0
 0
 0
 0
 0
 0
 0
 0
 0
 0
 0
 0
 0
 0
 0
 0
 0
 0
 0
 0
 0
 0
 0
 0
 0
 0
 0
 0
 0
 0
 0
 0
 0
 0
 0
 0
 0
 0
 0
 0
 0
 0
 0
 0
 0
 0
 0
 0
 0
 0
 0
 0
 0
 0
 0
 0
 0
 0
 0
 0
 0
 0
 0
 0
 0
 0
 0
 0
 0
 0
 0
 0
 0
 0
 0
 0
 0
 0
 0
 0
 0
 0
 0
 0
 0
 0
 0
 0
 0
 0
 0
 0
 0
 0
 0
 0
 0
 0
 0
 0
 0
 0
 0
 0
 0
 0
 0
 0
 0
 0
 0
 0
 0
 0
 0
 0
 0
 0
 0
 0
 0
 0
 0
 0
 0
 0
 0
 0
 0
 0
 0
 0
 0
 0
 0
 0
 0
 0


