# Created by Octave 4.0.0, Sat Nov 21 16:30:35 2015 W. Europe Standard Time <unknown@Florian-PC>
# name: mus
# type: matrix
# ndims: 3
 1 30 19
 0
 0
 0.4975
 0.35356
 0.41504
 0.48606
 0.43413
 0.46596
 0.52987
 0.55475
 0.57517
 0.65772
 0.5734900000000001
 0.5904
 0.56134
 0.63002
 0.6794
 0.63468
 0.66977
 0.60787
 0.58644
 0.58991
 0.64957
 0.63176
 0.56451
 0.56336
 0.57323
 0.56529
 0.56424
 0.5774
 0
 0
 1
 0.5
 0.6
 0.3
 0.1
 0.3
 0.1
 0.3
 0.53333
 0.26667
 0.33333
 0.43333
 0.6
 0.33333
 0.31667
 0.38333
 0.43333
 0.3
 0.38
 0.53
 0.35
 0.32
 0.44
 0.46
 0.4
 0.50667
 0.55333
 0.56667
 0
 0
 1
 0.77056
 0.71532
 0.59334
 0.12444
 0.51801
 0.52275
 0.33347
 0.35378
 0.60925
 0.4105
 0.49556
 0.54099
 0.46535
 0.44111
 0.4652
 0.38756
 0.38339
 0.37383
 0.5583399999999999
 0.60441
 0.52812
 0.46064
 0.59191
 0.53925
 0.44627
 0.54826
 0.43462
 0
 0
 1
 0.71678
 0.6889
 0.46858
 0.20825
 0.35017
 0.20988
 0.42522
 0.39111
 0.4737
 0.5063
 0.55541
 0.54634
 0.48356
 0.44373
 0.49398
 0.40315
 0.40953
 0.45051
 0.47664
 0.46913
 0.5390200000000001
 0.4938
 0.51863
 0.49409
 0.51464
 0.5324
 0.52029
 0
 0
 1
 0.75
 0.4
 0.5
 0
 0.125
 0
 0.3
 0.54545
 0.33333
 0.30769
 0.5555600000000001
 0.2
 0.33333
 0
 1
 0
 0
 0
 1
 1
 1
 0
 1
 1
 1
 0
 0
 0
 0
 1
 0.86111
 0.49167
 0.39583
 0.19703
 0.27768
 0.21875
 0.32361
 0.49078
 0.37538
 0.40883
 0.55824
 0.38906
 0.46935
 0.30684
 0.73655
 0.27436
 0.30449
 0.27526
 0.61756
 0.62876
 0.61772
 0.52085
 0.51292
 0.65106
 0.73793
 0.56251
 0.27087
 0
 0
 1
 0.56768
 0.78055
 0.59845
 0.52927
 0.5400700000000001
 0.6394300000000001
 0.57348
 0.56158
 0.56741
 0.55079
 0.58783
 0.51746
 0.67781
 0.57894
 0.62941
 0.6321
 0.54134
 0.60672
 0.6262
 0.66762
 0.62073
 0.56784
 0.59326
 0.54838
 0.57076
 0.66588
 0.55332
 0
 0
 1
 0.7423
 0.57672
 0.46721
 0.35226
 0.39198
 0.36473
 0.45159
 0.39183
 0.46994
 0.50063
 0.55265
 0.55605
 0.51203
 0.444
 0.49325
 0.44126
 0.43006
 0.46507
 0.51706
 0.47488
 0.51977
 0.48124
 0.51219
 0.48048
 0.51523
 0.52844
 0.51329
 0
 0
 1
 1
 1
 1
 1
 1
 1
 1
 1
 1
 1
 1
 1
 1
 1
 1
 1
 1
 1
 1
 1
 1
 1
 1
 1
 1
 1
 1
 0
 0
 1
 0.85294
 0.53168
 0.36786
 0.27758
 0.34838
 0.34253
 0.36371
 0.33516
 0.39081
 0.49779
 0.5033
 0.45465
 0.46556
 0.50927
 0.43114
 0.47666
 0.40916
 0.4225
 0.59607
 0.36258
 0.64694
 0.7368400000000001
 0.49484
 0.49552
 0.58775
 0.31095
 0.74092
 0
 0
 1
 0.5718800000000001
 0.87375
 0.60643
 0.57453
 0.58747
 0.56852
 0.5986399999999999
 0.64311
 0.58239
 0.57884
 0.62971
 0.56756
 0.59262
 0.61985
 0.66683
 0.61942
 0.60421
 0.55591
 0.79525
 0.69019
 0.68712
 0.6808999999999999
 0.6595800000000001
 0.5206499999999999
 0.6557500000000001
 0.69809
 0.57367
 0
 0
 0
 0
 0
 0
 0
 0
 0
 0
 0
 0
 0
 0
 0
 0
 0
 0
 0
 0
 0
 0
 0
 0
 0
 0
 0
 0
 0
 0
 0
 0
 0
 0
 0
 0
 0
 0
 0
 0
 0
 0
 0
 0
 0
 0
 0
 0
 0
 0
 0
 0
 0
 0
 0
 0
 0
 0
 0
 0
 0
 0
 0
 0
 0
 0
 0
 0
 0
 0
 0
 0
 0
 0
 0
 0
 0
 0
 0
 0
 0
 0
 0
 0
 0
 0
 0
 0
 0
 0
 0
 0
 0
 0
 0
 0
 0
 0
 0
 0
 0
 0
 0
 0
 0
 0
 0
 0
 0
 0
 0
 0
 0
 0
 0
 0
 0
 0
 0
 0
 0
 0
 0
 0
 0
 0
 0
 0
 0
 0
 0
 0
 0
 0
 0
 0
 0
 0
 0
 0
 0
 0
 0
 0
 0
 0
 0
 0
 0
 0
 0
 0
 1
 1
 1
 1
 1
 1
 1
 1
 1
 1
 1
 1
 1
 1
 1
 1
 1
 1
 1
 1
 1
 1
 1
 1
 1
 1
 1
 1
 0
 0
 0
 0
 0
 0
 0
 0
 0
 0
 0
 0
 0
 0
 0
 0
 0
 0
 0
 0
 0
 0
 0
 0
 0
 0
 0
 0
 0
 0
 0
 0
 0
 0
 0
 0
 0
 0
 0
 0
 0
 0
 0
 0
 0
 0
 0
 0
 0
 0
 0
 0
 0
 0
 0
 0
 0
 0
 0
 0


# name: vars
# type: matrix
# ndims: 3
 1 30 19
 0
 0
 0.085046
 0.057331
 0.047036
 0.033828
 0.034089
 0.029175
 0.029515
 0.026424
 0.022123
 0.018031
 0.018101
 0.014662
 0.014651
 0.013734
 0.016642
 0.01191
 0.01062
 0.009993999999999999
 0.010835
 0.010784
 0.00984
 0.010323
 0.009671000000000001
 0.008996000000000001
 0.008741000000000001
 0.006015
 0.006161
 0.010132
 0
 0
 0
 0.33333
 0.3
 0.2
 0.05
 0.2
 0.05
 0.075
 0.00556
 0.06389
 0.16667
 0.07778
 0.13333
 0.11111
 0.16806
 0.09931
 0.03264
 0.04375
 0.047
 0.102
 0.095
 0.132
 0.08799999999999999
 0.068
 0.055
 0.03967
 0.04756
 0.06389
 0
 0
 0
 0
 0
 0
 0
 0
 0
 0
 0
 0
 0
 0
 0
 0
 0
 0
 0
 0
 0
 0
 0
 0
 0
 0
 0
 0
 0
 0
 0
 0
 0
 0.10324
 0.04534
 0.0917
 0.01098
 0.05155
 0.00764
 0.05255
 0.05513
 0.05075
 0.05405
 0.05012
 0.05153
 0.05211
 0.03911
 0.05013
 0.04319
 0.03815
 0.04141
 0.04297
 0.04139
 0.04193
 0.04531
 0.04255
 0.0425
 0.04396
 0.04474
 0.03955
 0
 0
 0
 0
 0
 0
 0
 0
 0
 0
 0
 0
 0
 0
 0
 0
 0
 0
 0
 0
 0
 0
 0
 0
 0
 0
 0
 0
 0
 0
 0
 0
 0
 0
 0
 0
 0
 0
 0
 0
 0
 0
 0
 0
 0
 0
 0
 0
 0
 0
 0
 0
 0
 0
 0
 0
 0
 0
 0
 0
 0
 0
 0
 0
 0
 0
 0
 0
 0
 0
 0
 0
 0
 0
 0
 0
 0
 0
 0
 0
 0
 0
 0
 0
 0
 0
 0
 0
 0
 0
 0
 0
 0
 0.07208299999999999
 0.040518
 0.049018
 0.025411
 0.023776
 0.024911
 0.031273
 0.029901
 0.045575
 0.037533
 0.034356
 0.03827
 0.047332
 0.043255
 0.042767
 0.04842
 0.0394
 0.04273
 0.040344
 0.044313
 0.044759
 0.044918
 0.047114
 0.045687
 0.049258
 0.043626
 0.048778
 0
 0
 0
 0
 0
 0
 0
 0
 0
 0
 0
 0
 0
 0
 0
 0
 0
 0
 0
 0
 0
 0
 0
 0
 0
 0
 0
 0
 0
 0
 0
 0
 0
 0
 0
 0
 0
 0
 0
 0
 0
 0
 0
 0
 0
 0
 0
 0
 0
 0
 0
 0
 0
 0
 0
 0
 0
 0
 0
 0
 0
 0
 0
 0
 0
 0
 0
 0
 0
 0
 0
 0
 0
 0
 0
 0
 0
 0
 0
 0
 0
 0
 0
 0
 0
 0
 0
 0
 0
 0
 0
 0
 0
 0
 0
 0
 0
 0
 0
 0
 0
 0
 0
 0
 0
 0
 0
 0
 0
 0
 0
 0
 0
 0
 0
 0
 0
 0
 0
 0
 0
 0
 0
 0
 0
 0
 0
 0
 0
 0
 0
 0
 0
 0
 0
 0
 0
 0
 0
 0
 0
 0
 0
 0
 0
 0
 0
 0
 0
 0
 0
 0
 0
 0
 0
 0
 0
 0
 0
 0
 0
 0
 0
 0
 0
 0
 0
 0
 0
 0
 0
 0
 0
 0
 0
 0
 0
 0
 0
 0
 0
 0
 0
 0
 0
 0
 0
 0
 0
 0
 0
 0
 0
 0
 0
 0
 0
 0
 0
 0
 0
 0
 0
 0
 0
 0
 0
 0
 0
 0
 0
 0
 0
 0
 0
 0
 0
 0
 0
 0
 0
 0
 0
 0
 0
 0
 0
 0
 0
 0
 0
 0
 0
 0
 0
 0
 0
 0
 0
 0
 0
 0
 0
 0
 0
 0
 0
 0
 0
 0
 0
 0
 0
 0
 0
 0
 0
 0
 0
 0
 0
 0
 0
 0
 0
 0
 0
 0
 0
 0
 0
 0
 0
 0
 0
 0
 0
 0
 0
 0
 0
 0
 0
 0
 0
 0
 0
 0
 0
 0
 0
 0
 0
 0
 0
 0
 0
 0
 0
 0
 0
 0
 0
 0
 0
 0
 0
 0
 0
 0
 0
 0
 0
 0
 0
 0
 0
 0
 0
 0
 0
 0
 0
 0
 0
 0
 0
 0
 0
 0


