# Created by Octave 4.0.0, Sat Nov 21 16:30:53 2015 W. Europe Standard Time <unknown@Florian-PC>
# name: mus
# type: matrix
# ndims: 3
 1 30 19
 0
 0
 0.7184199999999999
 0.72327
 0.68914
 0.69175
 0.72096
 0.70871
 0.7225
 0.71844
 0.60609
 0.5878100000000001
 0.55983
 0.56641
 0.57311
 0.5608300000000001
 0.56258
 0.5477
 0.53607
 0.54101
 0.54319
 0.65301
 0.64353
 0.6480900000000001
 0.64789
 0.73541
 0.67593
 0.6928
 0.63626
 0.6644099999999999
 0
 0
 0.66667
 1
 0.8
 0.8
 0.7
 0.8
 0.8
 0.6
 0.6333299999999999
 0.7
 0.73333
 0.76667
 0.66667
 0.71667
 0.68333
 0.85
 0.83333
 0.85
 0.77
 0.73
 0.68
 0.64
 0.64
 0.64667
 0.52
 0.56667
 0.52
 0.6333299999999999
 0
 0
 0.76672
 0.9193
 0.8414
 0.90307
 0.7871899999999999
 0.80635
 0.78106
 0.67813
 0.71434
 0.6437
 0.7246899999999999
 0.74095
 0.69231
 0.6945
 0.68228
 0.69435
 0.69748
 0.70905
 0.65824
 0.64799
 0.70718
 0.66715
 0.58819
 0.65472
 0.6393799999999999
 0.58202
 0.59378
 0.64737
 0
 0
 0.6130100000000001
 0.89934
 0.73607
 0.8892099999999999
 0.7006599999999999
 0.84676
 0.8565700000000001
 0.60622
 0.55306
 0.6661899999999999
 0.74125
 0.7663
 0.6928
 0.74194
 0.70316
 0.74172
 0.74431
 0.73094
 0.69897
 0.66046
 0.6654099999999999
 0.65985
 0.63288
 0.58879
 0.56138
 0.56581
 0.54701
 0.589
 0
 0
 0.33333
 1
 1
 0.83333
 0.57143
 0.75
 0.66667
 0.7
 0.54545
 0.83333
 0.61538
 0.77778
 0.6
 1
 0
 1
 1
 1
 1
 1
 1
 1
 1
 0
 0
 0
 1
 0
 0
 0
 0.33333
 0.90781
 0.9635899999999999
 0.84053
 0.68193
 0.79149
 0.74751
 0.62887
 0.58478
 0.75803
 0.7107
 0.75725
 0.6411
 0.82015
 0.56972
 0.73368
 0.7962
 0.80541
 0.80157
 0.74876
 0.6567
 0.64623
 0.6424800000000001
 0.55322
 0.51441
 0.56692
 0.65096
 0.5389699999999999
 0
 0
 0.57859
 0.82548
 0.78788
 0.8992
 0.79359
 0.8497400000000001
 0.79783
 0.66148
 0.7228
 0.68975
 0.71983
 0.78533
 0.68082
 0.75639
 0.70284
 0.70735
 0.71412
 0.74185
 0.7377899999999999
 0.69599
 0.70695
 0.70034
 0.6925
 0.65793
 0.63181
 0.68449
 0.64372
 0.67642
 0
 0
 0.55836
 0.84567
 0.73012
 0.84215
 0.69914
 0.78516
 0.80204
 0.58361
 0.58239
 0.64085
 0.67445
 0.68821
 0.6364
 0.698
 0.6519
 0.6896099999999999
 0.67161
 0.68677
 0.65972
 0.62474
 0.64299
 0.64108
 0.62177
 0.5875
 0.55755
 0.57063
 0.54509
 0.56984
 0
 0
 0.94812
 0.9681
 0.91009
 0.9045800000000001
 0.90688
 0.93025
 0.91352
 0.92661
 0.93169
 0.92427
 0.93011
 0.92003
 0.9236799999999999
 0.9190199999999999
 0.92227
 0.91365
 0.9091900000000001
 0.91506
 0.90383
 0.91262
 0.90826
 0.90527
 0.91077
 0.90422
 0.91465
 0.90629
 0.89739
 0.89498
 0
 0
 0.33333
 0.87898
 0.81637
 0.79275
 0.75875
 0.8057
 0.77593
 0.5609
 0.60698
 0.64893
 0.73973
 0.7652600000000001
 0.6452
 0.74069
 0.57251
 0.75691
 0.73425
 0.76462
 0.70228
 0.64185
 0.66378
 0.66801
 0.63114
 0.5986399999999999
 0.56869
 0.58444
 0.55449
 0.56986
 0
 0
 0.57859
 0.76892
 0.84482
 0.86159
 0.77201
 0.8791
 0.7685999999999999
 0.66249
 0.59892
 0.72083
 0.72792
 0.79655
 0.66457
 0.702
 0.74629
 0.73408
 0.7069800000000001
 0.73812
 0.71045
 0.70246
 0.73243
 0.67678
 0.68537
 0.65399
 0.64814
 0.67886
 0.64608
 0.65419
 0
 0
 0
 0
 0
 0
 0
 0
 0
 0
 0
 0
 0
 0
 0
 0
 0
 0
 0
 0
 0
 0
 0
 0
 0
 0
 0
 0
 0
 0
 0
 0
 0
 0
 0
 0
 0
 0
 0
 0
 0
 0
 0
 0
 0
 0
 0
 0
 0
 0
 0
 0
 0
 0
 0
 0
 0
 0
 0
 0
 0
 0
 0
 0
 0
 0
 0
 0
 0
 0
 0
 0
 0
 0
 0
 0
 0
 0
 0
 0
 0
 0
 0
 0
 0
 0
 0
 0
 0
 0
 0
 0
 0
 0
 0
 0
 0
 0
 0
 0
 0
 0
 0
 0
 0
 0
 0
 0
 0
 0
 0
 0
 0
 0
 0
 0
 0
 0
 0
 0
 0
 0
 0
 0
 0
 0
 0
 0
 0
 0
 0
 0
 0
 0
 0
 0
 0
 0
 0
 0
 0
 0
 0
 0
 0
 0
 0
 0
 0
 0
 0
 0
 0.88451
 0.96685
 0.9352
 0.94074
 0.93482
 0.92658
 0.91845
 0.92419
 0.922
 0.93477
 0.91926
 0.92054
 0.90189
 0.92392
 0.91913
 0.89903
 0.91428
 0.90347
 0.90851
 0.90155
 0.9063
 0.90735
 0.90505
 0.90618
 0.90045
 0.90635
 0.90769
 0.89844
 0
 0
 0
 0
 0
 0
 0
 0
 0
 0
 0
 0
 0
 0
 0
 0
 0
 0
 0
 0
 0
 0
 0
 0
 0
 0
 0
 0
 0
 0
 0
 0
 0
 0
 0
 0
 0
 0
 0
 0
 0
 0
 0
 0
 0
 0
 0
 0
 0
 0
 0
 0
 0
 0
 0
 0
 0
 0
 0
 0


