# Created by Octave 4.0.0, Sat Nov 21 16:30:46 2015 W. Europe Standard Time <unknown@Florian-PC>
# name: mus
# type: matrix
# ndims: 3
 1 30 19
 0
 0
 0.50083
 0.50056
 0.53538
 0.58082
 0.64425
 0.65346
 0.6884400000000001
 0.70279
 0.70935
 0.73434
 0.73012
 0.73019
 0.72941
 0.726
 0.72415
 0.7289600000000001
 0.7270799999999999
 0.7264
 0.73143
 0.71274
 0.71609
 0.73086
 0.72507
 0.73393
 0.72559
 0.73103
 0.73165
 0.73559
 0
 0
 1
 1
 0.4
 0
 0.5
 0.7
 0.5
 0.4
 0.23333
 0.4
 0.16667
 0.4
 0.33333
 0.36667
 0.6
 0.58333
 0.5
 0.5
 0.45
 0.47
 0.54
 0.5
 0.5600000000000001
 0.5
 0.44667
 0.46
 0.45333
 0.46667
 0
 0
 1
 1
 0.61299
 0.55064
 0.6238
 0.68831
 0.57775
 0.36269
 0.48695
 0.5103799999999999
 0.66603
 0.60983
 0.44809
 0.62273
 0.61086
 0.53906
 0.56093
 0.64484
 0.53998
 0.6069600000000001
 0.51106
 0.53176
 0.67371
 0.5667
 0.65554
 0.64768
 0.55954
 0.59574
 0
 0
 1
 1
 0.49669
 0.24173
 0.5348000000000001
 0.69429
 0.5334100000000001
 0.56412
 0.53417
 0.58378
 0.52401
 0.58918
 0.56912
 0.59051
 0.7209100000000001
 0.67777
 0.63095
 0.63061
 0.64102
 0.63404
 0.62044
 0.6295500000000001
 0.64171
 0.62974
 0.67352
 0.63537
 0.5764
 0.57514
 0
 0
 1
 1
 0.2
 0
 0.42857
 0.5
 0.44444
 0.6
 0.63636
 0.5
 0.38462
 0.66667
 1
 0.66667
 1
 0
 0
 1
 0
 1
 1
 1
 1
 1
 0
 0
 0
 1
 0
 0
 1
 1
 0.4125
 0.21252
 0.42024
 0.50536
 0.45784
 0.60218
 0.6125
 0.4904
 0.4456
 0.66411
 0.78146
 0.66943
 0.79648
 0.48018
 0.48847
 0.7932399999999999
 0.46954
 0.61036
 0.92766
 0.78786
 0.57329
 0.6539
 0.34378
 0.39586
 0.4792
 0.78246
 0
 0
 1
 1
 0.61186
 0.6147899999999999
 0.61714
 0.66234
 0.66217
 0.59863
 0.64614
 0.6271
 0.63706
 0.65163
 0.65006
 0.68835
 0.77011
 0.64425
 0.6769500000000001
 0.65415
 0.67916
 0.60656
 0.63115
 0.62242
 0.65691
 0.6521
 0.67198
 0.646
 0.6523
 0.68873
 0
 0
 1
 1
 0.48968
 0.33935
 0.50992
 0.60821
 0.58061
 0.5924199999999999
 0.53351
 0.5825
 0.54713
 0.58535
 0.54931
 0.58997
 0.64869
 0.6534
 0.6091800000000001
 0.64381
 0.61142
 0.60123
 0.59524
 0.61859
 0.61859
 0.60929
 0.63446
 0.61603
 0.57564
 0.5738
 0
 0
 1
 1
 1
 1
 1
 1
 1
 1
 1
 1
 1
 1
 1
 1
 1
 1
 1
 1
 1
 1
 1
 1
 1
 1
 1
 1
 1
 1
 0
 0
 1
 1
 0.465
 0.25867
 0.36849
 0.45955
 0.4748
 0.4826
 0.50451
 0.49715
 0.47883
 0.50908
 0.54229
 0.5275
 0.57383
 0.676
 0.68813
 0.74043
 0.81474
 0.5694900000000001
 0.74418
 0.71187
 0.45706
 0.49513
 0.46018
 0.73956
 0.748
 0.49664
 0
 0
 1
 1
 0.63312
 0.62675
 0.64671
 0.72926
 0.7496
 0.6301099999999999
 0.5942
 0.84848
 0.60707
 0.8456900000000001
 0.64134
 0.75576
 0.7221
 0.66457
 0.6448
 0.63302
 0.64633
 0.71067
 0.66191
 0.6736799999999999
 0.68257
 0.66606
 0.69435
 0.72384
 0.6525300000000001
 0.70026
 0
 0
 0
 0
 0
 0
 0
 0
 0
 0
 0
 0
 0
 0
 0
 0
 0
 0
 0
 0
 0
 0
 0
 0
 0
 0
 0
 0
 0
 0
 0
 0
 0
 0
 0
 0
 0
 0
 0
 0
 0
 0
 0
 0
 0
 0
 0
 0
 0
 0
 0
 0
 0
 0
 0
 0
 0
 0
 0
 0
 0
 0
 0
 0
 0
 0
 0
 0
 0
 0
 0
 0
 0
 0
 0
 0
 0
 0
 0
 0
 0
 0
 0
 0
 0
 0
 0
 0
 0
 0
 0
 0
 0
 0
 0
 0
 0
 0
 0
 0
 0
 0
 0
 0
 0
 0
 0
 0
 0
 0
 0
 0
 0
 0
 0
 0
 0
 0
 0
 0
 0
 0
 0
 0
 0
 0
 0
 0
 0
 0
 0
 0
 0
 0
 0
 0
 0
 0
 0
 0
 0
 0
 0
 0
 0
 0
 0
 0
 0
 0
 0
 0
 1
 1
 1
 1
 1
 1
 1
 1
 1
 1
 1
 1
 1
 1
 1
 1
 1
 1
 1
 1
 1
 1
 1
 1
 1
 1
 1
 1
 0
 0
 0
 0
 0
 0
 0
 0
 0
 0
 0
 0
 0
 0
 0
 0
 0
 0
 0
 0
 0
 0
 0
 0
 0
 0
 0
 0
 0
 0
 0
 0
 0
 0
 0
 0
 0
 0
 0
 0
 0
 0
 0
 0
 0
 0
 0
 0
 0
 0
 0
 0
 0
 0
 0
 0
 0
 0
 0
 0


# name: vars
# type: matrix
# ndims: 3
 1 30 19
 0
 0
 0.08765299999999999
 0.064592
 0.050114
 0.040705
 0.030949
 0.028124
 0.024527
 0.02443
 0.019165
 0.01505
 0.013995
 0.015825
 0.013807
 0.010927
 0.012957
 0.011922
 0.009649
 0.009494000000000001
 0.009225000000000001
 0.010639
 0.011126
 0.009379
 0.006488
 0.006954
 0.00595
 0.005425
 0.008446
 0.005857
 0
 0
 0
 0
 0.3
 0
 0.25
 0.2
 0.25
 0.3
 0.10556
 0.3
 0.05556
 0.13333
 0.05556
 0.06111
 0.06389
 0.10764
 0.15625
 0.15625
 0.2
 0.1845
 0.09675
 0.05
 0.108
 0.05
 0.03089
 0.01689
 0.02756
 0.04722
 0
 0
 0
 0
 0
 0
 0
 0
 0
 0
 0
 0
 0
 0
 0
 0
 0
 0
 0
 0
 0
 0
 0
 0
 0
 0
 0
 0
 0
 0
 0
 0
 0
 0
 0.046281
 0.010132
 0.090771
 0.07446800000000001
 0.068399
 0.060135
 0.070809
 0.059028
 0.05769
 0.051865
 0.058356
 0.050675
 0.044936
 0.047479
 0.0456
 0.047027
 0.044981
 0.045482
 0.044363
 0.045852
 0.045923
 0.040045
 0.04002
 0.037585
 0.039795
 0.039987
 0
 0
 0
 0
 0
 0
 0
 0
 0
 0
 0
 0
 0
 0
 0
 0
 0
 0
 0
 0
 0
 0
 0
 0
 0
 0
 0
 0
 0
 0
 0
 0
 0
 0
 0
 0
 0
 0
 0
 0
 0
 0
 0
 0
 0
 0
 0
 0
 0
 0
 0
 0
 0
 0
 0
 0
 0
 0
 0
 0
 0
 0
 0
 0
 0
 0
 0
 0
 0
 0
 0
 0
 0
 0
 0
 0
 0
 0
 0
 0
 0
 0
 0
 0
 0
 0
 0
 0
 0
 0
 0
 0
 0
 0
 0.023219
 0.032119
 0.037936
 0.034575
 0.045233
 0.047953
 0.036364
 0.040378
 0.045157
 0.037241
 0.042586
 0.048736
 0.049944
 0.046075
 0.048949
 0.05385
 0.056159
 0.055301
 0.057066
 0.05035
 0.05888
 0.056818
 0.060363
 0.050824
 0.047588
 0.057642
 0
 0
 0
 0
 0
 0
 0
 0
 0
 0
 0
 0
 0
 0
 0
 0
 0
 0
 0
 0
 0
 0
 0
 0
 0
 0
 0
 0
 0
 0
 0
 0
 0
 0
 0
 0
 0
 0
 0
 0
 0
 0
 0
 0
 0
 0
 0
 0
 0
 0
 0
 0
 0
 0
 0
 0
 0
 0
 0
 0
 0
 0
 0
 0
 0
 0
 0
 0
 0
 0
 0
 0
 0
 0
 0
 0
 0
 0
 0
 0
 0
 0
 0
 0
 0
 0
 0
 0
 0
 0
 0
 0
 0
 0
 0
 0
 0
 0
 0
 0
 0
 0
 0
 0
 0
 0
 0
 0
 0
 0
 0
 0
 0
 0
 0
 0
 0
 0
 0
 0
 0
 0
 0
 0
 0
 0
 0
 0
 0
 0
 0
 0
 0
 0
 0
 0
 0
 0
 0
 0
 0
 0
 0
 0
 0
 0
 0
 0
 0
 0
 0
 0
 0
 0
 0
 0
 0
 0
 0
 0
 0
 0
 0
 0
 0
 0
 0
 0
 0
 0
 0
 0
 0
 0
 0
 0
 0
 0
 0
 0
 0
 0
 0
 0
 0
 0
 0
 0
 0
 0
 0
 0
 0
 0
 0
 0
 0
 0
 0
 0
 0
 0
 0
 0
 0
 0
 0
 0
 0
 0
 0
 0
 0
 0
 0
 0
 0
 0
 0
 0
 0
 0
 0
 0
 0
 0
 0
 0
 0
 0
 0
 0
 0
 0
 0
 0
 0
 0
 0
 0
 0
 0
 0
 0
 0
 0
 0
 0
 0
 0
 0
 0
 0
 0
 0
 0
 0
 0
 0
 0
 0
 0
 0
 0
 0
 0
 0
 0
 0
 0
 0
 0
 0
 0
 0
 0
 0
 0
 0
 0
 0
 0
 0
 0
 0
 0
 0
 0
 0
 0
 0
 0
 0
 0
 0
 0
 0
 0
 0
 0
 0
 0
 0
 0
 0
 0
 0
 0
 0
 0
 0
 0
 0
 0
 0
 0
 0
 0
 0
 0
 0
 0
 0
 0
 0
 0
 0
 0
 0
 0


