# Created by Octave 4.0.0, Sat Nov 21 16:30:40 2015 W. Europe Standard Time <unknown@Florian-PC>
# name: mus
# type: matrix
# ndims: 3
 1 30 19
 0
 0
 0.66667
 0.72383
 0.7281300000000001
 0.73244
 0.72151
 0.72712
 0.72864
 0.72235
 0.59238
 0.59284
 0.60851
 0.60658
 0.61681
 0.61551
 0.62764
 0.62626
 0.6259
 0.63708
 0.63048
 0.62483
 0.62839
 0.6294999999999999
 0.64056
 0.63136
 0.63861
 0.64342
 0.63626
 0.6265500000000001
 0
 0
 0.66667
 0.5
 0.6
 0.5
 0.7
 0.5
 0.3
 0.4
 0.56667
 0.66667
 0.66667
 0.43333
 0.46667
 0.68333
 0.55
 0.4
 0.5
 0.55
 0.63
 0.72
 0.62
 0.67
 0.64
 0.61333
 0.52667
 0.53333
 0.54667
 0.53333
 0
 0
 0.84987
 0.74141
 0.71297
 0.71765
 0.6638500000000001
 0.69995
 0.55845
 0.61639
 0.57518
 0.66165
 0.6323299999999999
 0.54721
 0.59383
 0.62942
 0.61392
 0.58708
 0.62105
 0.52676
 0.56135
 0.58078
 0.55496
 0.53509
 0.58111
 0.59713
 0.6045700000000001
 0.57429
 0.53029
 0.58317
 0
 0
 0.74639
 0.6288899999999999
 0.6052
 0.51007
 0.61428
 0.54919
 0.4733
 0.48476
 0.57766
 0.5849
 0.5598
 0.56363
 0.55565
 0.5765400000000001
 0.5620000000000001
 0.5613
 0.55733
 0.54188
 0.5548999999999999
 0.56343
 0.55327
 0.56335
 0.55777
 0.56682
 0.56174
 0.55318
 0.5589499999999999
 0.56934
 0
 0
 0.66667
 0.75
 0.8
 0.33333
 0.42857
 0.125
 0.11111
 0.7
 0.45455
 0.58333
 0.38462
 0.66667
 0.2
 1
 1
 0
 1
 1
 1
 0
 1
 1
 1
 0
 0
 0
 1
 0
 0
 0
 0.7962900000000001
 0.64534
 0.68276
 0.47662
 0.55626
 0.47142
 0.44494
 0.49949
 0.54777
 0.5736599999999999
 0.52478
 0.5792
 0.52137
 0.64366
 0.60527
 0.51972
 0.56946
 0.56029
 0.60932
 0.54788
 0.59007
 0.54745
 0.56577
 0.55146
 0.54763
 0.52021
 0.55033
 0.54449
 0
 0
 0.36788
 0.6892
 0.76978
 0.68445
 0.73287
 0.68499
 0.60541
 0.63376
 0.62169
 0.72875
 0.6399899999999999
 0.66956
 0.66131
 0.65693
 0.6883899999999999
 0.63732
 0.6769500000000001
 0.65471
 0.6283300000000001
 0.67483
 0.64805
 0.613
 0.68563
 0.63763
 0.62651
 0.62936
 0.6232799999999999
 0.6432600000000001
 0
 0
 0.74412
 0.60239
 0.59928
 0.52238
 0.57064
 0.56133
 0.5177
 0.5114
 0.5645
 0.60315
 0.56641
 0.5738
 0.56041
 0.57375
 0.55811
 0.56049
 0.56875
 0.55692
 0.56533
 0.55585
 0.56362
 0.55764
 0.5592
 0.55782
 0.5555
 0.55269
 0.5545099999999999
 0.56416
 0
 0
 0.99991
 1
 1
 1
 1
 1
 1
 1
 1
 0.99871
 0.99368
 0.98877
 0.9708599999999999
 0.9771300000000001
 0.97619
 0.97044
 0.97886
 0.96799
 0.96796
 0.96083
 0.9591
 0.94836
 0.95639
 0.9573
 0.9573700000000001
 0.94939
 0.95111
 0.94661
 0
 0
 0.7859
 0.61297
 0.62844
 0.56755
 0.55192
 0.5289700000000001
 0.51057
 0.51295
 0.54741
 0.60942
 0.55031
 0.56076
 0.53678
 0.55935
 0.54478
 0.5427999999999999
 0.56153
 0.55028
 0.56907
 0.55565
 0.54583
 0.55179
 0.5684399999999999
 0.55383
 0.54537
 0.53926
 0.54989
 0.5565099999999999
 0
 0
 0.36788
 0.7276899999999999
 0.77162
 0.68374
 0.72938
 0.66861
 0.61582
 0.6425
 0.61644
 0.65979
 0.6603599999999999
 0.66025
 0.66439
 0.64437
 0.61982
 0.58445
 0.63505
 0.61514
 0.61878
 0.62932
 0.61339
 0.59205
 0.6161799999999999
 0.6192
 0.60553
 0.61493
 0.59366
 0.62297
 0
 0
 0
 0
 0
 0
 0
 0
 0
 0
 0
 0
 0
 0
 0
 0
 0
 0
 0
 0
 0
 0
 0
 0
 0
 0
 0
 0
 0
 0
 0
 0
 0
 0
 0
 0
 0
 0
 0
 0
 0
 0
 0
 0
 0
 0
 0
 0
 0
 0
 0
 0
 0
 0
 0
 0
 0
 0
 0
 0
 0
 0
 0
 0
 0
 0
 0
 0
 0
 0
 0
 0
 0
 0
 0
 0
 0
 0
 0
 0
 0
 0
 0
 0
 0
 0
 0
 0
 0
 0
 0
 0
 0
 0
 0
 0
 0
 0
 0
 0
 0
 0
 0
 0
 0
 0
 0
 0
 0
 0
 0
 0
 0
 0
 0
 0
 0
 0
 0
 0
 0
 0
 0
 0
 0
 0
 0
 0
 0
 0
 0
 0
 0
 0
 0
 0
 0
 0
 0
 0
 0
 0
 0
 0
 0
 0
 0
 0
 0
 0
 0
 0
 0.99999
 1
 1
 1
 1
 1
 1
 1
 1
 0.9967
 0.99588
 0.9834000000000001
 0.9870100000000001
 0.97794
 0.97278
 0.97181
 0.97433
 0.96177
 0.96376
 0.96653
 0.96248
 0.95525
 0.96029
 0.94429
 0.95611
 0.95151
 0.9575900000000001
 0.93814
 0
 0
 0
 0
 0
 0
 0
 0
 0
 0
 0
 0
 0
 0
 0
 0
 0
 0
 0
 0
 0
 0
 0
 0
 0
 0
 0
 0
 0
 0
 0
 0
 0
 0
 0
 0
 0
 0
 0
 0
 0
 0
 0
 0
 0
 0
 0
 0
 0
 0
 0
 0
 0
 0
 0
 0
 0
 0
 0
 0


