# Created by Octave 4.0.0, Sat Nov 21 16:30:49 2015 W. Europe Standard Time <unknown@Florian-PC>
# name: mus
# type: matrix
# ndims: 3
 1 30 19
 0
 0
 0.73011
 0.73107
 0.71421
 0.71014
 0.70206
 0.70201
 0.71636
 0.71453
 0.72241
 0.7226
 0.71683
 0.7190299999999999
 0.71877
 0.7170800000000001
 0.73064
 0.7312
 0.72704
 0.72865
 0.7209
 0.7214699999999999
 0.7199
 0.72128
 0.72394
 0.7055
 0.70426
 0.70592
 0.71413
 0.71017
 0
 0
 0.66667
 0.75
 0.8
 0.9
 0.7
 0.7
 1
 0.9
 0.93333
 0.9
 0.93333
 0.9
 0.93333
 0.95
 0.8833299999999999
 0.8833299999999999
 0.85
 0.85
 0.85
 0.86
 0.87
 0.88
 0.84
 0.68667
 0.68
 0.73333
 0.8
 0.73333
 0
 0
 0.67641
 0.82441
 0.78929
 0.90343
 0.7736
 0.83286
 0.85575
 0.86043
 0.90671
 0.8966499999999999
 0.90837
 0.91174
 0.9411
 0.94418
 0.90343
 0.88151
 0.83491
 0.82241
 0.82196
 0.84305
 0.81712
 0.8331
 0.83038
 0.70092
 0.73868
 0.73458
 0.70343
 0.68686
 0
 0
 0.82963
 0.76711
 0.78617
 0.76247
 0.73069
 0.76842
 0.82943
 0.85343
 0.84872
 0.8714
 0.88423
 0.89518
 0.9015
 0.90327
 0.84596
 0.85193
 0.80414
 0.81175
 0.77639
 0.76637
 0.77298
 0.77647
 0.78901
 0.67967
 0.69393
 0.68553
 0.68599
 0.67261
 0
 0
 0.33333
 0.75
 0.6
 1
 0.71429
 0.375
 1
 0.9
 1
 0.91667
 1
 1
 1
 1
 1
 1
 1
 1
 1
 1
 1
 1
 1
 1
 0
 0
 0
 1
 0
 0
 0.33333
 0.584
 0.6837299999999999
 0.68231
 0.74154
 0.72973
 0.89576
 0.9015300000000001
 0.8038999999999999
 0.94439
 0.95186
 0.94917
 0.98316
 0.86286
 0.92948
 0.83934
 0.7975
 0.75332
 0.7105399999999999
 0.8668400000000001
 0.74015
 0.76567
 0.81667
 0.67931
 0.65466
 0.6750699999999999
 0.66867
 0.78035
 0
 0
 0.57859
 0.74085
 0.7835800000000001
 0.77843
 0.7704
 0.89817
 0.82889
 0.81355
 0.83401
 0.88188
 0.87115
 0.86832
 0.8594000000000001
 0.88325
 0.83739
 0.84898
 0.82207
 0.82334
 0.78104
 0.79186
 0.80366
 0.83639
 0.75737
 0.76566
 0.74205
 0.72557
 0.73805
 0.7608200000000001
 0
 0
 0.8303
 0.75819
 0.75944
 0.78771
 0.73432
 0.79321
 0.81954
 0.85508
 0.84607
 0.86588
 0.89433
 0.89923
 0.92293
 0.92133
 0.85849
 0.86802
 0.81591
 0.82806
 0.78694
 0.78042
 0.79403
 0.79112
 0.80558
 0.6883
 0.71001
 0.69908
 0.69363
 0.68667
 0
 0
 0.99851
 1
 1
 1
 1
 1
 1
 1
 0.99999
 0.99926
 0.99274
 0.98575
 0.98104
 0.97892
 0.97859
 0.97176
 0.96719
 0.96705
 0.96933
 0.96456
 0.96168
 0.95685
 0.96258
 0.95325
 0.95901
 0.95656
 0.95645
 0.94839
 0
 0
 0.33333
 0.4302
 0.77498
 0.86309
 0.76435
 0.80881
 0.7734
 0.85381
 0.95025
 0.84421
 0.88525
 0.92783
 0.93642
 0.96852
 0.93446
 0.84477
 0.79226
 0.9055800000000001
 0.7690900000000001
 0.82018
 0.77224
 0.77527
 0.87804
 0.68489
 0.717
 0.69196
 0.69056
 0.6825
 0
 0
 0.57859
 0.77473
 0.76916
 0.77839
 0.75911
 0.82181
 0.76803
 0.80255
 0.8115599999999999
 0.83308
 0.82178
 0.84621
 0.85154
 0.87982
 0.84902
 0.84726
 0.8099499999999999
 0.85654
 0.76339
 0.77238
 0.77175
 0.79503
 0.78848
 0.7399
 0.76622
 0.74463
 0.78866
 0.74139
 0
 0
 0
 0
 0
 0
 0
 0
 0
 0
 0
 0
 0
 0
 0
 0
 0
 0
 0
 0
 0
 0
 0
 0
 0
 0
 0
 0
 0
 0
 0
 0
 0
 0
 0
 0
 0
 0
 0
 0
 0
 0
 0
 0
 0
 0
 0
 0
 0
 0
 0
 0
 0
 0
 0
 0
 0
 0
 0
 0
 0
 0
 0
 0
 0
 0
 0
 0
 0
 0
 0
 0
 0
 0
 0
 0
 0
 0
 0
 0
 0
 0
 0
 0
 0
 0
 0
 0
 0
 0
 0
 0
 0
 0
 0
 0
 0
 0
 0
 0
 0
 0
 0
 0
 0
 0
 0
 0
 0
 0
 0
 0
 0
 0
 0
 0
 0
 0
 0
 0
 0
 0
 0
 0
 0
 0
 0
 0
 0
 0
 0
 0
 0
 0
 0
 0
 0
 0
 0
 0
 0
 0
 0
 0
 0
 0
 0
 0
 0
 0
 0
 0
 0.99998
 1
 1
 1
 1
 1
 0.99954
 1
 1
 0.99999
 0.99251
 0.98421
 0.97825
 0.98044
 0.96827
 0.96706
 0.96835
 0.96711
 0.96782
 0.96108
 0.96478
 0.95373
 0.96369
 0.9537
 0.94701
 0.95151
 0.9508799999999999
 0.95016
 0
 0
 0
 0
 0
 0
 0
 0
 0
 0
 0
 0
 0
 0
 0
 0
 0
 0
 0
 0
 0
 0
 0
 0
 0
 0
 0
 0
 0
 0
 0
 0
 0
 0
 0
 0
 0
 0
 0
 0
 0
 0
 0
 0
 0
 0
 0
 0
 0
 0
 0
 0
 0
 0
 0
 0
 0
 0
 0
 0


