# Created by Octave 4.0.0, Sat Nov 21 16:38:43 2015 W. Europe Standard Time <unknown@Florian-PC>
# name: mus
# type: matrix
# ndims: 3
 1 30 19
 0
 0
 0.68781
 0.49499
 0.49415
 0.4961
 0.49416
 0.51953
 0.68063
 0.68268
 0.677
 0.6621899999999999
 0.66481
 0.66364
 0.66275
 0.67188
 0.66805
 0.69248
 0.69873
 0.69494
 0.69569
 0.69815
 0.7018799999999999
 0.69989
 0.69915
 0.70104
 0.70174
 0.6981000000000001
 0.70578
 0.70226
 0
 0
 0
 0.5
 0.6
 0.7
 0.7
 0.6
 0.4
 0.5
 0.56667
 0.7
 0.56667
 0.66667
 0.73333
 0.7
 0.6333299999999999
 0.6166700000000001
 0.8
 0.7
 0.71
 0.7
 0.77
 0.84
 0.8
 0.72
 0.74
 0.76
 0.76
 0.76667
 0
 0
 0.41778
 0.64414
 0.72784
 0.8079499999999999
 0.8043400000000001
 0.72751
 0.66687
 0.72819
 0.71155
 0.73795
 0.6610200000000001
 0.73941
 0.74974
 0.75414
 0.67361
 0.72704
 0.72877
 0.7214
 0.71973
 0.73769
 0.77746
 0.78767
 0.7384500000000001
 0.69394
 0.72216
 0.7048
 0.75341
 0.73732
 0
 0
 0.16665
 0.51117
 0.54375
 0.60647
 0.6688499999999999
 0.57052
 0.4947
 0.53474
 0.59114
 0.64828
 0.65382
 0.67804
 0.70892
 0.70518
 0.64253
 0.63484
 0.64167
 0.65951
 0.67633
 0.69743
 0.72314
 0.74607
 0.6983
 0.66601
 0.6742899999999999
 0.6924400000000001
 0.69833
 0.7055
 0
 0
 0
 0.75
 1
 0.33333
 0.42857
 0.75
 0.44444
 0.3
 0.63636
 0.66667
 0.61538
 0.44444
 0.4
 1
 0.5
 1
 1
 1
 0
 1
 1
 1
 1
 1
 0
 0
 0
 0
 0
 0
 0.16667
 0.80009
 0.69521
 0.44
 0.5865
 0.55175
 0.4871
 0.52254
 0.59479
 0.6702399999999999
 0.6443
 0.65629
 0.68319
 0.70234
 0.63727
 0.64179
 0.65318
 0.67664
 0.65306
 0.70973
 0.6921
 0.73781
 0.67404
 0.6590200000000001
 0.72193
 0.67073
 0.71349
 0.66523
 0
 0
 0.57859
 0.66762
 0.62515
 0.68514
 0.76652
 0.7138099999999999
 0.69285
 0.6902
 0.70105
 0.73264
 0.74665
 0.7630400000000001
 0.79962
 0.78032
 0.709
 0.7085900000000001
 0.75304
 0.75659
 0.75063
 0.76978
 0.77922
 0.7885
 0.73163
 0.71782
 0.71268
 0.73687
 0.75993
 0.73578
 0
 0
 0.16663
 0.5263099999999999
 0.46744
 0.5573
 0.62821
 0.58194
 0.49919
 0.5329199999999999
 0.60766
 0.66836
 0.67042
 0.69156
 0.72221
 0.71404
 0.64139
 0.64653
 0.64946
 0.66597
 0.69562
 0.70766
 0.73644
 0.75736
 0.69368
 0.67326
 0.67746
 0.7065
 0.7107599999999999
 0.71991
 0
 0
 1
 1
 1
 1
 1
 1
 1
 1
 1
 1
 0.9948900000000001
 0.98438
 0.98597
 0.96948
 0.97448
 0.96133
 0.97073
 0.96122
 0.96756
 0.9670800000000001
 0.95552
 0.95782
 0.95348
 0.96093
 0.94548
 0.96282
 0.95145
 0.95628
 0
 0
 0.16666
 0.8295
 0.57363
 0.44358
 0.5977
 0.65895
 0.49243
 0.52444
 0.60529
 0.65993
 0.64292
 0.69316
 0.70841
 0.7675999999999999
 0.62041
 0.62174
 0.61966
 0.72114
 0.69758
 0.69117
 0.7143
 0.75869
 0.68187
 0.7109
 0.68972
 0.69073
 0.70211
 0.70549
 0
 0
 0.57859
 0.7144
 0.63827
 0.7445000000000001
 0.72576
 0.65535
 0.67066
 0.69643
 0.69263
 0.71922
 0.72034
 0.7432
 0.76048
 0.75627
 0.70847
 0.71966
 0.72126
 0.73146
 0.75904
 0.74721
 0.75367
 0.73458
 0.72736
 0.69159
 0.72084
 0.69367
 0.7248
 0.73594
 0
 0
 0
 0
 0
 0
 0
 0
 0
 0
 0
 0
 0
 0
 0
 0
 0
 0
 0
 0
 0
 0
 0
 0
 0
 0
 0
 0
 0
 0
 0
 0
 0
 0
 0
 0
 0
 0
 0
 0
 0
 0
 0
 0
 0
 0
 0
 0
 0
 0
 0
 0
 0
 0
 0
 0
 0
 0
 0
 0
 0
 0
 0
 0
 0
 0
 0
 0
 0
 0
 0
 0
 0
 0
 0
 0
 0
 0
 0
 0
 0
 0
 0
 0
 0
 0
 0
 0
 0
 0
 0
 0
 0
 0
 0
 0
 0
 0
 0
 0
 0
 0
 0
 0
 0
 0
 0
 0
 0
 0
 0
 0
 0
 0
 0
 0
 0
 0
 0
 0
 0
 0
 0
 0
 0
 0
 0
 0
 0
 0
 0
 0
 0
 0
 0
 0
 0
 0
 0
 0
 0
 0
 0
 0
 0
 0
 0
 0
 0
 0
 0
 0
 1
 1
 1
 1
 1
 1
 1
 1
 1
 0.99596
 0.9956
 0.98264
 0.98865
 0.97213
 0.9780799999999999
 0.9612000000000001
 0.96774
 0.96467
 0.96012
 0.96174
 0.96168
 0.95723
 0.9534899999999999
 0.96534
 0.95184
 0.94577
 0.94938
 0.94547
 0
 0
 0
 0
 0
 0
 0
 0
 0
 0
 0
 0
 0
 0
 0
 0
 0
 0
 0
 0
 0
 0
 0
 0
 0
 0
 0
 0
 0
 0
 0
 0
 0
 0
 0
 0
 0
 0
 0
 0
 0
 0
 0
 0
 0
 0
 0
 0
 0
 0
 0
 0
 0
 0
 0
 0
 0
 0
 0
 0


