# Created by Octave 4.0.0, Sat Nov 21 16:30:56 2015 W. Europe Standard Time <unknown@Florian-PC>
# name: mus
# type: matrix
# ndims: 3
 1 30 19
 0
 0
 0.49972
 0.5011100000000001
 0.50084
 0.49833
 0.57421
 0.59654
 0.62926
 0.68994
 0.71333
 0.71309
 0.70884
 0.65806
 0.67003
 0.65737
 0.65613
 0.52974
 0.52476
 0.50281
 0.49692
 0.50362
 0.51254
 0.51351
 0.5115499999999999
 0.51263
 0.52245
 0.55859
 0.66185
 0.66045
 0
 0
 0.33333
 0.5
 0.6
 0.5
 0.5
 0.1
 0.7
 0.5
 0.6333299999999999
 0.66667
 0.6333299999999999
 0.4
 0.66667
 0.68333
 0.71667
 0.46667
 0.41667
 0.55
 0.52
 0.54
 0.58
 0.57
 0.64
 0.62
 0.54667
 0.54667
 0.58667
 0.53333
 0
 0
 0.56131
 0.646
 0.80246
 0.59834
 0.44255
 0.69899
 0.56411
 0.58805
 0.65781
 0.6965
 0.57757
 0.55415
 0.66616
 0.66126
 0.70121
 0.59988
 0.47957
 0.48764
 0.51078
 0.62054
 0.53446
 0.59155
 0.56064
 0.62866
 0.54955
 0.62224
 0.6102300000000001
 0.52484
 0
 0
 0.6389
 0.58434
 0.88667
 0.61595
 0.52924
 0.62966
 0.72104
 0.66054
 0.76352
 0.75932
 0.70862
 0.58969
 0.69426
 0.73722
 0.75101
 0.57222
 0.47413
 0.58836
 0.65799
 0.7238599999999999
 0.62259
 0.67613
 0.71219
 0.72192
 0.65816
 0.59613
 0.59579
 0.52741
 0
 0
 0.66667
 0.5
 0.6
 0.66667
 0.28571
 0.375
 0.44444
 0.6
 0.63636
 0.66667
 0.84615
 0.5555600000000001
 0.8
 0.66667
 1
 1
 0
 0
 1
 1
 0
 1
 0
 1
 0
 0
 1
 0
 0
 0
 0.90003
 0.66667
 0.725
 0.725
 0.41191
 0.48304
 0.50943
 0.55933
 0.62803
 0.71086
 0.82792
 0.53557
 0.81726
 0.65893
 0.88612
 0.76057
 0.34004
 0.4631
 0.7978499999999999
 0.63889
 0.60924
 0.60848
 0.5729300000000001
 0.82987
 0.44794
 0.29169
 0.64602
 0.08334
 0
 0
 0.78929
 0.64373
 0.89825
 0.63845
 0.69538
 0.66365
 0.72176
 0.62674
 0.7309099999999999
 0.8053900000000001
 0.68996
 0.71335
 0.7319600000000001
 0.77674
 0.71099
 0.7064
 0.63773
 0.59437
 0.60161
 0.64456
 0.7136
 0.59188
 0.6312
 0.64164
 0.64553
 0.63635
 0.6464800000000001
 0.65577
 0
 0
 0.6389
 0.61837
 0.8529099999999999
 0.63573
 0.48348
 0.59504
 0.66612
 0.6036899999999999
 0.75987
 0.73477
 0.70061
 0.60254
 0.6706800000000001
 0.69598
 0.72497
 0.57903
 0.50529
 0.57872
 0.61358
 0.66029
 0.60154
 0.6139
 0.68315
 0.68044
 0.6271
 0.57859
 0.58322
 0.53084
 0
 0
 1
 1
 1
 1
 1
 1
 1
 1
 1
 1
 1
 1
 1
 1
 1
 1
 1
 1
 1
 1
 1
 1
 1
 1
 1
 1
 1
 1
 0
 0
 0.90003
 0.71569
 0.70923
 0.71261
 0.48968
 0.53416
 0.52452
 0.54301
 0.70961
 0.82474
 0.60584
 0.52759
 0.61825
 0.79512
 0.66914
 0.54855
 0.56612
 0.65967
 0.74189
 0.72271
 0.80223
 0.60577
 0.74474
 0.82818
 0.73408
 0.58753
 0.49617
 0.0086
 0
 0
 0.78929
 0.64373
 1.04842
 0.62249
 0.69413
 0.70443
 0.8388
 0.64718
 0.75479
 0.67192
 0.69575
 0.70022
 0.85303
 0.92155
 0.74188
 0.8154400000000001
 0.79136
 0.61103
 0.76296
 0.73636
 0.62188
 0.65856
 0.73577
 0.69689
 0.64212
 0.70345
 0.7036
 0.72733
 0
 0
 0
 0
 0
 0
 0
 0
 0
 0
 0
 0
 0
 0
 0
 0
 0
 0
 0
 0
 0
 0
 0
 0
 0
 0
 0
 0
 0
 0
 0
 0
 0
 0
 0
 0
 0
 0
 0
 0
 0
 0
 0
 0
 0
 0
 0
 0
 0
 0
 0
 0
 0
 0
 0
 0
 0
 0
 0
 0
 0
 0
 0
 0
 0
 0
 0
 0
 0
 0
 0
 0
 0
 0
 0
 0
 0
 0
 0
 0
 0
 0
 0
 0
 0
 0
 0
 0
 0
 0
 0
 0
 0
 0
 0
 0
 0
 0
 0
 0
 0
 0
 0
 0
 0
 0
 0
 0
 0
 0
 0
 0
 0
 0
 0
 0
 0
 0
 0
 0
 0
 0
 0
 0
 0
 0
 0
 0
 0
 0
 0
 0
 0
 0
 0
 0
 0
 0
 0
 0
 0
 0
 0
 0
 0
 0
 0
 0
 0
 0
 0
 0
 1
 1
 1
 1
 1
 1
 1
 1
 1
 1
 1
 1
 1
 1
 1
 1
 1
 1
 1
 1
 1
 1
 1
 1
 1
 1
 1
 1
 0
 0
 0
 0
 0
 0
 0
 0
 0
 0
 0
 0
 0
 0
 0
 0
 0
 0
 0
 0
 0
 0
 0
 0
 0
 0
 0
 0
 0
 0
 0
 0
 0
 0
 0
 0
 0
 0
 0
 0
 0
 0
 0
 0
 0
 0
 0
 0
 0
 0
 0
 0
 0
 0
 0
 0
 0
 0
 0
 0


# name: vars
# type: matrix
# ndims: 3
 1 30 19
 0
 0
 0.086538
 0.06501
 0.045558
 0.044833
 0.0318
 0.029385
 0.026964
 0.022595
 0.015772
 0.01674
 0.015451
 0.016441
 0.015506
 0.012457
 0.013546
 0.013121
 0.011969
 0.010532
 0.01147
 0.009697000000000001
 0.01141
 0.013894
 0.012705
 0.011232
 0.011444
 0.009693
 0.008142
 0.008829999999999999
 0
 0
 0.33333
 0.33333
 0.3
 0.25
 0.25
 0.05
 0.075
 0.125
 0.04722
 0.09722
 0.06111
 0.18889
 0.05556
 0.00139
 0.03333
 0.09931
 0.01389
 0.0125
 0.03325
 0.003
 0.03075
 0.0595
 0.048
 0.032
 0.03256
 0.06922
 0.02089
 0.03333
 0
 0
 0
 0
 0
 0
 0
 0
 0
 0
 0
 0
 0
 0
 0
 0
 0
 0
 0
 0
 0
 0
 0
 0
 0
 0
 0
 0
 0
 0
 0
 0
 0.18923
 0.11805
 0.05393
 0.07928
 0.06628000000000001
 0.07967
 0.06052
 0.0617
 0.04917
 0.04917
 0.0539
 0.0576
 0.04919
 0.04465
 0.042
 0.04568
 0.03962
 0.04499
 0.03917
 0.03371
 0.04481
 0.04116
 0.03738
 0.03556
 0.03403
 0.04141
 0.04245
 0.03522
 0
 0
 0
 0
 0
 0
 0
 0
 0
 0
 0
 0
 0
 0
 0
 0
 0
 0
 0
 0
 0
 0
 0
 0
 0
 0
 0
 0
 0
 0
 0
 0
 0
 0
 0
 0
 0
 0
 0
 0
 0
 0
 0
 0
 0
 0
 0
 0
 0
 0
 0
 0
 0
 0
 0
 0
 0
 0
 0
 0
 0
 0
 0
 0
 0
 0
 0
 0
 0
 0
 0
 0
 0
 0
 0
 0
 0
 0
 0
 0
 0
 0
 0
 0
 0
 0
 0
 0
 0
 0
 0
 0
 0.18923
 0.09812
 0.01114
 0.04696
 0.02927
 0.04
 0.03214
 0.05378
 0.03978
 0.03218
 0.03889
 0.04491
 0.04706
 0.04738
 0.04884
 0.05155
 0.03725
 0.03796
 0.04103
 0.0362
 0.04612
 0.04378
 0.04679
 0.03826
 0.03871
 0.04768
 0.04576
 0.0458
 0
 0
 0
 0
 0
 0
 0
 0
 0
 0
 0
 0
 0
 0
 0
 0
 0
 0
 0
 0
 0
 0
 0
 0
 0
 0
 0
 0
 0
 0
 0
 0
 0
 0
 0
 0
 0
 0
 0
 0
 0
 0
 0
 0
 0
 0
 0
 0
 0
 0
 0
 0
 0
 0
 0
 0
 0
 0
 0
 0
 0
 0
 0
 0
 0
 0
 0
 0
 0
 0
 0
 0
 0
 0
 0
 0
 0
 0
 0
 0
 0
 0
 0
 0
 0
 0
 0
 0
 0
 0
 0
 0
 0
 0
 0
 0
 0
 0
 0
 0
 0
 0
 0
 0
 0
 0
 0
 0
 0
 0
 0
 0
 0
 0
 0
 0
 0
 0
 0
 0
 0
 0
 0
 0
 0
 0
 0
 0
 0
 0
 0
 0
 0
 0
 0
 0
 0
 0
 0
 0
 0
 0
 0
 0
 0
 0
 0
 0
 0
 0
 0
 0
 0
 0
 0
 0
 0
 0
 0
 0
 0
 0
 0
 0
 0
 0
 0
 0
 0
 0
 0
 0
 0
 0
 0
 0
 0
 0
 0
 0
 0
 0
 0
 0
 0
 0
 0
 0
 0
 0
 0
 0
 0
 0
 0
 0
 0
 0
 0
 0
 0
 0
 0
 0
 0
 0
 0
 0
 0
 0
 0
 0
 0
 0
 0
 0
 0
 0
 0
 0
 0
 0
 0
 0
 0
 0
 0
 0
 0
 0
 0
 0
 0
 0
 0
 0
 0
 0
 0
 0
 0
 0
 0
 0
 0
 0
 0
 0
 0
 0
 0
 0
 0
 0
 0
 0
 0
 0
 0
 0
 0
 0
 0
 0
 0
 0
 0
 0
 0
 0
 0
 0
 0
 0
 0
 0
 0
 0
 0
 0
 0
 0
 0
 0
 0
 0
 0
 0
 0
 0
 0
 0
 0
 0
 0
 0
 0
 0
 0
 0
 0
 0
 0
 0
 0
 0
 0
 0
 0
 0
 0
 0
 0
 0
 0
 0
 0
 0
 0
 0
 0
 0
 0
 0
 0
 0
 0
 0
 0
 0


