# Created by Octave 4.0.0, Sat Nov 21 16:30:47 2015 W. Europe Standard Time <unknown@Florian-PC>
# name: mus
# type: matrix
# ndims: 3
 1 30 19
 0
 0
 0.57652
 0.61637
 0.73482
 0.733
 0.73041
 0.73326
 0.72641
 0.72402
 0.71891
 0.71924
 0.71711
 0.72084
 0.7395
 0.74163
 0.74439
 0.7446700000000001
 0.7487200000000001
 0.74438
 0.7395
 0.73881
 0.73328
 0.73592
 0.73915
 0.73467
 0.73485
 0.73717
 0.74416
 0.73785
 0
 0
 0.66667
 0.75
 0.6
 0.6
 0.9
 0.8
 0.9
 0.9
 0.83333
 0.9
 0.93333
 0.93333
 0.8666700000000001
 0.8666700000000001
 0.8666700000000001
 0.9
 0.85
 0.9
 0.9
 0.91
 0.87
 0.88
 0.76
 0.80667
 0.84
 0.8666700000000001
 0.82667
 0.76667
 0
 0
 0.7206900000000001
 0.83378
 0.72432
 0.78496
 0.7702
 0.83255
 0.81933
 0.84388
 0.89581
 0.89844
 0.91539
 0.92785
 0.82981
 0.85103
 0.85045
 0.82139
 0.83443
 0.89556
 0.87956
 0.8246
 0.8273200000000001
 0.82576
 0.84658
 0.84394
 0.8404
 0.86138
 0.85289
 0.75077
 0
 0
 0.71865
 0.65098
 0.61103
 0.68845
 0.71229
 0.77358
 0.79501
 0.80919
 0.82926
 0.85427
 0.86785
 0.8863799999999999
 0.75935
 0.80193
 0.80644
 0.81368
 0.8119499999999999
 0.80106
 0.80667
 0.80561
 0.79421
 0.78826
 0.7659
 0.78246
 0.78566
 0.78426
 0.7612100000000001
 0.71043
 0
 0
 0.66667
 0.75
 0.6
 0.83333
 0.85714
 1
 0.66667
 1
 0.90909
 0.83333
 1
 1
 1
 1
 1
 0
 1
 1
 1
 1
 1
 1
 1
 1
 1
 1
 1
 1
 0
 0
 0.7755300000000001
 0.85432
 0.59699
 0.72079
 0.71672
 0.76858
 0.74131
 0.77397
 0.93854
 0.84817
 0.84963
 0.89763
 0.75812
 0.8386
 0.78934
 0.74737
 0.79464
 0.78151
 0.86302
 0.79827
 0.78474
 0.80022
 0.76979
 0.88056
 0.79549
 0.76516
 0.75588
 0.73137
 0
 0
 0.57859
 0.76714
 0.645
 0.74452
 0.70633
 0.78868
 0.80564
 0.84941
 0.85026
 0.87446
 0.88287
 0.87704
 0.82474
 0.82259
 0.81307
 0.83168
 0.88346
 0.86535
 0.8365
 0.83139
 0.90021
 0.84157
 0.84254
 0.80853
 0.81311
 0.79963
 0.81334
 0.78739
 0
 0
 0.71944
 0.66848
 0.59475
 0.73451
 0.75451
 0.79134
 0.78714
 0.80394
 0.83726
 0.85151
 0.87687
 0.88247
 0.76758
 0.79721
 0.80912
 0.81823
 0.8192
 0.79109
 0.79572
 0.80349
 0.78954
 0.78564
 0.76417
 0.78169
 0.78069
 0.77929
 0.76075
 0.70997
 0
 0
 0.99969
 1
 1
 1
 1
 1
 1
 1
 1
 0.99842
 0.9950599999999999
 0.98549
 0.98983
 0.9845699999999999
 0.9726
 0.9743000000000001
 0.96495
 0.97013
 0.96297
 0.9599
 0.96006
 0.96344
 0.96228
 0.95062
 0.95214
 0.94681
 0.95334
 0.95068
 0
 0
 0.68735
 0.9135799999999999
 0.60318
 0.85493
 0.80277
 0.91401
 0.9295600000000001
 0.84358
 0.8858200000000001
 0.84628
 0.88335
 0.85858
 0.7554999999999999
 0.85003
 0.80267
 0.80189
 0.80706
 0.8317
 0.78481
 0.79211
 0.77937
 0.7761400000000001
 0.76969
 0.7914600000000001
 0.77463
 0.77616
 0.75465
 0.72167
 0
 0
 0.57859
 0.77251
 0.65523
 0.76122
 0.7037600000000001
 0.8139
 0.79699
 0.80047
 0.82136
 0.85264
 0.8166600000000001
 0.85178
 0.80938
 0.80196
 0.81415
 0.84467
 0.89923
 0.79234
 0.81263
 0.82584
 0.81032
 0.81011
 0.82928
 0.80533
 0.80211
 0.78165
 0.77823
 0.76222
 0
 0
 0
 0
 0
 0
 0
 0
 0
 0
 0
 0
 0
 0
 0
 0
 0
 0
 0
 0
 0
 0
 0
 0
 0
 0
 0
 0
 0
 0
 0
 0
 0
 0
 0
 0
 0
 0
 0
 0
 0
 0
 0
 0
 0
 0
 0
 0
 0
 0
 0
 0
 0
 0
 0
 0
 0
 0
 0
 0
 0
 0
 0
 0
 0
 0
 0
 0
 0
 0
 0
 0
 0
 0
 0
 0
 0
 0
 0
 0
 0
 0
 0
 0
 0
 0
 0
 0
 0
 0
 0
 0
 0
 0
 0
 0
 0
 0
 0
 0
 0
 0
 0
 0
 0
 0
 0
 0
 0
 0
 0
 0
 0
 0
 0
 0
 0
 0
 0
 0
 0
 0
 0
 0
 0
 0
 0
 0
 0
 0
 0
 0
 0
 0
 0
 0
 0
 0
 0
 0
 0
 0
 0
 0
 0
 0
 0
 0
 0
 0
 0
 0
 0.99998
 1
 1
 1
 1
 1
 1
 0.9966
 0.99996
 0.99985
 0.99174
 0.98614
 0.9797
 0.97825
 0.97682
 0.96921
 0.96636
 0.96817
 0.96751
 0.9630300000000001
 0.95817
 0.9680800000000001
 0.9541500000000001
 0.94768
 0.95105
 0.95198
 0.94956
 0.95543
 0
 0
 0
 0
 0
 0
 0
 0
 0
 0
 0
 0
 0
 0
 0
 0
 0
 0
 0
 0
 0
 0
 0
 0
 0
 0
 0
 0
 0
 0
 0
 0
 0
 0
 0
 0
 0
 0
 0
 0
 0
 0
 0
 0
 0
 0
 0
 0
 0
 0
 0
 0
 0
 0
 0
 0
 0
 0
 0
 0


