# Created by Octave 4.0.0, Sat Nov 21 16:30:42 2015 W. Europe Standard Time <unknown@Florian-PC>
# name: mus
# type: matrix
# ndims: 3
 1 30 19
 0
 0
 0.6867
 0.60245
 0.6429
 0.61929
 0.607
 0.64844
 0.64601
 0.67039
 0.67166
 0.6772899999999999
 0.67493
 0.69169
 0.69524
 0.6981000000000001
 0.69991
 0.70483
 0.71197
 0.71124
 0.53983
 0.54664
 0.6936099999999999
 0.72466
 0.6862
 0.72259
 0.69108
 0.6635
 0.61346
 0.74294
 0
 0
 0.66667
 0.75
 0.8
 0.8
 0.9
 0.7
 0.9
 0.9
 0.7
 0.93333
 0.93333
 0.83333
 0.73333
 0.75
 0.75
 0.68333
 0.65
 0.5
 0.45
 0.46
 0.47
 0.51
 0.44
 0.39333
 0.59333
 0.5
 0.48667
 0.5
 0
 0
 0.74715
 0.71477
 0.78961
 0.88282
 0.83107
 0.78466
 0.82785
 0.78195
 0.7583800000000001
 0.84802
 0.80265
 0.77206
 0.79101
 0.7371
 0.7652
 0.73476
 0.67295
 0.67843
 0.59762
 0.55749
 0.61714
 0.58889
 0.54455
 0.48655
 0.60234
 0.59118
 0.57002
 0.54457
 0
 0
 0.5772699999999999
 0.76968
 0.7088
 0.78023
 0.84032
 0.74308
 0.74439
 0.7599900000000001
 0.74274
 0.81106
 0.8419
 0.7757500000000001
 0.75985
 0.66747
 0.72681
 0.68049
 0.63613
 0.53991
 0.55074
 0.53613
 0.52963
 0.5093800000000001
 0.52712
 0.53428
 0.58189
 0.59916
 0.5967
 0.5684
 0
 0
 1
 0.75
 0.8
 1
 0.57143
 0.75
 0.5555600000000001
 0.9
 0.63636
 1
 1
 0.77778
 0.8
 0.33333
 0.5
 0
 1
 0
 0
 1
 0
 0
 0
 1
 0
 0
 0
 0
 0
 0
 0.84966
 0.78571
 0.84371
 0.91911
 0.77371
 0.77
 0.64553
 0.82718
 0.6899999999999999
 0.88427
 0.88203
 0.79542
 0.76517
 0.60695
 0.67926
 0.53903
 0.73117
 0.45664
 0.52484
 0.6167899999999999
 0.33637
 0.5218699999999999
 0.41142
 0.62931
 0.54315
 0.60372
 0.49692
 0.44882
 0
 0
 0.57859
 0.6464299999999999
 0.77839
 0.80113
 0.8643
 0.77361
 0.74965
 0.80467
 0.79461
 0.7855
 0.75404
 0.73972
 0.70717
 0.76928
 0.68953
 0.67797
 0.69611
 0.63537
 0.61099
 0.66091
 0.6486499999999999
 0.64784
 0.6721
 0.63378
 0.66818
 0.63496
 0.65887
 0.65256
 0
 0
 0.60684
 0.72096
 0.72432
 0.7742
 0.81978
 0.73476
 0.71619
 0.70318
 0.69264
 0.72301
 0.74404
 0.6908
 0.66972
 0.61043
 0.65207
 0.62374
 0.608
 0.54065
 0.53766
 0.53634
 0.52264
 0.50567
 0.51079
 0.51495
 0.5446
 0.54618
 0.53546
 0.53876
 0
 0
 0.9225
 0.96878
 0.93633
 0.90823
 0.9153
 0.9243400000000001
 0.93401
 0.92417
 0.93519
 0.92715
 0.93149
 0.90977
 0.91898
 0.91643
 0.9186299999999999
 0.90035
 0.91031
 0.91781
 0.90477
 0.89827
 0.90072
 0.90329
 0.91323
 0.9098000000000001
 0.90156
 0.9081399999999999
 0.90698
 0.90437
 0
 0
 0.9323900000000001
 0.78571
 0.89484
 0.87966
 0.89424
 0.83443
 0.78334
 0.7176
 0.75851
 0.80311
 0.82726
 0.7657
 0.74759
 0.59641
 0.73828
 0.61056
 0.65944
 0.55366
 0.54325
 0.54475
 0.5203
 0.52271
 0.49964
 0.52003
 0.53892
 0.56494
 0.5313
 0.53868
 0
 0
 0.57859
 0.63359
 0.82063
 0.7769200000000001
 0.82914
 0.73201
 0.79175
 0.81537
 0.76156
 0.82156
 0.72507
 0.76414
 0.75863
 0.69842
 0.68188
 0.6595800000000001
 0.6568000000000001
 0.63254
 0.61326
 0.63848
 0.7869
 0.64115
 0.62404
 0.5892500000000001
 0.65254
 0.64578
 0.66067
 0.63226
 0
 0
 0
 0
 0
 0
 0
 0
 0
 0
 0
 0
 0
 0
 0
 0
 0
 0
 0
 0
 0
 0
 0
 0
 0
 0
 0
 0
 0
 0
 0
 0
 0
 0
 0
 0
 0
 0
 0
 0
 0
 0
 0
 0
 0
 0
 0
 0
 0
 0
 0
 0
 0
 0
 0
 0
 0
 0
 0
 0
 0
 0
 0
 0
 0
 0
 0
 0
 0
 0
 0
 0
 0
 0
 0
 0
 0
 0
 0
 0
 0
 0
 0
 0
 0
 0
 0
 0
 0
 0
 0
 0
 0
 0
 0
 0
 0
 0
 0
 0
 0
 0
 0
 0
 0
 0
 0
 0
 0
 0
 0
 0
 0
 0
 0
 0
 0
 0
 0
 0
 0
 0
 0
 0
 0
 0
 0
 0
 0
 0
 0
 0
 0
 0
 0
 0
 0
 0
 0
 0
 0
 0
 0
 0
 0
 0
 0
 0
 0
 0
 0
 0
 0.87745
 0.94293
 0.93953
 0.90873
 0.94895
 0.92201
 0.9232399999999999
 0.92538
 0.9498799999999999
 0.91813
 0.91178
 0.92281
 0.92347
 0.91572
 0.91185
 0.90555
 0.91296
 0.9020899999999999
 0.90017
 0.90265
 0.91775
 0.90641
 0.9085800000000001
 0.9073099999999999
 0.9029
 0.9029199999999999
 0.89554
 0.89552
 0
 0
 0
 0
 0
 0
 0
 0
 0
 0
 0
 0
 0
 0
 0
 0
 0
 0
 0
 0
 0
 0
 0
 0
 0
 0
 0
 0
 0
 0
 0
 0
 0
 0
 0
 0
 0
 0
 0
 0
 0
 0
 0
 0
 0
 0
 0
 0
 0
 0
 0
 0
 0
 0
 0
 0
 0
 0
 0
 0


