# Created by Octave 4.0.0, Sat Nov 21 16:30:41 2015 W. Europe Standard Time <unknown@Florian-PC>
# name: mus
# type: matrix
# ndims: 3
 1 30 19
 0
 0
 0.48525
 0.63196
 0.52925
 0.63489
 0.65981
 0.66574
 0.66276
 0.6581
 0.64314
 0.6549199999999999
 0.63815
 0.62514
 0.63978
 0.61663
 0.62797
 0.6122300000000001
 0.6115
 0.6073
 0.62286
 0.61753
 0.62003
 0.62669
 0.6231
 0.62486
 0.62935
 0.6266699999999999
 0.63515
 0.63164
 0
 0
 0.66667
 0
 0
 0.3
 0.5
 0.8
 0.7
 0.6
 0.73333
 0.76667
 0.66667
 0.6333299999999999
 0.73333
 0.6166700000000001
 0.53333
 0.73333
 0.6333299999999999
 0.6
 0.71
 0.6899999999999999
 0.61
 0.68
 0.64
 0.60667
 0.59333
 0.64667
 0.58667
 0.53333
 0
 0
 0.62863
 0.60869
 0.58504
 0.6291099999999999
 0.6466499999999999
 0.72166
 0.51071
 0.65777
 0.66789
 0.67261
 0.67897
 0.6099
 0.67897
 0.63067
 0.58189
 0.6173
 0.63332
 0.60379
 0.6389
 0.63326
 0.60997
 0.5964699999999999
 0.65618
 0.60322
 0.55897
 0.60773
 0.56241
 0.52234
 0
 0
 0.63396
 0.3594
 0.27464
 0.39518
 0.56891
 0.54311
 0.57489
 0.60607
 0.64459
 0.65076
 0.64674
 0.63297
 0.62446
 0.6107399999999999
 0.58365
 0.59894
 0.5772
 0.58878
 0.5777099999999999
 0.58893
 0.5732
 0.59094
 0.58956
 0.57903
 0.56625
 0.57858
 0.56621
 0.5527300000000001
 0
 0
 0.33333
 0
 0
 0.5
 0.42857
 0.875
 0.66667
 0.9
 0.63636
 0.91667
 0.92308
 0.5555600000000001
 1
 0.33333
 0.5
 1
 1
 1
 0
 0
 1
 0
 1
 0
 0
 1
 0
 1
 0
 0
 0.33333
 0.32985
 0.27916
 0.4378
 0.50853
 0.54431
 0.5748799999999999
 0.6103
 0.59963
 0.66582
 0.63714
 0.69799
 0.64159
 0.59205
 0.59926
 0.59285
 0.67836
 0.60983
 0.55465
 0.57501
 0.59554
 0.57391
 0.7135899999999999
 0.5586100000000001
 0.54114
 0.59151
 0.62071
 0.57768
 0
 0
 0.78929
 0.72444
 0.58529
 0.65444
 0.6641
 0.6559199999999999
 0.66516
 0.69295
 0.69048
 0.67596
 0.67714
 0.6782899999999999
 0.68155
 0.68891
 0.70021
 0.6862
 0.65337
 0.65512
 0.6402099999999999
 0.6424800000000001
 0.66204
 0.6815600000000001
 0.6291099999999999
 0.64477
 0.6427
 0.64112
 0.64682
 0.62601
 0
 0
 0.63661
 0.43393
 0.31216
 0.40906
 0.49853
 0.50869
 0.54414
 0.57465
 0.63741
 0.61689
 0.6306
 0.62403
 0.63293
 0.6210599999999999
 0.5914
 0.61954
 0.57794
 0.59816
 0.58697
 0.60115
 0.58685
 0.60276
 0.60803
 0.58541
 0.5722
 0.58226
 0.58089
 0.55444
 0
 0
 0.99976
 1
 1
 1
 1
 1
 1
 1
 1
 0.99798
 0.9878
 0.98871
 0.97204
 0.97024
 0.96841
 0.98224
 0.96478
 0.96657
 0.96684
 0.96728
 0.9498799999999999
 0.95927
 0.95341
 0.95771
 0.9505400000000001
 0.94506
 0.95474
 0.94294
 0
 0
 0.33333
 0.39195
 0.34143
 0.39787
 0.50209
 0.62729
 0.55927
 0.5498
 0.58767
 0.59967
 0.60133
 0.61117
 0.69982
 0.59145
 0.65065
 0.68306
 0.56764
 0.58095
 0.5663
 0.58135
 0.56818
 0.58005
 0.63711
 0.56833
 0.5622200000000001
 0.60006
 0.5667
 0.55324
 0
 0
 0.78929
 0.74937
 0.58546
 0.6599699999999999
 0.66866
 0.6093
 0.69667
 0.68685
 0.64807
 0.63766
 0.64055
 0.6603
 0.69552
 0.6779500000000001
 0.63164
 0.66106
 0.62924
 0.64982
 0.63709
 0.62185
 0.62161
 0.6269400000000001
 0.61918
 0.627
 0.61553
 0.63079
 0.61017
 0.60628
 0
 0
 0
 0
 0
 0
 0
 0
 0
 0
 0
 0
 0
 0
 0
 0
 0
 0
 0
 0
 0
 0
 0
 0
 0
 0
 0
 0
 0
 0
 0
 0
 0
 0
 0
 0
 0
 0
 0
 0
 0
 0
 0
 0
 0
 0
 0
 0
 0
 0
 0
 0
 0
 0
 0
 0
 0
 0
 0
 0
 0
 0
 0
 0
 0
 0
 0
 0
 0
 0
 0
 0
 0
 0
 0
 0
 0
 0
 0
 0
 0
 0
 0
 0
 0
 0
 0
 0
 0
 0
 0
 0
 0
 0
 0
 0
 0
 0
 0
 0
 0
 0
 0
 0
 0
 0
 0
 0
 0
 0
 0
 0
 0
 0
 0
 0
 0
 0
 0
 0
 0
 0
 0
 0
 0
 0
 0
 0
 0
 0
 0
 0
 0
 0
 0
 0
 0
 0
 0
 0
 0
 0
 0
 0
 0
 0
 0
 0
 0
 0
 0
 0
 0.99997
 1
 1
 1
 0.99964
 1
 1
 1
 0.99997
 0.99997
 0.99713
 0.9885
 0.9769099999999999
 0.9808
 0.97395
 0.96978
 0.96207
 0.96243
 0.9674199999999999
 0.96561
 0.95704
 0.9694700000000001
 0.95533
 0.95966
 0.94807
 0.95187
 0.94438
 0.9471000000000001
 0
 0
 0
 0
 0
 0
 0
 0
 0
 0
 0
 0
 0
 0
 0
 0
 0
 0
 0
 0
 0
 0
 0
 0
 0
 0
 0
 0
 0
 0
 0
 0
 0
 0
 0
 0
 0
 0
 0
 0
 0
 0
 0
 0
 0
 0
 0
 0
 0
 0
 0
 0
 0
 0
 0
 0
 0
 0
 0
 0


