# Created by Octave 4.0.0, Sat Nov 21 16:30:32 2015 W. Europe Standard Time <unknown@Florian-PC>
# name: mus
# type: matrix
# ndims: 3
 1 30 19
 0
 0
 0.66221
 0.6431
 0.44457
 0.63601
 0.64591
 0.64621
 0.63205
 0.71508
 0.65915
 0.64206
 0.63257
 0.6470399999999999
 0.6745100000000001
 0.6981000000000001
 0.67709
 0.60438
 0.57647
 0.5691000000000001
 0.5666099999999999
 0.56192
 0.56001
 0.56532
 0.56507
 0.57246
 0.68462
 0.68555
 0.6663
 0.70734
 0
 0
 0.66667
 0.75
 0.6
 0.2
 0.8
 0.6
 0.5
 0.6
 0.6333299999999999
 0.6
 0.53333
 0.5
 0.53333
 0.55
 0.58333
 0.55
 0.41667
 0.35
 0.47
 0.5600000000000001
 0.5600000000000001
 0.62
 0.64
 0.62
 0.42
 0.49333
 0.44667
 0.43333
 0
 0
 0.87033
 0.7917999999999999
 0.78714
 0.71555
 0.71382
 0.68057
 0.66287
 0.70922
 0.55942
 0.62726
 0.57987
 0.58013
 0.57824
 0.58805
 0.55496
 0.61524
 1.37287
 0.46085
 0.5205
 0.6045700000000001
 0.5794
 0.58821
 0.66391
 0.6442099999999999
 0.5940299999999999
 0.54488
 0.49619
 0.5223100000000001
 0
 0
 0.5099
 0.6928
 0.56443
 0.4611
 0.70006
 0.60582
 0.4544
 0.44176
 0.53335
 0.63175
 0.54914
 0.52163
 0.51485
 0.52722
 0.51628
 0.51268
 0.45139
 0.52316
 0.52823
 0.55741
 0.5915
 0.61452
 0.6471
 0.60354
 0.55023
 0.5049400000000001
 0.51867
 0.52157
 0
 0
 0.66667
 0.75
 0.6
 0.33333
 0.71429
 0.625
 0.66667
 0.7
 0.72727
 0.66667
 0.53846
 0.44444
 0.4
 0.33333
 1
 1
 1
 1
 1
 1
 1
 0
 1
 1
 1
 1
 1
 0
 0
 0
 0.79414
 0.84278
 0.52586
 0.37209
 0.6927
 0.73553
 0.61002
 0.54458
 0.59224
 0.65164
 0.55779
 0.49804
 0.5010599999999999
 0.50692
 0.68585
 0.5655
 0.56281
 0.53118
 0.6684099999999999
 0.65539
 0.65746
 0.57819
 0.76993
 0.62937
 0.66682
 0.60345
 0.55263
 0.54033
 0
 0
 0.36788
 0.83458
 0.58991
 0.64313
 0.79127
 0.6641899999999999
 0.65578
 0.69159
 0.69822
 0.72224
 0.6359399999999999
 0.62781
 0.67896
 0.7109
 0.71248
 0.64673
 0.61088
 0.65694
 0.65443
 0.60344
 0.61049
 0.65882
 0.6662
 0.66533
 0.66227
 0.6539700000000001
 0.63193
 0.65188
 0
 0
 0.56266
 0.70533
 0.5154300000000001
 0.44872
 0.64429
 0.56711
 0.4732
 0.47943
 0.51939
 0.58833
 0.53554
 0.49826
 0.52755
 0.55336
 0.54283
 0.52591
 0.47857
 0.5130400000000001
 0.52543
 0.5495100000000001
 0.55971
 0.58486
 0.58982
 0.58874
 0.54674
 0.51255
 0.52205
 0.52405
 0
 0
 0.9161899999999999
 0.9263
 0.8912
 0.90398
 0.89524
 0.8831
 0.91688
 0.90549
 0.9403
 0.91713
 0.9293
 0.9327
 0.9084100000000001
 0.91016
 0.91166
 0.9153
 0.91333
 0.90817
 0.9135
 0.89957
 0.90156
 0.89592
 0.907
 0.9156300000000001
 0.8982
 0.90798
 0.90395
 0.90318
 0
 0
 0.7396200000000001
 0.8582
 0.48446
 0.45144
 0.60057
 0.77873
 0.5059
 0.51958
 0.51717
 0.58996
 0.54959
 0.5053800000000001
 0.5323
 0.55947
 0.5813
 0.5385799999999999
 0.49533
 0.50928
 0.54715
 0.5765
 0.5960299999999999
 0.6327700000000001
 0.63208
 0.60376
 0.5593900000000001
 0.51964
 0.53812
 0.53552
 0
 0
 0.36788
 0.68532
 0.5796
 0.63666
 0.6992699999999999
 0.66179
 0.6029
 0.63715
 0.66246
 0.71308
 0.68116
 0.64138
 0.69247
 0.72936
 0.74032
 0.66125
 0.67965
 0.62047
 0.64255
 0.6317199999999999
 0.60681
 0.66826
 0.63875
 0.52182
 0.65868
 0.6366000000000001
 0.5844
 0.62954
 0
 0
 0
 0
 0
 0
 0
 0
 0
 0
 0
 0
 0
 0
 0
 0
 0
 0
 0
 0
 0
 0
 0
 0
 0
 0
 0
 0
 0
 0
 0
 0
 0
 0
 0
 0
 0
 0
 0
 0
 0
 0
 0
 0
 0
 0
 0
 0
 0
 0
 0
 0
 0
 0
 0
 0
 0
 0
 0
 0
 0
 0
 0
 0
 0
 0
 0
 0
 0
 0
 0
 0
 0
 0
 0
 0
 0
 0
 0
 0
 0
 0
 0
 0
 0
 0
 0
 0
 0
 0
 0
 0
 0
 0
 0
 0
 0
 0
 0
 0
 0
 0
 0
 0
 0
 0
 0
 0
 0
 0
 0
 0
 0
 0
 0
 0
 0
 0
 0
 0
 0
 0
 0
 0
 0
 0
 0
 0
 0
 0
 0
 0
 0
 0
 0
 0
 0
 0
 0
 0
 0
 0
 0
 0
 0
 0
 0
 0
 0
 0
 0
 0
 0.9121899999999999
 0.85585
 0.92519
 0.93935
 0.93399
 0.94072
 0.91086
 0.92353
 0.91711
 0.9191
 0.92428
 0.92079
 0.91869
 0.89785
 0.90933
 0.9111
 0.90356
 0.90549
 0.90193
 0.90998
 0.91694
 0.91099
 0.89852
 0.89725
 0.90518
 0.90058
 0.90469
 0.89745
 0
 0
 0
 0
 0
 0
 0
 0
 0
 0
 0
 0
 0
 0
 0
 0
 0
 0
 0
 0
 0
 0
 0
 0
 0
 0
 0
 0
 0
 0
 0
 0
 0
 0
 0
 0
 0
 0
 0
 0
 0
 0
 0
 0
 0
 0
 0
 0
 0
 0
 0
 0
 0
 0
 0
 0
 0
 0
 0
 0


