# Created by Octave 4.0.0, Sat Nov 21 16:30:31 2015 W. Europe Standard Time <unknown@Florian-PC>
# name: mus
# type: matrix
# ndims: 3
 1 30 19
 0
 0
 0.70562
 0.70657
 0.72256
 0.72631
 0.73041
 0.72377
 0.70408
 0.7055900000000001
 0.71548
 0.68848
 0.68868
 0.67983
 0.68235
 0.6763400000000001
 0.65852
 0.66386
 0.65657
 0.6623599999999999
 0.66308
 0.6618000000000001
 0.67243
 0.6661
 0.66817
 0.67075
 0.66723
 0.68471
 0.70106
 0.70395
 0
 0
 0.33333
 0.5
 0.6
 0.9
 0.9
 0.7
 0.7
 0.7
 0.8
 0.76667
 0.7
 0.73333
 0.6
 0.6166700000000001
 0.41667
 0.58333
 0.6333299999999999
 0.6
 0.58
 0.64
 0.5600000000000001
 0.63
 0.6
 0.51333
 0.54667
 0.61333
 0.72
 0.66667
 0
 0
 0.65152
 0.66791
 0.73003
 0.8946499999999999
 0.83565
 0.8527
 0.65828
 0.78015
 0.75698
 0.68131
 0.58495
 0.65641
 0.50676
 0.53837
 0.59243
 0.41618
 0.43378
 0.5106000000000001
 0.57345
 0.6282
 0.56765
 0.62476
 0.61353
 0.6029600000000001
 0.62294
 0.6311600000000001
 0.64255
 0.69826
 0
 0
 0.38717
 0.54481
 0.61421
 0.78549
 0.792
 0.82286
 0.69079
 0.70681
 0.71713
 0.66431
 0.56885
 0.62207
 0.53034
 0.56997
 0.49934
 0.47853
 0.5108
 0.53857
 0.56224
 0.58939
 0.56876
 0.5892500000000001
 0.5549500000000001
 0.57313
 0.5966399999999999
 0.60933
 0.60814
 0.62108
 0
 0
 0
 0.75
 0.6
 1
 0.42857
 0.75
 0.88889
 0.6
 0.81818
 0.66667
 0.61538
 0.77778
 0.6
 0.66667
 0.5
 1
 0
 0
 1
 0
 1
 0
 1
 0
 0
 0
 1
 1
 0
 0
 0.08333
 0.57041
 0.69031
 0.73603
 0.71079
 0.80593
 0.72056
 0.7166
 0.78627
 0.65687
 0.5967
 0.64841
 0.53913
 0.55945
 0.48249
 0.49879
 0.47658
 0.51972
 0.58297
 0.54518
 0.58835
 0.55776
 0.5879
 0.5356300000000001
 0.53065
 0.6029
 0.62686
 0.5977
 0
 0
 0.78929
 0.66287
 0.72141
 0.82357
 0.85602
 0.93575
 0.72988
 0.79176
 0.77921
 0.7259
 0.6885599999999999
 0.70548
 0.63469
 0.67564
 0.63859
 0.60354
 0.62598
 0.71368
 0.68651
 0.71069
 0.6845599999999999
 0.69171
 0.62395
 0.67824
 0.70613
 0.72138
 0.7387899999999999
 0.71013
 0
 0
 0.38695
 0.54855
 0.57712
 0.85195
 0.77678
 0.87537
 0.70441
 0.73513
 0.72907
 0.67157
 0.5701000000000001
 0.62598
 0.5413
 0.55121
 0.49535
 0.47598
 0.50571
 0.5376
 0.56031
 0.59643
 0.56817
 0.59796
 0.55123
 0.57155
 0.59972
 0.60537
 0.60053
 0.62471
 0
 0
 0.9997
 1
 1
 1
 1
 1
 1
 1
 0.99791
 0.99765
 0.9903
 0.9889
 0.97504
 0.97598
 0.96751
 0.97733
 0.97219
 0.97036
 0.96036
 0.96534
 0.9629799999999999
 0.96515
 0.95252
 0.96322
 0.95483
 0.95487
 0.93803
 0.95053
 0
 0
 0.08333
 0.4801
 0.57945
 0.91545
 0.70566
 0.8510799999999999
 0.69164
 0.71134
 0.73912
 0.6549700000000001
 0.54815
 0.638
 0.51576
 0.56837
 0.4785
 0.45463
 0.49087
 0.5214299999999999
 0.54937
 0.58286
 0.56357
 0.57674
 0.5501
 0.56984
 0.58711
 0.59399
 0.59512
 0.30035
 0
 0
 0.78929
 0.67094
 0.72123
 0.79581
 0.79342
 0.89991
 0.7313
 0.78178
 0.76829
 0.67115
 0.6803
 0.67303
 0.66875
 0.63619
 0.62707
 0.59788
 0.62812
 0.673
 0.66149
 0.65728
 0.68697
 0.67791
 0.63014
 0.68651
 0.67054
 0.66721
 0.68506
 0.7098100000000001
 0
 0
 0
 0
 0
 0
 0
 0
 0
 0
 0
 0
 0
 0
 0
 0
 0
 0
 0
 0
 0
 0
 0
 0
 0
 0
 0
 0
 0
 0
 0
 0
 0
 0
 0
 0
 0
 0
 0
 0
 0
 0
 0
 0
 0
 0
 0
 0
 0
 0
 0
 0
 0
 0
 0
 0
 0
 0
 0
 0
 0
 0
 0
 0
 0
 0
 0
 0
 0
 0
 0
 0
 0
 0
 0
 0
 0
 0
 0
 0
 0
 0
 0
 0
 0
 0
 0
 0
 0
 0
 0
 0
 0
 0
 0
 0
 0
 0
 0
 0
 0
 0
 0
 0
 0
 0
 0
 0
 0
 0
 0
 0
 0
 0
 0
 0
 0
 0
 0
 0
 0
 0
 0
 0
 0
 0
 0
 0
 0
 0
 0
 0
 0
 0
 0
 0
 0
 0
 0
 0
 0
 0
 0
 0
 0
 0
 0
 0
 0
 0
 0
 0
 0.99998
 1
 1
 1
 1
 1
 0.99901
 0.99457
 1
 0.99991
 0.98902
 0.9889
 0.97524
 0.97933
 0.97787
 0.96967
 0.9665
 0.9691
 0.9574
 0.96626
 0.96233
 0.9535
 0.94298
 0.95851
 0.95175
 0.9617
 0.95289
 0.94574
 0
 0
 0
 0
 0
 0
 0
 0
 0
 0
 0
 0
 0
 0
 0
 0
 0
 0
 0
 0
 0
 0
 0
 0
 0
 0
 0
 0
 0
 0
 0
 0
 0
 0
 0
 0
 0
 0
 0
 0
 0
 0
 0
 0
 0
 0
 0
 0
 0
 0
 0
 0
 0
 0
 0
 0
 0
 0
 0
 0


