# Created by Octave 4.0.0, Sat Nov 21 16:30:46 2015 W. Europe Standard Time <unknown@Florian-PC>
# name: mus
# type: matrix
# ndims: 3
 1 30 19
 0
 0
 0.50083
 0.50056
 0.5002799999999999
 0.52397
 0.58199
 0.5608300000000001
 0.59073
 0.63352
 0.62091
 0.63367
 0.64168
 0.62207
 0.58207
 0.5798
 0.5744899999999999
 0.57351
 0.56931
 0.58989
 0.60403
 0.60837
 0.61213
 0.61261
 0.6090100000000001
 0.60294
 0.60999
 0.60128
 0.60261
 0.60339
 0
 0
 1
 1
 1
 0.4
 0.5
 0.5
 0.5
 0.5
 0.66667
 0.43333
 0.7
 0.66667
 0.8
 0.81667
 0.71667
 0.66667
 0.58333
 0.7
 0.5600000000000001
 0.63
 0.65
 0.66
 0.64
 0.54
 0.6266699999999999
 0.72
 0.72
 0.73333
 0
 0
 1
 1
 1
 0.64333
 0.67867
 0.72503
 0.72945
 0.5555099999999999
 0.48084
 0.65887
 0.62095
 0.50598
 0.67908
 0.66251
 0.65317
 0.65995
 0.65569
 0.60633
 0.69524
 0.6985
 0.68433
 0.68484
 0.5841499999999999
 0.58911
 0.58421
 0.63445
 0.5187
 0.6627
 0
 0
 1
 1
 1
 0.83739
 0.65459
 0.53298
 0.5233
 0.63684
 0.58297
 0.58747
 0.5891999999999999
 0.57397
 0.7805299999999999
 0.75665
 0.73871
 0.73075
 0.7456
 0.78677
 0.77145
 0.72603
 0.69825
 0.66736
 0.59402
 0.61382
 0.6694600000000001
 0.67356
 0.6910500000000001
 0.73338
 0
 0
 1
 1
 1
 0.66667
 0.57143
 0.625
 0.44444
 0.4
 0.54545
 0.33333
 0.61538
 0.66667
 0.4
 1
 0.5
 1
 0
 1
 1
 1
 1
 0
 0
 1
 0
 1
 0
 1
 0
 0
 1
 1
 1
 0.65
 0.58452
 0.58036
 0.50199
 0.47262
 0.54583
 0.46654
 0.60927
 0.65666
 0.6363
 0.89011
 0.57421
 0.79613
 0.52801
 0.84592
 0.8068
 0.829
 0.95796
 0.42859
 0.20835
 0.72239
 0.09376
 0.85254
 0.60417
 0.87131
 0
 0
 1
 1
 1
 0.72013
 0.68611
 0.69718
 0.64929
 0.68465
 0.61796
 0.64806
 0.65484
 0.5637799999999999
 0.70916
 0.72071
 0.56081
 0.71687
 0.64984
 0.74736
 0.78118
 0.71814
 0.69607
 0.7055
 0.65317
 0.67417
 0.67105
 0.65469
 0.67831
 0.66207
 0
 0
 1
 1
 1
 0.78676
 0.7134200000000001
 0.67323
 0.59656
 0.6095699999999999
 0.62773
 0.60393
 0.655
 0.57219
 0.75318
 0.7020999999999999
 0.72129
 0.73154
 0.7087
 0.7924099999999999
 0.7395699999999999
 0.71044
 0.70655
 0.68271
 0.58041
 0.60845
 0.62671
 0.65516
 0.64459
 0.69754
 0
 0
 1
 1
 1
 1
 1
 1
 1
 1
 1
 1
 1
 1
 1
 1
 1
 1
 1
 1
 1
 1
 1
 1
 1
 1
 1
 1
 1
 1
 0
 0
 1
 1
 1
 0.64974
 0.62702
 0.54109
 0.5619499999999999
 0.51196
 0.50735
 0.5220399999999999
 0.56743
 0.5033
 0.87851
 0.68213
 0.65686
 0.65745
 0.7091499999999999
 0.72832
 0.66374
 0.83319
 0.74961
 0.70667
 0.49441
 0.50083
 0.36476
 0.73973
 0.74815
 0.58087
 0
 0
 1
 1
 1
 0.7331800000000001
 0.7159
 0.6862200000000001
 0.63485
 0.84074
 0.62566
 0.6523600000000001
 0.62293
 0.59505
 0.78937
 0.85455
 0.63739
 0.73693
 0.6626300000000001
 0.85782
 0.65594
 0.7261
 0.72427
 0.77074
 0.78362
 0.65384
 0.69467
 0.6825599999999999
 0.7371799999999999
 0.6837800000000001
 0
 0
 0
 0
 0
 0
 0
 0
 0
 0
 0
 0
 0
 0
 0
 0
 0
 0
 0
 0
 0
 0
 0
 0
 0
 0
 0
 0
 0
 0
 0
 0
 0
 0
 0
 0
 0
 0
 0
 0
 0
 0
 0
 0
 0
 0
 0
 0
 0
 0
 0
 0
 0
 0
 0
 0
 0
 0
 0
 0
 0
 0
 0
 0
 0
 0
 0
 0
 0
 0
 0
 0
 0
 0
 0
 0
 0
 0
 0
 0
 0
 0
 0
 0
 0
 0
 0
 0
 0
 0
 0
 0
 0
 0
 0
 0
 0
 0
 0
 0
 0
 0
 0
 0
 0
 0
 0
 0
 0
 0
 0
 0
 0
 0
 0
 0
 0
 0
 0
 0
 0
 0
 0
 0
 0
 0
 0
 0
 0
 0
 0
 0
 0
 0
 0
 0
 0
 0
 0
 0
 0
 0
 0
 0
 0
 0
 0
 0
 0
 0
 0
 0
 1
 1
 1
 1
 1
 1
 1
 1
 1
 1
 1
 1
 1
 1
 1
 1
 1
 1
 1
 1
 1
 1
 1
 1
 1
 1
 1
 1
 0
 0
 0
 0
 0
 0
 0
 0
 0
 0
 0
 0
 0
 0
 0
 0
 0
 0
 0
 0
 0
 0
 0
 0
 0
 0
 0
 0
 0
 0
 0
 0
 0
 0
 0
 0
 0
 0
 0
 0
 0
 0
 0
 0
 0
 0
 0
 0
 0
 0
 0
 0
 0
 0
 0
 0
 0
 0
 0
 0


# name: vars
# type: matrix
# ndims: 3
 1 30 19
 0
 0
 0.079106
 0.061523
 0.051816
 0.040345
 0.037117
 0.028304
 0.028872
 0.029994
 0.022385
 0.017344
 0.019561
 0.016078
 0.020919
 0.014373
 0.015949
 0.013658
 0.012439
 0.011601
 0.015111
 0.015431
 0.008130999999999999
 0.008977000000000001
 0.007049
 0.014392
 0.009337
 0.007805
 0.008463999999999999
 0.00585
 0
 0
 0
 0
 0
 0.3
 0.25
 0.25
 0.25
 0.25
 0.09722
 0.18889
 0.08889
 0.05556
 0.03333
 0.02917
 0.08889
 0.07292
 0.04514
 0.04375
 0.04925
 0.0195
 0.015
 0.038
 0.028
 0.048
 0.02133
 0.01922
 0.01144
 0.02222
 0
 0
 0
 0
 0
 0
 0
 0
 0
 0
 0
 0
 0
 0
 0
 0
 0
 0
 0
 0
 0
 0
 0
 0
 0
 0
 0
 0
 0
 0
 0
 0
 0
 0
 0
 0.042604
 0.088028
 0.052829
 0.07417799999999999
 0.06428499999999999
 0.064845
 0.056389
 0.051533
 0.053238
 0.045457
 0.039431
 0.040285
 0.045079
 0.042074
 0.032382
 0.032311
 0.039599
 0.037074
 0.038813
 0.048142
 0.043808
 0.039278
 0.037784
 0.03902
 0.038786
 0
 0
 0
 0
 0
 0
 0
 0
 0
 0
 0
 0
 0
 0
 0
 0
 0
 0
 0
 0
 0
 0
 0
 0
 0
 0
 0
 0
 0
 0
 0
 0
 0
 0
 0
 0
 0
 0
 0
 0
 0
 0
 0
 0
 0
 0
 0
 0
 0
 0
 0
 0
 0
 0
 0
 0
 0
 0
 0
 0
 0
 0
 0
 0
 0
 0
 0
 0
 0
 0
 0
 0
 0
 0
 0
 0
 0
 0
 0
 0
 0
 0
 0
 0
 0
 0
 0
 0
 0
 0
 0
 0
 0
 0
 0
 0.053615
 0.063155
 0.037734
 0.057202
 0.038218
 0.047227
 0.041575
 0.041497
 0.040871
 0.05708
 0.047022
 0.048749
 0.053629
 0.050101
 0.035622
 0.036384
 0.037744
 0.038216
 0.040604
 0.051785
 0.046982
 0.053937
 0.041581
 0.04665
 0.043333
 0
 0
 0
 0
 0
 0
 0
 0
 0
 0
 0
 0
 0
 0
 0
 0
 0
 0
 0
 0
 0
 0
 0
 0
 0
 0
 0
 0
 0
 0
 0
 0
 0
 0
 0
 0
 0
 0
 0
 0
 0
 0
 0
 0
 0
 0
 0
 0
 0
 0
 0
 0
 0
 0
 0
 0
 0
 0
 0
 0
 0
 0
 0
 0
 0
 0
 0
 0
 0
 0
 0
 0
 0
 0
 0
 0
 0
 0
 0
 0
 0
 0
 0
 0
 0
 0
 0
 0
 0
 0
 0
 0
 0
 0
 0
 0
 0
 0
 0
 0
 0
 0
 0
 0
 0
 0
 0
 0
 0
 0
 0
 0
 0
 0
 0
 0
 0
 0
 0
 0
 0
 0
 0
 0
 0
 0
 0
 0
 0
 0
 0
 0
 0
 0
 0
 0
 0
 0
 0
 0
 0
 0
 0
 0
 0
 0
 0
 0
 0
 0
 0
 0
 0
 0
 0
 0
 0
 0
 0
 0
 0
 0
 0
 0
 0
 0
 0
 0
 0
 0
 0
 0
 0
 0
 0
 0
 0
 0
 0
 0
 0
 0
 0
 0
 0
 0
 0
 0
 0
 0
 0
 0
 0
 0
 0
 0
 0
 0
 0
 0
 0
 0
 0
 0
 0
 0
 0
 0
 0
 0
 0
 0
 0
 0
 0
 0
 0
 0
 0
 0
 0
 0
 0
 0
 0
 0
 0
 0
 0
 0
 0
 0
 0
 0
 0
 0
 0
 0
 0
 0
 0
 0
 0
 0
 0
 0
 0
 0
 0
 0
 0
 0
 0
 0
 0
 0
 0
 0
 0
 0
 0
 0
 0
 0
 0
 0
 0
 0
 0
 0
 0
 0
 0
 0
 0
 0
 0
 0
 0
 0
 0
 0
 0
 0
 0
 0
 0
 0
 0
 0
 0
 0
 0
 0
 0
 0
 0
 0
 0
 0
 0
 0
 0
 0
 0
 0
 0
 0
 0
 0
 0
 0
 0
 0
 0
 0
 0
 0
 0
 0
 0
 0
 0
 0
 0
 0
 0
 0
 0
 0


