# Created by Octave 4.0.0, Sat Nov 21 16:30:55 2015 W. Europe Standard Time <unknown@Florian-PC>
# name: mus
# type: matrix
# ndims: 3
 1 30 19
 0
 0
 0.69672
 0.69822
 0.67131
 0.67447
 0.71651
 0.71429
 0.73088
 0.72793
 0.72911
 0.73043
 0.7317900000000001
 0.73284
 0.72997
 0.73103
 0.62562
 0.60101
 0.58687
 0.5881999999999999
 0.58891
 0.6744599999999999
 0.66304
 0.66273
 0.66648
 0.69156
 0.68967
 0.66908
 0.67964
 0.6932199999999999
 0
 0
 0.66667
 1
 1
 1
 0.7
 0.8
 0.8
 0.9
 0.93333
 0.93333
 0.9
 0.93333
 0.93333
 0.8
 0.78333
 0.71667
 0.66667
 0.7
 0.78
 0.72
 0.64
 0.62
 0.6
 0.58667
 0.6266699999999999
 0.62
 0.58
 0.7
 0
 0
 0.65152
 0.88896
 0.9389
 0.97283
 0.8072
 0.8470299999999999
 0.81416
 0.91951
 0.86374
 0.85841
 0.88304
 0.88119
 0.8988
 0.81495
 0.79254
 0.69368
 0.72687
 0.72879
 0.6951000000000001
 0.65606
 0.70753
 0.70675
 0.65113
 0.65378
 0.62752
 0.67472
 0.73009
 0.6993
 0
 0
 0.72223
 0.99108
 0.995
 1
 0.78894
 0.81514
 0.92391
 0.9253
 0.94381
 0.94929
 0.9457100000000001
 0.96123
 0.9533
 0.89884
 0.747
 0.69382
 0.7788
 0.7666500000000001
 0.73382
 0.6909999999999999
 0.69386
 0.66655
 0.65812
 0.70384
 0.66683
 0.75989
 0.7657
 0.77529
 0
 0
 0.66667
 1
 1
 1
 0.57143
 0.5
 0.88889
 1
 1
 0.75
 0.92308
 1
 1
 1
 0
 1
 0
 1
 1
 0
 1
 1
 1
 0
 0
 1
 1
 1
 0
 0
 1
 1.2381
 1.2
 1.2
 0.6881
 0.70566
 0.91567
 0.99802
 1.03636
 0.83422
 0.9520999999999999
 0.99486
 0.99763
 1.00142
 0.55867
 0.87681
 0.55702
 0.93448
 0.8621799999999999
 0.42363
 0.67815
 0.87579
 0.53145
 0.58335
 0.63542
 0.82742
 0.79167
 0.91094
 0
 0
 0.36788
 0.8173899999999999
 0.9397
 0.92563
 0.8892099999999999
 0.84898
 0.80644
 0.90116
 0.84094
 0.83514
 0.87984
 0.96851
 0.88916
 0.79722
 0.81007
 0.72765
 0.70866
 0.73292
 0.73839
 0.72226
 0.71991
 0.72818
 0.70042
 0.68436
 0.61926
 0.78792
 0.75569
 0.73767
 0
 0
 0.72223
 0.94412
 0.9593699999999999
 0.99731
 0.83269
 0.8428099999999999
 0.87928
 0.91489
 0.91355
 0.93726
 0.9482699999999999
 0.95667
 0.96017
 0.89016
 0.80522
 0.7587
 0.78588
 0.78033
 0.75243
 0.6735
 0.70439
 0.66284
 0.67276
 0.69234
 0.6706800000000001
 0.72864
 0.75071
 0.73284
 0
 0
 1
 1
 1
 1
 1
 1
 1
 1
 1
 1
 1
 1
 1
 1
 1
 1
 1
 1
 1
 1
 1
 1
 1
 1
 1
 1
 1
 1
 0
 0
 1
 1.17545
 1.15077
 1.362
 0.91162
 0.78352
 0.77319
 0.87658
 0.85101
 0.89064
 0.94184
 0.90455
 0.95451
 0.81173
 0.76208
 0.67992
 0.89569
 0.90546
 0.69246
 0.60982
 0.64872
 0.60366
 0.55489
 0.70551
 0.86944
 0.59787
 0.99215
 0.98569
 0
 0
 0.36788
 0.8173899999999999
 0.93423
 0.87965
 0.87158
 0.93738
 0.81718
 0.94245
 0.86818
 0.84621
 0.94936
 1.03087
 0.85422
 0.76825
 0.99582
 0.70892
 0.66621
 0.74999
 0.75952
 0.70947
 0.76834
 0.79567
 0.72987
 0.70925
 0.67541
 0.7188099999999999
 0.74573
 0.74992
 0
 0
 0
 0
 0
 0
 0
 0
 0
 0
 0
 0
 0
 0
 0
 0
 0
 0
 0
 0
 0
 0
 0
 0
 0
 0
 0
 0
 0
 0
 0
 0
 0
 0
 0
 0
 0
 0
 0
 0
 0
 0
 0
 0
 0
 0
 0
 0
 0
 0
 0
 0
 0
 0
 0
 0
 0
 0
 0
 0
 0
 0
 0
 0
 0
 0
 0
 0
 0
 0
 0
 0
 0
 0
 0
 0
 0
 0
 0
 0
 0
 0
 0
 0
 0
 0
 0
 0
 0
 0
 0
 0
 0
 0
 0
 0
 0
 0
 0
 0
 0
 0
 0
 0
 0
 0
 0
 0
 0
 0
 0
 0
 0
 0
 0
 0
 0
 0
 0
 0
 0
 0
 0
 0
 0
 0
 0
 0
 0
 0
 0
 0
 0
 0
 0
 0
 0
 0
 0
 0
 0
 0
 0
 0
 0
 0
 0
 0
 0
 0
 0
 0
 1
 1
 1
 1
 1
 1
 1
 1
 1
 1
 1
 1
 1
 1
 1
 1
 1
 1
 1
 1
 1
 1
 1
 1
 1
 1
 1
 1
 0
 0
 0
 0
 0
 0
 0
 0
 0
 0
 0
 0
 0
 0
 0
 0
 0
 0
 0
 0
 0
 0
 0
 0
 0
 0
 0
 0
 0
 0
 0
 0
 0
 0
 0
 0
 0
 0
 0
 0
 0
 0
 0
 0
 0
 0
 0
 0
 0
 0
 0
 0
 0
 0
 0
 0
 0
 0
 0
 0


# name: vars
# type: matrix
# ndims: 3
 1 30 19
 0
 0
 0.06561400000000001
 0.047396
 0.045404
 0.033496
 0.030288
 0.026465
 0.020984
 0.018429
 0.016318
 0.021714
 0.01624
 0.017573
 0.014527
 0.01132
 0.011312
 0.011172
 0.013851
 0.011933
 0.012072
 0.007816999999999999
 0.008945
 0.007095
 0.008317
 0.008189
 0.011639
 0.007744
 0.009606
 0.006428
 0
 0
 0.33333
 0
 0
 0
 0.2
 0.075
 0.2
 0.05
 0.02222
 0.02222
 0.05
 0.02222
 0.02222
 0.03333
 0.04722
 0.03333
 0.09722
 0.10625
 0.06075
 0.067
 0.043
 0.052
 0.1
 0.10756
 0.07522
 0.06089
 0.07088999999999999
 0.06111
 0
 0
 0
 0
 0
 0
 0
 0
 0
 0
 0
 0
 0
 0
 0
 0
 0
 0
 0
 0
 0
 0
 0
 0
 0
 0
 0
 0
 0
 0
 0
 0
 0.17881
 0.00037
 0.00062
 0
 0.05467
 0.03807
 0.02001
 0.01658
 0.0101
 0.01134
 0.009169999999999999
 0.00649
 0.009900000000000001
 0.01992
 0.05183
 0.04761
 0.03371
 0.03449
 0.04004
 0.03987
 0.03657
 0.04099
 0.03935
 0.03966
 0.03704
 0.03204
 0.03254
 0.03301
 0
 0
 0
 0
 0
 0
 0
 0
 0
 0
 0
 0
 0
 0
 0
 0
 0
 0
 0
 0
 0
 0
 0
 0
 0
 0
 0
 0
 0
 0
 0
 0
 0
 0
 0
 0
 0
 0
 0
 0
 0
 0
 0
 0
 0
 0
 0
 0
 0
 0
 0
 0
 0
 0
 0
 0
 0
 0
 0
 0
 0
 0
 0
 0
 0
 0
 0
 0
 0
 0
 0
 0
 0
 0
 0
 0
 0
 0
 0
 0
 0
 0
 0
 0
 0
 0
 0
 0
 0
 0
 0
 0
 0.17881
 0.01443
 0.0126
 0.00026
 0.03355
 0.01312
 0.01967
 0.01355
 0.01473
 0.01036
 0.01012
 0.01266
 0.00834
 0.02324
 0.03775
 0.03202
 0.03449
 0.03784
 0.03998
 0.04731
 0.04078
 0.04806
 0.04789
 0.04995
 0.04839
 0.04837
 0.04266
 0.04524
 0
 0
 0
 0
 0
 0
 0
 0
 0
 0
 0
 0
 0
 0
 0
 0
 0
 0
 0
 0
 0
 0
 0
 0
 0
 0
 0
 0
 0
 0
 0
 0
 0
 0
 0
 0
 0
 0
 0
 0
 0
 0
 0
 0
 0
 0
 0
 0
 0
 0
 0
 0
 0
 0
 0
 0
 0
 0
 0
 0
 0
 0
 0
 0
 0
 0
 0
 0
 0
 0
 0
 0
 0
 0
 0
 0
 0
 0
 0
 0
 0
 0
 0
 0
 0
 0
 0
 0
 0
 0
 0
 0
 0
 0
 0
 0
 0
 0
 0
 0
 0
 0
 0
 0
 0
 0
 0
 0
 0
 0
 0
 0
 0
 0
 0
 0
 0
 0
 0
 0
 0
 0
 0
 0
 0
 0
 0
 0
 0
 0
 0
 0
 0
 0
 0
 0
 0
 0
 0
 0
 0
 0
 0
 0
 0
 0
 0
 0
 0
 0
 0
 0
 0
 0
 0
 0
 0
 0
 0
 0
 0
 0
 0
 0
 0
 0
 0
 0
 0
 0
 0
 0
 0
 0
 0
 0
 0
 0
 0
 0
 0
 0
 0
 0
 0
 0
 0
 0
 0
 0
 0
 0
 0
 0
 0
 0
 0
 0
 0
 0
 0
 0
 0
 0
 0
 0
 0
 0
 0
 0
 0
 0
 0
 0
 0
 0
 0
 0
 0
 0
 0
 0
 0
 0
 0
 0
 0
 0
 0
 0
 0
 0
 0
 0
 0
 0
 0
 0
 0
 0
 0
 0
 0
 0
 0
 0
 0
 0
 0
 0
 0
 0
 0
 0
 0
 0
 0
 0
 0
 0
 0
 0
 0
 0
 0
 0
 0
 0
 0
 0
 0
 0
 0
 0
 0
 0
 0
 0
 0
 0
 0
 0
 0
 0
 0
 0
 0
 0
 0
 0
 0
 0
 0
 0
 0
 0
 0
 0
 0
 0
 0
 0
 0
 0
 0
 0
 0
 0
 0
 0
 0
 0
 0
 0
 0
 0
 0
 0
 0
 0
 0
 0
 0
 0
 0
 0
 0
 0
 0
 0


