# Created by Octave 4.0.0, Sat Nov 21 16:30:43 2015 W. Europe Standard Time <unknown@Florian-PC>
# name: mus
# type: matrix
# ndims: 3
 1 30 19
 0
 0
 0.30273
 0.28675
 0.45738
 0.4621
 0.46081
 0.43415
 0.43774
 0.43575
 0.4351
 0.43177
 0.657
 0.6321099999999999
 0.63866
 0.64397
 0.64725
 0.6459
 0.67465
 0.68315
 0.61266
 0.5631
 0.67586
 0.6835599999999999
 0.6969
 0.69714
 0.68967
 0.67997
 0.67909
 0.65932
 0
 0
 0.33333
 0
 0.2
 0.3
 0.4
 0.3
 0.2
 0.6
 0.6333299999999999
 0.43333
 0.53333
 0.5
 0.46667
 0.55
 0.66667
 0.65
 0.75
 0.6
 0.54
 0.58
 0.51
 0.51
 0.52
 0.50667
 0.36667
 0.50667
 0.44667
 0.46667
 0
 0
 0.50309
 0.52927
 0.48965
 0.59734
 0.68512
 0.47898
 0.46734
 0.51207
 0.56618
 0.51308
 0.60031
 0.55024
 0.54304
 0.5782
 0.58891
 0.60225
 0.62056
 0.56418
 0.51248
 0.57685
 0.56633
 0.46023
 0.48776
 0.51173
 0.45059
 0.51287
 0.45153
 0.46922
 0
 0
 0.20586
 0.11153
 0.34171
 0.34995
 0.44618
 0.24857
 0.25907
 0.31956
 0.39816
 0.39805
 0.5827599999999999
 0.49483
 0.54684
 0.59185
 0.61756
 0.64854
 0.69959
 0.66533
 0.62349
 0.58891
 0.54738
 0.58382
 0.57156
 0.5189
 0.48202
 0.45688
 0.43325
 0.43705
 0
 0
 0
 0
 0.4
 0.16667
 0.42857
 0.25
 0.22222
 0.1
 0.27273
 0.41667
 0.61538
 0.77778
 0.4
 1
 0.5
 1
 0
 1
 1
 1
 1
 1
 1
 0
 1
 0
 1
 1
 0
 0
 0.00944
 0.03394
 0.34275
 0.26981
 0.44307
 0.2663
 0.31517
 0.26638
 0.32459
 0.42105
 0.60507
 0.58948
 0.52846
 0.71211
 0.56553
 0.69235
 0.56531
 0.768
 0.75756
 0.55423
 0.63839
 0.624
 0.63105
 0.40341
 0.46452
 0.35859
 0.54822
 0.50085
 0
 0
 0.78929
 0.61475
 0.64846
 0.61067
 0.61603
 0.5290899999999999
 0.64432
 0.51352
 0.62887
 0.61078
 0.62027
 0.59859
 0.59385
 0.60742
 0.62557
 0.6401
 0.6813900000000001
 0.6388200000000001
 0.57733
 0.62584
 0.58484
 0.6224
 0.60479
 0.65129
 0.5885
 0.6113
 0.61617
 0.593
 0
 0
 0.21831
 0.20407
 0.34194
 0.42262
 0.44538
 0.34032
 0.3507
 0.42503
 0.47335
 0.46856
 0.55962
 0.4952
 0.52947
 0.55949
 0.5748
 0.6024
 0.63114
 0.59389
 0.57975
 0.5653
 0.52095
 0.53372
 0.53359
 0.51683
 0.5071099999999999
 0.49214
 0.47999
 0.48234
 0
 0
 0.957
 0.90734
 0.9608100000000001
 0.92802
 0.90587
 0.9433
 0.92045
 0.92818
 0.92382
 0.92032
 0.93481
 0.91778
 0.90684
 0.91396
 0.91911
 0.91554
 0.90435
 0.9024799999999999
 0.89621
 0.90437
 0.90542
 0.90322
 0.90628
 0.89757
 0.90915
 0.90266
 0.89091
 0.90537
 0
 0
 0.0451
 0.04889
 0.24855
 0.62727
 0.4907
 0.279
 0.33502
 0.3725
 0.41926
 0.45827
 0.54187
 0.49433
 0.50797
 0.35784
 0.57178
 0.59493
 0.55187
 0.64355
 0.58175
 0.56635
 0.52585
 0.34489
 0.53845
 0.45922
 0.46045
 0.46547
 0.50428
 0.52442
 0
 0
 0.78929
 0.50612
 0.6438
 0.55242
 0.64334
 0.61305
 0.64623
 0.49402
 0.63665
 0.67177
 0.6811199999999999
 0.57698
 0.6404300000000001
 0.6297
 0.38158
 0.69421
 0.63086
 0.62954
 0.62203
 0.6448700000000001
 0.5879
 0.61954
 0.52395
 0.64135
 0.6447000000000001
 0.34822
 0.5689
 0.52433
 0
 0
 0
 0
 0
 0
 0
 0
 0
 0
 0
 0
 0
 0
 0
 0
 0
 0
 0
 0
 0
 0
 0
 0
 0
 0
 0
 0
 0
 0
 0
 0
 0
 0
 0
 0
 0
 0
 0
 0
 0
 0
 0
 0
 0
 0
 0
 0
 0
 0
 0
 0
 0
 0
 0
 0
 0
 0
 0
 0
 0
 0
 0
 0
 0
 0
 0
 0
 0
 0
 0
 0
 0
 0
 0
 0
 0
 0
 0
 0
 0
 0
 0
 0
 0
 0
 0
 0
 0
 0
 0
 0
 0
 0
 0
 0
 0
 0
 0
 0
 0
 0
 0
 0
 0
 0
 0
 0
 0
 0
 0
 0
 0
 0
 0
 0
 0
 0
 0
 0
 0
 0
 0
 0
 0
 0
 0
 0
 0
 0
 0
 0
 0
 0
 0
 0
 0
 0
 0
 0
 0
 0
 0
 0
 0
 0
 0
 0
 0
 0
 0
 0
 0.94312
 0.91296
 0.90886
 0.93923
 0.92153
 0.92648
 0.93352
 0.9292
 0.91922
 0.9297
 0.93375
 0.91106
 0.92319
 0.9156300000000001
 0.8984
 0.90926
 0.91721
 0.9084100000000001
 0.8988699999999999
 0.90972
 0.9101399999999999
 0.90664
 0.90657
 0.90138
 0.90402
 0.90433
 0.90877
 0.89858
 0
 0
 0
 0
 0
 0
 0
 0
 0
 0
 0
 0
 0
 0
 0
 0
 0
 0
 0
 0
 0
 0
 0
 0
 0
 0
 0
 0
 0
 0
 0
 0
 0
 0
 0
 0
 0
 0
 0
 0
 0
 0
 0
 0
 0
 0
 0
 0
 0
 0
 0
 0
 0
 0
 0
 0
 0
 0
 0
 0


