# Created by Octave 4.0.0, Sat Nov 21 16:30:54 2015 W. Europe Standard Time <unknown@Florian-PC>
# name: mus
# type: matrix
# ndims: 3
 1 30 19
 0
 0
 0.70896
 0.70991
 0.70864
 0.71795
 0.67037
 0.6808
 0.71859
 0.72067
 0.72281
 0.7226
 0.71823
 0.72084
 0.7232499999999999
 0.67076
 0.66894
 0.66667
 0.66545
 0.7191
 0.72997
 0.72958
 0.7385699999999999
 0.72804
 0.7329599999999999
 0.73058
 0.7298
 0.69754
 0.70273
 0.71299
 0
 0
 0.33333
 0.75
 0.6
 0.7
 0.7
 0.7
 0.5
 0.6
 0.8666700000000001
 0.83333
 0.6
 0.56667
 0.8
 0.81667
 0.75
 0.8
 0.76667
 0.55
 0.61
 0.6899999999999999
 0.65
 0.67
 0.72
 0.72
 0.66667
 0.68
 0.72
 0.73333
 0
 0
 0.63769
 0.8971
 0.7398400000000001
 0.82301
 0.72565
 0.75873
 0.83902
 0.8169
 0.79309
 0.83556
 0.75386
 0.80345
 0.79731
 0.72335
 0.7286
 0.71252
 0.67548
 0.69399
 0.69353
 0.70486
 0.77358
 0.75803
 0.72178
 0.76741
 0.71256
 0.65052
 0.69596
 0.70824
 0
 0
 0.30557
 0.88295
 0.65334
 0.81424
 0.84087
 0.79635
 0.71557
 0.74575
 0.8541800000000001
 0.86053
 0.7401
 0.73334
 0.83665
 0.8131699999999999
 0.7879699999999999
 0.79276
 0.75147
 0.68187
 0.68136
 0.74083
 0.71952
 0.7139799999999999
 0.7291299999999999
 0.71789
 0.72797
 0.65167
 0.66214
 0.68858
 0
 0
 0.66667
 0.75
 0.2
 0.83333
 0.57143
 0.875
 0.11111
 0.6
 0.72727
 0.83333
 0.69231
 0.44444
 0.6
 1
 1
 1
 0
 1
 0
 0
 1
 1
 1
 1
 1
 0
 0
 0
 0
 0
 0.83333
 0.97222
 0.50001
 0.8
 0.68929
 0.85179
 0.53522
 0.67609
 0.74899
 0.83636
 0.6919
 0.61447
 0.69228
 0.93628
 0.92177
 0.86846
 0.52022
 0.95605
 0.6086
 0.46877
 0.91501
 0.7694
 0.63785
 0.81237
 0.7407899999999999
 0.56251
 0.60419
 0.39586
 0
 0
 0.78929
 0.8204399999999999
 0.86154
 0.82253
 0.80796
 0.86042
 0.80594
 0.8335900000000001
 0.80235
 0.89815
 0.81697
 0.81582
 0.78008
 0.7113
 0.70994
 0.74078
 0.7010999999999999
 0.7973
 0.74486
 0.8181
 0.74751
 0.709
 0.74768
 0.74057
 0.76777
 0.71307
 0.74388
 0.71271
 0
 0
 0.30557
 0.75024
 0.65812
 0.81606
 0.8026799999999999
 0.83045
 0.80751
 0.84256
 0.82389
 0.85546
 0.78756
 0.80114
 0.81433
 0.82635
 0.78076
 0.7906
 0.76522
 0.69733
 0.72444
 0.73661
 0.7385699999999999
 0.74457
 0.71636
 0.73878
 0.73431
 0.6424800000000001
 0.6797299999999999
 0.66833
 0
 0
 1
 1
 1
 1
 1
 1
 1
 1
 1
 1
 1
 1
 1
 1
 1
 1
 1
 1
 1
 1
 1
 1
 1
 1
 1
 1
 1
 1
 0
 0
 0.83333
 0.98039
 0.60502
 0.73552
 0.7845
 0.75668
 0.69228
 0.74021
 0.79012
 0.77421
 0.68652
 0.71292
 0.72214
 0.85127
 0.72944
 0.78318
 0.73526
 0.7126400000000001
 0.83407
 0.7063700000000001
 0.67723
 0.68854
 0.70079
 0.51292
 0.59174
 0.31444
 0.74814
 0.74104
 0
 0
 0.78929
 0.8204399999999999
 0.84394
 0.88466
 0.75492
 0.87942
 0.7747000000000001
 0.87115
 0.81338
 0.85673
 0.80246
 0.77124
 1.02527
 0.74709
 0.70429
 0.7769200000000001
 0.71266
 0.709
 0.75936
 0.77739
 0.72139
 0.77727
 0.78751
 0.76096
 0.78427
 0.70673
 0.8494699999999999
 0.7426199999999999
 0
 0
 0
 0
 0
 0
 0
 0
 0
 0
 0
 0
 0
 0
 0
 0
 0
 0
 0
 0
 0
 0
 0
 0
 0
 0
 0
 0
 0
 0
 0
 0
 0
 0
 0
 0
 0
 0
 0
 0
 0
 0
 0
 0
 0
 0
 0
 0
 0
 0
 0
 0
 0
 0
 0
 0
 0
 0
 0
 0
 0
 0
 0
 0
 0
 0
 0
 0
 0
 0
 0
 0
 0
 0
 0
 0
 0
 0
 0
 0
 0
 0
 0
 0
 0
 0
 0
 0
 0
 0
 0
 0
 0
 0
 0
 0
 0
 0
 0
 0
 0
 0
 0
 0
 0
 0
 0
 0
 0
 0
 0
 0
 0
 0
 0
 0
 0
 0
 0
 0
 0
 0
 0
 0
 0
 0
 0
 0
 0
 0
 0
 0
 0
 0
 0
 0
 0
 0
 0
 0
 0
 0
 0
 0
 0
 0
 0
 0
 0
 0
 0
 0
 1
 1
 1
 1
 1
 1
 1
 1
 1
 1
 1
 1
 1
 1
 1
 1
 1
 1
 1
 1
 1
 1
 1
 1
 1
 1
 1
 1
 0
 0
 0
 0
 0
 0
 0
 0
 0
 0
 0
 0
 0
 0
 0
 0
 0
 0
 0
 0
 0
 0
 0
 0
 0
 0
 0
 0
 0
 0
 0
 0
 0
 0
 0
 0
 0
 0
 0
 0
 0
 0
 0
 0
 0
 0
 0
 0
 0
 0
 0
 0
 0
 0
 0
 0
 0
 0
 0
 0


# name: vars
# type: matrix
# ndims: 3
 1 30 19
 0
 0
 0.071044
 0.050566
 0.042802
 0.036325
 0.035771
 0.028683
 0.020797
 0.020525
 0.015182
 0.015901
 0.014321
 0.012674
 0.010896
 0.014286
 0.011252
 0.012031
 0.012758
 0.010426
 0.010279
 0.01028
 0.010286
 0.01076
 0.007487
 0.006485
 0.00919
 0.009676000000000001
 0.006049
 0.008621
 0
 0
 0.33333
 0.25
 0.3
 0.2
 0.2
 0.2
 0.125
 0.05
 0.08889
 0.05556
 0.008330000000000001
 0.02222
 0.03333
 0.02917
 0.02083
 0.04375
 0.07431
 0.04375
 0.08550000000000001
 0.038
 0.035
 0.0295
 0.052
 0.052
 0.04056
 0.047
 0.01144
 0.02222
 0
 0
 0
 0
 0
 0
 0
 0
 0
 0
 0
 0
 0
 0
 0
 0
 0
 0
 0
 0
 0
 0
 0
 0
 0
 0
 0
 0
 0
 0
 0
 0
 0.1684
 0.05999
 0.11005
 0.04549
 0.03653
 0.0451
 0.05301
 0.04786
 0.03008
 0.03009
 0.047
 0.04581
 0.03474
 0.03384
 0.03557
 0.03385
 0.03951
 0.04777
 0.04256
 0.03846
 0.04462
 0.03826
 0.04207
 0.03913
 0.03726
 0.04543
 0.03857
 0.03966
 0
 0
 0
 0
 0
 0
 0
 0
 0
 0
 0
 0
 0
 0
 0
 0
 0
 0
 0
 0
 0
 0
 0
 0
 0
 0
 0
 0
 0
 0
 0
 0
 0
 0
 0
 0
 0
 0
 0
 0
 0
 0
 0
 0
 0
 0
 0
 0
 0
 0
 0
 0
 0
 0
 0
 0
 0
 0
 0
 0
 0
 0
 0
 0
 0
 0
 0
 0
 0
 0
 0
 0
 0
 0
 0
 0
 0
 0
 0
 0
 0
 0
 0
 0
 0
 0
 0
 0
 0
 0
 0
 0
 0.1684
 0.05363
 0.08575000000000001
 0.04208
 0.03359
 0.02275
 0.02613
 0.01853
 0.02464
 0.02212
 0.02244
 0.02196
 0.02625
 0.02433
 0.0289
 0.03483
 0.03853
 0.03653
 0.04586
 0.03485
 0.05068
 0.04457
 0.04835
 0.04854
 0.04863
 0.06326
 0.04962
 0.04988
 0
 0
 0
 0
 0
 0
 0
 0
 0
 0
 0
 0
 0
 0
 0
 0
 0
 0
 0
 0
 0
 0
 0
 0
 0
 0
 0
 0
 0
 0
 0
 0
 0
 0
 0
 0
 0
 0
 0
 0
 0
 0
 0
 0
 0
 0
 0
 0
 0
 0
 0
 0
 0
 0
 0
 0
 0
 0
 0
 0
 0
 0
 0
 0
 0
 0
 0
 0
 0
 0
 0
 0
 0
 0
 0
 0
 0
 0
 0
 0
 0
 0
 0
 0
 0
 0
 0
 0
 0
 0
 0
 0
 0
 0
 0
 0
 0
 0
 0
 0
 0
 0
 0
 0
 0
 0
 0
 0
 0
 0
 0
 0
 0
 0
 0
 0
 0
 0
 0
 0
 0
 0
 0
 0
 0
 0
 0
 0
 0
 0
 0
 0
 0
 0
 0
 0
 0
 0
 0
 0
 0
 0
 0
 0
 0
 0
 0
 0
 0
 0
 0
 0
 0
 0
 0
 0
 0
 0
 0
 0
 0
 0
 0
 0
 0
 0
 0
 0
 0
 0
 0
 0
 0
 0
 0
 0
 0
 0
 0
 0
 0
 0
 0
 0
 0
 0
 0
 0
 0
 0
 0
 0
 0
 0
 0
 0
 0
 0
 0
 0
 0
 0
 0
 0
 0
 0
 0
 0
 0
 0
 0
 0
 0
 0
 0
 0
 0
 0
 0
 0
 0
 0
 0
 0
 0
 0
 0
 0
 0
 0
 0
 0
 0
 0
 0
 0
 0
 0
 0
 0
 0
 0
 0
 0
 0
 0
 0
 0
 0
 0
 0
 0
 0
 0
 0
 0
 0
 0
 0
 0
 0
 0
 0
 0
 0
 0
 0
 0
 0
 0
 0
 0
 0
 0
 0
 0
 0
 0
 0
 0
 0
 0
 0
 0
 0
 0
 0
 0
 0
 0
 0
 0
 0
 0
 0
 0
 0
 0
 0
 0
 0
 0
 0
 0
 0
 0
 0
 0
 0
 0
 0
 0
 0
 0
 0
 0
 0
 0
 0
 0
 0
 0
 0
 0
 0
 0
 0
 0
 0
 0


