# Created by Octave 4.0.0, Sat Nov 21 16:30:42 2015 W. Europe Standard Time <unknown@Florian-PC>
# name: mus
# type: matrix
# ndims: 3
 1 30 19
 0
 0
 0.37841
 0.59298
 0.5303600000000001
 0.47213
 0.42746
 0.48493
 0.52485
 0.50112
 0.48235
 0.50895
 0.5481200000000001
 0.5785400000000001
 0.57199
 0.56194
 0.58428
 0.58305
 0.59199
 0.59213
 0.5908099999999999
 0.59877
 0.59337
 0.59685
 0.5898600000000001
 0.58417
 0.59287
 0.59459
 0.60345
 0.59435
 0
 0
 0.66667
 0
 0
 0.4
 0.4
 0.6
 0.4
 0.6
 0.43333
 0.7
 0.73333
 0.3
 0.53333
 0.6
 0.41667
 0.31667
 0.51667
 0.5
 0.47
 0.46
 0.47
 0.47
 0.44
 0.42
 0.48667
 0.53333
 0.48667
 0.43333
 0
 0
 0.7923
 0.55464
 0.51713
 0.46791
 0.64613
 0.5484
 0.68626
 0.56172
 0.5943000000000001
 0.62378
 0.53182
 0.58941
 0.50078
 0.36053
 0.5036
 0.53105
 0.48679
 0.42766
 0.42676
 0.45373
 0.26556
 0.46097
 0.49347
 0.55732
 0.50642
 0.39917
 0.49411
 0.5269200000000001
 0
 0
 0.62918
 0.15226
 0.08975
 0.32985
 0.51557
 0.48349
 0.39727
 0.42597
 0.50249
 0.39031
 0.42166
 0.46983
 0.44586
 0.44435
 0.49201
 0.4759
 0.4694
 0.43985
 0.43144
 0.47153
 0.43134
 0.46852
 0.43821
 0.40156
 0.45751
 0.48477
 0.46021
 0.44333
 0
 0
 0.33333
 0
 0
 0
 0.28571
 0.625
 0.33333
 0.5
 0.36364
 0.33333
 0.38462
 0.33333
 0.2
 0.66667
 1
 1
 1
 0
 1
 1
 0
 0
 0
 0
 0
 0
 1
 1
 0
 0
 0.33333
 0.04114
 0.04054
 0.14519
 0.35836
 0.5589
 0.39469
 0.45544
 0.40616
 0.38422
 0.40562
 0.4495
 0.36672
 0.49538
 0.61751
 0.56312
 0.60705
 0.33128
 0.59455
 0.54919
 0.396
 0.42185
 0.32783
 0.37949
 0.35618
 0.45208
 0.58224
 0.50315
 0
 0
 0.78929
 0.69843
 0.47789
 0.56149
 0.56933
 0.61909
 0.66024
 0.6473
 0.61116
 0.58218
 0.57691
 0.59271
 0.55567
 0.6107
 0.62158
 0.59491
 0.54616
 0.54699
 0.51617
 0.5372
 0.54057
 0.53935
 0.47443
 0.49908
 0.51711
 0.53282
 0.53274
 0.5194299999999999
 0
 0
 0.66096
 0.22116
 0.16805
 0.33427
 0.49838
 0.45652
 0.43203
 0.45228
 0.51158
 0.43878
 0.46208
 0.47758
 0.46176
 0.47868
 0.48925
 0.49213
 0.48209
 0.47251
 0.45513
 0.47601
 0.45614
 0.4655
 0.4429
 0.43824
 0.4484
 0.47355
 0.46041
 0.44606
 0
 0
 0.95286
 0.95505
 0.96405
 0.91126
 0.94104
 0.91595
 0.91589
 0.92112
 0.91531
 0.93149
 0.92709
 0.93825
 0.91151
 0.89897
 0.90171
 0.9085800000000001
 0.9138500000000001
 0.91201
 0.90455
 0.91269
 0.89597
 0.9005300000000001
 0.89952
 0.90811
 0.90772
 0.91229
 0.91106
 0.90706
 0
 0
 0.33333
 0.05792
 0.05042
 0.23795
 0.40679
 0.5031600000000001
 0.41711
 0.44032
 0.46542
 0.42738
 0.43795
 0.47531
 0.44754
 0.47453
 0.48919
 0.46519
 0.48694
 0.43136
 0.46085
 0.46716
 0.43285
 0.45727
 0.41994
 0.39007
 0.4244
 0.46359
 0.61698
 0.44184
 0
 0
 0.78929
 0.77115
 0.54372
 0.5263
 0.5015500000000001
 0.61076
 0.62036
 0.58495
 0.61084
 0.60544
 0.61197
 0.60386
 0.56103
 0.58977
 0.59084
 0.60711
 0.55998
 0.58033
 0.58867
 0.53351
 0.54605
 0.50786
 0.55011
 0.37277
 0.52374
 0.49345
 0.51559
 0.51491
 0
 0
 0
 0
 0
 0
 0
 0
 0
 0
 0
 0
 0
 0
 0
 0
 0
 0
 0
 0
 0
 0
 0
 0
 0
 0
 0
 0
 0
 0
 0
 0
 0
 0
 0
 0
 0
 0
 0
 0
 0
 0
 0
 0
 0
 0
 0
 0
 0
 0
 0
 0
 0
 0
 0
 0
 0
 0
 0
 0
 0
 0
 0
 0
 0
 0
 0
 0
 0
 0
 0
 0
 0
 0
 0
 0
 0
 0
 0
 0
 0
 0
 0
 0
 0
 0
 0
 0
 0
 0
 0
 0
 0
 0
 0
 0
 0
 0
 0
 0
 0
 0
 0
 0
 0
 0
 0
 0
 0
 0
 0
 0
 0
 0
 0
 0
 0
 0
 0
 0
 0
 0
 0
 0
 0
 0
 0
 0
 0
 0
 0
 0
 0
 0
 0
 0
 0
 0
 0
 0
 0
 0
 0
 0
 0
 0
 0
 0
 0
 0
 0
 0
 0.96223
 0.89155
 0.92565
 0.92393
 0.90273
 0.93492
 0.93163
 0.929
 0.9231200000000001
 0.9326100000000001
 0.92548
 0.92219
 0.93572
 0.92745
 0.90543
 0.90212
 0.90298
 0.91112
 0.91011
 0.91166
 0.90162
 0.90057
 0.907
 0.8935
 0.90134
 0.91199
 0.88841
 0.89655
 0
 0
 0
 0
 0
 0
 0
 0
 0
 0
 0
 0
 0
 0
 0
 0
 0
 0
 0
 0
 0
 0
 0
 0
 0
 0
 0
 0
 0
 0
 0
 0
 0
 0
 0
 0
 0
 0
 0
 0
 0
 0
 0
 0
 0
 0
 0
 0
 0
 0
 0
 0
 0
 0
 0
 0
 0
 0
 0
 0


