# Created by Octave 4.0.0, Sat Nov 21 16:30:44 2015 W. Europe Standard Time <unknown@Florian-PC>
# name: mus
# type: matrix
# ndims: 3
 1 30 19
 0
 0
 0.70618
 0.7294
 0.69861
 0.72854
 0.70595
 0.68192
 0.65103
 0.65028
 0.64656
 0.64094
 0.68283
 0.6656
 0.66387
 0.64342
 0.64444
 0.64422
 0.64366
 0.64101
 0.64538
 0.64491
 0.63359
 0.63795
 0.62817
 0.6204
 0.62093
 0.62165
 0.6145699999999999
 0.59774
 0
 0
 0.66667
 0.5
 0.8
 0.7
 0.6
 0.7
 0.9
 0.8
 0.53333
 0.56667
 0.6333299999999999
 0.6333299999999999
 0.6
 0.43333
 0.5
 0.33333
 0.31667
 0.35
 0.53
 0.55
 0.55
 0.54
 0.52
 0.54667
 0.52667
 0.56667
 0.58667
 0.6
 0
 0
 0.7454
 0.71438
 0.69711
 0.77317
 0.71672
 0.7629
 0.80084
 0.70522
 0.6417
 0.59755
 0.61876
 0.68831
 0.62461
 0.54198
 0.5581
 0.51812
 0.4941
 0.47806
 0.5563399999999999
 0.5319
 0.5898099999999999
 0.57047
 0.59559
 0.59192
 0.59705
 0.5691000000000001
 0.5965
 0.5707100000000001
 0
 0
 0.58956
 0.48536
 0.76572
 0.65184
 0.62713
 0.73088
 0.77318
 0.72858
 0.5790999999999999
 0.55876
 0.62256
 0.6486
 0.64488
 0.51946
 0.4826
 0.45694
 0.43738
 0.47256
 0.50412
 0.52849
 0.56388
 0.54472
 0.56732
 0.58733
 0.56427
 0.53628
 0.55824
 0.57495
 0
 0
 1
 0.5
 0.6
 0.5
 0.42857
 0.5
 1
 0.8
 0.63636
 0.16667
 0.53846
 0.44444
 0.6
 0.66667
 0.5
 1
 0
 0
 0
 1
 1
 1
 1
 0
 1
 0
 0
 0
 0
 0
 0.89112
 0.54076
 0.58522
 0.66316
 0.5930299999999999
 0.65393
 0.91951
 0.73573
 0.62175
 0.5305800000000001
 0.5898099999999999
 0.60648
 0.6212299999999999
 0.55706
 0.50701
 0.57973
 0.34107
 0.32924
 0.42206
 0.69369
 0.74299
 0.66026
 0.65105
 0.48197
 0.65243
 0.5162
 0.45501
 0.42922
 0
 0
 0.36788
 0.8498
 0.79397
 0.82621
 0.73939
 0.72864
 0.8338
 0.71348
 0.6357
 0.64857
 0.65261
 0.6916099999999999
 0.65868
 0.61734
 0.56667
 0.5942499999999999
 0.58655
 0.5934700000000001
 0.53999
 0.60154
 0.6152
 0.59924
 0.59174
 0.62109
 0.61103
 0.61649
 0.59072
 0.63062
 0
 0
 0.59951
 0.50987
 0.75153
 0.72206
 0.66413
 0.69126
 0.77604
 0.72517
 0.61549
 0.56662
 0.59027
 0.6104000000000001
 0.61521
 0.51118
 0.50002
 0.47779
 0.46573
 0.48589
 0.5114300000000001
 0.53218
 0.54865
 0.5281400000000001
 0.54228
 0.5558999999999999
 0.54642
 0.52834
 0.5393
 0.56115
 0
 0
 0.90449
 0.9065299999999999
 0.94421
 0.93232
 0.92498
 0.91257
 0.90485
 0.93197
 0.93487
 0.9383899999999999
 0.91054
 0.91811
 0.92271
 0.91432
 0.90718
 0.91352
 0.89755
 0.90643
 0.90788
 0.9116300000000001
 0.9133599999999999
 0.89688
 0.89602
 0.90988
 0.89602
 0.90373
 0.89563
 0.89995
 0
 0
 0.9075
 0.55767
 0.57161
 0.76427
 0.65244
 0.70058
 0.90052
 0.732
 0.62237
 0.56146
 0.5975
 0.63437
 0.62112
 0.51201
 0.5006
 0.48301
 0.42446
 0.49055
 0.50436
 0.53034
 0.57336
 0.54819
 0.5685
 0.5640500000000001
 0.55246
 0.5324
 0.5485100000000001
 0.56525
 0
 0
 0.36788
 0.6001300000000001
 0.76133
 0.83341
 0.74925
 0.71139
 0.85576
 0.69957
 0.72457
 0.64445
 0.69195
 0.69784
 0.6615
 0.3519
 0.55255
 0.6051800000000001
 0.58188
 0.60243
 0.51048
 0.54794
 0.5657
 0.6228399999999999
 0.61315
 0.62612
 0.56678
 0.61712
 0.65986
 0.5943000000000001
 0
 0
 0
 0
 0
 0
 0
 0
 0
 0
 0
 0
 0
 0
 0
 0
 0
 0
 0
 0
 0
 0
 0
 0
 0
 0
 0
 0
 0
 0
 0
 0
 0
 0
 0
 0
 0
 0
 0
 0
 0
 0
 0
 0
 0
 0
 0
 0
 0
 0
 0
 0
 0
 0
 0
 0
 0
 0
 0
 0
 0
 0
 0
 0
 0
 0
 0
 0
 0
 0
 0
 0
 0
 0
 0
 0
 0
 0
 0
 0
 0
 0
 0
 0
 0
 0
 0
 0
 0
 0
 0
 0
 0
 0
 0
 0
 0
 0
 0
 0
 0
 0
 0
 0
 0
 0
 0
 0
 0
 0
 0
 0
 0
 0
 0
 0
 0
 0
 0
 0
 0
 0
 0
 0
 0
 0
 0
 0
 0
 0
 0
 0
 0
 0
 0
 0
 0
 0
 0
 0
 0
 0
 0
 0
 0
 0
 0
 0
 0
 0
 0
 0
 0.92677
 0.94364
 0.92289
 0.94342
 0.90609
 0.92449
 0.91817
 0.91564
 0.91879
 0.93713
 0.9276
 0.92289
 0.9145799999999999
 0.91329
 0.90618
 0.91023
 0.90749
 0.91488
 0.90229
 0.89751
 0.89934
 0.90934
 0.89834
 0.9014799999999999
 0.89806
 0.90755
 0.89716
 0.90044
 0
 0
 0
 0
 0
 0
 0
 0
 0
 0
 0
 0
 0
 0
 0
 0
 0
 0
 0
 0
 0
 0
 0
 0
 0
 0
 0
 0
 0
 0
 0
 0
 0
 0
 0
 0
 0
 0
 0
 0
 0
 0
 0
 0
 0
 0
 0
 0
 0
 0
 0
 0
 0
 0
 0
 0
 0
 0
 0
 0


