# Created by Octave 4.0.0, Sat Nov 21 16:30:34 2015 W. Europe Standard Time <unknown@Florian-PC>
# name: mus
# type: matrix
# ndims: 3
 1 30 19
 0
 0
 0.72065
 0.73441
 0.62117
 0.7385699999999999
 0.61145
 0.6986599999999999
 0.73702
 0.71788
 0.73556
 0.7321
 0.73616
 0.72893
 0.7226900000000001
 0.71987
 0.71776
 0.74579
 0.73568
 0.72528
 0.72034
 0.72228
 0.72464
 0.71959
 0.72958
 0.73133
 0.7340100000000001
 0.73075
 0.72998
 0.73164
 0
 0
 0.66667
 0.75
 0.8
 0.5
 1
 0.5
 0.4
 0.8
 0.6333299999999999
 0.66667
 0.66667
 0.8666700000000001
 0.8666700000000001
 0.8833299999999999
 0.8833299999999999
 0.73333
 0.78333
 0.8
 0.55
 0.66
 0.71
 0.79
 0.68
 0.68667
 0.70667
 0.60667
 0.58
 0.56667
 0
 0
 0.70957
 0.8812
 0.78929
 0.82964
 0.72726
 0.62163
 0.83607
 0.77632
 0.65879
 0.75114
 0.79378
 0.81709
 0.82147
 0.8473000000000001
 0.83939
 0.87498
 0.76749
 0.79603
 0.79453
 0.77202
 0.78903
 0.8531300000000001
 0.80986
 0.81879
 0.73101
 0.75447
 0.7666500000000001
 0.70964
 0
 0
 0.49096
 0.66443
 0.8155
 0.58758
 0.7097
 0.57934
 0.79196
 0.70561
 0.64917
 0.76162
 0.7947
 0.83133
 0.8405899999999999
 0.86625
 0.8754999999999999
 0.86109
 0.76287
 0.8075599999999999
 0.77361
 0.75604
 0.7845299999999999
 0.81573
 0.78694
 0.79616
 0.73876
 0.78326
 0.78498
 0.75174
 0
 0
 1
 0.75
 1
 0.66667
 0.85714
 0.75
 0.66667
 0.6
 0.45455
 0.75
 0.69231
 0.77778
 0.8
 1
 1
 1
 1
 1
 1
 1
 1
 1
 1
 1
 0
 1
 0
 0
 0
 0
 0.82604
 0.74233
 0.96873
 0.61242
 0.81329
 0.66249
 0.69497
 0.65377
 0.60387
 0.77451
 0.7589399999999999
 0.8184900000000001
 0.83668
 0.92654
 0.90393
 0.8328
 0.79487
 0.87487
 0.7077
 0.83105
 0.8751100000000001
 0.82206
 0.8309800000000001
 0.79032
 0.68792
 0.8688399999999999
 0.7276899999999999
 0.65763
 0
 0
 0.57859
 0.71147
 0.79381
 0.76634
 0.7512799999999999
 0.75059
 0.87783
 0.79184
 0.7229
 0.77938
 0.73189
 0.7984599999999999
 0.79032
 0.81971
 0.83283
 0.83042
 0.81976
 0.7967
 0.77627
 0.77966
 0.79728
 0.84333
 0.8433
 0.80213
 0.74421
 0.77718
 0.77238
 0.72519
 0
 0
 0.5239
 0.64672
 0.81143
 0.62299
 0.69772
 0.62687
 0.7462
 0.70137
 0.6412099999999999
 0.70664
 0.72765
 0.75179
 0.78027
 0.8045099999999999
 0.81569
 0.78984
 0.7219100000000001
 0.73717
 0.70369
 0.69685
 0.7073700000000001
 0.73245
 0.71997
 0.73511
 0.6902700000000001
 0.70623
 0.72377
 0.68314
 0
 0
 0.92531
 0.94338
 0.93021
 0.93371
 0.92496
 0.90451
 0.93236
 0.93265
 0.92799
 0.91679
 0.92369
 0.92724
 0.89871
 0.90761
 0.91201
 0.90948
 0.90263
 0.90474
 0.90977
 0.90254
 0.90551
 0.9127999999999999
 0.89433
 0.89613
 0.9041
 0.90116
 0.91218
 0.89042
 0
 0
 0.95608
 0.64215
 0.9659
 0.6017
 0.7200800000000001
 0.63958
 0.77075
 0.67453
 0.64058
 0.77318
 0.81212
 0.86707
 0.8948700000000001
 0.8942
 0.87529
 0.8309800000000001
 0.79398
 0.8181
 0.76211
 0.76413
 0.78356
 0.82877
 0.79795
 0.7456
 0.69336
 0.79205
 0.72867
 0.64615
 0
 0
 0.57859
 0.71662
 0.79892
 0.79258
 0.7920199999999999
 0.7573800000000001
 0.79167
 0.70466
 0.73089
 0.7531
 0.82367
 0.80827
 0.76287
 0.85064
 0.86449
 0.81894
 0.7996
 0.79133
 0.78665
 0.7522
 0.77618
 0.87809
 0.81859
 0.8436399999999999
 0.75984
 0.58719
 0.84822
 0.7357399999999999
 0
 0
 0
 0
 0
 0
 0
 0
 0
 0
 0
 0
 0
 0
 0
 0
 0
 0
 0
 0
 0
 0
 0
 0
 0
 0
 0
 0
 0
 0
 0
 0
 0
 0
 0
 0
 0
 0
 0
 0
 0
 0
 0
 0
 0
 0
 0
 0
 0
 0
 0
 0
 0
 0
 0
 0
 0
 0
 0
 0
 0
 0
 0
 0
 0
 0
 0
 0
 0
 0
 0
 0
 0
 0
 0
 0
 0
 0
 0
 0
 0
 0
 0
 0
 0
 0
 0
 0
 0
 0
 0
 0
 0
 0
 0
 0
 0
 0
 0
 0
 0
 0
 0
 0
 0
 0
 0
 0
 0
 0
 0
 0
 0
 0
 0
 0
 0
 0
 0
 0
 0
 0
 0
 0
 0
 0
 0
 0
 0
 0
 0
 0
 0
 0
 0
 0
 0
 0
 0
 0
 0
 0
 0
 0
 0
 0
 0
 0
 0
 0
 0
 0
 0.92705
 0.89723
 0.91227
 0.9276
 0.9137999999999999
 0.89833
 0.93404
 0.90528
 0.92298
 0.92376
 0.91822
 0.91745
 0.91904
 0.91355
 0.90969
 0.9015300000000001
 0.8972
 0.91165
 0.90717
 0.8892
 0.9025300000000001
 0.9011
 0.89742
 0.89795
 0.91536
 0.90822
 0.90829
 0.91293
 0
 0
 0
 0
 0
 0
 0
 0
 0
 0
 0
 0
 0
 0
 0
 0
 0
 0
 0
 0
 0
 0
 0
 0
 0
 0
 0
 0
 0
 0
 0
 0
 0
 0
 0
 0
 0
 0
 0
 0
 0
 0
 0
 0
 0
 0
 0
 0
 0
 0
 0
 0
 0
 0
 0
 0
 0
 0
 0
 0


