# Created by Octave 4.0.0, Sat Nov 21 16:30:40 2015 W. Europe Standard Time <unknown@Florian-PC>
# name: mus
# type: matrix
# ndims: 3
 1 30 19
 0
 0
 0.50083
 0.50056
 0.65794
 0.67503
 0.62479
 0.64342
 0.65438
 0.71341
 0.7013
 0.71309
 0.70606
 0.6942
 0.70308
 0.6981000000000001
 0.7039800000000001
 0.7009
 0.70673
 0.71685
 0.72258
 0.7275199999999999
 0.73922
 0.73423
 0.72676
 0.72928
 0.71857
 0.71373
 0.71218
 0.7209
 0
 0
 1
 1
 0.6
 0.5
 0.9
 0.5
 0.9
 0.6
 0.53333
 0.7
 0.83333
 0.73333
 0.66667
 0.75
 0.65
 0.66667
 0.73333
 0.55
 0.58
 0.4
 0.54
 0.57
 0.68
 0.66667
 0.70667
 0.81333
 0.61333
 0.53333
 0
 0
 1
 1
 0.7936800000000001
 0.73451
 0.76988
 0.7478900000000001
 0.83965
 0.60465
 0.57182
 0.53561
 0.6847299999999999
 0.65986
 0.58541
 0.68891
 0.6304
 0.62156
 0.71363
 0.6887
 0.6926
 0.61377
 0.57291
 0.60205
 0.59311
 0.6100100000000001
 0.64108
 0.65784
 0.65759
 0.65259
 0
 0
 1
 1
 0.74917
 0.56301
 0.6317199999999999
 0.6453
 0.6886100000000001
 0.56221
 0.59387
 0.57389
 0.6001300000000001
 0.57169
 0.58083
 0.60245
 0.59716
 0.61117
 0.61356
 0.59979
 0.6030799999999999
 0.57812
 0.57531
 0.57402
 0.5711000000000001
 0.57158
 0.57307
 0.59945
 0.5858100000000001
 0.59163
 0
 0
 1
 1
 0.6
 0.66667
 0.85714
 0.625
 0.88889
 0.4
 0.72727
 0.41667
 0.92308
 0.66667
 0.8
 0.66667
 0.5
 1
 1
 0
 0
 1
 0
 1
 1
 0
 1
 1
 0
 0
 0
 0
 1
 1
 0.56294
 0.63753
 0.69414
 0.6541400000000001
 0.74638
 0.57359
 0.58413
 0.53962
 0.58836
 0.6116
 0.58395
 0.62166
 0.58961
 0.62758
 0.694
 0.54291
 0.58928
 0.57891
 0.56121
 0.62981
 0.61122
 0.53161
 0.56614
 0.6192800000000001
 0.5505
 0.5773200000000001
 0
 0
 1
 1
 0.95386
 0.75249
 0.74142
 0.74432
 0.76955
 0.73882
 0.7294
 0.66314
 0.69448
 0.68827
 0.68381
 0.6584100000000001
 0.73874
 0.68633
 0.66925
 0.70392
 0.65915
 0.72754
 0.64396
 0.7130300000000001
 0.68318
 0.69124
 0.6744
 0.68548
 0.66
 0.6652
 0
 0
 1
 1
 0.7694
 0.5538999999999999
 0.64944
 0.64458
 0.67336
 0.56351
 0.58379
 0.57345
 0.58826
 0.57182
 0.5873
 0.60266
 0.6075700000000001
 0.60226
 0.6157899999999999
 0.61056
 0.61354
 0.58184
 0.57666
 0.57816
 0.57689
 0.58072
 0.58365
 0.60099
 0.58169
 0.59394
 0
 0
 0.99973
 1
 1
 1
 1
 1
 1
 1
 1
 1
 0.99382
 0.9902300000000001
 0.97394
 0.97166
 0.96918
 0.97036
 0.96711
 0.97476
 0.9611499999999999
 0.95526
 0.96561
 0.95568
 0.95682
 0.96039
 0.95251
 0.95343
 0.94358
 0.9452
 0
 0
 1
 1
 0.54093
 0.64272
 0.68052
 0.62199
 0.6628500000000001
 0.57572
 0.5531199999999999
 0.54275
 0.5926399999999999
 0.55017
 0.58762
 0.59367
 0.59312
 0.58697
 0.62585
 0.59887
 0.60182
 0.58153
 0.57131
 0.57684
 0.56713
 0.56807
 0.60716
 0.5883
 0.57438
 0.5879
 0
 0
 1
 1
 0.95648
 0.7402
 0.76953
 0.7420099999999999
 0.77429
 0.71265
 0.67435
 0.6450900000000001
 0.7097
 0.65206
 0.69791
 0.64795
 0.68431
 0.69702
 0.6824
 0.68697
 0.65833
 0.65647
 0.6492
 0.7311800000000001
 0.66468
 0.6614
 0.70609
 0.65411
 0.62195
 0.76029
 0
 0
 0
 0
 0
 0
 0
 0
 0
 0
 0
 0
 0
 0
 0
 0
 0
 0
 0
 0
 0
 0
 0
 0
 0
 0
 0
 0
 0
 0
 0
 0
 0
 0
 0
 0
 0
 0
 0
 0
 0
 0
 0
 0
 0
 0
 0
 0
 0
 0
 0
 0
 0
 0
 0
 0
 0
 0
 0
 0
 0
 0
 0
 0
 0
 0
 0
 0
 0
 0
 0
 0
 0
 0
 0
 0
 0
 0
 0
 0
 0
 0
 0
 0
 0
 0
 0
 0
 0
 0
 0
 0
 0
 0
 0
 0
 0
 0
 0
 0
 0
 0
 0
 0
 0
 0
 0
 0
 0
 0
 0
 0
 0
 0
 0
 0
 0
 0
 0
 0
 0
 0
 0
 0
 0
 0
 0
 0
 0
 0
 0
 0
 0
 0
 0
 0
 0
 0
 0
 0
 0
 0
 0
 0
 0
 0
 0
 0
 0
 0
 0
 0
 0.99996
 1
 1
 1
 1
 0.99999
 1
 1
 0.99998
 0.99734
 0.99383
 0.98127
 0.98143
 0.96812
 0.96138
 0.97082
 0.9724
 0.9684199999999999
 0.9654199999999999
 0.96109
 0.96795
 0.96476
 0.96423
 0.96107
 0.94922
 0.9605900000000001
 0.94928
 0.94637
 0
 0
 0
 0
 0
 0
 0
 0
 0
 0
 0
 0
 0
 0
 0
 0
 0
 0
 0
 0
 0
 0
 0
 0
 0
 0
 0
 0
 0
 0
 0
 0
 0
 0
 0
 0
 0
 0
 0
 0
 0
 0
 0
 0
 0
 0
 0
 0
 0
 0
 0
 0
 0
 0
 0
 0
 0
 0
 0
 0


