# Created by Octave 4.0.0, Sat Nov 21 16:30:41 2015 W. Europe Standard Time <unknown@Florian-PC>
# name: mus
# type: matrix
# ndims: 3
 1 30 19
 0
 0
 0.4975
 0.6063499999999999
 0.45292
 0.47882
 0.44247
 0.44364
 0.46399
 0.45475
 0.45972
 0.46477
 0.48579
 0.45619
 0.46331
 0.67801
 0.68198
 0.69304
 0.68453
 0.6882
 0.69782
 0.71455
 0.72993
 0.72748
 0.7222499999999999
 0.71089
 0.72222
 0.72963
 0.73693
 0.73616
 0
 0
 1
 0.5
 0.4
 0.5
 0.6
 0.7
 0.3
 0.7
 0.36667
 0.43333
 0.43333
 0.53333
 0.4
 0.43333
 0.41667
 0.48333
 0.53333
 0.55
 0.39
 0.46
 0.48
 0.44
 0.48
 0.51333
 0.55333
 0.5
 0.47333
 0.6
 0
 0
 1
 0.59197
 0.6552
 0.63123
 0.64824
 0.61197
 0.5455
 0.49153
 0.62425
 0.42784
 0.56946
 0.6147
 0.46787
 -0.06721000000000001
 0.53128
 0.51581
 0.5452
 0.42852
 0.55645
 0.53522
 0.47883
 0.53167
 0.57909
 0.57237
 0.56711
 0.54287
 0.57399
 0.52007
 0
 0
 1
 0.53813
 0.46645
 0.53844
 0.5826
 0.49653
 0.49767
 0.5477
 0.55353
 0.53388
 0.5129899999999999
 0.48902
 0.48809
 0.53201
 0.55892
 0.53847
 0.54193
 0.52022
 0.50177
 0.50165
 0.49751
 0.50469
 0.52929
 0.52771
 0.52542
 0.52484
 0.51468
 0.53166
 0
 0
 1
 0.25
 0.6
 0.5
 0.85714
 0.5
 0.33333
 0.7
 0.54545
 0.5
 0.46154
 0.33333
 0.6
 0
 0.5
 0
 1
 0
 0
 1
 1
 0
 1
 1
 1
 1
 0
 0
 0
 0
 1
 0.47208
 0.58239
 0.49341
 0.6178
 0.50198
 0.45769
 0.55328
 0.54395
 0.50947
 0.48653
 0.49688
 0.49396
 0.49452
 0.54794
 0.48585
 0.54172
 0.49661
 0.5133
 0.52857
 0.53183
 0.47495
 0.51646
 0.55459
 0.52613
 0.54662
 0.51189
 0.48956
 0
 0
 1
 0.67976
 0.6219
 0.75897
 0.64111
 0.66887
 0.6545299999999999
 0.66354
 0.65966
 0.6333
 0.64932
 0.6569
 0.67871
 0.65423
 0.6368
 0.67286
 0.64163
 0.6091299999999999
 0.63731
 0.6470399999999999
 0.6491400000000001
 0.63874
 0.61146
 0.64832
 0.6441
 0.66895
 0.63266
 0.62568
 0
 0
 1
 0.5405799999999999
 0.47966
 0.5404600000000001
 0.5704399999999999
 0.51062
 0.51684
 0.5505100000000001
 0.56176
 0.52217
 0.52212
 0.5088200000000001
 0.53326
 0.5427
 0.56086
 0.53938
 0.5369699999999999
 0.51886
 0.51594
 0.5091
 0.50792
 0.51197
 0.52683
 0.52572
 0.52067
 0.51962
 0.51962
 0.52674
 0
 0
 0.99992
 1
 1
 1
 1
 1
 1
 1
 1
 1
 0.98634
 0.98133
 0.97834
 0.97205
 0.96917
 0.9671
 0.96943
 0.9654
 0.97177
 0.97056
 0.96021
 0.96311
 0.96728
 0.95357
 0.94628
 0.94647
 0.95519
 0.95975
 0
 0
 1
 0.473
 0.41949
 0.47401
 0.57389
 0.52969
 0.4983
 0.53803
 0.56707
 0.50991
 0.49112
 0.49769
 0.50749
 0.52118
 0.53471
 0.52149
 0.5234799999999999
 0.50451
 0.49767
 0.50684
 0.50397
 0.50282
 0.52083
 0.51605
 0.52086
 0.51977
 0.5142099999999999
 0.51914
 0
 0
 1
 0.7218599999999999
 0.6236
 0.73415
 0.64036
 0.63753
 0.73682
 0.68562
 0.67641
 0.6329
 0.61677
 0.63105
 0.64153
 0.63487
 0.62435
 0.64624
 0.6272
 0.61335
 0.65739
 0.61212
 0.6322
 0.61438
 0.62125
 0.62138
 0.61899
 0.61285
 0.62997
 0.60998
 0
 0
 0
 0
 0
 0
 0
 0
 0
 0
 0
 0
 0
 0
 0
 0
 0
 0
 0
 0
 0
 0
 0
 0
 0
 0
 0
 0
 0
 0
 0
 0
 0
 0
 0
 0
 0
 0
 0
 0
 0
 0
 0
 0
 0
 0
 0
 0
 0
 0
 0
 0
 0
 0
 0
 0
 0
 0
 0
 0
 0
 0
 0
 0
 0
 0
 0
 0
 0
 0
 0
 0
 0
 0
 0
 0
 0
 0
 0
 0
 0
 0
 0
 0
 0
 0
 0
 0
 0
 0
 0
 0
 0
 0
 0
 0
 0
 0
 0
 0
 0
 0
 0
 0
 0
 0
 0
 0
 0
 0
 0
 0
 0
 0
 0
 0
 0
 0
 0
 0
 0
 0
 0
 0
 0
 0
 0
 0
 0
 0
 0
 0
 0
 0
 0
 0
 0
 0
 0
 0
 0
 0
 0
 0
 0
 0
 0
 0
 0
 0
 0
 0
 0.99997
 1
 1
 1
 1
 0.99977
 1
 0.9958
 1
 0.99815
 0.99595
 0.97643
 0.97577
 0.97404
 0.97672
 0.96863
 0.96999
 0.95743
 0.9684
 0.96805
 0.9598
 0.95872
 0.95871
 0.95549
 0.94802
 0.94677
 0.95322
 0.94208
 0
 0
 0
 0
 0
 0
 0
 0
 0
 0
 0
 0
 0
 0
 0
 0
 0
 0
 0
 0
 0
 0
 0
 0
 0
 0
 0
 0
 0
 0
 0
 0
 0
 0
 0
 0
 0
 0
 0
 0
 0
 0
 0
 0
 0
 0
 0
 0
 0
 0
 0
 0
 0
 0
 0
 0
 0
 0
 0
 0


# name: vars
# type: matrix
# ndims: 3
 1 30 19
 0
 0
 0.078357
 0.056327
 0.054733
 0.04336
 0.036397
 0.031212
 0.030356
 0.02575
 0.02332
 0.01644
 0.019762
 0.018082
 0.014678
 0.015429
 0.011482
 0.015076
 0.012103
 0.009717
 0.010922
 0.010023
 0.008047
 0.006858
 0.008680999999999999
 0.007926000000000001
 0.006088
 0.006629
 0.008586
 0.006026
 0
 0
 0
 0.33333
 0.3
 0.25
 0.175
 0.2
 0.075
 0.075
 0.04722
 0.13333
 0.18889
 0.08889
 0.07778
 0.07778
 0.08333
 0.06042
 0.03681
 0.04375
 0.05425
 0.05425
 0.07825
 0.128
 0.092
 0.05756
 0.07867
 0.10056
 0.08411
 0.07778
 0
 0
 0
 0
 0
 0
 0
 0
 0
 0
 0
 0
 0
 0
 0
 0
 0
 0
 0
 0
 0
 0
 0
 0
 0
 0
 0
 0
 0
 0
 0
 0
 0
 0.058419
 0.043857
 0.042424
 0.019887
 0.016021
 0.011772
 0.012616
 0.010104
 0.007758
 0.005174
 0.004817
 0.005135
 0.004386
 0.003964
 0.003304
 0.003189
 0.002775
 0.002083
 0.002088
 0.001757
 0.001839
 0.001812
 0.00152
 0.001377
 0.001705
 0.001409
 0.001271
 0
 0
 1.2747e-008
 1.3586e-014
 1.719e-017
 8.1347e-016
 5.1912e-023
 4.723e-031
 1.1402e-032
 3.7351e-034
 6.7461e-023
 1.8162e-029
 1.6429e-024
 6.4565e-007
 1.8758e-005
 1.4417e-005
 2.3091e-007
 4.6194e-008
 8.921599999999999e-006
 1.0825e-006
 8.7888e-005
 1.6678e-011
 2.0374e-010
 0.00013055
 4.0957e-005
 2.4791e-005
 0.00015716
 5.7649e-005
 8.301300000000001e-011
 2.9173e-013
 0
 0
 0
 0
 0
 0
 0
 0
 0
 0
 0
 0
 0
 0
 0
 0
 0
 0
 0
 0
 0
 0
 0
 0
 0
 0
 0
 0
 0
 0
 0
 0
 0
 0
 0
 0
 0
 0
 0
 0
 0
 0
 0
 0
 0
 0
 0
 0
 0
 0
 0
 0
 0
 0
 0
 0
 0
 0
 0
 0
 0
 0
 0
 0.026349
 0.043414
 0.050026
 0.023638
 0.014335
 0.01419
 0.02095
 0.014528
 0.010799
 0.008082000000000001
 0.008266000000000001
 0.015163
 0.008555
 0.009206000000000001
 0.006429
 0.007536
 0.006748
 0.005028
 0.004164
 0.003675
 0.004064
 0.003855
 0.005815
 0.004892
 0.004989
 0.003889
 0.005017
 0
 0
 0
 0
 0
 0
 0
 0
 0
 0
 0
 0
 0.004614
 0.005543
 0.005038
 0.005947
 0.008274
 0.007475
 0.006757
 0.006181
 0.005776
 0.005592
 0.008862
 0.008548
 0.006359
 0.010253
 0.011666
 0.011257
 0.010484
 0.007038
 0
 0
 0
 0
 0
 0
 0
 0
 0
 0
 0
 0
 0
 0
 0
 0
 0
 0
 0
 0
 0
 0
 0
 0
 0
 0
 0
 0
 0
 0
 0
 0
 0
 0
 0
 0
 0
 0
 0
 0
 0
 0
 0
 0
 0
 0
 0
 0
 0
 0
 0
 0
 0
 0
 0
 0
 0
 0
 0
 0
 0
 0
 0
 0
 0
 0
 0
 0
 0
 0
 0
 0
 0
 0
 0
 0
 0
 0
 0
 0
 0
 0
 0
 0
 0
 0
 0
 0
 0
 0
 0
 0
 0
 0
 0
 0
 0
 0
 0
 0
 0
 0
 0
 0
 0
 0
 0
 0
 0
 0
 0
 0
 0
 0
 0
 0
 0
 0
 0
 0
 0
 0
 0
 0
 0
 0
 0
 0
 0
 0
 0
 0
 0
 0
 0
 0
 0
 0
 0
 0
 0
 0
 0
 0
 0
 0
 0
 0
 0
 0
 0
 0
 0
 0
 0
 0
 0
 0
 0
 0
 0
 0
 0
 0
 0
 0
 0
 0
 0
 0
 0
 0
 0
 0
 0
 0
 0
 0
 0
 0
 0
 0
 0
 0
 0
 0
 0
 0
 0
 0
 0
 0
 0
 0
 0
 0
 0
 0
 0
 0
 0
 0
 0
 0
 0
 0
 0
 0
 0
 0
 0
 0
 0
 0
 0
 0
 0
 3e-006
 0
 0.001762
 0
 0.000271
 0.000492
 0.007558
 0.003626
 0.005517
 0.003651
 0.006901
 0.006451
 0.009927
 0.007254
 0.00694
 0.009920999999999999
 0.008791999999999999
 0.009544
 0.009266999999999999
 0.012012
 0.012207
 0.01051
 0.01373
 0
 0
 0
 0
 0
 0
 0
 0
 0
 0
 0
 0
 0
 0
 0
 0
 0
 0
 0
 0
 0
 0
 0
 0
 0
 0
 0
 0
 0
 0
 0
 0
 0
 0
 0
 0
 0
 0
 0
 0
 0
 0
 0
 0
 0
 0
 0
 0
 0
 0
 0
 0
 0
 0
 0
 0
 0
 0
 0
 0


