# Created by Octave 4.0.0, Sat Nov 21 16:30:57 2015 W. Europe Standard Time <unknown@Florian-PC>
# name: mus
# type: matrix
# ndims: 3
 1 30 19
 0
 0
 0.53645
 0.56682
 0.62396
 0.6204
 0.61089
 0.6049099999999999
 0.67113
 0.57095
 0.57685
 0.52908
 0.52926
 0.56376
 0.56695
 0.54464
 0.54906
 0.57856
 0.57495
 0.5764
 0.56672
 0.58168
 0.56327
 0.5664400000000001
 0.56394
 0.54905
 0.5853
 0.58538
 0.59232
 0.58701
 0
 0
 0.33333
 0.75
 0.6
 0.4
 0.8
 0.8
 0.6
 0.6
 0.46667
 0.56667
 0.53333
 0.46667
 0.46667
 0.7
 0.68333
 0.71667
 0.85
 0.75
 0.57
 0.59
 0.5600000000000001
 0.59
 0.52
 0.65333
 0.66667
 0.64
 0.58
 0.56667
 0
 0
 0.63126
 0.78929
 0.63687
 0.7350100000000001
 0.7956800000000001
 0.78779
 0.70986
 0.49107
 0.62795
 0.59618
 0.76446
 0.62165
 0.71524
 0.68477
 0.63293
 0.6736799999999999
 0.71196
 0.71247
 0.64212
 0.55325
 0.60823
 0.58723
 0.58058
 0.58443
 0.61878
 0.60843
 0.61655
 0.61319
 0
 0
 0.52779
 0.66122
 0.72751
 0.75464
 0.7831
 0.85755
 0.86181
 0.55755
 0.55036
 0.55996
 0.63615
 0.65173
 0.60826
 0.74702
 0.77101
 0.7970699999999999
 0.80098
 0.82781
 0.6640200000000001
 0.61718
 0.6676800000000001
 0.62996
 0.68336
 0.68059
 0.6589
 0.68052
 0.66843
 0.64473
 0
 0
 0.33333
 0.5
 0.6
 0.5
 0.57143
 1
 0.44444
 0.4
 0.27273
 0.75
 0.92308
 0.44444
 0.4
 0.66667
 1
 1
 1
 1
 0
 0
 1
 0
 1
 1
 1
 0
 0
 1
 0
 0
 0.33333
 0.61111
 0.775
 0.6333299999999999
 0.575
 1.07679
 0.59474
 0.45655
 0.44445
 0.75495
 0.81319
 0.51423
 0.49059
 0.71291
 0.89408
 0.8161
 0.92231
 1.00905
 0.48123
 0.42363
 0.77849
 0.41668
 0.70541
 0.78688
 0.6875
 0.4792
 0.45834
 0.82189
 0
 0
 0.36788
 0.79514
 0.69201
 0.76202
 0.70448
 0.82843
 0.75353
 0.63641
 0.7948
 0.64754
 0.76532
 0.84477
 0.66368
 0.70979
 0.74444
 0.73693
 0.76104
 0.74022
 0.66113
 0.66272
 0.6338200000000001
 0.60023
 0.60543
 0.66422
 0.62542
 0.62198
 0.6183
 0.63193
 0
 0
 0.52779
 0.66535
 0.69969
 0.71628
 0.73967
 0.79492
 0.77741
 0.56895
 0.60042
 0.60804
 0.66259
 0.6132300000000001
 0.63742
 0.67821
 0.72941
 0.73991
 0.76447
 0.80797
 0.6651899999999999
 0.63495
 0.64294
 0.61269
 0.64301
 0.68104
 0.63762
 0.64464
 0.64538
 0.61113
 0
 0
 1
 1
 1
 1
 1
 1
 1
 1
 1
 1
 1
 1
 1
 1
 1
 1
 1
 1
 1
 1
 1
 1
 1
 1
 1
 1
 1
 1
 0
 0
 0.33333
 0.62745
 0.91231
 0.87634
 0.60278
 0.9174099999999999
 0.70567
 0.5926
 0.52824
 0.57722
 0.58573
 0.54941
 0.5491200000000001
 0.79301
 0.65487
 0.7317900000000001
 0.72281
 0.91222
 0.60211
 0.6509200000000001
 0.71734
 0.60619
 0.67611
 0.66659
 0.74488
 0.7478399999999999
 0.49629
 0.58932
 0
 0
 0.36788
 0.77865
 0.66233
 0.72649
 0.70801
 0.81956
 0.7092000000000001
 0.68287
 0.87005
 0.66231
 0.96621
 0.7186
 0.69756
 0.91288
 0.72877
 0.7407
 0.79535
 0.79035
 0.65547
 0.5780999999999999
 0.65862
 0.62488
 0.60134
 0.62362
 0.63157
 0.63774
 0.66244
 0.62899
 0
 0
 0
 0
 0
 0
 0
 0
 0
 0
 0
 0
 0
 0
 0
 0
 0
 0
 0
 0
 0
 0
 0
 0
 0
 0
 0
 0
 0
 0
 0
 0
 0
 0
 0
 0
 0
 0
 0
 0
 0
 0
 0
 0
 0
 0
 0
 0
 0
 0
 0
 0
 0
 0
 0
 0
 0
 0
 0
 0
 0
 0
 0
 0
 0
 0
 0
 0
 0
 0
 0
 0
 0
 0
 0
 0
 0
 0
 0
 0
 0
 0
 0
 0
 0
 0
 0
 0
 0
 0
 0
 0
 0
 0
 0
 0
 0
 0
 0
 0
 0
 0
 0
 0
 0
 0
 0
 0
 0
 0
 0
 0
 0
 0
 0
 0
 0
 0
 0
 0
 0
 0
 0
 0
 0
 0
 0
 0
 0
 0
 0
 0
 0
 0
 0
 0
 0
 0
 0
 0
 0
 0
 0
 0
 0
 0
 0
 0
 0
 0
 0
 0
 1
 1
 1
 1
 1
 1
 1
 1
 1
 1
 1
 1
 1
 1
 1
 1
 1
 1
 1
 1
 1
 1
 1
 1
 1
 1
 1
 1
 0
 0
 0
 0
 0
 0
 0
 0
 0
 0
 0
 0
 0
 0
 0
 0
 0
 0
 0
 0
 0
 0
 0
 0
 0
 0
 0
 0
 0
 0
 0
 0
 0
 0
 0
 0
 0
 0
 0
 0
 0
 0
 0
 0
 0
 0
 0
 0
 0
 0
 0
 0
 0
 0
 0
 0
 0
 0
 0
 0


# name: vars
# type: matrix
# ndims: 3
 1 30 19
 0
 0
 0.08334999999999999
 0.066675
 0.047804
 0.039892
 0.034868
 0.031685
 0.023175
 0.023983
 0.025439
 0.021483
 0.018239
 0.016354
 0.017392
 0.01474
 0.015148
 0.015181
 0.011512
 0.01313
 0.013404
 0.010651
 0.013701
 0.011031
 0.009195999999999999
 0.009349
 0.008409
 0.008730999999999999
 0.01312
 0.009656
 0
 0
 0.33333
 0.25
 0.3
 0.3
 0.075
 0.075
 0.175
 0.05
 0.13056
 0.18889
 0.13056
 0.08889
 0.03333
 0.08889
 0.16806
 0.00208
 0.01875
 0.03125
 0.04325
 0.0905
 0.05425
 0.0755
 0.112
 0.02756
 0.02056
 0.03522
 0.04311
 0.03611
 0
 0
 0
 0
 0
 0
 0
 0
 0
 0
 0
 0
 0
 0
 0
 0
 0
 0
 0
 0
 0
 0
 0
 0
 0
 0
 0
 0
 0
 0
 0
 0
 0.21006
 0.11732
 0.09732
 0.05925
 0.06376
 0.03463
 0.03452
 0.06326
 0.05522
 0.0555
 0.05287
 0.05044
 0.05315
 0.04086
 0.04193
 0.03592
 0.03479
 0.032
 0.04459
 0.04496
 0.04086
 0.04349
 0.03915
 0.03886
 0.04041
 0.03943
 0.04074
 0.03839
 0
 0
 0
 0
 0
 0
 0
 0
 0
 0
 0
 0
 0
 0
 0
 0
 0
 0
 0
 0
 0
 0
 0
 0
 0
 0
 0
 0
 0
 0
 0
 0
 0
 0
 0
 0
 0
 0
 0
 0
 0
 0
 0
 0
 0
 0
 0
 0
 0
 0
 0
 0
 0
 0
 0
 0
 0
 0
 0
 0
 0
 0
 0
 0
 0
 0
 0
 0
 0
 0
 0
 0
 0
 0
 0
 0
 0
 0
 0
 0
 0
 0
 0
 0
 0
 0
 0
 0
 0
 0
 0
 0
 0.21006
 0.08221000000000001
 0.06238
 0.04354
 0.02956
 0.04118
 0.03906
 0.03651
 0.03558
 0.04458
 0.0319
 0.04134
 0.03434
 0.04799
 0.04864
 0.05079
 0.0465
 0.0376
 0.04664
 0.04394
 0.04354
 0.04506
 0.04111
 0.04437
 0.04398
 0.04094
 0.04253
 0.04413
 0
 0
 0
 0
 0
 0
 0
 0
 0
 0
 0
 0
 0
 0
 0
 0
 0
 0
 0
 0
 0
 0
 0
 0
 0
 0
 0
 0
 0
 0
 0
 0
 0
 0
 0
 0
 0
 0
 0
 0
 0
 0
 0
 0
 0
 0
 0
 0
 0
 0
 0
 0
 0
 0
 0
 0
 0
 0
 0
 0
 0
 0
 0
 0
 0
 0
 0
 0
 0
 0
 0
 0
 0
 0
 0
 0
 0
 0
 0
 0
 0
 0
 0
 0
 0
 0
 0
 0
 0
 0
 0
 0
 0
 0
 0
 0
 0
 0
 0
 0
 0
 0
 0
 0
 0
 0
 0
 0
 0
 0
 0
 0
 0
 0
 0
 0
 0
 0
 0
 0
 0
 0
 0
 0
 0
 0
 0
 0
 0
 0
 0
 0
 0
 0
 0
 0
 0
 0
 0
 0
 0
 0
 0
 0
 0
 0
 0
 0
 0
 0
 0
 0
 0
 0
 0
 0
 0
 0
 0
 0
 0
 0
 0
 0
 0
 0
 0
 0
 0
 0
 0
 0
 0
 0
 0
 0
 0
 0
 0
 0
 0
 0
 0
 0
 0
 0
 0
 0
 0
 0
 0
 0
 0
 0
 0
 0
 0
 0
 0
 0
 0
 0
 0
 0
 0
 0
 0
 0
 0
 0
 0
 0
 0
 0
 0
 0
 0
 0
 0
 0
 0
 0
 0
 0
 0
 0
 0
 0
 0
 0
 0
 0
 0
 0
 0
 0
 0
 0
 0
 0
 0
 0
 0
 0
 0
 0
 0
 0
 0
 0
 0
 0
 0
 0
 0
 0
 0
 0
 0
 0
 0
 0
 0
 0
 0
 0
 0
 0
 0
 0
 0
 0
 0
 0
 0
 0
 0
 0
 0
 0
 0
 0
 0
 0
 0
 0
 0
 0
 0
 0
 0
 0
 0
 0
 0
 0
 0
 0
 0
 0
 0
 0
 0
 0
 0
 0
 0
 0
 0
 0
 0
 0
 0
 0
 0
 0
 0
 0
 0
 0
 0
 0
 0
 0
 0
 0
 0
 0
 0
 0


