# Created by Octave 4.0.0, Sat Nov 21 16:30:38 2015 W. Europe Standard Time <unknown@Florian-PC>
# name: mus
# type: matrix
# ndims: 3
 1 30 19
 0
 0
 0.5192
 0.69265
 0.70474
 0.71962
 0.71595
 0.71317
 0.7079800000000001
 0.7061500000000001
 0.69795
 0.68065
 0.66583
 0.65751
 0.64818
 0.64286
 0.61979
 0.61897
 0.61434
 0.61348
 0.60437
 0.60431
 0.60442
 0.59741
 0.59437
 0.5908600000000001
 0.5914700000000001
 0.59068
 0.57842
 0.58701
 0
 0
 0
 0.25
 0.6
 0.7
 0.9
 0.8
 0.9
 0.8
 0.8
 0.8666700000000001
 0.76667
 0.73333
 0.66667
 0.6166700000000001
 0.6333299999999999
 0.51667
 0.6333299999999999
 0.55
 0.62
 0.45
 0.49
 0.5
 0.5600000000000001
 0.6266699999999999
 0.51333
 0.60667
 0.60667
 0.6333299999999999
 0
 0
 0.28476
 0.48422
 0.63451
 0.6889999999999999
 0.77151
 0.84129
 0.86431
 0.71445
 0.78878
 0.78833
 0.71045
 0.6496
 0.60824
 0.54158
 0.55936
 0.53456
 0.58585
 0.53568
 0.51358
 0.52006
 0.5936900000000001
 0.43942
 0.5615
 0.5354
 0.54531
 0.56756
 0.56815
 0.56862
 0
 0
 0.13887
 0.37982
 0.56628
 0.68624
 0.76406
 0.81333
 0.82377
 0.71005
 0.73322
 0.77589
 0.6826100000000001
 0.61785
 0.56603
 0.52438
 0.54298
 0.50978
 0.54538
 0.5077199999999999
 0.52955
 0.50224
 0.47774
 0.4987
 0.52371
 0.54078
 0.51446
 0.53734
 0.55374
 0.5671
 0
 0
 0
 0.5
 0.6
 1
 0.85714
 0.75
 0.88889
 0.6
 0.63636
 0.83333
 0.61538
 0.66667
 0.4
 0.33333
 0
 1
 1
 0
 1
 1
 1
 1
 1
 1
 0
 1
 0
 0
 0
 0
 0.16667
 0.43939
 0.58792
 0.78565
 0.7037600000000001
 0.78133
 0.80962
 0.6912199999999999
 0.73891
 0.76496
 0.6896600000000001
 0.61705
 0.52945
 0.5016699999999999
 0.50256
 0.53087
 0.53996
 0.45778
 0.5460700000000001
 0.56691
 0.58044
 0.58351
 0.50562
 0.56959
 0.50925
 0.51203
 0.52339
 0.54493
 0
 0
 0.78929
 0.55888
 0.66655
 0.67228
 0.74176
 0.85627
 0.88259
 0.70277
 0.78382
 0.75813
 0.7145
 0.6378
 0.59398
 0.58909
 0.57675
 0.56989
 0.55177
 0.51454
 0.55862
 0.52766
 0.55017
 0.54553
 0.54806
 0.57962
 0.53622
 0.6152
 0.59587
 0.6076
 0
 0
 0.13888
 0.36984
 0.53533
 0.66866
 0.75842
 0.83946
 0.83707
 0.7015400000000001
 0.74397
 0.7700399999999999
 0.71188
 0.63076
 0.55078
 0.51122
 0.54051
 0.50893
 0.53564
 0.50991
 0.53423
 0.50364
 0.47796
 0.4905
 0.51912
 0.54747
 0.51642
 0.53792
 0.55631
 0.57025
 0
 0
 0.99868
 1
 1
 1
 1
 1
 1
 0.99527
 1
 0.99866
 0.99498
 0.9840100000000001
 0.98026
 0.96991
 0.97793
 0.96948
 0.97145
 0.96378
 0.9604200000000001
 0.9682500000000001
 0.95364
 0.9599
 0.9534899999999999
 0.95989
 0.95848
 0.93879
 0.94825
 0.95155
 0
 0
 0.16667
 0.41175
 0.56167
 0.72043
 0.77092
 0.79775
 0.81715
 0.69996
 0.73261
 0.76679
 0.68341
 0.61173
 0.53742
 0.50175
 0.52264
 0.48971
 0.51995
 0.48627
 0.57125
 0.49797
 0.47554
 0.48633
 0.50348
 0.55666
 0.50243
 0.52066
 0.53627
 0.56044
 0
 0
 0.78929
 0.56645
 0.66816
 0.68831
 0.7291299999999999
 0.86782
 0.8620100000000001
 0.70989
 0.77311
 0.7568
 0.74127
 0.64818
 0.585
 0.57207
 0.58966
 0.59732
 0.53751
 0.56993
 0.54886
 0.55279
 0.53301
 0.55308
 0.5487
 0.57468
 0.50627
 0.57624
 0.56908
 0.5537
 0
 0
 0
 0
 0
 0
 0
 0
 0
 0
 0
 0
 0
 0
 0
 0
 0
 0
 0
 0
 0
 0
 0
 0
 0
 0
 0
 0
 0
 0
 0
 0
 0
 0
 0
 0
 0
 0
 0
 0
 0
 0
 0
 0
 0
 0
 0
 0
 0
 0
 0
 0
 0
 0
 0
 0
 0
 0
 0
 0
 0
 0
 0
 0
 0
 0
 0
 0
 0
 0
 0
 0
 0
 0
 0
 0
 0
 0
 0
 0
 0
 0
 0
 0
 0
 0
 0
 0
 0
 0
 0
 0
 0
 0
 0
 0
 0
 0
 0
 0
 0
 0
 0
 0
 0
 0
 0
 0
 0
 0
 0
 0
 0
 0
 0
 0
 0
 0
 0
 0
 0
 0
 0
 0
 0
 0
 0
 0
 0
 0
 0
 0
 0
 0
 0
 0
 0
 0
 0
 0
 0
 0
 0
 0
 0
 0
 0
 0
 0
 0
 0
 0
 0.99997
 1
 1
 1
 1
 1
 1
 0.99322
 1
 0.99995
 0.99142
 0.98221
 0.97235
 0.96975
 0.96449
 0.97109
 0.96147
 0.9696399999999999
 0.95595
 0.9654700000000001
 0.96287
 0.95621
 0.9567600000000001
 0.95001
 0.95189
 0.95508
 0.95428
 0.95211
 0
 0
 0
 0
 0
 0
 0
 0
 0
 0
 0
 0
 0
 0
 0
 0
 0
 0
 0
 0
 0
 0
 0
 0
 0
 0
 0
 0
 0
 0
 0
 0
 0
 0
 0
 0
 0
 0
 0
 0
 0
 0
 0
 0
 0
 0
 0
 0
 0
 0
 0
 0
 0
 0
 0
 0
 0
 0
 0
 0


