# Created by Octave 4.0.0, Sat Nov 21 16:30:51 2015 W. Europe Standard Time <unknown@Florian-PC>
# name: mus
# type: matrix
# ndims: 3
 1 30 19
 0
 0
 0.72454
 0.72439
 0.71811
 0.7235200000000001
 0.71262
 0.7221
 0.72083
 0.71061
 0.72831
 0.72707
 0.72938
 0.72879
 0.73333
 0.73326
 0.7335199999999999
 0.7289600000000001
 0.73172
 0.72978
 0.72706
 0.73968
 0.74415
 0.73198
 0.73746
 0.73709
 0.73681
 0.73772
 0.74221
 0.74633
 0
 0
 0.33333
 1
 1
 1
 1
 0.8
 0.8
 0.9
 0.83333
 0.8666700000000001
 0.83333
 0.9
 0.93333
 0.8833299999999999
 0.8833299999999999
 0.83333
 0.85
 0.85
 0.85
 0.87
 0.86
 0.84
 0.84
 0.8
 0.78
 0.82
 0.8
 0.8
 0
 0
 0.56981
 0.9137999999999999
 0.86838
 0.9560999999999999
 0.93784
 0.68138
 0.75742
 0.8873
 0.83769
 0.8630100000000001
 0.89901
 0.86264
 0.88287
 0.93254
 0.91679
 0.92222
 0.91564
 0.89512
 0.92479
 0.91323
 0.91107
 0.8000699999999999
 0.82053
 0.83747
 0.84798
 0.84368
 0.85971
 0.85427
 0
 0
 0.42375
 0.9174099999999999
 0.93019
 0.95836
 0.93954
 0.74408
 0.78248
 0.8789
 0.83983
 0.85978
 0.87918
 0.89781
 0.9064
 0.91813
 0.90727
 0.91726
 0.89052
 0.89827
 0.8938199999999999
 0.8982599999999999
 0.8947000000000001
 0.80226
 0.8291500000000001
 0.83506
 0.83447
 0.8522
 0.85292
 0.85348
 0
 0
 0
 1
 1
 1
 1
 0.75
 0.77778
 0.9
 0.81818
 0.83333
 1
 1
 1
 1
 0.5
 1
 1
 1
 1
 1
 1
 1
 0
 1
 1
 1
 1
 1
 0
 0
 0.14078
 0.94131
 0.9609
 0.98908
 0.95316
 0.69894
 0.75775
 0.86558
 0.782
 0.83989
 0.94157
 0.94559
 0.92209
 0.91349
 0.83687
 0.9105
 0.91226
 0.9161
 0.8535199999999999
 0.95056
 0.88053
 0.90211
 0.73292
 0.79826
 0.89668
 0.9157999999999999
 0.79777
 0.82443
 0
 0
 0.57859
 0.55288
 0.83766
 0.93101
 0.8712800000000001
 0.79793
 0.8112200000000001
 0.82211
 0.78313
 0.8777
 0.85667
 0.86535
 0.88734
 0.8698399999999999
 0.8867
 0.92776
 0.90503
 0.89132
 0.90402
 0.9145799999999999
 0.92175
 0.8117799999999999
 0.8694
 0.85617
 0.81354
 0.80951
 0.8293700000000001
 0.88654
 0
 0
 0.42007
 0.8797700000000001
 0.90405
 0.9283400000000001
 0.86599
 0.73133
 0.74566
 0.81989
 0.77741
 0.8042899999999999
 0.8032899999999999
 0.84489
 0.84014
 0.84924
 0.8575700000000001
 0.87961
 0.8551800000000001
 0.85522
 0.85119
 0.83701
 0.83102
 0.72494
 0.74235
 0.73942
 0.74514
 0.77238
 0.76206
 0.77239
 0
 0
 0.92901
 0.92574
 0.9229000000000001
 0.9006
 0.88785
 0.91727
 0.91281
 0.9225
 0.9169
 0.92874
 0.9224
 0.92226
 0.91894
 0.91566
 0.90489
 0.89259
 0.90534
 0.91916
 0.9079700000000001
 0.89843
 0.90634
 0.89924
 0.89856
 0.90116
 0.90646
 0.91356
 0.89728
 0.91115
 0
 0
 0.01404
 0.9357
 0.95201
 0.98925
 0.87381
 0.70819
 0.76403
 0.80153
 0.79084
 0.80518
 0.89885
 0.81612
 0.9327
 0.94651
 0.93631
 0.95025
 0.92328
 0.91474
 0.90444
 0.92798
 0.88881
 0.78975
 0.82054
 0.85393
 0.84226
 0.86288
 0.87314
 0.83965
 0
 0
 0.57859
 0.57505
 0.83314
 0.89024
 0.83958
 0.7873
 0.73506
 0.92948
 0.78467
 0.85412
 0.61174
 0.89338
 0.85202
 0.85358
 0.86988
 0.86798
 0.93855
 0.9431
 0.9321
 0.86604
 0.85104
 0.8861599999999999
 0.81477
 0.89127
 0.88351
 0.84656
 0.77984
 0.8036
 0
 0
 0
 0
 0
 0
 0
 0
 0
 0
 0
 0
 0
 0
 0
 0
 0
 0
 0
 0
 0
 0
 0
 0
 0
 0
 0
 0
 0
 0
 0
 0
 0
 0
 0
 0
 0
 0
 0
 0
 0
 0
 0
 0
 0
 0
 0
 0
 0
 0
 0
 0
 0
 0
 0
 0
 0
 0
 0
 0
 0
 0
 0
 0
 0
 0
 0
 0
 0
 0
 0
 0
 0
 0
 0
 0
 0
 0
 0
 0
 0
 0
 0
 0
 0
 0
 0
 0
 0
 0
 0
 0
 0
 0
 0
 0
 0
 0
 0
 0
 0
 0
 0
 0
 0
 0
 0
 0
 0
 0
 0
 0
 0
 0
 0
 0
 0
 0
 0
 0
 0
 0
 0
 0
 0
 0
 0
 0
 0
 0
 0
 0
 0
 0
 0
 0
 0
 0
 0
 0
 0
 0
 0
 0
 0
 0
 0
 0
 0
 0
 0
 0
 0.88186
 0.89797
 0.93552
 0.94363
 0.91362
 0.91809
 0.91711
 0.88871
 0.92261
 0.91153
 0.9232900000000001
 0.91217
 0.90729
 0.91408
 0.9120200000000001
 0.91053
 0.90898
 0.9022
 0.90413
 0.9012
 0.90456
 0.9171
 0.90157
 0.9051399999999999
 0.9099
 0.90123
 0.8999200000000001
 0.90513
 0
 0
 0
 0
 0
 0
 0
 0
 0
 0
 0
 0
 0
 0
 0
 0
 0
 0
 0
 0
 0
 0
 0
 0
 0
 0
 0
 0
 0
 0
 0
 0
 0
 0
 0
 0
 0
 0
 0
 0
 0
 0
 0
 0
 0
 0
 0
 0
 0
 0
 0
 0
 0
 0
 0
 0
 0
 0
 0
 0


