# Created by Octave 4.0.0, Sat Nov 21 16:30:56 2015 W. Europe Standard Time <unknown@Florian-PC>
# name: mus
# type: matrix
# ndims: 3
 1 30 19
 0
 0
 0.50083
 0.5412
 0.51811
 0.5011100000000001
 0.5047199999999999
 0.50279
 0.50363
 0.6039099999999999
 0.69851
 0.6896
 0.71609
 0.66992
 0.52437
 0.52511
 0.54275
 0.53479
 0.53367
 0.5876400000000001
 0.61625
 0.6045
 0.58101
 0.5861499999999999
 0.57352
 0.60071
 0.6122300000000001
 0.62612
 0.61568
 0.59774
 0
 0
 1
 0.5
 0.6
 0.9
 0.7
 0.8
 0.7
 0.6
 0.43333
 0.76667
 0.6333299999999999
 0.6333299999999999
 0.46667
 0.55
 0.53333
 0.56667
 0.48333
 0.45
 0.43
 0.49
 0.53
 0.59
 0.6
 0.61333
 0.5600000000000001
 0.6
 0.55333
 0.66667
 0
 0
 1
 0.75652
 0.68411
 0.86725
 0.77572
 0.78318
 0.78894
 0.69357
 0.65317
 0.6518699999999999
 0.6553099999999999
 0.46311
 1.44861
 0.55689
 0.6041299999999999
 0.55066
 0.58646
 0.5803199999999999
 0.54113
 0.49112
 0.57778
 0.47808
 0.5714399999999999
 0.58633
 0.52544
 0.54852
 0.51618
 0.50742
 0
 0
 1
 0.59724
 0.67001
 0.93615
 0.82863
 0.7958499999999999
 0.916
 0.75096
 0.7093699999999999
 0.76609
 0.73865
 0.57384
 0.46052
 0.5813199999999999
 0.53381
 0.49882
 0.5672700000000001
 0.49763
 0.51776
 0.45321
 0.51048
 0.54062
 0.55154
 0.5631699999999999
 0.57089
 0.55732
 0.59183
 0.6006899999999999
 0
 0
 1
 0.75
 0.6
 1
 0.57143
 0.75
 1
 0.8
 0.72727
 0.91667
 0.69231
 0.33333
 0.2
 1
 0
 1
 0
 0
 0
 1
 1
 1
 1
 1
 0
 0
 0
 1
 0
 0
 1
 0.77778
 0.625
 1.10833
 0.68333
 0.78393
 1.00893
 0.79425
 0.74242
 0.90808
 0.7049
 0.48882
 0.40237
 0.76298
 0.37097
 0.71458
 0.34225
 0.3792
 0.30328
 0.61651
 0.67671
 0.5355
 0.80823
 0.74788
 0.50002
 0.27087
 0.45834
 0.59415
 0
 0
 1
 0.74963
 0.7873
 0.84844
 0.80527
 0.79808
 0.79182
 0.6852
 0.67993
 0.6795
 0.80302
 0.66277
 0.6385
 0.638
 0.62057
 0.5948
 0.5888
 0.70585
 0.68138
 0.60915
 0.64944
 0.61004
 0.62785
 0.66671
 0.62708
 0.64659
 0.65962
 0.5924
 0
 0
 1
 0.64156
 0.62871
 0.84616
 0.84579
 0.83309
 0.90126
 0.81862
 0.7028799999999999
 0.78029
 0.72035
 0.59873
 0.50368
 0.57682
 0.5571700000000001
 0.52681
 0.57985
 0.54479
 0.53921
 0.4859
 0.4978
 0.53969
 0.57354
 0.5524
 0.53513
 0.56037
 0.56792
 0.59406
 0
 0
 1
 1
 1
 1
 1
 1
 1
 1
 1
 1
 1
 1
 1
 1
 1
 1
 1
 1
 1
 1
 1
 1
 1
 1
 1
 1
 1
 1
 0
 0
 1
 0.76961
 0.55833
 1.05423
 0.84412
 0.75881
 0.77625
 0.68371
 0.67145
 0.68567
 0.6474800000000001
 0.64252
 0.45996
 0.55627
 0.516
 0.52841
 0.5172600000000001
 0.5294
 0.52917
 0.38312
 0.4899
 0.47491
 0.24253
 0.64732
 0.60278
 0.7393999999999999
 0.49631
 0.58056
 0
 0
 1
 0.76488
 0.82931
 0.88693
 0.83248
 0.84689
 0.8454199999999999
 0.71996
 0.7531
 0.69851
 0.7303500000000001
 0.62868
 0.75987
 0.65888
 0.76883
 0.67636
 0.57563
 0.63885
 0.72778
 0.71388
 0.67343
 0.58639
 0.63972
 0.66312
 0.64854
 0.69289
 0.72847
 0.6145
 0
 0
 0
 0
 0
 0
 0
 0
 0
 0
 0
 0
 0
 0
 0
 0
 0
 0
 0
 0
 0
 0
 0
 0
 0
 0
 0
 0
 0
 0
 0
 0
 0
 0
 0
 0
 0
 0
 0
 0
 0
 0
 0
 0
 0
 0
 0
 0
 0
 0
 0
 0
 0
 0
 0
 0
 0
 0
 0
 0
 0
 0
 0
 0
 0
 0
 0
 0
 0
 0
 0
 0
 0
 0
 0
 0
 0
 0
 0
 0
 0
 0
 0
 0
 0
 0
 0
 0
 0
 0
 0
 0
 0
 0
 0
 0
 0
 0
 0
 0
 0
 0
 0
 0
 0
 0
 0
 0
 0
 0
 0
 0
 0
 0
 0
 0
 0
 0
 0
 0
 0
 0
 0
 0
 0
 0
 0
 0
 0
 0
 0
 0
 0
 0
 0
 0
 0
 0
 0
 0
 0
 0
 0
 0
 0
 0
 0
 0
 0
 0
 0
 0
 1
 1
 1
 1
 1
 1
 1
 1
 1
 1
 1
 1
 1
 1
 1
 1
 1
 1
 1
 1
 1
 1
 1
 1
 1
 1
 1
 1
 0
 0
 0
 0
 0
 0
 0
 0
 0
 0
 0
 0
 0
 0
 0
 0
 0
 0
 0
 0
 0
 0
 0
 0
 0
 0
 0
 0
 0
 0
 0
 0
 0
 0
 0
 0
 0
 0
 0
 0
 0
 0
 0
 0
 0
 0
 0
 0
 0
 0
 0
 0
 0
 0
 0
 0
 0
 0
 0
 0


# name: vars
# type: matrix
# ndims: 3
 1 30 19
 0
 0
 0.08096399999999999
 0.06052
 0.052157
 0.038403
 0.039698
 0.02865
 0.031521
 0.024535
 0.018402
 0.015471
 0.017532
 0.013774
 0.016265
 0.015939
 0.014887
 0.014083
 0.01372
 0.013084
 0.008172
 0.012613
 0.009308
 0.010242
 0.013026
 0.009312000000000001
 0.008619999999999999
 0.008704999999999999
 0.009351
 0.007849
 0
 0
 0
 0.33333
 0.3
 0.05
 0.2
 0.075
 0.2
 0.05
 0.06389
 0.05
 0.06111
 0.06111
 0.08889
 0.04028
 0.05069
 0.03958
 0.02222
 0.04375
 0.012
 0.0205
 0.042
 0.0355
 0.04
 0.06089
 0.07856
 0.06722
 0.01978
 0.01389
 0
 0
 0
 0
 0
 0
 0
 0
 0
 0
 0
 0
 0
 0
 0
 0
 0
 0
 0
 0
 0
 0
 0
 0
 0
 0
 0
 0
 0
 0
 0
 0
 0
 0.11172
 0.03814
 0.01457
 0.04272
 0.0397
 0.01925
 0.05108
 0.05356
 0.04507
 0.045
 0.05364
 0.04165
 0.04766
 0.04679
 0.04623
 0.0378
 0.04082
 0.04855
 0.048
 0.04454
 0.05036
 0.04572
 0.0411
 0.03958
 0.0433
 0.04379
 0.04146
 0
 0
 0
 0
 0
 0
 0
 0
 0
 0
 0
 0
 0
 0
 0
 0
 0
 0
 0
 0
 0
 0
 0
 0
 0
 0
 0
 0
 0
 0
 0
 0
 0
 0
 0
 0
 0
 0
 0
 0
 0
 0
 0
 0
 0
 0
 0
 0
 0
 0
 0
 0
 0
 0
 0
 0
 0
 0
 0
 0
 0
 0
 0
 0
 0
 0
 0
 0
 0
 0
 0
 0
 0
 0
 0
 0
 0
 0
 0
 0
 0
 0
 0
 0
 0
 0
 0
 0
 0
 0
 0
 0
 0
 0.09019000000000001
 0.018268
 0.04169
 0.024522
 0.019047
 0.016864
 0.024567
 0.034811
 0.020896
 0.036167
 0.032404
 0.035343
 0.036593
 0.033306
 0.035009
 0.041626
 0.044477
 0.045671
 0.047725
 0.047503
 0.051485
 0.054997
 0.056081
 0.049598
 0.055195
 0.054013
 0.050378
 0
 0
 0
 0
 0
 0
 0
 0
 0
 0
 0
 0
 0
 0
 0
 0
 0
 0
 0
 0
 0
 0
 0
 0
 0
 0
 0
 0
 0
 0
 0
 0
 0
 0
 0
 0
 0
 0
 0
 0
 0
 0
 0
 0
 0
 0
 0
 0
 0
 0
 0
 0
 0
 0
 0
 0
 0
 0
 0
 0
 0
 0
 0
 0
 0
 0
 0
 0
 0
 0
 0
 0
 0
 0
 0
 0
 0
 0
 0
 0
 0
 0
 0
 0
 0
 0
 0
 0
 0
 0
 0
 0
 0
 0
 0
 0
 0
 0
 0
 0
 0
 0
 0
 0
 0
 0
 0
 0
 0
 0
 0
 0
 0
 0
 0
 0
 0
 0
 0
 0
 0
 0
 0
 0
 0
 0
 0
 0
 0
 0
 0
 0
 0
 0
 0
 0
 0
 0
 0
 0
 0
 0
 0
 0
 0
 0
 0
 0
 0
 0
 0
 0
 0
 0
 0
 0
 0
 0
 0
 0
 0
 0
 0
 0
 0
 0
 0
 0
 0
 0
 0
 0
 0
 0
 0
 0
 0
 0
 0
 0
 0
 0
 0
 0
 0
 0
 0
 0
 0
 0
 0
 0
 0
 0
 0
 0
 0
 0
 0
 0
 0
 0
 0
 0
 0
 0
 0
 0
 0
 0
 0
 0
 0
 0
 0
 0
 0
 0
 0
 0
 0
 0
 0
 0
 0
 0
 0
 0
 0
 0
 0
 0
 0
 0
 0
 0
 0
 0
 0
 0
 0
 0
 0
 0
 0
 0
 0
 0
 0
 0
 0
 0
 0
 0
 0
 0
 0
 0
 0
 0
 0
 0
 0
 0
 0
 0
 0
 0
 0
 0
 0
 0
 0
 0
 0
 0
 0
 0
 0
 0
 0
 0
 0
 0
 0
 0
 0
 0
 0
 0
 0
 0
 0
 0
 0
 0
 0
 0
 0
 0
 0
 0
 0
 0
 0
 0
 0
 0
 0
 0
 0
 0
 0
 0
 0
 0
 0
 0
 0
 0
 0
 0
 0
 0
 0
 0
 0
 0
 0
 0


