# Created by Octave 4.0.0, Sat Nov 21 16:30:33 2015 W. Europe Standard Time <unknown@Florian-PC>
# name: mus
# type: matrix
# ndims: 3
 1 30 19
 0
 0
 0.4975
 0.49722
 0.55877
 0.55909
 0.63369
 0.6456499999999999
 0.6488
 0.66369
 0.6413
 0.67841
 0.70216
 0.69992
 0.68796
 0.69754
 0.69767
 0.68126
 0.67833
 0.67584
 0.66992
 0.67714
 0.67252
 0.67061
 0.65803
 0.65942
 0.65685
 0.6543
 0.65211
 0.65311
 0
 0
 1
 1
 0.6
 0.6
 0.5
 0.7
 0.7
 0.8
 0.76667
 0.73333
 0.76667
 0.56667
 0.6
 0.5
 0.53333
 0.53333
 0.6333299999999999
 0.6
 0.66
 0.66
 0.68
 0.7
 0.72
 0.7466699999999999
 0.74
 0.71333
 0.71333
 0.73333
 0
 0
 1
 1
 0.6211100000000001
 0.62157
 0.7161
 0.7654300000000001
 0.83123
 0.77042
 0.68111
 0.6837299999999999
 0.737
 0.65105
 0.61089
 0.4681
 0.48203
 0.54277
 0.55866
 0.54479
 0.56153
 0.61045
 0.68115
 0.68665
 0.72213
 0.71297
 0.73858
 0.6798999999999999
 0.72289
 0.69168
 0
 0
 1
 1
 0.5724900000000001
 0.71407
 0.5006699999999999
 0.67066
 0.72657
 0.7701
 0.67572
 0.68171
 0.6946099999999999
 0.63059
 0.55088
 0.45533
 0.5185999999999999
 0.54969
 0.58939
 0.60001
 0.62493
 0.67005
 0.67849
 0.69563
 0.70277
 0.7154700000000001
 0.76167
 0.72677
 0.74383
 0.7521600000000001
 0
 0
 1
 1
 1
 0.83333
 0.57143
 0.875
 0.88889
 0.7
 0.63636
 0.75
 0.61538
 0.77778
 0.2
 0.33333
 0.5
 1
 1
 0
 0
 1
 0
 0
 1
 1
 1
 0
 1
 0
 0
 0
 1
 1
 0.86381
 0.8077299999999999
 0.5888099999999999
 0.7723100000000001
 0.81956
 0.74722
 0.71188
 0.73583
 0.67053
 0.70896
 0.525
 0.44371
 0.48773
 0.63574
 0.68202
 0.54196
 0.5456800000000001
 0.62278
 0.57723
 0.62616
 0.6640200000000001
 0.80631
 0.82691
 0.6614100000000001
 0.67408
 0.6966599999999999
 0
 0
 1
 1
 0.84393
 0.78245
 0.58422
 0.66038
 0.8116100000000001
 0.7398
 0.66216
 0.69204
 0.67077
 0.66104
 0.68107
 0.5998599999999999
 0.62786
 0.5897
 0.60462
 0.61835
 0.63458
 0.66082
 0.66466
 0.7107599999999999
 0.70025
 0.74479
 0.71473
 0.70299
 0.72167
 0.70174
 0
 0
 1
 1
 0.52938
 0.70144
 0.57221
 0.63143
 0.68787
 0.72614
 0.65077
 0.64381
 0.65721
 0.6136
 0.56935
 0.47479
 0.48957
 0.51694
 0.55725
 0.56443
 0.58387
 0.62253
 0.64612
 0.65201
 0.66935
 0.68144
 0.70397
 0.6786
 0.69148
 0.7018
 0
 0
 0.94224
 0.90576
 0.92106
 0.91238
 0.93429
 0.9024799999999999
 0.9395
 0.92543
 0.92877
 0.9147
 0.90595
 0.92886
 0.9099699999999999
 0.91769
 0.91183
 0.9055
 0.90769
 0.91132
 0.90603
 0.8991
 0.9045800000000001
 0.89633
 0.90177
 0.90743
 0.90484
 0.90691
 0.90924
 0.90467
 0
 0
 1
 1
 0.79841
 0.67685
 0.59173
 0.67691
 0.78717
 0.68647
 0.78012
 0.72871
 0.65228
 0.62142
 0.59549
 0.46851
 0.48844
 0.50642
 0.57026
 0.60843
 0.58392
 0.6551900000000001
 0.58208
 0.67982
 0.65686
 0.70382
 0.7404500000000001
 0.32976
 0.55376
 0.75811
 0
 0
 1
 1
 0.86263
 0.77208
 0.53404
 0.69479
 0.8057
 0.73373
 0.61376
 0.66254
 0.70114
 0.68591
 0.70923
 0.63595
 0.62407
 0.57717
 0.64952
 0.61231
 0.63267
 0.65732
 0.68547
 0.73821
 0.52076
 0.72266
 0.73085
 0.63802
 0.68571
 0.71715
 0
 0
 0
 0
 0
 0
 0
 0
 0
 0
 0
 0
 0
 0
 0
 0
 0
 0
 0
 0
 0
 0
 0
 0
 0
 0
 0
 0
 0
 0
 0
 0
 0
 0
 0
 0
 0
 0
 0
 0
 0
 0
 0
 0
 0
 0
 0
 0
 0
 0
 0
 0
 0
 0
 0
 0
 0
 0
 0
 0
 0
 0
 0
 0
 0
 0
 0
 0
 0
 0
 0
 0
 0
 0
 0
 0
 0
 0
 0
 0
 0
 0
 0
 0
 0
 0
 0
 0
 0
 0
 0
 0
 0
 0
 0
 0
 0
 0
 0
 0
 0
 0
 0
 0
 0
 0
 0
 0
 0
 0
 0
 0
 0
 0
 0
 0
 0
 0
 0
 0
 0
 0
 0
 0
 0
 0
 0
 0
 0
 0
 0
 0
 0
 0
 0
 0
 0
 0
 0
 0
 0
 0
 0
 0
 0
 0
 0
 0
 0
 0
 0
 0
 0.92256
 0.89906
 0.91828
 0.91818
 0.9259500000000001
 0.89541
 0.92733
 0.9294
 0.93072
 0.9269500000000001
 0.9196299999999999
 0.94279
 0.92313
 0.91244
 0.91229
 0.91287
 0.91351
 0.90828
 0.91022
 0.90123
 0.90113
 0.90287
 0.91561
 0.90084
 0.9069700000000001
 0.89874
 0.90693
 0.89257
 0
 0
 0
 0
 0
 0
 0
 0
 0
 0
 0
 0
 0
 0
 0
 0
 0
 0
 0
 0
 0
 0
 0
 0
 0
 0
 0
 0
 0
 0
 0
 0
 0
 0
 0
 0
 0
 0
 0
 0
 0
 0
 0
 0
 0
 0
 0
 0
 0
 0
 0
 0
 0
 0
 0
 0
 0
 0
 0
 0


