# Created by Octave 4.0.0, Sat Nov 21 16:30:39 2015 W. Europe Standard Time <unknown@Florian-PC>
# name: mus
# type: matrix
# ndims: 3
 1 30 19
 0
 0
 0.50473
 0.5039
 0.50418
 0.50446
 0.51584
 0.51562
 0.52764
 0.53184
 0.54227
 0.53971
 0.54599
 0.5445
 0.54174
 0.53795
 0.53722
 0.5376
 0.54003
 0.54101
 0.53994
 0.5444600000000001
 0.54264
 0.5411
 0.5526799999999999
 0.56132
 0.55584
 0.55413
 0.56897
 0.56328
 0
 0
 0
 0.75
 0.6
 0.8
 0.4
 0.8
 0.9
 0.9
 0.8
 0.9
 0.8666700000000001
 0.8666700000000001
 0.8666700000000001
 0.93333
 0.93333
 0.95
 0.95
 0.95
 0.95
 0.91
 0.96
 0.96
 0.96
 0.96
 0.96
 0.96667
 0.96667
 0.96667
 0
 0
 0.45937
 0.76672
 0.68279
 0.67208
 0.73358
 0.78334
 0.78002
 0.82056
 0.8274899999999999
 0.86471
 0.83074
 0.89501
 0.91181
 0.89244
 0.91854
 0.9195
 0.92672
 0.93786
 0.93491
 0.93268
 0.94107
 0.94998
 0.94503
 0.95107
 0.96319
 0.94795
 0.95747
 0.9698099999999999
 0
 0
 0.13888
 0.54256
 0.60092
 0.80022
 0.68075
 0.7512799999999999
 0.80082
 0.8504
 0.86313
 0.87242
 0.87893
 0.90784
 0.9098000000000001
 0.92074
 0.92011
 0.93055
 0.93803
 0.93918
 0.9442
 0.94465
 0.94785
 0.95042
 0.95391
 0.95697
 0.9555
 0.95956
 0.96223
 0.9627
 0
 0
 0
 0.75
 0.6
 0.66667
 0.28571
 0.75
 0.88889
 0.9
 0.81818
 0.75
 0.61538
 1
 1
 1
 1
 1
 1
 1
 1
 1
 1
 1
 0
 1
 1
 1
 1
 1
 0
 0
 0.24999
 0.5877
 0.68651
 0.66552
 0.64881
 0.75224
 0.8037300000000001
 0.8243
 0.84011
 0.85807
 0.84997
 0.90427
 0.91484
 0.91917
 0.92428
 0.92216
 0.94313
 0.94431
 0.94299
 0.94516
 0.93065
 0.95567
 0.89449
 0.94697
 0.9642500000000001
 0.9513200000000001
 0.9690299999999999
 0.96878
 0
 0
 1
 0.77225
 0.76337
 0.73653
 0.8211000000000001
 0.81116
 0.81716
 0.84493
 0.87713
 0.87527
 0.90501
 0.88204
 0.89922
 0.90935
 0.94941
 0.9222399999999999
 0.94154
 0.95599
 0.96213
 0.95419
 0.95711
 0.952
 0.96493
 0.96978
 0.96561
 0.94661
 0.95877
 0.97301
 0
 0
 0.13888
 0.50032
 0.62631
 0.76074
 0.69976
 0.77333
 0.78743
 0.8194900000000001
 0.8454700000000001
 0.85423
 0.87013
 0.88728
 0.89651
 0.9067499999999999
 0.91184
 0.92096
 0.9322
 0.93403
 0.93847
 0.9395
 0.94326
 0.94307
 0.9475
 0.95265
 0.95161
 0.95316
 0.9587599999999999
 0.95966
 0
 0
 0.9996699999999999
 1
 1
 1
 1
 1
 1
 1
 1
 0.99998
 0.99164
 0.98728
 0.97514
 0.96904
 0.97102
 0.96691
 0.96797
 0.96759
 0.96035
 0.965
 0.95369
 0.95644
 0.94552
 0.94945
 0.95855
 0.95252
 0.94731
 0.93677
 0
 0
 0.25001
 0.53091
 0.64259
 0.71958
 0.71475
 0.73506
 0.7856
 0.8151
 0.8357599999999999
 0.85472
 0.85021
 0.88248
 0.89557
 0.90254
 0.91151
 0.9210700000000001
 0.92755
 0.93167
 0.93653
 0.93733
 0.94171
 0.9446600000000001
 0.94628
 0.95173
 0.95206
 0.9529300000000001
 0.96202
 0.95913
 0
 0
 1
 0.74028
 0.81618
 0.73658
 0.8052
 0.82559
 0.80711
 0.9039199999999999
 0.87502
 0.84192
 0.89005
 0.87643
 0.90725
 0.90261
 0.93658
 0.92808
 0.9363899999999999
 0.94455
 0.94984
 0.91674
 0.94742
 0.93372
 0.95518
 0.9535400000000001
 0.96064
 0.94815
 0.94319
 0.97194
 0
 0
 0
 0
 0
 0
 0
 0
 0
 0
 0
 0
 0
 0
 0
 0
 0
 0
 0
 0
 0
 0
 0
 0
 0
 0
 0
 0
 0
 0
 0
 0
 0
 0
 0
 0
 0
 0
 0
 0
 0
 0
 0
 0
 0
 0
 0
 0
 0
 0
 0
 0
 0
 0
 0
 0
 0
 0
 0
 0
 0
 0
 0
 0
 0
 0
 0
 0
 0
 0
 0
 0
 0
 0
 0
 0
 0
 0
 0
 0
 0
 0
 0
 0
 0
 0
 0
 0
 0
 0
 0
 0
 0
 0
 0
 0
 0
 0
 0
 0
 0
 0
 0
 0
 0
 0
 0
 0
 0
 0
 0
 0
 0
 0
 0
 0
 0
 0
 0
 0
 0
 0
 0
 0
 0
 0
 0
 0
 0
 0
 0
 0
 0
 0
 0
 0
 0
 0
 0
 0
 0
 0
 0
 0
 0
 0
 0
 0
 0
 0
 0
 0
 0.99998
 1
 1
 1
 1
 1
 1
 0.99983
 1
 0.9999400000000001
 0.98775
 0.98563
 0.98007
 0.97781
 0.9653
 0.9631999999999999
 0.97572
 0.97052
 0.95752
 0.96585
 0.96651
 0.95197
 0.95469
 0.95448
 0.95164
 0.95462
 0.93529
 0.94842
 0
 0
 0
 0
 0
 0
 0
 0
 0
 0
 0
 0
 0
 0
 0
 0
 0
 0
 0
 0
 0
 0
 0
 0
 0
 0
 0
 0
 0
 0
 0
 0
 0
 0
 0
 0
 0
 0
 0
 0
 0
 0
 0
 0
 0
 0
 0
 0
 0
 0
 0
 0
 0
 0
 0
 0
 0
 0
 0
 0


