# Created by Octave 4.0.0, Sat Nov 21 16:32:14 2015 W. Europe Standard Time <unknown@Florian-PC>
# name: mus
# type: matrix
# ndims: 3
 1 30 19
 0
 0
 0.49875
 0.68687
 0.64051
 0.5542899999999999
 0.6391
 0.70918
 0.68371
 0.70769
 0.68624
 0.7096
 0.6899999999999999
 0.69452
 0.69103
 0.69792
 0.71128
 0.70581
 0.72682
 0.81842
 0.82456
 0.86364
 0.81643
 0.89844
 0.928
 0.92308
 0.98677
 0.9949
 0.9887
 0.99231
 0
 0
 1
 0.25
 0.4
 0.5
 0.4
 0.5
 0.7
 0.6
 0.66667
 0.53333
 0.6333299999999999
 0.6333299999999999
 0.6
 0.58333
 0.58333
 0.6
 0.58333
 0.7
 0.63
 0.44
 0.44
 0.51
 0.5600000000000001
 0.64
 0.41333
 0.69333
 0.46
 0.56667
 0
 0
 1
 0.5662199999999999
 0.52866
 0.6258899999999999
 0.6807800000000001
 0.69595
 0.6505300000000001
 0.58967
 0.58513
 0.57988
 0.6275500000000001
 0.62783
 0.58268
 0.61274
 0.6368200000000001
 0.54595
 0.58113
 0.56757
 0.46417
 0.48657
 0.5446800000000001
 0.5629999999999999
 0.50196
 0.50046
 0.48554
 0.53599
 0.53408
 0.53409
 0
 0
 1
 0.29725
 0.40081
 0.35381
 0.37801
 0.54351
 0.59162
 0.50297
 0.61143
 0.53142
 0.55206
 0.62451
 0.57781
 0.62631
 0.62517
 0.6258899999999999
 0.59502
 0.51602
 0.55259
 0.50989
 0.5351399999999999
 0.48916
 0.44857
 0.44486
 0.42461
 0.41846
 0.44843
 0.43534
 0
 0
 1
 0
 0.2
 0.83333
 0.28571
 0.625
 0.5555600000000001
 0.7
 0.72727
 0.41667
 0.69231
 0.66667
 0.4
 1
 0.5
 0
 1
 1
 1
 0
 0
 0
 1
 0
 0
 0
 0
 0
 0
 0
 1
 0.09211
 0.13074
 0.6887
 0.44847
 0.58075
 0.54854
 0.5695
 0.61183
 0.4756
 0.63497
 0.65763
 0.5243
 0.73285
 0.54243
 0.51952
 0.68072
 0.66567
 0.66632
 0.40885
 0.50271
 0.5651
 0.56732
 0.39143
 0.42556
 0.44382
 0.4228
 0.44742
 0
 0
 1
 0.55176
 0.71315
 0.7094
 0.68538
 0.66656
 0.68101
 0.64668
 0.6531
 0.67594
 0.62613
 0.67457
 0.63304
 0.62488
 0.66437
 0.64444
 0.6608000000000001
 0.608
 0.61237
 0.65197
 0.63611
 0.6497000000000001
 0.60946
 0.61155
 0.60501
 0.63395
 0.6294
 0.61292
 0
 0
 1
 0.31418
 0.39096
 0.38501
 0.45154
 0.48305
 0.5006699999999999
 0.50066
 0.53591
 0.49661
 0.54426
 0.5647799999999999
 0.53672
 0.58274
 0.5504
 0.5656600000000001
 0.56114
 0.49284
 0.50166
 0.48821
 0.50808
 0.49444
 0.4833
 0.45743
 0.45478
 0.4645
 0.46604
 0.46516
 0
 0
 0.9631
 0.92659
 0.88831
 0.89717
 0.92044
 0.89342
 0.91974
 0.91316
 0.9296
 0.92588
 0.92356
 0.91515
 0.9184099999999999
 0.90466
 0.91819
 0.91671
 0.90648
 0.91093
 0.91938
 0.9121899999999999
 0.9091900000000001
 0.90837
 0.90051
 0.9053
 0.89997
 0.90423
 0.89872
 0.90615
 0
 0
 1
 0.12103
 0.1312
 0.51628
 0.52429
 0.4535
 0.48513
 0.52216
 0.57331
 0.48042
 0.54866
 0.63586
 0.532
 0.65274
 0.52845
 0.54679
 0.58195
 0.49585
 0.5210399999999999
 0.47724
 0.4958
 0.53113
 0.49346
 0.46043
 0.45048
 0.47278
 0.46124
 0.47251
 0
 0
 1
 0.55563
 0.69617
 0.65761
 0.6771
 0.71569
 0.64162
 0.66359
 0.68709
 0.66893
 0.64899
 0.61022
 0.62323
 0.68161
 0.66315
 0.64672
 0.6935
 0.59918
 0.54259
 0.6107
 0.61517
 0.63076
 0.58433
 0.60046
 0.6346000000000001
 0.32902
 0.60401
 0.59761
 0
 0
 0
 0
 0
 0
 0
 0
 0
 0
 0
 0
 0
 0
 0
 0
 0
 0
 0
 0
 0
 0
 0
 0
 0
 0
 0
 0
 0
 0
 0
 0
 0
 0
 0
 0
 0
 0
 0
 0
 0
 0
 0
 0
 0
 0
 0
 0
 0
 0
 0
 0
 0
 0
 0
 0
 0
 0
 0
 0
 0
 0
 0
 0
 0
 0
 0
 0
 0
 0
 0
 0
 0
 0
 0
 0
 0
 0
 0
 0
 0
 0
 0
 0
 0
 0
 0
 0
 0
 0
 0
 0
 0
 0
 0
 0
 0
 0
 0
 0
 0
 0
 0
 0
 0
 0
 0
 0
 0
 0
 0
 0
 0
 0
 0
 0
 0
 0
 0
 0
 0
 0
 0
 0
 0
 0
 0
 0
 0
 0
 0
 0
 0
 0
 0
 0
 0
 0
 0
 0
 0
 0
 0
 0
 0
 0
 0
 0
 0
 0
 0
 0
 0.9426099999999999
 0.9003
 0.94726
 0.92649
 0.9101900000000001
 0.94543
 0.9018
 0.92362
 0.91015
 0.91432
 0.92811
 0.92293
 0.91208
 0.91454
 0.90493
 0.91631
 0.90415
 0.90149
 0.91475
 0.90181
 0.90632
 0.91033
 0.9071900000000001
 0.90364
 0.90295
 0.8991
 0.90104
 0.90001
 0
 0
 0
 0
 0
 0
 0
 0
 0
 0
 0
 0
 0
 0
 0
 0
 0
 0
 0
 0
 0
 0
 0
 0
 0
 0
 0
 0
 0
 0
 0
 0
 0
 0
 0
 0
 0
 0
 0
 0
 0
 0
 0
 0
 0
 0
 0
 0
 0
 0
 0
 0
 0
 0
 0
 0
 0
 0
 0
 0


