# Created by Octave 4.0.0, Sat Nov 21 16:32:10 2015 W. Europe Standard Time <unknown@Florian-PC>
# name: mus
# type: matrix
# ndims: 3
 1 30 19
 0
 0
 0.67669
 0.66162
 0.69114
 0.62879
 0.62155
 0.6275500000000001
 0.8024
 0.84359
 0.83649
 0.8005100000000001
 0.85821
 0.86224
 0.85256
 0.85677
 0.85934
 0.83712
 0.8696700000000001
 0.86316
 0.82206
 0.85985
 0.86161
 0.86198
 0.864
 0.85179
 0.86712
 0.89031
 0.8593
 0.85128
 0
 0
 0.33333
 0.75
 0.8
 0.2
 0.9
 0.8
 0.2
 0.3
 0.1
 0.2
 0.46667
 0.5
 0.33333
 0.41667
 0.4
 0.38333
 0.46667
 0.45
 0.72
 0.6
 0.63
 0.75
 0.76
 0.72667
 0.78667
 0.78667
 0.72667
 0.66667
 0
 0
 0.59245
 0.78499
 0.74844
 0.66459
 0.68301
 0.7975100000000001
 0.40548
 0.33052
 0.63996
 0.56932
 0.64922
 0.45856
 0.5538999999999999
 0.5042
 0.4713
 0.6025
 0.52539
 0.6081
 0.6146
 0.6954900000000001
 0.69003
 0.6766799999999999
 0.66873
 0.6377699999999999
 0.6512
 0.54954
 0.57921
 0.61454
 0
 0
 0.69072
 0.54193
 0.61092
 0.47294
 0.66393
 0.61399
 0.47266
 0.45658
 0.4303
 0.45856
 0.4518
 0.47513
 0.47705
 0.47992
 0.47038
 0.49428
 0.5071099999999999
 0.5315
 0.55977
 0.57138
 0.5896
 0.59599
 0.5909
 0.5754
 0.5694900000000001
 0.5468
 0.54287
 0.54864
 0
 0
 0
 1
 1
 0.33333
 0.71429
 0.625
 0.44444
 0.1
 0.09091
 0.16667
 0.46154
 0.33333
 0.8
 0
 0.5
 0
 0
 1
 1
 1
 1
 0
 1
 0
 1
 1
 0
 1
 0
 0
 -0
 0.59772
 0.6745100000000001
 0.41333
 0.66698
 0.58069
 0.46229
 0.4178
 0.40348
 0.43419
 0.46023
 0.47236
 0.4915
 0.45279
 0.46803
 0.45717
 0.51863
 0.5591
 0.54079
 0.60868
 0.57696
 0.55558
 0.60058
 0.55686
 0.53837
 0.56045
 0.53565
 0.52783
 0
 0
 1
 0.52268
 0.73546
 0.6268899999999999
 0.6906
 0.7017600000000001
 0.66864
 0.67156
 0.65768
 0.68697
 0.66366
 0.65517
 0.65345
 0.66775
 0.63467
 0.68928
 0.67824
 0.67948
 0.7377
 0.70023
 0.73599
 0.71823
 0.70539
 0.69603
 0.68912
 0.67922
 0.66337
 0.65041
 0
 0
 0.6926
 0.50274
 0.55566
 0.488
 0.59222
 0.62902
 0.49042
 0.48256
 0.45407
 0.46964
 0.47882
 0.50177
 0.48776
 0.49213
 0.48417
 0.5007
 0.52102
 0.54215
 0.56625
 0.58168
 0.59853
 0.5905
 0.5824
 0.57824
 0.5517300000000001
 0.54552
 0.54282
 0.54493
 0
 0
 0.99809
 1
 1
 1
 1
 1
 1
 1
 1
 0.99805
 0.99331
 0.9898
 0.97139
 0.97692
 0.97376
 0.96717
 0.96351
 0.96515
 0.9667
 0.96665
 0.96351
 0.9628100000000001
 0.9534
 0.95472
 0.95334
 0.95467
 0.94338
 0.95406
 0
 0
 -0
 0.61444
 0.71932
 0.40409
 0.57684
 0.67853
 0.48954
 0.47531
 0.44159
 0.44913
 0.47102
 0.48249
 0.47767
 0.48365
 0.4768
 0.49354
 0.50487
 0.533
 0.55788
 0.5648
 0.58518
 0.58172
 0.57257
 0.56598
 0.5591699999999999
 0.54732
 0.528
 0.53247
 0
 0
 1
 0.54417
 0.6884
 0.6183999999999999
 0.67347
 0.62349
 0.66865
 0.67881
 0.6657999999999999
 0.66214
 0.6542
 0.67874
 0.64497
 0.64636
 0.65563
 0.64237
 0.65018
 0.6651
 0.70824
 0.69509
 0.69086
 0.71508
 0.67966
 0.68873
 0.6394
 0.63788
 0.64915
 0.64899
 0
 0
 0
 0
 0
 0
 0
 0
 0
 0
 0
 0
 0
 0
 0
 0
 0
 0
 0
 0
 0
 0
 0
 0
 0
 0
 0
 0
 0
 0
 0
 0
 0
 0
 0
 0
 0
 0
 0
 0
 0
 0
 0
 0
 0
 0
 0
 0
 0
 0
 0
 0
 0
 0
 0
 0
 0
 0
 0
 0
 0
 0
 0
 0
 0
 0
 0
 0
 0
 0
 0
 0
 0
 0
 0
 0
 0
 0
 0
 0
 0
 0
 0
 0
 0
 0
 0
 0
 0
 0
 0
 0
 0
 0
 0
 0
 0
 0
 0
 0
 0
 0
 0
 0
 0
 0
 0
 0
 0
 0
 0
 0
 0
 0
 0
 0
 0
 0
 0
 0
 0
 0
 0
 0
 0
 0
 0
 0
 0
 0
 0
 0
 0
 0
 0
 0
 0
 0
 0
 0
 0
 0
 0
 0
 0
 0
 0
 0
 0
 0
 0
 0
 0.99999
 1
 1
 1
 1
 1
 1
 0.99998
 1
 0.99143
 0.99625
 0.98714
 0.97859
 0.97005
 0.97581
 0.96668
 0.96171
 0.961
 0.96013
 0.96051
 0.96354
 0.95091
 0.95679
 0.94934
 0.95406
 0.95361
 0.94587
 0.94664
 0
 0
 0
 0
 0
 0
 0
 0
 0
 0
 0
 0
 0
 0
 0
 0
 0
 0
 0
 0
 0
 0
 0
 0
 0
 0
 0
 0
 0
 0
 0
 0
 0
 0
 0
 0
 0
 0
 0
 0
 0
 0
 0
 0
 0
 0
 0
 0
 0
 0
 0
 0
 0
 0
 0
 0
 0
 0
 0
 0


