# Created by Octave 4.0.0, Sat Nov 21 16:32:16 2015 W. Europe Standard Time <unknown@Florian-PC>
# name: mus
# type: matrix
# ndims: 3
 1 30 19
 0
 0
 0.49373
 0.60354
 0.60759
 0.60227
 0.60401
 0.60204
 0.59722
 0.59744
 0.58775
 0.58838
 0.59077
 0.58418
 0.57821
 0.58073
 0.58113
 0.5593399999999999
 0.59148
 0.56842
 0.5388500000000001
 0.64394
 0.70645
 0.71224
 0.70933
 0.69487
 0.70334
 0.6977
 0.69657
 0.81282
 0
 0
 1
 0
 0.4
 0.4
 0.5
 0.7
 0.7
 0.7
 0.83333
 0.83333
 0.83333
 0.7
 0.8666700000000001
 0.8833299999999999
 1
 1
 0.95
 1
 0.95
 0.9
 0.74
 0.76
 0.72
 0.72
 0.70667
 0.78667
 0.8666700000000001
 0.7
 0
 0
 1
 0.46855
 0.67478
 0.67964
 0.63246
 0.65207
 0.78929
 0.76594
 0.74924
 0.79828
 0.83434
 0.88059
 0.87535
 0.89003
 0.9381699999999999
 0.92071
 0.96634
 0.95007
 0.98998
 0.89998
 0.88378
 0.87551
 0.86704
 0.87771
 0.8307
 0.83205
 0.835
 0.71762
 0
 0
 1
 0.34031
 0.60501
 0.42421
 0.58712
 0.7866300000000001
 0.85784
 0.82056
 0.8593
 0.90259
 0.89362
 0.9376
 0.95777
 0.95125
 0.97157
 0.96814
 0.99527
 0.99486
 0.999
 0.91539
 0.86084
 0.87974
 0.86428
 0.86394
 0.84429
 0.82708
 0.81633
 0.70714
 0
 0
 1
 0
 0.6
 0.16667
 0.57143
 0.875
 0.88889
 0.4
 0.81818
 1
 0.69231
 0.88889
 1
 1
 1
 1
 1
 1
 1
 1
 1
 1
 0
 1
 1
 1
 0
 1
 0
 0
 1
 0.36114
 0.7
 0.33752
 0.64762
 0.91964
 0.96726
 0.63284
 0.86402
 1.04242
 0.80245
 0.92349
 1.02665
 0.99548
 1.00887
 0.9871799999999999
 1.01014
 1.00532
 1.01293
 0.82639
 0.82955
 1.00324
 0.6875
 0.875
 1.0625
 1.03152
 0.60417
 0.93576
 0
 0
 1
 0.54535
 0.6532
 0.63814
 0.5585599999999999
 0.67566
 0.75342
 0.77515
 0.7796999999999999
 0.77262
 0.82807
 0.828
 0.91016
 0.88537
 0.91484
 0.99378
 0.96877
 0.99125
 0.99547
 0.92837
 0.89696
 0.8814
 0.8424199999999999
 0.88009
 0.85744
 0.87085
 0.89985
 0.75016
 0
 0
 1
 0.3689
 0.68949
 0.49472
 0.56123
 0.69048
 0.79156
 0.80113
 0.79077
 0.84884
 0.8869899999999999
 0.91904
 0.95201
 0.93971
 0.98028
 0.98026
 0.99144
 0.99451
 0.9892
 0.92672
 0.86998
 0.87505
 0.8841599999999999
 0.85105
 0.8399
 0.81613
 0.83042
 0.71279
 0
 0
 1
 1
 1
 1
 1
 1
 1
 1
 1
 1
 1
 1
 1
 1
 1
 1
 1
 1
 1
 1
 1
 1
 1
 1
 1
 1
 1
 1
 0
 0
 1
 0.37748
 0.75923
 0.41263
 0.64747
 0.74344
 0.93357
 0.80289
 0.8767200000000001
 1.00275
 1.02921
 0.9270699999999999
 0.8871599999999999
 1.01591
 0.9829
 1.02821
 0.99403
 1.02968
 1.07268
 0.92565
 0.83822
 0.90217
 0.90152
 0.89401
 1.03008
 0.8817199999999999
 0.74814
 0.7482799999999999
 0
 0
 1
 0.55813
 0.64816
 0.63439
 0.56855
 0.6488699999999999
 0.82225
 0.72717
 0.69754
 0.90036
 0.7743
 0.8454199999999999
 1.05166
 0.87765
 0.9879
 0.9414400000000001
 0.99247
 1.08887
 0.99007
 1.02831
 0.89593
 0.98287
 0.83849
 0.89547
 0.90646
 0.93002
 0.9009200000000001
 0.79843
 0
 0
 0
 0
 0
 0
 0
 0
 0
 0
 0
 0
 0
 0
 0
 0
 0
 0
 0
 0
 0
 0
 0
 0
 0
 0
 0
 0
 0
 0
 0
 0
 0
 0
 0
 0
 0
 0
 0
 0
 0
 0
 0
 0
 0
 0
 0
 0
 0
 0
 0
 0
 0
 0
 0
 0
 0
 0
 0
 0
 0
 0
 0
 0
 0
 0
 0
 0
 0
 0
 0
 0
 0
 0
 0
 0
 0
 0
 0
 0
 0
 0
 0
 0
 0
 0
 0
 0
 0
 0
 0
 0
 0
 0
 0
 0
 0
 0
 0
 0
 0
 0
 0
 0
 0
 0
 0
 0
 0
 0
 0
 0
 0
 0
 0
 0
 0
 0
 0
 0
 0
 0
 0
 0
 0
 0
 0
 0
 0
 0
 0
 0
 0
 0
 0
 0
 0
 0
 0
 0
 0
 0
 0
 0
 0
 0
 0
 0
 0
 0
 0
 0
 1
 1
 1
 1
 1
 1
 1
 1
 1
 1
 1
 1
 1
 1
 1
 1
 1
 1
 1
 1
 1
 1
 1
 1
 1
 1
 1
 1
 0
 0
 0
 0
 0
 0
 0
 0
 0
 0
 0
 0
 0
 0
 0
 0
 0
 0
 0
 0
 0
 0
 0
 0
 0
 0
 0
 0
 0
 0
 0
 0
 0
 0
 0
 0
 0
 0
 0
 0
 0
 0
 0
 0
 0
 0
 0
 0
 0
 0
 0
 0
 0
 0
 0
 0
 0
 0
 0
 0


# name: vars
# type: matrix
# ndims: 3
 1 30 19
 0
 0
 0.086871
 0.065064
 0.047634
 0.048033
 0.028438
 0.031688
 0.024996
 0.023414
 0.025683
 0.011258
 0.016055
 0.018917
 0.018039
 0.012731
 0.01605
 0.016042
 0.019364
 0.007003
 0.026216
 0.01659
 0.009018999999999999
 0.011008
 0.005592
 0.012356
 0.019149
 0.007185
 0.008532
 0.0051
 0
 0
 0
 0
 0.3
 0.3
 0.25
 0.2
 0.2
 0.075
 0.05556
 0.05556
 0.05556
 0.03333
 0.03333
 0.02639
 0
 0
 0.0125
 0
 0.0125
 0.01875
 0.038
 0.068
 0.092
 0.092
 0.06189
 0.03256
 0.01944
 0.04722
 0
 0
 0
 0
 0
 0
 0
 0
 0
 0
 0
 0
 0
 0
 0
 0
 0
 0
 0
 0
 0
 0
 0
 0
 0
 0
 0
 0
 0
 0
 0
 0
 0
 0.00777
 0.11688
 0.07579
 0.08844
 0.06458999999999999
 0.02597
 0.03832
 0.03074
 0.02102
 0.02484
 0.01025
 0.008920000000000001
 0.01039
 0.00565
 0.00674
 0.00066
 0.0005999999999999999
 0.0001
 0.01516
 0.02431
 0.01929
 0.02361
 0.02176
 0.0258
 0.02797
 0.02767
 0.03667
 0
 0
 0
 0
 0
 0
 0
 0
 0
 0
 0
 0
 0
 0
 0
 0
 0
 0
 0
 0
 0
 0
 0
 0
 0
 0
 0
 0
 0
 0
 0
 0
 0
 0
 0
 0
 0
 0
 0
 0
 0
 0
 0
 0
 0
 0
 0
 0
 0
 0
 0
 0
 0
 0
 0
 0
 0
 0
 0
 0
 0
 0
 0
 0
 0
 0
 0
 0
 0
 0
 0
 0
 0
 0
 0
 0
 0
 0
 0
 0
 0
 0
 0
 0
 0
 0
 0
 0
 0
 0
 0
 0
 0
 0.009662
 0.07384599999999999
 0.059542
 0.04379
 0.045191
 0.031697
 0.032892
 0.043555
 0.034771
 0.025247
 0.021336
 0.011596
 0.018271
 0.00439
 0.004125
 0.000937
 0.000602
 0.003087
 0.011065
 0.020248
 0.018466
 0.019969
 0.028592
 0.026152
 0.035833
 0.029883
 0.042001
 0
 0
 0
 0
 0
 0
 0
 0
 0
 0
 0
 0
 0
 0
 0
 0
 0
 0
 0
 0
 0
 0
 0
 0
 0
 0
 0
 0
 0
 0
 0
 0
 0
 0
 0
 0
 0
 0
 0
 0
 0
 0
 0
 0
 0
 0
 0
 0
 0
 0
 0
 0
 0
 0
 0
 0
 0
 0
 0
 0
 0
 0
 0
 0
 0
 0
 0
 0
 0
 0
 0
 0
 0
 0
 0
 0
 0
 0
 0
 0
 0
 0
 0
 0
 0
 0
 0
 0
 0
 0
 0
 0
 0
 0
 0
 0
 0
 0
 0
 0
 0
 0
 0
 0
 0
 0
 0
 0
 0
 0
 0
 0
 0
 0
 0
 0
 0
 0
 0
 0
 0
 0
 0
 0
 0
 0
 0
 0
 0
 0
 0
 0
 0
 0
 0
 0
 0
 0
 0
 0
 0
 0
 0
 0
 0
 0
 0
 0
 0
 0
 0
 0
 0
 0
 0
 0
 0
 0
 0
 0
 0
 0
 0
 0
 0
 0
 0
 0
 0
 0
 0
 0
 0
 0
 0
 0
 0
 0
 0
 0
 0
 0
 0
 0
 0
 0
 0
 0
 0
 0
 0
 0
 0
 0
 0
 0
 0
 0
 0
 0
 0
 0
 0
 0
 0
 0
 0
 0
 0
 0
 0
 0
 0
 0
 0
 0
 0
 0
 0
 0
 0
 0
 0
 0
 0
 0
 0
 0
 0
 0
 0
 0
 0
 0
 0
 0
 0
 0
 0
 0
 0
 0
 0
 0
 0
 0
 0
 0
 0
 0
 0
 0
 0
 0
 0
 0
 0
 0
 0
 0
 0
 0
 0
 0
 0
 0
 0
 0
 0
 0
 0
 0
 0
 0
 0
 0
 0
 0
 0
 0
 0
 0
 0
 0
 0
 0
 0
 0
 0
 0
 0
 0
 0
 0
 0
 0
 0
 0
 0
 0
 0
 0
 0
 0
 0
 0
 0
 0
 0
 0
 0
 0
 0
 0
 0
 0
 0
 0
 0
 0
 0
 0
 0
 0
 0
 0
 0
 0
 0
 0


