# Created by Octave 4.0.0, Sat Nov 21 16:32:02 2015 W. Europe Standard Time <unknown@Florian-PC>
# name: mus
# type: matrix
# ndims: 3
 1 30 19
 0
 0
 0.49373
 0.49495
 0.62785
 0.625
 0.69173
 0.7551
 0.7569399999999999
 0.75897
 0.74116
 0.76263
 0.78487
 0.8137799999999999
 0.80897
 0.84896
 0.85479
 0.84848
 0.86717
 0.88158
 0.90226
 0.90404
 0.9002599999999999
 0.91927
 0.89867
 0.91538
 0.91414
 0.9400500000000001
 0.93103
 0.93077
 0
 0
 1
 1
 0.6
 0.6
 0.5
 0.6
 0.3
 0.4
 0.36667
 0.83333
 0.76667
 0.73333
 0.73333
 0.65
 0.76667
 0.73333
 0.7
 0.6
 0.65
 0.64
 0.66
 0.8
 0.8
 0.80667
 0.79333
 0.7
 0.72
 0.66667
 0
 0
 1
 1
 0.70636
 0.76822
 0.75031
 0.68642
 0.70333
 0.77433
 0.75368
 0.74548
 0.745
 0.81786
 0.8171
 0.79771
 0.74598
 0.81123
 0.66467
 0.648
 0.71923
 0.73514
 0.80765
 0.75745
 0.8089
 0.79008
 0.82581
 0.7848000000000001
 0.83007
 0.77067
 0
 0
 1
 1
 0.60586
 0.66737
 0.56547
 0.59654
 0.5852000000000001
 0.57042
 0.5914
 0.64441
 0.63754
 0.66386
 0.6712900000000001
 0.64346
 0.64875
 0.65894
 0.59906
 0.569
 0.60551
 0.63747
 0.65401
 0.66254
 0.67979
 0.69008
 0.70096
 0.67615
 0.68485
 0.69059
 0
 0
 1
 1
 0.6
 0.5
 0.57143
 0.375
 0.66667
 0.7
 0.63636
 0.75
 0.61538
 0.77778
 0.8
 0.66667
 0.5
 1
 0
 1
 1
 0
 1
 1
 0
 1
 1
 1
 0
 1
 0
 0
 1
 1
 0.55789
 0.60659
 0.5762
 0.50391
 0.53923
 0.6425
 0.60321
 0.61114
 0.63003
 0.66172
 0.73765
 0.63182
 0.62978
 0.6523099999999999
 0.56595
 0.6468699999999999
 0.6111799999999999
 0.56767
 0.64468
 0.66528
 0.67535
 0.68414
 0.67889
 0.68686
 0.61986
 0.7094200000000001
 0
 0
 1
 1
 0.81713
 0.83433
 0.73956
 0.67382
 0.69094
 0.7397899999999999
 0.7009
 0.73668
 0.79482
 0.75268
 0.75157
 0.73193
 0.76087
 0.7532799999999999
 0.8065099999999999
 0.70667
 0.71561
 0.71038
 0.7140300000000001
 0.76148
 0.7632
 0.75879
 0.78999
 0.6513099999999999
 0.77284
 0.73658
 0
 0
 1
 1
 0.5654400000000001
 0.65197
 0.57826
 0.57151
 0.54535
 0.56704
 0.57525
 0.62317
 0.62863
 0.65088
 0.65295
 0.63651
 0.6374
 0.66331
 0.61005
 0.57467
 0.59575
 0.63479
 0.64712
 0.64705
 0.67553
 0.68114
 0.68872
 0.66448
 0.66656
 0.67388
 0
 0
 0.99973
 1
 1
 1
 1
 1
 1
 1
 0.99744
 1
 0.9910600000000001
 0.98686
 0.98351
 0.97389
 0.9731
 0.97595
 0.9704700000000001
 0.95967
 0.95869
 0.96141
 0.95214
 0.95819
 0.95889
 0.9464
 0.95061
 0.96166
 0.95556
 0.9383899999999999
 0
 0
 1
 1
 0.5331900000000001
 0.6134500000000001
 0.58589
 0.52361
 0.5141
 0.54267
 0.56484
 0.66484
 0.66017
 0.72366
 0.62141
 0.60668
 0.62614
 0.6412
 0.5960800000000001
 0.58501
 0.57808
 0.60786
 0.6883899999999999
 0.63043
 0.6511
 0.66252
 0.67008
 0.70257
 0.65184
 0.78835
 0
 0
 1
 1
 0.80313
 0.8535700000000001
 0.72677
 0.68127
 0.69363
 0.7094200000000001
 0.71868
 0.73894
 0.7416
 0.71192
 0.73974
 0.71269
 0.70772
 0.71199
 0.68242
 0.67884
 0.70302
 0.70496
 0.74549
 0.74682
 0.74923
 0.7321299999999999
 0.82752
 0.72712
 0.73166
 0.72205
 0
 0
 0
 0
 0
 0
 0
 0
 0
 0
 0
 0
 0
 0
 0
 0
 0
 0
 0
 0
 0
 0
 0
 0
 0
 0
 0
 0
 0
 0
 0
 0
 0
 0
 0
 0
 0
 0
 0
 0
 0
 0
 0
 0
 0
 0
 0
 0
 0
 0
 0
 0
 0
 0
 0
 0
 0
 0
 0
 0
 0
 0
 0
 0
 0
 0
 0
 0
 0
 0
 0
 0
 0
 0
 0
 0
 0
 0
 0
 0
 0
 0
 0
 0
 0
 0
 0
 0
 0
 0
 0
 0
 0
 0
 0
 0
 0
 0
 0
 0
 0
 0
 0
 0
 0
 0
 0
 0
 0
 0
 0
 0
 0
 0
 0
 0
 0
 0
 0
 0
 0
 0
 0
 0
 0
 0
 0
 0
 0
 0
 0
 0
 0
 0
 0
 0
 0
 0
 0
 0
 0
 0
 0
 0
 0
 0
 0
 0
 0
 0
 0
 0
 0.99995
 1
 1
 1
 1
 1
 1
 1
 1
 0.99865
 0.9899
 0.9863499999999999
 0.9787400000000001
 0.98423
 0.9727
 0.95914
 0.96887
 0.96211
 0.95534
 0.96756
 0.96246
 0.95229
 0.95844
 0.96033
 0.94992
 0.96385
 0.94526
 0.95011
 0
 0
 0
 0
 0
 0
 0
 0
 0
 0
 0
 0
 0
 0
 0
 0
 0
 0
 0
 0
 0
 0
 0
 0
 0
 0
 0
 0
 0
 0
 0
 0
 0
 0
 0
 0
 0
 0
 0
 0
 0
 0
 0
 0
 0
 0
 0
 0
 0
 0
 0
 0
 0
 0
 0
 0
 0
 0
 0
 0


