# Created by Octave 4.0.0, Sat Nov 21 16:32:12 2015 W. Europe Standard Time <unknown@Florian-PC>
# name: mus
# type: matrix
# ndims: 3
 1 30 19
 0
 0
 0.63158
 0.54798
 0.55949
 0.72475
 0.73434
 0.72704
 0.70013
 0.6974399999999999
 0.6906600000000001
 0.69192
 0.6959
 0.6887799999999999
 0.68333
 0.66927
 0.67604
 0.68182
 0.6415999999999999
 0.66316
 0.6817
 0.65909
 0.62319
 0.66927
 0.66667
 0.6641
 0.66799
 0.66709
 0.6689000000000001
 0.65128
 0
 0
 0.33333
 0.5
 0.6
 0.7
 0.7
 0.5
 0.7
 0.6
 0.73333
 0.73333
 0.7
 0.7
 0.66667
 0.7
 0.65
 0.71667
 0.78333
 0.75
 0.8100000000000001
 0.78
 0.6899999999999999
 0.7
 0.8
 0.81333
 0.82
 0.78667
 0.78667
 0.8
 0
 0
 0.62647
 0.68612
 0.79616
 0.73554
 0.7776999999999999
 0.62093
 0.52923
 0.61209
 0.6268899999999999
 0.72303
 0.6318
 0.67804
 0.74996
 0.70213
 0.74005
 0.74973
 0.75652
 0.72372
 0.73853
 0.78055
 0.79382
 0.76168
 0.79637
 0.80986
 0.83628
 0.82991
 0.84756
 0.84362
 0
 0
 0.44282
 0.64247
 0.63089
 0.54853
 0.64591
 0.58252
 0.58901
 0.62502
 0.58034
 0.64193
 0.6456499999999999
 0.61321
 0.6524
 0.67206
 0.65473
 0.69867
 0.68995
 0.68994
 0.70691
 0.73109
 0.71578
 0.71088
 0.71859
 0.74548
 0.76156
 0.7724
 0.78892
 0.7952399999999999
 0
 0
 0.33333
 1
 0.8
 0.83333
 1
 0.375
 0.77778
 0.9
 0.54545
 0.58333
 0.76923
 0.44444
 0.8
 1
 0
 0
 0
 0
 1
 1
 0
 0
 1
 1
 1
 1
 0
 1
 0
 0
 0.5205
 0.8944299999999999
 0.7601
 0.54794
 0.71406
 0.50051
 0.69025
 0.71122
 0.53661
 0.6119
 0.66689
 0.61102
 0.64563
 0.75145
 0.59285
 0.66172
 0.62104
 0.63302
 0.79433
 0.8005100000000001
 0.66299
 0.66756
 0.7091499999999999
 0.7721
 0.87183
 0.7612100000000001
 0.73987
 0.78495
 0
 0
 0.78929
 0.8964800000000001
 0.69135
 0.70182
 0.77064
 0.6871
 0.66238
 0.7075
 0.67109
 0.74105
 0.73985
 0.68506
 0.73237
 0.74468
 0.7614300000000001
 0.74009
 0.7291800000000001
 0.74754
 0.78539
 0.83519
 0.75908
 0.75626
 0.78172
 0.72765
 0.82598
 0.80026
 0.8052
 0.84631
 0
 0
 0.44328
 0.59941
 0.6880500000000001
 0.556
 0.64364
 0.57774
 0.5442900000000001
 0.59918
 0.56223
 0.61341
 0.6428
 0.6349900000000001
 0.67971
 0.6991000000000001
 0.6849499999999999
 0.73148
 0.72654
 0.70758
 0.74688
 0.75459
 0.74926
 0.7408400000000001
 0.7528899999999999
 0.76591
 0.78435
 0.79749
 0.8103399999999999
 0.8152199999999999
 0
 0
 1
 1
 1
 1
 1
 1
 1
 1
 1
 1
 0.99524
 0.98624
 0.98144
 0.97946
 0.97149
 0.9724699999999999
 0.9613699999999999
 0.9687
 0.96569
 0.96462
 0.95728
 0.96219
 0.95359
 0.9539299999999999
 0.9545400000000001
 0.95742
 0.95904
 0.94828
 0
 0
 0.42648
 0.7576000000000001
 0.59048
 0.54111
 0.65826
 0.5423
 0.5879
 0.61312
 0.54954
 0.6157899999999999
 0.62316
 0.67073
 0.67466
 0.67926
 0.64554
 0.69579
 0.68511
 0.70235
 0.7094200000000001
 0.74324
 0.79672
 0.72028
 0.73989
 0.75439
 0.86056
 0.85129
 0.83713
 0.8112
 0
 0
 0.78929
 0.88076
 0.67321
 0.67119
 0.7662099999999999
 0.6941000000000001
 0.75998
 0.69955
 0.66632
 0.69019
 0.70636
 0.69591
 0.73269
 0.71293
 0.71253
 0.74182
 0.81349
 0.72604
 0.7426199999999999
 0.77273
 0.78455
 0.73537
 0.79049
 0.79013
 0.80299
 0.86322
 0.79776
 0.8398099999999999
 0
 0
 0
 0
 0
 0
 0
 0
 0
 0
 0
 0
 0
 0
 0
 0
 0
 0
 0
 0
 0
 0
 0
 0
 0
 0
 0
 0
 0
 0
 0
 0
 0
 0
 0
 0
 0
 0
 0
 0
 0
 0
 0
 0
 0
 0
 0
 0
 0
 0
 0
 0
 0
 0
 0
 0
 0
 0
 0
 0
 0
 0
 0
 0
 0
 0
 0
 0
 0
 0
 0
 0
 0
 0
 0
 0
 0
 0
 0
 0
 0
 0
 0
 0
 0
 0
 0
 0
 0
 0
 0
 0
 0
 0
 0
 0
 0
 0
 0
 0
 0
 0
 0
 0
 0
 0
 0
 0
 0
 0
 0
 0
 0
 0
 0
 0
 0
 0
 0
 0
 0
 0
 0
 0
 0
 0
 0
 0
 0
 0
 0
 0
 0
 0
 0
 0
 0
 0
 0
 0
 0
 0
 0
 0
 0
 0
 0
 0
 0
 0
 0
 0
 0.99999
 1
 1
 1
 1
 1
 0.99999
 1
 1
 0.99999
 0.99078
 0.98067
 0.98175
 0.9712
 0.98008
 0.9732
 0.96401
 0.97139
 0.96592
 0.96448
 0.95347
 0.97122
 0.95616
 0.95028
 0.95348
 0.95912
 0.95324
 0.94263
 0
 0
 0
 0
 0
 0
 0
 0
 0
 0
 0
 0
 0
 0
 0
 0
 0
 0
 0
 0
 0
 0
 0
 0
 0
 0
 0
 0
 0
 0
 0
 0
 0
 0
 0
 0
 0
 0
 0
 0
 0
 0
 0
 0
 0
 0
 0
 0
 0
 0
 0
 0
 0
 0
 0
 0
 0
 0
 0
 0


