# Created by Octave 4.0.0, Sat Nov 21 16:32:18 2015 W. Europe Standard Time <unknown@Florian-PC>
# name: mus
# type: matrix
# ndims: 3
 1 30 19
 0
 0
 0.5589
 0.60859
 0.54177
 0.58207
 0.58396
 0.61224
 0.59028
 0.57179
 0.60227
 0.61616
 0.6233300000000001
 0.62309
 0.62051
 0.6224
 0.62461
 0.63384
 0.63659
 0.61316
 0.62907
 0.60354
 0.60955
 0.60417
 0.60533
 0.60821
 0.60486
 0.59056
 0.60051
 0.59487
 0
 0
 0.66667
 0.75
 0.6
 0.5
 0.4
 0.7
 0.8
 0.8
 0.9
 0.93333
 0.76667
 0.83333
 0.8
 0.83333
 0.7
 0.73333
 0.66667
 0.75
 0.8
 0.87
 0.91
 0.88
 0.92
 0.92
 0.96
 1
 1
 1
 0
 0
 0.537
 0.6702
 0.66515
 0.7593
 0.81832
 0.76675
 0.70924
 0.7264
 0.764
 0.7936800000000001
 0.78971
 0.79433
 0.8315900000000001
 0.70121
 0.67985
 0.72566
 0.73565
 0.80752
 0.78847
 0.81878
 0.85323
 0.86203
 0.87906
 0.8811600000000001
 0.83188
 0.91755
 0.90688
 0.92665
 0
 0
 0.52779
 0.75944
 0.86278
 0.8327599999999999
 0.6622400000000001
 0.7035400000000001
 0.87873
 0.7853
 0.78595
 0.85749
 0.84128
 0.78537
 0.83102
 0.80487
 0.75153
 0.73475
 0.75814
 0.80831
 0.83435
 0.83868
 0.88303
 0.88189
 0.92294
 0.9118000000000001
 0.92226
 0.9347
 0.94446
 0.9509
 0
 0
 0.66667
 0.75
 0.8
 0.66667
 0.57143
 0.5
 0.5555600000000001
 0.8
 0.81818
 0.66667
 0.76923
 0.44444
 0.8
 0.33333
 0.5
 1
 1
 0
 1
 1
 1
 1
 0
 1
 0
 0
 1
 1
 0
 0
 1
 1
 0.825
 0.8666700000000001
 0.63452
 0.58214
 0.61756
 0.8460299999999999
 0.9011400000000001
 0.737
 0.78899
 0.6595299999999999
 0.82164
 0.62388
 0.68177
 0.92831
 0.92894
 0.57598
 0.9545
 0.8125
 1.00502
 1.02173
 0.60941
 0.82987
 0.75
 0.75
 0.9387799999999999
 1
 0
 0
 0.36788
 0.66808
 0.66395
 0.77491
 0.7773
 0.79265
 0.81918
 0.81365
 0.75995
 0.8574000000000001
 0.86954
 0.80582
 0.81706
 0.79178
 0.69258
 0.81564
 0.83147
 0.8356
 0.80289
 0.81759
 0.87182
 0.839
 0.85314
 0.8804999999999999
 0.90706
 0.89464
 0.92701
 0.90801
 0
 0
 0.52779
 0.70156
 0.77659
 0.81802
 0.7628
 0.68263
 0.76413
 0.7596000000000001
 0.7752599999999999
 0.7962
 0.8168299999999999
 0.81879
 0.81662
 0.8171
 0.77442
 0.76771
 0.76548
 0.8329299999999999
 0.83954
 0.83561
 0.88261
 0.89633
 0.9009200000000001
 0.91381
 0.92308
 0.94409
 0.9353
 0.93389
 0
 0
 1
 1
 1
 1
 1
 1
 1
 1
 1
 1
 1
 1
 1
 1
 1
 1
 1
 1
 1
 1
 1
 1
 1
 1
 1
 1
 1
 1
 0
 0
 1
 1.02451
 0.72692
 1.10242
 0.65119
 0.63749
 0.63649
 0.75686
 0.85426
 0.7944600000000001
 0.83888
 0.76964
 0.84254
 0.81918
 0.8178299999999999
 0.68111
 0.76059
 0.83865
 0.82101
 0.8623
 0.79494
 0.89096
 1.1135
 0.82828
 1
 1
 0.74815
 0.9928399999999999
 0
 0
 0.36788
 0.66808
 0.57297
 0.71785
 0.9442
 0.90976
 0.75739
 0.76505
 0.69789
 0.76337
 0.76788
 0.88429
 0.88145
 0.79925
 0.85279
 0.774
 0.90427
 0.84087
 0.76446
 0.8269
 0.87235
 0.88013
 0.86066
 1.03284
 0.99329
 0.9819600000000001
 0.90311
 0.9368300000000001
 0
 0
 0
 0
 0
 0
 0
 0
 0
 0
 0
 0
 0
 0
 0
 0
 0
 0
 0
 0
 0
 0
 0
 0
 0
 0
 0
 0
 0
 0
 0
 0
 0
 0
 0
 0
 0
 0
 0
 0
 0
 0
 0
 0
 0
 0
 0
 0
 0
 0
 0
 0
 0
 0
 0
 0
 0
 0
 0
 0
 0
 0
 0
 0
 0
 0
 0
 0
 0
 0
 0
 0
 0
 0
 0
 0
 0
 0
 0
 0
 0
 0
 0
 0
 0
 0
 0
 0
 0
 0
 0
 0
 0
 0
 0
 0
 0
 0
 0
 0
 0
 0
 0
 0
 0
 0
 0
 0
 0
 0
 0
 0
 0
 0
 0
 0
 0
 0
 0
 0
 0
 0
 0
 0
 0
 0
 0
 0
 0
 0
 0
 0
 0
 0
 0
 0
 0
 0
 0
 0
 0
 0
 0
 0
 0
 0
 0
 0
 0
 0
 0
 0
 1
 1
 1
 1
 1
 1
 1
 1
 1
 1
 1
 1
 1
 1
 1
 1
 1
 1
 1
 1
 1
 1
 1
 1
 1
 1
 1
 1
 0
 0
 0
 0
 0
 0
 0
 0
 0
 0
 0
 0
 0
 0
 0
 0
 0
 0
 0
 0
 0
 0
 0
 0
 0
 0
 0
 0
 0
 0
 0
 0
 0
 0
 0
 0
 0
 0
 0
 0
 0
 0
 0
 0
 0
 0
 0
 0
 0
 0
 0
 0
 0
 0
 0
 0
 0
 0
 0
 0


# name: vars
# type: matrix
# ndims: 3
 1 30 19
 0
 0
 0.080049
 0.062706
 0.040156
 0.045832
 0.030817
 0.027503
 0.027782
 0.02892
 0.019171
 0.032526
 0.019361
 0.015385
 0.013074
 0.011712
 0.013933
 0.021358
 0.019087
 0.018012
 0.017027
 0.00603
 0.011197
 0.01412
 0.01117
 0.007747
 0.012946
 0.009736
 0.004571
 0.007194
 0
 0
 0.33333
 0.25
 0.3
 0.25
 0.3
 0.2
 0.075
 0.2
 0.05
 0.02222
 0.05
 0.05556
 0.03333
 0.05556
 0.08889
 0.03264
 0.06597
 0.03125
 0.04375
 0.0345
 0.0155
 0.032
 0.032
 0.032
 0.008
 0
 0
 0
 0
 0
 0
 0
 0
 0
 0
 0
 0
 0
 0
 0
 0
 0
 0
 0
 0
 0
 0
 0
 0
 0
 0
 0
 0
 0
 0
 0
 0
 0
 0
 0
 0.21006
 0.12029
 0.05491
 0.07245
 0.0578
 0.06474000000000001
 0.02062
 0.05135
 0.04232
 0.02882
 0.0332
 0.04079
 0.0277
 0.0383
 0.0391
 0.03852
 0.03772
 0.03484
 0.02766
 0.02471
 0.02169
 0.02094
 0.0134
 0.01628
 0.0147
 0.01295
 0.0103
 0.01006
 0
 0
 0
 0
 0
 0
 0
 0
 0
 0
 0
 0
 0
 0
 0
 0
 0
 0
 0
 0
 0
 0
 0
 0
 0
 0
 0
 0
 0
 0
 0
 0
 0
 0
 0
 0
 0
 0
 0
 0
 0
 0
 0
 0
 0
 0
 0
 0
 0
 0
 0
 0
 0
 0
 0
 0
 0
 0
 0
 0
 0
 0
 0
 0
 0
 0
 0
 0
 0
 0
 0
 0
 0
 0
 0
 0
 0
 0
 0
 0
 0
 0
 0
 0
 0
 0
 0
 0
 0
 0
 0
 0
 0.21006
 0.09712999999999999
 0.0463
 0.03854
 0.04676
 0.03333
 0.03882
 0.04311
 0.03281
 0.03405
 0.03453
 0.02465
 0.02634
 0.02683
 0.03616
 0.03645
 0.03391
 0.02688
 0.02759
 0.02291
 0.02398
 0.01825
 0.02058
 0.01795
 0.01681
 0.01061
 0.01234
 0.01127
 0
 0
 0
 0
 0
 0
 0
 0
 0
 0
 0
 0
 0
 0
 0
 0
 0
 0
 0
 0
 0
 0
 0
 0
 0
 0
 0
 0
 0
 0
 0
 0
 0
 0
 0
 0
 0
 0
 0
 0
 0
 0
 0
 0
 0
 0
 0
 0
 0
 0
 0
 0
 0
 0
 0
 0
 0
 0
 0
 0
 0
 0
 0
 0
 0
 0
 0
 0
 0
 0
 0
 0
 0
 0
 0
 0
 0
 0
 0
 0
 0
 0
 0
 0
 0
 0
 0
 0
 0
 0
 0
 0
 0
 0
 0
 0
 0
 0
 0
 0
 0
 0
 0
 0
 0
 0
 0
 0
 0
 0
 0
 0
 0
 0
 0
 0
 0
 0
 0
 0
 0
 0
 0
 0
 0
 0
 0
 0
 0
 0
 0
 0
 0
 0
 0
 0
 0
 0
 0
 0
 0
 0
 0
 0
 0
 0
 0
 0
 0
 0
 0
 0
 0
 0
 0
 0
 0
 0
 0
 0
 0
 0
 0
 0
 0
 0
 0
 0
 0
 0
 0
 0
 0
 0
 0
 0
 0
 0
 0
 0
 0
 0
 0
 0
 0
 0
 0
 0
 0
 0
 0
 0
 0
 0
 0
 0
 0
 0
 0
 0
 0
 0
 0
 0
 0
 0
 0
 0
 0
 0
 0
 0
 0
 0
 0
 0
 0
 0
 0
 0
 0
 0
 0
 0
 0
 0
 0
 0
 0
 0
 0
 0
 0
 0
 0
 0
 0
 0
 0
 0
 0
 0
 0
 0
 0
 0
 0
 0
 0
 0
 0
 0
 0
 0
 0
 0
 0
 0
 0
 0
 0
 0
 0
 0
 0
 0
 0
 0
 0
 0
 0
 0
 0
 0
 0
 0
 0
 0
 0
 0
 0
 0
 0
 0
 0
 0
 0
 0
 0
 0
 0
 0
 0
 0
 0
 0
 0
 0
 0
 0
 0
 0
 0
 0
 0
 0
 0
 0
 0
 0
 0
 0
 0
 0
 0
 0
 0
 0
 0
 0
 0
 0
 0
 0
 0
 0
 0
 0
 0
 0


