# Created by Octave 4.0.0, Sat Nov 21 16:32:16 2015 W. Europe Standard Time <unknown@Florian-PC>
# name: mus
# type: matrix
# ndims: 3
 1 30 19
 0
 0
 0.64411
 0.74495
 0.67089
 0.70581
 0.73935
 0.69133
 0.68308
 0.72821
 0.72033
 0.72727
 0.72154
 0.73214
 0.72436
 0.76302
 0.842
 0.85101
 0.82957
 0.8263200000000001
 0.84461
 0.82828
 0.83717
 0.83073
 0.84533
 0.83385
 0.83213
 0.83929
 0.84212
 0.85385
 0
 0
 0.66667
 1
 0.6
 0.8
 0.5
 0.5
 0.6
 0.6
 0.73333
 0.6333299999999999
 0.5
 0.43333
 0.53333
 0.5
 0.33333
 0.53333
 0.53333
 0.65
 0.67
 0.6
 0.73
 0.54
 0.6
 0.76
 0.66667
 0.54
 0.72667
 0.66667
 0
 0
 0.79499
 0.86551
 0.7871
 0.72819
 0.75137
 0.67778
 0.7180800000000001
 0.70489
 0.68163
 0.61298
 0.59958
 0.60487
 0.53893
 0.56693
 0.53038
 0.5668800000000001
 0.49775
 0.65101
 0.5832000000000001
 0.65372
 0.5054999999999999
 0.65284
 0.52825
 0.58095
 0.58266
 0.6388
 0.5772
 0.62773
 0
 0
 0.8055600000000001
 0.99405
 0.75528
 0.83103
 0.6858
 0.72987
 0.66252
 0.79332
 0.81978
 0.67213
 0.65872
 0.61178
 0.6192
 0.65629
 0.6111799999999999
 0.6376500000000001
 0.71251
 0.63214
 0.63147
 0.61542
 0.58133
 0.6494799999999999
 0.60301
 0.65202
 0.63069
 0.59275
 0.63151
 0.6140099999999999
 0
 0
 0.33333
 1
 0.4
 0.83333
 0.57143
 0.375
 0.44444
 0.6
 0.81818
 0.58333
 0.69231
 0.33333
 0.6
 1
 0.5
 1
 0
 0
 0
 0
 0
 1
 0
 0
 1
 0
 0
 0
 0
 0
 0.5
 1.38889
 0.475
 0.8
 0.60238
 0.54911
 0.54613
 0.61488
 0.85644
 0.57551
 0.69452
 0.48296
 0.61698
 0.8388600000000001
 0.55719
 0.78828
 0.50013
 0.35233
 0.45311
 0.39932
 0.57514
 0.72411
 0.30732
 0.45834
 0.88112
 0.33335
 0.50003
 0.47917
 0
 0
 0.36788
 0.83745
 0.90616
 0.74891
 0.72179
 0.70918
 0.70714
 0.68065
 0.66407
 0.65082
 0.72197
 0.66384
 0.64294
 0.57731
 0.61309
 0.63523
 0.62009
 0.60585
 0.63617
 0.63432
 0.65778
 0.63975
 0.64855
 0.69246
 0.71588
 0.70805
 0.6769500000000001
 0.72958
 0
 0
 0.8055600000000001
 0.96274
 0.7272999999999999
 0.69421
 0.68553
 0.77117
 0.6768
 0.73944
 0.79408
 0.69168
 0.70701
 0.63766
 0.64941
 0.59892
 0.58907
 0.58954
 0.63396
 0.6176700000000001
 0.58888
 0.59777
 0.58592
 0.63669
 0.59391
 0.63203
 0.60623
 0.5871499999999999
 0.6291600000000001
 0.62759
 0
 0
 1
 1
 1
 1
 1
 1
 1
 1
 1
 1
 1
 1
 1
 1
 1
 1
 1
 1
 1
 1
 1
 1
 1
 1
 1
 1
 1
 1
 0
 0
 0.5
 1.42157
 0.52616
 0.56909
 0.5650500000000001
 0.63266
 0.60395
 0.64324
 0.8160500000000001
 0.58106
 0.63735
 0.55202
 0.66111
 0.73839
 0.6323
 0.65323
 0.76247
 0.67909
 0.58123
 0.59301
 0.64433
 0.56889
 0.6722900000000001
 0.49533
 0.59199
 0.49585
 0.5934
 0.29919
 0
 0
 0.36788
 0.83745
 0.9739
 0.74075
 0.76393
 0.69084
 0.86918
 0.70277
 0.6749000000000001
 0.67661
 0.70918
 0.75261
 0.66261
 0.61722
 0.7938499999999999
 0.6680700000000001
 0.582
 0.6397699999999999
 0.67745
 0.73656
 0.65533
 0.7489
 0.66931
 0.72798
 0.72704
 0.66588
 0.75193
 0.71105
 0
 0
 0
 0
 0
 0
 0
 0
 0
 0
 0
 0
 0
 0
 0
 0
 0
 0
 0
 0
 0
 0
 0
 0
 0
 0
 0
 0
 0
 0
 0
 0
 0
 0
 0
 0
 0
 0
 0
 0
 0
 0
 0
 0
 0
 0
 0
 0
 0
 0
 0
 0
 0
 0
 0
 0
 0
 0
 0
 0
 0
 0
 0
 0
 0
 0
 0
 0
 0
 0
 0
 0
 0
 0
 0
 0
 0
 0
 0
 0
 0
 0
 0
 0
 0
 0
 0
 0
 0
 0
 0
 0
 0
 0
 0
 0
 0
 0
 0
 0
 0
 0
 0
 0
 0
 0
 0
 0
 0
 0
 0
 0
 0
 0
 0
 0
 0
 0
 0
 0
 0
 0
 0
 0
 0
 0
 0
 0
 0
 0
 0
 0
 0
 0
 0
 0
 0
 0
 0
 0
 0
 0
 0
 0
 0
 0
 0
 0
 0
 0
 0
 0
 1
 1
 1
 1
 1
 1
 1
 1
 1
 1
 1
 1
 1
 1
 1
 1
 1
 1
 1
 1
 1
 1
 1
 1
 1
 1
 1
 1
 0
 0
 0
 0
 0
 0
 0
 0
 0
 0
 0
 0
 0
 0
 0
 0
 0
 0
 0
 0
 0
 0
 0
 0
 0
 0
 0
 0
 0
 0
 0
 0
 0
 0
 0
 0
 0
 0
 0
 0
 0
 0
 0
 0
 0
 0
 0
 0
 0
 0
 0
 0
 0
 0
 0
 0
 0
 0
 0
 0


# name: vars
# type: matrix
# ndims: 3
 1 30 19
 0
 0
 0.071036
 0.053546
 0.043116
 0.040859
 0.024142
 0.022853
 0.028507
 0.020499
 0.020036
 0.010535
 0.012575
 0.019511
 0.007605
 0.009842999999999999
 0.009804999999999999
 0.010108
 0.009391999999999999
 0.007325
 0.010038
 0.006455
 0.004766
 0.008673
 0.005684
 0.006752
 0.005426
 0.006034
 0.003055
 0.003433
 0
 0
 0.33333
 0
 0.3
 0.2
 0.25
 0.125
 0.175
 0.05
 0.06389
 0.04722
 0.08333
 0.02222
 0.03333
 0.13889
 0.04167
 0.075
 0.09931
 0.05
 0.07575
 0.12625
 0.077
 0.028
 0.06
 0.068
 0.04056
 0.06467000000000001
 0.118
 0.125
 0
 0
 0
 0
 0
 0
 0
 0
 0
 0
 0
 0
 0
 0
 0
 0
 0
 0
 0
 0
 0
 0
 0
 0
 0
 0
 0
 0
 0
 0
 0
 0
 0.15277
 0.00026
 0.09830999999999999
 0.04952
 0.06574000000000001
 0.06486
 0.0604
 0.04389
 0.03589
 0.05059
 0.0488
 0.04621
 0.04933
 0.05021
 0.0485
 0.04896
 0.03991
 0.04467
 0.04673
 0.04703
 0.04546
 0.04004
 0.04103
 0.04338
 0.04137
 0.04268
 0.0418
 0.04775
 0
 0
 0
 0
 0
 0
 0
 0
 0
 0
 0
 0
 0
 0
 0
 0
 0
 0
 0
 0
 0
 0
 0
 0
 0
 0
 0
 0
 0
 0
 0
 0
 0
 0
 0
 0
 0
 0
 0
 0
 0
 0
 0
 0
 0
 0
 0
 0
 0
 0
 0
 0
 0
 0
 0
 0
 0
 0
 0
 0
 0
 0
 0
 0
 0
 0
 0
 0
 0
 0
 0
 0
 0
 0
 0
 0
 0
 0
 0
 0
 0
 0
 0
 0
 0
 0
 0
 0
 0
 0
 0
 0
 0.15277
 0.01037
 0.07875
 0.04458
 0.05277
 0.02931
 0.03441
 0.04049
 0.03804
 0.02964
 0.02461
 0.04332
 0.03732
 0.04712
 0.04995
 0.05483
 0.05195
 0.0573
 0.06138
 0.05431
 0.0523
 0.05507
 0.06623
 0.05006
 0.06076
 0.06265
 0.06338000000000001
 0.06729
 0
 0
 0
 0
 0
 0
 0
 0
 0
 0
 0
 0
 0
 0
 0
 0
 0
 0
 0
 0
 0
 0
 0
 0
 0
 0
 0
 0
 0
 0
 0
 0
 0
 0
 0
 0
 0
 0
 0
 0
 0
 0
 0
 0
 0
 0
 0
 0
 0
 0
 0
 0
 0
 0
 0
 0
 0
 0
 0
 0
 0
 0
 0
 0
 0
 0
 0
 0
 0
 0
 0
 0
 0
 0
 0
 0
 0
 0
 0
 0
 0
 0
 0
 0
 0
 0
 0
 0
 0
 0
 0
 0
 0
 0
 0
 0
 0
 0
 0
 0
 0
 0
 0
 0
 0
 0
 0
 0
 0
 0
 0
 0
 0
 0
 0
 0
 0
 0
 0
 0
 0
 0
 0
 0
 0
 0
 0
 0
 0
 0
 0
 0
 0
 0
 0
 0
 0
 0
 0
 0
 0
 0
 0
 0
 0
 0
 0
 0
 0
 0
 0
 0
 0
 0
 0
 0
 0
 0
 0
 0
 0
 0
 0
 0
 0
 0
 0
 0
 0
 0
 0
 0
 0
 0
 0
 0
 0
 0
 0
 0
 0
 0
 0
 0
 0
 0
 0
 0
 0
 0
 0
 0
 0
 0
 0
 0
 0
 0
 0
 0
 0
 0
 0
 0
 0
 0
 0
 0
 0
 0
 0
 0
 0
 0
 0
 0
 0
 0
 0
 0
 0
 0
 0
 0
 0
 0
 0
 0
 0
 0
 0
 0
 0
 0
 0
 0
 0
 0
 0
 0
 0
 0
 0
 0
 0
 0
 0
 0
 0
 0
 0
 0
 0
 0
 0
 0
 0
 0
 0
 0
 0
 0
 0
 0
 0
 0
 0
 0
 0
 0
 0
 0
 0
 0
 0
 0
 0
 0
 0
 0
 0
 0
 0
 0
 0
 0
 0
 0
 0
 0
 0
 0
 0
 0
 0
 0
 0
 0
 0
 0
 0
 0
 0
 0
 0
 0
 0
 0
 0
 0
 0
 0
 0
 0
 0
 0
 0
 0
 0
 0
 0
 0
 0
 0
 0
 0
 0
 0
 0
 0


