# Created by Octave 4.0.0, Sat Nov 21 16:32:17 2015 W. Europe Standard Time <unknown@Florian-PC>
# name: mus
# type: matrix
# ndims: 3
 1 30 19
 0
 0
 0.49875
 0.49495
 0.49367
 0.59217
 0.41604
 0.45408
 0.5827
 0.59744
 0.59912
 0.58838
 0.60128
 0.61352
 0.60897
 0.58333
 0.5925
 0.58081
 0.60902
 0.58421
 0.5614
 0.57576
 0.58511
 0.57943
 0.58933
 0.59538
 0.58983
 0.59694
 0.59324
 0.58718
 0
 0
 1
 1
 1
 0.6
 0.7
 0.8
 0.6
 0.6
 0.8666700000000001
 0.8
 0.83333
 0.7
 0.8
 0.76667
 0.78333
 0.75
 0.78333
 0.7
 0.71
 0.75
 0.68
 0.75
 0.68
 0.65333
 0.67333
 0.7466699999999999
 0.72
 0.73333
 0
 0
 1
 1
 1
 0.76134
 0.81458
 0.73916
 0.60041
 0.6897
 0.82638
 0.78225
 0.80419
 0.77322
 0.7857
 0.79069
 0.67846
 0.73704
 0.71206
 0.7609399999999999
 0.69648
 0.69962
 0.6863899999999999
 0.65871
 0.65807
 0.6804
 0.73312
 0.72561
 0.68571
 0.69669
 0
 0
 1
 1
 1
 0.78107
 0.81105
 0.83794
 0.65627
 0.75985
 0.8431999999999999
 0.8464699999999999
 0.79122
 0.75543
 0.81828
 0.78527
 0.77102
 0.79641
 0.75795
 0.79044
 0.7633
 0.73953
 0.7139799999999999
 0.74519
 0.70572
 0.69974
 0.71634
 0.74974
 0.75069
 0.74737
 0
 0
 1
 1
 1
 0.5
 1
 0.625
 0.44444
 0.8
 0.72727
 0.75
 0.46154
 0.66667
 1
 0.33333
 0.5
 0
 0
 1
 1
 1
 1
 1
 1
 1
 1
 0
 0
 1
 0
 0
 1
 1
 1
 0.65833
 1.025
 0.69464
 0.57738
 0.85516
 0.75758
 0.77904
 0.6530899999999999
 0.66693
 0.96331
 0.66613
 0.65813
 0.53047
 0.52038
 0.82625
 0.95204
 0.918
 0.98149
 0.88502
 0.83095
 0.7653799999999999
 0.94555
 0.56253
 0.33335
 0.93576
 0
 0
 1
 1
 1
 0.79077
 0.83345
 0.80162
 0.82931
 0.7526
 0.80435
 0.80685
 0.78746
 0.80208
 0.7964
 0.75483
 0.8083900000000001
 0.76917
 0.72012
 0.74686
 0.71624
 0.72915
 0.66873
 0.70748
 0.69351
 0.70696
 0.72211
 0.72348
 0.70589
 0.71515
 0
 0
 1
 1
 1
 0.73455
 0.80169
 0.85767
 0.69253
 0.77832
 0.81115
 0.85027
 0.81025
 0.76332
 0.84577
 0.80266
 0.79981
 0.79577
 0.73856
 0.77283
 0.74614
 0.75237
 0.72384
 0.7370100000000001
 0.69684
 0.71516
 0.73158
 0.75817
 0.74304
 0.72512
 0
 0
 1
 1
 1
 1
 1
 1
 1
 1
 1
 1
 1
 1
 1
 1
 1
 1
 1
 1
 1
 1
 1
 1
 1
 1
 1
 1
 1
 1
 0
 0
 1
 1
 1
 0.69047
 0.77371
 0.8543500000000001
 0.62152
 0.84497
 0.86629
 0.82229
 0.71863
 0.66693
 0.75376
 0.82247
 0.88056
 0.84793
 0.75621
 0.7723100000000001
 0.73705
 0.68389
 0.85487
 0.6381
 0.6159
 0.69138
 0.74785
 0.88151
 0.49616
 0.7482799999999999
 0
 0
 1
 1
 1
 0.79447
 1.07941
 0.74399
 0.70447
 0.69453
 0.7534
 0.80283
 0.8618400000000001
 0.84167
 0.75026
 0.73858
 0.85517
 0.93318
 0.74128
 0.74453
 0.76586
 0.70582
 0.69546
 0.76479
 0.72171
 0.74464
 0.77902
 0.75103
 0.72728
 0.71064
 0
 0
 0
 0
 0
 0
 0
 0
 0
 0
 0
 0
 0
 0
 0
 0
 0
 0
 0
 0
 0
 0
 0
 0
 0
 0
 0
 0
 0
 0
 0
 0
 0
 0
 0
 0
 0
 0
 0
 0
 0
 0
 0
 0
 0
 0
 0
 0
 0
 0
 0
 0
 0
 0
 0
 0
 0
 0
 0
 0
 0
 0
 0
 0
 0
 0
 0
 0
 0
 0
 0
 0
 0
 0
 0
 0
 0
 0
 0
 0
 0
 0
 0
 0
 0
 0
 0
 0
 0
 0
 0
 0
 0
 0
 0
 0
 0
 0
 0
 0
 0
 0
 0
 0
 0
 0
 0
 0
 0
 0
 0
 0
 0
 0
 0
 0
 0
 0
 0
 0
 0
 0
 0
 0
 0
 0
 0
 0
 0
 0
 0
 0
 0
 0
 0
 0
 0
 0
 0
 0
 0
 0
 0
 0
 0
 0
 0
 0
 0
 0
 0
 0
 1
 1
 1
 1
 1
 1
 1
 1
 1
 1
 1
 1
 1
 1
 1
 1
 1
 1
 1
 1
 1
 1
 1
 1
 1
 1
 1
 1
 0
 0
 0
 0
 0
 0
 0
 0
 0
 0
 0
 0
 0
 0
 0
 0
 0
 0
 0
 0
 0
 0
 0
 0
 0
 0
 0
 0
 0
 0
 0
 0
 0
 0
 0
 0
 0
 0
 0
 0
 0
 0
 0
 0
 0
 0
 0
 0
 0
 0
 0
 0
 0
 0
 0
 0
 0
 0
 0
 0


# name: vars
# type: matrix
# ndims: 3
 1 30 19
 0
 0
 0.080175
 0.068852
 0.058293
 0.046609
 0.037377
 0.029749
 0.029697
 0.030256
 0.018777
 0.024279
 0.019841
 0.015973
 0.015427
 0.010077
 0.015832
 0.009032
 0.012901
 0.008348
 0.029372
 0.008508
 0.0114
 0.004642
 0.011992
 0.005789
 0.008116999999999999
 0.011662
 0.003952
 0.008063000000000001
 0
 0
 0
 0
 0
 0.3
 0.2
 0.075
 0.3
 0.175
 0.08889
 0.2
 0.05556
 0.03333
 0.03333
 0.05
 0.04722
 0.07639
 0.04722
 0.04375
 0.0455
 0.0675
 0.07825
 0.0275
 0.052
 0.04756
 0.03689
 0.02533
 0.03922
 0.03611
 0
 0
 0
 0
 0
 0
 0
 0
 0
 0
 0
 0
 0
 0
 0
 0
 0
 0
 0
 0
 0
 0
 0
 0
 0
 0
 0
 0
 0
 0
 0
 0
 0
 0
 0
 0.05288
 0.051835
 0.051916
 0.062346
 0.050955
 0.033504
 0.031955
 0.035749
 0.041968
 0.033549
 0.038437
 0.039718
 0.035862
 0.038642
 0.036608
 0.036391
 0.039481
 0.042277
 0.035086
 0.037271
 0.0366
 0.038167
 0.036439
 0.035663
 0.036224
 0
 0
 0
 0
 0
 0
 0
 0
 0
 0
 0
 0
 0
 0
 0
 0
 0
 0
 0
 0
 0
 0
 0
 0
 0
 0
 0
 0
 0
 0
 0
 0
 0
 0
 0
 0
 0
 0
 0
 0
 0
 0
 0
 0
 0
 0
 0
 0
 0
 0
 0
 0
 0
 0
 0
 0
 0
 0
 0
 0
 0
 0
 0
 0
 0
 0
 0
 0
 0
 0
 0
 0
 0
 0
 0
 0
 0
 0
 0
 0
 0
 0
 0
 0
 0
 0
 0
 0
 0
 0
 0
 0
 0
 0
 0
 0.041472
 0.042241
 0.031247
 0.032202
 0.028081
 0.029886
 0.024766
 0.035175
 0.038106
 0.028989
 0.037548
 0.038837
 0.031499
 0.039898
 0.037498
 0.040757
 0.040917
 0.045646
 0.041263
 0.047389
 0.041897
 0.044736
 0.038513
 0.044476
 0.047211
 0
 0
 0
 0
 0
 0
 0
 0
 0
 0
 0
 0
 0
 0
 0
 0
 0
 0
 0
 0
 0
 0
 0
 0
 0
 0
 0
 0
 0
 0
 0
 0
 0
 0
 0
 0
 0
 0
 0
 0
 0
 0
 0
 0
 0
 0
 0
 0
 0
 0
 0
 0
 0
 0
 0
 0
 0
 0
 0
 0
 0
 0
 0
 0
 0
 0
 0
 0
 0
 0
 0
 0
 0
 0
 0
 0
 0
 0
 0
 0
 0
 0
 0
 0
 0
 0
 0
 0
 0
 0
 0
 0
 0
 0
 0
 0
 0
 0
 0
 0
 0
 0
 0
 0
 0
 0
 0
 0
 0
 0
 0
 0
 0
 0
 0
 0
 0
 0
 0
 0
 0
 0
 0
 0
 0
 0
 0
 0
 0
 0
 0
 0
 0
 0
 0
 0
 0
 0
 0
 0
 0
 0
 0
 0
 0
 0
 0
 0
 0
 0
 0
 0
 0
 0
 0
 0
 0
 0
 0
 0
 0
 0
 0
 0
 0
 0
 0
 0
 0
 0
 0
 0
 0
 0
 0
 0
 0
 0
 0
 0
 0
 0
 0
 0
 0
 0
 0
 0
 0
 0
 0
 0
 0
 0
 0
 0
 0
 0
 0
 0
 0
 0
 0
 0
 0
 0
 0
 0
 0
 0
 0
 0
 0
 0
 0
 0
 0
 0
 0
 0
 0
 0
 0
 0
 0
 0
 0
 0
 0
 0
 0
 0
 0
 0
 0
 0
 0
 0
 0
 0
 0
 0
 0
 0
 0
 0
 0
 0
 0
 0
 0
 0
 0
 0
 0
 0
 0
 0
 0
 0
 0
 0
 0
 0
 0
 0
 0
 0
 0
 0
 0
 0
 0
 0
 0
 0
 0
 0
 0
 0
 0
 0
 0
 0
 0
 0
 0
 0
 0
 0
 0
 0
 0
 0
 0
 0
 0
 0
 0
 0
 0
 0
 0
 0
 0
 0
 0
 0
 0
 0
 0
 0
 0
 0
 0
 0
 0
 0
 0
 0
 0
 0
 0
 0
 0
 0
 0
 0
 0
 0


