# Created by Octave 4.0.0, Sat Nov 21 16:32:03 2015 W. Europe Standard Time <unknown@Florian-PC>
# name: mus
# type: matrix
# ndims: 3
 1 30 19
 0
 0
 0.5589
 0.63384
 0.58228
 0.66414
 0.63409
 0.78316
 0.81313
 0.76923
 0.77146
 0.78788
 0.77718
 0.78827
 0.77051
 0.78906
 0.79057
 0.78283
 0.81203
 0.81053
 0.80201
 0.79798
 0.80421
 0.82161
 0.82133
 0.81487
 0.82035
 0.81633
 0.82286
 0.83333
 0
 0
 0.66667
 0.25
 0.8
 0.8
 0.9
 0.8
 0.4
 0.6
 0.56667
 0.56667
 0.83333
 0.8666700000000001
 0.8666700000000001
 0.8666700000000001
 0.95
 1
 1
 1
 1
 1
 0.96
 0.92
 0.96
 0.96
 0.96
 0.96667
 0.96667
 0.9
 0
 0
 0.82823
 0.60668
 0.7980699999999999
 0.82258
 0.8072
 0.70867
 0.71974
 0.82006
 0.69626
 0.8073900000000001
 0.84418
 0.8557900000000001
 0.86925
 0.8616
 0.89301
 0.9174
 0.87952
 0.95785
 0.89589
 0.89502
 0.90786
 0.89902
 0.9084100000000001
 0.88986
 0.91695
 0.91307
 0.91051
 0.91459
 0
 0
 0.52713
 0.34705
 0.70665
 0.7910199999999999
 0.75097
 0.66306
 0.6829499999999999
 0.74878
 0.76566
 0.80815
 0.81496
 0.82682
 0.84038
 0.85928
 0.8814
 0.92594
 0.93584
 0.94445
 0.9447
 0.94991
 0.95241
 0.92948
 0.93673
 0.93435
 0.93915
 0.94012
 0.9435
 0.92993
 0
 0
 1
 0
 0.8
 1
 0.71429
 0.875
 0.77778
 0.6
 0.90909
 1
 0.76923
 0.88889
 0.6
 1
 1
 1
 1
 1
 1
 1
 1
 1
 1
 1
 1
 1
 1
 1
 0
 0
 0.83292
 0.15723
 0.83691
 0.94174
 0.75215
 0.73778
 0.73687
 0.64647
 0.8410300000000001
 0.86475
 0.7972399999999999
 0.87548
 0.7914
 0.9071900000000001
 0.91375
 0.92583
 0.96171
 0.9648
 0.95683
 0.9579800000000001
 0.96722
 0.95669
 0.95939
 0.95151
 0.92743
 0.83467
 0.94969
 0.93218
 0
 0
 0.57859
 0.75104
 0.83589
 0.77535
 0.8804999999999999
 0.78554
 0.72117
 0.79455
 0.7779700000000001
 0.79155
 0.77437
 0.84044
 0.85065
 0.79457
 0.84906
 0.83921
 0.88696
 0.85312
 0.87149
 0.8754
 0.90134
 0.8746
 0.84821
 0.8404199999999999
 0.89815
 0.89942
 0.8715000000000001
 0.9202399999999999
 0
 0
 0.4701
 0.43763
 0.66736
 0.81409
 0.7097
 0.63085
 0.6066
 0.66639
 0.69346
 0.72737
 0.73717
 0.76229
 0.75713
 0.763
 0.79097
 0.81009
 0.836
 0.85076
 0.84495
 0.85934
 0.85467
 0.82453
 0.82529
 0.8443000000000001
 0.85337
 0.85949
 0.8559600000000001
 0.8448099999999999
 0
 0
 0.95726
 0.94974
 0.93208
 0.947
 0.92513
 0.9084100000000001
 0.93872
 0.91132
 0.90872
 0.91398
 0.91755
 0.90307
 0.918
 0.90172
 0.91304
 0.90837
 0.90362
 0.9112
 0.90577
 0.90472
 0.89629
 0.90363
 0.90547
 0.89897
 0.9007500000000001
 0.89961
 0.91812
 0.9051
 0
 0
 0.79369
 0.24073
 0.78199
 0.76576
 0.8034
 0.59309
 0.59884
 0.6751
 0.73909
 0.79619
 0.83062
 0.85622
 0.8718399999999999
 0.87401
 0.88524
 0.9421
 0.94875
 0.95772
 0.95799
 0.96295
 0.9629
 0.79587
 0.95209
 0.9371
 0.94358
 0.91743
 0.93588
 0.92681
 0
 0
 0.57859
 0.74407
 0.8349299999999999
 0.77013
 0.86003
 0.75845
 0.77001
 0.81135
 0.75014
 0.79587
 0.75199
 0.83123
 0.81116
 0.78784
 0.7867499999999999
 0.81884
 0.82309
 0.92703
 0.64013
 0.83695
 0.92186
 0.79639
 0.88391
 0.87447
 0.91643
 0.92352
 0.92311
 0.94728
 0
 0
 0
 0
 0
 0
 0
 0
 0
 0
 0
 0
 0
 0
 0
 0
 0
 0
 0
 0
 0
 0
 0
 0
 0
 0
 0
 0
 0
 0
 0
 0
 0
 0
 0
 0
 0
 0
 0
 0
 0
 0
 0
 0
 0
 0
 0
 0
 0
 0
 0
 0
 0
 0
 0
 0
 0
 0
 0
 0
 0
 0
 0
 0
 0
 0
 0
 0
 0
 0
 0
 0
 0
 0
 0
 0
 0
 0
 0
 0
 0
 0
 0
 0
 0
 0
 0
 0
 0
 0
 0
 0
 0
 0
 0
 0
 0
 0
 0
 0
 0
 0
 0
 0
 0
 0
 0
 0
 0
 0
 0
 0
 0
 0
 0
 0
 0
 0
 0
 0
 0
 0
 0
 0
 0
 0
 0
 0
 0
 0
 0
 0
 0
 0
 0
 0
 0
 0
 0
 0
 0
 0
 0
 0
 0
 0
 0
 0
 0
 0
 0
 0
 0.9399
 0.92692
 0.92684
 0.91432
 0.90903
 0.90604
 0.91166
 0.9125799999999999
 0.91497
 0.92932
 0.92786
 0.92402
 0.94104
 0.92186
 0.91725
 0.91374
 0.9198499999999999
 0.90976
 0.90795
 0.9039199999999999
 0.9043600000000001
 0.90493
 0.9013600000000001
 0.91194
 0.90929
 0.9111
 0.89942
 0.9013
 0
 0
 0
 0
 0
 0
 0
 0
 0
 0
 0
 0
 0
 0
 0
 0
 0
 0
 0
 0
 0
 0
 0
 0
 0
 0
 0
 0
 0
 0
 0
 0
 0
 0
 0
 0
 0
 0
 0
 0
 0
 0
 0
 0
 0
 0
 0
 0
 0
 0
 0
 0
 0
 0
 0
 0
 0
 0
 0
 0


