# Created by Octave 4.0.0, Sat Nov 21 16:32:27 2015 W. Europe Standard Time <unknown@Florian-PC>
# name: mus
# type: matrix
# ndims: 3
 1 30 19
 0
 0
 0.42607
 0.51768
 0.51646
 0.50631
 0.51378
 0.50765
 0.50947
 0.50513
 0.49937
 0.5101
 0.51641
 0.51849
 0.52051
 0.51823
 0.63313
 0.83965
 0.8521300000000001
 0.87895
 0.79699
 0.88005
 0.87951
 0.86979
 0.86933
 0.86513
 0.86652
 0.86352
 0.84604
 0.83846
 0
 0
 0.33333
 1
 1
 0.9
 0.8
 0.9
 0.9
 1
 1
 0.9
 0.93333
 0.93333
 0.93333
 1
 0.93333
 0.85
 0.9
 0.85
 0.85
 0.74
 0.78
 0.72
 0.8
 0.68667
 0.78667
 0.82
 0.82667
 0.8
 0
 0
 0.61456
 0.82823
 0.91068
 0.9115
 0.92731
 0.88265
 0.93152
 0.9539800000000001
 0.94603
 0.91509
 0.94516
 0.90457
 0.94285
 0.96596
 0.90834
 0.88327
 0.88396
 0.84284
 0.82177
 0.85163
 0.8559600000000001
 0.85444
 0.86148
 0.87225
 0.89166
 0.85079
 0.88474
 0.92205
 0
 0
 0.38971
 0.87203
 0.92702
 0.9003
 0.87849
 0.88558
 0.89784
 0.95607
 0.9558
 0.92642
 0.93101
 0.9347800000000001
 0.9355
 0.96433
 0.93418
 0.84156
 0.88436
 0.8367599999999999
 0.85564
 0.82117
 0.8333700000000001
 0.85916
 0.87105
 0.87691
 0.8883
 0.87644
 0.8892600000000001
 0.89767
 0
 0
 0
 1
 1
 0.83333
 1
 0.875
 0.66667
 1
 1
 1
 0.76923
 0.88889
 0.8
 1
 1
 1
 1
 1
 1
 0
 1
 1
 1
 1
 1
 1
 1
 1
 0
 0
 0.00148
 0.90788
 0.92628
 0.9029700000000001
 0.96544
 0.88012
 0.83219
 0.96579
 0.97019
 0.93762
 0.88386
 0.91083
 0.90168
 0.98354
 0.9532
 0.86911
 0.91706
 0.88778
 0.91811
 0.69582
 0.88764
 0.7453
 0.91332
 0.91664
 0.92339
 0.8686199999999999
 0.8953
 0.87465
 0
 0
 0.36788
 0.78962
 0.77842
 0.89408
 0.88556
 0.87822
 0.92914
 0.95199
 0.95129
 0.9105799999999999
 0.90313
 0.89398
 0.92213
 0.95948
 0.9116300000000001
 0.85985
 0.89857
 0.79195
 0.78778
 0.84848
 0.88057
 0.84674
 0.88932
 0.8581
 0.86554
 0.8609
 0.86355
 0.85176
 0
 0
 0.40572
 0.80146
 0.8880400000000001
 0.85937
 0.84014
 0.85512
 0.9046999999999999
 0.8996
 0.91537
 0.8712
 0.8918
 0.87806
 0.89454
 0.90609
 0.89338
 0.78813
 0.8102200000000001
 0.74048
 0.77255
 0.72592
 0.74216
 0.74683
 0.75863
 0.77632
 0.78369
 0.78921
 0.80363
 0.79272
 0
 0
 0.9565399999999999
 0.9149
 0.92869
 0.94059
 0.92971
 0.89798
 0.93024
 0.90365
 0.93141
 0.92179
 0.92419
 0.92755
 0.9175
 0.90478
 0.90337
 0.90394
 0.9065800000000001
 0.90526
 0.90232
 0.90238
 0.90534
 0.91225
 0.9074
 0.90049
 0.90227
 0.91365
 0.90332
 0.89673
 0
 0
 0.00316
 0.8789
 0.90366
 0.9376
 0.94746
 0.9521500000000001
 0.89344
 0.9861799999999999
 0.9323
 0.91604
 0.94623
 0.94229
 0.93871
 0.98947
 0.97385
 0.87498
 0.9059199999999999
 0.72339
 0.88251
 0.83323
 0.82307
 0.71608
 0.84129
 0.88995
 0.8698399999999999
 0.88313
 0.91359
 0.89928
 0
 0
 0.36788
 0.76432
 0.7713
 0.85067
 0.86514
 0.892
 0.87286
 0.93367
 0.9333900000000001
 0.87685
 0.91034
 0.87276
 0.95377
 0.92432
 0.88446
 0.89769
 0.81272
 0.77051
 0.77152
 0.87346
 0.7815
 0.91436
 0.87991
 0.76529
 0.84395
 0.89762
 0.87143
 0.93188
 0
 0
 0
 0
 0
 0
 0
 0
 0
 0
 0
 0
 0
 0
 0
 0
 0
 0
 0
 0
 0
 0
 0
 0
 0
 0
 0
 0
 0
 0
 0
 0
 0
 0
 0
 0
 0
 0
 0
 0
 0
 0
 0
 0
 0
 0
 0
 0
 0
 0
 0
 0
 0
 0
 0
 0
 0
 0
 0
 0
 0
 0
 0
 0
 0
 0
 0
 0
 0
 0
 0
 0
 0
 0
 0
 0
 0
 0
 0
 0
 0
 0
 0
 0
 0
 0
 0
 0
 0
 0
 0
 0
 0
 0
 0
 0
 0
 0
 0
 0
 0
 0
 0
 0
 0
 0
 0
 0
 0
 0
 0
 0
 0
 0
 0
 0
 0
 0
 0
 0
 0
 0
 0
 0
 0
 0
 0
 0
 0
 0
 0
 0
 0
 0
 0
 0
 0
 0
 0
 0
 0
 0
 0
 0
 0
 0
 0
 0
 0
 0
 0
 0
 0.90624
 0.89549
 0.93268
 0.90144
 0.93782
 0.91922
 0.9029199999999999
 0.92123
 0.92985
 0.91125
 0.9244599999999999
 0.92262
 0.91267
 0.91965
 0.9177999999999999
 0.90721
 0.91081
 0.91732
 0.9144099999999999
 0.91484
 0.91025
 0.90473
 0.89737
 0.90871
 0.90379
 0.90005
 0.91295
 0.89454
 0
 0
 0
 0
 0
 0
 0
 0
 0
 0
 0
 0
 0
 0
 0
 0
 0
 0
 0
 0
 0
 0
 0
 0
 0
 0
 0
 0
 0
 0
 0
 0
 0
 0
 0
 0
 0
 0
 0
 0
 0
 0
 0
 0
 0
 0
 0
 0
 0
 0
 0
 0
 0
 0
 0
 0
 0
 0
 0
 0


