# Created by Octave 4.0.0, Sat Nov 21 16:32:28 2015 W. Europe Standard Time <unknown@Florian-PC>
# name: mus
# type: matrix
# ndims: 3
 1 30 19
 0
 0
 0.61153
 0.5707100000000001
 0.56709
 0.54167
 0.54637
 0.53316
 0.52588
 0.52821
 0.53093
 0.51515
 0.52077
 0.50702
 0.51026
 0.52604
 0.5868100000000001
 0.58333
 0.62155
 0.60526
 0.62907
 0.5947
 0.61182
 0.61589
 0.65867
 0.66359
 0.65981
 0.63393
 0.64698
 0.66667
 0
 0
 0.33333
 1
 0.8
 0.6
 0.9
 0.9
 0.9
 1
 1
 1
 1
 1
 1
 0.93333
 0.8666700000000001
 0.9
 0.85
 0.9
 1
 1
 1
 1
 0.96
 0.96
 0.92
 0.93333
 0.93333
 0.93333
 0
 0
 0.60685
 0.8726
 0.88232
 0.88367
 0.89895
 0.87737
 0.87459
 0.89651
 0.92976
 0.92376
 0.93465
 0.94922
 0.97544
 0.96472
 0.9295099999999999
 0.93997
 0.96401
 0.96335
 0.99165
 0.99048
 0.9933999999999999
 1
 0.97525
 0.98804
 0.98644
 0.98855
 0.99903
 0.98663
 0
 0
 0.38891
 0.98215
 0.85167
 0.8426
 0.89575
 0.8892099999999999
 0.92809
 0.95688
 0.93615
 0.95585
 0.95269
 0.99756
 0.99886
 0.9785700000000001
 0.96587
 0.95823
 0.99788
 0.99587
 1
 0.99985
 1
 1
 0.97614
 0.9813499999999999
 0.9973
 0.99879
 1
 0.99963
 0
 0
 0.66667
 1
 0.8
 1
 0.85714
 1
 0.88889
 1
 1
 1
 0.92308
 1
 1
 0.66667
 1
 1
 1
 1
 1
 1
 1
 1
 1
 1
 1
 1
 1
 1
 0
 0
 0.90003
 1.14287
 1.025
 1.04167
 0.9071399999999999
 0.92679
 0.86012
 1.04484
 1.00871
 1.01465
 0.92238
 1.01208
 1.01199
 0.86997
 1.02192
 0.99466
 1.01014
 1.01064
 1
 1
 1
 1
 1
 1
 1
 1
 1
 1
 0
 0
 0.57859
 0.6577499999999999
 0.98552
 0.96044
 0.86554
 0.89956
 0.8944800000000001
 0.95428
 0.95019
 0.91593
 0.928
 0.96971
 0.96857
 0.93382
 0.93829
 0.97784
 0.9627599999999999
 0.97137
 0.99258
 0.98774
 1.01053
 0.99254
 0.9960599999999999
 0.97519
 0.98936
 0.98806
 1.00073
 0.99492
 0
 0
 0.38891
 0.88824
 0.84988
 0.8935999999999999
 0.91037
 0.88796
 0.90273
 0.9469
 0.96083
 0.97435
 0.97463
 0.98769
 0.99592
 0.98289
 0.9663
 0.97484
 0.98087
 0.9873
 0.99931
 0.99838
 1
 1
 0.98485
 0.984
 0.99022
 0.99658
 1
 0.99844
 0
 0
 1
 1
 1
 1
 1
 1
 1
 1
 1
 1
 1
 1
 1
 1
 1
 1
 1
 1
 1
 1
 1
 1
 1
 1
 1
 1
 1
 1
 0
 0
 0.90003
 1.0177
 1.07615
 0.9658
 0.97562
 0.77335
 0.8618400000000001
 1.04771
 0.95669
 0.9661999999999999
 0.92347
 1.0248
 1.03941
 0.94154
 0.91033
 0.92731
 0.9789
 0.9767
 1
 1
 1
 1
 1
 1
 1
 1
 1
 1
 0
 0
 0.57859
 0.66782
 0.96153
 0.99169
 0.8821099999999999
 0.98705
 0.8583
 0.94087
 0.92774
 0.9317800000000001
 0.91917
 1.08355
 1.08773
 0.94487
 0.95062
 0.97105
 0.94541
 0.94456
 0.99515
 0.96988
 1.12809
 1.0568
 1.02502
 0.98502
 0.99683
 1.03829
 1.01162
 0.98892
 0
 0
 0
 0
 0
 0
 0
 0
 0
 0
 0
 0
 0
 0
 0
 0
 0
 0
 0
 0
 0
 0
 0
 0
 0
 0
 0
 0
 0
 0
 0
 0
 0
 0
 0
 0
 0
 0
 0
 0
 0
 0
 0
 0
 0
 0
 0
 0
 0
 0
 0
 0
 0
 0
 0
 0
 0
 0
 0
 0
 0
 0
 0
 0
 0
 0
 0
 0
 0
 0
 0
 0
 0
 0
 0
 0
 0
 0
 0
 0
 0
 0
 0
 0
 0
 0
 0
 0
 0
 0
 0
 0
 0
 0
 0
 0
 0
 0
 0
 0
 0
 0
 0
 0
 0
 0
 0
 0
 0
 0
 0
 0
 0
 0
 0
 0
 0
 0
 0
 0
 0
 0
 0
 0
 0
 0
 0
 0
 0
 0
 0
 0
 0
 0
 0
 0
 0
 0
 0
 0
 0
 0
 0
 0
 0
 0
 0
 0
 0
 0
 0
 0
 1
 1
 1
 1
 1
 1
 1
 1
 1
 1
 1
 1
 1
 1
 1
 1
 1
 1
 1
 1
 1
 1
 1
 1
 1
 1
 1
 1
 0
 0
 0
 0
 0
 0
 0
 0
 0
 0
 0
 0
 0
 0
 0
 0
 0
 0
 0
 0
 0
 0
 0
 0
 0
 0
 0
 0
 0
 0
 0
 0
 0
 0
 0
 0
 0
 0
 0
 0
 0
 0
 0
 0
 0
 0
 0
 0
 0
 0
 0
 0
 0
 0
 0
 0
 0
 0
 0
 0


# name: vars
# type: matrix
# ndims: 3
 1 30 19
 0
 0
 0.08279499999999999
 0.051072
 0.051723
 0.038088
 0.049652
 0.035661
 0.027971
 0.013657
 0.020341
 0.020597
 0.026897
 0.025188
 0.019535
 0.013559
 0.010427
 0.013742
 0.021778
 0.014693
 0.016019
 0.01618
 0.009592
 0.012903
 0.005227
 0.009454000000000001
 0.008092
 0.016226
 0.003198
 0.00537
 0
 0
 0.33333
 0
 0.2
 0.3
 0.05
 0.05
 0.05
 0
 0
 0
 0
 0
 0
 0.02222
 0.08889
 0.05
 0.1125
 0.05
 0
 0
 0
 0
 0.008
 0.008
 0.032
 0.02222
 0.02222
 0.02222
 0
 0
 0
 0
 0
 0
 0
 0
 0
 0
 0
 0
 0
 0
 0
 0
 0
 0
 0
 0
 0
 0
 0
 0
 0
 0
 0
 0
 0
 0
 0
 0
 0.12673
 0.00057
 0.0603
 0.06472
 0.03411
 0.01959
 0.01437
 0.01002
 0.01427
 0.00795
 0.01029
 0.00027
 0.00014
 0.00462
 0.00666
 0.008160000000000001
 0.00038
 0.00082
 0
 1e-005
 0
 0
 0.00544
 0.00347
 0.0004
 0.0002
 0
 5e-005
 0
 0
 0
 0
 0
 0
 0
 0
 0
 0
 0
 0
 0
 0
 0
 0
 0
 0
 0
 0
 0
 0
 0
 0
 0
 0
 0
 0
 0
 0
 0
 0
 0
 0
 0
 0
 0
 0
 0
 0
 0
 0
 0
 0
 0
 0
 0
 0
 0
 0
 0
 0
 0
 0
 0
 0
 0
 0
 0
 0
 0
 0
 0
 0
 0
 0
 0
 0
 0
 0
 0
 0
 0
 0
 0
 0
 0
 0
 0
 0
 0
 0
 0
 0
 0
 0
 0
 0
 0
 0
 0
 0
 0.12673
 0.0222
 0.04772
 0.03468
 0.02448
 0.01811
 0.01787
 0.009390000000000001
 0.01322
 0.00532
 0.00429
 0.00448
 0.00138
 0.00337
 0.008109999999999999
 0.00539
 0.00712
 0.00526
 4e-005
 0.00095
 0
 0
 0.00165
 0.00175
 0.00374
 0.00135
 0
 0.0002
 0
 0
 0
 0
 0
 0
 0
 0
 0
 0
 0
 0
 0
 0
 0
 0
 0
 0
 0
 0
 0
 0
 0
 0
 0
 0
 0
 0
 0
 0
 0
 0
 0
 0
 0
 0
 0
 0
 0
 0
 0
 0
 0
 0
 0
 0
 0
 0
 0
 0
 0
 0
 0
 0
 0
 0
 0
 0
 0
 0
 0
 0
 0
 0
 0
 0
 0
 0
 0
 0
 0
 0
 0
 0
 0
 0
 0
 0
 0
 0
 0
 0
 0
 0
 0
 0
 0
 0
 0
 0
 0
 0
 0
 0
 0
 0
 0
 0
 0
 0
 0
 0
 0
 0
 0
 0
 0
 0
 0
 0
 0
 0
 0
 0
 0
 0
 0
 0
 0
 0
 0
 0
 0
 0
 0
 0
 0
 0
 0
 0
 0
 0
 0
 0
 0
 0
 0
 0
 0
 0
 0
 0
 0
 0
 0
 0
 0
 0
 0
 0
 0
 0
 0
 0
 0
 0
 0
 0
 0
 0
 0
 0
 0
 0
 0
 0
 0
 0
 0
 0
 0
 0
 0
 0
 0
 0
 0
 0
 0
 0
 0
 0
 0
 0
 0
 0
 0
 0
 0
 0
 0
 0
 0
 0
 0
 0
 0
 0
 0
 0
 0
 0
 0
 0
 0
 0
 0
 0
 0
 0
 0
 0
 0
 0
 0
 0
 0
 0
 0
 0
 0
 0
 0
 0
 0
 0
 0
 0
 0
 0
 0
 0
 0
 0
 0
 0
 0
 0
 0
 0
 0
 0
 0
 0
 0
 0
 0
 0
 0
 0
 0
 0
 0
 0
 0
 0
 0
 0
 0
 0
 0
 0
 0
 0
 0
 0
 0
 0
 0
 0
 0
 0
 0
 0
 0
 0
 0
 0
 0
 0
 0
 0
 0
 0
 0
 0
 0
 0
 0
 0
 0
 0
 0
 0
 0
 0
 0
 0
 0
 0
 0
 0
 0
 0
 0
 0
 0
 0
 0
 0
 0
 0
 0
 0
 0
 0
 0
 0
 0
 0
 0
 0
 0
 0
 0
 0
 0
 0
 0
 0


