# Created by Octave 4.0.0, Sat Nov 21 16:32:10 2015 W. Europe Standard Time <unknown@Florian-PC>
# name: mus
# type: matrix
# ndims: 3
 1 30 19
 0
 0
 0.57143
 0.57828
 0.63544
 0.66667
 0.65915
 0.66582
 0.71149
 0.75897
 0.6957100000000001
 0.6893899999999999
 0.57897
 0.70472
 0.74359
 0.72135
 0.7220800000000001
 0.71717
 0.8396
 0.82368
 0.82957
 0.84343
 0.80392
 0.84375
 0.81333
 0.8430800000000001
 0.83502
 0.85587
 0.83416
 0.8692299999999999
 0
 0
 0
 0.5
 0.4
 0.3
 0.2
 0.4
 0.4
 0.5
 0.46667
 0.6
 0.5
 0.5
 0.66667
 0.55
 0.46667
 0.53333
 0.68333
 0.55
 0.49
 0.58
 0.53
 0.54
 0.64
 0.69333
 0.6266699999999999
 0.71333
 0.66
 0.56667
 0
 0
 0.4084
 0.63014
 0.58183
 0.44938
 0.31313
 0.49712
 0.53765
 0.53451
 0.45308
 0.32928
 0.54932
 0.59307
 0.65201
 0.36173
 0.42447
 0.48133
 0.45526
 0.42912
 0.53008
 0.55887
 0.54599
 0.59672
 0.62335
 0.54166
 0.56691
 0.59317
 0.54786
 0.59183
 0
 0
 0.19442
 0.45663
 0.48523
 0.32195
 0.36198
 0.48535
 0.43936
 0.39023
 0.43285
 0.41604
 0.44929
 0.41777
 0.43492
 0.43683
 0.45851
 0.44215
 0.44609
 0.49154
 0.48929
 0.50259
 0.49599
 0.49661
 0.49891
 0.47783
 0.50137
 0.50591
 0.51388
 0.502
 0
 0
 0
 0.75
 0.4
 0
 0.28571
 0.375
 0.33333
 0.3
 0.27273
 0.25
 0.61538
 0.33333
 0.6
 0
 0.5
 0
 0
 0
 1
 0
 1
 0
 0
 1
 1
 1
 1
 0
 0
 0
 0.16667
 0.58225
 0.37927
 0.28324
 0.3742
 0.42875
 0.41066
 0.38541
 0.40941
 0.39157
 0.45694
 0.41175
 0.44887
 0.40959
 0.44758
 0.42285
 0.44319
 0.48204
 0.50615
 0.46854
 0.48376
 0.48852
 0.48298
 0.52869
 0.51294
 0.53109
 0.52239
 0.48521
 0
 0
 0.57859
 0.52496
 0.6418700000000001
 0.59299
 0.57296
 0.65025
 0.57356
 0.6126
 0.59026
 0.57965
 0.59501
 0.6224499999999999
 0.65371
 0.65655
 0.62133
 0.60869
 0.64374
 0.62283
 0.61807
 0.6495
 0.66107
 0.6186700000000001
 0.61846
 0.60059
 0.5857599999999999
 0.57975
 0.6253
 0.61814
 0
 0
 0.19442
 0.41003
 0.44336
 0.36403
 0.34222
 0.44353
 0.43301
 0.39973
 0.43409
 0.42814
 0.44474
 0.43291
 0.43458
 0.44157
 0.46115
 0.44329
 0.4553
 0.4783
 0.48523
 0.50571
 0.49384
 0.50304
 0.49885
 0.47841
 0.49714
 0.50242
 0.50478
 0.50101
 0
 0
 0.99964
 1
 1
 1
 1
 1
 1
 1
 0.9996
 0.99342
 0.99393
 0.98423
 0.9785199999999999
 0.9765
 0.97244
 0.96484
 0.9674700000000001
 0.96732
 0.9643
 0.96324
 0.96738
 0.95908
 0.9613699999999999
 0.95983
 0.95714
 0.9504899999999999
 0.95239
 0.95564
 0
 0
 0.16667
 0.48843
 0.36667
 0.34263
 0.3703
 0.42759
 0.41233
 0.38572
 0.40891
 0.4109
 0.43691
 0.41928
 0.43579
 0.42626
 0.44443
 0.43841
 0.45238
 0.46929
 0.48138
 0.48991
 0.48228
 0.48691
 0.49733
 0.47707
 0.49721
 0.49407
 0.5079399999999999
 0.49461
 0
 0
 0.57859
 0.54557
 0.68665
 0.5971
 0.56703
 0.65033
 0.5885899999999999
 0.5819800000000001
 0.6110100000000001
 0.59238
 0.57464
 0.58049
 0.61132
 0.58745
 0.57587
 0.58752
 0.63202
 0.61266
 0.5821
 0.62208
 0.61737
 0.5896
 0.61339
 0.58809
 0.5917
 0.6107
 0.6025199999999999
 0.61026
 0
 0
 0
 0
 0
 0
 0
 0
 0
 0
 0
 0
 0
 0
 0
 0
 0
 0
 0
 0
 0
 0
 0
 0
 0
 0
 0
 0
 0
 0
 0
 0
 0
 0
 0
 0
 0
 0
 0
 0
 0
 0
 0
 0
 0
 0
 0
 0
 0
 0
 0
 0
 0
 0
 0
 0
 0
 0
 0
 0
 0
 0
 0
 0
 0
 0
 0
 0
 0
 0
 0
 0
 0
 0
 0
 0
 0
 0
 0
 0
 0
 0
 0
 0
 0
 0
 0
 0
 0
 0
 0
 0
 0
 0
 0
 0
 0
 0
 0
 0
 0
 0
 0
 0
 0
 0
 0
 0
 0
 0
 0
 0
 0
 0
 0
 0
 0
 0
 0
 0
 0
 0
 0
 0
 0
 0
 0
 0
 0
 0
 0
 0
 0
 0
 0
 0
 0
 0
 0
 0
 0
 0
 0
 0
 0
 0
 0
 0
 0
 0
 0
 0
 0.99996
 1
 1
 1
 1
 1
 0.99926
 1
 0.99995
 0.99995
 0.992
 0.99127
 0.97805
 0.97664
 0.97761
 0.97024
 0.96328
 0.95979
 0.95875
 0.96233
 0.9622000000000001
 0.96154
 0.95543
 0.95727
 0.95601
 0.94693
 0.9504899999999999
 0.94179
 0
 0
 0
 0
 0
 0
 0
 0
 0
 0
 0
 0
 0
 0
 0
 0
 0
 0
 0
 0
 0
 0
 0
 0
 0
 0
 0
 0
 0
 0
 0
 0
 0
 0
 0
 0
 0
 0
 0
 0
 0
 0
 0
 0
 0
 0
 0
 0
 0
 0
 0
 0
 0
 0
 0
 0
 0
 0
 0
 0


