# Created by Octave 4.0.0, Sat Nov 21 16:32:16 2015 W. Europe Standard Time <unknown@Florian-PC>
# name: mus
# type: matrix
# ndims: 3
 1 30 19
 0
 0
 0.58396
 0.6792899999999999
 0.49873
 0.52525
 0.61404
 0.60204
 0.5947
 0.59487
 0.59596
 0.64646
 0.64897
 0.64605
 0.72436
 0.73177
 0.7343
 0.73359
 0.70175
 0.73158
 0.74937
 0.74495
 0.73231
 0.73437
 0.73333
 0.73128
 0.73124
 0.73214
 0.7306
 0.73333
 0
 0
 0.33333
 0.25
 0.6
 0.6
 0.5
 0.4
 0.6
 0.3
 0.76667
 0.6
 0.53333
 0.6
 0.46667
 0.41667
 0.4
 0.45
 0.68333
 0.75
 0.58
 0.63
 0.7
 0.66
 0.72
 0.84667
 0.81333
 0.76
 0.78667
 0.83333
 0
 0
 0.65963
 0.61752
 0.63054
 0.79561
 0.75663
 0.60449
 0.66696
 0.66789
 0.61702
 0.70455
 0.58219
 0.62881
 0.68282
 0.64398
 0.66212
 0.58475
 0.69157
 0.68099
 0.6990499999999999
 0.67886
 0.73029
 0.73746
 0.7662099999999999
 0.70989
 0.75687
 0.81208
 0.82079
 0.82855
 0
 0
 0.44446
 0.441
 0.69029
 0.8246599999999999
 0.67761
 0.76867
 0.745
 0.73226
 0.77921
 0.74404
 0.6778999999999999
 0.70591
 0.64334
 0.54965
 0.66043
 0.6149
 0.68283
 0.71562
 0.6972
 0.70294
 0.72233
 0.74491
 0.77913
 0.71333
 0.78198
 0.80137
 0.80213
 0.8398099999999999
 0
 0
 0.33333
 0.75
 0.4
 1
 0.28571
 0.625
 0.5555600000000001
 0.8
 0.54545
 0.83333
 0.76923
 0.44444
 0.6
 0.66667
 0.5
 1
 1
 0
 1
 0
 1
 1
 1
 1
 1
 0
 1
 0
 0
 0
 0.33333
 0.97222
 0.5125
 1.075
 0.5214299999999999
 0.63661
 0.66865
 0.85833
 0.62418
 0.8178
 0.81084
 0.56042
 0.60033
 0.65862
 0.57
 0.79365
 0.78847
 0.46097
 0.8379
 0.45141
 0.62344
 0.8331499999999999
 0.92121
 1.06084
 0.68327
 0.54171
 0.875
 0.60417
 0
 0
 0.57859
 0.83055
 0.72493
 0.70269
 0.74559
 0.76979
 0.75621
 0.67791
 0.72102
 0.69654
 0.81166
 0.65262
 0.85125
 0.66091
 0.66854
 0.70814
 0.76633
 0.73996
 0.72134
 0.85121
 0.72022
 0.8256
 0.80386
 0.86885
 0.8012
 0.83796
 0.84072
 0.82475
 0
 0
 0.44446
 0.44243
 0.60782
 0.81147
 0.7436
 0.73908
 0.74512
 0.71787
 0.75024
 0.7093
 0.66405
 0.69699
 0.65316
 0.58372
 0.63168
 0.66006
 0.68898
 0.73811
 0.68459
 0.70812
 0.7241
 0.74054
 0.75396
 0.7501
 0.7767500000000001
 0.80426
 0.79625
 0.82843
 0
 0
 1
 1
 1
 1
 1
 1
 1
 1
 1
 1
 1
 1
 1
 1
 1
 1
 1
 1
 1
 1
 1
 1
 1
 1
 1
 1
 1
 1
 0
 0
 0.33333
 0.98039
 0.5649999999999999
 0.9544
 0.63413
 0.65249
 0.92184
 0.8006
 0.75586
 0.65224
 0.70929
 0.67909
 0.76662
 0.51584
 0.64193
 0.58789
 0.6156700000000001
 0.70342
 0.64912
 0.71579
 0.66418
 0.77822
 0.74475
 0.9895699999999999
 0.6171
 0.99152
 0.99986
 0.74827
 0
 0
 0.57859
 0.83055
 0.73826
 0.69511
 0.80777
 0.86221
 0.74715
 0.77432
 0.72985
 0.9045299999999999
 0.72174
 0.71073
 0.8575
 0.70901
 0.82402
 0.79806
 0.8143
 0.8847
 0.87942
 0.90473
 0.76516
 0.80894
 0.85232
 0.80155
 0.84975
 0.93996
 0.81201
 0.83241
 0
 0
 0
 0
 0
 0
 0
 0
 0
 0
 0
 0
 0
 0
 0
 0
 0
 0
 0
 0
 0
 0
 0
 0
 0
 0
 0
 0
 0
 0
 0
 0
 0
 0
 0
 0
 0
 0
 0
 0
 0
 0
 0
 0
 0
 0
 0
 0
 0
 0
 0
 0
 0
 0
 0
 0
 0
 0
 0
 0
 0
 0
 0
 0
 0
 0
 0
 0
 0
 0
 0
 0
 0
 0
 0
 0
 0
 0
 0
 0
 0
 0
 0
 0
 0
 0
 0
 0
 0
 0
 0
 0
 0
 0
 0
 0
 0
 0
 0
 0
 0
 0
 0
 0
 0
 0
 0
 0
 0
 0
 0
 0
 0
 0
 0
 0
 0
 0
 0
 0
 0
 0
 0
 0
 0
 0
 0
 0
 0
 0
 0
 0
 0
 0
 0
 0
 0
 0
 0
 0
 0
 0
 0
 0
 0
 0
 0
 0
 0
 0
 0
 0
 1
 1
 1
 1
 1
 1
 1
 1
 1
 1
 1
 1
 1
 1
 1
 1
 1
 1
 1
 1
 1
 1
 1
 1
 1
 1
 1
 1
 0
 0
 0
 0
 0
 0
 0
 0
 0
 0
 0
 0
 0
 0
 0
 0
 0
 0
 0
 0
 0
 0
 0
 0
 0
 0
 0
 0
 0
 0
 0
 0
 0
 0
 0
 0
 0
 0
 0
 0
 0
 0
 0
 0
 0
 0
 0
 0
 0
 0
 0
 0
 0
 0
 0
 0
 0
 0
 0
 0


# name: vars
# type: matrix
# ndims: 3
 1 30 19
 0
 0
 0.083175
 0.056174
 0.051152
 0.056617
 0.034231
 0.030386
 0.027789
 0.025762
 0.021934
 0.01477
 0.014587
 0.022394
 0.017027
 0.006617
 0.013261
 0.012541
 0.043029
 0.010058
 0.013062
 0.008298
 0.007249
 0.004832
 0.003124
 0.003343
 0.005235
 0.009566
 0.004928
 0.007222
 0
 0
 0.33333
 0.25
 0.3
 0.3
 0.25
 0.175
 0.3
 0.2
 0.10556
 0.06389
 0.01944
 0.07778
 0.08889
 0.03472
 0.06389
 0.05764
 0.01181
 0.03125
 0.057
 0.05075
 0.06
 0.018
 0.012
 0.00756
 0.00033
 0.063
 0.02478
 0.02778
 0
 0
 0
 0
 0
 0
 0
 0
 0
 0
 0
 0
 0
 0
 0
 0
 0
 0
 0
 0
 0
 0
 0
 0
 0
 0
 0
 0
 0
 0
 0
 0
 0.18402
 0.06809
 0.05937
 0.06248
 0.05996
 0.05019
 0.05738
 0.05931
 0.03831
 0.05192
 0.05281
 0.05129
 0.05163
 0.04406
 0.04628
 0.04835
 0.04498
 0.03781
 0.03858
 0.03744
 0.03881
 0.03365
 0.03147
 0.04011
 0.0305
 0.03064
 0.03051
 0.02489
 0
 0
 0
 0
 0
 0
 0
 0
 0
 0
 0
 0
 0
 0
 0
 0
 0
 0
 0
 0
 0
 0
 0
 0
 0
 0
 0
 0
 0
 0
 0
 0
 0
 0
 0
 0
 0
 0
 0
 0
 0
 0
 0
 0
 0
 0
 0
 0
 0
 0
 0
 0
 0
 0
 0
 0
 0
 0
 0
 0
 0
 0
 0
 0
 0
 0
 0
 0
 0
 0
 0
 0
 0
 0
 0
 0
 0
 0
 0
 0
 0
 0
 0
 0
 0
 0
 0
 0
 0
 0
 0
 0
 0.18402
 0.05918
 0.03447
 0.03628
 0.03167
 0.03582
 0.03967
 0.04312
 0.04101
 0.03672
 0.04879
 0.03995
 0.04269
 0.04554
 0.03625
 0.03584
 0.04062
 0.03911
 0.04401
 0.04173
 0.03609
 0.03768
 0.0368
 0.03609
 0.04028
 0.03896
 0.03607
 0.0274
 0
 0
 0
 0
 0
 0
 0
 0
 0
 0
 0
 0
 0
 0
 0
 0
 0
 0
 0
 0
 0
 0
 0
 0
 0
 0
 0
 0
 0
 0
 0
 0
 0
 0
 0
 0
 0
 0
 0
 0
 0
 0
 0
 0
 0
 0
 0
 0
 0
 0
 0
 0
 0
 0
 0
 0
 0
 0
 0
 0
 0
 0
 0
 0
 0
 0
 0
 0
 0
 0
 0
 0
 0
 0
 0
 0
 0
 0
 0
 0
 0
 0
 0
 0
 0
 0
 0
 0
 0
 0
 0
 0
 0
 0
 0
 0
 0
 0
 0
 0
 0
 0
 0
 0
 0
 0
 0
 0
 0
 0
 0
 0
 0
 0
 0
 0
 0
 0
 0
 0
 0
 0
 0
 0
 0
 0
 0
 0
 0
 0
 0
 0
 0
 0
 0
 0
 0
 0
 0
 0
 0
 0
 0
 0
 0
 0
 0
 0
 0
 0
 0
 0
 0
 0
 0
 0
 0
 0
 0
 0
 0
 0
 0
 0
 0
 0
 0
 0
 0
 0
 0
 0
 0
 0
 0
 0
 0
 0
 0
 0
 0
 0
 0
 0
 0
 0
 0
 0
 0
 0
 0
 0
 0
 0
 0
 0
 0
 0
 0
 0
 0
 0
 0
 0
 0
 0
 0
 0
 0
 0
 0
 0
 0
 0
 0
 0
 0
 0
 0
 0
 0
 0
 0
 0
 0
 0
 0
 0
 0
 0
 0
 0
 0
 0
 0
 0
 0
 0
 0
 0
 0
 0
 0
 0
 0
 0
 0
 0
 0
 0
 0
 0
 0
 0
 0
 0
 0
 0
 0
 0
 0
 0
 0
 0
 0
 0
 0
 0
 0
 0
 0
 0
 0
 0
 0
 0
 0
 0
 0
 0
 0
 0
 0
 0
 0
 0
 0
 0
 0
 0
 0
 0
 0
 0
 0
 0
 0
 0
 0
 0
 0
 0
 0
 0
 0
 0
 0
 0
 0
 0
 0
 0
 0
 0
 0
 0
 0
 0
 0
 0
 0
 0
 0
 0
 0
 0
 0
 0
 0
 0


