# Created by Octave 4.0.0, Sat Nov 21 16:32:17 2015 W. Europe Standard Time <unknown@Florian-PC>
# name: mus
# type: matrix
# ndims: 3
 1 30 19
 0
 0
 0.69925
 0.4596
 0.58228
 0.60354
 0.56892
 0.5688800000000001
 0.56755
 0.55897
 0.5593399999999999
 0.56313
 0.55923
 0.5561199999999999
 0.55
 0.5625
 0.56323
 0.58712
 0.61654
 0.59737
 0.61654
 0.59722
 0.6007400000000001
 0.59115
 0.6
 0.59128
 0.59307
 0.59311
 0.59463
 0.59744
 0
 0
 0.33333
 0.75
 0
 0.3
 0.6
 0.7
 0.8
 0.7
 0.73333
 0.66667
 0.76667
 0.8
 0.93333
 0.73333
 0.83333
 0.73333
 0.71667
 0.75
 0.72
 0.79
 0.76
 0.83
 0.84
 0.78
 0.7466699999999999
 0.7533300000000001
 0.72667
 0.76667
 0
 0
 0.57859
 0.82661
 0.63234
 0.60156
 0.72397
 0.74752
 0.61799
 0.57863
 0.66093
 0.74839
 0.82237
 0.80825
 0.8522
 0.7884100000000001
 0.76348
 0.72899
 0.73169
 0.74885
 0.74477
 0.78615
 0.7889699999999999
 0.68146
 0.72358
 0.73141
 0.7154199999999999
 0.72433
 0.68921
 0.71741
 0
 0
 0.38891
 0.90229
 0.29251
 0.49326
 0.76408
 0.76505
 0.72434
 0.7854100000000001
 0.74982
 0.76688
 0.82705
 0.84026
 0.88981
 0.79028
 0.83038
 0.7277
 0.7541
 0.75318
 0.76258
 0.7617
 0.80364
 0.72053
 0.67274
 0.73577
 0.68796
 0.7269
 0.68738
 0.6752899999999999
 0
 0
 0.33333
 1
 0
 0.5
 0.85714
 0.875
 0.5555600000000001
 0.7
 0.54545
 0.83333
 0.53846
 0.88889
 0.6
 0.66667
 1
 1
 0
 1
 1
 0
 1
 1
 0
 1
 1
 1
 0
 1
 0
 0
 0.40003
 1.33333
 0.35418
 0.39167
 0.9547600000000001
 0.96071
 0.5317499999999999
 0.7164700000000001
 0.6084000000000001
 0.8149
 0.67527
 0.94614
 0.77782
 0.73159
 0.97218
 0.86375
 0.53694
 0.98824
 0.9938900000000001
 0.63544
 0.98737
 0.72411
 0.23961
 0.88086
 0.94555
 0.94203
 0.6875
 0.80697
 0
 0
 0.36788
 0.76169
 0.57635
 0.62092
 0.68876
 0.73369
 0.8218
 0.66733
 0.66796
 0.68671
 0.7482
 0.80876
 0.87098
 0.82719
 0.80503
 0.7521
 0.778
 0.81265
 0.79733
 0.77257
 0.81685
 0.77193
 0.71334
 0.75736
 0.72467
 0.70702
 0.70833
 0.69079
 0
 0
 0.38891
 0.82264
 0.43739
 0.45308
 0.64541
 0.6795
 0.7167
 0.76124
 0.70336
 0.77517
 0.80868
 0.81847
 0.88188
 0.80671
 0.81847
 0.74702
 0.74512
 0.73513
 0.75935
 0.76968
 0.80349
 0.73023
 0.66878
 0.71723
 0.68072
 0.7055900000000001
 0.69387
 0.68285
 0
 0
 1
 1
 1
 1
 1
 1
 1
 1
 1
 1
 1
 1
 1
 1
 1
 1
 1
 1
 1
 1
 1
 1
 1
 1
 1
 1
 1
 1
 0
 0
 0.40003
 1.33333
 0.44667
 0.38009
 0.7347900000000001
 0.8724499999999999
 0.53964
 0.67116
 0.64956
 0.69251
 0.7952399999999999
 0.76008
 0.88735
 0.78894
 0.88946
 0.65267
 0.72575
 0.8539099999999999
 0.89454
 0.79009
 0.88119
 0.56889
 0.61536
 0.81879
 0.74785
 0.74801
 0.87622
 0.29919
 0
 0
 0.36788
 0.75449
 0.60183
 0.61873
 0.8597900000000001
 0.83416
 0.76139
 0.6722
 0.70233
 0.7847499999999999
 0.85248
 0.7965
 0.83932
 0.94662
 0.909
 0.83653
 0.74276
 0.79641
 0.74796
 0.8093
 0.85431
 0.74571
 0.74189
 0.72298
 0.74885
 0.81294
 0.79899
 0.78308
 0
 0
 0
 0
 0
 0
 0
 0
 0
 0
 0
 0
 0
 0
 0
 0
 0
 0
 0
 0
 0
 0
 0
 0
 0
 0
 0
 0
 0
 0
 0
 0
 0
 0
 0
 0
 0
 0
 0
 0
 0
 0
 0
 0
 0
 0
 0
 0
 0
 0
 0
 0
 0
 0
 0
 0
 0
 0
 0
 0
 0
 0
 0
 0
 0
 0
 0
 0
 0
 0
 0
 0
 0
 0
 0
 0
 0
 0
 0
 0
 0
 0
 0
 0
 0
 0
 0
 0
 0
 0
 0
 0
 0
 0
 0
 0
 0
 0
 0
 0
 0
 0
 0
 0
 0
 0
 0
 0
 0
 0
 0
 0
 0
 0
 0
 0
 0
 0
 0
 0
 0
 0
 0
 0
 0
 0
 0
 0
 0
 0
 0
 0
 0
 0
 0
 0
 0
 0
 0
 0
 0
 0
 0
 0
 0
 0
 0
 0
 0
 0
 0
 0
 1
 1
 1
 1
 1
 1
 1
 1
 1
 1
 1
 1
 1
 1
 1
 1
 1
 1
 1
 1
 1
 1
 1
 1
 1
 1
 1
 1
 0
 0
 0
 0
 0
 0
 0
 0
 0
 0
 0
 0
 0
 0
 0
 0
 0
 0
 0
 0
 0
 0
 0
 0
 0
 0
 0
 0
 0
 0
 0
 0
 0
 0
 0
 0
 0
 0
 0
 0
 0
 0
 0
 0
 0
 0
 0
 0
 0
 0
 0
 0
 0
 0
 0
 0
 0
 0
 0
 0


# name: vars
# type: matrix
# ndims: 3
 1 30 19
 0
 0
 0.08058
 0.063402
 0.037118
 0.035697
 0.044819
 0.028686
 0.027433
 0.029852
 0.015917
 0.026489
 0.015961
 0.01563
 0.016111
 0.015965
 0.018438
 0.021627
 0.019153
 0.01152
 0.022039
 0.013236
 0.018142
 0.012782
 0.007771
 0.005206
 0.010593
 0.005111
 0.006867
 0.010085
 0
 0
 0.33333
 0.25
 0
 0.2
 0.3
 0.2
 0.075
 0.075
 0.06389
 0.09722
 0.05
 0.08889
 0.02222
 0.07778
 0.02431
 0.06389
 0.08889
 0.03125
 0.03575
 0.0405
 0.063
 0.0095
 0.008
 0.052
 0.03922
 0.02033
 0.04856
 0.03611
 0
 0
 0
 0
 0
 0
 0
 0
 0
 0
 0
 0
 0
 0
 0
 0
 0
 0
 0
 0
 0
 0
 0
 0
 0
 0
 0
 0
 0
 0
 0
 0
 0.12673
 0.04607
 0.00797
 0.11214
 0.05844
 0.06072
 0.06094
 0.04463
 0.05613
 0.04239
 0.03071
 0.03363
 0.0211
 0.03799
 0.03384
 0.03734
 0.03488
 0.0384
 0.03343
 0.03643
 0.03282
 0.03921
 0.0409
 0.0365
 0.03916
 0.03474
 0.04174
 0.03926
 0
 0
 0
 0
 0
 0
 0
 0
 0
 0
 0
 0
 0
 0
 0
 0
 0
 0
 0
 0
 0
 0
 0
 0
 0
 0
 0
 0
 0
 0
 0
 0
 0
 0
 0
 0
 0
 0
 0
 0
 0
 0
 0
 0
 0
 0
 0
 0
 0
 0
 0
 0
 0
 0
 0
 0
 0
 0
 0
 0
 0
 0
 0
 0
 0
 0
 0
 0
 0
 0
 0
 0
 0
 0
 0
 0
 0
 0
 0
 0
 0
 0
 0
 0
 0
 0
 0
 0
 0
 0
 0
 0
 0.12673
 0.04101
 0.06067
 0.03711
 0.05286
 0.04995
 0.03797
 0.03185
 0.03507
 0.02972
 0.02511
 0.02985
 0.02
 0.03465
 0.02929
 0.04148
 0.03231
 0.04151
 0.03632
 0.036
 0.0382
 0.04204
 0.04856
 0.0441
 0.05154
 0.05041
 0.04257
 0.0531
 0
 0
 0
 0
 0
 0
 0
 0
 0
 0
 0
 0
 0
 0
 0
 0
 0
 0
 0
 0
 0
 0
 0
 0
 0
 0
 0
 0
 0
 0
 0
 0
 0
 0
 0
 0
 0
 0
 0
 0
 0
 0
 0
 0
 0
 0
 0
 0
 0
 0
 0
 0
 0
 0
 0
 0
 0
 0
 0
 0
 0
 0
 0
 0
 0
 0
 0
 0
 0
 0
 0
 0
 0
 0
 0
 0
 0
 0
 0
 0
 0
 0
 0
 0
 0
 0
 0
 0
 0
 0
 0
 0
 0
 0
 0
 0
 0
 0
 0
 0
 0
 0
 0
 0
 0
 0
 0
 0
 0
 0
 0
 0
 0
 0
 0
 0
 0
 0
 0
 0
 0
 0
 0
 0
 0
 0
 0
 0
 0
 0
 0
 0
 0
 0
 0
 0
 0
 0
 0
 0
 0
 0
 0
 0
 0
 0
 0
 0
 0
 0
 0
 0
 0
 0
 0
 0
 0
 0
 0
 0
 0
 0
 0
 0
 0
 0
 0
 0
 0
 0
 0
 0
 0
 0
 0
 0
 0
 0
 0
 0
 0
 0
 0
 0
 0
 0
 0
 0
 0
 0
 0
 0
 0
 0
 0
 0
 0
 0
 0
 0
 0
 0
 0
 0
 0
 0
 0
 0
 0
 0
 0
 0
 0
 0
 0
 0
 0
 0
 0
 0
 0
 0
 0
 0
 0
 0
 0
 0
 0
 0
 0
 0
 0
 0
 0
 0
 0
 0
 0
 0
 0
 0
 0
 0
 0
 0
 0
 0
 0
 0
 0
 0
 0
 0
 0
 0
 0
 0
 0
 0
 0
 0
 0
 0
 0
 0
 0
 0
 0
 0
 0
 0
 0
 0
 0
 0
 0
 0
 0
 0
 0
 0
 0
 0
 0
 0
 0
 0
 0
 0
 0
 0
 0
 0
 0
 0
 0
 0
 0
 0
 0
 0
 0
 0
 0
 0
 0
 0
 0
 0
 0
 0
 0
 0
 0
 0
 0
 0
 0
 0
 0
 0
 0
 0
 0
 0
 0
 0
 0
 0


