# Created by Octave 4.0.0, Sat Nov 21 16:32:08 2015 W. Europe Standard Time <unknown@Florian-PC>
# name: mus
# type: matrix
# ndims: 3
 1 30 19
 0
 0
 0.66667
 0.64141
 0.61772
 0.63384
 0.62155
 0.64541
 0.66162
 0.65641
 0.6180600000000001
 0.63384
 0.55179
 0.5924700000000001
 0.60769
 0.60417
 0.60671
 0.58207
 0.61153
 0.63158
 0.70927
 0.70328
 0.77835
 0.78125
 0.77867
 0.71077
 0.71777
 0.79974
 0.85204
 0.8410300000000001
 0
 0
 0.33333
 0.25
 0.6
 0.9
 0.9
 0.8
 0.9
 0.8
 0.7
 0.93333
 0.93333
 0.8666700000000001
 0.8
 0.8666700000000001
 0.8666700000000001
 0.9
 0.9
 0.85
 0.8
 0.8100000000000001
 0.84
 0.83
 0.76
 0.76667
 0.76667
 0.72
 0.76
 0.76667
 0
 0
 0.54961
 0.56484
 0.6581399999999999
 0.81079
 0.81208
 0.80088
 0.87842
 0.86713
 0.8848
 0.89728
 0.8912099999999999
 0.89031
 0.90922
 0.9243
 0.93044
 0.93355
 0.92606
 0.90141
 0.80765
 0.77845
 0.79259
 0.82633
 0.79611
 0.78804
 0.79801
 0.77077
 0.77371
 0.74805
 0
 0
 0.44446
 0.53474
 0.63112
 0.90143
 0.94562
 0.92405
 0.90149
 0.89396
 0.92937
 0.94721
 0.9537
 0.96778
 0.92499
 0.92754
 0.92927
 0.91928
 0.93231
 0.89085
 0.8631
 0.86814
 0.81691
 0.8258
 0.7904600000000001
 0.82375
 0.80996
 0.78446
 0.76791
 0.80533
 0
 0
 1
 0.25
 0.2
 1
 0.71429
 0.75
 0.88889
 0.8
 0.81818
 1
 0.84615
 0.88889
 0.6
 1
 1
 0
 1
 1
 1
 1
 1
 1
 1
 1
 1
 1
 1
 1
 0
 0
 1.40003
 0.38889
 0.53752
 0.95
 0.8369
 0.80357
 0.86508
 0.79266
 0.86155
 1.01768
 0.89968
 0.91745
 0.79472
 1.04023
 1.03565
 0.65981
 1.00338
 1.0284
 1.00764
 1.01281
 0.8685
 0.83403
 1
 0.97485
 0.7407899999999999
 0.9169
 0.91381
 0.93566
 0
 0
 0.36788
 0.6723
 0.71326
 0.84383
 0.7863
 0.81297
 0.83967
 0.80653
 0.86407
 0.91331
 0.8932600000000001
 0.89697
 0.90704
 0.91684
 0.90074
 0.9157
 0.95001
 0.8747
 0.85188
 0.80914
 0.84343
 0.83565
 0.82613
 0.83068
 0.7982900000000001
 0.79752
 0.78572
 0.82812
 0
 0
 0.44446
 0.57845
 0.5823199999999999
 0.80169
 0.88346
 0.90021
 0.93228
 0.8569600000000001
 0.94445
 0.96041
 0.97779
 0.96892
 0.92948
 0.92894
 0.94448
 0.94291
 0.95416
 0.90488
 0.85553
 0.85693
 0.83425
 0.82407
 0.79357
 0.81146
 0.7821900000000001
 0.78393
 0.75384
 0.79055
 0
 0
 1
 1
 1
 1
 1
 1
 1
 1
 1
 1
 1
 1
 1
 1
 1
 1
 1
 1
 1
 1
 1
 1
 1
 1
 1
 1
 1
 1
 0
 0
 1.40003
 0.44608
 0.57502
 0.72066
 1.08696
 0.86903
 0.8515200000000001
 0.80449
 0.89518
 0.94934
 0.96985
 0.92545
 0.93245
 0.8660099999999999
 1.0402
 0.90141
 0.86673
 0.8026799999999999
 0.82247
 0.82997
 0.85978
 0.81582
 1
 0.60849
 0.59174
 0.98337
 0.9846
 0.7482799999999999
 0
 0
 0.36788
 0.67678
 0.73706
 0.84112
 0.79899
 0.77107
 0.85707
 0.92976
 0.88374
 0.95614
 0.94362
 1.16899
 0.93533
 0.90182
 0.9240699999999999
 1.10091
 0.91853
 0.87507
 0.95163
 0.88298
 0.79043
 0.92098
 0.84833
 0.87414
 0.83224
 0.8077299999999999
 0.79778
 0.79371
 0
 0
 0
 0
 0
 0
 0
 0
 0
 0
 0
 0
 0
 0
 0
 0
 0
 0
 0
 0
 0
 0
 0
 0
 0
 0
 0
 0
 0
 0
 0
 0
 0
 0
 0
 0
 0
 0
 0
 0
 0
 0
 0
 0
 0
 0
 0
 0
 0
 0
 0
 0
 0
 0
 0
 0
 0
 0
 0
 0
 0
 0
 0
 0
 0
 0
 0
 0
 0
 0
 0
 0
 0
 0
 0
 0
 0
 0
 0
 0
 0
 0
 0
 0
 0
 0
 0
 0
 0
 0
 0
 0
 0
 0
 0
 0
 0
 0
 0
 0
 0
 0
 0
 0
 0
 0
 0
 0
 0
 0
 0
 0
 0
 0
 0
 0
 0
 0
 0
 0
 0
 0
 0
 0
 0
 0
 0
 0
 0
 0
 0
 0
 0
 0
 0
 0
 0
 0
 0
 0
 0
 0
 0
 0
 0
 0
 0
 0
 0
 0
 0
 0
 1
 1
 1
 1
 1
 1
 1
 1
 1
 1
 1
 1
 1
 1
 1
 1
 1
 1
 1
 1
 1
 1
 1
 1
 1
 1
 1
 1
 0
 0
 0
 0
 0
 0
 0
 0
 0
 0
 0
 0
 0
 0
 0
 0
 0
 0
 0
 0
 0
 0
 0
 0
 0
 0
 0
 0
 0
 0
 0
 0
 0
 0
 0
 0
 0
 0
 0
 0
 0
 0
 0
 0
 0
 0
 0
 0
 0
 0
 0
 0
 0
 0
 0
 0
 0
 0
 0
 0


# name: vars
# type: matrix
# ndims: 3
 1 30 19
 0
 0
 0.082492
 0.056329
 0.044297
 0.03694
 0.042632
 0.024314
 0.023517
 0.026208
 0.017852
 0.031224
 0.023126
 0.022606
 0.01185
 0.009737000000000001
 0.011342
 0.021934
 0.020354
 0.011447
 0.015343
 0.008900999999999999
 0.008264000000000001
 0.011227
 0.00797
 0.012636
 0.007347
 0.004228
 0.003463
 0.005028
 0
 0
 0.33333
 0.25
 0.3
 0.05
 0.05
 0.2
 0.05
 0.075
 0.2
 0.02222
 0.02222
 0.03333
 0.08889
 0.03333
 0.03333
 0.01875
 0.01875
 0.01875
 0.04375
 0.043
 0.028
 0.0295
 0.028
 0.02889
 0.04889
 0.067
 0.03522
 0.03611
 0
 0
 0
 0
 0
 0
 0
 0
 0
 0
 0
 0
 0
 0
 0
 0
 0
 0
 0
 0
 0
 0
 0
 0
 0
 0
 0
 0
 0
 0
 0
 0
 0.18402
 0.08719
 0.06486
 0.02249
 0.01096
 0.01363
 0.02454
 0.0214
 0.01312
 0.01223
 0.01011
 0.00584
 0.01525
 0.01505
 0.01319
 0.01709
 0.01292
 0.0186
 0.02481
 0.02184
 0.02702
 0.02785
 0.03333
 0.02929
 0.02893
 0.03287
 0.03648
 0.0266
 0
 0
 0
 0
 0
 0
 0
 0
 0
 0
 0
 0
 0
 0
 0
 0
 0
 0
 0
 0
 0
 0
 0
 0
 0
 0
 0
 0
 0
 0
 0
 0
 0
 0
 0
 0
 0
 0
 0
 0
 0
 0
 0
 0
 0
 0
 0
 0
 0
 0
 0
 0
 0
 0
 0
 0
 0
 0
 0
 0
 0
 0
 0
 0
 0
 0
 0
 0
 0
 0
 0
 0
 0
 0
 0
 0
 0
 0
 0
 0
 0
 0
 0
 0
 0
 0
 0
 0
 0
 0
 0
 0
 0.18402
 0.07409
 0.04974
 0.06562
 0.02905
 0.01189
 0.008619999999999999
 0.02217
 0.01009
 0.00797
 0.00417
 0.00771
 0.01215
 0.01384
 0.01097
 0.01047
 0.007849999999999999
 0.01502
 0.02255
 0.02488
 0.02599
 0.02837
 0.02917
 0.02856
 0.04209
 0.03833
 0.04854
 0.04185
 0
 0
 0
 0
 0
 0
 0
 0
 0
 0
 0
 0
 0
 0
 0
 0
 0
 0
 0
 0
 0
 0
 0
 0
 0
 0
 0
 0
 0
 0
 0
 0
 0
 0
 0
 0
 0
 0
 0
 0
 0
 0
 0
 0
 0
 0
 0
 0
 0
 0
 0
 0
 0
 0
 0
 0
 0
 0
 0
 0
 0
 0
 0
 0
 0
 0
 0
 0
 0
 0
 0
 0
 0
 0
 0
 0
 0
 0
 0
 0
 0
 0
 0
 0
 0
 0
 0
 0
 0
 0
 0
 0
 0
 0
 0
 0
 0
 0
 0
 0
 0
 0
 0
 0
 0
 0
 0
 0
 0
 0
 0
 0
 0
 0
 0
 0
 0
 0
 0
 0
 0
 0
 0
 0
 0
 0
 0
 0
 0
 0
 0
 0
 0
 0
 0
 0
 0
 0
 0
 0
 0
 0
 0
 0
 0
 0
 0
 0
 0
 0
 0
 0
 0
 0
 0
 0
 0
 0
 0
 0
 0
 0
 0
 0
 0
 0
 0
 0
 0
 0
 0
 0
 0
 0
 0
 0
 0
 0
 0
 0
 0
 0
 0
 0
 0
 0
 0
 0
 0
 0
 0
 0
 0
 0
 0
 0
 0
 0
 0
 0
 0
 0
 0
 0
 0
 0
 0
 0
 0
 0
 0
 0
 0
 0
 0
 0
 0
 0
 0
 0
 0
 0
 0
 0
 0
 0
 0
 0
 0
 0
 0
 0
 0
 0
 0
 0
 0
 0
 0
 0
 0
 0
 0
 0
 0
 0
 0
 0
 0
 0
 0
 0
 0
 0
 0
 0
 0
 0
 0
 0
 0
 0
 0
 0
 0
 0
 0
 0
 0
 0
 0
 0
 0
 0
 0
 0
 0
 0
 0
 0
 0
 0
 0
 0
 0
 0
 0
 0
 0
 0
 0
 0
 0
 0
 0
 0
 0
 0
 0
 0
 0
 0
 0
 0
 0
 0
 0
 0
 0
 0
 0
 0
 0
 0
 0
 0
 0
 0
 0
 0
 0
 0
 0
 0
 0
 0
 0
 0
 0
 0


