# Created by Octave 4.0.0, Sat Nov 21 16:32:07 2015 W. Europe Standard Time <unknown@Florian-PC>
# name: mus
# type: matrix
# ndims: 3
 1 30 19
 0
 0
 0.42857
 0.52778
 0.67848
 0.59343
 0.71429
 0.5688800000000001
 0.56187
 0.71795
 0.84659
 0.84596
 0.79487
 0.85778
 0.84359
 0.83854
 0.76812
 0.78157
 0.76692
 0.83421
 0.75689
 0.78662
 0.7397
 0.71094
 0.71467
 0.70103
 0.76215
 0.79719
 0.8713
 0.87436
 0
 0
 0.33333
 0
 0.4
 0.1
 0.1
 0.3
 0.4
 0.5
 0.26667
 0.3
 0.43333
 0.33333
 0.4
 0.3
 0.55
 0.71667
 0.78333
 0.6
 0.54
 0.53
 0.58
 0.61
 0.72
 0.74
 0.7
 0.78667
 0.7533300000000001
 0.76667
 0
 0
 0.53693
 -0.66989
 0.55962
 0.47667
 0.5152
 0.52628
 0.51875
 0.61133
 0.48197
 0.56184
 -1.54389
 0.47266
 0.46209
 0.56686
 0.57991
 0.61557
 0.63242
 0.69403
 0.57396
 0.58325
 0.64737
 0.65562
 0.72227
 0.72819
 0.72512
 0.74962
 0.77567
 0.75766
 0
 0
 0.41668
 0.13196
 0.40112
 0.30037
 0.28117
 0.27709
 0.58602
 0.52152
 0.322
 0.22459
 0.3678
 0.3255
 0.42019
 0.50607
 0.57345
 0.68427
 0.66649
 0.60342
 0.61644
 0.61986
 0.61027
 0.6545800000000001
 0.69865
 0.71854
 0.68584
 0.71594
 0.81396
 0.81603
 0
 0
 0.33333
 0
 0.2
 0
 0.14286
 0.125
 0.5555600000000001
 0.4
 0.45455
 0
 0.30769
 0.11111
 0
 0.66667
 0
 0
 1
 1
 0
 1
 0
 1
 0
 1
 0
 0
 1
 1
 0
 0
 0.41667
 0.16668
 0.36251
 0.29585
 0.28155
 0.28304
 0.59722
 0.46875
 0.3678
 0.1793
 0.3838
 0.27077
 0.2934
 0.60795
 0.32755
 0.49507
 0.76074
 0.73202
 0.42202
 0.90239
 0.46402
 0.64542
 0.5104300000000001
 0.875
 0.30212
 0.50005
 0.73529
 1
 0
 0
 0.57859
 0.52352
 0.5979
 0.61724
 0.56843
 0.69725
 0.56238
 0.57722
 0.59072
 0.52084
 0.6007
 0.6071800000000001
 0.60632
 0.63481
 0.63351
 0.7482
 0.72783
 0.71071
 0.70375
 0.77403
 0.72427
 0.7325199999999999
 0.70962
 0.7327900000000001
 0.77496
 0.78406
 0.8474699999999999
 0.83096
 0
 0
 0.41668
 0.11154
 0.38443
 0.42732
 0.3615
 0.43071
 0.54512
 0.5595599999999999
 0.44608
 0.35112
 0.45633
 0.41824
 0.46304
 0.50761
 0.59262
 0.63676
 0.65496
 0.57204
 0.6011300000000001
 0.61055
 0.63847
 0.65942
 0.69865
 0.70317
 0.6654600000000001
 0.69819
 0.78708
 0.77771
 0
 0
 1
 1
 1
 1
 1
 1
 1
 1
 1
 1
 1
 1
 1
 1
 1
 1
 1
 1
 1
 1
 1
 1
 1
 1
 1
 1
 1
 1
 0
 0
 0.41668
 0.16668
 0.38501
 0.36635
 0.32956
 0.36138
 0.47299
 0.53224
 0.40499
 0.28984
 0.39507
 0.36696
 0.48565
 0.46489
 0.62715
 0.70779
 0.65462
 0.5159
 0.70363
 0.65407
 0.51583
 0.64327
 0.45776
 0.89401
 0.86003
 0.9996699999999999
 0.58409
 1
 0
 0
 0.57859
 0.58523
 0.61219
 0.62115
 0.60845
 0.55575
 0.63374
 0.596
 0.60584
 0.52661
 0.64261
 0.64753
 0.63826
 0.82966
 0.61995
 0.70786
 0.6921
 0.75905
 0.68306
 0.81813
 0.87713
 0.8103900000000001
 0.71548
 0.83043
 0.86677
 0.79261
 0.8722299999999999
 0.86592
 0
 0
 0
 0
 0
 0
 0
 0
 0
 0
 0
 0
 0
 0
 0
 0
 0
 0
 0
 0
 0
 0
 0
 0
 0
 0
 0
 0
 0
 0
 0
 0
 0
 0
 0
 0
 0
 0
 0
 0
 0
 0
 0
 0
 0
 0
 0
 0
 0
 0
 0
 0
 0
 0
 0
 0
 0
 0
 0
 0
 0
 0
 0
 0
 0
 0
 0
 0
 0
 0
 0
 0
 0
 0
 0
 0
 0
 0
 0
 0
 0
 0
 0
 0
 0
 0
 0
 0
 0
 0
 0
 0
 0
 0
 0
 0
 0
 0
 0
 0
 0
 0
 0
 0
 0
 0
 0
 0
 0
 0
 0
 0
 0
 0
 0
 0
 0
 0
 0
 0
 0
 0
 0
 0
 0
 0
 0
 0
 0
 0
 0
 0
 0
 0
 0
 0
 0
 0
 0
 0
 0
 0
 0
 0
 0
 0
 0
 0
 0
 0
 0
 0
 1
 1
 1
 1
 1
 1
 1
 1
 1
 1
 1
 1
 1
 1
 1
 1
 1
 1
 1
 1
 1
 1
 1
 1
 1
 1
 1
 1
 0
 0
 0
 0
 0
 0
 0
 0
 0
 0
 0
 0
 0
 0
 0
 0
 0
 0
 0
 0
 0
 0
 0
 0
 0
 0
 0
 0
 0
 0
 0
 0
 0
 0
 0
 0
 0
 0
 0
 0
 0
 0
 0
 0
 0
 0
 0
 0
 0
 0
 0
 0
 0
 0
 0
 0
 0
 0
 0
 0


# name: vars
# type: matrix
# ndims: 3
 1 30 19
 0
 0
 0.093555
 0.061083
 0.043505
 0.033443
 0.03207
 0.023477
 0.030177
 0.016248
 0.009691999999999999
 0.011337
 0.014827
 0.009082
 0.008513
 0.006765
 0.009390000000000001
 0.005019
 0.015117
 0.006959
 0.04079
 0.006875
 0.019014
 0.007284
 0.01117
 0.011833
 0.004611
 0.006358
 0.004286
 0.008547000000000001
 0
 0
 0.33333
 0
 0.3
 0.05
 0.05
 0.2
 0.175
 0
 0.06389
 0.08889
 0.13333
 0.11111
 0.02222
 0.03333
 0.08889
 0.03333
 0.01597
 0.01875
 0.05175
 0.102
 0.07074999999999999
 0.07049999999999999
 0.052
 0.038
 0.05222
 0.01867
 0.02644
 0.02222
 0
 0
 0
 0
 0
 0
 0
 0
 0
 0
 0
 0
 0
 0
 0
 0
 0
 0
 0
 0
 0
 0
 0
 0
 0
 0
 0
 0
 0
 0
 0
 0
 0.20312
 0.00324
 0.09888
 0.01144
 0.03588
 0.03506
 0.0655
 0.05914
 0.03605
 0.02477
 0.04021
 0.03202
 0.0431
 0.05659
 0.04696
 0.04816
 0.04618
 0.04834
 0.04614
 0.04375
 0.0449
 0.04565
 0.03966
 0.03555
 0.04211
 0.03626
 0.02976
 0.02863
 0
 0
 0
 0
 0
 0
 0
 0
 0
 0
 0
 0
 0
 0
 0
 0
 0
 0
 0
 0
 0
 0
 0
 0
 0
 0
 0
 0
 0
 0
 0
 0
 0
 0
 0
 0
 0
 0
 0
 0
 0
 0
 0
 0
 0
 0
 0
 0
 0
 0
 0
 0
 0
 0
 0
 0
 0
 0
 0
 0
 0
 0
 0
 0
 0
 0
 0
 0
 0
 0
 0
 0
 0
 0
 0
 0
 0
 0
 0
 0
 0
 0
 0
 0
 0
 0
 0
 0
 0
 0
 0
 0
 0.20312
 0.00817
 0.05838
 0.0282
 0.02068
 0.0386
 0.03574
 0.03054
 0.03723
 0.03055
 0.03633
 0.04626
 0.04185
 0.05204
 0.05417
 0.05226
 0.05531
 0.0658
 0.05468
 0.05087
 0.05132
 0.05345
 0.04765
 0.04339
 0.04539
 0.05002
 0.0451
 0.04051
 0
 0
 0
 0
 0
 0
 0
 0
 0
 0
 0
 0
 0
 0
 0
 0
 0
 0
 0
 0
 0
 0
 0
 0
 0
 0
 0
 0
 0
 0
 0
 0
 0
 0
 0
 0
 0
 0
 0
 0
 0
 0
 0
 0
 0
 0
 0
 0
 0
 0
 0
 0
 0
 0
 0
 0
 0
 0
 0
 0
 0
 0
 0
 0
 0
 0
 0
 0
 0
 0
 0
 0
 0
 0
 0
 0
 0
 0
 0
 0
 0
 0
 0
 0
 0
 0
 0
 0
 0
 0
 0
 0
 0
 0
 0
 0
 0
 0
 0
 0
 0
 0
 0
 0
 0
 0
 0
 0
 0
 0
 0
 0
 0
 0
 0
 0
 0
 0
 0
 0
 0
 0
 0
 0
 0
 0
 0
 0
 0
 0
 0
 0
 0
 0
 0
 0
 0
 0
 0
 0
 0
 0
 0
 0
 0
 0
 0
 0
 0
 0
 0
 0
 0
 0
 0
 0
 0
 0
 0
 0
 0
 0
 0
 0
 0
 0
 0
 0
 0
 0
 0
 0
 0
 0
 0
 0
 0
 0
 0
 0
 0
 0
 0
 0
 0
 0
 0
 0
 0
 0
 0
 0
 0
 0
 0
 0
 0
 0
 0
 0
 0
 0
 0
 0
 0
 0
 0
 0
 0
 0
 0
 0
 0
 0
 0
 0
 0
 0
 0
 0
 0
 0
 0
 0
 0
 0
 0
 0
 0
 0
 0
 0
 0
 0
 0
 0
 0
 0
 0
 0
 0
 0
 0
 0
 0
 0
 0
 0
 0
 0
 0
 0
 0
 0
 0
 0
 0
 0
 0
 0
 0
 0
 0
 0
 0
 0
 0
 0
 0
 0
 0
 0
 0
 0
 0
 0
 0
 0
 0
 0
 0
 0
 0
 0
 0
 0
 0
 0
 0
 0
 0
 0
 0
 0
 0
 0
 0
 0
 0
 0
 0
 0
 0
 0
 0
 0
 0
 0
 0
 0
 0
 0
 0
 0
 0
 0
 0
 0
 0
 0
 0
 0
 0
 0
 0
 0
 0
 0
 0
 0


