# Created by Octave 4.0.0, Sat Nov 21 16:32:24 2015 W. Europe Standard Time <unknown@Florian-PC>
# name: mus
# type: matrix
# ndims: 3
 1 30 19
 0
 0
 0.51378
 0.49747
 0.52658
 0.51389
 0.51629
 0.50765
 0.5031600000000001
 0.52051
 0.51641
 0.51768
 0.51308
 0.51722
 0.5153799999999999
 0.51823
 0.5692
 0.55682
 0.65915
 0.64737
 0.66667
 0.6654
 0.65246
 0.67708
 0.69067
 0.63795
 0.54606
 0.70281
 0.64572
 0.62308
 0
 0
 0.33333
 1
 0.8
 0.8
 1
 1
 1
 1
 1
 1
 1
 1
 0.93333
 0.93333
 0.8666700000000001
 0.95
 0.8
 0.8
 0.8
 0.8100000000000001
 0.79
 0.92
 0.88
 0.84667
 0.84667
 0.8666700000000001
 0.82667
 0.83333
 0
 0
 0.6463100000000001
 0.84982
 0.77817
 0.90413
 0.9462699999999999
 0.93667
 0.96468
 0.96265
 0.9745
 0.97392
 0.99105
 0.97894
 0.9694
 0.995
 0.85286
 0.89206
 0.87561
 0.89073
 0.91174
 0.89823
 0.93834
 0.9121899999999999
 0.93119
 0.91557
 0.86787
 0.87676
 0.88472
 0.8953
 0
 0
 0.11492
 0.86295
 0.74257
 0.85118
 0.95944
 0.97399
 0.97244
 0.9678600000000001
 0.97053
 0.97862
 0.98041
 0.97937
 0.97971
 0.981
 0.86115
 0.88958
 0.8355
 0.8635699999999999
 0.8926500000000001
 0.89799
 0.91317
 0.91105
 0.91207
 0.88532
 0.88192
 0.86682
 0.84853
 0.8690600000000001
 0
 0
 0.66667
 1
 1
 1
 1
 1
 1
 1
 1
 1
 1
 1
 1
 1
 1
 0
 1
 0
 1
 1
 1
 1
 1
 1
 1
 1
 1
 0
 0
 0
 0.57795
 0.95459
 0.93956
 0.96561
 0.98475
 0.98442
 0.84502
 0.99403
 0.98075
 0.98856
 0.99392
 0.98297
 0.98726
 0.98895
 0.86456
 0.79418
 0.87168
 0.72029
 0.87956
 0.89395
 0.87945
 0.90354
 0.93606
 0.8894
 0.86555
 0.84329
 0.94045
 0.80786
 0
 0
 0.78929
 0.67511
 0.84339
 0.85027
 0.87396
 0.9075
 0.9498799999999999
 0.91595
 0.93866
 0.9545400000000001
 0.96538
 0.96139
 0.97258
 0.9769
 0.88515
 0.89791
 0.89347
 0.90302
 0.86918
 0.91551
 0.9003
 0.90876
 0.9043
 0.89035
 0.88063
 0.85205
 0.88504
 0.83843
 0
 0
 0.16742
 0.78744
 0.74884
 0.84543
 0.90576
 0.9424400000000001
 0.93441
 0.92171
 0.9228
 0.92991
 0.94141
 0.9339499999999999
 0.94011
 0.94837
 0.82339
 0.84698
 0.81437
 0.81475
 0.83609
 0.85254
 0.86361
 0.8624000000000001
 0.87204
 0.85132
 0.83831
 0.82611
 0.80135
 0.81953
 0
 0
 0.93774
 0.90601
 0.90004
 0.92519
 0.95397
 0.93871
 0.90351
 0.93702
 0.91709
 0.93552
 0.92059
 0.9202900000000001
 0.9225
 0.91246
 0.89982
 0.91207
 0.90295
 0.90555
 0.90146
 0.89775
 0.89145
 0.9004799999999999
 0.90243
 0.90733
 0.90544
 0.90887
 0.90613
 0.89083
 0
 0
 0.74068
 0.95634
 0.92158
 0.96759
 0.98009
 0.9846200000000001
 0.99402
 0.9827399999999999
 0.92127
 0.98408
 0.99165
 0.99254
 0.97955
 0.99592
 0.83482
 0.8842100000000001
 0.84274
 0.8629
 0.88292
 0.44159
 0.90963
 0.9177
 0.91504
 0.88972
 0.88092
 0.86051
 0.82522
 0.85332
 0
 0
 0.78929
 0.67496
 0.85281
 0.85711
 0.8874
 0.87608
 0.92149
 0.90969
 0.97248
 0.98371
 0.88881
 0.98568
 0.90724
 0.91589
 0.85828
 0.89031
 0.864
 0.87173
 0.92769
 0.88253
 0.92291
 0.9049
 0.89394
 0.8876500000000001
 0.64827
 0.94064
 0.89085
 0.84138
 0
 0
 0
 0
 0
 0
 0
 0
 0
 0
 0
 0
 0
 0
 0
 0
 0
 0
 0
 0
 0
 0
 0
 0
 0
 0
 0
 0
 0
 0
 0
 0
 0
 0
 0
 0
 0
 0
 0
 0
 0
 0
 0
 0
 0
 0
 0
 0
 0
 0
 0
 0
 0
 0
 0
 0
 0
 0
 0
 0
 0
 0
 0
 0
 0
 0
 0
 0
 0
 0
 0
 0
 0
 0
 0
 0
 0
 0
 0
 0
 0
 0
 0
 0
 0
 0
 0
 0
 0
 0
 0
 0
 0
 0
 0
 0
 0
 0
 0
 0
 0
 0
 0
 0
 0
 0
 0
 0
 0
 0
 0
 0
 0
 0
 0
 0
 0
 0
 0
 0
 0
 0
 0
 0
 0
 0
 0
 0
 0
 0
 0
 0
 0
 0
 0
 0
 0
 0
 0
 0
 0
 0
 0
 0
 0
 0
 0
 0
 0
 0
 0
 0
 0.83709
 0.9063600000000001
 0.88226
 0.91368
 0.90829
 0.91726
 0.9013
 0.9252899999999999
 0.92352
 0.93121
 0.92371
 0.93159
 0.92696
 0.90623
 0.91517
 0.9120200000000001
 0.90955
 0.91543
 0.90635
 0.90419
 0.90405
 0.90311
 0.8946499999999999
 0.90507
 0.90764
 0.90027
 0.89554
 0.90805
 0
 0
 0
 0
 0
 0
 0
 0
 0
 0
 0
 0
 0
 0
 0
 0
 0
 0
 0
 0
 0
 0
 0
 0
 0
 0
 0
 0
 0
 0
 0
 0
 0
 0
 0
 0
 0
 0
 0
 0
 0
 0
 0
 0
 0
 0
 0
 0
 0
 0
 0
 0
 0
 0
 0
 0
 0
 0
 0
 0


