# Created by Octave 4.0.0, Sat Nov 21 16:32:23 2015 W. Europe Standard Time <unknown@Florian-PC>
# name: mus
# type: matrix
# ndims: 3
 1 30 19
 0
 0
 0.6817
 0.49747
 0.44051
 0.51768
 0.53383
 0.54082
 0.53914
 0.5359
 0.53851
 0.53535
 0.53795
 0.53125
 0.6705100000000001
 0.78906
 0.77778
 0.73864
 0.7869699999999999
 0.78684
 0.80201
 0.78409
 0.79795
 0.78516
 0.78933
 0.79077
 0.7918500000000001
 0.87883
 0.8872100000000001
 0.88718
 0
 0
 0.66667
 1
 1
 0.9
 0.7
 0.9
 0.8
 1
 0.9
 1
 1
 1
 0.93333
 0.8
 0.8666700000000001
 0.85
 0.7
 0.9
 0.8
 0.8
 0.77
 0.8
 0.76
 0.82
 0.73333
 0.78667
 0.79333
 0.8
 0
 0
 0.68394
 0.84074
 0.94311
 0.92045
 0.89149
 0.78376
 0.86367
 0.9049700000000001
 0.90664
 0.91399
 0.92721
 0.97977
 0.89751
 0.83869
 0.84009
 0.79567
 0.8097
 0.8581800000000001
 0.84507
 0.88127
 0.88326
 0.85483
 0.9123599999999999
 0.91389
 0.9212399999999999
 0.87751
 0.87868
 0.89439
 0
 0
 0.72009
 0.77088
 0.82939
 0.86241
 0.75823
 0.77466
 0.82
 0.851
 0.85906
 0.90319
 0.8886500000000001
 0.9364
 0.85428
 0.73866
 0.74899
 0.69725
 0.71909
 0.73094
 0.74085
 0.74979
 0.76635
 0.7754799999999999
 0.79296
 0.79338
 0.80001
 0.77323
 0.77973
 0.77491
 0
 0
 0.33333
 1
 1
 1
 0.85714
 1
 0.88889
 1
 1
 1
 1
 1
 1
 0.66667
 1
 1
 1
 1
 1
 1
 1
 1
 1
 1
 1
 1
 1
 1
 0
 0
 0.33333
 0.78825
 0.82373
 0.79569
 0.8478599999999999
 0.80868
 0.89406
 0.83369
 0.93681
 0.84158
 0.83068
 0.92321
 0.79583
 0.76457
 0.72724
 0.65732
 0.7615499999999999
 0.66708
 0.7005400000000001
 0.66159
 0.75802
 0.7330100000000001
 0.7568
 0.77772
 0.7839699999999999
 0.71811
 0.74677
 0.7323499999999999
 0
 0
 0.57859
 0.76253
 0.73388
 0.84839
 0.76729
 0.86097
 0.85377
 0.86207
 0.869
 0.89975
 0.87922
 0.91135
 0.86869
 0.79966
 0.81179
 0.76673
 0.7769
 0.79591
 0.77315
 0.751
 0.80408
 0.85181
 0.80267
 0.85129
 0.83653
 0.79092
 0.90963
 0.8894300000000001
 0
 0
 0.71892
 0.6491
 0.79802
 0.8682299999999999
 0.80233
 0.80436
 0.83425
 0.85862
 0.85219
 0.87982
 0.8783
 0.92053
 0.8529600000000001
 0.74048
 0.73802
 0.68607
 0.70445
 0.71366
 0.73702
 0.7516699999999999
 0.7747000000000001
 0.79225
 0.80658
 0.81713
 0.8159999999999999
 0.78551
 0.79113
 0.78345
 0
 0
 0.99983
 1
 1
 1
 1
 1
 1
 1
 1
 0.99993
 0.98908
 0.98575
 0.98099
 0.98081
 0.97171
 0.9739
 0.96333
 0.95774
 0.95918
 0.96304
 0.95323
 0.95549
 0.96067
 0.95362
 0.9578100000000001
 0.95452
 0.94518
 0.94754
 0
 0
 0.33333
 0.571
 0.82924
 0.82483
 0.79554
 0.81309
 0.8509
 0.89239
 0.87718
 0.90242
 0.9350000000000001
 0.98217
 0.82101
 0.71806
 0.81107
 0.70234
 0.67914
 0.70034
 0.74263
 0.7250799999999999
 0.74874
 0.7654
 0.78377
 0.87368
 0.80433
 0.75491
 0.77849
 0.84008
 0
 0
 0.57859
 0.73839
 0.73583
 0.80498
 0.77957
 0.84853
 0.77083
 0.93873
 0.8733300000000001
 0.86134
 0.85875
 0.91113
 0.83682
 0.786
 0.78393
 0.81589
 0.77689
 0.7708700000000001
 0.83624
 0.88756
 0.79645
 0.78396
 0.81863
 0.82504
 0.8227
 0.8035099999999999
 0.79727
 0.82722
 0
 0
 0
 0
 0
 0
 0
 0
 0
 0
 0
 0
 0
 0
 0
 0
 0
 0
 0
 0
 0
 0
 0
 0
 0
 0
 0
 0
 0
 0
 0
 0
 0
 0
 0
 0
 0
 0
 0
 0
 0
 0
 0
 0
 0
 0
 0
 0
 0
 0
 0
 0
 0
 0
 0
 0
 0
 0
 0
 0
 0
 0
 0
 0
 0
 0
 0
 0
 0
 0
 0
 0
 0
 0
 0
 0
 0
 0
 0
 0
 0
 0
 0
 0
 0
 0
 0
 0
 0
 0
 0
 0
 0
 0
 0
 0
 0
 0
 0
 0
 0
 0
 0
 0
 0
 0
 0
 0
 0
 0
 0
 0
 0
 0
 0
 0
 0
 0
 0
 0
 0
 0
 0
 0
 0
 0
 0
 0
 0
 0
 0
 0
 0
 0
 0
 0
 0
 0
 0
 0
 0
 0
 0
 0
 0
 0
 0
 0
 0
 0
 0
 0
 0.99999
 1
 1
 1
 1
 1
 0.99998
 1
 1
 0.99823
 0.99659
 0.98412
 0.97707
 0.97445
 0.96658
 0.97202
 0.96229
 0.95474
 0.96173
 0.96288
 0.95788
 0.95964
 0.96019
 0.95075
 0.94464
 0.95107
 0.95985
 0.9535400000000001
 0
 0
 0
 0
 0
 0
 0
 0
 0
 0
 0
 0
 0
 0
 0
 0
 0
 0
 0
 0
 0
 0
 0
 0
 0
 0
 0
 0
 0
 0
 0
 0
 0
 0
 0
 0
 0
 0
 0
 0
 0
 0
 0
 0
 0
 0
 0
 0
 0
 0
 0
 0
 0
 0
 0
 0
 0
 0
 0
 0


