# Created by Octave 4.0.0, Sat Nov 21 16:32:01 2015 W. Europe Standard Time <unknown@Florian-PC>
# name: mus
# type: matrix
# ndims: 3
 1 30 19
 0
 0
 0.49875
 0.49495
 0.66835
 0.62247
 0.61905
 0.61224
 0.60985
 0.62051
 0.65025
 0.66414
 0.66103
 0.66199
 0.6974399999999999
 0.6875
 0.69565
 0.67298
 0.77193
 0.8
 0.8045099999999999
 0.78914
 0.8312
 0.83464
 0.83467
 0.83282
 0.83357
 0.84566
 0.8486900000000001
 0.84872
 0
 0
 1
 1
 0.8
 0.6
 0.8
 0.7
 0.7
 0.8
 0.8666700000000001
 0.8
 0.8666700000000001
 0.73333
 0.8
 0.8
 0.83333
 0.7
 0.7
 0.7
 0.71
 0.76
 0.83
 0.92
 0.88
 0.88
 0.89333
 0.92667
 0.8666700000000001
 0.8
 0
 0
 1
 1
 0.69675
 0.5847
 0.65785
 0.68573
 0.67509
 0.73489
 0.84356
 0.66644
 0.73219
 0.76358
 0.80063
 0.78781
 0.78987
 0.84133
 0.75327
 0.84538
 0.81482
 0.84761
 0.85083
 0.8754999999999999
 0.88008
 0.8628400000000001
 0.89793
 0.91085
 0.85712
 0.87243
 0
 0
 1
 1
 0.69722
 0.46606
 0.58899
 0.63723
 0.68476
 0.71891
 0.76113
 0.60861
 0.66291
 0.69675
 0.68407
 0.67365
 0.70008
 0.7125899999999999
 0.6983
 0.71921
 0.73417
 0.75731
 0.7715
 0.79277
 0.79439
 0.79971
 0.80607
 0.81615
 0.78181
 0.78052
 0
 0
 1
 1
 0.8
 0.66667
 1
 0.875
 0.88889
 0.9
 0.81818
 0.58333
 0.69231
 0.77778
 0.6
 0.66667
 0.5
 0
 1
 1
 1
 0
 1
 1
 1
 1
 1
 1
 1
 1
 0
 0
 1
 1
 0.67164
 0.48758
 0.65779
 0.62605
 0.69271
 0.7615
 0.77872
 0.59322
 0.63618
 0.72643
 0.7228
 0.64376
 0.68192
 0.65179
 0.68645
 0.65695
 0.6805099999999999
 0.7056
 0.72327
 0.85977
 0.915
 0.76271
 0.7582100000000001
 0.82839
 0.9119699999999999
 0.80311
 0
 0
 1
 1
 0.72604
 0.59851
 0.67514
 0.64577
 0.67037
 0.7779199999999999
 0.7776999999999999
 0.70187
 0.76669
 0.7688
 0.73841
 0.7751
 0.75135
 0.78654
 0.77794
 0.7506699999999999
 0.83841
 0.8065600000000001
 0.79559
 0.82721
 0.81939
 0.82636
 0.92591
 0.84975
 0.83156
 0.82994
 0
 0
 1
 1
 0.66269
 0.41593
 0.54956
 0.59226
 0.65371
 0.71761
 0.7458
 0.64374
 0.6787
 0.72401
 0.69098
 0.69058
 0.71571
 0.73736
 0.71946
 0.7263500000000001
 0.75025
 0.77373
 0.77882
 0.81448
 0.81116
 0.81623
 0.82682
 0.8431
 0.79718
 0.80671
 0
 0
 1
 1
 1
 1
 1
 1
 1
 1
 1
 0.99713
 0.99317
 0.98604
 0.98004
 0.97663
 0.9696900000000001
 0.96535
 0.97242
 0.96836
 0.9594200000000001
 0.96638
 0.96997
 0.96448
 0.95257
 0.94421
 0.95261
 0.95366
 0.94338
 0.95172
 0
 0
 1
 1
 0.6123
 0.45608
 0.52233
 0.67488
 0.64053
 0.69295
 0.77816
 0.61404
 0.77274
 0.68887
 0.7523
 0.70857
 0.71013
 0.70858
 0.69056
 0.76849
 0.82331
 0.78981
 0.74039
 0.78914
 0.7912
 0.81737
 0.82885
 0.83006
 0.8949
 0.78933
 0
 0
 1
 1
 0.7269600000000001
 0.59789
 0.67071
 0.61482
 0.6489200000000001
 0.74646
 0.72693
 0.7014899999999999
 0.71222
 0.72378
 0.71698
 0.72636
 0.75078
 0.77291
 0.80047
 0.76406
 0.78851
 0.79189
 0.82806
 0.81328
 0.79911
 0.81687
 0.82658
 0.8488599999999999
 0.80722
 0.88036
 0
 0
 0
 0
 0
 0
 0
 0
 0
 0
 0
 0
 0
 0
 0
 0
 0
 0
 0
 0
 0
 0
 0
 0
 0
 0
 0
 0
 0
 0
 0
 0
 0
 0
 0
 0
 0
 0
 0
 0
 0
 0
 0
 0
 0
 0
 0
 0
 0
 0
 0
 0
 0
 0
 0
 0
 0
 0
 0
 0
 0
 0
 0
 0
 0
 0
 0
 0
 0
 0
 0
 0
 0
 0
 0
 0
 0
 0
 0
 0
 0
 0
 0
 0
 0
 0
 0
 0
 0
 0
 0
 0
 0
 0
 0
 0
 0
 0
 0
 0
 0
 0
 0
 0
 0
 0
 0
 0
 0
 0
 0
 0
 0
 0
 0
 0
 0
 0
 0
 0
 0
 0
 0
 0
 0
 0
 0
 0
 0
 0
 0
 0
 0
 0
 0
 0
 0
 0
 0
 0
 0
 0
 0
 0
 0
 0
 0
 0
 0
 0
 0
 0
 0.99998
 1
 1
 1
 1
 1
 1
 1
 0.99995
 0.99908
 0.99746
 0.98691
 0.9804
 0.9741
 0.96261
 0.96692
 0.97457
 0.9661999999999999
 0.96404
 0.96852
 0.95457
 0.9555399999999999
 0.96286
 0.95678
 0.96154
 0.9472699999999999
 0.9444900000000001
 0.94546
 0
 0
 0
 0
 0
 0
 0
 0
 0
 0
 0
 0
 0
 0
 0
 0
 0
 0
 0
 0
 0
 0
 0
 0
 0
 0
 0
 0
 0
 0
 0
 0
 0
 0
 0
 0
 0
 0
 0
 0
 0
 0
 0
 0
 0
 0
 0
 0
 0
 0
 0
 0
 0
 0
 0
 0
 0
 0
 0
 0


# name: vars
# type: matrix
# ndims: 3
 1 30 19
 0
 0
 0.090276
 0.068852
 0.048088
 0.041714
 0.042517
 0.02555
 0.025192
 0.021147
 0.023237
 0.015401
 0.019073
 0.016296
 0.012526
 0.013927
 0.011844
 0.018514
 0.008957
 0.010833
 0.007532
 0.0057
 0.00966
 0.007435
 0.003855
 0.002286
 0.007325
 0.002532
 0.002688
 0.006595
 0
 0
 0
 0
 0.2
 0.3
 0.2
 0.2
 0.2
 0.2
 0.08889
 0.075
 0.03333
 0.07778
 0.03333
 0.03333
 0.02431
 0.05764
 0.075
 0.04375
 0.0455
 0.03175
 0.0295
 0.032
 0.012
 0.012
 0.00967
 0.01022
 0.01944
 0.03333
 0
 0
 0
 0
 0
 0
 0
 0
 0
 0
 0
 0
 0
 0
 0
 0
 0
 0
 0
 0
 0
 0
 0
 0
 0
 0
 0
 0
 0
 0
 0
 0
 0
 0
 0.021832
 0.021817
 0.018782
 0.015199
 0.01148
 0.006388
 0.006728
 0.007596
 0.006822
 0.005248
 0.004241
 0.004936
 0.004968
 0.00372
 0.003671
 0.003309
 0.003518
 0.003661
 0.003774
 0.00471
 0.004083
 0.003915
 0.004047
 0.003905
 0.003756
 0.002873
 0
 0
 5.0397e-011
 7.9273e-009
 4.0086e-016
 3.7823e-031
 2.0774e-020
 8.4129e-029
 1.9044e-031
 4.0165e-030
 6.674800000000001e-030
 1.4137e-030
 1.4049e-027
 4.1396e-015
 7.3135e-006
 0.00024264
 2.7663e-008
 9.8908e-006
 4.9084e-005
 4.3213e-005
 2.9976e-005
 1.6486e-005
 2.9891e-006
 3.3818e-010
 0.00019078
 0.00014299
 5.5143e-011
 0.00018975
 3.2079e-005
 5.135e-010
 0
 0
 0
 0
 0
 0
 0
 0
 0
 0
 0
 0
 0
 0
 0
 0
 0
 0
 0
 0
 0
 0
 0
 0
 0
 0
 0
 0
 0
 0
 0
 0
 0
 0
 0
 0
 0
 0
 0
 0
 0
 0
 0
 0
 0
 0
 0
 0
 0
 0
 0
 0
 0
 0
 0
 0
 0
 0
 0
 0
 0
 0
 0
 0
 0.025123
 0.019841
 0.020877
 0.023603
 0.018619
 0.011789
 0.01629
 0.014893
 0.013588
 0.012175
 0.011692
 0.010374
 0.009375
 0.007547
 0.008326
 0.00979
 0.008805
 0.008137999999999999
 0.014694
 0.008668
 0.010366
 0.008793
 0.009088000000000001
 0.005667
 0.008737999999999999
 0.006935
 0
 0
 0
 0
 0
 0
 0
 0
 0
 0
 0
 0.000428
 0.002379
 0.003386
 0.004699
 0.006906
 0.005389
 0.008026
 0.005559
 0.008381
 0.009169999999999999
 0.006807
 0.005208
 0.007861999999999999
 0.011688
 0.013274
 0.010781
 0.009381
 0.013169
 0.010291
 0
 0
 0
 0
 0
 0
 0
 0
 0
 0
 0
 0
 0
 0
 0
 0
 0
 0
 0
 0
 0
 0
 0
 0
 0
 0
 0
 0
 0
 0
 0
 0
 0
 0
 0
 0
 0
 0
 0
 0
 0
 0
 0
 0
 0
 0
 0
 0
 0
 0
 0
 0
 0
 0
 0
 0
 0
 0
 0
 0
 0
 0
 0
 0
 0
 0
 0
 0
 0
 0
 0
 0
 0
 0
 0
 0
 0
 0
 0
 0
 0
 0
 0
 0
 0
 0
 0
 0
 0
 0
 0
 0
 0
 0
 0
 0
 0
 0
 0
 0
 0
 0
 0
 0
 0
 0
 0
 0
 0
 0
 0
 0
 0
 0
 0
 0
 0
 0
 0
 0
 0
 0
 0
 0
 0
 0
 0
 0
 0
 0
 0
 0
 0
 0
 0
 0
 0
 0
 0
 0
 0
 0
 0
 0
 0
 0
 0
 0
 0
 0
 0
 0
 0
 0
 0
 0
 0
 0
 0
 0
 0
 0
 0
 0
 0
 0
 0
 0
 0
 0
 0
 0
 0
 0
 0
 0
 0
 0
 0
 0
 0
 0
 0
 0
 0
 0
 0
 0
 0
 0
 0
 0
 0
 0
 0
 0
 0
 0
 0
 0
 0
 0
 0
 0
 0
 0
 0
 0
 0
 0
 0
 0
 0
 0
 0
 0
 0
 0
 0
 0
 0
 8.4e-005
 0.00035
 0.002833
 0.004218
 0.006985
 0.007649
 0.009391999999999999
 0.004681
 0.00749
 0.009209999999999999
 0.006311
 0.011724
 0.009575
 0.008187
 0.009826
 0.007288
 0.012785
 0.011938
 0.011676
 0
 0
 0
 0
 0
 0
 0
 0
 0
 0
 0
 0
 0
 0
 0
 0
 0
 0
 0
 0
 0
 0
 0
 0
 0
 0
 0
 0
 0
 0
 0
 0
 0
 0
 0
 0
 0
 0
 0
 0
 0
 0
 0
 0
 0
 0
 0
 0
 0
 0
 0
 0
 0
 0
 0
 0
 0
 0
 0
 0


