# Created by Octave 4.0.0, Sat Nov 21 16:32:25 2015 W. Europe Standard Time <unknown@Florian-PC>
# name: mus
# type: matrix
# ndims: 3
 1 30 19
 0
 0
 0.63659
 0.52778
 0.51646
 0.5202
 0.52632
 0.52551
 0.52462
 0.53077
 0.52652
 0.52525
 0.58846
 0.58865
 0.5859
 0.58854
 0.73998
 0.75379
 0.77945
 0.76579
 0.75439
 0.73359
 0.73373
 0.76562
 0.77333
 0.78205
 0.77537
 0.76913
 0.77569
 0.78718
 0
 0
 0.33333
 1
 1
 1
 0.8
 1
 1
 1
 1
 1
 0.93333
 0.93333
 0.93333
 0.93333
 0.81667
 0.83333
 0.8
 0.8
 0.91
 0.9
 0.92
 0.95
 0.96
 0.92667
 0.92
 0.93333
 0.89333
 0.9
 0
 0
 0.5936399999999999
 0.85041
 0.8946499999999999
 0.90413
 0.92625
 0.92378
 0.92528
 0.91526
 0.91699
 0.96262
 0.89479
 0.92428
 0.92455
 0.9314
 0.8643
 0.87082
 0.89745
 0.89968
 0.9336100000000001
 0.92862
 0.91888
 0.9359499999999999
 0.91216
 0.93796
 0.93714
 0.94881
 0.92491
 0.9317299999999999
 0
 0
 0.21863
 0.8759
 0.86407
 0.84993
 0.8769
 0.93438
 0.95631
 0.96617
 0.95663
 0.9641999999999999
 0.91589
 0.92254
 0.9272899999999999
 0.9358
 0.8398
 0.8480799999999999
 0.88828
 0.89158
 0.9004
 0.90806
 0.9137
 0.90595
 0.91277
 0.90686
 0.91912
 0.90626
 0.91077
 0.89722
 0
 0
 0.33333
 1
 1
 1
 0.85714
 1
 1
 1
 1
 1
 0.84615
 0.88889
 0.8
 1
 1
 1
 1
 1
 1
 0
 1
 0
 1
 1
 1
 1
 1
 1
 0
 0
 0.35426
 0.42041
 0.9079700000000001
 0.95669
 0.84685
 0.98655
 0.96065
 0.97687
 0.97262
 0.86778
 0.8904300000000001
 0.9097
 0.90124
 0.9406099999999999
 0.84584
 0.80694
 0.85617
 0.89313
 0.90991
 0.83394
 0.91412
 0.83009
 0.90831
 0.88855
 0.93996
 0.94111
 0.90272
 0.9085
 0
 0
 0.78929
 0.79033
 0.88552
 0.86044
 0.88364
 0.90011
 0.91439
 0.87841
 0.96288
 0.94018
 0.89415
 0.87134
 0.92262
 0.94511
 0.89621
 0.9077499999999999
 0.90624
 0.89847
 0.94159
 0.89596
 0.9049700000000001
 0.86805
 0.84651
 0.94107
 0.93043
 0.91517
 0.91982
 0.92352
 0
 0
 0.21316
 0.84843
 0.78898
 0.81702
 0.87701
 0.9087
 0.90445
 0.91737
 0.88304
 0.88376
 0.8722299999999999
 0.86458
 0.86335
 0.89238
 0.8075
 0.8212
 0.82225
 0.83269
 0.85572
 0.85137
 0.85854
 0.84897
 0.85019
 0.85748
 0.87188
 0.86264
 0.86178
 0.87492
 0
 0
 0.98272
 0.89856
 0.94767
 0.92056
 0.94921
 0.91677
 0.92266
 0.91323
 0.91521
 0.9303
 0.91493
 0.914
 0.91918
 0.91694
 0.88879
 0.91207
 0.90815
 0.90539
 0.90072
 0.90904
 0.90047
 0.89091
 0.9008699999999999
 0.90404
 0.89589
 0.90197
 0.9075
 0.90505
 0
 0
 0.36033
 0.71131
 0.8826000000000001
 0.92539
 0.87944
 0.98485
 0.98483
 0.93831
 0.93104
 0.9796
 0.92799
 0.94255
 0.9558
 0.94854
 0.86213
 0.8565
 0.9191
 0.9031
 0.91381
 0.9039
 0.91728
 0.90381
 0.88431
 0.92045
 0.91422
 0.91238
 0.90496
 0.60354
 0
 0
 0.78929
 0.76573
 0.88515
 0.82636
 0.88583
 0.91691
 0.93088
 0.85347
 0.97275
 0.94569
 0.60026
 0.85743
 0.9466
 0.87442
 0.85734
 0.9091900000000001
 0.86289
 0.9206
 0.87685
 0.89318
 0.95158
 0.8872100000000001
 0.87568
 0.89383
 0.94702
 0.98716
 0.9226799999999999
 0.91112
 0
 0
 0
 0
 0
 0
 0
 0
 0
 0
 0
 0
 0
 0
 0
 0
 0
 0
 0
 0
 0
 0
 0
 0
 0
 0
 0
 0
 0
 0
 0
 0
 0
 0
 0
 0
 0
 0
 0
 0
 0
 0
 0
 0
 0
 0
 0
 0
 0
 0
 0
 0
 0
 0
 0
 0
 0
 0
 0
 0
 0
 0
 0
 0
 0
 0
 0
 0
 0
 0
 0
 0
 0
 0
 0
 0
 0
 0
 0
 0
 0
 0
 0
 0
 0
 0
 0
 0
 0
 0
 0
 0
 0
 0
 0
 0
 0
 0
 0
 0
 0
 0
 0
 0
 0
 0
 0
 0
 0
 0
 0
 0
 0
 0
 0
 0
 0
 0
 0
 0
 0
 0
 0
 0
 0
 0
 0
 0
 0
 0
 0
 0
 0
 0
 0
 0
 0
 0
 0
 0
 0
 0
 0
 0
 0
 0
 0
 0
 0
 0
 0
 0
 0.93647
 0.92366
 0.92184
 0.90451
 0.92897
 0.91055
 0.91255
 0.92637
 0.92049
 0.91701
 0.93305
 0.92853
 0.91904
 0.9052
 0.89886
 0.88922
 0.90529
 0.90232
 0.90202
 0.9039199999999999
 0.91116
 0.90588
 0.90342
 0.90491
 0.90255
 0.90742
 0.90272
 0.90027
 0
 0
 0
 0
 0
 0
 0
 0
 0
 0
 0
 0
 0
 0
 0
 0
 0
 0
 0
 0
 0
 0
 0
 0
 0
 0
 0
 0
 0
 0
 0
 0
 0
 0
 0
 0
 0
 0
 0
 0
 0
 0
 0
 0
 0
 0
 0
 0
 0
 0
 0
 0
 0
 0
 0
 0
 0
 0
 0
 0


# name: vars
# type: matrix
# ndims: 3
 1 30 19
 0
 0
 0.079897
 0.055981
 0.048828
 0.032919
 0.027083
 0.031237
 0.033205
 0.020081
 0.024956
 0.012363
 0.013788
 0.013026
 0.015838
 0.017635
 0.013639
 0.010163
 0.011252
 0.008904
 0.018963
 0.008253
 0.009396
 0.005064
 0.005181
 0.011553
 0.009194000000000001
 0.005615
 0.004571
 0.006952
 0
 0
 0.33333
 0
 0
 0
 0.2
 0
 0
 0
 0
 0
 0.02222
 0.02222
 0.02222
 0.02222
 0.02917
 0.02431
 0.04375
 0.04375
 0.0155
 0.01875
 0.012
 0.0125
 0.008
 0.01022
 0.012
 0.008330000000000001
 0.00967
 0.008330000000000001
 0
 0
 0
 0
 0
 0
 0
 0
 0
 0
 0
 0
 0
 0
 0
 0
 0
 0
 0
 0
 0
 0
 0
 0
 0
 0
 0
 0
 0
 0
 0
 0
 0.1388
 0.01003
 0.01223
 0.0455
 0.03244
 0.01392
 0.00372
 0.00284
 0.00273
 0.00171
 0.00635
 0.00538
 0.00335
 0.003
 0.00876
 0.00543
 0.00477
 0.00429
 0.00414
 0.00343
 0.00301
 0.00267
 0.00285
 0.0026
 0.00157
 0.00227
 0.0022
 0.002
 0
 0
 0.022448
 0.013465
 0.008461
 0.012896
 0.0133
 0.014045
 0.014373
 0.010024
 0.011611
 0.015885
 0.014479
 0.013417
 0.011806
 0.011073
 0.01297
 0.011706
 0.013004
 0.012521
 0.011033
 0.012659
 0.011323
 0.011981
 0.013242
 0.012121
 0.012226
 0.01371
 0.013485
 0.013702
 0
 0
 0
 0
 0
 0
 0
 0
 0
 0
 0
 0
 0
 0
 0
 0
 0
 0
 0
 0
 0
 0
 0
 0
 0
 0
 0
 0
 0
 0
 0
 0
 0
 0
 0
 0
 0
 0
 0
 0
 0
 0
 0
 0
 0
 0
 0
 0
 0
 0
 0
 0
 0
 0
 0
 0
 0
 0
 0
 0
 0
 0
 0.12001
 0.0164
 0.04062
 0.04058
 0.03016
 0.01484
 0.02022
 0.01336
 0.02373
 0.02146
 0.01651
 0.01652
 0.02014
 0.01549
 0.01718
 0.01597
 0.01825
 0.01421
 0.01562
 0.01826
 0.01651
 0.0195
 0.01886
 0.01718
 0.01475
 0.01456
 0.0172
 0.01295
 0
 0
 0.000617
 0.023197
 0.008531
 0.011065
 0.007328
 0.015543
 0.01614
 0.014037
 0.013632
 0.011299
 0.012489
 0.012937
 0.012132
 0.011729
 0.013964
 0.011096
 0.012024
 0.012151
 0.012739
 0.011767
 0.014212
 0.014319
 0.013704
 0.013216
 0.01338
 0.013001
 0.012532
 0.012305
 0
 0
 0
 0
 0
 0
 0
 0
 0
 0
 0
 0
 0
 0
 0
 0
 0
 0
 0
 0
 0
 0
 0
 0
 0
 0
 0
 0
 0
 0
 0
 0
 0
 0
 0
 0
 0
 0
 0
 0
 0
 0
 0
 0
 0
 0
 0
 0
 0
 0
 0
 0
 0
 0
 0
 0
 0
 0
 0
 0
 0
 0
 0
 0
 0
 0
 0
 0
 0
 0
 0
 0
 0
 0
 0
 0
 0
 0
 0
 0
 0
 0
 0
 0
 0
 0
 0
 0
 0
 0
 0
 0
 0
 0
 0
 0
 0
 0
 0
 0
 0
 0
 0
 0
 0
 0
 0
 0
 0
 0
 0
 0
 0
 0
 0
 0
 0
 0
 0
 0
 0
 0
 0
 0
 0
 0
 0
 0
 0
 0
 0
 0
 0
 0
 0
 0
 0
 0
 0
 0
 0
 0
 0
 0
 0
 0
 0
 0
 0
 0
 0
 0
 0
 0
 0
 0
 0
 0
 0
 0
 0
 0
 0
 0
 0
 0
 0
 0
 0
 0
 0
 0
 0
 0
 0
 0
 0
 0
 0
 0
 0
 0
 0
 0
 0
 0
 0
 0
 0
 0
 0
 0
 0
 0
 0
 0
 0
 0
 0
 0
 0
 0
 0
 0
 0
 0
 0
 0
 0
 0
 0
 0
 0.009339
 0.007447
 0.015888
 0.016515
 0.013258
 0.015086
 0.015971
 0.011699
 0.012721
 0.013295
 0.009615
 0.010195
 0.010686
 0.013297
 0.015808
 0.014733
 0.014191
 0.013412
 0.014372
 0.01293
 0.012658
 0.01337
 0.013227
 0.01197
 0.011461
 0.01442
 0.011871
 0.012678
 0
 0
 0
 0
 0
 0
 0
 0
 0
 0
 0
 0
 0
 0
 0
 0
 0
 0
 0
 0
 0
 0
 0
 0
 0
 0
 0
 0
 0
 0
 0
 0
 0
 0
 0
 0
 0
 0
 0
 0
 0
 0
 0
 0
 0
 0
 0
 0
 0
 0
 0
 0
 0
 0
 0
 0
 0
 0
 0
 0


