# Created by Octave 4.0.0, Sat Nov 21 16:32:09 2015 W. Europe Standard Time <unknown@Florian-PC>
# name: mus
# type: matrix
# ndims: 3
 1 30 19
 0
 0
 0.61654
 0.71465
 0.73671
 0.73737
 0.70927
 0.69643
 0.69381
 0.71538
 0.68813
 0.71212
 0.69513
 0.74171
 0.75256
 0.8125
 0.80136
 0.83712
 0.83208
 0.83947
 0.7869699999999999
 0.82702
 0.78744
 0.82552
 0.84267
 0.8359
 0.83153
 0.84694
 0.8368100000000001
 0.85641
 0
 0
 0.66667
 0.25
 0.8
 0.4
 0.8
 0.8
 0.7
 0.7
 0.56667
 0.66667
 0.8
 0.5
 0.46667
 0.55
 0.6166700000000001
 0.56667
 0.7
 0.7
 0.7
 0.64
 0.64
 0.72
 0.72
 0.72
 0.74
 0.76
 0.58667
 0.7
 0
 0
 0.71721
 0.60149
 0.7914
 0.77033
 0.80194
 0.82004
 0.7035400000000001
 0.6855
 0.62653
 0.51167
 0.6162300000000001
 0.50468
 0.56423
 0.50601
 0.66273
 0.46428
 0.6041
 0.55818
 0.65469
 0.55779
 0.62374
 0.49662
 0.55958
 0.5644
 0.57416
 0.52506
 0.60099
 0.4821
 0
 0
 0.99117
 0.4162
 0.6831199999999999
 0.68438
 0.73583
 0.69376
 0.57835
 0.55544
 0.56296
 0.53761
 0.59803
 0.52085
 0.53345
 0.48625
 0.49485
 0.48986
 0.49343
 0.5208199999999999
 0.53176
 0.52372
 0.54848
 0.53318
 0.53303
 0.53515
 0.51089
 0.51417
 0.52676
 0.50412
 0
 0
 0.66667
 0.75
 0.6
 0.83333
 1
 0.875
 0.5555600000000001
 0.7
 0.54545
 0.75
 0.69231
 0.44444
 0.6
 0.66667
 0.5
 0
 0
 1
 0
 1
 0
 0
 0
 0
 1
 1
 0
 1
 0
 0
 0.74469
 0.59016
 0.7074
 0.54251
 0.68401
 0.72571
 0.55062
 0.55925
 0.6078
 0.5374
 0.58144
 0.52106
 0.53373
 0.50388
 0.49419
 0.44699
 0.46683
 0.58518
 0.47765
 0.51602
 0.53233
 0.52017
 0.48431
 0.55185
 0.53166
 0.52441
 0.50972
 0.50762
 0
 0
 0.36788
 0.79699
 0.8167
 0.71367
 0.73421
 0.7382300000000001
 0.72205
 0.67845
 0.65771
 0.65661
 0.66537
 0.66345
 0.63801
 0.66721
 0.68326
 0.63303
 0.67301
 0.63426
 0.63981
 0.63923
 0.65977
 0.66404
 0.65305
 0.65157
 0.6142300000000001
 0.6522
 0.6382100000000001
 0.63674
 0
 0
 0.99485
 0.46038
 0.62386
 0.64713
 0.72775
 0.66234
 0.57418
 0.55152
 0.5406
 0.52632
 0.59358
 0.49754
 0.51957
 0.49984
 0.50536
 0.48791
 0.50131
 0.51133
 0.52481
 0.51371
 0.54632
 0.5292
 0.53973
 0.5390200000000001
 0.51697
 0.51388
 0.51211
 0.50215
 0
 0
 0.9999
 1
 1
 1
 1
 1
 1
 1
 1
 0.99495
 0.9882
 0.98351
 0.98114
 0.97893
 0.9725
 0.97356
 0.95642
 0.9680800000000001
 0.9629
 0.9557099999999999
 0.96495
 0.95774
 0.95955
 0.95236
 0.96012
 0.9503
 0.94136
 0.95223
 0
 0
 0.69962
 0.60162
 0.6960499999999999
 0.64906
 0.81268
 0.76083
 0.56975
 0.55984
 0.5612200000000001
 0.49512
 0.57184
 0.48802
 0.50926
 0.48063
 0.48807
 0.47666
 0.48836
 0.53306
 0.50997
 0.50679
 0.52286
 0.53967
 0.52061
 0.52156
 0.50702
 0.5023300000000001
 0.50768
 0.49202
 0
 0
 0.36788
 0.83432
 0.81702
 0.72816
 0.70133
 0.72436
 0.70253
 0.63842
 0.67016
 0.7053199999999999
 0.6886100000000001
 0.65976
 0.63585
 0.61482
 0.63881
 0.60349
 0.61996
 0.62663
 0.61892
 0.63869
 0.652
 0.65856
 0.64738
 0.6455
 0.62187
 0.64068
 0.6266699999999999
 0.60569
 0
 0
 0
 0
 0
 0
 0
 0
 0
 0
 0
 0
 0
 0
 0
 0
 0
 0
 0
 0
 0
 0
 0
 0
 0
 0
 0
 0
 0
 0
 0
 0
 0
 0
 0
 0
 0
 0
 0
 0
 0
 0
 0
 0
 0
 0
 0
 0
 0
 0
 0
 0
 0
 0
 0
 0
 0
 0
 0
 0
 0
 0
 0
 0
 0
 0
 0
 0
 0
 0
 0
 0
 0
 0
 0
 0
 0
 0
 0
 0
 0
 0
 0
 0
 0
 0
 0
 0
 0
 0
 0
 0
 0
 0
 0
 0
 0
 0
 0
 0
 0
 0
 0
 0
 0
 0
 0
 0
 0
 0
 0
 0
 0
 0
 0
 0
 0
 0
 0
 0
 0
 0
 0
 0
 0
 0
 0
 0
 0
 0
 0
 0
 0
 0
 0
 0
 0
 0
 0
 0
 0
 0
 0
 0
 0
 0
 0
 0
 0
 0
 0
 0
 0.99999
 1
 1
 1
 1
 1
 1
 1
 0.99901
 0.99394
 0.99313
 0.98389
 0.97643
 0.97987
 0.97573
 0.97378
 0.95299
 0.9664199999999999
 0.96496
 0.95686
 0.95599
 0.95528
 0.9559
 0.9591499999999999
 0.9534899999999999
 0.94007
 0.95302
 0.95806
 0
 0
 0
 0
 0
 0
 0
 0
 0
 0
 0
 0
 0
 0
 0
 0
 0
 0
 0
 0
 0
 0
 0
 0
 0
 0
 0
 0
 0
 0
 0
 0
 0
 0
 0
 0
 0
 0
 0
 0
 0
 0
 0
 0
 0
 0
 0
 0
 0
 0
 0
 0
 0
 0
 0
 0
 0
 0
 0
 0


