# Created by Octave 4.0.0, Sat Nov 21 16:32:05 2015 W. Europe Standard Time <unknown@Florian-PC>
# name: mus
# type: matrix
# ndims: 3
 1 30 19
 0
 0
 0.49875
 0.59848
 0.56962
 0.49495
 0.5614
 0.59184
 0.63573
 0.64359
 0.6976
 0.72475
 0.80103
 0.79911
 0.80385
 0.76823
 0.75959
 0.79419
 0.80702
 0.80263
 0.76441
 0.8156600000000001
 0.81955
 0.79557
 0.82667
 0.86359
 0.86472
 0.85969
 0.86265
 0.85385
 0
 0
 0.33333
 0.25
 0.2
 0.3
 0.5
 0.7
 0.5
 0.7
 0.6
 0.7
 0.6
 0.6
 0.6
 0.6
 0.6333299999999999
 0.81667
 0.8
 0.75
 0.77
 0.86
 0.88
 0.82
 0.84
 0.84667
 0.72667
 0.73333
 0.72
 0.73333
 0
 0
 0.5985200000000001
 0.51237
 0.48259
 0.54737
 0.70522
 0.59148
 0.5774899999999999
 0.7347900000000001
 0.69643
 0.6469200000000001
 0.67777
 0.64114
 0.5904700000000001
 0.63363
 0.70255
 0.6176199999999999
 0.70305
 0.65286
 0.70491
 0.75529
 0.75045
 0.81048
 0.77878
 0.74731
 0.79384
 0.80078
 0.79795
 0.82927
 0
 0
 0.44398
 0.36553
 0.24989
 0.49139
 0.4594
 0.62069
 0.64485
 0.71171
 0.68879
 0.72571
 0.69725
 0.51297
 0.57217
 0.62329
 0.65809
 0.67447
 0.73639
 0.744
 0.75374
 0.78644
 0.80354
 0.81155
 0.81791
 0.8047
 0.8053
 0.81854
 0.82119
 0.8287600000000001
 0
 0
 0.33333
 0.25
 0.2
 0.5
 0.71429
 0.625
 0.5555600000000001
 0.7
 0.54545
 0.66667
 0.92308
 0.77778
 0.6
 0.66667
 0.5
 1
 1
 1
 1
 1
 1
 1
 1
 1
 1
 1
 1
 1
 0
 0
 0.4485
 0.20674
 0.20219
 0.36133
 0.62032
 0.59062
 0.56477
 0.70235
 0.60642
 0.71307
 0.76453
 0.60279
 0.55
 0.64296
 0.62775
 0.74785
 0.81292
 0.73588
 0.81989
 0.7968
 0.88701
 0.80908
 0.86317
 0.79861
 0.75117
 0.78816
 0.77691
 0.783
 0
 0
 0.36788
 0.54814
 0.39994
 0.54244
 0.63754
 0.79139
 0.72786
 0.72912
 0.71607
 0.79396
 0.69142
 0.67572
 0.67921
 0.65472
 0.70727
 0.69858
 0.69569
 0.7346200000000001
 0.72449
 0.72953
 0.74838
 0.80402
 0.7994599999999999
 0.7789199999999999
 0.74352
 0.75123
 0.77626
 0.78272
 0
 0
 0.46941
 0.31268
 0.2424
 0.46198
 0.44166
 0.63374
 0.61149
 0.67144
 0.62118
 0.64774
 0.6076
 0.51473
 0.56751
 0.56895
 0.5978599999999999
 0.59109
 0.62438
 0.64783
 0.65624
 0.6842200000000001
 0.71979
 0.71533
 0.7119
 0.69869
 0.6957
 0.70843
 0.7262
 0.74759
 0
 0
 0.9168500000000001
 0.95113
 0.9326100000000001
 0.95047
 0.94025
 0.9301199999999999
 0.92297
 0.92752
 0.91803
 0.92907
 0.91347
 0.92626
 0.90055
 0.91674
 0.9089699999999999
 0.9095
 0.90426
 0.91104
 0.9027500000000001
 0.89706
 0.89553
 0.89774
 0.90655
 0.91234
 0.8961
 0.89998
 0.91166
 0.90116
 0
 0
 0.44132
 0.18713
 0.21889
 0.30233
 0.44214
 0.61904
 0.42929
 0.71056
 0.60625
 0.6953
 0.6712
 0.5208199999999999
 0.55126
 0.65454
 0.68357
 0.70407
 0.73908
 0.75952
 0.76791
 0.80152
 0.78593
 0.84517
 0.84274
 0.83091
 0.82497
 0.82935
 0.79999
 0.80674
 0
 0
 0.36788
 0.56549
 0.42037
 0.54458
 0.6325499999999999
 0.78722
 0.7052
 0.79817
 0.73187
 0.7448900000000001
 0.67374
 0.72781
 0.69553
 0.65251
 0.75667
 0.7315199999999999
 0.69126
 0.73203
 0.68353
 0.7864100000000001
 0.69389
 0.75583
 0.7194199999999999
 0.79259
 0.69338
 0.7359599999999999
 0.81884
 0.72924
 0
 0
 0
 0
 0
 0
 0
 0
 0
 0
 0
 0
 0
 0
 0
 0
 0
 0
 0
 0
 0
 0
 0
 0
 0
 0
 0
 0
 0
 0
 0
 0
 0
 0
 0
 0
 0
 0
 0
 0
 0
 0
 0
 0
 0
 0
 0
 0
 0
 0
 0
 0
 0
 0
 0
 0
 0
 0
 0
 0
 0
 0
 0
 0
 0
 0
 0
 0
 0
 0
 0
 0
 0
 0
 0
 0
 0
 0
 0
 0
 0
 0
 0
 0
 0
 0
 0
 0
 0
 0
 0
 0
 0
 0
 0
 0
 0
 0
 0
 0
 0
 0
 0
 0
 0
 0
 0
 0
 0
 0
 0
 0
 0
 0
 0
 0
 0
 0
 0
 0
 0
 0
 0
 0
 0
 0
 0
 0
 0
 0
 0
 0
 0
 0
 0
 0
 0
 0
 0
 0
 0
 0
 0
 0
 0
 0
 0
 0
 0
 0
 0
 0
 0.94028
 0.93726
 0.89859
 0.96948
 0.92449
 0.90862
 0.90504
 0.9100200000000001
 0.90554
 0.93316
 0.93169
 0.92153
 0.91365
 0.91604
 0.90791
 0.90347
 0.90572
 0.90772
 0.91723
 0.89788
 0.9124
 0.90926
 0.90038
 0.90863
 0.89963
 0.91464
 0.91503
 0.90069
 0
 0
 0
 0
 0
 0
 0
 0
 0
 0
 0
 0
 0
 0
 0
 0
 0
 0
 0
 0
 0
 0
 0
 0
 0
 0
 0
 0
 0
 0
 0
 0
 0
 0
 0
 0
 0
 0
 0
 0
 0
 0
 0
 0
 0
 0
 0
 0
 0
 0
 0
 0
 0
 0
 0
 0
 0
 0
 0
 0


