# Created by Octave 4.0.0, Sat Nov 21 16:32:06 2015 W. Europe Standard Time <unknown@Florian-PC>
# name: mus
# type: matrix
# ndims: 3
 1 30 19
 0
 0
 0.39599
 0.45707
 0.56709
 0.52778
 0.48622
 0.66582
 0.68813
 0.6333299999999999
 0.6319399999999999
 0.7399
 0.7446199999999999
 0.74043
 0.74231
 0.72656
 0.7269099999999999
 0.76641
 0.76441
 0.82895
 0.84461
 0.83838
 0.82467
 0.76693
 0.76533
 0.84821
 0.85859
 0.85459
 0.84004
 0.84615
 0
 0
 0
 0.25
 0.8
 0.6
 0.7
 0.5
 0.4
 0.5
 0.36667
 0.53333
 0.5
 0.46667
 0.66667
 0.68333
 0.7
 0.6166700000000001
 0.56667
 0.55
 0.67
 0.68
 0.74
 0.59
 0.76
 0.77333
 0.78667
 0.81333
 0.76667
 0.76667
 0
 0
 0.49581
 0.52913
 0.77454
 0.74259
 0.75979
 0.66703
 0.6576
 0.59249
 0.47941
 0.56352
 0.56798
 0.49373
 0.58885
 0.67174
 0.7171
 0.64028
 0.62451
 0.66259
 0.69623
 0.70022
 0.72975
 0.79844
 0.77244
 0.74973
 0.79018
 0.78752
 0.83793
 0.80737
 0
 0
 0.13891
 0.55905
 0.83417
 0.80055
 0.7697000000000001
 0.67157
 0.64436
 0.35514
 0.42786
 0.26415
 0.42514
 0.54088
 0.60989
 0.66648
 0.7126
 0.71946
 0.7297400000000001
 0.70219
 0.77375
 0.78003
 0.79269
 0.82246
 0.88419
 0.86736
 0.87316
 0.84634
 0.86943
 0.88054
 0
 0
 0
 0.5
 0.6
 0.16667
 0.42857
 0.75
 0.33333
 0.3
 0.45455
 0.41667
 0.69231
 0.44444
 0.6
 1
 1
 1
 1
 0
 1
 0
 1
 1
 1
 1
 1
 1
 0
 1
 0
 0
 0.16669
 0.44444
 0.7
 0.47918
 0.60952
 0.71071
 0.45486
 0.32768
 0.43333
 0.37121
 0.5928600000000001
 0.47519
 0.5817099999999999
 0.85233
 0.86668
 0.83713
 0.85351
 0.52399
 0.74951
 0.61113
 0.84997
 0.91272
 0.92121
 0.94935
 0.94555
 1
 0.54167
 1
 0
 0
 0.57859
 0.66875
 0.66481
 0.75041
 0.85948
 0.73609
 0.67936
 0.5799
 0.69881
 0.62791
 0.74122
 0.63827
 0.6623
 0.7186900000000001
 0.77457
 0.75665
 0.70609
 0.69299
 0.7602
 0.7514
 0.80385
 0.73346
 0.81269
 0.82008
 0.79028
 0.81651
 0.81699
 0.8283
 0
 0
 0.13891
 0.5729300000000001
 0.6861
 0.85033
 0.8205
 0.66371
 0.63357
 0.46487
 0.46066
 0.37841
 0.46304
 0.53293
 0.5990799999999999
 0.65034
 0.70661
 0.73795
 0.7416
 0.68168
 0.77153
 0.75451
 0.7700399999999999
 0.8020699999999999
 0.86297
 0.82981
 0.84857
 0.82531
 0.8614000000000001
 0.87621
 0
 0
 1
 1
 1
 1
 1
 1
 1
 1
 1
 1
 1
 1
 1
 1
 1
 1
 1
 1
 1
 1
 1
 1
 1
 1
 1
 1
 1
 1
 0
 0
 0.16669
 0.41176
 0.77154
 0.7877
 0.78814
 0.5640500000000001
 0.50673
 0.37963
 0.39808
 0.33223
 0.41324
 0.50669
 0.53382
 0.63379
 0.83586
 0.6352100000000001
 0.70694
 0.81171
 0.74727
 0.77328
 0.81472
 0.74144
 0.74475
 0.74768
 0.74785
 1
 0.99216
 1
 0
 0
 0.57859
 0.67459
 0.6545800000000001
 0.6616
 0.90245
 0.71221
 0.91919
 0.65299
 0.64115
 0.60817
 0.58777
 0.65617
 0.69345
 0.84174
 0.75217
 0.7717000000000001
 0.73685
 0.72659
 0.70494
 0.83983
 0.77496
 0.73602
 0.86067
 0.7999000000000001
 0.7958499999999999
 0.89556
 0.8819900000000001
 0.84844
 0
 0
 0
 0
 0
 0
 0
 0
 0
 0
 0
 0
 0
 0
 0
 0
 0
 0
 0
 0
 0
 0
 0
 0
 0
 0
 0
 0
 0
 0
 0
 0
 0
 0
 0
 0
 0
 0
 0
 0
 0
 0
 0
 0
 0
 0
 0
 0
 0
 0
 0
 0
 0
 0
 0
 0
 0
 0
 0
 0
 0
 0
 0
 0
 0
 0
 0
 0
 0
 0
 0
 0
 0
 0
 0
 0
 0
 0
 0
 0
 0
 0
 0
 0
 0
 0
 0
 0
 0
 0
 0
 0
 0
 0
 0
 0
 0
 0
 0
 0
 0
 0
 0
 0
 0
 0
 0
 0
 0
 0
 0
 0
 0
 0
 0
 0
 0
 0
 0
 0
 0
 0
 0
 0
 0
 0
 0
 0
 0
 0
 0
 0
 0
 0
 0
 0
 0
 0
 0
 0
 0
 0
 0
 0
 0
 0
 0
 0
 0
 0
 0
 0
 1
 1
 1
 1
 1
 1
 1
 1
 1
 1
 1
 1
 1
 1
 1
 1
 1
 1
 1
 1
 1
 1
 1
 1
 1
 1
 1
 1
 0
 0
 0
 0
 0
 0
 0
 0
 0
 0
 0
 0
 0
 0
 0
 0
 0
 0
 0
 0
 0
 0
 0
 0
 0
 0
 0
 0
 0
 0
 0
 0
 0
 0
 0
 0
 0
 0
 0
 0
 0
 0
 0
 0
 0
 0
 0
 0
 0
 0
 0
 0
 0
 0
 0
 0
 0
 0
 0
 0


# name: vars
# type: matrix
# ndims: 3
 1 30 19
 0
 0
 0.06591
 0.054898
 0.051723
 0.051781
 0.037799
 0.026294
 0.024292
 0.019649
 0.019475
 0.018558
 0.010424
 0.01801
 0.016138
 0.008768
 0.014714
 0.013423
 0.008205
 0.007865
 0.006007
 0.007103
 0.007097
 0.004006
 0.00957
 0.004163
 0.003685
 0.006371
 0.001784
 0.004544
 0
 0
 0
 0.25
 0.2
 0.3
 0.2
 0.125
 0.175
 0.125
 0.04722
 0.13056
 0.13889
 0.08889
 0.05556
 0.05694
 0.05764
 0.06806
 0.06389
 0.075
 0.0445
 0.05575
 0.038
 0.0155
 0.028
 0.02356
 0.01867
 0.03422
 0.07778
 0.03611
 0
 0
 0
 0
 0
 0
 0
 0
 0
 0
 0
 0
 0
 0
 0
 0
 0
 0
 0
 0
 0
 0
 0
 0
 0
 0
 0
 0
 0
 0
 0
 0
 0.017366
 0.08866300000000001
 0.037078
 0.08458499999999999
 0.054943
 0.067258
 0.078539
 0.043956
 0.051123
 0.025992
 0.04939
 0.048096
 0.049541
 0.046613
 0.043933
 0.043144
 0.043464
 0.043039
 0.035168
 0.034612
 0.029914
 0.030189
 0.020443
 0.022978
 0.020427
 0.024175
 0.02581
 0.019159
 0
 0
 0
 0
 0
 0
 0
 0
 0
 0
 0
 0
 0
 0
 0
 0
 0
 0
 0
 0
 0
 0
 0
 0
 0
 0
 0
 0
 0
 0
 0
 0
 0
 0
 0
 0
 0
 0
 0
 0
 0
 0
 0
 0
 0
 0
 0
 0
 0
 0
 0
 0
 0
 0
 0
 0
 0
 0
 0
 0
 0
 0
 0
 0
 0
 0
 0
 0
 0
 0
 0
 0
 0
 0
 0
 0
 0
 0
 0
 0
 0
 0
 0
 0
 0
 0
 0
 0
 0
 0
 0
 0
 0.017366
 0.06958
 0.08910999999999999
 0.033019
 0.022966
 0.026842
 0.03614
 0.042394
 0.044507
 0.033649
 0.039341
 0.04547
 0.047958
 0.038615
 0.038989
 0.033785
 0.036144
 0.036849
 0.034651
 0.035528
 0.044075
 0.035798
 0.03002
 0.038125
 0.029325
 0.040103
 0.029735
 0.023462
 0
 0
 0
 0
 0
 0
 0
 0
 0
 0
 0
 0
 0
 0
 0
 0
 0
 0
 0
 0
 0
 0
 0
 0
 0
 0
 0
 0
 0
 0
 0
 0
 0
 0
 0
 0
 0
 0
 0
 0
 0
 0
 0
 0
 0
 0
 0
 0
 0
 0
 0
 0
 0
 0
 0
 0
 0
 0
 0
 0
 0
 0
 0
 0
 0
 0
 0
 0
 0
 0
 0
 0
 0
 0
 0
 0
 0
 0
 0
 0
 0
 0
 0
 0
 0
 0
 0
 0
 0
 0
 0
 0
 0
 0
 0
 0
 0
 0
 0
 0
 0
 0
 0
 0
 0
 0
 0
 0
 0
 0
 0
 0
 0
 0
 0
 0
 0
 0
 0
 0
 0
 0
 0
 0
 0
 0
 0
 0
 0
 0
 0
 0
 0
 0
 0
 0
 0
 0
 0
 0
 0
 0
 0
 0
 0
 0
 0
 0
 0
 0
 0
 0
 0
 0
 0
 0
 0
 0
 0
 0
 0
 0
 0
 0
 0
 0
 0
 0
 0
 0
 0
 0
 0
 0
 0
 0
 0
 0
 0
 0
 0
 0
 0
 0
 0
 0
 0
 0
 0
 0
 0
 0
 0
 0
 0
 0
 0
 0
 0
 0
 0
 0
 0
 0
 0
 0
 0
 0
 0
 0
 0
 0
 0
 0
 0
 0
 0
 0
 0
 0
 0
 0
 0
 0
 0
 0
 0
 0
 0
 0
 0
 0
 0
 0
 0
 0
 0
 0
 0
 0
 0
 0
 0
 0
 0
 0
 0
 0
 0
 0
 0
 0
 0
 0
 0
 0
 0
 0
 0
 0
 0
 0
 0
 0
 0
 0
 0
 0
 0
 0
 0
 0
 0
 0
 0
 0
 0
 0
 0
 0
 0
 0
 0
 0
 0
 0
 0
 0
 0
 0
 0
 0
 0
 0
 0
 0
 0
 0
 0
 0
 0
 0
 0
 0
 0
 0
 0
 0
 0
 0
 0
 0
 0
 0
 0
 0
 0
 0
 0
 0
 0
 0
 0
 0
 0
 0
 0
 0
 0
 0


