# Created by Octave 4.0.0, Sat Nov 21 16:32:10 2015 W. Europe Standard Time <unknown@Florian-PC>
# name: mus
# type: matrix
# ndims: 3
 1 30 19
 0
 0
 0.68421
 0.61616
 0.6481
 0.70581
 0.69424
 0.73214
 0.78535
 0.78974
 0.8055600000000001
 0.8055600000000001
 0.81462
 0.84694
 0.81667
 0.84896
 0.8491
 0.85354
 0.8396
 0.85
 0.85965
 0.8346
 0.84115
 0.85807
 0.85333
 0.84821
 0.85329
 0.85332
 0.86461
 0.8666700000000001
 0
 0
 0
 0.25
 0.4
 0.6
 0.3
 0.4
 0.4
 0.3
 0.4
 0.53333
 0.33333
 0.43333
 0.46667
 0.56667
 0.6
 0.6166700000000001
 0.5
 0.65
 0.57
 0.65
 0.71
 0.54
 0.52
 0.66
 0.66667
 0.7533300000000001
 0.8
 0.7
 0
 0
 0.52996
 0.60997
 0.71404
 0.77503
 0.71007
 0.45576
 0.62768
 0.5372400000000001
 0.63027
 0.50653
 0.5928099999999999
 0.45897
 0.61081
 0.5533400000000001
 0.49464
 0.66453
 0.60747
 0.50846
 0.47079
 0.51751
 0.57009
 0.57124
 0.57008
 0.57843
 0.62072
 0.51857
 0.51042
 0.65227
 0
 0
 0.13888
 0.50408
 0.44768
 0.59251
 0.53943
 0.55447
 0.47434
 0.51303
 0.45629
 0.5204299999999999
 0.51674
 0.4792
 0.51193
 0.49119
 0.52076
 0.49537
 0.51052
 0.49301
 0.52359
 0.5293600000000001
 0.51888
 0.51307
 0.53532
 0.55675
 0.53976
 0.53433
 0.5558
 0.56321
 0
 0
 0
 0.25
 0
 0.5
 1
 0.625
 0.5555600000000001
 0.8
 0.36364
 0.58333
 0.53846
 0
 0.6
 0.33333
 0.5
 0
 0
 0
 1
 1
 1
 1
 1
 0
 1
 1
 1
 1
 0
 0
 0.08333
 0.36124
 0.40104
 0.60573
 0.67456
 0.5178
 0.47901
 0.52901
 0.43907
 0.5032799999999999
 0.5129899999999999
 0.41902
 0.52042
 0.46911
 0.50713
 0.46182
 0.47381
 0.48157
 0.53666
 0.54176
 0.51302
 0.52462
 0.53936
 0.53789
 0.57752
 0.55705
 0.5695
 0.56536
 0
 0
 0.36788
 0.60742
 0.74382
 0.69226
 0.72424
 0.67764
 0.66855
 0.69093
 0.6492
 0.65893
 0.68762
 0.67241
 0.6906600000000001
 0.65327
 0.69706
 0.64224
 0.64645
 0.63437
 0.63454
 0.68685
 0.64502
 0.63669
 0.64505
 0.63505
 0.64542
 0.6551399999999999
 0.69428
 0.68953
 0
 0
 0.13887
 0.46907
 0.49422
 0.61099
 0.61031
 0.53113
 0.48889
 0.49616
 0.47164
 0.52132
 0.51036
 0.48945
 0.51776
 0.49533
 0.5159
 0.49708
 0.51681
 0.49546
 0.51922
 0.52267
 0.51502
 0.51615
 0.52841
 0.5426
 0.53205
 0.5255
 0.55668
 0.55804
 0
 0
 0.99999
 1
 1
 1
 1
 1
 1
 1
 1
 1
 0.99368
 0.98506
 0.9877899999999999
 0.97962
 0.97099
 0.98009
 0.9696399999999999
 0.97541
 0.9696900000000001
 0.97013
 0.96117
 0.96028
 0.94873
 0.95465
 0.9529
 0.9572000000000001
 0.95795
 0.93827
 0
 0
 0.08333
 0.29934
 0.66204
 0.5821499999999999
 0.57617
 0.51251
 0.46824
 0.4929
 0.45561
 0.4922
 0.48886
 0.46269
 0.50396
 0.47992
 0.49664
 0.48825
 0.50001
 0.49178
 0.50336
 0.5241
 0.51129
 0.51189
 0.52347
 0.52855
 0.54428
 0.52225
 0.54034
 0.55294
 0
 0
 0.36788
 0.58347
 0.72419
 0.67365
 0.7050999999999999
 0.67015
 0.65856
 0.7442
 0.65591
 0.67265
 0.6795600000000001
 0.6637999999999999
 0.64573
 0.65047
 0.6403
 0.66623
 0.6395999999999999
 0.63669
 0.64947
 0.65107
 0.6333299999999999
 0.63832
 0.62091
 0.6224
 0.63574
 0.64621
 0.64725
 0.6633599999999999
 0
 0
 0
 0
 0
 0
 0
 0
 0
 0
 0
 0
 0
 0
 0
 0
 0
 0
 0
 0
 0
 0
 0
 0
 0
 0
 0
 0
 0
 0
 0
 0
 0
 0
 0
 0
 0
 0
 0
 0
 0
 0
 0
 0
 0
 0
 0
 0
 0
 0
 0
 0
 0
 0
 0
 0
 0
 0
 0
 0
 0
 0
 0
 0
 0
 0
 0
 0
 0
 0
 0
 0
 0
 0
 0
 0
 0
 0
 0
 0
 0
 0
 0
 0
 0
 0
 0
 0
 0
 0
 0
 0
 0
 0
 0
 0
 0
 0
 0
 0
 0
 0
 0
 0
 0
 0
 0
 0
 0
 0
 0
 0
 0
 0
 0
 0
 0
 0
 0
 0
 0
 0
 0
 0
 0
 0
 0
 0
 0
 0
 0
 0
 0
 0
 0
 0
 0
 0
 0
 0
 0
 0
 0
 0
 0
 0
 0
 0
 0
 0
 0
 0
 0.99999
 1
 1
 1
 1
 1
 1
 1
 1
 1
 0.99338
 0.98188
 0.9838
 0.98
 0.9702499999999999
 0.98185
 0.96968
 0.96047
 0.96839
 0.9633
 0.96177
 0.95714
 0.95505
 0.95
 0.94909
 0.95434
 0.9543199999999999
 0.94206
 0
 0
 0
 0
 0
 0
 0
 0
 0
 0
 0
 0
 0
 0
 0
 0
 0
 0
 0
 0
 0
 0
 0
 0
 0
 0
 0
 0
 0
 0
 0
 0
 0
 0
 0
 0
 0
 0
 0
 0
 0
 0
 0
 0
 0
 0
 0
 0
 0
 0
 0
 0
 0
 0
 0
 0
 0
 0
 0
 0


