# Created by Octave 4.0.0, Sat Nov 21 16:32:19 2015 W. Europe Standard Time <unknown@Florian-PC>
# name: mus
# type: matrix
# ndims: 3
 1 30 19
 0
 0
 0.6015
 0.50253
 0.50127
 0.50379
 0.51128
 0.51276
 0.51452
 0.51026
 0.51326
 0.50758
 0.50641
 0.51849
 0.58077
 0.5651
 0.56152
 0.57323
 0.55138
 0.61842
 0.7619
 0.7601
 0.76073
 0.75
 0.736
 0.64103
 0.67653
 0.65051
 0.71145
 0.6641
 0
 0
 0.33333
 1
 0.8
 0.6
 0.9
 0.9
 0.9
 0.9
 0.9
 1
 1
 1
 0.93333
 0.93333
 0.93333
 0.95
 0.95
 0.9
 0.8
 0.86
 0.83
 0.84
 0.8
 0.88667
 0.84
 0.9
 0.86
 0.8666700000000001
 0
 0
 0.4981
 0.78227
 0.81124
 0.78929
 0.91426
 0.91553
 0.89311
 0.91614
 0.89357
 0.97162
 0.95909
 0.95592
 0.95248
 0.93323
 0.94514
 0.9559
 0.93516
 0.9214599999999999
 0.89605
 0.88648
 0.92907
 0.9092
 0.92508
 0.93268
 0.9101900000000001
 0.89938
 0.91596
 0.91208
 0
 0
 0.55335
 0.64989
 0.74629
 0.7413999999999999
 0.81263
 0.84372
 0.88651
 0.90067
 0.89641
 0.93552
 0.94442
 0.93909
 0.90316
 0.9063099999999999
 0.90898
 0.91013
 0.91568
 0.9047500000000001
 0.84215
 0.85867
 0.86788
 0.87314
 0.8885
 0.86103
 0.83606
 0.83263
 0.8224900000000001
 0.82686
 0
 0
 0
 1
 0.6
 0.5
 0.85714
 1
 0.88889
 1
 0.90909
 1
 1
 1
 0.8
 1
 1
 1
 1
 1
 1
 1
 0
 1
 1
 1
 1
 1
 1
 1
 0
 0
 0.08333
 0.76691
 0.72084
 0.8092
 0.84873
 0.92027
 0.96258
 0.98147
 0.87771
 0.99441
 0.89229
 0.9222900000000001
 0.85941
 0.97458
 0.97127
 0.9730799999999999
 0.8767200000000001
 0.88084
 0.85295
 0.85964
 0.82582
 0.83636
 0.8832100000000001
 0.96971
 0.83001
 0.82063
 0.83473
 0.81528
 0
 0
 0.36788
 0.85433
 0.7494
 0.73427
 0.75692
 0.9043099999999999
 0.8319
 0.8743300000000001
 0.89005
 0.89517
 0.92408
 0.93649
 0.93379
 0.91354
 0.87886
 0.93243
 0.92388
 0.91411
 0.90024
 0.88901
 0.88558
 0.8465200000000001
 0.9029
 0.88905
 0.86042
 0.8313199999999999
 0.84744
 0.94639
 0
 0
 0.55404
 0.57318
 0.77478
 0.77965
 0.8351499999999999
 0.8323700000000001
 0.88318
 0.90316
 0.91003
 0.92871
 0.93279
 0.9331199999999999
 0.90367
 0.908
 0.9051
 0.90807
 0.91185
 0.90625
 0.85105
 0.87088
 0.86975
 0.88128
 0.8967000000000001
 0.88067
 0.8521300000000001
 0.86487
 0.84706
 0.84518
 0
 0
 0.99988
 1
 1
 1
 1
 1
 1
 1
 1
 0.99966
 0.99714
 0.99165
 0.9816
 0.97215
 0.96874
 0.97184
 0.9757
 0.97331
 0.96796
 0.95863
 0.9594
 0.95923
 0.95119
 0.94487
 0.95529
 0.94559
 0.94433
 0.95203
 0
 0
 0.08333
 0.5775400000000001
 0.66382
 0.86315
 0.85462
 0.98522
 0.9702499999999999
 0.94846
 0.9666
 0.95949
 0.93419
 0.94443
 0.90104
 0.91912
 0.95892
 0.91549
 0.93233
 0.9079
 0.84584
 0.87016
 0.85887
 0.88974
 0.88586
 0.8701100000000001
 0.91937
 0.93847
 0.90305
 0.95192
 0
 0
 0.36788
 0.86717
 0.7676500000000001
 0.71784
 0.77396
 0.8898200000000001
 0.81806
 0.85437
 0.85099
 0.8974
 0.93174
 0.89302
 0.88344
 0.89478
 0.90405
 0.89696
 0.91564
 0.89476
 0.8962
 0.89272
 0.86458
 0.89028
 0.90788
 0.88032
 0.87157
 0.84793
 0.93412
 0.8367599999999999
 0
 0
 0
 0
 0
 0
 0
 0
 0
 0
 0
 0
 0
 0
 0
 0
 0
 0
 0
 0
 0
 0
 0
 0
 0
 0
 0
 0
 0
 0
 0
 0
 0
 0
 0
 0
 0
 0
 0
 0
 0
 0
 0
 0
 0
 0
 0
 0
 0
 0
 0
 0
 0
 0
 0
 0
 0
 0
 0
 0
 0
 0
 0
 0
 0
 0
 0
 0
 0
 0
 0
 0
 0
 0
 0
 0
 0
 0
 0
 0
 0
 0
 0
 0
 0
 0
 0
 0
 0
 0
 0
 0
 0
 0
 0
 0
 0
 0
 0
 0
 0
 0
 0
 0
 0
 0
 0
 0
 0
 0
 0
 0
 0
 0
 0
 0
 0
 0
 0
 0
 0
 0
 0
 0
 0
 0
 0
 0
 0
 0
 0
 0
 0
 0
 0
 0
 0
 0
 0
 0
 0
 0
 0
 0
 0
 0
 0
 0
 0
 0
 0
 0
 1
 1
 1
 1
 1
 1
 1
 1
 1
 0.9998
 0.9893999999999999
 0.9940099999999999
 0.97561
 0.97262
 0.97358
 0.9655899999999999
 0.9729100000000001
 0.96218
 0.97017
 0.96336
 0.96551
 0.9557099999999999
 0.96028
 0.96162
 0.96084
 0.95108
 0.94981
 0.94867
 0
 0
 0
 0
 0
 0
 0
 0
 0
 0
 0
 0
 0
 0
 0
 0
 0
 0
 0
 0
 0
 0
 0
 0
 0
 0
 0
 0
 0
 0
 0
 0
 0
 0
 0
 0
 0
 0
 0
 0
 0
 0
 0
 0
 0
 0
 0
 0
 0
 0
 0
 0
 0
 0
 0
 0
 0
 0
 0
 0


# name: vars
# type: matrix
# ndims: 3
 1 30 19
 0
 0
 0.086631
 0.06440700000000001
 0.03987
 0.049238
 0.050253
 0.034665
 0.033609
 0.025682
 0.031062
 0.018387
 0.026738
 0.019971
 0.016371
 0.017486
 0.012147
 0.009814
 0.031196
 0.013392
 0.013857
 0.012349
 0.005986
 0.008565
 0.003611
 0.007326
 0.014426
 0.012398
 0.005849
 0.010641
 0
 0
 0.33333
 0
 0.2
 0.3
 0.05
 0.05
 0.05
 0.05
 0.05
 0
 0
 0
 0.02222
 0.02222
 0.02222
 0.0125
 0.0125
 0.01875
 0.04375
 0.01675
 0.0295
 0.028
 0.06
 0.01089
 0.028
 0.02222
 0.048
 0.04722
 0
 0
 0
 0
 0
 0
 0
 0
 0
 0
 0
 0
 0
 0
 0
 0
 0
 0
 0
 0
 0
 0
 0
 0
 0
 0
 0
 0
 0
 0
 0
 0
 0.18186
 0.03827
 0.03589
 0.03069
 0.01889
 0.01687
 0.0112
 0.00829
 0.00622
 0.00463
 0.00308
 0.00382
 0.00364
 0.00371
 0.00371
 0.00315
 0.00273
 0.00289
 0.00232
 0.00281
 0.00296
 0.00259
 0.00283
 0.00268
 0.00294
 0.00326
 0.00322
 0.00404
 0
 0
 1.0028e-018
 2.7297e-015
 7.1546e-014
 1.2048e-030
 0
 5.8695e-034
 1.2897e-029
 3.4818e-029
 2.0543e-034
 1.2765e-029
 1.6523e-025
 0.00079804
 3.8005e-007
 3.2623e-005
 0.00014851
 0.00023024
 6.7821e-005
 1.4268e-008
 3.5595e-005
 2.1182e-007
 1.6113e-005
 4.5684e-012
 1.0113e-006
 3.8184e-009
 2.0966e-011
 1.1082e-008
 2.2787e-008
 1.2512e-011
 0
 0
 0
 0
 0
 0
 0
 0
 0
 0
 0
 0
 0
 0
 0
 0
 0
 0
 0
 0
 0
 0
 0
 0
 0
 0
 0
 0
 0
 0
 0
 0
 0
 0
 0
 0
 0
 0
 0
 0
 0
 0
 0
 0
 0
 0
 0
 0
 0
 0
 0
 0
 0
 0
 0
 0
 0
 0
 0
 0
 0
 0
 0.18259
 0.05866
 0.0349
 0.05513
 0.02251
 0.02358
 0.01276
 0.00831
 0.00563
 0.0061
 0.00503
 0.00538
 0.00402
 0.00328
 0.00351
 0.0035
 0.00292
 0.00252
 0.00401
 0.00274
 0.0033
 0.00342
 0.00425
 0.00547
 0.00532
 0.00347
 0.00375
 0.00976
 0
 0
 0
 0
 0
 0
 0
 0
 0
 0
 0
 1.7e-005
 0.000445
 0.001403
 0.004707
 0.006173
 0.006641
 0.006675
 0.004967
 0.00535
 0.007742
 0.009636
 0.009679
 0.009006
 0.010013
 0.013241
 0.008770999999999999
 0.014517
 0.014385
 0.009233
 0
 0
 0
 0
 0
 0
 0
 0
 0
 0
 0
 0
 0
 0
 0
 0
 0
 0
 0
 0
 0
 0
 0
 0
 0
 0
 0
 0
 0
 0
 0
 0
 0
 0
 0
 0
 0
 0
 0
 0
 0
 0
 0
 0
 0
 0
 0
 0
 0
 0
 0
 0
 0
 0
 0
 0
 0
 0
 0
 0
 0
 0
 0
 0
 0
 0
 0
 0
 0
 0
 0
 0
 0
 0
 0
 0
 0
 0
 0
 0
 0
 0
 0
 0
 0
 0
 0
 0
 0
 0
 0
 0
 0
 0
 0
 0
 0
 0
 0
 0
 0
 0
 0
 0
 0
 0
 0
 0
 0
 0
 0
 0
 0
 0
 0
 0
 0
 0
 0
 0
 0
 0
 0
 0
 0
 0
 0
 0
 0
 0
 0
 0
 0
 0
 0
 0
 0
 0
 0
 0
 0
 0
 0
 0
 0
 0
 0
 0
 0
 0
 0
 0
 0
 0
 0
 0
 0
 0
 0
 0
 0
 0
 0
 0
 0
 0
 0
 0
 0
 0
 0
 0
 0
 0
 0
 0
 0
 0
 0
 0
 0
 0
 0
 0
 0
 0
 0
 0
 0
 0
 0
 0
 0
 0
 0
 0
 0
 0
 0
 0
 0
 0
 0
 0
 0
 0
 0
 0
 0
 0
 0
 0
 0
 0
 0
 0
 0
 0
 0
 0
 0
 6e-006
 0.004028
 0.000865
 0.005491
 0.004721
 0.005888
 0.008885000000000001
 0.005553
 0.008557
 0.006612
 0.009021
 0.007025
 0.010792
 0.008566000000000001
 0.007187
 0.006515
 0.010503
 0.012529
 0.010544
 0
 0
 0
 0
 0
 0
 0
 0
 0
 0
 0
 0
 0
 0
 0
 0
 0
 0
 0
 0
 0
 0
 0
 0
 0
 0
 0
 0
 0
 0
 0
 0
 0
 0
 0
 0
 0
 0
 0
 0
 0
 0
 0
 0
 0
 0
 0
 0
 0
 0
 0
 0
 0
 0
 0
 0
 0
 0
 0
 0


