# Created by Octave 4.0.0, Sat Nov 21 16:32:03 2015 W. Europe Standard Time <unknown@Florian-PC>
# name: mus
# type: matrix
# ndims: 3
 1 30 19
 0
 0
 0.54637
 0.54545
 0.68354
 0.6856100000000001
 0.66667
 0.66327
 0.7298
 0.67949
 0.68245
 0.61616
 0.74128
 0.78444
 0.76923
 0.76823
 0.7624300000000001
 0.79167
 0.7869699999999999
 0.7815800000000001
 0.78947
 0.78535
 0.7684
 0.76693
 0.768
 0.75897
 0.77682
 0.77423
 0.76173
 0.7641
 0
 0
 0.33333
 0.5
 0.2
 0.6
 0.6
 0.7
 0.6
 0.5
 0.6
 0.5
 0.4
 0.26667
 0.4
 0.6166700000000001
 0.71667
 0.65
 0.66667
 0.75
 0.82
 0.8100000000000001
 0.84
 0.82
 0.84
 0.77333
 0.80667
 0.79333
 0.82667
 0.8666700000000001
 0
 0
 0.45596
 0.66068
 0.59176
 0.69415
 0.709
 0.8160500000000001
 0.73598
 0.74231
 0.62952
 0.53317
 0.62437
 0.39819
 0.54065
 0.55747
 0.6017
 0.65462
 0.68166
 0.7188
 0.7413
 0.79872
 0.79271
 0.80877
 0.82391
 0.77315
 0.81709
 0.77093
 0.7924
 0.78048
 0
 0
 0.71013
 0.49392
 0.4137
 0.48608
 0.6802
 0.71496
 0.65186
 0.6167899999999999
 0.70801
 0.51914
 0.43638
 0.38016
 0.46626
 0.56102
 0.61687
 0.65754
 0.71775
 0.74631
 0.78524
 0.80862
 0.79525
 0.81804
 0.82523
 0.79589
 0.82729
 0.77808
 0.79135
 0.81898
 0
 0
 0
 0.5
 0
 0.33333
 0.85714
 0.5
 0.77778
 0.8
 0.63636
 0.5
 0.38462
 0.5555600000000001
 0.6
 0.66667
 0.5
 1
 1
 1
 1
 0
 1
 1
 1
 0
 1
 1
 0
 1
 0
 0
 0.01005
 0.54381
 0.13205
 0.42851
 0.79094
 0.64962
 0.73414
 0.71323
 0.67843
 0.51176
 0.42155
 0.4331
 0.54416
 0.58531
 0.5865
 0.7267400000000001
 0.7468900000000001
 0.80408
 0.85186
 0.67261
 0.7950199999999999
 0.87812
 0.86769
 0.6551
 0.87399
 0.6674
 0.7117
 0.88412
 0
 0
 0.78929
 0.50437
 0.48727
 0.70086
 0.6972699999999999
 0.7522799999999999
 0.74218
 0.74864
 0.71244
 0.67378
 0.60938
 0.61783
 0.6451
 0.62236
 0.67457
 0.6700700000000001
 0.73689
 0.73883
 0.72026
 0.7468900000000001
 0.74878
 0.7833599999999999
 0.8467
 0.7765300000000001
 0.78374
 0.73783
 0.7647
 0.80015
 0
 0
 0.71914
 0.46531
 0.45322
 0.50784
 0.60916
 0.63793
 0.60372
 0.62031
 0.67319
 0.49944
 0.48289
 0.43005
 0.48294
 0.52733
 0.56741
 0.58883
 0.63891
 0.65184
 0.68818
 0.70995
 0.71191
 0.72679
 0.73571
 0.69812
 0.74307
 0.7067099999999999
 0.71347
 0.7323499999999999
 0
 0
 0.98893
 0.95951
 0.92797
 0.95244
 0.9352
 0.90702
 0.9225100000000001
 0.91989
 0.91545
 0.9166
 0.91778
 0.92952
 0.90485
 0.91035
 0.90861
 0.91083
 0.91404
 0.90804
 0.90508
 0.90241
 0.90588
 0.89972
 0.90887
 0.91537
 0.89837
 0.9045299999999999
 0.90003
 0.89832
 0
 0
 0.16298
 0.52591
 0.23616
 0.57082
 0.70217
 0.80846
 0.63328
 0.65878
 0.72655
 0.50383
 0.41329
 0.4348
 0.4796
 0.54979
 0.61287
 0.63561
 0.69967
 0.75959
 0.80382
 0.68466
 0.79839
 0.84637
 0.8098
 0.61942
 0.8529600000000001
 0.55622
 0.80388
 0.82691
 0
 0
 0.78929
 0.50886
 0.46357
 0.7011500000000001
 0.65343
 0.74279
 0.73764
 0.7742
 0.72684
 0.68392
 0.62769
 0.63855
 0.62296
 0.65093
 0.66666
 0.65996
 0.66272
 0.75264
 0.70179
 0.51578
 0.72775
 0.87185
 0.8083900000000001
 0.84082
 0.73625
 0.74702
 0.49073
 0.75425
 0
 0
 0
 0
 0
 0
 0
 0
 0
 0
 0
 0
 0
 0
 0
 0
 0
 0
 0
 0
 0
 0
 0
 0
 0
 0
 0
 0
 0
 0
 0
 0
 0
 0
 0
 0
 0
 0
 0
 0
 0
 0
 0
 0
 0
 0
 0
 0
 0
 0
 0
 0
 0
 0
 0
 0
 0
 0
 0
 0
 0
 0
 0
 0
 0
 0
 0
 0
 0
 0
 0
 0
 0
 0
 0
 0
 0
 0
 0
 0
 0
 0
 0
 0
 0
 0
 0
 0
 0
 0
 0
 0
 0
 0
 0
 0
 0
 0
 0
 0
 0
 0
 0
 0
 0
 0
 0
 0
 0
 0
 0
 0
 0
 0
 0
 0
 0
 0
 0
 0
 0
 0
 0
 0
 0
 0
 0
 0
 0
 0
 0
 0
 0
 0
 0
 0
 0
 0
 0
 0
 0
 0
 0
 0
 0
 0
 0
 0
 0
 0
 0
 0
 0.93956
 0.91281
 0.95526
 0.90512
 0.9047500000000001
 0.89171
 0.92071
 0.90219
 0.92038
 0.92901
 0.92323
 0.91478
 0.91775
 0.9135799999999999
 0.9170199999999999
 0.90727
 0.9069
 0.90934
 0.90987
 0.90304
 0.89973
 0.9095800000000001
 0.90578
 0.90312
 0.89783
 0.90923
 0.90851
 0.9013
 0
 0
 0
 0
 0
 0
 0
 0
 0
 0
 0
 0
 0
 0
 0
 0
 0
 0
 0
 0
 0
 0
 0
 0
 0
 0
 0
 0
 0
 0
 0
 0
 0
 0
 0
 0
 0
 0
 0
 0
 0
 0
 0
 0
 0
 0
 0
 0
 0
 0
 0
 0
 0
 0
 0
 0
 0
 0
 0
 0


