# Created by Octave 4.0.0, Sat Nov 21 16:32:27 2015 W. Europe Standard Time <unknown@Florian-PC>
# name: mus
# type: matrix
# ndims: 3
 1 30 19
 0
 0
 0.61654
 0.50253
 0.50127
 0.50379
 0.49624
 0.5025500000000001
 0.50126
 0.51026
 0.50884
 0.50758
 0.50641
 0.51658
 0.55769
 0.65365
 0.5584
 0.59217
 0.4386
 0.5
 0.42857
 0.46843
 0.48537
 0.52734
 0.66133
 0.6569199999999999
 0.6654600000000001
 0.66199
 0.702
 0.68718
 0
 0
 0.33333
 1
 0.8
 0.6
 0.9
 0.9
 1
 0.9
 0.9
 1
 1
 1
 0.93333
 0.8
 0.73333
 0.85
 0.75
 0.8
 0.8100000000000001
 0.92
 0.8100000000000001
 0.76
 0.72
 0.68667
 0.62
 0.68667
 0.78667
 0.83333
 0
 0
 0.58669
 0.87671
 0.83014
 0.82408
 0.89254
 0.90034
 0.97058
 0.93233
 0.9478
 0.95068
 0.97263
 0.96804
 0.92393
 0.8517400000000001
 0.82021
 0.83813
 0.80141
 0.81604
 0.84787
 0.81906
 0.7970699999999999
 0.79005
 0.79634
 0.81651
 0.74914
 0.80466
 0.82289
 0.86571
 0
 0
 0.25002
 0.99108
 0.89584
 0.84954
 0.94032
 0.97907
 0.99691
 0.92313
 0.96241
 0.99682
 0.99437
 0.99718
 0.96046
 0.87363
 0.83486
 0.87263
 0.87313
 0.84399
 0.89578
 0.91539
 0.78852
 0.77982
 0.7696499999999999
 0.8398600000000001
 0.7238
 0.79134
 0.84415
 0.8896500000000001
 0
 0
 0.66667
 1
 1
 0.66667
 0.42857
 1
 1
 1
 0.81818
 1
 1
 1
 0.8
 1
 1
 1
 1
 0
 1
 1
 0
 0
 0
 1
 0
 1
 1
 1
 0
 0
 1
 1.2381
 1.125
 0.84167
 0.73691
 0.98214
 1.03571
 1.03115
 0.89312
 1.00884
 0.98869
 1.01511
 0.8912099999999999
 1.03235
 0.94833
 1.0348
 0.99318
 0.65496
 0.97414
 1.04642
 0.5410700000000001
 0.42859
 0.59379
 0.875
 0.56253
 0.6666800000000001
 0.78521
 0.93576
 0
 0
 0.78929
 0.68313
 0.87974
 0.95182
 0.93174
 0.96108
 0.92915
 0.92501
 0.91892
 0.94229
 0.95247
 0.97133
 0.95233
 0.89735
 0.83239
 0.8546899999999999
 0.84922
 0.89081
 0.88519
 0.85642
 0.82303
 0.88058
 0.85563
 0.81408
 0.8036
 0.84054
 0.83312
 0.88772
 0
 0
 0.25002
 0.94415
 0.8535700000000001
 0.93081
 0.91054
 0.96685
 0.97556
 0.9618100000000001
 0.97337
 0.9887
 0.99003
 0.9908
 0.96963
 0.89536
 0.84919
 0.85993
 0.842
 0.84928
 0.87883
 0.86973
 0.80494
 0.7997
 0.76373
 0.79967
 0.74258
 0.79528
 0.83577
 0.88605
 0
 0
 1
 1
 1
 1
 1
 1
 1
 1
 1
 1
 1
 1
 1
 1
 1
 1
 1
 1
 1
 1
 1
 1
 1
 1
 1
 1
 1
 1
 0
 0
 1
 1.17545
 1.09662
 1.11036
 0.94336
 0.94156
 1.07518
 0.91833
 0.9252
 1.01479
 0.96929
 0.98841
 0.89835
 0.95365
 0.77706
 0.91368
 0.79596
 0.96635
 0.99938
 0.87336
 0.88189
 0.70667
 1.04466
 0.89401
 0.88748
 0.99135
 0.49631
 0.7482799999999999
 0
 0
 0.78929
 0.68313
 0.90665
 1.06224
 0.9801299999999999
 1.05344
 1.01341
 0.89902
 0.92848
 1.02955
 0.94722
 0.94399
 0.92445
 1.09844
 0.85096
 0.92205
 0.93179
 0.8164400000000001
 0.95789
 0.84468
 0.8613
 0.90825
 0.80338
 0.82812
 0.81514
 0.8682
 0.91513
 0.94125
 0
 0
 0
 0
 0
 0
 0
 0
 0
 0
 0
 0
 0
 0
 0
 0
 0
 0
 0
 0
 0
 0
 0
 0
 0
 0
 0
 0
 0
 0
 0
 0
 0
 0
 0
 0
 0
 0
 0
 0
 0
 0
 0
 0
 0
 0
 0
 0
 0
 0
 0
 0
 0
 0
 0
 0
 0
 0
 0
 0
 0
 0
 0
 0
 0
 0
 0
 0
 0
 0
 0
 0
 0
 0
 0
 0
 0
 0
 0
 0
 0
 0
 0
 0
 0
 0
 0
 0
 0
 0
 0
 0
 0
 0
 0
 0
 0
 0
 0
 0
 0
 0
 0
 0
 0
 0
 0
 0
 0
 0
 0
 0
 0
 0
 0
 0
 0
 0
 0
 0
 0
 0
 0
 0
 0
 0
 0
 0
 0
 0
 0
 0
 0
 0
 0
 0
 0
 0
 0
 0
 0
 0
 0
 0
 0
 0
 0
 0
 0
 0
 0
 0
 1
 1
 1
 1
 1
 1
 1
 1
 1
 1
 1
 1
 1
 1
 1
 1
 1
 1
 1
 1
 1
 1
 1
 1
 1
 1
 1
 1
 0
 0
 0
 0
 0
 0
 0
 0
 0
 0
 0
 0
 0
 0
 0
 0
 0
 0
 0
 0
 0
 0
 0
 0
 0
 0
 0
 0
 0
 0
 0
 0
 0
 0
 0
 0
 0
 0
 0
 0
 0
 0
 0
 0
 0
 0
 0
 0
 0
 0
 0
 0
 0
 0
 0
 0
 0
 0
 0
 0


# name: vars
# type: matrix
# ndims: 3
 1 30 19
 0
 0
 0.078276
 0.068233
 0.051152
 0.041545
 0.037978
 0.036126
 0.025479
 0.019892
 0.02182
 0.034012
 0.014495
 0.016958
 0.015961
 0.005428
 0.019953
 0.010243
 0.022253
 0.016667
 0.015873
 0.011494
 0.012253
 0.017634
 0.008198
 0.011131
 0.026362
 0.008461
 0.003057
 0.013989
 0
 0
 0.33333
 0
 0.2
 0.3
 0.05
 0.05
 0
 0.05
 0.05
 0
 0
 0
 0.02222
 0.08889
 0.18889
 0.1125
 0.09375
 0.075
 0.043
 0.032
 0.1055
 0.128
 0.092
 0.13422
 0.172
 0.11867
 0.09422
 0.05556
 0
 0
 0
 0
 0
 0
 0
 0
 0
 0
 0
 0
 0
 0
 0
 0
 0
 0
 0
 0
 0
 0
 0
 0
 0
 0
 0
 0
 0
 0
 0
 0
 0.09375
 0.000368
 0.044051
 0.055828
 0.012251
 0.002705
 0.000381
 0.015218
 0.006441
 0.000512
 0.000864
 0.000326
 0.006779
 0.023997
 0.031698
 0.025869
 0.023095
 0.02782
 0.019445
 0.014943
 0.032954
 0.035468
 0.032884
 0.024104
 0.038352
 0.032219
 0.024631
 0.018717
 0
 0
 0
 0
 0
 0
 0
 0
 0
 0
 0
 0
 0
 0
 0
 0
 0
 0
 0
 0
 0
 0
 0
 0
 0
 0
 0
 0
 0
 0
 0
 0
 0
 0
 0
 0
 0
 0
 0
 0
 0
 0
 0
 0
 0
 0
 0
 0
 0
 0
 0
 0
 0
 0
 0
 0
 0
 0
 0
 0
 0
 0
 0
 0
 0
 0
 0
 0
 0
 0
 0
 0
 0
 0
 0
 0
 0
 0
 0
 0
 0
 0
 0
 0
 0
 0
 0
 0
 0
 0
 0
 0
 0.09375
 0.014416
 0.054814
 0.024318
 0.016264
 0.003013
 0.006318
 0.004652
 0.002911
 0.002364
 0.0011
 0.001729
 0.005433
 0.016901
 0.026764
 0.021749
 0.030459
 0.02949
 0.02625
 0.028092
 0.030658
 0.030481
 0.036653
 0.040091
 0.037878
 0.038626
 0.028279
 0.025191
 0
 0
 0
 0
 0
 0
 0
 0
 0
 0
 0
 0
 0
 0
 0
 0
 0
 0
 0
 0
 0
 0
 0
 0
 0
 0
 0
 0
 0
 0
 0
 0
 0
 0
 0
 0
 0
 0
 0
 0
 0
 0
 0
 0
 0
 0
 0
 0
 0
 0
 0
 0
 0
 0
 0
 0
 0
 0
 0
 0
 0
 0
 0
 0
 0
 0
 0
 0
 0
 0
 0
 0
 0
 0
 0
 0
 0
 0
 0
 0
 0
 0
 0
 0
 0
 0
 0
 0
 0
 0
 0
 0
 0
 0
 0
 0
 0
 0
 0
 0
 0
 0
 0
 0
 0
 0
 0
 0
 0
 0
 0
 0
 0
 0
 0
 0
 0
 0
 0
 0
 0
 0
 0
 0
 0
 0
 0
 0
 0
 0
 0
 0
 0
 0
 0
 0
 0
 0
 0
 0
 0
 0
 0
 0
 0
 0
 0
 0
 0
 0
 0
 0
 0
 0
 0
 0
 0
 0
 0
 0
 0
 0
 0
 0
 0
 0
 0
 0
 0
 0
 0
 0
 0
 0
 0
 0
 0
 0
 0
 0
 0
 0
 0
 0
 0
 0
 0
 0
 0
 0
 0
 0
 0
 0
 0
 0
 0
 0
 0
 0
 0
 0
 0
 0
 0
 0
 0
 0
 0
 0
 0
 0
 0
 0
 0
 0
 0
 0
 0
 0
 0
 0
 0
 0
 0
 0
 0
 0
 0
 0
 0
 0
 0
 0
 0
 0
 0
 0
 0
 0
 0
 0
 0
 0
 0
 0
 0
 0
 0
 0
 0
 0
 0
 0
 0
 0
 0
 0
 0
 0
 0
 0
 0
 0
 0
 0
 0
 0
 0
 0
 0
 0
 0
 0
 0
 0
 0
 0
 0
 0
 0
 0
 0
 0
 0
 0
 0
 0
 0
 0
 0
 0
 0
 0
 0
 0
 0
 0
 0
 0
 0
 0
 0
 0
 0
 0
 0
 0
 0
 0
 0
 0
 0
 0
 0
 0
 0
 0
 0
 0
 0
 0
 0
 0
 0
 0
 0
 0
 0
 0


