# Created by Octave 4.0.0, Sat Nov 21 16:32:26 2015 W. Europe Standard Time <unknown@Florian-PC>
# name: mus
# type: matrix
# ndims: 3
 1 30 19
 0
 0
 0.599
 0.50253
 0.50127
 0.50253
 0.49624
 0.51276
 0.51452
 0.51026
 0.51326
 0.51263
 0.50795
 0.51276
 0.58205
 0.5651
 0.56607
 0.5643899999999999
 0.55138
 0.6157899999999999
 0.76441
 0.63258
 0.71071
 0.71094
 0.704
 0.71846
 0.77886
 0.7525500000000001
 0.7789199999999999
 0.78974
 0
 0
 0.33333
 1
 0.8
 0.6
 0.9
 0.9
 0.9
 0.9
 0.9
 1
 1
 1
 0.93333
 0.93333
 0.93333
 0.95
 0.95
 0.9
 0.8
 0.8100000000000001
 0.87
 0.88
 0.88
 0.88667
 0.82
 0.84667
 0.86
 0.9
 0
 0
 0.54617
 0.86655
 0.8882
 0.84089
 0.9150700000000001
 0.91572
 0.9142400000000001
 0.95386
 0.93811
 0.95714
 0.94803
 0.95913
 0.9218499999999999
 0.9423
 0.92013
 0.9484
 0.9458
 0.94789
 0.90783
 0.88544
 0.88406
 0.88174
 0.86471
 0.88035
 0.8908700000000001
 0.8882100000000001
 0.91655
 0.89904
 0
 0
 0.35711
 0.87654
 0.75875
 0.80763
 0.8787700000000001
 0.90276
 0.89114
 0.93022
 0.92676
 0.95672
 0.96921
 0.96826
 0.92054
 0.92038
 0.93082
 0.92925
 0.93507
 0.92233
 0.86304
 0.82806
 0.82764
 0.83995
 0.8435
 0.84809
 0.84976
 0.85508
 0.8642300000000001
 0.8692299999999999
 0
 0
 0
 1
 0.8
 0.66667
 1
 1
 0.88889
 1
 1
 1
 1
 1
 1
 1
 1
 1
 1
 1
 1
 1
 1
 1
 1
 1
 1
 1
 1
 1
 0
 0
 0
 0.92569
 0.88104
 0.8238
 0.98909
 0.98249
 0.90992
 0.94267
 0.92731
 0.96532
 0.9696399999999999
 0.97344
 0.91765
 0.93558
 0.94814
 0.92398
 0.95076
 0.92796
 0.87715
 0.79633
 0.8355
 0.85938
 0.83929
 0.90743
 0.91227
 0.76123
 0.86835
 0.91659
 0
 0
 0.57859
 0.62505
 0.80987
 0.8696700000000001
 0.87021
 0.89194
 0.91012
 0.94464
 0.92413
 0.87962
 0.9410500000000001
 0.89555
 0.92005
 0.9172400000000001
 0.94857
 0.91362
 0.93511
 0.8804999999999999
 0.88657
 0.87658
 0.83611
 0.90956
 0.90039
 0.9045800000000001
 0.88274
 0.88376
 0.93165
 0.91882
 0
 0
 0.37236
 0.81094
 0.77417
 0.79763
 0.88184
 0.89286
 0.88084
 0.91255
 0.89001
 0.92123
 0.9234
 0.91157
 0.87043
 0.87651
 0.8821
 0.88339
 0.88393
 0.87308
 0.83121
 0.79328
 0.78294
 0.80176
 0.7989000000000001
 0.79939
 0.79793
 0.81269
 0.8204399999999999
 0.82765
 0
 0
 0.94285
 0.91835
 0.9408
 0.9619
 0.91908
 0.93875
 0.9073
 0.90122
 0.90939
 0.92572
 0.91076
 0.91121
 0.9125799999999999
 0.90503
 0.92014
 0.90441
 0.90547
 0.91657
 0.89541
 0.90871
 0.90357
 0.91206
 0.89852
 0.90213
 0.90744
 0.91438
 0.90615
 0.89615
 0
 0
 0
 0.90983
 0.93199
 0.96684
 0.96612
 0.97155
 0.93669
 0.93146
 0.9205100000000001
 0.95068
 0.98789
 0.98049
 0.90822
 0.93963
 0.9423
 0.9388
 0.93353
 0.92508
 0.85766
 0.8233
 0.8368100000000001
 0.83814
 0.84297
 0.83196
 0.84497
 0.84682
 0.85948
 0.8634500000000001
 0
 0
 0.57859
 0.6208900000000001
 0.7727000000000001
 0.86298
 0.80524
 0.87645
 0.93258
 0.93972
 0.94639
 0.62679
 0.86702
 0.88642
 0.9761
 0.94706
 0.8879
 0.8954
 0.91595
 0.90028
 0.8747
 0.8108300000000001
 0.84944
 0.9388300000000001
 0.84806
 0.87638
 0.91926
 0.91472
 0.88934
 0.93548
 0
 0
 0
 0
 0
 0
 0
 0
 0
 0
 0
 0
 0
 0
 0
 0
 0
 0
 0
 0
 0
 0
 0
 0
 0
 0
 0
 0
 0
 0
 0
 0
 0
 0
 0
 0
 0
 0
 0
 0
 0
 0
 0
 0
 0
 0
 0
 0
 0
 0
 0
 0
 0
 0
 0
 0
 0
 0
 0
 0
 0
 0
 0
 0
 0
 0
 0
 0
 0
 0
 0
 0
 0
 0
 0
 0
 0
 0
 0
 0
 0
 0
 0
 0
 0
 0
 0
 0
 0
 0
 0
 0
 0
 0
 0
 0
 0
 0
 0
 0
 0
 0
 0
 0
 0
 0
 0
 0
 0
 0
 0
 0
 0
 0
 0
 0
 0
 0
 0
 0
 0
 0
 0
 0
 0
 0
 0
 0
 0
 0
 0
 0
 0
 0
 0
 0
 0
 0
 0
 0
 0
 0
 0
 0
 0
 0
 0
 0
 0
 0
 0
 0
 0.8625
 0.90282
 0.89775
 0.9414
 0.92404
 0.90034
 0.9174600000000001
 0.9039199999999999
 0.94975
 0.90742
 0.9214599999999999
 0.91165
 0.91328
 0.9186800000000001
 0.9174099999999999
 0.91448
 0.91028
 0.89936
 0.90459
 0.91442
 0.89723
 0.91047
 0.90612
 0.90228
 0.9025
 0.90333
 0.90242
 0.9067499999999999
 0
 0
 0
 0
 0
 0
 0
 0
 0
 0
 0
 0
 0
 0
 0
 0
 0
 0
 0
 0
 0
 0
 0
 0
 0
 0
 0
 0
 0
 0
 0
 0
 0
 0
 0
 0
 0
 0
 0
 0
 0
 0
 0
 0
 0
 0
 0
 0
 0
 0
 0
 0
 0
 0
 0
 0
 0
 0
 0
 0


