# Created by Octave 4.0.0, Sat Nov 21 16:32:14 2015 W. Europe Standard Time <unknown@Florian-PC>
# name: mus
# type: matrix
# ndims: 3
 1 30 19
 0
 0
 0.49373
 0.65657
 0.6759500000000001
 0.6805600000000001
 0.67419
 0.69643
 0.70896
 0.67179
 0.6843399999999999
 0.66414
 0.6448700000000001
 0.66135
 0.70256
 0.71615
 0.78318
 0.77652
 0.7368400000000001
 0.76842
 0.78446
 0.77273
 0.84257
 0.85547
 0.848
 0.8497400000000001
 0.85594
 0.83801
 0.86138
 0.8666700000000001
 0
 0
 1
 0.75
 0.6
 0.8
 1
 0.7
 0.8
 0.8
 0.8
 0.83333
 0.73333
 0.66667
 0.6
 0.6166700000000001
 0.51667
 0.53333
 0.51667
 0.6
 0.5600000000000001
 0.59
 0.58
 0.54
 0.5600000000000001
 0.62
 0.62
 0.7466699999999999
 0.82667
 0.76667
 0
 0
 1
 0.75919
 0.69052
 0.8365899999999999
 0.83767
 0.77981
 0.7244
 0.78074
 0.6974
 0.67762
 0.75819
 0.6829499999999999
 0.6616300000000001
 0.65152
 0.63869
 0.61272
 0.55477
 0.58316
 0.61675
 0.6126
 0.60186
 0.52501
 0.56311
 0.56158
 0.63723
 0.61354
 0.63086
 0.59561
 0
 0
 1
 0.74522
 0.48861
 0.75568
 0.75861
 0.61381
 0.65808
 0.73392
 0.6594100000000001
 0.716
 0.75944
 0.70413
 0.6590200000000001
 0.61024
 0.5696
 0.63552
 0.5583
 0.62587
 0.58562
 0.62116
 0.61502
 0.5876400000000001
 0.61214
 0.61496
 0.64066
 0.63397
 0.65586
 0.6190099999999999
 0
 0
 1
 1
 1
 0.66667
 1
 0.75
 0.66667
 0.7
 0.90909
 0.66667
 0.92308
 0.22222
 0.4
 0.66667
 1
 1
 1
 0
 1
 1
 1
 1
 0
 1
 1
 1
 1
 1
 0
 0
 1
 0.96551
 0.90704
 0.7340100000000001
 0.89783
 0.72997
 0.6746
 0.7514
 0.75709
 0.7308
 0.81582
 0.6029
 0.58499
 0.6117
 0.68192
 0.72866
 0.6621
 0.42884
 0.63042
 0.65388
 0.70805
 0.70316
 0.54447
 0.6954399999999999
 0.72621
 0.69521
 0.70008
 0.59699
 0
 0
 1
 0.8738899999999999
 0.72006
 0.76385
 0.75224
 0.7406199999999999
 0.6696299999999999
 0.73264
 0.70073
 0.6992699999999999
 0.69269
 0.7188099999999999
 0.62516
 0.66951
 0.62757
 0.62932
 0.6498
 0.64071
 0.65242
 0.66416
 0.62696
 0.62114
 0.6555299999999999
 0.67788
 0.66777
 0.64794
 0.65445
 0.6432099999999999
 0
 0
 1
 0.75941
 0.49851
 0.73522
 0.74193
 0.62039
 0.63684
 0.6369899999999999
 0.60138
 0.6291600000000001
 0.6946099999999999
 0.6459
 0.61264
 0.59815
 0.53796
 0.5659
 0.53773
 0.57014
 0.5400700000000001
 0.5752699999999999
 0.55757
 0.54472
 0.56387
 0.56691
 0.57016
 0.5712
 0.56968
 0.5623
 0
 0
 0.97175
 0.92781
 0.93579
 0.9097
 0.90642
 0.9040899999999999
 0.90927
 0.92741
 0.92624
 0.92292
 0.93397
 0.9267
 0.92596
 0.9033600000000001
 0.9048
 0.89918
 0.9141899999999999
 0.91343
 0.9084
 0.89314
 0.90763
 0.9030899999999999
 0.91248
 0.91528
 0.8993100000000001
 0.90473
 0.90102
 0.9005
 0
 0
 1
 0.97181
 0.78081
 0.81531
 0.84992
 0.60834
 0.67494
 0.7045400000000001
 0.6584100000000001
 0.72214
 0.7942399999999999
 0.60483
 0.64771
 0.62055
 0.56355
 0.62278
 0.5567800000000001
 0.56387
 0.54528
 0.57784
 0.59781
 0.54759
 0.55905
 0.6053500000000001
 0.63507
 0.65711
 0.63479
 0.62144
 0
 0
 1
 0.777
 0.72954
 0.7468900000000001
 0.75038
 0.71149
 0.71412
 0.74099
 0.71422
 0.71067
 0.70322
 0.69533
 0.6150099999999999
 0.67605
 0.58322
 0.6499
 0.6658500000000001
 0.64516
 0.60914
 0.5956900000000001
 0.61456
 0.67728
 0.49369
 0.53834
 0.65081
 0.62906
 0.60671
 0.67467
 0
 0
 0
 0
 0
 0
 0
 0
 0
 0
 0
 0
 0
 0
 0
 0
 0
 0
 0
 0
 0
 0
 0
 0
 0
 0
 0
 0
 0
 0
 0
 0
 0
 0
 0
 0
 0
 0
 0
 0
 0
 0
 0
 0
 0
 0
 0
 0
 0
 0
 0
 0
 0
 0
 0
 0
 0
 0
 0
 0
 0
 0
 0
 0
 0
 0
 0
 0
 0
 0
 0
 0
 0
 0
 0
 0
 0
 0
 0
 0
 0
 0
 0
 0
 0
 0
 0
 0
 0
 0
 0
 0
 0
 0
 0
 0
 0
 0
 0
 0
 0
 0
 0
 0
 0
 0
 0
 0
 0
 0
 0
 0
 0
 0
 0
 0
 0
 0
 0
 0
 0
 0
 0
 0
 0
 0
 0
 0
 0
 0
 0
 0
 0
 0
 0
 0
 0
 0
 0
 0
 0
 0
 0
 0
 0
 0
 0
 0
 0
 0
 0
 0
 0.91953
 0.91905
 0.92859
 0.9167
 0.9059
 0.91764
 0.88818
 0.9100200000000001
 0.9226799999999999
 0.91665
 0.94063
 0.93177
 0.90178
 0.9132400000000001
 0.91473
 0.91214
 0.91027
 0.90757
 0.90391
 0.90554
 0.8972
 0.9015
 0.90829
 0.90227
 0.90523
 0.89537
 0.90112
 0.91094
 0
 0
 0
 0
 0
 0
 0
 0
 0
 0
 0
 0
 0
 0
 0
 0
 0
 0
 0
 0
 0
 0
 0
 0
 0
 0
 0
 0
 0
 0
 0
 0
 0
 0
 0
 0
 0
 0
 0
 0
 0
 0
 0
 0
 0
 0
 0
 0
 0
 0
 0
 0
 0
 0
 0
 0
 0
 0
 0
 0


