# Created by Octave 4.0.0, Sat Nov 21 16:32:11 2015 W. Europe Standard Time <unknown@Florian-PC>
# name: mus
# type: matrix
# ndims: 3
 1 30 19
 0
 0
 0.53634
 0.6843399999999999
 0.69114
 0.71591
 0.72932
 0.77551
 0.71907
 0.84872
 0.80366
 0.77273
 0.83026
 0.79464
 0.83333
 0.79427
 0.8573499999999999
 0.87121
 0.86466
 0.85789
 0.87218
 0.86237
 0.8474
 0.86589
 0.864
 0.87179
 0.85534
 0.8227
 0.85538
 0.85385
 0
 0
 0.66667
 0.5
 0.8
 0.5
 0.6
 0.6
 0.6
 0.7
 0.53333
 0.66667
 0.6
 0.6333299999999999
 0.4
 0.7
 0.78333
 0.68333
 0.75
 0.75
 0.9
 0.6899999999999999
 0.77
 0.62
 0.68
 0.7
 0.82667
 0.78
 0.7466699999999999
 0.73333
 0
 0
 0.7432
 0.6641899999999999
 0.83052
 0.65865
 0.56831
 0.72334
 0.65529
 0.71879
 0.7303500000000001
 0.61236
 0.55115
 0.60802
 0.63863
 0.52534
 0.54991
 0.57087
 0.62163
 0.64472
 0.71913
 0.6133
 0.61371
 0.63761
 0.62493
 0.5764899999999999
 0.57848
 0.61312
 0.6296
 0.61327
 0
 0
 0.80265
 0.62148
 0.65363
 0.52154
 0.55867
 0.56162
 0.52513
 0.57589
 0.61675
 0.63107
 0.58021
 0.5472399999999999
 0.59316
 0.60715
 0.572
 0.54483
 0.55803
 0.57021
 0.54055
 0.5513400000000001
 0.57174
 0.57509
 0.57507
 0.57163
 0.57712
 0.59373
 0.57599
 0.57175
 0
 0
 0.66667
 0.75
 1
 0.16667
 0.57143
 0.625
 0.66667
 0.4
 0.54545
 0.83333
 0.53846
 0.33333
 0.4
 0.66667
 0.5
 1
 1
 1
 1
 0
 1
 0
 1
 1
 1
 1
 0
 1
 0
 0
 0.7056
 0.70423
 0.7998499999999999
 0.46656
 0.54984
 0.65768
 0.54261
 0.54715
 0.59612
 0.71882
 0.55462
 0.52551
 0.57733
 0.57931
 0.53713
 0.6334
 0.62677
 0.65225
 0.53922
 0.5411899999999999
 0.70108
 0.5538999999999999
 0.62038
 0.52573
 0.57104
 0.6039600000000001
 0.62093
 0.55394
 0
 0
 0.78929
 0.87904
 0.89388
 0.75329
 0.67543
 0.67611
 0.70753
 0.72315
 0.69525
 0.75872
 0.73044
 0.72702
 0.69284
 0.68727
 0.6839499999999999
 0.71626
 0.65001
 0.64446
 0.67366
 0.65915
 0.675
 0.69914
 0.6873899999999999
 0.68483
 0.67782
 0.67808
 0.66164
 0.68437
 0
 0
 0.80099
 0.61456
 0.65947
 0.52236
 0.52689
 0.58084
 0.51168
 0.57578
 0.6081
 0.59577
 0.58653
 0.55499
 0.57517
 0.60217
 0.56746
 0.56045
 0.55867
 0.56662
 0.55715
 0.55774
 0.58074
 0.5780999999999999
 0.57611
 0.57631
 0.57702
 0.60101
 0.57589
 0.57169
 0
 0
 0.99996
 0.99999
 1
 1
 1
 1
 1
 1
 1
 0.99986
 0.9954499999999999
 0.98695
 0.9761
 0.97529
 0.96599
 0.97357
 0.97067
 0.96433
 0.96274
 0.95235
 0.96512
 0.95985
 0.9587599999999999
 0.95882
 0.95656
 0.94745
 0.95275
 0.94575
 0
 0
 0.74677
 0.7412300000000001
 0.59682
 0.47953
 0.49793
 0.54506
 0.54115
 0.55796
 0.59416
 0.63995
 0.56277
 0.53091
 0.55686
 0.61986
 0.54231
 0.5654400000000001
 0.56419
 0.5457
 0.53474
 0.5404
 0.57001
 0.56615
 0.56376
 0.5638300000000001
 0.61177
 0.5724399999999999
 0.56228
 0.55714
 0
 0
 0.78929
 0.87402
 0.88061
 0.7459
 0.6997100000000001
 0.67402
 0.6998
 0.67464
 0.69467
 0.7343499999999999
 0.69386
 0.68536
 0.68427
 0.67666
 0.6506999999999999
 0.66216
 0.63862
 0.65789
 0.6316000000000001
 0.64874
 0.6458199999999999
 0.65094
 0.6417
 0.65036
 0.66756
 0.64981
 0.66165
 0.65859
 0
 0
 0
 0
 0
 0
 0
 0
 0
 0
 0
 0
 0
 0
 0
 0
 0
 0
 0
 0
 0
 0
 0
 0
 0
 0
 0
 0
 0
 0
 0
 0
 0
 0
 0
 0
 0
 0
 0
 0
 0
 0
 0
 0
 0
 0
 0
 0
 0
 0
 0
 0
 0
 0
 0
 0
 0
 0
 0
 0
 0
 0
 0
 0
 0
 0
 0
 0
 0
 0
 0
 0
 0
 0
 0
 0
 0
 0
 0
 0
 0
 0
 0
 0
 0
 0
 0
 0
 0
 0
 0
 0
 0
 0
 0
 0
 0
 0
 0
 0
 0
 0
 0
 0
 0
 0
 0
 0
 0
 0
 0
 0
 0
 0
 0
 0
 0
 0
 0
 0
 0
 0
 0
 0
 0
 0
 0
 0
 0
 0
 0
 0
 0
 0
 0
 0
 0
 0
 0
 0
 0
 0
 0
 0
 0
 0
 0
 0
 0
 0
 0
 0
 0.99997
 1
 1
 1
 1
 1
 1
 1
 1
 0.99864
 0.99178
 0.9860100000000001
 0.97365
 0.97789
 0.97128
 0.97238
 0.96813
 0.9696
 0.96388
 0.96758
 0.96502
 0.95864
 0.96028
 0.95956
 0.95611
 0.95247
 0.95304
 0.95309
 0
 0
 0
 0
 0
 0
 0
 0
 0
 0
 0
 0
 0
 0
 0
 0
 0
 0
 0
 0
 0
 0
 0
 0
 0
 0
 0
 0
 0
 0
 0
 0
 0
 0
 0
 0
 0
 0
 0
 0
 0
 0
 0
 0
 0
 0
 0
 0
 0
 0
 0
 0
 0
 0
 0
 0
 0
 0
 0
 0


