# Created by Octave 4.0.0, Sat Nov 21 16:32:13 2015 W. Europe Standard Time <unknown@Florian-PC>
# name: mus
# type: matrix
# ndims: 3
 1 30 19
 0
 0
 0.61905
 0.67172
 0.67089
 0.67045
 0.62907
 0.6199
 0.60985
 0.62308
 0.63889
 0.62374
 0.6259
 0.5924700000000001
 0.59359
 0.63802
 0.65843
 0.67172
 0.68421
 0.68421
 0.6391
 0.6856100000000001
 0.6786
 0.6849
 0.67467
 0.6959
 0.6791700000000001
 0.67857
 0.6795099999999999
 0.69231
 0
 0
 0.66667
 0.25
 0.8
 0.8
 0.7
 0.4
 0.7
 0.8
 0.7
 0.83333
 0.73333
 0.73333
 0.53333
 0.6166700000000001
 0.58333
 0.68333
 0.46667
 0.7
 0.63
 0.7
 0.68
 0.68
 0.72
 0.76
 0.8666700000000001
 0.78
 0.78667
 0.8
 0
 0
 0.7837499999999999
 0.56514
 0.81724
 0.8440800000000001
 0.78714
 0.6919999999999999
 0.67424
 0.68299
 0.6897799999999999
 0.73683
 0.64486
 0.50788
 0.68111
 0.59953
 0.5946900000000001
 0.60889
 0.57159
 0.59082
 0.61737
 0.67752
 0.61791
 0.5420700000000001
 0.58089
 0.6849
 0.68791
 0.76742
 0.63915
 0.69682
 0
 0
 0.67314
 0.32782
 0.69293
 0.74
 0.62192
 0.60693
 0.64071
 0.7017
 0.63919
 0.67818
 0.64977
 0.59318
 0.6777
 0.59988
 0.58958
 0.56452
 0.57845
 0.57121
 0.62781
 0.60124
 0.62549
 0.59576
 0.62658
 0.63234
 0.64646
 0.6785
 0.6722900000000001
 0.7074
 0
 0
 1
 0.25
 0.8
 0.66667
 0.85714
 0.5
 0.77778
 0.7
 0.45455
 0.83333
 1
 0.66667
 0.6
 1
 1
 1
 0
 0
 0
 1
 1
 0
 1
 0
 1
 1
 0
 1
 0
 0
 0.86551
 0.24919
 0.88939
 0.76588
 0.80483
 0.57724
 0.7265200000000001
 0.70511
 0.62551
 0.75546
 0.75645
 0.63076
 0.63964
 0.68866
 0.69352
 0.67216
 0.44463
 0.511
 0.55926
 0.744
 0.65313
 0.53616
 0.79143
 0.45999
 0.7345699999999999
 0.79121
 0.61389
 0.6593599999999999
 0
 0
 0.36788
 0.64959
 0.75149
 0.78311
 0.79284
 0.74637
 0.76875
 0.69646
 0.72406
 0.70036
 0.6923899999999999
 0.68316
 0.6666299999999999
 0.64325
 0.67423
 0.6536999999999999
 0.66087
 0.66181
 0.66643
 0.67665
 0.67198
 0.66051
 0.67531
 0.69137
 0.71269
 0.70092
 0.70681
 0.7261300000000001
 0
 0
 0.64702
 0.34007
 0.73014
 0.74998
 0.65368
 0.60658
 0.60198
 0.62646
 0.5969
 0.6418700000000001
 0.60989
 0.55133
 0.59565
 0.56737
 0.55422
 0.54312
 0.55342
 0.55065
 0.56196
 0.56641
 0.57508
 0.5639
 0.5672199999999999
 0.58678
 0.58585
 0.59923
 0.60817
 0.61476
 0
 0
 0.99372
 0.92531
 0.90827
 0.94895
 0.89047
 0.93215
 0.90946
 0.92849
 0.93299
 0.91342
 0.92174
 0.92619
 0.92382
 0.91118
 0.91638
 0.90219
 0.90444
 0.90412
 0.90445
 0.90813
 0.90565
 0.90179
 0.89882
 0.91205
 0.90615
 0.91182
 0.92001
 0.90268
 0
 0
 0.80079
 0.29309
 0.93886
 0.47989
 0.64933
 0.62483
 0.60872
 0.66335
 0.72804
 0.72207
 0.61958
 0.57584
 0.66958
 0.6012999999999999
 0.58518
 0.58009
 0.53107
 0.5444600000000001
 0.55694
 0.6402099999999999
 0.59956
 0.56896
 0.6435999999999999
 0.77513
 0.6333
 0.63684
 0.6604
 0.69331
 0
 0
 0.36788
 0.32868
 0.7905
 0.74809
 0.77207
 0.65868
 0.74886
 0.66706
 0.66227
 0.6890500000000001
 0.7151
 0.71256
 0.67804
 0.65028
 0.68721
 0.65667
 0.66407
 0.67227
 0.65517
 0.6668500000000001
 0.59667
 0.63976
 0.66647
 0.67139
 0.49668
 0.68535
 0.8085
 0.69681
 0
 0
 0
 0
 0
 0
 0
 0
 0
 0
 0
 0
 0
 0
 0
 0
 0
 0
 0
 0
 0
 0
 0
 0
 0
 0
 0
 0
 0
 0
 0
 0
 0
 0
 0
 0
 0
 0
 0
 0
 0
 0
 0
 0
 0
 0
 0
 0
 0
 0
 0
 0
 0
 0
 0
 0
 0
 0
 0
 0
 0
 0
 0
 0
 0
 0
 0
 0
 0
 0
 0
 0
 0
 0
 0
 0
 0
 0
 0
 0
 0
 0
 0
 0
 0
 0
 0
 0
 0
 0
 0
 0
 0
 0
 0
 0
 0
 0
 0
 0
 0
 0
 0
 0
 0
 0
 0
 0
 0
 0
 0
 0
 0
 0
 0
 0
 0
 0
 0
 0
 0
 0
 0
 0
 0
 0
 0
 0
 0
 0
 0
 0
 0
 0
 0
 0
 0
 0
 0
 0
 0
 0
 0
 0
 0
 0
 0
 0
 0
 0
 0
 0
 0.86566
 0.94575
 0.93946
 0.9443
 0.9204
 0.93319
 0.91196
 0.92715
 0.93129
 0.93166
 0.93549
 0.92126
 0.91948
 0.91727
 0.91117
 0.90262
 0.90586
 0.90993
 0.90715
 0.89328
 0.90678
 0.90166
 0.89736
 0.9061399999999999
 0.90368
 0.89546
 0.90725
 0.9016999999999999
 0
 0
 0
 0
 0
 0
 0
 0
 0
 0
 0
 0
 0
 0
 0
 0
 0
 0
 0
 0
 0
 0
 0
 0
 0
 0
 0
 0
 0
 0
 0
 0
 0
 0
 0
 0
 0
 0
 0
 0
 0
 0
 0
 0
 0
 0
 0
 0
 0
 0
 0
 0
 0
 0
 0
 0
 0
 0
 0
 0


