# Created by Octave 4.0.0, Sat Nov 21 16:32:07 2015 W. Europe Standard Time <unknown@Florian-PC>
# name: mus
# type: matrix
# ndims: 3
 1 30 19
 0
 0
 0.57644
 0.59596
 0.5974699999999999
 0.59091
 0.73935
 0.74235
 0.73106
 0.73333
 0.74053
 0.7399
 0.73513
 0.72577
 0.74615
 0.77083
 0.74737
 0.75758
 0.6892200000000001
 0.71579
 0.66667
 0.65278
 0.6786
 0.67839
 0.744
 0.76103
 0.7607
 0.76913
 0.83877
 0.8
 0
 0
 0.66667
 0.5
 0.8
 0.6
 0.5
 0.8
 0.9
 0.9
 0.9
 0.9
 0.93333
 0.8666700000000001
 0.66667
 0.8
 0.81667
 0.56667
 0.6
 0.75
 0.76
 0.78
 0.78
 0.79
 0.76
 0.74
 0.81333
 0.71333
 0.79333
 0.8666700000000001
 0
 0
 0.76479
 0.65521
 0.83612
 0.85554
 0.73147
 0.80931
 0.79761
 0.79431
 0.9134
 0.85251
 0.87366
 0.7892400000000001
 0.79589
 0.76737
 0.83268
 0.73584
 0.7643
 0.80946
 0.82448
 0.79535
 0.81649
 0.76201
 0.8387
 0.84396
 0.83711
 0.88132
 0.86164
 0.84367
 0
 0
 0.69445
 0.8055600000000001
 0.84945
 0.84202
 0.77916
 0.74091
 0.87077
 0.86699
 0.89355
 0.9309500000000001
 0.95051
 0.85389
 0.82124
 0.82858
 0.84207
 0.77334
 0.78727
 0.82272
 0.81629
 0.8225
 0.82911
 0.87233
 0.87768
 0.86864
 0.87743
 0.86657
 0.88736
 0.95156
 0
 0
 1
 0.5
 1
 0.83333
 0.57143
 0.625
 0.66667
 0.5
 0.81818
 0.83333
 0.92308
 0.88889
 1
 0.66667
 1
 1
 1
 1
 1
 1
 1
 1
 1
 1
 1
 1
 1
 1
 0
 0
 1.40003
 0.66667
 1.2
 0.94167
 0.66072
 0.64881
 0.70883
 0.70199
 0.82652
 0.84217
 0.93013
 0.89662
 0.9692
 0.73331
 1.01862
 0.91626
 0.91591
 0.93993
 0.9695
 0.9599800000000001
 1.00591
 0.83403
 1.01148
 0.83387
 1.0625
 1.03152
 1
 1.02481
 0
 0
 0.57859
 1.07585
 0.73866
 0.91718
 0.7664
 0.76776
 0.8317
 0.78518
 0.83851
 0.83095
 0.85142
 0.77366
 0.79966
 0.8214399999999999
 0.93225
 0.82866
 0.83583
 0.8384
 0.8714
 0.78685
 0.81592
 0.82917
 0.8781600000000001
 0.86267
 0.8686700000000001
 0.85731
 0.8827199999999999
 0.90501
 0
 0
 0.69445
 0.82354
 0.8771600000000001
 0.89635
 0.79764
 0.7569900000000001
 0.87176
 0.88412
 0.8734
 0.9068000000000001
 0.91935
 0.85057
 0.78764
 0.85695
 0.84667
 0.78857
 0.80926
 0.80555
 0.82933
 0.8166600000000001
 0.83855
 0.8227
 0.84446
 0.83107
 0.8621
 0.86089
 0.87478
 0.91177
 0
 0
 1
 1
 1
 1
 1
 1
 1
 1
 1
 1
 1
 1
 1
 1
 1
 1
 1
 1
 1
 1
 1
 1
 1
 1
 1
 1
 1
 1
 0
 0
 1.40003
 0.7157
 1.23692
 1.00846
 0.68849
 0.67753
 0.81484
 0.76701
 0.79074
 0.86093
 0.86289
 0.88126
 0.85646
 0.80259
 0.88009
 0.7226
 0.93381
 0.77557
 0.94318
 0.79634
 0.8339800000000001
 0.81582
 0.75804
 0.60819
 1.03008
 0.8817199999999999
 1
 0.87115
 0
 0
 0.57859
 1.07585
 0.73804
 0.89159
 0.80892
 0.92438
 0.97464
 0.79541
 0.92952
 0.84619
 0.93626
 0.74923
 0.80598
 0.7911
 0.79489
 0.97231
 0.89051
 0.85477
 0.75395
 0.77089
 0.8153899999999999
 0.95692
 0.81977
 0.83797
 0.8754
 0.83687
 0.93241
 0.91245
 0
 0
 0
 0
 0
 0
 0
 0
 0
 0
 0
 0
 0
 0
 0
 0
 0
 0
 0
 0
 0
 0
 0
 0
 0
 0
 0
 0
 0
 0
 0
 0
 0
 0
 0
 0
 0
 0
 0
 0
 0
 0
 0
 0
 0
 0
 0
 0
 0
 0
 0
 0
 0
 0
 0
 0
 0
 0
 0
 0
 0
 0
 0
 0
 0
 0
 0
 0
 0
 0
 0
 0
 0
 0
 0
 0
 0
 0
 0
 0
 0
 0
 0
 0
 0
 0
 0
 0
 0
 0
 0
 0
 0
 0
 0
 0
 0
 0
 0
 0
 0
 0
 0
 0
 0
 0
 0
 0
 0
 0
 0
 0
 0
 0
 0
 0
 0
 0
 0
 0
 0
 0
 0
 0
 0
 0
 0
 0
 0
 0
 0
 0
 0
 0
 0
 0
 0
 0
 0
 0
 0
 0
 0
 0
 0
 0
 0
 0
 0
 0
 0
 0
 1
 1
 1
 1
 1
 1
 1
 1
 1
 1
 1
 1
 1
 1
 1
 1
 1
 1
 1
 1
 1
 1
 1
 1
 1
 1
 1
 1
 0
 0
 0
 0
 0
 0
 0
 0
 0
 0
 0
 0
 0
 0
 0
 0
 0
 0
 0
 0
 0
 0
 0
 0
 0
 0
 0
 0
 0
 0
 0
 0
 0
 0
 0
 0
 0
 0
 0
 0
 0
 0
 0
 0
 0
 0
 0
 0
 0
 0
 0
 0
 0
 0
 0
 0
 0
 0
 0
 0


# name: vars
# type: matrix
# ndims: 3
 1 30 19
 0
 0
 0.091124
 0.06977899999999999
 0.045635
 0.032634
 0.028515
 0.020448
 0.027698
 0.018596
 0.021794
 0.015086
 0.01673
 0.012382
 0.011029
 0.013474
 0.012119
 0.014564
 0.0346
 0.01307
 0.038045
 0.018826
 0.00636
 0.012845
 0.004983
 0.008659999999999999
 0.004811
 0.008265
 0.002687
 0.005185
 0
 0
 0.33333
 0.33333
 0.2
 0.3
 0.25
 0.075
 0.05
 0.05
 0.05
 0.05
 0.02222
 0.03333
 0.05556
 0.03333
 0.02917
 0.18889
 0.20625
 0.03125
 0.03175
 0.06075
 0.052
 0.0205
 0.048
 0.018
 0.02033
 0.00978
 0.033
 0.01944
 0
 0
 0
 0
 0
 0
 0
 0
 0
 0
 0
 0
 0
 0
 0
 0
 0
 0
 0
 0
 0
 0
 0
 0
 0
 0
 0
 0
 0
 0
 0
 0
 0.21527
 0.09382
 0.05873
 0.04782
 0.04429
 0.05116
 0.02827
 0.02645
 0.02035
 0.01764
 0.0097
 0.03164
 0.03289
 0.03129
 0.02704
 0.03966
 0.03469
 0.02941
 0.03184
 0.0282
 0.02693
 0.02341
 0.01903
 0.02008
 0.01999
 0.02067
 0.01907
 0.00667
 0
 0
 0
 0
 0
 0
 0
 0
 0
 0
 0
 0
 0
 0
 0
 0
 0
 0
 0
 0
 0
 0
 0
 0
 0
 0
 0
 0
 0
 0
 0
 0
 0
 0
 0
 0
 0
 0
 0
 0
 0
 0
 0
 0
 0
 0
 0
 0
 0
 0
 0
 0
 0
 0
 0
 0
 0
 0
 0
 0
 0
 0
 0
 0
 0
 0
 0
 0
 0
 0
 0
 0
 0
 0
 0
 0
 0
 0
 0
 0
 0
 0
 0
 0
 0
 0
 0
 0
 0
 0
 0
 0
 0.21527
 0.07632
 0.03393
 0.02898
 0.02277
 0.01975
 0.02309
 0.01624
 0.0167
 0.0208
 0.01561
 0.02518
 0.03168
 0.02663
 0.02753
 0.0383
 0.03228
 0.02727
 0.02602
 0.02902
 0.0278
 0.03658
 0.03159
 0.03503
 0.0272
 0.0299
 0.02713
 0.01923
 0
 0
 0
 0
 0
 0
 0
 0
 0
 0
 0
 0
 0
 0
 0
 0
 0
 0
 0
 0
 0
 0
 0
 0
 0
 0
 0
 0
 0
 0
 0
 0
 0
 0
 0
 0
 0
 0
 0
 0
 0
 0
 0
 0
 0
 0
 0
 0
 0
 0
 0
 0
 0
 0
 0
 0
 0
 0
 0
 0
 0
 0
 0
 0
 0
 0
 0
 0
 0
 0
 0
 0
 0
 0
 0
 0
 0
 0
 0
 0
 0
 0
 0
 0
 0
 0
 0
 0
 0
 0
 0
 0
 0
 0
 0
 0
 0
 0
 0
 0
 0
 0
 0
 0
 0
 0
 0
 0
 0
 0
 0
 0
 0
 0
 0
 0
 0
 0
 0
 0
 0
 0
 0
 0
 0
 0
 0
 0
 0
 0
 0
 0
 0
 0
 0
 0
 0
 0
 0
 0
 0
 0
 0
 0
 0
 0
 0
 0
 0
 0
 0
 0
 0
 0
 0
 0
 0
 0
 0
 0
 0
 0
 0
 0
 0
 0
 0
 0
 0
 0
 0
 0
 0
 0
 0
 0
 0
 0
 0
 0
 0
 0
 0
 0
 0
 0
 0
 0
 0
 0
 0
 0
 0
 0
 0
 0
 0
 0
 0
 0
 0
 0
 0
 0
 0
 0
 0
 0
 0
 0
 0
 0
 0
 0
 0
 0
 0
 0
 0
 0
 0
 0
 0
 0
 0
 0
 0
 0
 0
 0
 0
 0
 0
 0
 0
 0
 0
 0
 0
 0
 0
 0
 0
 0
 0
 0
 0
 0
 0
 0
 0
 0
 0
 0
 0
 0
 0
 0
 0
 0
 0
 0
 0
 0
 0
 0
 0
 0
 0
 0
 0
 0
 0
 0
 0
 0
 0
 0
 0
 0
 0
 0
 0
 0
 0
 0
 0
 0
 0
 0
 0
 0
 0
 0
 0
 0
 0
 0
 0
 0
 0
 0
 0
 0
 0
 0
 0
 0
 0
 0
 0
 0
 0
 0
 0
 0
 0
 0
 0
 0
 0
 0
 0
 0
 0
 0
 0
 0
 0
 0


