# Created by Octave 4.0.0, Sat Nov 21 16:32:04 2015 W. Europe Standard Time <unknown@Florian-PC>
# name: mus
# type: matrix
# ndims: 3
 1 30 19
 0
 0
 0.58897
 0.49747
 0.46582
 0.49621
 0.5589
 0.55357
 0.55619
 0.66923
 0.6369899999999999
 0.74495
 0.81385
 0.81314
 0.82051
 0.80469
 0.7885799999999999
 0.78283
 0.76692
 0.74737
 0.76441
 0.8055600000000001
 0.79881
 0.75521
 0.792
 0.78974
 0.7918500000000001
 0.77296
 0.76577
 0.80769
 0
 0
 0
 0.25
 0.4
 0.6
 0.6
 0.8
 0.6
 0.5
 0.6333299999999999
 0.56667
 0.56667
 0.56667
 0.6
 0.7
 0.71667
 0.7
 0.73333
 0.8
 0.78
 0.8
 0.79
 0.79
 0.88
 0.84667
 0.84667
 0.82667
 0.76667
 0.83333
 0
 0
 0.6400400000000001
 0.39247
 0.4713
 0.57855
 0.4267
 0.77881
 0.8097299999999999
 0.64808
 0.66172
 0.65372
 0.61205
 0.53542
 0.6891
 0.70446
 0.71321
 0.72465
 0.73001
 0.74333
 0.78249
 0.82187
 0.80533
 0.82856
 0.84882
 0.82446
 0.80932
 0.74016
 0.83063
 0.84909
 0
 0
 0.09043
 0.20575
 0.41713
 0.66784
 0.65176
 0.66569
 0.7216
 0.51335
 0.6026
 0.55654
 0.5446299999999999
 0.56226
 0.63308
 0.67547
 0.71119
 0.75274
 0.75912
 0.77764
 0.78921
 0.80201
 0.8310999999999999
 0.8176
 0.87207
 0.8669
 0.83749
 0.8280999999999999
 0.83413
 0.85464
 0
 0
 0
 0.25
 0.6
 0.5
 0.71429
 0.875
 0.77778
 0.7
 0.81818
 0.5
 0.69231
 0.44444
 0.6
 0.66667
 1
 0
 1
 0
 1
 1
 0
 1
 1
 1
 1
 1
 1
 1
 0
 0
 0.23017
 0.16675
 0.52873
 0.51567
 0.68365
 0.7361799999999999
 0.76095
 0.57562
 0.72806
 0.52173
 0.5892500000000001
 0.53783
 0.58646
 0.70045
 0.70506
 0.56746
 0.81364
 0.6738
 0.87625
 0.84234
 0.74729
 0.83511
 0.89162
 0.88226
 0.77157
 0.74202
 0.88314
 0.88673
 0
 0
 0.36788
 0.43183
 0.65462
 0.47954
 0.62695
 0.69277
 0.72493
 0.65025
 0.6546
 0.68637
 0.61464
 0.68988
 0.71644
 0.7577199999999999
 0.7477200000000001
 0.72789
 0.74944
 0.7708
 0.78787
 0.78933
 0.8017
 0.80402
 0.79432
 0.8391
 0.74779
 0.82489
 0.78048
 0.78827
 0
 0
 0.07059
 0.20943
 0.41119
 0.6122
 0.6047400000000001
 0.6252
 0.66627
 0.53495
 0.6071800000000001
 0.54389
 0.52172
 0.56044
 0.60439
 0.61683
 0.65646
 0.69156
 0.69456
 0.72127
 0.74381
 0.73981
 0.75522
 0.74919
 0.78156
 0.77807
 0.7464
 0.74125
 0.76348
 0.76592
 0
 0
 0.87069
 0.9238
 0.92919
 0.95718
 0.91898
 0.9213
 0.92038
 0.91189
 0.92552
 0.92469
 0.92746
 0.9176800000000001
 0.91274
 0.91226
 0.92196
 0.90845
 0.8985
 0.90368
 0.89483
 0.8985300000000001
 0.90617
 0.90341
 0.91317
 0.90646
 0.90766
 0.89945
 0.89913
 0.90526
 0
 0
 0.1062
 0.16426
 0.44015
 0.5268
 0.67781
 0.62256
 0.75547
 0.5463
 0.65616
 0.54303
 0.47574
 0.56445
 0.60168
 0.63291
 0.72054
 0.68059
 0.7679
 0.72427
 0.79304
 0.81513
 0.83241
 0.8234900000000001
 0.89296
 0.8801099999999999
 0.8565
 0.84001
 0.86897
 0.88022
 0
 0
 0.36788
 0.48395
 0.7235200000000001
 0.48831
 0.6345499999999999
 0.69689
 0.67916
 0.6662
 0.66167
 0.60271
 0.55257
 0.69975
 0.7040999999999999
 0.73895
 0.68344
 0.72721
 0.78318
 0.75273
 0.83497
 0.76033
 0.76471
 0.78983
 0.77399
 0.85127
 0.74851
 0.82718
 0.88568
 0.76828
 0
 0
 0
 0
 0
 0
 0
 0
 0
 0
 0
 0
 0
 0
 0
 0
 0
 0
 0
 0
 0
 0
 0
 0
 0
 0
 0
 0
 0
 0
 0
 0
 0
 0
 0
 0
 0
 0
 0
 0
 0
 0
 0
 0
 0
 0
 0
 0
 0
 0
 0
 0
 0
 0
 0
 0
 0
 0
 0
 0
 0
 0
 0
 0
 0
 0
 0
 0
 0
 0
 0
 0
 0
 0
 0
 0
 0
 0
 0
 0
 0
 0
 0
 0
 0
 0
 0
 0
 0
 0
 0
 0
 0
 0
 0
 0
 0
 0
 0
 0
 0
 0
 0
 0
 0
 0
 0
 0
 0
 0
 0
 0
 0
 0
 0
 0
 0
 0
 0
 0
 0
 0
 0
 0
 0
 0
 0
 0
 0
 0
 0
 0
 0
 0
 0
 0
 0
 0
 0
 0
 0
 0
 0
 0
 0
 0
 0
 0
 0
 0
 0
 0
 0.91376
 0.90827
 0.886
 0.9424400000000001
 0.92711
 0.91753
 0.90346
 0.93663
 0.90625
 0.93003
 0.91129
 0.9112
 0.90229
 0.90367
 0.90439
 0.91786
 0.90872
 0.91408
 0.90037
 0.91056
 0.90207
 0.9061
 0.90382
 0.91212
 0.91222
 0.90463
 0.90749
 0.90833
 0
 0
 0
 0
 0
 0
 0
 0
 0
 0
 0
 0
 0
 0
 0
 0
 0
 0
 0
 0
 0
 0
 0
 0
 0
 0
 0
 0
 0
 0
 0
 0
 0
 0
 0
 0
 0
 0
 0
 0
 0
 0
 0
 0
 0
 0
 0
 0
 0
 0
 0
 0
 0
 0
 0
 0
 0
 0
 0
 0


