# Created by Octave 4.0.0, Sat Nov 21 16:32:30 2015 W. Europe Standard Time <unknown@Florian-PC>
# name: mus
# type: matrix
# ndims: 3
 1 30 19
 0
 0
 0.62155
 0.5101
 0.50886
 0.5101
 0.50125
 0.50765
 0.50947
 0.50513
 0.50379
 0.51768
 0.50564
 0.51467
 0.51154
 0.51042
 0.59221
 0.59343
 0.61654
 0.60789
 0.57143
 0.60732
 0.61211
 0.60938
 0.66933
 0.67487
 0.67713
 0.68367
 0.68608
 0.68718
 0
 0
 0.33333
 1
 1
 0.8
 0.7
 1
 1
 1
 1
 1
 1
 0.93333
 1
 1
 0.93333
 0.95
 0.9
 0.9
 1
 1
 1
 1
 0.96
 0.96
 0.92
 0.93333
 0.9
 0.9
 0
 0
 0.6257200000000001
 0.89745
 0.94513
 0.86719
 0.8893799999999999
 0.90939
 0.9016
 0.94517
 0.94052
 0.96186
 0.9761
 0.97603
 0.9851
 0.98141
 0.95918
 0.95261
 0.98277
 0.96312
 0.95557
 0.97278
 0.97185
 0.99225
 0.92467
 0.92645
 0.93787
 0.9544
 0.96205
 0.95674
 0
 0
 0.25002
 0.9702499999999999
 0.97
 0.86864
 0.94728
 0.9833
 0.98997
 0.99875
 0.9969
 0.99902
 0.99704
 0.99733
 0.99778
 0.99651
 0.97189
 0.97324
 0.99626
 0.99778
 0.99771
 0.99756
 0.99983
 0.99981
 0.97628
 0.976
 0.97976
 0.9779600000000001
 0.98204
 0.9794
 0
 0
 0.66667
 1
 1
 0.83333
 0.85714
 1
 1
 1
 1
 1
 1
 1
 1
 1
 1
 1
 1
 1
 1
 1
 1
 1
 1
 1
 1
 1
 1
 1
 0
 0
 0.83333
 1.38889
 1.225
 1.00833
 0.90833
 1.04643
 1.0248
 1.00496
 1.00606
 1.00429
 1.00997
 0.99985
 1.00052
 1.00854
 0.98614
 1.03846
 1.00676
 1.00532
 1
 1
 1
 1
 1.03125
 1
 1.03527
 1.03152
 1.02804
 1
 0
 0
 0.36788
 0.7099299999999999
 0.91256
 1.00517
 0.90963
 0.9380500000000001
 0.98337
 0.966
 0.9779600000000001
 0.96121
 0.9651
 0.98859
 0.95951
 0.99189
 0.94312
 0.95273
 0.96373
 0.97461
 0.9664
 0.96246
 0.99781
 0.99309
 0.93933
 0.9301199999999999
 0.9291700000000001
 0.9508799999999999
 0.94665
 0.94187
 0
 0
 0.25002
 0.81374
 0.8596200000000001
 0.93691
 0.95425
 0.95991
 0.95724
 0.98554
 0.99149
 0.99211
 0.9852
 0.995
 0.99573
 0.99704
 0.98393
 0.98355
 0.9898
 0.98948
 0.99216
 0.99172
 0.99792
 0.9984
 0.97951
 0.9830100000000001
 0.98138
 0.97537
 0.98059
 0.97805
 0
 0
 1
 1
 1
 1
 1
 1
 1
 1
 1
 1
 1
 1
 1
 1
 1
 1
 1
 1
 1
 1
 1
 1
 1
 1
 1
 1
 1
 1
 0
 0
 0.83333
 1.42157
 1.29308
 1.219
 1.03847
 1.09285
 0.93799
 0.98086
 1.02592
 0.97583
 1.00422
 1.00481
 0.9825700000000001
 1.04553
 1.07956
 1.0293
 1.03738
 1.02968
 0.99553
 1
 1
 1
 1.11676
 1
 0.88773
 0.8817199999999999
 0.87622
 0.99282
 0
 0
 0.36788
 0.7099299999999999
 0.924
 1.05626
 0.94451
 0.94304
 0.99474
 0.98004
 1.03746
 0.98914
 0.94114
 0.96049
 0.9498
 1.01162
 1.03353
 0.9704
 0.95928
 1.01059
 0.98813
 1.03698
 0.98185
 0.99395
 0.92888
 0.9547
 0.93673
 1.00539
 0.94692
 0.94864
 0
 0
 0
 0
 0
 0
 0
 0
 0
 0
 0
 0
 0
 0
 0
 0
 0
 0
 0
 0
 0
 0
 0
 0
 0
 0
 0
 0
 0
 0
 0
 0
 0
 0
 0
 0
 0
 0
 0
 0
 0
 0
 0
 0
 0
 0
 0
 0
 0
 0
 0
 0
 0
 0
 0
 0
 0
 0
 0
 0
 0
 0
 0
 0
 0
 0
 0
 0
 0
 0
 0
 0
 0
 0
 0
 0
 0
 0
 0
 0
 0
 0
 0
 0
 0
 0
 0
 0
 0
 0
 0
 0
 0
 0
 0
 0
 0
 0
 0
 0
 0
 0
 0
 0
 0
 0
 0
 0
 0
 0
 0
 0
 0
 0
 0
 0
 0
 0
 0
 0
 0
 0
 0
 0
 0
 0
 0
 0
 0
 0
 0
 0
 0
 0
 0
 0
 0
 0
 0
 0
 0
 0
 0
 0
 0
 0
 0
 0
 0
 0
 0
 0
 1
 1
 1
 1
 1
 1
 1
 1
 1
 1
 1
 1
 1
 1
 1
 1
 1
 1
 1
 1
 1
 1
 1
 1
 1
 1
 1
 1
 0
 0
 0
 0
 0
 0
 0
 0
 0
 0
 0
 0
 0
 0
 0
 0
 0
 0
 0
 0
 0
 0
 0
 0
 0
 0
 0
 0
 0
 0
 0
 0
 0
 0
 0
 0
 0
 0
 0
 0
 0
 0
 0
 0
 0
 0
 0
 0
 0
 0
 0
 0
 0
 0
 0
 0
 0
 0
 0
 0


# name: vars
# type: matrix
# ndims: 3
 1 30 19
 0
 0
 0.07034
 0.068774
 0.039792
 0.039213
 0.035804
 0.039328
 0.026843
 0.029973
 0.022358
 0.022464
 0.022195
 0.016229
 0.018039
 0.010077
 0.012562
 0.012459
 0.018599
 0.017018
 0.025447
 0.008373999999999999
 0.011067
 0.010619
 0.007878
 0.009717
 0.010031
 0.008606000000000001
 0.004991
 0.00547
 0
 0
 0.33333
 0
 0
 0.2
 0.2
 0
 0
 0
 0
 0
 0
 0.02222
 0
 0
 0.02222
 0.0125
 0.05
 0.05
 0
 0
 0
 0
 0.008
 0.008
 0.032
 0.02222
 0.05
 0.05
 0
 0
 0
 0
 0
 0
 0
 0
 0
 0
 0
 0
 0
 0
 0
 0
 0
 0
 0
 0
 0
 0
 0
 0
 0
 0
 0
 0
 0
 0
 0
 0
 0.09375
 0.000566
 0.005573
 0.040419
 0.010924
 0.004132
 0.0019
 0.000156
 0.000381
 0.00011
 0.000363
 0.000345
 0.000274
 0.000418
 0.005083
 0.005219
 0.000718
 0.000481
 0.000452
 0.000374
 1.3e-005
 1.6e-005
 0.004231
 0.004139
 0.004241
 0.003767
 0.003319
 0.003601
 0
 0
 0
 0
 0
 0
 0
 0
 0
 0
 0
 0
 0
 0
 0
 0
 0
 0
 0
 0
 0
 0
 0
 0
 0
 0
 0
 0
 0
 0
 0
 0
 0
 0
 0
 0
 0
 0
 0
 0
 0
 0
 0
 0
 0
 0
 0
 0
 0
 0
 0
 0
 0
 0
 0
 0
 0
 0
 0
 0
 0
 0
 0
 0
 0
 0
 0
 0
 0
 0
 0
 0
 0
 0
 0
 0
 0
 0
 0
 0
 0
 0
 0
 0
 0
 0
 0
 0
 0
 0
 0
 0
 0.09375
 0.022203
 0.044984
 0.011601
 0.008701
 0.007607
 0.007179
 0.001583
 0.000748
 0.002066
 0.004266
 0.001655
 0.000859
 0.001298
 0.003235
 0.002726
 0.00294
 0.003409
 0.002513
 0.003202
 0.001047
 0.001067
 0.002083
 0.002182
 0.002784
 0.005364
 0.002325
 0.003186
 0
 0
 0
 0
 0
 0
 0
 0
 0
 0
 0
 0
 0
 0
 0
 0
 0
 0
 0
 0
 0
 0
 0
 0
 0
 0
 0
 0
 0
 0
 0
 0
 0
 0
 0
 0
 0
 0
 0
 0
 0
 0
 0
 0
 0
 0
 0
 0
 0
 0
 0
 0
 0
 0
 0
 0
 0
 0
 0
 0
 0
 0
 0
 0
 0
 0
 0
 0
 0
 0
 0
 0
 0
 0
 0
 0
 0
 0
 0
 0
 0
 0
 0
 0
 0
 0
 0
 0
 0
 0
 0
 0
 0
 0
 0
 0
 0
 0
 0
 0
 0
 0
 0
 0
 0
 0
 0
 0
 0
 0
 0
 0
 0
 0
 0
 0
 0
 0
 0
 0
 0
 0
 0
 0
 0
 0
 0
 0
 0
 0
 0
 0
 0
 0
 0
 0
 0
 0
 0
 0
 0
 0
 0
 0
 0
 0
 0
 0
 0
 0
 0
 0
 0
 0
 0
 0
 0
 0
 0
 0
 0
 0
 0
 0
 0
 0
 0
 0
 0
 0
 0
 0
 0
 0
 0
 0
 0
 0
 0
 0
 0
 0
 0
 0
 0
 0
 0
 0
 0
 0
 0
 0
 0
 0
 0
 0
 0
 0
 0
 0
 0
 0
 0
 0
 0
 0
 0
 0
 0
 0
 0
 0
 0
 0
 0
 0
 0
 0
 0
 0
 0
 0
 0
 0
 0
 0
 0
 0
 0
 0
 0
 0
 0
 0
 0
 0
 0
 0
 0
 0
 0
 0
 0
 0
 0
 0
 0
 0
 0
 0
 0
 0
 0
 0
 0
 0
 0
 0
 0
 0
 0
 0
 0
 0
 0
 0
 0
 0
 0
 0
 0
 0
 0
 0
 0
 0
 0
 0
 0
 0
 0
 0
 0
 0
 0
 0
 0
 0
 0
 0
 0
 0
 0
 0
 0
 0
 0
 0
 0
 0
 0
 0
 0
 0
 0
 0
 0
 0
 0
 0
 0
 0
 0
 0
 0
 0
 0
 0
 0
 0
 0
 0
 0
 0
 0
 0
 0
 0
 0
 0


