# Created by Octave 4.0.0, Sat Nov 21 16:32:24 2015 W. Europe Standard Time <unknown@Florian-PC>
# name: mus
# type: matrix
# ndims: 3
 1 30 19
 0
 0
 0.46115
 0.5202
 0.52405
 0.51515
 0.51378
 0.50765
 0.50631
 0.50513
 0.5082100000000001
 0.5202
 0.51564
 0.51658
 0.52179
 0.51823
 0.62802
 0.85101
 0.81704
 0.85
 0.85965
 0.85101
 0.8491
 0.90104
 0.88
 0.93077
 0.92472
 0.91582
 0.90509
 0.89231
 0
 0
 0.66667
 1
 1
 0.8
 0.9
 0.9
 0.9
 1
 1
 0.9
 0.93333
 0.93333
 0.93333
 1
 0.93333
 0.85
 0.9
 0.8
 0.85
 0.87
 0.91
 0.8
 0.76
 0.68
 0.78
 0.7533300000000001
 0.8
 0.9
 0
 0
 0.66957
 0.90585
 0.8882
 0.88306
 0.89794
 0.90647
 0.92469
 0.93523
 0.96653
 0.92267
 0.92012
 0.95297
 0.93029
 0.98139
 0.92158
 0.85967
 0.90518
 0.9040899999999999
 0.90233
 0.86107
 0.85898
 0.8486
 0.8631
 0.8868
 0.8848
 0.89788
 0.89115
 0.89461
 0
 0
 0.57175
 0.9400500000000001
 0.89593
 0.8526
 0.84413
 0.87188
 0.90598
 0.97198
 0.95838
 0.93024
 0.93554
 0.93113
 0.93075
 0.96855
 0.93161
 0.85349
 0.87941
 0.9019
 0.92239
 0.87896
 0.89142
 0.85339
 0.86385
 0.8807700000000001
 0.89196
 0.91633
 0.92069
 0.92108
 0
 0
 0.33333
 1
 1
 1
 0.71429
 1
 0.77778
 1
 1
 1
 0.76923
 0.88889
 0.8
 1
 1
 1
 1
 1
 1
 1
 1
 1
 1
 1
 1
 1
 1
 1
 0
 0
 0.33333
 0.90789
 0.93865
 0.9786899999999999
 0.85684
 0.88418
 0.85012
 0.9726900000000001
 0.98682
 0.93734
 0.88529
 0.90717
 0.91178
 0.98392
 0.91933
 0.84484
 0.90443
 0.9401
 0.9529300000000001
 0.9003100000000001
 0.92632
 0.88564
 0.9079
 0.89167
 0.90838
 0.92807
 0.94003
 0.94835
 0
 0
 0.36788
 0.73388
 0.82935
 0.89316
 0.88695
 0.89742
 0.9361
 0.93852
 0.90657
 0.91591
 0.88605
 0.91405
 0.93488
 0.94886
 0.8475200000000001
 0.84533
 0.89969
 0.85823
 0.88768
 0.8334
 0.83134
 0.8669
 0.86847
 0.8874
 0.8686
 0.81073
 0.90594
 0.91104
 0
 0
 0.52858
 0.91749
 0.82596
 0.81854
 0.82657
 0.87744
 0.86537
 0.91884
 0.91382
 0.87609
 0.87673
 0.88769
 0.87195
 0.91242
 0.88114
 0.80204
 0.79174
 0.8161
 0.825
 0.7696499999999999
 0.806
 0.75107
 0.76611
 0.75724
 0.78487
 0.79577
 0.81433
 0.81233
 0
 0
 0.97201
 0.92495
 0.91819
 0.9262
 0.91955
 0.95263
 0.90893
 0.9130200000000001
 0.93963
 0.93228
 0.92338
 0.9146300000000001
 0.92089
 0.91549
 0.89732
 0.89457
 0.90203
 0.90338
 0.90235
 0.90698
 0.91027
 0.90652
 0.9119
 0.89464
 0.89164
 0.89821
 0.90465
 0.89856
 0
 0
 0.33333
 0.87881
 0.91979
 0.96368
 0.9668600000000001
 0.87513
 0.8950900000000001
 0.94846
 0.95413
 0.89897
 0.92467
 0.93989
 0.93575
 0.9912
 0.97246
 0.88487
 0.90238
 0.92711
 0.94669
 0.90015
 0.89734
 0.86148
 0.85832
 0.87512
 0.85871
 0.90411
 0.91764
 0.92899
 0
 0
 0.36788
 0.70445
 0.77238
 0.81271
 0.89213
 0.8572
 0.94825
 0.94258
 0.95544
 0.84134
 0.86737
 0.9628100000000001
 0.91712
 0.88405
 0.85697
 0.81998
 0.82241
 0.86013
 0.79057
 0.8005100000000001
 0.8722299999999999
 0.81241
 0.88102
 0.85362
 0.8195
 0.79945
 0.91062
 0.81938
 0
 0
 0
 0
 0
 0
 0
 0
 0
 0
 0
 0
 0
 0
 0
 0
 0
 0
 0
 0
 0
 0
 0
 0
 0
 0
 0
 0
 0
 0
 0
 0
 0
 0
 0
 0
 0
 0
 0
 0
 0
 0
 0
 0
 0
 0
 0
 0
 0
 0
 0
 0
 0
 0
 0
 0
 0
 0
 0
 0
 0
 0
 0
 0
 0
 0
 0
 0
 0
 0
 0
 0
 0
 0
 0
 0
 0
 0
 0
 0
 0
 0
 0
 0
 0
 0
 0
 0
 0
 0
 0
 0
 0
 0
 0
 0
 0
 0
 0
 0
 0
 0
 0
 0
 0
 0
 0
 0
 0
 0
 0
 0
 0
 0
 0
 0
 0
 0
 0
 0
 0
 0
 0
 0
 0
 0
 0
 0
 0
 0
 0
 0
 0
 0
 0
 0
 0
 0
 0
 0
 0
 0
 0
 0
 0
 0
 0
 0
 0
 0
 0
 0
 0.97964
 0.93107
 0.92219
 0.90103
 0.92881
 0.92343
 0.91053
 0.92565
 0.90982
 0.92636
 0.9243
 0.92115
 0.91729
 0.92257
 0.91611
 0.91232
 0.90569
 0.90618
 0.9097499999999999
 0.90291
 0.90709
 0.91951
 0.90748
 0.91882
 0.89732
 0.9091
 0.8964
 0.90488
 0
 0
 0
 0
 0
 0
 0
 0
 0
 0
 0
 0
 0
 0
 0
 0
 0
 0
 0
 0
 0
 0
 0
 0
 0
 0
 0
 0
 0
 0
 0
 0
 0
 0
 0
 0
 0
 0
 0
 0
 0
 0
 0
 0
 0
 0
 0
 0
 0
 0
 0
 0
 0
 0
 0
 0
 0
 0
 0
 0


# name: vars
# type: matrix
# ndims: 3
 1 30 19
 0
 0
 0.097175
 0.06719
 0.057747
 0.03481
 0.046545
 0.024354
 0.026589
 0.031552
 0.026923
 0.030829
 0.029947
 0.01299
 0.018928
 0.019184
 0.015642
 0.008344000000000001
 0.041446
 0.005556
 0.006418
 0.005543
 0.006644
 0.008999
 0.003657
 0.002578
 0.000864
 0.00267
 0.003351
 0.002436
 0
 0
 0.33333
 0
 0
 0.2
 0.05
 0.05
 0.05
 0
 0
 0.05
 0.02222
 0.02222
 0.02222
 0
 0.02222
 0.05
 0.05
 0.10625
 0.05
 0.0145
 0.0155
 0.04
 0.068
 0.092
 0.052
 0.04033
 0.04722
 0.008330000000000001
 0
 0
 0
 0
 0
 0
 0
 0
 0
 0
 0
 0
 0
 0
 0
 0
 0
 0
 0
 0
 0
 0
 0
 0
 0
 0
 0
 0
 0
 0
 0
 0
 0.16041
 0.00769
 0.01171
 0.03658
 0.03871
 0.02285
 0.01074
 0.00189
 0.00472
 0.004
 0.00465
 0.00334
 0.00481
 0.0014
 0.00426
 0.00704
 0.00566
 0.00409
 0.00298
 0.0044
 0.00437
 0.00495
 0.00503
 0.0035
 0.00369
 0.00207
 0.00176
 0.00199
 0
 0
 0.011288
 0.013598
 0.006575
 0.007141
 0.011085
 0.014806
 0.013472
 0.013703
 0.010761
 0.014717
 0.014007
 0.013247
 0.014071
 0.012802
 0.012215
 0.010883
 0.013047
 0.01375
 0.010721
 0.011976
 0.012684
 0.012916
 0.010113
 0.014749
 0.011092
 0.013878
 0.013462
 0.013571
 0
 0
 0
 0
 0
 0
 0
 0
 0
 0
 0
 0
 0
 0
 0
 0
 0
 0
 0
 0
 0
 0
 0
 0
 0
 0
 0
 0
 0
 0
 0
 0
 0
 0
 0
 0
 0
 0
 0
 0
 0
 0
 0
 0
 0
 0
 0
 0
 0
 0
 0
 0
 0
 0
 0
 0
 0
 0
 0
 0
 0
 0
 0.14168
 0.02396
 0.04233
 0.03923
 0.031
 0.02001
 0.02297
 0.01657
 0.01681
 0.01656
 0.01664
 0.01547
 0.01918
 0.01383
 0.01452
 0.01503
 0.01717
 0.01491
 0.01691
 0.01685
 0.01314
 0.01678
 0.01816
 0.01659
 0.01375
 0.01729
 0.0132
 0.01405
 0
 0
 0.00657
 0.007839
 0.010292
 0.017672
 0.011684
 0.00711
 0.012198
 0.015205
 0.009913999999999999
 0.011056
 0.010578
 0.012341
 0.010705
 0.011082
 0.014948
 0.013218
 0.012926
 0.013711
 0.013567
 0.01278
 0.012213
 0.014021
 0.011907
 0.013938
 0.014321
 0.014109
 0.013792
 0.015041
 0
 0
 0
 0
 0
 0
 0
 0
 0
 0
 0
 0
 0
 0
 0
 0
 0
 0
 0
 0
 0
 0
 0
 0
 0
 0
 0
 0
 0
 0
 0
 0
 0
 0
 0
 0
 0
 0
 0
 0
 0
 0
 0
 0
 0
 0
 0
 0
 0
 0
 0
 0
 0
 0
 0
 0
 0
 0
 0
 0
 0
 0
 0
 0
 0
 0
 0
 0
 0
 0
 0
 0
 0
 0
 0
 0
 0
 0
 0
 0
 0
 0
 0
 0
 0
 0
 0
 0
 0
 0
 0
 0
 0
 0
 0
 0
 0
 0
 0
 0
 0
 0
 0
 0
 0
 0
 0
 0
 0
 0
 0
 0
 0
 0
 0
 0
 0
 0
 0
 0
 0
 0
 0
 0
 0
 0
 0
 0
 0
 0
 0
 0
 0
 0
 0
 0
 0
 0
 0
 0
 0
 0
 0
 0
 0
 0
 0
 0
 0
 0
 0
 0
 0
 0
 0
 0
 0
 0
 0
 0
 0
 0
 0
 0
 0
 0
 0
 0
 0
 0
 0
 0
 0
 0
 0
 0
 0
 0
 0
 0
 0
 0
 0
 0
 0
 0
 0
 0
 0
 0
 0
 0
 0
 0
 0
 0
 0
 0
 0
 0
 0
 0
 0
 0
 0
 0
 0
 0
 0
 0
 0
 0
 0.001403
 0.015138
 0.010345
 0.014701
 0.011851
 0.011248
 0.015618
 0.010868
 0.012684
 0.012856
 0.011087
 0.011545
 0.014881
 0.011041
 0.010999
 0.012999
 0.012713
 0.011961
 0.012118
 0.013242
 0.012163
 0.009597
 0.015054
 0.009348
 0.014021
 0.012002
 0.013069
 0.013429
 0
 0
 0
 0
 0
 0
 0
 0
 0
 0
 0
 0
 0
 0
 0
 0
 0
 0
 0
 0
 0
 0
 0
 0
 0
 0
 0
 0
 0
 0
 0
 0
 0
 0
 0
 0
 0
 0
 0
 0
 0
 0
 0
 0
 0
 0
 0
 0
 0
 0
 0
 0
 0
 0
 0
 0
 0
 0
 0
 0


