# Created by Octave 4.0.0, Sat Nov 21 16:32:02 2015 W. Europe Standard Time <unknown@Florian-PC>
# name: mus
# type: matrix
# ndims: 3
 1 30 19
 0
 0
 0.66667
 0.54545
 0.54177
 0.55808
 0.62657
 0.69898
 0.63384
 0.57692
 0.56755
 0.67677
 0.7841
 0.71492
 0.69872
 0.69531
 0.7343
 0.79672
 0.78195
 0.84737
 0.88972
 0.98485
 0.9550999999999999
 0.96354
 0.96533
 0.95385
 0.92003
 0.90944
 0.90843
 0.91538
 0
 0
 0
 1
 0.4
 0.8
 0
 0.3
 0.3
 0.5
 0.56667
 0.66667
 0.53333
 0.66667
 0.8
 0.73333
 0.75
 0.6333299999999999
 0.6333299999999999
 0.6
 0.57
 0.61
 0.71
 0.51
 0.48
 0.46667
 0.56667
 0.7
 0.79333
 0.8666700000000001
 0
 0
 0.59143
 0.89016
 0.6734
 0.75966
 0.49969
 0.52944
 0.46439
 0.36873
 0.53725
 0.5144300000000001
 0.53065
 0.57123
 0.66144
 0.69878
 0.59633
 0.63436
 0.67109
 0.59849
 0.68646
 0.5435
 0.6936
 0.63267
 0.70631
 0.65583
 0.6891
 0.69095
 0.77551
 0.76132
 0
 0
 0.13888
 0.74616
 0.48146
 0.61455
 0.32873
 0.33549
 0.42586
 0.4389
 0.50138
 0.52994
 0.57063
 0.58952
 0.6225000000000001
 0.64622
 0.5893699999999999
 0.5602
 0.59581
 0.56454
 0.58328
 0.53889
 0.52929
 0.53865
 0.56359
 0.58135
 0.60043
 0.61803
 0.6293299999999999
 0.63974
 0
 0
 0
 1
 0.4
 1
 0
 0
 0.33333
 0.5
 0.81818
 0.75
 0.84615
 0.88889
 0.8
 1
 1
 1
 0
 1
 0
 1
 1
 1
 0
 1
 0
 1
 1
 1
 0
 0
 0.16665
 0.83379
 0.50862
 0.7281
 0.32183
 0.2983
 0.42877
 0.46901
 0.5189
 0.54047
 0.62587
 0.63192
 0.60806
 0.7443
 0.60636
 0.56536
 0.5287500000000001
 0.5512
 0.54953
 0.60675
 0.50805
 0.57783
 0.53868
 0.65912
 0.61222
 0.58573
 0.68462
 0.62344
 0
 0
 0.57859
 0.7716
 0.66154
 0.67067
 0.6001300000000001
 0.68662
 0.65412
 0.66395
 0.67561
 0.63797
 0.6969
 0.67919
 0.69676
 0.74799
 0.69154
 0.7029
 0.69819
 0.72279
 0.72049
 0.66043
 0.65013
 0.67979
 0.67837
 0.64875
 0.69309
 0.71728
 0.70101
 0.73253
 0
 0
 0.13888
 0.6456499999999999
 0.51723
 0.6303
 0.39879
 0.42025
 0.46885
 0.45465
 0.48557
 0.49029
 0.5452900000000001
 0.54052
 0.59998
 0.6212
 0.5809299999999999
 0.54396
 0.5708800000000001
 0.54956
 0.56368
 0.52368
 0.51638
 0.52883
 0.55054
 0.5774899999999999
 0.5903
 0.60234
 0.63533
 0.62725
 0
 0
 0.9997
 1
 1
 1
 1
 1
 1
 0.99893
 1
 0.99838
 0.99004
 0.98887
 0.97982
 0.97302
 0.9655
 0.97607
 0.96495
 0.9628
 0.95672
 0.95722
 0.96116
 0.9575900000000001
 0.95426
 0.95687
 0.95761
 0.94907
 0.93765
 0.9484
 0
 0
 0.16666
 0.65325
 0.45471
 0.65143
 0.40963
 0.34431
 0.44814
 0.45988
 0.47989
 0.48015
 0.51596
 0.53822
 0.56392
 0.5881999999999999
 0.55576
 0.53956
 0.54975
 0.5311399999999999
 0.63827
 0.50598
 0.50785
 0.51236
 0.53849
 0.64428
 0.57672
 0.58824
 0.60906
 0.60975
 0
 0
 0.57859
 0.70525
 0.61005
 0.63756
 0.63626
 0.66233
 0.67017
 0.63619
 0.61898
 0.6667999999999999
 0.69676
 0.65225
 0.68682
 0.6829
 0.6650199999999999
 0.67361
 0.6935
 0.66844
 0.66382
 0.62565
 0.62395
 0.65238
 0.6864
 0.66726
 0.6583
 0.7053
 0.69681
 0.71346
 0
 0
 0
 0
 0
 0
 0
 0
 0
 0
 0
 0
 0
 0
 0
 0
 0
 0
 0
 0
 0
 0
 0
 0
 0
 0
 0
 0
 0
 0
 0
 0
 0
 0
 0
 0
 0
 0
 0
 0
 0
 0
 0
 0
 0
 0
 0
 0
 0
 0
 0
 0
 0
 0
 0
 0
 0
 0
 0
 0
 0
 0
 0
 0
 0
 0
 0
 0
 0
 0
 0
 0
 0
 0
 0
 0
 0
 0
 0
 0
 0
 0
 0
 0
 0
 0
 0
 0
 0
 0
 0
 0
 0
 0
 0
 0
 0
 0
 0
 0
 0
 0
 0
 0
 0
 0
 0
 0
 0
 0
 0
 0
 0
 0
 0
 0
 0
 0
 0
 0
 0
 0
 0
 0
 0
 0
 0
 0
 0
 0
 0
 0
 0
 0
 0
 0
 0
 0
 0
 0
 0
 0
 0
 0
 0
 0
 0
 0
 0
 0
 0
 0
 0.99997
 1
 1
 1
 1
 0.99987
 1
 0.9996
 1
 0.99905
 0.9926700000000001
 0.97949
 0.98209
 0.97681
 0.96423
 0.9675
 0.96916
 0.96363
 0.96678
 0.95695
 0.95395
 0.9545
 0.94865
 0.95975
 0.95584
 0.95405
 0.94273
 0.9462
 0
 0
 0
 0
 0
 0
 0
 0
 0
 0
 0
 0
 0
 0
 0
 0
 0
 0
 0
 0
 0
 0
 0
 0
 0
 0
 0
 0
 0
 0
 0
 0
 0
 0
 0
 0
 0
 0
 0
 0
 0
 0
 0
 0
 0
 0
 0
 0
 0
 0
 0
 0
 0
 0
 0
 0
 0
 0
 0
 0


