# Created by Octave 4.0.0, Sat Nov 21 16:32:20 2015 W. Europe Standard Time <unknown@Florian-PC>
# name: mus
# type: matrix
# ndims: 3
 1 30 19
 0
 0
 0.6240599999999999
 0.61869
 0.61772
 0.59091
 0.56642
 0.55867
 0.5542899999999999
 0.54872
 0.54861
 0.54798
 0.6353799999999999
 0.6237200000000001
 0.61795
 0.6276
 0.6229
 0.62121
 0.78195
 0.77895
 0.74436
 0.77525
 0.77352
 0.77083
 0.7573299999999999
 0.75692
 0.7527700000000001
 0.75893
 0.74986
 0.74615
 0
 0
 0.33333
 1
 1
 0.8
 0.8
 1
 1
 1
 1
 1
 0.93333
 0.93333
 0.93333
 0.93333
 0.95
 0.93333
 0.85
 0.85
 0.8100000000000001
 0.8
 0.8
 0.91
 0.92
 0.92667
 0.92
 0.93333
 0.92667
 0.93333
 0
 0
 0.62976
 0.87549
 0.87928
 0.92582
 0.90756
 0.91451
 0.91396
 0.87093
 0.93953
 0.9367
 0.93145
 0.93269
 0.91489
 0.95124
 0.95491
 0.95019
 0.9192
 0.9011400000000001
 0.90464
 0.92305
 0.9309500000000001
 0.92803
 0.9569
 0.93168
 0.95742
 0.94313
 0.9531500000000001
 0.95282
 0
 0
 0.41558
 0.81931
 0.88758
 0.8277600000000001
 0.8317600000000001
 0.84874
 0.87092
 0.88825
 0.89607
 0.89061
 0.88796
 0.87523
 0.89156
 0.89876
 0.90295
 0.91105
 0.8429
 0.85162
 0.85856
 0.86496
 0.8732
 0.87158
 0.8837699999999999
 0.8869
 0.89027
 0.89273
 0.9023600000000001
 0.90429
 0
 0
 0.33333
 1
 1
 1
 0.57143
 0.75
 0.88889
 1
 0.90909
 0.83333
 0.92308
 0.88889
 0.6
 0.66667
 1
 1
 1
 1
 1
 1
 1
 1
 1
 1
 1
 1
 1
 1
 0
 0
 0.33333
 0.67797
 0.85372
 0.81264
 0.74558
 0.8512999999999999
 0.86191
 0.9196
 0.8966
 0.90791
 0.89107
 0.9510999999999999
 0.88319
 0.88258
 0.9285
 0.95907
 0.82519
 0.8559600000000001
 0.92365
 0.92965
 0.82814
 0.94129
 0.8569
 0.98529
 0.86771
 0.87058
 0.88271
 0.97023
 0
 0
 1
 0.71421
 0.8599599999999999
 0.87618
 0.83483
 0.88173
 0.88019
 0.86193
 0.87415
 0.86551
 0.88287
 0.8744499999999999
 0.88437
 0.872
 0.87918
 0.87112
 0.84193
 0.87125
 0.84679
 0.88672
 0.90984
 0.96406
 0.87674
 0.8611
 0.87763
 0.95563
 0.9358
 0.87739
 0
 0
 0.41414
 0.76162
 0.86081
 0.8370300000000001
 0.82734
 0.85527
 0.85278
 0.8754999999999999
 0.8972
 0.88878
 0.88534
 0.87945
 0.89175
 0.90795
 0.91315
 0.91589
 0.85194
 0.86563
 0.86408
 0.87104
 0.88365
 0.89046
 0.9062
 0.90945
 0.91442
 0.91309
 0.9222399999999999
 0.91825
 0
 0
 0.99998
 1
 1
 1
 1
 1
 1
 1
 1
 1
 0.99665
 0.98624
 0.98199
 0.98054
 0.96482
 0.97354
 0.975
 0.96369
 0.96274
 0.96497
 0.95939
 0.95645
 0.96394
 0.9442700000000001
 0.96127
 0.96113
 0.95264
 0.94389
 0
 0
 0.33333
 0.57843
 0.66487
 0.80677
 0.72312
 0.97524
 0.85408
 0.95648
 0.87769
 0.89101
 0.87975
 0.86504
 0.8714499999999999
 0.90305
 0.94838
 0.90321
 0.86673
 0.8406400000000001
 0.84982
 0.86382
 0.87423
 0.9323900000000001
 0.93697
 0.89896
 0.9200199999999999
 0.90884
 0.91882
 0.9210700000000001
 0
 0
 1
 0.70505
 0.7403
 0.84429
 0.86638
 0.94572
 0.93465
 0.86699
 0.83018
 0.86702
 0.84622
 0.80874
 0.88102
 0.90107
 0.87615
 0.89376
 0.87324
 0.87651
 0.85233
 0.8756699999999999
 0.86903
 0.9741
 0.89602
 0.88802
 0.9039700000000001
 0.89972
 0.91048
 0.90017
 0
 0
 0
 0
 0
 0
 0
 0
 0
 0
 0
 0
 0
 0
 0
 0
 0
 0
 0
 0
 0
 0
 0
 0
 0
 0
 0
 0
 0
 0
 0
 0
 0
 0
 0
 0
 0
 0
 0
 0
 0
 0
 0
 0
 0
 0
 0
 0
 0
 0
 0
 0
 0
 0
 0
 0
 0
 0
 0
 0
 0
 0
 0
 0
 0
 0
 0
 0
 0
 0
 0
 0
 0
 0
 0
 0
 0
 0
 0
 0
 0
 0
 0
 0
 0
 0
 0
 0
 0
 0
 0
 0
 0
 0
 0
 0
 0
 0
 0
 0
 0
 0
 0
 0
 0
 0
 0
 0
 0
 0
 0
 0
 0
 0
 0
 0
 0
 0
 0
 0
 0
 0
 0
 0
 0
 0
 0
 0
 0
 0
 0
 0
 0
 0
 0
 0
 0
 0
 0
 0
 0
 0
 0
 0
 0
 0
 0
 0
 0
 0
 0
 0
 0.99998
 1
 1
 1
 1
 1
 1
 1
 0.99626
 0.99837
 0.99537
 0.98416
 0.97934
 0.9738
 0.97415
 0.97235
 0.9725
 0.96578
 0.96405
 0.96488
 0.96739
 0.96286
 0.95734
 0.94274
 0.95557
 0.94629
 0.94223
 0.94855
 0
 0
 0
 0
 0
 0
 0
 0
 0
 0
 0
 0
 0
 0
 0
 0
 0
 0
 0
 0
 0
 0
 0
 0
 0
 0
 0
 0
 0
 0
 0
 0
 0
 0
 0
 0
 0
 0
 0
 0
 0
 0
 0
 0
 0
 0
 0
 0
 0
 0
 0
 0
 0
 0
 0
 0
 0
 0
 0
 0


