# Created by Octave 4.0.0, Sat Nov 21 16:32:19 2015 W. Europe Standard Time <unknown@Florian-PC>
# name: mus
# type: matrix
# ndims: 3
 1 30 19
 0
 0
 0.47118
 0.5101
 0.50886
 0.50884
 0.5213
 0.51786
 0.50758
 0.51795
 0.51389
 0.5303
 0.5259
 0.52296
 0.5269200000000001
 0.52083
 0.64791
 0.84975
 0.85714
 0.84211
 0.84962
 0.86111
 0.85422
 0.89974
 0.89333
 0.93846
 0.91799
 0.92474
 0.91973
 0.8948700000000001
 0
 0
 0.33333
 1
 0.8
 0.8
 1
 1
 0.9
 0.9
 0.93333
 0.93333
 1
 1
 1
 1
 0.93333
 0.85
 0.9
 0.85
 0.9
 0.87
 0.86
 0.84
 0.76
 0.72667
 0.78
 0.7533300000000001
 0.79333
 0.9
 0
 0
 0.67641
 0.87632
 0.8538
 0.93363
 0.93257
 0.89781
 0.89174
 0.90329
 0.94313
 0.9494899999999999
 0.94018
 0.97128
 0.96687
 0.96504
 0.9658
 0.84592
 0.89833
 0.8956499999999999
 0.8915999999999999
 0.86759
 0.87588
 0.90477
 0.9024799999999999
 0.85523
 0.86757
 0.87068
 0.90544
 0.90325
 0
 0
 0.36019
 0.71971
 0.75578
 0.86112
 0.90333
 0.89967
 0.87687
 0.8531
 0.89366
 0.89945
 0.89979
 0.91342
 0.92865
 0.9368
 0.88342
 0.78939
 0.80252
 0.79323
 0.80742
 0.76144
 0.77527
 0.745
 0.76101
 0.75191
 0.75747
 0.7514999999999999
 0.75657
 0.76852
 0
 0
 0.66667
 1
 0.6
 0.83333
 1
 1
 0.88889
 1
 0.90909
 1
 1
 1
 1
 1
 1
 1
 1
 1
 1
 1
 1
 1
 0
 1
 1
 0
 1
 1
 0
 0
 0.70623
 0.59545
 0.72778
 0.91028
 0.93552
 0.90842
 0.95669
 0.89246
 0.89066
 0.8142
 0.86286
 0.92891
 0.99068
 0.9935
 0.97568
 0.86369
 0.78831
 0.80338
 0.90705
 0.75504
 0.73337
 0.67403
 0.71186
 0.73575
 0.70716
 0.70755
 0.78798
 0.72542
 0
 0
 0.57859
 0.73193
 0.81542
 0.8972
 0.85266
 0.92164
 0.8466
 0.92562
 0.86289
 0.8837
 0.96667
 0.87712
 0.98798
 0.92884
 0.90376
 0.85036
 0.81247
 0.86187
 0.81143
 0.85872
 0.83326
 0.84733
 0.7860200000000001
 0.77147
 0.85641
 0.82016
 0.77632
 0.77494
 0
 0
 0.3606
 0.6297
 0.75156
 0.8909899999999999
 0.8698399999999999
 0.89525
 0.85866
 0.8348
 0.88403
 0.8739400000000001
 0.884
 0.90565
 0.9253
 0.93371
 0.89422
 0.79956
 0.80666
 0.79623
 0.81424
 0.77429
 0.78024
 0.759
 0.78748
 0.75886
 0.774
 0.76695
 0.7762
 0.78463
 0
 0
 0.99998
 1
 1
 1
 1
 1
 1
 1
 1
 0.99937
 0.99808
 0.98632
 0.97546
 0.9804
 0.97139
 0.96734
 0.96853
 0.96077
 0.95483
 0.96149
 0.96377
 0.96535
 0.96205
 0.94545
 0.95144
 0.94767
 0.94915
 0.95222
 0
 0
 0.70636
 0.68834
 0.79108
 0.96602
 0.95266
 0.89206
 0.93324
 0.89544
 0.90693
 0.9177
 0.88369
 0.92442
 0.9497100000000001
 0.9418
 0.87022
 0.8065099999999999
 0.84322
 0.77256
 0.79169
 0.74857
 0.75405
 0.76964
 0.76415
 0.8595699999999999
 0.76895
 0.74425
 0.75331
 0.76863
 0
 0
 0.57859
 0.74361
 0.8255400000000001
 0.75424
 0.89184
 0.84359
 0.90417
 0.91317
 0.83694
 0.84376
 0.84699
 0.86932
 0.87995
 0.95665
 0.87309
 0.82945
 0.8739
 0.82121
 0.79921
 0.79017
 0.89374
 0.77743
 0.87182
 0.78226
 0.79031
 0.80148
 0.78559
 0.91052
 0
 0
 0
 0
 0
 0
 0
 0
 0
 0
 0
 0
 0
 0
 0
 0
 0
 0
 0
 0
 0
 0
 0
 0
 0
 0
 0
 0
 0
 0
 0
 0
 0
 0
 0
 0
 0
 0
 0
 0
 0
 0
 0
 0
 0
 0
 0
 0
 0
 0
 0
 0
 0
 0
 0
 0
 0
 0
 0
 0
 0
 0
 0
 0
 0
 0
 0
 0
 0
 0
 0
 0
 0
 0
 0
 0
 0
 0
 0
 0
 0
 0
 0
 0
 0
 0
 0
 0
 0
 0
 0
 0
 0
 0
 0
 0
 0
 0
 0
 0
 0
 0
 0
 0
 0
 0
 0
 0
 0
 0
 0
 0
 0
 0
 0
 0
 0
 0
 0
 0
 0
 0
 0
 0
 0
 0
 0
 0
 0
 0
 0
 0
 0
 0
 0
 0
 0
 0
 0
 0
 0
 0
 0
 0
 0
 0
 0
 0
 0
 0
 0
 0
 1
 1
 1
 1
 1
 1
 1
 0.9945000000000001
 1
 0.99558
 0.99565
 0.98291
 0.98225
 0.96536
 0.96915
 0.9739
 0.96032
 0.96465
 0.96246
 0.9662500000000001
 0.95728
 0.9564
 0.96309
 0.95128
 0.94902
 0.94942
 0.95563
 0.95123
 0
 0
 0
 0
 0
 0
 0
 0
 0
 0
 0
 0
 0
 0
 0
 0
 0
 0
 0
 0
 0
 0
 0
 0
 0
 0
 0
 0
 0
 0
 0
 0
 0
 0
 0
 0
 0
 0
 0
 0
 0
 0
 0
 0
 0
 0
 0
 0
 0
 0
 0
 0
 0
 0
 0
 0
 0
 0
 0
 0


# name: vars
# type: matrix
# ndims: 3
 1 30 19
 0
 0
 0.086074
 0.05857
 0.050049
 0.029942
 0.04409
 0.029297
 0.038701
 0.018354
 0.014146
 0.023359
 0.018896
 0.022696
 0.021691
 0.014153
 0.009139
 0.007103
 0.011674
 0.00674
 0.005861
 0.006192
 0.004948
 0.0047
 0.00381
 0.002282
 0.002781
 0.001382
 0.002393
 0.003305
 0
 0
 0.33333
 0
 0.2
 0.2
 0
 0
 0.05
 0.05
 0.02222
 0.02222
 0
 0
 0
 0
 0.02222
 0.05
 0.05
 0.1125
 0.05
 0.0345
 0.048
 0.048
 0.068
 0.09356
 0.052
 0.04033
 0.04689
 0.02222
 0
 0
 0
 0
 0
 0
 0
 0
 0
 0
 0
 0
 0
 0
 0
 0
 0
 0
 0
 0
 0
 0
 0
 0
 0
 0
 0
 0
 0
 0
 0
 0
 0.14105
 0.03815
 0.04764
 0.02551
 0.01337
 0.01026
 0.01434
 0.01221
 0.00763
 0.00652
 0.00628
 0.00615
 0.00448
 0.00404
 0.00417
 0.00419
 0.00419
 0.00396
 0.00461
 0.00373
 0.00341
 0.00364
 0.00367
 0.00351
 0.00278
 0.0029
 0.0033
 0.00343
 0
 0
 8.584500000000001e-006
 1.5414e-025
 6.5012e-013
 7.272700000000001e-029
 7.8321e-032
 6.2078e-030
 1.505e-030
 3.2317e-029
 1.0855e-028
 4.4608e-029
 2.5557e-017
 1.1961e-011
 1.3213e-005
 8.523e-005
 1.8923e-005
 1.2473e-006
 8.7673e-005
 1.9254e-005
 1.4143e-009
 3.141e-005
 4.0384e-006
 1.8282e-013
 0.00019714
 1.6602e-013
 2.0541e-008
 4.2438e-010
 1.841e-012
 0.00010498
 0
 0
 0
 0
 0
 0
 0
 0
 0
 0
 0
 0
 0
 0
 0
 0
 0
 0
 0
 0
 0
 0
 0
 0
 0
 0
 0
 0
 0
 0
 0
 0
 0
 0
 0
 0
 0
 0
 0
 0
 0
 0
 0
 0
 0
 0
 0
 0
 0
 0
 0
 0
 0
 0
 0
 0
 0
 0
 0
 0
 0
 0
 0.14164
 0.06078
 0.0433
 0.03356
 0.02723
 0.01914
 0.02077
 0.01998
 0.01111
 0.01015
 0.01029
 0.01016
 0.00647
 0.00481
 0.00618
 0.008540000000000001
 0.00629
 0.01015
 0.0092
 0.00974
 0.01037
 0.01043
 0.00817
 0.00713
 0.00738
 0.00777
 0.00755
 0.00616
 0
 0
 0
 0
 0
 0
 0
 0
 0
 0
 0
 5.7e-005
 0.000184
 0.002829
 0.005538
 0.003979
 0.006691
 0.006785
 0.005686
 0.008645999999999999
 0.011131
 0.007816
 0.008203
 0.007322
 0.007997000000000001
 0.011702
 0.011694
 0.011116
 0.010574
 0.009735000000000001
 0
 0
 0
 0
 0
 0
 0
 0
 0
 0
 0
 0
 0
 0
 0
 0
 0
 0
 0
 0
 0
 0
 0
 0
 0
 0
 0
 0
 0
 0
 0
 0
 0
 0
 0
 0
 0
 0
 0
 0
 0
 0
 0
 0
 0
 0
 0
 0
 0
 0
 0
 0
 0
 0
 0
 0
 0
 0
 0
 0
 0
 0
 0
 0
 0
 0
 0
 0
 0
 0
 0
 0
 0
 0
 0
 0
 0
 0
 0
 0
 0
 0
 0
 0
 0
 0
 0
 0
 0
 0
 0
 0
 0
 0
 0
 0
 0
 0
 0
 0
 0
 0
 0
 0
 0
 0
 0
 0
 0
 0
 0
 0
 0
 0
 0
 0
 0
 0
 0
 0
 0
 0
 0
 0
 0
 0
 0
 0
 0
 0
 0
 0
 0
 0
 0
 0
 0
 0
 0
 0
 0
 0
 0
 0
 0
 0
 0
 0
 0
 0
 0
 0
 0
 0
 0
 0
 0
 0
 0
 0
 0
 0
 0
 0
 0
 0
 0
 0
 0
 0
 0
 0
 0
 0
 0
 0
 0
 0
 0
 0
 0
 0
 0
 0
 0
 0
 0
 0
 0
 0
 0
 0
 0
 0
 0
 0
 0
 0
 0
 0
 0
 0
 0
 0
 0
 0
 0
 0
 0
 0
 0
 0
 0
 0
 0
 0
 0
 0
 0
 0.002983
 0
 0.001301
 0.001311
 0.003613
 0.00281
 0.008227
 0.007494
 0.004472
 0.008142999999999999
 0.008305
 0.007882
 0.006432
 0.010084
 0.009353
 0.008245000000000001
 0.010084
 0.011876
 0.01026
 0.010315
 0.012075
 0
 0
 0
 0
 0
 0
 0
 0
 0
 0
 0
 0
 0
 0
 0
 0
 0
 0
 0
 0
 0
 0
 0
 0
 0
 0
 0
 0
 0
 0
 0
 0
 0
 0
 0
 0
 0
 0
 0
 0
 0
 0
 0
 0
 0
 0
 0
 0
 0
 0
 0
 0
 0
 0
 0
 0
 0
 0
 0
 0


