# Created by Octave 4.0.0, Sat Nov 21 16:32:00 2015 W. Europe Standard Time <unknown@Florian-PC>
# name: mus
# type: matrix
# ndims: 3
 1 30 19
 0
 0
 0.49875
 0.49495
 0.47089
 0.52778
 0.51629
 0.51786
 0.51326
 0.5153799999999999
 0.50947
 0.51768
 0.5107699999999999
 0.58929
 0.58077
 0.58073
 0.63825
 0.63636
 0.6415999999999999
 0.65526
 0.66917
 0.65025
 0.68912
 0.67839
 0.776
 0.76205
 0.76215
 0.76148
 0.75239
 0.78462
 0
 0
 1
 1
 0.6
 1
 0.8
 0.7
 0.7
 0.8
 0.8666700000000001
 0.83333
 0.83333
 0.8
 0.8
 0.8
 0.78333
 0.75
 0.8
 0.85
 0.75
 0.82
 0.87
 0.88
 0.88
 0.84
 0.85333
 0.82
 0.8
 0.76667
 0
 0
 1
 1
 0.6903899999999999
 0.8882
 0.91677
 0.84555
 0.81978
 0.84871
 0.91003
 0.89718
 0.91966
 0.92067
 0.92105
 0.91243
 0.89367
 0.888
 0.89588
 0.90596
 0.83984
 0.87125
 0.8929
 0.88153
 0.81762
 0.81075
 0.84197
 0.85563
 0.80213
 0.83497
 0
 0
 1
 1
 0.62138
 0.82348
 0.81926
 0.7128100000000001
 0.73215
 0.77183
 0.78922
 0.80321
 0.81512
 0.81713
 0.82273
 0.8393699999999999
 0.8173
 0.8269300000000001
 0.82816
 0.83421
 0.7866
 0.80425
 0.80897
 0.81107
 0.72564
 0.73632
 0.74232
 0.75678
 0.7563299999999999
 0.7337399999999999
 0
 0
 1
 1
 0.2
 1
 1
 0.75
 0.66667
 0.7
 0.72727
 0.75
 0.92308
 0.88889
 1
 0.66667
 0.5
 1
 1
 1
 0
 1
 1
 1
 1
 1
 1
 1
 1
 1
 0
 0
 1
 1
 0.49997
 0.82347
 0.82257
 0.82087
 0.7376200000000001
 0.72527
 0.7708700000000001
 0.79126
 0.81333
 0.78594
 0.81087
 0.7779199999999999
 0.77194
 0.79528
 0.83899
 0.96676
 0.70877
 0.81901
 0.76446
 0.8106100000000001
 0.74792
 0.72527
 0.68871
 0.74899
 0.72197
 0.83607
 0
 0
 1
 1
 0.80232
 0.849
 0.81143
 0.79249
 0.80025
 0.7955
 0.85663
 0.83004
 0.8665
 0.83902
 0.84671
 0.9484900000000001
 0.8647
 0.8651
 0.8801600000000001
 0.87619
 0.79987
 0.83634
 0.85465
 0.83409
 0.80404
 0.7597699999999999
 0.8204399999999999
 0.7753
 0.87368
 0.81349
 0
 0
 1
 1
 0.59995
 0.7477200000000001
 0.73364
 0.6947
 0.71488
 0.75968
 0.78731
 0.79803
 0.83722
 0.80494
 0.84306
 0.85839
 0.84005
 0.84602
 0.8477
 0.84108
 0.80515
 0.82058
 0.8335
 0.83693
 0.72823
 0.73851
 0.74029
 0.74924
 0.76163
 0.73416
 0
 0
 0.9996699999999999
 1
 1
 1
 1
 1
 1
 0.99639
 1
 1
 0.99675
 0.98528
 0.97526
 0.97619
 0.96797
 0.97454
 0.97682
 0.96974
 0.96722
 0.95924
 0.96345
 0.95766
 0.95334
 0.9515
 0.9538
 0.94891
 0.95029
 0.94425
 0
 0
 1
 1
 0.47779
 0.95059
 0.7399
 0.81476
 0.71149
 0.72686
 0.83977
 0.80543
 0.86091
 0.78388
 0.81763
 0.81537
 0.8152199999999999
 0.82386
 0.83118
 0.89098
 0.7884
 0.84723
 0.82054
 0.81246
 0.7996799999999999
 0.72924
 0.72986
 0.746
 0.75229
 0.72155
 0
 0
 1
 1
 0.86999
 0.78696
 0.72842
 0.75134
 0.76769
 0.7750899999999999
 0.78543
 0.78407
 0.8097299999999999
 0.76432
 0.79509
 0.92455
 0.82604
 0.83305
 0.84731
 0.9432199999999999
 0.80659
 0.83593
 0.80706
 0.81872
 0.77451
 0.87681
 0.7913
 0.82312
 0.80305
 0.8007
 0
 0
 0
 0
 0
 0
 0
 0
 0
 0
 0
 0
 0
 0
 0
 0
 0
 0
 0
 0
 0
 0
 0
 0
 0
 0
 0
 0
 0
 0
 0
 0
 0
 0
 0
 0
 0
 0
 0
 0
 0
 0
 0
 0
 0
 0
 0
 0
 0
 0
 0
 0
 0
 0
 0
 0
 0
 0
 0
 0
 0
 0
 0
 0
 0
 0
 0
 0
 0
 0
 0
 0
 0
 0
 0
 0
 0
 0
 0
 0
 0
 0
 0
 0
 0
 0
 0
 0
 0
 0
 0
 0
 0
 0
 0
 0
 0
 0
 0
 0
 0
 0
 0
 0
 0
 0
 0
 0
 0
 0
 0
 0
 0
 0
 0
 0
 0
 0
 0
 0
 0
 0
 0
 0
 0
 0
 0
 0
 0
 0
 0
 0
 0
 0
 0
 0
 0
 0
 0
 0
 0
 0
 0
 0
 0
 0
 0
 0
 0
 0
 0
 0
 0.99997
 1
 1
 1
 1
 0.99696
 1
 0.99892
 1
 0.99738
 0.99564
 0.98512
 0.97944
 0.9717
 0.97012
 0.97151
 0.96893
 0.96916
 0.9523
 0.95771
 0.95758
 0.96124
 0.9555
 0.94745
 0.95414
 0.94628
 0.94967
 0.94381
 0
 0
 0
 0
 0
 0
 0
 0
 0
 0
 0
 0
 0
 0
 0
 0
 0
 0
 0
 0
 0
 0
 0
 0
 0
 0
 0
 0
 0
 0
 0
 0
 0
 0
 0
 0
 0
 0
 0
 0
 0
 0
 0
 0
 0
 0
 0
 0
 0
 0
 0
 0
 0
 0
 0
 0
 0
 0
 0
 0


