# Created by Octave 4.0.0, Sat Nov 21 16:32:01 2015 W. Europe Standard Time <unknown@Florian-PC>
# name: mus
# type: matrix
# ndims: 3
 1 30 19
 0
 0
 0.72682
 0.6944399999999999
 0.65823
 0.65657
 0.57644
 0.67602
 0.71591
 0.7230799999999999
 0.72601
 0.77778
 0.74641
 0.73852
 0.76026
 0.73958
 0.7397
 0.71212
 0.78195
 0.75789
 0.7193000000000001
 0.75126
 0.75789
 0.74609
 0.78933
 0.83282
 0.83153
 0.79464
 0.7670400000000001
 0.7769200000000001
 0
 0
 0.33333
 0.5
 0.2
 0.6
 0.3
 0.4
 0.4
 0.4
 0.5
 0.56667
 0.7
 0.6333299999999999
 0.66667
 0.68333
 0.65
 0.83333
 0.78333
 0.8
 0.82
 0.8100000000000001
 0.79
 0.88
 1
 0.92
 0.89333
 0.88667
 0.8666700000000001
 0.93333
 0
 0
 0.7557700000000001
 0.67197
 0.42761
 0.6373799999999999
 0.58082
 0.53299
 0.46169
 0.53182
 0.72355
 0.75284
 0.74248
 0.71552
 0.72409
 0.73553
 0.7432800000000001
 0.78476
 0.73005
 0.7672099999999999
 0.83435
 0.81852
 0.8493000000000001
 0.81912
 0.84676
 0.79099
 0.83352
 0.84819
 0.80589
 0.87248
 0
 0
 0.555
 0.41139
 0.3169
 0.4871
 0.57169
 0.48888
 0.5114
 0.54538
 0.60902
 0.58905
 0.59885
 0.60586
 0.63134
 0.64214
 0.67416
 0.69118
 0.65629
 0.67569
 0.6944
 0.71048
 0.71155
 0.72324
 0.7235
 0.69713
 0.71005
 0.72154
 0.7286
 0.7517
 0
 0
 0
 0.5
 0.2
 0.5
 0.57143
 0.625
 0.33333
 0.5
 0.54545
 0.25
 0.53846
 0.5555600000000001
 0.8
 1
 1
 1
 1
 1
 0
 0
 1
 1
 1
 1
 0
 1
 1
 1
 0
 0
 0.25
 0.34537
 0.27083
 0.49554
 0.51331
 0.54875
 0.4691
 0.54301
 0.6010799999999999
 0.54545
 0.57926
 0.61082
 0.66318
 0.63392
 0.70478
 0.6890500000000001
 0.70252
 0.79928
 0.63028
 0.68569
 0.65818
 0.78632
 0.71822
 0.65386
 0.66299
 0.70689
 0.68433
 0.70407
 0
 0
 0.36788
 0.65296
 0.57118
 0.60419
 0.69231
 0.67785
 0.70481
 0.67719
 0.74585
 0.76107
 0.72884
 0.68666
 0.74939
 0.7534
 0.80315
 0.8223200000000001
 0.7603
 0.75136
 0.74883
 0.73831
 0.74938
 0.75371
 0.75023
 0.754
 0.79106
 0.82333
 0.77013
 0.80805
 0
 0
 0.55331
 0.34947
 0.32445
 0.454
 0.58431
 0.5061099999999999
 0.52025
 0.58544
 0.62444
 0.603
 0.59924
 0.62739
 0.63744
 0.65739
 0.68532
 0.70199
 0.6664
 0.6863
 0.70366
 0.72572
 0.71557
 0.72398
 0.7156400000000001
 0.69106
 0.71248
 0.71918
 0.74342
 0.76579
 0
 0
 0.99976
 1
 1
 1
 1
 1
 1
 0.99809
 1
 0.99877
 0.99481
 0.98431
 0.97119
 0.98066
 0.97268
 0.97686
 0.96734
 0.96713
 0.97013
 0.95302
 0.95853
 0.9589
 0.96003
 0.95044
 0.9471000000000001
 0.94477
 0.95124
 0.94998
 0
 0
 0.24998
 0.33229
 0.26833
 0.44327
 0.5265300000000001
 0.54182
 0.48022
 0.55668
 0.5951
 0.57314
 0.60232
 0.5989100000000001
 0.61654
 0.7496699999999999
 0.75792
 0.71879
 0.74459
 0.77115
 0.68464
 0.71105
 0.67301
 0.71475
 0.66401
 0.66839
 0.69291
 0.69019
 0.72182
 0.8171
 0
 0
 0.36788
 0.70535
 0.59875
 0.60906
 0.6811
 0.66849
 0.66325
 0.67447
 0.76227
 0.69457
 0.71557
 0.66526
 0.76963
 0.7307
 0.74979
 0.73882
 0.71261
 0.70595
 0.73987
 0.72242
 0.73659
 0.72326
 0.74214
 0.71543
 0.73324
 0.78254
 0.76518
 0.77851
 0
 0
 0
 0
 0
 0
 0
 0
 0
 0
 0
 0
 0
 0
 0
 0
 0
 0
 0
 0
 0
 0
 0
 0
 0
 0
 0
 0
 0
 0
 0
 0
 0
 0
 0
 0
 0
 0
 0
 0
 0
 0
 0
 0
 0
 0
 0
 0
 0
 0
 0
 0
 0
 0
 0
 0
 0
 0
 0
 0
 0
 0
 0
 0
 0
 0
 0
 0
 0
 0
 0
 0
 0
 0
 0
 0
 0
 0
 0
 0
 0
 0
 0
 0
 0
 0
 0
 0
 0
 0
 0
 0
 0
 0
 0
 0
 0
 0
 0
 0
 0
 0
 0
 0
 0
 0
 0
 0
 0
 0
 0
 0
 0
 0
 0
 0
 0
 0
 0
 0
 0
 0
 0
 0
 0
 0
 0
 0
 0
 0
 0
 0
 0
 0
 0
 0
 0
 0
 0
 0
 0
 0
 0
 0
 0
 0
 0
 0
 0
 0
 0
 0
 0.99997
 1
 1
 1
 1
 1
 1
 1
 0.99874
 0.99721
 0.99396
 0.97871
 0.97265
 0.98209
 0.97223
 0.97134
 0.96079
 0.96762
 0.96313
 0.95412
 0.95656
 0.95491
 0.96673
 0.94458
 0.94245
 0.95383
 0.95173
 0.95375
 0
 0
 0
 0
 0
 0
 0
 0
 0
 0
 0
 0
 0
 0
 0
 0
 0
 0
 0
 0
 0
 0
 0
 0
 0
 0
 0
 0
 0
 0
 0
 0
 0
 0
 0
 0
 0
 0
 0
 0
 0
 0
 0
 0
 0
 0
 0
 0
 0
 0
 0
 0
 0
 0
 0
 0
 0
 0
 0
 0


