# Created by Octave 4.0.0, Sat Nov 21 16:32:07 2015 W. Europe Standard Time <unknown@Florian-PC>
# name: mus
# type: matrix
# ndims: 3
 1 30 19
 0
 0
 0.46867
 0.68182
 0.65063
 0.67803
 0.64662
 0.64541
 0.63573
 0.62821
 0.62942
 0.66414
 0.6705100000000001
 0.64477
 0.63718
 0.7526
 0.79795
 0.7803
 0.78947
 0.77105
 0.78195
 0.86111
 0.85422
 0.84896
 0.8666700000000001
 0.86769
 0.84416
 0.875
 0.8799400000000001
 0.88718
 0
 0
 0
 0.25
 0.6
 0.2
 0.4
 0.5
 0.7
 0.9
 0.93333
 0.7
 0.66667
 0.6
 0.8666700000000001
 0.68333
 0.58333
 0.55
 0.6333299999999999
 0.6
 0.83
 0.76
 0.7
 0.74
 0.84
 0.84
 0.78667
 0.80667
 0.83333
 0.8
 0
 0
 0.39798
 0.58719
 0.69515
 0.63969
 0.59055
 0.65315
 0.63263
 0.7602100000000001
 0.75852
 0.75352
 0.86111
 0.82514
 0.88468
 0.68603
 0.67445
 0.66734
 0.6878
 0.76702
 0.76468
 0.7464
 0.79331
 0.76437
 0.8032899999999999
 0.82019
 0.8109499999999999
 0.8310999999999999
 0.84613
 0.83792
 0
 0
 0.19447
 0.2396
 0.74695
 0.41534
 0.64736
 0.72255
 0.76162
 0.8932600000000001
 0.90273
 0.87767
 0.92815
 0.8633999999999999
 0.90652
 0.73846
 0.66166
 0.71644
 0.77669
 0.79599
 0.8535199999999999
 0.81636
 0.82759
 0.82607
 0.89819
 0.88957
 0.86624
 0.89107
 0.87899
 0.87324
 0
 0
 0
 0.25
 0.8
 0.16667
 0.71429
 0.375
 0.77778
 0.7
 0.90909
 0.83333
 0.92308
 0.77778
 0.6
 1
 0.5
 1
 1
 0
 1
 1
 1
 1
 1
 1
 1
 1
 1
 1
 0
 0
 0.16669
 0.25
 0.75
 0.33751
 0.65
 0.4872
 0.84226
 0.7789700000000001
 0.98371
 0.87929
 0.969
 0.80328
 0.79615
 0.86229
 0.60773
 0.8885999999999999
 0.83473
 0.56893
 0.84865
 0.77495
 0.81467
 0.83929
 0.81181
 0.88086
 0.8125
 0.6987
 1.02804
 1.02481
 0
 0
 0.78929
 0.58273
 0.60885
 0.77299
 0.6934399999999999
 0.75007
 0.71858
 0.7637
 0.78745
 0.83256
 0.77916
 0.79275
 0.8678399999999999
 0.84619
 0.75143
 0.70745
 0.73866
 0.75026
 0.79415
 0.7951
 0.8273200000000001
 0.80276
 0.85061
 0.84531
 0.83218
 0.83773
 0.84993
 0.89171
 0
 0
 0.19447
 0.25185
 0.69313
 0.5497
 0.60611
 0.66776
 0.71616
 0.78289
 0.82934
 0.79034
 0.8823
 0.83877
 0.88369
 0.71763
 0.66848
 0.6957
 0.759
 0.7774799999999999
 0.83604
 0.78132
 0.78372
 0.8112
 0.84214
 0.85419
 0.84278
 0.84185
 0.86612
 0.86158
 0
 0
 1
 1
 1
 1
 1
 1
 1
 1
 1
 1
 1
 1
 1
 1
 1
 1
 1
 1
 1
 1
 1
 1
 1
 1
 1
 1
 1
 1
 0
 0
 0.16669
 0.22549
 0.55385
 0.41592
 0.53056
 0.5386300000000001
 0.78791
 0.93984
 0.94136
 0.86531
 0.95922
 0.7896300000000001
 0.90932
 0.66543
 0.66229
 0.65286
 0.72244
 0.8888
 0.8204900000000001
 0.7259
 0.74908
 0.82164
 0.7472
 0.81874
 0.86924
 0.03059
 0.87622
 0.87115
 0
 0
 0.78929
 0.62166
 0.60705
 0.79628
 0.68536
 0.8552999999999999
 0.73088
 0.77993
 0.7680399999999999
 0.98878
 0.78768
 0.80907
 1.03161
 0.69397
 0.90121
 0.7557700000000001
 0.74708
 0.90825
 0.88513
 0.7498
 0.84099
 0.80184
 0.89254
 0.83536
 0.80831
 0.89863
 0.8683999999999999
 0.9262899999999999
 0
 0
 0
 0
 0
 0
 0
 0
 0
 0
 0
 0
 0
 0
 0
 0
 0
 0
 0
 0
 0
 0
 0
 0
 0
 0
 0
 0
 0
 0
 0
 0
 0
 0
 0
 0
 0
 0
 0
 0
 0
 0
 0
 0
 0
 0
 0
 0
 0
 0
 0
 0
 0
 0
 0
 0
 0
 0
 0
 0
 0
 0
 0
 0
 0
 0
 0
 0
 0
 0
 0
 0
 0
 0
 0
 0
 0
 0
 0
 0
 0
 0
 0
 0
 0
 0
 0
 0
 0
 0
 0
 0
 0
 0
 0
 0
 0
 0
 0
 0
 0
 0
 0
 0
 0
 0
 0
 0
 0
 0
 0
 0
 0
 0
 0
 0
 0
 0
 0
 0
 0
 0
 0
 0
 0
 0
 0
 0
 0
 0
 0
 0
 0
 0
 0
 0
 0
 0
 0
 0
 0
 0
 0
 0
 0
 0
 0
 0
 0
 0
 0
 0
 1
 1
 1
 1
 1
 1
 1
 1
 1
 1
 1
 1
 1
 1
 1
 1
 1
 1
 1
 1
 1
 1
 1
 1
 1
 1
 1
 1
 0
 0
 0
 0
 0
 0
 0
 0
 0
 0
 0
 0
 0
 0
 0
 0
 0
 0
 0
 0
 0
 0
 0
 0
 0
 0
 0
 0
 0
 0
 0
 0
 0
 0
 0
 0
 0
 0
 0
 0
 0
 0
 0
 0
 0
 0
 0
 0
 0
 0
 0
 0
 0
 0
 0
 0
 0
 0
 0
 0


# name: vars
# type: matrix
# ndims: 3
 1 30 19
 0
 0
 0.08928899999999999
 0.04186
 0.042532
 0.032454
 0.04308
 0.026919
 0.023012
 0.02892
 0.021571
 0.023648
 0.017923
 0.020227
 0.016562
 0.007974999999999999
 0.011899
 0.007489
 0.007756
 0.013699
 0.011921
 0.006921
 0.007548
 0.00599
 0.002895
 0.002986
 0.009309
 0.005838
 0.00337
 0.006766
 0
 0
 0
 0.25
 0.3
 0.2
 0.175
 0.25
 0.2
 0.05
 0.02222
 0.2
 0.22222
 0.07778
 0.03333
 0.05694
 0.02778
 0.05764
 0.07847
 0.08125
 0.06950000000000001
 0.03175
 0.06
 0.038
 0.028
 0.028
 0.03256
 0.06022
 0.04167
 0.04722
 0
 0
 0
 0
 0
 0
 0
 0
 0
 0
 0
 0
 0
 0
 0
 0
 0
 0
 0
 0
 0
 0
 0
 0
 0
 0
 0
 0
 0
 0
 0
 0
 0.01216
 0.04803
 0.11938
 0.07061000000000001
 0.06082
 0.06952
 0.05324
 0.02564
 0.01747
 0.02772
 0.01228
 0.03116
 0.01824
 0.0423
 0.04385
 0.04465
 0.03551
 0.03492
 0.02803
 0.02778
 0.02972
 0.03055
 0.01824
 0.01814
 0.02152
 0.01923
 0.02018
 0.02234
 0
 0
 0
 0
 0
 0
 0
 0
 0
 0
 0
 0
 0
 0
 0
 0
 0
 0
 0
 0
 0
 0
 0
 0
 0
 0
 0
 0
 0
 0
 0
 0
 0
 0
 0
 0
 0
 0
 0
 0
 0
 0
 0
 0
 0
 0
 0
 0
 0
 0
 0
 0
 0
 0
 0
 0
 0
 0
 0
 0
 0
 0
 0
 0
 0
 0
 0
 0
 0
 0
 0
 0
 0
 0
 0
 0
 0
 0
 0
 0
 0
 0
 0
 0
 0
 0
 0
 0
 0
 0
 0
 0
 0.012156
 0.057242
 0.07717300000000001
 0.06353399999999999
 0.030175
 0.040964
 0.032472
 0.043808
 0.028125
 0.026899
 0.028349
 0.02534
 0.029974
 0.033333
 0.031963
 0.037958
 0.039486
 0.039475
 0.03063
 0.039286
 0.041486
 0.034093
 0.036649
 0.03249
 0.035303
 0.038921
 0.026876
 0.02976
 0
 0
 0
 0
 0
 0
 0
 0
 0
 0
 0
 0
 0
 0
 0
 0
 0
 0
 0
 0
 0
 0
 0
 0
 0
 0
 0
 0
 0
 0
 0
 0
 0
 0
 0
 0
 0
 0
 0
 0
 0
 0
 0
 0
 0
 0
 0
 0
 0
 0
 0
 0
 0
 0
 0
 0
 0
 0
 0
 0
 0
 0
 0
 0
 0
 0
 0
 0
 0
 0
 0
 0
 0
 0
 0
 0
 0
 0
 0
 0
 0
 0
 0
 0
 0
 0
 0
 0
 0
 0
 0
 0
 0
 0
 0
 0
 0
 0
 0
 0
 0
 0
 0
 0
 0
 0
 0
 0
 0
 0
 0
 0
 0
 0
 0
 0
 0
 0
 0
 0
 0
 0
 0
 0
 0
 0
 0
 0
 0
 0
 0
 0
 0
 0
 0
 0
 0
 0
 0
 0
 0
 0
 0
 0
 0
 0
 0
 0
 0
 0
 0
 0
 0
 0
 0
 0
 0
 0
 0
 0
 0
 0
 0
 0
 0
 0
 0
 0
 0
 0
 0
 0
 0
 0
 0
 0
 0
 0
 0
 0
 0
 0
 0
 0
 0
 0
 0
 0
 0
 0
 0
 0
 0
 0
 0
 0
 0
 0
 0
 0
 0
 0
 0
 0
 0
 0
 0
 0
 0
 0
 0
 0
 0
 0
 0
 0
 0
 0
 0
 0
 0
 0
 0
 0
 0
 0
 0
 0
 0
 0
 0
 0
 0
 0
 0
 0
 0
 0
 0
 0
 0
 0
 0
 0
 0
 0
 0
 0
 0
 0
 0
 0
 0
 0
 0
 0
 0
 0
 0
 0
 0
 0
 0
 0
 0
 0
 0
 0
 0
 0
 0
 0
 0
 0
 0
 0
 0
 0
 0
 0
 0
 0
 0
 0
 0
 0
 0
 0
 0
 0
 0
 0
 0
 0
 0
 0
 0
 0
 0
 0
 0
 0
 0
 0
 0
 0
 0
 0
 0
 0
 0
 0
 0
 0
 0
 0
 0
 0
 0
 0
 0
 0
 0
 0
 0
 0
 0
 0
 0
 0


