# Created by Octave 4.0.0, Sat Nov 21 16:32:21 2015 W. Europe Standard Time <unknown@Florian-PC>
# name: mus
# type: matrix
# ndims: 3
 1 30 19
 0
 0
 0.59649
 0.50253
 0.50127
 0.50631
 0.49624
 0.51276
 0.5082100000000001
 0.51026
 0.50884
 0.51263
 0.50718
 0.51467
 0.5794899999999999
 0.5651
 0.56834
 0.59091
 0.59649
 0.61842
 0.7619
 0.73737
 0.74879
 0.7487
 0.736
 0.64103
 0.67893
 0.66327
 0.71145
 0.6589699999999999
 0
 0
 0.33333
 1
 0.8
 0.6
 0.9
 0.9
 0.9
 0.9
 0.9
 1
 1
 1
 0.93333
 0.93333
 0.93333
 0.95
 0.95
 0.9
 0.8
 0.86
 0.83
 0.84
 0.8
 0.88667
 0.84
 0.9
 0.86
 0.8666700000000001
 0
 0
 0.45319
 0.84676
 0.85412
 0.83412
 0.89035
 0.81576
 0.91087
 0.91134
 0.91857
 0.9623699999999999
 0.96318
 0.97058
 0.90646
 0.9329
 0.9416099999999999
 0.94958
 0.93426
 0.93704
 0.9029
 0.89058
 0.90889
 0.92558
 0.93191
 0.90541
 0.90623
 0.9127999999999999
 0.92074
 0.91244
 0
 0
 0.33165
 0.75812
 0.70592
 0.71368
 0.85186
 0.85951
 0.86744
 0.90398
 0.89882
 0.93163
 0.94019
 0.93914
 0.89596
 0.90211
 0.90694
 0.9089699999999999
 0.91227
 0.90261
 0.84632
 0.85872
 0.86405
 0.87534
 0.88537
 0.86369
 0.83434
 0.83539
 0.82192
 0.82689
 0
 0
 0.33333
 1
 1
 0.83333
 0.71429
 1
 0.77778
 1
 0.90909
 1
 1
 1
 0.8
 1
 1
 1
 1
 1
 1
 1
 1
 1
 1
 1
 1
 1
 1
 1
 0
 0
 0.41666
 0.59715
 0.75532
 0.82866
 0.85785
 0.9603
 0.90328
 0.94007
 0.9775199999999999
 0.98851
 0.99424
 0.95862
 0.85828
 0.97302
 0.8874300000000001
 0.9099
 0.9816
 0.87879
 0.81447
 0.94582
 0.8961
 0.89451
 0.85492
 0.89838
 0.9131899999999999
 0.92621
 0.94184
 0.82436
 0
 0
 0.36788
 0.43572
 0.80242
 0.82009
 0.84871
 0.93228
 0.89592
 0.85838
 0.87956
 0.88102
 0.90251
 0.91554
 0.9041400000000001
 0.9087499999999999
 0.91523
 0.8848
 0.94633
 0.86714
 0.89737
 0.89938
 0.88776
 0.86116
 0.878
 0.88387
 0.92577
 0.84596
 0.92683
 0.83291
 0
 0
 0.33301
 0.70148
 0.70678
 0.81043
 0.84768
 0.86495
 0.87738
 0.90755
 0.89663
 0.93405
 0.93632
 0.93454
 0.89688
 0.90384
 0.90684
 0.91048
 0.91727
 0.90668
 0.85219
 0.86761
 0.8688900000000001
 0.88488
 0.89566
 0.8793
 0.8498599999999999
 0.85492
 0.84039
 0.85401
 0
 0
 0.9996699999999999
 1
 1
 1
 1
 1
 1
 1
 0.99898
 0.99052
 0.99236
 0.98095
 0.97877
 0.9763500000000001
 0.97393
 0.96587
 0.96914
 0.96061
 0.96588
 0.9603699999999999
 0.95887
 0.95738
 0.95638
 0.951
 0.95885
 0.95275
 0.95136
 0.94258
 0
 0
 0.41666
 0.50442
 0.71801
 0.86665
 0.81672
 0.83583
 0.9024799999999999
 0.9129
 0.91851
 0.96724
 0.93427
 0.93972
 0.89762
 0.90918
 0.91198
 0.9227
 0.90284
 0.91745
 0.84045
 0.87396
 0.91387
 0.8700599999999999
 0.88631
 0.9466
 0.83564
 0.8282
 0.94094
 0.82233
 0
 0
 0.36788
 0.4501
 0.86043
 0.75967
 0.8848200000000001
 0.87537
 0.8322000000000001
 0.8374
 0.83744
 0.8404
 0.89022
 0.88939
 0.8909899999999999
 0.87927
 0.90003
 0.89254
 0.92116
 0.91583
 0.89085
 0.88783
 0.89754
 0.95019
 0.89145
 0.95688
 0.8658400000000001
 0.9326
 0.84726
 0.8096
 0
 0
 0
 0
 0
 0
 0
 0
 0
 0
 0
 0
 0
 0
 0
 0
 0
 0
 0
 0
 0
 0
 0
 0
 0
 0
 0
 0
 0
 0
 0
 0
 0
 0
 0
 0
 0
 0
 0
 0
 0
 0
 0
 0
 0
 0
 0
 0
 0
 0
 0
 0
 0
 0
 0
 0
 0
 0
 0
 0
 0
 0
 0
 0
 0
 0
 0
 0
 0
 0
 0
 0
 0
 0
 0
 0
 0
 0
 0
 0
 0
 0
 0
 0
 0
 0
 0
 0
 0
 0
 0
 0
 0
 0
 0
 0
 0
 0
 0
 0
 0
 0
 0
 0
 0
 0
 0
 0
 0
 0
 0
 0
 0
 0
 0
 0
 0
 0
 0
 0
 0
 0
 0
 0
 0
 0
 0
 0
 0
 0
 0
 0
 0
 0
 0
 0
 0
 0
 0
 0
 0
 0
 0
 0
 0
 0
 0
 0
 0
 0
 0
 0
 0.99999
 1
 1
 1
 1
 1
 1
 1
 1
 1
 0.99293
 0.98465
 0.9779
 0.97049
 0.97211
 0.96645
 0.96377
 0.96863
 0.96407
 0.96445
 0.96035
 0.95848
 0.95622
 0.95157
 0.95277
 0.94919
 0.948
 0.94685
 0
 0
 0
 0
 0
 0
 0
 0
 0
 0
 0
 0
 0
 0
 0
 0
 0
 0
 0
 0
 0
 0
 0
 0
 0
 0
 0
 0
 0
 0
 0
 0
 0
 0
 0
 0
 0
 0
 0
 0
 0
 0
 0
 0
 0
 0
 0
 0
 0
 0
 0
 0
 0
 0
 0
 0
 0
 0
 0
 0


# name: vars
# type: matrix
# ndims: 3
 1 30 19
 0
 0
 0.092681
 0.059305
 0.05628
 0.043229
 0.035791
 0.034014
 0.021123
 0.027787
 0.023237
 0.022622
 0.01687
 0.027189
 0.016274
 0.015788
 0.010814
 0.018973
 0.018929
 0.017281
 0.010582
 0.006941
 0.011223
 0.00593
 0.011611
 0.008805
 0.009934
 0.01368
 0.007632
 0.008362
 0
 0
 0.33333
 0
 0.2
 0.3
 0.05
 0.05
 0.05
 0.05
 0.05
 0
 0
 0
 0.02222
 0.02222
 0.02222
 0.0125
 0.0125
 0.01875
 0.04375
 0.01675
 0.0295
 0.028
 0.06
 0.01089
 0.028
 0.02222
 0.048
 0.04722
 0
 0
 0
 0
 0
 0
 0
 0
 0
 0
 0
 0
 0
 0
 0
 0
 0
 0
 0
 0
 0
 0
 0
 0
 0
 0
 0
 0
 0
 0
 0
 0
 0.15376
 0.04483
 0.03502
 0.03812
 0.02012
 0.01572
 0.0155
 0.00679
 0.0069
 0.00503
 0.00376
 0.00327
 0.00406
 0.00377
 0.00325
 0.00319
 0.00295
 0.0026
 0.00284
 0.0025
 0.00284
 0.00267
 0.00256
 0.00289
 0.003
 0.00348
 0.00353
 0.00337
 0
 0
 3.8514e-009
 5.089399999999999e-013
 9.1385e-017
 4.5495e-019
 3.2289e-030
 0
 1.6225e-029
 3.425e-029
 5.0072e-030
 7.1738e-028
 1.7941e-016
 4.1764e-011
 3.0401e-008
 9.9778e-006
 4.3558e-008
 0.00014898
 0.000113
 4.9969e-008
 1.5691e-005
 9.628600000000001e-005
 5.4059e-007
 3.3592e-005
 1.5624e-010
 0.00038298
 3.6957e-008
 1.4111e-006
 0.00017984
 2.5498e-007
 0
 0
 0
 0
 0
 0
 0
 0
 0
 0
 0
 0
 0
 0
 0
 0
 0
 0
 0
 0
 0
 0
 0
 0
 0
 0
 0
 0
 0
 0
 0
 0
 0
 0
 0
 0
 0
 0
 0
 0
 0
 0
 0
 0
 0
 0
 0
 0
 0
 0
 0
 0
 0
 0
 0
 0
 0
 0
 0
 0
 0
 0
 0.15576
 0.07159
 0.05127
 0.03145
 0.02445
 0.02334
 0.01523
 0.01075
 0.0074
 0.00591
 0.00517
 0.00479
 0.00419
 0.0041
 0.00355
 0.0032
 0.00388
 0.00235
 0.00459
 0.00391
 0.00433
 0.00435
 0.00417
 0.0049
 0.00976
 0.00479
 0.01024
 0.00636
 0
 0
 1e-006
 0
 0
 0
 0
 0
 0
 0
 0.000127
 0.002939
 0.002736
 0.004561
 0.005479
 0.005341
 0.005401
 0.008051000000000001
 0.007651
 0.009306
 0.007239
 0.008336
 0.008781000000000001
 0.009258000000000001
 0.009375
 0.010681
 0.008224
 0.009485
 0.011059
 0.014101
 0
 0
 0
 0
 0
 0
 0
 0
 0
 0
 0
 0
 0
 0
 0
 0
 0
 0
 0
 0
 0
 0
 0
 0
 0
 0
 0
 0
 0
 0
 0
 0
 0
 0
 0
 0
 0
 0
 0
 0
 0
 0
 0
 0
 0
 0
 0
 0
 0
 0
 0
 0
 0
 0
 0
 0
 0
 0
 0
 0
 0
 0
 0
 0
 0
 0
 0
 0
 0
 0
 0
 0
 0
 0
 0
 0
 0
 0
 0
 0
 0
 0
 0
 0
 0
 0
 0
 0
 0
 0
 0
 0
 0
 0
 0
 0
 0
 0
 0
 0
 0
 0
 0
 0
 0
 0
 0
 0
 0
 0
 0
 0
 0
 0
 0
 0
 0
 0
 0
 0
 0
 0
 0
 0
 0
 0
 0
 0
 0
 0
 0
 0
 0
 0
 0
 0
 0
 0
 0
 0
 0
 0
 0
 0
 0
 0
 0
 0
 0
 0
 0
 0
 0
 0
 0
 0
 0
 0
 0
 0
 0
 0
 0
 0
 0
 0
 0
 0
 0
 0
 0
 0
 0
 0
 0
 0
 0
 0
 0
 0
 0
 0
 0
 0
 0
 0
 0
 0
 0
 0
 0
 0
 0
 0
 0
 0
 0
 0
 0
 0
 0
 0
 0
 0
 0
 0
 0
 0
 0
 0
 0
 0
 0
 0
 0
 0
 0
 0
 0
 0
 0
 0
 0.001792
 0.00397
 0.004978
 0.008030000000000001
 0.007534
 0.007258
 0.008607999999999999
 0.005887
 0.008291
 0.006992
 0.008344000000000001
 0.00894
 0.008907999999999999
 0.010055
 0.010753
 0.0123
 0.01136
 0.010013
 0
 0
 0
 0
 0
 0
 0
 0
 0
 0
 0
 0
 0
 0
 0
 0
 0
 0
 0
 0
 0
 0
 0
 0
 0
 0
 0
 0
 0
 0
 0
 0
 0
 0
 0
 0
 0
 0
 0
 0
 0
 0
 0
 0
 0
 0
 0
 0
 0
 0
 0
 0
 0
 0
 0
 0
 0
 0
 0
 0


