# Created by Octave 4.0.0, Sat Nov 21 16:32:30 2015 W. Europe Standard Time <unknown@Florian-PC>
# name: mus
# type: matrix
# ndims: 3
 1 30 19
 0
 0
 0.57644
 0.51768
 0.51646
 0.58712
 0.60401
 0.58673
 0.53914
 0.5359
 0.54293
 0.5505100000000001
 0.53795
 0.53508
 0.66282
 0.77344
 0.79284
 0.77904
 0.78947
 0.80263
 0.81704
 0.91414
 0.89486
 0.90625
 0.90667
 0.90359
 0.90681
 0.89923
 0.90047
 0.8948700000000001
 0
 0
 0.66667
 1
 1
 0.8
 0.9
 1
 0.8
 0.9
 1
 1
 1
 1
 0.93333
 0.8
 0.8666700000000001
 0.6333299999999999
 0.56667
 0.7
 0.77
 0.6899999999999999
 0.65
 0.75
 0.76
 0.84667
 0.78667
 0.81333
 0.8666700000000001
 0.8666700000000001
 0
 0
 0.66852
 0.90343
 0.90585
 0.82195
 0.91292
 0.93121
 0.84622
 0.85926
 0.86641
 0.90967
 0.92141
 0.95074
 0.89044
 0.74858
 0.81063
 0.84068
 0.88034
 0.80969
 0.87099
 0.7684800000000001
 0.80674
 0.81781
 0.8406
 0.85762
 0.87409
 0.86731
 0.87495
 0.88222
 0
 0
 0.75001
 0.9791800000000001
 1
 0.94965
 0.90817
 0.99219
 0.82011
 0.87453
 0.94523
 0.98559
 0.99107
 0.99958
 0.96782
 0.86887
 0.90633
 0.94181
 0.94221
 0.84689
 0.88597
 0.8501
 0.86325
 0.85873
 0.88098
 0.8914800000000001
 0.91171
 0.90522
 0.92501
 0.93531
 0
 0
 0.66667
 1
 1
 1
 0.85714
 1
 0.5555600000000001
 0.7
 0.90909
 1
 1
 1
 1
 0.66667
 0.5
 1
 1
 1
 1
 0
 1
 0
 1
 1
 1
 0
 1
 1
 0
 0
 0.90003
 1.38889
 1.15
 1.03333
 0.95238
 1.00714
 0.73859
 0.79236
 0.95568
 1.04798
 1.00536
 1.01062
 1.01796
 0.72927
 0.77745
 0.97115
 1.02703
 0.9357
 0.84483
 0.5903
 1.02352
 0.71429
 1
 0.64584
 1
 0.75
 1
 1.02481
 0
 0
 0.36788
 0.88778
 0.8092
 0.83006
 0.92079
 0.97265
 0.90104
 0.91013
 0.92722
 0.91912
 0.9371699999999999
 0.98929
 0.88823
 0.86099
 0.87577
 0.87486
 0.84915
 0.90759
 0.83242
 0.83548
 0.81231
 0.86761
 0.87763
 0.88876
 0.89085
 0.8750599999999999
 0.89972
 0.89
 0
 0
 0.75001
 0.8696
 0.92221
 0.91307
 0.9336100000000001
 0.97039
 0.85212
 0.89208
 0.9382200000000001
 0.95442
 0.97195
 0.98606
 0.95745
 0.8584000000000001
 0.89324
 0.89637
 0.91
 0.82246
 0.8602
 0.81314
 0.84607
 0.85065
 0.87937
 0.86583
 0.89633
 0.89203
 0.90898
 0.91433
 0
 0
 1
 1
 1
 1
 1
 1
 1
 1
 1
 1
 1
 1
 1
 1
 1
 1
 1
 1
 1
 1
 1
 1
 1
 1
 1
 1
 1
 1
 0
 0
 0.90003
 1.42157
 1.17692
 0.97168
 1.06316
 1.02515
 0.84936
 0.92059
 1.06986
 1.09554
 0.98442
 0.9935
 0.9583700000000001
 0.7939000000000001
 0.85703
 0.84719
 1.03279
 0.78908
 0.80771
 0.76975
 0.91293
 1.03302
 1
 0.90894
 1
 1
 0.9923
 0.87115
 0
 0
 0.36788
 0.88778
 0.7951
 0.77561
 0.99224
 0.98397
 0.94898
 0.89691
 0.9184600000000001
 0.89882
 0.8953
 0.93798
 0.88628
 0.99904
 0.83752
 0.88408
 0.86811
 0.93773
 0.84707
 0.82887
 0.93875
 0.85964
 0.90127
 0.9326
 0.88426
 0.87094
 0.85909
 0.90532
 0
 0
 0
 0
 0
 0
 0
 0
 0
 0
 0
 0
 0
 0
 0
 0
 0
 0
 0
 0
 0
 0
 0
 0
 0
 0
 0
 0
 0
 0
 0
 0
 0
 0
 0
 0
 0
 0
 0
 0
 0
 0
 0
 0
 0
 0
 0
 0
 0
 0
 0
 0
 0
 0
 0
 0
 0
 0
 0
 0
 0
 0
 0
 0
 0
 0
 0
 0
 0
 0
 0
 0
 0
 0
 0
 0
 0
 0
 0
 0
 0
 0
 0
 0
 0
 0
 0
 0
 0
 0
 0
 0
 0
 0
 0
 0
 0
 0
 0
 0
 0
 0
 0
 0
 0
 0
 0
 0
 0
 0
 0
 0
 0
 0
 0
 0
 0
 0
 0
 0
 0
 0
 0
 0
 0
 0
 0
 0
 0
 0
 0
 0
 0
 0
 0
 0
 0
 0
 0
 0
 0
 0
 0
 0
 0
 0
 0
 0
 0
 0
 0
 0
 1
 1
 1
 1
 1
 1
 1
 1
 1
 1
 1
 1
 1
 1
 1
 1
 1
 1
 1
 1
 1
 1
 1
 1
 1
 1
 1
 1
 0
 0
 0
 0
 0
 0
 0
 0
 0
 0
 0
 0
 0
 0
 0
 0
 0
 0
 0
 0
 0
 0
 0
 0
 0
 0
 0
 0
 0
 0
 0
 0
 0
 0
 0
 0
 0
 0
 0
 0
 0
 0
 0
 0
 0
 0
 0
 0
 0
 0
 0
 0
 0
 0
 0
 0
 0
 0
 0
 0


# name: vars
# type: matrix
# ndims: 3
 1 30 19
 0
 0
 0.08439000000000001
 0.062822
 0.047803
 0.038981
 0.041558
 0.027477
 0.020468
 0.019204
 0.02337
 0.0373
 0.013801
 0.015932
 0.018162
 0.008428
 0.009081000000000001
 0.006355
 0.009695
 0.00652
 0.0109
 0.003376
 0.005045
 0.002894
 0.003581
 0.005654
 0.003468
 0.004592
 0.002483
 0.001083
 0
 0
 0.33333
 0
 0
 0.2
 0.05
 0
 0.075
 0.05
 0
 0
 0
 0
 0.02222
 0.08889
 0.08889
 0.07847
 0.09514
 0.0125
 0.02075
 0.058
 0.0775
 0.0275
 0.048
 0.02756
 0.01867
 0.02033
 0.01944
 0.01944
 0
 0
 0
 0
 0
 0
 0
 0
 0
 0
 0
 0
 0
 0
 0
 0
 0
 0
 0
 0
 0
 0
 0
 0
 0
 0
 0
 0
 0
 0
 0
 0
 0.14061
 0.00059
 0
 0.0109
 0.02893
 0.00143
 0.04313
 0.02591
 0.01232
 0.00414
 0.00155
 3e-005
 0.008189999999999999
 0.02678
 0.01985
 0.01141
 0.01044
 0.0261
 0.02179
 0.02639
 0.02323
 0.0245
 0.02091
 0.01793
 0.01453
 0.01501
 0.01171
 0.01317
 0
 0
 0
 0
 0
 0
 0
 0
 0
 0
 0
 0
 0
 0
 0
 0
 0
 0
 0
 0
 0
 0
 0
 0
 0
 0
 0
 0
 0
 0
 0
 0
 0
 0
 0
 0
 0
 0
 0
 0
 0
 0
 0
 0
 0
 0
 0
 0
 0
 0
 0
 0
 0
 0
 0
 0
 0
 0
 0
 0
 0
 0
 0
 0
 0
 0
 0
 0
 0
 0
 0
 0
 0
 0
 0
 0
 0
 0
 0
 0
 0
 0
 0
 0
 0
 0
 0
 0
 0
 0
 0
 0
 0.14061
 0.02332
 0.01151
 0.01478
 0.01425
 0.00509
 0.02343
 0.02172
 0.0115
 0.01335
 0.00817
 0.0067
 0.0136
 0.02613
 0.02668
 0.02599
 0.01998
 0.03592
 0.02626
 0.03746
 0.03033
 0.03026
 0.02292
 0.02883
 0.02116
 0.02537
 0.01937
 0.01531
 0
 0
 0
 0
 0
 0
 0
 0
 0
 0
 0
 0
 0
 0
 0
 0
 0
 0
 0
 0
 0
 0
 0
 0
 0
 0
 0
 0
 0
 0
 0
 0
 0
 0
 0
 0
 0
 0
 0
 0
 0
 0
 0
 0
 0
 0
 0
 0
 0
 0
 0
 0
 0
 0
 0
 0
 0
 0
 0
 0
 0
 0
 0
 0
 0
 0
 0
 0
 0
 0
 0
 0
 0
 0
 0
 0
 0
 0
 0
 0
 0
 0
 0
 0
 0
 0
 0
 0
 0
 0
 0
 0
 0
 0
 0
 0
 0
 0
 0
 0
 0
 0
 0
 0
 0
 0
 0
 0
 0
 0
 0
 0
 0
 0
 0
 0
 0
 0
 0
 0
 0
 0
 0
 0
 0
 0
 0
 0
 0
 0
 0
 0
 0
 0
 0
 0
 0
 0
 0
 0
 0
 0
 0
 0
 0
 0
 0
 0
 0
 0
 0
 0
 0
 0
 0
 0
 0
 0
 0
 0
 0
 0
 0
 0
 0
 0
 0
 0
 0
 0
 0
 0
 0
 0
 0
 0
 0
 0
 0
 0
 0
 0
 0
 0
 0
 0
 0
 0
 0
 0
 0
 0
 0
 0
 0
 0
 0
 0
 0
 0
 0
 0
 0
 0
 0
 0
 0
 0
 0
 0
 0
 0
 0
 0
 0
 0
 0
 0
 0
 0
 0
 0
 0
 0
 0
 0
 0
 0
 0
 0
 0
 0
 0
 0
 0
 0
 0
 0
 0
 0
 0
 0
 0
 0
 0
 0
 0
 0
 0
 0
 0
 0
 0
 0
 0
 0
 0
 0
 0
 0
 0
 0
 0
 0
 0
 0
 0
 0
 0
 0
 0
 0
 0
 0
 0
 0
 0
 0
 0
 0
 0
 0
 0
 0
 0
 0
 0
 0
 0
 0
 0
 0
 0
 0
 0
 0
 0
 0
 0
 0
 0
 0
 0
 0
 0
 0
 0
 0
 0
 0
 0
 0
 0
 0
 0
 0
 0
 0
 0
 0
 0
 0
 0
 0
 0
 0
 0
 0
 0
 0


