# Created by Octave 4.0.0, Sat Nov 21 16:32:08 2015 W. Europe Standard Time <unknown@Florian-PC>
# name: mus
# type: matrix
# ndims: 3
 1 30 19
 0
 0
 0.6240599999999999
 0.61111
 0.5974699999999999
 0.57197
 0.60902
 0.55867
 0.57955
 0.61538
 0.71843
 0.81313
 0.77282
 0.7200299999999999
 0.72692
 0.83073
 0.81358
 0.87374
 0.90226
 0.88684
 0.84962
 0.80303
 0.82097
 0.75
 0.752
 0.84
 0.8374200000000001
 0.8648
 0.86991
 0.92821
 0
 0
 0.33333
 0.75
 0.8
 0.1
 0.6
 0.6
 0.3
 0.5
 0.46667
 0.26667
 0.26667
 0.5
 0.6
 0.56667
 0.48333
 0.58333
 0.65
 0.75
 0.76
 0.78
 0.77
 0.79
 0.76
 0.76667
 0.82
 0.82
 0.82667
 0.76667
 0
 0
 0.46982
 0.68328
 0.6926
 0.39726
 0.62902
 0.65903
 0.19245
 0.58352
 0.5940299999999999
 0.61356
 0.35729
 0.62937
 0.63063
 0.55681
 0.6339900000000001
 0.66398
 0.6821
 0.7446
 0.74312
 0.76381
 0.76736
 0.78493
 0.77067
 0.79006
 0.7763099999999999
 0.76154
 0.80475
 0.78229
 0
 0
 0.55557
 0.67561
 0.87917
 0.37367
 0.65529
 0.70082
 0.52889
 0.5424600000000001
 0.52941
 0.32421
 0.34335
 0.5827599999999999
 0.65638
 0.6152300000000001
 0.70667
 0.74369
 0.7644
 0.79194
 0.79051
 0.81952
 0.81946
 0.8768
 0.85129
 0.81453
 0.83312
 0.82617
 0.81019
 0.7662600000000001
 0
 0
 0
 0.75
 0.8
 0.16667
 0.57143
 0.75
 0.44444
 0.4
 0.63636
 0.33333
 0.07692
 0.44444
 0.6
 1
 1
 1
 1
 1
 1
 1
 0
 1
 1
 1
 1
 1
 0
 1
 0
 0
 0.25004
 0.9444399999999999
 0.925
 0.38751
 0.60714
 0.73214
 0.47917
 0.47163
 0.63674
 0.32349
 0.29753
 0.46663
 0.56528
 0.79715
 0.86818
 0.92231
 0.85934
 0.81942
 0.98303
 0.99121
 0.65406
 1.05781
 1.0625
 1.04167
 0.7983
 0.9169
 0.60417
 0.70802
 0
 0
 0.36788
 0.7493
 0.789
 0.55969
 0.67907
 0.6333299999999999
 0.5905899999999999
 0.59975
 0.62661
 0.59202
 0.63759
 0.60997
 0.68529
 0.64555
 0.72928
 0.73197
 0.7406
 0.86113
 0.82957
 0.83562
 0.87835
 0.82257
 0.80998
 0.79918
 0.78548
 0.81912
 0.79095
 0.84183
 0
 0
 0.55557
 0.61299
 0.8094
 0.47318
 0.63751
 0.65035
 0.55243
 0.58111
 0.51214
 0.41616
 0.43557
 0.5410700000000001
 0.6130100000000001
 0.63454
 0.68694
 0.70475
 0.73017
 0.76166
 0.78965
 0.80019
 0.79937
 0.85533
 0.83548
 0.81711
 0.79672
 0.82041
 0.81406
 0.79299
 0
 0
 1
 1
 1
 1
 1
 1
 1
 1
 1
 1
 1
 1
 1
 1
 1
 1
 1
 1
 1
 1
 1
 1
 1
 1
 1
 1
 1
 1
 0
 0
 0.25004
 0.93627
 0.93615
 0.59085
 0.5777099999999999
 0.53015
 0.53423
 0.6019099999999999
 0.45095
 0.33253
 0.37738
 0.55315
 0.5235
 0.56963
 0.80427
 0.81097
 0.67824
 0.71853
 0.73221
 0.79243
 0.88661
 0.95068
 1.04502
 1.08484
 0.85142
 0.98337
 0.74814
 0.74104
 0
 0
 0.36788
 0.76468
 0.8098
 0.56384
 0.6914400000000001
 0.65588
 0.65278
 0.61585
 0.58865
 0.58648
 0.6051299999999999
 0.61295
 0.6077
 0.67781
 0.86116
 0.7968
 0.72378
 0.8528
 0.84479
 0.7857499999999999
 0.87102
 0.80041
 0.79036
 0.8329
 0.8268799999999999
 0.80719
 0.81745
 0.83469
 0
 0
 0
 0
 0
 0
 0
 0
 0
 0
 0
 0
 0
 0
 0
 0
 0
 0
 0
 0
 0
 0
 0
 0
 0
 0
 0
 0
 0
 0
 0
 0
 0
 0
 0
 0
 0
 0
 0
 0
 0
 0
 0
 0
 0
 0
 0
 0
 0
 0
 0
 0
 0
 0
 0
 0
 0
 0
 0
 0
 0
 0
 0
 0
 0
 0
 0
 0
 0
 0
 0
 0
 0
 0
 0
 0
 0
 0
 0
 0
 0
 0
 0
 0
 0
 0
 0
 0
 0
 0
 0
 0
 0
 0
 0
 0
 0
 0
 0
 0
 0
 0
 0
 0
 0
 0
 0
 0
 0
 0
 0
 0
 0
 0
 0
 0
 0
 0
 0
 0
 0
 0
 0
 0
 0
 0
 0
 0
 0
 0
 0
 0
 0
 0
 0
 0
 0
 0
 0
 0
 0
 0
 0
 0
 0
 0
 0
 0
 0
 0
 0
 0
 1
 1
 1
 1
 1
 1
 1
 1
 1
 1
 1
 1
 1
 1
 1
 1
 1
 1
 1
 1
 1
 1
 1
 1
 1
 1
 1
 1
 0
 0
 0
 0
 0
 0
 0
 0
 0
 0
 0
 0
 0
 0
 0
 0
 0
 0
 0
 0
 0
 0
 0
 0
 0
 0
 0
 0
 0
 0
 0
 0
 0
 0
 0
 0
 0
 0
 0
 0
 0
 0
 0
 0
 0
 0
 0
 0
 0
 0
 0
 0
 0
 0
 0
 0
 0
 0
 0
 0


# name: vars
# type: matrix
# ndims: 3
 1 30 19
 0
 0
 0.066353
 0.057681
 0.054865
 0.031172
 0.037556
 0.026759
 0.039678
 0.028704
 0.017216
 0.01043
 0.011242
 0.020669
 0.012091
 0.008654999999999999
 0.010629
 0.011811
 0.005896
 0.004956
 0.011152
 0.016286
 0.007534
 0.009722
 0.005531
 0.008937
 0.003932
 0.004548
 0.005194
 0.001453
 0
 0
 0.33333
 0.25
 0.2
 0.05
 0.175
 0.175
 0.075
 0.125
 0.00556
 0.13333
 0.18889
 0.08333
 0.07778
 0.07778
 0.09861
 0.05208
 0.08125
 0.09375
 0.09425
 0.06075
 0.0945
 0.0605
 0.048
 0.04889
 0.042
 0.02033
 0.01411
 0.02222
 0
 0
 0
 0
 0
 0
 0
 0
 0
 0
 0
 0
 0
 0
 0
 0
 0
 0
 0
 0
 0
 0
 0
 0
 0
 0
 0
 0
 0
 0
 0
 0
 0.18402
 0.16859
 0.08243
 0.02916
 0.07949000000000001
 0.07683
 0.06791999999999999
 0.05181
 0.05657
 0.03963
 0.03668
 0.05475
 0.05574
 0.05038
 0.04515
 0.03971
 0.03561
 0.03335
 0.03363
 0.034
 0.02743
 0.01623
 0.02371
 0.0289
 0.02733
 0.02476
 0.03127
 0.03135
 0
 0
 0
 0
 0
 0
 0
 0
 0
 0
 0
 0
 0
 0
 0
 0
 0
 0
 0
 0
 0
 0
 0
 0
 0
 0
 0
 0
 0
 0
 0
 0
 0
 0
 0
 0
 0
 0
 0
 0
 0
 0
 0
 0
 0
 0
 0
 0
 0
 0
 0
 0
 0
 0
 0
 0
 0
 0
 0
 0
 0
 0
 0
 0
 0
 0
 0
 0
 0
 0
 0
 0
 0
 0
 0
 0
 0
 0
 0
 0
 0
 0
 0
 0
 0
 0
 0
 0
 0
 0
 0
 0
 0.18402
 0.14792
 0.06796000000000001
 0.03406
 0.04212
 0.04227
 0.04114
 0.0363
 0.04088
 0.03204
 0.04615
 0.048
 0.0429
 0.05059
 0.04154
 0.03856
 0.03963
 0.03289
 0.02737
 0.03696
 0.03919
 0.0314
 0.03242
 0.03109
 0.03223
 0.03597
 0.03738
 0.03619
 0
 0
 0
 0
 0
 0
 0
 0
 0
 0
 0
 0
 0
 0
 0
 0
 0
 0
 0
 0
 0
 0
 0
 0
 0
 0
 0
 0
 0
 0
 0
 0
 0
 0
 0
 0
 0
 0
 0
 0
 0
 0
 0
 0
 0
 0
 0
 0
 0
 0
 0
 0
 0
 0
 0
 0
 0
 0
 0
 0
 0
 0
 0
 0
 0
 0
 0
 0
 0
 0
 0
 0
 0
 0
 0
 0
 0
 0
 0
 0
 0
 0
 0
 0
 0
 0
 0
 0
 0
 0
 0
 0
 0
 0
 0
 0
 0
 0
 0
 0
 0
 0
 0
 0
 0
 0
 0
 0
 0
 0
 0
 0
 0
 0
 0
 0
 0
 0
 0
 0
 0
 0
 0
 0
 0
 0
 0
 0
 0
 0
 0
 0
 0
 0
 0
 0
 0
 0
 0
 0
 0
 0
 0
 0
 0
 0
 0
 0
 0
 0
 0
 0
 0
 0
 0
 0
 0
 0
 0
 0
 0
 0
 0
 0
 0
 0
 0
 0
 0
 0
 0
 0
 0
 0
 0
 0
 0
 0
 0
 0
 0
 0
 0
 0
 0
 0
 0
 0
 0
 0
 0
 0
 0
 0
 0
 0
 0
 0
 0
 0
 0
 0
 0
 0
 0
 0
 0
 0
 0
 0
 0
 0
 0
 0
 0
 0
 0
 0
 0
 0
 0
 0
 0
 0
 0
 0
 0
 0
 0
 0
 0
 0
 0
 0
 0
 0
 0
 0
 0
 0
 0
 0
 0
 0
 0
 0
 0
 0
 0
 0
 0
 0
 0
 0
 0
 0
 0
 0
 0
 0
 0
 0
 0
 0
 0
 0
 0
 0
 0
 0
 0
 0
 0
 0
 0
 0
 0
 0
 0
 0
 0
 0
 0
 0
 0
 0
 0
 0
 0
 0
 0
 0
 0
 0
 0
 0
 0
 0
 0
 0
 0
 0
 0
 0
 0
 0
 0
 0
 0
 0
 0
 0
 0
 0
 0
 0
 0
 0
 0
 0
 0
 0
 0
 0
 0
 0
 0
 0
 0
 0


