# Created by Octave 4.0.0, Sat Nov 21 16:32:15 2015 W. Europe Standard Time <unknown@Florian-PC>
# name: mus
# type: matrix
# ndims: 3
 1 30 19
 0
 0
 0.66416
 0.53535
 0.57468
 0.72348
 0.71679
 0.71429
 0.70707
 0.69231
 0.73611
 0.73737
 0.73692
 0.72577
 0.73846
 0.72135
 0.71185
 0.73611
 0.74937
 0.7368400000000001
 0.74937
 0.66035
 0.78971
 0.86849
 0.85867
 0.87179
 0.86328
 0.83801
 0.84938
 0.8666700000000001
 0
 0
 0
 0.5
 0.8
 0.7
 0.3
 0.5
 0.6
 0.7
 0.53333
 0.66667
 0.53333
 0.8
 0.6
 0.6166700000000001
 0.8833299999999999
 0.78333
 0.73333
 0.75
 0.8
 0.73
 0.71
 0.8
 0.8
 0.80667
 0.80667
 0.76
 0.79333
 0.8666700000000001
 0
 0
 0.47323
 0.68873
 0.80466
 0.52819
 0.62822
 0.67504
 0.60619
 0.6399899999999999
 0.43358
 0.58009
 0.57176
 0.69578
 0.7670400000000001
 0.76709
 0.7719
 0.72276
 0.74035
 0.78357
 0.76829
 0.75252
 0.67907
 0.65988
 0.61857
 0.6359900000000001
 0.64478
 0.60483
 0.73773
 0.60997
 0
 0
 0.05032
 0.6053500000000001
 0.77339
 0.56093
 0.49064
 0.5679
 0.45439
 0.43531
 0.42597
 0.53593
 0.53952
 0.64871
 0.6708499999999999
 0.72465
 0.77215
 0.72056
 0.72623
 0.77389
 0.75872
 0.71579
 0.6155
 0.59693
 0.63991
 0.64156
 0.65059
 0.69106
 0.673
 0.63459
 0
 0
 0
 0.75
 1
 0.5
 0.57143
 0.5
 0.5555600000000001
 0.6
 0.36364
 0.66667
 0.53846
 0.66667
 0.8
 1
 0.5
 1
 1
 0
 1
 1
 0
 1
 1
 1
 1
 1
 1
 0
 0
 0
 0.02986
 0.7997300000000001
 0.92316
 0.54408
 0.5518
 0.51124
 0.5123799999999999
 0.51584
 0.46756
 0.5911999999999999
 0.5374
 0.68799
 0.7091
 0.82019
 0.68707
 0.80721
 0.79474
 0.63604
 0.8603499999999999
 0.78425
 0.5579499999999999
 0.6864400000000001
 0.6845
 0.67584
 0.67946
 0.75276
 0.66177
 0.61792
 0
 0
 0.57859
 0.39183
 0.81448
 0.66953
 0.69415
 0.72807
 0.63981
 0.63264
 0.66085
 0.67444
 0.64454
 0.72551
 0.72942
 0.7679
 0.7587
 0.76132
 0.75523
 0.77711
 0.76653
 0.77035
 0.66453
 0.65574
 0.69504
 0.68019
 0.68186
 0.70742
 0.6668500000000001
 0.66613
 0
 0
 0.09006
 0.56625
 0.73022
 0.55415
 0.51773
 0.55259
 0.50712
 0.4608
 0.48644
 0.53417
 0.5506799999999999
 0.59922
 0.61997
 0.66062
 0.69881
 0.66093
 0.66321
 0.69477
 0.69909
 0.6515300000000001
 0.57795
 0.56673
 0.56638
 0.57084
 0.55823
 0.58882
 0.58036
 0.56789
 0
 0
 0.92118
 0.9018699999999999
 0.94121
 0.91974
 0.90984
 0.93851
 0.89368
 0.91528
 0.9231200000000001
 0.92947
 0.92366
 0.92785
 0.92579
 0.92014
 0.90123
 0.9106300000000001
 0.90883
 0.91375
 0.90535
 0.90674
 0.90233
 0.90487
 0.90522
 0.9029
 0.91776
 0.8967000000000001
 0.90199
 0.89375
 0
 0
 0.01944
 0.77028
 0.8542
 0.5627799999999999
 0.55903
 0.53775
 0.5033
 0.49165
 0.51354
 0.37907
 0.56105
 0.6685
 0.69396
 0.7433
 0.75668
 0.7327
 0.69865
 0.74285
 0.74541
 0.70858
 0.57873
 0.56754
 0.56519
 0.58578
 0.5931
 0.65487
 0.62417
 0.6109599999999999
 0
 0
 0.57859
 0.40691
 0.80413
 0.63994
 0.6893
 0.68859
 0.66099
 0.64584
 0.65498
 0.71765
 0.6349900000000001
 0.71883
 0.70173
 0.7639
 0.7395
 0.71899
 0.71673
 0.78264
 0.74216
 0.7275
 0.68049
 0.6807
 0.72823
 0.67643
 0.55972
 0.39384
 0.65949
 0.67436
 0
 0
 0
 0
 0
 0
 0
 0
 0
 0
 0
 0
 0
 0
 0
 0
 0
 0
 0
 0
 0
 0
 0
 0
 0
 0
 0
 0
 0
 0
 0
 0
 0
 0
 0
 0
 0
 0
 0
 0
 0
 0
 0
 0
 0
 0
 0
 0
 0
 0
 0
 0
 0
 0
 0
 0
 0
 0
 0
 0
 0
 0
 0
 0
 0
 0
 0
 0
 0
 0
 0
 0
 0
 0
 0
 0
 0
 0
 0
 0
 0
 0
 0
 0
 0
 0
 0
 0
 0
 0
 0
 0
 0
 0
 0
 0
 0
 0
 0
 0
 0
 0
 0
 0
 0
 0
 0
 0
 0
 0
 0
 0
 0
 0
 0
 0
 0
 0
 0
 0
 0
 0
 0
 0
 0
 0
 0
 0
 0
 0
 0
 0
 0
 0
 0
 0
 0
 0
 0
 0
 0
 0
 0
 0
 0
 0
 0
 0
 0
 0
 0
 0
 0.90921
 0.94533
 0.89879
 0.95925
 0.93258
 0.92442
 0.91715
 0.90325
 0.9224
 0.91818
 0.91634
 0.9113
 0.92582
 0.91972
 0.91248
 0.9075299999999999
 0.92001
 0.92299
 0.91727
 0.90812
 0.91027
 0.90812
 0.905
 0.89772
 0.9025
 0.90446
 0.90423
 0.90845
 0
 0
 0
 0
 0
 0
 0
 0
 0
 0
 0
 0
 0
 0
 0
 0
 0
 0
 0
 0
 0
 0
 0
 0
 0
 0
 0
 0
 0
 0
 0
 0
 0
 0
 0
 0
 0
 0
 0
 0
 0
 0
 0
 0
 0
 0
 0
 0
 0
 0
 0
 0
 0
 0
 0
 0
 0
 0
 0
 0


