# Created by Octave 4.0.0, Sat Nov 21 16:32:02 2015 W. Europe Standard Time <unknown@Florian-PC>
# name: mus
# type: matrix
# ndims: 3
 1 30 19
 0
 0
 0.56642
 0.5555600000000001
 0.5518999999999999
 0.54419
 0.64411
 0.64286
 0.6452
 0.62308
 0.62753
 0.66919
 0.72949
 0.70281
 0.73974
 0.72917
 0.71668
 0.7197
 0.77193
 0.75
 0.73183
 0.7601
 0.77977
 0.78125
 0.77333
 0.83641
 0.88769
 0.88265
 0.88387
 0.8641
 0
 0
 0.33333
 0.5
 0.4
 0.7
 0.4
 0.5
 0.7
 0.7
 0.73333
 0.83333
 0.8666700000000001
 0.8666700000000001
 0.73333
 0.8666700000000001
 0.81667
 0.95
 0.8
 0.8
 0.77
 0.72
 0.7
 0.79
 0.76
 0.73333
 0.7
 0.72
 0.72
 0.73333
 0
 0
 0.49718
 0.57186
 0.70808
 0.7302999999999999
 0.54394
 0.69274
 0.69616
 0.73986
 0.74152
 0.77179
 0.69187
 0.7440099999999999
 0.87216
 0.80574
 0.8452
 0.86553
 0.84617
 0.78262
 0.78737
 0.78588
 0.74336
 0.75934
 0.75915
 0.79012
 0.7322
 0.7487200000000001
 0.74701
 0.7426700000000001
 0
 0
 0.49824
 0.35245
 0.46084
 0.59253
 0.47866
 0.53044
 0.53655
 0.57723
 0.63223
 0.6821199999999999
 0.65428
 0.6963200000000001
 0.7176900000000001
 0.74247
 0.72566
 0.73107
 0.69831
 0.70303
 0.64991
 0.66456
 0.64034
 0.6680199999999999
 0.68869
 0.67785
 0.6533600000000001
 0.6711
 0.67363
 0.6804
 0
 0
 0.33333
 1
 0.6
 0.5
 0.71429
 0.75
 0.88889
 0.6
 0.90909
 0.83333
 0.69231
 0.88889
 1
 1
 1
 1
 1
 1
 1
 0
 1
 1
 0
 1
 1
 1
 1
 1
 0
 0
 0.41667
 0.60928
 0.6952700000000001
 0.58151
 0.52283
 0.54196
 0.61944
 0.58577
 0.6632
 0.64958
 0.69084
 0.7497200000000001
 0.71992
 0.69961
 0.74514
 0.75841
 0.67435
 0.64293
 0.6737300000000001
 0.60233
 0.61394
 0.66816
 0.68015
 0.6751200000000001
 0.62027
 0.62838
 0.64805
 0.64524
 0
 0
 0.36788
 0.50686
 0.69747
 0.67318
 0.64136
 0.6734
 0.70052
 0.72803
 0.69313
 0.69752
 0.7135899999999999
 0.74421
 0.7531600000000001
 0.77011
 0.82123
 0.7565
 0.79814
 0.7315199999999999
 0.73497
 0.74805
 0.75449
 0.73997
 0.74923
 0.6918299999999999
 0.72901
 0.74765
 0.73237
 0.74025
 0
 0
 0.49884
 0.31861
 0.50296
 0.54142
 0.4746
 0.52581
 0.49673
 0.55148
 0.61332
 0.64684
 0.62187
 0.65767
 0.6925
 0.72634
 0.72716
 0.7292
 0.70218
 0.70146
 0.65594
 0.6775600000000001
 0.6474800000000001
 0.6626300000000001
 0.69051
 0.68107
 0.65735
 0.68544
 0.68119
 0.6821700000000001
 0
 0
 0.9999400000000001
 1
 1
 1
 1
 1
 1
 1
 1
 1
 0.99968
 0.99198
 0.97581
 0.98007
 0.97417
 0.96544
 0.9611499999999999
 0.95823
 0.96715
 0.96506
 0.96049
 0.95251
 0.95284
 0.9526
 0.95185
 0.94854
 0.94402
 0.94212
 0
 0
 0.41666
 0.47311
 0.78803
 0.54342
 0.47143
 0.49504
 0.50127
 0.54493
 0.58066
 0.67567
 0.73002
 0.59456
 0.65808
 0.68901
 0.70503
 0.70956
 0.66755
 0.71087
 0.6700199999999999
 0.66569
 0.6261100000000001
 0.64569
 0.68291
 0.79232
 0.64055
 0.66151
 0.67515
 0.66927
 0
 0
 0.36788
 0.53438
 0.69502
 0.66549
 0.6256699999999999
 0.66621
 0.73672
 0.68284
 0.7105900000000001
 0.71593
 0.67583
 0.71056
 0.8042
 0.76093
 0.75582
 0.71445
 0.79342
 0.72709
 0.69973
 0.74764
 0.68104
 0.7225200000000001
 0.73223
 0.82595
 0.69667
 0.70751
 0.72168
 0.72905
 0
 0
 0
 0
 0
 0
 0
 0
 0
 0
 0
 0
 0
 0
 0
 0
 0
 0
 0
 0
 0
 0
 0
 0
 0
 0
 0
 0
 0
 0
 0
 0
 0
 0
 0
 0
 0
 0
 0
 0
 0
 0
 0
 0
 0
 0
 0
 0
 0
 0
 0
 0
 0
 0
 0
 0
 0
 0
 0
 0
 0
 0
 0
 0
 0
 0
 0
 0
 0
 0
 0
 0
 0
 0
 0
 0
 0
 0
 0
 0
 0
 0
 0
 0
 0
 0
 0
 0
 0
 0
 0
 0
 0
 0
 0
 0
 0
 0
 0
 0
 0
 0
 0
 0
 0
 0
 0
 0
 0
 0
 0
 0
 0
 0
 0
 0
 0
 0
 0
 0
 0
 0
 0
 0
 0
 0
 0
 0
 0
 0
 0
 0
 0
 0
 0
 0
 0
 0
 0
 0
 0
 0
 0
 0
 0
 0
 0
 0
 0
 0
 0
 0
 0.99998
 1
 1
 1
 1
 1
 1
 1
 1
 0.99892
 0.99438
 0.98498
 0.97698
 0.9726399999999999
 0.97295
 0.97105
 0.96353
 0.9673
 0.96502
 0.96262
 0.96147
 0.9569299999999999
 0.95646
 0.94951
 0.9498799999999999
 0.94553
 0.9468
 0.9364
 0
 0
 0
 0
 0
 0
 0
 0
 0
 0
 0
 0
 0
 0
 0
 0
 0
 0
 0
 0
 0
 0
 0
 0
 0
 0
 0
 0
 0
 0
 0
 0
 0
 0
 0
 0
 0
 0
 0
 0
 0
 0
 0
 0
 0
 0
 0
 0
 0
 0
 0
 0
 0
 0
 0
 0
 0
 0
 0
 0


