# Created by Octave 4.0.0, Sat Nov 21 16:32:24 2015 W. Europe Standard Time <unknown@Florian-PC>
# name: mus
# type: matrix
# ndims: 3
 1 30 19
 0
 0
 0.6240599999999999
 0.56818
 0.56203
 0.53535
 0.5213
 0.53316
 0.52904
 0.52051
 0.51831
 0.53283
 0.53026
 0.53125
 0.60641
 0.6849
 0.68116
 0.73611
 0.73935
 0.74211
 0.74687
 0.71843
 0.7468
 0.74349
 0.7466699999999999
 0.75385
 0.74591
 0.74235
 0.78307
 0.77436
 0
 0
 0.66667
 1
 1
 0.8
 0.9
 1
 0.9
 0.9
 0.9
 0.9
 0.93333
 0.93333
 0.8666700000000001
 0.73333
 0.8
 0.9
 0.9
 0.85
 0.85
 0.92
 0.9
 0.92
 0.92
 0.89333
 0.88667
 0.89333
 0.92667
 0.96667
 0
 0
 0.66638
 0.90167
 0.8581
 0.8882
 0.87218
 0.96207
 0.8974
 0.90555
 0.91909
 0.92782
 0.91383
 0.92117
 0.88113
 0.8273200000000001
 0.87236
 0.88766
 0.85952
 0.84679
 0.86052
 0.89501
 0.9148500000000001
 0.87064
 0.8924
 0.91499
 0.91079
 0.91126
 0.92483
 0.91168
 0
 0
 0.99682
 0.8223200000000001
 0.82007
 0.8005100000000001
 0.87195
 0.86853
 0.86731
 0.89686
 0.90186
 0.91147
 0.9011400000000001
 0.90679
 0.85271
 0.78792
 0.80898
 0.78652
 0.80847
 0.80003
 0.8108300000000001
 0.82361
 0.83029
 0.83891
 0.84341
 0.84917
 0.85103
 0.8565
 0.86089
 0.8666199999999999
 0
 0
 0.66667
 1
 1
 1
 0.85714
 0.875
 0.66667
 0.8
 1
 0.91667
 1
 0.88889
 1
 0.66667
 0.5
 1
 1
 0
 1
 1
 1
 1
 1
 1
 1
 1
 0
 1
 0
 0
 0.70202
 0.75819
 0.81028
 0.6649
 0.91352
 0.93333
 0.83682
 0.88892
 0.97592
 0.93135
 0.95067
 0.92563
 0.88776
 0.80705
 0.7931
 0.9139
 0.9141
 0.78311
 0.91311
 0.88137
 0.81594
 0.81279
 0.78151
 0.85089
 0.92603
 0.86891
 0.85666
 0.88427
 0
 0
 0.57859
 0.70407
 0.7789
 0.85045
 0.87657
 0.85138
 0.87625
 0.90057
 0.94474
 0.8668400000000001
 0.90894
 0.93514
 0.89156
 0.83029
 0.92959
 0.8481
 0.85112
 0.83417
 0.84198
 0.85716
 0.87984
 0.89413
 0.85059
 0.88298
 0.86736
 0.8787
 0.8525700000000001
 0.87615
 0
 0
 0.99193
 0.78565
 0.7562
 0.78316
 0.86853
 0.88887
 0.8593
 0.90503
 0.90683
 0.91714
 0.90504
 0.92375
 0.86241
 0.79021
 0.81854
 0.79966
 0.82094
 0.81571
 0.81939
 0.84061
 0.84636
 0.84673
 0.8526
 0.86372
 0.86166
 0.87358
 0.87304
 0.88422
 0
 0
 0.99979
 1
 1
 1
 1
 1
 1
 1
 0.99857
 0.99712
 0.99182
 0.98829
 0.9757
 0.98293
 0.97005
 0.96649
 0.97237
 0.96632
 0.9735200000000001
 0.96565
 0.95949
 0.9594200000000001
 0.95445
 0.96139
 0.9631
 0.94659
 0.95318
 0.94534
 0
 0
 0.69843
 0.8217
 0.8565199999999999
 0.88908
 0.9819600000000001
 0.97539
 0.85266
 0.8897
 0.9267
 0.89191
 0.89188
 0.91189
 0.85424
 0.7928500000000001
 0.80286
 0.79292
 0.85326
 0.7982900000000001
 0.86316
 0.8257
 0.8337
 0.83419
 0.84029
 0.88212
 0.85607
 0.86819
 0.86839
 0.92027
 0
 0
 0.57859
 0.74734
 0.8211000000000001
 0.93469
 0.91261
 0.90057
 0.83562
 0.90561
 0.89517
 0.83416
 0.87525
 0.89749
 0.87094
 0.85294
 0.85764
 0.83954
 0.84212
 0.85601
 0.8444700000000001
 0.85575
 0.87862
 0.86061
 0.86202
 0.8630100000000001
 0.89256
 0.9233
 0.88826
 0.89334
 0
 0
 0
 0
 0
 0
 0
 0
 0
 0
 0
 0
 0
 0
 0
 0
 0
 0
 0
 0
 0
 0
 0
 0
 0
 0
 0
 0
 0
 0
 0
 0
 0
 0
 0
 0
 0
 0
 0
 0
 0
 0
 0
 0
 0
 0
 0
 0
 0
 0
 0
 0
 0
 0
 0
 0
 0
 0
 0
 0
 0
 0
 0
 0
 0
 0
 0
 0
 0
 0
 0
 0
 0
 0
 0
 0
 0
 0
 0
 0
 0
 0
 0
 0
 0
 0
 0
 0
 0
 0
 0
 0
 0
 0
 0
 0
 0
 0
 0
 0
 0
 0
 0
 0
 0
 0
 0
 0
 0
 0
 0
 0
 0
 0
 0
 0
 0
 0
 0
 0
 0
 0
 0
 0
 0
 0
 0
 0
 0
 0
 0
 0
 0
 0
 0
 0
 0
 0
 0
 0
 0
 0
 0
 0
 0
 0
 0
 0
 0
 0
 0
 0
 0.99999
 1
 1
 1
 1
 1
 1
 0.99997
 0.99905
 0.99957
 0.99154
 0.98334
 0.98209
 0.97751
 0.96914
 0.96257
 0.96528
 0.96616
 0.9701
 0.96631
 0.9605399999999999
 0.95261
 0.95824
 0.95462
 0.96087
 0.95683
 0.94742
 0.94495
 0
 0
 0
 0
 0
 0
 0
 0
 0
 0
 0
 0
 0
 0
 0
 0
 0
 0
 0
 0
 0
 0
 0
 0
 0
 0
 0
 0
 0
 0
 0
 0
 0
 0
 0
 0
 0
 0
 0
 0
 0
 0
 0
 0
 0
 0
 0
 0
 0
 0
 0
 0
 0
 0
 0
 0
 0
 0
 0
 0


