# Created by Octave 4.0.0, Sat Nov 21 16:32:03 2015 W. Europe Standard Time <unknown@Florian-PC>
# name: mus
# type: matrix
# ndims: 3
 1 30 19
 0
 0
 0.54386
 0.51515
 0.4962
 0.54545
 0.62907
 0.60714
 0.6029
 0.59231
 0.57955
 0.5707100000000001
 0.58923
 0.6352
 0.6
 0.53646
 0.54845
 0.56187
 0.58897
 0.63947
 0.69424
 0.74495
 0.8192700000000001
 0.82552
 0.81333
 0.7759
 0.79004
 0.82526
 0.82678
 0.81026
 0
 0
 0.66667
 0.75
 0.6
 0.8
 0.8
 0.6
 0.7
 0.8
 0.76667
 0.83333
 0.6
 0.53333
 0.53333
 0.55
 0.66667
 0.65
 0.66667
 0.7
 0.67
 0.62
 0.63
 0.62
 0.68
 0.65333
 0.68
 0.74
 0.72667
 0.73333
 0
 0
 0.79499
 0.65646
 0.6598000000000001
 0.73442
 0.77424
 0.76973
 0.84007
 0.7726499999999999
 0.85567
 0.86236
 0.62077
 0.59617
 0.61194
 0.6173999999999999
 0.67226
 0.67746
 0.71067
 0.69002
 0.72145
 0.7325
 0.69167
 0.73838
 0.77581
 0.70764
 0.7567
 0.78696
 0.80449
 0.76935
 0
 0
 0.78063
 0.84249
 0.61077
 0.78389
 0.63163
 0.67567
 0.75626
 0.70543
 0.7986799999999999
 0.79877
 0.5679999999999999
 0.49256
 0.53826
 0.56842
 0.6016899999999999
 0.6775600000000001
 0.68221
 0.65586
 0.69813
 0.67031
 0.6562
 0.67626
 0.68558
 0.70364
 0.72034
 0.751
 0.74794
 0.74703
 0
 0
 0.66667
 1
 1
 0.83333
 0.42857
 0.625
 0.66667
 0.9
 0.90909
 0.83333
 0.46154
 0.22222
 0.4
 1
 1
 1
 1
 1
 1
 0
 0
 0
 1
 1
 1
 1
 1
 1
 0
 0
 0.70592
 0.92574
 0.83857
 0.84558
 0.48113
 0.68743
 0.63517
 0.75739
 0.85859
 0.86564
 0.5502
 0.37789
 0.48826
 0.67779
 0.69133
 0.7537700000000001
 0.80909
 0.74551
 0.81845
 0.60668
 0.59043
 0.64855
 0.65935
 0.82142
 0.83503
 0.82434
 0.85041
 0.7897999999999999
 0
 0
 0.57859
 0.8458599999999999
 0.80846
 0.70846
 0.6374
 0.7597699999999999
 0.82578
 0.76753
 0.7776999999999999
 0.80918
 0.6535
 0.61914
 0.6834
 0.68965
 0.67332
 0.70011
 0.71617
 0.70255
 0.70047
 0.7012699999999999
 0.72458
 0.75258
 0.72018
 0.78331
 0.72793
 0.75784
 0.8121699999999999
 0.82766
 0
 0
 0.78091
 0.8301500000000001
 0.6052999999999999
 0.69642
 0.62263
 0.63881
 0.68055
 0.65447
 0.73702
 0.74215
 0.58205
 0.48005
 0.53163
 0.56426
 0.60919
 0.6388
 0.66556
 0.62741
 0.6367699999999999
 0.6009100000000001
 0.5962499999999999
 0.62174
 0.64268
 0.6587
 0.6827800000000001
 0.67865
 0.70135
 0.7069299999999999
 0
 0
 0.9938
 0.9068000000000001
 0.93043
 0.91264
 0.94312
 0.91365
 0.91625
 0.9293
 0.90957
 0.92639
 0.92308
 0.93236
 0.91669
 0.91077
 0.8988699999999999
 0.90334
 0.91283
 0.90943
 0.90989
 0.90193
 0.91334
 0.9056999999999999
 0.90956
 0.90739
 0.90368
 0.8983
 0.91214
 0.91274
 0
 0
 0.76462
 0.90986
 0.72779
 0.85488
 0.49869
 0.75813
 0.65351
 0.63859
 0.77594
 0.87776
 0.57226
 0.44523
 0.53557
 0.5764899999999999
 0.61799
 0.6633
 0.7348
 0.68223
 0.73411
 0.5982
 0.67419
 0.61753
 0.67808
 0.71008
 0.7298
 0.73347
 0.73814
 0.75424
 0
 0
 0.57859
 0.63046
 0.90037
 0.67721
 0.66457
 0.79133
 0.76292
 0.77693
 0.73415
 0.75525
 0.65893
 0.61328
 0.69087
 0.7350100000000001
 0.70789
 0.72979
 0.71978
 0.70968
 0.59973
 0.71128
 0.58262
 0.68977
 0.72273
 0.75392
 0.72343
 0.75767
 0.82345
 0.85925
 0
 0
 0
 0
 0
 0
 0
 0
 0
 0
 0
 0
 0
 0
 0
 0
 0
 0
 0
 0
 0
 0
 0
 0
 0
 0
 0
 0
 0
 0
 0
 0
 0
 0
 0
 0
 0
 0
 0
 0
 0
 0
 0
 0
 0
 0
 0
 0
 0
 0
 0
 0
 0
 0
 0
 0
 0
 0
 0
 0
 0
 0
 0
 0
 0
 0
 0
 0
 0
 0
 0
 0
 0
 0
 0
 0
 0
 0
 0
 0
 0
 0
 0
 0
 0
 0
 0
 0
 0
 0
 0
 0
 0
 0
 0
 0
 0
 0
 0
 0
 0
 0
 0
 0
 0
 0
 0
 0
 0
 0
 0
 0
 0
 0
 0
 0
 0
 0
 0
 0
 0
 0
 0
 0
 0
 0
 0
 0
 0
 0
 0
 0
 0
 0
 0
 0
 0
 0
 0
 0
 0
 0
 0
 0
 0
 0
 0
 0
 0
 0
 0
 0
 0.86778
 0.9520999999999999
 0.94298
 0.9353399999999999
 0.9192
 0.89267
 0.9085800000000001
 0.9033
 0.92083
 0.92279
 0.91077
 0.90834
 0.90551
 0.91052
 0.90119
 0.90696
 0.8980399999999999
 0.9066
 0.90388
 0.91199
 0.90146
 0.90538
 0.8971
 0.90773
 0.90342
 0.90255
 0.90925
 0.89841
 0
 0
 0
 0
 0
 0
 0
 0
 0
 0
 0
 0
 0
 0
 0
 0
 0
 0
 0
 0
 0
 0
 0
 0
 0
 0
 0
 0
 0
 0
 0
 0
 0
 0
 0
 0
 0
 0
 0
 0
 0
 0
 0
 0
 0
 0
 0
 0
 0
 0
 0
 0
 0
 0
 0
 0
 0
 0
 0
 0


