# Created by Octave 4.0.0, Sat Nov 21 16:32:22 2015 W. Europe Standard Time <unknown@Florian-PC>
# name: mus
# type: matrix
# ndims: 3
 1 30 19
 0
 0
 0.61905
 0.51768
 0.51392
 0.51894
 0.51128
 0.52551
 0.52083
 0.52051
 0.63952
 0.66414
 0.6684600000000001
 0.71365
 0.70385
 0.63542
 0.63797
 0.6149
 0.61654
 0.59211
 0.61654
 0.59722
 0.60188
 0.60156
 0.59733
 0.59949
 0.6250599999999999
 0.59694
 0.63649
 0.6051299999999999
 0
 0
 0.33333
 1
 1
 0.6
 0.9
 1
 1
 1
 0.9
 0.7
 0.8666700000000001
 0.8
 0.8666700000000001
 0.81667
 0.85
 0.81667
 0.8833299999999999
 0.95
 0.96
 0.91
 0.92
 0.91
 0.92
 0.88667
 0.84667
 0.89333
 0.9
 0.9
 0
 0
 0.67659
 0.84915
 0.84004
 0.86304
 0.90413
 0.84454
 0.92857
 0.93637
 0.9081
 0.81855
 0.8368100000000001
 0.79803
 0.86744
 0.86903
 0.87234
 0.85109
 0.92216
 0.88664
 0.91129
 0.92456
 0.94843
 0.95764
 0.96324
 0.91318
 0.8676700000000001
 0.86412
 0.86726
 0.87985
 0
 0
 0.32839
 0.7934099999999999
 0.8031
 0.80892
 0.82819
 0.86214
 0.89451
 0.92992
 0.8591299999999999
 0.71252
 0.74325
 0.68713
 0.7306
 0.71144
 0.73488
 0.74061
 0.76098
 0.7712599999999999
 0.78296
 0.78527
 0.80515
 0.8118
 0.8203
 0.78801
 0.75965
 0.76879
 0.7683
 0.77374
 0
 0
 1
 1
 1
 0.33333
 1
 0.75
 1
 1
 0.81818
 0.75
 0.92308
 0.77778
 0.8
 1
 0.5
 1
 1
 1
 1
 0
 1
 1
 1
 1
 1
 1
 1
 1
 0
 0
 0.99964
 0.76828
 0.8849900000000001
 0.70691
 0.91989
 0.8555700000000001
 0.82212
 0.98996
 0.84801
 0.75232
 0.85522
 0.64761
 0.76841
 0.66271
 0.6924400000000001
 0.73584
 0.68398
 0.7519400000000001
 0.79393
 0.71266
 0.83611
 0.74941
 0.9379
 0.73187
 0.67234
 0.9160700000000001
 0.75454
 0.71
 0
 0
 0.57859
 0.71119
 0.79822
 0.83057
 0.8822
 0.81044
 0.86927
 0.90155
 0.9376
 0.81721
 0.78059
 0.7631599999999999
 0.79565
 0.80198
 0.81447
 0.7662600000000001
 0.80638
 0.82662
 0.79352
 0.83787
 0.92539
 0.84218
 0.91856
 0.80133
 0.84496
 0.81598
 0.81246
 0.74642
 0
 0
 0.32957
 0.70945
 0.77383
 0.84935
 0.87521
 0.87692
 0.8898
 0.90151
 0.8573
 0.7108
 0.74065
 0.68341
 0.72701
 0.69861
 0.73859
 0.73819
 0.75735
 0.76086
 0.79633
 0.80275
 0.83426
 0.84115
 0.85814
 0.81635
 0.77903
 0.79254
 0.79021
 0.79458
 0
 0
 0.99999
 1
 1
 1
 1
 1
 1
 1
 1
 0.99773
 0.99091
 0.98368
 0.96805
 0.97968
 0.97357
 0.96489
 0.97373
 0.96601
 0.96363
 0.95849
 0.96035
 0.9651
 0.9589800000000001
 0.95241
 0.96529
 0.9538
 0.95384
 0.94989
 0
 0
 0.99792
 0.74826
 0.7766999999999999
 0.77746
 0.8335900000000001
 0.89194
 0.98811
 0.9909
 0.9001400000000001
 0.70685
 0.74465
 0.71717
 0.70696
 0.68431
 0.71189
 0.70914
 0.73377
 0.74181
 0.84615
 0.7569900000000001
 0.9559299999999999
 0.96568
 0.82907
 0.91346
 0.75893
 0.75681
 0.81381
 0.90618
 0
 0
 0.57859
 0.70863
 0.72983
 0.85228
 0.91979
 0.85118
 0.91933
 0.90477
 0.95661
 0.79338
 0.77733
 0.72304
 0.7353
 0.7436700000000001
 0.7587699999999999
 0.73678
 0.75014
 0.76493
 0.895
 0.81399
 0.80248
 0.80438
 0.79264
 0.91254
 0.8935999999999999
 0.87612
 0.78892
 0.80872
 0
 0
 0
 0
 0
 0
 0
 0
 0
 0
 0
 0
 0
 0
 0
 0
 0
 0
 0
 0
 0
 0
 0
 0
 0
 0
 0
 0
 0
 0
 0
 0
 0
 0
 0
 0
 0
 0
 0
 0
 0
 0
 0
 0
 0
 0
 0
 0
 0
 0
 0
 0
 0
 0
 0
 0
 0
 0
 0
 0
 0
 0
 0
 0
 0
 0
 0
 0
 0
 0
 0
 0
 0
 0
 0
 0
 0
 0
 0
 0
 0
 0
 0
 0
 0
 0
 0
 0
 0
 0
 0
 0
 0
 0
 0
 0
 0
 0
 0
 0
 0
 0
 0
 0
 0
 0
 0
 0
 0
 0
 0
 0
 0
 0
 0
 0
 0
 0
 0
 0
 0
 0
 0
 0
 0
 0
 0
 0
 0
 0
 0
 0
 0
 0
 0
 0
 0
 0
 0
 0
 0
 0
 0
 0
 0
 0
 0
 0
 0
 0
 0
 0
 0.99999
 1
 1
 1
 1
 1
 1
 1
 0.99993
 0.99864
 0.99249
 0.98315
 0.97212
 0.97342
 0.9732
 0.96601
 0.97038
 0.97236
 0.96195
 0.95582
 0.95736
 0.9575900000000001
 0.95494
 0.95329
 0.96572
 0.94989
 0.95251
 0.9414400000000001
 0
 0
 0
 0
 0
 0
 0
 0
 0
 0
 0
 0
 0
 0
 0
 0
 0
 0
 0
 0
 0
 0
 0
 0
 0
 0
 0
 0
 0
 0
 0
 0
 0
 0
 0
 0
 0
 0
 0
 0
 0
 0
 0
 0
 0
 0
 0
 0
 0
 0
 0
 0
 0
 0
 0
 0
 0
 0
 0
 0


