# Created by Octave 4.0.0, Sat Nov 21 16:32:12 2015 W. Europe Standard Time <unknown@Florian-PC>
# name: mus
# type: matrix
# ndims: 3
 1 30 19
 0
 0
 0.49875
 0.49495
 0.60253
 0.60732
 0.70426
 0.67857
 0.7601
 0.78974
 0.77525
 0.7702
 0.73692
 0.78954
 0.82436
 0.80208
 0.82126
 0.8055600000000001
 0.87218
 0.8657899999999999
 0.97744
 0.96212
 0.8644500000000001
 0.98177
 0.97333
 0.9871799999999999
 0.99735
 1
 0.9807399999999999
 0.96923
 0
 0
 1
 1
 0.6
 0.9
 0.5
 0.7
 0.7
 0.7
 0.73333
 0.56667
 0.6333299999999999
 0.56667
 0.46667
 0.48333
 0.53333
 0.55
 0.36667
 0.4
 0.38
 0.47
 0.47
 0.53
 0.52
 0.66667
 0.64
 0.6333299999999999
 0.58667
 0.66667
 0
 0
 1
 1
 0.68623
 0.75966
 0.7194199999999999
 0.73314
 0.76907
 0.58989
 0.68571
 0.53057
 0.5513400000000001
 0.6353
 0.57752
 0.6055199999999999
 0.47044
 0.58011
 0.5997400000000001
 0.6333299999999999
 0.48717
 0.46095
 0.51731
 0.50769
 0.5063800000000001
 0.52129
 0.58479
 0.57652
 0.56872
 0.54014
 0
 0
 1
 1
 0.73709
 0.8031700000000001
 0.68959
 0.73384
 0.65811
 0.58568
 0.63026
 0.57948
 0.57926
 0.52881
 0.47259
 0.49384
 0.48531
 0.52428
 0.52752
 0.51851
 0.46779
 0.49106
 0.5309700000000001
 0.4834
 0.47535
 0.48509
 0.48731
 0.49394
 0.5131599999999999
 0.5142099999999999
 0
 0
 1
 1
 1
 0.83333
 0.57143
 0.875
 0.5555600000000001
 0.4
 0.72727
 0.66667
 0.61538
 0.5555600000000001
 0.6
 0.33333
 0.5
 1
 1
 0
 1
 1
 0
 1
 0
 0
 1
 1
 1
 0
 0
 0
 1
 1
 0.75338
 0.83589
 0.69395
 0.86285
 0.63306
 0.56451
 0.60995
 0.56463
 0.5936900000000001
 0.53041
 0.48437
 0.46562
 0.47071
 0.54754
 0.60668
 0.5028899999999999
 0.50873
 0.49135
 0.55105
 0.52459
 0.46044
 0.48499
 0.47655
 0.50975
 0.5573399999999999
 0.5085
 0
 0
 1
 1
 0.70919
 0.69389
 0.72519
 0.76751
 0.75881
 0.71543
 0.70612
 0.67787
 0.71139
 0.65546
 0.59829
 0.63264
 0.62905
 0.6348
 0.64933
 0.68889
 0.65247
 0.63287
 0.6331
 0.63658
 0.61632
 0.66734
 0.65804
 0.63424
 0.64781
 0.65638
 0
 0
 1
 1
 0.72703
 0.77436
 0.71131
 0.7629
 0.6663
 0.61212
 0.61367
 0.5802
 0.57948
 0.51528
 0.47031
 0.49813
 0.48851
 0.5241
 0.53069
 0.5156500000000001
 0.48487
 0.48951
 0.51645
 0.49085
 0.47844
 0.49232
 0.4971
 0.50586
 0.52149
 0.5168199999999999
 0
 0
 0.9993
 1
 1
 1
 1
 1
 1
 1
 1
 1
 0.99479
 0.98484
 0.98286
 0.98017
 0.97518
 0.96694
 0.96309
 0.96511
 0.96473
 0.95779
 0.96247
 0.95753
 0.95888
 0.95014
 0.9504
 0.94206
 0.96144
 0.95825
 0
 0
 1
 1
 0.69872
 0.82505
 0.75242
 0.71024
 0.71056
 0.59035
 0.64735
 0.55782
 0.55681
 0.50717
 0.45981
 0.47941
 0.47321
 0.51369
 0.53866
 0.50771
 0.4798
 0.47528
 0.51208
 0.49812
 0.46703
 0.47996
 0.48579
 0.49227
 0.52256
 0.51272
 0
 0
 1
 1
 0.78927
 0.69076
 0.75158
 0.76883
 0.7773600000000001
 0.71566
 0.73027
 0.65379
 0.68441
 0.62221
 0.6282799999999999
 0.65944
 0.62393
 0.64235
 0.63549
 0.63735
 0.60642
 0.63506
 0.62928
 0.63488
 0.6052999999999999
 0.64075
 0.6239400000000001
 0.62077
 0.63037
 0.61813
 0
 0
 0
 0
 0
 0
 0
 0
 0
 0
 0
 0
 0
 0
 0
 0
 0
 0
 0
 0
 0
 0
 0
 0
 0
 0
 0
 0
 0
 0
 0
 0
 0
 0
 0
 0
 0
 0
 0
 0
 0
 0
 0
 0
 0
 0
 0
 0
 0
 0
 0
 0
 0
 0
 0
 0
 0
 0
 0
 0
 0
 0
 0
 0
 0
 0
 0
 0
 0
 0
 0
 0
 0
 0
 0
 0
 0
 0
 0
 0
 0
 0
 0
 0
 0
 0
 0
 0
 0
 0
 0
 0
 0
 0
 0
 0
 0
 0
 0
 0
 0
 0
 0
 0
 0
 0
 0
 0
 0
 0
 0
 0
 0
 0
 0
 0
 0
 0
 0
 0
 0
 0
 0
 0
 0
 0
 0
 0
 0
 0
 0
 0
 0
 0
 0
 0
 0
 0
 0
 0
 0
 0
 0
 0
 0
 0
 0
 0
 0
 0
 0
 0
 0.99999
 1
 1
 1
 1
 1
 1
 1
 1
 0.99883
 0.99843
 0.99107
 0.97516
 0.97946
 0.97673
 0.97094
 0.96806
 0.96574
 0.96193
 0.95808
 0.96121
 0.9635899999999999
 0.9593
 0.9634200000000001
 0.94639
 0.95628
 0.95501
 0.9462699999999999
 0
 0
 0
 0
 0
 0
 0
 0
 0
 0
 0
 0
 0
 0
 0
 0
 0
 0
 0
 0
 0
 0
 0
 0
 0
 0
 0
 0
 0
 0
 0
 0
 0
 0
 0
 0
 0
 0
 0
 0
 0
 0
 0
 0
 0
 0
 0
 0
 0
 0
 0
 0
 0
 0
 0
 0
 0
 0
 0
 0


