# Created by Octave 4.0.0, Sat Nov 21 16:32:25 2015 W. Europe Standard Time <unknown@Florian-PC>
# name: mus
# type: matrix
# ndims: 3
 1 30 19
 0
 0
 0.62155
 0.5202
 0.51646
 0.52146
 0.52632
 0.52551
 0.52715
 0.52051
 0.5101
 0.52273
 0.6192299999999999
 0.62117
 0.62308
 0.67448
 0.69963
 0.63636
 0.71429
 0.84211
 0.7619
 0.8447
 0.86559
 0.88672
 0.86933
 0.8882100000000001
 0.88179
 0.83291
 0.83808
 0.8948700000000001
 0
 0
 0.33333
 1
 1
 0.8
 0.8
 1
 1
 1
 1
 1
 0.93333
 0.93333
 0.8666700000000001
 0.8
 0.7
 0.76667
 0.8
 0.7
 0.75
 0.65
 0.7
 0.71
 0.68
 0.66667
 0.7
 0.72
 0.7
 0.66667
 0
 0
 0.57859
 0.84197
 0.8743
 0.831
 0.89374
 0.89314
 0.90982
 0.96328
 0.97596
 0.94581
 0.91858
 0.9288999999999999
 0.9609
 0.81985
 0.8308
 0.77789
 0.71668
 0.74271
 0.72298
 0.75458
 0.76994
 0.76009
 0.77683
 0.8027
 0.80962
 0.83796
 0.8271500000000001
 0.80545
 0
 0
 0.32313
 0.93079
 0.87559
 0.72326
 0.89541
 0.888
 0.93833
 0.96602
 0.95895
 0.9719
 0.9172
 0.9251200000000001
 0.96393
 0.80585
 0.73007
 0.74727
 0.74862
 0.69601
 0.73842
 0.68077
 0.71438
 0.7552
 0.77956
 0.7924099999999999
 0.81012
 0.82672
 0.83958
 0.82082
 0
 0
 0.33333
 1
 1
 0.83333
 1
 0.75
 1
 1
 1
 1
 0.92308
 1
 1
 1
 1
 1
 0
 1
 1
 1
 1
 1
 0
 0
 1
 0
 1
 1
 0
 0
 0.33333
 0.94132
 0.98685
 0.89954
 0.9609
 0.86746
 0.95857
 0.97626
 0.98921
 0.98102
 0.9127
 0.92239
 0.98238
 0.78957
 0.7629899999999999
 0.80089
 0.54904
 0.7745
 0.84409
 0.8118300000000001
 0.78847
 0.79935
 0.68043
 0.68284
 0.84058
 0.71129
 0.8871
 0.89946
 0
 0
 0.78929
 0.64392
 0.8444
 0.88312
 0.90444
 0.89407
 0.96902
 0.95612
 0.95362
 0.9439
 0.89125
 0.92078
 0.93834
 0.87843
 0.80684
 0.7829700000000001
 0.77956
 0.76244
 0.75077
 0.73932
 0.72725
 0.7554999999999999
 0.79239
 0.7583
 0.75057
 0.8475200000000001
 0.78969
 0.78038
 0
 0
 0.32476
 0.91025
 0.78255
 0.80083
 0.87205
 0.86898
 0.90999
 0.91161
 0.91627
 0.92302
 0.88236
 0.86674
 0.89802
 0.75295
 0.67983
 0.68613
 0.68952
 0.62308
 0.6597
 0.61743
 0.64513
 0.65045
 0.67521
 0.68676
 0.69747
 0.70971
 0.7255200000000001
 0.7073
 0
 0
 0.94973
 0.94074
 0.9166299999999999
 0.90985
 0.9231
 0.89881
 0.92111
 0.90899
 0.9079700000000001
 0.91773
 0.92641
 0.9386100000000001
 0.91754
 0.91134
 0.91472
 0.90374
 0.90345
 0.90139
 0.91408
 0.89518
 0.90944
 0.90369
 0.90513
 0.90915
 0.89834
 0.89922
 0.89525
 0.8994
 0
 0
 0.33333
 0.93569
 0.93901
 0.9756899999999999
 0.9599
 0.95808
 0.90962
 0.9655899999999999
 0.9697
 0.9751
 0.923
 0.9474399999999999
 0.98417
 0.81079
 0.74193
 0.77812
 0.67744
 0.68624
 0.7531600000000001
 0.66004
 0.70745
 0.73839
 0.47599
 0.79703
 0.81252
 0.84677
 0.83873
 0.81546
 0
 0
 0.78929
 0.6243
 0.90261
 0.86347
 0.8768899999999999
 0.8857699999999999
 0.93747
 0.89935
 0.92519
 0.91301
 0.88235
 0.9244599999999999
 0.8643999999999999
 0.91311
 0.78861
 0.75663
 0.47522
 0.74627
 0.7309099999999999
 0.70805
 0.70567
 0.71371
 0.7885799999999999
 0.70314
 0.7431
 0.75636
 0.75536
 0.73873
 0
 0
 0
 0
 0
 0
 0
 0
 0
 0
 0
 0
 0
 0
 0
 0
 0
 0
 0
 0
 0
 0
 0
 0
 0
 0
 0
 0
 0
 0
 0
 0
 0
 0
 0
 0
 0
 0
 0
 0
 0
 0
 0
 0
 0
 0
 0
 0
 0
 0
 0
 0
 0
 0
 0
 0
 0
 0
 0
 0
 0
 0
 0
 0
 0
 0
 0
 0
 0
 0
 0
 0
 0
 0
 0
 0
 0
 0
 0
 0
 0
 0
 0
 0
 0
 0
 0
 0
 0
 0
 0
 0
 0
 0
 0
 0
 0
 0
 0
 0
 0
 0
 0
 0
 0
 0
 0
 0
 0
 0
 0
 0
 0
 0
 0
 0
 0
 0
 0
 0
 0
 0
 0
 0
 0
 0
 0
 0
 0
 0
 0
 0
 0
 0
 0
 0
 0
 0
 0
 0
 0
 0
 0
 0
 0
 0
 0
 0
 0
 0
 0
 0
 0.86495
 0.8708399999999999
 0.96179
 0.9113599999999999
 0.95065
 0.93284
 0.91808
 0.90785
 0.92042
 0.91647
 0.9318
 0.9257
 0.91152
 0.89975
 0.9074
 0.92195
 0.91499
 0.9094
 0.90555
 0.89973
 0.90033
 0.91647
 0.9030899999999999
 0.88846
 0.9008
 0.90961
 0.89501
 0.91472
 0
 0
 0
 0
 0
 0
 0
 0
 0
 0
 0
 0
 0
 0
 0
 0
 0
 0
 0
 0
 0
 0
 0
 0
 0
 0
 0
 0
 0
 0
 0
 0
 0
 0
 0
 0
 0
 0
 0
 0
 0
 0
 0
 0
 0
 0
 0
 0
 0
 0
 0
 0
 0
 0
 0
 0
 0
 0
 0
 0


