# Created by Octave 4.0.0, Sat Nov 21 16:32:28 2015 W. Europe Standard Time <unknown@Florian-PC>
# name: mus
# type: matrix
# ndims: 3
 1 30 19
 0
 0
 0.5087699999999999
 0.61364
 0.62785
 0.66035
 0.63158
 0.6275500000000001
 0.63826
 0.6359
 0.6471
 0.61111
 0.54821
 0.54145
 0.54103
 0.54167
 0.54078
 0.52904
 0.5589
 0.53684
 0.65664
 0.76263
 0.73629
 0.82682
 0.824
 0.91128
 0.90885
 0.8762799999999999
 0.8486900000000001
 0.78718
 0
 0
 0.33333
 1
 0.8
 0.6
 0.8
 1
 1
 1
 1
 1
 1
 1
 0.93333
 1
 1
 1
 1
 1
 0.95
 0.8
 0.92
 0.88
 0.88
 0.84
 0.89333
 0.82
 0.79333
 0.7
 0
 0
 0.63126
 0.92577
 0.81036
 0.87779
 0.8091
 0.8902099999999999
 0.9178500000000001
 0.93907
 0.95512
 0.95218
 0.90562
 0.93486
 0.95357
 0.96075
 0.9644
 0.9871799999999999
 0.98753
 0.97844
 0.95063
 0.8553500000000001
 0.88296
 0.8291500000000001
 0.87674
 0.87771
 0.86916
 0.86206
 0.8688
 0.8714499999999999
 0
 0
 0.33335
 0.9791800000000001
 0.86084
 0.79688
 0.91949
 0.97185
 0.99793
 0.9890600000000001
 0.99771
 0.99653
 0.98473
 0.9645899999999999
 0.97192
 0.99721
 0.99834
 0.99901
 0.99803
 1
 0.97731
 0.91353
 0.94668
 0.92131
 0.92392
 0.88413
 0.89301
 0.87626
 0.88039
 0.93536
 0
 0
 0
 1
 1
 0.5
 0.85714
 1
 1
 1
 1
 1
 1
 1
 1
 1
 1
 1
 1
 1
 1
 1
 1
 1
 0
 1
 1
 0
 1
 1
 0
 0
 0.25004
 1.44444
 1.15
 0.6625
 0.82738
 1.06607
 1.05258
 1.03194
 1.02159
 1.02247
 1.02145
 0.99837
 1.00493
 1.00944
 0.97029
 1.00855
 1.00845
 1
 1.01724
 1.04167
 1.04708
 1.04023
 0.625
 0.9023600000000001
 0.875
 0.56253
 1
 0.73283
 0
 0
 0.57859
 0.81867
 0.87154
 0.92914
 0.8537
 0.92444
 0.88043
 0.96233
 0.9484
 0.94152
 0.94149
 0.91328
 0.93177
 0.97207
 0.9842
 0.99431
 0.98683
 1.0039
 0.93401
 0.9065800000000001
 0.97768
 0.86986
 0.90798
 0.9106
 0.9297
 0.89652
 0.91442
 0.86515
 0
 0
 0.33335
 0.8696199999999999
 0.81632
 0.8756
 0.90968
 0.94013
 0.95045
 0.97986
 0.98271
 0.9911799999999999
 0.96658
 0.9711
 0.97706
 0.98811
 0.99034
 0.98846
 0.98895
 0.99915
 0.97728
 0.9161899999999999
 0.94264
 0.91665
 0.91713
 0.88472
 0.90828
 0.87846
 0.86551
 0.91834
 0
 0
 1
 1
 1
 1
 1
 1
 1
 1
 1
 1
 1
 1
 1
 1
 1
 1
 1
 1
 1
 1
 1
 1
 1
 1
 1
 1
 1
 1
 0
 0
 0.25004
 1.5098
 1.01154
 0.8696
 0.72822
 1.09862
 0.98328
 1.04276
 1.06694
 1.08202
 0.99782
 0.97131
 0.98524
 1.01151
 0.98483
 0.9827
 0.98207
 1
 0.96494
 0.93081
 1.0182
 0.89085
 0.9997200000000001
 0.89959
 0.88748
 0.88151
 0.9922800000000001
 0.58072
 0
 0
 0.57859
 0.81867
 0.83362
 0.92705
 0.82768
 0.89161
 0.9799
 1.02135
 0.90628
 0.92721
 0.92496
 0.9179
 1.04692
 1.01753
 0.95068
 1.05551
 0.95104
 1.08069
 1.00607
 1.03483
 1.00954
 0.81004
 0.96736
 0.90195
 0.86847
 0.91678
 0.9699
 0.88901
 0
 0
 0
 0
 0
 0
 0
 0
 0
 0
 0
 0
 0
 0
 0
 0
 0
 0
 0
 0
 0
 0
 0
 0
 0
 0
 0
 0
 0
 0
 0
 0
 0
 0
 0
 0
 0
 0
 0
 0
 0
 0
 0
 0
 0
 0
 0
 0
 0
 0
 0
 0
 0
 0
 0
 0
 0
 0
 0
 0
 0
 0
 0
 0
 0
 0
 0
 0
 0
 0
 0
 0
 0
 0
 0
 0
 0
 0
 0
 0
 0
 0
 0
 0
 0
 0
 0
 0
 0
 0
 0
 0
 0
 0
 0
 0
 0
 0
 0
 0
 0
 0
 0
 0
 0
 0
 0
 0
 0
 0
 0
 0
 0
 0
 0
 0
 0
 0
 0
 0
 0
 0
 0
 0
 0
 0
 0
 0
 0
 0
 0
 0
 0
 0
 0
 0
 0
 0
 0
 0
 0
 0
 0
 0
 0
 0
 0
 0
 0
 0
 0
 0
 1
 1
 1
 1
 1
 1
 1
 1
 1
 1
 1
 1
 1
 1
 1
 1
 1
 1
 1
 1
 1
 1
 1
 1
 1
 1
 1
 1
 0
 0
 0
 0
 0
 0
 0
 0
 0
 0
 0
 0
 0
 0
 0
 0
 0
 0
 0
 0
 0
 0
 0
 0
 0
 0
 0
 0
 0
 0
 0
 0
 0
 0
 0
 0
 0
 0
 0
 0
 0
 0
 0
 0
 0
 0
 0
 0
 0
 0
 0
 0
 0
 0
 0
 0
 0
 0
 0
 0


# name: vars
# type: matrix
# ndims: 3
 1 30 19
 0
 0
 0.08683299999999999
 0.048817
 0.04383
 0.044083
 0.028387
 0.029616
 0.029195
 0.022362
 0.017488
 0.021557
 0.022273
 0.017315
 0.022872
 0.011096
 0.018455
 0.018848
 0.019799
 0.017178
 0.015263
 0.014719
 0.007174
 0.003224
 0.004069
 0.001791
 0.001818
 0.003261
 0.002688
 0.008803
 0
 0
 0.33333
 0
 0.2
 0.3
 0.2
 0
 0
 0
 0
 0
 0
 0
 0.02222
 0
 0
 0
 0
 0
 0.0125
 0.075
 0.032
 0.07199999999999999
 0.07199999999999999
 0.068
 0.02356
 0.03422
 0.04689
 0.04722
 0
 0
 0
 0
 0
 0
 0
 0
 0
 0
 0
 0
 0
 0
 0
 0
 0
 0
 0
 0
 0
 0
 0
 0
 0
 0
 0
 0
 0
 0
 0
 0
 0.15625
 0.00059
 0.08336
 0.04643
 0.02043
 0.00813
 0.00011
 0.00249
 0.00052
 0.00086
 0.0026
 0.00796
 0.00649
 0.00053
 0.00039
 6.999999999999999e-005
 0.00028
 0
 0.00397
 0.01641
 0.01005
 0.01379
 0.01313
 0.01996
 0.01712
 0.02115
 0.01819
 0.01068
 0
 0
 0
 0
 0
 0
 0
 0
 0
 0
 0
 0
 0
 0
 0
 0
 0
 0
 0
 0
 0
 0
 0
 0
 0
 0
 0
 0
 0
 0
 0
 0
 0
 0
 0
 0
 0
 0
 0
 0
 0
 0
 0
 0
 0
 0
 0
 0
 0
 0
 0
 0
 0
 0
 0
 0
 0
 0
 0
 0
 0
 0
 0
 0
 0
 0
 0
 0
 0
 0
 0
 0
 0
 0
 0
 0
 0
 0
 0
 0
 0
 0
 0
 0
 0
 0
 0
 0
 0
 0
 0
 0
 0.15625
 0.02331
 0.05813
 0.0331
 0.02035
 0.0137
 0.01255
 0.00516
 0.00311
 0.00094
 0.00791
 0.00728
 0.00539
 0.00403
 0.00329
 0.00381
 0.00591
 0.00029
 0.00291
 0.01362
 0.0122
 0.01806
 0.01496
 0.01876
 0.01632
 0.02
 0.0233
 0.0168
 0
 0
 0
 0
 0
 0
 0
 0
 0
 0
 0
 0
 0
 0
 0
 0
 0
 0
 0
 0
 0
 0
 0
 0
 0
 0
 0
 0
 0
 0
 0
 0
 0
 0
 0
 0
 0
 0
 0
 0
 0
 0
 0
 0
 0
 0
 0
 0
 0
 0
 0
 0
 0
 0
 0
 0
 0
 0
 0
 0
 0
 0
 0
 0
 0
 0
 0
 0
 0
 0
 0
 0
 0
 0
 0
 0
 0
 0
 0
 0
 0
 0
 0
 0
 0
 0
 0
 0
 0
 0
 0
 0
 0
 0
 0
 0
 0
 0
 0
 0
 0
 0
 0
 0
 0
 0
 0
 0
 0
 0
 0
 0
 0
 0
 0
 0
 0
 0
 0
 0
 0
 0
 0
 0
 0
 0
 0
 0
 0
 0
 0
 0
 0
 0
 0
 0
 0
 0
 0
 0
 0
 0
 0
 0
 0
 0
 0
 0
 0
 0
 0
 0
 0
 0
 0
 0
 0
 0
 0
 0
 0
 0
 0
 0
 0
 0
 0
 0
 0
 0
 0
 0
 0
 0
 0
 0
 0
 0
 0
 0
 0
 0
 0
 0
 0
 0
 0
 0
 0
 0
 0
 0
 0
 0
 0
 0
 0
 0
 0
 0
 0
 0
 0
 0
 0
 0
 0
 0
 0
 0
 0
 0
 0
 0
 0
 0
 0
 0
 0
 0
 0
 0
 0
 0
 0
 0
 0
 0
 0
 0
 0
 0
 0
 0
 0
 0
 0
 0
 0
 0
 0
 0
 0
 0
 0
 0
 0
 0
 0
 0
 0
 0
 0
 0
 0
 0
 0
 0
 0
 0
 0
 0
 0
 0
 0
 0
 0
 0
 0
 0
 0
 0
 0
 0
 0
 0
 0
 0
 0
 0
 0
 0
 0
 0
 0
 0
 0
 0
 0
 0
 0
 0
 0
 0
 0
 0
 0
 0
 0
 0
 0
 0
 0
 0
 0
 0
 0
 0
 0
 0
 0
 0
 0
 0
 0
 0
 0
 0
 0
 0
 0
 0
 0
 0
 0
 0
 0
 0
 0
 0


