# Created by Octave 4.0.0, Sat Nov 21 16:32:15 2015 W. Europe Standard Time <unknown@Florian-PC>
# name: mus
# type: matrix
# ndims: 3
 1 30 19
 0
 0
 0.49373
 0.66919
 0.5443
 0.71338
 0.67419
 0.69643
 0.71591
 0.69487
 0.71086
 0.69192
 0.70974
 0.72321
 0.69615
 0.70833
 0.70134
 0.6906600000000001
 0.71178
 0.69474
 0.66416
 0.70076
 0.70162
 0.70573
 0.70133
 0.70667
 0.70563
 0.73342
 0.7299
 0.72821
 0
 0
 1
 0.25
 0.8
 0.3
 0.8
 0.7
 0.4
 0.6
 0.7
 0.66667
 0.53333
 0.6
 0.53333
 0.55
 0.6333299999999999
 0.66667
 0.58333
 0.6
 0.62
 0.5
 0.57
 0.7
 0.76
 0.7
 0.84
 0.85333
 0.92667
 0.8666700000000001
 0
 0
 1
 0.54194
 0.85654
 0.69869
 0.48875
 0.6680199999999999
 0.60836
 0.67475
 0.76723
 0.68532
 0.68107
 0.60876
 0.66681
 0.6408700000000001
 0.69043
 0.68093
 0.63876
 0.69302
 0.67186
 0.6277199999999999
 0.70283
 0.73619
 0.7871899999999999
 0.7745300000000001
 0.80983
 0.77525
 0.8041
 0.8033
 0
 0
 1
 0.31326
 0.83706
 0.39823
 0.6364
 0.6622
 0.55425
 0.53776
 0.62214
 0.6637
 0.6412600000000001
 0.57756
 0.64416
 0.6293299999999999
 0.67733
 0.7054
 0.6604100000000001
 0.68737
 0.6946099999999999
 0.6718
 0.71507
 0.73342
 0.7607699999999999
 0.78544
 0.80307
 0.8178299999999999
 0.83604
 0.83855
 0
 0
 1
 0.5
 1
 0.5
 0.57143
 0.875
 0.5555600000000001
 0.3
 0.63636
 0.75
 0.69231
 0.5555600000000001
 0.2
 0.66667
 1
 1
 1
 0
 1
 0
 1
 1
 1
 1
 1
 1
 1
 1
 0
 0
 1
 0.44565
 0.90299
 0.51385
 0.5411
 0.7378
 0.55807
 0.43655
 0.64547
 0.70525
 0.66484
 0.59621
 0.57178
 0.64264
 0.73331
 0.78643
 0.77932
 0.48761
 0.78181
 0.47057
 0.75713
 0.85476
 0.86826
 0.87806
 0.82385
 0.86253
 0.89441
 0.78517
 0
 0
 1
 0.71531
 0.71553
 0.75562
 0.7266
 0.6913
 0.71145
 0.6633
 0.68545
 0.7211
 0.70688
 0.64458
 0.69225
 0.67162
 0.6966599999999999
 0.6978
 0.69417
 0.68198
 0.68376
 0.70892
 0.70734
 0.77168
 0.7515500000000001
 0.79193
 0.79419
 0.77288
 0.82518
 0.84797
 0
 0
 1
 0.27646
 0.81706
 0.45402
 0.64116
 0.57711
 0.55435
 0.54206
 0.60012
 0.6106
 0.58464
 0.54711
 0.61206
 0.57666
 0.60769
 0.62313
 0.5931
 0.6208900000000001
 0.61891
 0.61958
 0.64423
 0.6484799999999999
 0.68849
 0.69052
 0.70667
 0.7114200000000001
 0.73129
 0.75796
 0
 0
 0.94186
 0.9254
 0.95905
 0.92019
 0.91948
 0.92382
 0.90362
 0.91445
 0.91606
 0.91818
 0.91568
 0.93076
 0.9157999999999999
 0.90739
 0.90801
 0.90969
 0.91406
 0.90955
 0.90376
 0.9073
 0.91026
 0.89919
 0.89652
 0.89837
 0.89747
 0.90791
 0.90119
 0.89771
 0
 0
 1
 0.42075
 0.84763
 0.29319
 0.54719
 0.57397
 0.54679
 0.51995
 0.6434800000000001
 0.65651
 0.65554
 0.61333
 0.57768
 0.64022
 0.67962
 0.71553
 0.62286
 0.33441
 0.68497
 0.75042
 0.68879
 0.6799500000000001
 0.73448
 0.7764799999999999
 0.80754
 0.77166
 0.79994
 0.8180500000000001
 0
 0
 1
 0.78413
 0.63449
 0.7785
 0.78804
 0.69226
 0.6843
 0.70523
 0.66495
 0.67937
 0.69487
 0.67627
 0.68428
 0.6813900000000001
 0.69633
 0.73207
 0.68083
 0.70289
 0.71009
 0.6978
 0.72053
 0.72057
 0.73674
 0.75038
 0.8353699999999999
 0.87699
 0.7700399999999999
 0.78313
 0
 0
 0
 0
 0
 0
 0
 0
 0
 0
 0
 0
 0
 0
 0
 0
 0
 0
 0
 0
 0
 0
 0
 0
 0
 0
 0
 0
 0
 0
 0
 0
 0
 0
 0
 0
 0
 0
 0
 0
 0
 0
 0
 0
 0
 0
 0
 0
 0
 0
 0
 0
 0
 0
 0
 0
 0
 0
 0
 0
 0
 0
 0
 0
 0
 0
 0
 0
 0
 0
 0
 0
 0
 0
 0
 0
 0
 0
 0
 0
 0
 0
 0
 0
 0
 0
 0
 0
 0
 0
 0
 0
 0
 0
 0
 0
 0
 0
 0
 0
 0
 0
 0
 0
 0
 0
 0
 0
 0
 0
 0
 0
 0
 0
 0
 0
 0
 0
 0
 0
 0
 0
 0
 0
 0
 0
 0
 0
 0
 0
 0
 0
 0
 0
 0
 0
 0
 0
 0
 0
 0
 0
 0
 0
 0
 0
 0
 0
 0
 0
 0
 0
 0.91703
 0.92993
 0.91644
 0.93379
 0.91279
 0.90927
 0.89611
 0.9303
 0.93221
 0.92389
 0.92807
 0.9157999999999999
 0.92255
 0.91028
 0.90691
 0.89177
 0.90319
 0.9069
 0.91537
 0.90879
 0.89684
 0.91411
 0.89915
 0.91138
 0.91194
 0.9107
 0.90095
 0.89915
 0
 0
 0
 0
 0
 0
 0
 0
 0
 0
 0
 0
 0
 0
 0
 0
 0
 0
 0
 0
 0
 0
 0
 0
 0
 0
 0
 0
 0
 0
 0
 0
 0
 0
 0
 0
 0
 0
 0
 0
 0
 0
 0
 0
 0
 0
 0
 0
 0
 0
 0
 0
 0
 0
 0
 0
 0
 0
 0
 0


