# Created by Octave 4.0.0, Sat Nov 21 16:32:05 2015 W. Europe Standard Time <unknown@Florian-PC>
# name: mus
# type: matrix
# ndims: 3
 1 30 19
 0
 0
 0.49875
 0.49495
 0.49367
 0.49495
 0.6240599999999999
 0.59439
 0.63131
 0.60769
 0.60922
 0.87626
 0.91538
 0.91582
 0.93333
 0.93229
 0.921
 0.8952
 0.89474
 0.85
 0.85965
 0.84848
 0.84626
 0.83854
 0.84
 0.8410300000000001
 0.85329
 0.82781
 0.86461
 0.89231
 0
 0
 1
 1
 1
 0.6
 0.5
 0.7
 0.8
 0.9
 0.93333
 0.43333
 0.36667
 0.4
 0.6
 0.58333
 0.53333
 0.6166700000000001
 0.51667
 0.6
 0.63
 0.64
 0.64
 0.76
 0.72
 0.72
 0.67333
 0.7466699999999999
 0.8666700000000001
 0.83333
 0
 0
 1
 1
 1
 0.54522
 0.68183
 0.65011
 0.78634
 0.85211
 0.7902400000000001
 0.67267
 0.64303
 0.46173
 0.56648
 0.65621
 0.77346
 0.67419
 0.80851
 0.75342
 0.75665
 0.71857
 0.76675
 0.79586
 0.82216
 0.84973
 0.764
 0.83934
 0.79008
 0.7788
 0
 0
 1
 1
 1
 0.49837
 0.64895
 0.68968
 0.79438
 0.88576
 0.88588
 0.39098
 0.31912
 0.3798
 0.55364
 0.5809
 0.62509
 0.65577
 0.62825
 0.67118
 0.68238
 0.71209
 0.69498
 0.73715
 0.74259
 0.77174
 0.77372
 0.81755
 0.83038
 0.79269
 0
 0
 1
 1
 1
 0.16667
 0.57143
 0.75
 0.88889
 0.8
 1
 0.08333
 0.23077
 0.44444
 0.2
 0.66667
 1
 1
 1
 1
 1
 1
 1
 0
 0
 1
 1
 0
 1
 1
 0
 0
 1
 1
 1
 0.38511
 0.54315
 0.7325199999999999
 0.85221
 0.87377
 0.9340000000000001
 0.32602
 0.29215
 0.41097
 0.40776
 0.5931999999999999
 0.7635
 0.76219
 0.75492
 0.77037
 0.71998
 0.68142
 0.65833
 0.7186
 0.69909
 0.86681
 0.8547400000000001
 0.71216
 0.88855
 0.81719
 0
 0
 1
 1
 1
 0.4876
 0.68349
 0.7026
 0.81715
 0.77176
 0.8454199999999999
 0.67026
 0.65294
 0.66155
 0.68199
 0.6995
 0.7281
 0.72309
 0.7245
 0.77356
 0.73822
 0.79598
 0.7616000000000001
 0.76727
 0.76744
 0.80326
 0.77621
 0.77543
 0.77035
 0.74756
 0
 0
 1
 1
 1
 0.54004
 0.59238
 0.63642
 0.7385
 0.80111
 0.82766
 0.48791
 0.38917
 0.45976
 0.51579
 0.55392
 0.59334
 0.61042
 0.61349
 0.6289
 0.64583
 0.6754599999999999
 0.66317
 0.67524
 0.68787
 0.70857
 0.7076
 0.73069
 0.73365
 0.6915
 0
 0
 0.89592
 0.94495
 0.94698
 0.91449
 0.92192
 0.94256
 0.91676
 0.93158
 0.92242
 0.91355
 0.93526
 0.93815
 0.90769
 0.91384
 0.90717
 0.91206
 0.91704
 0.91615
 0.91253
 0.90127
 0.90003
 0.91516
 0.90413
 0.9075299999999999
 0.89952
 0.90457
 0.9029700000000001
 0.8976499999999999
 0
 0
 1
 1
 1
 0.58
 0.65003
 0.72027
 0.84231
 0.91979
 0.93991
 0.44387
 0.31603
 0.40102
 0.5091
 0.579
 0.65061
 0.68892
 0.63292
 0.67685
 0.71649
 0.7216
 0.73481
 0.74352
 0.74213
 0.7583800000000001
 0.80748
 0.8366400000000001
 0.7879699999999999
 0.76309
 0
 0
 1
 1
 1
 0.5619
 0.67186
 0.68869
 0.85093
 0.75032
 0.83445
 0.70006
 0.65051
 0.66086
 0.66108
 0.69957
 0.69439
 0.71537
 0.6688499999999999
 0.7861900000000001
 0.72096
 0.75544
 0.75331
 0.72885
 0.75696
 0.84492
 0.6855599999999999
 0.76472
 0.7563800000000001
 0.8452
 0
 0
 0
 0
 0
 0
 0
 0
 0
 0
 0
 0
 0
 0
 0
 0
 0
 0
 0
 0
 0
 0
 0
 0
 0
 0
 0
 0
 0
 0
 0
 0
 0
 0
 0
 0
 0
 0
 0
 0
 0
 0
 0
 0
 0
 0
 0
 0
 0
 0
 0
 0
 0
 0
 0
 0
 0
 0
 0
 0
 0
 0
 0
 0
 0
 0
 0
 0
 0
 0
 0
 0
 0
 0
 0
 0
 0
 0
 0
 0
 0
 0
 0
 0
 0
 0
 0
 0
 0
 0
 0
 0
 0
 0
 0
 0
 0
 0
 0
 0
 0
 0
 0
 0
 0
 0
 0
 0
 0
 0
 0
 0
 0
 0
 0
 0
 0
 0
 0
 0
 0
 0
 0
 0
 0
 0
 0
 0
 0
 0
 0
 0
 0
 0
 0
 0
 0
 0
 0
 0
 0
 0
 0
 0
 0
 0
 0
 0
 0
 0
 0
 0
 0.9615899999999999
 0.96754
 0.92375
 0.9367799999999999
 0.92886
 0.91835
 0.92761
 0.90668
 0.92419
 0.9103599999999999
 0.92979
 0.90146
 0.91577
 0.91307
 0.90416
 0.9101
 0.90174
 0.90345
 0.9084100000000001
 0.90565
 0.91181
 0.9067
 0.90618
 0.90955
 0.91215
 0.90447
 0.89159
 0.91413
 0
 0
 0
 0
 0
 0
 0
 0
 0
 0
 0
 0
 0
 0
 0
 0
 0
 0
 0
 0
 0
 0
 0
 0
 0
 0
 0
 0
 0
 0
 0
 0
 0
 0
 0
 0
 0
 0
 0
 0
 0
 0
 0
 0
 0
 0
 0
 0
 0
 0
 0
 0
 0
 0
 0
 0
 0
 0
 0
 0


