# Created by Octave 4.0.0, Sat Nov 21 16:32:24 2015 W. Europe Standard Time <unknown@Florian-PC>
# name: mus
# type: matrix
# ndims: 3
 1 30 19
 0
 0
 0.59398
 0.50253
 0.50127
 0.50379
 0.49624
 0.51276
 0.51136
 0.51026
 0.50884
 0.50758
 0.50487
 0.51084
 0.58718
 0.5651
 0.56607
 0.58207
 0.59649
 0.5763200000000001
 0.74436
 0.74369
 0.75021
 0.7513
 0.74133
 0.72615
 0.71741
 0.625
 0.7133
 0.73077
 0
 0
 0.33333
 1
 0.8
 0.6
 0.9
 0.9
 0.9
 0.9
 0.9
 1
 1
 1
 0.93333
 0.93333
 0.93333
 0.95
 0.95
 0.95
 0.85
 0.86
 0.83
 0.84
 0.8
 0.92667
 0.92
 0.9
 0.92667
 0.93333
 0
 0
 0.41765
 0.8806
 0.82369
 0.82722
 0.86409
 0.83945
 0.90771
 0.89235
 0.93847
 0.96456
 0.9418800000000001
 0.96446
 0.92081
 0.94373
 0.94825
 0.8973
 0.93306
 0.95795
 0.88062
 0.90339
 0.8907
 0.93307
 0.89081
 0.9294
 0.9247
 0.93901
 0.92399
 0.93353
 0
 0
 0.22746
 0.8946499999999999
 0.78583
 0.71189
 0.86368
 0.8743
 0.90996
 0.9164600000000001
 0.92356
 0.97107
 0.9688600000000001
 0.97292
 0.91959
 0.92749
 0.9319499999999999
 0.92699
 0.93224
 0.93249
 0.8561
 0.86853
 0.8978
 0.89683
 0.91037
 0.9084
 0.92076
 0.91972
 0.90051
 0.89903
 0
 0
 0.66667
 1
 0.8
 0.66667
 1
 0.875
 0.66667
 0.8
 0.90909
 1
 1
 1
 1
 1
 1
 0
 1
 1
 1
 1
 1
 1
 1
 1
 1
 1
 0
 1
 0
 0
 0.41105
 0.86627
 0.86547
 0.72102
 0.96449
 0.84754
 0.83221
 0.89492
 0.88537
 0.96452
 0.97435
 0.97088
 0.9214599999999999
 0.93049
 0.94526
 0.84037
 0.94115
 0.9325599999999999
 0.8176600000000001
 0.89015
 0.92557
 0.85146
 0.93716
 0.88694
 0.92228
 0.96397
 0.791
 0.89728
 0
 0
 0.57859
 0.74939
 0.7614300000000001
 0.87827
 0.83607
 0.86954
 0.89971
 0.92735
 0.90855
 0.94786
 0.94664
 0.95219
 0.91987
 0.92286
 0.9263400000000001
 0.91721
 0.9341699999999999
 0.87741
 0.9091399999999999
 0.89118
 0.88749
 0.92362
 0.91035
 0.94213
 0.95135
 0.8742
 0.87643
 0.90116
 0
 0
 0.226
 0.84231
 0.80543
 0.76675
 0.8679
 0.86643
 0.88318
 0.89644
 0.89355
 0.9093
 0.9202
 0.91543
 0.86304
 0.87135
 0.8799400000000001
 0.88331
 0.87914
 0.88569
 0.80381
 0.83011
 0.8464
 0.84788
 0.86085
 0.8586
 0.88357
 0.86486
 0.85683
 0.8539600000000001
 0
 0
 0.8972599999999999
 0.87186
 0.90715
 0.94597
 0.9157999999999999
 0.92688
 0.9271
 0.9405
 0.91008
 0.92392
 0.91032
 0.9107499999999999
 0.91572
 0.91137
 0.90878
 0.91751
 0.9150199999999999
 0.91717
 0.9109699999999999
 0.90794
 0.90554
 0.90032
 0.9086
 0.90163
 0.8922099999999999
 0.91043
 0.89975
 0.89352
 0
 0
 0.64437
 0.80332
 0.8765500000000001
 0.78317
 0.92765
 0.86612
 0.90465
 0.90676
 0.88708
 0.97859
 0.98689
 0.98777
 0.91901
 0.93666
 0.94374
 0.93729
 0.94646
 0.92741
 0.85388
 0.86959
 0.89323
 0.9035
 0.92113
 0.92131
 0.91961
 0.88503
 0.90017
 0.90213
 0
 0
 0.57859
 0.73529
 0.70669
 0.87708
 0.8165
 0.85689
 0.84623
 0.88328
 0.82968
 0.90786
 0.956
 0.88232
 0.87499
 0.87161
 0.91537
 0.90271
 0.90064
 0.90367
 0.91278
 0.90198
 0.9240699999999999
 0.92993
 0.95667
 0.88706
 0.9607
 0.89138
 0.97076
 0.5354100000000001
 0
 0
 0
 0
 0
 0
 0
 0
 0
 0
 0
 0
 0
 0
 0
 0
 0
 0
 0
 0
 0
 0
 0
 0
 0
 0
 0
 0
 0
 0
 0
 0
 0
 0
 0
 0
 0
 0
 0
 0
 0
 0
 0
 0
 0
 0
 0
 0
 0
 0
 0
 0
 0
 0
 0
 0
 0
 0
 0
 0
 0
 0
 0
 0
 0
 0
 0
 0
 0
 0
 0
 0
 0
 0
 0
 0
 0
 0
 0
 0
 0
 0
 0
 0
 0
 0
 0
 0
 0
 0
 0
 0
 0
 0
 0
 0
 0
 0
 0
 0
 0
 0
 0
 0
 0
 0
 0
 0
 0
 0
 0
 0
 0
 0
 0
 0
 0
 0
 0
 0
 0
 0
 0
 0
 0
 0
 0
 0
 0
 0
 0
 0
 0
 0
 0
 0
 0
 0
 0
 0
 0
 0
 0
 0
 0
 0
 0
 0
 0
 0
 0
 0
 0.88617
 0.95817
 0.91773
 0.92693
 0.91819
 0.91126
 0.92684
 0.92202
 0.91879
 0.90995
 0.91653
 0.93023
 0.91395
 0.90928
 0.92153
 0.9045299999999999
 0.9057500000000001
 0.90988
 0.90674
 0.91373
 0.90529
 0.9075
 0.90008
 0.90203
 0.90298
 0.89688
 0.9029
 0.89724
 0
 0
 0
 0
 0
 0
 0
 0
 0
 0
 0
 0
 0
 0
 0
 0
 0
 0
 0
 0
 0
 0
 0
 0
 0
 0
 0
 0
 0
 0
 0
 0
 0
 0
 0
 0
 0
 0
 0
 0
 0
 0
 0
 0
 0
 0
 0
 0
 0
 0
 0
 0
 0
 0
 0
 0
 0
 0
 0
 0


