# Created by Octave 4.0.0, Sat Nov 21 16:32:15 2015 W. Europe Standard Time <unknown@Florian-PC>
# name: mus
# type: matrix
# ndims: 3
 1 30 19
 0
 0
 0.6541400000000001
 0.71465
 0.66076
 0.58207
 0.6541400000000001
 0.72959
 0.77904
 0.75385
 0.83396
 0.80808
 0.77282
 0.81696
 0.7859
 0.8099
 0.79312
 0.7601
 0.81704
 0.84737
 0.82707
 0.77399
 0.83887
 0.80859
 0.83467
 0.84462
 0.84536
 0.83929
 0.84673
 0.84615
 0
 0
 0.66667
 0.25
 0.2
 0.5
 0.6
 0.2
 0.4
 0.3
 0.33333
 0.56667
 0.7
 0.66667
 0.6
 0.56667
 0.7
 0.6166700000000001
 0.6333299999999999
 0.65
 0.61
 0.59
 0.62
 0.78
 0.72
 0.66
 0.7
 0.53333
 0.72
 0.6333299999999999
 0
 0
 0.81702
 0.60378
 0.71133
 0.69131
 0.66392
 0.70775
 0.40291
 0.6118400000000001
 0.3673
 0.5397999999999999
 0.57298
 0.45768
 0.4983
 0.51448
 0.52818
 0.5043800000000001
 0.55569
 0.5832000000000001
 0.56416
 0.5896
 0.60441
 0.59658
 0.58945
 0.57655
 0.6438199999999999
 0.62937
 0.69972
 0.63044
 0
 0
 0.7381
 0.31885
 0.3357
 0.39506
 0.39209
 0.37457
 0.34134
 0.36198
 0.27797
 0.51429
 0.61704
 0.53108
 0.62484
 0.54567
 0.59533
 0.59322
 0.53851
 0.55045
 0.59138
 0.62017
 0.57307
 0.63235
 0.59965
 0.59051
 0.5902500000000001
 0.59829
 0.61454
 0.60754
 0
 0
 0
 0.25
 0.6
 0.33333
 0.42857
 0.5
 0.33333
 0.3
 0.18182
 0.5
 0.61538
 0.77778
 0.6
 0.66667
 0.5
 1
 1
 1
 1
 0
 1
 1
 1
 1
 0
 0
 0
 0
 0
 0
 0.02358
 0.24919
 0.61832
 0.52789
 0.40203
 0.4842
 0.33034
 0.34606
 0.23967
 0.50535
 0.60998
 0.56971
 0.60943
 0.54513
 0.51615
 0.7395
 0.64808
 0.65559
 0.6611
 0.45239
 0.64412
 0.6836
 0.75421
 0.63449
 0.55721
 0.64242
 0.49935
 0.5553399999999999
 0
 0
 0.57859
 0.91695
 0.73412
 0.70202
 0.69421
 0.65162
 0.64868
 0.63708
 0.61654
 0.6278
 0.63692
 0.6302
 0.60247
 0.63488
 0.61528
 0.61148
 0.62176
 0.63291
 0.6021300000000001
 0.61494
 0.6491400000000001
 0.6737300000000001
 0.62821
 0.6444800000000001
 0.66087
 0.63376
 0.6524799999999999
 0.6376500000000001
 0
 0
 0.7614
 0.33474
 0.44174
 0.47834
 0.43632
 0.43594
 0.42196
 0.39865
 0.36385
 0.47291
 0.53069
 0.5019
 0.54133
 0.48856
 0.5313
 0.55099
 0.52601
 0.51524
 0.53814
 0.55754
 0.53972
 0.5594
 0.5509500000000001
 0.5494599999999999
 0.54394
 0.54847
 0.55847
 0.5576
 0
 0
 0.8724499999999999
 0.87722
 0.89281
 0.91623
 0.9333399999999999
 0.9213
 0.92714
 0.91382
 0.91879
 0.92232
 0.92087
 0.9255
 0.90976
 0.92048
 0.91229
 0.90462
 0.89629
 0.9181
 0.90251
 0.91332
 0.90249
 0.90465
 0.8978699999999999
 0.90268
 0.88913
 0.90364
 0.89941
 0.90604
 0
 0
 0.0178
 0.29376
 0.64502
 0.5854200000000001
 0.52001
 0.50764
 0.3274
 0.40036
 0.26761
 0.46303
 0.54256
 0.4821
 0.5633
 0.51992
 0.51796
 0.6111799999999999
 0.54326
 0.52299
 0.55006
 0.5428500000000001
 0.56968
 0.61976
 0.60179
 0.57957
 0.60203
 0.60389
 0.55571
 0.5517300000000001
 0
 0
 0.57859
 0.90376
 0.72904
 0.5210900000000001
 0.7079
 0.67555
 0.73077
 0.69969
 0.68838
 0.64157
 0.65012
 0.59597
 0.61778
 0.60239
 0.52652
 0.48634
 0.6284
 0.65522
 0.57631
 0.59249
 0.6387
 0.66178
 0.62521
 0.66488
 0.63604
 0.62637
 0.69645
 0.65883
 0
 0
 0
 0
 0
 0
 0
 0
 0
 0
 0
 0
 0
 0
 0
 0
 0
 0
 0
 0
 0
 0
 0
 0
 0
 0
 0
 0
 0
 0
 0
 0
 0
 0
 0
 0
 0
 0
 0
 0
 0
 0
 0
 0
 0
 0
 0
 0
 0
 0
 0
 0
 0
 0
 0
 0
 0
 0
 0
 0
 0
 0
 0
 0
 0
 0
 0
 0
 0
 0
 0
 0
 0
 0
 0
 0
 0
 0
 0
 0
 0
 0
 0
 0
 0
 0
 0
 0
 0
 0
 0
 0
 0
 0
 0
 0
 0
 0
 0
 0
 0
 0
 0
 0
 0
 0
 0
 0
 0
 0
 0
 0
 0
 0
 0
 0
 0
 0
 0
 0
 0
 0
 0
 0
 0
 0
 0
 0
 0
 0
 0
 0
 0
 0
 0
 0
 0
 0
 0
 0
 0
 0
 0
 0
 0
 0
 0
 0
 0
 0
 0
 0
 0.95248
 0.94001
 0.92466
 0.94696
 0.91012
 0.93106
 0.91816
 0.9189000000000001
 0.92577
 0.91972
 0.91865
 0.90862
 0.91092
 0.9186800000000001
 0.90887
 0.90879
 0.91243
 0.91277
 0.91103
 0.90735
 0.89984
 0.9055
 0.89966
 0.9037500000000001
 0.90931
 0.91087
 0.91207
 0.8989
 0
 0
 0
 0
 0
 0
 0
 0
 0
 0
 0
 0
 0
 0
 0
 0
 0
 0
 0
 0
 0
 0
 0
 0
 0
 0
 0
 0
 0
 0
 0
 0
 0
 0
 0
 0
 0
 0
 0
 0
 0
 0
 0
 0
 0
 0
 0
 0
 0
 0
 0
 0
 0
 0
 0
 0
 0
 0
 0
 0


