# Created by Octave 4.0.0, Sat Nov 21 16:32:11 2015 W. Europe Standard Time <unknown@Florian-PC>
# name: mus
# type: matrix
# ndims: 3
 1 30 19
 0
 0
 0.49875
 0.49495
 0.58987
 0.47475
 0.62657
 0.67347
 0.6452
 0.6359
 0.6351
 0.63131
 0.63385
 0.67921
 0.66795
 0.66406
 0.65843
 0.6906600000000001
 0.64411
 0.68158
 0.70175
 0.73232
 0.70418
 0.70443
 0.6879999999999999
 0.71487
 0.68771
 0.70536
 0.68285
 0.70256
 0
 0
 1
 1
 0.6
 0.8
 0.6
 0.7
 0.6
 0.7
 0.6333299999999999
 0.7
 0.8666700000000001
 0.8666700000000001
 0.6
 0.68333
 0.6333299999999999
 0.6166700000000001
 0.68333
 0.7
 0.66
 0.6
 0.6899999999999999
 0.64
 0.68
 0.61333
 0.7
 0.67333
 0.72667
 0.7
 0
 0
 1
 1
 0.71404
 0.78812
 0.71133
 0.75347
 0.71744
 0.68908
 0.7274
 0.77507
 0.76305
 0.6172800000000001
 0.7526
 0.77288
 0.69236
 0.69673
 0.6833900000000001
 0.67539
 0.62804
 0.68955
 0.70903
 0.68968
 0.67019
 0.69011
 0.6632
 0.6594
 0.64144
 0.65418
 0
 0
 1
 1
 0.62657
 0.68555
 0.591
 0.59285
 0.57985
 0.55462
 0.60724
 0.63914
 0.68351
 0.67292
 0.7056
 0.7170299999999999
 0.64737
 0.61554
 0.63892
 0.62303
 0.61644
 0.62373
 0.6425999999999999
 0.63944
 0.62537
 0.61882
 0.62576
 0.60684
 0.61247
 0.5952
 0
 0
 1
 1
 0.4
 0.83333
 0.42857
 0.375
 0.66667
 0.7
 0.90909
 0.66667
 0.92308
 0.77778
 1
 0.66667
 0.5
 1
 1
 1
 1
 1
 0
 1
 0
 1
 0
 1
 1
 0
 0
 0
 1
 1
 0.59167
 0.65176
 0.51468
 0.6041
 0.64354
 0.56058
 0.59329
 0.6124000000000001
 0.72219
 0.70009
 0.6762
 0.7882400000000001
 0.62703
 0.59618
 0.62634
 0.62709
 0.63054
 0.60001
 0.60247
 0.65273
 0.56648
 0.65835
 0.56085
 0.58635
 0.6557500000000001
 0.58882
 0
 0
 1
 1
 0.72864
 0.75143
 0.73181
 0.74538
 0.66795
 0.70558
 0.66237
 0.70157
 0.7381799999999999
 0.84867
 0.72061
 0.7674299999999999
 0.75537
 0.71421
 0.72768
 0.72907
 0.72146
 0.72755
 0.6923
 0.7411799999999999
 0.72805
 0.68304
 0.67778
 0.69381
 0.69378
 0.66593
 0
 0
 1
 1
 0.57758
 0.66464
 0.57791
 0.60664
 0.57944
 0.54391
 0.58595
 0.62025
 0.66617
 0.6744599999999999
 0.72106
 0.71349
 0.66903
 0.62577
 0.66331
 0.6392099999999999
 0.63132
 0.64049
 0.66025
 0.6565
 0.64045
 0.64212
 0.64002
 0.61777
 0.6190600000000001
 0.58647
 0
 0
 0.99992
 1
 1
 1
 1
 1
 1
 1
 1
 1
 0.99741
 0.98531
 0.97253
 0.97703
 0.9771
 0.9710800000000001
 0.96158
 0.97096
 0.96318
 0.96379
 0.96165
 0.96375
 0.95964
 0.94153
 0.94647
 0.9492
 0.94316
 0.94487
 0
 0
 1
 1
 0.60151
 0.63444
 0.55529
 0.60114
 0.63567
 0.53511
 0.64517
 0.6382
 0.62321
 0.65039
 0.7877
 0.69511
 0.75064
 0.71527
 0.68573
 0.61916
 0.68116
 0.70551
 0.63188
 0.70259
 0.62255
 0.62224
 0.61285
 0.60284
 0.603
 0.63874
 0
 0
 1
 1
 0.73385
 0.7048
 0.74827
 0.73144
 0.65334
 0.69085
 0.66207
 0.64586
 0.7718699999999999
 0.72668
 0.78601
 0.73858
 0.73347
 0.70372
 0.7194700000000001
 0.67377
 0.69913
 0.69007
 0.69577
 0.70948
 0.68541
 0.69248
 0.65161
 0.68309
 0.65854
 0.6458700000000001
 0
 0
 0
 0
 0
 0
 0
 0
 0
 0
 0
 0
 0
 0
 0
 0
 0
 0
 0
 0
 0
 0
 0
 0
 0
 0
 0
 0
 0
 0
 0
 0
 0
 0
 0
 0
 0
 0
 0
 0
 0
 0
 0
 0
 0
 0
 0
 0
 0
 0
 0
 0
 0
 0
 0
 0
 0
 0
 0
 0
 0
 0
 0
 0
 0
 0
 0
 0
 0
 0
 0
 0
 0
 0
 0
 0
 0
 0
 0
 0
 0
 0
 0
 0
 0
 0
 0
 0
 0
 0
 0
 0
 0
 0
 0
 0
 0
 0
 0
 0
 0
 0
 0
 0
 0
 0
 0
 0
 0
 0
 0
 0
 0
 0
 0
 0
 0
 0
 0
 0
 0
 0
 0
 0
 0
 0
 0
 0
 0
 0
 0
 0
 0
 0
 0
 0
 0
 0
 0
 0
 0
 0
 0
 0
 0
 0
 0
 0
 0
 0
 0
 0
 0.99999
 1
 1
 1
 1
 1
 0.99876
 1
 1
 1
 0.99912
 0.9863
 0.9811800000000001
 0.9723000000000001
 0.97107
 0.97781
 0.96512
 0.96898
 0.96117
 0.95789
 0.9608100000000001
 0.9638099999999999
 0.95992
 0.95104
 0.95231
 0.95625
 0.94887
 0.95638
 0
 0
 0
 0
 0
 0
 0
 0
 0
 0
 0
 0
 0
 0
 0
 0
 0
 0
 0
 0
 0
 0
 0
 0
 0
 0
 0
 0
 0
 0
 0
 0
 0
 0
 0
 0
 0
 0
 0
 0
 0
 0
 0
 0
 0
 0
 0
 0
 0
 0
 0
 0
 0
 0
 0
 0
 0
 0
 0
 0


