# Created by Octave 4.0.0, Sat Nov 21 16:32:13 2015 W. Europe Standard Time <unknown@Florian-PC>
# name: mus
# type: matrix
# ndims: 3
 1 30 19
 0
 0
 0.61905
 0.61111
 0.71139
 0.67045
 0.69424
 0.6862200000000001
 0.73169
 0.73077
 0.73295
 0.75758
 0.82667
 0.82079
 0.84615
 0.83594
 0.86729
 0.82576
 0.84211
 0.86842
 0.81203
 0.86237
 0.86303
 0.86589
 0.8666700000000001
 0.86769
 0.86712
 0.86607
 0.8605699999999999
 0.8666700000000001
 0
 0
 0.66667
 1
 0.2
 0.6
 0
 0.7
 0.7
 0.4
 0.66667
 0.5
 0.33333
 0.36667
 0.53333
 0.43333
 0.3
 0.48333
 0.48333
 0.45
 0.58
 0.42
 0.53
 0.49
 0.5600000000000001
 0.46667
 0.6
 0.78
 0.73333
 0.66667
 0
 0
 0.70652
 0.82207
 0.5629
 0.53877
 0.60773
 0.51996
 0.70585
 0.63739
 0.64718
 0.56318
 0.4469
 0.53395
 0.58772
 0.56134
 0.58112
 0.61605
 0.66073
 0.58389
 0.57722
 0.53408
 0.57882
 0.69699
 0.57112
 0.63414
 0.5835399999999999
 0.62246
 0.62339
 0.66195
 0
 0
 0.70352
 0.86306
 0.37266
 0.45541
 0.3618
 0.49103
 0.52686
 0.52894
 0.48727
 0.50681
 0.43989
 0.49317
 0.47221
 0.51156
 0.4857
 0.53761
 0.54782
 0.5019
 0.5136500000000001
 0.51345
 0.53135
 0.51026
 0.51933
 0.54118
 0.58187
 0.57708
 0.59478
 0.60888
 0
 0
 1
 1
 0
 0.33333
 0.14286
 0.75
 0.11111
 0.5
 0.36364
 0.58333
 0.23077
 0.33333
 0.6
 0.33333
 0.5
 0
 1
 1
 0
 0
 1
 1
 0
 1
 1
 0
 1
 1
 0
 0
 0.6757
 0.88802
 0.14027
 0.33351
 0.25883
 0.63731
 0.37156
 0.50466
 0.45866
 0.53403
 0.38235
 0.45266
 0.50709
 0.47057
 0.49336
 0.44183
 0.62043
 0.60549
 0.495
 0.35614
 0.46197
 0.54736
 0.44307
 0.53499
 0.71857
 0.46694
 0.6705
 0.76541
 0
 0
 0.57859
 0.48788
 0.7208
 0.62656
 0.61333
 0.64801
 0.70164
 0.6014
 0.6988799999999999
 0.62677
 0.62605
 0.62137
 0.66764
 0.62815
 0.6239
 0.65247
 0.63306
 0.64773
 0.6934399999999999
 0.68928
 0.6621
 0.64261
 0.66054
 0.67741
 0.65638
 0.65562
 0.66935
 0.6817800000000001
 0
 0
 0.67692
 0.78444
 0.4553
 0.41973
 0.36698
 0.47953
 0.4949
 0.51064
 0.51686
 0.51407
 0.45738
 0.48543
 0.50505
 0.49121
 0.49866
 0.5113
 0.52278
 0.50412
 0.51893
 0.50737
 0.51522
 0.52406
 0.52129
 0.54096
 0.5517
 0.55279
 0.5594
 0.5604
 0
 0
 0.92991
 0.93257
 0.94529
 0.93114
 0.90729
 0.91547
 0.92427
 0.91352
 0.92133
 0.93719
 0.90451
 0.91512
 0.9077
 0.90893
 0.90557
 0.90661
 0.90504
 0.91099
 0.91055
 0.9122400000000001
 0.9109
 0.90955
 0.90368
 0.88736
 0.91331
 0.89935
 0.89333
 0.90657
 0
 0
 0.68257
 0.8434
 0.24646
 0.41348
 0.35768
 0.4755
 0.53518
 0.51002
 0.51874
 0.5115499999999999
 0.45419
 0.49017
 0.49784
 0.50045
 0.49051
 0.50515
 0.5302
 0.51769
 0.52076
 0.5073800000000001
 0.50884
 0.51511
 0.5273099999999999
 0.54457
 0.5546
 0.56005
 0.56876
 0.6005200000000001
 0
 0
 0.57859
 0.52268
 0.7208
 0.6669
 0.58679
 0.6438
 0.6616300000000001
 0.62153
 0.67062
 0.62586
 0.62682
 0.62904
 0.6924
 0.65249
 0.64169
 0.63937
 0.6585
 0.63824
 0.65666
 0.66818
 0.6595299999999999
 0.55896
 0.65573
 0.64686
 0.59061
 0.65638
 0.65909
 0.66816
 0
 0
 0
 0
 0
 0
 0
 0
 0
 0
 0
 0
 0
 0
 0
 0
 0
 0
 0
 0
 0
 0
 0
 0
 0
 0
 0
 0
 0
 0
 0
 0
 0
 0
 0
 0
 0
 0
 0
 0
 0
 0
 0
 0
 0
 0
 0
 0
 0
 0
 0
 0
 0
 0
 0
 0
 0
 0
 0
 0
 0
 0
 0
 0
 0
 0
 0
 0
 0
 0
 0
 0
 0
 0
 0
 0
 0
 0
 0
 0
 0
 0
 0
 0
 0
 0
 0
 0
 0
 0
 0
 0
 0
 0
 0
 0
 0
 0
 0
 0
 0
 0
 0
 0
 0
 0
 0
 0
 0
 0
 0
 0
 0
 0
 0
 0
 0
 0
 0
 0
 0
 0
 0
 0
 0
 0
 0
 0
 0
 0
 0
 0
 0
 0
 0
 0
 0
 0
 0
 0
 0
 0
 0
 0
 0
 0
 0
 0
 0
 0
 0
 0
 0.90407
 0.91008
 0.94479
 0.9313
 0.94787
 0.9174600000000001
 0.90072
 0.905
 0.92078
 0.92363
 0.92571
 0.93128
 0.89794
 0.91944
 0.91352
 0.91483
 0.91422
 0.90587
 0.90788
 0.91283
 0.90579
 0.90511
 0.91328
 0.90669
 0.909
 0.91292
 0.90235
 0.90313
 0
 0
 0
 0
 0
 0
 0
 0
 0
 0
 0
 0
 0
 0
 0
 0
 0
 0
 0
 0
 0
 0
 0
 0
 0
 0
 0
 0
 0
 0
 0
 0
 0
 0
 0
 0
 0
 0
 0
 0
 0
 0
 0
 0
 0
 0
 0
 0
 0
 0
 0
 0
 0
 0
 0
 0
 0
 0
 0
 0


