# Created by Octave 4.0.0, Sat Nov 21 16:32:04 2015 W. Europe Standard Time <unknown@Florian-PC>
# name: mus
# type: matrix
# ndims: 3
 1 30 19
 0
 0
 0.71679
 0.72222
 0.73165
 0.7298
 0.7193000000000001
 0.70663
 0.69381
 0.68974
 0.6976
 0.62879
 0.62077
 0.66901
 0.66026
 0.71354
 0.71924
 0.74874
 0.7594
 0.81842
 0.82707
 0.8156600000000001
 0.79909
 0.78516
 0.776
 0.76718
 0.77152
 0.76531
 0.76439
 0.78205
 0
 0
 0.33333
 0.75
 0.6
 0.7
 0.8
 0.7
 0.9
 0.9
 0.8
 0.66667
 0.66667
 0.66667
 0.66667
 0.6
 0.73333
 0.76667
 0.75
 0.7
 0.71
 0.7
 0.52
 0.58
 0.72
 0.7
 0.7
 0.79333
 0.78667
 0.9
 0
 0
 0.61283
 0.79387
 0.68075
 0.70712
 0.85777
 0.79354
 0.88074
 0.93236
 0.82933
 0.78245
 0.81174
 0.63993
 0.69781
 0.80859
 0.80627
 0.71388
 0.77015
 0.75684
 0.74165
 0.80752
 0.77466
 0.8365
 0.84224
 0.84858
 0.88906
 0.87688
 0.89597
 0.8806
 0
 0
 0.40735
 0.6036899999999999
 0.68382
 0.68091
 0.70448
 0.81763
 0.75401
 0.7928500000000001
 0.7970699999999999
 0.73033
 0.7470599999999999
 0.71065
 0.72111
 0.7365
 0.78052
 0.7412
 0.76918
 0.73521
 0.77249
 0.80613
 0.83224
 0.85195
 0.86321
 0.86686
 0.87704
 0.8803800000000001
 0.89075
 0.87985
 0
 0
 0.33333
 1
 0.8
 0.5
 0.71429
 0.875
 0.66667
 0.8
 0.81818
 0.75
 0.84615
 0.77778
 0.8
 1
 0.5
 0
 1
 1
 1
 1
 1
 1
 1
 1
 0
 0
 1
 1
 0
 0
 0.27667
 0.86622
 0.7496
 0.62068
 0.69743
 0.8541299999999999
 0.68557
 0.82167
 0.79015
 0.7488
 0.80209
 0.74588
 0.7587699999999999
 0.77986
 0.71363
 0.5965
 0.82481
 0.80055
 0.8318
 0.82608
 0.8884300000000001
 0.8846000000000001
 0.85859
 0.91398
 0.77684
 0.78757
 0.91935
 0.86612
 0
 0
 0.36788
 0.62143
 0.78762
 0.7719200000000001
 0.73339
 0.79089
 0.80979
 0.84471
 0.83163
 0.76325
 0.78285
 0.66922
 0.7159
 0.7101
 0.73022
 0.47789
 0.74317
 0.74734
 0.7341299999999999
 0.73584
 0.79094
 0.83062
 0.81517
 0.80115
 0.79919
 0.81116
 0.85563
 0.87176
 0
 0
 0.42613
 0.61722
 0.69751
 0.63368
 0.67096
 0.7134
 0.70289
 0.7458399999999999
 0.75227
 0.69106
 0.69803
 0.63992
 0.65108
 0.6390400000000001
 0.68322
 0.65825
 0.67164
 0.65112
 0.6782899999999999
 0.7104200000000001
 0.73533
 0.75515
 0.7811
 0.77835
 0.7913
 0.79962
 0.80867
 0.79411
 0
 0
 1
 0.92622
 0.94891
 0.95733
 0.93325
 0.92532
 0.88928
 0.92738
 0.91848
 0.9131899999999999
 0.9169
 0.92432
 0.9188
 0.91334
 0.90585
 0.89994
 0.90454
 0.89518
 0.90939
 0.90443
 0.9069700000000001
 0.8997000000000001
 0.90337
 0.89581
 0.90581
 0.9081399999999999
 0.90328
 0.90821
 0
 0
 0.24105
 0.80343
 0.58086
 0.71151
 0.74984
 0.79114
 0.68746
 0.8811600000000001
 0.75904
 0.71991
 0.75144
 0.67666
 0.72117
 0.73215
 0.79673
 0.62803
 0.76097
 0.72472
 0.77905
 0.81582
 0.85632
 0.87684
 0.8571299999999999
 0.87757
 0.87583
 0.85062
 0.91266
 0.87046
 0
 0
 0.36788
 0.61194
 0.78762
 0.80729
 0.72244
 0.78757
 0.80109
 0.7177
 0.79086
 0.76786
 0.80111
 0.68111
 0.71518
 0.68646
 0.72038
 0.72717
 0.73865
 0.72927
 0.71099
 0.71645
 0.74565
 0.8629599999999999
 0.7503
 0.8008
 0.78199
 0.90327
 0.7000999999999999
 0.8861599999999999
 0
 0
 0
 0
 0
 0
 0
 0
 0
 0
 0
 0
 0
 0
 0
 0
 0
 0
 0
 0
 0
 0
 0
 0
 0
 0
 0
 0
 0
 0
 0
 0
 0
 0
 0
 0
 0
 0
 0
 0
 0
 0
 0
 0
 0
 0
 0
 0
 0
 0
 0
 0
 0
 0
 0
 0
 0
 0
 0
 0
 0
 0
 0
 0
 0
 0
 0
 0
 0
 0
 0
 0
 0
 0
 0
 0
 0
 0
 0
 0
 0
 0
 0
 0
 0
 0
 0
 0
 0
 0
 0
 0
 0
 0
 0
 0
 0
 0
 0
 0
 0
 0
 0
 0
 0
 0
 0
 0
 0
 0
 0
 0
 0
 0
 0
 0
 0
 0
 0
 0
 0
 0
 0
 0
 0
 0
 0
 0
 0
 0
 0
 0
 0
 0
 0
 0
 0
 0
 0
 0
 0
 0
 0
 0
 0
 0
 0
 0
 0
 0
 0
 0
 0.91867
 0.8926500000000001
 0.92908
 0.91789
 0.93367
 0.93053
 0.88374
 0.91664
 0.90978
 0.92005
 0.91393
 0.93525
 0.90424
 0.90682
 0.9191
 0.9135799999999999
 0.9087
 0.91259
 0.91245
 0.89659
 0.90648
 0.89342
 0.90342
 0.90848
 0.90377
 0.90889
 0.90072
 0.91162
 0
 0
 0
 0
 0
 0
 0
 0
 0
 0
 0
 0
 0
 0
 0
 0
 0
 0
 0
 0
 0
 0
 0
 0
 0
 0
 0
 0
 0
 0
 0
 0
 0
 0
 0
 0
 0
 0
 0
 0
 0
 0
 0
 0
 0
 0
 0
 0
 0
 0
 0
 0
 0
 0
 0
 0
 0
 0
 0
 0


