# Created by Octave 4.0.0, Sat Nov 21 16:32:09 2015 W. Europe Standard Time <unknown@Florian-PC>
# name: mus
# type: matrix
# ndims: 3
 1 30 19
 0
 0
 0.49123
 0.51263
 0.65823
 0.5643899999999999
 0.6541400000000001
 0.61224
 0.71402
 0.70256
 0.78535
 0.75
 0.81128
 0.78444
 0.73333
 0.78906
 0.77806
 0.78283
 0.75439
 0.80526
 0.81704
 0.83333
 0.82609
 0.82292
 0.824
 0.83436
 0.82888
 0.83929
 0.84465
 0.84872
 0
 0
 0
 0.5
 0.2
 0.4
 0.4
 0.3
 0.3
 0.3
 0.53333
 0.43333
 0.3
 0.6
 0.66667
 0.56667
 0.51667
 0.73333
 0.65
 0.65
 0.67
 0.72
 0.66
 0.55
 0.5600000000000001
 0.52667
 0.80667
 0.72
 0.54667
 0.7
 0
 0
 0.29266
 0.60492
 0.62248
 0.57317
 0.47778
 0.42529
 0.53455
 0.59432
 0.49189
 0.48397
 0.47265
 0.60375
 0.5200900000000001
 0.47223
 0.58452
 0.53972
 0.55457
 0.5227000000000001
 0.5494
 0.54093
 0.62546
 0.58783
 0.5736599999999999
 0.55459
 0.60508
 0.5244
 0.53326
 0.56906
 0
 0
 0.13888
 0.44589
 0.3544
 0.41418
 0.3816
 0.4452
 0.41402
 0.47815
 0.42532
 0.44788
 0.45423
 0.51638
 0.49732
 0.51217
 0.54591
 0.52083
 0.53547
 0.52225
 0.52523
 0.52628
 0.54059
 0.53249
 0.54293
 0.53664
 0.55008
 0.55181
 0.54066
 0.5496799999999999
 0
 0
 0
 0.5
 0
 0.66667
 0
 0.625
 0.66667
 0.3
 0.54545
 0.5
 0.53846
 0.66667
 0.4
 0.33333
 0.5
 0
 0
 0
 0
 1
 1
 0
 0
 0
 0
 1
 0
 0
 0
 0
 0.24997
 0.45978
 0.24583
 0.57124
 0.29127
 0.43931
 0.44528
 0.43289
 0.44066
 0.44321
 0.45061
 0.52916
 0.467
 0.47659
 0.55318
 0.4967
 0.5095
 0.4757
 0.50152
 0.5601699999999999
 0.55233
 0.45845
 0.49328
 0.49179
 0.51573
 0.5922500000000001
 0.548
 0.51144
 0
 0
 0.36788
 0.44473
 0.6015200000000001
 0.6654600000000001
 0.64125
 0.58638
 0.5720499999999999
 0.5881999999999999
 0.61635
 0.6306
 0.6404
 0.60348
 0.65928
 0.64507
 0.6288
 0.65588
 0.6434299999999999
 0.65995
 0.64418
 0.65917
 0.6575800000000001
 0.65978
 0.66257
 0.65507
 0.64438
 0.67362
 0.68453
 0.69043
 0
 0
 0.13889
 0.42928
 0.34164
 0.36917
 0.39066
 0.41815
 0.41774
 0.45589
 0.41863
 0.45563
 0.47287
 0.50188
 0.49942
 0.50526
 0.52395
 0.5162
 0.52973
 0.52005
 0.52078
 0.52424
 0.54328
 0.52794
 0.54442
 0.5416299999999999
 0.54545
 0.54849
 0.54538
 0.5527
 0
 0
 0.99936
 1
 1
 1
 1
 1
 1
 1
 0.99941
 0.99896
 0.99083
 0.98107
 0.97054
 0.97793
 0.97166
 0.97297
 0.97614
 0.96496
 0.96959
 0.96252
 0.96694
 0.95723
 0.9416099999999999
 0.96402
 0.95673
 0.95165
 0.94485
 0.94021
 0
 0
 0.25
 0.35123
 0.25831
 0.5779
 0.35625
 0.39131
 0.39547
 0.43221
 0.41644
 0.43673
 0.44925
 0.49901
 0.47536
 0.4861
 0.50905
 0.49459
 0.50517
 0.50259
 0.50754
 0.52161
 0.52876
 0.5136500000000001
 0.52916
 0.52968
 0.53755
 0.54043
 0.52904
 0.5372400000000001
 0
 0
 0.36788
 0.4961
 0.59233
 0.62968
 0.6495300000000001
 0.59053
 0.56684
 0.58807
 0.61918
 0.59907
 0.67358
 0.67722
 0.62375
 0.59967
 0.62093
 0.65584
 0.62649
 0.6133
 0.62871
 0.61709
 0.63189
 0.62701
 0.64298
 0.63087
 0.6365499999999999
 0.64569
 0.65118
 0.6206199999999999
 0
 0
 0
 0
 0
 0
 0
 0
 0
 0
 0
 0
 0
 0
 0
 0
 0
 0
 0
 0
 0
 0
 0
 0
 0
 0
 0
 0
 0
 0
 0
 0
 0
 0
 0
 0
 0
 0
 0
 0
 0
 0
 0
 0
 0
 0
 0
 0
 0
 0
 0
 0
 0
 0
 0
 0
 0
 0
 0
 0
 0
 0
 0
 0
 0
 0
 0
 0
 0
 0
 0
 0
 0
 0
 0
 0
 0
 0
 0
 0
 0
 0
 0
 0
 0
 0
 0
 0
 0
 0
 0
 0
 0
 0
 0
 0
 0
 0
 0
 0
 0
 0
 0
 0
 0
 0
 0
 0
 0
 0
 0
 0
 0
 0
 0
 0
 0
 0
 0
 0
 0
 0
 0
 0
 0
 0
 0
 0
 0
 0
 0
 0
 0
 0
 0
 0
 0
 0
 0
 0
 0
 0
 0
 0
 0
 0
 0
 0
 0
 0
 0
 0
 1
 1
 1
 1
 1
 1
 1
 1
 0.99832
 0.99786
 0.98875
 0.98716
 0.96304
 0.98472
 0.97394
 0.9598
 0.9641
 0.97248
 0.96339
 0.96031
 0.96513
 0.95772
 0.95378
 0.95619
 0.95458
 0.94895
 0.95292
 0.95705
 0
 0
 0
 0
 0
 0
 0
 0
 0
 0
 0
 0
 0
 0
 0
 0
 0
 0
 0
 0
 0
 0
 0
 0
 0
 0
 0
 0
 0
 0
 0
 0
 0
 0
 0
 0
 0
 0
 0
 0
 0
 0
 0
 0
 0
 0
 0
 0
 0
 0
 0
 0
 0
 0
 0
 0
 0
 0
 0
 0


