# Created by Octave 4.0.0, Sat Nov 21 16:32:27 2015 W. Europe Standard Time <unknown@Florian-PC>
# name: mus
# type: matrix
# ndims: 3
 1 30 19
 0
 0
 0.5213
 0.59091
 0.52405
 0.54798
 0.5388500000000001
 0.53827
 0.5303
 0.54872
 0.53157
 0.5303
 0.52949
 0.52551
 0.52051
 0.52083
 0.57374
 0.56818
 0.61404
 0.64737
 0.6716800000000001
 0.66288
 0.66212
 0.66146
 0.704
 0.71128
 0.70418
 0.70663
 0.70338
 0.70513
 0
 0
 0.66667
 1
 1
 1
 0.9
 0.8
 0.9
 0.9
 0.9
 0.9
 1
 0.93333
 1
 0.93333
 0.7
 0.9
 0.85
 0.85
 0.8
 0.8100000000000001
 0.79
 0.96
 0.76
 0.78
 0.88667
 0.9
 0.89333
 0.9
 0
 0
 0.78929
 0.9204
 0.9193
 0.90307
 0.88411
 0.9153
 0.91889
 0.92757
 0.97514
 0.95662
 0.95452
 0.9869
 0.9589299999999999
 0.99074
 0.88452
 0.91772
 0.86326
 0.88651
 0.88564
 0.91572
 0.92066
 0.9083
 0.88456
 0.86765
 0.90226
 0.89175
 0.90228
 0.91099
 0
 0
 0.72223
 0.98215
 0.985
 0.98727
 0.9349499999999999
 0.98242
 0.99622
 0.99471
 0.99563
 0.99508
 0.99852
 0.9987200000000001
 0.99944
 0.99902
 0.84204
 0.87745
 0.91954
 0.92777
 0.97827
 0.95351
 0.94947
 0.97205
 0.92908
 0.9349
 0.93146
 0.94271
 0.95056
 0.94151
 0
 0
 0.33333
 1
 1
 1
 0.85714
 1
 1
 1
 1
 1
 1
 1
 1
 1
 1
 0
 1
 1
 1
 0
 1
 1
 1
 1
 1
 1
 1
 1
 0
 0
 0.41668
 1.38889
 1.175
 1.25834
 0.95
 1.00179
 1.04365
 1.0377
 1.04091
 1.02045
 1.01818
 1.0033
 1.00142
 0.99134
 1.01208
 0.57968
 1.02196
 1.03523
 1.05172
 0.73264
 1.0159
 1.01786
 1
 1.04167
 1.0625
 1.03152
 1
 1
 0
 0
 0.57859
 0.7425
 0.7764799999999999
 0.94351
 0.98199
 0.9647
 0.94878
 0.91022
 0.90626
 0.94846
 0.94306
 0.96369
 0.95548
 1.01043
 0.87268
 0.90863
 0.94335
 0.88601
 0.87718
 0.91309
 0.984
 0.93316
 0.87947
 0.8968
 0.89978
 0.9137999999999999
 0.92443
 0.91039
 0
 0
 0.72223
 0.88822
 0.94106
 0.91805
 0.94291
 0.94863
 0.97362
 0.96101
 0.96631
 0.98776
 0.9972800000000001
 0.9968900000000001
 0.99844
 0.99898
 0.89546
 0.90207
 0.91423
 0.92797
 0.95918
 0.95669
 0.95706
 0.9730799999999999
 0.92172
 0.92571
 0.92874
 0.94064
 0.94701
 0.92396
 0
 0
 1
 1
 1
 1
 1
 1
 1
 1
 1
 1
 1
 1
 1
 1
 1
 1
 1
 1
 1
 1
 1
 1
 1
 1
 1
 1
 1
 1
 0
 0
 0.41668
 1.42157
 1.07
 1.45872
 1.1071
 0.91661
 1.02778
 1.08265
 1.05
 1.03511
 1.03809
 0.99859
 1.01047
 0.99071
 0.8268
 0.82825
 1.00476
 0.85646
 0.94564
 1.13826
 0.94352
 1.10203
 1
 1.08484
 1.03008
 0.8817199999999999
 0.9923
 1
 0
 0
 0.57859
 0.7605
 0.7777500000000001
 0.91842
 1.04811
 0.99543
 0.97722
 0.94021
 0.91255
 0.93408
 0.9468
 1.01055
 1.00932
 1.0285
 1.09977
 0.91177
 1.03379
 0.9456599999999999
 0.89466
 1.08885
 1.0679
 0.91823
 0.9084
 0.98889
 1.01221
 1.01751
 1.0141
 0.94792
 0
 0
 0
 0
 0
 0
 0
 0
 0
 0
 0
 0
 0
 0
 0
 0
 0
 0
 0
 0
 0
 0
 0
 0
 0
 0
 0
 0
 0
 0
 0
 0
 0
 0
 0
 0
 0
 0
 0
 0
 0
 0
 0
 0
 0
 0
 0
 0
 0
 0
 0
 0
 0
 0
 0
 0
 0
 0
 0
 0
 0
 0
 0
 0
 0
 0
 0
 0
 0
 0
 0
 0
 0
 0
 0
 0
 0
 0
 0
 0
 0
 0
 0
 0
 0
 0
 0
 0
 0
 0
 0
 0
 0
 0
 0
 0
 0
 0
 0
 0
 0
 0
 0
 0
 0
 0
 0
 0
 0
 0
 0
 0
 0
 0
 0
 0
 0
 0
 0
 0
 0
 0
 0
 0
 0
 0
 0
 0
 0
 0
 0
 0
 0
 0
 0
 0
 0
 0
 0
 0
 0
 0
 0
 0
 0
 0
 0
 0
 0
 0
 0
 0
 1
 1
 1
 1
 1
 1
 1
 1
 1
 1
 1
 1
 1
 1
 1
 1
 1
 1
 1
 1
 1
 1
 1
 1
 1
 1
 1
 1
 0
 0
 0
 0
 0
 0
 0
 0
 0
 0
 0
 0
 0
 0
 0
 0
 0
 0
 0
 0
 0
 0
 0
 0
 0
 0
 0
 0
 0
 0
 0
 0
 0
 0
 0
 0
 0
 0
 0
 0
 0
 0
 0
 0
 0
 0
 0
 0
 0
 0
 0
 0
 0
 0
 0
 0
 0
 0
 0
 0


# name: vars
# type: matrix
# ndims: 3
 1 30 19
 0
 0
 0.08477
 0.050325
 0.048517
 0.038261
 0.0401
 0.026175
 0.039543
 0.016248
 0.025599
 0.021622
 0.013638
 0.020111
 0.009962
 0.014493
 0.014058
 0.006741
 0.037211
 0.009854
 0.016854
 0.008765999999999999
 0.008796999999999999
 0.015017
 0.005897
 0.008824
 0.004991
 0.003567
 0.006438
 0.004416
 0
 0
 0.33333
 0
 0
 0
 0.05
 0.2
 0.05
 0.05
 0.05
 0.05
 0
 0.02222
 0
 0.02222
 0.08889
 0.01875
 0.05
 0.05
 0.04375
 0.043
 0.0605
 0.008
 0.048
 0.032
 0.01089
 0.008330000000000001
 0.00967
 0.008330000000000001
 0
 0
 0
 0
 0
 0
 0
 0
 0
 0
 0
 0
 0
 0
 0
 0
 0
 0
 0
 0
 0
 0
 0
 0
 0
 0
 0
 0
 0
 0
 0
 0
 0.17881
 0.00057
 0.00302
 0.00197
 0.01757
 0.00291
 0.00042
 0.00095
 0.00051
 0.00072
 0.00018
 0.00016
 6.999999999999999e-005
 0.00012
 0.02798
 0.0218
 0.01613
 0.0151
 0.00413
 0.008959999999999999
 0.00882
 0.00478
 0.01386
 0.0114
 0.01254
 0.00949
 0.00768
 0.00988
 0
 0
 0
 0
 0
 0
 0
 0
 0
 0
 0
 0
 0
 0
 0
 0
 0
 0
 0
 0
 0
 0
 0
 0
 0
 0
 0
 0
 0
 0
 0
 0
 0
 0
 0
 0
 0
 0
 0
 0
 0
 0
 0
 0
 0
 0
 0
 0
 0
 0
 0
 0
 0
 0
 0
 0
 0
 0
 0
 0
 0
 0
 0
 0
 0
 0
 0
 0
 0
 0
 0
 0
 0
 0
 0
 0
 0
 0
 0
 0
 0
 0
 0
 0
 0
 0
 0
 0
 0
 0
 0
 0
 0.17881
 0.02221
 0.02808
 0.01273
 0.008710000000000001
 0.00761
 0.00566
 0.01055
 0.00682
 0.00159
 0.00028
 0.0004
 0.00029
 3e-005
 0.01824
 0.01852
 0.01627
 0.01359
 0.00838
 0.008410000000000001
 0.00587
 0.00572
 0.01197
 0.01427
 0.01177
 0.008019999999999999
 0.00764
 0.01218
 0
 0
 0
 0
 0
 0
 0
 0
 0
 0
 0
 0
 0
 0
 0
 0
 0
 0
 0
 0
 0
 0
 0
 0
 0
 0
 0
 0
 0
 0
 0
 0
 0
 0
 0
 0
 0
 0
 0
 0
 0
 0
 0
 0
 0
 0
 0
 0
 0
 0
 0
 0
 0
 0
 0
 0
 0
 0
 0
 0
 0
 0
 0
 0
 0
 0
 0
 0
 0
 0
 0
 0
 0
 0
 0
 0
 0
 0
 0
 0
 0
 0
 0
 0
 0
 0
 0
 0
 0
 0
 0
 0
 0
 0
 0
 0
 0
 0
 0
 0
 0
 0
 0
 0
 0
 0
 0
 0
 0
 0
 0
 0
 0
 0
 0
 0
 0
 0
 0
 0
 0
 0
 0
 0
 0
 0
 0
 0
 0
 0
 0
 0
 0
 0
 0
 0
 0
 0
 0
 0
 0
 0
 0
 0
 0
 0
 0
 0
 0
 0
 0
 0
 0
 0
 0
 0
 0
 0
 0
 0
 0
 0
 0
 0
 0
 0
 0
 0
 0
 0
 0
 0
 0
 0
 0
 0
 0
 0
 0
 0
 0
 0
 0
 0
 0
 0
 0
 0
 0
 0
 0
 0
 0
 0
 0
 0
 0
 0
 0
 0
 0
 0
 0
 0
 0
 0
 0
 0
 0
 0
 0
 0
 0
 0
 0
 0
 0
 0
 0
 0
 0
 0
 0
 0
 0
 0
 0
 0
 0
 0
 0
 0
 0
 0
 0
 0
 0
 0
 0
 0
 0
 0
 0
 0
 0
 0
 0
 0
 0
 0
 0
 0
 0
 0
 0
 0
 0
 0
 0
 0
 0
 0
 0
 0
 0
 0
 0
 0
 0
 0
 0
 0
 0
 0
 0
 0
 0
 0
 0
 0
 0
 0
 0
 0
 0
 0
 0
 0
 0
 0
 0
 0
 0
 0
 0
 0
 0
 0
 0
 0
 0
 0
 0
 0
 0
 0
 0
 0
 0
 0
 0
 0
 0
 0
 0
 0
 0
 0
 0
 0
 0
 0
 0
 0
 0
 0
 0
 0
 0
 0


