# Created by Octave 4.0.0, Sat Nov 21 16:32:14 2015 W. Europe Standard Time <unknown@Florian-PC>
# name: mus
# type: matrix
# ndims: 3
 1 30 19
 0
 0
 0.71178
 0.59596
 0.60759
 0.625
 0.63158
 0.73214
 0.71654
 0.74103
 0.7430600000000001
 0.73232
 0.72744
 0.72704
 0.69103
 0.72396
 0.74197
 0.73864
 0.74937
 0.7368400000000001
 0.69925
 0.72475
 0.72833
 0.73307
 0.73333
 0.73949
 0.66835
 0.6875
 0.68746
 0.66923
 0
 0
 0
 1
 0.8
 0.7
 0.5
 0.7
 0.5
 0.6
 0.53333
 0.7
 0.5
 0.73333
 0.33333
 0.7
 0.8
 0.76667
 0.75
 0.75
 0.86
 0.83
 0.77
 0.88
 0.8
 0.84667
 0.76667
 0.76667
 0.68667
 0.73333
 0
 0
 0.51759
 0.85251
 0.80246
 0.78822
 0.58924
 0.70606
 0.36835
 0.63232
 0.47821
 0.68636
 0.67891
 0.64152
 0.60118
 0.63262
 0.57389
 0.70172
 0.68057
 0.7
 0.71597
 0.79713
 0.80322
 0.80167
 0.83464
 0.86106
 0.78301
 0.80127
 0.754
 0.74221
 0
 0
 0.08005
 0.85373
 0.74042
 0.75517
 0.50278
 0.62746
 0.49148
 0.39709
 0.51413
 0.50888
 0.50796
 0.58353
 0.6286
 0.58987
 0.58818
 0.62705
 0.67358
 0.71348
 0.74234
 0.77015
 0.79272
 0.81781
 0.83047
 0.84562
 0.80552
 0.78164
 0.78271
 0.75825
 0
 0
 0
 1
 0.6
 0.83333
 0.71429
 0.5
 0.22222
 0.1
 0.72727
 0.66667
 0.46154
 0.33333
 1
 0.66667
 0.5
 0
 1
 1
 1
 1
 0
 0
 1
 0
 1
 1
 1
 1
 0
 0
 0.04096
 0.8176600000000001
 0.63949
 0.81506
 0.68945
 0.55867
 0.43969
 0.30816
 0.57261
 0.5232
 0.50563
 0.53006
 0.70028
 0.57978
 0.55547
 0.51997
 0.80116
 0.7930199999999999
 0.82544
 0.75829
 0.69607
 0.76145
 0.87806
 0.65522
 0.8375
 0.85156
 0.69599
 0.75597
 0
 0
 0.36788
 0.58639
 0.77865
 0.7702599999999999
 0.64869
 0.74212
 0.58604
 0.6526999999999999
 0.6585299999999999
 0.67508
 0.61528
 0.69591
 0.71169
 0.67781
 0.68873
 0.72104
 0.7017099999999999
 0.75566
 0.75159
 0.74021
 0.77157
 0.7860200000000001
 0.83531
 0.87129
 0.82012
 0.75383
 0.79339
 0.8043
 0
 0
 0.06349
 0.77698
 0.69062
 0.70724
 0.49356
 0.58079
 0.49241
 0.47575
 0.54864
 0.52019
 0.52527
 0.55162
 0.57997
 0.56979
 0.5586100000000001
 0.58804
 0.61078
 0.64111
 0.68104
 0.69253
 0.71315
 0.7423999999999999
 0.75278
 0.77236
 0.71701
 0.69195
 0.69308
 0.67118
 0
 0
 0.84784
 0.90488
 0.89976
 0.91873
 0.92647
 0.93845
 0.90915
 0.9028
 0.9341
 0.92023
 0.90943
 0.92433
 0.91513
 0.91139
 0.90938
 0.91511
 0.90195
 0.90477
 0.90445
 0.9065299999999999
 0.91827
 0.90079
 0.90688
 0.90712
 0.9006
 0.90969
 0.90115
 0.89956
 0
 0
 0.04321
 0.71117
 0.66106
 0.80816
 0.60986
 0.5871
 0.46452
 0.42088
 0.52669
 0.51963
 0.51966
 0.54744
 0.5902500000000001
 0.60952
 0.55642
 0.58145
 0.70439
 0.7014899999999999
 0.77988
 0.798
 0.70567
 0.84084
 0.86028
 0.76179
 0.80258
 0.79621
 0.80371
 0.76655
 0
 0
 0.36788
 0.5803
 0.81699
 0.71339
 0.67552
 0.75552
 0.59729
 0.6444299999999999
 0.68324
 0.69657
 0.65515
 0.7102000000000001
 0.6919
 0.68072
 0.66603
 0.64642
 0.70522
 0.72949
 0.73556
 0.74191
 0.78992
 0.76686
 0.7761
 0.8823299999999999
 0.85817
 0.73039
 0.78698
 0.72546
 0
 0
 0
 0
 0
 0
 0
 0
 0
 0
 0
 0
 0
 0
 0
 0
 0
 0
 0
 0
 0
 0
 0
 0
 0
 0
 0
 0
 0
 0
 0
 0
 0
 0
 0
 0
 0
 0
 0
 0
 0
 0
 0
 0
 0
 0
 0
 0
 0
 0
 0
 0
 0
 0
 0
 0
 0
 0
 0
 0
 0
 0
 0
 0
 0
 0
 0
 0
 0
 0
 0
 0
 0
 0
 0
 0
 0
 0
 0
 0
 0
 0
 0
 0
 0
 0
 0
 0
 0
 0
 0
 0
 0
 0
 0
 0
 0
 0
 0
 0
 0
 0
 0
 0
 0
 0
 0
 0
 0
 0
 0
 0
 0
 0
 0
 0
 0
 0
 0
 0
 0
 0
 0
 0
 0
 0
 0
 0
 0
 0
 0
 0
 0
 0
 0
 0
 0
 0
 0
 0
 0
 0
 0
 0
 0
 0
 0
 0
 0
 0
 0
 0
 0.92865
 0.98455
 0.89415
 0.92916
 0.92765
 0.92433
 0.93401
 0.92084
 0.9163
 0.9041400000000001
 0.93096
 0.92003
 0.91375
 0.90266
 0.90917
 0.91281
 0.91631
 0.91615
 0.90262
 0.9156
 0.91006
 0.9125
 0.90783
 0.90074
 0.91379
 0.89967
 0.9104100000000001
 0.9063600000000001
 0
 0
 0
 0
 0
 0
 0
 0
 0
 0
 0
 0
 0
 0
 0
 0
 0
 0
 0
 0
 0
 0
 0
 0
 0
 0
 0
 0
 0
 0
 0
 0
 0
 0
 0
 0
 0
 0
 0
 0
 0
 0
 0
 0
 0
 0
 0
 0
 0
 0
 0
 0
 0
 0
 0
 0
 0
 0
 0
 0


