# Created by Octave 4.0.0, Sat Nov 21 16:32:13 2015 W. Europe Standard Time <unknown@Florian-PC>
# name: mus
# type: matrix
# ndims: 3
 1 30 19
 0
 0
 0.5188
 0.54293
 0.60759
 0.61111
 0.7218
 0.72194
 0.70455
 0.71795
 0.81881
 0.84343
 0.83769
 0.84056
 0.8410300000000001
 0.84896
 0.84143
 0.85101
 0.84211
 0.84474
 0.84962
 0.83712
 0.86559
 0.86198
 0.864
 0.86513
 0.86448
 0.8699
 0.86403
 0.85897
 0
 0
 0.33333
 0.75
 0.8
 0.7
 0.4
 0.6
 0.9
 0.9
 0.6333299999999999
 0.4
 0.53333
 0.73333
 0.66667
 0.53333
 0.53333
 0.45
 0.6333299999999999
 0.6
 0.57
 0.68
 0.65
 0.55
 0.64
 0.58
 0.64
 0.86
 0.7533300000000001
 0.76667
 0
 0
 0.71404
 0.84197
 0.7548899999999999
 0.72802
 0.66076
 0.60583
 0.7270799999999999
 0.71816
 0.65345
 0.51855
 0.63902
 0.53393
 0.6284
 0.57251
 0.6338
 0.5164
 0.56157
 0.52761
 0.53577
 0.54222
 0.69298
 0.63773
 0.5753200000000001
 0.6803
 0.58169
 0.65923
 0.63168
 0.70411
 0
 0
 0.09085
 0.71872
 0.61629
 0.49225
 0.46567
 0.70311
 0.75162
 0.79003
 0.4778
 0.42021
 0.50778
 0.53627
 0.55143
 0.45424
 0.54251
 0.49373
 0.5465
 0.49141
 0.54151
 0.54544
 0.5504
 0.55564
 0.54179
 0.56693
 0.5645
 0.6107
 0.62266
 0.6661899999999999
 0
 0
 0
 0.75
 0.4
 0.66667
 0.42857
 0.75
 1
 1
 0.54545
 0.25
 0.53846
 0.77778
 0.4
 0.66667
 0.5
 0
 1
 0
 1
 0
 0
 1
 0
 1
 1
 1
 0
 1
 0
 0
 0.00434
 0.79961
 0.37637
 0.62421
 0.48588
 0.67358
 0.84873
 0.8629599999999999
 0.58023
 0.40478
 0.52022
 0.62869
 0.5196499999999999
 0.55745
 0.52473
 0.42399
 0.66225
 0.35498
 0.59192
 0.40352
 0.34877
 0.63967
 0.38585
 0.71188
 0.6509200000000001
 0.67779
 0.56385
 0.77268
 0
 0
 0.57859
 0.6274999999999999
 0.71436
 0.77418
 0.71216
 0.72477
 0.74716
 0.71536
 0.63995
 0.68989
 0.6783
 0.67357
 0.68677
 0.657
 0.67403
 0.67119
 0.63317
 0.63566
 0.65662
 0.65284
 0.66723
 0.66256
 0.65596
 0.66988
 0.68136
 0.6993200000000001
 0.6786
 0.6877
 0
 0
 0.07463
 0.71286
 0.5861499999999999
 0.54788
 0.48382
 0.66427
 0.73089
 0.65612
 0.48782
 0.46756
 0.5115499999999999
 0.5340200000000001
 0.53193
 0.49068
 0.53211
 0.52679
 0.53095
 0.50861
 0.52447
 0.53856
 0.5226
 0.53737
 0.53018
 0.53661
 0.53201
 0.56903
 0.57239
 0.58817
 0
 0
 0.92465
 0.94574
 0.89956
 0.94125
 0.9236799999999999
 0.88088
 0.9311199999999999
 0.89766
 0.90502
 0.9363
 0.91552
 0.92349
 0.91023
 0.90854
 0.90344
 0.9081
 0.90288
 0.9073600000000001
 0.90615
 0.91034
 0.90013
 0.8964
 0.90466
 0.9093
 0.90319
 0.9083
 0.91301
 0.89522
 0
 0
 0.0092
 0.7700399999999999
 0.34463
 0.59205
 0.51527
 0.62602
 0.64391
 0.72327
 0.50658
 0.49766
 0.52662
 0.53559
 0.53166
 0.4359
 0.53986
 0.52519
 0.5345299999999999
 0.49404
 0.52758
 0.54706
 0.52076
 0.56979
 0.52546
 0.57966
 0.59038
 0.61893
 0.56858
 0.64975
 0
 0
 0.57859
 0.65028
 0.68392
 0.71223
 0.67828
 0.72872
 0.73807
 0.72964
 0.67688
 0.68485
 0.63952
 0.69967
 0.68712
 0.64077
 0.66947
 0.61464
 0.60419
 0.62196
 0.6519200000000001
 0.61341
 0.64891
 0.65954
 0.64434
 0.63361
 0.65418
 0.66355
 0.65359
 0.71432
 0
 0
 0
 0
 0
 0
 0
 0
 0
 0
 0
 0
 0
 0
 0
 0
 0
 0
 0
 0
 0
 0
 0
 0
 0
 0
 0
 0
 0
 0
 0
 0
 0
 0
 0
 0
 0
 0
 0
 0
 0
 0
 0
 0
 0
 0
 0
 0
 0
 0
 0
 0
 0
 0
 0
 0
 0
 0
 0
 0
 0
 0
 0
 0
 0
 0
 0
 0
 0
 0
 0
 0
 0
 0
 0
 0
 0
 0
 0
 0
 0
 0
 0
 0
 0
 0
 0
 0
 0
 0
 0
 0
 0
 0
 0
 0
 0
 0
 0
 0
 0
 0
 0
 0
 0
 0
 0
 0
 0
 0
 0
 0
 0
 0
 0
 0
 0
 0
 0
 0
 0
 0
 0
 0
 0
 0
 0
 0
 0
 0
 0
 0
 0
 0
 0
 0
 0
 0
 0
 0
 0
 0
 0
 0
 0
 0
 0
 0
 0
 0
 0
 0
 0.8656700000000001
 0.88511
 0.91115
 0.92353
 0.88802
 0.90982
 0.9238499999999999
 0.9084
 0.93015
 0.9254599999999999
 0.91951
 0.92082
 0.91203
 0.91786
 0.90743
 0.91766
 0.90586
 0.90204
 0.90988
 0.90222
 0.90318
 0.91186
 0.90747
 0.91044
 0.90847
 0.89679
 0.9068000000000001
 0.90984
 0
 0
 0
 0
 0
 0
 0
 0
 0
 0
 0
 0
 0
 0
 0
 0
 0
 0
 0
 0
 0
 0
 0
 0
 0
 0
 0
 0
 0
 0
 0
 0
 0
 0
 0
 0
 0
 0
 0
 0
 0
 0
 0
 0
 0
 0
 0
 0
 0
 0
 0
 0
 0
 0
 0
 0
 0
 0
 0
 0


