# Created by Octave 4.0.0, Sat Nov 21 16:32:25 2015 W. Europe Standard Time <unknown@Florian-PC>
# name: mus
# type: matrix
# ndims: 3
 1 30 19
 0
 0
 0.49123
 0.54293
 0.53165
 0.54167
 0.53383
 0.53827
 0.52715
 0.54872
 0.55114
 0.53535
 0.53282
 0.53827
 0.5359
 0.54427
 0.53879
 0.5404
 0.6716800000000001
 0.84737
 0.79198
 0.85732
 0.8360300000000001
 0.9401
 0.90933
 0.8559
 0.84271
 0.82781
 0.7982900000000001
 0.8
 0
 0
 0.33333
 1
 1
 0.9
 0.8
 1
 1
 0.9
 0.9
 1
 0.9
 0.93333
 0.93333
 0.93333
 0.93333
 0.95
 0.9
 0.85
 0.9
 0.85
 0.88
 0.84
 0.76
 0.76667
 0.85333
 0.71333
 0.7533300000000001
 0.8
 0
 0
 0.58912
 0.83872
 0.90545
 0.9183
 0.93399
 0.9689
 0.93327
 0.89369
 0.9029700000000001
 0.93014
 0.91166
 0.8565199999999999
 0.95345
 0.9631
 0.93989
 0.98668
 0.96467
 0.9117
 0.88864
 0.85602
 0.83378
 0.86164
 0.8656
 0.88984
 0.87558
 0.90357
 0.91553
 0.90116
 0
 0
 0.23375
 0.90827
 0.91694
 0.8951
 0.92406
 0.94386
 0.93227
 0.89006
 0.9024799999999999
 0.91664
 0.9209000000000001
 0.92438
 0.93055
 0.94601
 0.94958
 0.97988
 0.93997
 0.86222
 0.89879
 0.85763
 0.86965
 0.85405
 0.86941
 0.86914
 0.85623
 0.89062
 0.90126
 0.9045299999999999
 0
 0
 1
 1
 1
 0.83333
 0.85714
 1
 1
 1
 0.90909
 0.83333
 1
 1
 1
 1
 0.5
 1
 1
 0
 1
 1
 1
 0
 1
 0
 1
 1
 1
 1
 0
 0
 0.87293
 0.95457
 0.96482
 0.89967
 0.92489
 0.96712
 0.95373
 0.93454
 0.88714
 0.89135
 0.93875
 0.95192
 0.93511
 0.96291
 0.89184
 0.99458
 0.92896
 0.7734
 0.9298
 0.9231200000000001
 0.92727
 0.7526
 0.92405
 0.74748
 0.88374
 0.94524
 0.94257
 0.96374
 0
 0
 0.57859
 0.70856
 0.77327
 0.89825
 0.93974
 0.93524
 0.92142
 0.88856
 0.90101
 0.91168
 0.90356
 0.9214599999999999
 0.9222
 0.94221
 0.95245
 0.93958
 0.88888
 0.93032
 0.91423
 0.83826
 0.88774
 0.8297
 0.88855
 0.83943
 0.81342
 0.81841
 0.86546
 0.90759
 0
 0
 0.22922
 0.86596
 0.86175
 0.86028
 0.91404
 0.9179
 0.88317
 0.84399
 0.87408
 0.87004
 0.88046
 0.87577
 0.88005
 0.89794
 0.90989
 0.91813
 0.8949
 0.8079499999999999
 0.82659
 0.7861
 0.80421
 0.7815299999999999
 0.78962
 0.77768
 0.79067
 0.7991
 0.81003
 0.82168
 0
 0
 0.91821
 0.95707
 0.91215
 0.92396
 0.9184600000000001
 0.92966
 0.93673
 0.92503
 0.93203
 0.92731
 0.9269500000000001
 0.92976
 0.90583
 0.92619
 0.90205
 0.90461
 0.91303
 0.90493
 0.90262
 0.9086
 0.90384
 0.89561
 0.90862
 0.90181
 0.90426
 0.90061
 0.8964299999999999
 0.90287
 0
 0
 0.85816
 0.95634
 0.95795
 0.9756899999999999
 0.64755
 0.95239
 0.83221
 0.87004
 0.91608
 0.8994799999999999
 0.9243
 0.94531
 0.95435
 0.9895
 0.9882
 0.9978399999999999
 0.96787
 0.86398
 0.8969200000000001
 0.86994
 0.91017
 0.90849
 0.78044
 0.85568
 0.85001
 0.90704
 0.86209
 0.9309500000000001
 0
 0
 0.57859
 0.69987
 0.74644
 0.93283
 0.87887
 0.93198
 0.88043
 0.91115
 0.8666700000000001
 0.90712
 0.85589
 0.90018
 0.9293400000000001
 0.9672500000000001
 0.88567
 0.96475
 0.90657
 0.90366
 0.94285
 0.85458
 0.81207
 0.79967
 0.90963
 0.8174
 0.79067
 0.8181
 0.82084
 0.82739
 0
 0
 0
 0
 0
 0
 0
 0
 0
 0
 0
 0
 0
 0
 0
 0
 0
 0
 0
 0
 0
 0
 0
 0
 0
 0
 0
 0
 0
 0
 0
 0
 0
 0
 0
 0
 0
 0
 0
 0
 0
 0
 0
 0
 0
 0
 0
 0
 0
 0
 0
 0
 0
 0
 0
 0
 0
 0
 0
 0
 0
 0
 0
 0
 0
 0
 0
 0
 0
 0
 0
 0
 0
 0
 0
 0
 0
 0
 0
 0
 0
 0
 0
 0
 0
 0
 0
 0
 0
 0
 0
 0
 0
 0
 0
 0
 0
 0
 0
 0
 0
 0
 0
 0
 0
 0
 0
 0
 0
 0
 0
 0
 0
 0
 0
 0
 0
 0
 0
 0
 0
 0
 0
 0
 0
 0
 0
 0
 0
 0
 0
 0
 0
 0
 0
 0
 0
 0
 0
 0
 0
 0
 0
 0
 0
 0
 0
 0
 0
 0
 0
 0
 0.93848
 0.9140200000000001
 0.9015
 0.87771
 0.93572
 0.9184099999999999
 0.90645
 0.91369
 0.92234
 0.92071
 0.92923
 0.92867
 0.91514
 0.90977
 0.89858
 0.91875
 0.90934
 0.89653
 0.89641
 0.91039
 0.90191
 0.89727
 0.91251
 0.91296
 0.90691
 0.91353
 0.90243
 0.90315
 0
 0
 0
 0
 0
 0
 0
 0
 0
 0
 0
 0
 0
 0
 0
 0
 0
 0
 0
 0
 0
 0
 0
 0
 0
 0
 0
 0
 0
 0
 0
 0
 0
 0
 0
 0
 0
 0
 0
 0
 0
 0
 0
 0
 0
 0
 0
 0
 0
 0
 0
 0
 0
 0
 0
 0
 0
 0
 0
 0


