# Created by Octave 4.0.0, Sat Nov 21 16:32:09 2015 W. Europe Standard Time <unknown@Florian-PC>
# name: mus
# type: matrix
# ndims: 3
 1 30 19
 0
 0
 0.49875
 0.49495
 0.49367
 0.63005
 0.64662
 0.53061
 0.53283
 0.52821
 0.58586
 0.73232
 0.7359
 0.73597
 0.72436
 0.72917
 0.76272
 0.77778
 0.76942
 0.74474
 0.75188
 0.75
 0.73885
 0.73438
 0.72533
 0.73385
 0.73449
 0.7487200000000001
 0.77038
 0.7641
 0
 0
 1
 1
 1
 0.6
 0.8
 1
 1
 1
 0.8
 0.7
 0.73333
 0.73333
 0.8666700000000001
 0.8666700000000001
 0.8833299999999999
 0.9
 0.8833299999999999
 0.9
 0.91
 0.91
 0.91
 0.91
 0.92
 0.96667
 0.96667
 0.92667
 0.93333
 0.93333
 0
 0
 1
 1
 1
 0.68183
 0.78403
 0.9035
 0.9159
 0.93765
 0.83149
 0.80246
 0.81018
 0.833
 0.83671
 0.85641
 0.85861
 0.84149
 0.88456
 0.87048
 0.89678
 0.9139699999999999
 0.89551
 0.87373
 0.91109
 0.93724
 0.91465
 0.92203
 0.91199
 0.91393
 0
 0
 1
 1
 1
 0.80711
 0.81684
 0.97998
 0.98302
 0.98947
 0.89064
 0.84422
 0.8968
 0.89918
 0.923
 0.92649
 0.88363
 0.87884
 0.91427
 0.9357799999999999
 0.9439
 0.94682
 0.94224
 0.94441
 0.95118
 0.97379
 0.97817
 0.95274
 0.9575399999999999
 0.9616
 0
 0
 1
 1
 1
 0.5
 0.57143
 1
 1
 1
 0.90909
 0.83333
 0.69231
 0.88889
 0.8
 1
 1
 1
 0
 1
 1
 1
 1
 1
 1
 1
 1
 0
 1
 1
 0
 0
 1
 1
 1
 0.59167
 0.64286
 1.11607
 1.05456
 1.09048
 0.93598
 0.8346
 0.79595
 0.89694
 0.8348100000000001
 0.98254
 0.95224
 0.99893
 0.6202
 1.04922
 1.06035
 1.0625
 0.81376
 1
 0.98577
 1
 1
 0.6875
 1
 1.02481
 0
 0
 1
 1
 1
 0.76947
 0.85041
 0.84382
 0.83066
 0.8946
 0.94606
 0.8757
 0.8021200000000001
 0.8248799999999999
 0.9101399999999999
 0.84926
 0.861
 0.9386100000000001
 0.87017
 0.8825
 0.89194
 0.90182
 0.8836000000000001
 0.9083
 0.9648099999999999
 0.9269500000000001
 0.96182
 0.945
 0.93144
 0.92852
 0
 0
 1
 1
 1
 0.74347
 0.7428
 0.92357
 0.94414
 0.93837
 0.87059
 0.86891
 0.89206
 0.91168
 0.91894
 0.9387
 0.9067499999999999
 0.9101
 0.91499
 0.93357
 0.94511
 0.9452199999999999
 0.94963
 0.95203
 0.96077
 0.97758
 0.98021
 0.95368
 0.95186
 0.95382
 0
 0
 1
 1
 1
 1
 1
 1
 1
 1
 1
 1
 1
 1
 1
 1
 1
 1
 1
 1
 1
 1
 1
 1
 1
 1
 1
 1
 1
 1
 0
 0
 1
 1
 1
 0.59641
 0.66508
 1.17451
 1.04983
 1.16003
 0.8289
 0.75942
 0.96599
 0.8316
 0.90007
 0.88636
 0.92059
 0.83257
 0.8456900000000001
 0.84956
 0.99409
 1.04864
 0.9692499999999999
 0.98834
 0.86842
 1
 1
 0.88154
 1
 0.87115
 0
 0
 1
 1
 1
 0.78876
 0.95853
 0.92299
 0.8404
 0.91948
 0.84505
 1.00828
 0.81242
 0.82279
 0.88571
 0.96229
 0.9967
 1.03841
 0.96378
 0.82586
 0.8411999999999999
 0.92414
 0.87385
 1.05651
 0.9817399999999999
 1.01574
 1.05719
 1.01357
 0.97148
 0.94214
 0
 0
 0
 0
 0
 0
 0
 0
 0
 0
 0
 0
 0
 0
 0
 0
 0
 0
 0
 0
 0
 0
 0
 0
 0
 0
 0
 0
 0
 0
 0
 0
 0
 0
 0
 0
 0
 0
 0
 0
 0
 0
 0
 0
 0
 0
 0
 0
 0
 0
 0
 0
 0
 0
 0
 0
 0
 0
 0
 0
 0
 0
 0
 0
 0
 0
 0
 0
 0
 0
 0
 0
 0
 0
 0
 0
 0
 0
 0
 0
 0
 0
 0
 0
 0
 0
 0
 0
 0
 0
 0
 0
 0
 0
 0
 0
 0
 0
 0
 0
 0
 0
 0
 0
 0
 0
 0
 0
 0
 0
 0
 0
 0
 0
 0
 0
 0
 0
 0
 0
 0
 0
 0
 0
 0
 0
 0
 0
 0
 0
 0
 0
 0
 0
 0
 0
 0
 0
 0
 0
 0
 0
 0
 0
 0
 0
 0
 0
 0
 0
 0
 0
 1
 1
 1
 1
 1
 1
 1
 1
 1
 1
 1
 1
 1
 1
 1
 1
 1
 1
 1
 1
 1
 1
 1
 1
 1
 1
 1
 1
 0
 0
 0
 0
 0
 0
 0
 0
 0
 0
 0
 0
 0
 0
 0
 0
 0
 0
 0
 0
 0
 0
 0
 0
 0
 0
 0
 0
 0
 0
 0
 0
 0
 0
 0
 0
 0
 0
 0
 0
 0
 0
 0
 0
 0
 0
 0
 0
 0
 0
 0
 0
 0
 0
 0
 0
 0
 0
 0
 0


# name: vars
# type: matrix
# ndims: 3
 1 30 19
 0
 0
 0.070074
 0.061199
 0.050088
 0.032079
 0.045995
 0.032246
 0.02043
 0.025762
 0.028073
 0.025502
 0.012929
 0.0177
 0.018627
 0.013134
 0.010542
 0.015285
 0.010658
 0.006082
 0.011988
 0.013187
 0.008009
 0.01224
 0.003398
 0.007031
 0.003982
 0.014936
 0.003152
 0.012308
 0
 0
 0
 0
 0
 0.3
 0.075
 0
 0
 0
 0.075
 0.2
 0.18889
 0.07778
 0.03333
 0.03333
 0.02639
 0.01875
 0.02639
 0.01875
 0.0155
 0.0155
 0.0155
 0.0155
 0.012
 0.00556
 0.00556
 0.01022
 0.008330000000000001
 0.008330000000000001
 0
 0
 0
 0
 0
 0
 0
 0
 0
 0
 0
 0
 0
 0
 0
 0
 0
 0
 0
 0
 0
 0
 0
 0
 0
 0
 0
 0
 0
 0
 0
 0
 0
 0
 0
 0.045109
 0.046514
 0.004746
 0.003419
 0.002013
 0.024074
 0.031275
 0.022925
 0.022754
 0.015875
 0.014886
 0.024763
 0.023197
 0.016322
 0.011483
 0.009639999999999999
 0.008969
 0.009088000000000001
 0.009462999999999999
 0.009431999999999999
 0.005173
 0.00421
 0.008215999999999999
 0.008255999999999999
 0.006342
 0
 0
 0
 0
 0
 0
 0
 0
 0
 0
 0
 0
 0
 0
 0
 0
 0
 0
 0
 0
 0
 0
 0
 0
 0
 0
 0
 0
 0
 0
 0
 0
 0
 0
 0
 0
 0
 0
 0
 0
 0
 0
 0
 0
 0
 0
 0
 0
 0
 0
 0
 0
 0
 0
 0
 0
 0
 0
 0
 0
 0
 0
 0
 0
 0
 0
 0
 0
 0
 0
 0
 0
 0
 0
 0
 0
 0
 0
 0
 0
 0
 0
 0
 0
 0
 0
 0
 0
 0
 0
 0
 0
 0
 0
 0
 0.037423
 0.030564
 0.017375
 0.011306
 0.013873
 0.019716
 0.021354
 0.023167
 0.017318
 0.018524
 0.011722
 0.02255
 0.018731
 0.016387
 0.014804
 0.010194
 0.007816999999999999
 0.008959999999999999
 0.008651000000000001
 0.004917
 0.004722
 0.002316
 0.007636
 0.006535
 0.007894999999999999
 0
 0
 0
 0
 0
 0
 0
 0
 0
 0
 0
 0
 0
 0
 0
 0
 0
 0
 0
 0
 0
 0
 0
 0
 0
 0
 0
 0
 0
 0
 0
 0
 0
 0
 0
 0
 0
 0
 0
 0
 0
 0
 0
 0
 0
 0
 0
 0
 0
 0
 0
 0
 0
 0
 0
 0
 0
 0
 0
 0
 0
 0
 0
 0
 0
 0
 0
 0
 0
 0
 0
 0
 0
 0
 0
 0
 0
 0
 0
 0
 0
 0
 0
 0
 0
 0
 0
 0
 0
 0
 0
 0
 0
 0
 0
 0
 0
 0
 0
 0
 0
 0
 0
 0
 0
 0
 0
 0
 0
 0
 0
 0
 0
 0
 0
 0
 0
 0
 0
 0
 0
 0
 0
 0
 0
 0
 0
 0
 0
 0
 0
 0
 0
 0
 0
 0
 0
 0
 0
 0
 0
 0
 0
 0
 0
 0
 0
 0
 0
 0
 0
 0
 0
 0
 0
 0
 0
 0
 0
 0
 0
 0
 0
 0
 0
 0
 0
 0
 0
 0
 0
 0
 0
 0
 0
 0
 0
 0
 0
 0
 0
 0
 0
 0
 0
 0
 0
 0
 0
 0
 0
 0
 0
 0
 0
 0
 0
 0
 0
 0
 0
 0
 0
 0
 0
 0
 0
 0
 0
 0
 0
 0
 0
 0
 0
 0
 0
 0
 0
 0
 0
 0
 0
 0
 0
 0
 0
 0
 0
 0
 0
 0
 0
 0
 0
 0
 0
 0
 0
 0
 0
 0
 0
 0
 0
 0
 0
 0
 0
 0
 0
 0
 0
 0
 0
 0
 0
 0
 0
 0
 0
 0
 0
 0
 0
 0
 0
 0
 0
 0
 0
 0
 0
 0
 0
 0
 0
 0
 0
 0
 0
 0
 0
 0
 0
 0
 0
 0
 0
 0
 0
 0
 0
 0
 0
 0
 0
 0
 0
 0
 0
 0
 0
 0
 0
 0
 0
 0
 0
 0
 0
 0
 0
 0
 0
 0
 0
 0
 0
 0
 0
 0
 0
 0
 0
 0
 0
 0
 0
 0


