# Created by Octave 4.0.0, Sat Nov 21 16:32:08 2015 W. Europe Standard Time <unknown@Florian-PC>
# name: mus
# type: matrix
# ndims: 3
 1 30 19
 0
 0
 0.49373
 0.49495
 0.53671
 0.53788
 0.6240599999999999
 0.66837
 0.69886
 0.65641
 0.64268
 0.66667
 0.70359
 0.76339
 0.81026
 0.79167
 0.73771
 0.85101
 0.80952
 0.76579
 0.7594
 0.77273
 0.81302
 0.83073
 0.84
 0.85282
 0.89707
 0.9324
 0.93496
 0.92564
 0
 0
 1
 1
 0.6
 0.7
 0.7
 0.3
 0.2
 0.6
 0.56667
 0.7
 0.76667
 0.5
 0.46667
 0.58333
 0.65
 0.66667
 0.8
 0.85
 0.85
 0.8
 0.76
 0.71
 0.76
 0.80667
 0.81333
 0.71333
 0.76667
 0.8
 0
 0
 1
 1
 0.58026
 0.68498
 0.60294
 0.56168
 0.62558
 0.68403
 0.73478
 0.74295
 0.71955
 0.7106
 0.67149
 0.69001
 0.76544
 0.73144
 0.7041500000000001
 0.66362
 0.758
 0.74873
 0.72546
 0.84697
 0.79833
 0.82222
 0.83257
 0.85498
 0.85641
 0.839
 0
 0
 1
 1
 0.58585
 0.80267
 0.68546
 0.53229
 0.56337
 0.6734
 0.73692
 0.72235
 0.75673
 0.59597
 0.6561
 0.75783
 0.82198
 0.77766
 0.83887
 0.87614
 0.87339
 0.90083
 0.8211000000000001
 0.84771
 0.85656
 0.8831599999999999
 0.86241
 0.87682
 0.89176
 0.92167
 0
 0
 1
 1
 0.8
 0.66667
 0.71429
 0.375
 0.5555600000000001
 0.5
 0.81818
 0.75
 0.84615
 0.33333
 0.6
 0.33333
 1
 0
 1
 1
 1
 0
 1
 1
 1
 1
 1
 1
 1
 0
 0
 0
 1
 1
 0.675
 0.66667
 0.77262
 0.41071
 0.54067
 0.57143
 0.84659
 0.75985
 0.8557
 0.49893
 0.60267
 0.58203
 0.90739
 0.52906
 0.96058
 0.71543
 1.06864
 0.63196
 0.87439
 0.94878
 0.82795
 0.97085
 0.94555
 1
 1
 0.6875
 0
 0
 1
 1
 0.88097
 0.73829
 0.61783
 0.59574
 0.60605
 0.63826
 0.66778
 0.6817
 0.75345
 0.7462
 0.69385
 0.7415
 0.79517
 0.73815
 0.74125
 0.7844
 0.84219
 0.83965
 0.83092
 0.84105
 0.83253
 0.83702
 0.8774999999999999
 0.83874
 0.8428600000000001
 0.85137
 0
 0
 1
 1
 0.50989
 0.71148
 0.5599
 0.52668
 0.54582
 0.6605
 0.72886
 0.73467
 0.68568
 0.63224
 0.65652
 0.71666
 0.76822
 0.71806
 0.78447
 0.84097
 0.83648
 0.84238
 0.78385
 0.84781
 0.84106
 0.87185
 0.85598
 0.85361
 0.85316
 0.88003
 0
 0
 1
 1
 1
 1
 1
 1
 1
 1
 1
 1
 1
 1
 1
 1
 1
 1
 1
 1
 1
 1
 1
 1
 1
 1
 1
 1
 1
 1
 0
 0
 1
 1
 0.52
 0.65337
 0.6438700000000001
 0.40887
 0.43426
 0.74955
 0.77567
 0.69214
 0.68307
 0.55916
 0.60015
 0.73009
 0.6713
 0.64896
 0.8448600000000001
 0.81669
 1.00694
 0.77681
 0.88609
 0.7128100000000001
 0.80768
 0.8285400000000001
 0.74785
 0.99169
 1
 0.87115
 0
 0
 1
 1
 0.91331
 0.78727
 0.63711
 0.62736
 0.75687
 0.6876100000000001
 0.70929
 0.6936600000000001
 0.73681
 0.6916099999999999
 0.7093
 0.8295
 0.78778
 0.86073
 0.81245
 0.87734
 0.8411999999999999
 0.75473
 0.80716
 0.90462
 0.8583
 0.9510999999999999
 0.80471
 0.91835
 0.83876
 0.94639
 0
 0
 0
 0
 0
 0
 0
 0
 0
 0
 0
 0
 0
 0
 0
 0
 0
 0
 0
 0
 0
 0
 0
 0
 0
 0
 0
 0
 0
 0
 0
 0
 0
 0
 0
 0
 0
 0
 0
 0
 0
 0
 0
 0
 0
 0
 0
 0
 0
 0
 0
 0
 0
 0
 0
 0
 0
 0
 0
 0
 0
 0
 0
 0
 0
 0
 0
 0
 0
 0
 0
 0
 0
 0
 0
 0
 0
 0
 0
 0
 0
 0
 0
 0
 0
 0
 0
 0
 0
 0
 0
 0
 0
 0
 0
 0
 0
 0
 0
 0
 0
 0
 0
 0
 0
 0
 0
 0
 0
 0
 0
 0
 0
 0
 0
 0
 0
 0
 0
 0
 0
 0
 0
 0
 0
 0
 0
 0
 0
 0
 0
 0
 0
 0
 0
 0
 0
 0
 0
 0
 0
 0
 0
 0
 0
 0
 0
 0
 0
 0
 0
 0
 1
 1
 1
 1
 1
 1
 1
 1
 1
 1
 1
 1
 1
 1
 1
 1
 1
 1
 1
 1
 1
 1
 1
 1
 1
 1
 1
 1
 0
 0
 0
 0
 0
 0
 0
 0
 0
 0
 0
 0
 0
 0
 0
 0
 0
 0
 0
 0
 0
 0
 0
 0
 0
 0
 0
 0
 0
 0
 0
 0
 0
 0
 0
 0
 0
 0
 0
 0
 0
 0
 0
 0
 0
 0
 0
 0
 0
 0
 0
 0
 0
 0
 0
 0
 0
 0
 0
 0


# name: vars
# type: matrix
# ndims: 3
 1 30 19
 0
 0
 0.09865599999999999
 0.065025
 0.052866
 0.049398
 0.040548
 0.0264
 0.023218
 0.024103
 0.025048
 0.019097
 0.013939
 0.011494
 0.009490999999999999
 0.012455
 0.009877
 0.009520000000000001
 0.00678
 0.009459
 0.013221
 0.010695
 0.007762
 0.006821
 0.005257
 0.007979
 0.002106
 0.001481
 0.002587
 0.002621
 0
 0
 0
 0
 0.3
 0.2
 0.2
 0.2
 0.075
 0.175
 0.18889
 0.08889
 0.05
 0.08333
 0.14444
 0.09028
 0.06389
 0.01042
 0.04375
 0.01875
 0.01875
 0.08
 0.09425
 0.0505
 0.028
 0.02022
 0.03422
 0.03756
 0.05
 0.03333
 0
 0
 0
 0
 0
 0
 0
 0
 0
 0
 0
 0
 0
 0
 0
 0
 0
 0
 0
 0
 0
 0
 0
 0
 0
 0
 0
 0
 0
 0
 0
 0
 0
 0
 0.057478
 0.053948
 0.08272
 0.07681399999999999
 0.084703
 0.07011000000000001
 0.054748
 0.051998
 0.040854
 0.049293
 0.049924
 0.040046
 0.029829
 0.037577
 0.027388
 0.022518
 0.021842
 0.016111
 0.027713
 0.025315
 0.021071
 0.01939
 0.023845
 0.020774
 0.017237
 0.01335
 0
 0
 0
 0
 0
 0
 0
 0
 0
 0
 0
 0
 0
 0
 0
 0
 0
 0
 0
 0
 0
 0
 0
 0
 0
 0
 0
 0
 0
 0
 0
 0
 0
 0
 0
 0
 0
 0
 0
 0
 0
 0
 0
 0
 0
 0
 0
 0
 0
 0
 0
 0
 0
 0
 0
 0
 0
 0
 0
 0
 0
 0
 0
 0
 0
 0
 0
 0
 0
 0
 0
 0
 0
 0
 0
 0
 0
 0
 0
 0
 0
 0
 0
 0
 0
 0
 0
 0
 0
 0
 0
 0
 0
 0
 0.054581
 0.056953
 0.056649
 0.037176
 0.056384
 0.042382
 0.037745
 0.040009
 0.04637
 0.044122
 0.051522
 0.045269
 0.043379
 0.045182
 0.038408
 0.035008
 0.037761
 0.038001
 0.045438
 0.027326
 0.031254
 0.025127
 0.031437
 0.031887
 0.034607
 0.025544
 0
 0
 0
 0
 0
 0
 0
 0
 0
 0
 0
 0
 0
 0
 0
 0
 0
 0
 0
 0
 0
 0
 0
 0
 0
 0
 0
 0
 0
 0
 0
 0
 0
 0
 0
 0
 0
 0
 0
 0
 0
 0
 0
 0
 0
 0
 0
 0
 0
 0
 0
 0
 0
 0
 0
 0
 0
 0
 0
 0
 0
 0
 0
 0
 0
 0
 0
 0
 0
 0
 0
 0
 0
 0
 0
 0
 0
 0
 0
 0
 0
 0
 0
 0
 0
 0
 0
 0
 0
 0
 0
 0
 0
 0
 0
 0
 0
 0
 0
 0
 0
 0
 0
 0
 0
 0
 0
 0
 0
 0
 0
 0
 0
 0
 0
 0
 0
 0
 0
 0
 0
 0
 0
 0
 0
 0
 0
 0
 0
 0
 0
 0
 0
 0
 0
 0
 0
 0
 0
 0
 0
 0
 0
 0
 0
 0
 0
 0
 0
 0
 0
 0
 0
 0
 0
 0
 0
 0
 0
 0
 0
 0
 0
 0
 0
 0
 0
 0
 0
 0
 0
 0
 0
 0
 0
 0
 0
 0
 0
 0
 0
 0
 0
 0
 0
 0
 0
 0
 0
 0
 0
 0
 0
 0
 0
 0
 0
 0
 0
 0
 0
 0
 0
 0
 0
 0
 0
 0
 0
 0
 0
 0
 0
 0
 0
 0
 0
 0
 0
 0
 0
 0
 0
 0
 0
 0
 0
 0
 0
 0
 0
 0
 0
 0
 0
 0
 0
 0
 0
 0
 0
 0
 0
 0
 0
 0
 0
 0
 0
 0
 0
 0
 0
 0
 0
 0
 0
 0
 0
 0
 0
 0
 0
 0
 0
 0
 0
 0
 0
 0
 0
 0
 0
 0
 0
 0
 0
 0
 0
 0
 0
 0
 0
 0
 0
 0
 0
 0
 0
 0
 0
 0
 0
 0
 0
 0
 0
 0
 0
 0
 0
 0
 0
 0
 0
 0
 0
 0
 0
 0
 0
 0
 0
 0
 0
 0
 0
 0
 0
 0
 0
 0
 0
 0
 0
 0
 0
 0
 0
 0


