# Created by Octave 4.0.0, Sat Nov 21 16:32:06 2015 W. Europe Standard Time <unknown@Florian-PC>
# name: mus
# type: matrix
# ndims: 3
 1 30 19
 0
 0
 0.56391
 0.65152
 0.6430399999999999
 0.7096
 0.6817
 0.79082
 0.78535
 0.74615
 0.74495
 0.83586
 0.85051
 0.7889
 0.80385
 0.85417
 0.8670099999999999
 0.84722
 0.85965
 0.83684
 0.84461
 0.82197
 0.82722
 0.82422
 0.79733
 0.78718
 0.80976
 0.78699
 0.8096
 0.8025600000000001
 0
 0
 0.33333
 0.25
 0.6
 0.2
 0.7
 0.6
 0.6
 0.8
 0.83333
 0.76667
 0.76667
 0.76667
 0.8
 0.8833299999999999
 0.66667
 0.68333
 0.8
 0.75
 0.76
 0.78
 0.79
 0.77
 0.8
 0.82
 0.84667
 0.8666700000000001
 0.84667
 0.8666700000000001
 0
 0
 0.58839
 0.59295
 0.71834
 0.63
 0.66826
 0.64516
 0.80636
 0.6922700000000001
 0.87385
 0.85067
 0.7071499999999999
 0.77123
 0.81437
 0.78433
 0.6424800000000001
 0.74702
 0.7264699999999999
 0.74318
 0.78033
 0.77412
 0.81323
 0.7951
 0.82345
 0.81343
 0.82644
 0.8194399999999999
 0.83847
 0.84006
 0
 0
 0.19446
 0.59724
 0.67501
 0.68558
 0.75014
 0.6918800000000001
 0.8022
 0.79012
 0.8118
 0.84973
 0.75342
 0.81753
 0.8256
 0.8043400000000001
 0.67125
 0.76096
 0.76613
 0.76806
 0.78161
 0.7826
 0.83649
 0.83513
 0.82894
 0.84778
 0.87892
 0.90859
 0.89322
 0.89203
 0
 0
 0.33333
 0.5
 0.4
 0.16667
 0.71429
 0.75
 0.5555600000000001
 0.4
 0.45455
 0.66667
 0.69231
 0.88889
 1
 1
 0.5
 1
 0
 1
 1
 1
 1
 0
 1
 1
 1
 0
 1
 1
 0
 0
 0.5
 0.6666800000000001
 0.53335
 0.37085
 0.72024
 0.79286
 0.6503
 0.64485
 0.67374
 0.74722
 0.66457
 0.91842
 1.00741
 0.98389
 0.53757
 0.80307
 0.48539
 0.9248
 0.90817
 0.99121
 0.84091
 0.64584
 0.82795
 1.03934
 1.03527
 0.66667
 1.02804
 1
 0
 0
 0.57859
 0.96083
 0.71171
 0.75559
 0.73008
 0.71182
 0.81355
 0.86391
 0.8081700000000001
 0.89845
 0.89227
 0.76048
 0.80279
 0.83643
 0.71592
 0.73599
 0.78772
 0.8637
 0.81536
 0.81877
 0.79155
 0.92357
 0.8325399999999999
 0.87917
 0.84617
 0.86373
 0.87448
 0.84632
 0
 0
 0.19446
 0.64157
 0.6025700000000001
 0.60268
 0.69541
 0.66005
 0.77742
 0.8411
 0.82335
 0.82307
 0.73273
 0.78094
 0.82189
 0.80083
 0.67989
 0.74202
 0.78224
 0.77879
 0.7872
 0.78714
 0.8331499999999999
 0.8345399999999999
 0.83565
 0.83526
 0.8778899999999999
 0.88374
 0.88419
 0.88027
 0
 0
 1
 1
 1
 1
 1
 1
 1
 1
 1
 1
 1
 1
 1
 1
 1
 1
 1
 1
 1
 1
 1
 1
 1
 1
 1
 1
 1
 1
 0
 0
 0.5
 0.71567
 0.50835
 0.42016
 0.57848
 0.56457
 0.80287
 0.73592
 0.75981
 0.78101
 0.63729
 0.7625999999999999
 0.95173
 0.769
 0.64441
 0.6627999999999999
 0.83265
 0.86174
 0.72371
 0.79243
 0.99136
 0.90216
 0.80766
 0.8943
 0.88773
 0.99154
 0.87622
 0.99285
 0
 0
 0.57859
 0.95684
 0.79235
 0.86597
 0.81367
 0.80308
 0.8680600000000001
 0.79158
 0.8669
 1.01788
 0.87025
 0.96347
 0.76387
 0.92218
 0.81213
 0.74733
 0.76838
 0.78717
 0.87921
 0.96577
 0.82035
 0.9351
 0.9782999999999999
 0.8207
 0.9456
 0.93977
 0.8363699999999999
 0.86533
 0
 0
 0
 0
 0
 0
 0
 0
 0
 0
 0
 0
 0
 0
 0
 0
 0
 0
 0
 0
 0
 0
 0
 0
 0
 0
 0
 0
 0
 0
 0
 0
 0
 0
 0
 0
 0
 0
 0
 0
 0
 0
 0
 0
 0
 0
 0
 0
 0
 0
 0
 0
 0
 0
 0
 0
 0
 0
 0
 0
 0
 0
 0
 0
 0
 0
 0
 0
 0
 0
 0
 0
 0
 0
 0
 0
 0
 0
 0
 0
 0
 0
 0
 0
 0
 0
 0
 0
 0
 0
 0
 0
 0
 0
 0
 0
 0
 0
 0
 0
 0
 0
 0
 0
 0
 0
 0
 0
 0
 0
 0
 0
 0
 0
 0
 0
 0
 0
 0
 0
 0
 0
 0
 0
 0
 0
 0
 0
 0
 0
 0
 0
 0
 0
 0
 0
 0
 0
 0
 0
 0
 0
 0
 0
 0
 0
 0
 0
 0
 0
 0
 0
 1
 1
 1
 1
 1
 1
 1
 1
 1
 1
 1
 1
 1
 1
 1
 1
 1
 1
 1
 1
 1
 1
 1
 1
 1
 1
 1
 1
 0
 0
 0
 0
 0
 0
 0
 0
 0
 0
 0
 0
 0
 0
 0
 0
 0
 0
 0
 0
 0
 0
 0
 0
 0
 0
 0
 0
 0
 0
 0
 0
 0
 0
 0
 0
 0
 0
 0
 0
 0
 0
 0
 0
 0
 0
 0
 0
 0
 0
 0
 0
 0
 0
 0
 0
 0
 0
 0
 0


# name: vars
# type: matrix
# ndims: 3
 1 30 19
 0
 0
 0.071011
 0.059717
 0.049919
 0.033599
 0.047389
 0.021086
 0.014584
 0.013603
 0.018805
 0.012797
 0.008854000000000001
 0.012756
 0.012118
 0.009398
 0.011078
 0.009094
 0.009788
 0.006345
 0.006007
 0.004026
 0.005562
 0.00538
 0.004907
 0.013919
 0.007782
 0.018665
 0.004751
 0.00416
 0
 0
 0.33333
 0.25
 0.3
 0.2
 0.2
 0.175
 0.175
 0.075
 0.05556
 0.05
 0.05
 0.05
 0.03333
 0.02639
 0.07292
 0.16806
 0.10625
 0.03125
 0.03175
 0.02075
 0.0605
 0.0945
 0.06
 0.042
 0.02756
 0.04722
 0.06756
 0.04722
 0
 0
 0
 0
 0
 0
 0
 0
 0
 0
 0
 0
 0
 0
 0
 0
 0
 0
 0
 0
 0
 0
 0
 0
 0
 0
 0
 0
 0
 0
 0
 0
 0.1059
 0.08703
 0.05993
 0.0711
 0.06072
 0.06561
 0.0492
 0.03942
 0.04142
 0.03298
 0.04739
 0.03732
 0.03445
 0.0373
 0.04207
 0.0401
 0.03799
 0.03391
 0.03557
 0.03483
 0.02557
 0.02598
 0.0286
 0.02441
 0.01884
 0.01556
 0.02133
 0.01939
 0
 0
 0
 0
 0
 0
 0
 0
 0
 0
 0
 0
 0
 0
 0
 0
 0
 0
 0
 0
 0
 0
 0
 0
 0
 0
 0
 0
 0
 0
 0
 0
 0
 0
 0
 0
 0
 0
 0
 0
 0
 0
 0
 0
 0
 0
 0
 0
 0
 0
 0
 0
 0
 0
 0
 0
 0
 0
 0
 0
 0
 0
 0
 0
 0
 0
 0
 0
 0
 0
 0
 0
 0
 0
 0
 0
 0
 0
 0
 0
 0
 0
 0
 0
 0
 0
 0
 0
 0
 0
 0
 0
 0.1059
 0.07481
 0.05409
 0.04187
 0.04607
 0.03723
 0.02567
 0.02204
 0.02046
 0.02901
 0.03128
 0.03138
 0.03134
 0.04297
 0.03951
 0.03847
 0.03514
 0.02907
 0.03183
 0.03525
 0.02329
 0.02936
 0.02496
 0.02828
 0.02093
 0.02238
 0.02273
 0.02161
 0
 0
 0
 0
 0
 0
 0
 0
 0
 0
 0
 0
 0
 0
 0
 0
 0
 0
 0
 0
 0
 0
 0
 0
 0
 0
 0
 0
 0
 0
 0
 0
 0
 0
 0
 0
 0
 0
 0
 0
 0
 0
 0
 0
 0
 0
 0
 0
 0
 0
 0
 0
 0
 0
 0
 0
 0
 0
 0
 0
 0
 0
 0
 0
 0
 0
 0
 0
 0
 0
 0
 0
 0
 0
 0
 0
 0
 0
 0
 0
 0
 0
 0
 0
 0
 0
 0
 0
 0
 0
 0
 0
 0
 0
 0
 0
 0
 0
 0
 0
 0
 0
 0
 0
 0
 0
 0
 0
 0
 0
 0
 0
 0
 0
 0
 0
 0
 0
 0
 0
 0
 0
 0
 0
 0
 0
 0
 0
 0
 0
 0
 0
 0
 0
 0
 0
 0
 0
 0
 0
 0
 0
 0
 0
 0
 0
 0
 0
 0
 0
 0
 0
 0
 0
 0
 0
 0
 0
 0
 0
 0
 0
 0
 0
 0
 0
 0
 0
 0
 0
 0
 0
 0
 0
 0
 0
 0
 0
 0
 0
 0
 0
 0
 0
 0
 0
 0
 0
 0
 0
 0
 0
 0
 0
 0
 0
 0
 0
 0
 0
 0
 0
 0
 0
 0
 0
 0
 0
 0
 0
 0
 0
 0
 0
 0
 0
 0
 0
 0
 0
 0
 0
 0
 0
 0
 0
 0
 0
 0
 0
 0
 0
 0
 0
 0
 0
 0
 0
 0
 0
 0
 0
 0
 0
 0
 0
 0
 0
 0
 0
 0
 0
 0
 0
 0
 0
 0
 0
 0
 0
 0
 0
 0
 0
 0
 0
 0
 0
 0
 0
 0
 0
 0
 0
 0
 0
 0
 0
 0
 0
 0
 0
 0
 0
 0
 0
 0
 0
 0
 0
 0
 0
 0
 0
 0
 0
 0
 0
 0
 0
 0
 0
 0
 0
 0
 0
 0
 0
 0
 0
 0
 0
 0
 0
 0
 0
 0
 0
 0
 0
 0
 0
 0
 0
 0
 0
 0
 0
 0
 0


