# Created by Octave 4.0.0, Sat Nov 21 16:32:20 2015 W. Europe Standard Time <unknown@Florian-PC>
# name: mus
# type: matrix
# ndims: 3
 1 30 19
 0
 0
 0.59649
 0.36869
 0.5392400000000001
 0.51515
 0.51378
 0.52806
 0.51389
 0.51795
 0.51641
 0.5303
 0.52744
 0.5248699999999999
 0.52436
 0.52083
 0.52032
 0.52652
 0.49373
 0.51579
 0.5388500000000001
 0.52146
 0.66212
 0.77344
 0.74133
 0.83692
 0.81975
 0.86224
 0.86864
 0.9
 0
 0
 0.66667
 1
 1
 1
 1
 1
 1
 0.9
 1
 1
 1
 1
 1
 1
 1
 1
 1
 1
 1
 1
 0.96
 0.84
 0.92
 0.88
 0.88
 0.8666700000000001
 0.8666700000000001
 0.93333
 0
 0
 0.60908
 0.91068
 0.86244
 0.96775
 0.95872
 0.93152
 0.91087
 0.9325
 0.94873
 0.9591499999999999
 0.9137
 0.97524
 0.95296
 0.97585
 0.95584
 1
 0.98001
 0.99396
 0.98858
 0.99149
 0.9588
 0.91237
 0.92181
 0.92406
 0.95181
 0.93611
 0.95384
 0.96167
 0
 0
 0.82918
 0.90283
 0.77049
 0.86485
 0.92802
 0.9396099999999999
 0.89777
 0.86758
 0.89203
 0.90898
 0.91046
 0.93404
 0.94304
 0.94882
 0.94131
 0.9555399999999999
 0.96133
 0.9672500000000001
 0.96404
 0.9639
 0.9242899999999999
 0.8515200000000001
 0.86064
 0.84008
 0.8477
 0.83858
 0.84709
 0.85594
 0
 0
 0.66667
 1
 1
 1
 1
 1
 0.88889
 0.9
 1
 1
 1
 1
 1
 1
 1
 1
 1
 1
 1
 1
 1
 0
 1
 1
 1
 1
 1
 1
 0
 0
 0.68016
 0.7790899999999999
 0.84831
 0.90265
 0.97617
 0.99368
 0.975
 0.95779
 0.89489
 0.98344
 0.85085
 0.94136
 0.9843499999999999
 0.99015
 0.90811
 0.99842
 0.9465
 0.99857
 0.92445
 0.94701
 0.88098
 0.81458
 0.91552
 0.791
 0.81269
 0.82733
 0.89833
 0.8426900000000001
 0
 0
 0.57859
 0.82253
 0.713
 0.8801099999999999
 0.8346
 0.86619
 0.81677
 0.92618
 0.87569
 0.88809
 0.87466
 0.88861
 0.8942
 0.94557
 0.91479
 0.92381
 0.94645
 0.96194
 0.89406
 0.94096
 0.91917
 0.87202
 0.85994
 0.90542
 0.85387
 0.8166099999999999
 0.84918
 0.83547
 0
 0
 0.8294899999999999
 0.85001
 0.68752
 0.8217
 0.8859399999999999
 0.90204
 0.88744
 0.87151
 0.9003
 0.90732
 0.9026
 0.9251200000000001
 0.93881
 0.9478
 0.94025
 0.96304
 0.96526
 0.97478
 0.9732
 0.97633
 0.93719
 0.86313
 0.8741100000000001
 0.85392
 0.85762
 0.85001
 0.85968
 0.86878
 0
 0
 0.99999
 0.99999
 1
 1
 1
 1
 1
 1
 0.99824
 0.99942
 0.99202
 0.98853
 0.98419
 0.97524
 0.9769600000000001
 0.9688
 0.9612000000000001
 0.96596
 0.96365
 0.9583
 0.95142
 0.9616400000000001
 0.95912
 0.95841
 0.95946
 0.94783
 0.94182
 0.94676
 0
 0
 0.78493
 0.79362
 0.7024899999999999
 0.97134
 0.97516
 0.9960599999999999
 0.9827399999999999
 0.9013600000000001
 0.91146
 0.9670299999999999
 0.89406
 0.94163
 0.92465
 0.93405
 0.9452700000000001
 0.97256
 0.96366
 0.9721
 0.97686
 0.99952
 0.93021
 0.91537
 0.86392
 0.84072
 0.87361
 0.83891
 0.92553
 0.85863
 0
 0
 0.57859
 0.84318
 0.71356
 0.87348
 0.81418
 0.8464699999999999
 0.82967
 0.80799
 0.89945
 0.8794
 0.86185
 0.96752
 0.89398
 0.9668099999999999
 0.88235
 0.89996
 0.91882
 0.92765
 0.988
 0.93325
 0.9226
 0.86436
 0.8728900000000001
 0.86948
 0.85055
 0.86861
 0.86141
 0.84581
 0
 0
 0
 0
 0
 0
 0
 0
 0
 0
 0
 0
 0
 0
 0
 0
 0
 0
 0
 0
 0
 0
 0
 0
 0
 0
 0
 0
 0
 0
 0
 0
 0
 0
 0
 0
 0
 0
 0
 0
 0
 0
 0
 0
 0
 0
 0
 0
 0
 0
 0
 0
 0
 0
 0
 0
 0
 0
 0
 0
 0
 0
 0
 0
 0
 0
 0
 0
 0
 0
 0
 0
 0
 0
 0
 0
 0
 0
 0
 0
 0
 0
 0
 0
 0
 0
 0
 0
 0
 0
 0
 0
 0
 0
 0
 0
 0
 0
 0
 0
 0
 0
 0
 0
 0
 0
 0
 0
 0
 0
 0
 0
 0
 0
 0
 0
 0
 0
 0
 0
 0
 0
 0
 0
 0
 0
 0
 0
 0
 0
 0
 0
 0
 0
 0
 0
 0
 0
 0
 0
 0
 0
 0
 0
 0
 0
 0
 0
 0
 0
 0
 0
 1
 1
 1
 1
 1
 1
 1
 1
 0.99961
 0.99746
 0.99625
 0.98033
 0.9707
 0.96762
 0.97567
 0.97324
 0.9677
 0.96706
 0.96531
 0.95674
 0.96336
 0.96003
 0.95727
 0.95927
 0.95717
 0.95103
 0.9386
 0.94911
 0
 0
 0
 0
 0
 0
 0
 0
 0
 0
 0
 0
 0
 0
 0
 0
 0
 0
 0
 0
 0
 0
 0
 0
 0
 0
 0
 0
 0
 0
 0
 0
 0
 0
 0
 0
 0
 0
 0
 0
 0
 0
 0
 0
 0
 0
 0
 0
 0
 0
 0
 0
 0
 0
 0
 0
 0
 0
 0
 0


