# Created by Octave 4.0.0, Sat Nov 21 16:32:18 2015 W. Europe Standard Time <unknown@Florian-PC>
# name: mus
# type: matrix
# ndims: 3
 1 30 19
 0
 0
 0.54637
 0.65909
 0.71646
 0.67298
 0.71679
 0.71939
 0.70202
 0.71795
 0.73737
 0.71717
 0.71718
 0.79337
 0.76154
 0.82552
 0.79625
 0.83081
 0.85464
 0.85263
 0.82206
 0.85859
 0.86189
 0.85547
 0.86133
 0.84615
 0.8612300000000001
 0.86735
 0.86126
 0.85641
 0
 0
 0.66667
 0.25
 0.4
 0.7
 0.6
 0.6
 0.4
 0.5
 0.2
 0.36667
 0.56667
 0.43333
 0.4
 0.36667
 0.4
 0.33333
 0.36667
 0.5
 0.27
 0.45
 0.53
 0.47
 0.6
 0.64667
 0.6333299999999999
 0.60667
 0.58667
 0.8
 0
 0
 0.81036
 0.55393
 0.66889
 0.75979
 0.7271300000000001
 0.70306
 0.58053
 0.64821
 0.59965
 0.5254
 0.58728
 0.46013
 0.56423
 0.53757
 0.51935
 0.43671
 0.62094
 0.58667
 0.54087
 0.52407
 0.53311
 0.55547
 0.6523
 0.59356
 0.61211
 0.58941
 0.66465
 0.70322
 0
 0
 0.61112
 0.6146
 0.48418
 0.75503
 0.66384
 0.63745
 0.69715
 0.62806
 0.63062
 0.65929
 0.68548
 0.54355
 0.6760699999999999
 0.53354
 0.60686
 0.54971
 0.65225
 0.5472399999999999
 0.55567
 0.63426
 0.62999
 0.64333
 0.62534
 0.64554
 0.66086
 0.67259
 0.66442
 0.65555
 0
 0
 1
 0
 0.6
 0.83333
 0.42857
 0.625
 0.5555600000000001
 0.8
 0.27273
 0.58333
 0.53846
 0.44444
 0.8
 0.33333
 1
 0
 0
 0
 0
 1
 0
 0
 0
 1
 1
 0
 1
 1
 0
 0
 1.40003
 0.27779
 0.825
 0.91667
 0.52202
 0.68393
 0.58185
 0.7877
 0.44186
 0.6434299999999999
 0.6133999999999999
 0.47558
 0.7307
 0.44058
 0.81707
 0.31679
 0.28005
 0.40951
 0.34741
 0.89037
 0.27527
 0.36014
 0.5156500000000001
 0.7613799999999999
 0.53603
 0.45837
 0.64602
 0.70802
 0
 0
 0.78929
 0.70919
 0.96471
 0.80163
 0.81046
 0.73139
 0.73758
 0.71297
 0.64536
 0.63448
 0.65937
 0.58129
 0.6297
 0.61817
 0.63851
 0.62913
 0.6628500000000001
 0.6374300000000001
 0.6311099999999999
 0.62196
 0.67789
 0.64937
 0.6403
 0.64453
 0.64664
 0.68275
 0.67913
 0.7262999999999999
 0
 0
 0.61112
 0.6434
 0.63656
 0.70748
 0.68094
 0.71792
 0.762
 0.67825
 0.60194
 0.58289
 0.6714
 0.57072
 0.6355499999999999
 0.55364
 0.60629
 0.55418
 0.59327
 0.54737
 0.54138
 0.59214
 0.59075
 0.58077
 0.62042
 0.62871
 0.63101
 0.62968
 0.65004
 0.63515
 0
 0
 1
 1
 1
 1
 1
 1
 1
 1
 1
 1
 1
 1
 1
 1
 1
 1
 1
 1
 1
 1
 1
 1
 1
 1
 1
 1
 1
 1
 0
 0
 1.40003
 0.34315
 0.99999
 0.88947
 0.56991
 0.75832
 0.62352
 0.59716
 0.49447
 0.51896
 0.72222
 0.50586
 0.53315
 0.63262
 0.61217
 0.51533
 0.66091
 0.66751
 0.50261
 0.62007
 0.54541
 0.59751
 0.68593
 0.89936
 0.30679
 0.9832
 0.49617
 0.74104
 0
 0
 0.78929
 0.70919
 1.00303
 0.81677
 0.86452
 0.7703
 0.81662
 0.79822
 0.85297
 0.78348
 0.67562
 0.59124
 0.78412
 0.78354
 0.67946
 0.6061800000000001
 0.68497
 0.6457000000000001
 0.68279
 0.67693
 0.68662
 0.62353
 0.65385
 0.66762
 0.6607
 0.70883
 0.65321
 0.72073
 0
 0
 0
 0
 0
 0
 0
 0
 0
 0
 0
 0
 0
 0
 0
 0
 0
 0
 0
 0
 0
 0
 0
 0
 0
 0
 0
 0
 0
 0
 0
 0
 0
 0
 0
 0
 0
 0
 0
 0
 0
 0
 0
 0
 0
 0
 0
 0
 0
 0
 0
 0
 0
 0
 0
 0
 0
 0
 0
 0
 0
 0
 0
 0
 0
 0
 0
 0
 0
 0
 0
 0
 0
 0
 0
 0
 0
 0
 0
 0
 0
 0
 0
 0
 0
 0
 0
 0
 0
 0
 0
 0
 0
 0
 0
 0
 0
 0
 0
 0
 0
 0
 0
 0
 0
 0
 0
 0
 0
 0
 0
 0
 0
 0
 0
 0
 0
 0
 0
 0
 0
 0
 0
 0
 0
 0
 0
 0
 0
 0
 0
 0
 0
 0
 0
 0
 0
 0
 0
 0
 0
 0
 0
 0
 0
 0
 0
 0
 0
 0
 0
 0
 1
 1
 1
 1
 1
 1
 1
 1
 1
 1
 1
 1
 1
 1
 1
 1
 1
 1
 1
 1
 1
 1
 1
 1
 1
 1
 1
 1
 0
 0
 0
 0
 0
 0
 0
 0
 0
 0
 0
 0
 0
 0
 0
 0
 0
 0
 0
 0
 0
 0
 0
 0
 0
 0
 0
 0
 0
 0
 0
 0
 0
 0
 0
 0
 0
 0
 0
 0
 0
 0
 0
 0
 0
 0
 0
 0
 0
 0
 0
 0
 0
 0
 0
 0
 0
 0
 0
 0


# name: vars
# type: matrix
# ndims: 3
 1 30 19
 0
 0
 0.083061
 0.054151
 0.041649
 0.034254
 0.022953
 0.025736
 0.020541
 0.020985
 0.018785
 0.022109
 0.018599
 0.02167
 0.012506
 0.009164
 0.012294
 0.013368
 0.007176
 0.006798
 0.0438
 0.007993999999999999
 0.004781
 0.00483
 0.004312
 0.00634
 0.004167
 0.007737
 0.004885
 0.002479
 0
 0
 0.33333
 0.25
 0.3
 0.2
 0.175
 0.175
 0.175
 0.25
 0.2
 0.17222
 0.07778
 0.02222
 0.07778
 0.06111
 0.09514
 0.09722
 0.07847
 0.125
 0.04575
 0.08
 0.042
 0.0445
 0.06
 0.09089
 0.09222
 0.03244
 0.03478
 0.03333
 0
 0
 0
 0
 0
 0
 0
 0
 0
 0
 0
 0
 0
 0
 0
 0
 0
 0
 0
 0
 0
 0
 0
 0
 0
 0
 0
 0
 0
 0
 0
 0
 0.22048
 0.10018
 0.03806
 0.07753
 0.07802000000000001
 0.08049000000000001
 0.06775
 0.06798999999999999
 0.05978
 0.05322
 0.05694
 0.04908
 0.04861
 0.04649
 0.04972
 0.05394
 0.04774
 0.04578
 0.04712
 0.04686
 0.04196
 0.04317
 0.04577
 0.04069
 0.03782
 0.03956
 0.04061
 0.03899
 0
 0
 0
 0
 0
 0
 0
 0
 0
 0
 0
 0
 0
 0
 0
 0
 0
 0
 0
 0
 0
 0
 0
 0
 0
 0
 0
 0
 0
 0
 0
 0
 0
 0
 0
 0
 0
 0
 0
 0
 0
 0
 0
 0
 0
 0
 0
 0
 0
 0
 0
 0
 0
 0
 0
 0
 0
 0
 0
 0
 0
 0
 0
 0
 0
 0
 0
 0
 0
 0
 0
 0
 0
 0
 0
 0
 0
 0
 0
 0
 0
 0
 0
 0
 0
 0
 0
 0
 0
 0
 0
 0
 0.22048
 0.08541
 0.04597
 0.04175
 0.04634
 0.0545
 0.04005
 0.04388
 0.03909
 0.05572
 0.04138
 0.05007
 0.05592
 0.0482
 0.04636
 0.05374
 0.05464
 0.05831
 0.06602
 0.06054
 0.06723999999999999
 0.06313000000000001
 0.05807
 0.06074
 0.06271
 0.06512
 0.06875000000000001
 0.07316
 0
 0
 0
 0
 0
 0
 0
 0
 0
 0
 0
 0
 0
 0
 0
 0
 0
 0
 0
 0
 0
 0
 0
 0
 0
 0
 0
 0
 0
 0
 0
 0
 0
 0
 0
 0
 0
 0
 0
 0
 0
 0
 0
 0
 0
 0
 0
 0
 0
 0
 0
 0
 0
 0
 0
 0
 0
 0
 0
 0
 0
 0
 0
 0
 0
 0
 0
 0
 0
 0
 0
 0
 0
 0
 0
 0
 0
 0
 0
 0
 0
 0
 0
 0
 0
 0
 0
 0
 0
 0
 0
 0
 0
 0
 0
 0
 0
 0
 0
 0
 0
 0
 0
 0
 0
 0
 0
 0
 0
 0
 0
 0
 0
 0
 0
 0
 0
 0
 0
 0
 0
 0
 0
 0
 0
 0
 0
 0
 0
 0
 0
 0
 0
 0
 0
 0
 0
 0
 0
 0
 0
 0
 0
 0
 0
 0
 0
 0
 0
 0
 0
 0
 0
 0
 0
 0
 0
 0
 0
 0
 0
 0
 0
 0
 0
 0
 0
 0
 0
 0
 0
 0
 0
 0
 0
 0
 0
 0
 0
 0
 0
 0
 0
 0
 0
 0
 0
 0
 0
 0
 0
 0
 0
 0
 0
 0
 0
 0
 0
 0
 0
 0
 0
 0
 0
 0
 0
 0
 0
 0
 0
 0
 0
 0
 0
 0
 0
 0
 0
 0
 0
 0
 0
 0
 0
 0
 0
 0
 0
 0
 0
 0
 0
 0
 0
 0
 0
 0
 0
 0
 0
 0
 0
 0
 0
 0
 0
 0
 0
 0
 0
 0
 0
 0
 0
 0
 0
 0
 0
 0
 0
 0
 0
 0
 0
 0
 0
 0
 0
 0
 0
 0
 0
 0
 0
 0
 0
 0
 0
 0
 0
 0
 0
 0
 0
 0
 0
 0
 0
 0
 0
 0
 0
 0
 0
 0
 0
 0
 0
 0
 0
 0
 0
 0
 0
 0
 0
 0
 0
 0
 0
 0
 0
 0
 0
 0
 0
 0
 0
 0
 0
 0
 0
 0
 0
 0
 0
 0
 0
 0


