# Created by Octave 4.0.0, Sat Nov 21 16:31:59 2015 W. Europe Standard Time <unknown@Florian-PC>
# name: mus
# type: matrix
# ndims: 3
 1 30 19
 0
 0
 0.49875
 0.49495
 0.49367
 0.42803
 0.40351
 0.45408
 0.46338
 0.44872
 0.44381
 0.47727
 0.49333
 0.54337
 0.55128
 0.54427
 0.52543
 0.57323
 0.6240599999999999
 0.60526
 0.62155
 0.70455
 0.71668
 0.73177
 0.744
 0.78872
 0.79004
 0.8227
 0.82217
 0.84359
 0
 0
 1
 1
 1
 0.7
 0.5
 0.5
 0.7
 0.7
 0.76667
 0.83333
 0.8
 0.7
 0.73333
 0.75
 0.78333
 0.7
 0.7
 0.75
 0.8
 0.77
 0.71
 0.71
 0.64
 0.60667
 0.62
 0.68667
 0.66667
 0.6333299999999999
 0
 0
 1
 1
 1
 0.81036
 0.71672
 0.56985
 0.64496
 0.72625
 0.7184
 0.79225
 0.75391
 0.69698
 0.72661
 0.78344
 0.7871
 0.79232
 0.81755
 0.85538
 0.8111
 0.80902
 0.84393
 0.85034
 0.74703
 0.76609
 0.78573
 0.7563800000000001
 0.81904
 0.79089
 0
 0
 1
 1
 1
 0.73846
 0.64637
 0.54689
 0.6425999999999999
 0.6673
 0.71234
 0.75482
 0.74588
 0.69114
 0.72223
 0.74625
 0.75647
 0.73069
 0.74321
 0.76
 0.77516
 0.74239
 0.7352
 0.74646
 0.69402
 0.68354
 0.68631
 0.7049800000000001
 0.71005
 0.67103
 0
 0
 1
 1
 1
 0.83333
 0.42857
 0.25
 0.66667
 0.8
 0.81818
 0.83333
 0.61538
 0.77778
 0.8
 1
 1
 0
 1
 1
 0
 1
 1
 0
 0
 1
 1
 1
 1
 1
 0
 0
 1
 1
 1
 0.74922
 0.61864
 0.47593
 0.62378
 0.65918
 0.70846
 0.744
 0.72153
 0.68153
 0.70792
 0.84441
 0.73645
 0.67603
 0.7154199999999999
 0.76495
 0.73813
 0.77179
 0.73887
 0.6997
 0.65693
 0.65366
 0.72194
 0.63766
 0.73397
 0.65784
 0
 0
 1
 1
 1
 0.77798
 0.79167
 0.60164
 0.64536
 0.71975
 0.73967
 0.776
 0.75709
 0.71755
 0.7634
 0.76029
 0.7629
 0.79901
 0.79016
 0.76591
 0.86837
 0.8018
 0.74615
 0.82385
 0.74724
 0.74673
 0.73625
 0.81771
 0.68881
 0.75863
 0
 0
 1
 1
 1
 0.71477
 0.65587
 0.54174
 0.60393
 0.66099
 0.70888
 0.74178
 0.75186
 0.71461
 0.73068
 0.76493
 0.77645
 0.7569399999999999
 0.74654
 0.77133
 0.78966
 0.74335
 0.74019
 0.74172
 0.6976
 0.67789
 0.69414
 0.69622
 0.70705
 0.66796
 0
 0
 0.99958
 1
 1
 1
 1
 1
 0.99781
 1
 0.99555
 1
 0.98863
 0.99107
 0.9809600000000001
 0.97861
 0.97626
 0.9741300000000001
 0.96755
 0.96762
 0.97268
 0.96651
 0.95672
 0.9548
 0.95983
 0.96773
 0.95008
 0.95056
 0.96079
 0.94526
 0
 0
 1
 1
 1
 0.79276
 0.66529
 0.50501
 0.62513
 0.62491
 0.6871
 0.71907
 0.75797
 0.70763
 0.74102
 0.74835
 0.79152
 0.73661
 0.7291800000000001
 0.77444
 0.79231
 0.72886
 0.7364000000000001
 0.76115
 0.69334
 0.66394
 0.75782
 0.67405
 0.7167
 0.67604
 0
 0
 1
 1
 1
 0.78511
 0.75041
 0.63279
 0.63936
 0.6695
 0.7063700000000001
 0.72807
 0.72979
 0.67693
 0.80852
 0.74127
 0.83453
 0.7582100000000001
 0.77202
 0.82773
 0.81955
 0.78828
 0.76373
 0.7735
 0.73792
 0.7329
 0.7295199999999999
 0.75022
 0.73572
 0.74166
 0
 0
 0
 0
 0
 0
 0
 0
 0
 0
 0
 0
 0
 0
 0
 0
 0
 0
 0
 0
 0
 0
 0
 0
 0
 0
 0
 0
 0
 0
 0
 0
 0
 0
 0
 0
 0
 0
 0
 0
 0
 0
 0
 0
 0
 0
 0
 0
 0
 0
 0
 0
 0
 0
 0
 0
 0
 0
 0
 0
 0
 0
 0
 0
 0
 0
 0
 0
 0
 0
 0
 0
 0
 0
 0
 0
 0
 0
 0
 0
 0
 0
 0
 0
 0
 0
 0
 0
 0
 0
 0
 0
 0
 0
 0
 0
 0
 0
 0
 0
 0
 0
 0
 0
 0
 0
 0
 0
 0
 0
 0
 0
 0
 0
 0
 0
 0
 0
 0
 0
 0
 0
 0
 0
 0
 0
 0
 0
 0
 0
 0
 0
 0
 0
 0
 0
 0
 0
 0
 0
 0
 0
 0
 0
 0
 0
 0
 0
 0
 0
 0
 0
 0.99996
 1
 1
 1
 1
 1
 0.99626
 1
 0.99998
 0.99999
 0.99521
 0.98472
 0.98156
 0.97442
 0.97394
 0.9709100000000001
 0.96637
 0.96158
 0.96952
 0.97077
 0.95194
 0.95639
 0.96023
 0.96189
 0.9585399999999999
 0.95028
 0.95843
 0.9526
 0
 0
 0
 0
 0
 0
 0
 0
 0
 0
 0
 0
 0
 0
 0
 0
 0
 0
 0
 0
 0
 0
 0
 0
 0
 0
 0
 0
 0
 0
 0
 0
 0
 0
 0
 0
 0
 0
 0
 0
 0
 0
 0
 0
 0
 0
 0
 0
 0
 0
 0
 0
 0
 0
 0
 0
 0
 0
 0
 0


# name: vars
# type: matrix
# ndims: 3
 1 30 19
 0
 0
 0.090276
 0.075229
 0.064447
 0.032882
 0.041635
 0.02454
 0.021812
 0.023617
 0.046886
 0.026594
 0.018003
 0.019403
 0.027221
 0.008314999999999999
 0.009450999999999999
 0.007462
 0.016977
 0.00886
 0.015237
 0.018048
 0.013871
 0.010409
 0.007726
 0.008401
 0.003833
 0.001691
 0.002743
 0.002849
 0
 0
 0
 0
 0
 0.2
 0.25
 0.25
 0.2
 0.2
 0.10556
 0.05556
 0.08889
 0.08889
 0.07778
 0.02083
 0.04722
 0.05764
 0.04375
 0.03125
 0.04375
 0.032
 0.0905
 0.0505
 0.048
 0.08356
 0.04422
 0.09089
 0.09722
 0.075
 0
 0
 0
 0
 0
 0
 0
 0
 0
 0
 0
 0
 0
 0
 0
 0
 0
 0
 0
 0
 0
 0
 0
 0
 0
 0
 0
 0
 0
 0
 0
 0
 0
 0
 0
 0.019214
 0.008666999999999999
 0.009601
 0.010416
 0.009242999999999999
 0.006869
 0.006582
 0.005258
 0.005264
 0.003888
 0.003339
 0.003664
 0.003073
 0.003054
 0.003186
 0.002799
 0.002669
 0.002541
 0.002664
 0.002396
 0.002274
 0.001902
 0.002535
 0.002206
 0.002037
 0
 0
 3.3263e-007
 5.4132e-013
 1.8341e-014
 4.0488e-023
 2.2623e-031
 3.2282e-030
 1.0015e-032
 6.396e-029
 1.0686e-028
 2.7852e-030
 1.0393e-028
 2.6433e-006
 9.720199999999999e-010
 6.4666e-006
 1.3456e-006
 1.9682e-012
 2.6308e-011
 6.2315e-005
 1.3469e-009
 0.00014055
 3.3058e-005
 0.00044008
 0.00034579
 5.209e-005
 0.0001689
 2.9729e-008
 6.9875e-006
 6.1441e-006
 0
 0
 0
 0
 0
 0
 0
 0
 0
 0
 0
 0
 0
 0
 0
 0
 0
 0
 0
 0
 0
 0
 0
 0
 0
 0
 0
 0
 0
 0
 0
 0
 0
 0
 0
 0
 0
 0
 0
 0
 0
 0
 0
 0
 0
 0
 0
 0
 0
 0
 0
 0
 0
 0
 0
 0
 0
 0
 0
 0
 0
 0
 0
 0
 0
 0.030735
 0.00689
 0.012912
 0.012012
 0.014342
 0.013987
 0.012779
 0.011704
 0.011806
 0.007438
 0.007294
 0.008260999999999999
 0.008251
 0.008840000000000001
 0.008768
 0.007259
 0.004778
 0.007663
 0.006769
 0.006193
 0.007665
 0.007688
 0.01214
 0.008729000000000001
 0.008699
 0
 0
 1e-006
 0
 0
 0
 0
 0
 0.000387
 0
 0.002394
 0
 0.003952
 0.00197
 0.003871
 0.003888
 0.006474
 0.005611
 0.006455
 0.006611
 0.005492
 0.006667
 0.010627
 0.010268
 0.007854
 0.005111
 0.01141
 0.013311
 0.008055
 0.013197
 0
 0
 0
 0
 0
 0
 0
 0
 0
 0
 0
 0
 0
 0
 0
 0
 0
 0
 0
 0
 0
 0
 0
 0
 0
 0
 0
 0
 0
 0
 0
 0
 0
 0
 0
 0
 0
 0
 0
 0
 0
 0
 0
 0
 0
 0
 0
 0
 0
 0
 0
 0
 0
 0
 0
 0
 0
 0
 0
 0
 0
 0
 0
 0
 0
 0
 0
 0
 0
 0
 0
 0
 0
 0
 0
 0
 0
 0
 0
 0
 0
 0
 0
 0
 0
 0
 0
 0
 0
 0
 0
 0
 0
 0
 0
 0
 0
 0
 0
 0
 0
 0
 0
 0
 0
 0
 0
 0
 0
 0
 0
 0
 0
 0
 0
 0
 0
 0
 0
 0
 0
 0
 0
 0
 0
 0
 0
 0
 0
 0
 0
 0
 0
 0
 0
 0
 0
 0
 0
 0
 0
 0
 0
 0
 0
 0
 0
 0
 0
 0
 0
 0
 0
 0
 0
 0
 0
 0
 0
 0
 0
 0
 0
 0
 0
 0
 0
 0
 0
 0
 0
 0
 0
 0
 0
 0
 0
 0
 0
 0
 0
 0
 0
 0
 0
 0
 0
 0
 0
 0
 0
 0
 0
 0
 0
 0
 0
 0
 0
 0
 0
 0
 0
 0
 0
 0
 0
 0
 0
 0
 0
 0
 0
 0
 0
 0
 0
 0
 0.00108
 0
 0
 0
 0.001392
 0.003737
 0.004087
 0.005822
 0.005486
 0.007192
 0.007816999999999999
 0.007822000000000001
 0.00773
 0.00579
 0.012119
 0.008722000000000001
 0.008061
 0.006449
 0.008307
 0.012789
 0.009304
 0.010548
 0
 0
 0
 0
 0
 0
 0
 0
 0
 0
 0
 0
 0
 0
 0
 0
 0
 0
 0
 0
 0
 0
 0
 0
 0
 0
 0
 0
 0
 0
 0
 0
 0
 0
 0
 0
 0
 0
 0
 0
 0
 0
 0
 0
 0
 0
 0
 0
 0
 0
 0
 0
 0
 0
 0
 0
 0
 0
 0
 0


