# Created by Octave 4.0.0, Sat Nov 21 16:32:16 2015 W. Europe Standard Time <unknown@Florian-PC>
# name: mus
# type: matrix
# ndims: 3
 1 30 19
 0
 0
 0.49373
 0.6994899999999999
 0.51899
 0.50379
 0.5087699999999999
 0.52041
 0.51894
 0.56667
 0.62563
 0.6792899999999999
 0.69103
 0.71301
 0.68846
 0.69792
 0.67377
 0.67424
 0.62657
 0.64211
 0.61153
 0.66162
 0.67633
 0.66667
 0.65067
 0.82769
 0.86472
 0.86607
 0.86391
 0.84872
 0
 0
 1
 0.5
 1
 0.6
 0.9
 0.7
 0.8
 0.4
 0.53333
 0.5
 0.6
 0.56667
 0.73333
 0.6333299999999999
 0.66667
 0.83333
 0.73333
 0.7
 0.71
 0.8100000000000001
 0.84
 0.74
 0.8
 0.66
 0.66
 0.82667
 0.79333
 0.53333
 0
 0
 1
 0.71089
 0.88548
 0.69764
 0.77036
 0.72329
 0.6533099999999999
 0.68424
 0.532
 0.49791
 0.6392099999999999
 0.64668
 0.66165
 0.63163
 0.6649
 0.70391
 0.68143
 0.69441
 0.7240799999999999
 0.70789
 0.7637699999999999
 0.7415
 0.7522799999999999
 0.63532
 0.69742
 0.73928
 0.67361
 0.64339
 0
 0
 1
 0.7014
 1
 0.72358
 0.8631799999999999
 0.82687
 0.8236599999999999
 0.58483
 0.62249
 0.56382
 0.66793
 0.65962
 0.70035
 0.64904
 0.71311
 0.73217
 0.7157
 0.71241
 0.6849499999999999
 0.68286
 0.74934
 0.74251
 0.77494
 0.63627
 0.68718
 0.68712
 0.69363
 0.66698
 0
 0
 1
 0.75
 1
 0.83333
 0.71429
 0.625
 0.88889
 0.3
 0.63636
 0.5
 0.46154
 0.5555600000000001
 0.6
 0.33333
 1
 1
 1
 1
 1
 0
 1
 0
 0
 1
 0
 0
 1
 1
 0
 0
 1
 0.88889
 1.175
 0.775
 0.74643
 0.64286
 0.99802
 0.46637
 0.63864
 0.54798
 0.5248
 0.57363
 0.62512
 0.44693
 0.85988
 0.87473
 0.80884
 0.92841
 0.8045600000000001
 0.47572
 0.64331
 0.47026
 0.58856
 0.80838
 0.60419
 0.625
 0.8742799999999999
 0.93576
 0
 0
 1
 0.6641899999999999
 0.73706
 0.72842
 0.78283
 0.79055
 0.8301500000000001
 0.68648
 0.61572
 0.66843
 0.66153
 0.67427
 0.66479
 0.67767
 0.7008799999999999
 0.71779
 0.83512
 0.79631
 0.70282
 0.80138
 0.76122
 0.7974599999999999
 0.736
 0.76468
 0.78504
 0.72515
 0.76007
 0.75461
 0
 0
 1
 0.71447
 0.98136
 0.7269
 0.82537
 0.77898
 0.82061
 0.61781
 0.62629
 0.54543
 0.66335
 0.63851
 0.73632
 0.67453
 0.6968299999999999
 0.71379
 0.70114
 0.7229100000000001
 0.71038
 0.71841
 0.74648
 0.75865
 0.76696
 0.62803
 0.63872
 0.65201
 0.69202
 0.67841
 0
 0
 1
 1
 1
 1
 1
 1
 1
 1
 1
 1
 1
 1
 1
 1
 1
 1
 1
 1
 1
 1
 1
 1
 1
 1
 1
 1
 1
 1
 0
 0
 1
 0.84804
 1.0431
 0.5808
 0.83364
 0.71899
 0.95505
 0.62614
 0.55162
 0.48197
 0.62286
 0.59265
 0.61955
 0.5934199999999999
 0.61765
 0.64214
 0.77259
 0.67178
 0.66921
 0.73294
 0.79416
 0.71248
 0.6870000000000001
 0.74744
 0.7478399999999999
 0.5980799999999999
 0.58427
 0.7482799999999999
 0
 0
 1
 0.67178
 0.72699
 0.73264
 0.71082
 0.71269
 0.8489100000000001
 0.7398400000000001
 0.6805099999999999
 0.62182
 0.9041
 0.89157
 0.76883
 0.9258999999999999
 0.81712
 0.63391
 0.72593
 0.65783
 0.79802
 0.92211
 0.82152
 0.7109
 0.8296
 0.86166
 0.72303
 0.71158
 0.73384
 0.76167
 0
 0
 0
 0
 0
 0
 0
 0
 0
 0
 0
 0
 0
 0
 0
 0
 0
 0
 0
 0
 0
 0
 0
 0
 0
 0
 0
 0
 0
 0
 0
 0
 0
 0
 0
 0
 0
 0
 0
 0
 0
 0
 0
 0
 0
 0
 0
 0
 0
 0
 0
 0
 0
 0
 0
 0
 0
 0
 0
 0
 0
 0
 0
 0
 0
 0
 0
 0
 0
 0
 0
 0
 0
 0
 0
 0
 0
 0
 0
 0
 0
 0
 0
 0
 0
 0
 0
 0
 0
 0
 0
 0
 0
 0
 0
 0
 0
 0
 0
 0
 0
 0
 0
 0
 0
 0
 0
 0
 0
 0
 0
 0
 0
 0
 0
 0
 0
 0
 0
 0
 0
 0
 0
 0
 0
 0
 0
 0
 0
 0
 0
 0
 0
 0
 0
 0
 0
 0
 0
 0
 0
 0
 0
 0
 0
 0
 0
 0
 0
 0
 0
 0
 1
 1
 1
 1
 1
 1
 1
 1
 1
 1
 1
 1
 1
 1
 1
 1
 1
 1
 1
 1
 1
 1
 1
 1
 1
 1
 1
 1
 0
 0
 0
 0
 0
 0
 0
 0
 0
 0
 0
 0
 0
 0
 0
 0
 0
 0
 0
 0
 0
 0
 0
 0
 0
 0
 0
 0
 0
 0
 0
 0
 0
 0
 0
 0
 0
 0
 0
 0
 0
 0
 0
 0
 0
 0
 0
 0
 0
 0
 0
 0
 0
 0
 0
 0
 0
 0
 0
 0


# name: vars
# type: matrix
# ndims: 3
 1 30 19
 0
 0
 0.080137
 0.05227
 0.053866
 0.030434
 0.031354
 0.024965
 0.022243
 0.018596
 0.021148
 0.013507
 0.019229
 0.014218
 0.020173
 0.012455
 0.007499
 0.023308
 0.02712
 0.008684000000000001
 0.033324
 0.015611
 0.009261999999999999
 0.01088
 0.007192
 0.006549
 0.00273
 0.00141
 0.002802
 0.007521
 0
 0
 0
 0.33333
 0
 0.3
 0.05
 0.2
 0.075
 0.05
 0.00556
 0.01389
 0.18889
 0.02222
 0.02222
 0.06111
 0.07292
 0.02431
 0.03264
 0.04375
 0.0455
 0.043
 0.048
 0.058
 0.04
 0.058
 0.058
 0.04189
 0.07467
 0.075
 0
 0
 0
 0
 0
 0
 0
 0
 0
 0
 0
 0
 0
 0
 0
 0
 0
 0
 0
 0
 0
 0
 0
 0
 0
 0
 0
 0
 0
 0
 0
 0
 0
 0.10077
 0
 0.06428
 0.03249
 0.03915
 0.04442
 0.05853
 0.05979
 0.05519
 0.0596
 0.04717
 0.04232
 0.04832
 0.04551
 0.04231
 0.04115
 0.0415
 0.04577
 0.04272
 0.03387
 0.03737
 0.03645
 0.04372
 0.04446
 0.03884
 0.04199
 0.04336
 0
 0
 0
 0
 0
 0
 0
 0
 0
 0
 0
 0
 0
 0
 0
 0
 0
 0
 0
 0
 0
 0
 0
 0
 0
 0
 0
 0
 0
 0
 0
 0
 0
 0
 0
 0
 0
 0
 0
 0
 0
 0
 0
 0
 0
 0
 0
 0
 0
 0
 0
 0
 0
 0
 0
 0
 0
 0
 0
 0
 0
 0
 0
 0
 0
 0
 0
 0
 0
 0
 0
 0
 0
 0
 0
 0
 0
 0
 0
 0
 0
 0
 0
 0
 0
 0
 0
 0
 0
 0
 0
 0
 0
 0.067161
 0.004166
 0.059688
 0.024923
 0.031125
 0.022468
 0.053113
 0.035597
 0.044816
 0.032598
 0.036453
 0.029886
 0.043422
 0.039816
 0.033051
 0.043267
 0.040218
 0.041495
 0.046876
 0.039901
 0.043148
 0.040557
 0.043838
 0.064375
 0.063538
 0.053604
 0.058716
 0
 0
 0
 0
 0
 0
 0
 0
 0
 0
 0
 0
 0
 0
 0
 0
 0
 0
 0
 0
 0
 0
 0
 0
 0
 0
 0
 0
 0
 0
 0
 0
 0
 0
 0
 0
 0
 0
 0
 0
 0
 0
 0
 0
 0
 0
 0
 0
 0
 0
 0
 0
 0
 0
 0
 0
 0
 0
 0
 0
 0
 0
 0
 0
 0
 0
 0
 0
 0
 0
 0
 0
 0
 0
 0
 0
 0
 0
 0
 0
 0
 0
 0
 0
 0
 0
 0
 0
 0
 0
 0
 0
 0
 0
 0
 0
 0
 0
 0
 0
 0
 0
 0
 0
 0
 0
 0
 0
 0
 0
 0
 0
 0
 0
 0
 0
 0
 0
 0
 0
 0
 0
 0
 0
 0
 0
 0
 0
 0
 0
 0
 0
 0
 0
 0
 0
 0
 0
 0
 0
 0
 0
 0
 0
 0
 0
 0
 0
 0
 0
 0
 0
 0
 0
 0
 0
 0
 0
 0
 0
 0
 0
 0
 0
 0
 0
 0
 0
 0
 0
 0
 0
 0
 0
 0
 0
 0
 0
 0
 0
 0
 0
 0
 0
 0
 0
 0
 0
 0
 0
 0
 0
 0
 0
 0
 0
 0
 0
 0
 0
 0
 0
 0
 0
 0
 0
 0
 0
 0
 0
 0
 0
 0
 0
 0
 0
 0
 0
 0
 0
 0
 0
 0
 0
 0
 0
 0
 0
 0
 0
 0
 0
 0
 0
 0
 0
 0
 0
 0
 0
 0
 0
 0
 0
 0
 0
 0
 0
 0
 0
 0
 0
 0
 0
 0
 0
 0
 0
 0
 0
 0
 0
 0
 0
 0
 0
 0
 0
 0
 0
 0
 0
 0
 0
 0
 0
 0
 0
 0
 0
 0
 0
 0
 0
 0
 0
 0
 0
 0
 0
 0
 0
 0
 0
 0
 0
 0
 0
 0
 0
 0
 0
 0
 0
 0
 0
 0
 0
 0
 0
 0
 0
 0
 0
 0
 0
 0
 0
 0
 0
 0
 0
 0
 0
 0
 0
 0
 0
 0
 0


