# Created by Octave 4.0.0, Sat Nov 21 16:32:01 2015 W. Europe Standard Time <unknown@Florian-PC>
# name: mus
# type: matrix
# ndims: 3
 1 30 19
 0
 0
 0.49373
 0.40657
 0.42025
 0.48359
 0.64912
 0.68367
 0.68876
 0.59487
 0.6673
 0.64141
 0.62256
 0.69133
 0.78205
 0.76042
 0.83717
 0.8106100000000001
 0.84211
 0.82368
 0.83709
 0.81692
 0.81188
 0.85156
 0.84
 0.83026
 0.86592
 0.85969
 0.82874
 0.8359
 0
 0
 1
 0.25
 0.6
 0.9
 0.6
 0.4
 0.6
 0.4
 0.33333
 0.7
 0.6333299999999999
 0.4
 0.4
 0.45
 0.56667
 0.53333
 0.6166700000000001
 0.65
 0.68
 0.64
 0.77
 0.67
 0.8
 0.80667
 0.7533300000000001
 0.81333
 0.8
 0.7
 0
 0
 1
 0.48881
 0.52436
 0.7203000000000001
 0.7138600000000001
 0.65655
 0.74294
 0.52343
 0.57618
 0.52264
 0.58047
 0.50664
 0.5926
 0.6188900000000001
 0.63631
 0.67371
 0.63867
 0.71856
 0.75915
 0.73132
 0.751
 0.74795
 0.76194
 0.75806
 0.77724
 0.7988499999999999
 0.78854
 0.81087
 0
 0
 1
 0.38462
 0.58336
 0.72014
 0.61398
 0.43968
 0.5573900000000001
 0.41879
 0.47069
 0.51639
 0.49929
 0.48486
 0.48742
 0.53651
 0.52795
 0.58434
 0.62186
 0.64622
 0.66845
 0.67505
 0.69353
 0.65817
 0.6710700000000001
 0.69103
 0.69713
 0.70823
 0.71376
 0.72785
 0
 0
 1
 0.75
 0.6
 0.83333
 0.57143
 0.5
 0.77778
 0.2
 0.45455
 0.5
 0.46154
 0.44444
 0.2
 0
 0
 1
 0
 1
 1
 0
 1
 1
 1
 1
 1
 1
 1
 1
 0
 0
 1
 0.51685
 0.55802
 0.65632
 0.56069
 0.45685
 0.53831
 0.39846
 0.4608
 0.49776
 0.48895
 0.47212
 0.468
 0.5041
 0.48672
 0.64747
 0.60245
 0.63942
 0.68005
 0.61531
 0.78933
 0.74146
 0.67364
 0.70122
 0.72018
 0.73851
 0.67962
 0.86827
 0
 0
 1
 0.6517500000000001
 0.70433
 0.76615
 0.69155
 0.64092
 0.6901
 0.62865
 0.59744
 0.69158
 0.66447
 0.63322
 0.63301
 0.65083
 0.66903
 0.71044
 0.68031
 0.69925
 0.71451
 0.68342
 0.76901
 0.68238
 0.72373
 0.75109
 0.75457
 0.81748
 0.77963
 0.8265
 0
 0
 1
 0.37072
 0.56493
 0.6260599999999999
 0.58717
 0.435
 0.54693
 0.42288
 0.45911
 0.49933
 0.48429
 0.48131
 0.51745
 0.56919
 0.54677
 0.60066
 0.63303
 0.66772
 0.67292
 0.68701
 0.70679
 0.66192
 0.68158
 0.7027
 0.69284
 0.69853
 0.71506
 0.7276
 0
 0
 0.99997
 1
 1
 1
 1
 1
 1
 1
 1
 1
 0.99032
 0.99136
 0.9867899999999999
 0.97095
 0.9781300000000001
 0.98032
 0.97209
 0.97178
 0.95538
 0.95979
 0.96275
 0.9516
 0.95568
 0.9559800000000001
 0.95278
 0.95012
 0.95004
 0.9353
 0
 0
 1
 0.59495
 0.48828
 0.59153
 0.54159
 0.44373
 0.54267
 0.41112
 0.4455
 0.47565
 0.47728
 0.47811
 0.49855
 0.52845
 0.53244
 0.56918
 0.6077
 0.6397699999999999
 0.79494
 0.67497
 0.80223
 0.64231
 0.7597699999999999
 0.68402
 0.67682
 0.76075
 0.69389
 0.71485
 0
 0
 1
 0.67531
 0.65165
 0.76632
 0.69148
 0.62779
 0.59946
 0.6425999999999999
 0.57864
 0.65241
 0.66321
 0.72637
 0.61143
 0.63501
 0.6777300000000001
 0.6801199999999999
 0.6614100000000001
 0.68818
 0.68254
 0.67996
 0.72419
 0.71144
 0.72764
 0.73231
 0.72753
 0.81181
 0.74239
 0.75909
 0
 0
 0
 0
 0
 0
 0
 0
 0
 0
 0
 0
 0
 0
 0
 0
 0
 0
 0
 0
 0
 0
 0
 0
 0
 0
 0
 0
 0
 0
 0
 0
 0
 0
 0
 0
 0
 0
 0
 0
 0
 0
 0
 0
 0
 0
 0
 0
 0
 0
 0
 0
 0
 0
 0
 0
 0
 0
 0
 0
 0
 0
 0
 0
 0
 0
 0
 0
 0
 0
 0
 0
 0
 0
 0
 0
 0
 0
 0
 0
 0
 0
 0
 0
 0
 0
 0
 0
 0
 0
 0
 0
 0
 0
 0
 0
 0
 0
 0
 0
 0
 0
 0
 0
 0
 0
 0
 0
 0
 0
 0
 0
 0
 0
 0
 0
 0
 0
 0
 0
 0
 0
 0
 0
 0
 0
 0
 0
 0
 0
 0
 0
 0
 0
 0
 0
 0
 0
 0
 0
 0
 0
 0
 0
 0
 0
 0
 0
 0
 0
 0
 0
 0.99997
 1
 1
 1
 0.99999
 1
 1
 1
 1
 1
 0.99282
 0.99195
 0.9692
 0.97074
 0.9811800000000001
 0.97685
 0.96861
 0.96383
 0.95784
 0.96118
 0.95936
 0.95257
 0.95562
 0.95369
 0.95729
 0.95064
 0.94067
 0.95267
 0
 0
 0
 0
 0
 0
 0
 0
 0
 0
 0
 0
 0
 0
 0
 0
 0
 0
 0
 0
 0
 0
 0
 0
 0
 0
 0
 0
 0
 0
 0
 0
 0
 0
 0
 0
 0
 0
 0
 0
 0
 0
 0
 0
 0
 0
 0
 0
 0
 0
 0
 0
 0
 0
 0
 0
 0
 0
 0
 0


