# Created by Octave 4.0.0, Sat Nov 21 16:32:04 2015 W. Europe Standard Time <unknown@Florian-PC>
# name: mus
# type: matrix
# ndims: 3
 1 30 19
 0
 0
 0.54887
 0.70455
 0.4962
 0.49369
 0.48622
 0.49235
 0.49116
 0.48974
 0.48422
 0.48737
 0.57564
 0.56824
 0.56667
 0.5651
 0.56635
 0.5606100000000001
 0.58647
 0.60526
 0.58647
 0.63636
 0.67747
 0.70964
 0.72533
 0.7723100000000001
 0.7471100000000001
 0.7436199999999999
 0.78365
 0.79231
 0
 0
 0.66667
 0.5
 0.4
 0.8
 0.4
 0.9
 0.9
 0.9
 0.9
 0.9
 0.8666700000000001
 0.8666700000000001
 0.8666700000000001
 0.8666700000000001
 0.76667
 0.83333
 0.85
 0.8
 0.8100000000000001
 0.8100000000000001
 0.79
 0.79
 0.84
 0.84667
 0.84667
 0.86
 0.86
 0.8666700000000001
 0
 0
 0.5033300000000001
 0.62403
 0.48815
 0.66778
 0.6967
 0.74815
 0.80004
 0.85449
 0.86382
 0.86291
 0.83351
 0.89344
 0.84423
 0.87892
 0.80549
 0.81419
 0.85367
 0.77236
 0.80466
 0.83004
 0.82891
 0.78817
 0.82477
 0.8179999999999999
 0.82525
 0.8688
 0.86695
 0.83328
 0
 0
 0.73228
 0.56734
 0.34643
 0.63504
 0.71614
 0.74522
 0.80211
 0.84572
 0.84927
 0.86829
 0.79377
 0.84032
 0.83014
 0.85372
 0.76759
 0.81899
 0.83002
 0.78632
 0.79053
 0.8103900000000001
 0.78435
 0.82642
 0.83891
 0.8344200000000001
 0.84694
 0.85181
 0.86564
 0.8376
 0
 0
 0.66667
 0.5
 0.8
 0.66667
 0.57143
 1
 0.88889
 0.8
 1
 0.66667
 0.92308
 0.88889
 1
 1
 1
 1
 1
 1
 0
 1
 1
 0
 1
 1
 1
 1
 0
 1
 0
 0
 0.45042
 0.4456
 0.6712
 0.60145
 0.65493
 0.86303
 0.77994
 0.7962
 0.90261
 0.81184
 0.8563499999999999
 0.87722
 0.9073099999999999
 0.90598
 0.7696
 0.85809
 0.88354
 0.86178
 0.70516
 0.8500799999999999
 0.71779
 0.72101
 0.8736699999999999
 0.91477
 0.8003400000000001
 0.91375
 0.80552
 0.92999
 0
 0
 0.36788
 0.28466
 0.4004
 0.56978
 0.68018
 0.89091
 0.72143
 0.74196
 0.85125
 0.8352000000000001
 0.7763600000000001
 0.7809199999999999
 0.87079
 0.8704499999999999
 0.79959
 0.78907
 0.79971
 0.77285
 0.7901899999999999
 0.80587
 0.8108300000000001
 0.78773
 0.78996
 0.79443
 0.84116
 0.7956299999999999
 0.80145
 0.81959
 0
 0
 0.74378
 0.54239
 0.33514
 0.6228399999999999
 0.68719
 0.67713
 0.73054
 0.80174
 0.80571
 0.82156
 0.73184
 0.77374
 0.78077
 0.79844
 0.73549
 0.77266
 0.78372
 0.73733
 0.74932
 0.75534
 0.73847
 0.75517
 0.76271
 0.74356
 0.76749
 0.7662600000000001
 0.79358
 0.77186
 0
 0
 0.85753
 0.9278
 0.93426
 0.9416600000000001
 0.93735
 0.92284
 0.91647
 0.91555
 0.91425
 0.90978
 0.92527
 0.91289
 0.91273
 0.91904
 0.9119
 0.91268
 0.90566
 0.90448
 0.90855
 0.9095299999999999
 0.9131
 0.90624
 0.90571
 0.90608
 0.89679
 0.90625
 0.91031
 0.90386
 0
 0
 0.65981
 0.42083
 0.56696
 0.54988
 0.81005
 0.81735
 0.76868
 0.78047
 0.89434
 0.8817199999999999
 0.86613
 0.90044
 0.90788
 0.80662
 0.82267
 0.82956
 0.85054
 0.7726
 0.78045
 0.81817
 0.75119
 0.82567
 0.82955
 0.80924
 0.82845
 0.87258
 0.9048
 0.82687
 0
 0
 0.36788
 0.29444
 0.52871
 0.58911
 0.54834
 0.79042
 0.69713
 0.76896
 0.8259
 0.84929
 0.7641
 0.74039
 0.77381
 0.79776
 0.8506899999999999
 0.76091
 0.71185
 0.75653
 0.78162
 0.78266
 0.88731
 0.80883
 0.78087
 0.76886
 0.78533
 0.78515
 0.79752
 0.79333
 0
 0
 0
 0
 0
 0
 0
 0
 0
 0
 0
 0
 0
 0
 0
 0
 0
 0
 0
 0
 0
 0
 0
 0
 0
 0
 0
 0
 0
 0
 0
 0
 0
 0
 0
 0
 0
 0
 0
 0
 0
 0
 0
 0
 0
 0
 0
 0
 0
 0
 0
 0
 0
 0
 0
 0
 0
 0
 0
 0
 0
 0
 0
 0
 0
 0
 0
 0
 0
 0
 0
 0
 0
 0
 0
 0
 0
 0
 0
 0
 0
 0
 0
 0
 0
 0
 0
 0
 0
 0
 0
 0
 0
 0
 0
 0
 0
 0
 0
 0
 0
 0
 0
 0
 0
 0
 0
 0
 0
 0
 0
 0
 0
 0
 0
 0
 0
 0
 0
 0
 0
 0
 0
 0
 0
 0
 0
 0
 0
 0
 0
 0
 0
 0
 0
 0
 0
 0
 0
 0
 0
 0
 0
 0
 0
 0
 0
 0
 0
 0
 0
 0
 0.9537
 0.88248
 0.90767
 0.91009
 0.91169
 0.94367
 0.91916
 0.91858
 0.9032
 0.92936
 0.93352
 0.92497
 0.91148
 0.92613
 0.91887
 0.9091
 0.91555
 0.89799
 0.90812
 0.90723
 0.90845
 0.90513
 0.90638
 0.9065299999999999
 0.90011
 0.90364
 0.90385
 0.89684
 0
 0
 0
 0
 0
 0
 0
 0
 0
 0
 0
 0
 0
 0
 0
 0
 0
 0
 0
 0
 0
 0
 0
 0
 0
 0
 0
 0
 0
 0
 0
 0
 0
 0
 0
 0
 0
 0
 0
 0
 0
 0
 0
 0
 0
 0
 0
 0
 0
 0
 0
 0
 0
 0
 0
 0
 0
 0
 0
 0


