# Created by Octave 4.0.0, Sat Nov 21 16:32:17 2015 W. Europe Standard Time <unknown@Florian-PC>
# name: mus
# type: matrix
# ndims: 3
 1 30 19
 0
 0
 0.49373
 0.49495
 0.71899
 0.72475
 0.58897
 0.65561
 0.67614
 0.65385
 0.62247
 0.61364
 0.60282
 0.5924700000000001
 0.66026
 0.64323
 0.63598
 0.64268
 0.60902
 0.63158
 0.6541400000000001
 0.63636
 0.62319
 0.63021
 0.632
 0.63487
 0.63396
 0.6313800000000001
 0.63107
 0.61282
 0
 0
 1
 1
 0.6
 0.6
 0.9
 0.8
 0.8
 0.7
 0.8666700000000001
 0.83333
 0.73333
 0.8
 0.8
 0.75
 0.66667
 0.65
 0.78333
 0.8
 0.8
 0.78
 0.78
 0.75
 0.76
 0.73333
 0.74
 0.71333
 0.68667
 0.76667
 0
 0
 1
 1
 0.78033
 0.80004
 0.84827
 0.80805
 0.80784
 0.81479
 0.88941
 0.79199
 0.83649
 0.74531
 0.7458
 0.79409
 0.73846
 0.72648
 0.73695
 0.80936
 0.77827
 0.72324
 0.75968
 0.71872
 0.76653
 0.75284
 0.74957
 0.79012
 0.80141
 0.8211000000000001
 0
 0
 1
 1
 0.76001
 0.74075
 0.84443
 0.76999
 0.86151
 0.84278
 0.90837
 0.87873
 0.8509
 0.85307
 0.80254
 0.79863
 0.86818
 0.75096
 0.83388
 0.85201
 0.85254
 0.80984
 0.83592
 0.79267
 0.80833
 0.77503
 0.81129
 0.78801
 0.8116
 0.84745
 0
 0
 1
 1
 0.6
 0.83333
 0.71429
 0.5
 0.88889
 0.6
 0.90909
 0.83333
 0.69231
 0.88889
 0.6
 1
 1
 1
 1
 1
 1
 1
 1
 1
 0
 1
 0
 1
 1
 1
 0
 0
 1
 1
 0.675
 0.7416700000000001
 0.7131
 0.6571399999999999
 0.95139
 0.72282
 0.96818
 0.83939
 0.75417
 0.86015
 0.71497
 0.96575
 1.02084
 0.89885
 0.99509
 1.03954
 1.05107
 1.04045
 0.97561
 0.93954
 0.6875
 0.875
 0.60419
 0.9028
 0.875
 0.875
 0
 0
 1
 1
 0.97759
 0.80298
 0.76358
 0.82935
 0.85817
 0.82657
 0.88951
 0.88423
 0.80209
 0.77162
 0.73123
 0.79477
 0.78579
 0.76723
 0.79294
 0.81312
 0.8196099999999999
 0.75596
 0.75673
 0.72114
 0.76131
 0.75352
 0.78088
 0.79942
 0.81143
 0.84921
 0
 0
 1
 1
 0.73994
 0.70202
 0.82514
 0.8317600000000001
 0.85126
 0.82298
 0.88359
 0.8268799999999999
 0.8478
 0.81616
 0.79054
 0.81923
 0.82286
 0.75739
 0.83084
 0.84979
 0.83965
 0.80024
 0.81272
 0.77982
 0.7942
 0.79632
 0.78503
 0.7858000000000001
 0.78746
 0.82895
 0
 0
 1
 1
 1
 1
 1
 1
 1
 1
 1
 1
 1
 1
 1
 1
 1
 1
 1
 1
 1
 1
 1
 1
 1
 1
 1
 1
 1
 1
 0
 0
 1
 1
 0.6469200000000001
 0.69367
 0.69714
 0.71314
 0.86095
 0.82223
 1.00182
 0.80813
 0.88459
 0.74585
 0.89798
 0.76274
 0.98328
 0.82748
 0.92947
 0.86792
 0.98388
 0.93985
 0.82855
 0.67989
 0.90152
 0.89401
 0.7478399999999999
 0.31444
 0.99986
 0.99988
 0
 0
 1
 1
 1.00681
 0.92547
 0.8632
 0.87701
 0.82709
 0.7998499999999999
 0.80346
 0.87588
 0.81334
 0.7883
 0.74082
 0.91173
 0.82445
 0.80701
 0.83736
 0.86609
 0.76976
 0.80868
 0.80222
 0.81618
 0.79204
 0.8176600000000001
 0.7883
 0.81448
 0.82235
 0.87635
 0
 0
 0
 0
 0
 0
 0
 0
 0
 0
 0
 0
 0
 0
 0
 0
 0
 0
 0
 0
 0
 0
 0
 0
 0
 0
 0
 0
 0
 0
 0
 0
 0
 0
 0
 0
 0
 0
 0
 0
 0
 0
 0
 0
 0
 0
 0
 0
 0
 0
 0
 0
 0
 0
 0
 0
 0
 0
 0
 0
 0
 0
 0
 0
 0
 0
 0
 0
 0
 0
 0
 0
 0
 0
 0
 0
 0
 0
 0
 0
 0
 0
 0
 0
 0
 0
 0
 0
 0
 0
 0
 0
 0
 0
 0
 0
 0
 0
 0
 0
 0
 0
 0
 0
 0
 0
 0
 0
 0
 0
 0
 0
 0
 0
 0
 0
 0
 0
 0
 0
 0
 0
 0
 0
 0
 0
 0
 0
 0
 0
 0
 0
 0
 0
 0
 0
 0
 0
 0
 0
 0
 0
 0
 0
 0
 0
 0
 0
 0
 0
 0
 0
 1
 1
 1
 1
 1
 1
 1
 1
 1
 1
 1
 1
 1
 1
 1
 1
 1
 1
 1
 1
 1
 1
 1
 1
 1
 1
 1
 1
 0
 0
 0
 0
 0
 0
 0
 0
 0
 0
 0
 0
 0
 0
 0
 0
 0
 0
 0
 0
 0
 0
 0
 0
 0
 0
 0
 0
 0
 0
 0
 0
 0
 0
 0
 0
 0
 0
 0
 0
 0
 0
 0
 0
 0
 0
 0
 0
 0
 0
 0
 0
 0
 0
 0
 0
 0
 0
 0
 0


# name: vars
# type: matrix
# ndims: 3
 1 30 19
 0
 0
 0.080137
 0.056097
 0.038481
 0.025207
 0.035765
 0.027038
 0.018158
 0.034656
 0.027724
 0.021188
 0.017631
 0.01467
 0.012268
 0.015788
 0.015827
 0.009575
 0.033676
 0.009225000000000001
 0.015833
 0.017015
 0.019875
 0.012471
 0.014217
 0.007852
 0.010315
 0.009497999999999999
 0.006605
 0.012137
 0
 0
 0
 0
 0.3
 0.3
 0.05
 0.2
 0.075
 0.2
 0.08889
 0.05556
 0.06389
 0.03333
 0.08889
 0.07639
 0.04167
 0.06389
 0.04722
 0.04375
 0.075
 0.092
 0.052
 0.0675
 0.068
 0.06889000000000001
 0.058
 0.07756
 0.04922
 0.06389
 0
 0
 0
 0
 0
 0
 0
 0
 0
 0
 0
 0
 0
 0
 0
 0
 0
 0
 0
 0
 0
 0
 0
 0
 0
 0
 0
 0
 0
 0
 0
 0
 0
 0
 0.05306
 0.048417
 0.048313
 0.040267
 0.036421
 0.036015
 0.021574
 0.028302
 0.027918
 0.031462
 0.035494
 0.035013
 0.026343
 0.042955
 0.028935
 0.027168
 0.025166
 0.032648
 0.028409
 0.032734
 0.028609
 0.031511
 0.028742
 0.029816
 0.02833
 0.025057
 0
 0
 0
 0
 0
 0
 0
 0
 0
 0
 0
 0
 0
 0
 0
 0
 0
 0
 0
 0
 0
 0
 0
 0
 0
 0
 0
 0
 0
 0
 0
 0
 0
 0
 0
 0
 0
 0
 0
 0
 0
 0
 0
 0
 0
 0
 0
 0
 0
 0
 0
 0
 0
 0
 0
 0
 0
 0
 0
 0
 0
 0
 0
 0
 0
 0
 0
 0
 0
 0
 0
 0
 0
 0
 0
 0
 0
 0
 0
 0
 0
 0
 0
 0
 0
 0
 0
 0
 0
 0
 0
 0
 0
 0
 0.032045
 0.030296
 0.034025
 0.013284
 0.021354
 0.023697
 0.0266
 0.030608
 0.028536
 0.030193
 0.035326
 0.030112
 0.037179
 0.035301
 0.027372
 0.025548
 0.029885
 0.034331
 0.031305
 0.038054
 0.035487
 0.033659
 0.031671
 0.033892
 0.038285
 0.030617
 0
 0
 0
 0
 0
 0
 0
 0
 0
 0
 0
 0
 0
 0
 0
 0
 0
 0
 0
 0
 0
 0
 0
 0
 0
 0
 0
 0
 0
 0
 0
 0
 0
 0
 0
 0
 0
 0
 0
 0
 0
 0
 0
 0
 0
 0
 0
 0
 0
 0
 0
 0
 0
 0
 0
 0
 0
 0
 0
 0
 0
 0
 0
 0
 0
 0
 0
 0
 0
 0
 0
 0
 0
 0
 0
 0
 0
 0
 0
 0
 0
 0
 0
 0
 0
 0
 0
 0
 0
 0
 0
 0
 0
 0
 0
 0
 0
 0
 0
 0
 0
 0
 0
 0
 0
 0
 0
 0
 0
 0
 0
 0
 0
 0
 0
 0
 0
 0
 0
 0
 0
 0
 0
 0
 0
 0
 0
 0
 0
 0
 0
 0
 0
 0
 0
 0
 0
 0
 0
 0
 0
 0
 0
 0
 0
 0
 0
 0
 0
 0
 0
 0
 0
 0
 0
 0
 0
 0
 0
 0
 0
 0
 0
 0
 0
 0
 0
 0
 0
 0
 0
 0
 0
 0
 0
 0
 0
 0
 0
 0
 0
 0
 0
 0
 0
 0
 0
 0
 0
 0
 0
 0
 0
 0
 0
 0
 0
 0
 0
 0
 0
 0
 0
 0
 0
 0
 0
 0
 0
 0
 0
 0
 0
 0
 0
 0
 0
 0
 0
 0
 0
 0
 0
 0
 0
 0
 0
 0
 0
 0
 0
 0
 0
 0
 0
 0
 0
 0
 0
 0
 0
 0
 0
 0
 0
 0
 0
 0
 0
 0
 0
 0
 0
 0
 0
 0
 0
 0
 0
 0
 0
 0
 0
 0
 0
 0
 0
 0
 0
 0
 0
 0
 0
 0
 0
 0
 0
 0
 0
 0
 0
 0
 0
 0
 0
 0
 0
 0
 0
 0
 0
 0
 0
 0
 0
 0
 0
 0
 0
 0
 0
 0
 0
 0
 0
 0
 0
 0
 0
 0
 0
 0
 0
 0
 0
 0
 0
 0
 0
 0
 0
 0
 0
 0
 0
 0
 0
 0
 0
 0


