# Created by Octave 4.0.0, Sat Nov 21 16:32:07 2015 W. Europe Standard Time <unknown@Florian-PC>
# name: mus
# type: matrix
# ndims: 3
 1 30 19
 0
 0
 0.70426
 0.6843399999999999
 0.62025
 0.64015
 0.76441
 0.7449
 0.74747
 0.81538
 0.81818
 0.82576
 0.79
 0.80676
 0.80897
 0.81771
 0.80108
 0.81818
 0.83709
 0.87632
 0.85714
 0.83333
 0.82182
 0.85938
 0.91733
 0.91128
 0.95972
 0.95918
 0.95156
 0.94872
 0
 0
 0.33333
 0.75
 0.2
 0.1
 0.1
 0.7
 0.4
 0.5
 0.53333
 0.5
 0.43333
 0.6
 0.6
 0.7
 0.78333
 0.71667
 0.68333
 0.65
 0.62
 0.73
 0.74
 0.8
 0.68
 0.6266699999999999
 0.66
 0.71333
 0.65333
 0.66667
 0
 0
 0.59774
 0.787
 0.44001
 0.6011300000000001
 0.5903
 0.40823
 0.52423
 0.43625
 0.69574
 0.6398
 0.61695
 0.67627
 0.66459
 0.77688
 0.76335
 0.61697
 0.69708
 0.6938800000000001
 0.69031
 0.70842
 0.69434
 0.76963
 0.74196
 0.74618
 0.69853
 0.77386
 0.76745
 0.76222
 0
 0
 0.47224
 0.76241
 0.35585
 0.31195
 0.37735
 0.68752
 0.58997
 0.40966
 0.49407
 0.57182
 0.59948
 0.62784
 0.66123
 0.71736
 0.75523
 0.71804
 0.69185
 0.70074
 0.73203
 0.76937
 0.7863599999999999
 0.8174400000000001
 0.77567
 0.81212
 0.79182
 0.7725
 0.8229
 0.8110000000000001
 0
 0
 0.33333
 1
 0.2
 0
 0.28571
 0.5
 0.33333
 0.2
 0.27273
 0.66667
 0.38462
 0.44444
 1
 0.66667
 1
 1
 1
 1
 1
 1
 1
 1
 0
 1
 1
 1
 1
 0
 0
 0
 0.5
 1.2381
 0.3
 0.37086
 0.35238
 0.5214299999999999
 0.43353
 0.35655
 0.40562
 0.6298
 0.50979
 0.53365
 0.81316
 0.66489
 0.89767
 0.9005
 0.88987
 0.85928
 0.91679
 0.79899
 0.81467
 0.95801
 0.60938
 1.03934
 1.00306
 0.85254
 1
 0.56254
 0
 0
 0.36788
 0.73897
 0.61093
 0.68067
 0.61915
 0.64493
 0.6526999999999999
 0.66652
 0.7085399999999999
 0.72399
 0.72554
 0.70848
 0.76835
 0.76156
 0.78783
 0.75769
 0.71066
 0.73177
 0.78379
 0.70451
 0.75765
 0.7614300000000001
 0.76573
 0.79377
 0.82263
 0.78406
 0.77086
 0.83794
 0
 0
 0.47224
 0.7202
 0.40104
 0.4576
 0.42256
 0.56749
 0.66783
 0.53034
 0.58188
 0.63281
 0.66218
 0.65801
 0.67489
 0.7142500000000001
 0.76227
 0.7019
 0.69934
 0.67544
 0.70302
 0.73721
 0.77942
 0.81508
 0.77349
 0.80532
 0.78078
 0.78028
 0.80908
 0.81956
 0
 0
 1
 1
 1
 1
 1
 1
 1
 1
 1
 1
 1
 1
 1
 1
 1
 1
 1
 1
 1
 1
 1
 1
 1
 1
 1
 1
 1
 1
 0
 0
 0.5
 1.17552
 0.33
 0.48534
 0.39683
 0.56533
 0.46972
 0.44231
 0.49724
 0.55346
 0.57551
 0.58182
 0.6055199999999999
 0.67192
 0.66168
 0.81512
 0.62173
 0.65533
 0.87399
 0.6788
 0.74908
 0.74725
 1.11368
 0.8943
 0.74538
 0.73973
 1
 0.871
 0
 0
 0.36788
 0.75832
 0.60891
 0.72856
 0.66461
 0.67393
 0.68932
 0.71107
 0.5998
 0.98774
 0.78349
 0.72779
 0.67633
 0.8152199999999999
 0.92825
 0.81595
 0.8992
 0.79811
 0.83347
 0.74736
 0.78072
 0.8005100000000001
 0.77305
 0.77835
 0.76397
 0.78983
 0.79254
 0.89329
 0
 0
 0
 0
 0
 0
 0
 0
 0
 0
 0
 0
 0
 0
 0
 0
 0
 0
 0
 0
 0
 0
 0
 0
 0
 0
 0
 0
 0
 0
 0
 0
 0
 0
 0
 0
 0
 0
 0
 0
 0
 0
 0
 0
 0
 0
 0
 0
 0
 0
 0
 0
 0
 0
 0
 0
 0
 0
 0
 0
 0
 0
 0
 0
 0
 0
 0
 0
 0
 0
 0
 0
 0
 0
 0
 0
 0
 0
 0
 0
 0
 0
 0
 0
 0
 0
 0
 0
 0
 0
 0
 0
 0
 0
 0
 0
 0
 0
 0
 0
 0
 0
 0
 0
 0
 0
 0
 0
 0
 0
 0
 0
 0
 0
 0
 0
 0
 0
 0
 0
 0
 0
 0
 0
 0
 0
 0
 0
 0
 0
 0
 0
 0
 0
 0
 0
 0
 0
 0
 0
 0
 0
 0
 0
 0
 0
 0
 0
 0
 0
 0
 0
 1
 1
 1
 1
 1
 1
 1
 1
 1
 1
 1
 1
 1
 1
 1
 1
 1
 1
 1
 1
 1
 1
 1
 1
 1
 1
 1
 1
 0
 0
 0
 0
 0
 0
 0
 0
 0
 0
 0
 0
 0
 0
 0
 0
 0
 0
 0
 0
 0
 0
 0
 0
 0
 0
 0
 0
 0
 0
 0
 0
 0
 0
 0
 0
 0
 0
 0
 0
 0
 0
 0
 0
 0
 0
 0
 0
 0
 0
 0
 0
 0
 0
 0
 0
 0
 0
 0
 0


# name: vars
# type: matrix
# ndims: 3
 1 30 19
 0
 0
 0.076859
 0.05687
 0.054969
 0.040846
 0.020766
 0.018854
 0.028345
 0.009757
 0.016529
 0.014047
 0.010533
 0.008717000000000001
 0.013472
 0.007105
 0.008061
 0.007990000000000001
 0.008560999999999999
 0.00538
 0.004535
 0.009480000000000001
 0.007948999999999999
 0.004369
 0.002392
 0.002425
 0.001577
 0.002327
 0.002868
 0.00141
 0
 0
 0.33333
 0.25
 0.2
 0.05
 0.05
 0.2
 0.175
 0.125
 0.00556
 0.13889
 0.18889
 0.18889
 0.07778
 0.08889
 0.04722
 0.00208
 0.04306
 0.08125
 0.07825
 0.037
 0.00675
 0.02
 0.032
 0.03689
 0.03022
 0.00978
 0.04256
 0.08333
 0
 0
 0
 0
 0
 0
 0
 0
 0
 0
 0
 0
 0
 0
 0
 0
 0
 0
 0
 0
 0
 0
 0
 0
 0
 0
 0
 0
 0
 0
 0
 0
 0.16318
 0.12166
 0.03161
 0.01442
 0.0694
 0.08017000000000001
 0.08178000000000001
 0.04928
 0.05999
 0.06192
 0.04834
 0.04492
 0.04507
 0.05168
 0.0386
 0.04396
 0.04227
 0.03855
 0.03959
 0.03573
 0.03177
 0.02985
 0.03453
 0.02928
 0.02979
 0.03236
 0.02611
 0.03085
 0
 0
 0
 0
 0
 0
 0
 0
 0
 0
 0
 0
 0
 0
 0
 0
 0
 0
 0
 0
 0
 0
 0
 0
 0
 0
 0
 0
 0
 0
 0
 0
 0
 0
 0
 0
 0
 0
 0
 0
 0
 0
 0
 0
 0
 0
 0
 0
 0
 0
 0
 0
 0
 0
 0
 0
 0
 0
 0
 0
 0
 0
 0
 0
 0
 0
 0
 0
 0
 0
 0
 0
 0
 0
 0
 0
 0
 0
 0
 0
 0
 0
 0
 0
 0
 0
 0
 0
 0
 0
 0
 0
 0.16318
 0.1027
 0.02436
 0.03714
 0.03424
 0.03993
 0.04677
 0.03603
 0.03959
 0.03003
 0.03101
 0.04045
 0.03683
 0.03633
 0.03305
 0.04399
 0.04364
 0.04272
 0.03663
 0.0467
 0.02999
 0.03035
 0.04487
 0.02942
 0.03423
 0.03746
 0.03214
 0.03309
 0
 0
 0
 0
 0
 0
 0
 0
 0
 0
 0
 0
 0
 0
 0
 0
 0
 0
 0
 0
 0
 0
 0
 0
 0
 0
 0
 0
 0
 0
 0
 0
 0
 0
 0
 0
 0
 0
 0
 0
 0
 0
 0
 0
 0
 0
 0
 0
 0
 0
 0
 0
 0
 0
 0
 0
 0
 0
 0
 0
 0
 0
 0
 0
 0
 0
 0
 0
 0
 0
 0
 0
 0
 0
 0
 0
 0
 0
 0
 0
 0
 0
 0
 0
 0
 0
 0
 0
 0
 0
 0
 0
 0
 0
 0
 0
 0
 0
 0
 0
 0
 0
 0
 0
 0
 0
 0
 0
 0
 0
 0
 0
 0
 0
 0
 0
 0
 0
 0
 0
 0
 0
 0
 0
 0
 0
 0
 0
 0
 0
 0
 0
 0
 0
 0
 0
 0
 0
 0
 0
 0
 0
 0
 0
 0
 0
 0
 0
 0
 0
 0
 0
 0
 0
 0
 0
 0
 0
 0
 0
 0
 0
 0
 0
 0
 0
 0
 0
 0
 0
 0
 0
 0
 0
 0
 0
 0
 0
 0
 0
 0
 0
 0
 0
 0
 0
 0
 0
 0
 0
 0
 0
 0
 0
 0
 0
 0
 0
 0
 0
 0
 0
 0
 0
 0
 0
 0
 0
 0
 0
 0
 0
 0
 0
 0
 0
 0
 0
 0
 0
 0
 0
 0
 0
 0
 0
 0
 0
 0
 0
 0
 0
 0
 0
 0
 0
 0
 0
 0
 0
 0
 0
 0
 0
 0
 0
 0
 0
 0
 0
 0
 0
 0
 0
 0
 0
 0
 0
 0
 0
 0
 0
 0
 0
 0
 0
 0
 0
 0
 0
 0
 0
 0
 0
 0
 0
 0
 0
 0
 0
 0
 0
 0
 0
 0
 0
 0
 0
 0
 0
 0
 0
 0
 0
 0
 0
 0
 0
 0
 0
 0
 0
 0
 0
 0
 0
 0
 0
 0
 0
 0
 0
 0
 0
 0
 0
 0
 0
 0
 0
 0
 0
 0
 0
 0
 0
 0
 0
 0
 0


