# Created by Octave 4.0.0, Sat Nov 21 16:32:23 2015 W. Europe Standard Time <unknown@Florian-PC>
# name: mus
# type: matrix
# ndims: 3
 1 30 19
 0
 0
 0.57644
 0.53283
 0.52911
 0.51641
 0.52381
 0.64796
 0.6553
 0.6307700000000001
 0.53914
 0.54798
 0.53872
 0.53316
 0.5359
 0.54167
 0.54305
 0.54419
 0.68672
 0.85
 0.86216
 0.86111
 0.8644500000000001
 0.86328
 0.864
 0.92667
 0.91089
 0.85969
 0.83404
 0.82308
 0
 0
 0.33333
 0.75
 0.8
 1
 1
 0.9
 0.9
 1
 1
 1
 1
 1
 1
 1
 1
 1
 0.95
 0.85
 0.9
 0.85
 0.88
 0.83
 0.88
 0.84667
 0.82
 0.89333
 0.9
 0.9
 0
 0
 0.64259
 0.90869
 0.87442
 0.93108
 0.9515400000000001
 0.8398099999999999
 0.91682
 0.95113
 0.89128
 0.93616
 0.90366
 0.97141
 0.96737
 0.97596
 0.97371
 0.98853
 0.96116
 0.89673
 0.87558
 0.91822
 0.96282
 0.89013
 0.91528
 0.89054
 0.91127
 0.91708
 0.92056
 0.93433
 0
 0
 0.52542
 0.75775
 0.71662
 0.83404
 0.89874
 0.83287
 0.8564000000000001
 0.88197
 0.85159
 0.87521
 0.8775500000000001
 0.92349
 0.91772
 0.93091
 0.92778
 0.94667
 0.89057
 0.80729
 0.82425
 0.82003
 0.83661
 0.79152
 0.8037
 0.77717
 0.78625
 0.80194
 0.81484
 0.8071199999999999
 0
 0
 0
 1
 0.8
 1
 1
 1
 0.77778
 1
 1
 1
 1
 1
 1
 1
 1
 1
 1
 1
 1
 1
 1
 1
 1
 1
 1
 1
 1
 1
 0
 0
 0.25001
 0.62477
 0.90256
 0.95519
 0.98165
 0.95291
 0.81074
 0.9809600000000001
 0.86757
 0.90103
 0.96575
 0.98564
 0.90754
 0.93877
 0.86764
 0.89002
 0.95012
 0.76568
 0.80126
 0.75484
 0.81643
 0.78238
 0.80052
 0.8208299999999999
 0.86493
 0.89702
 0.89993
 0.90559
 0
 0
 0.36788
 0.70987
 0.67823
 0.83345
 0.84849
 0.93616
 0.84012
 0.86517
 0.82414
 0.88981
 0.84798
 0.8875999999999999
 0.90604
 0.97965
 0.89354
 0.91899
 0.87541
 0.88511
 0.87151
 0.85687
 0.86803
 0.82308
 0.87165
 0.7930700000000001
 0.82391
 0.8468
 0.78798
 0.90266
 0
 0
 0.52682
 0.77494
 0.67654
 0.79006
 0.87268
 0.8353
 0.85144
 0.87047
 0.84093
 0.86349
 0.8577
 0.91246
 0.91498
 0.93486
 0.93925
 0.95971
 0.8988699999999999
 0.82753
 0.84213
 0.8360300000000001
 0.84996
 0.80194
 0.82751
 0.7976799999999999
 0.81214
 0.83236
 0.8479
 0.83499
 0
 0
 0.9996699999999999
 1
 1
 1
 1
 1
 1
 1
 1
 1
 0.99243
 0.99188
 0.9811
 0.9628
 0.97525
 0.96767
 0.97278
 0.9726900000000001
 0.964
 0.96077
 0.95213
 0.96415
 0.96573
 0.95575
 0.9529300000000001
 0.9522
 0.95424
 0.94004
 0
 0
 0.25002
 0.64217
 0.91359
 0.78726
 0.95548
 0.90278
 0.84073
 0.97673
 0.90252
 0.8562
 0.95025
 0.88827
 0.90628
 0.94853
 0.99404
 0.93885
 0.97572
 0.80919
 0.81991
 0.89167
 0.81846
 0.78324
 0.81658
 0.91729
 0.79613
 0.81173
 0.9101900000000001
 0.81721
 0
 0
 0.36788
 0.74526
 0.66344
 0.90726
 0.85272
 0.87266
 0.8419
 0.85503
 0.8495200000000001
 0.82685
 0.82067
 0.85232
 0.98273
 0.9523
 0.92219
 0.89142
 0.93566
 0.84174
 0.8312
 0.82004
 0.84905
 0.79975
 0.81497
 0.79689
 0.80333
 0.8295400000000001
 0.9073600000000001
 0.83693
 0
 0
 0
 0
 0
 0
 0
 0
 0
 0
 0
 0
 0
 0
 0
 0
 0
 0
 0
 0
 0
 0
 0
 0
 0
 0
 0
 0
 0
 0
 0
 0
 0
 0
 0
 0
 0
 0
 0
 0
 0
 0
 0
 0
 0
 0
 0
 0
 0
 0
 0
 0
 0
 0
 0
 0
 0
 0
 0
 0
 0
 0
 0
 0
 0
 0
 0
 0
 0
 0
 0
 0
 0
 0
 0
 0
 0
 0
 0
 0
 0
 0
 0
 0
 0
 0
 0
 0
 0
 0
 0
 0
 0
 0
 0
 0
 0
 0
 0
 0
 0
 0
 0
 0
 0
 0
 0
 0
 0
 0
 0
 0
 0
 0
 0
 0
 0
 0
 0
 0
 0
 0
 0
 0
 0
 0
 0
 0
 0
 0
 0
 0
 0
 0
 0
 0
 0
 0
 0
 0
 0
 0
 0
 0
 0
 0
 0
 0
 0
 0
 0
 0
 0.99997
 1
 1
 1
 1
 0.99777
 1
 1
 1
 0.99954
 0.99183
 0.9896200000000001
 0.98423
 0.96841
 0.97309
 0.96265
 0.97351
 0.96846
 0.9686
 0.96809
 0.96407
 0.96075
 0.95878
 0.9432700000000001
 0.95264
 0.94941
 0.95341
 0.94703
 0
 0
 0
 0
 0
 0
 0
 0
 0
 0
 0
 0
 0
 0
 0
 0
 0
 0
 0
 0
 0
 0
 0
 0
 0
 0
 0
 0
 0
 0
 0
 0
 0
 0
 0
 0
 0
 0
 0
 0
 0
 0
 0
 0
 0
 0
 0
 0
 0
 0
 0
 0
 0
 0
 0
 0
 0
 0
 0
 0


# name: vars
# type: matrix
# ndims: 3
 1 30 19
 0
 0
 0.07933999999999999
 0.054396
 0.045167
 0.03744
 0.038873
 0.024527
 0.03066
 0.029028
 0.025992
 0.027357
 0.012326
 0.019079
 0.022215
 0.01687
 0.015604
 0.010777
 0.019522
 0.004444
 0.008288
 0.004247
 0.007297
 0.00347
 0.003611
 0.00256
 0.001532
 0.006959
 0.003282
 0.005256
 0
 0
 0.33333
 0.25
 0.2
 0
 0
 0.05
 0.05
 0
 0
 0
 0
 0
 0
 0
 0
 0
 0.0125
 0.05
 0.05
 0.1125
 0.07199999999999999
 0.06950000000000001
 0.012
 0.02756
 0.062
 0.02356
 0.02222
 0.02222
 0
 0
 0
 0
 0
 0
 0
 0
 0
 0
 0
 0
 0
 0
 0
 0
 0
 0
 0
 0
 0
 0
 0
 0
 0
 0
 0
 0
 0
 0
 0
 0
 0.20759
 0.06539
 0.0432
 0.02006
 0.01223
 0.01498
 0.009509999999999999
 0.00804
 0.00915
 0.00886
 0.00685
 0.00486
 0.0054
 0.00405
 0.00443
 0.00328
 0.00409
 0.00386
 0.00434
 0.00433
 0.00441
 0.00413
 0.004
 0.0038
 0.0037
 0.00392
 0.00485
 0.00389
 0
 0
 6.4346e-006
 3.3079e-011
 5.502e-021
 2.6061e-032
 5.1358e-034
 2.0152e-031
 1.3831e-030
 1.3023e-031
 1.6705e-030
 2.2437e-029
 3.1668e-027
 1.0957e-007
 3.9797e-011
 0.00020365
 2.1649e-007
 5.9214e-006
 1.0135e-006
 1.9119e-005
 3.0057e-005
 1.2956e-005
 1.5195e-005
 2.6728e-005
 7.0416e-006
 1.5719e-005
 5.3375e-006
 3.7973e-016
 1.4737e-009
 4.1518e-005
 0
 0
 0
 0
 0
 0
 0
 0
 0
 0
 0
 0
 0
 0
 0
 0
 0
 0
 0
 0
 0
 0
 0
 0
 0
 0
 0
 0
 0
 0
 0
 0
 0
 0
 0
 0
 0
 0
 0
 0
 0
 0
 0
 0
 0
 0
 0
 0
 0
 0
 0
 0
 0
 0
 0
 0
 0
 0
 0
 0
 0
 0
 0.20905
 0.05596
 0.05862
 0.04252
 0.01794
 0.0194
 0.01407
 0.01169
 0.01363
 0.01376
 0.01069
 0.00774
 0.0081
 0.00539
 0.00507
 0.00306
 0.00567
 0.00678
 0.00618
 0.0074
 0.00835
 0.00944
 0.00654
 0.00971
 0.00763
 0.00742
 0.00571
 0.00775
 0
 0
 1e-006
 0
 0
 0
 0
 0
 0
 0
 0
 0
 0.001928
 0.001841
 0.004307
 0.01018
 0.004393
 0.006856
 0.005584
 0.005722
 0.006748
 0.009519
 0.011031
 0.006618
 0.007335
 0.008602
 0.009863
 0.010698
 0.010464
 0.01462
 0
 0
 0
 0
 0
 0
 0
 0
 0
 0
 0
 0
 0
 0
 0
 0
 0
 0
 0
 0
 0
 0
 0
 0
 0
 0
 0
 0
 0
 0
 0
 0
 0
 0
 0
 0
 0
 0
 0
 0
 0
 0
 0
 0
 0
 0
 0
 0
 0
 0
 0
 0
 0
 0
 0
 0
 0
 0
 0
 0
 0
 0
 0
 0
 0
 0
 0
 0
 0
 0
 0
 0
 0
 0
 0
 0
 0
 0
 0
 0
 0
 0
 0
 0
 0
 0
 0
 0
 0
 0
 0
 0
 0
 0
 0
 0
 0
 0
 0
 0
 0
 0
 0
 0
 0
 0
 0
 0
 0
 0
 0
 0
 0
 0
 0
 0
 0
 0
 0
 0
 0
 0
 0
 0
 0
 0
 0
 0
 0
 0
 0
 0
 0
 0
 0
 0
 0
 0
 0
 0
 0
 0
 0
 0
 0
 0
 0
 0
 0
 0
 0
 0
 0
 0
 0
 0
 0
 0
 0
 0
 0
 0
 0
 0
 0
 0
 0
 0
 0
 0
 0
 0
 0
 0
 0
 0
 0
 0
 0
 0
 0
 0
 0
 0
 0
 0
 0
 0
 0
 0
 0
 0
 0
 0
 0
 0
 0
 0
 0
 0
 0
 0
 0
 0
 0
 0
 0
 0
 0
 0
 0
 0
 0
 0
 0
 0
 0
 0.000318
 0
 0
 0
 1.5e-005
 0.001597
 0.001933
 0.002697
 0.006154
 0.005472
 0.008926999999999999
 0.005398
 0.007166
 0.006238
 0.006693
 0.007732
 0.009165
 0.010132
 0.012541
 0.010322
 0.010259
 0.009586000000000001
 0.011437
 0
 0
 0
 0
 0
 0
 0
 0
 0
 0
 0
 0
 0
 0
 0
 0
 0
 0
 0
 0
 0
 0
 0
 0
 0
 0
 0
 0
 0
 0
 0
 0
 0
 0
 0
 0
 0
 0
 0
 0
 0
 0
 0
 0
 0
 0
 0
 0
 0
 0
 0
 0
 0
 0
 0
 0
 0
 0
 0
 0


