# Created by Octave 4.0.0, Sat Nov 21 16:32:29 2015 W. Europe Standard Time <unknown@Florian-PC>
# name: mus
# type: matrix
# ndims: 3
 1 30 19
 0
 0
 0.61654
 0.51768
 0.51392
 0.51894
 0.51128
 0.52551
 0.52399
 0.52051
 0.51452
 0.53283
 0.6353799999999999
 0.66709
 0.65641
 0.67969
 0.6607
 0.6755100000000001
 0.68672
 0.75526
 0.69173
 0.75631
 0.75021
 0.77734
 0.78933
 0.80103
 0.848
 0.89286
 0.89978
 0.88718
 0
 0
 0.33333
 1
 1
 0.6
 0.9
 1
 1
 1
 1
 1
 0.93333
 0.8
 0.8666700000000001
 0.8
 0.9
 0.93333
 0.9
 0.8
 0.8100000000000001
 0.73
 0.74
 0.75
 0.76
 0.74
 0.73333
 0.82
 0.72
 0.66667
 0
 0
 0.52186
 0.79822
 0.89895
 0.9115
 0.92393
 0.92415
 0.87484
 0.9479300000000001
 0.97944
 0.97761
 0.91107
 0.82051
 0.86675
 0.83962
 0.86285
 0.90216
 0.87997
 0.86335
 0.84561
 0.84902
 0.8442499999999999
 0.87352
 0.83495
 0.81495
 0.76405
 0.7822
 0.74355
 0.7837
 0
 0
 0.41668
 0.99108
 0.98
 0.87848
 0.9188
 0.95894
 0.96353
 0.9974499999999999
 0.99832
 0.99555
 0.9534
 0.83876
 0.92044
 0.9008
 0.88785
 0.95386
 0.95804
 0.90965
 0.82208
 0.87939
 0.83701
 0.86749
 0.8833
 0.8945
 0.86372
 0.85501
 0.8472
 0.85331
 0
 0
 0.33333
 1
 1
 0.66667
 0.85714
 1
 1
 1
 1
 1
 1
 1
 0.6
 0.66667
 0.5
 1
 1
 1
 1
 1
 0
 1
 1
 1
 1
 1
 1
 1
 0
 0
 0.33333
 1.38889
 1.20278
 0.8833299999999999
 0.88452
 1.03214
 1.05159
 1.03571
 1.02121
 1.0154
 1.01078
 0.98955
 0.79375
 0.80976
 0.75435
 1.04274
 0.91892
 1.04653
 0.84483
 0.9684
 0.59914
 1.07143
 0.87937
 1.01784
 0.94555
 0.79167
 0.9387799999999999
 0.87131
 0
 0
 0.78929
 0.67679
 0.79599
 0.94917
 0.93546
 0.97733
 0.94532
 0.94607
 1.00666
 0.94565
 0.9297800000000001
 0.84745
 0.8947000000000001
 0.8626
 0.88302
 0.90893
 0.96707
 0.8508
 0.85717
 0.8389799999999999
 0.87034
 0.8630100000000001
 0.87483
 0.88369
 0.81216
 0.84037
 0.79365
 0.80792
 0
 0
 0.41668
 0.9441000000000001
 0.89159
 0.9380500000000001
 0.93986
 0.92705
 0.95109
 0.96897
 0.97453
 0.98516
 0.95779
 0.8430800000000001
 0.91767
 0.87969
 0.89896
 0.92031
 0.93759
 0.87239
 0.8541299999999999
 0.85209
 0.8424199999999999
 0.85642
 0.84898
 0.87071
 0.82343
 0.83547
 0.81049
 0.82756
 0
 0
 1
 1
 1
 1
 1
 1
 1
 1
 1
 1
 1
 1
 1
 1
 1
 1
 1
 1
 1
 1
 1
 1
 1
 1
 1
 1
 1
 1
 0
 0
 0.33333
 1.42157
 1.15702
 1.24059
 0.94556
 0.97742
 1.15749
 0.9974499999999999
 1.04335
 1.02916
 0.97019
 0.82268
 0.85009
 1.00253
 0.93507
 0.91418
 0.9384
 0.99133
 0.80994
 0.74671
 0.83009
 1.03302
 0.79732
 0.79903
 0.74785
 0.99152
 0.74815
 0.58087
 0
 0
 0.78929
 0.67954
 0.80993
 0.9789099999999999
 0.90347
 0.9468
 1.02592
 0.9601499999999999
 0.94515
 0.96673
 1.06795
 0.9512699999999999
 0.8867
 1.03057
 0.8515200000000001
 0.85527
 1.03264
 0.91505
 0.85218
 0.9518799999999999
 0.9579299999999999
 0.83448
 0.83404
 0.85555
 0.91328
 0.83352
 0.82746
 0.82448
 0
 0
 0
 0
 0
 0
 0
 0
 0
 0
 0
 0
 0
 0
 0
 0
 0
 0
 0
 0
 0
 0
 0
 0
 0
 0
 0
 0
 0
 0
 0
 0
 0
 0
 0
 0
 0
 0
 0
 0
 0
 0
 0
 0
 0
 0
 0
 0
 0
 0
 0
 0
 0
 0
 0
 0
 0
 0
 0
 0
 0
 0
 0
 0
 0
 0
 0
 0
 0
 0
 0
 0
 0
 0
 0
 0
 0
 0
 0
 0
 0
 0
 0
 0
 0
 0
 0
 0
 0
 0
 0
 0
 0
 0
 0
 0
 0
 0
 0
 0
 0
 0
 0
 0
 0
 0
 0
 0
 0
 0
 0
 0
 0
 0
 0
 0
 0
 0
 0
 0
 0
 0
 0
 0
 0
 0
 0
 0
 0
 0
 0
 0
 0
 0
 0
 0
 0
 0
 0
 0
 0
 0
 0
 0
 0
 0
 0
 0
 0
 0
 0
 0
 1
 1
 1
 1
 1
 1
 1
 1
 1
 1
 1
 1
 1
 1
 1
 1
 1
 1
 1
 1
 1
 1
 1
 1
 1
 1
 1
 1
 0
 0
 0
 0
 0
 0
 0
 0
 0
 0
 0
 0
 0
 0
 0
 0
 0
 0
 0
 0
 0
 0
 0
 0
 0
 0
 0
 0
 0
 0
 0
 0
 0
 0
 0
 0
 0
 0
 0
 0
 0
 0
 0
 0
 0
 0
 0
 0
 0
 0
 0
 0
 0
 0
 0
 0
 0
 0
 0
 0


# name: vars
# type: matrix
# ndims: 3
 1 30 19
 0
 0
 0.063125
 0.065373
 0.05506
 0.044614
 0.035676
 0.030586
 0.033505
 0.019042
 0.026303
 0.020373
 0.013877
 0.013422
 0.014113
 0.014033
 0.008473
 0.011419
 0.020077
 0.01386
 0.035366
 0.005093
 0.008468
 0.00525
 0.00605
 0.00764
 0.005829
 0.002159
 0.003022
 0.001766
 0
 0
 0.33333
 0
 0
 0.3
 0.05
 0
 0
 0
 0
 0
 0.02222
 0.08889
 0.08889
 0.08889
 0.05
 0.02222
 0.01875
 0.10625
 0.043
 0.077
 0.058
 0.0675
 0.068
 0.078
 0.055
 0.01422
 0.067
 0.05556
 0
 0
 0
 0
 0
 0
 0
 0
 0
 0
 0
 0
 0
 0
 0
 0
 0
 0
 0
 0
 0
 0
 0
 0
 0
 0
 0
 0
 0
 0
 0
 0
 0.20312
 0.00037
 0.00479
 0.03868
 0.0212
 0.00936
 0.00903
 0.00032
 0.00014
 0.00053
 0.00975
 0.03025
 0.01531
 0.02305
 0.02389
 0.009480000000000001
 0.008710000000000001
 0.01591
 0.03152
 0.02104
 0.02548
 0.02526
 0.02051
 0.02002
 0.0201
 0.02433
 0.02549
 0.02362
 0
 0
 0
 0
 0
 0
 0
 0
 0
 0
 0
 0
 0
 0
 0
 0
 0
 0
 0
 0
 0
 0
 0
 0
 0
 0
 0
 0
 0
 0
 0
 0
 0
 0
 0
 0
 0
 0
 0
 0
 0
 0
 0
 0
 0
 0
 0
 0
 0
 0
 0
 0
 0
 0
 0
 0
 0
 0
 0
 0
 0
 0
 0
 0
 0
 0
 0
 0
 0
 0
 0
 0
 0
 0
 0
 0
 0
 0
 0
 0
 0
 0
 0
 0
 0
 0
 0
 0
 0
 0
 0
 0
 0.20312
 0.01444
 0.03819
 0.01131
 0.01088
 0.01424
 0.01111
 0.00821
 0.00734
 0.00605
 0.00717
 0.02965
 0.01579
 0.02693
 0.02347
 0.02219
 0.01811
 0.02985
 0.02766
 0.03327
 0.02901
 0.0343
 0.03578
 0.03345
 0.03798
 0.03673
 0.04061
 0.03516
 0
 0
 0
 0
 0
 0
 0
 0
 0
 0
 0
 0
 0
 0
 0
 0
 0
 0
 0
 0
 0
 0
 0
 0
 0
 0
 0
 0
 0
 0
 0
 0
 0
 0
 0
 0
 0
 0
 0
 0
 0
 0
 0
 0
 0
 0
 0
 0
 0
 0
 0
 0
 0
 0
 0
 0
 0
 0
 0
 0
 0
 0
 0
 0
 0
 0
 0
 0
 0
 0
 0
 0
 0
 0
 0
 0
 0
 0
 0
 0
 0
 0
 0
 0
 0
 0
 0
 0
 0
 0
 0
 0
 0
 0
 0
 0
 0
 0
 0
 0
 0
 0
 0
 0
 0
 0
 0
 0
 0
 0
 0
 0
 0
 0
 0
 0
 0
 0
 0
 0
 0
 0
 0
 0
 0
 0
 0
 0
 0
 0
 0
 0
 0
 0
 0
 0
 0
 0
 0
 0
 0
 0
 0
 0
 0
 0
 0
 0
 0
 0
 0
 0
 0
 0
 0
 0
 0
 0
 0
 0
 0
 0
 0
 0
 0
 0
 0
 0
 0
 0
 0
 0
 0
 0
 0
 0
 0
 0
 0
 0
 0
 0
 0
 0
 0
 0
 0
 0
 0
 0
 0
 0
 0
 0
 0
 0
 0
 0
 0
 0
 0
 0
 0
 0
 0
 0
 0
 0
 0
 0
 0
 0
 0
 0
 0
 0
 0
 0
 0
 0
 0
 0
 0
 0
 0
 0
 0
 0
 0
 0
 0
 0
 0
 0
 0
 0
 0
 0
 0
 0
 0
 0
 0
 0
 0
 0
 0
 0
 0
 0
 0
 0
 0
 0
 0
 0
 0
 0
 0
 0
 0
 0
 0
 0
 0
 0
 0
 0
 0
 0
 0
 0
 0
 0
 0
 0
 0
 0
 0
 0
 0
 0
 0
 0
 0
 0
 0
 0
 0
 0
 0
 0
 0
 0
 0
 0
 0
 0
 0
 0
 0
 0
 0
 0
 0
 0
 0
 0
 0
 0
 0
 0
 0
 0
 0
 0
 0
 0
 0
 0
 0
 0
 0
 0
 0
 0
 0
 0
 0
 0


