# Created by Octave 4.0.0, Sat Nov 21 16:32:05 2015 W. Europe Standard Time <unknown@Florian-PC>
# name: mus
# type: matrix
# ndims: 3
 1 30 19
 0
 0
 0.42105
 0.46465
 0.64051
 0.6452
 0.65664
 0.66582
 0.6452
 0.67436
 0.76136
 0.82576
 0.81821
 0.77934
 0.78077
 0.79688
 0.7982399999999999
 0.79798
 0.78195
 0.83684
 0.84211
 0.8244899999999999
 0.85024
 0.86849
 0.8746699999999999
 0.86974
 0.94709
 0.94133
 0.93426
 0.92564
 0
 0
 0
 0.75
 0.4
 0.5
 0.5
 0.8
 0.8
 0.7
 0.46667
 0.6
 0.53333
 0.8
 0.8666700000000001
 0.81667
 0.73333
 0.78333
 0.9
 0.85
 0.85
 0.71
 0.7
 0.67
 0.64
 0.66
 0.59333
 0.68
 0.8
 0.76667
 0
 0
 0.39283
 0.5141
 0.58241
 0.63337
 0.69553
 0.66698
 0.74694
 0.42972
 0.53546
 0.43478
 0.60377
 0.7237
 0.82943
 0.71463
 0.76808
 0.82308
 0.77092
 0.84397
 0.83267
 0.72149
 0.73871
 0.75346
 0.73009
 0.72521
 0.74055
 0.7209100000000001
 0.73829
 0.77233
 0
 0
 0.11156
 0.6313800000000001
 0.34264
 0.39678
 0.53411
 0.68795
 0.66614
 0.61527
 0.40489
 0.51128
 0.66306
 0.69663
 0.77697
 0.73146
 0.73836
 0.73986
 0.80182
 0.8072
 0.81674
 0.74
 0.7593299999999999
 0.70418
 0.70753
 0.72556
 0.69621
 0.71976
 0.74091
 0.77967
 0
 0
 0
 0.75
 0.4
 0.33333
 0.57143
 0.5
 0.77778
 0.5
 0.45455
 0.58333
 0.92308
 0.44444
 0.8
 1
 1
 1
 1
 0
 1
 1
 1
 1
 1
 1
 1
 1
 1
 0
 0
 0
 0.03729
 0.7701
 0.42479
 0.34617
 0.62724
 0.59633
 0.71174
 0.55265
 0.46249
 0.56811
 0.70839
 0.6160099999999999
 0.80509
 0.7859699999999999
 0.79439
 0.80752
 0.84473
 0.70816
 0.83299
 0.74299
 0.73982
 0.71265
 0.79255
 0.64873
 0.77091
 0.788
 0.7907999999999999
 0.70899
 0
 0
 0.78929
 0.42285
 0.41193
 0.58014
 0.72914
 0.70502
 0.64774
 0.73527
 0.7057600000000001
 0.63955
 0.7003
 0.738
 0.7392300000000001
 0.7185
 0.72905
 0.72671
 0.7770899999999999
 0.81215
 0.81624
 0.7608200000000001
 0.71915
 0.6957
 0.70142
 0.72338
 0.7508899999999999
 0.73972
 0.73322
 0.73278
 0
 0
 0.03733
 0.6096200000000001
 0.3614
 0.40977
 0.54282
 0.58954
 0.60651
 0.55658
 0.43381
 0.50998
 0.5797600000000001
 0.62197
 0.69768
 0.64483
 0.66708
 0.66711
 0.7081
 0.7102000000000001
 0.71683
 0.64346
 0.65681
 0.60624
 0.62352
 0.64672
 0.62618
 0.64532
 0.65463
 0.67924
 0
 0
 0.93626
 0.91518
 0.92886
 0.94817
 0.9263
 0.90123
 0.91525
 0.93143
 0.93203
 0.9301700000000001
 0.92509
 0.91753
 0.90837
 0.9162400000000001
 0.90547
 0.8944
 0.90319
 0.90548
 0.9078000000000001
 0.9131
 0.90033
 0.9092
 0.91327
 0.89956
 0.89775
 0.91017
 0.89742
 0.91772
 0
 0
 0.0825
 0.72505
 0.4159
 0.37029
 0.64439
 0.64184
 0.61215
 0.54451
 0.45418
 0.50283
 0.44258
 0.70492
 0.79298
 0.76441
 0.7839699999999999
 0.77505
 0.83794
 0.82845
 0.84568
 0.73629
 0.78725
 0.7017099999999999
 0.71672
 0.70086
 0.69518
 0.75196
 0.63289
 0.8005100000000001
 0
 0
 0.78929
 0.42347
 0.35271
 0.5226499999999999
 0.74656
 0.77941
 0.63275
 0.7672
 0.67924
 0.64515
 0.69099
 0.70733
 0.7098
 0.65235
 0.70044
 0.69804
 0.77651
 0.81545
 0.90642
 0.68296
 0.76019
 0.68518
 0.71468
 0.73638
 0.7997
 0.7333499999999999
 0.79822
 0.81558
 0
 0
 0
 0
 0
 0
 0
 0
 0
 0
 0
 0
 0
 0
 0
 0
 0
 0
 0
 0
 0
 0
 0
 0
 0
 0
 0
 0
 0
 0
 0
 0
 0
 0
 0
 0
 0
 0
 0
 0
 0
 0
 0
 0
 0
 0
 0
 0
 0
 0
 0
 0
 0
 0
 0
 0
 0
 0
 0
 0
 0
 0
 0
 0
 0
 0
 0
 0
 0
 0
 0
 0
 0
 0
 0
 0
 0
 0
 0
 0
 0
 0
 0
 0
 0
 0
 0
 0
 0
 0
 0
 0
 0
 0
 0
 0
 0
 0
 0
 0
 0
 0
 0
 0
 0
 0
 0
 0
 0
 0
 0
 0
 0
 0
 0
 0
 0
 0
 0
 0
 0
 0
 0
 0
 0
 0
 0
 0
 0
 0
 0
 0
 0
 0
 0
 0
 0
 0
 0
 0
 0
 0
 0
 0
 0
 0
 0
 0
 0
 0
 0
 0
 0.90816
 0.96982
 0.92067
 0.93404
 0.89757
 0.92698
 0.92386
 0.9119
 0.9144600000000001
 0.92306
 0.91509
 0.9180700000000001
 0.91672
 0.91118
 0.90648
 0.90838
 0.9071900000000001
 0.91434
 0.90674
 0.90295
 0.90479
 0.89945
 0.9128500000000001
 0.9039700000000001
 0.90912
 0.89662
 0.91517
 0.90567
 0
 0
 0
 0
 0
 0
 0
 0
 0
 0
 0
 0
 0
 0
 0
 0
 0
 0
 0
 0
 0
 0
 0
 0
 0
 0
 0
 0
 0
 0
 0
 0
 0
 0
 0
 0
 0
 0
 0
 0
 0
 0
 0
 0
 0
 0
 0
 0
 0
 0
 0
 0
 0
 0
 0
 0
 0
 0
 0
 0


