# Created by Octave 4.0.0, Sat Nov 21 16:32:22 2015 W. Europe Standard Time <unknown@Florian-PC>
# name: mus
# type: matrix
# ndims: 3
 1 30 19
 0
 0
 0.6391
 0.51263
 0.51139
 0.54167
 0.54637
 0.53316
 0.53472
 0.5359
 0.53851
 0.53788
 0.53359
 0.54273
 0.53974
 0.54427
 0.60188
 0.60732
 0.58145
 0.61316
 0.66917
 0.64394
 0.64649
 0.65365
 0.648
 0.6569199999999999
 0.65861
 0.64158
 0.64445
 0.64359
 0
 0
 0.33333
 1
 1
 0.8
 0.9
 1
 1
 1
 1
 1
 1
 1
 1
 0.93333
 0.93333
 0.95
 0.9
 0.85
 0.95
 0.95
 0.92
 0.96
 0.96
 1
 1
 1
 1
 1
 0
 0
 0.68394
 0.92603
 0.90755
 0.90755
 0.91888
 0.91553
 0.93689
 0.9832
 0.95343
 0.95124
 0.97204
 0.95882
 0.98276
 0.96311
 0.92459
 0.91967
 0.94042
 0.96031
 0.96622
 0.97011
 0.98939
 0.99014
 0.99873
 0.9878400000000001
 1
 0.99433
 0.99895
 0.99895
 0
 0
 0.5531700000000001
 0.76574
 0.80509
 0.80523
 0.84605
 0.9059700000000001
 0.91793
 0.9163
 0.92863
 0.92348
 0.9372200000000001
 0.93767
 0.93582
 0.93996
 0.9034799999999999
 0.9113599999999999
 0.93255
 0.9327800000000001
 0.9275
 0.93374
 0.95596
 0.95962
 0.96816
 0.96956
 0.97001
 0.96526
 0.9654
 0.96649
 0
 0
 0.33333
 1
 1
 0.83333
 0.85714
 1
 1
 1
 1
 1
 1
 1
 1
 1
 1
 0
 1
 1
 1
 1
 1
 1
 1
 1
 1
 1
 1
 1
 0
 0
 0.33333
 0.81573
 0.94314
 0.91737
 0.81957
 0.98466
 0.98382
 0.9577
 0.91089
 0.99155
 0.99272
 0.9940600000000001
 0.99292
 0.99219
 0.9780799999999999
 0.88422
 0.9914500000000001
 0.8944800000000001
 0.98883
 0.97182
 0.94402
 0.93904
 0.94398
 0.98375
 0.94874
 0.99863
 0.98362
 0.98988
 0
 0
 0.36788
 0.74414
 0.74714
 0.82157
 0.85078
 0.94587
 0.91145
 0.88553
 0.8486399999999999
 0.87987
 0.87818
 0.89785
 0.89878
 0.91636
 0.8941
 0.89618
 0.88814
 0.91543
 0.88476
 0.92244
 0.89889
 0.95458
 0.99609
 0.98422
 0.95287
 0.9034799999999999
 0.93294
 0.9186800000000001
 0
 0
 0.55218
 0.73302
 0.73919
 0.86281
 0.86204
 0.8934800000000001
 0.90788
 0.9039700000000001
 0.91771
 0.90825
 0.92746
 0.92533
 0.92531
 0.93692
 0.9131
 0.91357
 0.92317
 0.92613
 0.94421
 0.9454399999999999
 0.96208
 0.96698
 0.98094
 0.98036
 0.98481
 0.97737
 0.9847
 0.98163
 0
 0
 0.99939
 1
 1
 1
 1
 1
 1
 1
 1
 0.99878
 0.99241
 0.97656
 0.97235
 0.98123
 0.97102
 0.9681999999999999
 0.97231
 0.9648
 0.9649799999999999
 0.96393
 0.96277
 0.96316
 0.96528
 0.94593
 0.94198
 0.9557600000000001
 0.94935
 0.94654
 0
 0
 0.33333
 0.60526
 0.93887
 0.86764
 0.84627
 0.98225
 0.98393
 0.97254
 0.9139699999999999
 0.95825
 0.91301
 0.93514
 0.9373
 0.9355
 0.91535
 0.9505400000000001
 0.96608
 0.96105
 0.96311
 0.95979
 0.96314
 0.95818
 0.99934
 0.97868
 0.9861799999999999
 0.96994
 0.98072
 0.98437
 0
 0
 0.36788
 0.76146
 0.6897
 0.76471
 0.78487
 0.85882
 0.8564000000000001
 0.88933
 0.87127
 0.95231
 0.87265
 0.88324
 0.8859
 0.96429
 0.97917
 0.9124
 0.96275
 0.91412
 0.9811800000000001
 0.97122
 0.98358
 0.92603
 0.96982
 0.9457
 0.95581
 0.93958
 0.93934
 0.9505
 0
 0
 0
 0
 0
 0
 0
 0
 0
 0
 0
 0
 0
 0
 0
 0
 0
 0
 0
 0
 0
 0
 0
 0
 0
 0
 0
 0
 0
 0
 0
 0
 0
 0
 0
 0
 0
 0
 0
 0
 0
 0
 0
 0
 0
 0
 0
 0
 0
 0
 0
 0
 0
 0
 0
 0
 0
 0
 0
 0
 0
 0
 0
 0
 0
 0
 0
 0
 0
 0
 0
 0
 0
 0
 0
 0
 0
 0
 0
 0
 0
 0
 0
 0
 0
 0
 0
 0
 0
 0
 0
 0
 0
 0
 0
 0
 0
 0
 0
 0
 0
 0
 0
 0
 0
 0
 0
 0
 0
 0
 0
 0
 0
 0
 0
 0
 0
 0
 0
 0
 0
 0
 0
 0
 0
 0
 0
 0
 0
 0
 0
 0
 0
 0
 0
 0
 0
 0
 0
 0
 0
 0
 0
 0
 0
 0
 0
 0
 0
 0
 0
 0
 0.99999
 1
 1
 1
 1
 1
 0.99991
 1
 1
 0.99846
 0.99615
 0.98736
 0.98055
 0.97599
 0.97419
 0.96722
 0.96836
 0.97187
 0.96521
 0.96028
 0.9712499999999999
 0.96317
 0.95313
 0.94076
 0.94709
 0.9598100000000001
 0.95957
 0.94648
 0
 0
 0
 0
 0
 0
 0
 0
 0
 0
 0
 0
 0
 0
 0
 0
 0
 0
 0
 0
 0
 0
 0
 0
 0
 0
 0
 0
 0
 0
 0
 0
 0
 0
 0
 0
 0
 0
 0
 0
 0
 0
 0
 0
 0
 0
 0
 0
 0
 0
 0
 0
 0
 0
 0
 0
 0
 0
 0
 0


# name: vars
# type: matrix
# ndims: 3
 1 30 19
 0
 0
 0.082568
 0.052773
 0.047945
 0.042788
 0.035075
 0.036312
 0.027998
 0.032888
 0.022633
 0.018269
 0.018831
 0.017015
 0.017957
 0.019864
 0.01833
 0.01031
 0.03088
 0.012456
 0.014481
 0.012457
 0.011891
 0.00549
 0.00416
 0.005637
 0.010607
 0.006302
 0.008156
 0.006923
 0
 0
 0.33333
 0
 0
 0.2
 0.05
 0
 0
 0
 0
 0
 0
 0
 0
 0.02222
 0.02222
 0.0125
 0.05
 0.05
 0.0125
 0.0125
 0.032
 0.008
 0.008
 0
 0
 0
 0
 0
 0
 0
 0
 0
 0
 0
 0
 0
 0
 0
 0
 0
 0
 0
 0
 0
 0
 0
 0
 0
 0
 0
 0
 0
 0
 0
 0
 0
 0
 0
 0
 0
 0.18166
 0.034
 0.02597
 0.02847
 0.01228
 0.00882
 0.007849999999999999
 0.009209999999999999
 0.0052
 0.00626
 0.00326
 0.00359
 0.00363
 0.00302
 0.00338
 0.00307
 0.00321
 0.00286
 0.00286
 0.00249
 0.00209
 0.00197
 0.00153
 0.0014
 0.00144
 0.00158
 0.00164
 0.00147
 0
 0
 8.8966e-007
 1.9475e-010
 2.0703e-025
 1.3296e-022
 8.847000000000001e-018
 1.2717e-032
 5.0133e-030
 1.0065e-030
 1.0713e-028
 1.1155e-028
 4.452e-023
 1.2079e-009
 0.00037891
 9.862299999999999e-005
 4.764e-005
 0.00035904
 0.00065335
 4.8578e-011
 7.6285e-008
 0.00032691
 0.00016387
 0.00033228
 5.081e-005
 1.985e-008
 0.00046097
 3.1094e-005
 9.5826e-007
 3.3267e-007
 0
 0
 0
 0
 0
 0
 0
 0
 0
 0
 0
 0
 0
 0
 0
 0
 0
 0
 0
 0
 0
 0
 0
 0
 0
 0
 0
 0
 0
 0
 0
 0
 0
 0
 0
 0
 0
 0
 0
 0
 0
 0
 0
 0
 0
 0
 0
 0
 0
 0
 0
 0
 0
 0
 0
 0
 0
 0
 0
 0
 0
 0
 0.1807
 0.04616
 0.04889
 0.02759
 0.01754
 0.01293
 0.01107
 0.01265
 0.009090000000000001
 0.008460000000000001
 0.00475
 0.00598
 0.00773
 0.00367
 0.00382
 0.00351
 0.00376
 0.00341
 0.00248
 0.00227
 0.00195
 0.00184
 0.0009
 0.0027
 0.00158
 0.00204
 0.00055
 0.00248
 0
 0
 3e-006
 0
 0
 0
 0
 0
 0
 0
 0
 0.00017
 0.001779
 0.006988
 0.008514000000000001
 0.00375
 0.005866
 0.006593
 0.005824
 0.007407
 0.007456
 0.007216
 0.008909
 0.006983
 0.006775
 0.011634
 0.014289
 0.007893000000000001
 0.012484
 0.012469
 0
 0
 0
 0
 0
 0
 0
 0
 0
 0
 0
 0
 0
 0
 0
 0
 0
 0
 0
 0
 0
 0
 0
 0
 0
 0
 0
 0
 0
 0
 0
 0
 0
 0
 0
 0
 0
 0
 0
 0
 0
 0
 0
 0
 0
 0
 0
 0
 0
 0
 0
 0
 0
 0
 0
 0
 0
 0
 0
 0
 0
 0
 0
 0
 0
 0
 0
 0
 0
 0
 0
 0
 0
 0
 0
 0
 0
 0
 0
 0
 0
 0
 0
 0
 0
 0
 0
 0
 0
 0
 0
 0
 0
 0
 0
 0
 0
 0
 0
 0
 0
 0
 0
 0
 0
 0
 0
 0
 0
 0
 0
 0
 0
 0
 0
 0
 0
 0
 0
 0
 0
 0
 0
 0
 0
 0
 0
 0
 0
 0
 0
 0
 0
 0
 0
 0
 0
 0
 0
 0
 0
 0
 0
 0
 0
 0
 0
 0
 0
 0
 0
 0
 0
 0
 0
 0
 0
 0
 0
 0
 0
 0
 0
 0
 0
 0
 0
 0
 0
 0
 0
 0
 0
 0
 0
 0
 0
 0
 0
 0
 0
 0
 0
 0
 0
 0
 0
 0
 0
 0
 0
 0
 0
 0
 0
 0
 0
 0
 0
 0
 0
 0
 0
 0
 0
 0
 0
 0
 0
 0
 0
 0
 0
 0
 0
 0
 0
 0
 1e-006
 0
 0
 0.000343
 0.001078
 0.002982
 0.004575
 0.006416
 0.005598
 0.008302
 0.006186
 0.005567
 0.008000999999999999
 0.008631
 0.005157
 0.007701
 0.010533
 0.01189
 0.012488
 0.007724
 0.009615
 0.014284
 0
 0
 0
 0
 0
 0
 0
 0
 0
 0
 0
 0
 0
 0
 0
 0
 0
 0
 0
 0
 0
 0
 0
 0
 0
 0
 0
 0
 0
 0
 0
 0
 0
 0
 0
 0
 0
 0
 0
 0
 0
 0
 0
 0
 0
 0
 0
 0
 0
 0
 0
 0
 0
 0
 0
 0
 0
 0
 0
 0


