# Created by Octave 4.0.0, Sat Nov 21 16:32:18 2015 W. Europe Standard Time <unknown@Florian-PC>
# name: mus
# type: matrix
# ndims: 3
 1 30 19
 0
 0
 0.49373
 0.66414
 0.4962
 0.58207
 0.58145
 0.66837
 0.66225
 0.66923
 0.67487
 0.66667
 0.76949
 0.79145
 0.77308
 0.79688
 0.85934
 0.86364
 0.87469
 0.85526
 0.87469
 0.86364
 0.86814
 0.86198
 0.8666700000000001
 0.85692
 0.86652
 0.85969
 0.8653
 0.8666700000000001
 0
 0
 1
 0
 0.4
 0.4
 0.9
 0.8
 0.5
 0.6
 0.6
 0.6
 0.4
 0.53333
 0.53333
 0.43333
 0.35
 0.4
 0.46667
 0.45
 0.51
 0.49
 0.53
 0.58
 0.48
 0.60667
 0.6
 0.61333
 0.65333
 0.53333
 0
 0
 1
 0.5234
 0.51254
 0.71133
 0.59727
 0.64806
 0.65908
 0.5472900000000001
 0.48295
 0.59583
 0.39328
 0.61936
 0.60011
 0.49471
 0.57367
 0.53669
 0.47057
 0.5361900000000001
 0.5145
 0.5426299999999999
 0.52905
 0.5502899999999999
 0.52842
 0.5665
 0.55988
 0.64453
 0.55847
 0.60394
 0
 0
 1
 0.316
 0.65918
 0.5847
 0.77655
 0.71731
 0.67283
 0.6697
 0.60845
 0.62947
 0.55532
 0.5744
 0.62538
 0.58562
 0.49659
 0.46087
 0.51936
 0.54494
 0.50464
 0.56808
 0.50177
 0.5835399999999999
 0.4789
 0.51285
 0.49476
 0.56762
 0.5311399999999999
 0.58386
 0
 0
 1
 0
 0.4
 0.5
 0.85714
 0.625
 0.33333
 0.6
 0.63636
 0.58333
 0.46154
 0.66667
 0.6
 0.66667
 1
 1
 0
 1
 0
 0
 1
 0
 0
 1
 0
 0
 0
 1
 0
 0
 1
 0.33337
 0.46251
 0.48333
 0.9202399999999999
 0.67679
 0.45982
 0.54296
 0.65379
 0.58788
 0.48939
 0.64024
 0.59828
 0.6453
 0.70679
 0.63224
 0.31964
 0.67503
 0.37019
 0.3264
 0.73642
 0.40775
 0.39066
 0.72239
 0.09376
 0.29169
 0.41672
 0.66859
 0
 0
 1
 0.64363
 0.65068
 0.66316
 0.75109
 0.73198
 0.68425
 0.6877799999999999
 0.63098
 0.65315
 0.65358
 0.66142
 0.64257
 0.66283
 0.62975
 0.62834
 0.63772
 0.63189
 0.67213
 0.74742
 0.64542
 0.68787
 0.71404
 0.6496499999999999
 0.71775
 0.70977
 0.6833900000000001
 0.7161999999999999
 0
 0
 1
 0.34256
 0.60382
 0.55586
 0.70169
 0.73769
 0.6754
 0.65403
 0.58635
 0.66061
 0.51
 0.53993
 0.5726
 0.59463
 0.5289
 0.50537
 0.48978
 0.50829
 0.50924
 0.54943
 0.51606
 0.53871
 0.53124
 0.55088
 0.52466
 0.53993
 0.59176
 0.60908
 0
 0
 1
 1
 1
 1
 1
 1
 1
 1
 1
 1
 1
 1
 1
 1
 1
 1
 1
 1
 1
 1
 1
 1
 1
 1
 1
 1
 1
 1
 0
 0
 1
 0.33337
 0.44001
 0.45956
 0.85021
 0.82206
 0.50076
 0.55831
 0.50288
 0.58418
 0.4432
 0.47869
 0.57855
 0.62963
 0.50896
 0.64458
 0.4941
 0.424
 0.5668299999999999
 0.47573
 0.57663
 0.56502
 0.68558
 0.50083
 0.36476
 0.58753
 0.9920099999999999
 0.29904
 0
 0
 1
 0.6996599999999999
 0.71016
 0.66798
 0.79862
 0.84154
 0.69228
 0.70756
 0.7196900000000001
 0.70914
 0.63941
 0.69552
 0.611
 0.74718
 0.64968
 0.7631
 0.60029
 0.78323
 0.66983
 0.74309
 0.69638
 0.66917
 0.71069
 0.6502
 0.70218
 0.66448
 0.68613
 0.6807299999999999
 0
 0
 0
 0
 0
 0
 0
 0
 0
 0
 0
 0
 0
 0
 0
 0
 0
 0
 0
 0
 0
 0
 0
 0
 0
 0
 0
 0
 0
 0
 0
 0
 0
 0
 0
 0
 0
 0
 0
 0
 0
 0
 0
 0
 0
 0
 0
 0
 0
 0
 0
 0
 0
 0
 0
 0
 0
 0
 0
 0
 0
 0
 0
 0
 0
 0
 0
 0
 0
 0
 0
 0
 0
 0
 0
 0
 0
 0
 0
 0
 0
 0
 0
 0
 0
 0
 0
 0
 0
 0
 0
 0
 0
 0
 0
 0
 0
 0
 0
 0
 0
 0
 0
 0
 0
 0
 0
 0
 0
 0
 0
 0
 0
 0
 0
 0
 0
 0
 0
 0
 0
 0
 0
 0
 0
 0
 0
 0
 0
 0
 0
 0
 0
 0
 0
 0
 0
 0
 0
 0
 0
 0
 0
 0
 0
 0
 0
 0
 0
 0
 0
 0
 1
 1
 1
 1
 1
 1
 1
 1
 1
 1
 1
 1
 1
 1
 1
 1
 1
 1
 1
 1
 1
 1
 1
 1
 1
 1
 1
 1
 0
 0
 0
 0
 0
 0
 0
 0
 0
 0
 0
 0
 0
 0
 0
 0
 0
 0
 0
 0
 0
 0
 0
 0
 0
 0
 0
 0
 0
 0
 0
 0
 0
 0
 0
 0
 0
 0
 0
 0
 0
 0
 0
 0
 0
 0
 0
 0
 0
 0
 0
 0
 0
 0
 0
 0
 0
 0
 0
 0


# name: vars
# type: matrix
# ndims: 3
 1 30 19
 0
 0
 0.080137
 0.057604
 0.052165
 0.044122
 0.042901
 0.030958
 0.022967
 0.012186
 0.026707
 0.019097
 0.010979
 0.011032
 0.008534999999999999
 0.007558
 0.009984
 0.005799
 0.007057
 0.005526
 0.002825
 0.007292
 0.00392
 0.003407
 0.005638
 0.005417
 0.005718
 0.002053
 0.00366
 0.001667
 0
 0
 0
 0
 0.3
 0.3
 0.05
 0.075
 0.125
 0.05
 0.175
 0.06389
 0.06389
 0.14444
 0.08889
 0.13333
 0.06389
 0.03264
 0.06806
 0.04375
 0.06925000000000001
 0.0405
 0.022
 0.062
 0.052
 0.08356
 0.06889000000000001
 0.05589
 0.04256
 0.00556
 0
 0
 0
 0
 0
 0
 0
 0
 0
 0
 0
 0
 0
 0
 0
 0
 0
 0
 0
 0
 0
 0
 0
 0
 0
 0
 0
 0
 0
 0
 0
 0
 0
 0.009763000000000001
 0.08343299999999999
 0.089854
 0.045016
 0.06795900000000001
 0.064447
 0.061926
 0.066562
 0.054829
 0.059793
 0.057085
 0.054952
 0.047515
 0.052904
 0.044362
 0.049848
 0.046898
 0.049042
 0.045093
 0.045484
 0.041886
 0.049001
 0.039666
 0.042055
 0.042844
 0.039008
 0.03894
 0
 0
 0
 0
 0
 0
 0
 0
 0
 0
 0
 0
 0
 0
 0
 0
 0
 0
 0
 0
 0
 0
 0
 0
 0
 0
 0
 0
 0
 0
 0
 0
 0
 0
 0
 0
 0
 0
 0
 0
 0
 0
 0
 0
 0
 0
 0
 0
 0
 0
 0
 0
 0
 0
 0
 0
 0
 0
 0
 0
 0
 0
 0
 0
 0
 0
 0
 0
 0
 0
 0
 0
 0
 0
 0
 0
 0
 0
 0
 0
 0
 0
 0
 0
 0
 0
 0
 0
 0
 0
 0
 0
 0
 0.012271
 0.06133
 0.041872
 0.05622
 0.046082
 0.052947
 0.039042
 0.041992
 0.037893
 0.049388
 0.048281
 0.051587
 0.04529
 0.053966
 0.049133
 0.055059
 0.05409
 0.060699
 0.054802
 0.059281
 0.06524099999999999
 0.06311899999999999
 0.061841
 0.06096
 0.065359
 0.06467000000000001
 0.054293
 0
 0
 0
 0
 0
 0
 0
 0
 0
 0
 0
 0
 0
 0
 0
 0
 0
 0
 0
 0
 0
 0
 0
 0
 0
 0
 0
 0
 0
 0
 0
 0
 0
 0
 0
 0
 0
 0
 0
 0
 0
 0
 0
 0
 0
 0
 0
 0
 0
 0
 0
 0
 0
 0
 0
 0
 0
 0
 0
 0
 0
 0
 0
 0
 0
 0
 0
 0
 0
 0
 0
 0
 0
 0
 0
 0
 0
 0
 0
 0
 0
 0
 0
 0
 0
 0
 0
 0
 0
 0
 0
 0
 0
 0
 0
 0
 0
 0
 0
 0
 0
 0
 0
 0
 0
 0
 0
 0
 0
 0
 0
 0
 0
 0
 0
 0
 0
 0
 0
 0
 0
 0
 0
 0
 0
 0
 0
 0
 0
 0
 0
 0
 0
 0
 0
 0
 0
 0
 0
 0
 0
 0
 0
 0
 0
 0
 0
 0
 0
 0
 0
 0
 0
 0
 0
 0
 0
 0
 0
 0
 0
 0
 0
 0
 0
 0
 0
 0
 0
 0
 0
 0
 0
 0
 0
 0
 0
 0
 0
 0
 0
 0
 0
 0
 0
 0
 0
 0
 0
 0
 0
 0
 0
 0
 0
 0
 0
 0
 0
 0
 0
 0
 0
 0
 0
 0
 0
 0
 0
 0
 0
 0
 0
 0
 0
 0
 0
 0
 0
 0
 0
 0
 0
 0
 0
 0
 0
 0
 0
 0
 0
 0
 0
 0
 0
 0
 0
 0
 0
 0
 0
 0
 0
 0
 0
 0
 0
 0
 0
 0
 0
 0
 0
 0
 0
 0
 0
 0
 0
 0
 0
 0
 0
 0
 0
 0
 0
 0
 0
 0
 0
 0
 0
 0
 0
 0
 0
 0
 0
 0
 0
 0
 0
 0
 0
 0
 0
 0
 0
 0
 0
 0
 0
 0
 0
 0
 0
 0
 0
 0
 0
 0
 0
 0
 0
 0
 0
 0
 0
 0
 0
 0
 0
 0
 0
 0
 0
 0
 0
 0
 0
 0
 0
 0
 0
 0
 0
 0
 0
 0


