# Created by Octave 4.0.0, Sat Nov 21 16:32:00 2015 W. Europe Standard Time <unknown@Florian-PC>
# name: mus
# type: matrix
# ndims: 3
 1 30 19
 0
 0
 0.56892
 0.65657
 0.60506
 0.56313
 0.61404
 0.60714
 0.60795
 0.66923
 0.78598
 0.75
 0.7769200000000001
 0.7786999999999999
 0.83974
 0.84635
 0.82666
 0.8093399999999999
 0.81454
 0.8
 0.74687
 0.77652
 0.77863
 0.78906
 0.81333
 0.82308
 0.84271
 0.84694
 0.83485
 0.84615
 0
 0
 0.66667
 1
 1
 1
 0.6
 0.9
 0.8
 0.7
 0.46667
 0.83333
 0.7
 0.73333
 0.73333
 0.8
 0.9
 0.83333
 0.66667
 0.6
 0.62
 0.65
 0.68
 0.79
 0.84
 0.84
 0.89333
 0.92667
 0.93333
 0.96667
 0
 0
 0.69248
 0.87896
 0.96207
 0.89886
 0.88265
 0.81079
 0.87854
 0.77749
 0.83709
 0.84062
 0.85241
 0.84549
 0.9045
 0.83373
 0.86641
 0.86216
 0.82589
 0.8429
 0.84044
 0.85746
 0.84221
 0.84556
 0.84964
 0.85909
 0.85288
 0.87815
 0.85893
 0.90779
 0
 0
 0.71601
 0.97467
 0.84914
 0.8472
 0.81474
 0.7888500000000001
 0.88182
 0.76466
 0.69043
 0.7198099999999999
 0.74212
 0.76355
 0.7633
 0.77851
 0.77521
 0.79015
 0.73421
 0.74968
 0.75609
 0.7764799999999999
 0.77937
 0.7726
 0.77527
 0.79332
 0.78243
 0.79338
 0.79819
 0.81116
 0
 0
 0.66667
 1
 1
 1
 0.85714
 0.75
 1
 0.9
 0.81818
 0.83333
 0.92308
 0.77778
 1
 1
 1
 1
 1
 1
 1
 0
 1
 1
 1
 1
 1
 1
 1
 1
 0
 0
 0.67757
 0.9995000000000001
 0.82769
 0.91174
 0.84029
 0.81071
 0.80867
 0.78406
 0.72496
 0.6986
 0.73585
 0.71575
 0.77698
 0.76
 0.78086
 0.81313
 0.73262
 0.6997100000000001
 0.86534
 0.73223
 0.74843
 0.77619
 0.72275
 0.73835
 0.78044
 0.74156
 0.92784
 0.81713
 0
 0
 0.36788
 0.73268
 0.82933
 0.82637
 0.83309
 0.84111
 0.87753
 0.77708
 0.78855
 0.7596000000000001
 0.78098
 0.81569
 0.80894
 0.83601
 0.79183
 0.84068
 0.7995
 0.80198
 0.77812
 0.8158300000000001
 0.78906
 0.79915
 0.79069
 0.84134
 0.82226
 0.8082
 0.8364
 0.75471
 0
 0
 0.7194
 0.96127
 0.85101
 0.79344
 0.82856
 0.80865
 0.858
 0.74651
 0.65998
 0.7097
 0.72717
 0.74765
 0.75169
 0.78479
 0.78155
 0.80733
 0.74895
 0.75697
 0.77739
 0.79257
 0.80071
 0.7980699999999999
 0.77826
 0.79935
 0.80542
 0.81112
 0.82172
 0.81955
 0
 0
 1
 1
 1
 1
 1
 1
 1
 1
 1
 0.99995
 0.99626
 0.98359
 0.98188
 0.97705
 0.97524
 0.97396
 0.96871
 0.9624
 0.95513
 0.95751
 0.96591
 0.95845
 0.95721
 0.96069
 0.94937
 0.95844
 0.9520999999999999
 0.9606
 0
 0
 0.7229100000000001
 0.99997
 0.75368
 0.85939
 0.85702
 0.7688700000000001
 0.95159
 0.71392
 0.68372
 0.66273
 0.69381
 0.82428
 0.7242
 0.74964
 0.75759
 0.77845
 0.72534
 0.74187
 0.83291
 0.83042
 0.78069
 0.77478
 0.76942
 0.78757
 0.79608
 0.79158
 0.78117
 0.81345
 0
 0
 0.36788
 0.73421
 0.82712
 0.80426
 0.82784
 0.82964
 0.8568
 0.76908
 0.73859
 0.74144
 0.88052
 0.7908500000000001
 0.78545
 0.78182
 0.81603
 0.8109
 0.74897
 0.79027
 0.76417
 0.78652
 0.80175
 0.78761
 0.79581
 0.78372
 0.80058
 0.8000699999999999
 0.7947
 0.78891
 0
 0
 0
 0
 0
 0
 0
 0
 0
 0
 0
 0
 0
 0
 0
 0
 0
 0
 0
 0
 0
 0
 0
 0
 0
 0
 0
 0
 0
 0
 0
 0
 0
 0
 0
 0
 0
 0
 0
 0
 0
 0
 0
 0
 0
 0
 0
 0
 0
 0
 0
 0
 0
 0
 0
 0
 0
 0
 0
 0
 0
 0
 0
 0
 0
 0
 0
 0
 0
 0
 0
 0
 0
 0
 0
 0
 0
 0
 0
 0
 0
 0
 0
 0
 0
 0
 0
 0
 0
 0
 0
 0
 0
 0
 0
 0
 0
 0
 0
 0
 0
 0
 0
 0
 0
 0
 0
 0
 0
 0
 0
 0
 0
 0
 0
 0
 0
 0
 0
 0
 0
 0
 0
 0
 0
 0
 0
 0
 0
 0
 0
 0
 0
 0
 0
 0
 0
 0
 0
 0
 0
 0
 0
 0
 0
 0
 0
 0
 0
 0
 0
 0
 1
 1
 1
 1
 1
 1
 0.99114
 1
 1
 0.99736
 0.99871
 0.98453
 0.98159
 0.97615
 0.96539
 0.96868
 0.97109
 0.95719
 0.9539800000000001
 0.9627
 0.96578
 0.96063
 0.94876
 0.9623699999999999
 0.95451
 0.95877
 0.9499
 0.95313
 0
 0
 0
 0
 0
 0
 0
 0
 0
 0
 0
 0
 0
 0
 0
 0
 0
 0
 0
 0
 0
 0
 0
 0
 0
 0
 0
 0
 0
 0
 0
 0
 0
 0
 0
 0
 0
 0
 0
 0
 0
 0
 0
 0
 0
 0
 0
 0
 0
 0
 0
 0
 0
 0
 0
 0
 0
 0
 0
 0


# name: vars
# type: matrix
# ndims: 3
 1 30 19
 0
 0
 0.097276
 0.06834899999999999
 0.049205
 0.03997
 0.036418
 0.03125
 0.025345
 0.017449
 0.018901
 0.018229
 0.018915
 0.01385
 0.006757
 0.007466
 0.008264000000000001
 0.010604
 0.010698
 0.008333
 0.036546
 0.006092
 0.012504
 0.005664
 0.013638
 0.008199
 0.003855
 0.008522
 0.005193
 0.003248
 0
 0
 0.33333
 0
 0
 0
 0.175
 0.05
 0.2
 0.2
 0.25556
 0.05556
 0.08889
 0.13333
 0.13333
 0.08889
 0.01875
 0.05556
 0.12847
 0.08125
 0.07825
 0.055
 0.047
 0.0205
 0.028
 0.028
 0.00967
 0.01022
 0.008330000000000001
 0.00556
 0
 0
 0
 0
 0
 0
 0
 0
 0
 0
 0
 0
 0
 0
 0
 0
 0
 0
 0
 0
 0
 0
 0
 0
 0
 0
 0
 0
 0
 0
 0
 0
 0.17501
 0.00993
 0.02315
 0.0143
 0.02245
 0.01378
 0.01199
 0.01003
 0.007900000000000001
 0.00658
 0.00643
 0.00634
 0.00563
 0.00422
 0.00455
 0.00414
 0.00375
 0.00333
 0.00331
 0.00368
 0.00322
 0.003
 0.00365
 0.00344
 0.00316
 0.00341
 0.00286
 0.0037
 0
 0
 2.2056e-006
 9.3318e-012
 1.5345e-016
 1.1688e-023
 4.3654e-033
 1.1289e-031
 2.4949e-030
 2.1522e-030
 1.0681e-028
 1.806e-028
 3.0409e-015
 2.1042e-014
 1.3623e-007
 4.9972e-005
 1.1406e-007
 1.0407e-006
 0.00011958
 2.4544e-005
 5.9593e-010
 0.00013214
 2.7907e-009
 1.044e-007
 5.0157e-009
 3.5953e-011
 0.0002594
 1.8034e-006
 7.9721e-008
 0.00028075
 0
 0
 0
 0
 0
 0
 0
 0
 0
 0
 0
 0
 0
 0
 0
 0
 0
 0
 0
 0
 0
 0
 0
 0
 0
 0
 0
 0
 0
 0
 0
 0
 0
 0
 0
 0
 0
 0
 0
 0
 0
 0
 0
 0
 0
 0
 0
 0
 0
 0
 0
 0
 0
 0
 0
 0
 0
 0
 0
 0
 0
 0
 0.17709
 0.02366
 0.02333
 0.02496
 0.02319
 0.02141
 0.01717
 0.0165
 0.01342
 0.01418
 0.01227
 0.01283
 0.01234
 0.01099
 0.00974
 0.00827
 0.0083
 0.00915
 0.00686
 0.00622
 0.008699999999999999
 0.00533
 0.00594
 0.00558
 0.00631
 0.008240000000000001
 0.00481
 0.01341
 0
 0
 0
 0
 0
 0
 0
 0
 0
 0
 0
 0
 0.000844
 0.004361
 0.004283
 0.005839
 0.005681
 0.005243
 0.006624
 0.009109000000000001
 0.010755
 0.011122
 0.007479
 0.009126
 0.008425
 0.007952000000000001
 0.010733
 0.008673999999999999
 0.011754
 0.008449999999999999
 0
 0
 0
 0
 0
 0
 0
 0
 0
 0
 0
 0
 0
 0
 0
 0
 0
 0
 0
 0
 0
 0
 0
 0
 0
 0
 0
 0
 0
 0
 0
 0
 0
 0
 0
 0
 0
 0
 0
 0
 0
 0
 0
 0
 0
 0
 0
 0
 0
 0
 0
 0
 0
 0
 0
 0
 0
 0
 0
 0
 0
 0
 0
 0
 0
 0
 0
 0
 0
 0
 0
 0
 0
 0
 0
 0
 0
 0
 0
 0
 0
 0
 0
 0
 0
 0
 0
 0
 0
 0
 0
 0
 0
 0
 0
 0
 0
 0
 0
 0
 0
 0
 0
 0
 0
 0
 0
 0
 0
 0
 0
 0
 0
 0
 0
 0
 0
 0
 0
 0
 0
 0
 0
 0
 0
 0
 0
 0
 0
 0
 0
 0
 0
 0
 0
 0
 0
 0
 0
 0
 0
 0
 0
 0
 0
 0
 0
 0
 0
 0
 0
 0
 0
 0
 0
 0
 0
 0
 0
 0
 0
 0
 0
 0
 0
 0
 0
 0
 0
 0
 0
 0
 0
 0
 0
 0
 0
 0
 0
 0
 0
 0
 0
 0
 0
 0
 0
 0
 0
 0
 0
 0
 0
 0
 0
 0
 0
 0
 0
 0
 0
 0
 0
 0
 0
 0
 0
 0
 0
 0
 0
 0
 0
 0
 0
 0
 0
 0
 0.006364
 0
 0
 0.001003
 7.4e-005
 0.003296
 0.004278
 0.005453
 0.011278
 0.008317
 0.005789
 0.009390000000000001
 0.012329
 0.007623
 0.006757
 0.008258
 0.011979
 0.008144999999999999
 0.009592
 0.009138
 0.011681
 0.01079
 0
 0
 0
 0
 0
 0
 0
 0
 0
 0
 0
 0
 0
 0
 0
 0
 0
 0
 0
 0
 0
 0
 0
 0
 0
 0
 0
 0
 0
 0
 0
 0
 0
 0
 0
 0
 0
 0
 0
 0
 0
 0
 0
 0
 0
 0
 0
 0
 0
 0
 0
 0
 0
 0
 0
 0
 0
 0
 0
 0


