# Created by Octave 4.0.0, Sat Nov 21 16:32:11 2015 W. Europe Standard Time <unknown@Florian-PC>
# name: mus
# type: matrix
# ndims: 3
 1 30 19
 0
 0
 0.66165
 0.67677
 0.72911
 0.72854
 0.74185
 0.72449
 0.73422
 0.73333
 0.73422
 0.74495
 0.7864100000000001
 0.78699
 0.78974
 0.79427
 0.79596
 0.85354
 0.79449
 0.86053
 0.87218
 0.85101
 0.84371
 0.86719
 0.85333
 0.8666700000000001
 0.86652
 0.86607
 0.86461
 0.8666700000000001
 0
 0
 0.33333
 0.75
 0.6
 0.8
 0.7
 0.6
 0.9
 0.8
 0.8
 0.73333
 0.6333299999999999
 0.7
 0.66667
 0.6
 0.75
 0.55
 0.7
 0.6
 0.55
 0.72
 0.6
 0.58
 0.76
 0.58
 0.67333
 0.7466699999999999
 0.76667
 0.9
 0
 0
 0.72345
 0.79887
 0.8043400000000001
 0.75382
 0.83038
 0.72081
 0.5742699999999999
 0.77117
 0.6513600000000001
 0.65595
 0.48697
 0.68848
 0.28203
 0.55516
 0.60107
 0.51762
 0.5462
 0.55876
 0.55809
 0.55066
 0.57591
 0.51979
 0.59131
 0.56465
 0.67754
 0.6131799999999999
 0.59695
 0.67875
 0
 0
 0.44336
 0.67746
 0.64024
 0.6279
 0.60261
 0.59449
 0.6318
 0.6439
 0.61
 0.66873
 0.54595
 0.52723
 0.53118
 0.51847
 0.54478
 0.52637
 0.5339699999999999
 0.51737
 0.51076
 0.50585
 0.52742
 0.51746
 0.53818
 0.54399
 0.54897
 0.5526799999999999
 0.5595599999999999
 0.57075
 0
 0
 0
 0.75
 0.6
 0.66667
 0.57143
 0.75
 0.66667
 0.6
 0.63636
 0.91667
 0.23077
 0.44444
 0.2
 0.66667
 0.5
 1
 0
 1
 0
 1
 0
 1
 1
 1
 1
 0
 0
 1
 0
 0
 0.25
 0.74986
 0.64615
 0.62987
 0.6019
 0.62976
 0.64376
 0.7033
 0.59875
 0.67443
 0.48554
 0.51449
 0.5041099999999999
 0.56335
 0.5384
 0.58851
 0.53331
 0.53011
 0.44983
 0.52325
 0.5223100000000001
 0.58258
 0.5552
 0.58765
 0.51612
 0.5294
 0.55531
 0.55501
 0
 0
 0.78929
 0.65873
 0.7079299999999999
 0.722
 0.74132
 0.78852
 0.73209
 0.7489400000000001
 0.71452
 0.72503
 0.66244
 0.6715
 0.69648
 0.68043
 0.66222
 0.68743
 0.66113
 0.66279
 0.70389
 0.70646
 0.62788
 0.66001
 0.65734
 0.68652
 0.68393
 0.68143
 0.6588000000000001
 0.71556
 0
 0
 0.4413
 0.63842
 0.6587
 0.63747
 0.61868
 0.57033
 0.6202299999999999
 0.62479
 0.58547
 0.63946
 0.53865
 0.53472
 0.54426
 0.5347
 0.5538
 0.53261
 0.52001
 0.51185
 0.50537
 0.51018
 0.5278
 0.52574
 0.54592
 0.54721
 0.54545
 0.55441
 0.5574
 0.56995
 0
 0
 0.99996
 1
 1
 1
 1
 1
 1
 1
 1
 0.99865
 0.99965
 0.99279
 0.9754699999999999
 0.97523
 0.97273
 0.96092
 0.97593
 0.96188
 0.96814
 0.9680800000000001
 0.96257
 0.95688
 0.95545
 0.95912
 0.9519
 0.95741
 0.9514
 0.94834
 0
 0
 0.24994
 0.87898
 0.62114
 0.64027
 0.60158
 0.5777600000000001
 0.58901
 0.60237
 0.58411
 0.64118
 0.52093
 0.52163
 0.5182099999999999
 0.52466
 0.5296999999999999
 0.50866
 0.5015500000000001
 0.49754
 0.50184
 0.50198
 0.51445
 0.5137
 0.52834
 0.5368000000000001
 0.53711
 0.5407999999999999
 0.55018
 0.55746
 0
 0
 0.78929
 0.6684
 0.70862
 0.70724
 0.76697
 0.71372
 0.74605
 0.72803
 0.6995400000000001
 0.70826
 0.66865
 0.75941
 0.67932
 0.6712399999999999
 0.70604
 0.65811
 0.65757
 0.64152
 0.65484
 0.63585
 0.63618
 0.64575
 0.66389
 0.64468
 0.64575
 0.09617000000000001
 0.67353
 0.69168
 0
 0
 0
 0
 0
 0
 0
 0
 0
 0
 0
 0
 0
 0
 0
 0
 0
 0
 0
 0
 0
 0
 0
 0
 0
 0
 0
 0
 0
 0
 0
 0
 0
 0
 0
 0
 0
 0
 0
 0
 0
 0
 0
 0
 0
 0
 0
 0
 0
 0
 0
 0
 0
 0
 0
 0
 0
 0
 0
 0
 0
 0
 0
 0
 0
 0
 0
 0
 0
 0
 0
 0
 0
 0
 0
 0
 0
 0
 0
 0
 0
 0
 0
 0
 0
 0
 0
 0
 0
 0
 0
 0
 0
 0
 0
 0
 0
 0
 0
 0
 0
 0
 0
 0
 0
 0
 0
 0
 0
 0
 0
 0
 0
 0
 0
 0
 0
 0
 0
 0
 0
 0
 0
 0
 0
 0
 0
 0
 0
 0
 0
 0
 0
 0
 0
 0
 0
 0
 0
 0
 0
 0
 0
 0
 0
 0
 0
 0
 0
 0
 0
 0
 0.99999
 1
 1
 1
 1
 1
 1
 0.99999
 0.99046
 0.9954
 0.99674
 0.99534
 0.97274
 0.97281
 0.97083
 0.96544
 0.97299
 0.96538
 0.96511
 0.96048
 0.95316
 0.9609
 0.95974
 0.96206
 0.95074
 0.95817
 0.94397
 0.96134
 0
 0
 0
 0
 0
 0
 0
 0
 0
 0
 0
 0
 0
 0
 0
 0
 0
 0
 0
 0
 0
 0
 0
 0
 0
 0
 0
 0
 0
 0
 0
 0
 0
 0
 0
 0
 0
 0
 0
 0
 0
 0
 0
 0
 0
 0
 0
 0
 0
 0
 0
 0
 0
 0
 0
 0
 0
 0
 0
 0


