# Created by Octave 4.0.0, Sat Nov 21 16:32:26 2015 W. Europe Standard Time <unknown@Florian-PC>
# name: mus
# type: matrix
# ndims: 3
 1 30 19
 0
 0
 0.64411
 0.51768
 0.52658
 0.54545
 0.54637
 0.59184
 0.61174
 0.6051299999999999
 0.5119899999999999
 0.5101
 0.51487
 0.50702
 0.5141
 0.51042
 0.66553
 0.82576
 0.76441
 0.87105
 0.8696700000000001
 0.83712
 0.84001
 0.88021
 0.86933
 0.88308
 0.8764999999999999
 0.85459
 0.84811
 0.8692299999999999
 0
 0
 0.33333
 1
 0.8
 1
 1
 1
 1
 1
 1
 1
 1
 1
 1
 1
 0.93333
 0.85
 0.9
 0.85
 0.9
 0.86
 0.87
 0.84
 0.84
 0.85333
 0.82
 0.82
 0.83333
 0.8666700000000001
 0
 0
 0.68394
 0.90381
 0.79897
 0.91466
 0.97682
 0.87351
 0.98386
 0.96529
 0.9123
 0.90976
 0.9718
 0.94514
 0.94317
 0.99095
 0.902
 0.82972
 0.81306
 0.84165
 0.86414
 0.86188
 0.93452
 0.88502
 0.90405
 0.88326
 0.89025
 0.89837
 0.88389
 0.918
 0
 0
 0.37384
 0.92631
 0.75428
 0.95113
 0.94765
 0.9583199999999999
 0.98333
 0.94121
 0.90102
 0.92554
 0.93346
 0.92848
 0.94314
 0.96497
 0.91532
 0.8425
 0.87154
 0.8499100000000001
 0.87102
 0.91912
 0.93082
 0.89885
 0.9063
 0.89596
 0.88988
 0.9254
 0.92576
 0.9347
 0
 0
 0.33333
 1
 0.6
 1
 1
 1
 1
 0.7
 0.63636
 0.83333
 0.84615
 1
 1
 1
 1
 0
 1
 0
 1
 1
 1
 1
 1
 1
 1
 1
 1
 1
 0
 0
 0.37624
 0.95458
 0.69151
 0.97659
 0.98117
 0.99288
 0.98355
 0.90206
 0.85938
 0.90987
 0.92078
 0.93114
 0.86343
 0.9671999999999999
 0.91271
 0.7472299999999999
 0.8418600000000001
 0.74032
 0.91059
 0.95264
 0.96433
 0.79239
 0.92369
 0.83546
 0.93857
 0.95565
 0.89056
 0.89009
 0
 0
 0.36788
 0.6497000000000001
 0.77735
 0.89737
 0.92605
 0.90906
 0.94846
 0.94031
 0.95194
 0.9563199999999999
 0.96673
 0.95275
 0.94674
 0.93994
 0.91282
 0.85983
 0.8575199999999999
 0.83778
 0.8403
 0.86372
 0.84921
 0.88215
 0.89768
 0.88015
 0.8344
 0.8333700000000001
 0.83629
 0.87365
 0
 0
 0.4241
 0.9001
 0.72036
 0.88332
 0.8772
 0.91711
 0.96026
 0.91589
 0.86905
 0.89457
 0.89711
 0.9063
 0.89612
 0.91412
 0.86496
 0.78492
 0.7927
 0.77214
 0.79814
 0.82773
 0.8374
 0.79884
 0.82056
 0.80359
 0.82052
 0.81523
 0.82819
 0.82962
 0
 0
 0.98828
 0.92425
 0.93091
 0.9193
 0.89821
 0.93237
 0.93175
 0.89254
 0.94233
 0.91838
 0.93571
 0.9303900000000001
 0.91364
 0.91552
 0.90681
 0.90778
 0.90179
 0.9155799999999999
 0.91247
 0.9099
 0.90354
 0.9071
 0.90291
 0.89454
 0.8976499999999999
 0.8938199999999999
 0.89377
 0.90108
 0
 0
 0.37167
 0.95638
 0.77415
 0.97461
 0.97715
 0.99257
 0.98644
 0.97701
 0.92177
 0.9288999999999999
 0.94053
 0.92748
 0.94782
 0.98817
 0.94965
 0.8488
 0.89793
 0.87793
 0.91267
 0.93823
 0.95773
 0.9000899999999999
 0.88859
 0.91289
 0.87935
 0.94071
 0.9377
 0.94637
 0
 0
 0.36788
 0.75414
 0.78779
 0.85524
 0.91784
 0.8885
 0.95621
 0.96212
 0.9626400000000001
 0.92804
 0.9833
 0.94626
 0.95923
 0.90868
 0.87215
 0.78631
 0.86961
 0.80092
 0.8802
 0.80581
 0.8501
 0.90989
 0.82365
 0.8768899999999999
 0.90346
 0.80949
 0.82037
 0.93147
 0
 0
 0
 0
 0
 0
 0
 0
 0
 0
 0
 0
 0
 0
 0
 0
 0
 0
 0
 0
 0
 0
 0
 0
 0
 0
 0
 0
 0
 0
 0
 0
 0
 0
 0
 0
 0
 0
 0
 0
 0
 0
 0
 0
 0
 0
 0
 0
 0
 0
 0
 0
 0
 0
 0
 0
 0
 0
 0
 0
 0
 0
 0
 0
 0
 0
 0
 0
 0
 0
 0
 0
 0
 0
 0
 0
 0
 0
 0
 0
 0
 0
 0
 0
 0
 0
 0
 0
 0
 0
 0
 0
 0
 0
 0
 0
 0
 0
 0
 0
 0
 0
 0
 0
 0
 0
 0
 0
 0
 0
 0
 0
 0
 0
 0
 0
 0
 0
 0
 0
 0
 0
 0
 0
 0
 0
 0
 0
 0
 0
 0
 0
 0
 0
 0
 0
 0
 0
 0
 0
 0
 0
 0
 0
 0
 0
 0
 0
 0
 0
 0
 0
 0.9315600000000001
 0.95457
 0.9462699999999999
 0.91222
 0.92254
 0.92098
 0.92776
 0.9029199999999999
 0.93408
 0.91771
 0.9113599999999999
 0.92611
 0.91399
 0.91257
 0.9147999999999999
 0.90962
 0.90509
 0.91267
 0.91439
 0.9073
 0.91265
 0.90021
 0.9035300000000001
 0.9116
 0.90773
 0.90572
 0.90001
 0.89441
 0
 0
 0
 0
 0
 0
 0
 0
 0
 0
 0
 0
 0
 0
 0
 0
 0
 0
 0
 0
 0
 0
 0
 0
 0
 0
 0
 0
 0
 0
 0
 0
 0
 0
 0
 0
 0
 0
 0
 0
 0
 0
 0
 0
 0
 0
 0
 0
 0
 0
 0
 0
 0
 0
 0
 0
 0
 0
 0
 0


