# Created by Octave 4.0.0, Sat Nov 21 16:32:26 2015 W. Europe Standard Time <unknown@Florian-PC>
# name: mus
# type: matrix
# ndims: 3
 1 30 19
 0
 0
 0.6716800000000001
 0.51515
 0.51646
 0.57323
 0.57644
 0.55357
 0.53598
 0.5359
 0.52462
 0.5404
 0.53462
 0.53827
 0.53846
 0.54167
 0.53566
 0.54167
 0.6415999999999999
 0.84474
 0.84211
 0.84975
 0.82722
 0.92448
 0.88533
 0.84615
 0.8388600000000001
 0.84311
 0.83082
 0.82051
 0
 0
 0.66667
 1
 1
 0.8
 0.9
 1
 0.8
 0.9
 0.9
 0.93333
 1
 0.93333
 0.93333
 1
 1
 0.95
 0.9
 0.8
 0.85
 0.85
 0.88
 0.84
 0.8
 0.76
 0.82
 0.89333
 0.9
 0.8666700000000001
 0
 0
 0.55943
 0.9529300000000001
 0.9312
 0.85748
 0.89359
 0.89747
 0.81623
 0.85372
 0.86152
 0.89313
 0.94076
 0.94697
 0.91431
 0.94037
 0.96809
 0.96672
 0.93136
 0.88931
 0.9102
 0.82352
 0.85034
 0.8616200000000001
 0.89127
 0.85112
 0.89977
 0.88444
 0.9137
 0.91055
 0
 0
 0.666
 0.91292
 0.94011
 0.92466
 0.8908199999999999
 0.93962
 0.78254
 0.88372
 0.90877
 0.90767
 0.91923
 0.92293
 0.9218499999999999
 0.93611
 0.9418
 0.94772
 0.9326100000000001
 0.8568
 0.89319
 0.85432
 0.87047
 0.85511
 0.8589599999999999
 0.89286
 0.88983
 0.89925
 0.90179
 0.9276
 0
 0
 0.33333
 1
 1
 1
 0.71429
 1
 0.66667
 1
 1
 0.83333
 1
 0.88889
 0.6
 1
 1
 1
 1
 1
 1
 1
 1
 1
 1
 1
 1
 1
 1
 1
 0
 0
 0.21917
 0.90788
 0.9434900000000001
 0.98513
 0.82294
 0.93824
 0.75878
 0.92847
 0.9133
 0.89701
 0.92622
 0.91112
 0.86957
 0.93338
 0.95346
 0.95789
 0.94325
 0.85671
 0.9206
 0.9257
 0.92747
 0.82984
 0.9385
 0.94389
 0.9261
 0.94613
 0.94026
 0.9515
 0
 0
 0.36788
 0.68857
 0.86799
 0.80385
 0.90578
 0.87024
 0.78142
 0.90277
 0.9483
 0.92259
 0.86556
 0.9193
 0.90232
 0.95932
 0.94017
 0.95145
 0.92228
 0.90512
 0.8398
 0.84001
 0.89156
 0.83609
 0.84704
 0.91552
 0.8892
 0.9
 0.90417
 0.90666
 0
 0
 0.6448
 0.86947
 0.90389
 0.8895999999999999
 0.87195
 0.91362
 0.75691
 0.84174
 0.86273
 0.8756699999999999
 0.87008
 0.8741
 0.88205
 0.89924
 0.89477
 0.89754
 0.8647899999999999
 0.80558
 0.83274
 0.77789
 0.79876
 0.7858000000000001
 0.79198
 0.79679
 0.79523
 0.81131
 0.81679
 0.82718
 0
 0
 0.94702
 0.91182
 0.96004
 0.93428
 0.89943
 0.91066
 0.9162400000000001
 0.90651
 0.91961
 0.9052
 0.9202399999999999
 0.92288
 0.91373
 0.91761
 0.90128
 0.91185
 0.91186
 0.89858
 0.90272
 0.90917
 0.89318
 0.90716
 0.90329
 0.90939
 0.8983
 0.90164
 0.9035300000000001
 0.9015300000000001
 0
 0
 0.22276
 0.87897
 0.9239000000000001
 0.9425
 0.85132
 0.93177
 0.7877999999999999
 0.8437
 0.86997
 0.93065
 0.94704
 0.94722
 0.9493200000000001
 0.94653
 0.95569
 0.97818
 0.95075
 0.8924299999999999
 0.82273
 0.86668
 0.90423
 0.89067
 0.87808
 0.89417
 0.8711
 0.92258
 0.8925999999999999
 0.93345
 0
 0
 0.36788
 0.68109
 0.85803
 0.80994
 0.9069
 0.85829
 0.92545
 0.92456
 0.88389
 0.96117
 0.84627
 0.45139
 0.87806
 0.91755
 0.96035
 0.89272
 0.89924
 0.8986
 0.8276
 0.45965
 0.8591
 0.8168800000000001
 0.9040899999999999
 0.86704
 0.80289
 0.88783
 0.91716
 0.81313
 0
 0
 0
 0
 0
 0
 0
 0
 0
 0
 0
 0
 0
 0
 0
 0
 0
 0
 0
 0
 0
 0
 0
 0
 0
 0
 0
 0
 0
 0
 0
 0
 0
 0
 0
 0
 0
 0
 0
 0
 0
 0
 0
 0
 0
 0
 0
 0
 0
 0
 0
 0
 0
 0
 0
 0
 0
 0
 0
 0
 0
 0
 0
 0
 0
 0
 0
 0
 0
 0
 0
 0
 0
 0
 0
 0
 0
 0
 0
 0
 0
 0
 0
 0
 0
 0
 0
 0
 0
 0
 0
 0
 0
 0
 0
 0
 0
 0
 0
 0
 0
 0
 0
 0
 0
 0
 0
 0
 0
 0
 0
 0
 0
 0
 0
 0
 0
 0
 0
 0
 0
 0
 0
 0
 0
 0
 0
 0
 0
 0
 0
 0
 0
 0
 0
 0
 0
 0
 0
 0
 0
 0
 0
 0
 0
 0
 0
 0
 0
 0
 0
 0
 0.90155
 0.89921
 0.9442
 0.9285600000000001
 0.90662
 0.90856
 0.91361
 0.90699
 0.92044
 0.94155
 0.91599
 0.91037
 0.91083
 0.91532
 0.90913
 0.91678
 0.90486
 0.90915
 0.91396
 0.90673
 0.90224
 0.9133
 0.8954
 0.90585
 0.9033
 0.9044
 0.89289
 0.90886
 0
 0
 0
 0
 0
 0
 0
 0
 0
 0
 0
 0
 0
 0
 0
 0
 0
 0
 0
 0
 0
 0
 0
 0
 0
 0
 0
 0
 0
 0
 0
 0
 0
 0
 0
 0
 0
 0
 0
 0
 0
 0
 0
 0
 0
 0
 0
 0
 0
 0
 0
 0
 0
 0
 0
 0
 0
 0
 0
 0


