# Created by Octave 4.0.0, Sat Nov 21 16:32:29 2015 W. Europe Standard Time <unknown@Florian-PC>
# name: mus
# type: matrix
# ndims: 3
 1 30 19
 0
 0
 0.62907
 0.61869
 0.61266
 0.5656600000000001
 0.56892
 0.55357
 0.5524
 0.52821
 0.52652
 0.51768
 0.52615
 0.52105
 0.59231
 0.69271
 0.59648
 0.58207
 0.47619
 0.52105
 0.4411
 0.50379
 0.50071
 0.55339
 0.67733
 0.67077
 0.7007
 0.66964
 0.7419
 0.72821
 0
 0
 0.33333
 1
 1
 0.8
 0.9
 0.9
 0.9
 0.9
 0.9
 1
 0.93333
 0.93333
 0.8666700000000001
 0.73333
 0.66667
 0.8
 0.75
 0.75
 0.62
 0.73
 0.73
 0.72
 0.68
 0.57333
 0.62
 0.58667
 0.61333
 0.73333
 0
 0
 0.62514
 0.93129
 0.9355
 0.89149
 0.92094
 0.91511
 0.91055
 0.90034
 0.89713
 0.9046999999999999
 0.89044
 0.9267300000000001
 0.9036999999999999
 0.85797
 0.79439
 0.82643
 0.7661
 0.81581
 0.72297
 0.79416
 0.74898
 0.77701
 0.77339
 0.8097800000000001
 0.72305
 0.7839
 0.77807
 0.81079
 0
 0
 0.58335
 0.9762
 0.975
 0.92766
 0.90074
 0.9065800000000001
 0.927
 0.94646
 0.95386
 0.94092
 0.95011
 0.96641
 0.91245
 0.87901
 0.84984
 0.8349800000000001
 0.81126
 0.80912
 0.87212
 0.86832
 0.80031
 0.7430099999999999
 0.74043
 0.69674
 0.7075399999999999
 0.75281
 0.78571
 0.8061700000000001
 0
 0
 0.66667
 1
 1
 1
 0.85714
 1
 0.77778
 1
 1
 1
 1
 1
 0.6
 1
 1
 1
 0
 1
 1
 1
 1
 0
 0
 1
 1
 0
 1
 1
 0
 0
 1
 1.33333
 1.3
 1.075
 0.91786
 1.0375
 0.83135
 1.00972
 0.98561
 0.98258
 0.9907899999999999
 0.99985
 0.77435
 0.94699
 0.94867
 1.00206
 0.5209
 0.84584
 0.92318
 1.01038
 0.92089
 0.5178700000000001
 0.44794
 1.01784
 1
 0.6875
 0.64602
 1
 0
 0
 0.78929
 0.77001
 0.97593
 0.97387
 0.94995
 0.9962299999999999
 0.92478
 0.96566
 0.94658
 0.91906
 0.92722
 0.96131
 0.92206
 0.88595
 0.87476
 0.87374
 0.81967
 0.83423
 0.86951
 0.85561
 0.8078
 0.82651
 0.76853
 0.79735
 0.78448
 0.79889
 0.78332
 0.83114
 0
 0
 0.58335
 0.85095
 0.89076
 0.92887
 0.9219000000000001
 0.91891
 0.93515
 0.95216
 0.95608
 0.9625
 0.96496
 0.97788
 0.93511
 0.88526
 0.86383
 0.82699
 0.80247
 0.80871
 0.83802
 0.82608
 0.78962
 0.7535500000000001
 0.73996
 0.71607
 0.71327
 0.74277
 0.77486
 0.81748
 0
 0
 1
 1
 1
 1
 1
 1
 1
 1
 1
 1
 1
 1
 1
 1
 1
 1
 1
 1
 1
 1
 1
 1
 1
 1
 1
 1
 1
 1
 0
 0
 1
 1.33333
 1.42385
 1.0342
 0.9775
 0.92576
 0.8762799999999999
 0.93193
 0.89041
 0.90535
 0.9087499999999999
 0.9197
 0.86499
 0.81091
 0.78883
 0.77428
 0.75327
 0.75693
 0.84668
 0.903
 0.69906
 0.56921
 0.74439
 0.79903
 0.991
 0.8817199999999999
 0.49617
 1
 0
 0
 0.78929
 0.77001
 1.08541
 1.01842
 0.94182
 1.00875
 0.93241
 0.88612
 0.90682
 0.96322
 1.02169
 0.91789
 0.9144
 0.96416
 0.92482
 1.01136
 0.88508
 0.79223
 0.9285600000000001
 0.86809
 0.75949
 0.85422
 0.79297
 0.82507
 0.80147
 0.81409
 0.83346
 0.82019
 0
 0
 0
 0
 0
 0
 0
 0
 0
 0
 0
 0
 0
 0
 0
 0
 0
 0
 0
 0
 0
 0
 0
 0
 0
 0
 0
 0
 0
 0
 0
 0
 0
 0
 0
 0
 0
 0
 0
 0
 0
 0
 0
 0
 0
 0
 0
 0
 0
 0
 0
 0
 0
 0
 0
 0
 0
 0
 0
 0
 0
 0
 0
 0
 0
 0
 0
 0
 0
 0
 0
 0
 0
 0
 0
 0
 0
 0
 0
 0
 0
 0
 0
 0
 0
 0
 0
 0
 0
 0
 0
 0
 0
 0
 0
 0
 0
 0
 0
 0
 0
 0
 0
 0
 0
 0
 0
 0
 0
 0
 0
 0
 0
 0
 0
 0
 0
 0
 0
 0
 0
 0
 0
 0
 0
 0
 0
 0
 0
 0
 0
 0
 0
 0
 0
 0
 0
 0
 0
 0
 0
 0
 0
 0
 0
 0
 0
 0
 0
 0
 0
 0
 1
 1
 1
 1
 1
 1
 1
 1
 1
 1
 1
 1
 1
 1
 1
 1
 1
 1
 1
 1
 1
 1
 1
 1
 1
 1
 1
 1
 0
 0
 0
 0
 0
 0
 0
 0
 0
 0
 0
 0
 0
 0
 0
 0
 0
 0
 0
 0
 0
 0
 0
 0
 0
 0
 0
 0
 0
 0
 0
 0
 0
 0
 0
 0
 0
 0
 0
 0
 0
 0
 0
 0
 0
 0
 0
 0
 0
 0
 0
 0
 0
 0
 0
 0
 0
 0
 0
 0


# name: vars
# type: matrix
# ndims: 3
 1 30 19
 0
 0
 0.07012500000000001
 0.06804
 0.053684
 0.038358
 0.041903
 0.028646
 0.025848
 0.030499
 0.029206
 0.031145
 0.020296
 0.012591
 0.009005000000000001
 0.010502
 0.017605
 0.014585
 0.026171
 0.008699
 0.019109
 0.016301
 0.009408
 0.007868999999999999
 0.006735
 0.006874
 0.00616
 0.005041
 0.005195
 0.006823
 0
 0
 0.33333
 0
 0
 0.2
 0.05
 0.05
 0.05
 0.05
 0.05
 0
 0.02222
 0.02222
 0.03333
 0.13333
 0.22222
 0.10625
 0.09375
 0.0625
 0.07825
 0.077
 0.09950000000000001
 0.112
 0.07199999999999999
 0.09021999999999999
 0.172
 0.14589
 0.11144
 0.03611
 0
 0
 0
 0
 0
 0
 0
 0
 0
 0
 0
 0
 0
 0
 0
 0
 0
 0
 0
 0
 0
 0
 0
 0
 0
 0
 0
 0
 0
 0
 0
 0
 0.15623
 0.0005999999999999999
 0.00521
 0.02722
 0.02522
 0.02243
 0.01662
 0.01017
 0.00937
 0.01238
 0.01041
 0.00633
 0.01846
 0.02435
 0.02593
 0.03087
 0.03078
 0.03257
 0.02352
 0.02252
 0.03062
 0.03443
 0.0333
 0.03754
 0.03439
 0.03594
 0.03245
 0.02966
 0
 0
 0
 0
 0
 0
 0
 0
 0
 0
 0
 0
 0
 0
 0
 0
 0
 0
 0
 0
 0
 0
 0
 0
 0
 0
 0
 0
 0
 0
 0
 0
 0
 0
 0
 0
 0
 0
 0
 0
 0
 0
 0
 0
 0
 0
 0
 0
 0
 0
 0
 0
 0
 0
 0
 0
 0
 0
 0
 0
 0
 0
 0
 0
 0
 0
 0
 0
 0
 0
 0
 0
 0
 0
 0
 0
 0
 0
 0
 0
 0
 0
 0
 0
 0
 0
 0
 0
 0
 0
 0
 0
 0.15623
 0.0237
 0.04389
 0.01483
 0.01853
 0.01174
 0.00944
 0.00701
 0.00666
 0.00579
 0.00566
 0.00407
 0.01187
 0.02113
 0.02571
 0.03022
 0.02933
 0.03349
 0.03514
 0.02957
 0.02567
 0.03565
 0.03331
 0.03917
 0.03845
 0.04886
 0.04031
 0.03262
 0
 0
 0
 0
 0
 0
 0
 0
 0
 0
 0
 0
 0
 0
 0
 0
 0
 0
 0
 0
 0
 0
 0
 0
 0
 0
 0
 0
 0
 0
 0
 0
 0
 0
 0
 0
 0
 0
 0
 0
 0
 0
 0
 0
 0
 0
 0
 0
 0
 0
 0
 0
 0
 0
 0
 0
 0
 0
 0
 0
 0
 0
 0
 0
 0
 0
 0
 0
 0
 0
 0
 0
 0
 0
 0
 0
 0
 0
 0
 0
 0
 0
 0
 0
 0
 0
 0
 0
 0
 0
 0
 0
 0
 0
 0
 0
 0
 0
 0
 0
 0
 0
 0
 0
 0
 0
 0
 0
 0
 0
 0
 0
 0
 0
 0
 0
 0
 0
 0
 0
 0
 0
 0
 0
 0
 0
 0
 0
 0
 0
 0
 0
 0
 0
 0
 0
 0
 0
 0
 0
 0
 0
 0
 0
 0
 0
 0
 0
 0
 0
 0
 0
 0
 0
 0
 0
 0
 0
 0
 0
 0
 0
 0
 0
 0
 0
 0
 0
 0
 0
 0
 0
 0
 0
 0
 0
 0
 0
 0
 0
 0
 0
 0
 0
 0
 0
 0
 0
 0
 0
 0
 0
 0
 0
 0
 0
 0
 0
 0
 0
 0
 0
 0
 0
 0
 0
 0
 0
 0
 0
 0
 0
 0
 0
 0
 0
 0
 0
 0
 0
 0
 0
 0
 0
 0
 0
 0
 0
 0
 0
 0
 0
 0
 0
 0
 0
 0
 0
 0
 0
 0
 0
 0
 0
 0
 0
 0
 0
 0
 0
 0
 0
 0
 0
 0
 0
 0
 0
 0
 0
 0
 0
 0
 0
 0
 0
 0
 0
 0
 0
 0
 0
 0
 0
 0
 0
 0
 0
 0
 0
 0
 0
 0
 0
 0
 0
 0
 0
 0
 0
 0
 0
 0
 0
 0
 0
 0
 0
 0
 0
 0
 0
 0
 0
 0
 0
 0
 0
 0
 0
 0
 0
 0
 0
 0
 0
 0
 0
 0
 0
 0
 0
 0
 0
 0
 0
 0
 0
 0
 0


