# Created by Octave 4.0.0, Sat Nov 21 16:32:29 2015 W. Europe Standard Time <unknown@Florian-PC>
# name: mus
# type: matrix
# ndims: 3
 1 30 19
 0
 0
 0.62155
 0.51263
 0.51139
 0.50631
 0.51128
 0.51531
 0.51136
 0.51026
 0.50884
 0.49747
 0.50641
 0.51084
 0.58462
 0.6849
 0.61779
 0.61616
 0.53634
 0.56842
 0.50125
 0.5
 0.4865
 0.50651
 0.53067
 0.55077
 0.62602
 0.60332
 0.68077
 0.64615
 0
 0
 0.33333
 1
 1
 0.8
 0.7
 0.9
 0.9
 0.9
 0.9
 1
 0.93333
 0.93333
 0.8666700000000001
 0.73333
 0.66667
 0.85
 0.75
 0.8
 0.8100000000000001
 0.87
 0.82
 0.88
 0.8
 0.73333
 0.7
 0.8
 0.68667
 0.76667
 0
 0
 0.57581
 0.9193
 0.91526
 0.9115
 0.9426600000000001
 0.87737
 0.94142
 0.93937
 0.94448
 0.94097
 0.97283
 0.97283
 0.92566
 0.8545700000000001
 0.85059
 0.83594
 0.76951
 0.83106
 0.78894
 0.8288
 0.85861
 0.84843
 0.82221
 0.8247100000000001
 0.78434
 0.82524
 0.81067
 0.8029500000000001
 0
 0
 0.6389
 0.98215
 0.97278
 0.90567
 0.9587599999999999
 0.90105
 0.96219
 0.945
 0.95816
 0.99653
 0.9963
 0.9983
 0.96568
 0.8881
 0.8354
 0.88166
 0.85165
 0.86504
 0.89967
 0.91835
 0.91635
 0.94295
 0.80804
 0.8726699999999999
 0.80426
 0.8848
 0.90215
 0.88175
 0
 0
 0.33333
 1
 1
 0.83333
 0.71429
 0.75
 0.66667
 1
 0.90909
 1
 1
 1
 1
 0.66667
 1
 1
 1
 1
 1
 1
 1
 1
 1
 0
 1
 0
 1
 1
 0
 0
 0.33333
 1.38889
 1.3
 1
 0.80476
 0.83958
 0.86459
 1.00278
 0.90442
 1.01843
 1.00938
 1.00881
 0.99801
 0.76946
 0.97323
 1.05072
 0.90473
 1.0132
 1.03126
 1.01038
 1.07739
 1.00418
 0.93735
 0.72917
 0.8809399999999999
 0.60419
 1
 0.93566
 0
 0
 0.36788
 0.78583
 0.85503
 0.92249
 0.98534
 0.97435
 0.93562
 0.92418
 0.9240699999999999
 0.94636
 0.9779
 0.98938
 0.92333
 0.8625699999999999
 0.8658
 0.84204
 0.8221000000000001
 0.8398099999999999
 0.84613
 0.81846
 0.83479
 0.86695
 0.83829
 0.85956
 0.80288
 0.85231
 0.8418
 0.85767
 0
 0
 0.6389
 0.88822
 0.88184
 0.94085
 0.9387799999999999
 0.92949
 0.96026
 0.9649
 0.97173
 0.98934
 0.9948900000000001
 0.99444
 0.98275
 0.89828
 0.8536899999999999
 0.88942
 0.84155
 0.84619
 0.87053
 0.88228
 0.90489
 0.9106300000000001
 0.81614
 0.84031
 0.79061
 0.83522
 0.8596200000000001
 0.87932
 0
 0
 1
 1
 1
 1
 1
 1
 1
 1
 1
 1
 1
 1
 1
 1
 1
 1
 1
 1
 1
 1
 1
 1
 1
 1
 1
 1
 1
 1
 0
 0
 0.33333
 1.42157
 1.36231
 1.17772
 1.0377
 0.87565
 0.93184
 0.91501
 0.9235100000000001
 1.04677
 0.97337
 1.02212
 0.94567
 0.83693
 0.79737
 1.02694
 0.7924099999999999
 0.93096
 0.95074
 0.903
 1.02363
 0.91948
 0.68701
 1.08484
 0.59199
 0.748
 0.9923
 0.7482799999999999
 0
 0
 0.36788
 0.78583
 0.77351
 0.90817
 1.02885
 0.97936
 1.0132
 0.9011
 0.91232
 1.00434
 0.95775
 0.99112
 0.9287
 0.8763
 0.89567
 0.881
 0.83325
 0.93537
 0.94917
 0.87798
 0.99356
 0.92804
 0.79497
 0.94031
 0.81447
 0.9414
 0.78361
 0.83629
 0
 0
 0
 0
 0
 0
 0
 0
 0
 0
 0
 0
 0
 0
 0
 0
 0
 0
 0
 0
 0
 0
 0
 0
 0
 0
 0
 0
 0
 0
 0
 0
 0
 0
 0
 0
 0
 0
 0
 0
 0
 0
 0
 0
 0
 0
 0
 0
 0
 0
 0
 0
 0
 0
 0
 0
 0
 0
 0
 0
 0
 0
 0
 0
 0
 0
 0
 0
 0
 0
 0
 0
 0
 0
 0
 0
 0
 0
 0
 0
 0
 0
 0
 0
 0
 0
 0
 0
 0
 0
 0
 0
 0
 0
 0
 0
 0
 0
 0
 0
 0
 0
 0
 0
 0
 0
 0
 0
 0
 0
 0
 0
 0
 0
 0
 0
 0
 0
 0
 0
 0
 0
 0
 0
 0
 0
 0
 0
 0
 0
 0
 0
 0
 0
 0
 0
 0
 0
 0
 0
 0
 0
 0
 0
 0
 0
 0
 0
 0
 0
 0
 0
 1
 1
 1
 1
 1
 1
 1
 1
 1
 1
 1
 1
 1
 1
 1
 1
 1
 1
 1
 1
 1
 1
 1
 1
 1
 1
 1
 1
 0
 0
 0
 0
 0
 0
 0
 0
 0
 0
 0
 0
 0
 0
 0
 0
 0
 0
 0
 0
 0
 0
 0
 0
 0
 0
 0
 0
 0
 0
 0
 0
 0
 0
 0
 0
 0
 0
 0
 0
 0
 0
 0
 0
 0
 0
 0
 0
 0
 0
 0
 0
 0
 0
 0
 0
 0
 0
 0
 0


# name: vars
# type: matrix
# ndims: 3
 1 30 19
 0
 0
 0.07539
 0.054048
 0.048971
 0.044083
 0.036405
 0.035568
 0.024775
 0.034629
 0.033627
 0.023214
 0.022657
 0.029179
 0.012554
 0.007296
 0.020788
 0.015552
 0.021224
 0.017836
 0.026296
 0.005348
 0.014413
 0.006928
 0.004678
 0.016896
 0.007894999999999999
 0.011488
 0.005911
 0.009729
 0
 0
 0.33333
 0
 0
 0.2
 0.2
 0.05
 0.05
 0.05
 0.05
 0
 0.02222
 0.02222
 0.03333
 0.13333
 0.22222
 0.1125
 0.09375
 0.075
 0.043
 0.0345
 0.042
 0.07199999999999999
 0.06
 0.06889000000000001
 0.08
 0.04722
 0.04922
 0.03611
 0
 0
 0
 0
 0
 0
 0
 0
 0
 0
 0
 0
 0
 0
 0
 0
 0
 0
 0
 0
 0
 0
 0
 0
 0
 0
 0
 0
 0
 0
 0
 0
 0.18923
 0.00057
 0.00579
 0.0297
 0.00641
 0.022
 0.00693
 0.01062
 0.00738
 0.00042
 0.00045
 0.0003
 0.00613
 0.02085
 0.02917
 0.02388
 0.02449
 0.0259
 0.0176
 0.01445
 0.0165
 0.01001
 0.02794
 0.02104
 0.03079
 0.01754
 0.01517
 0.01912
 0
 0
 0
 0
 0
 0
 0
 0
 0
 0
 0
 0
 0
 0
 0
 0
 0
 0
 0
 0
 0
 0
 0
 0
 0
 0
 0
 0
 0
 0
 0
 0
 0
 0
 0
 0
 0
 0
 0
 0
 0
 0
 0
 0
 0
 0
 0
 0
 0
 0
 0
 0
 0
 0
 0
 0
 0
 0
 0
 0
 0
 0
 0
 0
 0
 0
 0
 0
 0
 0
 0
 0
 0
 0
 0
 0
 0
 0
 0
 0
 0
 0
 0
 0
 0
 0
 0
 0
 0
 0
 0
 0
 0.18923
 0.02221
 0.04674
 0.01404
 0.01074
 0.009129999999999999
 0.00672
 0.00434
 0.00387
 0.00215
 0.00141
 0.00107
 0.00319
 0.0167
 0.0239
 0.02062
 0.03001
 0.02694
 0.02777
 0.0248
 0.0212
 0.0186
 0.02823
 0.03864
 0.03844
 0.03431
 0.02884
 0.02188
 0
 0
 0
 0
 0
 0
 0
 0
 0
 0
 0
 0
 0
 0
 0
 0
 0
 0
 0
 0
 0
 0
 0
 0
 0
 0
 0
 0
 0
 0
 0
 0
 0
 0
 0
 0
 0
 0
 0
 0
 0
 0
 0
 0
 0
 0
 0
 0
 0
 0
 0
 0
 0
 0
 0
 0
 0
 0
 0
 0
 0
 0
 0
 0
 0
 0
 0
 0
 0
 0
 0
 0
 0
 0
 0
 0
 0
 0
 0
 0
 0
 0
 0
 0
 0
 0
 0
 0
 0
 0
 0
 0
 0
 0
 0
 0
 0
 0
 0
 0
 0
 0
 0
 0
 0
 0
 0
 0
 0
 0
 0
 0
 0
 0
 0
 0
 0
 0
 0
 0
 0
 0
 0
 0
 0
 0
 0
 0
 0
 0
 0
 0
 0
 0
 0
 0
 0
 0
 0
 0
 0
 0
 0
 0
 0
 0
 0
 0
 0
 0
 0
 0
 0
 0
 0
 0
 0
 0
 0
 0
 0
 0
 0
 0
 0
 0
 0
 0
 0
 0
 0
 0
 0
 0
 0
 0
 0
 0
 0
 0
 0
 0
 0
 0
 0
 0
 0
 0
 0
 0
 0
 0
 0
 0
 0
 0
 0
 0
 0
 0
 0
 0
 0
 0
 0
 0
 0
 0
 0
 0
 0
 0
 0
 0
 0
 0
 0
 0
 0
 0
 0
 0
 0
 0
 0
 0
 0
 0
 0
 0
 0
 0
 0
 0
 0
 0
 0
 0
 0
 0
 0
 0
 0
 0
 0
 0
 0
 0
 0
 0
 0
 0
 0
 0
 0
 0
 0
 0
 0
 0
 0
 0
 0
 0
 0
 0
 0
 0
 0
 0
 0
 0
 0
 0
 0
 0
 0
 0
 0
 0
 0
 0
 0
 0
 0
 0
 0
 0
 0
 0
 0
 0
 0
 0
 0
 0
 0
 0
 0
 0
 0
 0
 0
 0
 0
 0
 0
 0
 0
 0
 0
 0
 0
 0
 0
 0
 0
 0
 0
 0
 0
 0
 0
 0
 0
 0
 0
 0
 0
 0


