# Created by Octave 4.0.0, Sat Nov 21 16:32:06 2015 W. Europe Standard Time <unknown@Florian-PC>
# name: mus
# type: matrix
# ndims: 3
 1 30 19
 0
 0
 0.37093
 0.42929
 0.57975
 0.57702
 0.52381
 0.6938800000000001
 0.6906600000000001
 0.7
 0.70518
 0.6843399999999999
 0.70026
 0.71684
 0.74487
 0.79167
 0.81103
 0.8194399999999999
 0.82206
 0.81579
 0.8045099999999999
 0.82828
 0.80165
 0.8099
 0.8159999999999999
 0.82154
 0.77658
 0.72321
 0.75712
 0.75897
 0
 0
 0
 0.5
 0.4
 0.4
 0.3
 0.3
 0.3
 0.4
 0.36667
 0.6
 0.56667
 0.6
 0.73333
 0.76667
 0.76667
 0.8
 0.68333
 0.7
 0.76
 0.72
 0.71
 0.71
 0.72
 0.68667
 0.7466699999999999
 0.74
 0.76667
 0.8
 0
 0
 0.37598
 0.40384
 0.6584
 0.77876
 0.57226
 0.54013
 0.49458
 0.69856
 0.47595
 0.52758
 0.539
 0.69833
 0.74564
 0.69837
 0.79027
 0.7811
 0.82451
 0.8159999999999999
 0.81124
 0.80444
 0.74873
 0.77397
 0.80405
 0.81462
 0.78093
 0.78686
 0.8748
 0.84293
 0
 0
 0.05986
 0.58932
 0.46365
 0.63512
 0.44009
 0.25661
 0.34712
 0.4857
 0.41097
 0.4769
 0.55124
 0.58039
 0.66897
 0.68787
 0.72119
 0.77703
 0.79003
 0.80686
 0.83086
 0.79154
 0.75038
 0.74637
 0.77804
 0.78366
 0.7658700000000001
 0.78064
 0.78997
 0.78972
 0
 0
 0
 0.75
 0.4
 0.83333
 0.42857
 0.125
 0.11111
 0.5
 0.36364
 0.16667
 0.15385
 0.11111
 0.8
 0.33333
 1
 1
 1
 1
 1
 1
 1
 1
 0
 1
 0
 1
 1
 1
 0
 0
 0.07066
 0.78102
 0.60485
 0.79087
 0.37546
 0.1518
 0.24316
 0.50123
 0.37523
 0.36098
 0.42891
 0.52506
 0.69464
 0.60651
 0.7799
 0.8607900000000001
 0.8698
 0.72884
 0.8479
 0.84816
 0.83909
 0.78548
 0.65145
 0.74601
 0.69987
 0.88136
 0.7171
 0.82043
 0
 0
 0.78929
 0.4706
 0.68696
 0.7075
 0.58409
 0.58169
 0.57025
 0.6528
 0.63069
 0.61405
 0.70609
 0.67788
 0.69555
 0.77034
 0.74429
 0.73567
 0.81651
 0.81938
 0.82426
 0.7541099999999999
 0.82633
 0.77235
 0.78417
 0.79549
 0.83273
 0.80722
 0.82242
 0.85859
 0
 0
 0.02736
 0.56487
 0.61842
 0.64062
 0.41664
 0.28433
 0.39727
 0.49274
 0.44748
 0.47514
 0.53473
 0.56931
 0.62071
 0.63996
 0.65272
 0.6909
 0.7152500000000001
 0.72629
 0.74336
 0.72061
 0.68346
 0.68828
 0.70129
 0.71494
 0.71189
 0.72607
 0.73716
 0.7275700000000001
 0
 0
 0.87986
 0.93269
 0.94482
 0.91866
 0.89833
 0.92014
 0.91321
 0.92561
 0.9381
 0.91797
 0.93157
 0.91853
 0.92262
 0.90924
 0.90252
 0.90194
 0.90901
 0.91081
 0.8998699999999999
 0.91404
 0.90501
 0.90737
 0.9053099999999999
 0.89947
 0.89633
 0.90289
 0.9063099999999999
 0.90289
 0
 0
 0.00331
 0.75312
 0.61832
 0.6401
 0.41449
 0.18484
 0.28559
 0.48882
 0.37823
 0.44235
 0.52032
 0.56742
 0.64912
 0.63501
 0.70395
 0.75979
 0.78313
 0.79609
 0.84763
 0.78948
 0.69582
 0.74518
 0.70767
 0.73573
 0.6806
 0.75865
 0.79997
 0.80382
 0
 0
 0.78929
 0.54789
 0.66161
 0.63044
 0.56565
 0.54953
 0.59494
 0.68943
 0.64805
 0.61694
 0.67749
 0.63264
 0.69638
 0.73936
 0.7532799999999999
 0.71068
 0.76591
 0.86543
 0.8017300000000001
 0.75824
 0.83962
 0.76392
 0.76714
 0.77777
 0.77681
 0.83996
 0.77452
 0.87581
 0
 0
 0
 0
 0
 0
 0
 0
 0
 0
 0
 0
 0
 0
 0
 0
 0
 0
 0
 0
 0
 0
 0
 0
 0
 0
 0
 0
 0
 0
 0
 0
 0
 0
 0
 0
 0
 0
 0
 0
 0
 0
 0
 0
 0
 0
 0
 0
 0
 0
 0
 0
 0
 0
 0
 0
 0
 0
 0
 0
 0
 0
 0
 0
 0
 0
 0
 0
 0
 0
 0
 0
 0
 0
 0
 0
 0
 0
 0
 0
 0
 0
 0
 0
 0
 0
 0
 0
 0
 0
 0
 0
 0
 0
 0
 0
 0
 0
 0
 0
 0
 0
 0
 0
 0
 0
 0
 0
 0
 0
 0
 0
 0
 0
 0
 0
 0
 0
 0
 0
 0
 0
 0
 0
 0
 0
 0
 0
 0
 0
 0
 0
 0
 0
 0
 0
 0
 0
 0
 0
 0
 0
 0
 0
 0
 0
 0
 0
 0
 0
 0
 0
 0.88508
 0.91292
 0.94041
 0.90752
 0.90155
 0.91227
 0.9188499999999999
 0.90112
 0.92027
 0.91865
 0.91444
 0.91997
 0.90937
 0.90539
 0.91925
 0.91759
 0.90287
 0.91024
 0.90848
 0.90826
 0.90103
 0.89614
 0.90105
 0.8998
 0.90164
 0.9077
 0.91113
 0.90666
 0
 0
 0
 0
 0
 0
 0
 0
 0
 0
 0
 0
 0
 0
 0
 0
 0
 0
 0
 0
 0
 0
 0
 0
 0
 0
 0
 0
 0
 0
 0
 0
 0
 0
 0
 0
 0
 0
 0
 0
 0
 0
 0
 0
 0
 0
 0
 0
 0
 0
 0
 0
 0
 0
 0
 0
 0
 0
 0
 0


