# Created by Octave 4.0.0, Sat Nov 21 16:32:00 2015 W. Europe Standard Time <unknown@Florian-PC>
# name: mus
# type: matrix
# ndims: 3
 1 30 19
 0
 0
 0.49373
 0.62374
 0.66835
 0.66667
 0.59649
 0.625
 0.6351
 0.63846
 0.63131
 0.5404
 0.53692
 0.53061
 0.53077
 0.6849
 0.67065
 0.64646
 0.67669
 0.65789
 0.6716800000000001
 0.62121
 0.75675
 0.73047
 0.73067
 0.73436
 0.74447
 0.70918
 0.71929
 0.70769
 0
 0
 1
 0.25
 0.4
 0.7
 0.8
 0.9
 0.9
 0.9
 0.9
 1
 1
 1
 0.93333
 0.8666700000000001
 0.93333
 0.9
 0.85
 1
 1
 1
 0.91
 0.84
 0.84
 0.88
 0.92
 0.93333
 0.93333
 0.93333
 0
 0
 1
 0.7516699999999999
 0.62374
 0.79772
 0.8738
 0.88306
 0.91277
 0.90624
 0.93489
 0.95319
 0.94873
 0.94958
 0.95358
 0.88466
 0.91334
 0.94136
 0.95104
 0.96417
 0.9492699999999999
 0.91436
 0.92871
 0.87796
 0.87263
 0.87323
 0.9023
 0.88019
 0.90117
 0.89894
 0
 0
 1
 0.63507
 0.59018
 0.70458
 0.8103399999999999
 0.82542
 0.84484
 0.88513
 0.8861599999999999
 0.91487
 0.9234599999999999
 0.91851
 0.91456
 0.84905
 0.89173
 0.8934
 0.91637
 0.8993100000000001
 0.90446
 0.90639
 0.8606200000000001
 0.79628
 0.80126
 0.81969
 0.81835
 0.83048
 0.83528
 0.84215
 0
 0
 1
 0.75
 0.8
 0.83333
 1
 0.875
 0.77778
 0.9
 0.90909
 1
 1
 1
 1
 1
 0.5
 1
 1
 1
 1
 1
 0
 1
 0
 0
 1
 1
 1
 1
 0
 0
 1
 0.78365
 0.71751
 0.76228
 0.80213
 0.82538
 0.81698
 0.8686700000000001
 0.87407
 0.91511
 0.96205
 0.91453
 0.88491
 0.94925
 0.8991
 0.96249
 0.9055299999999999
 0.87004
 0.90178
 0.93216
 0.8485200000000001
 0.7698199999999999
 0.7481
 0.79215
 0.87015
 0.92209
 0.81921
 0.86053
 0
 0
 1
 0.84615
 0.80821
 0.80278
 0.8476900000000001
 0.86829
 0.88842
 0.85826
 0.90046
 0.88953
 0.90546
 0.89874
 0.87437
 0.8948700000000001
 0.89254
 0.9006999999999999
 0.91291
 0.8986
 0.8916500000000001
 0.94557
 0.91627
 0.81252
 0.82161
 0.85892
 0.84646
 0.84363
 0.82617
 0.8772799999999999
 0
 0
 1
 0.67284
 0.62246
 0.6874
 0.76218
 0.759
 0.81177
 0.85149
 0.8702299999999999
 0.90759
 0.92209
 0.91567
 0.93218
 0.87088
 0.90813
 0.90163
 0.91712
 0.90043
 0.90928
 0.90825
 0.86451
 0.80158
 0.81209
 0.8258
 0.83053
 0.8342000000000001
 0.84317
 0.85227
 0
 0
 0.99946
 0.99999
 1
 1
 1
 1
 1
 1
 1
 0.99883
 0.9954499999999999
 0.99031
 0.98347
 0.97514
 0.97901
 0.97331
 0.96156
 0.96319
 0.95717
 0.96053
 0.96117
 0.95114
 0.94906
 0.95487
 0.95851
 0.9595
 0.95087
 0.95006
 0
 0
 1
 0.80322
 0.73583
 0.73049
 0.72841
 0.76102
 0.81106
 0.83523
 0.85987
 0.98785
 0.98553
 0.98203
 0.95103
 0.90065
 0.93694
 0.94036
 0.90022
 0.9321199999999999
 0.8813299999999999
 0.9012
 0.84642
 0.78064
 0.7970699999999999
 0.79705
 0.91407
 0.90973
 0.83319
 0.84075
 0
 0
 1
 0.85955
 0.84949
 0.84877
 0.8468
 0.8470299999999999
 0.88587
 0.84051
 0.87071
 0.90487
 0.88664
 0.89063
 0.82972
 0.88066
 0.87634
 0.88656
 0.88851
 0.86611
 0.88535
 0.8942600000000001
 0.91069
 0.79939
 0.84604
 0.82622
 0.82766
 0.8223200000000001
 0.9180199999999999
 0.84874
 0
 0
 0
 0
 0
 0
 0
 0
 0
 0
 0
 0
 0
 0
 0
 0
 0
 0
 0
 0
 0
 0
 0
 0
 0
 0
 0
 0
 0
 0
 0
 0
 0
 0
 0
 0
 0
 0
 0
 0
 0
 0
 0
 0
 0
 0
 0
 0
 0
 0
 0
 0
 0
 0
 0
 0
 0
 0
 0
 0
 0
 0
 0
 0
 0
 0
 0
 0
 0
 0
 0
 0
 0
 0
 0
 0
 0
 0
 0
 0
 0
 0
 0
 0
 0
 0
 0
 0
 0
 0
 0
 0
 0
 0
 0
 0
 0
 0
 0
 0
 0
 0
 0
 0
 0
 0
 0
 0
 0
 0
 0
 0
 0
 0
 0
 0
 0
 0
 0
 0
 0
 0
 0
 0
 0
 0
 0
 0
 0
 0
 0
 0
 0
 0
 0
 0
 0
 0
 0
 0
 0
 0
 0
 0
 0
 0
 0
 0
 0
 0
 0
 0
 0.99997
 1
 1
 1
 1
 1
 1
 0.99998
 1
 0.99411
 0.9920600000000001
 0.9767400000000001
 0.98023
 0.97299
 0.97827
 0.97517
 0.97071
 0.96408
 0.96077
 0.95868
 0.95323
 0.95847
 0.94551
 0.95323
 0.96293
 0.94764
 0.94778
 0.95441
 0
 0
 0
 0
 0
 0
 0
 0
 0
 0
 0
 0
 0
 0
 0
 0
 0
 0
 0
 0
 0
 0
 0
 0
 0
 0
 0
 0
 0
 0
 0
 0
 0
 0
 0
 0
 0
 0
 0
 0
 0
 0
 0
 0
 0
 0
 0
 0
 0
 0
 0
 0
 0
 0
 0
 0
 0
 0
 0
 0


# name: vars
# type: matrix
# ndims: 3
 1 30 19
 0
 0
 0.091922
 0.046395
 0.040909
 0.026496
 0.033617
 0.025391
 0.033218
 0.025061
 0.021697
 0.022622
 0.015823
 0.01868
 0.024704
 0.011372
 0.012935
 0.016915
 0.017254
 0.010906
 0.02013
 0.030627
 0.007798
 0.007492
 0.015421
 0.005941
 0.006267
 0.016455
 0.003114
 0.007621
 0
 0
 0
 0.25
 0.3
 0.2
 0.2
 0.05
 0.05
 0.05
 0.05
 0
 0
 0
 0.02222
 0.03333
 0.02222
 0.05
 0.1125
 0
 0
 0
 0.0155
 0.048
 0.048
 0.032
 0.032
 0.02222
 0.008330000000000001
 0.02222
 0
 0
 0
 0
 0
 0
 0
 0
 0
 0
 0
 0
 0
 0
 0
 0
 0
 0
 0
 0
 0
 0
 0
 0
 0
 0
 0
 0
 0
 0
 0
 0
 0
 0.049671
 0.029259
 0.020462
 0.011661
 0.012022
 0.009361
 0.003985
 0.003947
 0.003919
 0.002861
 0.002262
 0.002334
 0.003031
 0.002874
 0.002459
 0.002902
 0.003087
 0.00281
 0.002479
 0.002532
 0.002609
 0.002489
 0.002829
 0.002675
 0.002684
 0.002332
 0.001853
 0
 0
 2.9312e-006
 2.7e-014
 5.2525e-013
 1.4707e-015
 1.811e-023
 2.1326e-032
 0
 4.58e-030
 3.466e-029
 4.4555e-029
 1.5551e-027
 2.0913e-018
 2.2268e-005
 3.887e-006
 0.00048375
 3.3094e-006
 3.907e-005
 3.0046e-005
 4.9811e-011
 4.7625e-005
 1.6816e-005
 7.2142e-005
 4.8727e-012
 0.00019073
 1.3861e-006
 7.3719e-005
 3.1171e-009
 1.4709e-005
 0
 0
 0
 0
 0
 0
 0
 0
 0
 0
 0
 0
 0
 0
 0
 0
 0
 0
 0
 0
 0
 0
 0
 0
 0
 0
 0
 0
 0
 0
 0
 0
 0
 0
 0
 0
 0
 0
 0
 0
 0
 0
 0
 0
 0
 0
 0
 0
 0
 0
 0
 0
 0
 0
 0
 0
 0
 0
 0
 0
 0
 0
 0
 0.038356
 0.019792
 0.015377
 0.011183
 0.022597
 0.01235
 0.009854
 0.008496999999999999
 0.007521
 0.007284
 0.004977
 0.003443
 0.003556
 0.003411
 0.003298
 0.003832
 0.008288
 0.004092
 0.004792
 0.003721
 0.006994
 0.006209
 0.004528
 0.004987
 0.006638
 0.007933000000000001
 0.004372
 0
 0
 2e-006
 0
 0
 0
 0
 0
 0
 0
 0
 0.000198
 0.0007560000000000001
 0.001874
 0.003949
 0.004375
 0.004072
 0.005722
 0.009006
 0.007820000000000001
 0.011135
 0.009223
 0.008322
 0.010973
 0.012058
 0.009101
 0.008694
 0.008156
 0.010554
 0.011557
 0
 0
 0
 0
 0
 0
 0
 0
 0
 0
 0
 0
 0
 0
 0
 0
 0
 0
 0
 0
 0
 0
 0
 0
 0
 0
 0
 0
 0
 0
 0
 0
 0
 0
 0
 0
 0
 0
 0
 0
 0
 0
 0
 0
 0
 0
 0
 0
 0
 0
 0
 0
 0
 0
 0
 0
 0
 0
 0
 0
 0
 0
 0
 0
 0
 0
 0
 0
 0
 0
 0
 0
 0
 0
 0
 0
 0
 0
 0
 0
 0
 0
 0
 0
 0
 0
 0
 0
 0
 0
 0
 0
 0
 0
 0
 0
 0
 0
 0
 0
 0
 0
 0
 0
 0
 0
 0
 0
 0
 0
 0
 0
 0
 0
 0
 0
 0
 0
 0
 0
 0
 0
 0
 0
 0
 0
 0
 0
 0
 0
 0
 0
 0
 0
 0
 0
 0
 0
 0
 0
 0
 0
 0
 0
 0
 0
 0
 0
 0
 0
 0
 0
 0
 0
 0
 0
 0
 0
 0
 0
 0
 0
 0
 0
 0
 0
 0
 0
 0
 0
 0
 0
 0
 0
 0
 0
 0
 0
 0
 0
 0
 0
 0
 0
 0
 0
 0
 0
 0
 0
 0
 0
 0
 0
 0
 0
 0
 0
 0
 0
 0
 0
 0
 0
 0
 0
 0
 0
 0
 0
 0
 0
 0
 0
 0
 0
 0
 0
 0
 0
 0
 0.001245
 0.00203
 0.006671
 0.004982
 0.006152
 0.004747
 0.004586
 0.005703
 0.007967
 0.008645999999999999
 0.011581
 0.010718
 0.007542
 0.012404
 0.01176
 0.008565
 0.012082
 0.012003
 0.009561
 0
 0
 0
 0
 0
 0
 0
 0
 0
 0
 0
 0
 0
 0
 0
 0
 0
 0
 0
 0
 0
 0
 0
 0
 0
 0
 0
 0
 0
 0
 0
 0
 0
 0
 0
 0
 0
 0
 0
 0
 0
 0
 0
 0
 0
 0
 0
 0
 0
 0
 0
 0
 0
 0
 0
 0
 0
 0
 0
 0


