# Created by Octave 4.0.0, Sat Nov 21 16:32:28 2015 W. Europe Standard Time <unknown@Florian-PC>
# name: mus
# type: matrix
# ndims: 3
 1 30 19
 0
 0
 0.58396
 0.64141
 0.65063
 0.69823
 0.70175
 0.67602
 0.52525
 0.51795
 0.52083
 0.5101
 0.51487
 0.50893
 0.65256
 0.80729
 0.72975
 0.82702
 0.81454
 0.8210499999999999
 0.82707
 0.8194399999999999
 0.81074
 0.8099
 0.792
 0.7959000000000001
 0.79004
 0.77679
 0.78238
 0.76923
 0
 0
 0.33333
 1
 1
 0.8
 0.9
 1
 0.9
 1
 1
 1
 1
 1
 0.93333
 0.8
 0.8666700000000001
 0.8
 0.8
 0.75
 0.57
 0.79
 0.8100000000000001
 0.88
 0.84
 0.84667
 0.92667
 0.88667
 0.89333
 0.8666700000000001
 0
 0
 0.68394
 0.91572
 0.86431
 0.92221
 0.94311
 0.97045
 0.89886
 0.9448800000000001
 0.93083
 0.95452
 0.9686
 0.9186299999999999
 0.8990899999999999
 0.84487
 0.8152199999999999
 0.80854
 0.86231
 0.82762
 0.85991
 0.84255
 0.84912
 0.84505
 0.8086100000000001
 0.83597
 0.86552
 0.85605
 0.8829399999999999
 0.89092
 0
 0
 0.33335
 0.9762
 0.94833
 0.91898
 0.99235
 0.99609
 0.9055299999999999
 0.95638
 0.98615
 0.96089
 0.99556
 0.99809
 0.9578100000000001
 0.86122
 0.90441
 0.81391
 0.84598
 0.90743
 0.90485
 0.86711
 0.87605
 0.93143
 0.92144
 0.92481
 0.92034
 0.93936
 0.9122
 0.92535
 0
 0
 0
 1
 1
 0.66667
 1
 1
 0.88889
 0.9
 1
 0.75
 1
 1
 1
 0.33333
 0.5
 1
 1
 0
 1
 1
 1
 1
 1
 1
 1
 1
 1
 1
 0
 0
 0.25004
 1.38889
 1.25
 0.8666700000000001
 1.10833
 1.03393
 0.91865
 0.90774
 1.03447
 0.9019
 1.01404
 1.00902
 1.01128
 0.69495
 0.7368
 0.82051
 0.98128
 0.67769
 1.01402
 1.07046
 1.05682
 1.01249
 0.93735
 1.04167
 0.94555
 1.03152
 1
 1
 0
 0
 0.78929
 0.76013
 0.9036
 0.9557
 0.95674
 0.98941
 0.90885
 0.91678
 0.94759
 0.9897899999999999
 0.96631
 1.00155
 0.92288
 0.82794
 0.97962
 0.8265400000000001
 0.89063
 0.87705
 0.93365
 0.8522
 0.90001
 0.87806
 0.88649
 0.84565
 0.8807700000000001
 0.87659
 0.9053
 0.9107
 0
 0
 0.33335
 0.8511300000000001
 0.8384200000000001
 0.91139
 0.95927
 0.98081
 0.92611
 0.95925
 0.97466
 0.97557
 0.98771
 0.9807
 0.9617599999999999
 0.88284
 0.91009
 0.8661799999999999
 0.85331
 0.85671
 0.89054
 0.86643
 0.87746
 0.87905
 0.8900400000000001
 0.90196
 0.8833800000000001
 0.91876
 0.90315
 0.90765
 0
 0
 1
 1
 1
 1
 1
 1
 1
 1
 1
 1
 1
 1
 1
 1
 1
 1
 1
 1
 1
 1
 1
 1
 1
 1
 1
 1
 1
 1
 0
 0
 0.25004
 1.42157
 1.28
 1.20397
 1.25938
 1.0904
 0.95941
 0.8801600000000001
 1.14239
 0.94339
 1.02587
 0.99041
 0.9010899999999999
 0.96596
 0.87142
 0.77519
 0.76953
 0.9726399999999999
 0.80009
 0.97671
 0.91327
 0.94334
 0.68701
 1.08484
 0.74785
 0.8817199999999999
 0.9923
 1
 0
 0
 0.78929
 0.76013
 0.9113599999999999
 0.92222
 0.94291
 1.01551
 0.99907
 0.9524899999999999
 1.00933
 1.01174
 0.9230699999999999
 1.01448
 0.90927
 0.87004
 1.01279
 0.81174
 0.98926
 0.9986
 0.9911
 0.92382
 0.95957
 0.83529
 0.89302
 0.92112
 0.91008
 0.8643999999999999
 0.9202900000000001
 0.956
 0
 0
 0
 0
 0
 0
 0
 0
 0
 0
 0
 0
 0
 0
 0
 0
 0
 0
 0
 0
 0
 0
 0
 0
 0
 0
 0
 0
 0
 0
 0
 0
 0
 0
 0
 0
 0
 0
 0
 0
 0
 0
 0
 0
 0
 0
 0
 0
 0
 0
 0
 0
 0
 0
 0
 0
 0
 0
 0
 0
 0
 0
 0
 0
 0
 0
 0
 0
 0
 0
 0
 0
 0
 0
 0
 0
 0
 0
 0
 0
 0
 0
 0
 0
 0
 0
 0
 0
 0
 0
 0
 0
 0
 0
 0
 0
 0
 0
 0
 0
 0
 0
 0
 0
 0
 0
 0
 0
 0
 0
 0
 0
 0
 0
 0
 0
 0
 0
 0
 0
 0
 0
 0
 0
 0
 0
 0
 0
 0
 0
 0
 0
 0
 0
 0
 0
 0
 0
 0
 0
 0
 0
 0
 0
 0
 0
 0
 0
 0
 0
 0
 0
 1
 1
 1
 1
 1
 1
 1
 1
 1
 1
 1
 1
 1
 1
 1
 1
 1
 1
 1
 1
 1
 1
 1
 1
 1
 1
 1
 1
 0
 0
 0
 0
 0
 0
 0
 0
 0
 0
 0
 0
 0
 0
 0
 0
 0
 0
 0
 0
 0
 0
 0
 0
 0
 0
 0
 0
 0
 0
 0
 0
 0
 0
 0
 0
 0
 0
 0
 0
 0
 0
 0
 0
 0
 0
 0
 0
 0
 0
 0
 0
 0
 0
 0
 0
 0
 0
 0
 0


# name: vars
# type: matrix
# ndims: 3
 1 30 19
 0
 0
 0.07475800000000001
 0.055053
 0.045609
 0.034138
 0.034461
 0.02664
 0.026049
 0.035722
 0.026074
 0.02637
 0.01751
 0.018672
 0.013349
 0.01186
 0.016146
 0.004845
 0.012914
 0.013699
 0.009375
 0.00489
 0.010147
 0.0074
 0.004846
 0.004369
 0.006576
 0.007101
 0.008189999999999999
 0.003789
 0
 0
 0.33333
 0
 0
 0.2
 0.05
 0
 0.05
 0
 0
 0
 0
 0
 0.02222
 0.08889
 0.08889
 0.10625
 0.04375
 0.0625
 0.012
 0.0605
 0.1055
 0.032
 0.068
 0.02756
 0.01022
 0.03089
 0.02356
 0.01944
 0
 0
 0
 0
 0
 0
 0
 0
 0
 0
 0
 0
 0
 0
 0
 0
 0
 0
 0
 0
 0
 0
 0
 0
 0
 0
 0
 0
 0
 0
 0
 0
 0.15625
 0.0005999999999999999
 0.01118
 0.03077
 0.00092
 0.00048
 0.01809
 0.01124
 0.00245
 0.009690000000000001
 0.0011
 0.0004
 0.00774
 0.02848
 0.01872
 0.03184
 0.0264
 0.01764
 0.01761
 0.02128
 0.02246
 0.01213
 0.01187
 0.01374
 0.01181
 0.00993
 0.01574
 0.01276
 0
 0
 0
 0
 0
 0
 0
 0
 0
 0
 0
 0
 0
 0
 0
 0
 0
 0
 0
 0
 0
 0
 0
 0
 0
 0
 0
 0
 0
 0
 0
 0
 0
 0
 0
 0
 0
 0
 0
 0
 0
 0
 0
 0
 0
 0
 0
 0
 0
 0
 0
 0
 0
 0
 0
 0
 0
 0
 0
 0
 0
 0
 0
 0
 0
 0
 0
 0
 0
 0
 0
 0
 0
 0
 0
 0
 0
 0
 0
 0
 0
 0
 0
 0
 0
 0
 0
 0
 0
 0
 0
 0
 0.15625
 0.02364
 0.06685000000000001
 0.03239
 0.00644
 0.00176
 0.00895
 0.00673
 0.00403
 0.00419
 0.00175
 0.00327
 0.00851
 0.02105
 0.01739
 0.02985
 0.03057
 0.03725
 0.02473
 0.02436
 0.02341
 0.02531
 0.02117
 0.02148
 0.02077
 0.01759
 0.02004
 0.01891
 0
 0
 0
 0
 0
 0
 0
 0
 0
 0
 0
 0
 0
 0
 0
 0
 0
 0
 0
 0
 0
 0
 0
 0
 0
 0
 0
 0
 0
 0
 0
 0
 0
 0
 0
 0
 0
 0
 0
 0
 0
 0
 0
 0
 0
 0
 0
 0
 0
 0
 0
 0
 0
 0
 0
 0
 0
 0
 0
 0
 0
 0
 0
 0
 0
 0
 0
 0
 0
 0
 0
 0
 0
 0
 0
 0
 0
 0
 0
 0
 0
 0
 0
 0
 0
 0
 0
 0
 0
 0
 0
 0
 0
 0
 0
 0
 0
 0
 0
 0
 0
 0
 0
 0
 0
 0
 0
 0
 0
 0
 0
 0
 0
 0
 0
 0
 0
 0
 0
 0
 0
 0
 0
 0
 0
 0
 0
 0
 0
 0
 0
 0
 0
 0
 0
 0
 0
 0
 0
 0
 0
 0
 0
 0
 0
 0
 0
 0
 0
 0
 0
 0
 0
 0
 0
 0
 0
 0
 0
 0
 0
 0
 0
 0
 0
 0
 0
 0
 0
 0
 0
 0
 0
 0
 0
 0
 0
 0
 0
 0
 0
 0
 0
 0
 0
 0
 0
 0
 0
 0
 0
 0
 0
 0
 0
 0
 0
 0
 0
 0
 0
 0
 0
 0
 0
 0
 0
 0
 0
 0
 0
 0
 0
 0
 0
 0
 0
 0
 0
 0
 0
 0
 0
 0
 0
 0
 0
 0
 0
 0
 0
 0
 0
 0
 0
 0
 0
 0
 0
 0
 0
 0
 0
 0
 0
 0
 0
 0
 0
 0
 0
 0
 0
 0
 0
 0
 0
 0
 0
 0
 0
 0
 0
 0
 0
 0
 0
 0
 0
 0
 0
 0
 0
 0
 0
 0
 0
 0
 0
 0
 0
 0
 0
 0
 0
 0
 0
 0
 0
 0
 0
 0
 0
 0
 0
 0
 0
 0
 0
 0
 0
 0
 0
 0
 0
 0
 0
 0
 0
 0
 0
 0
 0
 0
 0
 0
 0
 0
 0
 0
 0
 0
 0
 0
 0
 0
 0
 0
 0
 0


