# Created by Octave 4.0.0, Mon Nov 02 19:29:09 2015 W. Europe Standard Time <unknown@DESKTOP-GCG1IHL>
# name: mus
# type: matrix
# ndims: 3
 1 7 12
 0
 0
 0.5112781954887217
 0.7070707070707071
 0.5999999999999999
 0.6035353535353538
 0.7543859649122806
 0
 0
 0.6666666666666666
 0.25
 0.8
 1
 0.5
 0
 0
 0.7059904377541593
 0.5522479374964383
 0.8534213196919287
 0.8714688197048599
 0.6920614658686812
 0
 0
 0.8854782540219108
 0.5233564186018331
 0.9196457411924303
 0.8414833982999494
 0.7069327030169577
 0
 0
 0.8975703565795025
 0.615312478078841
 0.8107923391840991
 0.762245730288062
 0.708228395437747
 0
 0
 0.8880915250608831
 0.996011453212119
 0.9906162240162957
 0.9971394167424248
 0.9888686287723349
 0
 0
 0.747019709283639
 0.4722222217339516
 0.8345079546066335
 0.8813057508084987
 0.6946709293031625
 0
 0
 0.6040681384039779
 0.5104166666571166
 0.7948007983550575
 0.8075165213838342
 0.6415195047247664
 0
 0
 0.275
 0.6264851427100671
 0.8114649869404444
 0.625230990977969
 0.5532208750935701
 0
 0
 0.5785862941142949
 0.7024536015003321
 0.8411401329417775
 0.7839454021544517
 0.7222630716405021
 0
 0
 0.6207276274834961
 0.8107646405487775
 0.7470159613514468
 0.7758449354681556
 0.7160631191242709
 0
 0
 0.6803057310321829
 0.5036769011039137
 0.7811086417961824
 0.8288423112815843
 0.6215992254651378


# name: vars
# type: matrix
# ndims: 3
 1 7 12
 0
 0
 0.06658059289638227
 0.06255153576582141
 0.05128205128205128
 0.03484200984200983
 0.0340775407907524
 0
 0
 0
 0
 0
 0
 0
 0
 0
 0
 0
 0
 0
 0
 0
 0
 0.1102682089310171
 0.06438887324398163
 0.009605890498456856
 0.02928761817749978
 0.03557323842847595
 0
 0
 0.0593340577254178
 0.05261842320681067
 0.0426848210752816
 0.04759409259337196
 0.04678618412610556
 0
 0
 0.1109133369951826
 7.353264937881308e-005
 0.0004523045117023914
 2.035502644087432e-005
 0.0002647960298313845
 0
 0
 0
 0
 0
 0
 0
 0
 0
 0
 0
 0
 0
 0
 0
 0
 0
 0
 0
 0
 0
 0
 0
 0
 0
 0
 0
 0
 0
 0
 0
 0
 0
 0
 0
 0
 0
 0.06497586688457783
 0.01897920842490015
 0.01994840987171508
 0.03257134911821954
 0.03687168944378315


