# Created by Octave 3.8.2, Mon Nov 16 01:34:52 2015 CET <dkottke@snake5>
# name: mus
# type: matrix
# ndims: 3
 1 30 19
 0
 0
 0.560386473429952
 0.9086538461538461
 0.9658536585365852
 0.9656862745098038
 0.8374384236453204
 0.9807692307692307
 0.9855072463768116
 0.9899999999999999
 0.9904306220095693
 0.9705882352941176
 0.9567307692307694
 0.9846938775510204
 0.9743589743589745
 0.9807692307692307
 0.9901960784313726
 0.9898989898989899
 0.9904306220095694
 0.9949999999999999
 0.9947089947089948
 0.994949494949495
 0.9903381642512077
 1
 1
 1
 1
 1
 1
 1
 0
 0
 0.6666666666666666
 0.75
 0.6
 0.5
 0.6
 0.7
 0.8
 0.7
 0.9
 0.9333333333333332
 0.7333333333333333
 0.7
 0.6666666666666666
 0.7
 0.7666666666666666
 0.7666666666666666
 0.65
 0.55
 0.6599999999999999
 0.61
 0.6799999999999999
 0.71
 0.68
 0.7733333333333334
 0.7066666666666667
 0.7133333333333334
 0.7533333333333334
 0.7666666666666667
 0
 0
 0.5758138355229416
 0.880904822249692
 0.7496661975589238
 0.7216765354312442
 0.6413662401408631
 0.7562121711451196
 0.6758367015101221
 0.6224695137105494
 0.5680190436442393
 0.5966020151406807
 0.5766407523345538
 0.6054184899564666
 0.6427110407057198
 0.538404699579454
 0.6392810909399526
 0.6485770586580738
 0.6876236928521261
 0.6112424122438147
 0.6085735173769515
 0.705560859260413
 0.6269995225400633
 0.6347472283331039
 0.685182679481245
 0.6812245419852084
 0.6779769154354442
 0.6711292965045976
 0.6989498250308748
 0.6893208594885403
 0
 0
 0.6375525940501905
 0.5660660787291092
 0.5884826603501883
 0.5954169896976659
 0.5483511861600501
 0.5551954083598797
 0.5664644336910213
 0.5503733688493603
 0.5800983253611994
 0.5627232517019461
 0.5687142780949515
 0.5347778087389261
 0.5465754326018033
 0.5421125632106111
 0.5545661456906913
 0.569435835109222
 0.5807574346025547
 0.5463373971100303
 0.5568857874572446
 0.5615432656572102
 0.5500202817423716
 0.5471547750401115
 0.5619850270237676
 0.5800652797333782
 0.5894798851256754
 0.6109488348600087
 0.6193585144353158
 0.6237465384480126
 0
 0
 0.8877583117182266
 0.6271412247541416
 0.5893410161221699
 0.5359782131890922
 0.5680996985433409
 0.5729972964020079
 0.5925801208405936
 0.5394948589711376
 0.5803496470195438
 0.5528085190916167
 0.5697978514656933
 0.5330010034969208
 0.5335499031160077
 0.5532142366907148
 0.5654410110809545
 0.5601961263859639
 0.5789080523686286
 0.5523639174973013
 0.5567106002370485
 0.5699854808946594
 0.5546778041522499
 0.5374873455637355
 0.5599502075708332
 0.5816854332845226
 0.5888800846003205
 0.61065124385028
 0.619306540934118
 0.6277372078082256
 0
 0
 0.9798257171154056
 0.6971384463145753
 0.6483307448456883
 0.612567457999871
 0.5835512429643774
 0.5768482537545681
 0.558234126984127
 0.5767840197804903
 0.5807437757711115
 0.5499120236279832
 0.5565211705795821
 0.5344332022140488
 0.562210078652808
 0.5138097689946441
 0.5067259867462869
 0.5140835258345062
 0.5384944623485018
 0.5179322210796329
 0.5526756610480982
 0.5559810116770348
 0.5679027021438077
 0.5249767265688586
 0.5680296336990687
 0.6326118791614295
 0.6002430067911357
 0.6342818825327634
 0.6130950551493344
 0.5883426317021596
 0
 0
 0.3678794411714423
 0.57545025696639
 0.732592237502249
 0.7368419958413976
 0.7012204165637101
 0.6940102167950919
 0.7128830172789193
 0.6999807246890726
 0.6649321529192871
 0.7154231812066141
 0.7360347820567028
 0.7168805815003778
 0.7021546440075581
 0.69790867410508
 0.7148318192872627
 0.7184025067282088
 0.7217640658069321
 0.7147154995988839
 0.7123610707681451
 0.6874025496334227
 0.663609197644179
 0.6752403017862186
 0.64491388043463
 0.6870207267432533
 0.7282423996734482
 0.7483864748119509
 0.7334284772658479
 0.8169630825606516
 0
 0
 0.6190736348413489
 0.5746019801396363
 0.5901390796312665
 0.7250377929963052
 0.5683862224955842
 0.6101754667925016
 0.5891627673785336
 0.5416112448306625
 0.5580185984511967
 0.5419999931124749
 0.5506159696535332
 0.5329042050847935
 0.5482674621751761
 0.5623298938076137
 0.5581274710780558
 0.5752491581416632
 0.5787925712789028
 0.5500278375334348
 0.5534202682384992
 0.5675596443746374
 0.5512914149723495
 0.5533758764416392
 0.5740535537945946
 0.583520758189527
 0.5987442324473807
 0.6153090581706088
 0.626431828919811
 0.6347775081740231
 0
 0
 0.926695150213908
 0.6001987895251591
 0.5509769580359002
 0.6246622524575032
 0.535587586731686
 0.585881850659876
 0.5986653051740993
 0.5273970238001948
 0.5647686944465623
 0.5507103713337631
 0.547684768555871
 0.5216020084907319
 0.5446767571256007
 0.5662979932065042
 0.5636455987118849
 0.564612963065244
 0.5755247801326629
 0.5585109321721912
 0.5471214128635151
 0.5711186252678889
 0.5556412677871699
 0.5338896203874043
 0.5600630759291652
 0.5847134276345241
 0.5868319690889402
 0.6139316687146321
 0.6217740875452208
 0.6349557956652863
 0
 0
 0.9113414676569739
 0.7645680608159204
 0.6308937277732044
 0.6001252784314672
 0.6190916455005478
 0.6080451272891924
 0.5349554087818422
 0.5391544630036753
 0.5479737553801433
 0.5222670834931689
 0.5434284875186327
 0.5250567448137097
 0.5345097100726304
 0.5550979594963323
 0.5312812640150211
 0.5598338625404555
 0.5854809605034998
 0.5414759015396753
 0.5442617680485846
 0.5673186288329755
 0.5609880528560502
 0.5358310891571789
 0.5612439222970208
 0.5716724432829194
 0.5798953990670918
 0.6041766393794133
 0.6176034787150537
 0.6163736526546508
 0
 0
 0.3678794411714423
 0.5766561789295578
 0.7092819036959667
 0.7648115254473742
 0.6912786003415714
 0.6682877482147427
 0.6915921712015813
 0.714401653603761
 0.652861291263632
 0.6903433605201851
 0.6846968659858557
 0.6660495851306715
 0.6997533574505136
 0.6776447288622361
 0.6730325529204838
 0.6902742469685795
 0.6966780444284009
 0.6776206790903231
 0.6854976262451739
 0.6699881934145806
 0.690212732429665
 0.6881165318402384
 0.6735697338444353
 0.694661285873842
 0.7539132573061185
 0.7316459750024279
 0.7236229346308649
 0.7172932235639908
 0
 0
 0
 0
 0
 0
 0
 0
 0
 0
 0
 0
 0
 0
 0
 0
 0
 0
 0
 0
 0
 0
 0
 0
 0
 0
 0
 0
 0
 0
 0
 0
 0
 0
 0
 0
 0
 0
 0
 0
 0
 0
 0
 0
 0
 0
 0
 0
 0
 0
 0
 0
 0
 0
 0
 0
 0
 0
 0
 0
 0
 0
 0
 0
 0
 0
 0
 0
 0
 0
 0
 0
 0
 0
 0
 0
 0
 0
 0
 0
 0
 0
 0
 0
 0
 0
 0
 0
 0
 0
 0
 0
 0
 0
 0
 0
 0
 0
 0
 0
 0
 0
 0
 0
 0
 0
 0
 0
 0
 0
 0
 0
 0
 0
 0
 0
 0
 0
 0
 0
 0
 0
 0
 0
 0
 0
 0
 0
 0
 0
 0
 0
 0
 0
 0
 0
 0
 0
 0
 0
 0
 0
 0
 0
 0
 0
 0
 0
 0
 0
 0
 0
 0.5848273372352941
 0.5344989067210246
 0.5337261447158695
 0.6078703115546571
 0.5364442963753728
 0.6020570553919415
 0.6063112799281647
 0.5320341465164833
 0.5664696959983415
 0.5474186218796468
 0.5504752428848166
 0.5231779550121866
 0.5364023746718457
 0.5666369371860963
 0.5687750728735708
 0.5581099746399149
 0.5712545315695827
 0.5584094595568306
 0.5492494926859903
 0.5735102005722933
 0.5536658616493233
 0.536765083919253
 0.5606437437011881
 0.5809065522233081
 0.5884658780151081
 0.6128660896690872
 0.6193876201530605
 0.6296015952833743
 0
 0
 0
 0
 0
 0
 0
 0
 0
 0
 0
 0
 0
 0
 0
 0
 0
 0
 0
 0
 0
 0
 0
 0
 0
 0
 0
 0
 0
 0
 0
 0
 0
 0
 0
 0
 0
 0
 0
 0
 0
 0
 0
 0
 0
 0
 0
 0
 0
 0
 0
 0
 0
 0
 0
 0
 0
 0
 0
 0


