# Created by Octave 4.0.0, Mon Nov 02 21:27:13 2015 W. Europe Standard Time <unknown@Florian-PC>
# name: mus
# type: matrix
# ndims: 3
 6 7 12
 0
 0
 0
 0
 0
 0
 0
 0
 0
 0
 0
 0
 0.5112781954887217
 0.6817042606516291
 0.5639097744360901
 0.5037593984962405
 0.4987468671679198
 0.5488721804511281
 0.7070707070707071
 0.6540404040404041
 0.6136363636363636
 0.5328282828282829
 0.6767676767676768
 0.553030303030303
 0.5999999999999999
 0.6379746835443041
 0.6075949367088609
 0.670886075949367
 0.6607594936708859
 0.5569620253164556
 0.6035353535353538
 0.5063131313131312
 0.5353535353535352
 0.705808080808081
 0.6729797979797978
 0.7398989898989896
 0.7543859649122806
 0.5037593984962406
 0.5488721804511278
 0.7192982456140349
 0.641604010025063
 0.6641604010025065
 0
 0
 0
 0
 0
 0
 0
 0
 0
 0
 0
 0
 0.6666666666666666
 0.6666666666666666
 0.6666666666666666
 0
 1
 0.6666666666666666
 0.25
 0.25
 0.5
 0.25
 0.5
 1
 0.8
 0.6
 0.6
 0.4
 0.4
 1
 1
 1
 0.7
 0.5
 0.4
 0.5
 0.5
 0.8
 0.8
 0.4
 0.6
 0.6
 0
 0
 0
 0
 0
 0
 0
 0
 0
 0
 0
 0
 0.7059904377541593
 0.8344446155449016
 0.6286291716882224
 0.3882704269401055
 1
 0.5461698552000098
 0.5522479374964383
 0.5977414625636451
 0.7280411549225974
 0.3745383205539595
 0.7182940987829254
 0.8992271572882009
 0.8534213196919287
 0.7204909093615222
 0.7709708120186386
 0.2793357478391258
 0.7140406995775572
 0.8375801341898845
 0.8714688197048599
 0.9051819161757163
 0.7870982840056594
 0.5762709727430533
 0.7075904897935923
 0.7497856121303625
 0.6920614658686812
 0.8335415861751464
 0.7867646648218332
 0.6259071365275723
 0.7302952282331487
 0.7281881597037202
 0
 0
 0
 0
 0
 0
 0
 0
 0
 0
 0
 0
 0.8854782540219108
 0.8298427592361587
 0.6665472650134865
 0.1388888855916377
 0.9999999999916369
 0.692453648210176
 0.5233564186018331
 0.47436517546599
 0.6572028024362222
 0.3846145018934324
 0.6273024194042954
 0.9357378990880725
 0.9196457411924303
 0.710447735539385
 0.7237080129773039
 0.4287077583982514
 0.6730489545146219
 0.8851577721632169
 0.8414833982999494
 0.9048359197416116
 0.7788798839710087
 0.5928206193575394
 0.6221153902243042
 0.5658162801367117
 0.7069327030169577
 0.7572283260570363
 0.7428536109981706
 0.6513016680516294
 0.6996187367114202
 0.6817357691365832
 0
 0
 0
 0
 0
 0
 0
 0
 0
 0
 0
 0
 0.8975703565795025
 0.8957650974297731
 0.8192690175394339
 0.1388870532424334
 0.999999999994892
 0.7372356206453403
 0.615312478078841
 0.5802841716584444
 0.7382795085118922
 0.414132043738547
 0.7760471154019927
 0.9173147974695216
 0.8107923391840991
 0.7027560065155956
 0.7560215919182858
 0.441988393778726
 0.5579664905342911
 0.8743601084088368
 0.762245730288062
 0.9070525135957845
 0.7886999103335588
 0.5071453435566006
 0.6587163474499006
 0.622901286722032
 0.708228395437747
 0.7469992900214039
 0.7644366789237764
 0.6357212014669075
 0.6615642718180719
 0.6659882510244155
 0
 0
 0
 0
 0
 0
 0
 0
 0
 0
 0
 0
 0.8880915250608831
 0.99734743159171
 0.9978533638626873
 0.1111142248150978
 0.9999999995524718
 0.6662428139059647
 0.996011453212119
 0.9999999999999998
 0.9973403454798891
 0.8778693221340721
 0.9960117494129218
 0.96632806598745
 0.9906162240162957
 0.9968472013833062
 0.9999291930665225
 0.846404931449798
 0.9997875499867077
 0.9893933400851951
 0.9971394167424248
 0.9985311858225187
 0.9999928193224947
 0.9678866971654814
 0.9940856546838108
 0.9992732089234821
 0.9888686287723349
 0.9987638347808886
 0.9973076056187955
 0.9728127364265566
 0.9964608826129984
 0.9975142699191855
 0
 0
 0
 0
 0
 0
 0
 0
 0
 0
 0
 0
 0.747019709283639
 0.7913930512906809
 0.8623749001166443
 0.1666666610884194
 0.9999999999987794
 0.9136626545246471
 0.4722222217339516
 0.4444444436836552
 0.6231147428871558
 0.3333329320644117
 0.623112760751243
 0.9614797973416586
 0.8345079546066335
 0.5708333333300456
 0.6648577437187133
 0.3874999999987994
 0.5583333329008829
 0.9517529273899044
 0.8813057508084987
 0.947703732063611
 0.683333333333719
 0.4553998737545009
 0.5598926312277216
 0.6099946716125021
 0.6946709293031625
 0.7684940622153595
 0.7059523809523245
 0.5890404312360182
 0.5841964762475147
 0.6080724581070834
 0
 0
 0
 0
 0
 0
 0
 0
 0
 0
 0
 0
 0.6040681384039779
 0.6040787565095207
 0.6042684369802541
 0.2962962929865295
 0.9999999999998903
 0.6038795353687143
 0.5104166666571166
 0.4895833333220497
 0.5937494620792304
 0.4999809479074417
 0.5937495693602467
 0.8081466831142302
 0.7948007983550575
 0.5926666666086928
 0.6559999711839798
 0.4219976918040811
 0.5826666666605848
 0.8486269853166386
 0.8075165213838342
 0.8766151168275835
 0.6898144689750717
 0.4545235908447784
 0.5507543017616571
 0.6119120903065067
 0.6415195047247664
 0.7150389940019044
 0.7129737609327691
 0.5392455107952971
 0.5688159367622936
 0.6156633486624901
 0
 0
 0
 0
 0
 0
 0
 0
 0
 0
 0
 0
 0.275
 0.3225806451612903
 0.3636363636363636
 0.3333333333333333
 1
 0.3448275862068966
 0.6264851427100671
 0.5199722708255469
 0.5961070558517995
 0.4695121921934898
 0.6286520705533238
 0.4051544241846077
 0.8114649869404444
 0.5939567890517082
 0.7825481496593394
 0.3843158304571664
 0.634735740747512
 0.6504628414677144
 0.625230990977969
 0.7636674777985385
 0.6807295265226875
 0.5695053785025642
 0.6913053572694494
 0.6600515156358817
 0.5532208750935701
 0.6141326778387378
 0.7054738439595429
 0.5467831472112887
 0.5657526213557537
 0.6258109693368208
 0
 0
 0
 0
 0
 0
 0
 0
 0
 0
 0
 0
 0.5785862941142949
 0.5785862941142949
 0.5785862941142949
 0.5785862941142949
 1
 0.5785862941142949
 0.7024536015003321
 0.7242945022877374
 0.8342149125783349
 0.6315941834306488
 0.8142274595955394
 0.6138084936067977
 0.8411401329417775
 0.7423838871012149
 0.7771150500497057
 0.5852325057633589
 0.7686391628999695
 0.8377553456592557
 0.7839454021544517
 0.7804505258132076
 0.7971204083638533
 0.6184936369370743
 0.7615837317053094
 0.8331290516117436
 0.7222630716405021
 0.7822446921886471
 0.8098288908489975
 0.676038406518209
 0.7105134256263202
 0.7578190977300523
 0
 0
 0
 0
 0
 0
 0
 0
 0
 0
 0
 0
 0.6207276274834961
 0.7471517827845718
 0.8742975929531438
 0.5526654882334043
 0.9999999998138982
 0.3678794410771183
 0.8107646405487775
 0.6707705409870354
 0.7118273862323719
 0.7623652141188615
 0.896517736893001
 0.5488175709976105
 0.7470159613514468
 0.7405148237950951
 0.8233735662730225
 0.5680757361731771
 0.7433157504809771
 0.6984571295173346
 0.7758449354681556
 0.7497451766071301
 0.8714225196298107
 0.6680894831066037
 0.7289684509794045
 0.7808426673546429
 0.7160631191242709
 0.7057836684651138
 0.833676694083845
 0.6210261013162914
 0.6784022717123347
 0.7841671624552654
 0
 0
 0
 0
 0
 0
 0
 0
 0
 0
 0
 0
 0.6803057310321829
 0.6197244701383477
 0.7838743162155689
 0.2592383186346112
 0.9999999999155421
 0.6196163074674991
 0.5036769011039137
 0.4489400142726813
 0.7961639502012524
 0.492161379778258
 0.6819072248339647
 0.7278875206184943
 0.7811086417961824
 0.6189707676045009
 0.7241768781274167
 0.4104401129708405
 0.6411614028022341
 0.8134378923736153
 0.8288423112815843
 0.868489509483853
 0.7592808667718541
 0.5490903061870394
 0.6246686521731922
 0.6265208786113704
 0.6215992254651378
 0.7704925265715419
 0.7598527806321599
 0.5636949387010403
 0.6176491496993974
 0.6835550017258172


