# Created by Octave 4.0.0, Tue Nov 03 10:04:21 2015 W. Europe Standard Time <unknown@Florian-PC>
# name: mus
# type: matrix
# ndims: 3
 6 7 12
 0
 0
 0
 0
 0
 0
 0
 0
 0
 0
 0
 0
 0.4937343358395991
 0.5238095238095241
 0.7343358395989976
 0.4661654135338346
 0.5664160401002506
 0.5238095238095236
 0.5757575757575758
 0.5277777777777778
 0.547979797979798
 0.4570707070707071
 0.5505050505050505
 0.5328282828282829
 0.572151898734177
 0.5164556962025317
 0.5797468354430381
 0.5772151898734177
 0.7063291139240505
 0.6759493670886073
 0.5681818181818183
 0.6060606060606063
 0.6755050505050505
 0.5757575757575759
 0.7095959595959598
 0.7474747474747478
 0.7142857142857144
 0.6390977443609023
 0.6842105263157896
 0.5288220551378446
 0.7844611528822054
 0.7493734335839599
 0
 0
 0
 0
 0
 0
 0
 0
 0
 0
 0
 0
 1
 0.6666666666666666
 0.6666666666666666
 0
 0.3333333333333333
 0.6666666666666666
 0.25
 0.25
 1
 0
 0.25
 1
 0.8
 0
 0.8
 0
 0.4
 0.6
 0.7
 0
 0.3
 0.1
 0.2
 0.3
 0.3
 0.4
 0.6
 0.4
 0.3
 0.7
 0
 0
 0
 0
 0
 0
 0
 0
 0
 0
 0
 0
 1
 0.6068518475578483
 0.6647845521363709
 0.2689574817370324
 0.5484853151224588
 0.7437349085830172
 0.5897941054410424
 0.582808692773606
 0.8814773952196454
 0.3217154184748541
 0.6289727154701944
 0.9083883248074553
 0.8688686074770545
 0.3484967138277867
 0.7892931470571475
 0.4062415685630443
 0.7175631545659635
 0.7892931470571475
 0.8222160928294682
 0.4877740945070551
 0.7050104058800064
 0.4205199071595814
 0.6816981583203718
 0.5211879579708705
 0.6225358268804868
 0.5237143128502889
 0.5610033514531708
 0.4986401973500895
 0.6710393010177914
 0.6459203313674933
 0
 0
 0
 0
 0
 0
 0
 0
 0
 0
 0
 0
 0.9999999993864169
 0.8857234774388536
 0.8305593753668358
 0.1388888705792259
 0.6654474722389283
 0.8033140915422551
 0.6473633333784224
 0.3824540751746526
 0.9144455301895487
 0.1631944930810665
 0.5234312501392766
 0.9810642764166717
 0.7883219933236281
 0.2274973765209703
 0.8753094889411175
 0.2193004641444629
 0.654166938081039
 0.657076819534321
 0.7718521599132698
 0.2749071303339278
 0.5264910527149114
 0.2068609176036811
 0.4779826207386601
 0.5284664265349922
 0.5608487721022789
 0.3197260762107398
 0.5753571388420025
 0.3781410028533953
 0.5111242535203468
 0.6448554275313054
 0
 0
 0
 0
 0
 0
 0
 0
 0
 0
 0
 0
 0.9999999997285671
 0.7446802462435066
 0.6550984153320102
 0.1666708335360515
 0.4392555944038406
 0.6564679711010379
 0.5456943906242521
 0.3367008550384319
 0.8784885185053957
 0.1527695171480545
 0.5425628869471719
 0.9565913325813328
 0.8003097961282474
 0.1916626801869658
 0.7466637273796334
 0.1824965405792003
 0.5699852527211583
 0.7427882826144524
 0.7440478314886811
 0.2635889503212387
 0.4842943891664981
 0.2198147605361848
 0.4717964689073569
 0.5328629661368749
 0.5199172409863224
 0.3778368819065555
 0.52798520072154
 0.3691697384104678
 0.55263903180386
 0.6739347432577627
 0
 0
 0
 0
 0
 0
 0
 0
 0
 0
 0
 0
 0.9999999999883646
 0.88626578760506
 0.9970202217662067
 0.166666645981765
 0.7772011925120346
 0.8924866957311386
 0.9986707028905489
 0.9615044311097501
 0.9855746517027544
 0.2777777770828762
 0.9973408986399702
 0.9999999999999996
 0.9952783998136772
 0.2986970257696201
 0.9754415394904794
 0.3029298240423232
 0.9845320371308764
 0.9927898064325372
 0.9971047240815365
 0.3595741266017254
 0.9737615123698377
 0.3383333331083461
 0.9703404304426991
 0.9874227949114575
 0.9817374798466765
 0.9162494489125844
 0.9754316314352451
 0.7320756595611015
 0.9779220892969709
 0.9932880309773694
 0
 0
 0
 0
 0
 0
 0
 0
 0
 0
 0
 0
 0.9999999999990004
 0.7289713414909842
 0.8767049181067049
 0.1666666667655442
 0.3333333333338189
 0.7217370157464836
 0.4722222218690368
 0.2777760348975357
 0.9614721878237433
 0.1388783770227273
 0.4444444437137279
 0.9858164749177549
 0.8621464767347926
 0.1916666667072634
 0.8340569265726048
 0.2041666650176625
 0.4831780610858442
 0.6463805331088539
 0.7233988886008752
 0.2533333333241545
 0.4790698376097545
 0.2199999988777563
 0.3966666666645791
 0.4911771030336352
 0.4675031723732105
 0.3226190475660082
 0.4686747835666596
 0.3285714285214396
 0.4522197471206755
 0.5908640079505559
 0
 0
 0
 0
 0
 0
 0
 0
 0
 0
 0
 0
 0.9999999999683057
 0.6040005918932529
 0.6045139944345452
 0.2592592566372822
 0.407407742006973
 0.6040362733396716
 0.5104166666571178
 0.3333334495304388
 0.8081783175558735
 0.2291666643578917
 0.4895833333220437
 0.8589025634392038
 0.7430265923301294
 0.3533333228320444
 0.6967545473531214
 0.2753333311669496
 0.4740001705322032
 0.6861197472915113
 0.6941938882469934
 0.2944444434142747
 0.4694442161261759
 0.2666666665499078
 0.4138888882545263
 0.4777777778404602
 0.4710398447698411
 0.352332360544685
 0.471039311851792
 0.357434402325145
 0.4572400385994326
 0.5881231877962594
 0
 0
 0
 0
 0
 0
 0
 0
 0
 0
 0
 0
 1
 0.3372093023255814
 0.3176470588235294
 0.3088235294117647
 0.3076923076923077
 0.3857142857142857
 0.5003125514886071
 0.3070204186367042
 0.5432665991236294
 0.2403217462676683
 0.6562304984625086
 0.706503077046678
 0.59581053556924
 0.2808224819037826
 0.4470824820379237
 0.3363122208545319
 0.5974736492842042
 0.7593641625028477
 0.6614230269028667
 0.4339300887175533
 0.6619741313841778
 0.3391613573779585
 0.5436732392416608
 0.541320260296556
 0.4923012485921745
 0.4081691741099638
 0.5510102182172691
 0.3826639734148465
 0.5174320343994404
 0.6508361691248862
 0
 0
 0
 0
 0
 0
 0
 0
 0
 0
 0
 0
 1
 0.5785862941142949
 0.5785862941142949
 0.5785862941142949
 0.5785862941142949
 0.5785862941142949
 0.7656015760596701
 0.5383217559313387
 0.6808768198219317
 0.4938813584592638
 0.743188489233965
 0.8292041872245243
 0.8417896881896888
 0.5502446085457445
 0.6680219954663444
 0.5387759200371556
 0.7498418218572591
 0.8904590386140574
 0.7194947906448479
 0.5803424323823706
 0.7930365779533561
 0.5490737803670599
 0.6894778470014331
 0.7237212076622199
 0.6615231682421248
 0.593357277759246
 0.6768332702827587
 0.577731284909069
 0.6671342920638857
 0.7591681530978132
 0
 0
 0
 0
 0
 0
 0
 0
 0
 0
 0
 0
 0.9999999996397126
 0.6839396178451961
 0.7892931384643117
 0.4830533570083578
 0.578586294113532
 0.6839558708113422
 0.9707726334809854
 0.5705685084392861
 0.692919374872867
 0.4748268146198624
 0.7801641027691538
 0.7388510624848701
 0.7607071495749096
 0.5701092924825126
 0.7073384889071757
 0.6097016411322245
 0.6391594266175629
 0.893914030314976
 0.7592376512705205
 0.6148639970789014
 0.7582425589506943
 0.5854857254173731
 0.6254507427947549
 0.7109559755324787
 0.6673932248627268
 0.5932729704552876
 0.6896240426281595
 0.5486590191850461
 0.6889195501790643
 0.7585701816420652
 0
 0
 0
 0
 0
 0
 0
 0
 0
 0
 0
 0
 0.9999999999495063
 0.5588879033078096
 0.6875059700657943
 0.2592496161255496
 0.6376625056172812
 0.6194176282345235
 0.5429569381564099
 0.3083241962804173
 0.8368955222729924
 0.2161319168915989
 0.5038221643230928
 0.8610915902212608
 0.7136853629752236
 0.3506631320219398
 0.6899194426782789
 0.2959828779021973
 0.5394482516502473
 0.7092317906404314
 0.6811064634610774
 0.2958251619553887
 0.506512921212472
 0.2884996290654037
 0.4333797060969629
 0.5176210818625209
 0.5142352576961823
 0.3654822269501471
 0.5859863328126746
 0.401493515792342
 0.4813918667348021
 0.6530924738670336


