# Created by Octave 3.8.2, Sun Nov 15 15:14:49 2015 CET <dkottke@snake2>
# name: mus
# type: matrix
# ndims: 3
 1 30 19
 0
 0
 0.4974958263772957
 0.4387527839643652
 0.6880222841225632
 0.6872909698996658
 0.7215119510839363
 0.7075892857142857
 0.6387493020658848
 0.7178770949720672
 0.7252808541152103
 0.7265100671140937
 0.7193422519509475
 0.7050781249999994
 0.7086834733893556
 0.7332589285714286
 0.7240709617180203
 0.7362514029180697
 0.7310030395136777
 0.7410112359550564
 0.7477871148459381
 0.7514029180695848
 0.7547380156075811
 0.7545045045045047
 0.7498591549295772
 0.7562244518766257
 0.7494388327721658
 0.7533482142857141
 0.7494438264738601
 0.7468926553672318
 0
 0
 1
 0.75
 0.4
 0.9
 0.9
 0.7
 0.7
 0.6
 0.6
 0.6666666666666666
 0.7666666666666666
 0.5666666666666667
 0.6
 0.65
 0.8833333333333334
 0.65
 0.6
 0.6
 0.52
 0.6799999999999999
 0.75
 0.58
 0.4
 0.5
 0.6
 0.6133333333333333
 0.6066666666666667
 0.5000000000000001
 0
 0
 1
 0.7391248487374207
 0.7260810911742916
 0.8251133120574324
 0.7925854416343795
 0.8084287694162433
 0.6757237893283696
 0.7500414704517931
 0.6544866715110162
 0.792664456704233
 0.6921674914022901
 0.5679858173135856
 0.6281878273315904
 0.644568266270277
 0.6478069353408764
 0.6037324611314284
 0.5533794722379544
 0.5975071102088931
 0.7314780769177742
 0.6425962411725379
 0.6758648300401087
 0.7513722630559335
 0.6323995122729414
 0.6463588954223408
 0.6315177476825464
 0.5116290968297654
 0.6358226626536465
 0.6509832934979138
 0
 0
 0.9999999999814995
 0.5528387516024096
 0.5797297793816429
 0.6770003867982157
 0.5548198905753827
 0.5896057397756566
 0.5747083307131379
 0.5891719948587378
 0.6111448054546343
 0.5964340658893845
 0.6254513232526033
 0.6087034007349764
 0.6098654570439851
 0.5897968288213297
 0.5991835458980683
 0.5815032897498523
 0.5857925521007892
 0.5933046153466723
 0.6021455604930609
 0.6032551803162063
 0.6112330798999239
 0.609638209847057
 0.5828431067663159
 0.575858685238347
 0.5765741139484841
 0.5797527917667217
 0.5664501191184012
 0.575684195720382
 0
 0
 0.9999999999813155
 0.7402618321044516
 0.5648129308550773
 0.6611207975480883
 0.6349026022392326
 0.5876398667666531
 0.5462320344064606
 0.5800573460158902
 0.6092027949068568
 0.5964210803539099
 0.6094085754762711
 0.6073779922550994
 0.6083454581655791
 0.5862413811715992
 0.6052356245392578
 0.5828883780112498
 0.587863714827651
 0.6050884808639762
 0.6047104172096166
 0.6116432654385013
 0.6086681824185827
 0.6108430027030355
 0.5863198721301893
 0.5782598825792312
 0.5728679809002851
 0.5796870763129565
 0.5671872049095614
 0.5742210041563006
 0
 0
 0.9999999999733336
 0.6666678558021635
 0.5999219807529029
 0.6516113143388497
 0.6584354044260867
 0.5941403924036257
 0.5484884006178259
 0.5708018908114725
 0.6246735130414756
 0.6077410780206906
 0.5849925852625363
 0.5819520383569977
 0.5552273224315348
 0.5769208086948624
 0.6427420191101177
 0.5549974126241661
 0.5785785576450336
 0.5869319260419376
 0.5936904263538281
 0.5785635624120309
 0.6088693622404986
 0.5263071916132984
 0.6193762195939359
 0.5374630317482926
 0.6085497093806286
 0.5557576795287124
 0.549740508124466
 0.5967994356013665
 0
 0
 1
 0.7270212813832779
 0.680200097988688
 0.6852448674282968
 0.7166218518674673
 0.7102275000226134
 0.6585223910233953
 0.8000531423584502
 0.6949801661603421
 0.7116232740916064
 0.7410614182593651
 0.7458384748813585
 0.7387617534137358
 0.7079301112120788
 0.7246174198467641
 0.7042231841682907
 0.7174088635289735
 0.6961798446350222
 0.6808911885121239
 0.6976931022485751
 0.7223751333554489
 0.7267028149781416
 0.7522096655341527
 0.6905080449683869
 0.7511935863827917
 0.7073144290147738
 0.6858059518360612
 0.6563079346859133
 0
 0
 0.9999999999687618
 0.5168339051685502
 0.5820955562265004
 0.618759456809636
 0.5706280143229787
 0.6041605886940715
 0.5749454568997535
 0.6189992208255375
 0.6183298578687741
 0.5998376820583748
 0.63491327459916
 0.6050066845051332
 0.6107594021867708
 0.5872527723301559
 0.6047331039843055
 0.5791247684819061
 0.5842618177414214
 0.605299594705112
 0.6058945431337845
 0.6105360708303308
 0.615693118269712
 0.6179109692071284
 0.5900646153816967
 0.5776093968369251
 0.5718957658104968
 0.5788831660502665
 0.5660473909314111
 0.5716738025192072
 0
 0
 0.9999999999741311
 0.7178775608080232
 0.5666010768023108
 0.6025774051791782
 0.6876545129292506
 0.5625920815141954
 0.5297747524867402
 0.58333324512343
 0.611094028803408
 0.6043713249181552
 0.6113930209587439
 0.6141306907331325
 0.607469271241713
 0.5872686394643495
 0.6074146979875937
 0.578268799166941
 0.5935200183791406
 0.6023600519220583
 0.6108500477722622
 0.6099122341378848
 0.6177971946888451
 0.6206417531371442
 0.5901723018700281
 0.5840288039342371
 0.5722465118442636
 0.581422569293109
 0.5628218824222921
 0.5696745646575633
 0
 0
 0.9999999999536495
 0.5890357627063456
 0.6120637390238123
 0.5931033662526185
 0.5914845918266676
 0.5808777846814275
 0.618746585152576
 0.560240619056983
 0.6090851775433778
 0.5776026525760051
 0.6034471697359793
 0.5973530074243139
 0.6117555311772768
 0.5684257396112854
 0.5923574043557364
 0.5853527177966886
 0.5806735248685155
 0.5849864619386959
 0.5868146845959752
 0.602918856816327
 0.6114582501651518
 0.6040631317794569
 0.5754817137741342
 0.5704020295361213
 0.561678600253083
 0.5621038100056748
 0.5472476536138795
 0.5652029147943953
 0
 0
 1
 0.7246272497711269
 0.6716434703396671
 0.6796080203672126
 0.7406110598215971
 0.7108766666195132
 0.6572314804025977
 0.6723757175641507
 0.7114529669397636
 0.6758607936741878
 0.6810747938408968
 0.6810112233394607
 0.7025585383706087
 0.662100242904258
 0.6499918847854345
 0.662461095388243
 0.7000660634847118
 0.7603225849691762
 0.6942283406796156
 0.6936402841437499
 0.729769310861524
 0.7338585749797177
 0.6928408223995335
 0.6676080727294579
 0.6611389678174325
 0.6978721023998079
 0.6885606190899018
 0.648380981539044
 0
 0
 0
 0
 0
 0
 0
 0
 0
 0
 0
 0
 0
 0
 0
 0
 0
 0
 0
 0
 0
 0
 0
 0
 0
 0
 0
 0
 0
 0
 0
 0
 0
 0
 0
 0
 0
 0
 0
 0
 0
 0
 0
 0
 0
 0
 0
 0
 0
 0
 0
 0
 0
 0
 0
 0
 0
 0
 0
 0
 0
 0
 0
 0
 0
 0
 0
 0
 0
 0
 0
 0
 0
 0
 0
 0
 0
 0
 0
 0
 0
 0
 0
 0
 0
 0
 0
 0
 0
 0
 0
 0
 0
 0
 0
 0
 0
 0
 0
 0
 0
 0
 0
 0
 0
 0
 0
 0
 0
 0
 0
 0
 0
 0
 0
 0
 0
 0
 0
 0
 0
 0
 0
 0
 0
 0
 0
 0
 0
 0
 0
 0
 0
 0
 0
 0
 0
 0
 0
 0
 0
 0
 0
 0
 0
 0
 0
 0
 0
 0
 0
 0
 0.9590886667141688
 0.6607450841043878
 0.5948772556074676
 0.5919336468321522
 0.6716376443498769
 0.5746657717173279
 0.5298720919312068
 0.5799049706011309
 0.6147997593854124
 0.6045403412439184
 0.6101090370708494
 0.6054443391083311
 0.603131031752294
 0.5886590480694003
 0.6116715765367023
 0.5825874567689142
 0.5898680449583815
 0.6000954729985886
 0.6087530693716584
 0.610546135197449
 0.6169565306774627
 0.618890661811233
 0.5870449769638781
 0.5785973890660316
 0.5682861468671432
 0.5755760429621077
 0.5631292599601452
 0.5701482320705167
 0
 0
 0
 0
 0
 0
 0
 0
 0
 0
 0
 0
 0
 0
 0
 0
 0
 0
 0
 0
 0
 0
 0
 0
 0
 0
 0
 0
 0
 0
 0
 0
 0
 0
 0
 0
 0
 0
 0
 0
 0
 0
 0
 0
 0
 0
 0
 0
 0
 0
 0
 0
 0
 0
 0
 0
 0
 0
 0
 0


