# Created by Octave 3.8.2, Sun Nov 15 22:04:50 2015 CET <dkottke@snake6>
# name: mus
# type: matrix
# ndims: 3
 1 30 19
 0
 0
 0.6073517126148702
 0.8269230769230769
 0.8033472803347282
 0.9472361809045232
 0.9482038429406854
 0.950503355704698
 0.9465329991645772
 0.9495798319327737
 0.8990825688073387
 0.9015151515151515
 0.9076086956521729
 0.9215126050420169
 0.9400843881856538
 0.9400337837837838
 0.926554621848739
 0.9271885521885517
 0.9281537176274012
 0.9440677966101697
 0.9390142021720962
 0.9385521885521884
 0.9349916387959865
 0.9404761904761906
 0.9412765957446811
 0.9368729096989961
 0.9417087542087537
 0.9511054421768709
 0.9515253459744627
 0.9504273504273504
 0
 0
 0.6666666666666666
 0.5
 0.8
 0.6
 0.9
 0.7
 0.7
 0.8
 0.8333333333333333
 0.8
 0.8666666666666666
 0.9333333333333332
 0.9333333333333332
 0.9333333333333332
 0.9
 0.8833333333333332
 0.8833333333333332
 0.95
 0.9099999999999999
 0.9099999999999999
 0.9099999999999999
 0.95
 0.96
 0.9666666666666668
 0.9666666666666668
 0.8933333333333333
 0.8933333333333333
 0.9
 0
 0
 0.760819248010816
 0.7108384677699151
 0.8090469145205399
 0.5762310313142195
 0.7796178323812001
 0.8718902334107457
 0.8490996622766308
 0.8687296306166028
 0.8760029620426556
 0.8832353348131103
 0.9385639018776626
 0.9033909079257021
 0.9017967779471163
 0.9099859391901297
 0.8663724847342951
 0.910384368711472
 0.8880144421229433
 0.8890619334407812
 0.9195806920467212
 0.9140950934343994
 0.9139659271113392
 0.9426181535256211
 0.9444010103947961
 0.927862221677704
 0.9381950262882559
 0.9048331975294057
 0.8649081671192086
 0.87195650474327
 0
 0
 0.7782101892975484
 0.5735602803732418
 0.5860624175399013
 0.5451613675196881
 0.6227964919647944
 0.6856466193003776
 0.7407280719234893
 0.7665658594206692
 0.7495120536092431
 0.7776425465744434
 0.7885410972874283
 0.7991129045095846
 0.8232158577697634
 0.8318991960284161
 0.8143890256125816
 0.8366638274731417
 0.8270789548233388
 0.8349674144862165
 0.8427532636899647
 0.8579612322853445
 0.8593325111807414
 0.8568409592402788
 0.8679096890180062
 0.8761347216434202
 0.8853299989144532
 0.8426638741386364
 0.8492751040668203
 0.8525612498672198
 0
 0
 0.62406988041406
 0.5032510516855093
 0.5904447739566693
 0.5458275217037134
 0.6262541937013815
 0.6871880777627936
 0.7200846591569483
 0.7432880458635965
 0.7326386153079548
 0.7608088112697766
 0.7912572897646635
 0.8042846905340993
 0.8115105312122699
 0.8399192517960634
 0.8054719564528006
 0.8277081866629694
 0.8351964267770937
 0.833753604160365
 0.8417526676012286
 0.8574348314935654
 0.8647459968517144
 0.8615914084276404
 0.8730865811221136
 0.8778309627058565
 0.8884388106874579
 0.8446315258607371
 0.8475110021701905
 0.8497657308213475
 0
 0
 0.4166587046160724
 0.6070438013347347
 0.4509265069858371
 0.5511597958939281
 0.6787773084813862
 0.6926267802418785
 0.8206172934122321
 0.8186573779595823
 0.7394254950163478
 0.7503538220763075
 0.7595508700909175
 0.7620510179512807
 0.8131230567965163
 0.7957641940225159
 0.8302866517006561
 0.8304356729655327
 0.8191504215714712
 0.9329332974395531
 0.8157946964548143
 0.9092909501246607
 0.8516334391233847
 0.8621008088962807
 0.8507402661099119
 0.9653706250590584
 0.8805139877591206
 0.9652224872843244
 0.8265286255199336
 0.8320976011253841
 0
 0
 1
 0.8482990417496182
 0.7166620364140065
 0.6597881302257895
 0.6962575422978492
 0.7681633277181062
 0.78448562606609
 0.8161347811732569
 0.7845420958512292
 0.8167795922672693
 0.8612585659236242
 0.8664428287862507
 0.8179562141075872
 0.8713190707782076
 0.8615973108383987
 0.9056075826196054
 0.8551638489994802
 0.9619992262988681
 0.845628488815401
 0.9814495956985616
 0.8820241640544074
 0.8592377554792024
 0.88535482116102
 0.8875002702855235
 0.9012858299774495
 0.9457798456946988
 0.8823209014826694
 0.8939936004978178
 0
 0
 0.7943589669945178
 0.5538575924322371
 0.559396616997863
 0.5697222467344191
 0.6099042004424194
 0.6758933428820205
 0.724652629873778
 0.8114727534218262
 0.7668536128153678
 0.8081837817271231
 0.8250797816138604
 0.8216055399634229
 0.8480489536026335
 0.86022192840701
 0.8537957031024861
 0.8638238803230931
 0.8634805096004002
 0.864310705565283
 0.8803210026659214
 0.885996790659782
 0.8904543680286577
 0.8884720512964889
 0.8956704915205204
 0.9020452807493353
 0.9124380490516152
 0.8601703140320248
 0.8659164197793954
 0.8704023673199046
 0
 0
 0.6289702329933204
 0.4701754079076031
 0.5396653550514605
 0.5426338329931274
 0.6193019506102578
 0.6663144076316491
 0.7226110422512796
 0.7872509242880931
 0.768080424550016
 0.7892865755873038
 0.8303637069320725
 0.8310377045653161
 0.8349074857639591
 0.8694730007593453
 0.8417341484657086
 0.8515834465191658
 0.8681621022771817
 0.8567958221363754
 0.8734452148812258
 0.8913313258022141
 0.8953224228220732
 0.8877075385708586
 0.8945688427728122
 0.8999480193852066
 0.9125921000636971
 0.863277375357879
 0.8684124132490277
 0.8668028987428023
 0
 0
 0.4166606072601068
 0.6894480959765864
 0.4800072572318642
 0.5544759209252077
 0.611325292028895
 0.6651037635583918
 0.7133170198416816
 0.7786179615116881
 0.7740526630394862
 0.7969390982814344
 0.8182317353266403
 0.9303979773647301
 0.8090607653825616
 0.866049011866857
 0.8244095908913522
 0.8568652779172313
 0.8592272564319303
 0.8609413881661329
 0.8745875067738302
 0.8941528245201158
 0.8832838895001228
 0.8868460489935081
 0.8906593345837766
 0.9040162093860205
 0.9091930847843084
 0.8564049677467039
 0.8719120222603862
 0.8671973949182744
 0
 0
 1
 0.7298307363969048
 0.8034476451529442
 0.658771066521729
 0.7178537591250435
 0.7501418233563991
 0.7502406662676934
 0.7641821045244079
 0.7787222979720168
 0.7941441727708947
 0.8416562949040882
 0.8283519087468555
 0.8191914293824183
 0.8607313020787095
 0.8379243130405578
 0.8591839874773498
 0.8912843314780816
 0.8671702191969436
 0.9105594567666585
 0.8974635663099229
 0.895772997068372
 0.8864946195121955
 0.8858562072879552
 0.9177854599434679
 0.9077339181713134
 0.8850045311953254
 0.8945058640005046
 0.9013237271218457
 0
 0
 0
 0
 0
 0
 0
 0
 0
 0
 0
 0
 0
 0
 0
 0
 0
 0
 0
 0
 0
 0
 0
 0
 0
 0
 0
 0
 0
 0
 0
 0
 0
 0
 0
 0
 0
 0
 0
 0
 0
 0
 0
 0
 0
 0
 0
 0
 0
 0
 0
 0
 0
 0
 0
 0
 0
 0
 0
 0
 0
 0
 0
 0
 0
 0
 0
 0
 0
 0
 0
 0
 0
 0
 0
 0
 0
 0
 0
 0
 0
 0
 0
 0
 0
 0
 0
 0
 0
 0
 0
 0
 0
 0
 0
 0
 0
 0
 0
 0
 0
 0
 0
 0
 0
 0
 0
 0
 0
 0
 0
 0
 0
 0
 0
 0
 0
 0
 0
 0
 0
 0
 0
 0
 0
 0
 0
 0
 0
 0
 0
 0
 0
 0
 0
 0
 0
 0
 0
 0
 0
 0
 0
 0
 0
 0
 0
 0
 0
 0
 0
 0
 0.4241277302307809
 0.4917512848910466
 0.5301614219458909
 0.5340762282913428
 0.6174362420153547
 0.6623174355603341
 0.7128718134211315
 0.781858830559679
 0.7713567753090904
 0.7976096905273863
 0.8323966635267294
 0.8309050866260594
 0.8403880520728768
 0.8645888024391138
 0.8449224397618907
 0.8514353782362096
 0.8675478937755657
 0.8540772787457362
 0.8737793740523853
 0.889906802908807
 0.8927805998713384
 0.8876957319880732
 0.895439029700456
 0.8972548474715916
 0.9112660261442516
 0.8587522485178771
 0.867757433186868
 0.8665819732801731
 0
 0
 0
 0
 0
 0
 0
 0
 0
 0
 0
 0
 0
 0
 0
 0
 0
 0
 0
 0
 0
 0
 0
 0
 0
 0
 0
 0
 0
 0
 0
 0
 0
 0
 0
 0
 0
 0
 0
 0
 0
 0
 0
 0
 0
 0
 0
 0
 0
 0
 0
 0
 0
 0
 0
 0
 0
 0
 0
 0


