# Created by Octave 3.8.2, Sun Nov 15 18:02:03 2015 CET <dkottke@snake5>
# name: mus
# type: matrix
# ndims: 3
 1 30 19
 0
 0
 0.6533110740122441
 0.720489977728285
 0.7103064066852375
 0.7140468227424753
 0.7287381878821585
 0.7332589285714286
 0.7359017308766037
 0.7418994413407822
 0.738108517249622
 0.7421700223713646
 0.7343924191750277
 0.7412109374999998
 0.7507002801120443
 0.7360491071428571
 0.7504761904761899
 0.759259259259259
 0.7470404735242363
 0.743820224719101
 0.7478991596638653
 0.7406783888265368
 0.7454477889260499
 0.7511261261261261
 0.7408450704225354
 0.7445187662578967
 0.7457912457912457
 0.738002232142857
 0.7319243604004451
 0.7169491525423733
 0
 0
 0.6666666666666666
 0.75
 0.6
 0.5
 0.6
 0.8
 0.8
 0.5
 0.5333333333333333
 0.7
 0.3666666666666666
 0.3333333333333333
 0.2666666666666667
 0.3333333333333333
 0.4
 0.5166666666666666
 0.5166666666666666
 0.5
 0.53
 0.46
 0.57
 0.54
 0.5600000000000001
 0.62
 0.5133333333333333
 0.5333333333333333
 0.62
 0.5333333333333334
 0
 0
 0.6365306786735794
 0.649585342388517
 0.7054404198656041
 0.6934215289681495
 0.7650618589687195
 0.7994070759984044
 0.7494695518509484
 0.5333631439069841
 0.5888479321482905
 0.4618311168044067
 0.4854231447276147
 0.3422832308211942
 0.4619456088485487
 0.6041560739080066
 0.4252671540232337
 0.6400783953684939
 0.5008434738866425
 0.4334244837594916
 0.4228123055370537
 0.5067805341365493
 0.5257151309238937
 0.4992244631949043
 0.4417611725755712
 0.421316569525326
 0.5394810788835303
 0.5209607151163561
 0.5217614759175557
 0.4720355393470665
 0
 0
 0.7216132516617231
 0.8005790729079438
 0.688604752129628
 0.6000997385566881
 0.5805611055631476
 0.6129383425111313
 0.5513546825141747
 0.5280381120719944
 0.505680892035516
 0.5082272273244058
 0.4547716556456354
 0.4448517640641104
 0.4532925354602698
 0.4457033229434162
 0.4455146875361531
 0.4763556723730751
 0.4703373522905966
 0.4687583235189658
 0.4766004160787879
 0.4744332624884893
 0.4821031305807886
 0.4889546105836746
 0.4760681147460576
 0.4913770001994643
 0.5010866130025018
 0.5028137938591238
 0.5017170445029845
 0.4923951144361602
 0
 0
 0.9457736169013268
 0.7746950755931084
 0.628682298204729
 0.6024685276016962
 0.5762590452566095
 0.5807877753809103
 0.5300541313895465
 0.5138933384085648
 0.5053851337562785
 0.512384395068795
 0.4634589396292059
 0.4553536245645792
 0.4459940402222273
 0.4475708127767538
 0.4499102893276951
 0.4741057179456799
 0.4735742555787134
 0.4710072087282635
 0.4794928133050144
 0.4773371820914707
 0.4813150408494395
 0.4926804018681574
 0.476464118337194
 0.4913513007611187
 0.5054263841407575
 0.5114002834569946
 0.5007775954065008
 0.4931691450803537
 0
 0
 0.333333333322619
 0.7711207039454897
 0.479141205383124
 0.5431496753214057
 0.5661232384459068
 0.6360423923053761
 0.5250498281692182
 0.5415065959181963
 0.5150161419754143
 0.4890040639170107
 0.4562159083157567
 0.4358030010593264
 0.4483855737738239
 0.4174778573671976
 0.4183381877850272
 0.449979432403193
 0.510610797428647
 0.463138444942241
 0.4585410627880848
 0.5040541861894348
 0.4988511290847874
 0.4464972289949684
 0.487634090033279
 0.4600144633206812
 0.4746340845946986
 0.4855550946922686
 0.5136649988050992
 0.5027937425917447
 0
 0
 0.5785862941142949
 0.8459303787117111
 0.7415229761093708
 0.7936392799591514
 0.8081177371498116
 0.7388473585850254
 0.7357849111585768
 0.7362342596587336
 0.6872739005413683
 0.6130321213469059
 0.6254148578909491
 0.6612882969163613
 0.6173653686053345
 0.6186165962397473
 0.6222554371414379
 0.6678760534810003
 0.6559887484602869
 0.6335408879506883
 0.6977556424806337
 0.634119178549063
 0.6230757434983877
 0.6890011553220964
 0.6508065968434594
 0.6803913990678194
 0.684237388733578
 0.6946087562952643
 0.6603492880076635
 0.6215298585225804
 0
 0
 0.7080941530790705
 0.8135729594747779
 0.6773313768423398
 0.5545523266781164
 0.6345870444356053
 0.6454255025235021
 0.5821367251165322
 0.5279727101629628
 0.5000090649662321
 0.4777829552163882
 0.4313940078484813
 0.4379139195320747
 0.4362929969899691
 0.4262631133842763
 0.4462163778327576
 0.4674198634099677
 0.4738167353757507
 0.4689325026009646
 0.4809150169400895
 0.4830547088887182
 0.4894536404857796
 0.4908485112151111
 0.4760264695786574
 0.487827580428902
 0.500750478192154
 0.5028120568000706
 0.5076767345618191
 0.4960572964084697
 0
 0
 0.9694872872688308
 0.7627299002046773
 0.6075684326862839
 0.5700104775769623
 0.6484363345014619
 0.6195183056116425
 0.5760954058734503
 0.5279200580470136
 0.5050941781212541
 0.4682626933412591
 0.4338569762591759
 0.4362611314737271
 0.4300804263347751
 0.4275247136241351
 0.4389815870061667
 0.4801436494543755
 0.4691636577966841
 0.4690163259270231
 0.4796796597405003
 0.4744656366514098
 0.4891206935057751
 0.4982908170248346
 0.468742018015654
 0.4874688566952899
 0.5031807008340774
 0.5111852243611521
 0.5041199705596806
 0.4991157393817361
 0
 0
 0.333333333333275
 0.7365211028332883
 0.5323785897378936
 0.5363435530022617
 0.5725167859817364
 0.6272164089255696
 0.6006754859600311
 0.524479890722315
 0.4930765951792466
 0.4541743744781428
 0.4337141679166763
 0.4237821708826193
 0.4314863853535031
 0.4255916961809917
 0.4318681159803925
 0.462114714769687
 0.4609988486592205
 0.4562979580362111
 0.4629260152238152
 0.4655227304920074
 0.4774521443444857
 0.4808880481732312
 0.4743139515380004
 0.4784669574574902
 0.486817010301596
 0.5021680672280022
 0.496957832457329
 0.483407803683539
 0
 0
 0.5785862941142949
 0.82749165128011
 0.7527501897968019
 0.8073662869410823
 0.7319252584449755
 0.7218565732856295
 0.7434858208421822
 0.7226040065223263
 0.6523249202506085
 0.6403967990757475
 0.6612878453146098
 0.6379738554385428
 0.6248257921660864
 0.6081089209117913
 0.6236747155416142
 0.6244009150258063
 0.6357598721925715
 0.6466483705744297
 0.6394026768280634
 0.6395118524019504
 0.6414087249481566
 0.6711223714475208
 0.6506283108367978
 0.7024895651395116
 0.647731235410851
 0.6732666045085104
 0.6454073155756489
 0.6466024960796994
 0
 0
 0
 0
 0
 0
 0
 0
 0
 0
 0
 0
 0
 0
 0
 0
 0
 0
 0
 0
 0
 0
 0
 0
 0
 0
 0
 0
 0
 0
 0
 0
 0
 0
 0
 0
 0
 0
 0
 0
 0
 0
 0
 0
 0
 0
 0
 0
 0
 0
 0
 0
 0
 0
 0
 0
 0
 0
 0
 0
 0
 0
 0
 0
 0
 0
 0
 0
 0
 0
 0
 0
 0
 0
 0
 0
 0
 0
 0
 0
 0
 0
 0
 0
 0
 0
 0
 0
 0
 0
 0
 0
 0
 0
 0
 0
 0
 0
 0
 0
 0
 0
 0
 0
 0
 0
 0
 0
 0
 0
 0
 0
 0
 0
 0
 0
 0
 0
 0
 0
 0
 0
 0
 0
 0
 0
 0
 0
 0
 0
 0
 0
 0
 0
 0
 0
 0
 0
 0
 0
 0
 0
 0
 0
 0
 0
 0
 0
 0
 0
 0
 0
 0.66390130473324
 0.6479965226752391
 0.5911716740455085
 0.5575744874338331
 0.6489096319949111
 0.6205514130214116
 0.5816134791384237
 0.5315329159111349
 0.5059134788887939
 0.4672133084633583
 0.4293934605264029
 0.4413854352687032
 0.4331324677620855
 0.4298489649809746
 0.4404648182599089
 0.4753651505490412
 0.4651627425724393
 0.4695532716355003
 0.4768524215849992
 0.4771308084798527
 0.4861739728444341
 0.4971482141100446
 0.4688454310463904
 0.4846188082487534
 0.5068281320111192
 0.5075753508076305
 0.5006159888932893
 0.4955739653556619
 0
 0
 0
 0
 0
 0
 0
 0
 0
 0
 0
 0
 0
 0
 0
 0
 0
 0
 0
 0
 0
 0
 0
 0
 0
 0
 0
 0
 0
 0
 0
 0
 0
 0
 0
 0
 0
 0
 0
 0
 0
 0
 0
 0
 0
 0
 0
 0
 0
 0
 0
 0
 0
 0
 0
 0
 0
 0
 0
 0


