# Created by Octave 3.8.2, Sun Nov 15 23:38:39 2015 CET <dkottke@snake4>
# name: mus
# type: matrix
# ndims: 3
 1 30 19
 0
 0
 0.6040100250626569
 0.5959595959595959
 0.630379746835443
 0.6174242424242424
 0.6791979949874688
 0.7372448979591837
 0.7039141414141418
 0.7102564102564105
 0.7398989898989896
 0.7146464646464645
 0.7394871794871798
 0.7200255102040815
 0.7371794871794872
 0.7265625
 0.7351520318272236
 0.7386363636363636
 0.7468671679197993
 0.7368421052631579
 0.744360902255639
 0.7247474747474747
 0.728331912475135
 0.7369791666666667
 0.7333333333333333
 0.7312820512820513
 0.7324434824434825
 0.7448979591836735
 0.7326721254757238
 0.7333333333333333
 0
 0
 0.6666666666666666
 0
 0.2
 0.2
 0.5
 0.5
 0.4
 0.3
 0.2666666666666667
 0.5333333333333333
 0.6333333333333333
 0.4666666666666666
 0.6
 0.5
 0.5499999999999999
 0.4833333333333333
 0.6333333333333333
 0.5
 0.75
 0.74
 0.6900000000000001
 0.74
 0.72
 0.7333333333333333
 0.8466666666666669
 0.8600000000000001
 0.8666666666666668
 0.9
 0
 0
 0.6297579584004163
 0.4971768282045564
 0.7036934880491136
 0.6862300124655347
 0.4693947425854581
 0.7031140442035207
 0.5617330178937063
 0.7061496952925757
 0.7252382637625203
 0.6763567278909082
 0.731709974245765
 0.5778164153676657
 0.6222600987774358
 0.6740562318634507
 0.6091673486972603
 0.6043125645117198
 0.6363618821972792
 0.6849612092444428
 0.7046495762209555
 0.6541098585605466
 0.6272721928308546
 0.7415395358645746
 0.6966311486910531
 0.6824419619915115
 0.7577667793763396
 0.7407599970992025
 0.7620738958354731
 0.77521274892055
 0
 0
 0.723295775699913
 0.385139254644761
 0.4189260097007387
 0.4709368840656896
 0.4994098604101413
 0.5192625324704063
 0.4777020874031365
 0.494747381211943
 0.5140204207973031
 0.5286908487760184
 0.5580462327972894
 0.560396101680892
 0.5621599634730944
 0.5537616172298379
 0.5578285985957605
 0.5837990375085645
 0.5926078105108239
 0.6037461245813222
 0.5993912721173558
 0.6130960490637852
 0.6229905238835983
 0.6363640552643546
 0.6350869891871924
 0.6531605547037835
 0.6593949481187392
 0.6728031646536942
 0.6873909865619542
 0.6906487464460288
 0
 0
 0.6776865281296964
 0.357482659473629
 0.3959177520787459
 0.4291003689368552
 0.5063649263368855
 0.4845238013371178
 0.5030581812135104
 0.4886785253707795
 0.5223235394608429
 0.5243384036633826
 0.5493453440980219
 0.5441629234512193
 0.5573527477323938
 0.5596895539554497
 0.5606727797436425
 0.5825353381111815
 0.5950937807311563
 0.5956360192600271
 0.5991510716159393
 0.6133355156572388
 0.6230377202195863
 0.6338645493552625
 0.637911327629563
 0.6575478308066883
 0.6629233207037111
 0.6718867981445578
 0.6954299844514347
 0.6968781653501601
 0
 0
 0.4166605274903606
 0.3051165788422112
 0.4541671259544991
 0.4488236137248408
 0.4734042828393134
 0.4967570071412761
 0.4492088728661978
 0.5130749969161866
 0.566409601799962
 0.528551656345098
 0.5744962893760822
 0.5628881418220404
 0.5425757207502538
 0.5168306950590106
 0.6097748886909837
 0.6106224247277147
 0.570230395506121
 0.6150707891297311
 0.5346618795540433
 0.5819337580657974
 0.6366146851111568
 0.6183902985625506
 0.5712795921434068
 0.6407182042675538
 0.6420327609581084
 0.6546037684293889
 0.6968565294254879
 0.674353581691391
 0
 0
 0.3678794411714423
 0.6919727928022371
 0.7337422818149748
 0.6829410514866274
 0.6684286409638063
 0.6875575049816965
 0.6599897246334465
 0.6709631891525281
 0.7310497990126257
 0.7119840275512159
 0.721562100983153
 0.7338508271116284
 0.7266530900934847
 0.6977455583359736
 0.721097550746937
 0.6716885709571964
 0.7583486890209543
 0.7303085651113861
 0.761343387190633
 0.7493273093121043
 0.7360959260910122
 0.7232971846691437
 0.7601211613056756
 0.7871107694321904
 0.7449285364224768
 0.7476893588979211
 0.8067721288253314
 0.7665385023112138
 0
 0
 0.7163061890037903
 0.4555229572878834
 0.5019706543446242
 0.4749767506450633
 0.5831400917978932
 0.5776055730738708
 0.5310826859725902
 0.5325377536755769
 0.5522592134109747
 0.5417437401443246
 0.5704759174609539
 0.5705863531925849
 0.5902743133641697
 0.5798076379735964
 0.579144728328741
 0.601623453493253
 0.6114030206571658
 0.6255023629651695
 0.6268287452566708
 0.6386128425763604
 0.643615384096621
 0.6553666747558144
 0.653129352820126
 0.6701175862230919
 0.6768577750160487
 0.6848036989453367
 0.7031836224086365
 0.7068690411904759
 0
 0
 0.6667776421221348
 0.465913327497212
 0.4826526159240657
 0.4538267620173981
 0.5595830899961505
 0.5578943369749837
 0.5348349909849088
 0.5122073852367347
 0.5602873112260986
 0.5452083003874165
 0.5668428215879026
 0.5800149945381936
 0.5634135572496257
 0.5922107670688288
 0.5824168563290583
 0.596446832173766
 0.6101959831103845
 0.6103297300064462
 0.628531424433841
 0.631380865678924
 0.6351266650364734
 0.6486086313816162
 0.6596506392566648
 0.6756762538168521
 0.6820061186622011
 0.6843701706501837
 0.7114260830090382
 0.7097967367138984
 0
 0
 0.4166648072097554
 0.3864614981939015
 0.4787680376053103
 0.5377290868430897
 0.5111207389951131
 0.5678550315337787
 0.5306806318566469
 0.5343052580547409
 0.5471817611151993
 0.5304415807625762
 0.5635792259069718
 0.5666155500925665
 0.5657902900006273
 0.5757395319707719
 0.5688513057137754
 0.5867491596585959
 0.6093569019308194
 0.6114914075974826
 0.614661584705851
 0.6276491884553872
 0.6355077184795945
 0.6460322448308694
 0.6433448146956789
 0.6611640103734597
 0.674525989860946
 0.6788619784036468
 0.6940177817966316
 0.7009046661298197
 0
 0
 0.3678794411714423
 0.717009951601937
 0.7136322431255915
 0.6757859776867207
 0.675651189414999
 0.7395398995590868
 0.6643024005252098
 0.7590494003827976
 0.728223653027708
 0.6937469113483132
 0.7000292664163755
 0.7130754330566151
 0.7216630890422571
 0.6920479854263364
 0.6799017407327356
 0.675777781429963
 0.7335910828646618
 0.723950619568491
 0.7418423168767218
 0.7195358118503529
 0.7256266164426253
 0.7450650340449034
 0.7293240457072386
 0.7522944206725216
 0.7619395482701976
 0.7538423299830547
 0.7584763729590663
 0.7673352168569456
 0
 0
 0
 0
 0
 0
 0
 0
 0
 0
 0
 0
 0
 0
 0
 0
 0
 0
 0
 0
 0
 0
 0
 0
 0
 0
 0
 0
 0
 0
 0
 0
 0
 0
 0
 0
 0
 0
 0
 0
 0
 0
 0
 0
 0
 0
 0
 0
 0
 0
 0
 0
 0
 0
 0
 0
 0
 0
 0
 0
 0
 0
 0
 0
 0
 0
 0
 0
 0
 0
 0
 0
 0
 0
 0
 0
 0
 0
 0
 0
 0
 0
 0
 0
 0
 0
 0
 0
 0
 0
 0
 0
 0
 0
 0
 0
 0
 0
 0
 0
 0
 0
 0
 0
 0
 0
 0
 0
 0
 0
 0
 0
 0
 0
 0
 0
 0
 0
 0
 0
 0
 0
 0
 0
 0
 0
 0
 0
 0
 0
 0
 0
 0
 0
 0
 0
 0
 0
 0
 0
 0
 0
 0
 0
 0
 0
 0
 0
 0
 0
 0
 0
 0.4842184817068838
 0.4702739701656897
 0.5358968155743961
 0.4582121430916517
 0.5602282347930129
 0.558876501087002
 0.523749775437798
 0.5068877395799201
 0.5566248560471774
 0.5451760176969875
 0.5725938753764467
 0.5757807450351647
 0.5650085072819413
 0.5964424928363048
 0.5826992823988586
 0.5952989682443871
 0.6100934981576805
 0.6087947468622515
 0.6285043447719761
 0.6297571605979088
 0.6291298338996471
 0.6453033913819564
 0.6583381830602012
 0.673043212506078
 0.6761823326848744
 0.6831668819870585
 0.7091653195903967
 0.7042515776377661
 0
 0
 0
 0
 0
 0
 0
 0
 0
 0
 0
 0
 0
 0
 0
 0
 0
 0
 0
 0
 0
 0
 0
 0
 0
 0
 0
 0
 0
 0
 0
 0
 0
 0
 0
 0
 0
 0
 0
 0
 0
 0
 0
 0
 0
 0
 0
 0
 0
 0
 0
 0
 0
 0
 0
 0
 0
 0
 0
 0


