# Created by Octave 3.8.2, Sun Nov 15 19:13:02 2015 CET <dkottke@snake7>
# name: mus
# type: matrix
# ndims: 3
 1 30 19
 0
 0
 0.525319977740679
 0.5233853006681515
 0.5186629526462401
 0.5078037904124862
 0.4830461367426349
 0.4810267857142857
 0.3701842546063653
 0.5061452513966479
 0.5046609831885905
 0.4977628635346756
 0.4906168710516535
 0.4921874999999998
 0.4845938375350139
 0.48828125
 0.4884780578898227
 0.4887766554433222
 0.4530475123980162
 0.450561797752809
 0.4579271708683472
 0.4615912208504798
 0.4672054998141955
 0.4577702702702702
 0.4597183098591549
 0.4596804162021552
 0.4567901234567901
 0.4508928571428572
 0.5333704115684091
 0.6790960451977403
 0
 0
 0
 0
 0.6
 0.6
 0.9
 0.9
 0.6
 0.8
 0.6333333333333333
 0.8
 0.6333333333333333
 0.6
 0.5333333333333333
 0.6833333333333333
 0.7666666666666666
 0.7833333333333333
 0.6666666666666667
 0.7
 0.8099999999999999
 0.76
 0.75
 0.7100000000000001
 0.68
 0.7266666666666667
 0.7466666666666667
 0.6733333333333333
 0.6666666666666666
 0.6333333333333332
 0
 0
 0.2904044292687156
 0.3350989846534197
 0.771734242645243
 0.7849930072011709
 0.740203874366032
 0.7946674698716351
 0.8289060354104036
 0.7643362464644725
 0.751365913527434
 0.7495297538089321
 0.7219271560734184
 0.6818574405555864
 0.7613895395317154
 0.6551859498098687
 0.7295743254463103
 0.6420980170055286
 0.5699627026539561
 0.6693777161107481
 0.7100049561469675
 0.6839390687731619
 0.689104631461962
 0.647101851151243
 0.6915368917548723
 0.6649418319733692
 0.7526373879008756
 0.7638424871322865
 0.6185914815040796
 0.6336490696637578
 0
 0
 0.1666410481217176
 0.1837628930569535
 0.4177346149786973
 0.5280251503599666
 0.6042005192509712
 0.7266864423288188
 0.6304349608193576
 0.6051656873340573
 0.5969430664502221
 0.6080002235073309
 0.542449252607037
 0.6012899710389106
 0.6067896810351134
 0.5995105061407514
 0.6268988780876907
 0.5839760189799789
 0.5899300742170035
 0.5979109485741736
 0.6073896923634001
 0.5997006759669049
 0.5754596136726428
 0.5812696545767663
 0.5989275562399504
 0.6132039211615766
 0.6268452268628735
 0.6364836253372913
 0.6212229777473308
 0.596405354311726
 0
 0
 0.1666799161091783
 0.2045571051783427
 0.5191336131359521
 0.4693346117959767
 0.6130407163460737
 0.6811322641399382
 0.6452554438196407
 0.586596479799028
 0.579351618447256
 0.5961008651506341
 0.5558157333459056
 0.5891047234676153
 0.600320960039239
 0.5916583761151616
 0.6198427827784593
 0.5937345862860779
 0.5879011008889906
 0.6011033696267699
 0.6116619396815214
 0.6071352544862219
 0.57707492509975
 0.5865657466850777
 0.5995414394734639
 0.615384025462302
 0.6330671518522933
 0.6418179910859322
 0.623431390044486
 0.5947889650926289
 0
 0
 0.08327677627294863
 0.2220468357364633
 0.5372988848461817
 0.3803047481378966
 0.5507936507937246
 0.5922173366534026
 0.5778751000862439
 0.5802024818687623
 0.5937322305789698
 0.6357968930785873
 0.5647220473769663
 0.5794718004821083
 0.6069215863036942
 0.622551160078473
 0.597637411638596
 0.534179350235942
 0.5915393058343184
 0.5213518933982187
 0.6485908479276086
 0.6108737416097468
 0.6450969079018216
 0.5472848316836897
 0.5857667543878712
 0.562864647707747
 0.6420001148945375
 0.6459618112647998
 0.6333069275959834
 0.603450210538271
 0
 0
 0.3678794411714423
 0.4575626898916945
 0.6414990619911006
 0.6139495221721522
 0.692446561703419
 0.6767354469151574
 0.737376433598359
 0.7134673500642638
 0.6953009355726636
 0.7013986993398559
 0.6947813979049298
 0.8069954254580213
 0.7509313083908056
 0.6976773979297826
 0.6977652217992898
 0.7275072436425695
 0.7121102377153387
 0.7082408256096684
 0.7033992337297263
 0.745093760906179
 0.660097458511485
 0.7129128244292311
 0.7195438199043389
 0.7273198346356964
 0.6627183881514227
 0.725233868632879
 0.6521188911749877
 0.7221699049263139
 0
 0
 0.1666467011365352
 0.2081455280196907
 0.3581767551905395
 0.5095408092829331
 0.5412440017844807
 0.6827822280164347
 0.6103124229898832
 0.6220992507495114
 0.590698485911445
 0.592279994041321
 0.5341645947488277
 0.6009658610155657
 0.5975772499793388
 0.6229208799553545
 0.6383797733782354
 0.6084828766024285
 0.5903732528837041
 0.6033396165674496
 0.6241981282431439
 0.6131552747225906
 0.6022802685152631
 0.6000937602684407
 0.6199820620981207
 0.635266826577307
 0.6470288081148382
 0.6610274472049356
 0.6461819248645396
 0.6151190295640407
 0
 0
 0.166636928499775
 0.2516361854458072
 0.4856385777170946
 0.4467942291956518
 0.5654888567855384
 0.6604187773646818
 0.6410556353664099
 0.5882627269027957
 0.5900588143477263
 0.5887989399267135
 0.5532772084119982
 0.5927883525631917
 0.5999911701173211
 0.6104721939869796
 0.6227427789686405
 0.611278496137681
 0.5869234941760241
 0.6049180077686375
 0.6247443574273234
 0.6208349804327078
 0.5935984269611818
 0.6039175522808562
 0.6169890267359965
 0.6339554948922638
 0.6441974522276098
 0.6665846292419861
 0.6445021250598503
 0.6143235673445959
 0
 0
 0.08333357473063951
 0.2547162164522827
 0.598132065997057
 0.337750537204994
 0.5517360294050109
 0.6328915092432035
 0.6050703218097332
 0.6045519710653573
 0.5854885076942367
 0.5798991519606342
 0.5476721431574098
 0.5873776990617429
 0.5927906048943017
 0.5855700427400663
 0.5983373066988507
 0.5988639068700967
 0.5842765737058746
 0.616284634533194
 0.6135369632627939
 0.612463435897232
 0.5832229655092592
 0.5876008811335001
 0.5990954703981316
 0.6177016016336538
 0.6420578876956845
 0.6520724453944973
 0.6358310195103742
 0.6117376900707762
 0
 0
 0.3678794411714423
 0.4635878601732993
 0.6427881425897407
 0.5846020129841403
 0.6721627713138912
 0.6346505986797635
 0.7259012707823109
 0.6931107557367827
 0.7161549887091498
 0.6716771815114725
 0.6737372953998098
 0.6554794301436044
 0.683668255341139
 0.71416031941789
 0.6899039024892486
 0.6895945995893884
 0.7068551225581469
 0.6935027921093907
 0.685480510727813
 0.6813056293901116
 0.6799118276220392
 0.6901951090787543
 0.7265422024403947
 0.7023480251879129
 0.7395572836964712
 0.7128001355412493
 0.7080890313466236
 0.6906890126719942
 0
 0
 0
 0
 0
 0
 0
 0
 0
 0
 0
 0
 0
 0
 0
 0
 0
 0
 0
 0
 0
 0
 0
 0
 0
 0
 0
 0
 0
 0
 0
 0
 0
 0
 0
 0
 0
 0
 0
 0
 0
 0
 0
 0
 0
 0
 0
 0
 0
 0
 0
 0
 0
 0
 0
 0
 0
 0
 0
 0
 0
 0
 0
 0
 0
 0
 0
 0
 0
 0
 0
 0
 0
 0
 0
 0
 0
 0
 0
 0
 0
 0
 0
 0
 0
 0
 0
 0
 0
 0
 0
 0
 0
 0
 0
 0
 0
 0
 0
 0
 0
 0
 0
 0
 0
 0
 0
 0
 0
 0
 0
 0
 0
 0
 0
 0
 0
 0
 0
 0
 0
 0
 0
 0
 0
 0
 0
 0
 0
 0
 0
 0
 0
 0
 0
 0
 0
 0
 0
 0
 0
 0
 0
 0
 0
 0
 0
 0
 0
 0
 0
 0
 0.160702925559164
 0.2565017769911128
 0.459453171231317
 0.4278565444815166
 0.5770459819302186
 0.6483326849717683
 0.6249878055623648
 0.5791139999210556
 0.5861131724418421
 0.5839532494882251
 0.5618987351539741
 0.5947844404601181
 0.608228816854092
 0.6052077310820421
 0.6210197561273381
 0.6095437728449787
 0.5820356346603672
 0.6075346718776958
 0.6212447875144556
 0.6186802225619833
 0.5911833386331524
 0.6031602610819625
 0.6113001175868891
 0.6337487764733186
 0.6449462098130324
 0.666369177866836
 0.6473843311935796
 0.611783677640398
 0
 0
 0
 0
 0
 0
 0
 0
 0
 0
 0
 0
 0
 0
 0
 0
 0
 0
 0
 0
 0
 0
 0
 0
 0
 0
 0
 0
 0
 0
 0
 0
 0
 0
 0
 0
 0
 0
 0
 0
 0
 0
 0
 0
 0
 0
 0
 0
 0
 0
 0
 0
 0
 0
 0
 0
 0
 0
 0
 0


