# Created by Octave 3.8.2, Mon Nov 16 04:18:30 2015 CET <dkottke@snake7>
# name: mus
# type: matrix
# ndims: 3
 1 30 19
 0
 0
 0.6591478696741859
 0.5782828282828283
 0.5873417721518988
 0.5896464646464649
 0.6466165413533838
 0.6428571428571429
 0.6433080808080811
 0.635897435897436
 0.6275252525252524
 0.6313131313131313
 0.625897435897436
 0.7838010204081635
 0.7730769230769231
 0.7473958333333334
 0.7294685990338163
 0.7601010101010101
 0.7418546365914785
 0.7315789473684211
 0.7944862155388471
 0.8207070707070707
 0.7939755612389883
 0.7942708333333333
 0.8293333333333334
 0.8471794871794872
 0.8427128427128425
 0.840561224489796
 0.8519201937492791
 0.8666666666666667
 0
 0
 0.3333333333333333
 0.5
 0.4
 0.3
 0.8
 0.4
 0.7
 0.6
 0.7666666666666666
 0.8333333333333333
 0.8666666666666666
 0.6666666666666666
 0.7333333333333333
 0.6833333333333333
 0.7166666666666666
 0.8333333333333333
 0.8333333333333333
 0.85
 0.85
 0.82
 0.9199999999999999
 0.9199999999999999
 0.8799999999999999
 0.8799999999999999
 0.8866666666666667
 0.8600000000000001
 0.8666666666666668
 0.8666666666666668
 0
 0
 0.4506921424002428
 0.5301319795378929
 0.5730511604761359
 0.4843501081467337
 0.5544775133799454
 0.6137235023508628
 0.5930105480761045
 0.5899669610862004
 0.689435233993107
 0.6927809870474643
 0.7139194380162786
 0.6682305574434602
 0.8012201365381648
 0.8067814818981198
 0.7525220604001652
 0.7308849441453953
 0.7981421887989943
 0.8122436668415121
 0.7884136411186292
 0.8372803865591021
 0.8380262467317412
 0.8384683048076728
 0.8449276491552457
 0.846608043807868
 0.8515842631146107
 0.8529445774366953
 0.8709341015414894
 0.8597739261287697
 0
 0
 0.4617125878756606
 0.5037620469276656
 0.4141711978419382
 0.382682046195216
 0.4639535298781349
 0.4979602314821808
 0.5346490898416371
 0.5547591847591519
 0.5923987285433739
 0.6547556998043575
 0.670959040254522
 0.5973728764926393
 0.6164995651284708
 0.6391053384932225
 0.6589436356164442
 0.6767693458519357
 0.6857421904322167
 0.7039575201686443
 0.695268545223834
 0.7086907325177645
 0.7244564836829752
 0.7285683236426563
 0.7201589155367221
 0.7280598858667079
 0.7409824803557508
 0.7274141355208305
 0.7362854728716064
 0.7524935996931439
 0
 0
 0.4564360456519806
 0.6446446093975358
 0.3383563079205445
 0.4124724975849151
 0.4742066156442205
 0.4942755063211048
 0.5122511893526628
 0.5479913968411059
 0.5999273196859886
 0.6351487069464573
 0.6678808560724671
 0.6031535797244673
 0.6166620067817316
 0.6413266372728691
 0.6597417941930046
 0.6693741329242155
 0.6810548207949313
 0.7074046926149685
 0.6943814426742312
 0.7099072799101076
 0.7156810579534247
 0.7372863516113621
 0.7171422140686696
 0.7358746341290407
 0.737451966602127
 0.7296187187194287
 0.7428434007129511
 0.7521849666173795
 0
 0
 0.3333333333332333
 0.5510769845822786
 0.3041667780150571
 0.286652368164321
 0.5231573032935394
 0.4999999986292594
 0.518824505204375
 0.5755399399005739
 0.5413906034788906
 0.6356237473575991
 0.6585538522512007
 0.6097802480704654
 0.6216723013325501
 0.6324190360413804
 0.6542421961994489
 0.619194973979394
 0.7134784275149149
 0.7030684548801083
 0.7058321028719252
 0.7346970513162733
 0.7077483100108791
 0.6905237232242464
 0.7080155830646883
 0.7275354699039597
 0.7649100309922541
 0.7045800209437237
 0.7170245441339465
 0.7616820717876558
 0
 0
 0.5785862941142949
 0.6579192200778976
 0.5604640937677694
 0.6123497636313036
 0.6164194590171751
 0.6664924437139761
 0.653470324100685
 0.6259012253067585
 0.716119527373221
 0.746866462224975
 0.7717759943444695
 0.8311596311875151
 0.7274697940973164
 0.7599776808585845
 0.7207347124132019
 0.7386423857623012
 0.7689609255923752
 0.7521296756169555
 0.7659682343854135
 0.8056110814014302
 0.7921047744844946
 0.7752263564632835
 0.7725019423538472
 0.7909661255068442
 0.811921458733999
 0.7652281906334277
 0.8013514881470135
 0.8176768476912849
 0
 0
 0.4666969540001094
 0.5553842102543746
 0.3950928562322898
 0.4092952701970546
 0.4468941059979182
 0.50327193830734
 0.520234059097212
 0.5378050882403542
 0.5836863836270079
 0.6303573295400177
 0.663337754649172
 0.6039029745226608
 0.6372525796218351
 0.6659460957247584
 0.6873151347711284
 0.7002608085019909
 0.7046135667595894
 0.7236089454960373
 0.7118344485278092
 0.7259061896626864
 0.741530770126539
 0.745438737617126
 0.7324292872506418
 0.7537878555444976
 0.7585311138322244
 0.7602480845529574
 0.7817984146903776
 0.7984530558435063
 0
 0
 0.4863883237609304
 0.6407717169867864
 0.3511031326347901
 0.4411271252744387
 0.4616284918628925
 0.5047871051402888
 0.5145728414872011
 0.5367177439013414
 0.596436155072849
 0.6202053593658622
 0.6619956770212457
 0.6139263563315118
 0.6532236495505348
 0.6658000080738294
 0.6819630314300072
 0.7030549314991728
 0.6998386410172001
 0.7354633083979464
 0.7059848012756185
 0.7119316871859661
 0.7253271157870095
 0.7466886864473269
 0.7272092667210378
 0.7519705028873901
 0.7603323026079722
 0.7551311548804975
 0.7788832901145973
 0.7957950851662693
 0
 0
 0.3333333333134517
 0.5370051536278729
 0.3066297198360888
 0.3145453139218556
 0.4738541609434851
 0.5050344132771843
 0.5153803833915848
 0.565802346028643
 0.5916244495380202
 0.6367413635103847
 0.6493250420113218
 0.599192906748599
 0.6322052706950435
 0.6471087833230157
 0.7091227904341807
 0.6834731760465873
 0.7006192379099684
 0.748218095688589
 0.7144527456317938
 0.7093297696849763
 0.7323735782011691
 0.737573399894925
 0.7225543380740787
 0.7389044568880527
 0.8054034370845886
 0.7514234981400822
 0.7553374498912782
 0.7675203076696303
 0
 0
 0.5785862941142949
 0.7084225279198774
 0.5680676069540338
 0.5996168567902154
 0.6025919219444081
 0.6472222833792456
 0.663862057841289
 0.6253686816568302
 0.7210983038273939
 0.6909759444556252
 0.7533464371073137
 0.7080137304697688
 0.7097164921574954
 0.7120540757914861
 0.7817484213964685
 0.7432726018168452
 0.7769631468822926
 0.7824015503781421
 0.7485442530958857
 0.7778085886903608
 0.7841626790633247
 0.7759673980578008
 0.7626740721325379
 0.7762449693006065
 0.8908993076627422
 0.7663246388508376
 0.7878476391695375
 0.77655031333695
 0
 0
 0
 0
 0
 0
 0
 0
 0
 0
 0
 0
 0
 0
 0
 0
 0
 0
 0
 0
 0
 0
 0
 0
 0
 0
 0
 0
 0
 0
 0
 0
 0
 0
 0
 0
 0
 0
 0
 0
 0
 0
 0
 0
 0
 0
 0
 0
 0
 0
 0
 0
 0
 0
 0
 0
 0
 0
 0
 0
 0
 0
 0
 0
 0
 0
 0
 0
 0
 0
 0
 0
 0
 0
 0
 0
 0
 0
 0
 0
 0
 0
 0
 0
 0
 0
 0
 0
 0
 0
 0
 0
 0
 0
 0
 0
 0
 0
 0
 0
 0
 0
 0
 0
 0
 0
 0
 0
 0
 0
 0
 0
 0
 0
 0
 0
 0
 0
 0
 0
 0
 0
 0
 0
 0
 0
 0
 0
 0
 0
 0
 0
 0
 0
 0
 0
 0
 0
 0
 0
 0
 0
 0
 0
 0
 0
 0
 0
 0
 0
 0
 0
 0.3722052236508253
 0.5863457058068754
 0.3543631493604049
 0.4365149550733677
 0.4661090052084882
 0.5225648872995186
 0.5098082810624081
 0.5218386168561112
 0.5968235768220912
 0.6085560361942283
 0.6602642920144574
 0.6147286400888161
 0.6474826507442751
 0.6657239930490617
 0.6803843701381731
 0.6972959173549319
 0.6968433972834668
 0.7306725650091771
 0.7071046339963858
 0.7074131810367082
 0.7235329406270807
 0.7470867856257954
 0.726196393524305
 0.7505070805129308
 0.757823763710649
 0.7508053172511266
 0.7784941915902638
 0.7943194411447522
 0
 0
 0
 0
 0
 0
 0
 0
 0
 0
 0
 0
 0
 0
 0
 0
 0
 0
 0
 0
 0
 0
 0
 0
 0
 0
 0
 0
 0
 0
 0
 0
 0
 0
 0
 0
 0
 0
 0
 0
 0
 0
 0
 0
 0
 0
 0
 0
 0
 0
 0
 0
 0
 0
 0
 0
 0
 0
 0
 0


