# Created by Octave 3.8.2, Sun Nov 15 18:13:39 2015 CET <dkottke@snake7>
# name: mus
# type: matrix
# ndims: 3
 1 30 19
 0
 0
 0.3422370617696162
 0.2912026726057906
 0.4802228412256266
 0.4280936454849495
 0.3996664813785439
 0.328125
 0.4293690675600225
 0.4072625698324021
 0.417576288741933
 0.4289709172259509
 0.4345968041620214
 0.4433593749999999
 0.4067226890756301
 0.4123883928571428
 0.4178151260504201
 0.4236812570145903
 0.4294112941929292
 0.4303370786516855
 0.4029131652661062
 0.4064097767801469
 0.3972500929022669
 0.3969594594594594
 0.3954929577464788
 0.3965068747677443
 0.4034792368125701
 0.4084821428571428
 0.4101779755283648
 0.4118644067796611
 0
 0
 0.6666666666666666
 0
 1
 0.8
 0.5
 0.3
 0.6
 0.5
 0.4333333333333333
 0.2333333333333333
 0.4
 0.3666666666666666
 0.4666666666666666
 0.5666666666666667
 0.4666666666666666
 0.55
 0.5333333333333333
 0.5
 0.42
 0.46
 0.39
 0.41
 0.4399999999999999
 0.3866666666666666
 0.4466666666666667
 0.2933333333333333
 0.3
 0.3666666666666666
 0
 0
 0.6538387415938851
 0.5338110878639387
 0.7284788201680178
 0.7189341966433794
 0.7492588449980054
 0.5113772036681437
 0.4457403808559871
 0.4468330500937131
 0.4318930082268763
 0.5811172303607388
 0.4977128681097228
 0.5588753797001026
 0.5509467988035641
 0.5682360570843693
 0.3722229377125091
 0.6866237245458264
 0.7195291114137354
 0.5880014924177948
 0.655175498706386
 0.4474377232874808
 0.4159014092304654
 0.499254325749193
 0.3879162142116155
 0.4210454366322223
 0.4657585476595902
 0.4746981278592974
 0.5131980649403809
 0.4556732986757972
 0
 0
 0.6061449401751102
 0.2355539304701609
 0.6767400510354435
 0.6666764699560209
 0.6468990342875305
 0.561070830415242
 0.5373756135167543
 0.515931207368436
 0.4840312596886135
 0.4775233642277106
 0.4799457897508806
 0.4986265815664294
 0.4543497432605255
 0.4840087631764487
 0.489621712109835
 0.487772013770455
 0.5265074009055993
 0.5212440081728419
 0.4527823783152533
 0.4418747765900011
 0.4476225935031058
 0.4608693982774275
 0.4529828898157494
 0.4520747532300904
 0.4648067677236626
 0.4525618768003587
 0.447656782629742
 0.4542537220462916
 0
 0
 0.5807042274278905
 0.2357575510407833
 0.7238538308898531
 0.6599514521362136
 0.6808113227661715
 0.5541258235319735
 0.5515580626879928
 0.5109628035385577
 0.4815118448272925
 0.4907906860840425
 0.474568131910645
 0.4977759920688405
 0.4512807107863186
 0.4981469335891905
 0.4893776485870519
 0.491778191193571
 0.5244543603858494
 0.5241014485403771
 0.4557064383143135
 0.4425663076322979
 0.4482873691369473
 0.4581393491495509
 0.4528457126434788
 0.456850128223342
 0.4705085731957977
 0.4524497493769947
 0.4499145799024169
 0.4567421064800003
 0
 0
 0.6939009395752209
 0.2220468357384072
 0.5811090243432543
 0.7963178451997786
 0.6503818204353077
 0.5509729937840424
 0.5619170862230262
 0.5477293754236285
 0.4720556938216847
 0.4793017081016795
 0.45745566383151
 0.5285628839953357
 0.4525299584394462
 0.5072503559965718
 0.4701632169813442
 0.4449325265473482
 0.5585900973528343
 0.538870702591596
 0.4371724962240017
 0.450682030219257
 0.3987842574895885
 0.496966857711639
 0.4077004712326062
 0.4725471840354801
 0.4307580978348785
 0.4180859685234517
 0.4707035166642419
 0.458566505698711
 0
 0
 0.3678794411714423
 0.6239657714600995
 0.7055954400259967
 0.7132568407231792
 0.7038756375848412
 0.6398549536562097
 0.6985071015957948
 0.649951171371661
 0.6769519479778571
 0.6969563893468484
 0.6746203533898147
 0.7052660385829427
 0.6834424510464738
 0.6740084520952794
 0.6905040169869724
 0.723751734909809
 0.7073895819290734
 0.6923464718045472
 0.7021115052348063
 0.6509820314144933
 0.6639473876469019
 0.6887989166789887
 0.6871269287138559
 0.6904841175510428
 0.6822031152676716
 0.71070691822898
 0.6797719910147529
 0.7155075317040844
 0
 0
 0.5911452297243761
 0.3043783512408003
 0.6031606193273922
 0.6394752307571716
 0.6841013268160097
 0.5785855602476161
 0.5174379869285367
 0.5310891181674567
 0.5039322397278392
 0.4967424656883939
 0.4822542457260677
 0.5062498655349918
 0.4901042686230475
 0.51904369700465
 0.5130808291964473
 0.5089208420822909
 0.5406644629517895
 0.5328135795652627
 0.4811114198668854
 0.4709283471350855
 0.4745166280645296
 0.4785367176665848
 0.4704452727324031
 0.4709719826183458
 0.4909950544311198
 0.4752865871299474
 0.4693679665308483
 0.4814052585629237
 0
 0
 0.553399360461484
 0.286875207147356
 0.672952539995803
 0.6376904821278117
 0.6367801140425872
 0.5718925669664839
 0.5370316190271353
 0.5211621741052979
 0.5030254466508152
 0.4706273161639307
 0.4822358139679554
 0.5074154875955463
 0.4833686068061467
 0.5068742547758075
 0.5113394789481625
 0.5095021182627008
 0.5431657568934156
 0.5442801612584415
 0.474656285510824
 0.4656832883071577
 0.4730889657802196
 0.4772052605227185
 0.4697591311861258
 0.4726945720714332
 0.4871447644209833
 0.4745716268245188
 0.4769851218397164
 0.4808157781992869
 0
 0
 0.7473749422332547
 0.2321624286946026
 0.480017039941027
 0.6599537502035269
 0.6162849157082051
 0.5501870406179612
 0.556682672758276
 0.5097506123390431
 0.4760954752291729
 0.4818267818180252
 0.4571566950715151
 0.5955956272160349
 0.4794558053923517
 0.4939269073417878
 0.528270835144582
 0.5065570532965779
 0.5312154545877978
 0.5278249310461427
 0.4629039282611518
 0.4542082034509874
 0.4643251589037116
 0.4681362283241857
 0.4691573071330373
 0.4654366875176361
 0.4788132153650503
 0.4659063191101594
 0.4590536099913839
 0.4728332369303569
 0
 0
 0.3678794411714423
 0.6470227477252096
 0.722134179500534
 0.7034619986549737
 0.7079093053052377
 0.6412113277700657
 0.6582097322379575
 0.6613513327435202
 0.6307812511738531
 0.6322772330721741
 0.644998413202031
 0.6566553833636617
 0.655171051724925
 0.6553663986470355
 0.655496896539062
 0.663070267308142
 0.7422633839808661
 0.6691609258333926
 0.651624499207573
 0.6565455100815427
 0.6481841999095376
 0.6619892544425665
 0.6331004587534196
 0.661455335907798
 0.6990228158148576
 0.6623680875348286
 0.6780839830708955
 0.6861778198299857
 0
 0
 0
 0
 0
 0
 0
 0
 0
 0
 0
 0
 0
 0
 0
 0
 0
 0
 0
 0
 0
 0
 0
 0
 0
 0
 0
 0
 0
 0
 0
 0
 0
 0
 0
 0
 0
 0
 0
 0
 0
 0
 0
 0
 0
 0
 0
 0
 0
 0
 0
 0
 0
 0
 0
 0
 0
 0
 0
 0
 0
 0
 0
 0
 0
 0
 0
 0
 0
 0
 0
 0
 0
 0
 0
 0
 0
 0
 0
 0
 0
 0
 0
 0
 0
 0
 0
 0
 0
 0
 0
 0
 0
 0
 0
 0
 0
 0
 0
 0
 0
 0
 0
 0
 0
 0
 0
 0
 0
 0
 0
 0
 0
 0
 0
 0
 0
 0
 0
 0
 0
 0
 0
 0
 0
 0
 0
 0
 0
 0
 0
 0
 0
 0
 0
 0
 0
 0
 0
 0
 0
 0
 0
 0
 0
 0
 0
 0
 0
 0
 0
 0
 0.4024498375177445
 0.2714289281320965
 0.6326969448534158
 0.6340681431777718
 0.6563614929494798
 0.5634991963457621
 0.5377176082075095
 0.5262778199450565
 0.5090480551177845
 0.472335357488282
 0.4811520991785351
 0.5011117381220713
 0.478697514099269
 0.5049548276260459
 0.5120854281188318
 0.5109595982879509
 0.544528125219201
 0.54269074371766
 0.4746974134493043
 0.4650680123651784
 0.4710936059862675
 0.4758990018379941
 0.4710300513098073
 0.4729865383460701
 0.4868589863004942
 0.4778651548303757
 0.4749411172096067
 0.4825552547937864
 0
 0
 0
 0
 0
 0
 0
 0
 0
 0
 0
 0
 0
 0
 0
 0
 0
 0
 0
 0
 0
 0
 0
 0
 0
 0
 0
 0
 0
 0
 0
 0
 0
 0
 0
 0
 0
 0
 0
 0
 0
 0
 0
 0
 0
 0
 0
 0
 0
 0
 0
 0
 0
 0
 0
 0
 0
 0
 0
 0


