# Created by Octave 3.8.2, Sun Nov 15 18:49:08 2015 CET <dkottke@snake7>
# name: mus
# type: matrix
# ndims: 3
 1 30 19
 0
 0
 0.2921535893155263
 0.5038975501113586
 0.4194986072423404
 0.4124860646599776
 0.4224569205113956
 0.4084821428571428
 0.4092685650474593
 0.4061452513966479
 0.4253047565931002
 0.4468680089485459
 0.5520252694165738
 0.5789620535714287
 0.580952380952381
 0.5837053571428571
 0.584425770308123
 0.5920314253647586
 0.5876659734442488
 0.6061797752808989
 0.6094117647058823
 0.6151639855343559
 0.6233742103307324
 0.6249999999999999
 0.6242253521126762
 0.6270903010033444
 0.627946127946128
 0.6241629464285714
 0.6307007786429365
 0.6570621468926557
 0
 0
 0.3333333333333333
 0.75
 0.4
 0.4
 0.4
 0.3
 0.5
 0.3
 0.4333333333333333
 0.5333333333333333
 0.5666666666666667
 0.4666666666666667
 0.6666666666666666
 0.7499999999999999
 0.6
 0.7333333333333333
 0.7166666666666666
 0.8
 0.82
 0.8099999999999999
 0.79
 0.75
 0.8
 0.7666666666666666
 0.7733333333333332
 0.7866666666666667
 0.8333333333333333
 0.8333333333333333
 0
 0
 0.632488047192699
 0.7692258277292567
 0.5476000889216468
 0.7092245429388635
 0.6592139164138557
 0.7551586368804054
 0.6961607180564067
 0.6776787169554194
 0.7709616508511192
 0.4663516198802828
 0.6679862017200481
 0.5363017999948073
 0.6913354658394717
 0.6718325106748653
 0.7183681003650804
 0.7255364576397672
 0.7325089455637658
 0.7537577324221163
 0.7367257353952141
 0.7789315360628235
 0.7788527886924139
 0.7964794504310115
 0.8235990797377801
 0.8081974617420165
 0.7568347167603677
 0.7746416609724918
 0.8102896075148144
 0.7611046648749337
 0
 0
 0.4627453480608641
 0.4959999983728452
 0.3722594989365023
 0.4685173138529712
 0.4950409016084966
 0.5419758181058132
 0.538180549324674
 0.527284383536163
 0.5463406231000906
 0.5257253361140179
 0.4889550055612082
 0.5781976489580584
 0.604554160709457
 0.6230230817996595
 0.652352725424317
 0.6667129153743923
 0.6824520253489768
 0.6853445628999377
 0.6840965491814082
 0.68014519616192
 0.6932635149228453
 0.7123773597143099
 0.72745975844277
 0.696545940229057
 0.7084719960591046
 0.7190757075654656
 0.7343914239307168
 0.7264794112664877
 0
 0
 0.4181363621995833
 0.5802155000332886
 0.4605678705127383
 0.4857411938023429
 0.5224729647946524
 0.5162895150832382
 0.5395899615802889
 0.5183636803792728
 0.5573169871257603
 0.5198191803862949
 0.5049903670160061
 0.5758389760908716
 0.617475896136755
 0.6315628624305953
 0.6415080426770122
 0.6639151025338835
 0.68856299698352
 0.6825758038146293
 0.6882791558189603
 0.6792035069140346
 0.6918363832930158
 0.7227037758339112
 0.720110258042972
 0.6979342853968336
 0.7041308775962021
 0.726791531595968
 0.733975866787921
 0.7333144134256271
 0
 0
 0.72631000089478
 0.8025199709366476
 0.3923830631294863
 0.4472895342209717
 0.4908734855626855
 0.5496951668972579
 0.5077323724241501
 0.5356167483475668
 0.5477841856746418
 0.5146612147099359
 0.4922551319682282
 0.5486901343888271
 0.6331159204944481
 0.6418075432900119
 0.5979024088126863
 0.7016279033284935
 0.701479625623972
 0.6894702855609323
 0.6900690791586026
 0.6412495405410862
 0.7442624222592373
 0.7289053098641957
 0.7308140288406971
 0.6872083355496422
 0.6966870379283636
 0.7228045864097425
 0.7284634690386329
 0.7210828858215026
 0
 0
 0.5785862941142949
 0.7928341126990016
 0.6524217864912559
 0.6277750600600903
 0.6511495752890916
 0.695563645584737
 0.7073990307294016
 0.6261561838097661
 0.6949800289083199
 0.6764769425708357
 0.7289233359414322
 0.6536820903330312
 0.7167580507524589
 0.716401494767245
 0.7292708437443813
 0.7603866767714076
 0.7322004803658685
 0.7539403879325823
 0.7218786088864388
 0.7797771738599639
 0.7720160775990864
 0.796736963427264
 0.7860325969491412
 0.7390730457249277
 0.8363021834207409
 0.8062545596078785
 0.8186676851060678
 0.8142074318774902
 0
 0
 0.4682700648535914
 0.4721159515740617
 0.3756179163894439
 0.4751651885427084
 0.4789990274346256
 0.5680344892033286
 0.5248883714005995
 0.5071444243486392
 0.5277061468600708
 0.4886689284556323
 0.4822886620928827
 0.5595029263096727
 0.5934061574149536
 0.626123685188274
 0.6436129847760252
 0.6850713134118337
 0.7001339694132043
 0.7119989879649534
 0.7119503777335725
 0.6976926141634313
 0.7181423724861595
 0.7389419737527284
 0.7569514994071925
 0.7186294917630113
 0.7343162122338168
 0.7475278848089388
 0.7586679382490964
 0.7500657900648408
 0
 0
 0.4233436775866921
 0.5880766762704612
 0.4893929424309231
 0.4746877062204555
 0.5078111243461894
 0.5505101132421675
 0.505291538736002
 0.492858380397349
 0.4927586890665897
 0.4989993848574245
 0.4731641966898011
 0.551516534913058
 0.5883045735610382
 0.6322433912983172
 0.6500712888629659
 0.6812089116215542
 0.7076303204127984
 0.7075085323816849
 0.7119195338003433
 0.7089031625197121
 0.7253068620913954
 0.7394853616068765
 0.7543025653371968
 0.723619057962854
 0.7289788558032076
 0.7538633844135357
 0.7623274952650976
 0.7561816153288687
 0
 0
 0.7590470532603777
 0.878980340424651
 0.3932161030602704
 0.4474906700441347
 0.4880392961758417
 0.5959676330107563
 0.5091980925618779
 0.4985617657752846
 0.5160271566629524
 0.5040031376603175
 0.4644183017273094
 0.6272391829725498
 0.5830576148576632
 0.5875574557848999
 0.6400901062347853
 0.6676604896281508
 0.6942172395124407
 0.7009582489746782
 0.6885270447980236
 0.6844344235230956
 0.7216554778789442
 0.7453544697907679
 0.7362457958105877
 0.7125185415043541
 0.7331387126830795
 0.7425047983620126
 0.7531901452703924
 0.7436274580803219
 0
 0
 0.5785862941142949
 0.7613609418050906
 0.6557385281276061
 0.603843117103158
 0.6170972229537035
 0.7157614106252997
 0.7121290355420969
 0.6301481413329186
 0.685632721551265
 0.6087590584566313
 0.7216084266187561
 0.6274921132149561
 0.7354265909425018
 0.6757770242252088
 0.7042864539962106
 0.7259128083250793
 0.7172812248232847
 0.7413540349930897
 0.7450270847289611
 0.7548782861594309
 0.7544008300257037
 0.7546679514641661
 0.7691447844411994
 0.7679875094326156
 0.7907272172389312
 0.7933291752161075
 0.791200475344473
 0.7945999535786663
 0
 0
 0
 0
 0
 0
 0
 0
 0
 0
 0
 0
 0
 0
 0
 0
 0
 0
 0
 0
 0
 0
 0
 0
 0
 0
 0
 0
 0
 0
 0
 0
 0
 0
 0
 0
 0
 0
 0
 0
 0
 0
 0
 0
 0
 0
 0
 0
 0
 0
 0
 0
 0
 0
 0
 0
 0
 0
 0
 0
 0
 0
 0
 0
 0
 0
 0
 0
 0
 0
 0
 0
 0
 0
 0
 0
 0
 0
 0
 0
 0
 0
 0
 0
 0
 0
 0
 0
 0
 0
 0
 0
 0
 0
 0
 0
 0
 0
 0
 0
 0
 0
 0
 0
 0
 0
 0
 0
 0
 0
 0
 0
 0
 0
 0
 0
 0
 0
 0
 0
 0
 0
 0
 0
 0
 0
 0
 0
 0
 0
 0
 0
 0
 0
 0
 0
 0
 0
 0
 0
 0
 0
 0
 0
 0
 0
 0
 0
 0
 0
 0
 0
 0.3199703424496682
 0.4967104006968401
 0.4909677269889908
 0.4668655953060273
 0.5130002011940173
 0.5555663798546239
 0.503424289879456
 0.4953055552289425
 0.5007532026956024
 0.4963337534270451
 0.4689773459113882
 0.5557042202323534
 0.5911396129890572
 0.6272072748063616
 0.6450737701437345
 0.6794762508308054
 0.7041936511341731
 0.7095678304171895
 0.7083516767186082
 0.7079440510327947
 0.7220576109126602
 0.7376434965890022
 0.7548275332061628
 0.723466023356292
 0.727953689897349
 0.7474624917232756
 0.7608601472192837
 0.7530865265419366
 0
 0
 0
 0
 0
 0
 0
 0
 0
 0
 0
 0
 0
 0
 0
 0
 0
 0
 0
 0
 0
 0
 0
 0
 0
 0
 0
 0
 0
 0
 0
 0
 0
 0
 0
 0
 0
 0
 0
 0
 0
 0
 0
 0
 0
 0
 0
 0
 0
 0
 0
 0
 0
 0
 0
 0
 0
 0
 0
 0


