# Created by Octave 3.8.2, Sun Nov 15 23:15:16 2015 CET <dkottke@snake3>
# name: mus
# type: matrix
# ndims: 3
 1 30 19
 0
 0
 0.8446115288220561
 0.9280936454849499
 0.8870292887029296
 0.9463986599664997
 0.8471177944862159
 0.9546979865771812
 0.9131161236424385
 0.9411764705882357
 0.9582985821517925
 0.9427609427609429
 0.9069816053511698
 0.9408403361344543
 0.9527426160337543
 0.9594594594594594
 0.952100840336134
 0.9385521885521879
 0.9482038429406847
 0.9533898305084748
 0.9607351712614868
 0.9572109988776653
 0.9498327759197328
 0.9557823129251701
 0.961702127659575
 0.95819397993311
 0.9526515151515148
 0.953231292517007
 0.9537426408746843
 0.9495726495726493
 0
 0
 0.3333333333333333
 0.25
 0.4
 0.2
 0.5
 0.6
 0.3
 0.7
 0.5333333333333333
 0.6333333333333333
 0.4
 0.4999999999999999
 0.5999999999999999
 0.35
 0.5333333333333333
 0.4333333333333333
 0.4833333333333333
 0.55
 0.53
 0.48
 0.5700000000000001
 0.54
 0.5200000000000001
 0.5733333333333334
 0.6
 0.5933333333333334
 0.5933333333333333
 0.5666666666666667
 0
 0
 0.5758138355229416
 0.4709913053775191
 0.5664665713216718
 0.5825921783313388
 0.5852933906228375
 0.526202309939794
 0.6618171370341414
 0.5967928386152351
 0.6532353241129381
 0.5155948810771398
 0.5651206616069735
 0.6472025274452409
 0.5301481260659942
 0.5552198193947684
 0.5560751078981656
 0.3862493950489383
 0.537843608829879
 0.4760787464338613
 0.328906482302632
 0.6538731307773613
 0.5648588279374422
 0.5516159190062682
 0.5670419751070552
 0.5689770139491672
 0.5345975120503066
 0.5670415805864828
 0.5048516246676055
 0.5198726269594208
 0
 0
 0.3463423848147032
 0.4127376807443952
 0.5017230650398727
 0.4580449480921922
 0.5161374315292889
 0.4904928407737799
 0.5252700870348872
 0.5080742218889548
 0.5283308630707919
 0.505852528788532
 0.4742203347427058
 0.4920110310307631
 0.4854174823360888
 0.50345733825621
 0.4839237867522152
 0.4745635684584826
 0.4902152597732544
 0.5033805165277139
 0.5015728058166291
 0.5215735948586034
 0.5251602503077716
 0.5265224565630493
 0.5244060831155583
 0.5307237312320551
 0.5269812744978862
 0.5257522921180683
 0.5223923146178875
 0.5179268328582076
 0
 0
 0.2764297988754442
 0.3823159057357409
 0.5000402572931217
 0.4452380928997642
 0.5264749391398544
 0.4630374080328669
 0.5168956656649369
 0.5000049581625795
 0.5111873483396157
 0.5129693149488976
 0.4650179741395308
 0.4962545459661472
 0.491227007612985
 0.5054207738248454
 0.4768123807283272
 0.4801038647677738
 0.4930034086908838
 0.497978204151761
 0.5051328637707387
 0.5285402276591377
 0.523583118923339
 0.529374369233236
 0.5318393887230995
 0.5381564969308297
 0.5309060200538119
 0.5230044311445715
 0.5289518384735238
 0.5182084435171178
 0
 0
 0.7362581777638669
 0.3888750113480131
 0.6409110073743478
 0.3999621141302914
 0.4717510392793318
 0.4610435940864483
 0.5242524358891931
 0.5209129052164955
 0.5066038703644072
 0.4926512576873263
 0.465474958832429
 0.5081602917345335
 0.5178358571282543
 0.4721406883616457
 0.4507143370564832
 0.504089691928161
 0.494348423021345
 0.4956304356349102
 0.4742454909344482
 0.5488122336881845
 0.5402950340075067
 0.5210124420767084
 0.5413847501281623
 0.5242875373376056
 0.5312992536020492
 0.5579810123113269
 0.5321377178148009
 0.4739511692481566
 0
 0
 0.7892931470571475
 0.7615667278038762
 0.6082304797970229
 0.7025815358698244
 0.6682823377119592
 0.660516393258168
 0.6740903423524891
 0.7012223255778355
 0.6575911984730506
 0.6538132487819915
 0.627464318111983
 0.6730945767200843
 0.6523869859444085
 0.7097882733348766
 0.6657580025534962
 0.6813709967893269
 0.7125170491912453
 0.6579656656535475
 0.6196258084412779
 0.661447943956416
 0.6754819520081233
 0.6460642604955597
 0.6714817847013981
 0.6328421611557593
 0.6745126032124767
 0.6265152263870617
 0.6715954066726019
 0.6126752978396497
 0
 0
 0.3221098193846081
 0.4246076353184532
 0.5404312221697942
 0.4799259442567585
 0.4944773454746896
 0.5130672925981387
 0.5279165966519808
 0.5163150140820629
 0.5515907284143418
 0.5180471802185687
 0.486233304699701
 0.498217109439944
 0.4939700352660401
 0.4978855875051432
 0.4948928035514117
 0.4777555514833206
 0.4913060978181329
 0.5091335444071006
 0.5048651394357483
 0.5312431235247858
 0.5275538740438176
 0.53632401000687
 0.5343454938694586
 0.536061544341227
 0.5337597334353911
 0.5268565199670161
 0.5251981265445758
 0.5168494868052665
 0
 0
 0.2610219327783454
 0.4140409922065577
 0.5029210954319895
 0.4795564180229721
 0.4691365886382708
 0.5047461198321321
 0.5414787921261353
 0.5249882455522628
 0.5242673413955695
 0.5216374252432067
 0.4799141591272886
 0.5133867831124748
 0.4911050417423182
 0.5052172722867007
 0.48025966419142
 0.4969756041825459
 0.5011429194912443
 0.5047669931431878
 0.5129225413179025
 0.5284923860619045
 0.5358216297909969
 0.537064066518668
 0.5357794074404983
 0.5418718121205875
 0.543488870076298
 0.5293867737101593
 0.5257474101714212
 0.5162488446211628
 0
 0
 0.5767523612029428
 0.3851821044786158
 0.6209694604143541
 0.4519318330254088
 0.4623799078482465
 0.5007595969962688
 0.5064988368116169
 0.5190219028167008
 0.5069209405340849
 0.4891941043427416
 0.4647402037327604
 0.5080044773679682
 0.483142680044591
 0.4869550049095894
 0.4810919666360354
 0.4754705358840519
 0.4865118059243478
 0.4981541489329193
 0.5010708700614078
 0.5211638021771067
 0.5202273269580697
 0.5222026393907065
 0.5284934956901257
 0.5376092881965104
 0.5247406421392659
 0.5175456843763646
 0.513454159715143
 0.5049885819174226
 0
 0
 0.7892931470571475
 0.7722111853872988
 0.5975305277456413
 0.7386821243699906
 0.6669263510949162
 0.6993631269389936
 0.6502627317881474
 0.6338250689449292
 0.6638817126159318
 0.6490810206410171
 0.6369367787039236
 0.6597741015636951
 0.6672768286413076
 0.6577412454933907
 0.6344016399569858
 0.6216487601533092
 0.6525511729055034
 0.6221360149263342
 0.6076093650080303
 0.6458482482353821
 0.6247003585720168
 0.6223270965982359
 0.6521519606852179
 0.6331492815258887
 0.6320944517709255
 0.6168853244198154
 0.6455341224842291
 0.6209787308326624
 0
 0
 0
 0
 0
 0
 0
 0
 0
 0
 0
 0
 0
 0
 0
 0
 0
 0
 0
 0
 0
 0
 0
 0
 0
 0
 0
 0
 0
 0
 0
 0
 0
 0
 0
 0
 0
 0
 0
 0
 0
 0
 0
 0
 0
 0
 0
 0
 0
 0
 0
 0
 0
 0
 0
 0
 0
 0
 0
 0
 0
 0
 0
 0
 0
 0
 0
 0
 0
 0
 0
 0
 0
 0
 0
 0
 0
 0
 0
 0
 0
 0
 0
 0
 0
 0
 0
 0
 0
 0
 0
 0
 0
 0
 0
 0
 0
 0
 0
 0
 0
 0
 0
 0
 0
 0
 0
 0
 0
 0
 0
 0
 0
 0
 0
 0
 0
 0
 0
 0
 0
 0
 0
 0
 0
 0
 0
 0
 0
 0
 0
 0
 0
 0
 0
 0
 0
 0
 0
 0
 0
 0
 0
 0
 0
 0
 0
 0
 0
 0
 0
 0
 0.2336910435080032
 0.4124766894177708
 0.5094274308118996
 0.4785296272898834
 0.4665956920105069
 0.5009638072536736
 0.5377838222667712
 0.5249124718929542
 0.5298120658651292
 0.5252822493541294
 0.4800717189388363
 0.5128327682632403
 0.4930154195948327
 0.5025927689534994
 0.4836482334455279
 0.4977498609459369
 0.4995684251902324
 0.5044642937540244
 0.513204164895334
 0.527235242604864
 0.530293168747901
 0.5345587104468845
 0.5325317313921155
 0.543135968156392
 0.5392078512935204
 0.5243519504267101
 0.5247581417721831
 0.5127705972231639
 0
 0
 0
 0
 0
 0
 0
 0
 0
 0
 0
 0
 0
 0
 0
 0
 0
 0
 0
 0
 0
 0
 0
 0
 0
 0
 0
 0
 0
 0
 0
 0
 0
 0
 0
 0
 0
 0
 0
 0
 0
 0
 0
 0
 0
 0
 0
 0
 0
 0
 0
 0
 0
 0
 0
 0
 0
 0
 0
 0


