# Created by Octave 3.8.2, Mon Nov 16 01:36:20 2015 CET <dkottke@snake3>
# name: mus
# type: matrix
# ndims: 3
 1 30 19
 0
 0
 0.5037593984962406
 0.5757575757575758
 0.5544303797468354
 0.5568181818181818
 0.5664160401002506
 0.6377551020408163
 0.6300505050505053
 0.7461538461538461
 0.7411616161616161
 0.696969696969697
 0.7558974358974362
 0.7500000000000001
 0.7153846153846154
 0.6848958333333334
 0.7163967036089798
 0.7007575757575755
 0.7243107769423558
 0.7236842105263159
 0.7393483709273181
 0.7285353535353534
 0.7217959647627167
 0.7356770833333334
 0.7306666666666666
 0.7441025641025639
 0.7379749879749878
 0.7563775510204082
 0.759081997462807
 0.7641025641025642
 0
 0
 0
 0
 0
 0.3
 0.6
 0.2
 0.7
 0.4
 0.3666666666666666
 0.6666666666666666
 0.7666666666666666
 0.7666666666666666
 0.7333333333333333
 0.7499999999999999
 0.6499999999999999
 0.65
 0.6833333333333333
 0.8
 0.75
 0.75
 0.82
 0.8400000000000001
 0.9199999999999999
 0.8466666666666667
 0.86
 0.8533333333333333
 0.8600000000000001
 0.8666666666666668
 0
 0
 0.4083999898142986
 0.4227510174586436
 0.3014239062554472
 0.4496386081355285
 0.5422801200466509
 0.4655457485271489
 0.5678435166290491
 0.5544407611737218
 0.6001371971713392
 0.6860630666102105
 0.6181790443477246
 0.6580840313507896
 0.7209489524782481
 0.6755152255044414
 0.6523369311779729
 0.6656030507934891
 0.6864127867695328
 0.7477968247301798
 0.7018113858200916
 0.7173088145013107
 0.7433174278856641
 0.7934714960666311
 0.8312046517034504
 0.830904873983435
 0.8078210355073512
 0.7974835896976611
 0.8301908297773687
 0.8686087216918147
 0
 0
 0.1388575664758181
 0.1629113298909235
 0.1907315372299538
 0.3658993975440095
 0.4947588466142768
 0.3469289716797154
 0.4915207257968898
 0.426439317724205
 0.464983723471792
 0.5433289773793241
 0.5251803515094506
 0.5619730518970372
 0.5883259944210641
 0.6039964172468479
 0.564598806583243
 0.5835596070801121
 0.5812368690093197
 0.6108509655077611
 0.6047138640234677
 0.6377342106098268
 0.6616937759417996
 0.6844954516450737
 0.6949834902248615
 0.6970810948225743
 0.7022907036309647
 0.7057580176993146
 0.7127631678206562
 0.7249242526687713
 0
 0
 0.2221920932086296
 0.1524105700064595
 0.1739322966069924
 0.3242432918668753
 0.4831021800771167
 0.3899245719904715
 0.4633904083157618
 0.416240170920868
 0.4790562723784097
 0.5299347617699517
 0.5296972727941074
 0.5480038197114722
 0.5850127158575301
 0.6015024753072823
 0.5700082046731986
 0.5835801258801142
 0.5895899037320087
 0.6140505014371194
 0.6126291061064447
 0.6310882764255877
 0.6662506964616423
 0.6802928416969655
 0.6939869261274868
 0.7031869817466532
 0.7089322530735757
 0.7120306075497362
 0.7225026784981892
 0.7316239799150862
 0
 0
 0.2499350523106467
 0.1666699698860161
 0.1541421576934237
 0.3232009959202486
 0.5174387548082989
 0.3317011903356213
 0.4520442895358348
 0.4275538155670949
 0.4969704006886094
 0.5478765030144234
 0.5325225048287043
 0.5440560026221476
 0.5690858996217929
 0.6076055508617041
 0.5665974079705727
 0.6311435570723768
 0.588991470838127
 0.5756596021699781
 0.6353095243720617
 0.6172741006975232
 0.6682833137279581
 0.6139346703010121
 0.6127141946922041
 0.6970292647688341
 0.7910745710309119
 0.7256984947769395
 0.6724505774236028
 0.7679966210658783
 0
 0
 0.5785862941142949
 0.4755470930127296
 0.542865560960797
 0.5848660906440281
 0.669131169003199
 0.6056168526107726
 0.6237950572769023
 0.5799412580003589
 0.7414274806121713
 0.7223384466347719
 0.7051372403458041
 0.7427292324098309
 0.732165916890104
 0.7492629058869402
 0.7090398785087328
 0.6854550431575009
 0.7198005512102511
 0.7267546464275326
 0.7052787606060168
 0.7000056097404381
 0.737482838801432
 0.7545095423638081
 0.7500307261523443
 0.7341721034083845
 0.7474554329069214
 0.7604839200728712
 0.7560577116521602
 0.7542309946400958
 0
 0
 0.138881445877218
 0.185179512869766
 0.1886113593706428
 0.3230473016735224
 0.4486374882768849
 0.3608533310978388
 0.450086573570625
 0.4043681824389285
 0.4947751182602642
 0.5194927851699919
 0.5355312798582853
 0.5705312944718711
 0.5853606420502713
 0.6158131299609421
 0.5851489679221822
 0.6022299867741572
 0.5919454650864034
 0.6031592167412178
 0.5990932146026031
 0.6372613902029398
 0.6652651582424763
 0.6862612880539176
 0.7074127829440088
 0.7107799579919453
 0.7254305313754029
 0.7319128477185867
 0.7503947435083811
 0.770613601601812
 0
 0
 0.222210142946563
 0.1766155671991532
 0.1735808124862563
 0.2958761050897574
 0.4021787847370202
 0.3901957386551919
 0.4309816121686502
 0.4195312891988762
 0.4948916436899304
 0.5216311410242346
 0.5435254768117618
 0.5674796886757895
 0.5833374372603589
 0.6080315592906026
 0.5837544817791422
 0.5924767439081223
 0.5855102266201472
 0.5972925969540355
 0.5968820472888979
 0.6216493580747603
 0.6594815249588681
 0.6756473943652337
 0.7004262785314764
 0.7206038205200928
 0.7277842452840283
 0.7430255401269166
 0.7536817183116282
 0.7686499158110349
 0
 0
 0.2499581636805872
 0.1666636492390188
 0.1267098668088967
 0.2811476535850879
 0.3994157117642288
 0.3208771786876431
 0.4349555338671333
 0.3953364400722155
 0.4795151844675132
 0.5114393610785566
 0.5467985558781409
 0.5466459902974167
 0.5956531141396776
 0.641951232934061
 0.5725813732620136
 0.5989396502790797
 0.5809633867986623
 0.6003014927459286
 0.6261964737029179
 0.6015883802971452
 0.6557789951040591
 0.682748628694032
 0.692530345665476
 0.7082113020925073
 0.7207321575946589
 0.7283945559422197
 0.7404477564931777
 0.7700367397769982
 0
 0
 0.5785862941142949
 0.4760148861473921
 0.548668402342994
 0.6125113560777364
 0.6599936802003624
 0.6042054696399735
 0.6594914281371979
 0.6224595749990411
 0.6481985265478857
 0.6632944504637127
 0.6415667077811636
 0.6706851204251079
 0.6763680115196065
 0.7217285172589548
 0.6793684025756876
 0.7012201535005855
 0.7197400259887377
 0.6999533920528076
 0.686393072749276
 0.6897333316669115
 0.7018369089254031
 0.7176063844511119
 0.7769413705660663
 0.7433748634258264
 0.7466260561173588
 0.758881771162659
 0.7555912574567661
 0.7690552885253827
 0
 0
 0
 0
 0
 0
 0
 0
 0
 0
 0
 0
 0
 0
 0
 0
 0
 0
 0
 0
 0
 0
 0
 0
 0
 0
 0
 0
 0
 0
 0
 0
 0
 0
 0
 0
 0
 0
 0
 0
 0
 0
 0
 0
 0
 0
 0
 0
 0
 0
 0
 0
 0
 0
 0
 0
 0
 0
 0
 0
 0
 0
 0
 0
 0
 0
 0
 0
 0
 0
 0
 0
 0
 0
 0
 0
 0
 0
 0
 0
 0
 0
 0
 0
 0
 0
 0
 0
 0
 0
 0
 0
 0
 0
 0
 0
 0
 0
 0
 0
 0
 0
 0
 0
 0
 0
 0
 0
 0
 0
 0
 0
 0
 0
 0
 0
 0
 0
 0
 0
 0
 0
 0
 0
 0
 0
 0
 0
 0
 0
 0
 0
 0
 0
 0
 0
 0
 0
 0
 0
 0
 0
 0
 0
 0
 0
 0
 0
 0
 0
 0
 0
 0.2336407957837513
 0.1489702141534642
 0.1757946730820819
 0.3044446256266388
 0.3939944435037744
 0.4005677468355814
 0.4403999175086123
 0.4198946610182201
 0.4957978279751201
 0.5228236290667529
 0.5507062088288917
 0.5633634460052402
 0.5882945139614352
 0.6116059380396374
 0.5819454379841451
 0.5970466940637003
 0.5849575667100514
 0.6003220489013689
 0.5957514475919722
 0.6214963886707129
 0.6580524708229756
 0.6754680681573074
 0.6970212951241275
 0.7163660563832751
 0.7221317874121287
 0.7429587941932869
 0.7519915497822102
 0.7661796687133625
 0
 0
 0
 0
 0
 0
 0
 0
 0
 0
 0
 0
 0
 0
 0
 0
 0
 0
 0
 0
 0
 0
 0
 0
 0
 0
 0
 0
 0
 0
 0
 0
 0
 0
 0
 0
 0
 0
 0
 0
 0
 0
 0
 0
 0
 0
 0
 0
 0
 0
 0
 0
 0
 0
 0
 0
 0
 0
 0
 0


