# Created by Octave 3.8.2, Sun Nov 15 21:03:23 2015 CET <dkottke@snake2>
# name: mus
# type: matrix
# ndims: 3
 1 30 19
 0
 0
 0.6499721758486372
 0.5217149220489977
 0.539275766016713
 0.6031215161649943
 0.6031128404669264
 0.6612723214285714
 0.6772752652149631
 0.6949720670391062
 0.6883913632379897
 0.6800894854586129
 0.6848755109624669
 0.684709821428571
 0.6845938375350135
 0.6763392857142857
 0.6725303454715218
 0.6879910213243551
 0.6815309550471924
 0.698314606741573
 0.7003921568627448
 0.7022072577628132
 0.6973244147157192
 0.7021396396396397
 0.6997183098591547
 0.7025269416573768
 0.6969696969696967
 0.6989397321428571
 0.7060622914349277
 0.7062146892655367
 0
 0
 0.3333333333333333
 0.75
 0.6
 0.5
 0.5
 0.3
 0.6
 0.7
 0.7333333333333333
 0.6666666666666667
 0.7666666666666666
 0.7
 0.5999999999999999
 0.6166666666666666
 0.6499999999999999
 0.7666666666666666
 0.85
 0.75
 0.75
 0.74
 0.86
 0.8
 0.76
 0.7733333333333332
 0.7333333333333334
 0.6133333333333334
 0.6933333333333332
 0.8
 0
 0
 0.6336574034061768
 0.8431404539203209
 0.6426148812712571
 0.4264957942833133
 0.5935807885284516
 0.4261896964450935
 0.6344268821589905
 0.6840254757335762
 0.6130911219344978
 0.7345557437660584
 0.7378684192932446
 0.755662571804536
 0.7008365240882994
 0.7191786430039521
 0.7324012500106312
 0.7273691835210526
 0.7903424222627697
 0.7344040003424154
 0.7286742797676846
 0.7418984178156627
 0.7281624683438024
 0.7360643839801488
 0.7725293868930717
 0.7628257368473008
 0.7499738477044884
 0.7284619981002767
 0.7619415089302544
 0.7868019666715671
 0
 0
 0.1666342827261224
 0.6824359517451657
 0.5766776909836913
 0.4289559991036626
 0.5487346787906175
 0.471079461368621
 0.5679659437067507
 0.5902332841276313
 0.6429713529843992
 0.6408593220458793
 0.6791736520139889
 0.6886776830883314
 0.6238102446059464
 0.6378150120512173
 0.6423787451875108
 0.6602294180202157
 0.6739892462615575
 0.6772758599019681
 0.6465508368887242
 0.6650896871075266
 0.6797349908038792
 0.6875772949734501
 0.6990901643025738
 0.7170170806177572
 0.7093092652842593
 0.6917280527186411
 0.7022490062150926
 0.7167450017034934
 0
 0
 0.5171254599774221
 0.5465733492810292
 0.5866816448111812
 0.4421586354258662
 0.5360224696004995
 0.4973047674501765
 0.5558047725405283
 0.5889607988125227
 0.621612362087724
 0.6376049738684351
 0.6672504949453307
 0.6748194142668509
 0.6228251985517329
 0.6329999218925277
 0.6426078527536342
 0.6474963888950652
 0.6781926782342239
 0.6733592078713769
 0.6370299068713517
 0.6605259859702513
 0.6836128144788224
 0.6887696948836295
 0.7028213761786727
 0.7162167749612351
 0.7105374249107387
 0.688209792141888
 0.7021268372188549
 0.7127813924786394
 0
 0
 0.8642839722634742
 0.4245625729299329
 0.5409038078145502
 0.4025965819099664
 0.5280085321142387
 0.4806029946964601
 0.5255391148509336
 0.5908207505138405
 0.6282103493034942
 0.6254320190138143
 0.6581243507798534
 0.684087733367316
 0.6094955534754937
 0.6295032341280148
 0.6242386426429869
 0.6330898193857637
 0.7095838888089618
 0.6676710982102884
 0.5995172636212569
 0.7082206546712959
 0.6475515055363962
 0.6889516950406475
 0.7236543365227853
 0.7235557249303657
 0.7496522385489737
 0.6641293156217745
 0.7311212958671711
 0.7501222157143991
 0
 0
 0.5785862941142949
 0.5931116068414428
 0.5991117548413583
 0.6060601465934035
 0.717683851902681
 0.6146080577433093
 0.703211151150068
 0.6789012155528832
 0.7011501178353504
 0.7366743582223836
 0.763816024049902
 0.7640918485374664
 0.6915975319937563
 0.73560638791809
 0.7667670530118421
 0.7970667386624471
 0.7952900719509165
 0.787551839909962
 0.7589951917229489
 0.7406974066669351
 0.8106431964839081
 0.7710203790582764
 0.7652913798486362
 0.8014564277260228
 0.7689776431897969
 0.740813149603908
 0.8019929749172557
 0.8134811752096069
 0
 0
 0.1666443952203599
 0.668271198851136
 0.5210966785646425
 0.3917149402982382
 0.5425957768740647
 0.5107901136255268
 0.581918448463854
 0.5896010015294977
 0.6351292320698779
 0.6458667260930265
 0.689435238441534
 0.7031570212730449
 0.6572933444186571
 0.6448561281697703
 0.6554744739946756
 0.6796574880813916
 0.6859766856598019
 0.6820632778877864
 0.6599692619631704
 0.6787023600129403
 0.696867189148152
 0.698324087248672
 0.7140289122438841
 0.7311536460114124
 0.7291503983064007
 0.7034954932377757
 0.7235880073994598
 0.7329067049532018
 0
 0
 0.5081048044043205
 0.5159511375602428
 0.6050569720112605
 0.4154548794370718
 0.5345792093306209
 0.5094641497457135
 0.5360025362753551
 0.5801160866599188
 0.6271225022254383
 0.6479072745115625
 0.6645416894007545
 0.6789047916760059
 0.6388878397126895
 0.6541917929379055
 0.652462257600706
 0.6697038615338754
 0.6859226737243937
 0.6942157898533035
 0.6535696691747384
 0.6765164457504695
 0.6990724060829727
 0.6974286006450604
 0.7174267994942053
 0.7294688276703785
 0.7268731451448428
 0.6986452665375557
 0.7175426805291569
 0.7297451000898001
 0
 0
 0.8149020867289988
 0.421651578599305
 0.606229653567266
 0.4007787593291169
 0.5240478198645643
 0.5129435859555027
 0.576974487356408
 0.5839520612847247
 0.6161452899992083
 0.6352351089098609
 0.668162083634657
 0.6927663158346551
 0.6489946166380196
 0.6437317031805549
 0.6465026911957833
 0.6670786703817226
 0.6798410804241052
 0.6787744151463284
 0.6563574098454703
 0.6607524296300186
 0.6773857392591954
 0.6884259319585644
 0.7222762468636678
 0.7269584161770796
 0.7468434836383917
 0.6982533587669363
 0.7206609313726282
 0.7303241594568702
 0
 0
 0.5785862941142949
 0.5494149381842737
 0.5670381939735072
 0.6115859010293314
 0.7168567239550263
 0.6839704977413469
 0.7539667704209259
 0.6851688709097694
 0.6864621757400893
 0.7027129441874117
 0.7571739817153583
 0.7127341806901871
 0.6950083315593412
 0.7242708150357479
 0.7547363933435014
 0.7256867592550291
 0.7702867500074877
 0.7755364530234305
 0.7244707813719918
 0.7264955568435246
 0.7591766366351336
 0.7131992120637272
 0.7389842840179075
 0.7680004937408401
 0.7820119216771735
 0.7305164769051337
 0.7416414731079763
 0.773433682802906
 0
 0
 0
 0
 0
 0
 0
 0
 0
 0
 0
 0
 0
 0
 0
 0
 0
 0
 0
 0
 0
 0
 0
 0
 0
 0
 0
 0
 0
 0
 0
 0
 0
 0
 0
 0
 0
 0
 0
 0
 0
 0
 0
 0
 0
 0
 0
 0
 0
 0
 0
 0
 0
 0
 0
 0
 0
 0
 0
 0
 0
 0
 0
 0
 0
 0
 0
 0
 0
 0
 0
 0
 0
 0
 0
 0
 0
 0
 0
 0
 0
 0
 0
 0
 0
 0
 0
 0
 0
 0
 0
 0
 0
 0
 0
 0
 0
 0
 0
 0
 0
 0
 0
 0
 0
 0
 0
 0
 0
 0
 0
 0
 0
 0
 0
 0
 0
 0
 0
 0
 0
 0
 0
 0
 0
 0
 0
 0
 0
 0
 0
 0
 0
 0
 0
 0
 0
 0
 0
 0
 0
 0
 0
 0
 0
 0
 0
 0
 0
 0
 0
 0
 0.374680114358611
 0.4775710086391488
 0.5683418184219784
 0.4004097288914809
 0.5292768528627148
 0.5265151173563738
 0.5400285244620292
 0.5780424706104228
 0.6174456613038041
 0.6437372444675635
 0.6632785730683664
 0.6857915731459272
 0.6382114489710385
 0.6526856024299569
 0.6574440043198712
 0.6669515623728062
 0.6872452439936342
 0.6933642649870636
 0.6574931976609616
 0.6761022415723521
 0.6997335900224048
 0.7010204086861654
 0.7140470003816535
 0.7272292912307624
 0.7250015111780796
 0.697784749875052
 0.7167516821474882
 0.7249820340444162
 0
 0
 0
 0
 0
 0
 0
 0
 0
 0
 0
 0
 0
 0
 0
 0
 0
 0
 0
 0
 0
 0
 0
 0
 0
 0
 0
 0
 0
 0
 0
 0
 0
 0
 0
 0
 0
 0
 0
 0
 0
 0
 0
 0
 0
 0
 0
 0
 0
 0
 0
 0
 0
 0
 0
 0
 0
 0
 0
 0


