# Created by Octave 3.8.2, Sun Nov 15 23:24:55 2015 CET <dkottke@snake2>
# name: mus
# type: matrix
# ndims: 3
 1 30 19
 0
 0
 0.5137844611528823
 0.6313131313131313
 0.5367088607594939
 0.7941919191919192
 0.7644110275689225
 0.75
 0.7348484848484851
 0.7743589743589743
 0.8030303030303029
 0.8080808080808081
 0.7607692307692308
 0.7442602040816327
 0.7423076923076923
 0.7421875
 0.7448138675760161
 0.741161616161616
 0.7543859649122806
 0.7421052631578948
 0.7619047619047619
 0.7323232323232324
 0.7476555839727196
 0.74609375
 0.7439999999999999
 0.7558974358974361
 0.8012265512265513
 0.8392857142857143
 0.8433859993080384
 0.9153846153846156
 0
 0
 0.3333333333333333
 0.25
 0.4
 0.3
 0.6
 0.4
 0.5
 0.6
 0.5333333333333333
 0.8333333333333333
 0.8666666666666666
 0.8333333333333333
 0.7333333333333333
 0.8833333333333332
 0.8666666666666666
 0.9
 0.9
 0.85
 0.85
 0.82
 0.79
 0.8400000000000001
 0.8800000000000001
 0.8400000000000001
 0.7733333333333334
 0.7533333333333333
 0.7266666666666667
 0.6333333333333333
 0
 0
 0.5496141018346526
 0.6300924137225478
 0.7892931470571475
 0.4140040163403267
 0.6723508436738643
 0.3916214063138485
 0.6169365773573139
 0.3811364230510446
 0.6650349078777379
 0.5725514069205051
 0.699013314461984
 0.6901329292741756
 0.7421690175564326
 0.7452498992249874
 0.7734134846191312
 0.786815991639469
 0.8013441066732352
 0.7600811386331512
 0.7899050242869432
 0.7916572503301865
 0.7749930378732975
 0.7901151950541961
 0.8000367220386312
 0.7922771098391934
 0.7174761278097039
 0.7555517023168143
 0.6872362230059208
 0.6841495700986409
 0
 0
 0.4518582910078441
 0.4875746269543791
 0.4556721493465005
 0.4318906501402535
 0.4984647621407057
 0.4312295094106747
 0.4871752462176795
 0.4742741063777554
 0.5191273500833949
 0.5703733802474944
 0.5996956939707159
 0.6276961878530651
 0.6622232516711167
 0.6761375120965937
 0.6963856752915397
 0.7031858255707156
 0.7331462370378005
 0.6863382071975999
 0.6797498508938307
 0.6948763681772444
 0.6910643437878063
 0.703311013406452
 0.7181819175183622
 0.6850362987027088
 0.6695446479400222
 0.6695630862531
 0.6292150249590401
 0.6096897812812055
 0
 0
 0.4927061061395019
 0.4461920991347212
 0.4727419144831563
 0.4377402448988755
 0.4412484075971814
 0.4334526309365465
 0.4978723630117461
 0.4748898866076416
 0.5129936623914015
 0.5676357920854611
 0.6011304951483221
 0.6316829550492876
 0.6514242987749542
 0.6832497259772486
 0.7053173632108375
 0.7046705320016555
 0.7348756494728611
 0.6884009864481865
 0.6850938471152713
 0.70029247480722
 0.6903629800065806
 0.7070613724641696
 0.721891124009021
 0.6871982817249299
 0.675085917658689
 0.6706660274920482
 0.6361678550910325
 0.6082026587450577
 0
 0
 0.8456526225334096
 0.4721783561640894
 0.5798088641274635
 0.4266582343436995
 0.4577401477282156
 0.4463085667306596
 0.4627947882579282
 0.4449882998346606
 0.5200360294329391
 0.5347048222359744
 0.572949366592028
 0.6201609049043031
 0.7077130618454847
 0.6775579253349415
 0.668040950753453
 0.7081461371750948
 0.7434418289776101
 0.6847980786966796
 0.7013069306780013
 0.6719997535399499
 0.6747468685202735
 0.704456414188192
 0.7125162080909974
 0.6351280592887015
 0.6924185473911993
 0.6371485968620022
 0.6308258741536087
 0.6577483745768539
 0
 0
 0.5785862941142949
 0.7234190349349656
 0.6059120084308974
 0.6864934574685735
 0.6893913262091985
 0.6339140735398021
 0.6440290094785133
 0.6475500751856016
 0.6997013421637241
 0.6948709451975056
 0.7136754398728362
 0.7341032557625059
 0.732306029675756
 0.7710019524226794
 0.7456470322784768
 0.7523203321910301
 0.8440401471787566
 0.6912498051679885
 0.7155303734058349
 0.7542553466330926
 0.7593229262809195
 0.7923122914342087
 0.7066457633713212
 0.7230532366530626
 0.7304779271235202
 0.7456747945238313
 0.6773113413812241
 0.7228655205655046
 0
 0
 0.4411319189354643
 0.5093054767873881
 0.5021828076819005
 0.4681151414508875
 0.4748177300156899
 0.3972994678609955
 0.4950131066761732
 0.4409692298701304
 0.4825471405831041
 0.5607686423570428
 0.5919942504775804
 0.6080484339974587
 0.6540797054211913
 0.6825632574036624
 0.7119929654109772
 0.7320656554171876
 0.7606213531575789
 0.6979426637424069
 0.6941599153508279
 0.7165348457567343
 0.7190414317737569
 0.7358561262557375
 0.7521713817638294
 0.7062912756570677
 0.6901351442416273
 0.6867219833862226
 0.6497208204842733
 0.6357822066804623
 0
 0
 0.4884138525000606
 0.4649416575477334
 0.4882105967769094
 0.4833311634816879
 0.4811545349472215
 0.4053228387566693
 0.4851477601150402
 0.4165215143343949
 0.4884668632328231
 0.5699106549250477
 0.5773876174559815
 0.6227117740427239
 0.6420385928153898
 0.6839248731923127
 0.7212272599495704
 0.7312350367638559
 0.746586567259886
 0.6983626297354233
 0.6946226985449826
 0.7253227798695373
 0.7184941852188305
 0.7326039412574594
 0.7493901911707685
 0.7033687570051586
 0.6963428809720693
 0.6884275690682643
 0.6499658278629743
 0.6323446020462928
 0
 0
 0.859889124614118
 0.4799799489536513
 0.6445740050844573
 0.4495914218082026
 0.4470416078330386
 0.4159087730391184
 0.4566941845545108
 0.4302104871957507
 0.4854707670769757
 0.5411845027067869
 0.5739898767898731
 0.6028487407638896
 0.6651987795025534
 0.684384963911294
 0.7103661269433295
 0.7112396729676747
 0.7345987142488644
 0.6915663238605328
 0.6854773713478095
 0.7111385093330327
 0.7197841486364169
 0.7495274823836124
 0.7220710372279973
 0.795826492824568
 0.6879754725998927
 0.6831086367531692
 0.6327557585079431
 0.617828786900911
 0
 0
 0.5785862941142949
 0.707111770661761
 0.6256650158109943
 0.6778534076687932
 0.7531611066004574
 0.6380462387414129
 0.6501822270658499
 0.6566622072186201
 0.6607005094182544
 0.6501344721717023
 0.7145672375363754
 0.7121812049075581
 0.739002857224151
 0.7392183029841867
 0.7376077327653956
 0.7482140954287778
 0.7729554601174177
 0.7179547091026963
 0.7256974154393659
 0.7369063501505795
 0.8589536491076529
 0.7294275454493984
 0.7618950947699489
 0.7397291697843831
 0.7251145770512465
 0.7150201056098675
 0.6938603549967294
 0.7055581727658846
 0
 0
 0
 0
 0
 0
 0
 0
 0
 0
 0
 0
 0
 0
 0
 0
 0
 0
 0
 0
 0
 0
 0
 0
 0
 0
 0
 0
 0
 0
 0
 0
 0
 0
 0
 0
 0
 0
 0
 0
 0
 0
 0
 0
 0
 0
 0
 0
 0
 0
 0
 0
 0
 0
 0
 0
 0
 0
 0
 0
 0
 0
 0
 0
 0
 0
 0
 0
 0
 0
 0
 0
 0
 0
 0
 0
 0
 0
 0
 0
 0
 0
 0
 0
 0
 0
 0
 0
 0
 0
 0
 0
 0
 0
 0
 0
 0
 0
 0
 0
 0
 0
 0
 0
 0
 0
 0
 0
 0
 0
 0
 0
 0
 0
 0
 0
 0
 0
 0
 0
 0
 0
 0
 0
 0
 0
 0
 0
 0
 0
 0
 0
 0
 0
 0
 0
 0
 0
 0
 0
 0
 0
 0
 0
 0
 0
 0
 0
 0
 0
 0
 0
 0.3472461603693994
 0.4635433559627046
 0.5044366498537208
 0.4758652134226716
 0.4636633365620521
 0.3980404855344611
 0.4821477309976189
 0.4170293360005498
 0.4941253753766032
 0.5617370410713456
 0.5785853983500246
 0.6168794086457527
 0.6385483075610976
 0.6855990626330529
 0.7256556624592614
 0.7277194222446249
 0.75029501318521
 0.6996499263997817
 0.6933480477761651
 0.7221764567887791
 0.7207665140539242
 0.735359230910938
 0.7493185339879372
 0.6998606413062225
 0.6950247894645206
 0.6837504743113992
 0.6473803366350116
 0.6293991262508699
 0
 0
 0
 0
 0
 0
 0
 0
 0
 0
 0
 0
 0
 0
 0
 0
 0
 0
 0
 0
 0
 0
 0
 0
 0
 0
 0
 0
 0
 0
 0
 0
 0
 0
 0
 0
 0
 0
 0
 0
 0
 0
 0
 0
 0
 0
 0
 0
 0
 0
 0
 0
 0
 0
 0
 0
 0
 0
 0
 0


