# Created by Octave 3.8.2, Sun Nov 15 22:37:11 2015 CET <dkottke@snake6>
# name: mus
# type: matrix
# ndims: 3
 1 30 19
 0
 0
 0.8621553884711782
 0.8754180602006689
 0.9347280334728043
 0.7587939698492456
 0.7839042049568364
 0.9328859060402684
 0.8972431077694225
 0.8974789915966391
 0.9007506255212667
 0.9040404040404042
 0.884615384615384
 0.88
 0.8852320675105481
 0.8910472972972973
 0.8929411764705878
 0.9074074074074068
 0.9164578111946527
 0.9135593220338986
 0.9156223893065996
 0.9320987654320986
 0.931438127090301
 0.943877551020408
 0.9438297872340433
 0.9481605351170562
 0.9419191919191914
 0.9411848072562362
 0.9425797079287404
 0.944444444444444
 0
 0
 0
 0.5
 0.8
 0.9
 1
 0.9
 0.6
 0.6
 0.7333333333333333
 0.8
 0.8
 0.8666666666666666
 0.8666666666666666
 0.8833333333333332
 0.9333333333333332
 0.95
 0.9333333333333332
 0.95
 0.96
 0.96
 0.95
 0.8699999999999999
 0.8800000000000001
 0.8866666666666667
 0.8866666666666667
 0.8933333333333333
 0.8933333333333333
 0.9
 0
 0
 0.3994854691128702
 0.6570409734015272
 0.721252392461018
 0.8925395049991451
 0.8741858632924596
 0.8749421254677942
 0.7187022251328737
 0.8067818158514042
 0.8561944984241809
 0.8869069276778851
 0.8500099071613078
 0.8772565445054662
 0.8786246173321276
 0.8914831436425276
 0.919722827384636
 0.9190069998386085
 0.9282995874486516
 0.9586478880573567
 0.94634205311444
 0.9371864514935055
 0.9397793128239949
 0.8939202846283735
 0.919076998498098
 0.9131860246416303
 0.9109371398447446
 0.9306399747987126
 0.9127515451573405
 0.9208098325614656
 0
 0
 0.2222069437921766
 0.4880974106694598
 0.5774000775853483
 0.7172830855041185
 0.8109948701258025
 0.7842293040544969
 0.6410310023478313
 0.6807522267538678
 0.7481786644249273
 0.7807124880108763
 0.7641991141946327
 0.7753445382831421
 0.7964717783763279
 0.8153883779726065
 0.8289497959355119
 0.8412745910013661
 0.8553951772884415
 0.8663591657201259
 0.8783575140004446
 0.8646596636497915
 0.8701430350415181
 0.8407568884681061
 0.8441536200536035
 0.8451505913490331
 0.8513827965621185
 0.8570948378077835
 0.838549919001788
 0.846427595549743
 0
 0
 0.1666578783013414
 0.4866684288564689
 0.5895239264989108
 0.7783287215700733
 0.8016353596818555
 0.7778159539785838
 0.6651298754263594
 0.6655515723883457
 0.7439354493379453
 0.7696189515569448
 0.7581832954015887
 0.7762860241219049
 0.7971199159419522
 0.8080012170348013
 0.8211949299766323
 0.8402936069643898
 0.8580681562699574
 0.8719415512548666
 0.8786907643618241
 0.8686632079093143
 0.8697037362065712
 0.839534796643616
 0.838734981443546
 0.8477631042168673
 0.8545309571225073
 0.8581034336655302
 0.8378944571506908
 0.8469921323402992
 0
 0
 0.08332315319322092
 0.6401870062513062
 0.5206239928527059
 0.6733333333334628
 0.7067635353302265
 0.7980633964254219
 0.7348711270208039
 0.7125556693179818
 0.7517642258340036
 0.7397019973868212
 0.7453780673820493
 0.7517616199959491
 0.761561481558355
 0.8143150398235172
 0.7927139082135178
 0.8156238827135135
 0.8748104830897165
 0.7862364478672936
 0.8601889381557959
 0.895432309640635
 0.8681562849485168
 0.8427886775005322
 0.7830251245581971
 0.8298584775200561
 0.8416029289487855
 0.8590744604388388
 0.8299939813974173
 0.8408849466138406
 0
 0
 0.5785862941142949
 0.5934046064603513
 0.6279117432239918
 0.7138776382355417
 0.7975245657507465
 0.8226695151030359
 0.7339244473346616
 0.774582613643876
 0.8229574108234962
 0.8145028144684223
 0.8188288907640668
 0.9165585127714913
 0.8704087247969785
 0.8414923292703883
 0.8995059883662
 0.8628424333761542
 0.8628262926265272
 0.876862980535194
 0.8618328053447669
 0.8676277376662204
 0.9575112948508905
 0.8266364881613885
 0.8304517565673196
 0.8578115689606004
 0.8709444394496105
 0.886301120206727
 0.8640557634501975
 0.84495333622706
 0
 0
 0.2222143099331683
 0.4761388563304753
 0.5227129547957052
 0.6698512161551391
 0.8041650977674412
 0.8246284089454845
 0.6940264975555203
 0.7301570643789437
 0.7796536191881264
 0.8195054348208848
 0.7916073376054332
 0.8158083177472851
 0.8398986427281045
 0.8569192359425026
 0.8719864324410094
 0.8798341349861036
 0.8951323213921663
 0.9155322901085888
 0.9213181713627274
 0.9010030702731955
 0.9140163667623589
 0.8712062160318318
 0.8794815000479639
 0.8811607182166876
 0.8862329505111191
 0.8928122114201388
 0.8747430773303291
 0.8786870160726014
 0
 0
 0.1666348928300951
 0.4691295655535666
 0.5262481935227037
 0.7534720217986171
 0.7860077177099348
 0.8120523632642928
 0.6870701869423674
 0.7201785746909305
 0.7675177586137989
 0.8156503313978583
 0.8002911009988666
 0.8114608855457783
 0.8279821573308045
 0.8560268912386689
 0.8611418131237779
 0.8827245120657049
 0.8985741053409118
 0.9163289269223235
 0.9193187257258906
 0.9088337891080861
 0.9092945381426106
 0.8778790962747757
 0.8835980807245485
 0.8826369855483113
 0.8856659207857192
 0.8929348132423973
 0.875847097686076
 0.8778161859290642
 0
 0
 0.08332263077450283
 0.6053105426941474
 0.5329269386904535
 0.6817916215853563
 0.7259457707106114
 0.7725972653111447
 0.6607873414895165
 0.8346852497453129
 0.7478206636887338
 0.7937294017583291
 0.7889957834294106
 0.8159557063771674
 0.8292433107966966
 0.8452769240619001
 0.8651998933967318
 0.8787933764462111
 0.9703683014901102
 0.9780900096842192
 0.9786636480996671
 0.8926553910719829
 0.9095750387788861
 0.8739173030109738
 0.8692529869439568
 0.8714415618987428
 0.8877295245318126
 0.8897339287485695
 0.8687312977507495
 0.9181154764110203
 0
 0
 0.5785862941142949
 0.6281102719919218
 0.6837139164320002
 0.7016230123327724
 0.7772688266061627
 0.81048659510157
 0.7562629188353631
 0.7829263798203657
 0.7652965705509355
 0.7780510996349611
 0.8275965743687286
 0.8044438215774854
 0.8333988924009986
 0.8367243809194784
 0.8821511218579743
 0.8665802295579207
 0.8498505263671207
 0.8760550559359542
 0.8773429698505275
 0.8906421770906915
 0.8825010008736458
 0.8471630777799273
 0.9002865116527682
 0.8776444627642566
 0.8909409007886147
 0.8985589757904604
 0.8730278763090875
 0.8843900993166428
 0
 0
 0
 0
 0
 0
 0
 0
 0
 0
 0
 0
 0
 0
 0
 0
 0
 0
 0
 0
 0
 0
 0
 0
 0
 0
 0
 0
 0
 0
 0
 0
 0
 0
 0
 0
 0
 0
 0
 0
 0
 0
 0
 0
 0
 0
 0
 0
 0
 0
 0
 0
 0
 0
 0
 0
 0
 0
 0
 0
 0
 0
 0
 0
 0
 0
 0
 0
 0
 0
 0
 0
 0
 0
 0
 0
 0
 0
 0
 0
 0
 0
 0
 0
 0
 0
 0
 0
 0
 0
 0
 0
 0
 0
 0
 0
 0
 0
 0
 0
 0
 0
 0
 0
 0
 0
 0
 0
 0
 0
 0
 0
 0
 0
 0
 0
 0
 0
 0
 0
 0
 0
 0
 0
 0
 0
 0
 0
 0
 0
 0
 0
 0
 0
 0
 0
 0
 0
 0
 0
 0
 0
 0
 0
 0
 0
 0
 0
 0
 0
 0
 0
 0.1803601582623777
 0.4612447777323518
 0.5289275805615843
 0.7426593872624458
 0.7823987224443527
 0.8023765829765929
 0.6982902443343201
 0.7122137857546342
 0.7628485677620662
 0.8213012503139118
 0.796695033504576
 0.8077585452911499
 0.8312552679295685
 0.8550110060095806
 0.8573526576853486
 0.8818431677424114
 0.8949345120811181
 0.9162128318617279
 0.9184188740241959
 0.9067964583905604
 0.9056006907498462
 0.8763963152492029
 0.8787892099131783
 0.8826088331981292
 0.8856328259797793
 0.889231022514916
 0.8734234549666794
 0.8738881564029971
 0
 0
 0
 0
 0
 0
 0
 0
 0
 0
 0
 0
 0
 0
 0
 0
 0
 0
 0
 0
 0
 0
 0
 0
 0
 0
 0
 0
 0
 0
 0
 0
 0
 0
 0
 0
 0
 0
 0
 0
 0
 0
 0
 0
 0
 0
 0
 0
 0
 0
 0
 0
 0
 0
 0
 0
 0
 0
 0
 0


