# Created by Octave 3.8.2, Mon Nov 16 08:47:37 2015 CET <dkottke@snake7>
# name: mus
# type: matrix
# ndims: 3
 1 30 19
 0
 0
 0.5655806182121967
 0.8929765886287625
 0.9029288702928883
 0.8232830820770519
 0.9312169312169317
 0.9295302013422819
 0.9239766081871331
 0.9193277310924374
 0.9199332777314421
 0.9191919191919194
 0.9130434782608685
 0.9122689075630256
 0.9122362869198306
 0.9130067567567568
 0.9120168067226884
 0.9057239057239053
 0.9064327485380113
 0.8999999999999999
 0.9072681704260647
 0.9050224466891136
 0.9071906354515051
 0.9056122448979593
 0.9038297872340431
 0.9055183946488291
 0.9040404040404039
 0.9039115646258505
 0.9035859010627723
 0.9042735042735038
 0
 0
 0.6666666666666666
 1
 1
 0.8
 1
 1
 0.9
 0.9
 0.9333333333333332
 0.9333333333333332
 0.8666666666666668
 0.8666666666666666
 0.8666666666666666
 0.8666666666666666
 0.9
 1
 0.95
 0.9
 1
 1
 1
 1
 1
 1
 1
 1
 1
 1
 0
 0
 0.7504787267782009
 0.9327531320395152
 0.837650667209995
 0.8459351353696221
 0.9069575322884816
 0.8805292143814025
 0.8529199058183435
 0.8813161399750463
 0.8555144308209868
 0.9195849853774901
 0.9141790036605939
 0.8816429506041006
 0.8899266905952091
 0.9330567041627471
 0.9431920976988818
 0.9317777520167603
 0.9688189060228101
 0.943292036867733
 0.9489528056060437
 0.9484596863907868
 0.9511839337070381
 0.9769122539329078
 0.9581831704324333
 0.9664898750857153
 0.9821991098282776
 0.9841143236232165
 0.9851845998300162
 0.9628169340858702
 0
 0
 0.4855722786849944
 0.6507708173899673
 0.7546510780470942
 0.8164472722117684
 0.7842868240715481
 0.7947462802809526
 0.7056055971248157
 0.7671044789425686
 0.7719867842107576
 0.7948315780282608
 0.8018610556300825
 0.8170332205423865
 0.837370208049001
 0.8490762663615625
 0.8441607142717772
 0.861670749418157
 0.8810251134253808
 0.8662618418361271
 0.8725426580999976
 0.8786148879125772
 0.8809543121145081
 0.8819140259469977
 0.8890162097213355
 0.8928615679435657
 0.8991217900297473
 0.9109998220362969
 0.9158139233762905
 0.9184692818841265
 0
 0
 0.5607450649570551
 0.8540033376328534
 0.7408263226486818
 0.8108207266651847
 0.8103259627843272
 0.8207208991730104
 0.7198002234375865
 0.7679874128315209
 0.7869665178545744
 0.8041591632099278
 0.8064914246822354
 0.8083726742512355
 0.8360740798467703
 0.8385853582216046
 0.8525218192423187
 0.8770364696603743
 0.8828980474383986
 0.8663291967271401
 0.8767254062697296
 0.8735155558297933
 0.8887381924880993
 0.8840874713550474
 0.8885911010310181
 0.8911092901751342
 0.8998258035134085
 0.9100470236233636
 0.9097270530388691
 0.9186320557174145
 0
 0
 0.9386331424379679
 0.7580542685077978
 0.7318982267133636
 0.8023340849069122
 0.7936940700120715
 0.8251385968152248
 0.6970644263300934
 0.748456790123566
 0.7221238592218387
 0.7749680800531396
 0.7696181441147009
 0.7957910508440881
 0.7922635776155585
 0.8089566897467555
 0.831989044852483
 0.862489717650002
 0.8851960601777338
 0.8238090174231976
 0.8900499559080924
 0.8611216658096741
 0.8811767584867085
 0.8677489921852863
 0.987633107251448
 0.8696260691502369
 0.873955432791209
 0.9235760361680404
 0.8385448725191255
 0.8607663772170272
 0
 0
 0.3678794411714423
 0.7941258237088253
 0.7690400754128758
 0.8927938267093081
 0.8028736084806949
 0.8090830278651817
 0.8908280722726153
 0.7573750528866311
 0.8274079621871624
 0.878852401186743
 0.8561751482400612
 0.8421907641035592
 0.8524275872123303
 0.8610888139519675
 0.9004734788136298
 0.9031118594317117
 0.9123191576894631
 0.9690274018943145
 0.8923440850590328
 0.8601278734297311
 0.8777245458992192
 0.9776566427389884
 0.8507103119561716
 0.8747293577863753
 0.9148854559620222
 0.8466325003190955
 0.8800102904749255
 0.9157475512843768
 0
 0
 0.4804050760057426
 0.6042488477969726
 0.7115452799843761
 0.8034468405973966
 0.7849813889533305
 0.7778504323429871
 0.7092985496053001
 0.7629426368929261
 0.7832287819598838
 0.8039819741830313
 0.8135586123600426
 0.8380466329201814
 0.8621568602045272
 0.8836253130354655
 0.8760729655434272
 0.8987228488727387
 0.9172322687216946
 0.910026196020824
 0.9146438707662237
 0.921652307310475
 0.9245572480548994
 0.9245524518624768
 0.9304751718066862
 0.933351584951833
 0.9366825427557325
 0.9579292733558177
 0.962696869160201
 0.9627414943641293
 0
 0
 0.5598974103950185
 0.8334602837558499
 0.6700116715004567
 0.8235149949234876
 0.7877676869970708
 0.8077288394847787
 0.7172087100683748
 0.7668724212613305
 0.777629027588451
 0.8032874700401699
 0.8132105899423248
 0.818036225892719
 0.8619761316141373
 0.8646843069413688
 0.8852198269015339
 0.9104124878371103
 0.9159882798680933
 0.9206162659103621
 0.9148027056795115
 0.91671142716017
 0.9277596653378307
 0.9233419340646694
 0.931332420706289
 0.9347983168988852
 0.9461633427554824
 0.9541787666833819
 0.9589049682078775
 0.9603895733962544
 0
 0
 0.9881145016710474
 0.6764017507921467
 0.6588606056334256
 0.9627642669317771
 0.8862761266661336
 0.8198368034230381
 0.7505550777193752
 0.7513937110143714
 0.8036422922321957
 0.8531221890569614
 0.8182221055648125
 0.8248277320052506
 0.8686085735201982
 0.8991708276997363
 0.8733306514294329
 0.9058837437030808
 0.8993527380287258
 0.9055641666713015
 0.9141195161679347
 0.9023073691968363
 0.9053804879706581
 0.9536244069008996
 0.9140578882215121
 0.9168081278592479
 0.9269516061968952
 0.9574810460619911
 0.9623024597757477
 0.9678930468161172
 0
 0
 0.3678794411714423
 0.8506963249234119
 0.756349197506698
 0.7968163712776629
 0.8457331918478802
 0.7982567223585868
 0.7692392410379482
 0.7595588370233237
 0.828073383206098
 0.8574241503336355
 0.8268706060285052
 0.836754151329859
 0.8505370540329551
 0.9574144557624532
 0.8751181408175712
 0.8703184711726224
 0.8993528518691537
 0.8806839981887877
 0.8853416008792206
 0.8904934545350106
 0.8892442855884656
 0.9013965656338196
 0.8776660543324261
 0.9109898583419904
 0.911442079222483
 0.9004512106415329
 0.9288091222321966
 0.9326184001527459
 0
 0
 0
 0
 0
 0
 0
 0
 0
 0
 0
 0
 0
 0
 0
 0
 0
 0
 0
 0
 0
 0
 0
 0
 0
 0
 0
 0
 0
 0
 0
 0
 0
 0
 0
 0
 0
 0
 0
 0
 0
 0
 0
 0
 0
 0
 0
 0
 0
 0
 0
 0
 0
 0
 0
 0
 0
 0
 0
 0
 0
 0
 0
 0
 0
 0
 0
 0
 0
 0
 0
 0
 0
 0
 0
 0
 0
 0
 0
 0
 0
 0
 0
 0
 0
 0
 0
 0
 0
 0
 0
 0
 0
 0
 0
 0
 0
 0
 0
 0
 0
 0
 0
 0
 0
 0
 0
 0
 0
 0
 0
 0
 0
 0
 0
 0
 0
 0
 0
 0
 0
 0
 0
 0
 0
 0
 0
 0
 0
 0
 0
 0
 0
 0
 0
 0
 0
 0
 0
 0
 0
 0
 0
 0
 0
 0
 0
 0
 0
 0
 0
 0
 0.4652661784663345
 0.6931953993185551
 0.6500828257336846
 0.8038780208865638
 0.7786882450017415
 0.8283075707058414
 0.7126840189751892
 0.766009705194212
 0.7673279685478644
 0.8020888900575662
 0.8140781026375346
 0.8198970765258015
 0.859088493931239
 0.8612072600832126
 0.8808023557833515
 0.9100616309042633
 0.9201772962832366
 0.9201033439133528
 0.9199929354029335
 0.9166852670404538
 0.9271650464518814
 0.9232627440589446
 0.9284849360382145
 0.9351616110987385
 0.9453494000406839
 0.9552332393265274
 0.9575857098046947
 0.9607909172559621
 0
 0
 0
 0
 0
 0
 0
 0
 0
 0
 0
 0
 0
 0
 0
 0
 0
 0
 0
 0
 0
 0
 0
 0
 0
 0
 0
 0
 0
 0
 0
 0
 0
 0
 0
 0
 0
 0
 0
 0
 0
 0
 0
 0
 0
 0
 0
 0
 0
 0
 0
 0
 0
 0
 0
 0
 0
 0
 0
 0


