# Created by Octave 4.0.0, Tue Nov 03 11:48:31 2015 W. Europe Standard Time <unknown@Florian-PC>
# name: mus
# type: matrix
# ndims: 3
 6 7 12
 0
 0
 0
 0
 0
 0
 0
 0
 0
 0
 0
 0
 0.6416040100250628
 0.6140350877192986
 0.3809523809523812
 0.5839598997493733
 0.7268170426065163
 0.5689223057644108
 0.5656565656565656
 0.7196969696969697
 0.4292929292929293
 0.494949494949495
 0.4974747474747475
 0.5606060606060606
 0.5417721518987343
 0.7012658227848103
 0.4962025316455698
 0.5797468354430381
 0.4962025316455695
 0.5594936708860758
 0.7626262626262628
 0.710858585858586
 0.4936868686868687
 0.5025252525252524
 0.4936868686868687
 0.5542929292929294
 0.7744360902255639
 0.6917293233082706
 0.5112781954887219
 0.5162907268170425
 0.5062656641604008
 0.5614035087719298
 0
 0
 0
 0
 0
 0
 0
 0
 0
 0
 0
 0
 0.6666666666666666
 0.6666666666666666
 0
 0.3333333333333333
 0
 0
 1
 0.75
 0
 0.25
 0
 0.5
 0.6
 0.2
 0.6
 0.6
 0.6
 0.8
 0.5
 0.5
 0.6
 0.2
 0.7
 0.8
 0.5
 0.5
 0.6
 0
 0.7
 0.8
 0
 0
 0
 0
 0
 0
 0
 0
 0
 0
 0
 0
 0.7366164338214343
 0.7832729512587802
 0.5522479374964383
 0.5623780746571524
 0.6365306786735794
 0.3840876606285849
 0.9566968772140314
 0.8453322036908848
 0.4414649653336802
 0.5369349394628008
 0.3597623080701251
 0.5926334176438184
 0.7050104058800064
 0.5385519920551529
 0.5157607555199479
 0.5557592462300496
 0.4422466624502206
 0.7766507358805763
 0.5818113990062774
 0.6828861863210069
 0.6645528439862525
 2.565727465587868
 0.5495241028388789
 0.7882181120931533
 0.6618155010267217
 0.6733597790387178
 0.7753176925252236
 0.5186573483796605
 0.172285496196267
 0.7861325442630046
 0
 0
 0
 0
 0
 0
 0
 0
 0
 0
 0
 0
 0.7219634805004281
 0.8048809967146625
 0.08333333440095768
 0.5830191270706612
 0.138888818051694
 0.1388888404530206
 0.9445074570831892
 0.8166868865130736
 0.2683370044146094
 0.5289832783906407
 0.280924508142929
 0.4870509567684625
 0.6827773917394314
 0.4612344775440916
 0.5707675602035498
 0.6766735201937432
 0.5759472063343599
 0.8080150008306497
 0.5550863564881294
 0.5547746897083461
 0.6589139734618245
 0.6001766025326036
 0.72573773216967
 0.8524447691345783
 0.5793147819309937
 0.6575754209965842
 0.6984250076519476
 0.4600158062596059
 0.6770802879013955
 0.806829231180508
 0
 0
 0
 0
 0
 0
 0
 0
 0
 0
 0
 0
 0.8219055743889017
 0.5817512698686309
 0.1111110031970315
 0.3610665405871413
 0.1666665904699795
 0.1944441839623771
 0.9657280165839174
 0.7691497925471852
 0.3219723789170461
 0.3679350463606796
 0.3090263241512182
 0.4940040295325461
 0.7134561377334155
 0.4964598628845998
 0.6347478553543952
 0.6681534004666658
 0.6466496985717489
 0.8177974465935592
 0.4230581775087283
 0.5413079358628918
 0.6573772097367313
 0.5397105119369541
 0.6654294802890131
 0.8191111220812337
 0.5703503739902848
 0.6005064981804503
 0.7644167159839828
 0.40153786494408
 0.5955766815235577
 0.7398997467516921
 0
 0
 0
 0
 0
 0
 0
 0
 0
 0
 0
 0
 0.8887203563330844
 0.8886674456036263
 0.2222208422361318
 0.7776660015021585
 0.1944432723930201
 0.1666666610096738
 1
 0.9909112854173235
 0.3195574159273328
 0.9423981960893071
 0.2341449088715592
 0.9757664711946382
 0.9848256644639686
 0.8782854369707668
 0.9646250696070051
 0.9846882506055599
 0.9585576778082472
 0.9905803852357394
 0.9765343649522404
 0.9954201328948388
 0.9872133859491782
 0.9923939199361056
 0.9890759059315266
 0.989119904856663
 0.9824681744129923
 0.9982138543466533
 0.9873929814349226
 0.6814224160401431
 0.8591510857422989
 0.9924769502605205
 0
 0
 0
 0
 0
 0
 0
 0
 0
 0
 0
 0
 0.7200890881668975
 0.9280987296615344
 0.1666666622067217
 0.3333333333303289
 0.1666666620216417
 0.1666666666250355
 0.9917375201362468
 0.902582159615072
 0.2777777723106395
 0.416666666629699
 0.2499999937669413
 0.481338635607157
 0.6334204416635804
 0.3749999969648621
 0.4833333106913162
 0.6545044134058771
 0.4874999948127041
 0.856742663102162
 0.3933333307297663
 0.4879549274260589
 0.6050928959475722
 0.4775106077918208
 0.6288679038211749
 0.8715045150352425
 0.4553050763480075
 0.5588253107259606
 0.7366630177699778
 0.3785714264251138
 0.5979239481805161
 0.8603766699694586
 0
 0
 0
 0
 0
 0
 0
 0
 0
 0
 0
 0
 0.576271430705422
 0.6104030587020297
 0.2962962897686092
 0.4074074034904858
 0.2962968709739577
 0.2962962888949949
 0.8790638728943001
 0.7335627011472503
 0.4583333240554059
 0.4687499962803537
 0.4375000109067941
 0.3749999964829807
 0.621378066847309
 0.4039999999713454
 0.5866666641004001
 0.5033610973207927
 0.5899999877683226
 0.7036251224840999
 0.4111111101533139
 0.474999999964753
 0.6666666520544677
 0.5499999977116
 0.6694444248671183
 0.7537337368673307
 0.4592808551943913
 0.5466583525249933
 0.6567718439636658
 0.4002915427312342
 0.5636054351375603
 0.7680465958979776
 0
 0
 0
 0
 0
 0
 0
 0
 0
 0
 0
 0
 0.2891566265060241
 0.3432835820895522
 0.3333333333333333
 0.3291139240506329
 0.3552631578947368
 0.3846153846153846
 0.6063702191622616
 0.6224758662413277
 0.4999999999999889
 0.5498401648358162
 0.4616276724485661
 0.3167187499998918
 0.4923916563234296
 0.4484082270684725
 0.5031137749888551
 0.38042530158524
 0.5132377636668622
 0.6129796593514492
 0.4963205158303649
 0.5593159329040388
 0.5975607973740589
 0.4202006927286762
 0.5825903810914718
 0.6016931989879726
 0.4773774507161443
 0.6239399427661411
 0.5243064046476604
 0.4424839588269515
 0.4231199623419421
 0.6253738201190155
 0
 0
 0
 0
 0
 0
 0
 0
 0
 0
 0
 0
 0.5785862941142949
 0.5785862941142949
 0.5785862941142949
 0.5785862941142949
 0.5785862941142949
 0.5785862941142949
 0.7570049418708842
 0.7155501583510432
 0.6631621625995149
 0.6719904777834532
 0.6276082031495345
 0.5494438171288787
 0.8125382554484033
 0.6700207036623496
 0.6545216931179245
 0.5993598032201963
 0.6486065503600932
 0.7283654621604605
 0.6319334580780481
 0.7218355061591455
 0.7021978723425553
 0.6280798280578085
 0.6947206825779496
 0.724376316891203
 0.6609614583757916
 0.7659556009125957
 0.6814774738052233
 0.6099088790231814
 0.5857282764702351
 0.754394238612204
 0
 0
 0
 0
 0
 0
 0
 0
 0
 0
 0
 0
 0.3678794411414353
 0.7892931389253809
 0.405198630807349
 0.4107915270824127
 0.367879441149618
 0.5259095459826687
 0.7745897991996324
 0.8213648641039468
 0.4835812742223288
 0.6540560288982148
 0.555683292146506
 0.6111253573266319
 0.793872999096128
 0.6226473962955396
 0.6804173110972173
 0.6153456723766061
 0.5906651729169405
 0.630549887539253
 0.6591269339124
 0.7429295922350413
 0.8013642704279074
 0.6512594424298886
 0.7065777569961693
 0.6203412332669291
 0.6641650094333731
 0.7508111936523546
 0.7007899704428643
 0.6387940682240179
 0.5794180056583708
 0.7042814504188385
 0
 0
 0
 0
 0
 0
 0
 0
 0
 0
 0
 0
 0.7064391839725984
 0.5993966927555392
 0.2777753400545429
 0.5736421119923781
 0.3518496305981585
 0.2592591487212409
 0.7769942109494212
 0.6639974486571201
 0.4114571165809017
 0.5195487772162358
 0.4556112260802031
 0.3896838565084417
 0.6150795995949525
 0.4552961905144632
 0.5945919247384635
 0.5034826172935447
 0.574666576001351
 0.7733881035191391
 0.5009251599105449
 0.5778384474941864
 0.6745905583279455
 0.5768112528273006
 0.688871624750041
 0.6805698557235313
 0.5079138546902389
 0.6457476407806542
 0.6418497888870757
 0.4295215259663127
 0.5763752728122837
 0.7452215992628983


