# Created by Octave 3.8.2, Sun Nov 15 23:33:33 2015 CET <dkottke@snake4>
# name: mus
# type: matrix
# ndims: 3
 1 30 19
 0
 0
 0.4009661835748791
 0.4519230769230769
 0.5560975609756098
 0.9068627450980392
 0.7438423645320199
 0.8076923076923077
 0.8019323671497586
 0.8800000000000001
 0.9282296650717702
 0.9656862745098038
 0.9759615384615385
 0.9489795918367347
 0.9487179487179488
 0.9567307692307693
 0.9509803921568628
 0.8888888888888888
 0.9569377990430623
 0.9450000000000001
 0.9470899470899471
 0.9545454545454546
 0.9806763285024154
 0.9774305555555556
 0.995
 0.9951923076923077
 1
 1
 1
 1
 0
 0
 0.6666666666666666
 0.5
 0.6
 0.6
 1
 0.8
 0.8
 1
 0.8333333333333333
 0.7333333333333333
 0.8
 0.6666666666666666
 0.7333333333333332
 0.7333333333333333
 0.7333333333333333
 0.6166666666666666
 0.6833333333333333
 0.8
 0.77
 0.63
 0.7300000000000001
 0.6199999999999999
 0.5999999999999999
 0.5333333333333333
 0.6799999999999999
 0.7
 0.6599999999999999
 0.6333333333333333
 0
 0
 0.639838286248845
 0.5690087098896198
 0.6291559388205795
 0.7849034209541714
 0.8106821470746506
 0.8388092574987178
 0.7569965531900864
 0.8453411699399462
 0.7724791550760179
 0.8323676479944648
 0.7343723280755088
 0.7627865605073362
 0.8259508137447763
 0.7807702852020553
 0.7126498260932839
 0.7396642429383324
 0.670665064500213
 0.7246864587323572
 0.7448300004931481
 0.7180368998559947
 0.6852308623728041
 0.6321652335862178
 0.5725871062969676
 0.678323151095148
 0.690860632845924
 0.6971062850475092
 0.6770124853761723
 0.7431895080084108
 0
 0
 0.4378849522957774
 0.6470242595471053
 0.6459464756856115
 0.6780257905896088
 0.7376037959402154
 0.6851298132614162
 0.7085528591717694
 0.7469659697463317
 0.7294417662019812
 0.6991451807861292
 0.6839698976026953
 0.6517808210777303
 0.6749453918453023
 0.6735010990390117
 0.6611270187394651
 0.6274694652955454
 0.637346117091504
 0.6471847843048915
 0.6278719451721168
 0.6195988667300726
 0.6217428185682581
 0.6065403954566099
 0.5817288287497586
 0.5884778776122538
 0.5961322850455862
 0.6058245647969582
 0.6127026593347167
 0.6232922745434709
 0
 0
 0.7104250304057189
 0.4525912726129632
 0.6017385341276316
 0.6752698448363225
 0.7334509673599831
 0.6988485570538263
 0.7057331452869102
 0.7298541421938558
 0.7293516288149052
 0.6976846695009428
 0.6715190038571732
 0.6542066990443517
 0.6669467736304283
 0.6647581707081506
 0.6555868241175873
 0.6226936695477854
 0.631872348078828
 0.6495108900856452
 0.6252587362643158
 0.6213842289009839
 0.6254802372229652
 0.6079221336746129
 0.5789529315925044
 0.5948086014648328
 0.5971512881986784
 0.6063964839488821
 0.6145653227235546
 0.6271961629209605
 0
 0
 0.4166649075380185
 0.4719148083363988
 0.8105233045935075
 0.6631921762430357
 0.6985481540726786
 0.7522996521666563
 0.6631727946749552
 0.7020141097763084
 0.753148478035203
 0.6608385432694253
 0.6239429469560469
 0.6460074586010469
 0.678867218956914
 0.6285649961964057
 0.6771050313121669
 0.5935553294905274
 0.6129414218359456
 0.6556615409248717
 0.6650384118581736
 0.6090661922633809
 0.671547660893728
 0.6237791043177981
 0.5419030555553394
 0.5989923430917445
 0.5917614468130086
 0.6583123274166724
 0.6048386480931066
 0.6260192601028322
 0
 0
 0.7892931470571475
 0.800091356910022
 0.7949232879289021
 0.8131101735558742
 0.7633309829249011
 0.7697915459967249
 0.7628075746113177
 0.7565444760226555
 0.7382204709204977
 0.7914518775916025
 0.713920718270082
 0.7358419587530632
 0.8323743768469293
 0.8227400968806142
 0.753897095036856
 0.8263909360966017
 0.7196548518209996
 0.6970595937693114
 0.7593741297133662
 0.7174943941724732
 0.719788908069189
 0.7200947512148772
 0.7026890691143377
 0.7320178922633858
 0.7089387584433573
 0.7395716257391526
 0.7317355571409875
 0.7387677871343546
 0
 0
 0.4360000409046718
 0.687188021751203
 0.7011998232290624
 0.6386207413924073
 0.6537039914582791
 0.6903383527988075
 0.7139729847473043
 0.7303942269102878
 0.7263169463218672
 0.710686221548628
 0.6767142576104708
 0.6395744929798737
 0.6733046239472864
 0.6793960199314363
 0.6698574274704334
 0.6471396913853159
 0.6431810011001277
 0.6584890235061827
 0.6473277173508608
 0.6359732432051032
 0.6357420339814898
 0.6157679246329955
 0.5974822523793867
 0.5994355926987136
 0.6097199301176001
 0.6217251195397817
 0.6301553655542068
 0.6436239303214788
 0
 0
 0.714631584797402
 0.5762119066194075
 0.582974324474826
 0.6267910370907068
 0.6817457372395704
 0.6982946387153116
 0.7638340563120506
 0.7246147869061963
 0.726806318549778
 0.707838911995151
 0.6439979826465074
 0.6328554488564514
 0.6564230736495262
 0.6824484018041073
 0.6620977043898399
 0.6383839083208314
 0.6355121811932565
 0.655820850234496
 0.6344580051552956
 0.6344126397996521
 0.6427929298382106
 0.611492123782954
 0.5880381055531065
 0.6109988862792135
 0.5997479095777961
 0.6148529588919858
 0.6240836679862914
 0.6422799435642358
 0
 0
 0.4166608210679638
 0.6574356094372258
 0.7290446424258923
 0.6384856241716211
 0.618437537144913
 0.6521524953914337
 0.6778349042295729
 0.7968306375904141
 0.7276101031390975
 0.6956266163245783
 0.6566151206087236
 0.6410797342073896
 0.6682230000609307
 0.6661592203966326
 0.6558678673603335
 0.6449724416731082
 0.6433948269779125
 0.6485251551595203
 0.6204990876531534
 0.6991396806186833
 0.6277031785639595
 0.594628813072979
 0.6567856434024986
 0.593537053943528
 0.6075630362552777
 0.6262955102400536
 0.6127917494253736
 0.6346622231231834
 0
 0
 0.7892931470571475
 0.805452964173937
 0.9144357760445372
 0.835567509870791
 0.8079780408093419
 0.7485053939024729
 0.7487676681206901
 0.7700227209090831
 0.7636885812659761
 0.747275763092583
 0.7480094247972886
 0.7015400416576538
 0.7574072030074995
 0.7289529596442017
 0.7342443286829902
 0.697420878413585
 0.7287133791701101
 0.7486593734439617
 0.7364668516068315
 0.7218912474618392
 0.7128681099145174
 0.7063197684422777
 0.6870996495902364
 0.7179861896489407
 0.6974202842015121
 0.7208112962229459
 0.7356428198120194
 0.7300734167904697
 0
 0
 0
 0
 0
 0
 0
 0
 0
 0
 0
 0
 0
 0
 0
 0
 0
 0
 0
 0
 0
 0
 0
 0
 0
 0
 0
 0
 0
 0
 0
 0
 0
 0
 0
 0
 0
 0
 0
 0
 0
 0
 0
 0
 0
 0
 0
 0
 0
 0
 0
 0
 0
 0
 0
 0
 0
 0
 0
 0
 0
 0
 0
 0
 0
 0
 0
 0
 0
 0
 0
 0
 0
 0
 0
 0
 0
 0
 0
 0
 0
 0
 0
 0
 0
 0
 0
 0
 0
 0
 0
 0
 0
 0
 0
 0
 0
 0
 0
 0
 0
 0
 0
 0
 0
 0
 0
 0
 0
 0
 0
 0
 0
 0
 0
 0
 0
 0
 0
 0
 0
 0
 0
 0
 0
 0
 0
 0
 0
 0
 0
 0
 0
 0
 0
 0
 0
 0
 0
 0
 0
 0
 0
 0
 0
 0
 0
 0
 0
 0
 0
 0
 0.4731427032451125
 0.5516779651053605
 0.5887023976017141
 0.6210048336195423
 0.6759567613927207
 0.6970083515621178
 0.7500691933133351
 0.7192874149601879
 0.7188731089662882
 0.6971059222475815
 0.6429021686324476
 0.6334010819709666
 0.6607350545853432
 0.685981721288159
 0.6541298894387273
 0.6329180284403165
 0.6349147515859896
 0.652271358947923
 0.637410200866668
 0.6345103011290317
 0.6478685942593939
 0.6164573799238185
 0.5854413678092852
 0.608379742254378
 0.6002476596097276
 0.6104409054595105
 0.6224811124100323
 0.6416221148639594
 0
 0
 0
 0
 0
 0
 0
 0
 0
 0
 0
 0
 0
 0
 0
 0
 0
 0
 0
 0
 0
 0
 0
 0
 0
 0
 0
 0
 0
 0
 0
 0
 0
 0
 0
 0
 0
 0
 0
 0
 0
 0
 0
 0
 0
 0
 0
 0
 0
 0
 0
 0
 0
 0
 0
 0
 0
 0
 0
 0


