# Created by Octave 3.8.2, Sun Nov 15 21:06:38 2015 CET <dkottke@snake7>
# name: mus
# type: matrix
# ndims: 3
 1 30 19
 0
 0
 0.3236714975845411
 0.3173076923076923
 0.897560975609756
 0.8039215686274508
 0.8916256157635469
 0.8557692307692307
 0.8695652173913045
 0.8650000000000002
 0.8803827751196172
 0.8774509803921569
 0.8798076923076925
 0.8775510204081635
 0.9641025641025642
 0.9663461538461539
 0.9566993464052289
 0.962121212121212
 0.9665071770334929
 0.97
 0.9682539682539684
 0.9696969696969698
 0.9710144927536233
 0.967013888888889
 0.97
 0.9711538461538463
 0.9599395313681028
 0.9693877551020408
 0.9704433497536946
 0.9611111111111111
 0
 0
 1
 1
 0.4
 0.7
 0.5
 0.9
 0.7
 0.9
 0.8333333333333333
 0.9333333333333332
 0.9
 0.9333333333333332
 0.7999999999999999
 0.8166666666666667
 0.8166666666666667
 0.85
 0.9
 0.85
 0.75
 0.78
 0.7699999999999999
 0.8
 0.9199999999999999
 0.9199999999999999
 0.8933333333333333
 0.8533333333333333
 0.8600000000000001
 0.8666666666666668
 0
 0
 1
 1
 0.6628690352914359
 0.7766507358805763
 0.8145779694102897
 0.7409602194007046
 0.8544015646164889
 0.8782114389990312
 0.824997564269801
 0.812249648169193
 0.9029092836198349
 0.8799006239384678
 0.8337501226510313
 0.8484408005648117
 0.8775980227498867
 0.8676410968032875
 0.8834308469541002
 0.8862437329758526
 0.8768416315420808
 0.9048252435280476
 0.9312345126776271
 0.9091384388551536
 0.9278163534293941
 0.9414284607040155
 0.9073869135736563
 0.9312971900956339
 0.9347701931816679
 0.9308007512401024
 0
 0
 0.9999999999759778
 0.9999999998450478
 0.5612064269673787
 0.6264564812112617
 0.620575236790505
 0.6852655729054425
 0.7149763512741677
 0.7505729944538
 0.7317144464208563
 0.7758421641747888
 0.794895009168343
 0.8022029837970878
 0.7385992367507632
 0.745917586282974
 0.7603725757922533
 0.7742234190504802
 0.7929634961354851
 0.7829656335420903
 0.7987468062136152
 0.8136647002576107
 0.8183820592765507
 0.8338452309992797
 0.8384474076184797
 0.8409581869829198
 0.8462450146968414
 0.8518607508908288
 0.859622976458869
 0.8670422441062284
 0
 0
 0.9999999999787244
 0.9999999998741999
 0.5645177135298779
 0.6465131223934364
 0.722661988750408
 0.6761918796672587
 0.731149930727499
 0.7584245727975266
 0.7313318885805472
 0.7577975523002692
 0.7653028725769675
 0.8002829193068984
 0.7340189009069482
 0.7505402726650634
 0.7624287861943476
 0.7732155877405901
 0.7952714218981665
 0.7744128141089354
 0.7950133042290242
 0.8082953628404906
 0.8251266397020479
 0.8325896735235768
 0.8359113597608122
 0.8395078988420612
 0.8479483999902707
 0.8509003779980356
 0.8583218880516377
 0.8628448799599626
 0
 0
 0.999999999952264
 0.9999999998195649
 0.5496597292872081
 0.668678191178502
 0.7480263103201146
 0.6312687511937509
 0.7094950027700413
 0.7348427781052016
 0.7293262402664631
 0.7482946470646944
 0.7980258912240883
 0.7690469488211149
 0.7504667773743124
 0.8340052415684409
 0.8724986770122514
 0.725742986657758
 0.7801677000508308
 0.7406750592585917
 0.7695405789427275
 0.9268170856732547
 0.87217041350001
 0.786182991641599
 0.8190371475616713
 0.812018776534661
 0.8462124219934436
 0.8479258920733425
 0.8553166494888297
 0.8163683033551994
 0
 0
 1
 0.9999999999882272
 0.7603781309678594
 0.7688478677149581
 0.8593162825247298
 0.7685594036375424
 0.7935199346322129
 0.8081947424652396
 0.821637759748888
 0.8041900424322911
 0.8285090974220433
 0.8485697372739491
 0.8000332911807416
 0.8434619345991855
 0.9043847252369602
 0.7924187140448905
 0.8332317170380792
 0.8722635448579882
 0.8582085534125261
 0.8634844520352274
 0.8668534089750405
 0.8862897732601031
 0.867701128472376
 0.8249768562680254
 0.8807914707634721
 0.958191079523371
 0.8930839466340812
 0.9058224151790808
 0
 0
 0.9999999999674727
 0.999999999948432
 0.5871687933784527
 0.6122673338038103
 0.7122500136232753
 0.7363809251889216
 0.7457962910837989
 0.7768055836050206
 0.7397216147833874
 0.7913682951086574
 0.7964137996368145
 0.8131592188441282
 0.7508911320405917
 0.7651881109413018
 0.781420449685442
 0.8089788459872599
 0.8280416762589852
 0.8155858533895869
 0.8364443547129758
 0.8533289421245551
 0.8594262532314502
 0.87108806130906
 0.8734759840648345
 0.8805815830387731
 0.8863502048709005
 0.8927458155148963
 0.8987852268819926
 0.905161323964555
 0
 0
 0.9999999999765417
 0.9999999999555892
 0.5707653264739315
 0.6557848271256316
 0.7660961089815335
 0.6455430671982147
 0.7350068290619247
 0.780967775489969
 0.7202471459504733
 0.7600888066292502
 0.7751744660486352
 0.8038424990501947
 0.7488096190652055
 0.7667486313326617
 0.7886225687947391
 0.7974558631129044
 0.8333501886455633
 0.8188996558084776
 0.8311403161645061
 0.8474273144491746
 0.8591993553087962
 0.8630778408986728
 0.8729041395241948
 0.8775056724202659
 0.8880738175861294
 0.8892602605328647
 0.899069640866705
 0.9010419433771669
 0
 0
 0.999999999953132
 0.9999999999998276
 0.5452155782913009
 0.6552814140892632
 0.7405089710999968
 0.7060871165936279
 0.7321481651327429
 0.8660167920453596
 0.7312205386335874
 0.7760581735262566
 0.7916552367359769
 0.8162089571325151
 0.7428610876570835
 0.7520459789582234
 0.7729172367185883
 0.8270724209900933
 0.8230001599746163
 0.8203016123801791
 0.8883306497637847
 0.8409651373820447
 0.8561706438297534
 0.8894968235450149
 0.8601318997623359
 0.8878795877320895
 0.8844111879446034
 0.8894424460570587
 0.8967292319421424
 0.9017624900685002
 0
 0
 1
 0.9999999999861247
 0.8208849630851218
 0.7211007119652881
 0.941130234317491
 0.7782659000860001
 0.7806441098409315
 0.7797361637581753
 0.7976700178944268
 0.7952329935669784
 0.815073242505054
 0.848102079302689
 0.7917180144886211
 0.8258292048001993
 0.907925261793627
 0.8145744947538157
 0.8125251512658733
 0.8350665276293057
 0.8505771244427499
 0.8620115777200535
 0.8617153199302362
 0.9026132393396255
 0.8873258971085278
 0.9111647857250242
 0.8802722229836958
 0.9312706075490083
 0.8947256992297616
 0.9310483265497974
 0
 0
 0
 0
 0
 0
 0
 0
 0
 0
 0
 0
 0
 0
 0
 0
 0
 0
 0
 0
 0
 0
 0
 0
 0
 0
 0
 0
 0
 0
 0
 0
 0
 0
 0
 0
 0
 0
 0
 0
 0
 0
 0
 0
 0
 0
 0
 0
 0
 0
 0
 0
 0
 0
 0
 0
 0
 0
 0
 0
 0
 0
 0
 0
 0
 0
 0
 0
 0
 0
 0
 0
 0
 0
 0
 0
 0
 0
 0
 0
 0
 0
 0
 0
 0
 0
 0
 0
 0
 0
 0
 0
 0
 0
 0
 0
 0
 0
 0
 0
 0
 0
 0
 0
 0
 0
 0
 0
 0
 0
 0
 0
 0
 0
 0
 0
 0
 0
 0
 0
 0
 0
 0
 0
 0
 0
 0
 0
 0
 0
 0
 0
 0
 0
 0
 0
 0
 0
 0
 0
 0
 0
 0
 0
 0
 0
 0
 0
 0
 0
 0
 0
 0.9833643082388487
 0.9906780204077901
 0.544842658307331
 0.6488927706353489
 0.7701586906850501
 0.6427177552758275
 0.7280461290082413
 0.7855826308839349
 0.7143600485798907
 0.7599408660093881
 0.7791357248923199
 0.809944410917095
 0.7548927343201846
 0.7611382169593893
 0.787638023312021
 0.8013366653440483
 0.8268963942388572
 0.8176923199720864
 0.8315712389469634
 0.8438117037798081
 0.858335220082343
 0.8609098022370001
 0.8717101860501383
 0.8780256926152938
 0.8853290113114461
 0.891745647565548
 0.8960726405804149
 0.8989658812481659
 0
 0
 0
 0
 0
 0
 0
 0
 0
 0
 0
 0
 0
 0
 0
 0
 0
 0
 0
 0
 0
 0
 0
 0
 0
 0
 0
 0
 0
 0
 0
 0
 0
 0
 0
 0
 0
 0
 0
 0
 0
 0
 0
 0
 0
 0
 0
 0
 0
 0
 0
 0
 0
 0
 0
 0
 0
 0
 0
 0


