# Created by Octave 4.0.0, Tue Nov 03 10:40:23 2015 W. Europe Standard Time <unknown@Florian-PC>
# name: mus
# type: matrix
# ndims: 3
 6 7 12
 0
 0
 0
 0
 0
 0
 0
 0
 0
 0
 0
 0
 0.4987468671679199
 0.6165413533834586
 0.6265664160401003
 0.7092731829573934
 0.636591478696742
 0.531328320802005
 0.494949494949495
 0.6843434343434344
 0.6262626262626263
 0.6414141414141414
 0.6212121212121212
 0.6818181818181818
 0.5291139240506328
 0.5291139240506327
 0.6455696202531643
 0.5721518987341775
 0.5443037974683546
 0.5012658227848102
 0.571969696969697
 0.6212121212121211
 0.6426767676767676
 0.5669191919191919
 0.6338383838383836
 0.4987373737373737
 0.5187969924812031
 0.5288220551378449
 0.6716791979949875
 0.5513784461152884
 0.5513784461152884
 0.5037593984962405
 0
 0
 0
 0
 0
 0
 0
 0
 0
 0
 0
 0
 1
 0.3333333333333333
 0.6666666666666666
 0.6666666666666666
 0
 0.6666666666666666
 1
 0.5
 0.75
 1
 0.75
 0.5
 0.6
 0.2
 0.6
 0.4
 0.8
 0.8
 0.5
 0.1
 0.2
 0.7
 0.9
 0.8
 0.3
 0.1
 0.6
 0.6
 0.9
 0.9
 0
 0
 0
 0
 0
 0
 0
 0
 0
 0
 0
 0
 1
 0.6095725960176556
 0.7892931470571475
 0.653104571374572
 0.3678794411714423
 0.6922570963597812
 1
 0.6010019167677898
 0.6660072224629252
 0.849153048461367
 0.8220697686260356
 0.7541753382333387
 0.5423230777553032
 0.5527854549784353
 0.4437402590913502
 0.741991608641405
 0.8322658633417175
 0.8012766789581931
 0.5978706549305391
 0.5065227042791131
 0.6976356660270067
 0.4003221498098066
 0.8145779694102897
 0.8121603830151202
 0.2654227019275474
 0.4923189917618037
 0.7345093652920058
 0.6196393341762604
 0.8782831689915224
 0.8648407749468714
 0
 0
 0
 0
 0
 0
 0
 0
 0
 0
 0
 0
 0.9999999999967023
 0.3888710715037119
 0.7220086731491887
 0.8333033279879158
 0.1927973364103796
 0.610797963583992
 0.9999999989188133
 0.4372479411675345
 0.8488990734669684
 0.9525212469208271
 0.737496064183701
 0.6075444749330322
 0.6811157978147461
 0.5383269971338988
 0.7425418088642176
 0.6509776183391949
 0.8279019029366043
 0.8596657722124442
 0.729557890389814
 0.2605571734166117
 0.465323077420136
 0.5769479735770537
 0.9171829006233388
 0.810908347508397
 0.4457506678780459
 0.2917419168124397
 0.7089795100563976
 0.7148791705969322
 0.8656218617250906
 0.9026629397229077
 0
 0
 0
 0
 0
 0
 0
 0
 0
 0
 0
 0
 0.9999999998677033
 0.2499998611076157
 0.6647572141423747
 0.8265194553415856
 0.1944442903532874
 0.729641967077997
 0.9999999997118336
 0.399292073627714
 0.8198236950796227
 0.9083692939257491
 0.7665940482348893
 0.6504257476451826
 0.6499756897818026
 0.3316616311344221
 0.60322301713467
 0.5876221624785023
 0.7601133468220411
 0.7565450662592902
 0.6461580169782083
 0.2724744014529056
 0.4820317920222541
 0.5804695216389323
 0.8991153033415882
 0.8412005865747223
 0.4278746648395488
 0.2899224401266562
 0.6367455194145171
 0.6711553064500384
 0.838127148112453
 0.8961136980073189
 0
 0
 0
 0
 0
 0
 0
 0
 0
 0
 0
 0
 0.9999999999921292
 0.8881166561477762
 0.8886479317602629
 0.8886862174948431
 0.1388888392163312
 0.9996092520502824
 0.9999999995246418
 0.9757701164552349
 0.999008405990657
 0.9878757989418273
 0.9757699075785435
 0.9980160682689486
 0.9837016240091856
 0.8752916190685501
 0.9924620581842041
 0.9893232442988107
 0.98380228156092
 0.9883300701622916
 0.9774830451959383
 0.3443214243702079
 0.9900917546264315
 0.973600399280888
 0.9934921179327301
 0.9986546589819102
 0.7425438439328409
 0.383076201082059
 0.996876808022688
 0.9907285694314776
 0.9969759763566499
 0.9999246022252939
 0
 0
 0
 0
 0
 0
 0
 0
 0
 0
 0
 0
 0.9999999999999609
 0.3333333332530176
 0.6881109893872455
 0.8166584673173742
 0.1666666620246144
 0.7450339774125253
 0.9999999999958906
 0.51792438048085
 0.7500009932027097
 0.9758372137984819
 0.8095579550233742
 0.542140173410124
 0.5749999982559566
 0.3291666600427344
 0.6648152406061951
 0.4996961942828967
 0.8761144461371004
 0.888052423451146
 0.7317684561868267
 0.2599999963855254
 0.4465577151518703
 0.646949063965141
 0.9327973345668366
 0.895846746371094
 0.3761904759295585
 0.2861111071623909
 0.5898868326154401
 0.7437167541495437
 0.8948365857769994
 0.9459786509865162
 0
 0
 0
 0
 0
 0
 0
 0
 0
 0
 0
 0
 0.9999999999284777
 0.4074074073888973
 0.6100918711515588
 0.5954722751822119
 0.2962962885869113
 0.6103635838564516
 0.9999999999968712
 0.3749999920961216
 0.7829304104233012
 0.8303755386054039
 0.5482272103504022
 0.5520833262645402
 0.659999997797944
 0.3673333295415977
 0.6145850678287068
 0.4720977634989395
 0.7297791064984569
 0.8271662245930427
 0.6285693047940684
 0.2999999907670918
 0.4472222150243273
 0.5446455070814855
 0.8375675551308213
 0.8152522389238384
 0.4011661807309344
 0.3210398444575752
 0.6101064371290328
 0.671209722263771
 0.8623325635312526
 0.8931933290237468
 0
 0
 0
 0
 0
 0
 0
 0
 0
 0
 0
 0
 1
 0.3493975903614458
 0.3466666666666667
 0.3432835820895522
 0.3132530120481928
 0.3943661971830986
 0.9999999999953001
 0.2572882105726768
 0.7686579606112636
 0.4590709340651826
 0.3113491876540089
 0.6789522170086572
 0.4973842776361296
 0.3700461938412645
 0.5531123111200074
 0.4332256262846159
 0.6380052654183401
 0.8488430567525136
 0.4774330828792661
 0.4168608769226545
 0.5272762817236785
 0.4229383782548166
 0.7999413989487805
 0.6901435805324736
 0.3900744657159199
 0.3980654115061452
 0.6599272942714077
 0.5870147261223619
 0.8123546696223903
 0.6998617481577825
 0
 0
 0
 0
 0
 0
 0
 0
 0
 0
 0
 0
 1
 0.5785862941142949
 0.5785862941142949
 0.5785862941142949
 0.5785862941142949
 0.5785862941142949
 0.999999999994504
 0.5203971459904126
 0.8060732750074239
 0.654669176259967
 0.5419565534855203
 0.8438652720805838
 0.7132454334644293
 0.5655082931077247
 0.6685219827009364
 0.6524792349037956
 0.7687011132623942
 0.8821521557818348
 0.6273731864623929
 0.576327410375557
 0.678944359286304
 0.6293666203182704
 0.8655661515061261
 0.7704269112596319
 0.601428718995502
 0.5900201292791045
 0.7671369754562765
 0.6773415584348279
 0.8923061775539531
 0.8312115684856158
 0
 0
 0
 0
 0
 0
 0
 0
 0
 0
 0
 0
 0.9999999999640221
 0.5785862840635854
 0.6839397078155074
 0.685721454801965
 0.6839397124630457
 0.9999999980963348
 0.9999999999161948
 0.5135948683443275
 0.9072474698283914
 0.8804271369993123
 0.5375611536446697
 0.7508467806277014
 0.7881569327939508
 0.5930501481418775
 0.7268502757705545
 0.6388221489336308
 0.6864581801317993
 0.8137079911683905
 0.6111733106851235
 0.6723575668127535
 0.6934043606173641
 0.6554503771765363
 0.8005838469739792
 0.787117066485618
 0.6296882993080525
 0.6203443545965786
 0.6931013324045392
 0.7228357724548625
 0.8364321429995125
 0.7780806835118083
 0
 0
 0
 0
 0
 0
 0
 0
 0
 0
 0
 0
 0.9999999994475
 0.4389783934217659
 0.6273572325658614
 0.5828679243561865
 0.2962940894958306
 0.7361360381468718
 0.9999999999829471
 0.5800298890675579
 0.8270774644364868
 0.8022477524628449
 0.5961718207697371
 0.5530445598693761
 0.6902323534321586
 0.3717123493274769
 0.5057466424018194
 0.5095609243531386
 0.6682372819047713
 0.7855234714174401
 0.6714345207185125
 0.3016200359202096
 0.5105796558125995
 0.6476672016972986
 0.8072677077891609
 0.7612639230442275
 0.428108316566955
 0.3235180066105399
 0.6165900234996819
 0.7504015139976156
 0.8219642100372317
 0.8500993612737746


