# Created by Octave 3.8.2, Mon Nov 16 07:20:09 2015 CET <dkottke@snake7>
# name: mus
# type: matrix
# ndims: 3
 1 30 19
 0
 0
 0.8646616541353388
 0.7909698996655519
 0.9464435146443522
 0.943886097152429
 0.8685602896129216
 0.8011744966442953
 0.9323308270676682
 0.91764705882353
 0.9449541284403663
 0.950336700336701
 0.940635451505016
 0.9391596638655463
 0.9502109704641346
 0.9518581081081081
 0.9515126050420163
 0.9503367003366997
 0.9131161236424392
 0.9110169491525425
 0.9197994987468668
 0.9120370370370369
 0.9182692307692309
 0.9200680272108845
 0.9336170212765963
 0.9326923076923074
 0.9309764309764309
 0.9292800453514742
 0.9498432601880875
 0.9529914529914527
 0
 0
 0.6666666666666666
 0.5
 0.6
 0.7
 0.7
 0.9
 1
 0.9
 1
 0.8666666666666666
 0.9333333333333332
 0.9333333333333332
 1
 0.95
 0.95
 1
 0.8
 0.8
 0.8
 0.82
 0.82
 0.8400000000000001
 0.9199999999999999
 0.9199999999999999
 0.9333333333333333
 0.8866666666666667
 0.9333333333333333
 0.9
 0
 0
 0.715545748527149
 0.7611988999981004
 0.8925395049991451
 0.8735758882342884
 0.8064937064810538
 0.8358724001860081
 0.8110101592632957
 0.8958413252857653
 0.8572366936431938
 0.8792174446798975
 0.9390057373973679
 0.9055123916680793
 0.9559677951155118
 0.9326429483738538
 0.9534615098640384
 0.9546908153462205
 0.8794914838899958
 0.9049990921886211
 0.877124891039914
 0.8914748383392136
 0.9040584845435523
 0.9087742004431933
 0.9379821166077973
 0.93339929931411
 0.924298993583009
 0.9422452210889256
 0.9287934361779246
 0.9439977052981872
 0
 0
 0.8075454629828858
 0.4968772657675546
 0.4947345543882548
 0.6945225043560865
 0.5897509049912786
 0.6335787688759369
 0.7004456282044371
 0.7426258021515416
 0.7523465381503256
 0.7556032762480555
 0.7918810109186657
 0.803688322772164
 0.8207167498462791
 0.8409418930040177
 0.8472253773308064
 0.8429778780124078
 0.7819125383170227
 0.7919059897019083
 0.804282447649884
 0.8145958713877711
 0.8228727928856258
 0.8273436380771992
 0.8380317722895294
 0.8473900122612564
 0.850498490598987
 0.8550267577543437
 0.8541695140065602
 0.8562748578632562
 0
 0
 0.6630207844502884
 0.4623322963241038
 0.605285302764176
 0.6642905400550574
 0.5739211939551878
 0.6353910885591106
 0.7029115667874281
 0.744895448417711
 0.7449237778999102
 0.7540253072251427
 0.8079147829924298
 0.8109493052998261
 0.833387092905857
 0.8430605984747814
 0.842506514587259
 0.8486670963724242
 0.7785769964560875
 0.7840999714033869
 0.8060187822528857
 0.8111469155080713
 0.8212961247217787
 0.8238830821321531
 0.8391379994542838
 0.8459082816377328
 0.8514948871114596
 0.8593141477202659
 0.8533066467114742
 0.8559400504506484
 0
 0
 0.7328925175730968
 0.3952662821542449
 0.4417005261806085
 0.7799899989284614
 0.6218514029464147
 0.6986951678525479
 0.6992884912970765
 0.7241586505563614
 0.7312192418698384
 0.7323694084437987
 0.7325555222886642
 0.7517438331053475
 0.8019242222829478
 0.8491771164069601
 0.8321721111373459
 0.8092435845857067
 0.7566200593596391
 0.7857849950821497
 0.8044096639609846
 0.8881159250099221
 0.8354028943591192
 0.7926512407560011
 0.8787241215629162
 0.8505010369055154
 0.8773751212561898
 0.8736106593163575
 0.8737745481186983
 0.8312995087501476
 0
 0
 0.3678794411714423
 0.508015759458223
 0.6213601887115719
 0.7106498004514997
 0.7585964574398739
 0.7410654007362351
 0.8840191766192523
 0.7454842206177819
 0.8609943946371609
 0.8975604151599388
 0.8281449869861315
 0.9386881434743246
 0.8283634194455338
 0.9253303738490104
 0.8786646620277512
 0.859145006720017
 0.860669634543378
 0.8588690327343395
 0.8677556218656762
 0.8610325571327997
 0.8737498681501279
 0.84422781612965
 0.8430731729795087
 0.8923684487643041
 0.8556810704696842
 0.9336881384051671
 0.8572192606617596
 0.9238845878373168
 0
 0
 0.8540912917434765
 0.537253364173897
 0.5591805662294068
 0.7543251534545298
 0.6124505557630092
 0.6399530004010039
 0.664064175374236
 0.7412872096461551
 0.7527133508083249
 0.7720719701435539
 0.8190307086069891
 0.8339571535899779
 0.8514637555062268
 0.8809782876259574
 0.894714161482621
 0.8922280040536636
 0.8105390168760297
 0.8330012094293977
 0.8404791576516567
 0.8484041600958667
 0.8575696336886299
 0.8613500717480203
 0.8788481155764967
 0.8849317601347263
 0.8868648829966852
 0.8888618649268425
 0.8967939368524495
 0.897729773922569
 0
 0
 0.7156932380109119
 0.4691342049205232
 0.6141897876776077
 0.6809067002285907
 0.6350431368718721
 0.5985303056051194
 0.6684696730159261
 0.7363402733946721
 0.7337310849201413
 0.7472612977243096
 0.8416935116300124
 0.8377038056410805
 0.8679785536820543
 0.8779241963427374
 0.8797067053673356
 0.8928526631458248
 0.8159195370472073
 0.8215808535177908
 0.8396078501035168
 0.8495515876781631
 0.8579810478309776
 0.8571941824402951
 0.8800908456050128
 0.8850244234753252
 0.8890250717200765
 0.8908968521102633
 0.8994953199364336
 0.9021734707818485
 0
 0
 0.7778212813623118
 0.4039570141754928
 0.5723751195435522
 0.6830172177721554
 0.6350041377605934
 0.6620636099529847
 0.755405050251345
 0.7628835808014509
 0.7345507279119897
 0.7550007392953881
 0.806396115391667
 0.8177753781761745
 0.850533131899863
 0.8470800080077288
 0.8831631139673257
 0.8915315626105883
 0.8108923666843499
 0.8206451607410133
 0.8333666521376698
 0.8397674422073746
 0.8548699656973764
 0.8591755769203099
 0.8740346961327514
 0.8728952409541449
 0.9192397368787092
 0.8864043707901741
 0.8963562094365425
 0.8990339754546965
 0
 0
 0.3678794411714423
 0.4889066299031947
 0.6571147173156044
 0.8240523519624096
 0.7237258701648271
 0.7367097906960359
 0.7378260203842694
 0.7910565366588814
 0.7681306224992486
 0.7645568380053055
 0.8140041887088736
 0.815443707934394
 0.8264481652561897
 0.839551654643201
 0.8534167143415761
 0.8516148246839412
 0.8416273989669291
 0.8221424757781891
 0.8326796906345652
 0.8753409609904572
 0.8692380611847985
 0.8746932855555836
 0.8650150487456454
 0.8842431438611384
 0.8676329807630327
 0.9048846862986132
 0.8941655348053617
 0.889804954901473
 0
 0
 0
 0
 0
 0
 0
 0
 0
 0
 0
 0
 0
 0
 0
 0
 0
 0
 0
 0
 0
 0
 0
 0
 0
 0
 0
 0
 0
 0
 0
 0
 0
 0
 0
 0
 0
 0
 0
 0
 0
 0
 0
 0
 0
 0
 0
 0
 0
 0
 0
 0
 0
 0
 0
 0
 0
 0
 0
 0
 0
 0
 0
 0
 0
 0
 0
 0
 0
 0
 0
 0
 0
 0
 0
 0
 0
 0
 0
 0
 0
 0
 0
 0
 0
 0
 0
 0
 0
 0
 0
 0
 0
 0
 0
 0
 0
 0
 0
 0
 0
 0
 0
 0
 0
 0
 0
 0
 0
 0
 0
 0
 0
 0
 0
 0
 0
 0
 0
 0
 0
 0
 0
 0
 0
 0
 0
 0
 0
 0
 0
 0
 0
 0
 0
 0
 0
 0
 0
 0
 0
 0
 0
 0
 0
 0
 0
 0
 0
 0
 0
 0
 0.5308281908948125
 0.4291290792824744
 0.6327051137107145
 0.6742356159438392
 0.6147399805318006
 0.6086023791061622
 0.650714136870018
 0.7377917432598877
 0.7307591340364072
 0.734624243055125
 0.8413377007310261
 0.8325566311722511
 0.8626871200159523
 0.8753378063293134
 0.8779205483527214
 0.8893752833485843
 0.8167643423197827
 0.8185157482961359
 0.8412241094604087
 0.848670542779842
 0.8576620565087865
 0.8597476353384529
 0.8799265529585213
 0.8831801070550026
 0.889003460264589
 0.8900153756638013
 0.8975719197754108
 0.8989539226264398
 0
 0
 0
 0
 0
 0
 0
 0
 0
 0
 0
 0
 0
 0
 0
 0
 0
 0
 0
 0
 0
 0
 0
 0
 0
 0
 0
 0
 0
 0
 0
 0
 0
 0
 0
 0
 0
 0
 0
 0
 0
 0
 0
 0
 0
 0
 0
 0
 0
 0
 0
 0
 0
 0
 0
 0
 0
 0
 0
 0


