# Created by Octave 3.8.2, Sun Nov 15 23:37:38 2015 CET <dkottke@snake3>
# name: mus
# type: matrix
# ndims: 3
 1 30 19
 0
 0
 0.4987468671679198
 0.4983277591973244
 0.8836820083682017
 0.7705192629815745
 0.8886104149262052
 0.947986577181208
 0.9323308270676682
 0.9361344537815132
 0.942452043369474
 0.9494949494949499
 0.9297658862876242
 0.9235294117647064
 0.8970464135021091
 0.9146959459459459
 0.9453781512605037
 0.9473905723905718
 0.9490392648287381
 0.9466101694915254
 0.9431913116123636
 0.9469696969696965
 0.9464882943143813
 0.9285714285714286
 0.947234042553192
 0.9473244147157185
 0.946127946127946
 0.9545068027210885
 0.9604709840201845
 0.9623931623931622
 0
 0
 1
 1
 0.6
 0.7
 0.8
 0.7
 0.9
 0.9
 0.2666666666666667
 0.6333333333333333
 0.7666666666666666
 0.6
 0.6
 0.6833333333333332
 0.8166666666666667
 0.6
 0.1666666666666667
 0.35
 0.42
 0.47
 0.78
 0.58
 0.6
 0.6266666666666667
 0.5466666666666666
 0.7266666666666667
 0.6133333333333333
 0.5333333333333334
 0
 0
 1
 1
 0.7914432169851358
 0.9209849301464303
 0.7978934267691006
 0.855665805734146
 0.6262962154088645
 0.7197666798414349
 0.6242856071472836
 0.6951071837916923
 0.6631329475037154
 0.6279249538390811
 0.5528870082034283
 0.6268760175226343
 0.6303596954827527
 0.5399368377511841
 0.591627643704763
 0.5209139861873705
 0.5173677873416629
 0.5420466343304482
 0.5886204595186935
 0.5159041265591815
 0.5388664032510828
 0.561763739157855
 0.5356255555431766
 0.5599296572917942
 0.5810214720106985
 0.5432949525460267
 0
 0
 0.9999999999713806
 0.9999999997677406
 0.758029206244744
 0.6955157812664724
 0.6126202712454591
 0.6635991355633125
 0.6060098002830188
 0.5833467834894863
 0.5952289721563493
 0.5428940004322086
 0.5495728058748467
 0.5543629507456506
 0.5437814731965437
 0.5437495285206948
 0.5367099872495119
 0.542867161058135
 0.5421310858627157
 0.5288347278941472
 0.5197609091863487
 0.5282603396549894
 0.5297584540180358
 0.5223058819673047
 0.520116501010056
 0.5302436784273299
 0.5272927522564773
 0.5189128947126334
 0.5266280185629538
 0.5305783299998615
 0
 0
 0.9999999999737437
 0.9999999998576204
 0.6408849386746929
 0.718483005712621
 0.5558431759838312
 0.6237203623753836
 0.590631506577504
 0.61018916076749
 0.5864032470103333
 0.5419646933120646
 0.541562319873128
 0.5566921283035996
 0.5439240938443769
 0.5422379458557837
 0.5377928852688771
 0.5438674244132
 0.5504003769403555
 0.5388758792652617
 0.5169459873041116
 0.5329164085937179
 0.5269950013812196
 0.5226558830824199
 0.5281239911549239
 0.5354890834624411
 0.5278595821424769
 0.5189013627293247
 0.5252355399402346
 0.5328442122242413
 0
 0
 0.9999999999865258
 0.9999999999344287
 0.4623767622846168
 0.5894498051153774
 0.6780629173614574
 0.6639850208869764
 0.6013119631070744
 0.6860333094274758
 0.5893598982243764
 0.5498727445630904
 0.5528662979872823
 0.5770737659723426
 0.5579916453015086
 0.5352254683134655
 0.5309473933411692
 0.5728085037871806
 0.566677385673368
 0.520356993592538
 0.5200193011468182
 0.5589311453191959
 0.5119318234873447
 0.5257535913172378
 0.5129658326394688
 0.5440480217233957
 0.5466062247144093
 0.4802753525109548
 0.4953439343235217
 0.5467338878291926
 0
 0
 1
 0.9999999999860012
 0.9053869598339246
 0.7703095754709991
 0.7450441063777081
 0.7422661997898445
 0.7165545081483362
 0.7244465519304494
 0.7078453656856002
 0.6342470871144562
 0.6866941899251769
 0.7048781477339753
 0.6818799120975227
 0.7033859389204287
 0.6137050803404773
 0.6881810781173844
 0.6322934263164628
 0.6564661135385055
 0.6557838147315349
 0.6945365238370733
 0.6416863291252393
 0.6450302335950542
 0.6405714227482805
 0.6023350877265273
 0.6593405581081266
 0.6486746072556513
 0.6026963799368599
 0.6214395021705998
 0
 0
 0.9999999999819713
 0.9999999999708155
 0.7028110890733013
 0.6837919592469344
 0.6771078389476045
 0.7174877778530517
 0.6257593021353105
 0.5855014405804039
 0.5795609580805615
 0.5613343045226136
 0.5417955140957815
 0.5386347053261168
 0.543988653548039
 0.5492718367323549
 0.5440425612653662
 0.5553708872802088
 0.5445517852748357
 0.5405712648436474
 0.5281390513859378
 0.5383141996172262
 0.5350840368983423
 0.5341551468963195
 0.5302790927111958
 0.5363631871927269
 0.535359227283738
 0.5265009033185389
 0.5266223073168043
 0.5238692592836699
 0
 0
 0.9999999999791461
 0.9999999999855577
 0.6469226595409969
 0.7299287189258717
 0.6165735561588961
 0.646424842297593
 0.6053662121284227
 0.6176221584084916
 0.5782835741478546
 0.5581043630786062
 0.5379996327112709
 0.5547328892505526
 0.5400764854291616
 0.5494223712787417
 0.5471076767360601
 0.5492260815635049
 0.5533054288406662
 0.5465115755303512
 0.5194978628473705
 0.5494760451201904
 0.5292894323449793
 0.5284119911296385
 0.5346583318638088
 0.5502479327158259
 0.528572978906765
 0.5301351943322786
 0.5257884469543932
 0.5313132100000226
 0
 0
 0.9999999999939005
 0.9999999999998886
 0.6049080739578908
 0.5718742595658983
 0.6130490371842962
 0.7001864303125576
 0.6088709577937096
 0.5943618186617032
 0.6041939404601936
 0.545422166568525
 0.5689570645297048
 0.5306978385826612
 0.522402607405191
 0.5344801816473463
 0.5393899824425858
 0.5525238807904288
 0.5411688516884464
 0.5331928552126014
 0.5139119861138568
 0.5262972002175367
 0.5215300322252344
 0.5205150510553469
 0.5257970037356889
 0.5270033906044727
 0.5222316693427319
 0.514190112533869
 0.5406323177062279
 0.5148268899439664
 0
 0
 1
 0.9999999999898037
 0.9707019387209994
 0.781979419840647
 0.7418798992871831
 0.7549902261646775
 0.6879854716152983
 0.7415834557410157
 0.7003333253470683
 0.6446639467977182
 0.6802369473331603
 0.661860541959801
 0.6361577293328312
 0.6339078309562356
 0.7243096950692809
 0.6364870193835322
 0.6205376172332755
 0.6350178719798739
 0.6361691811434773
 0.6217894257962043
 0.6206883108612824
 0.6258325136018955
 0.626926025462976
 0.6115272158102546
 0.6211782358386807
 0.6286349647315673
 0.6062392156363973
 0.6271182370300628
 0
 0
 0
 0
 0
 0
 0
 0
 0
 0
 0
 0
 0
 0
 0
 0
 0
 0
 0
 0
 0
 0
 0
 0
 0
 0
 0
 0
 0
 0
 0
 0
 0
 0
 0
 0
 0
 0
 0
 0
 0
 0
 0
 0
 0
 0
 0
 0
 0
 0
 0
 0
 0
 0
 0
 0
 0
 0
 0
 0
 0
 0
 0
 0
 0
 0
 0
 0
 0
 0
 0
 0
 0
 0
 0
 0
 0
 0
 0
 0
 0
 0
 0
 0
 0
 0
 0
 0
 0
 0
 0
 0
 0
 0
 0
 0
 0
 0
 0
 0
 0
 0
 0
 0
 0
 0
 0
 0
 0
 0
 0
 0
 0
 0
 0
 0
 0
 0
 0
 0
 0
 0
 0
 0
 0
 0
 0
 0
 0
 0
 0
 0
 0
 0
 0
 0
 0
 0
 0
 0
 0
 0
 0
 0
 0
 0
 0
 0
 0
 0
 0
 0
 0.9946959664113473
 0.9924789541519577
 0.6364115380873517
 0.7022317592346672
 0.6232237877011252
 0.6606844638787681
 0.6062967337675399
 0.6237685795136079
 0.5798396465285169
 0.5608672432953914
 0.5408503879553885
 0.556024942316563
 0.540051846764616
 0.5495453144602143
 0.5520740218960162
 0.5532017455721606
 0.547636354002769
 0.5428799448728676
 0.5182746721922361
 0.5461314391336101
 0.5310927140326649
 0.5256871290418824
 0.5326051746139235
 0.5470765321881135
 0.5275190155095369
 0.529527713695336
 0.5276902903248925
 0.5266948281383983
 0
 0
 0
 0
 0
 0
 0
 0
 0
 0
 0
 0
 0
 0
 0
 0
 0
 0
 0
 0
 0
 0
 0
 0
 0
 0
 0
 0
 0
 0
 0
 0
 0
 0
 0
 0
 0
 0
 0
 0
 0
 0
 0
 0
 0
 0
 0
 0
 0
 0
 0
 0
 0
 0
 0
 0
 0
 0
 0
 0


