# Created by Octave 4.0.0, Tue Nov 03 11:11:21 2015 W. Europe Standard Time <unknown@Florian-PC>
# name: mus
# type: matrix
# ndims: 3
 6 7 12
 0
 0
 0
 0
 0
 0
 0
 0
 0
 0
 0
 0
 0.5363408521303257
 0.4987468671679199
 0.4937343358395989
 0.5964912280701753
 0.513784461152882
 0.5714285714285713
 0.6060606060606061
 0.6666666666666666
 0.5757575757575758
 0.5732323232323232
 0.6363636363636364
 0.5429292929292929
 0.5974683544303798
 0.6481012658227847
 0.5240506329113924
 0.5341772151898734
 0.6329113924050632
 0.518987341772152
 0.6161616161616162
 0.6351010101010097
 0.5239898989898989
 0.5328282828282828
 0.5277777777777777
 0.5176767676767676
 0.6015037593984964
 0.611528822055138
 0.531328320802005
 0.5263157894736842
 0.6641604010025063
 0.5137844611528822
 0
 0
 0
 0
 0
 0
 0
 0
 0
 0
 0
 0
 0.6666666666666666
 1
 1
 0
 0.3333333333333333
 0
 1
 0.5
 0.25
 0.5
 0.5
 0.5
 1
 0.6
 0.2
 0.4
 0.8
 0.6
 0.9
 0.7
 0.6
 0.7
 0.5
 0.6
 0.6
 0.8
 0.6
 0.8
 0.3
 0.9
 0
 0
 0
 0
 0
 0
 0
 0
 0
 0
 0
 0
 0.5970231437467945
 1
 1
 0.3506063872523877
 0.5936367836102129
 0.283563297679662
 0.8924050112632242
 0.6983060969227338
 0.4959811828411166
 0.5129547904392908
 0.5897941054410424
 0.5392931470571475
 0.8881963637446089
 0.721252392461018
 0.5386338398602488
 0.7511865885462061
 0.7247910492174987
 0.6688892310898031
 0.6604503032910987
 0.5460898126810904
 0.5446649448016253
 0.5477016924711385
 0.687100323379864
 0.8204691610129776
 0.7882396127924332
 0.6840622279397996
 0.6181502369539247
 0.6633312950678976
 0.6797620880838231
 0.7292416939684345
 0
 0
 0
 0
 0
 0
 0
 0
 0
 0
 0
 0
 0.9161121716084755
 0.9999999997052735
 0.9999999999861561
 0.1666666112773028
 0.3888603421570163
 0.1388887313024983
 0.9503540326441826
 0.6374688396702808
 0.5150268036902683
 0.3906183960713527
 0.6885561125330624
 0.7681177339753913
 0.9215592223195586
 0.752313216546418
 0.4241964674071789
 0.5957354599557312
 0.7386488623063723
 0.7155282487762556
 0.8638158462488322
 0.616526331922076
 0.4832148441351063
 0.6345269653924389
 0.7395922122765304
 0.720249744695435
 0.7502280271908741
 0.6869832895635657
 0.6434930656213511
 0.620761994247288
 0.6052009936076546
 0.8077642661547643
 0
 0
 0
 0
 0
 0
 0
 0
 0
 0
 0
 0
 0.583128080154278
 0.9999999999949463
 0.9999999993275112
 0.1111100770241487
 0.470698628426326
 0.1944443406011902
 0.9314491382903488
 0.6409926887293034
 0.4811228257092114
 0.4909329571164429
 0.5599475206031083
 0.600127946017107
 0.9019803395257526
 0.6628201836140135
 0.3314792455850718
 0.5217683156824134
 0.6280436965042988
 0.7548128117409085
 0.8559250465927852
 0.5340411344063357
 0.4499917964108085
 0.5405521612215831
 0.6415875660904353
 0.6833233372067608
 0.7201125179534166
 0.7012038879870101
 0.6302253473003666
 0.5994553029724723
 0.5602995602236356
 0.7607295990781263
 0
 0
 0
 0
 0
 0
 0
 0
 0
 0
 0
 0
 0.8884887815308401
 0.9999999998169058
 0.9999999999637423
 0.1388889596165724
 0.8863930562376692
 0.1666666012903153
 1
 0.9985110948574264
 0.9980162471257474
 0.8839368074931552
 0.9757650907270594
 0.9197781694530621
 0.9986589701464155
 0.9999584936946583
 0.9731869051498806
 0.9810995236757043
 0.9895710025586348
 0.9739543211344593
 0.9989695211763855
 0.9614625545355475
 0.9943590746501914
 0.946206320435642
 0.9983285956623144
 0.997550164434403
 0.9974746666208791
 0.9105100561485301
 0.9864976005099698
 0.9762286808079096
 0.9876775699197338
 0.9930283776731591
 0
 0
 0
 0
 0
 0
 0
 0
 0
 0
 0
 0
 0.8244699173371797
 0.9999999999986154
 0.9999999999751772
 0.1666663657657874
 0.3333333326196006
 0.1666666666251088
 0.9917379327766001
 0.5421252686044582
 0.4166666622480705
 0.4444444393604194
 0.4804915016760858
 0.4722222125940274
 0.9761815601256505
 0.6288093790301903
 0.3541666641196611
 0.378602316978933
 0.8049888154878098
 0.7300113844950791
 0.8734916265489681
 0.4633333301743048
 0.4199999976557266
 0.5556282681210343
 0.7493397193849878
 0.731410833781732
 0.667799566865349
 0.6610489200313121
 0.6674978664551716
 0.6807622719770696
 0.5146964262842274
 0.7416457372060538
 0
 0
 0
 0
 0
 0
 0
 0
 0
 0
 0
 0
 0.5756939138124995
 0.9999999999358824
 0.9999999999746437
 0.4444444328662052
 0.4074074055223206
 0.4444444148469606
 0.8790732514408848
 0.5520833319569456
 0.5624999996332108
 0.5833329996640937
 0.3749999898798074
 0.6041666453806139
 0.8907044823630066
 0.6326666641293848
 0.3793333308939252
 0.3939982947988565
 0.6513717656884404
 0.5815945915500025
 0.845029189506378
 0.4787037036729683
 0.4333333332990334
 0.4832621637948528
 0.6734358566089782
 0.6733145093071307
 0.6771458431360049
 0.6078542601200512
 0.5954450403032747
 0.6022396503506311
 0.5050522792460456
 0.7462539299686136
 0
 0
 0
 0
 0
 0
 0
 0
 0
 0
 0
 0
 0.2857142857142857
 1
 1
 0.25
 0.2894736842105263
 0.3448275862068966
 0.6292889495996913
 0.4589596754951079
 0.4272445805099291
 0.52704125361974
 0.2928082138176196
 0.5041052975168908
 0.7870694100606712
 0.6515810733743566
 0.3612653555801269
 0.3668189837694353
 0.4025408998561798
 0.5243539142095193
 0.6124958481320113
 0.5231936629352781
 0.451512102127059
 0.4735690620962865
 0.6341045414902915
 0.6715409238028573
 0.745019121225271
 0.5523358976546784
 0.588195594247289
 0.6082511794122409
 0.665537059365942
 0.7414201360272352
 0
 0
 0
 0
 0
 0
 0
 0
 0
 0
 0
 0
 0.5785862941142949
 1
 1
 0.5785862941142949
 0.5785862941142949
 0.5785862941142949
 0.662054951282509
 0.7511198287181295
 0.6551968438048165
 0.6092020844429642
 0.5123198459866567
 0.6150638465810114
 0.8702470903844306
 0.7877551453621935
 0.59148878982427
 0.5537251219177671
 0.6686002479407007
 0.6058551817014429
 0.7830849070556594
 0.6561421814150632
 0.6140425855427857
 0.6169607031731359
 0.7738520290189914
 0.7370804513795699
 0.8430285888408666
 0.6874861830636103
 0.6800852103086117
 0.7373397271639599
 0.7728997259870989
 0.8073798468761779
 0
 0
 0
 0
 0
 0
 0
 0
 0
 0
 0
 0
 0.5259095352551799
 0.9999999999590062
 1
 0.6207276567356163
 0.4157485086451332
 0.6839397070424724
 0.7933647668046131
 0.7050288136519235
 0.700793442095332
 0.7042855166100754
 0.6220848969231113
 0.7259314620833953
 0.7824345589945965
 0.7474514769630927
 0.6554026463054053
 0.6691667054091351
 0.6500101614867917
 0.638490573227957
 0.8280306071453997
 0.6967033649061622
 0.6100224858975282
 0.5857597412725815
 0.647153085577417
 0.6484997950991691
 0.8521368825015307
 0.7013309772929422
 0.6677017538783556
 0.67070458991767
 0.7129128789802713
 0.7830718253746802
 0
 0
 0
 0
 0
 0
 0
 0
 0
 0
 0
 0
 0.7990132209501252
 0.9999999995408788
 0.9999999999908584
 0.4629627690306495
 0.3681132616280663
 0.4444441252343653
 0.9052592175808061
 0.6067962757404793
 0.580729589052806
 0.5781245238435301
 0.5000870170214428
 0.5871964855369942
 0.814663478454316
 0.6953567884659065
 0.4222667393910541
 0.4243230925320605
 0.5959242664511681
 0.5844864239113662
 0.8244138842046412
 0.6084258594222967
 0.4878819566913623
 0.5828035024311662
 0.6164061917679448
 0.7210674534950338
 0.6775448939471563
 0.6800943750469077
 0.6119313861760172
 0.6220628739808257
 0.5663674610094492
 0.7758818147465448


