# Created by Octave 3.8.2, Mon Nov 16 01:59:56 2015 CET <dkottke@snake4>
# name: mus
# type: matrix
# ndims: 3
 1 30 19
 0
 0
 0.9082125603864732
 0.9230769230769231
 0.926829268292683
 0.9117647058823529
 0.9310344827586208
 0.9471153846153846
 0.9227053140096619
 0.93
 0.9425837320574161
 0.9460784313725492
 0.9567307692307694
 0.9438775510204083
 0.958974358974359
 0.9519230769230769
 0.9509803921568628
 0.9545454545454546
 0.966507177033493
 0.95
 0.9470899470899471
 0.930976430976431
 0.9098228663446055
 0.9739583333333333
 0.975
 0.9759615384615385
 0.9735449735449736
 0.9693877551020409
 0.9753694581280788
 0.9722222222222223
 0
 0
 0.6666666666666666
 1
 1
 0.8
 0.5
 0.8
 0.9
 0.8
 0.8333333333333333
 0.8333333333333333
 0.8333333333333333
 0.8333333333333333
 0.8666666666666666
 0.95
 0.8833333333333332
 0.8833333333333332
 0.8833333333333332
 0.9
 0.9099999999999999
 0.9099999999999999
 0.9099999999999999
 0.96
 0.96
 0.96
 0.9666666666666668
 0.96
 0.9666666666666668
 0.9666666666666668
 0
 0
 0.7817679023091885
 0.9358718273652188
 0.8990362996315499
 0.8595287647047649
 0.769595989491914
 0.8316452244986607
 0.7192754686599818
 0.825331194922323
 0.8444983425281748
 0.8954924063598447
 0.858976913423248
 0.9140029885128688
 0.886009877208891
 0.8821796214360996
 0.9020240629597277
 0.9269614236001599
 0.9146885623780487
 0.9111491234161651
 0.9296970121678971
 0.9338360376169129
 0.9452393310984579
 0.9376272064350587
 0.9470348097894011
 0.9683004485625341
 0.9623301517748351
 0.9571571171282359
 0.967658735928304
 0.9767539852542898
 0
 0
 0.6560583869219236
 0.8844480758866293
 0.8176067085099905
 0.838418879900325
 0.6635719954359168
 0.7113556729763504
 0.8015232105179655
 0.7063167099627402
 0.7344809359022696
 0.7695475894189605
 0.7759520261690579
 0.7956116404702471
 0.7896822028706755
 0.7984358068648876
 0.8237363220944803
 0.8318971611883161
 0.8341972717929308
 0.8432672375589795
 0.8516595587145006
 0.8558440621900179
 0.8674660405989135
 0.8627092711947444
 0.8702021359259655
 0.8776744392608263
 0.8837982414905259
 0.8864305348306923
 0.8870736302931121
 0.8889360192530458
 0
 0
 0.7310965379993034
 0.7300512410812172
 0.8261345203108473
 0.7811795755324932
 0.6535127709347061
 0.681083192068912
 0.761400801951856
 0.7017528037075174
 0.7281367279357505
 0.7654322397665355
 0.781148795202698
 0.7871096504084246
 0.8007946843240152
 0.7929856565482934
 0.8164044163590323
 0.82893971040579
 0.8307151910049519
 0.8378735195975341
 0.8456395356252665
 0.8518300137653302
 0.8647289142610131
 0.8619196210723507
 0.8669571692320205
 0.8780984679696237
 0.8804925095445765
 0.8840443948597526
 0.8852162316348146
 0.8907311667608125
 0
 0
 0.4166650990191115
 0.9258958794317311
 0.621998177971946
 0.9237710729418747
 0.703274002090733
 0.7560709205312057
 0.7932552567878326
 0.7618449008170917
 0.7570431648150721
 0.8169527745789267
 0.8763403999562414
 0.8233681006904449
 0.7714985459515664
 0.8248161897932522
 0.7978500381485748
 0.7872005313920923
 0.8394173854384409
 0.8085376230594424
 0.8395978420512388
 0.8537633264493617
 0.8127120168905293
 0.9024635771281369
 0.8971850852488663
 0.8466574914115268
 0.8700598876175083
 0.8879943773589642
 0.851224662503223
 0.9252904884905023
 0
 0
 0.5785862941142949
 0.7863888766253506
 0.8079058013149925
 0.7993571344566932
 0.868466618723542
 0.780703825393658
 0.8012783646848926
 0.7921722462001132
 0.8283793045140528
 0.7795094944078146
 0.8336755306440854
 0.8363017559182486
 0.7828623469413072
 0.850762714358221
 0.925241911505134
 0.8828824911993696
 0.815653370281294
 0.855000118626544
 0.9822926309997961
 0.8965325860024187
 0.8800092074048164
 0.8881417079729124
 0.8968637206279999
 0.8748808620684259
 0.8841864014298307
 0.9028784186821917
 0.9027069094087276
 0.9032543625417508
 0
 0
 0.6985392240775488
 0.8690448899751587
 0.7519026948515386
 0.7929171929499532
 0.7228740882426574
 0.7509079362892086
 0.8108665568241046
 0.703128095240216
 0.7305925360333799
 0.7844852931968185
 0.7909298988427665
 0.8144175512397298
 0.8169083998953468
 0.8211911117964246
 0.8490383956649559
 0.867957772728839
 0.8659728343801396
 0.8773179332214631
 0.8877160839876325
 0.8933950636649333
 0.8970963550296081
 0.9025156247657247
 0.9086543894795357
 0.9252802591160326
 0.9251794975660591
 0.9296856755538485
 0.9318381028980606
 0.9359472410592501
 0
 0
 0.7164966459294342
 0.6824890974822962
 0.76360157215932
 0.7438709923926297
 0.735276517444645
 0.7564453094954922
 0.7789077579589995
 0.7215765652443021
 0.7367981182482964
 0.7715913838277939
 0.8091580327748181
 0.804134082598569
 0.8226783845920586
 0.8159815478002785
 0.8442034240155136
 0.8648123246307714
 0.8663170271902249
 0.8729951264066108
 0.8841889251313356
 0.8860158745349931
 0.8985896329912599
 0.9026078252658388
 0.9049127120626747
 0.9227178542928927
 0.9253356165858917
 0.9279788789824039
 0.9332045514276877
 0.9322909146521688
 0
 0
 0.4166471074315924
 0.9884456198160042
 0.6271832803435935
 0.7537012197838094
 0.8380539690433577
 0.7957266219520467
 0.7676633333194338
 0.7075712232437789
 0.7354318104563797
 0.7927982770646964
 0.7963195807552579
 0.816909010129101
 0.8335048339334498
 0.7973902813594531
 0.846085972925996
 0.9006307691471012
 0.8592996645213549
 0.8723232083881856
 0.9086451645443534
 0.8972789951089249
 0.9053156664620037
 0.9632264645919334
 0.9604571636329924
 0.9247703672220784
 0.9305683821633087
 0.9289781293850323
 0.9239319204453176
 0.9332014145059659
 0
 0
 0.5785862941142949
 0.781292651746505
 0.8503391029895884
 0.82815440135334
 0.8481813139770567
 0.787581949066894
 0.7941399939261377
 0.7988904624917736
 0.7959490925726528
 0.8476417250619205
 0.838148736319538
 0.8048811231299382
 0.83602803662748
 0.8852216038463652
 0.8359615763831786
 0.8712836564623558
 0.8713950251907648
 0.8673790088332652
 0.8773999411567757
 0.8871916454863633
 0.9206818943440748
 0.8986758836988943
 0.9753584596918732
 0.9030077305912243
 0.8993031786833889
 0.9096174672266817
 0.9005097263933383
 0.9459402963044899
 0
 0
 0
 0
 0
 0
 0
 0
 0
 0
 0
 0
 0
 0
 0
 0
 0
 0
 0
 0
 0
 0
 0
 0
 0
 0
 0
 0
 0
 0
 0
 0
 0
 0
 0
 0
 0
 0
 0
 0
 0
 0
 0
 0
 0
 0
 0
 0
 0
 0
 0
 0
 0
 0
 0
 0
 0
 0
 0
 0
 0
 0
 0
 0
 0
 0
 0
 0
 0
 0
 0
 0
 0
 0
 0
 0
 0
 0
 0
 0
 0
 0
 0
 0
 0
 0
 0
 0
 0
 0
 0
 0
 0
 0
 0
 0
 0
 0
 0
 0
 0
 0
 0
 0
 0
 0
 0
 0
 0
 0
 0
 0
 0
 0
 0
 0
 0
 0
 0
 0
 0
 0
 0
 0
 0
 0
 0
 0
 0
 0
 0
 0
 0
 0
 0
 0
 0
 0
 0
 0
 0
 0
 0
 0
 0
 0
 0
 0
 0
 0
 0
 0
 0.5414003635928313
 0.5724217968503248
 0.7302840005095351
 0.7509779605579018
 0.7389656875534616
 0.752048386861213
 0.7806277661144796
 0.7175927621961889
 0.7367159199921244
 0.7713276911995591
 0.8077642571701981
 0.8021583263432589
 0.8198340382460296
 0.8132632685408056
 0.8425969919550977
 0.8656643966651155
 0.8686936514154248
 0.873593871923996
 0.8808985374646821
 0.883356607929247
 0.8980161364370678
 0.9028258755899206
 0.9030462670209752
 0.9184994262460829
 0.924398719205117
 0.929468425541272
 0.9303489877076748
 0.9289650583952063
 0
 0
 0
 0
 0
 0
 0
 0
 0
 0
 0
 0
 0
 0
 0
 0
 0
 0
 0
 0
 0
 0
 0
 0
 0
 0
 0
 0
 0
 0
 0
 0
 0
 0
 0
 0
 0
 0
 0
 0
 0
 0
 0
 0
 0
 0
 0
 0
 0
 0
 0
 0
 0
 0
 0
 0
 0
 0
 0
 0


