# Created by Octave 3.8.2, Mon Nov 16 02:21:29 2015 CET <dkottke@snake2>
# name: mus
# type: matrix
# ndims: 3
 1 30 19
 0
 0
 0.3574879227053139
 0.5913461538461539
 0.975609756097561
 0.9656862745098038
 0.9655172413793105
 0.8461538461538461
 0.8550724637681162
 0.8350000000000002
 0.8421052631578947
 0.838235294117647
 0.8149038461538463
 0.9744897959183675
 0.9743589743589745
 0.9855769230769231
 0.9803921568627452
 0.9797979797979797
 0.9712918660287083
 0.9700000000000001
 0.9682539682539684
 0.9654882154882155
 0.9710144927536233
 0.967013888888889
 0.97
 0.9182692307692308
 0.9667422524565382
 0.9693877551020409
 0.975369458128079
 0.9722222222222223
 0
 0
 0.6666666666666666
 0.25
 0.4
 0.8
 0.9
 1
 1
 1
 1
 1
 1
 0.9333333333333333
 0.9333333333333333
 0.9333333333333333
 0.95
 0.9333333333333332
 1
 1
 1
 1
 1
 0.96
 1
 0.96
 0.9666666666666668
 0.96
 0.9666666666666668
 1
 0
 0
 0.7456100190080195
 0.6480237797431896
 0.578586294114295
 0.7871860785277189
 0.8409163260281463
 0.941423494881887
 0.9936787944117145
 0.9498517689996011
 0.971838016943657
 0.9603871116467437
 0.948768133755895
 0.957587720600503
 0.9590780441080652
 0.9624494809426979
 0.9643838071623391
 0.9385287840688388
 0.9673148036638577
 0.9640594310837477
 0.9532930005264653
 0.960964068128808
 0.9595954999988157
 0.9719755734625466
 0.9763210656792848
 0.9925783675258076
 0.9823453197458488
 0.9878593561925818
 0.980242414189785
 0.988159217803851
 0
 0
 0.7351666779937701
 0.6424153377651485
 0.512948148236645
 0.7264102335867508
 0.832054996482504
 0.8699112534161277
 0.86029639728874
 0.8712424557194131
 0.8978174704067253
 0.8915208092971399
 0.9057414927219358
 0.8882354189765518
 0.89626138187542
 0.9019106786164013
 0.9111226810250687
 0.8947437623457672
 0.8910050758713322
 0.9020417975143887
 0.9027064502399306
 0.9102549583846905
 0.9088557028671516
 0.9108715520575965
 0.9133563611844655
 0.9166105521550766
 0.9216472351727315
 0.9241879301069478
 0.9262155173152667
 0.9298037099895116
 0
 0
 0.9139093251621662
 0.5729373186038907
 0.5273502883770055
 0.7260877520009719
 0.8024073970449261
 0.8156241582213265
 0.8781393122640848
 0.8858317742144951
 0.8847996630621262
 0.8866636122581365
 0.910800341917084
 0.8911999017753686
 0.881428366195911
 0.90399926854515
 0.9023969762478997
 0.8944109361683051
 0.8948087882494792
 0.9033665991019159
 0.9032440786817648
 0.9063602754347915
 0.9129437391555574
 0.9194710545950302
 0.9152443757453514
 0.9186394132097664
 0.9220573775092789
 0.9265188463287057
 0.9269684870941053
 0.9285472373240454
 0
 0
 0.997549148684403
 0.7389137755687943
 0.5166480495802658
 0.6333152993663441
 0.7580004474845644
 0.781618295023042
 0.8351152550485866
 0.8598106476977562
 0.9757522496390483
 0.8705522166243292
 0.8904468837256005
 0.8917765686211815
 0.8813904986845735
 0.8988449305616919
 0.8932699500144083
 0.9668163065915083
 0.8966198072359963
 0.9160960085573421
 0.9899165300251567
 0.8719216055361242
 0.868878033263071
 0.8952081424953372
 0.999177273560924
 0.8792523499019675
 0.9980567945353943
 0.8939302612282283
 0.9233204871818868
 0.9331997596158877
 0
 0
 0.7892931470571475
 0.7777462236375908
 0.748151501317815
 0.8078688385578798
 0.82306366059623
 0.8749082119593575
 0.8827377892526567
 0.8834356229193344
 0.8308279658473776
 0.9134898340457402
 0.9195590078785044
 0.8915481073777627
 0.9386878108880938
 0.8885481936721198
 0.9253694923013449
 0.9064153065453768
 0.8955279194861356
 0.9084966169611504
 0.8992389098640197
 0.9018485577141188
 0.984799359683633
 0.9122774635103094
 0.9675641729105221
 0.930353068127567
 0.92982867200692
 0.9897821543030537
 0.9245649354026213
 0.9910344344387835
 0
 0
 0.7100279750030832
 0.6973148189963393
 0.5499505450273575
 0.6263302279606235
 0.8004119960932259
 0.8574808660585784
 0.8364601802006504
 0.8660679565480239
 0.9011474609969339
 0.9069080576866627
 0.9097236563733738
 0.928392037234377
 0.9321694251481683
 0.9351680503780055
 0.9406756903143586
 0.9293088344695671
 0.9235249539192277
 0.9372410116727461
 0.9367531298161418
 0.9434417705279815
 0.9391615266089244
 0.9474425363920678
 0.9478036226826045
 0.9551963821316632
 0.9580058223571161
 0.9597301879259996
 0.9621944460897784
 0.9591430558709834
 0
 0
 0.9205474492601
 0.7015073118651568
 0.5093147888564841
 0.6423796496547254
 0.7354335222569659
 0.7670593209447893
 0.8318253503950289
 0.8900965246458068
 0.8758712597193794
 0.9033696017611975
 0.9257534121197146
 0.9311941322759095
 0.923966381404608
 0.942156727797433
 0.9445602978008525
 0.9345801531357234
 0.9232094239122789
 0.9334421816645276
 0.9318970880543155
 0.9391036834602602
 0.9422203023694057
 0.9540428641118575
 0.9442909608994949
 0.9523869445158879
 0.9588585656042207
 0.9558581518815373
 0.9606810756818628
 0.9611880614856967
 0
 0
 0.9880926363412721
 0.6752613965005283
 0.4484054716422512
 0.6157441257973986
 0.759327581262898
 0.7424826639749389
 0.8305777615750241
 0.8583257506829987
 0.8867478997513075
 0.9932896975717522
 0.8871499444777511
 0.9184995616939318
 0.9486543599872764
 0.9894689157322037
 0.9348241038823467
 0.9592188725626577
 0.9272296905197621
 0.9608094037299296
 0.9318363362614162
 0.947689563901073
 0.9445574313931553
 0.9430239714866976
 0.9436265748450607
 0.9549127046844756
 0.9545984224363574
 0.9630926086154679
 0.9570675874813308
 0.9616966187753437
 0
 0
 0.7892931470571475
 0.7749216874089166
 0.7907376323423085
 0.8774536757778065
 0.8693949023212439
 0.8940974516105918
 0.8249588693842222
 0.8507428436920944
 0.81856823399198
 0.8726531672229485
 0.8740480405658152
 0.9556884131141788
 0.8948712711549787
 0.8674517188158334
 0.8968407822395926
 0.9104878311512095
 0.910505387321753
 0.9076896366866301
 0.9270547843106373
 0.9819588724188518
 0.9355427012057833
 0.9256808950323165
 0.9395159239768169
 0.929686807572951
 0.9411665942628443
 0.9417275968764965
 0.9413252621149979
 0.9533073671404453
 0
 0
 0
 0
 0
 0
 0
 0
 0
 0
 0
 0
 0
 0
 0
 0
 0
 0
 0
 0
 0
 0
 0
 0
 0
 0
 0
 0
 0
 0
 0
 0
 0
 0
 0
 0
 0
 0
 0
 0
 0
 0
 0
 0
 0
 0
 0
 0
 0
 0
 0
 0
 0
 0
 0
 0
 0
 0
 0
 0
 0
 0
 0
 0
 0
 0
 0
 0
 0
 0
 0
 0
 0
 0
 0
 0
 0
 0
 0
 0
 0
 0
 0
 0
 0
 0
 0
 0
 0
 0
 0
 0
 0
 0
 0
 0
 0
 0
 0
 0
 0
 0
 0
 0
 0
 0
 0
 0
 0
 0
 0
 0
 0
 0
 0
 0
 0
 0
 0
 0
 0
 0
 0
 0
 0
 0
 0
 0
 0
 0
 0
 0
 0
 0
 0
 0
 0
 0
 0
 0
 0
 0
 0
 0
 0
 0
 0
 0
 0
 0
 0
 0
 0.6295923995531889
 0.647770583956377
 0.5055820853212368
 0.6437689080064862
 0.7259458819164403
 0.7593337590735478
 0.8380740693418786
 0.8728871343029198
 0.8710193768181433
 0.9043230624259135
 0.9273532601426291
 0.9321254234260715
 0.9204898637352713
 0.9464354056007951
 0.9430894470337553
 0.9311682122186662
 0.9267665819181569
 0.9331426130522188
 0.9301505562704453
 0.9366965930565959
 0.9415415336817528
 0.953924255809793
 0.9439511048837547
 0.9512445107505985
 0.9587644749205365
 0.9560854007038146
 0.9576497333101577
 0.9578798047750225
 0
 0
 0
 0
 0
 0
 0
 0
 0
 0
 0
 0
 0
 0
 0
 0
 0
 0
 0
 0
 0
 0
 0
 0
 0
 0
 0
 0
 0
 0
 0
 0
 0
 0
 0
 0
 0
 0
 0
 0
 0
 0
 0
 0
 0
 0
 0
 0
 0
 0
 0
 0
 0
 0
 0
 0
 0
 0
 0
 0


