# Created by Octave 4.0.0, Mon Nov 02 21:57:30 2015 W. Europe Standard Time <unknown@Florian-PC>
# name: mus
# type: matrix
# ndims: 3
 4 7 12
 0
 0
 0
 0
 0
 0
 0
 0
 0.4937343358395989
 0.6416040100250627
 0.4937343358395989
 0.6416040100250627
 0.494949494949495
 0.6792929292929293
 0.494949494949495
 0.6792929292929293
 0.4936708860759494
 0.6379746835443036
 0.4936708860759494
 0.6379746835443036
 0.7108585858585859
 0.544191919191919
 0.7108585858585859
 0.544191919191919
 0.6867167919799499
 0.5263157894736845
 0.6867167919799499
 0.5263157894736845
 0
 0
 0
 0
 0
 0
 0
 0
 1
 0.6666666666666666
 1
 0.6666666666666666
 1
 0.5
 1
 0.5
 1
 0.6
 1
 0.6
 0.6
 0.6
 0.6
 0.6
 0.7
 0.6
 0.7
 0.6
 0
 0
 0
 0
 0
 0
 0
 0
 1
 0.7379012317052323
 1
 0.7379012317052323
 1
 0.5451461151944488
 1
 0.5451461151944488
 1
 0.5661153932334337
 1
 0.5661153932334337
 0.795614352645433
 0.7742426575612293
 0.795614352645433
 0.7742426575612293
 0.8493446001458604
 0.7667174128132704
 0.8493446001458604
 0.7667174128132704
 0
 0
 0
 0
 0
 0
 0
 0
 0.999999999597491
 0.7467319496073362
 0.999999999597491
 0.7467319496073362
 0.9999999997698095
 0.5224027237780751
 0.9999999997698095
 0.5224027237780751
 0.9999999996560283
 0.6195523615074339
 0.9999999996560283
 0.6195523615074339
 0.7280209897655454
 0.6863781050018246
 0.7280209897655454
 0.6863781050018246
 0.7736873701156993
 0.7392839828777421
 0.7736873701156993
 0.7392839828777421
 0
 0
 0
 0
 0
 0
 0
 0
 0.9999999996832195
 0.6494892202026259
 0.9999999996832195
 0.6494892202026259
 0.9999999998531948
 0.5994362644666918
 0.9999999998531948
 0.5994362644666918
 0.9999999998667749
 0.6409628448773326
 0.9999999998667749
 0.6409628448773326
 0.7363109547014935
 0.6519530551655434
 0.7363109547014935
 0.6519530551655434
 0.7832783947617068
 0.6955951432565556
 0.7832783947617068
 0.6955951432565556
 0
 0
 0
 0
 0
 0
 0
 0
 0.9999999996351444
 0.7765934313794991
 0.9999999996351444
 0.7765934313794991
 0.9999999998450173
 0.9385979214113278
 0.9999999998450173
 0.9385979214113278
 0.9999999999381544
 0.9713624032549815
 0.9999999999381544
 0.9713624032549815
 0.999982048517392
 0.9888294622716121
 0.999982048517392
 0.9888294622716121
 0.9994786460092296
 0.9958436967681283
 0.9994786460092296
 0.9958436967681283
 0
 0
 0
 0
 0
 0
 0
 0
 0.9999999999877802
 0.7677672445400449
 0.9999999999877802
 0.7677672445400449
 0.9999999999092534
 0.4722222217773357
 0.9999999999092534
 0.4722222217773357
 0.9999999999734878
 0.5583333333150116
 0.9999999999734878
 0.5583333333150116
 0.6833333333926437
 0.6861478267334407
 0.6833333333926437
 0.6861478267334407
 0.6766233856857102
 0.7092446366992159
 0.6766233856857102
 0.7092446366992159
 0
 0
 0
 0
 0
 0
 0
 0
 0.9999999999994397
 0.6045332283130598
 0.9999999999994397
 0.6045332283130598
 0.9999999999999546
 0.6041666603407209
 0.9999999999999546
 0.6041666603407209
 0.9999999998478636
 0.6466599285367527
 0.9999999998478636
 0.6466599285367527
 0.689814781257752
 0.6041393549300069
 0.689814781257752
 0.6041393549300069
 0.7272376079650097
 0.6526903676852788
 0.7272376079650097
 0.6526903676852788
 0
 0
 0
 0
 0
 0
 0
 0
 1
 0.3648648648648649
 1
 0.3648648648648649
 1
 0.4689764459340245
 1
 0.4689764459340245
 0.9999999999981167
 0.5502126829976041
 0.9999999999981167
 0.5502126829976041
 0.6749466985443787
 0.5948697727837864
 0.6749466985443787
 0.5948697727837864
 0.6991018443780365
 0.5830303210665386
 0.6991018443780365
 0.5830303210665386
 0
 0
 0
 0
 0
 0
 0
 0
 1
 0.5785862941142949
 1
 0.5785862941142949
 1
 0.6616438038777367
 1
 0.6616438038777367
 0.9999999999636955
 0.6750926458565791
 0.9999999999636955
 0.6750926458565791
 0.8142063427860489
 0.6900929133869581
 0.8142063427860489
 0.6900929133869581
 0.7936196743534234
 0.681359959972917
 0.7936196743534234
 0.681359959972917
 0
 0
 0
 0
 0
 0
 0
 0
 0.9999999999298057
 0.6839397205847003
 0.9999999999298057
 0.6839397205847003
 0.9999999998994589
 0.7354364826748817
 0.9999999998994589
 0.7354364826748817
 0.9999999999972988
 0.5844996756414911
 0.9999999999972988
 0.5844996756414911
 0.8578036433047392
 0.6272687173778333
 0.8578036433047392
 0.6272687173778333
 0.7896774698084853
 0.6758503707117469
 0.7896774698084853
 0.6758503707117469
 0
 0
 0
 0
 0
 0
 0
 0
 0.9999999999522871
 0.4984508768699281
 0.9999999999522871
 0.4984508768699281
 0.9999999998153504
 0.6122487443716844
 0.9999999998153504
 0.6122487443716844
 0.9999999998450112
 0.7057810381906836
 0.9999999998450112
 0.7057810381906836
 0.7226170926831438
 0.654416814834851
 0.7226170926831438
 0.654416814834851
 0.7140738587116889
 0.701762519578278
 0.7140738587116889
 0.701762519578278


