# Created by Octave 3.8.2, Sun Nov 15 18:31:04 2015 CET <dkottke@snake7>
# name: mus
# type: matrix
# ndims: 3
 1 30 19
 0
 0
 0.7078464106844756
 0.5567928730512249
 0.6027855153203349
 0.5925306577480494
 0.6042245692051139
 0.6333705357142857
 0.6532663316582907
 0.6368715083798884
 0.6519799219185722
 0.6487695749440718
 0.6581196581196577
 0.6679687499999994
 0.663865546218487
 0.6690848214285714
 0.6571802054154994
 0.6588103254769923
 0.6560150375939852
 0.6769662921348316
 0.7080112044817923
 0.7071330589849109
 0.7054069119286511
 0.7117117117117114
 0.7138028169014082
 0.7118171683389075
 0.7160493827160495
 0.7142857142857142
 0.7077308120133482
 0.7135593220338984
 0
 0
 0.3333333333333333
 0.25
 0.6
 0.3
 0.5
 0.8
 0.7
 0.6
 0.6333333333333333
 0.8333333333333333
 0.8
 0.7999999999999999
 0.7333333333333332
 0.7999999999999999
 0.8333333333333334
 0.7833333333333333
 0.6833333333333333
 0.7
 0.76
 0.7699999999999999
 0.74
 0.72
 0.8
 0.8
 0.8200000000000001
 0.8266666666666668
 0.86
 0.8666666666666668
 0
 0
 0.7290911890734753
 0.5465222077969043
 0.5589121589584105
 0.6101923220557228
 0.6133529248498655
 0.7576871191157196
 0.5292265382514055
 0.7096459566447492
 0.6179800314636905
 0.6928328544980726
 0.6622742089815699
 0.7723566870454235
 0.8249237643997948
 0.8578180257320622
 0.6913806270736906
 0.8099875701140347
 0.66112785525363
 0.7643794802782712
 0.7941610852910765
 0.7653697605823292
 0.7955462047483873
 0.784349187433758
 0.8021308460759414
 0.8138302963249816
 0.8012053619426182
 0.8296796253275532
 0.8265795129405957
 0.8171853812643404
 0
 0
 0.4530390596128765
 0.3923997424684628
 0.4095246689177642
 0.4434913816740259
 0.4572591427595503
 0.5083988964963234
 0.5532961479968493
 0.559083638212908
 0.6026721288101046
 0.6358061792351201
 0.6531764510056677
 0.6699925148743111
 0.6949888160526697
 0.7118929763719389
 0.6848655911893303
 0.6728744633319601
 0.6847211025236603
 0.6758824388831848
 0.6890897392308553
 0.7044767143779581
 0.7202120967133101
 0.7302742001823982
 0.7342096548646733
 0.7503838155185926
 0.7609249408288448
 0.7682885500921222
 0.7749742304799491
 0.7798909757419286
 0
 0
 0.5856441841447969
 0.4310531792406523
 0.5162696604633944
 0.4510009750009835
 0.4502411425729223
 0.527213892471299
 0.5564179168668736
 0.559692766876526
 0.5975180976505148
 0.6437410900175125
 0.6554534285830921
 0.6860724575740449
 0.7066916366620376
 0.7092527476170221
 0.6867664280855221
 0.6754202476753558
 0.6773464884403946
 0.6709280442719681
 0.6880278004155599
 0.6962771325907576
 0.7160960498429157
 0.7298196164208446
 0.7340491653713596
 0.7460941759278923
 0.759984918595899
 0.7634617463761582
 0.7730469625268898
 0.7773324041833252
 0
 0
 0.4166602142818203
 0.4996957047131565
 0.4058289166836668
 0.3766125312591544
 0.4337314599705799
 0.5026680279248452
 0.5428587166873453
 0.5557640164966033
 0.596675909503831
 0.6853885863358853
 0.6537374234774688
 0.6790544822018438
 0.64508724032797
 0.723067203232169
 0.6715830266998174
 0.6462136648226778
 0.6885697709548039
 0.7123425705756818
 0.7175805270955175
 0.7481485797023392
 0.7006720252988268
 0.7248021317434309
 0.7249925153142025
 0.7234723737549965
 0.8262779959211547
 0.7690398896383308
 0.7857520495099792
 0.7871969829473567
 0
 0
 1
 0.7516637667193202
 0.7117918560249274
 0.6451233296962913
 0.6220164208952303
 0.6602519616108552
 0.705619703810336
 0.7064993640463225
 0.679304761438725
 0.72031305927603
 0.7641240405151583
 0.7944521725506084
 0.7398911349103598
 0.8136555725002441
 0.7887988840776006
 0.8299841922251814
 0.8089276640669233
 0.7874435856688866
 0.7738782111233928
 0.7464062603677251
 0.8056931954658613
 0.7924524057553471
 0.8035478497565988
 0.7311859873537843
 0.7999374850744055
 0.8059611629211543
 0.8793067224320152
 0.8212989252084484
 0
 0
 0.4575799452697719
 0.4024017629358336
 0.3841095269909386
 0.4345186467322336
 0.4088647570258472
 0.5186526684534432
 0.5826965702237286
 0.5588487297553948
 0.6090748309181727
 0.6323432105300335
 0.6345757283215748
 0.6542871480731055
 0.6867529645281703
 0.7125220337967391
 0.6872208435297529
 0.684770461720827
 0.6923583702579028
 0.6943509743221579
 0.7085537088176251
 0.7178137158519664
 0.7348881599110451
 0.7408816683712711
 0.7495965269388322
 0.7614940543357442
 0.7815012151465257
 0.7934150518436306
 0.8008162230315518
 0.8087592808015686
 0
 0
 0.5768440460968579
 0.4395805266313181
 0.453528581449351
 0.4676664112279318
 0.4402705379048801
 0.5365274087485784
 0.5843013846849786
 0.5585005125263749
 0.610436739987014
 0.6469287429910061
 0.6339922563673238
 0.6802876115019364
 0.6948480118266476
 0.7203592465945351
 0.6955212268871576
 0.7008258273202949
 0.6882956068290634
 0.6880867912042173
 0.7100775798701637
 0.7122898696577546
 0.7350833171187436
 0.74852917831907
 0.7473038925146428
 0.7656906191403247
 0.7769999840641678
 0.7901195288943179
 0.8020499718468032
 0.8094893109843884
 0
 0
 0.4166448991047799
 0.4588127419954886
 0.3652298528653115
 0.4089758764988273
 0.4203596036852047
 0.5073142349771131
 0.5922308840524496
 0.5615868741272435
 0.6025927999713168
 0.6508027578283303
 0.6306382686774906
 0.6616822549819776
 0.6901833133537931
 0.7069085189188886
 0.6723203030500685
 0.6827723968384442
 0.6806823974764302
 0.6861933354550014
 0.7003427884354944
 0.723101230479984
 0.7229822167277611
 0.7351347942387252
 0.7975737884353244
 0.7578807480215175
 0.7775038928466197
 0.7860497705274306
 0.796205183668983
 0.8011319527177287
 0
 0
 1
 0.7661332679835331
 0.5902917879212254
 0.6443694128191283
 0.6211123457527293
 0.6129633065100237
 0.7126861215598774
 0.695847336992816
 0.7056649709353875
 0.7217791021372054
 0.7137996076985565
 0.7480161036432209
 0.74416199577569
 0.7609972370156249
 0.7585041909872763
 0.8074363551561388
 0.7597125554178145
 0.7754918924995173
 0.7696782647873243
 0.7744986057871523
 0.7695730988976319
 0.7837192368006047
 0.8002803837758045
 0.7905708367673927
 0.7970250822934819
 0.7936094231782878
 0.8292585534122136
 0.9194020455174212
 0
 0
 0
 0
 0
 0
 0
 0
 0
 0
 0
 0
 0
 0
 0
 0
 0
 0
 0
 0
 0
 0
 0
 0
 0
 0
 0
 0
 0
 0
 0
 0
 0
 0
 0
 0
 0
 0
 0
 0
 0
 0
 0
 0
 0
 0
 0
 0
 0
 0
 0
 0
 0
 0
 0
 0
 0
 0
 0
 0
 0
 0
 0
 0
 0
 0
 0
 0
 0
 0
 0
 0
 0
 0
 0
 0
 0
 0
 0
 0
 0
 0
 0
 0
 0
 0
 0
 0
 0
 0
 0
 0
 0
 0
 0
 0
 0
 0
 0
 0
 0
 0
 0
 0
 0
 0
 0
 0
 0
 0
 0
 0
 0
 0
 0
 0
 0
 0
 0
 0
 0
 0
 0
 0
 0
 0
 0
 0
 0
 0
 0
 0
 0
 0
 0
 0
 0
 0
 0
 0
 0
 0
 0
 0
 0
 0
 0
 0
 0
 0
 0
 0
 0.4260843922090286
 0.4156252081042403
 0.4455876004774151
 0.4467106650271712
 0.4423724349582458
 0.5344745373689108
 0.5762867621847105
 0.5625294983726884
 0.6082001530299558
 0.6532578428047376
 0.6328530560178679
 0.6767724617657317
 0.6946322534891434
 0.7157970689595378
 0.6929993943013641
 0.6992274101734102
 0.6902503244662812
 0.6860127302437623
 0.7126506581264465
 0.7128421532802341
 0.7322639916005179
 0.7479738267031606
 0.7476286571188834
 0.7637070081070509
 0.7780789298759443
 0.7920378850005657
 0.8004658401691356
 0.8087377044957712
 0
 0
 0
 0
 0
 0
 0
 0
 0
 0
 0
 0
 0
 0
 0
 0
 0
 0
 0
 0
 0
 0
 0
 0
 0
 0
 0
 0
 0
 0
 0
 0
 0
 0
 0
 0
 0
 0
 0
 0
 0
 0
 0
 0
 0
 0
 0
 0
 0
 0
 0
 0
 0
 0
 0
 0
 0
 0
 0
 0


