# Created by Octave 3.8.2, Mon Nov 16 07:23:19 2015 CET <dkottke@snake7>
# name: mus
# type: matrix
# ndims: 3
 1 30 19
 0
 0
 0.49874686716792
 0.4983277591973244
 0.4979079497907949
 0.6951423785594637
 0.7393483709273179
 0.7399328859060402
 0.7443609022556388
 0.6840336134453779
 0.6889074228523767
 0.7087542087542087
 0.720317725752508
 0.8596638655462184
 0.9240506329113917
 0.9172297297297297
 0.9178991596638649
 0.9183501683501678
 0.9083820662768025
 0.9144067796610169
 0.9156223893065998
 0.9149831649831642
 0.9155518394648828
 0.9319727891156464
 0.9489361702127663
 0.9481605351170564
 0.9484427609427608
 0.9464285714285714
 0.9456380457221495
 0.9504273504273504
 0
 0
 1
 1
 1
 0.8
 0.9
 1
 0.8
 0.9
 1
 1
 1
 0.9333333333333333
 0.9333333333333333
 0.8833333333333334
 0.9333333333333333
 0.95
 1
 1
 1
 1
 1
 1
 0.8799999999999999
 0.8866666666666667
 0.8800000000000001
 0.9
 0.8933333333333333
 0.9333333333333333
 0
 0
 1
 1
 1
 0.8064937064810538
 0.8159472858714621
 0.8749421254677942
 0.8508195481164604
 0.9325738070582872
 0.8734514600000431
 0.8955477581504854
 0.9182156400791814
 0.91434712618092
 0.9021718182765327
 0.8812315705578787
 0.8942465837839774
 0.9082723295118562
 0.9395871458587564
 0.9285276584079555
 0.9434202901611676
 0.9302909896955139
 0.9615802002417659
 0.9618930944971241
 0.9498922348176021
 0.9328491280623485
 0.9142280418587462
 0.9253401427586024
 0.9296206103594916
 0.9172770709600202
 0
 0
 0.9999999999779656
 0.9999999998634769
 0.9999999999111489
 0.7242036395940467
 0.7616893272151174
 0.8024496154526155
 0.8417160479296955
 0.842942513043614
 0.8566117880954103
 0.8486069459441984
 0.856439402275442
 0.8523750339221858
 0.8418480566632394
 0.8044705490785694
 0.8134456042807197
 0.8292153985233256
 0.8515362390182081
 0.8595463034504296
 0.8685387843216296
 0.8722995208143357
 0.8796811133264312
 0.875604497600077
 0.8530308730045962
 0.860868711765859
 0.8590390403750339
 0.8635507755902327
 0.8684309745387229
 0.8714349047318675
 0
 0
 0.9999999999844977
 0.9999999998734421
 0.9999999999235307
 0.7437964463252433
 0.7503495125391596
 0.7876575892909539
 0.8371778863378433
 0.8351700500551125
 0.8295089863580333
 0.8535864127896793
 0.8594962607110672
 0.8533156942892858
 0.8333926376627367
 0.8170097571900494
 0.816894001563179
 0.8341069212416037
 0.8522800390492603
 0.859855595696052
 0.8658306790669962
 0.8759235742794805
 0.8778676065739027
 0.8675352933463482
 0.8580489245198801
 0.8588182377594197
 0.8604593471635007
 0.8650021012078755
 0.8652689190207504
 0.871645334301996
 0
 0
 0.9999999999871533
 0.9999999999996556
 0.9999999998960144
 0.6928129751609868
 0.7240262919222193
 0.7928704721429484
 0.8286703546144578
 0.8155040653913954
 0.9678866311627508
 0.8679270224593097
 0.8936068650414681
 0.8250287594438016
 0.8120378457666584
 0.7824786382757555
 0.7879350320532771
 0.8345134275502714
 0.8154266438150549
 0.8652491925326615
 0.8795303185400837
 0.8320558587327587
 0.843954231156883
 0.9037059938840234
 0.7984581228742992
 0.8463380979867967
 0.8677826335359496
 0.8706568641469726
 0.8508829315061148
 0.8295684387045765
 0
 0
 1
 0.9999999999920549
 0.9999999999938564
 0.7703728996155442
 0.7405200822391436
 0.922904540769604
 0.8154367160536298
 0.8762820525032008
 0.8588587465445864
 0.8390288926068096
 0.8739953106857282
 0.8749162492400109
 0.8049574034474826
 0.8323610969621668
 0.8284046086158631
 0.8705194563039842
 0.8693929962408897
 0.8815869092443213
 0.8273963020045221
 0.9194398288447528
 0.8904380224446853
 0.8945542466819087
 0.9083169116649705
 0.8452080160781099
 0.875133184912267
 0.8844253266023979
 0.8752095929996648
 0.8770902813421536
 0
 0
 0.9999999999817266
 0.9999999999147552
 0.9999999999944906
 0.6621769198152841
 0.7088147075237063
 0.7445397402909573
 0.8160407547002363
 0.8655953449130912
 0.8752652326920055
 0.8711875271107131
 0.8625157263502005
 0.8669039181813016
 0.8620279358103101
 0.8219785936963342
 0.8367530081474019
 0.8472331529496361
 0.8733372859369042
 0.8906899253791933
 0.8970936703528196
 0.9006600202849252
 0.9087583361409051
 0.9082563191044465
 0.886017040797082
 0.8968873930633513
 0.9027200430001348
 0.9079753662550127
 0.911234429684557
 0.9162187043373743
 0
 0
 0.9999999999832233
 0.9999999999784339
 0.9999999999654925
 0.6862847548006334
 0.7163266976040209
 0.7422313156543303
 0.8033122156725511
 0.8539251712832887
 0.8415717164870246
 0.8597710474234012
 0.866613627494633
 0.8693246945400436
 0.8617497652404517
 0.8340786237329504
 0.834481415794245
 0.8494368395391122
 0.8679775305514943
 0.8850293063052811
 0.8906074527521474
 0.9008033713306037
 0.9076087355783832
 0.8944966282099074
 0.8968217420956577
 0.895655080650269
 0.9041505973856759
 0.9093283436610675
 0.913373602825352
 0.912314326229399
 0
 0
 0.9999999999469975
 0.9999999999999505
 0.9999999999457064
 0.692567459758069
 0.6953156704855775
 0.7794117100247742
 0.8022365668631281
 0.8156634004899075
 0.8562568985764191
 0.8744524650498237
 0.9305263497393558
 0.8808519189007792
 0.8494140074853327
 0.8205175010709854
 0.8316478029635974
 0.8418866271561474
 0.8739532606659492
 0.8817801313627603
 0.9074057363743018
 0.9036461792470659
 0.9044595599986737
 0.9051991180209543
 0.9576010592653805
 0.9072553887250845
 0.9022659959288828
 0.9152667382953356
 0.9100130129970254
 0.9080837059036061
 0
 0
 1
 0.9999999999974751
 0.9999999999999685
 0.7895493580853853
 0.7538556854242252
 0.8628055016930559
 0.8163899142384333
 0.8268450905592898
 0.8284126414843582
 0.9373709598588389
 0.8455897533391453
 0.8711946906706006
 0.8731287977529124
 0.8169645950515562
 0.8467714071138301
 0.8716778399242632
 0.8823487811477266
 0.8812095063580815
 0.881216957041501
 0.8964754481067443
 0.8967672535692005
 0.8915664271504499
 0.8565292418525567
 0.8747965899584588
 0.8792370014610565
 0.893705355053672
 0.8742211863281745
 0.8975720186592264
 0
 0
 0
 0
 0
 0
 0
 0
 0
 0
 0
 0
 0
 0
 0
 0
 0
 0
 0
 0
 0
 0
 0
 0
 0
 0
 0
 0
 0
 0
 0
 0
 0
 0
 0
 0
 0
 0
 0
 0
 0
 0
 0
 0
 0
 0
 0
 0
 0
 0
 0
 0
 0
 0
 0
 0
 0
 0
 0
 0
 0
 0
 0
 0
 0
 0
 0
 0
 0
 0
 0
 0
 0
 0
 0
 0
 0
 0
 0
 0
 0
 0
 0
 0
 0
 0
 0
 0
 0
 0
 0
 0
 0
 0
 0
 0
 0
 0
 0
 0
 0
 0
 0
 0
 0
 0
 0
 0
 0
 0
 0
 0
 0
 0
 0
 0
 0
 0
 0
 0
 0
 0
 0
 0
 0
 0
 0
 0
 0
 0
 0
 0
 0
 0
 0
 0
 0
 0
 0
 0
 0
 0
 0
 0
 0
 0
 0
 0
 0
 0
 0
 0
 0.9697734903313826
 0.9933687792727314
 0.997896278181573
 0.6801093641276416
 0.712407092041712
 0.7476385402220578
 0.8185064190912635
 0.8601008326404334
 0.8337679402324571
 0.8525799588034378
 0.8676009205522358
 0.8708246039616128
 0.8620092285745957
 0.8319550069619231
 0.8369755440349148
 0.8487759817964973
 0.8664967263538291
 0.8838577833944583
 0.8868219308690186
 0.9007879736191959
 0.9079155152640611
 0.8972685031248897
 0.8963954757012847
 0.8946818877139824
 0.9022637826646992
 0.9076818701589393
 0.9108385381404019
 0.9124346591303896
 0
 0
 0
 0
 0
 0
 0
 0
 0
 0
 0
 0
 0
 0
 0
 0
 0
 0
 0
 0
 0
 0
 0
 0
 0
 0
 0
 0
 0
 0
 0
 0
 0
 0
 0
 0
 0
 0
 0
 0
 0
 0
 0
 0
 0
 0
 0
 0
 0
 0
 0
 0
 0
 0
 0
 0
 0
 0
 0
 0


