# Created by Octave 3.8.2, Sun Nov 15 20:09:45 2015 CET <dkottke@snake2>
# name: mus
# type: matrix
# ndims: 3
 1 30 19
 0
 0
 0.3967723984418481
 0.4587973273942094
 0.524791086350975
 0.5200668896321072
 0.4836020011117286
 0.4693080357142857
 0.4768285873813513
 0.4748603351955307
 0.4672934427535654
 0.4681208053691274
 0.4717577108881458
 0.493861607142857
 0.6352941176470587
 0.6344866071428571
 0.6352567693744164
 0.6318742985409654
 0.6365781474964004
 0.6286516853932583
 0.6518767507002798
 0.6572515276218979
 0.6544964697138612
 0.6306306306306307
 0.6602816901408453
 0.6668524712002973
 0.6630190796857465
 0.6414620535714284
 0.6587875417130145
 0.667231638418079
 0
 0
 0.6666666666666666
 0.75
 0.4
 0.3
 0.4
 0.5
 0.4
 0.4
 0.3666666666666666
 0.5
 0.6333333333333333
 0.4666666666666666
 0.4666666666666667
 0.4333333333333333
 0.4
 0.4
 0.3833333333333333
 0.45
 0.37
 0.38
 0.46
 0.42
 0.4400000000000001
 0.4933333333333333
 0.5066666666666666
 0.4533333333333333
 0.58
 0.5333333333333333
 0
 0
 0.8683082169107171
 0.7825684602610989
 0.652953515393073
 0.595952431737082
 0.564855854290528
 0.5094071750581102
 0.3435693158283222
 0.5626191318812601
 0.919927811581652
 0.5643672625573469
 0.4947968800412511
 0.5312868125048469
 0.423578677474103
 0.4005846198861123
 0.4443649573692996
 0.208417543786784
 0.4183273250167566
 0.4319465321672153
 0.4353997384403637
 0.4724119071813591
 0.473138682568768
 0.4313526774700513
 0.4719764480613755
 0.4848758273286804
 0.3647796175367181
 0.4823038570784722
 0.4986452455292246
 0.5268782504053354
 0
 0
 0.7044258067712561
 0.7361275240226435
 0.4972160271444927
 0.4560078266919912
 0.4121281964560587
 0.4266257659713662
 0.3964787371261755
 0.4613261605422236
 0.4609956345659456
 0.4917190291454906
 0.5324820801946113
 0.4903298299456589
 0.4360839445544896
 0.452762397154873
 0.4554425118270713
 0.4200907439178778
 0.4553936215703305
 0.4933385579543365
 0.5144350046860465
 0.5293942510752438
 0.4931152537527752
 0.4860712959598945
 0.4953694638692584
 0.5032806488521191
 0.4939561112055599
 0.5177047914313496
 0.5155679816466489
 0.5192364692050438
 0
 0
 0.6409049240629638
 0.8084771518344415
 0.5752020673813213
 0.5376773902329096
 0.4194383544665878
 0.4414102211054886
 0.3978443006992563
 0.4342925319943746
 0.4722942716549381
 0.4880402496257746
 0.5538557354790967
 0.5098455166420469
 0.4386705500009361
 0.4527402856483015
 0.4560819683346122
 0.4165582558327104
 0.4570864300824346
 0.4822896567921612
 0.5144679937477225
 0.5342023996672201
 0.4970272095173244
 0.4836462570709716
 0.4959093854933175
 0.5047480701051459
 0.4994434323462519
 0.5175136609084161
 0.518803413586446
 0.5231325104611605
 0
 0
 0.8323483729778928
 0.8548666585098449
 0.494130313771984
 0.5654750600241386
 0.4142856385647169
 0.4256309008767323
 0.4105667828623269
 0.4645154077046573
 0.4448764969274484
 0.4741630697473601
 0.5206299301936503
 0.4707607111412637
 0.4210762072645089
 0.4276551764341885
 0.477596593844435
 0.4157290633990079
 0.512689689014165
 0.4597839773831152
 0.4701895512505991
 0.5297538430388333
 0.5018697580625739
 0.4750884717501974
 0.5568431649151904
 0.4721927358194523
 0.4452882287306701
 0.4952084779346688
 0.5401552843349515
 0.5213753902865479
 0
 0
 0.5785862941142949
 0.6619097673630649
 0.6840872003620536
 0.6412624714111319
 0.5704602628236832
 0.5478952470892285
 0.5499820406044642
 0.5853747890022654
 0.6073315751673001
 0.6346516979497687
 0.6960351314365139
 0.658107932138816
 0.5487589583382799
 0.6251632083867907
 0.6406486575281588
 0.5813350722595145
 0.6192812154639779
 0.7267135950979792
 0.6844677287904298
 0.6657976188636069
 0.635072725531593
 0.6354732150834603
 0.6559295974617797
 0.6835789329841065
 0.6749138498411686
 0.633299670650008
 0.6894766520769817
 0.6518783989773733
 0
 0
 0.6922096349060173
 0.7459886577192862
 0.5606258325060482
 0.4919835006094485
 0.4318869949065816
 0.4161897884589021
 0.4010892481123509
 0.455978505384568
 0.4625306539783464
 0.4970841137290612
 0.5298441350404588
 0.4806281969105091
 0.4399463711883443
 0.4673423654095026
 0.4646707100378065
 0.4310771991185285
 0.4680781321041583
 0.5041906112987594
 0.5240427618459144
 0.5354710406830945
 0.4921118610425351
 0.4919225853968616
 0.5006815558728634
 0.5079169665671258
 0.5058272522944041
 0.5282653258646705
 0.5263834895212106
 0.5289868992265134
 0
 0
 0.6592191973564688
 0.7962916310766733
 0.6886488308993077
 0.554952849024109
 0.4222221459076279
 0.3993540572914497
 0.408220934945076
 0.4275785321264616
 0.4637482263309766
 0.4983918455103651
 0.5442645774814583
 0.5089007669613946
 0.4435455626139721
 0.4561074376082377
 0.4686214016962181
 0.4358839448284498
 0.4753389456747639
 0.4995309744065358
 0.5302889644879913
 0.5400160110502916
 0.4890379579354612
 0.4923695720505363
 0.5079913176769285
 0.502917151610131
 0.5144784931782064
 0.5291902890386265
 0.531656299900268
 0.5358099119006194
 0
 0
 0.9861976058278018
 0.8816402611648546
 0.5626924244154026
 0.5166469110011463
 0.3908852900613654
 0.413290463898709
 0.3831610566597226
 0.4325686859518959
 0.4534297775577597
 0.4682014918507075
 0.5264041843652687
 0.4701359569340402
 0.4306755110339116
 0.4578859025362899
 0.4618230863369046
 0.4255500848714922
 0.4629071479608414
 0.5008815615626243
 0.5229727438465571
 0.5294310800899548
 0.4832773206179747
 0.4839552010207206
 0.5504527266766006
 0.4962047460153932
 0.4994703663142316
 0.518538210047981
 0.5168090063297726
 0.5234894639260793
 0
 0
 0.5785862941142949
 0.6597572360098916
 0.681427482439721
 0.6266320414855537
 0.5786022200372986
 0.5228075489824079
 0.5470453196745686
 0.5730837894363143
 0.6071879577555976
 0.6229909917941776
 0.6463549756459669
 0.6347502428538916
 0.5979410691177858
 0.6107393751212254
 0.6402421734497871
 0.5752447669557572
 0.6226746945309858
 0.6425438593039501
 0.6482187664498795
 0.6556482786871688
 0.6412043180030393
 0.605881515222058
 0.6469021753439018
 0.6385266150014525
 0.6260032728497253
 0.6615836015869464
 0.6208673573277735
 0.6466665779408964
 0
 0
 0
 0
 0
 0
 0
 0
 0
 0
 0
 0
 0
 0
 0
 0
 0
 0
 0
 0
 0
 0
 0
 0
 0
 0
 0
 0
 0
 0
 0
 0
 0
 0
 0
 0
 0
 0
 0
 0
 0
 0
 0
 0
 0
 0
 0
 0
 0
 0
 0
 0
 0
 0
 0
 0
 0
 0
 0
 0
 0
 0
 0
 0
 0
 0
 0
 0
 0
 0
 0
 0
 0
 0
 0
 0
 0
 0
 0
 0
 0
 0
 0
 0
 0
 0
 0
 0
 0
 0
 0
 0
 0
 0
 0
 0
 0
 0
 0
 0
 0
 0
 0
 0
 0
 0
 0
 0
 0
 0
 0
 0
 0
 0
 0
 0
 0
 0
 0
 0
 0
 0
 0
 0
 0
 0
 0
 0
 0
 0
 0
 0
 0
 0
 0
 0
 0
 0
 0
 0
 0
 0
 0
 0
 0
 0
 0
 0
 0
 0
 0
 0
 0.490943828863198
 0.6860269428349492
 0.6607832771258632
 0.5597625514614464
 0.4269911498730257
 0.3941715647231011
 0.4027464804566125
 0.4225294190820245
 0.4577763415239666
 0.497092855396722
 0.5483128054678156
 0.5130178668663854
 0.4483310752018853
 0.4584259962539974
 0.4732917989330562
 0.4363730912637223
 0.4742746228342883
 0.5014695447594789
 0.5272871802304367
 0.5356573030451292
 0.4869519327920939
 0.4911238018122529
 0.5055509308669218
 0.5019283197254708
 0.5092647840295691
 0.5274031426482799
 0.528330452818073
 0.5359024522342255
 0
 0
 0
 0
 0
 0
 0
 0
 0
 0
 0
 0
 0
 0
 0
 0
 0
 0
 0
 0
 0
 0
 0
 0
 0
 0
 0
 0
 0
 0
 0
 0
 0
 0
 0
 0
 0
 0
 0
 0
 0
 0
 0
 0
 0
 0
 0
 0
 0
 0
 0
 0
 0
 0
 0
 0
 0
 0
 0
 0


