# Created by Octave 3.8.2, Sun Nov 15 23:28:17 2015 CET <dkottke@snake2>
# name: mus
# type: matrix
# ndims: 3
 1 30 19
 0
 0
 0.4937343358395987
 0.494949494949495
 0.4936708860759492
 0.6186868686868686
 0.5964912280701755
 0.7321428571428571
 0.7512626262626266
 0.7487179487179488
 0.736111111111111
 0.7297979797979798
 0.7453846153846156
 0.7500000000000001
 0.7435897435897437
 0.7447916666666666
 0.7379937482239273
 0.7247474747474748
 0.7393483709273182
 0.7657894736842106
 0.786967418546366
 0.7601010101010099
 0.7644217107132709
 0.7643229166666666
 0.7706666666666667
 0.7610256410256412
 0.7894420394420393
 0.850765306122449
 0.8852496828508823
 0.8487179487179488
 0
 0
 1
 1
 1
 0.8
 0.8
 0.6
 0.5
 0.7
 0.8
 0.7
 0.7
 0.6666666666666666
 0.6666666666666666
 0.6833333333333333
 0.6833333333333333
 0.8333333333333333
 0.7833333333333333
 0.75
 0.77
 0.8099999999999999
 0.8
 0.76
 0.8
 0.8400000000000001
 0.8133333333333332
 0.7466666666666667
 0.6933333333333332
 0.7
 0
 0
 1
 1
 1
 0.7882396127924332
 0.895700107793288
 0.8036212130572614
 0.7378819721727605
 0.5301741169030876
 0.6094250549358257
 0.7512502893956499
 0.7338973697000643
 0.6704399469320361
 0.6991772088149487
 0.7920718028774916
 0.7700357436672177
 0.7963254010354068
 0.8337681508598357
 0.8247446277448383
 0.8381423887907621
 0.8008389011465961
 0.7677025359224855
 0.7873229229966697
 0.7989806639162544
 0.80639065316804
 0.726688496791728
 0.7199978905096346
 0.6922402990716325
 0.7333310569916912
 0
 0
 0.9999999999625244
 0.9999999997929525
 0.9999999999113451
 0.7251573396902099
 0.7377484452429987
 0.5768857668061154
 0.5626662167094214
 0.5650390048458191
 0.6090000701647547
 0.6417835361813358
 0.6431196321699192
 0.634151734593116
 0.6668649948958584
 0.6887907621483846
 0.7074107613562277
 0.7102429567696987
 0.7165590891878812
 0.7004913093558277
 0.7127178921430872
 0.7145348431295248
 0.6707079382943664
 0.6675454925029242
 0.67716137542465
 0.6898666832112822
 0.6660662999494734
 0.6430456456791604
 0.616214821748974
 0.6319875069988707
 0
 0
 0.9999999999725637
 0.9999999997394493
 0.9999999999046058
 0.7665514384962839
 0.7660857810226066
 0.6052754740496348
 0.5811694736030625
 0.5686573044413309
 0.60671830980631
 0.6359376792406448
 0.6321794820911776
 0.6291472326965172
 0.6649329282766184
 0.6798420305906573
 0.7030517349788298
 0.7136743651483644
 0.7282547961780904
 0.7106923799956355
 0.7182118572542684
 0.7146898156251003
 0.6754644123278123
 0.6740908448827059
 0.6839905146468162
 0.6871854996104517
 0.6682499382117573
 0.6451561368222674
 0.621059424731589
 0.6362053105877152
 0
 0
 0.9999999999984232
 0.9999999998117935
 0.9999999999995677
 0.7840204439300027
 0.748719194970565
 0.6274620219399036
 0.614396806651599
 0.5925123805857689
 0.590079154147314
 0.5918794710671418
 0.6472104534542806
 0.6193021926490254
 0.6704570946665304
 0.6557004458245855
 0.6869111999308086
 0.8518277768105353
 0.6902936298868402
 0.6997846610103173
 0.732607406983116
 0.6503128531261412
 0.711673827599961
 0.6611760512210276
 0.6985341925761014
 0.7042887345724272
 0.6857372371056814
 0.660745253058984
 0.6276536965345432
 0.6521280734966421
 0
 0
 1
 0.9999999999773903
 0.9999999999996311
 0.7911611044887247
 0.7542264409112928
 0.7305109182375158
 0.7453044027553373
 0.6839395082433893
 0.7440450560110132
 0.7942871954250379
 0.7318213440252089
 0.7511455303404022
 0.793143091489973
 0.6958293626673993
 0.7748510326535188
 0.7755201355339706
 0.8017825351667968
 0.7677379291245873
 0.8954269292153827
 0.78339497985436
 0.7292320241292423
 0.6795813884526839
 0.7100089157718117
 0.7787745669370449
 0.6273683799769224
 0.7267048777016529
 0.712185949048787
 0.6562107867351725
 0
 0
 0.9999999999804222
 0.9999999999348302
 0.9999999999829831
 0.6594957865484694
 0.7027747203144719
 0.5953715989948296
 0.5964414814584933
 0.547229543525954
 0.5767074685395419
 0.6212575592022928
 0.6339750083977944
 0.6261927854318068
 0.6689564681696695
 0.7011533505997029
 0.7239315954526487
 0.7322972763109475
 0.7486927598214429
 0.7410531037767738
 0.7501071076485338
 0.7475996022168853
 0.6962706126893045
 0.6913042268355218
 0.7031981815377579
 0.7124915473063533
 0.6832401890014974
 0.6586316312034121
 0.6304795112135286
 0.6489455550109846
 0
 0
 0.9999999999798115
 0.9999999999628615
 0.9999999999713448
 0.689582938362165
 0.7252086577505901
 0.6141893445731056
 0.5891190725864924
 0.5354175446740673
 0.5763237573645023
 0.6178276963279624
 0.6111970651987598
 0.6264265614751401
 0.6614305453161724
 0.6949078292639956
 0.7072248748016401
 0.7360283919947281
 0.7631472862653105
 0.7414548601776287
 0.7589370864714818
 0.7449304988801125
 0.6937255064739434
 0.683028487881187
 0.7030645689798586
 0.7046429434897977
 0.6759561633263452
 0.6538864100483431
 0.6278611541946533
 0.6480711879560362
 0
 0
 0.9999999999578393
 0.9999999999999106
 0.9999999999999558
 0.7421486012708711
 0.6975620537907478
 0.5828655603860948
 0.6099630656186876
 0.5277252727219818
 0.5648330000909559
 0.6266541014859429
 0.6146049604964903
 0.617840131354487
 0.6527324628327313
 0.6915973699355152
 0.7704359220007274
 0.7285913279791176
 0.7375852069998936
 0.8655562201563222
 0.7439209549951243
 0.7325315791535175
 0.6886644162156881
 0.679901674150003
 0.6945078403960769
 0.7042019797221558
 0.683944859602299
 0.6669621599041583
 0.6217508237001996
 0.6638033570517853
 0
 0
 1
 0.9999999999766237
 0.9999999999999387
 0.860081565799074
 0.7372335474809384
 0.7451912803994625
 0.7413482485752618
 0.6813605242245311
 0.7328157348754131
 0.7341607689504415
 0.6729091728691123
 0.7115637580780635
 0.745794967299245
 0.7291955012998921
 0.7977981100621623
 0.7507392210397599
 0.7666323359128173
 0.762064960161387
 0.7917129932306596
 0.74180862317221
 0.7191213224510673
 0.722508871747176
 0.7298803901549089
 0.7356243299281027
 0.8334924929600667
 0.7099094239637885
 0.6959296218389349
 0.683460492242099
 0
 0
 0
 0
 0
 0
 0
 0
 0
 0
 0
 0
 0
 0
 0
 0
 0
 0
 0
 0
 0
 0
 0
 0
 0
 0
 0
 0
 0
 0
 0
 0
 0
 0
 0
 0
 0
 0
 0
 0
 0
 0
 0
 0
 0
 0
 0
 0
 0
 0
 0
 0
 0
 0
 0
 0
 0
 0
 0
 0
 0
 0
 0
 0
 0
 0
 0
 0
 0
 0
 0
 0
 0
 0
 0
 0
 0
 0
 0
 0
 0
 0
 0
 0
 0
 0
 0
 0
 0
 0
 0
 0
 0
 0
 0
 0
 0
 0
 0
 0
 0
 0
 0
 0
 0
 0
 0
 0
 0
 0
 0
 0
 0
 0
 0
 0
 0
 0
 0
 0
 0
 0
 0
 0
 0
 0
 0
 0
 0
 0
 0
 0
 0
 0
 0
 0
 0
 0
 0
 0
 0
 0
 0
 0
 0
 0
 0
 0
 0
 0
 0
 0
 0.9871171518570745
 0.9900161068580944
 0.9982325064749291
 0.67791656800415
 0.7146599569468011
 0.6145653746838086
 0.5897524436443159
 0.5388561046065162
 0.5715619591149969
 0.6219308009691471
 0.6008652062393735
 0.6293676442936543
 0.6595040685342783
 0.6900631261660256
 0.7100523234390183
 0.7338425596711853
 0.7630367839911369
 0.7465404680936473
 0.755462405855201
 0.7456274913547999
 0.6926659570808249
 0.6800092508126183
 0.6998081909486774
 0.7042180366260604
 0.6789434565542384
 0.6538544726962995
 0.6277750274833303
 0.6472042925398244
 0
 0
 0
 0
 0
 0
 0
 0
 0
 0
 0
 0
 0
 0
 0
 0
 0
 0
 0
 0
 0
 0
 0
 0
 0
 0
 0
 0
 0
 0
 0
 0
 0
 0
 0
 0
 0
 0
 0
 0
 0
 0
 0
 0
 0
 0
 0
 0
 0
 0
 0
 0
 0
 0
 0
 0
 0
 0
 0
 0


