# Created by Octave 3.8.2, Sun Nov 15 23:30:48 2015 CET <dkottke@snake3>
# name: mus
# type: matrix
# ndims: 3
 1 30 19
 0
 0
 0.49874686716792
 0.4983277591973244
 0.6937238493723844
 0.6340033500837519
 0.6441102756892224
 0.6862416107382551
 0.8145363408521296
 0.8428571428571434
 0.9032527105921592
 0.938552188552189
 0.9489966555183937
 0.9366386554621848
 0.9417721518987338
 0.9037162162162162
 0.8694117647058821
 0.9423400673400667
 0.9557226399331656
 0.9432203389830509
 0.9281537176274015
 0.9419191919191915
 0.9500418060200673
 0.9489795918367349
 0.9557446808510643
 0.9519230769230763
 0.9604377104377103
 0.9598922902494332
 0.9540484746540252
 0.9572649572649573
 0
 0
 1
 1
 0.6
 1
 0.6
 0.6
 0.6
 0.8
 0.5333333333333333
 0.6666666666666666
 0.7
 0.6333333333333333
 0.6
 0.5666666666666667
 0.6166666666666667
 0.5
 0.6166666666666666
 0.45
 0.48
 0.53
 0.78
 0.62
 0.7200000000000001
 0.5666666666666667
 0.7066666666666668
 0.6733333333333333
 0.6866666666666666
 0.6333333333333334
 0
 0
 1
 1
 0.6624390213058383
 0.7190575294095298
 0.7009187761752278
 0.7022203805868609
 0.7318621151481439
 0.5235650993033518
 0.6980135670667824
 0.6488588747658619
 0.5625361046203945
 0.6875840424818445
 0.7209408255669379
 0.664851509233627
 0.7237485220073889
 0.5577027774313232
 0.595112406590936
 0.5591870351037114
 0.5848450392453992
 0.5842892641050483
 0.638087116369167
 0.6663763289698295
 0.6258776411151306
 0.6118110054457544
 0.6217068688522673
 0.5756935643726158
 0.5715253299020486
 0.5974751807514966
 0
 0
 0.9999999999772273
 0.9999999998244634
 0.7040947580816165
 0.6474894781852307
 0.6842168891532836
 0.5776595622690296
 0.628029137435707
 0.6327657154683934
 0.6557962991133151
 0.6421656467616427
 0.6282947323376792
 0.5999149295185413
 0.5668675667706283
 0.5859986458259733
 0.5718095061611308
 0.5653242342657142
 0.5681561478413806
 0.5512337686510267
 0.5402869845350619
 0.5484081218833579
 0.557193749368816
 0.5566181488119135
 0.5685885213447639
 0.5729826236879002
 0.5650260311046369
 0.5504906412432683
 0.5582299925872208
 0.547390611240683
 0
 0
 0.9999999999810179
 0.9999999999121024
 0.6832777321106641
 0.7287707605349012
 0.6753012243973918
 0.5919390531107106
 0.6293279894038997
 0.6347373854059288
 0.6429245254153242
 0.6510703428363366
 0.6242632872281522
 0.6111636744399863
 0.5676472215976757
 0.5833652500255291
 0.5644140121977853
 0.5716643914380261
 0.5627379849043201
 0.5524355998651059
 0.5494516563193663
 0.5457928168333904
 0.5519095762563085
 0.5649186928714758
 0.570052164953731
 0.5783408797005473
 0.5671662276553368
 0.5537873566850396
 0.556421032007279
 0.5491728784891509
 0
 0
 0.9999999999452761
 0.999999999874318
 0.8467027839773871
 0.7561802206418298
 0.6474872339581683
 0.646543429685477
 0.6298256706694917
 0.6448246425179419
 0.6914059367577404
 0.6306391860247527
 0.6050052414763393
 0.5849564799444193
 0.6020665382207573
 0.5745792543874674
 0.5736115061353738
 0.5665598723928427
 0.5840862357797952
 0.5148307324387417
 0.4948454439739998
 0.5463092078050669
 0.5607873198734253
 0.5155975472764862
 0.5919677574873488
 0.5836033698000141
 0.5306163299418281
 0.5027440975945257
 0.5687103848302992
 0.528971730465422
 0
 0
 1
 0.999999999975259
 0.8490038352679701
 0.6716397748734678
 0.6967926523764306
 0.7058381591468523
 0.7540827297976388
 0.7362374338031158
 0.7131817218176797
 0.8229931206929111
 0.7285401877953712
 0.66571832907138
 0.717894192137435
 0.736457624951422
 0.6970003242987205
 0.6799955363460024
 0.6756594173479115
 0.6628963417065896
 0.6664957021588757
 0.6828904036518844
 0.6835189210629107
 0.6964408567608934
 0.6726407095715361
 0.6796038785086648
 0.6663174009161955
 0.6493352894971828
 0.6798601135448438
 0.6463967798210475
 0
 0
 0.9999999999615891
 0.9999999998920871
 0.7725417922092014
 0.6429173517174339
 0.6929409019182213
 0.6184397302274661
 0.634940497247118
 0.6502234931436643
 0.6506867193857014
 0.6491779484585065
 0.6253578241789243
 0.6040009156851173
 0.5823979703750942
 0.5881219935367865
 0.5868150103120129
 0.5723514090721198
 0.5802452764905428
 0.562544541142037
 0.5509828940029543
 0.5614739219115006
 0.5752530875613056
 0.5728226451914262
 0.5806652808942296
 0.5879796902481095
 0.5794393155339655
 0.5619639257913152
 0.5661918828983823
 0.562175852833003
 0
 0
 0.9999999999763494
 0.9999999999694849
 0.6680797652525682
 0.6886485459114201
 0.6539026981245888
 0.6362489994977384
 0.6210199069959177
 0.6361332897256212
 0.6581947190424652
 0.6457637636481339
 0.6194144170787573
 0.6189411934229553
 0.5848856657911774
 0.5910978684925122
 0.5751906225639299
 0.5839321194278367
 0.5777349715189469
 0.5584618657999372
 0.5499507473055965
 0.5542287959035677
 0.5675404358812534
 0.5793629484436618
 0.5793802240013913
 0.579767389212209
 0.5766473707043815
 0.5640646453847489
 0.565615819271255
 0.5650427857831448
 0
 0
 0.9999999999598153
 0.9999999999999682
 0.7541947018982624
 0.8688789303283376
 0.6289666466108828
 0.6181234590723794
 0.648815117403677
 0.6194750871191816
 0.6334632929826139
 0.6289696331972225
 0.6210781497308088
 0.5974261247298482
 0.569438897126731
 0.580789286192138
 0.5763289127956649
 0.5720119299411859
 0.5695588411442998
 0.5505860118918082
 0.5432990209669897
 0.5677149517333658
 0.5616289789925132
 0.5653558022889386
 0.574369367297208
 0.5757702874722875
 0.5698152866716192
 0.5587170665704173
 0.5620035665479407
 0.5574960731551994
 0
 0
 1
 0.9999999999702043
 0.8544242750310626
 0.6700823609420012
 0.6643336876435512
 0.7042196528242243
 0.745515974007647
 0.70526532779739
 0.7026652192093711
 0.7577764111577037
 0.6972894816602818
 0.6914912038476628
 0.6767942819292698
 0.6828776624280355
 0.7183914252244913
 0.6544289561270026
 0.6500855863067511
 0.6687066405922172
 0.6650070749502104
 0.6481250096561577
 0.6683849596943229
 0.686096888110881
 0.6466237979590879
 0.6754514759572979
 0.6623353794014641
 0.6503557339889684
 0.6231536956513032
 0.6504863445279013
 0
 0
 0
 0
 0
 0
 0
 0
 0
 0
 0
 0
 0
 0
 0
 0
 0
 0
 0
 0
 0
 0
 0
 0
 0
 0
 0
 0
 0
 0
 0
 0
 0
 0
 0
 0
 0
 0
 0
 0
 0
 0
 0
 0
 0
 0
 0
 0
 0
 0
 0
 0
 0
 0
 0
 0
 0
 0
 0
 0
 0
 0
 0
 0
 0
 0
 0
 0
 0
 0
 0
 0
 0
 0
 0
 0
 0
 0
 0
 0
 0
 0
 0
 0
 0
 0
 0
 0
 0
 0
 0
 0
 0
 0
 0
 0
 0
 0
 0
 0
 0
 0
 0
 0
 0
 0
 0
 0
 0
 0
 0
 0
 0
 0
 0
 0
 0
 0
 0
 0
 0
 0
 0
 0
 0
 0
 0
 0
 0
 0
 0
 0
 0
 0
 0
 0
 0
 0
 0
 0
 0
 0
 0
 0
 0
 0
 0
 0
 0
 0
 0
 0
 0.9739768569689949
 0.9893534387710121
 0.6496324070912632
 0.6984459633947088
 0.6546807203283368
 0.6389045439126516
 0.6210656570665276
 0.6299612719787446
 0.6418840344366052
 0.6374764370116817
 0.6297038792743131
 0.6195457067227667
 0.5845376763483294
 0.5904366473733729
 0.573083141580863
 0.5868658327075544
 0.5804243419443514
 0.5601218618985597
 0.5492476097307969
 0.5545678297494838
 0.5667916314683741
 0.5788141785961938
 0.5800847040409449
 0.5762770672179767
 0.5758964415235969
 0.5626912254928772
 0.5640036526278899
 0.5629796189135027
 0
 0
 0
 0
 0
 0
 0
 0
 0
 0
 0
 0
 0
 0
 0
 0
 0
 0
 0
 0
 0
 0
 0
 0
 0
 0
 0
 0
 0
 0
 0
 0
 0
 0
 0
 0
 0
 0
 0
 0
 0
 0
 0
 0
 0
 0
 0
 0
 0
 0
 0
 0
 0
 0
 0
 0
 0
 0
 0
 0


