# Created by Octave 3.8.2, Mon Nov 16 03:22:21 2015 CET <dkottke@snake4>
# name: mus
# type: matrix
# ndims: 3
 1 30 19
 0
 0
 0.4987468671679197
 0.9456521739130435
 0.9280334728033478
 0.9003350083752095
 0.9312169312169314
 0.9387583892617449
 0.9390142021720962
 0.9352941176470594
 0.9299416180150117
 0.9292929292929291
 0.9272575250836111
 0.9218487394957987
 0.9215189873417714
 0.9180743243243243
 0.9133613445378141
 0.9162457912457905
 0.9025341130604282
 0.9118644067796611
 0.9248120300751878
 0.9210157126823788
 0.9272575250836124
 0.9251700680272107
 0.9225531914893623
 0.9239130434782602
 0.9273989898989896
 0.9258786848072565
 0.9227005122715799
 0.9247863247863245
 0
 0
 1
 0.5
 0.8
 0.7
 0.8
 0.9
 0.9
 0.8
 0.8333333333333333
 0.9
 0.9333333333333332
 0.9333333333333332
 0.8666666666666666
 0.9333333333333332
 0.9333333333333332
 0.95
 0.8
 0.8
 0.85
 0.8699999999999999
 0.8699999999999999
 0.8800000000000001
 0.8800000000000001
 0.8800000000000001
 0.8933333333333333
 0.8933333333333333
 0.9
 0.9
 0
 0
 1
 0.7045523475040436
 0.9012311626830378
 0.8706409108712143
 0.8177385722044325
 0.8282739148515752
 0.8966034596589507
 0.8542661962043157
 0.8869872278596568
 0.90957923482611
 0.9015079267480967
 0.9353811568695457
 0.9555659344126687
 0.935365607892121
 0.925597635253371
 0.9552242543922456
 0.8897771216387048
 0.8994799629600024
 0.8978726388262267
 0.9022839273370986
 0.912653458757922
 0.9274395572921031
 0.9359275874336825
 0.9252069115316106
 0.9282121557836864
 0.9313391994201877
 0.9370111529300431
 0.9462576146196103
 0
 0
 0.9999999999750941
 0.626374736920029
 0.6161524281231284
 0.7000122998045503
 0.7204770839897457
 0.7097373655074805
 0.7525639883192177
 0.7681980798908515
 0.8107894589281203
 0.8273320420731448
 0.8395862111219907
 0.8575761724363274
 0.8663904544330068
 0.87418086187926
 0.8739488535921699
 0.8830565985462208
 0.814420958797569
 0.8228387794040692
 0.8303329942317623
 0.840262472894429
 0.844182928390933
 0.8526528343274862
 0.8576998245348885
 0.860367799947528
 0.8691675342421523
 0.8756801781771354
 0.879124757321965
 0.8862084482001769
 0
 0
 0.999999999979027
 0.6507440917659409
 0.6919776264322074
 0.6889664988964446
 0.6473824820664321
 0.8049106401835546
 0.7545200505172626
 0.765178007937964
 0.8144194617289231
 0.8135660434844245
 0.8188167699271308
 0.8467377398302598
 0.8652660717299141
 0.8603875071488124
 0.869032131966414
 0.8666181045832663
 0.801520015150756
 0.8220542123167733
 0.8281623427182823
 0.8372911873828515
 0.8465814328036412
 0.8502736836830853
 0.858280011111472
 0.8553093373912026
 0.8665382502252257
 0.871583498414278
 0.8757899794079553
 0.8798875149566386
 0
 0
 0.9999999999743648
 0.5829378386023839
 0.7421228512206541
 0.5841547984324587
 0.7332401070134359
 0.6964816825794411
 0.7056286029819024
 0.7413757450880194
 0.8683746601648757
 0.8006015594869876
 0.8712616010136709
 0.8118980420489098
 0.8477732081743737
 0.9303302995896588
 0.8558676878212768
 0.8615926719992338
 0.8800678501872909
 0.8502755315825646
 0.8038745739433742
 0.9630707451658077
 0.8262231198960708
 0.8613651953797852
 0.8076326036841309
 0.8660811439038858
 0.8558686498707665
 0.9159630288941757
 0.9741201639244431
 0.8574557602091908
 0
 0
 1
 0.7534610806269947
 0.6741432523684937
 0.7515338857537991
 0.7391733326231371
 0.7323496819003937
 0.7579690152662619
 0.7868093420284539
 0.8419553264432088
 0.8591319925418333
 0.866296845031446
 0.8184871121752316
 0.8462180572254783
 0.867679030524493
 0.9433403460153178
 0.9185814636590253
 0.8659876972425435
 0.8604594611973363
 0.9437412063891376
 0.8506865605610605
 0.8660149646547982
 0.8454901901993949
 0.9030902219273421
 0.8861502110445144
 0.8968184335119898
 0.9082991930728757
 0.9805914581836309
 0.906340170574606
 0
 0
 0.9999999999809026
 0.6375446767557227
 0.631664870743185
 0.7272905432107397
 0.7598396841741177
 0.7232636998163848
 0.7728040630694276
 0.7975384830373965
 0.8304696679949068
 0.8578702717135962
 0.8641009596164753
 0.8788730164403834
 0.889847926598629
 0.8941335757071041
 0.8984133846503816
 0.9126487043386853
 0.8411396365163399
 0.8564727880468539
 0.8616750871405406
 0.8705239115394441
 0.8798466971833087
 0.8868397606988265
 0.8881255928135839
 0.893309379092547
 0.9010818771607766
 0.9055458216993515
 0.9077956401853806
 0.9126784715323203
 0
 0
 0.9999999999770925
 0.6752553844320398
 0.6887009791239359
 0.7015781706704428
 0.6441171575962564
 0.779095052067601
 0.7636898466112966
 0.8093297481952989
 0.8245494255364287
 0.8393256739367431
 0.8507010002432981
 0.8737462734560097
 0.8991853815199667
 0.8830999041003682
 0.8993889389269017
 0.9011884518627209
 0.843240963145237
 0.8531759967660052
 0.8632010125985341
 0.8684004613133663
 0.8788569524342138
 0.88703008285812
 0.8893428460470337
 0.8920781811946149
 0.8993718188404806
 0.9032732421211095
 0.9089907710906926
 0.9124215174476112
 0
 0
 0.9999999999908225
 0.6557586458788733
 0.7860491045351503
 0.5759942154736264
 0.748584830226958
 0.6928153668884788
 0.726220148681115
 0.7817827260128202
 0.8188606171484196
 0.8269421113379035
 0.8828947062292621
 0.8573724325265825
 0.8846756022743686
 0.8786173567972956
 0.9037651922012512
 0.9073211612366626
 0.8441165478726662
 0.8460386038988126
 0.8614211017283263
 0.8637831648065242
 0.9106135159689824
 0.8819846736797992
 0.9069834230087505
 0.888911713793924
 0.897470492295965
 0.9238784381785369
 0.9076334568486671
 0.9126871723901877
 0
 0
 1
 0.7672402768872255
 0.72572052154389
 0.7604957920265232
 0.7387405415506976
 0.7469169453129867
 0.7640614324817727
 0.7647483391960772
 0.8212998607844736
 0.8655565897041196
 0.8650236068892188
 0.8628509935291074
 0.8517913729646504
 0.956085670929638
 0.8929634178118137
 0.9098758208746239
 0.840336858128432
 0.8657233883671539
 0.861386706502828
 0.8662825160109318
 0.8679538954927446
 0.8689013027887798
 0.8865472742404327
 0.8948028899453306
 0.908191673844592
 0.9242567318047621
 0.9233157749329323
 0.9309717934702608
 0
 0
 0
 0
 0
 0
 0
 0
 0
 0
 0
 0
 0
 0
 0
 0
 0
 0
 0
 0
 0
 0
 0
 0
 0
 0
 0
 0
 0
 0
 0
 0
 0
 0
 0
 0
 0
 0
 0
 0
 0
 0
 0
 0
 0
 0
 0
 0
 0
 0
 0
 0
 0
 0
 0
 0
 0
 0
 0
 0
 0
 0
 0
 0
 0
 0
 0
 0
 0
 0
 0
 0
 0
 0
 0
 0
 0
 0
 0
 0
 0
 0
 0
 0
 0
 0
 0
 0
 0
 0
 0
 0
 0
 0
 0
 0
 0
 0
 0
 0
 0
 0
 0
 0
 0
 0
 0
 0
 0
 0
 0
 0
 0
 0
 0
 0
 0
 0
 0
 0
 0
 0
 0
 0
 0
 0
 0
 0
 0
 0
 0
 0
 0
 0
 0
 0
 0
 0
 0
 0
 0
 0
 0
 0
 0
 0
 0
 0
 0
 0
 0
 0
 0.9740659217081957
 0.6193066277985683
 0.6849822784925519
 0.717727960651197
 0.6477478380325469
 0.7797602384975775
 0.743693235458961
 0.8067656399455694
 0.8246226757720764
 0.835942525505491
 0.8520987151569912
 0.8697872824668608
 0.8949894664411143
 0.8835489849077138
 0.8997774257401733
 0.900205948848367
 0.8395795462299203
 0.8516008428830236
 0.8646577644423363
 0.8694801770019701
 0.8822526526556079
 0.8865211501388762
 0.8909555166685894
 0.8930784142168725
 0.8981714273860527
 0.9047949783780799
 0.9067493041958694
 0.9118778692375169
 0
 0
 0
 0
 0
 0
 0
 0
 0
 0
 0
 0
 0
 0
 0
 0
 0
 0
 0
 0
 0
 0
 0
 0
 0
 0
 0
 0
 0
 0
 0
 0
 0
 0
 0
 0
 0
 0
 0
 0
 0
 0
 0
 0
 0
 0
 0
 0
 0
 0
 0
 0
 0
 0
 0
 0
 0
 0
 0
 0


