# Created by Octave 3.8.2, Sun Nov 15 19:02:02 2015 CET <dkottke@snake7>
# name: mus
# type: matrix
# ndims: 3
 1 30 19
 0
 0
 0.5008347245409014
 0.5
 0.7236768802228424
 0.711817168338908
 0.6714841578654815
 0.7220982142857143
 0.7141261864879945
 0.689385474860335
 0.7001035774041909
 0.7186800894854589
 0.714975845410628
 0.7156808035714283
 0.7159663865546214
 0.7131696428571429
 0.7164892623716153
 0.7132435465768799
 0.7155255159174529
 0.7112359550561796
 0.7044257703081231
 0.700648459907719
 0.7015050167224084
 0.7229729729729727
 0.7211267605633803
 0.7251950947603124
 0.7219416386083051
 0.7198660714285714
 0.7219132369299222
 0.7220338983050849
 0
 0
 1
 0.75
 0.8
 0.8
 0.7
 0.7
 0.7
 0.5
 0.3666666666666666
 0.4
 0.5666666666666667
 0.5333333333333333
 0.5333333333333333
 0.55
 0.5833333333333333
 0.9
 0.8833333333333332
 0.9
 0.8699999999999999
 0.85
 0.8400000000000001
 0.75
 0.76
 0.7666666666666667
 0.7266666666666667
 0.7266666666666668
 0.7933333333333332
 0.7333333333333333
 0
 0
 1
 0.6839397205857212
 0.8134366406235159
 0.8725223539695742
 0.8588264085282888
 0.9078431009056578
 0.8065711089984613
 0.7050961610278613
 0.6837878177896517
 0.6784207773121744
 0.5403663151723734
 0.6662359465834913
 0.6710585077070559
 0.7634541007401469
 0.7540812729833
 0.7889907328178103
 0.7807985112246876
 0.7966582640180428
 0.7978272323940488
 0.8762801759116504
 0.8033334235724023
 0.745989048830326
 0.7688336326035541
 0.794512476686517
 0.7891063786643976
 0.8046891033317118
 0.7833197782499124
 0.7213792842906261
 0
 0
 0.9999999999712448
 0.6586671359213927
 0.6863950714629051
 0.6444102929644335
 0.6536805887032076
 0.7421279114058311
 0.7085235547345929
 0.616996614863224
 0.573316838180232
 0.606974949480255
 0.5446096341905101
 0.612465329261796
 0.6295489188673243
 0.6683011515179316
 0.6881860368732921
 0.7128148447506815
 0.7324764831025667
 0.7444853335821564
 0.7539106474318727
 0.7662284241392995
 0.7565706885781471
 0.6972344671155783
 0.7148953811185305
 0.7250635292240947
 0.7011456492197727
 0.6995836202395853
 0.7136698217945114
 0.7083236470734681
 0
 0
 0.9999999999743709
 0.6482966488295085
 0.6396236979341995
 0.5896418004507631
 0.6583477096232353
 0.6933445386542826
 0.6854590868853367
 0.5897221356817185
 0.561752769279811
 0.6079158423377967
 0.5283827785659424
 0.6070761972499222
 0.6264122956707577
 0.6731767930955481
 0.689358435677179
 0.7095411690056416
 0.7248212453269929
 0.7428467444971377
 0.7549090825595757
 0.7602935281000992
 0.7584961966565521
 0.6998423790458159
 0.7183802357482973
 0.725135122544151
 0.697971724193139
 0.7023211800293857
 0.7146822569243808
 0.710440549302542
 0
 0
 0.9999999999771731
 0.7724506088707385
 0.6767456291688244
 0.6500000000001573
 0.6316960256070768
 0.7155037640124664
 0.6634720270878802
 0.6466527422970463
 0.6056151528681478
 0.57569177539215
 0.5395949921785526
 0.620933572853156
 0.6428486168458953
 0.692227078159578
 0.775144652266248
 0.8292292268096431
 0.7179962883094728
 0.7469052504201238
 0.7471506315093662
 0.743872405400583
 0.7777842504332484
 0.7002246776651359
 0.7919152848645115
 0.7195773753972774
 0.6908757508502205
 0.7171091860054027
 0.7126998492013753
 0.8102859103703609
 0
 0
 1
 0.6782063594005441
 0.7382506728781942
 0.6787744470454137
 0.7543411636800851
 0.781084515102643
 0.8216402637077348
 0.7594172014381695
 0.7135212075014867
 0.7499591105938157
 0.6794238401278333
 0.7188615280304532
 0.7530212396794776
 0.7470708752951392
 0.8140626034459972
 0.7615247637752518
 0.8019045736154126
 0.8038586726931413
 0.806763625922768
 0.8212802349207042
 0.7987602955023909
 0.7637097645017114
 0.8088103174418936
 0.7856250779031813
 0.7571222956825696
 0.7877823290914922
 0.7860129751008221
 0.8150004637154439
 0
 0
 0.9999999999762257
 0.6461769248779548
 0.692779685509834
 0.6415733823574031
 0.662510563065357
 0.7700526918190185
 0.7167304541501958
 0.6336177883491021
 0.5945574898008722
 0.626816552666111
 0.5721212089842249
 0.6259513967747474
 0.6446551703716847
 0.6811858352636148
 0.7151380991396267
 0.7277043694246783
 0.7370696827536087
 0.7627301810673951
 0.7721610892550469
 0.7857338650254889
 0.7817235964673162
 0.7162148237861568
 0.7348455052825043
 0.7471352713784767
 0.7222135260782033
 0.7223394256400552
 0.7360872553472338
 0.7301875473891478
 0
 0
 0.9999999999779702
 0.637811686797343
 0.6366773268536818
 0.6216023501341102
 0.6218366206214436
 0.7470215141761313
 0.6982067605371167
 0.6356053209633046
 0.6003129797458704
 0.6429664473094842
 0.5721730942011379
 0.6159472318510592
 0.6255690349019575
 0.6816979336606658
 0.7006174106217716
 0.7264127869920457
 0.7363019710104078
 0.759364387362551
 0.7678438046366441
 0.7797265224896548
 0.7824104843885008
 0.7156323584274382
 0.7319025539731802
 0.7481596315700344
 0.715924086577303
 0.7236295660320343
 0.7334167381189055
 0.7340793137433355
 0
 0
 0.9999999999953642
 0.6605690659351579
 0.6970147525439081
 0.6159455960315091
 0.7801197873678857
 0.7227865377147231
 0.686505787505852
 0.632491560126984
 0.5918485762513295
 0.6273504943133651
 0.5699214999194397
 0.6373501634994533
 0.650257359512312
 0.6888070324004142
 0.6963569295558484
 0.7173957551340097
 0.735697737859068
 0.7595290761602781
 0.7774451077322772
 0.7823354363977267
 0.7708990235135336
 0.7080653919588611
 0.7282387691296541
 0.7625881605652134
 0.7148882591348523
 0.7126308669333421
 0.7307984188769443
 0.7322718415288104
 0
 0
 1
 0.7208831546194934
 0.709266913517284
 0.6632964497078129
 0.7599303359363674
 0.7568297013591262
 0.7861946091055075
 0.7950119001151165
 0.7128034755073235
 0.733363845001243
 0.7018379271926303
 0.6972096289874014
 0.7297780775569814
 0.7614092622283394
 0.7588240647226971
 0.7800443940384021
 0.7986137844353236
 0.7925991410050207
 0.7966314358697296
 0.8188519845412915
 0.7922350188537
 0.7608478549060237
 0.7882569161920002
 0.8034035045179303
 0.7853061501807472
 0.7866915747696285
 0.7868070186241309
 0.7757239668538662
 0
 0
 0
 0
 0
 0
 0
 0
 0
 0
 0
 0
 0
 0
 0
 0
 0
 0
 0
 0
 0
 0
 0
 0
 0
 0
 0
 0
 0
 0
 0
 0
 0
 0
 0
 0
 0
 0
 0
 0
 0
 0
 0
 0
 0
 0
 0
 0
 0
 0
 0
 0
 0
 0
 0
 0
 0
 0
 0
 0
 0
 0
 0
 0
 0
 0
 0
 0
 0
 0
 0
 0
 0
 0
 0
 0
 0
 0
 0
 0
 0
 0
 0
 0
 0
 0
 0
 0
 0
 0
 0
 0
 0
 0
 0
 0
 0
 0
 0
 0
 0
 0
 0
 0
 0
 0
 0
 0
 0
 0
 0
 0
 0
 0
 0
 0
 0
 0
 0
 0
 0
 0
 0
 0
 0
 0
 0
 0
 0
 0
 0
 0
 0
 0
 0
 0
 0
 0
 0
 0
 0
 0
 0
 0
 0
 0
 0
 0
 0
 0
 0
 0
 0.9746275417501133
 0.5930334787809619
 0.6084642922212818
 0.6001861034467429
 0.6193147200622081
 0.7429048189637639
 0.7110910840442805
 0.6299902856335834
 0.6059826461950304
 0.6409394135931999
 0.5696306847119434
 0.6172157037079558
 0.6210987271687606
 0.6799164749754086
 0.695728897588379
 0.7249638383915822
 0.7339580796918455
 0.7589323082642504
 0.7671468527627188
 0.7775786368489414
 0.7852444599228281
 0.7156855931871511
 0.7305552429136712
 0.7469759208224798
 0.717033639728337
 0.7214108168381491
 0.7313272260613234
 0.7333200893567062
 0
 0
 0
 0
 0
 0
 0
 0
 0
 0
 0
 0
 0
 0
 0
 0
 0
 0
 0
 0
 0
 0
 0
 0
 0
 0
 0
 0
 0
 0
 0
 0
 0
 0
 0
 0
 0
 0
 0
 0
 0
 0
 0
 0
 0
 0
 0
 0
 0
 0
 0
 0
 0
 0
 0
 0
 0
 0
 0
 0


