# Created by Octave 3.8.2, Sun Nov 15 21:54:29 2015 CET <dkottke@snake3>
# name: mus
# type: matrix
# ndims: 3
 1 30 19
 0
 0
 0.7256538675570412
 0.7104677060133631
 0.7292479108635109
 0.7218506131549615
 0.7281823235130637
 0.7366071428571429
 0.7364600781686194
 0.6737430167597762
 0.6822563939128358
 0.6683445190156597
 0.6743775548123372
 0.6876395089285712
 0.6885154061624651
 0.7053571428571429
 0.7050980392156861
 0.7037037037037037
 0.7106063029915218
 0.7106741573033709
 0.7179831932773107
 0.7171093652575131
 0.7208286882199929
 0.7184684684684686
 0.7059154929577467
 0.7012263099219622
 0.7095959595959593
 0.7117745535714288
 0.7071746384872081
 0.7096045197740112
 0
 0
 0.6666666666666666
 0.75
 0.8
 0.3
 0.6
 0.5
 0.9
 0.7
 0.7666666666666667
 0.7333333333333333
 0.8333333333333333
 0.8666666666666666
 0.8666666666666666
 0.8833333333333332
 0.8833333333333332
 0.8833333333333332
 0.8333333333333333
 0.85
 0.86
 0.86
 0.8300000000000001
 0.8400000000000001
 0.76
 0.8
 0.8200000000000001
 0.8533333333333333
 0.8666666666666668
 0.8333333333333334
 0
 0
 0.7471517764685769
 0.6140205774612986
 0.9178243273522875
 0.6710030537702174
 0.6078153956890471
 0.6321635137482566
 0.8695724580283742
 0.6318204521833015
 0.6323971801251783
 0.791400215586576
 0.8390801663096443
 0.8338737486631123
 0.7925372849497276
 0.8416126158558986
 0.8040997592522058
 0.8248651644492929
 0.8730706843027303
 0.8466533019115127
 0.8582998973130525
 0.8475247815393623
 0.8766000677340442
 0.8865076426746281
 0.8157703150369811
 0.827195902688532
 0.8445904264782931
 0.8193921922750956
 0.8455546394059756
 0.8661795607181441
 0
 0
 0.6043982757467374
 0.5243245260532535
 0.6131796289611637
 0.4711137772314486
 0.55922863706339
 0.6130973753806784
 0.6872396365525431
 0.5717225688969122
 0.6209603708029197
 0.6390273178566944
 0.6864185016582707
 0.7194021222733292
 0.7434334590183024
 0.7498259845807027
 0.7717021212914191
 0.7941971805599343
 0.7735269889138041
 0.7845266056586324
 0.7857749019168189
 0.8021042915163272
 0.8120391962080741
 0.8239244617766374
 0.7675906266768748
 0.7799294274431082
 0.7871813780459915
 0.7912056123274098
 0.8007318592621344
 0.7941027021219885
 0
 0
 0.7208819896429997
 0.5741779321063517
 0.608296128878644
 0.4786951502632518
 0.5527055653036481
 0.5856163128850385
 0.6844278452749312
 0.564650659455012
 0.6342138639674944
 0.6558819277090217
 0.6759679774331888
 0.7124601952088053
 0.7471634677962379
 0.7531913974883032
 0.7714667183934646
 0.7892259665885621
 0.7729574136679495
 0.7808116075839835
 0.7900547036205356
 0.8008918416773143
 0.8100345259936529
 0.8204098365397762
 0.7730060252116072
 0.7813446450911999
 0.790134119462203
 0.7916234326521452
 0.8005880361951537
 0.793525879705247
 0
 0
 0.4526466901394197
 0.6685229694649325
 0.6409311733055599
 0.4698313939892587
 0.6743189292999254
 0.6333676850526092
 0.6668284820308861
 0.5643080262460923
 0.5937533286629939
 0.7140920525353637
 0.6608093836974069
 0.7247765970851368
 0.8392574735277967
 0.7523627140282787
 0.7640237611473321
 0.9170743587985646
 0.7760609441085928
 0.7563225723190892
 0.7889564592035585
 0.7992919616802894
 0.7998619771010507
 0.8224735639801
 0.7474901027049825
 0.7791946862602439
 0.7210633610807718
 0.7654143569213321
 0.8071103118315899
 0.7689824285759547
 0
 0
 0.7892931470571475
 0.608733411610707
 0.70034475508741
 0.7237270079750173
 0.7137738279340876
 0.7816499859526845
 0.7491130490766212
 0.7276315220035927
 0.7450995675342675
 0.8244882069353924
 0.7053673557870421
 0.768267028664539
 0.7955107920917361
 0.784863191487802
 0.8320690952858869
 0.7947175872987755
 0.8242717997559834
 0.850644769184198
 0.7998982308562249
 0.8308475821213781
 0.8162681071675463
 0.8555601554343403
 0.8008162663470924
 0.8497887115108776
 0.7749632122063159
 0.8585511296639319
 0.7951128032756348
 0.8314110592065892
 0
 0
 0.6043424388013986
 0.5513779163673924
 0.6443434739613898
 0.5512796139415951
 0.6641771050530737
 0.6594917848112588
 0.6870107085163144
 0.5548198717376376
 0.6000069890100236
 0.6658038983305415
 0.6828611545809391
 0.7252139962064936
 0.7640824708157027
 0.7700158658767481
 0.7882332197770405
 0.8085435905757578
 0.8024887135480973
 0.8114331004383056
 0.8132654132178591
 0.8269477413154851
 0.8398715930393535
 0.8434279914561357
 0.7996656301742457
 0.8037784480738318
 0.8089575616103402
 0.8130648414981693
 0.8187203294415137
 0.8144106609397406
 0
 0
 0.6893708654075961
 0.5557784265093654
 0.599894279658956
 0.5469595298820228
 0.6114683649149054
 0.6360743824499424
 0.6873537779083847
 0.5294353355336699
 0.6247054503011822
 0.6669643010274314
 0.6769847408073139
 0.7179841231614323
 0.7542934926676503
 0.7689168591396288
 0.7978943647714039
 0.8061287355535207
 0.7863228372425675
 0.8104340261709683
 0.8075694704714524
 0.8278492774865037
 0.8358423771010955
 0.8439132666189884
 0.7948623801884367
 0.8062686082969122
 0.8151861752181101
 0.8094800972809515
 0.8210934007203974
 0.8140425764019453
 0
 0
 0.4166597012620697
 0.6967580247386775
 0.6752264426233298
 0.5420807314088261
 0.6385826492593882
 0.6272671845406943
 0.7017833010771811
 0.5425284699397843
 0.5907593960118356
 0.6760090144343448
 0.6614510634745272
 0.8268312104893685
 0.7268824475693898
 0.7572241306029632
 0.8041598823584512
 0.79687121122945
 0.7919600179261128
 0.8027236444593981
 0.8116843413136448
 0.8212218169135463
 0.8260995328021911
 0.8561796753298087
 0.7860817695847515
 0.7986647296463534
 0.8118820524569548
 0.8089042730786944
 0.8164212987735573
 0.8233622329817477
 0
 0
 0.7892931470571475
 0.6375902447248828
 0.6813633500456524
 0.7023780081081669
 0.706422957131576
 0.7551673891303806
 0.7781582914855608
 0.6684660760899279
 0.7833960532365956
 0.7504179689176145
 0.747527166541836
 0.878286040911948
 0.7538784699991276
 0.8285353624085422
 0.7992376940630389
 0.7913252078923301
 0.7973306899547182
 0.8291576438194772
 0.8329649066929798
 0.8293952842243697
 0.8166980825873036
 0.8554563123866736
 0.798064505709529
 0.7964329267529585
 0.7883518189487199
 0.8416576924579018
 0.8261986738751408
 0.8258401913944342
 0
 0
 0
 0
 0
 0
 0
 0
 0
 0
 0
 0
 0
 0
 0
 0
 0
 0
 0
 0
 0
 0
 0
 0
 0
 0
 0
 0
 0
 0
 0
 0
 0
 0
 0
 0
 0
 0
 0
 0
 0
 0
 0
 0
 0
 0
 0
 0
 0
 0
 0
 0
 0
 0
 0
 0
 0
 0
 0
 0
 0
 0
 0
 0
 0
 0
 0
 0
 0
 0
 0
 0
 0
 0
 0
 0
 0
 0
 0
 0
 0
 0
 0
 0
 0
 0
 0
 0
 0
 0
 0
 0
 0
 0
 0
 0
 0
 0
 0
 0
 0
 0
 0
 0
 0
 0
 0
 0
 0
 0
 0
 0
 0
 0
 0
 0
 0
 0
 0
 0
 0
 0
 0
 0
 0
 0
 0
 0
 0
 0
 0
 0
 0
 0
 0
 0
 0
 0
 0
 0
 0
 0
 0
 0
 0
 0
 0
 0
 0
 0
 0
 0
 0.5150808709036798
 0.4785233908659243
 0.6131748586574609
 0.5059333171181368
 0.6027808761817992
 0.6316922296598827
 0.6915818409846451
 0.5324485459997821
 0.6262275014226295
 0.6716988833431912
 0.6801341233602226
 0.7137951236132407
 0.7579649795081698
 0.7665245744529758
 0.7967244106319371
 0.809426831363345
 0.7867398952353244
 0.8140207675940229
 0.8078049458856005
 0.8271536773463738
 0.8339842984397264
 0.8448489067185894
 0.7936012364032725
 0.8057558235514821
 0.8098673716580187
 0.8080597031371525
 0.8168833473319749
 0.8128005617051864
 0
 0
 0
 0
 0
 0
 0
 0
 0
 0
 0
 0
 0
 0
 0
 0
 0
 0
 0
 0
 0
 0
 0
 0
 0
 0
 0
 0
 0
 0
 0
 0
 0
 0
 0
 0
 0
 0
 0
 0
 0
 0
 0
 0
 0
 0
 0
 0
 0
 0
 0
 0
 0
 0
 0
 0
 0
 0
 0
 0


