# Created by Octave 4.0.0, Sat Nov 21 16:31:38 2015 W. Europe Standard Time <unknown@Florian-PC>
# name: mus
# type: matrix
# ndims: 3
 1 30 19
 0
 0
 0.66184
 0.65865
 0.65854
 0.65686
 0.97537
 0.98077
 0.98551
 0.92
 0.92823
 0.90196
 0.91346
 0.98469
 0.9846200000000001
 0.98558
 0.97631
 0.98485
 0.98565
 0.985
 0.97884
 0.9798
 0.98068
 0.97743
 0.98
 0.98077
 0.97884
 0.97959
 0.9802999999999999
 0.97778
 0
 0
 1
 1
 1
 1
 0.8
 0.9
 0.9
 1
 1
 1
 1
 1
 0.8666700000000001
 0.8833299999999999
 1
 1
 1
 1
 1
 1
 1
 0.96
 0.96
 0.96
 0.96667
 0.96
 0.96667
 0.96667
 0
 0
 1
 1
 1
 1
 0.86885
 0.85145
 0.83586
 0.91538
 0.9555399999999999
 0.96457
 0.9787400000000001
 0.96765
 0.96102
 0.95645
 0.9563700000000001
 0.96607
 0.97622
 0.97096
 0.97233
 0.98871
 0.98467
 0.97756
 0.98275
 0.98464
 0.99133
 0.96306
 0.9777400000000001
 0.98143
 0
 0
 1
 1
 1
 1
 0.83824
 0.8927
 0.93126
 0.99596
 0.98967
 0.99479
 0.99556
 0.98639
 0.99778
 0.99756
 0.99941
 0.99942
 0.99955
 0.99938
 0.9997200000000001
 0.99973
 0.99895
 1
 0.99938
 0.99968
 0.99966
 0.99965
 1
 0.99925
 0
 0
 1
 1
 1
 1
 0.85714
 0.875
 0.88889
 1
 1
 1
 1
 1
 1
 1
 1
 1
 1
 1
 1
 1
 1
 1
 1
 1
 1
 1
 1
 1
 0
 0
 1
 1
 1
 1
 0.95357
 0.86964
 0.91468
 1.04762
 1.00985
 1.02172
 1.0109
 0.98165
 1.02368
 1.01169
 1.00481
 1.01068
 1
 1.00798
 1.00862
 1
 1
 1
 1
 1
 1
 1
 1
 1
 0
 0
 1
 1
 1
 1
 0.8148
 0.8362000000000001
 0.82304
 0.98626
 1.01588
 0.94693
 0.95328
 0.96656
 0.98282
 0.97204
 0.97829
 0.96244
 0.98722
 0.98996
 0.97562
 0.98494
 0.98951
 0.98787
 0.98243
 0.98875
 0.99054
 0.99446
 0.9747
 0.98282
 0
 0
 1
 1
 1
 1
 0.82315
 0.89476
 0.91179
 0.98266
 0.97768
 0.98284
 0.98616
 0.98768
 0.98499
 0.99573
 0.9929
 0.99671
 0.99812
 0.99795
 0.99821
 0.9992799999999999
 0.99861
 0.9978
 0.99814
 0.99888
 0.9987200000000001
 0.99736
 0.99742
 0.99916
 0
 0
 1
 1
 1
 1
 1
 1
 1
 1
 1
 1
 1
 1
 1
 1
 1
 1
 1
 1
 1
 1
 1
 1
 1
 1
 1
 1
 1
 1
 0
 0
 1
 1
 1
 1
 0.98781
 0.87869
 0.91491
 1.05468
 0.98813
 0.98023
 1.00326
 0.96471
 0.9527600000000001
 1.03643
 1.02601
 0.98598
 1
 1.04452
 1.04845
 1
 1
 1
 1
 1
 1
 1
 1
 1
 0
 0
 1
 1
 1
 1
 0.8147
 0.8903
 0.82608
 0.9954499999999999
 1.11226
 1.02583
 1.06976
 1.04894
 1.02
 0.99234
 0.96616
 0.97449
 0.9477
 0.97961
 0.98588
 0.9967200000000001
 1.03742
 0.96122
 0.98291
 0.99113
 0.99834
 1.03796
 0.9780799999999999
 1.01435
 0
 0
 0
 0
 0
 0
 0
 0
 0
 0
 0
 0
 0
 0
 0
 0
 0
 0
 0
 0
 0
 0
 0
 0
 0
 0
 0
 0
 0
 0
 0
 0
 0
 0
 0
 0
 0
 0
 0
 0
 0
 0
 0
 0
 0
 0
 0
 0
 0
 0
 0
 0
 0
 0
 0
 0
 0
 0
 0
 0
 0
 0
 0
 0
 0
 0
 0
 0
 0
 0
 0
 0
 0
 0
 0
 0
 0
 0
 0
 0
 0
 0
 0
 0
 0
 0
 0
 0
 0
 0
 0
 0
 0
 0
 0
 0
 0
 0
 0
 0
 0
 0
 0
 0
 0
 0
 0
 0
 0
 0
 0
 0
 0
 0
 0
 0
 0
 0
 0
 0
 0
 0
 0
 0
 0
 0
 0
 0
 0
 0
 0
 0
 0
 0
 0
 0
 0
 0
 0
 0
 0
 0
 0
 0
 0
 0
 0
 0
 0
 0
 0
 0
 1
 1
 1
 1
 1
 1
 1
 1
 1
 1
 1
 1
 1
 1
 1
 1
 1
 1
 1
 1
 1
 1
 1
 1
 1
 1
 1
 1
 0
 0
 0
 0
 0
 0
 0
 0
 0
 0
 0
 0
 0
 0
 0
 0
 0
 0
 0
 0
 0
 0
 0
 0
 0
 0
 0
 0
 0
 0
 0
 0
 0
 0
 0
 0
 0
 0
 0
 0
 0
 0
 0
 0
 0
 0
 0
 0
 0
 0
 0
 0
 0
 0
 0
 0
 0
 0
 0
 0


# name: vars
# type: matrix
# ndims: 3
 1 30 19
 0
 0
 0.07023799999999999
 0.046639
 0.032488
 0.041989
 0.003016
 0.002115
 0.001464
 0.008
 0.005123
 0.004545
 0.003846
 0.000925
 0.001595
 0.000751
 0.002542
 0.000673
 0.000604
 0.001139
 0.00063
 0.002124
 0.000998
 0.001099
 0.000914
 0.000845
 0.000392
 0.00079
 0.000736
 0.000296
 0
 0
 0
 0
 0
 0
 0.2
 0.05
 0.05
 0
 0
 0
 0
 0
 0.08889
 0.02639
 0
 0
 0
 0
 0
 0
 0
 0.008
 0.008
 0.008
 0.00556
 0.008
 0.00556
 0.00556
 0
 0
 0
 0
 0
 0
 0
 0
 0
 0
 0
 0
 0
 0
 0
 0
 0
 0
 0
 0
 0
 0
 0
 0
 0
 0
 0
 0
 0
 0
 0
 0
 0
 0
 0
 0
 0.045036
 0.023612
 0.012742
 0.000781
 0.002496
 0.001284
 0.001096
 0.001701
 0.000414
 0.0003
 5.7e-005
 5.4e-005
 4.7e-005
 7.8e-005
 3.5e-005
 3.4e-005
 0.000171
 0
 7.8e-005
 4.1e-005
 4.2e-005
 4.4e-005
 0
 9.3e-005
 0
 0
 0
 0
 0
 0
 0
 0
 0
 0
 0
 0
 0
 0
 0
 0
 0
 0
 0
 0
 0
 0
 0
 0
 0
 0
 0
 0
 0
 0
 0
 0
 0
 0
 0
 0
 0
 0
 0
 0
 0
 0
 0
 0
 0
 0
 0
 0
 0
 0
 0
 0
 0
 0
 0
 0
 0
 0
 0
 0
 0
 0
 0
 0
 0
 0
 0
 0
 0
 0
 0
 0
 0
 0
 0
 0
 0
 0
 0
 0
 0
 0
 0
 0
 0
 0
 0
 0
 0
 0
 0
 0
 0
 0
 0
 0
 0.030596
 0.015959
 0.01366
 0.004472
 0.002387
 0.001775
 0.002053
 0.004388
 0.002995
 0.000898
 0.001806
 0.0006310000000000001
 0.000323
 0.000335
 9.899999999999999e-005
 3.7e-005
 9.399999999999999e-005
 0.000192
 0.000168
 0.000115
 0.000135
 0.000306
 0.000306
 9.899999999999999e-005
 0
 0
 0
 0
 0
 0
 0
 0
 0
 0
 0
 0
 0
 0
 0
 0
 0
 0
 0
 0
 0
 0
 0
 0
 0
 0
 0
 0
 0
 0
 0
 0
 0
 0
 0
 0
 0
 0
 0
 0
 0
 0
 0
 0
 0
 0
 0
 0
 0
 0
 0
 0
 0
 0
 0
 0
 0
 0
 0
 0
 0
 0
 0
 0
 0
 0
 0
 0
 0
 0
 0
 0
 0
 0
 0
 0
 0
 0
 0
 0
 0
 0
 0
 0
 0
 0
 0
 0
 0
 0
 0
 0
 0
 0
 0
 0
 0
 0
 0
 0
 0
 0
 0
 0
 0
 0
 0
 0
 0
 0
 0
 0
 0
 0
 0
 0
 0
 0
 0
 0
 0
 0
 0
 0
 0
 0
 0
 0
 0
 0
 0
 0
 0
 0
 0
 0
 0
 0
 0
 0
 0
 0
 0
 0
 0
 0
 0
 0
 0
 0
 0
 0
 0
 0
 0
 0
 0
 0
 0
 0
 0
 0
 0
 0
 0
 0
 0
 0
 0
 0
 0
 0
 0
 0
 0
 0
 0
 0
 0
 0
 0
 0
 0
 0
 0
 0
 0
 0
 0
 0
 0
 0
 0
 0
 0
 0
 0
 0
 0
 0
 0
 0
 0
 0
 0
 0
 0
 0
 0
 0
 0
 0
 0
 0
 0
 0
 0
 0
 0
 0
 0
 0
 0
 0
 0
 0
 0
 0
 0
 0
 0
 0
 0
 0
 0
 0
 0
 0
 0
 0
 0
 0
 0
 0
 0
 0
 0
 0
 0
 0
 0
 0
 0
 0
 0
 0
 0
 0
 0
 0
 0
 0
 0
 0
 0
 0
 0
 0
 0
 0
 0
 0
 0
 0
 0
 0
 0
 0
 0
 0
 0
 0
 0
 0
 0
 0
 0
 0
 0
 0
 0
 0
 0
 0
 0
 0
 0
 0
 0
 0
 0
 0
 0
 0
 0
 0
 0
 0
 0
 0
 0
 0
 0
 0
 0
 0
 0
 0
 0
 0
 0
 0
 0
 0
 0
 0
 0
 0
 0
 0


