# Created by Octave 4.0.0, Sat Nov 21 16:31:54 2015 W. Europe Standard Time <unknown@Florian-PC>
# name: mus
# type: matrix
# ndims: 3
 1 30 19
 0
 0
 0.44444
 0.63942
 0.46829
 0.52941
 0.95074
 0.91827
 0.94203
 0.925
 0.95694
 0.95098
 0.97596
 0.97449
 0.97436
 0.97596
 0.98529
 0.98485
 0.98565
 0.985
 0.9841299999999999
 0.98485
 0.98551
 0.98438
 0.985
 0.98558
 0.9841299999999999
 0.98469
 0.98522
 0.95
 0
 0
 0.66667
 1
 0.6
 0.7
 0.7
 0.7
 0.7
 0.7
 0.73333
 0.66667
 0.6
 0.76667
 0.73333
 0.83333
 0.8833299999999999
 0.95
 0.83333
 0.9
 0.95
 0.96
 0.91
 0.92
 0.92
 0.92
 0.92667
 0.92667
 0.93333
 0.9
 0
 0
 0.81187
 0.89944
 0.7141999999999999
 0.85251
 0.73572
 0.6939
 0.70986
 0.75042
 0.73753
 0.70126
 0.8274899999999999
 0.85817
 0.85775
 0.8666700000000001
 0.79121
 0.85761
 0.88526
 0.89829
 0.93232
 0.93205
 0.95381
 0.94677
 0.94451
 0.95818
 0.94797
 0.95433
 0.96178
 0.93892
 0
 0
 0.5783
 0.88568
 0.73255
 0.70669
 0.66238
 0.75287
 0.69441
 0.6924
 0.68389
 0.70923
 0.7581
 0.81136
 0.81085
 0.83767
 0.8109499999999999
 0.81942
 0.85366
 0.883
 0.9148500000000001
 0.91905
 0.92391
 0.93018
 0.93527
 0.95702
 0.96223
 0.95556
 0.96134
 0.93381
 0
 0
 0.66667
 1
 0.2
 0.5
 0.71429
 0.625
 0.77778
 0.7
 0.63636
 0.75
 0.76923
 0.77778
 0.8
 1
 0.5
 1
 1
 1
 0
 1
 1
 1
 1
 1
 1
 1
 1
 1
 0
 0
 0.75905
 0.96549
 0.34492
 0.67835
 0.61494
 0.68307
 0.65889
 0.67488
 0.6389
 0.7050999999999999
 0.78388
 0.78479
 0.79874
 0.88611
 0.7476699999999999
 0.80293
 0.8797
 0.8747
 0.82231
 0.96383
 0.96379
 0.97281
 0.88244
 0.97346
 0.92265
 0.98875
 0.93704
 0.96698
 0
 0
 1
 0.79497
 0.79939
 0.86429
 0.74564
 0.75967
 0.75708
 0.77283
 0.78764
 0.7900199999999999
 0.82111
 0.83412
 0.80355
 0.85055
 0.83818
 0.87485
 0.86028
 0.87275
 0.91172
 0.88171
 0.8777700000000001
 0.9051
 0.91559
 0.92556
 0.93392
 0.92886
 0.96007
 0.94343
 0
 0
 0.60215
 0.82161
 0.71187
 0.75823
 0.61128
 0.72035
 0.6369
 0.6682900000000001
 0.64775
 0.69491
 0.73415
 0.75564
 0.77328
 0.77733
 0.76412
 0.78106
 0.79986
 0.81734
 0.85171
 0.85609
 0.87093
 0.86402
 0.8736
 0.88572
 0.89471
 0.89669
 0.90446
 0.87348
 0
 0
 0.94777
 0.90949
 0.9063099999999999
 0.92338
 0.92448
 0.90123
 0.93548
 0.93884
 0.93084
 0.9275600000000001
 0.91988
 0.91276
 0.91753
 0.91433
 0.90352
 0.90802
 0.90257
 0.90851
 0.91015
 0.9059199999999999
 0.89905
 0.90426
 0.91037
 0.91038
 0.92508
 0.91488
 0.91033
 0.91274
 0
 0
 0.73012
 0.97184
 0.49026
 0.77728
 0.60286
 0.6876
 0.63073
 0.67101
 0.64334
 0.50929
 0.82309
 0.85427
 0.87134
 0.8652
 0.83901
 0.8300999999999999
 0.8776
 0.88428
 0.93399
 0.95482
 0.92521
 0.87632
 0.9452199999999999
 0.89571
 0.95552
 0.96218
 0.96707
 0.92753
 0
 0
 1
 0.78925
 0.82739
 0.86428
 0.72717
 0.74002
 0.74804
 0.79361
 0.7803
 0.78531
 0.80899
 0.81004
 0.71961
 0.90589
 0.89331
 0.81031
 0.87395
 0.89266
 0.82578
 0.94375
 0.94928
 0.79582
 0.85807
 0.95871
 0.64293
 0.88029
 0.94259
 0.92869
 0
 0
 0
 0
 0
 0
 0
 0
 0
 0
 0
 0
 0
 0
 0
 0
 0
 0
 0
 0
 0
 0
 0
 0
 0
 0
 0
 0
 0
 0
 0
 0
 0
 0
 0
 0
 0
 0
 0
 0
 0
 0
 0
 0
 0
 0
 0
 0
 0
 0
 0
 0
 0
 0
 0
 0
 0
 0
 0
 0
 0
 0
 0
 0
 0
 0
 0
 0
 0
 0
 0
 0
 0
 0
 0
 0
 0
 0
 0
 0
 0
 0
 0
 0
 0
 0
 0
 0
 0
 0
 0
 0
 0
 0
 0
 0
 0
 0
 0
 0
 0
 0
 0
 0
 0
 0
 0
 0
 0
 0
 0
 0
 0
 0
 0
 0
 0
 0
 0
 0
 0
 0
 0
 0
 0
 0
 0
 0
 0
 0
 0
 0
 0
 0
 0
 0
 0
 0
 0
 0
 0
 0
 0
 0
 0
 0
 0
 0
 0
 0
 0
 0
 0.93443
 0.95884
 0.88252
 0.91498
 0.9139699999999999
 0.90007
 0.92148
 0.90926
 0.92204
 0.92791
 0.92115
 0.93183
 0.92497
 0.91022
 0.90602
 0.90537
 0.91053
 0.91037
 0.91366
 0.91035
 0.90227
 0.91091
 0.89989
 0.90563
 0.89558
 0.89363
 0.90121
 0.90609
 0
 0
 0
 0
 0
 0
 0
 0
 0
 0
 0
 0
 0
 0
 0
 0
 0
 0
 0
 0
 0
 0
 0
 0
 0
 0
 0
 0
 0
 0
 0
 0
 0
 0
 0
 0
 0
 0
 0
 0
 0
 0
 0
 0
 0
 0
 0
 0
 0
 0
 0
 0
 0
 0
 0
 0
 0
 0
 0
 0


