# Created by Octave 4.0.0, Sat Nov 21 16:31:33 2015 W. Europe Standard Time <unknown@Florian-PC>
# name: mus
# type: matrix
# ndims: 3
 1 30 19
 0
 0
 0.52174
 0.76442
 0.83902
 0.87255
 0.85714
 0.85577
 0.86473
 0.865
 0.86603
 0.85784
 0.97115
 0.96939
 0.96923
 0.96635
 0.96569
 0.96465
 0.88517
 0.965
 0.9682500000000001
 0.9697
 0.96618
 0.96354
 0.965
 0.96635
 0.96674
 0.96939
 0.96552
 0.97778
 0
 0
 0.66667
 1
 1
 0.7
 0.6
 0.9
 0.9
 0.9
 0.9
 0.9
 0.93333
 0.8
 0.8
 0.8666700000000001
 0.9
 1
 1
 1
 1
 1
 1
 1
 1
 1
 1
 1
 1
 1
 0
 0
 0.79186
 0.9307
 0.69199
 0.81617
 0.73181
 0.86885
 0.87379
 0.90629
 0.92688
 0.94046
 0.92538
 0.92931
 0.94126
 0.96494
 0.9647
 0.92616
 0.97565
 0.97329
 0.9696900000000001
 0.97875
 0.997
 0.98092
 0.98417
 0.99885
 0.9948900000000001
 0.98192
 0.99903
 0.99115
 0
 0
 0.5937
 0.9129
 0.83234
 0.84115
 0.7761400000000001
 0.86173
 0.9111900000000001
 0.89933
 0.91569
 0.93344
 0.91749
 0.92971
 0.93535
 0.96589
 0.96234
 0.97022
 0.97899
 0.98033
 0.98187
 0.98249
 0.98681
 0.98669
 0.98556
 0.98544
 0.98337
 0.9866
 0.98804
 0.98581
 0
 0
 0.66667
 1
 1
 1
 0.85714
 0.875
 0.88889
 0.9
 0.90909
 0.91667
 0.84615
 0.77778
 1
 1
 1
 1
 1
 1
 1
 1
 1
 1
 1
 1
 1
 1
 1
 1
 0
 0
 0.7222
 0.94128
 0.9295600000000001
 0.95035
 0.85632
 0.87675
 0.9039700000000001
 0.94858
 0.93551
 0.9482
 0.89691
 0.89273
 0.9402199999999999
 0.98564
 0.98465
 0.99335
 0.99646
 0.95321
 0.9958
 0.99607
 0.99913
 0.99709
 0.99568
 0.99826
 0.99869
 0.98728
 0.99983
 0.99688
 0
 0
 0.57859
 0.76009
 0.8099499999999999
 0.86708
 0.8166099999999999
 0.84823
 0.81381
 0.86084
 0.88291
 0.90005
 0.8808
 0.87097
 0.91523
 0.92245
 0.92716
 0.9106300000000001
 0.95873
 0.97272
 0.95267
 0.97743
 0.96796
 0.97977
 0.96028
 0.98497
 0.94843
 0.96613
 0.95887
 0.95122
 0
 0
 0.58333
 0.86947
 0.71433
 0.81738
 0.7246
 0.79917
 0.85872
 0.84896
 0.84729
 0.8648400000000001
 0.8683
 0.87801
 0.87438
 0.88447
 0.89391
 0.90107
 0.90165
 0.91939
 0.91919
 0.9196800000000001
 0.92383
 0.92735
 0.92883
 0.92777
 0.92436
 0.93136
 0.9267
 0.91977
 0
 0
 0.92913
 0.93994
 0.9045
 0.93767
 0.91386
 0.9243400000000001
 0.93406
 0.90735
 0.9084100000000001
 0.93612
 0.9178500000000001
 0.9252899999999999
 0.9200700000000001
 0.9247300000000001
 0.92646
 0.91523
 0.90352
 0.89994
 0.9093
 0.8989
 0.90595
 0.9077
 0.89678
 0.90935
 0.91107
 0.91282
 0.90061
 0.89945
 0
 0
 0.72903
 0.93568
 0.87654
 0.7813
 0.82682
 0.9275099999999999
 0.95483
 0.98192
 0.96096
 0.96732
 0.8636
 0.88357
 0.91958
 0.95319
 0.90016
 0.95741
 0.98927
 0.9950599999999999
 0.99366
 0.99751
 0.99905
 0.99848
 0.99909
 0.9982799999999999
 0.99764
 0.99816
 0.9991100000000001
 0.96728
 0
 0
 0.57859
 0.5785400000000001
 0.8274899999999999
 0.92722
 0.80064
 0.84151
 0.78424
 0.82681
 0.86207
 0.92521
 0.82134
 0.83311
 0.96694
 0.97033
 0.929
 0.89424
 0.89646
 0.91269
 0.98911
 0.91997
 0.96868
 0.9896200000000001
 0.98882
 0.93752
 0.98851
 0.54856
 0.95529
 0.97488
 0
 0
 0
 0
 0
 0
 0
 0
 0
 0
 0
 0
 0
 0
 0
 0
 0
 0
 0
 0
 0
 0
 0
 0
 0
 0
 0
 0
 0
 0
 0
 0
 0
 0
 0
 0
 0
 0
 0
 0
 0
 0
 0
 0
 0
 0
 0
 0
 0
 0
 0
 0
 0
 0
 0
 0
 0
 0
 0
 0
 0
 0
 0
 0
 0
 0
 0
 0
 0
 0
 0
 0
 0
 0
 0
 0
 0
 0
 0
 0
 0
 0
 0
 0
 0
 0
 0
 0
 0
 0
 0
 0
 0
 0
 0
 0
 0
 0
 0
 0
 0
 0
 0
 0
 0
 0
 0
 0
 0
 0
 0
 0
 0
 0
 0
 0
 0
 0
 0
 0
 0
 0
 0
 0
 0
 0
 0
 0
 0
 0
 0
 0
 0
 0
 0
 0
 0
 0
 0
 0
 0
 0
 0
 0
 0
 0
 0
 0
 0
 0
 0
 0
 0.89984
 0.86522
 0.9119
 0.90287
 0.91501
 0.92274
 0.91853
 0.92942
 0.9266799999999999
 0.9196800000000001
 0.92149
 0.92923
 0.90808
 0.91508
 0.8967000000000001
 0.92498
 0.91539
 0.91854
 0.90961
 0.91016
 0.91004
 0.90448
 0.90646
 0.89982
 0.91044
 0.90844
 0.91978
 0.89841
 0
 0
 0
 0
 0
 0
 0
 0
 0
 0
 0
 0
 0
 0
 0
 0
 0
 0
 0
 0
 0
 0
 0
 0
 0
 0
 0
 0
 0
 0
 0
 0
 0
 0
 0
 0
 0
 0
 0
 0
 0
 0
 0
 0
 0
 0
 0
 0
 0
 0
 0
 0
 0
 0
 0
 0
 0
 0
 0
 0


