# Created by Octave 4.0.0, Sat Nov 21 16:31:35 2015 W. Europe Standard Time <unknown@Florian-PC>
# name: mus
# type: matrix
# ndims: 3
 1 30 19
 0
 0
 0.66184
 0.65865
 0.65854
 0.65686
 0.65517
 0.64904
 0.65217
 0.97
 0.9760799999999999
 0.97549
 0.97596
 0.96939
 0.6974399999999999
 0.71635
 0.97549
 0.97475
 0.9760799999999999
 0.975
 0.97354
 0.96633
 0.94364
 0.97396
 0.9675
 0.97596
 0.97354
 0.97449
 0.97537
 0.97222
 0
 0
 1
 1
 1
 1
 1
 1
 1
 0.9
 0.9
 0.93333
 0.9
 0.93333
 1
 1
 0.93333
 0.95
 0.95
 0.95
 1
 1
 1
 0.96
 0.96
 0.96
 0.96667
 0.96667
 0.96
 0.96667
 0
 0
 1
 1
 1
 1
 1
 1
 1
 0.89675
 0.89001
 0.91105
 0.94359
 0.94034
 0.96665
 0.97067
 0.96608
 0.96832
 0.95516
 0.9673
 0.98134
 0.97948
 0.99053
 0.94654
 0.95782
 0.96637
 0.96289
 0.94643
 0.96189
 0.9534
 0
 0
 1
 1
 1
 1
 1
 1
 1
 0.86756
 0.82855
 0.82916
 0.91268
 0.9163
 0.96452
 0.9629799999999999
 0.93686
 0.94013
 0.94718
 0.95326
 0.9544899999999999
 0.95708
 0.9619799999999999
 0.96247
 0.95534
 0.95548
 0.9593699999999999
 0.9576
 0.95641
 0.95669
 0
 0
 1
 1
 1
 1
 1
 1
 1
 0.9
 0.90909
 0.83333
 0.92308
 0.88889
 1
 1
 1
 1
 1
 1
 1
 1
 1
 1
 1
 1
 1
 1
 1
 1
 0
 0
 1
 1
 1
 1
 1
 1
 1
 0.86712
 0.89345
 0.84776
 0.91819
 0.91309
 0.98748
 0.97978
 0.976
 0.9294
 0.97832
 0.88206
 0.97758
 0.97062
 0.94965
 0.9946
 0.91819
 0.97756
 0.97986
 0.98742
 0.94451
 0.98812
 0
 0
 1
 1
 1
 1
 1
 1
 1
 0.85281
 0.86463
 0.8626200000000001
 0.92813
 0.94364
 0.93321
 0.91034
 0.94467
 0.94208
 0.91142
 0.95273
 0.97157
 0.95636
 0.9462
 0.97279
 0.94171
 0.94928
 0.97197
 0.96883
 0.97355
 0.9736399999999999
 0
 0
 1
 1
 1
 1
 1
 1
 1
 0.81394
 0.80807
 0.83526
 0.88063
 0.88212
 0.90138
 0.89367
 0.88075
 0.89261
 0.89137
 0.90537
 0.90291
 0.90543
 0.91798
 0.91146
 0.91127
 0.90881
 0.8930900000000001
 0.9122
 0.89725
 0.89303
 0
 0
 0.948
 0.93823
 0.87844
 0.89347
 0.90451
 0.89429
 0.91518
 0.9178500000000001
 0.91811
 0.94342
 0.92262
 0.9147
 0.91277
 0.91166
 0.90439
 0.91828
 0.9072
 0.91653
 0.90298
 0.90666
 0.9013099999999999
 0.90284
 0.91684
 0.90668
 0.90718
 0.90832
 0.90901
 0.90555
 0
 0
 1
 1
 1
 1
 1
 1
 1
 0.82486
 0.84754
 0.86552
 0.89044
 0.89682
 0.97321
 0.98842
 0.90548
 0.95497
 0.9527
 0.97045
 0.95862
 0.9681999999999999
 0.97548
 0.96448
 0.94794
 0.952
 0.94503
 0.96771
 0.72375
 0.90908
 0
 0
 1
 1
 1
 1
 1
 1
 1
 0.83584
 0.7825
 0.91328
 0.92494
 0.94896
 0.96584
 0.8752799999999999
 0.69151
 0.88537
 0.88335
 0.90021
 0.984
 0.91649
 0.97966
 0.9362200000000001
 0.93606
 0.93837
 0.94783
 0.94393
 0.94554
 0.94731
 0
 0
 0
 0
 0
 0
 0
 0
 0
 0
 0
 0
 0
 0
 0
 0
 0
 0
 0
 0
 0
 0
 0
 0
 0
 0
 0
 0
 0
 0
 0
 0
 0
 0
 0
 0
 0
 0
 0
 0
 0
 0
 0
 0
 0
 0
 0
 0
 0
 0
 0
 0
 0
 0
 0
 0
 0
 0
 0
 0
 0
 0
 0
 0
 0
 0
 0
 0
 0
 0
 0
 0
 0
 0
 0
 0
 0
 0
 0
 0
 0
 0
 0
 0
 0
 0
 0
 0
 0
 0
 0
 0
 0
 0
 0
 0
 0
 0
 0
 0
 0
 0
 0
 0
 0
 0
 0
 0
 0
 0
 0
 0
 0
 0
 0
 0
 0
 0
 0
 0
 0
 0
 0
 0
 0
 0
 0
 0
 0
 0
 0
 0
 0
 0
 0
 0
 0
 0
 0
 0
 0
 0
 0
 0
 0
 0
 0
 0
 0
 0
 0
 0
 0.95228
 0.91996
 0.90769
 0.91473
 0.94008
 0.93375
 0.91155
 0.92698
 0.90768
 0.92705
 0.93209
 0.9081
 0.92644
 0.9160700000000001
 0.90947
 0.90654
 0.90711
 0.91434
 0.90417
 0.90544
 0.91438
 0.90735
 0.91658
 0.90098
 0.89095
 0.9029199999999999
 0.9100200000000001
 0.90469
 0
 0
 0
 0
 0
 0
 0
 0
 0
 0
 0
 0
 0
 0
 0
 0
 0
 0
 0
 0
 0
 0
 0
 0
 0
 0
 0
 0
 0
 0
 0
 0
 0
 0
 0
 0
 0
 0
 0
 0
 0
 0
 0
 0
 0
 0
 0
 0
 0
 0
 0
 0
 0
 0
 0
 0
 0
 0
 0
 0


# name: vars
# type: matrix
# ndims: 3
 1 30 19
 0
 0
 0.08331
 0.053992
 0.030488
 0.041989
 0.028451
 0.018774
 0.020544
 0.002211
 0.00261
 0.0024
 0.002145
 0.001346
 0.01453
 0.010817
 0.000917
 0.001459
 0.000755
 0.000694
 0.001197
 0.002972
 0.011733
 0.000465
 0.001593
 0.000819
 0.000784
 0.000729
 0.001076
 0.001074
 0
 0
 0
 0
 0
 0
 0
 0
 0
 0.05
 0.05
 0.022222
 0.05
 0.022222
 0
 0
 0.022222
 0.0125
 0.0125
 0.0125
 0
 0
 0
 0.008
 0.008
 0.008
 0.005556
 0.005556
 0.008
 0.005556
 0
 0
 0
 0
 0
 0
 0
 0
 0
 0
 0
 0
 0
 0
 0
 0
 0
 0
 0
 0
 0
 0
 0
 0
 0
 0
 0
 0
 0
 0
 0
 0
 0
 0
 0
 0
 0
 0
 0
 0.010851
 0.01988
 0.019036
 0.005605
 0.006245
 0.001665
 0.002171
 0.003532
 0.003413
 0.002906
 0.002576
 0.002488
 0.00174
 0.002007
 0.001554
 0.002022
 0.001359
 0.00124
 0.002533
 0.002053
 0.00238
 0
 0
 0.004581
 0.018675
 0.011783
 0.015095
 0.012828
 0.010113
 0.012885
 0.01041
 0.011508
 0.013546
 0.010322
 0.013812
 0.014338
 0.012292
 0.012426
 0.012412
 0.010133
 0.012797
 0.011903
 0.01199
 0.013371
 0.010715
 0.01449
 0.012058
 0.010987
 0.014235
 0.013561
 0.012029
 0
 0
 0
 0
 0
 0
 0
 0
 0
 0
 0
 0
 0
 0
 0
 0
 0
 0
 0
 0
 0
 0
 0
 0
 0
 0
 0
 0
 0
 0
 0
 0
 0
 0
 0
 0
 0
 0
 0
 0
 0
 0
 0
 0
 0
 0
 0
 0
 0
 0
 0
 0
 0
 0
 0
 0
 0
 0
 0
 0
 0
 0
 0
 0
 0
 0
 0
 0
 0
 0.00958
 0.013142
 0.009254999999999999
 0.006343
 0.006917
 0.011211
 0.011736
 0.014319
 0.009702000000000001
 0.01243
 0.010513
 0.011462
 0.011783
 0.009357000000000001
 0.014119
 0.012083
 0.010453
 0.017278
 0.011519
 0.016929
 0.016698
 0
 0
 0.006705
 0.007362
 0.016856
 0.017066
 0.012343
 0.017128
 0.014036
 0.014033
 0.012725
 0.010029
 0.0126
 0.014623
 0.0135
 0.011921
 0.014376
 0.011377
 0.011692
 0.010526
 0.013203
 0.0121
 0.011926
 0.011899
 0.011389
 0.014117
 0.013655
 0.012719
 0.011724
 0.012232
 0
 0
 0
 0
 0
 0
 0
 0
 0
 0
 0
 0
 0
 0
 0
 0
 0
 0
 0
 0
 0
 0
 0
 0
 0
 0
 0
 0
 0
 0
 0
 0
 0
 0
 0
 0
 0
 0
 0
 0
 0
 0
 0
 0
 0
 0
 0
 0
 0
 0
 0
 0
 0
 0
 0
 0
 0
 0
 0
 0
 0
 0
 0
 0
 0
 0
 0
 0
 0
 0
 0
 0
 0
 0
 0
 0
 0
 0
 0
 0
 0
 0
 0
 0
 0
 0
 0
 0
 0
 0
 0
 0
 0
 0
 0
 0
 0
 0
 0
 0
 0
 0
 0
 0
 0
 0
 0
 0
 0
 0
 0
 0
 0
 0
 0
 0
 0
 0
 0
 0
 0
 0
 0
 0
 0
 0
 0
 0
 0
 0
 0
 0
 0
 0
 0
 0
 0
 0
 0
 0
 0
 0
 0
 0
 0
 0
 0
 0
 0
 0
 0
 0
 0
 0
 0
 0
 0
 0
 0
 0
 0
 0
 0
 0
 0
 0
 0
 0
 0
 0
 0
 0
 0
 0
 0
 0
 0
 0
 0
 0
 0
 0
 0
 0
 0
 0
 0
 0
 0
 0
 0
 0
 0
 0
 0
 0
 0
 0
 0
 0
 0
 0
 0
 0
 0
 0
 0
 0
 0
 0
 0
 0
 0.011206
 0.010435
 0.012208
 0.014182
 0.009068
 0.008943
 0.01419
 0.013144
 0.015951
 0.01098
 0.011729
 0.014029
 0.009799
 0.014195
 0.012816
 0.013337
 0.013732
 0.012729
 0.014927
 0.013463
 0.011974
 0.01347
 0.01056
 0.014093
 0.014906
 0.011016
 0.010967
 0.013679
 0
 0
 0
 0
 0
 0
 0
 0
 0
 0
 0
 0
 0
 0
 0
 0
 0
 0
 0
 0
 0
 0
 0
 0
 0
 0
 0
 0
 0
 0
 0
 0
 0
 0
 0
 0
 0
 0
 0
 0
 0
 0
 0
 0
 0
 0
 0
 0
 0
 0
 0
 0
 0
 0
 0
 0
 0
 0
 0
 0


