# Created by Octave 4.0.0, Sat Nov 21 16:31:37 2015 W. Europe Standard Time <unknown@Florian-PC>
# name: mus
# type: matrix
# ndims: 3
 1 30 19
 0
 0
 0.87923
 0.94231
 0.94146
 0.95588
 0.93596
 0.95192
 0.95169
 0.97
 0.9760799999999999
 0.98039
 0.98077
 0.97959
 0.96923
 0.97115
 0.97059
 0.96717
 0.9760799999999999
 0.97
 0.9682500000000001
 0.9697
 0.97101
 0.96701
 0.97
 0.97596
 0.9720299999999999
 0.97449
 0.9802999999999999
 0.97778
 0
 0
 0.66667
 0.75
 0.6
 1
 0.4
 0.6
 0.7
 0.8
 0.8
 0.83333
 0.83333
 0.8666700000000001
 0.8666700000000001
 0.8833299999999999
 0.9
 0.9
 0.8833299999999999
 0.9
 0.91
 0.91
 0.96
 0.92
 0.96
 0.96
 0.92667
 0.92667
 0.93333
 0.93333
 0
 0
 0.80246
 0.77525
 0.76349
 0.75919
 0.75919
 0.74821
 0.8401
 0.8386
 0.8218800000000001
 0.88164
 0.90199
 0.91573
 0.86573
 0.88352
 0.90923
 0.9097
 0.93324
 0.92199
 0.91919
 0.93972
 0.94278
 0.93168
 0.92876
 0.95964
 0.95001
 0.96268
 0.9363899999999999
 0.95633
 0
 0
 0.61112
 0.78672
 0.80167
 0.79226
 0.7214
 0.76679
 0.83025
 0.88402
 0.8893799999999999
 0.90287
 0.89399
 0.9194600000000001
 0.85939
 0.95862
 0.96452
 0.95892
 0.96637
 0.96302
 0.9683
 0.96959
 0.97557
 0.97315
 0.97451
 0.97978
 0.97984
 0.97941
 0.97826
 0.97693
 0
 0
 1
 1
 0.6
 0.83333
 0.71429
 0.875
 0.88889
 1
 0.90909
 0.75
 0.84615
 0.77778
 1
 1
 1
 1
 1
 1
 1
 1
 1
 1
 1
 1
 1
 1
 1
 1
 0
 0
 1.30006
 1.19048
 0.7
 0.73333
 0.66548
 0.87679
 0.92361
 0.9934500000000001
 0.91894
 0.8178
 0.85897
 0.83854
 1.01853
 1.02123
 1.00949
 1.00107
 0.95946
 1.05319
 0.85992
 1.06944
 1.02273
 1.01786
 1
 1
 1.0625
 0.875
 1
 1
 0
 0
 0.36788
 0.64323
 0.91034
 0.73137
 0.76701
 0.7798
 0.75762
 0.89364
 0.91227
 0.91777
 0.8974299999999999
 0.90176
 0.9123599999999999
 0.90715
 0.90987
 0.91919
 0.9307299999999999
 0.95895
 0.94554
 0.93371
 0.95738
 0.9579800000000001
 0.9405
 0.93834
 0.94958
 0.97363
 0.95336
 0.96163
 0
 0
 0.61112
 0.7282
 0.68371
 0.73721
 0.74939
 0.83077
 0.81328
 0.8465
 0.88933
 0.90793
 0.91939
 0.93999
 0.90798
 0.9422199999999999
 0.95086
 0.95929
 0.96004
 0.95897
 0.95113
 0.96957
 0.96991
 0.97088
 0.97406
 0.97262
 0.97472
 0.96978
 0.97181
 0.97153
 0
 0
 1
 1
 1
 1
 1
 1
 1
 1
 1
 1
 1
 1
 1
 1
 1
 1
 1
 1
 1
 1
 1
 1
 1
 1
 1
 1
 1
 1
 0
 0
 1.30006
 1.0965
 0.70769
 0.56623
 0.63512
 0.69983
 0.82161
 0.92653
 0.91651
 0.84262
 0.9169
 0.86197
 0.83956
 0.87821
 0.94312
 0.92296
 0.9533700000000001
 1.11841
 1.07753
 1.05749
 0.95206
 1.10203
 1
 1
 1.03008
 0.99983
 1
 0.99268
 0
 0
 0.36788
 0.64323
 0.93314
 0.79972
 0.81595
 0.82469
 0.72927
 0.84621
 0.80708
 1.07455
 1.06481
 0.89533
 0.86183
 0.90707
 0.94311
 0.95235
 0.9410500000000001
 0.95997
 0.92563
 0.98866
 0.99214
 0.9302
 0.96404
 1.03641
 0.94131
 0.94746
 1.03162
 0.96916
 0
 0
 0
 0
 0
 0
 0
 0
 0
 0
 0
 0
 0
 0
 0
 0
 0
 0
 0
 0
 0
 0
 0
 0
 0
 0
 0
 0
 0
 0
 0
 0
 0
 0
 0
 0
 0
 0
 0
 0
 0
 0
 0
 0
 0
 0
 0
 0
 0
 0
 0
 0
 0
 0
 0
 0
 0
 0
 0
 0
 0
 0
 0
 0
 0
 0
 0
 0
 0
 0
 0
 0
 0
 0
 0
 0
 0
 0
 0
 0
 0
 0
 0
 0
 0
 0
 0
 0
 0
 0
 0
 0
 0
 0
 0
 0
 0
 0
 0
 0
 0
 0
 0
 0
 0
 0
 0
 0
 0
 0
 0
 0
 0
 0
 0
 0
 0
 0
 0
 0
 0
 0
 0
 0
 0
 0
 0
 0
 0
 0
 0
 0
 0
 0
 0
 0
 0
 0
 0
 0
 0
 0
 0
 0
 0
 0
 0
 0
 0
 0
 0
 0
 1
 1
 1
 1
 1
 1
 1
 1
 1
 1
 1
 1
 1
 1
 1
 1
 1
 1
 1
 1
 1
 1
 1
 1
 1
 1
 1
 1
 0
 0
 0
 0
 0
 0
 0
 0
 0
 0
 0
 0
 0
 0
 0
 0
 0
 0
 0
 0
 0
 0
 0
 0
 0
 0
 0
 0
 0
 0
 0
 0
 0
 0
 0
 0
 0
 0
 0
 0
 0
 0
 0
 0
 0
 0
 0
 0
 0
 0
 0
 0
 0
 0
 0
 0
 0
 0
 0
 0


# name: vars
# type: matrix
# ndims: 3
 1 30 19
 0
 0
 0.029317
 0.011312
 0.010488
 0.00557
 0.008142999999999999
 0.008846
 0.003172
 0.003263
 0.001692
 0.001328
 0.001183
 0.001121
 0.001937
 0.001703
 0.001573
 0.002904
 0.002972
 0.001222
 0.001134
 0.001033
 0.00189
 0.000437
 0.002171
 0.000819
 0.00038
 0.001154
 0.00034
 0.000741
 0
 0
 0.33333
 0.25
 0.3
 0
 0.3
 0.175
 0.075
 0.075
 0.075
 0.05556
 0.05556
 0.03333
 0.03333
 0.02639
 0.05
 0.01875
 0.02639
 0.01875
 0.0155
 0.0155
 0.008
 0.012
 0.008
 0.008
 0.01022
 0.01022
 0.008330000000000001
 0.008330000000000001
 0
 0
 0
 0
 0
 0
 0
 0
 0
 0
 0
 0
 0
 0
 0
 0
 0
 0
 0
 0
 0
 0
 0
 0
 0
 0
 0
 0
 0
 0
 0
 0
 0.22048
 0.13067
 0.09482
 0.07166
 0.04813
 0.04832
 0.03482
 0.02525
 0.02363
 0.0206
 0.02065
 0.01621
 0.02933
 0.00874
 0.00704
 0.00741
 0.00645
 0.0075
 0.00618
 0.00563
 0.00375
 0.00542
 0.00482
 0.00339
 0.00369
 0.00371
 0.0042
 0.00407
 0
 0
 0
 0
 0
 0
 0
 0
 0
 0
 0
 0
 0
 0
 0
 0
 0
 0
 0
 0
 0
 0
 0
 0
 0
 0
 0
 0
 0
 0
 0
 0
 0
 0
 0
 0
 0
 0
 0
 0
 0
 0
 0
 0
 0
 0
 0
 0
 0
 0
 0
 0
 0
 0
 0
 0
 0
 0
 0
 0
 0
 0
 0
 0
 0
 0
 0
 0
 0
 0
 0
 0
 0
 0
 0
 0
 0
 0
 0
 0
 0
 0
 0
 0
 0
 0
 0
 0
 0
 0
 0
 0
 0.22048
 0.12498
 0.08439000000000001
 0.0563
 0.02768
 0.01841
 0.02096
 0.01838
 0.01909
 0.01726
 0.01693
 0.01135
 0.01671
 0.01216
 0.0127
 0.01116
 0.01119
 0.01041
 0.01368
 0.00516
 0.00615
 0.00558
 0.00388
 0.00576
 0.00415
 0.00493
 0.00524
 0.005
 0
 0
 0
 0
 0
 0
 0
 0
 0
 0
 0
 0
 0
 0
 0
 0
 0
 0
 0
 0
 0
 0
 0
 0
 0
 0
 0
 0
 0
 0
 0
 0
 0
 0
 0
 0
 0
 0
 0
 0
 0
 0
 0
 0
 0
 0
 0
 0
 0
 0
 0
 0
 0
 0
 0
 0
 0
 0
 0
 0
 0
 0
 0
 0
 0
 0
 0
 0
 0
 0
 0
 0
 0
 0
 0
 0
 0
 0
 0
 0
 0
 0
 0
 0
 0
 0
 0
 0
 0
 0
 0
 0
 0
 0
 0
 0
 0
 0
 0
 0
 0
 0
 0
 0
 0
 0
 0
 0
 0
 0
 0
 0
 0
 0
 0
 0
 0
 0
 0
 0
 0
 0
 0
 0
 0
 0
 0
 0
 0
 0
 0
 0
 0
 0
 0
 0
 0
 0
 0
 0
 0
 0
 0
 0
 0
 0
 0
 0
 0
 0
 0
 0
 0
 0
 0
 0
 0
 0
 0
 0
 0
 0
 0
 0
 0
 0
 0
 0
 0
 0
 0
 0
 0
 0
 0
 0
 0
 0
 0
 0
 0
 0
 0
 0
 0
 0
 0
 0
 0
 0
 0
 0
 0
 0
 0
 0
 0
 0
 0
 0
 0
 0
 0
 0
 0
 0
 0
 0
 0
 0
 0
 0
 0
 0
 0
 0
 0
 0
 0
 0
 0
 0
 0
 0
 0
 0
 0
 0
 0
 0
 0
 0
 0
 0
 0
 0
 0
 0
 0
 0
 0
 0
 0
 0
 0
 0
 0
 0
 0
 0
 0
 0
 0
 0
 0
 0
 0
 0
 0
 0
 0
 0
 0
 0
 0
 0
 0
 0
 0
 0
 0
 0
 0
 0
 0
 0
 0
 0
 0
 0
 0
 0
 0
 0
 0
 0
 0
 0
 0
 0
 0
 0
 0
 0
 0
 0
 0
 0
 0
 0
 0
 0
 0
 0
 0
 0
 0
 0
 0
 0
 0
 0
 0
 0
 0
 0
 0
 0
 0
 0
 0
 0
 0
 0
 0
 0
 0
 0
 0
 0


