# Created by Octave 4.0.0, Sat Nov 21 16:31:28 2015 W. Europe Standard Time <unknown@Florian-PC>
# name: mus
# type: matrix
# ndims: 3
 1 30 19
 0
 0
 0.77778
 0.97596
 0.96585
 0.7549
 0.57635
 0.61058
 0.65217
 0.6
 0.8325399999999999
 0.85294
 0.87981
 0.88776
 0.87179
 0.87981
 0.84395
 0.84848
 0.85167
 0.835
 0.83069
 0.91077
 0.95169
 0.94618
 0.95
 0.96154
 0.95767
 0.95918
 0.94511
 0.95556
 0
 0
 0.66667
 1
 1
 0.7
 0.7
 0.7
 0.8
 0.9
 0.8
 0.8
 0.8
 1
 1
 1
 1
 1
 1
 1
 1
 0.96
 0.91
 0.92
 0.96
 0.92
 0.96667
 0.96667
 0.96667
 0.96667
 0
 0
 0.84197
 0.88762
 0.89236
 0.78714
 0.81458
 0.86515
 0.8589599999999999
 0.91185
 0.82777
 0.87103
 0.90795
 0.9350000000000001
 0.90678
 0.95322
 0.95361
 0.98124
 0.99143
 0.9705
 0.99112
 0.9549299999999999
 0.96372
 0.95634
 0.9706399999999999
 0.98225
 0.9789099999999999
 0.97432
 0.98317
 0.9761
 0
 0
 0.99133
 0.83424
 0.78978
 0.66343
 0.72777
 0.74685
 0.80531
 0.84641
 0.79115
 0.86921
 0.85316
 0.86145
 0.87268
 0.8871
 0.90221
 0.91196
 0.92426
 0.93148
 0.93438
 0.90967
 0.90643
 0.91387
 0.91648
 0.92388
 0.92266
 0.92741
 0.9301700000000001
 0.93828
 0
 0
 0.66667
 1
 1
 0.83333
 0.57143
 0.375
 0.77778
 0.8
 0.90909
 1
 1
 1
 1
 1
 1
 1
 1
 1
 1
 1
 1
 1
 1
 1
 1
 1
 0
 1
 0
 0
 0.71354
 0.59646
 0.9789099999999999
 0.66461
 0.73643
 0.75163
 0.79289
 0.81689
 0.79555
 0.95056
 0.82154
 0.81081
 0.97142
 0.95417
 0.86164
 0.9517600000000001
 0.88506
 0.88378
 0.90608
 0.92613
 0.8901
 0.89942
 0.8844
 0.8996
 0.86915
 0.99051
 0.90839
 0.99376
 0
 0
 0.78929
 0.74581
 0.7745
 0.78981
 0.8056
 0.7906
 0.82944
 0.80905
 0.82261
 0.8440299999999999
 0.82317
 0.85717
 0.88625
 0.89758
 0.89458
 0.8973100000000001
 0.90447
 0.92469
 0.9427
 0.9085800000000001
 0.89837
 0.94038
 0.9862300000000001
 0.901
 0.9214599999999999
 0.9452700000000001
 0.90513
 0.98821
 0
 0
 0.99512
 0.77605
 0.76744
 0.64352
 0.74865
 0.75096
 0.79095
 0.82004
 0.79818
 0.84956
 0.8264899999999999
 0.85067
 0.8651799999999999
 0.87524
 0.89693
 0.9222
 0.93386
 0.93398
 0.94856
 0.92765
 0.92664
 0.92739
 0.94113
 0.94391
 0.94154
 0.94609
 0.9514
 0.95341
 0
 0
 0.99992
 1
 1
 1
 1
 1
 1
 1
 1
 1
 0.99395
 0.98366
 0.97482
 0.97324
 0.97546
 0.97299
 0.97277
 0.96377
 0.96227
 0.9573
 0.95369
 0.95624
 0.9466599999999999
 0.95888
 0.94757
 0.9504899999999999
 0.94194
 0.94263
 0
 0
 0.73321
 0.57663
 0.97782
 0.60987
 0.75273
 0.72529
 0.7649
 0.81914
 0.86792
 0.81124
 0.80729
 0.88362
 0.91155
 0.90527
 0.89163
 0.9819
 0.90639
 0.92846
 0.94277
 0.91072
 0.91528
 0.9215
 0.99146
 0.94611
 0.94129
 0.96106
 0.94399
 0.94926
 0
 0
 0.78929
 0.74695
 0.75312
 0.77161
 0.74302
 0.77944
 0.80798
 0.76803
 0.79437
 0.80576
 0.8027300000000001
 0.8286
 0.85589
 0.85629
 0.86711
 0.86152
 0.87609
 0.89277
 0.89133
 0.89457
 0.93753
 0.8892099999999999
 0.9382
 0.9139
 0.96576
 0.90956
 0.96326
 0.9857
 0
 0
 0
 0
 0
 0
 0
 0
 0
 0
 0
 0
 0
 0
 0
 0
 0
 0
 0
 0
 0
 0
 0
 0
 0
 0
 0
 0
 0
 0
 0
 0
 0
 0
 0
 0
 0
 0
 0
 0
 0
 0
 0
 0
 0
 0
 0
 0
 0
 0
 0
 0
 0
 0
 0
 0
 0
 0
 0
 0
 0
 0
 0
 0
 0
 0
 0
 0
 0
 0
 0
 0
 0
 0
 0
 0
 0
 0
 0
 0
 0
 0
 0
 0
 0
 0
 0
 0
 0
 0
 0
 0
 0
 0
 0
 0
 0
 0
 0
 0
 0
 0
 0
 0
 0
 0
 0
 0
 0
 0
 0
 0
 0
 0
 0
 0
 0
 0
 0
 0
 0
 0
 0
 0
 0
 0
 0
 0
 0
 0
 0
 0
 0
 0
 0
 0
 0
 0
 0
 0
 0
 0
 0
 0
 0
 0
 0
 0
 0
 0
 0
 0
 0.99999
 1
 1
 1
 1
 1
 1
 0.99778
 1
 0.98775
 0.99414
 0.983
 0.9809
 0.9762999999999999
 0.96985
 0.97299
 0.97801
 0.97148
 0.96797
 0.96062
 0.9604
 0.9546
 0.95374
 0.95863
 0.94929
 0.96414
 0.94351
 0.93264
 0
 0
 0
 0
 0
 0
 0
 0
 0
 0
 0
 0
 0
 0
 0
 0
 0
 0
 0
 0
 0
 0
 0
 0
 0
 0
 0
 0
 0
 0
 0
 0
 0
 0
 0
 0
 0
 0
 0
 0
 0
 0
 0
 0
 0
 0
 0
 0
 0
 0
 0
 0
 0
 0
 0
 0
 0
 0
 0
 0


