# Created by Octave 4.0.0, Sat Nov 21 16:31:52 2015 W. Europe Standard Time <unknown@Florian-PC>
# name: mus
# type: matrix
# ndims: 3
 1 30 19
 0
 0
 0.66667
 0.72115
 0.90244
 0.90196
 0.91626
 0.9375
 0.91787
 0.95
 0.9043099999999999
 0.97059
 0.95192
 0.97449
 0.95897
 0.97115
 0.96569
 0.96717
 0.93301
 0.915
 0.9206299999999999
 0.90572
 0.92271
 0.91667
 0.925
 0.92788
 0.91761
 0.91837
 0.93526
 0.95
 0
 0
 0.66667
 0.75
 0.4
 0.5
 0.6
 0.8
 0.9
 0.9
 0.9
 0.9
 0.93333
 0.93333
 0.93333
 0.93333
 0.93333
 0.95
 0.9
 0.9
 0.95
 0.95
 0.96
 1
 0.96
 0.96
 0.96667
 0.96
 0.96667
 0.96667
 0
 0
 0.73019
 0.80947
 0.68824
 0.73767
 0.71976
 0.72378
 0.77705
 0.79987
 0.80667
 0.7964
 0.92265
 0.8972
 0.89193
 0.93358
 0.91928
 0.91315
 0.91781
 0.91592
 0.93804
 0.94274
 0.94528
 0.95871
 0.96251
 0.95128
 0.95848
 0.95774
 0.95206
 0.97155
 0
 0
 0.80344
 0.70623
 0.54895
 0.57576
 0.56752
 0.6339900000000001
 0.74507
 0.75848
 0.76655
 0.78264
 0.80328
 0.8182700000000001
 0.8329800000000001
 0.84351
 0.8445
 0.86137
 0.84228
 0.8647
 0.86595
 0.87884
 0.88974
 0.89203
 0.88995
 0.90185
 0.91166
 0.9085299999999999
 0.90487
 0.89842
 0
 0
 0
 1
 0.2
 0.16667
 0.57143
 0.625
 0.77778
 1
 1
 0.91667
 1
 0.88889
 1
 1
 1
 1
 1
 1
 1
 1
 1
 1
 1
 1
 1
 1
 1
 1
 0
 0
 0.16667
 0.65235
 0.45413
 0.45977
 0.59389
 0.64632
 0.70233
 0.8618
 0.81787
 0.74762
 0.77225
 0.78187
 0.7635999999999999
 0.89289
 0.77981
 0.79408
 0.94579
 0.94898
 0.8632300000000001
 0.8254
 0.8887699999999999
 0.9174099999999999
 0.83291
 0.92309
 0.96997
 0.88449
 0.95692
 0.83057
 0
 0
 0.36788
 0.73748
 0.67275
 0.81747
 0.7716499999999999
 0.78149
 0.7991200000000001
 0.79658
 0.8354
 0.78283
 0.81973
 0.83927
 0.86085
 0.85522
 0.80889
 0.82529
 0.8457
 0.8877
 0.9258999999999999
 0.8504
 0.8950399999999999
 0.8606200000000001
 0.8525
 0.92164
 0.93753
 0.9122
 0.8682800000000001
 0.88524
 0
 0
 0.7993400000000001
 0.70037
 0.53046
 0.62626
 0.60593
 0.68649
 0.7158
 0.73892
 0.76628
 0.75749
 0.79564
 0.81025
 0.82623
 0.8526
 0.84819
 0.8716
 0.85282
 0.8938
 0.88947
 0.8965
 0.90548
 0.91221
 0.92143
 0.92635
 0.92871
 0.92863
 0.91858
 0.92542
 0
 0
 0.99998
 1
 1
 1
 1
 1
 1
 1
 1
 0.99999
 0.99569
 0.9898400000000001
 0.97392
 0.9741300000000001
 0.9699
 0.97618
 0.96924
 0.96377
 0.96113
 0.96745
 0.95997
 0.95539
 0.95778
 0.96412
 0.94746
 0.95453
 0.96036
 0.95061
 0
 0
 0.16665
 0.7831900000000001
 0.51647
 0.60621
 0.60389
 0.7589399999999999
 0.75943
 0.73137
 0.73387
 0.8236
 0.75729
 0.7937
 0.90222
 0.82119
 0.83075
 0.81976
 0.95985
 0.97877
 0.85481
 0.87465
 0.88695
 0.93452
 0.91365
 0.91615
 0.98721
 0.9275099999999999
 0.91432
 0.91906
 0
 0
 0.36788
 0.71952
 0.68524
 0.81824
 0.70061
 0.7478399999999999
 0.81088
 0.80607
 0.7617
 0.77263
 0.78708
 0.80765
 0.81423
 0.8317600000000001
 0.81963
 0.83043
 0.84822
 0.85385
 0.84953
 0.84463
 0.86204
 0.86234
 0.88152
 0.88015
 0.90023
 0.89878
 0.86932
 0.87984
 0
 0
 0
 0
 0
 0
 0
 0
 0
 0
 0
 0
 0
 0
 0
 0
 0
 0
 0
 0
 0
 0
 0
 0
 0
 0
 0
 0
 0
 0
 0
 0
 0
 0
 0
 0
 0
 0
 0
 0
 0
 0
 0
 0
 0
 0
 0
 0
 0
 0
 0
 0
 0
 0
 0
 0
 0
 0
 0
 0
 0
 0
 0
 0
 0
 0
 0
 0
 0
 0
 0
 0
 0
 0
 0
 0
 0
 0
 0
 0
 0
 0
 0
 0
 0
 0
 0
 0
 0
 0
 0
 0
 0
 0
 0
 0
 0
 0
 0
 0
 0
 0
 0
 0
 0
 0
 0
 0
 0
 0
 0
 0
 0
 0
 0
 0
 0
 0
 0
 0
 0
 0
 0
 0
 0
 0
 0
 0
 0
 0
 0
 0
 0
 0
 0
 0
 0
 0
 0
 0
 0
 0
 0
 0
 0
 0
 0
 0
 0
 0
 0
 0
 0.99997
 1
 1
 1
 1
 1
 1
 1
 0.99993
 0.99643
 0.9941
 0.98811
 0.97983
 0.97688
 0.97496
 0.97088
 0.96508
 0.96882
 0.96557
 0.9606
 0.9659
 0.9567600000000001
 0.94543
 0.96568
 0.95656
 0.94439
 0.94416
 0.95064
 0
 0
 0
 0
 0
 0
 0
 0
 0
 0
 0
 0
 0
 0
 0
 0
 0
 0
 0
 0
 0
 0
 0
 0
 0
 0
 0
 0
 0
 0
 0
 0
 0
 0
 0
 0
 0
 0
 0
 0
 0
 0
 0
 0
 0
 0
 0
 0
 0
 0
 0
 0
 0
 0
 0
 0
 0
 0
 0
 0


