# Created by Octave 4.0.0, Sat Nov 21 16:31:58 2015 W. Europe Standard Time <unknown@Florian-PC>
# name: mus
# type: matrix
# ndims: 3
 1 30 19
 0
 0
 0.70531
 0.83173
 0.81463
 0.82353
 0.79803
 0.81731
 0.80193
 0.835
 0.83732
 0.81863
 0.80048
 0.83163
 0.8359
 0.8125
 0.83905
 0.83838
 0.87081
 0.86
 0.8836000000000001
 0.87542
 0.87118
 0.90625
 0.9025
 0.94712
 0.94407
 0.9438800000000001
 0.93526
 0.9444399999999999
 0
 0
 0.33333
 1
 1
 0.8
 0.9
 0.8
 1
 0.9
 0.83333
 0.93333
 0.93333
 0.93333
 0.93333
 0.93333
 0.9
 0.8833299999999999
 0.9
 0.9
 0.8100000000000001
 0.86
 0.92
 0.92
 0.92
 0.88
 0.88667
 0.92667
 0.93333
 0.96667
 0
 0
 0.59702
 0.88568
 0.85953
 0.73756
 0.81187
 0.81295
 0.81741
 0.8676700000000001
 0.88179
 0.92765
 0.89705
 0.846
 0.89296
 0.88464
 0.92736
 0.89863
 0.94712
 0.94475
 0.92505
 0.93196
 0.9296
 0.95502
 0.93796
 0.9233
 0.94275
 0.93706
 0.94525
 0.93606
 0
 0
 0.47224
 0.98215
 0.96
 0.85764
 0.88833
 0.91692
 0.9666
 0.92787
 0.93624
 0.94351
 0.95204
 0.94728
 0.9666400000000001
 0.9605399999999999
 0.99334
 0.9958399999999999
 0.99677
 0.99226
 0.96797
 0.9711
 0.97596
 0.97343
 0.97579
 0.97004
 0.97962
 0.9799
 0.96228
 0.96604
 0
 0
 0.33333
 1
 1
 0.66667
 1
 1
 1
 0.9
 1
 1
 0.84615
 1
 1
 1
 1
 1
 1
 1
 1
 1
 1
 1
 1
 0
 1
 1
 1
 1
 0
 0
 0.33333
 1.33333
 1.175
 0.875
 0.97024
 1.00357
 1.05952
 0.91786
 1.04773
 1.02727
 0.8995300000000001
 1.01561
 1.00491
 1.0182
 1.0123
 1.03526
 1.02703
 1.0266
 1.02155
 1.02083
 1.01136
 1.07143
 1.03125
 0.75
 1
 1
 1.02804
 0.87131
 0
 0
 0.36788
 0.87947
 0.8470800000000001
 0.88103
 0.7952900000000001
 0.88354
 0.89574
 0.89023
 0.91152
 0.858
 0.91251
 0.8440299999999999
 0.9543700000000001
 0.9088000000000001
 0.92333
 0.9141899999999999
 0.95401
 0.9076
 0.92807
 0.92692
 0.9643699999999999
 0.9391
 0.93837
 0.95183
 0.96296
 0.93391
 0.96405
 0.95834
 0
 0
 0.47224
 0.88824
 0.86685
 0.89669
 0.84663
 0.87914
 0.88569
 0.89973
 0.91108
 0.93565
 0.93726
 0.95194
 0.95765
 0.96346
 0.97526
 0.98331
 0.98807
 0.98297
 0.96324
 0.97057
 0.97242
 0.97358
 0.97156
 0.97057
 0.97231
 0.98112
 0.9780799999999999
 0.9660300000000001
 0
 0
 1
 1
 1
 1
 1
 1
 1
 1
 1
 1
 1
 1
 1
 1
 1
 1
 1
 1
 1
 1
 1
 1
 1
 1
 1
 1
 1
 1
 0
 0
 0.33333
 1.33333
 1.26
 1.20173
 0.75115
 0.85358
 0.93236
 0.91337
 1.01296
 1.0081
 0.93886
 1.01404
 0.98175
 0.90978
 1.08906
 1.15679
 0.94511
 1.03982
 0.9545
 0.95661
 1.06462
 1.03302
 1.11676
 1
 1
 1
 0.87622
 0.58087
 0
 0
 0.36788
 0.83956
 0.77336
 0.95246
 0.8532
 0.86839
 0.96645
 0.84231
 0.99674
 1.00974
 0.8228
 0.84812
 0.98411
 0.89047
 0.89584
 0.91775
 1.04772
 0.92563
 1.03084
 0.93964
 1.04164
 0.94138
 0.94953
 0.91798
 0.94533
 0.93412
 0.96989
 1.00944
 0
 0
 0
 0
 0
 0
 0
 0
 0
 0
 0
 0
 0
 0
 0
 0
 0
 0
 0
 0
 0
 0
 0
 0
 0
 0
 0
 0
 0
 0
 0
 0
 0
 0
 0
 0
 0
 0
 0
 0
 0
 0
 0
 0
 0
 0
 0
 0
 0
 0
 0
 0
 0
 0
 0
 0
 0
 0
 0
 0
 0
 0
 0
 0
 0
 0
 0
 0
 0
 0
 0
 0
 0
 0
 0
 0
 0
 0
 0
 0
 0
 0
 0
 0
 0
 0
 0
 0
 0
 0
 0
 0
 0
 0
 0
 0
 0
 0
 0
 0
 0
 0
 0
 0
 0
 0
 0
 0
 0
 0
 0
 0
 0
 0
 0
 0
 0
 0
 0
 0
 0
 0
 0
 0
 0
 0
 0
 0
 0
 0
 0
 0
 0
 0
 0
 0
 0
 0
 0
 0
 0
 0
 0
 0
 0
 0
 0
 0
 0
 0
 0
 0
 1
 1
 1
 1
 1
 1
 1
 1
 1
 1
 1
 1
 1
 1
 1
 1
 1
 1
 1
 1
 1
 1
 1
 1
 1
 1
 1
 1
 0
 0
 0
 0
 0
 0
 0
 0
 0
 0
 0
 0
 0
 0
 0
 0
 0
 0
 0
 0
 0
 0
 0
 0
 0
 0
 0
 0
 0
 0
 0
 0
 0
 0
 0
 0
 0
 0
 0
 0
 0
 0
 0
 0
 0
 0
 0
 0
 0
 0
 0
 0
 0
 0
 0
 0
 0
 0
 0
 0


# name: vars
# type: matrix
# ndims: 3
 1 30 19
 0
 0
 0.08018400000000001
 0.036081
 0.03278
 0.030204
 0.032824
 0.021538
 0.014542
 0.011868
 0.00696
 0.015829
 0.021148
 0.01696
 0.008604000000000001
 0.013672
 0.006981
 0.013244
 0.010728
 0.002667
 0.005732
 0.001766
 0.008215
 0.002356
 0.002221
 0.002087
 0.002434
 0.002065
 0.003069
 0.000741
 0
 0
 0.33333
 0
 0
 0.2
 0.05
 0.2
 0
 0.05
 0.05556
 0.02222
 0.02222
 0.02222
 0.02222
 0.02222
 0.05
 0.02639
 0.01875
 0.01875
 0.01175
 0.01675
 0.012
 0.012
 0.012
 0.012
 0.01089
 0.01022
 0.008330000000000001
 0.00556
 0
 0
 0
 0
 0
 0
 0
 0
 0
 0
 0
 0
 0
 0
 0
 0
 0
 0
 0
 0
 0
 0
 0
 0
 0
 0
 0
 0
 0
 0
 0
 0
 0.16318
 0.00057
 0.008750000000000001
 0.04232
 0.02155
 0.01898
 0.00764
 0.01534
 0.01642
 0.01149
 0.01128
 0.0118
 0.00547
 0.008399999999999999
 0.00103
 0.00062
 0.00037
 0.00102
 0.00639
 0.00586
 0.00483
 0.00486
 0.00379
 0.00549
 0.0039
 0.00491
 0.00742
 0.00735
 0
 0
 0
 0
 0
 0
 0
 0
 0
 0
 0
 0
 0
 0
 0
 0
 0
 0
 0
 0
 0
 0
 0
 0
 0
 0
 0
 0
 0
 0
 0
 0
 0
 0
 0
 0
 0
 0
 0
 0
 0
 0
 0
 0
 0
 0
 0
 0
 0
 0
 0
 0
 0
 0
 0
 0
 0
 0
 0
 0
 0
 0
 0
 0
 0
 0
 0
 0
 0
 0
 0
 0
 0
 0
 0
 0
 0
 0
 0
 0
 0
 0
 0
 0
 0
 0
 0
 0
 0
 0
 0
 0
 0.16318
 0.0222
 0.0556
 0.0194
 0.02707
 0.01643
 0.02039
 0.01939
 0.02437
 0.01759
 0.02019
 0.00898
 0.0113
 0.009090000000000001
 0.009209999999999999
 0.00353
 0.00242
 0.00344
 0.00747
 0.00535
 0.00474
 0.00397
 0.0045
 0.00545
 0.007
 0.00228
 0.00265
 0.00497
 0
 0
 0
 0
 0
 0
 0
 0
 0
 0
 0
 0
 0
 0
 0
 0
 0
 0
 0
 0
 0
 0
 0
 0
 0
 0
 0
 0
 0
 0
 0
 0
 0
 0
 0
 0
 0
 0
 0
 0
 0
 0
 0
 0
 0
 0
 0
 0
 0
 0
 0
 0
 0
 0
 0
 0
 0
 0
 0
 0
 0
 0
 0
 0
 0
 0
 0
 0
 0
 0
 0
 0
 0
 0
 0
 0
 0
 0
 0
 0
 0
 0
 0
 0
 0
 0
 0
 0
 0
 0
 0
 0
 0
 0
 0
 0
 0
 0
 0
 0
 0
 0
 0
 0
 0
 0
 0
 0
 0
 0
 0
 0
 0
 0
 0
 0
 0
 0
 0
 0
 0
 0
 0
 0
 0
 0
 0
 0
 0
 0
 0
 0
 0
 0
 0
 0
 0
 0
 0
 0
 0
 0
 0
 0
 0
 0
 0
 0
 0
 0
 0
 0
 0
 0
 0
 0
 0
 0
 0
 0
 0
 0
 0
 0
 0
 0
 0
 0
 0
 0
 0
 0
 0
 0
 0
 0
 0
 0
 0
 0
 0
 0
 0
 0
 0
 0
 0
 0
 0
 0
 0
 0
 0
 0
 0
 0
 0
 0
 0
 0
 0
 0
 0
 0
 0
 0
 0
 0
 0
 0
 0
 0
 0
 0
 0
 0
 0
 0
 0
 0
 0
 0
 0
 0
 0
 0
 0
 0
 0
 0
 0
 0
 0
 0
 0
 0
 0
 0
 0
 0
 0
 0
 0
 0
 0
 0
 0
 0
 0
 0
 0
 0
 0
 0
 0
 0
 0
 0
 0
 0
 0
 0
 0
 0
 0
 0
 0
 0
 0
 0
 0
 0
 0
 0
 0
 0
 0
 0
 0
 0
 0
 0
 0
 0
 0
 0
 0
 0
 0
 0
 0
 0
 0
 0
 0
 0
 0
 0
 0
 0
 0
 0
 0
 0
 0
 0
 0
 0
 0
 0
 0
 0
 0
 0
 0
 0
 0
 0
 0
 0
 0
 0
 0
 0
 0
 0
 0
 0
 0
 0


