# Created by Octave 4.0.0, Sat Nov 21 16:31:40 2015 W. Europe Standard Time <unknown@Florian-PC>
# name: mus
# type: matrix
# ndims: 3
 1 30 19
 0
 0
 0.32367
 0.32212
 0.88293
 0.63725
 0.92611
 0.96635
 0.96618
 0.955
 0.96172
 0.97059
 0.97596
 0.96939
 0.97436
 0.98077
 0.98039
 0.98485
 0.97129
 0.98
 0.9841299999999999
 0.9899
 0.98551
 0.98958
 0.99
 0.99038
 0.98791
 0.98469
 0.99015
 0.98889
 0
 0
 1
 1
 0.6
 1
 0.8
 0.5
 0.3
 0.5
 0.6333299999999999
 0.76667
 0.83333
 0.8666700000000001
 0.8666700000000001
 0.81667
 0.75
 0.46667
 0.53333
 0.5
 0.51
 0.58
 0.66
 0.63
 0.6
 0.68667
 0.7466699999999999
 0.74
 0.8
 0.83333
 0
 0
 1
 1
 0.73437
 0.87252
 0.86831
 0.6482
 0.69848
 0.62671
 0.78761
 0.77053
 0.77565
 0.86855
 0.87273
 0.77562
 0.73855
 0.62551
 0.64541
 0.64812
 0.6567499999999999
 0.64934
 0.66588
 0.63432
 0.61173
 0.6587
 0.68462
 0.72518
 0.73003
 0.73948
 0
 0
 1
 1
 0.64863
 0.81726
 0.76233
 0.67837
 0.60178
 0.61155
 0.67037
 0.66726
 0.73341
 0.73725
 0.7436
 0.69149
 0.68231
 0.60309
 0.5957
 0.6210599999999999
 0.5893699999999999
 0.59258
 0.60607
 0.57699
 0.58673
 0.61707
 0.62945
 0.65271
 0.6737
 0.67093
 0
 0
 1
 1
 0.4
 1
 0.71429
 0.625
 0.44444
 0.8
 0.54545
 0.91667
 0.84615
 1
 1
 0.33333
 1
 1
 0
 0
 1
 0
 0
 1
 1
 0
 0
 1
 1
 1
 0
 0
 1
 1
 0.52908
 0.77
 0.76259
 0.65586
 0.5651
 0.64074
 0.62902
 0.6797299999999999
 0.7189
 0.7109799999999999
 0.71799
 0.66771
 0.694
 0.59326
 0.57846
 0.56592
 0.62796
 0.56238
 0.60375
 0.58403
 0.62095
 0.59876
 0.56848
 0.65787
 0.75906
 0.6510899999999999
 0
 0
 1
 1
 0.80894
 0.81193
 0.78198
 0.78249
 0.74013
 0.72355
 0.7825299999999999
 0.7547199999999999
 0.75159
 0.7802
 0.76512
 0.77961
 0.77239
 0.7307
 0.7287400000000001
 0.67653
 0.71157
 0.74102
 0.73936
 0.68425
 0.74293
 0.74146
 0.7715
 0.70729
 0.73959
 0.74921
 0
 0
 1
 1
 0.64405
 0.7667
 0.77661
 0.69259
 0.61477
 0.62732
 0.6739000000000001
 0.696
 0.71816
 0.71724
 0.72949
 0.68298
 0.68571
 0.63059
 0.6238899999999999
 0.63344
 0.60219
 0.60303
 0.61548
 0.59341
 0.59718
 0.63124
 0.63793
 0.6710700000000001
 0.68868
 0.68958
 0
 0
 0.9989
 1
 1
 1
 1
 1
 1
 1
 1
 0.99985
 0.99225
 0.9857900000000001
 0.97659
 0.9825700000000001
 0.9703000000000001
 0.97263
 0.97648
 0.9616400000000001
 0.96676
 0.95629
 0.95787
 0.95261
 0.95545
 0.94977
 0.94337
 0.94659
 0.9416
 0.94603
 0
 0
 1
 1
 0.54631
 0.67352
 0.74465
 0.63893
 0.62323
 0.60647
 0.70689
 0.67811
 0.78932
 0.82029
 0.67787
 0.68032
 0.64889
 0.62912
 0.59291
 0.61641
 0.62957
 0.58654
 0.60129
 0.60378
 0.58832
 0.67204
 0.63127
 0.65243
 0.67345
 0.67069
 0
 0
 1
 1
 0.82648
 0.8114400000000001
 0.75631
 0.7453
 0.74153
 0.74431
 0.74154
 0.72501
 0.7390099999999999
 0.7516699999999999
 0.76253
 0.74438
 0.71731
 0.76696
 0.6954399999999999
 0.73206
 0.72992
 0.71772
 0.73456
 0.68197
 0.71166
 0.71779
 0.76375
 0.78073
 0.75159
 0.76432
 0
 0
 0
 0
 0
 0
 0
 0
 0
 0
 0
 0
 0
 0
 0
 0
 0
 0
 0
 0
 0
 0
 0
 0
 0
 0
 0
 0
 0
 0
 0
 0
 0
 0
 0
 0
 0
 0
 0
 0
 0
 0
 0
 0
 0
 0
 0
 0
 0
 0
 0
 0
 0
 0
 0
 0
 0
 0
 0
 0
 0
 0
 0
 0
 0
 0
 0
 0
 0
 0
 0
 0
 0
 0
 0
 0
 0
 0
 0
 0
 0
 0
 0
 0
 0
 0
 0
 0
 0
 0
 0
 0
 0
 0
 0
 0
 0
 0
 0
 0
 0
 0
 0
 0
 0
 0
 0
 0
 0
 0
 0
 0
 0
 0
 0
 0
 0
 0
 0
 0
 0
 0
 0
 0
 0
 0
 0
 0
 0
 0
 0
 0
 0
 0
 0
 0
 0
 0
 0
 0
 0
 0
 0
 0
 0
 0
 0
 0
 0
 0
 0
 0
 0.99998
 1
 1
 1
 1
 1
 1
 0.9998899999999999
 1
 0.99831
 0.99436
 0.98944
 0.96645
 0.98143
 0.9668600000000001
 0.96392
 0.96543
 0.96204
 0.9626400000000001
 0.9596
 0.95506
 0.96003
 0.95811
 0.94638
 0.9514
 0.95195
 0.94698
 0.96047
 0
 0
 0
 0
 0
 0
 0
 0
 0
 0
 0
 0
 0
 0
 0
 0
 0
 0
 0
 0
 0
 0
 0
 0
 0
 0
 0
 0
 0
 0
 0
 0
 0
 0
 0
 0
 0
 0
 0
 0
 0
 0
 0
 0
 0
 0
 0
 0
 0
 0
 0
 0
 0
 0
 0
 0
 0
 0
 0
 0


