# Created by Octave 4.0.0, Sat Nov 21 16:31:39 2015 W. Europe Standard Time <unknown@Florian-PC>
# name: mus
# type: matrix
# ndims: 3
 1 30 19
 0
 0
 0.69565
 0.75962
 0.93171
 0.67647
 0.67488
 0.65385
 0.6715
 0.67
 0.63158
 0.66667
 0.65625
 0.91837
 0.91282
 0.95673
 0.96078
 0.9444399999999999
 0.94737
 0.955
 0.95238
 0.96465
 0.96618
 0.9618100000000001
 0.9575
 0.97115
 0.9682500000000001
 0.96429
 0.98522
 0.98333
 0
 0
 0
 0.5
 0.8
 0.8
 1
 1
 1
 1
 0.73333
 0.7
 0.8
 0.73333
 0.73333
 0.66667
 0.8833299999999999
 0.9
 0.8833299999999999
 0.95
 0.91
 0.82
 0.92
 0.91
 0.92
 0.92667
 0.93333
 0.88667
 0.9
 0.9
 0
 0
 0.49264
 0.57634
 0.716
 0.88792
 0.91221
 0.94098
 0.94669
 0.94438
 0.85609
 0.8864
 0.90368
 0.83344
 0.85633
 0.89768
 0.89778
 0.86227
 0.89913
 0.9109
 0.89786
 0.88647
 0.9039
 0.9011
 0.92462
 0.90085
 0.8829900000000001
 0.91023
 0.90548
 0.93653
 0
 0
 0.22226
 0.6889999999999999
 0.78001
 0.96065
 0.98608
 0.99404
 0.99151
 0.9888400000000001
 0.80858
 0.84448
 0.8469100000000001
 0.803
 0.9114
 0.92919
 0.92515
 0.93243
 0.92486
 0.96835
 0.97037
 0.93304
 0.93777
 0.93895
 0.95016
 0.94506
 0.94756
 0.9559
 0.93711
 0.93985
 0
 0
 0
 0.5
 1
 1
 1
 1
 1
 1
 0.63636
 1
 0.76923
 0.66667
 0.8
 1
 1
 0
 1
 1
 1
 1
 1
 1
 0
 1
 1
 1
 1
 1
 0
 0
 0.08334999999999999
 0.52778
 1.1
 1.10833
 1.17619
 1.0625
 1.03472
 1.02361
 0.73883
 0.9851
 0.79044
 0.7126400000000001
 0.82196
 1.04248
 1.04939
 0.61955
 0.98311
 1.04255
 1.03879
 1.0625
 1.03409
 0.82143
 0.73438
 1.04167
 1.0625
 1.03152
 0.875
 1.02481
 0
 0
 0.78929
 0.83869
 0.74073
 0.78252
 0.76618
 0.82897
 0.8930399999999999
 0.92191
 0.89716
 0.84514
 0.87612
 0.85027
 0.87531
 0.89185
 0.93446
 0.88291
 0.90905
 0.94281
 0.9131899999999999
 0.8845
 0.89408
 0.89937
 0.92922
 0.90723
 0.91547
 0.92714
 0.9420500000000001
 0.94445
 0
 0
 0.22226
 0.71536
 0.73586
 0.92249
 0.91867
 0.92067
 0.97859
 0.96223
 0.84046
 0.85781
 0.8864
 0.83044
 0.8749400000000001
 0.93411
 0.9423899999999999
 0.9365599999999999
 0.93223
 0.95325
 0.9608
 0.93111
 0.9302
 0.93797
 0.93587
 0.94684
 0.94245
 0.94312
 0.93925
 0.94015
 0
 0
 1
 1
 1
 1
 1
 1
 1
 1
 1
 1
 1
 1
 1
 1
 1
 1
 1
 1
 1
 1
 1
 1
 1
 1
 1
 1
 1
 1
 0
 0
 0.08334999999999999
 0.49511
 1.00077
 1.06632
 1.20734
 1.07931
 1.08323
 1.03303
 0.80692
 0.77075
 0.8020699999999999
 0.7462800000000001
 0.80157
 0.98763
 0.89555
 0.87231
 0.9079
 1.14549
 1.14083
 1.04864
 0.92596
 0.85608
 1.11676
 1.08484
 1.03008
 0.8817199999999999
 0.99986
 0.87115
 0
 0
 0.78929
 0.86021
 0.78493
 0.80599
 0.71087
 0.89681
 0.84894
 0.90944
 0.84061
 0.81777
 0.92301
 0.83546
 0.90019
 0.8931
 0.96831
 0.93302
 1.10219
 1.05558
 0.95009
 1.05679
 0.93581
 0.9175
 0.91599
 0.9356100000000001
 0.93892
 1.06359
 0.98102
 0.9133599999999999
 0
 0
 0
 0
 0
 0
 0
 0
 0
 0
 0
 0
 0
 0
 0
 0
 0
 0
 0
 0
 0
 0
 0
 0
 0
 0
 0
 0
 0
 0
 0
 0
 0
 0
 0
 0
 0
 0
 0
 0
 0
 0
 0
 0
 0
 0
 0
 0
 0
 0
 0
 0
 0
 0
 0
 0
 0
 0
 0
 0
 0
 0
 0
 0
 0
 0
 0
 0
 0
 0
 0
 0
 0
 0
 0
 0
 0
 0
 0
 0
 0
 0
 0
 0
 0
 0
 0
 0
 0
 0
 0
 0
 0
 0
 0
 0
 0
 0
 0
 0
 0
 0
 0
 0
 0
 0
 0
 0
 0
 0
 0
 0
 0
 0
 0
 0
 0
 0
 0
 0
 0
 0
 0
 0
 0
 0
 0
 0
 0
 0
 0
 0
 0
 0
 0
 0
 0
 0
 0
 0
 0
 0
 0
 0
 0
 0
 0
 0
 0
 0
 0
 0
 1
 1
 1
 1
 1
 1
 1
 1
 1
 1
 1
 1
 1
 1
 1
 1
 1
 1
 1
 1
 1
 1
 1
 1
 1
 1
 1
 1
 0
 0
 0
 0
 0
 0
 0
 0
 0
 0
 0
 0
 0
 0
 0
 0
 0
 0
 0
 0
 0
 0
 0
 0
 0
 0
 0
 0
 0
 0
 0
 0
 0
 0
 0
 0
 0
 0
 0
 0
 0
 0
 0
 0
 0
 0
 0
 0
 0
 0
 0
 0
 0
 0
 0
 0
 0
 0
 0
 0


# name: vars
# type: matrix
# ndims: 3
 1 30 19
 0
 0
 0.084115
 0.053827
 0.01522
 0.026837
 0.027546
 0.052885
 0.03084
 0.040105
 0.034411
 0.020833
 0.022775
 0.006167
 0.00547
 0.001552
 0.003355
 0.002469
 0.001108
 0.003028
 0.002268
 0.004017
 0.00084
 0.00175
 0.001193
 0.00074
 0.000653
 0.002976
 0.000736
 0.000333
 0
 0
 0
 0.33333
 0.2
 0.2
 0
 0
 0
 0
 0.06389
 0.075
 0.03333
 0.02222
 0.07778
 0.16667
 0.02639
 0.01875
 0.02639
 0.0125
 0.0155
 0.03075
 0.012
 0.0155
 0.012
 0.01022
 0.008330000000000001
 0.01089
 0.008330000000000001
 0.008330000000000001
 0
 0
 0
 0
 0
 0
 0
 0
 0
 0
 0
 0
 0
 0
 0
 0
 0
 0
 0
 0
 0
 0
 0
 0
 0
 0
 0
 0
 0
 0
 0
 0
 0.006947
 0.09879499999999999
 0.046259
 0.01051
 0.00545
 0.001589
 0.002124
 0.002118
 0.037701
 0.031123
 0.028677
 0.036204
 0.01875
 0.013785
 0.015842
 0.013101
 0.014832
 0.006019
 0.005913
 0.01292
 0.010601
 0.010345
 0.009075
 0.009495
 0.010411
 0.008613000000000001
 0.011902
 0.010317
 0
 0
 0
 0
 0
 0
 0
 0
 0
 0
 0
 0
 0
 0
 0
 0
 0
 0
 0
 0
 0
 0
 0
 0
 0
 0
 0
 0
 0
 0
 0
 0
 0
 0
 0
 0
 0
 0
 0
 0
 0
 0
 0
 0
 0
 0
 0
 0
 0
 0
 0
 0
 0
 0
 0
 0
 0
 0
 0
 0
 0
 0
 0
 0
 0
 0
 0
 0
 0
 0
 0
 0
 0
 0
 0
 0
 0
 0
 0
 0
 0
 0
 0
 0
 0
 0
 0
 0
 0
 0
 0
 0
 0.006947
 0.079584
 0.036983
 0.03775
 0.019746
 0.013417
 0.005552
 0.011799
 0.014935
 0.016876
 0.014926
 0.02507
 0.019071
 0.017568
 0.01501
 0.014654
 0.015
 0.008474000000000001
 0.007263
 0.01201
 0.013004
 0.011181
 0.009372
 0.0075
 0.008492
 0.008463
 0.009409000000000001
 0.008248
 0
 0
 0
 0
 0
 0
 0
 0
 0
 0
 0
 0
 0
 0
 0
 0
 0
 0
 0
 0
 0
 0
 0
 0
 0
 0
 0
 0
 0
 0
 0
 0
 0
 0
 0
 0
 0
 0
 0
 0
 0
 0
 0
 0
 0
 0
 0
 0
 0
 0
 0
 0
 0
 0
 0
 0
 0
 0
 0
 0
 0
 0
 0
 0
 0
 0
 0
 0
 0
 0
 0
 0
 0
 0
 0
 0
 0
 0
 0
 0
 0
 0
 0
 0
 0
 0
 0
 0
 0
 0
 0
 0
 0
 0
 0
 0
 0
 0
 0
 0
 0
 0
 0
 0
 0
 0
 0
 0
 0
 0
 0
 0
 0
 0
 0
 0
 0
 0
 0
 0
 0
 0
 0
 0
 0
 0
 0
 0
 0
 0
 0
 0
 0
 0
 0
 0
 0
 0
 0
 0
 0
 0
 0
 0
 0
 0
 0
 0
 0
 0
 0
 0
 0
 0
 0
 0
 0
 0
 0
 0
 0
 0
 0
 0
 0
 0
 0
 0
 0
 0
 0
 0
 0
 0
 0
 0
 0
 0
 0
 0
 0
 0
 0
 0
 0
 0
 0
 0
 0
 0
 0
 0
 0
 0
 0
 0
 0
 0
 0
 0
 0
 0
 0
 0
 0
 0
 0
 0
 0
 0
 0
 0
 0
 0
 0
 0
 0
 0
 0
 0
 0
 0
 0
 0
 0
 0
 0
 0
 0
 0
 0
 0
 0
 0
 0
 0
 0
 0
 0
 0
 0
 0
 0
 0
 0
 0
 0
 0
 0
 0
 0
 0
 0
 0
 0
 0
 0
 0
 0
 0
 0
 0
 0
 0
 0
 0
 0
 0
 0
 0
 0
 0
 0
 0
 0
 0
 0
 0
 0
 0
 0
 0
 0
 0
 0
 0
 0
 0
 0
 0
 0
 0
 0
 0
 0
 0
 0
 0
 0
 0
 0
 0
 0
 0
 0
 0
 0
 0
 0
 0
 0
 0
 0
 0
 0
 0
 0
 0
 0
 0
 0
 0
 0
 0
 0
 0
 0
 0
 0
 0


