# Created by Octave 4.0.0, Sat Nov 21 16:31:43 2015 W. Europe Standard Time <unknown@Florian-PC>
# name: mus
# type: matrix
# ndims: 3
 1 30 19
 0
 0
 0.66184
 0.66346
 0.65854
 0.65686
 0.9605900000000001
 0.93269
 0.96618
 0.925
 0.9378
 0.97059
 0.97596
 0.96429
 0.9641
 0.96154
 0.94199
 0.96465
 0.96651
 0.965
 0.96296
 0.90993
 0.97585
 0.97396
 0.98
 0.98558
 0.99471
 1
 0.99507
 0.99444
 0
 0
 1
 1
 1
 1
 0.8
 0.8
 0.9
 0.7
 0.6333299999999999
 0.5
 0.46667
 0.46667
 0.53333
 0.53333
 0.55
 0.58333
 0.73333
 0.75
 0.77
 0.77
 0.66
 0.5600000000000001
 0.68
 0.58
 0.58667
 0.50667
 0.55333
 0.6
 0
 0
 1
 1
 1
 1
 0.82799
 0.9075
 0.8428099999999999
 0.76746
 0.7366200000000001
 0.7296
 0.72981
 0.7430099999999999
 0.68882
 0.70144
 0.67818
 0.69289
 0.7608200000000001
 0.76953
 0.76502
 0.75024
 0.71212
 0.71571
 0.73299
 0.65985
 0.68247
 0.70753
 0.69095
 0.7227
 0
 0
 1
 1
 1
 1
 0.78462
 0.91654
 0.75912
 0.79437
 0.6072
 0.53461
 0.51511
 0.55311
 0.61547
 0.64364
 0.67301
 0.68304
 0.73172
 0.77515
 0.79297
 0.75614
 0.66884
 0.72561
 0.68931
 0.65471
 0.63747
 0.63848
 0.67872
 0.68608
 0
 0
 1
 1
 1
 1
 0.71429
 1
 0.77778
 0.9
 0.72727
 0.41667
 0.46154
 0.5555600000000001
 0.6
 0.66667
 1
 0
 1
 1
 1
 1
 1
 1
 0
 0
 1
 1
 1
 0
 0
 0
 1
 1
 1
 1
 0.74719
 0.95072
 0.84315
 0.8081199999999999
 0.61513
 0.5032
 0.50666
 0.56806
 0.60492
 0.67378
 0.7647
 0.56044
 0.8450800000000001
 0.8157799999999999
 0.8125
 0.84733
 0.73959
 0.79983
 0.59436
 0.62009
 0.59572
 0.66751
 0.6518699999999999
 0.63419
 0
 0
 1
 1
 1
 1
 0.84461
 0.80793
 0.87725
 0.77595
 0.7449
 0.73275
 0.7149799999999999
 0.75078
 0.74786
 0.76497
 0.7422
 0.75727
 0.76722
 0.7663
 0.76469
 0.7647
 0.74974
 0.76398
 0.7896
 0.74571
 0.74149
 0.7592100000000001
 0.77199
 0.72657
 0
 0
 1
 1
 1
 1
 0.70567
 0.84012
 0.7976799999999999
 0.72072
 0.60177
 0.57092
 0.55924
 0.57199
 0.60255
 0.61217
 0.6334
 0.63252
 0.68037
 0.6915
 0.7190299999999999
 0.6893899999999999
 0.63831
 0.66118
 0.64489
 0.6224499999999999
 0.61539
 0.6143999999999999
 0.6445
 0.63969
 0
 0
 0.95402
 0.96175
 0.92528
 0.89254
 0.9493
 0.93993
 0.93792
 0.90384
 0.92389
 0.92139
 0.93348
 0.92274
 0.92293
 0.91255
 0.90513
 0.90471
 0.91104
 0.89718
 0.90522
 0.8973
 0.9036999999999999
 0.90554
 0.90559
 0.90811
 0.90413
 0.91139
 0.90119
 0.91232
 0
 0
 1
 1
 1
 1
 0.72021
 0.93352
 0.7307900000000001
 0.71982
 0.50476
 0.56587
 0.56552
 0.58714
 0.60302
 0.6134500000000001
 0.69758
 0.63537
 0.71849
 0.74165
 0.74542
 0.70955
 0.6536999999999999
 0.70126
 0.69868
 0.63763
 0.6293
 0.6319
 0.65909
 0.64828
 0
 0
 1
 1
 1
 1
 0.79778
 0.7829700000000001
 0.8114
 0.74785
 0.75224
 0.70947
 0.79372
 0.72593
 0.7709
 0.7461100000000001
 0.71804
 0.76794
 0.738
 0.7240799999999999
 0.80772
 0.7822
 0.72729
 0.7406
 0.77272
 0.7885
 0.76737
 0.75981
 0.7865799999999999
 0.73502
 0
 0
 0
 0
 0
 0
 0
 0
 0
 0
 0
 0
 0
 0
 0
 0
 0
 0
 0
 0
 0
 0
 0
 0
 0
 0
 0
 0
 0
 0
 0
 0
 0
 0
 0
 0
 0
 0
 0
 0
 0
 0
 0
 0
 0
 0
 0
 0
 0
 0
 0
 0
 0
 0
 0
 0
 0
 0
 0
 0
 0
 0
 0
 0
 0
 0
 0
 0
 0
 0
 0
 0
 0
 0
 0
 0
 0
 0
 0
 0
 0
 0
 0
 0
 0
 0
 0
 0
 0
 0
 0
 0
 0
 0
 0
 0
 0
 0
 0
 0
 0
 0
 0
 0
 0
 0
 0
 0
 0
 0
 0
 0
 0
 0
 0
 0
 0
 0
 0
 0
 0
 0
 0
 0
 0
 0
 0
 0
 0
 0
 0
 0
 0
 0
 0
 0
 0
 0
 0
 0
 0
 0
 0
 0
 0
 0
 0
 0
 0
 0
 0
 0
 0.95558
 0.92369
 0.9158500000000001
 0.93757
 0.92279
 0.91488
 0.91927
 0.90154
 0.90639
 0.91273
 0.92661
 0.9114
 0.91033
 0.90113
 0.90425
 0.91333
 0.90451
 0.89774
 0.90444
 0.9124
 0.90226
 0.90362
 0.91361
 0.90732
 0.90286
 0.88066
 0.89676
 0.90839
 0
 0
 0
 0
 0
 0
 0
 0
 0
 0
 0
 0
 0
 0
 0
 0
 0
 0
 0
 0
 0
 0
 0
 0
 0
 0
 0
 0
 0
 0
 0
 0
 0
 0
 0
 0
 0
 0
 0
 0
 0
 0
 0
 0
 0
 0
 0
 0
 0
 0
 0
 0
 0
 0
 0
 0
 0
 0
 0
 0


