# Created by Octave 4.0.0, Sat Nov 21 16:31:56 2015 W. Europe Standard Time <unknown@Florian-PC>
# name: mus
# type: matrix
# ndims: 3
 1 30 19
 0
 0
 0.33816
 0.33654
 0.33171
 0.82843
 0.80296
 0.83654
 0.82609
 0.885
 0.88995
 0.88235
 0.87981
 0.8775500000000001
 0.8359
 0.82212
 0.88725
 0.86616
 0.8803800000000001
 0.87
 0.87302
 0.87458
 0.82448
 0.92014
 0.93
 0.93269
 0.92971
 0.92857
 0.94089
 0.95556
 0
 0
 0.33333
 1
 1
 0.5
 0.8
 0.8
 0.9
 0.9
 0.76667
 0.93333
 0.93333
 0.93333
 0.93333
 0.93333
 0.81667
 0.83333
 0.85
 0.85
 0.85
 0.91
 0.91
 0.88
 0.88
 0.88
 0.92667
 0.9
 0.89333
 0.93333
 0
 0
 0.66957
 0.96336
 0.8904300000000001
 0.8079499999999999
 0.79604
 0.77981
 0.83712
 0.85379
 0.75512
 0.891
 0.9071900000000001
 0.89943
 0.87809
 0.90569
 0.87586
 0.80703
 0.87866
 0.8632
 0.91303
 0.89628
 0.8904300000000001
 0.9188
 0.92716
 0.90709
 0.91066
 0.94013
 0.92297
 0.91268
 0
 0
 0.4275
 0.90174
 0.92315
 0.65089
 0.7154
 0.80505
 0.84494
 0.84972
 0.84933
 0.87792
 0.90213
 0.91167
 0.91974
 0.91876
 0.86763
 0.89368
 0.89698
 0.90964
 0.91228
 0.92784
 0.92744
 0.89518
 0.89694
 0.9061
 0.90716
 0.9296
 0.93548
 0.92006
 0
 0
 0
 1
 1
 0.5
 0.85714
 0.625
 0.77778
 1
 0.90909
 1
 1
 1
 1
 1
 1
 1
 1
 1
 1
 1
 0
 1
 1
 1
 1
 1
 1
 1
 0
 0
 0.13507
 0.95458
 0.92724
 0.65082
 0.78906
 0.7342
 0.77945
 0.92415
 0.87335
 0.92715
 0.93628
 0.95369
 0.96169
 0.96721
 0.91355
 0.92172
 0.89559
 0.92003
 0.9442
 0.95619
 0.84218
 0.89214
 0.93201
 0.94281
 0.95446
 0.96484
 0.8857
 0.8513500000000001
 0
 0
 0.57859
 0.7108
 0.88714
 0.78671
 0.7575499999999999
 0.8235
 0.80169
 0.84555
 0.80262
 0.77732
 0.8073
 0.81814
 0.86347
 0.88353
 0.83618
 0.8269300000000001
 0.82927
 0.81682
 0.84778
 0.85412
 0.92661
 0.87207
 0.9255
 0.89568
 0.92271
 0.9245
 0.85286
 0.92824
 0
 0
 0.43277
 0.88593
 0.87848
 0.6842
 0.7252
 0.74597
 0.76789
 0.76707
 0.76309
 0.78695
 0.81512
 0.83475
 0.83372
 0.84204
 0.79923
 0.82134
 0.82879
 0.8345900000000001
 0.8448600000000001
 0.86591
 0.86815
 0.8300999999999999
 0.83686
 0.85177
 0.85802
 0.85399
 0.88186
 0.85675
 0
 0
 0.8993
 0.90934
 0.94435
 0.90649
 0.93908
 0.9220699999999999
 0.90626
 0.90671
 0.92867
 0.91581
 0.93167
 0.9222399999999999
 0.91956
 0.91279
 0.91255
 0.90374
 0.90709
 0.90816
 0.91046
 0.90591
 0.90002
 0.90957
 0.90582
 0.90483
 0.90333
 0.90049
 0.90326
 0.91244
 0
 0
 0.12387
 0.95631
 0.8968699999999999
 0.74002
 0.72567
 0.76553
 0.80953
 0.81581
 0.848
 0.89222
 0.91625
 0.94464
 0.95369
 0.95046
 0.9237
 0.93324
 0.91216
 0.93742
 0.94435
 0.9342200000000001
 0.94133
 0.90338
 0.90239
 0.8593499999999999
 0.91422
 0.8713
 0.92073
 0.9205
 0
 0
 0.57859
 0.70465
 0.88557
 0.81082
 0.78112
 0.78737
 0.80613
 0.83182
 0.83187
 0.76911
 0.77435
 0.81997
 0.80786
 0.89314
 0.83012
 0.80088
 0.85264
 0.81231
 0.81225
 0.86855
 0.94462
 0.9372200000000001
 0.831
 0.94295
 0.84411
 0.84901
 0.92762
 0.84123
 0
 0
 0
 0
 0
 0
 0
 0
 0
 0
 0
 0
 0
 0
 0
 0
 0
 0
 0
 0
 0
 0
 0
 0
 0
 0
 0
 0
 0
 0
 0
 0
 0
 0
 0
 0
 0
 0
 0
 0
 0
 0
 0
 0
 0
 0
 0
 0
 0
 0
 0
 0
 0
 0
 0
 0
 0
 0
 0
 0
 0
 0
 0
 0
 0
 0
 0
 0
 0
 0
 0
 0
 0
 0
 0
 0
 0
 0
 0
 0
 0
 0
 0
 0
 0
 0
 0
 0
 0
 0
 0
 0
 0
 0
 0
 0
 0
 0
 0
 0
 0
 0
 0
 0
 0
 0
 0
 0
 0
 0
 0
 0
 0
 0
 0
 0
 0
 0
 0
 0
 0
 0
 0
 0
 0
 0
 0
 0
 0
 0
 0
 0
 0
 0
 0
 0
 0
 0
 0
 0
 0
 0
 0
 0
 0
 0
 0
 0
 0
 0
 0
 0
 0.89997
 0.92082
 0.93676
 0.93711
 0.9505400000000001
 0.9101
 0.9126300000000001
 0.9164600000000001
 0.9145
 0.93708
 0.91045
 0.9341
 0.91207
 0.90602
 0.90807
 0.9051900000000001
 0.91212
 0.91009
 0.91239
 0.91087
 0.9031
 0.89794
 0.90544
 0.90215
 0.91206
 0.90732
 0.9073
 0.90887
 0
 0
 0
 0
 0
 0
 0
 0
 0
 0
 0
 0
 0
 0
 0
 0
 0
 0
 0
 0
 0
 0
 0
 0
 0
 0
 0
 0
 0
 0
 0
 0
 0
 0
 0
 0
 0
 0
 0
 0
 0
 0
 0
 0
 0
 0
 0
 0
 0
 0
 0
 0
 0
 0
 0
 0
 0
 0
 0
 0


