# Created by Octave 4.0.0, Sat Nov 21 16:31:31 2015 W. Europe Standard Time <unknown@Florian-PC>
# name: mus
# type: matrix
# ndims: 3
 1 30 19
 0
 0
 0.66184
 0.90865
 0.95122
 0.97549
 0.96552
 0.94231
 0.95169
 0.97
 0.98565
 0.98039
 0.98558
 0.97959
 0.97949
 0.98077
 0.9665
 0.97475
 0.98086
 0.97
 0.9682500000000001
 0.9697
 0.96618
 0.96354
 0.9675
 0.97596
 0.9720299999999999
 0.96429
 0.97537
 0.97222
 0
 0
 1
 0.25
 0.6
 0.9
 0.9
 1
 1
 0.9
 0.9
 0.93333
 0.9
 0.93333
 0.93333
 0.93333
 1
 1
 1
 1
 1
 1
 1
 1
 1
 1
 1
 1
 1
 1
 0
 0
 1
 0.5969100000000001
 0.73554
 0.8388099999999999
 0.8142
 0.92209
 0.92731
 0.92098
 0.94163
 0.92205
 0.93726
 0.92977
 0.93519
 0.92918
 0.9525
 0.93741
 0.95797
 0.9333900000000001
 0.98212
 0.9769099999999999
 0.9827399999999999
 0.97643
 0.9799099999999999
 0.97594
 0.97504
 0.97978
 0.99325
 0.9857399999999999
 0
 0
 1
 0.47881
 0.63794
 0.74931
 0.78145
 0.83709
 0.85356
 0.87476
 0.87693
 0.88587
 0.90293
 0.9153
 0.8973100000000001
 0.90306
 0.90221
 0.91494
 0.9171899999999999
 0.9181
 0.91786
 0.92508
 0.9305600000000001
 0.93366
 0.93033
 0.93535
 0.93806
 0.93914
 0.94454
 0.94777
 0
 0
 1
 0.5
 0.6
 0.83333
 0.85714
 1
 1
 1
 0.90909
 1
 0.92308
 1
 1
 1
 1
 1
 1
 1
 1
 1
 1
 1
 1
 1
 1
 1
 1
 1
 0
 0
 1
 0.61549
 0.56667
 0.65895
 0.74248
 0.90515
 0.8928
 0.81355
 0.83882
 0.93054
 0.97184
 0.87203
 0.94592
 0.9706900000000001
 0.97172
 0.96914
 0.87364
 0.90154
 0.99454
 0.99266
 0.99595
 0.95153
 0.99218
 0.98026
 0.98656
 0.8682
 0.87909
 0.90504
 0
 0
 1
 0.71543
 0.74786
 0.77113
 0.8027
 0.83657
 0.82896
 0.8693
 0.86894
 0.89949
 0.90423
 0.88448
 0.88282
 0.88928
 0.84457
 0.89933
 0.91656
 0.92315
 0.97987
 0.90863
 0.96848
 0.9122
 0.94896
 0.94216
 0.93554
 0.90307
 0.98038
 0.91838
 0
 0
 1
 0.49774
 0.60724
 0.71324
 0.72916
 0.77756
 0.7829
 0.86994
 0.86991
 0.89994
 0.9113
 0.92459
 0.9031
 0.90395
 0.90099
 0.9186800000000001
 0.92443
 0.92692
 0.92775
 0.93665
 0.93898
 0.94787
 0.94325
 0.94886
 0.95228
 0.95383
 0.95065
 0.95647
 0
 0
 0.99971
 1
 1
 1
 1
 1
 1
 1
 1
 1
 0.99112
 0.98533
 0.98553
 0.97071
 0.97002
 0.96418
 0.9739100000000001
 0.96438
 0.96239
 0.96289
 0.95301
 0.9494899999999999
 0.9631999999999999
 0.95912
 0.9584
 0.95827
 0.95179
 0.9383899999999999
 0
 0
 1
 0.60012
 0.54927
 0.63026
 0.67087
 0.80555
 0.78339
 0.89995
 0.98086
 0.8772799999999999
 0.98921
 0.99233
 0.9851
 0.97712
 0.98478
 0.98749
 0.91681
 0.92116
 0.97045
 0.93116
 0.9376
 0.9950599999999999
 0.9423
 0.97466
 0.99415
 0.95096
 0.9947
 0.96023
 0
 0
 1
 0.69352
 0.80822
 0.76836
 0.81823
 0.78034
 0.83944
 0.82385
 0.83826
 0.8404
 0.86064
 0.82217
 0.853
 0.85849
 0.86852
 0.90045
 0.8968
 0.87724
 0.88942
 0.92108
 0.89436
 0.90638
 0.92786
 0.98195
 0.92996
 0.93129
 0.93627
 0.95028
 0
 0
 0
 0
 0
 0
 0
 0
 0
 0
 0
 0
 0
 0
 0
 0
 0
 0
 0
 0
 0
 0
 0
 0
 0
 0
 0
 0
 0
 0
 0
 0
 0
 0
 0
 0
 0
 0
 0
 0
 0
 0
 0
 0
 0
 0
 0
 0
 0
 0
 0
 0
 0
 0
 0
 0
 0
 0
 0
 0
 0
 0
 0
 0
 0
 0
 0
 0
 0
 0
 0
 0
 0
 0
 0
 0
 0
 0
 0
 0
 0
 0
 0
 0
 0
 0
 0
 0
 0
 0
 0
 0
 0
 0
 0
 0
 0
 0
 0
 0
 0
 0
 0
 0
 0
 0
 0
 0
 0
 0
 0
 0
 0
 0
 0
 0
 0
 0
 0
 0
 0
 0
 0
 0
 0
 0
 0
 0
 0
 0
 0
 0
 0
 0
 0
 0
 0
 0
 0
 0
 0
 0
 0
 0
 0
 0
 0
 0
 0
 0
 0
 0
 0.99996
 1
 1
 1
 1
 1
 0.99605
 1
 1
 0.99982
 0.99466
 0.99319
 0.9815700000000001
 0.97467
 0.97454
 0.96791
 0.97324
 0.96629
 0.9651
 0.96846
 0.96463
 0.95489
 0.95542
 0.96418
 0.95521
 0.9461000000000001
 0.9574
 0.9512699999999999
 0
 0
 0
 0
 0
 0
 0
 0
 0
 0
 0
 0
 0
 0
 0
 0
 0
 0
 0
 0
 0
 0
 0
 0
 0
 0
 0
 0
 0
 0
 0
 0
 0
 0
 0
 0
 0
 0
 0
 0
 0
 0
 0
 0
 0
 0
 0
 0
 0
 0
 0
 0
 0
 0
 0
 0
 0
 0
 0
 0


# name: vars
# type: matrix
# ndims: 3
 1 30 19
 0
 0
 0.086578
 0.019679
 0.009561
 0.00359
 0.003871
 0.012788
 0.003172
 0.002211
 0.002078
 0.001328
 0.000962
 0.001906
 0.001766
 0.001552
 0.002559
 0.001459
 0.001259
 0.002889
 0.001134
 0.001033
 0.001785
 0.001705
 0.001593
 0.000819
 0.000837
 0.002551
 0.001076
 0.001519
 0
 0
 0
 0.25
 0.3
 0.05
 0.05
 0
 0
 0.05
 0.05
 0.02222
 0.05
 0.02222
 0.02222
 0.02222
 0
 0
 0
 0
 0
 0
 0
 0
 0
 0
 0
 0
 0
 0
 0
 0
 0
 0
 0
 0
 0
 0
 0
 0
 0
 0
 0
 0
 0
 0
 0
 0
 0
 0
 0
 0
 0
 0
 0
 0
 0
 0
 0
 0
 0
 0
 0
 0.061043
 0.031247
 0.024206
 0.015952
 0.009053
 0.00881
 0.009390000000000001
 0.006454
 0.005744
 0.004017
 0.003733
 0.004245
 0.003793
 0.00417
 0.003605
 0.002872
 0.003688
 0.003014
 0.00311
 0.002993
 0.002618
 0.002605
 0.002127
 0.002176
 0.001872
 0.001748
 0.00158
 0
 0
 1.4723e-008
 4.737e-015
 7.7153e-020
 1.5495e-031
 0
 0
 1.9706e-029
 4.6067e-033
 2.6783e-029
 7.3286e-028
 3.9166e-014
 9.5559e-013
 0.0005723
 9.532899999999999e-005
 0.0006241900000000001
 4.0045e-007
 3.7174e-005
 2.883e-005
 5.5925e-005
 1.0407e-008
 1.308e-012
 1.4705e-008
 9.7525e-006
 1.3356e-005
 3.7729e-007
 1.7817e-006
 5.8554e-006
 1.2741e-008
 0
 0
 0
 0
 0
 0
 0
 0
 0
 0
 0
 0
 0
 0
 0
 0
 0
 0
 0
 0
 0
 0
 0
 0
 0
 0
 0
 0
 0
 0
 0
 0
 0
 0
 0
 0
 0
 0
 0
 0
 0
 0
 0
 0
 0
 0
 0
 0
 0
 0
 0
 0
 0
 0
 0
 0
 0
 0
 0
 0
 0
 0
 0
 0.046599
 0.02906
 0.02651
 0.022443
 0.019076
 0.017429
 0.01562
 0.01327
 0.009379
 0.009995
 0.00607
 0.007089
 0.005618
 0.006255
 0.006226
 0.004815
 0.008533000000000001
 0.00711
 0.006971
 0.003544
 0.003635
 0.005722
 0.001878
 0.003452
 0.001968
 0.006583
 0.005229
 0
 0
 1e-006
 0
 0
 0
 0
 0
 0
 0
 0
 0
 0.001568
 0.004141
 0.00364
 0.006729
 0.006356
 0.007259
 0.00538
 0.007677
 0.008703000000000001
 0.008156
 0.011761
 0.010241
 0.00771
 0.00915
 0.009325
 0.007848000000000001
 0.008888
 0.015201
 0
 0
 0
 0
 0
 0
 0
 0
 0
 0
 0
 0
 0
 0
 0
 0
 0
 0
 0
 0
 0
 0
 0
 0
 0
 0
 0
 0
 0
 0
 0
 0
 0
 0
 0
 0
 0
 0
 0
 0
 0
 0
 0
 0
 0
 0
 0
 0
 0
 0
 0
 0
 0
 0
 0
 0
 0
 0
 0
 0
 0
 0
 0
 0
 0
 0
 0
 0
 0
 0
 0
 0
 0
 0
 0
 0
 0
 0
 0
 0
 0
 0
 0
 0
 0
 0
 0
 0
 0
 0
 0
 0
 0
 0
 0
 0
 0
 0
 0
 0
 0
 0
 0
 0
 0
 0
 0
 0
 0
 0
 0
 0
 0
 0
 0
 0
 0
 0
 0
 0
 0
 0
 0
 0
 0
 0
 0
 0
 0
 0
 0
 0
 0
 0
 0
 0
 0
 0
 0
 0
 0
 0
 0
 0
 0
 0
 0
 0
 0
 0
 0
 0
 0
 0
 0
 0
 0
 0
 0
 0
 0
 0
 0
 0
 0
 0
 0
 0
 0
 0
 0
 0
 0
 0
 0
 0
 0
 0
 0
 0
 0
 0
 0
 0
 0
 0
 0
 0
 0
 0
 0
 0
 0
 0
 0
 0
 0
 0
 0
 0
 0
 0
 0
 0
 0
 0
 0
 0
 0
 0
 0
 0
 0
 0
 0
 0
 0
 0
 0.001266
 0
 0
 5e-006
 0.001153
 0.000945
 0.004478
 0.005424
 0.004735
 0.005898
 0.006595
 0.007446
 0.007316
 0.006521
 0.007052
 0.009164
 0.010659
 0.006598
 0.009331000000000001
 0.013516
 0.007945000000000001
 0.010819
 0
 0
 0
 0
 0
 0
 0
 0
 0
 0
 0
 0
 0
 0
 0
 0
 0
 0
 0
 0
 0
 0
 0
 0
 0
 0
 0
 0
 0
 0
 0
 0
 0
 0
 0
 0
 0
 0
 0
 0
 0
 0
 0
 0
 0
 0
 0
 0
 0
 0
 0
 0
 0
 0
 0
 0
 0
 0
 0
 0


