# Created by Octave 4.0.0, Sat Nov 21 16:31:50 2015 W. Europe Standard Time <unknown@Florian-PC>
# name: mus
# type: matrix
# ndims: 3
 1 30 19
 0
 0
 0.97101
 0.73558
 0.90244
 0.94118
 0.9064
 0.9375
 0.84058
 0.9
 0.96651
 0.97059
 0.96635
 0.96939
 0.95897
 0.92308
 0.97059
 0.9798
 0.9760799999999999
 0.975
 0.95767
 0.9596
 0.92915
 0.94792
 0.9475
 0.92788
 0.95616
 0.98469
 0.98522
 0.99444
 0
 0
 0.66667
 1
 0.8
 0.8
 1
 0.6
 0.7
 0.9
 0.73333
 0.83333
 0.76667
 0.93333
 1
 0.8666700000000001
 0.71667
 0.83333
 0.83333
 0.85
 0.78
 0.82
 0.87
 0.86
 0.84
 0.81333
 0.85333
 0.86
 0.8666700000000001
 0.83333
 0
 0
 0.71636
 0.90381
 0.81124
 0.887
 0.929
 0.89557
 0.84049
 0.84827
 0.78282
 0.74031
 0.82404
 0.86233
 0.81709
 0.90545
 0.82609
 0.85103
 0.8529600000000001
 0.87318
 0.8922099999999999
 0.90384
 0.92511
 0.89941
 0.93161
 0.89484
 0.8609
 0.84997
 0.8779400000000001
 0.82218
 0
 0
 0.22177
 0.87888
 0.72516
 0.77154
 0.85245
 0.85456
 0.69402
 0.75644
 0.7436
 0.7539400000000001
 0.77684
 0.80003
 0.75974
 0.79367
 0.75183
 0.76706
 0.77876
 0.78629
 0.80031
 0.81145
 0.81954
 0.82735
 0.84527
 0.78964
 0.7775
 0.7682
 0.7775
 0.75748
 0
 0
 1
 1
 1
 1
 1
 1
 0.88889
 0.9
 0.90909
 1
 0.76923
 1
 0.8
 1
 0.5
 0
 0
 0
 1
 1
 1
 1
 0
 1
 1
 0
 1
 1
 0
 0
 1
 0.6233
 0.7136
 0.77908
 0.75689
 0.83158
 0.79942
 0.83399
 0.75196
 0.75732
 0.77877
 0.7642
 0.73729
 0.71889
 0.69521
 0.71318
 0.73212
 0.76536
 0.78003
 0.80553
 0.81902
 0.80574
 0.81126
 0.76627
 0.86026
 0.71717
 0.80378
 0.75818
 0
 0
 0.36788
 0.88174
 0.7440600000000001
 0.87055
 0.8136
 0.79837
 0.78973
 0.8105
 0.8054
 0.78744
 0.81403
 0.78032
 0.8250999999999999
 0.8001
 0.81679
 0.80902
 0.78498
 0.84718
 0.82988
 0.84675
 0.81221
 0.88794
 0.87618
 0.79977
 0.83819
 0.84145
 0.8692299999999999
 0.85532
 0
 0
 0.22131
 0.87568
 0.69945
 0.76403
 0.84595
 0.83905
 0.7003200000000001
 0.75829
 0.7342
 0.75775
 0.76936
 0.78982
 0.74925
 0.80952
 0.75545
 0.78168
 0.79112
 0.80507
 0.81192
 0.82947
 0.83696
 0.85031
 0.8651799999999999
 0.80666
 0.80294
 0.79016
 0.7996799999999999
 0.77227
 0
 0
 0.99944
 1
 1
 1
 1
 1
 1
 0.99855
 0.99944
 0.9954
 0.99505
 0.98443
 0.97679
 0.98638
 0.97292
 0.97429
 0.96362
 0.95924
 0.9686
 0.9608
 0.96522
 0.95469
 0.95549
 0.9562
 0.95207
 0.96225
 0.95177
 0.95636
 0
 0
 0.99748
 0.68996
 0.81821
 0.95047
 0.72303
 0.97046
 0.8162199999999999
 0.78143
 0.72917
 0.75048
 0.79215
 0.81897
 0.81818
 0.7659
 0.81324
 0.74094
 0.75874
 0.77755
 0.93226
 0.8135
 0.82352
 0.91812
 0.8541
 0.80936
 0.86726
 0.77582
 0.78908
 0.7703100000000001
 0
 0
 0.36788
 0.85058
 0.75361
 0.78415
 0.74786
 0.82209
 0.79203
 0.78111
 0.7913
 0.81553
 0.79082
 0.76436
 0.77458
 0.77847
 0.79005
 0.82746
 0.76386
 0.80793
 0.8153899999999999
 0.81033
 0.8217100000000001
 0.80125
 0.82582
 0.8075
 0.80364
 0.81358
 0.80196
 0.79233
 0
 0
 0
 0
 0
 0
 0
 0
 0
 0
 0
 0
 0
 0
 0
 0
 0
 0
 0
 0
 0
 0
 0
 0
 0
 0
 0
 0
 0
 0
 0
 0
 0
 0
 0
 0
 0
 0
 0
 0
 0
 0
 0
 0
 0
 0
 0
 0
 0
 0
 0
 0
 0
 0
 0
 0
 0
 0
 0
 0
 0
 0
 0
 0
 0
 0
 0
 0
 0
 0
 0
 0
 0
 0
 0
 0
 0
 0
 0
 0
 0
 0
 0
 0
 0
 0
 0
 0
 0
 0
 0
 0
 0
 0
 0
 0
 0
 0
 0
 0
 0
 0
 0
 0
 0
 0
 0
 0
 0
 0
 0
 0
 0
 0
 0
 0
 0
 0
 0
 0
 0
 0
 0
 0
 0
 0
 0
 0
 0
 0
 0
 0
 0
 0
 0
 0
 0
 0
 0
 0
 0
 0
 0
 0
 0
 0
 0
 0
 0
 0
 0
 0
 0.99998
 1
 1
 1
 1
 1
 1
 0.99953
 0.99713
 0.99708
 0.99413
 0.98772
 0.98367
 0.97934
 0.96759
 0.98093
 0.96072
 0.94974
 0.96392
 0.95426
 0.95401
 0.95856
 0.95488
 0.95521
 0.96379
 0.94623
 0.9571499999999999
 0.9539299999999999
 0
 0
 0
 0
 0
 0
 0
 0
 0
 0
 0
 0
 0
 0
 0
 0
 0
 0
 0
 0
 0
 0
 0
 0
 0
 0
 0
 0
 0
 0
 0
 0
 0
 0
 0
 0
 0
 0
 0
 0
 0
 0
 0
 0
 0
 0
 0
 0
 0
 0
 0
 0
 0
 0
 0
 0
 0
 0
 0
 0


