# Created by Octave 4.0.0, Sat Nov 21 16:31:59 2015 W. Europe Standard Time <unknown@Florian-PC>
# name: mus
# type: matrix
# ndims: 3
 1 30 19
 0
 0
 0.8599
 0.74519
 0.7073199999999999
 0.95588
 0.97044
 0.94712
 0.93237
 0.9399999999999999
 0.9521500000000001
 0.92157
 0.89904
 0.91327
 0.92821
 0.93269
 0.88317
 0.86616
 0.88995
 0.8100000000000001
 0.9418
 0.93182
 0.95169
 0.94618
 0.9525
 0.89423
 0.98262
 0.98469
 0.99015
 0.97778
 0
 0
 0.33333
 1
 0.8
 0.6
 0.3
 0.8
 0.8
 1
 0.93333
 1
 0.93333
 0.93333
 0.93333
 0.93333
 0.93333
 1
 1
 0.95
 1
 0.96
 0.95
 0.96
 0.88
 0.96
 0.96667
 0.88667
 0.85333
 0.9
 0
 0
 0.69936
 0.89231
 0.78929
 0.85075
 0.76295
 0.78845
 0.80094
 0.78439
 0.90554
 0.90629
 0.9144099999999999
 0.89681
 0.92621
 0.94634
 0.9371
 0.96184
 0.96694
 0.92967
 0.93208
 0.91516
 0.91157
 0.8959
 0.8935999999999999
 0.90956
 0.9073099999999999
 0.92835
 0.87536
 0.89902
 0
 0
 0.22224
 0.98513
 0.91917
 0.78589
 0.70636
 0.79898
 0.80838
 0.98449
 0.98815
 0.99104
 0.99327
 0.99278
 0.99214
 0.99747
 0.9974
 0.99807
 0.9992
 0.99351
 0.96411
 0.9432199999999999
 0.9483
 0.93759
 0.94504
 0.94402
 0.97658
 0.97933
 0.9125
 0.92969
 0
 0
 0.33333
 1
 0.8
 0.83333
 0.28571
 0.625
 0.5555600000000001
 1
 1
 1
 1
 1
 1
 1
 1
 1
 1
 1
 1
 1
 1
 1
 1
 0
 1
 1
 1
 1
 0
 0
 0.41668
 1.36111
 1.025
 0.8
 0.51488
 0.60417
 0.63046
 1.05119
 1.0553
 1.03384
 1.02459
 1.00794
 1.0266
 1.01574
 1.01648
 1.00855
 1.01014
 1.0266
 1.03017
 0.79167
 1.01136
 1.00324
 1
 0.64584
 0.79167
 0.875
 1
 0.91094
 0
 0
 0.57859
 0.99807
 0.97041
 0.88419
 0.85938
 0.82312
 0.82251
 0.87891
 0.88371
 0.86222
 0.89638
 0.86278
 0.95195
 0.98645
 0.9429999999999999
 0.93832
 0.98075
 0.99264
 0.9680299999999999
 0.91247
 0.93413
 0.88465
 0.93023
 0.9292899999999999
 0.91905
 0.94665
 0.8806
 0.90522
 0
 0
 0.22224
 0.90684
 0.90657
 0.849
 0.6683
 0.74569
 0.78798
 0.8964299999999999
 0.93062
 0.96073
 0.9633699999999999
 0.9545400000000001
 0.98475
 0.99662
 0.9948
 0.99485
 0.99704
 0.98062
 0.97697
 0.9423899999999999
 0.9444900000000001
 0.9281700000000001
 0.94915
 0.94096
 0.94774
 0.95726
 0.90272
 0.922
 0
 0
 1
 1
 1
 1
 1
 1
 1
 1
 1
 1
 1
 1
 1
 1
 1
 1
 1
 1
 1
 1
 1
 1
 1
 1
 1
 1
 1
 1
 0
 0
 0.41668
 1.37745
 1.14769
 0.7675
 0.61052
 0.61804
 0.67214
 0.93141
 1.09219
 1.03912
 1.03818
 1.00111
 1.06444
 1.00624
 1.02347
 0.9827
 1.05607
 1.03982
 0.93809
 0.90922
 0.9696399999999999
 0.90217
 1
 0.90939
 0.9908
 0.99983
 1
 0.98569
 0
 0
 0.57859
 0.9837399999999999
 0.9659799999999999
 0.87299
 0.76763
 0.81954
 0.85717
 0.9196800000000001
 0.83839
 0.9006
 0.84138
 0.9494
 0.90362
 0.90177
 0.90144
 0.93231
 0.92266
 1.03383
 1.06671
 0.96841
 0.90999
 0.90383
 0.96531
 1.06417
 0.92421
 1.03131
 0.89191
 0.9232900000000001
 0
 0
 0
 0
 0
 0
 0
 0
 0
 0
 0
 0
 0
 0
 0
 0
 0
 0
 0
 0
 0
 0
 0
 0
 0
 0
 0
 0
 0
 0
 0
 0
 0
 0
 0
 0
 0
 0
 0
 0
 0
 0
 0
 0
 0
 0
 0
 0
 0
 0
 0
 0
 0
 0
 0
 0
 0
 0
 0
 0
 0
 0
 0
 0
 0
 0
 0
 0
 0
 0
 0
 0
 0
 0
 0
 0
 0
 0
 0
 0
 0
 0
 0
 0
 0
 0
 0
 0
 0
 0
 0
 0
 0
 0
 0
 0
 0
 0
 0
 0
 0
 0
 0
 0
 0
 0
 0
 0
 0
 0
 0
 0
 0
 0
 0
 0
 0
 0
 0
 0
 0
 0
 0
 0
 0
 0
 0
 0
 0
 0
 0
 0
 0
 0
 0
 0
 0
 0
 0
 0
 0
 0
 0
 0
 0
 0
 0
 0
 0
 0
 0
 0
 1
 1
 1
 1
 1
 1
 1
 1
 1
 1
 1
 1
 1
 1
 1
 1
 1
 1
 1
 1
 1
 1
 1
 1
 1
 1
 1
 1
 0
 0
 0
 0
 0
 0
 0
 0
 0
 0
 0
 0
 0
 0
 0
 0
 0
 0
 0
 0
 0
 0
 0
 0
 0
 0
 0
 0
 0
 0
 0
 0
 0
 0
 0
 0
 0
 0
 0
 0
 0
 0
 0
 0
 0
 0
 0
 0
 0
 0
 0
 0
 0
 0
 0
 0
 0
 0
 0
 0


# name: vars
# type: matrix
# ndims: 3
 1 30 19
 0
 0
 0.040542
 0.050222
 0.058195
 0.010621
 0.003468
 0.003966
 0.006441
 0.006737
 0.003093
 0.003881
 0.00609
 0.007989
 0.003305
 0.003556
 0.003049
 0.005373
 0.005792
 0.007667
 0.004976
 0.005682
 0.001628
 0.001843
 0.001821
 0.026099
 0.00094
 0.00164
 0.000283
 0.000741
 0
 0
 0.33333
 0
 0.2
 0.3
 0.2
 0.075
 0.075
 0
 0.02222
 0
 0.02222
 0.02222
 0.02222
 0.02222
 0.02222
 0
 0
 0.0125
 0
 0.008
 0.0125
 0.008
 0.032
 0.008
 0.00556
 0.03089
 0.027
 0.008330000000000001
 0
 0
 0
 0
 0
 0
 0
 0
 0
 0
 0
 0
 0
 0
 0
 0
 0
 0
 0
 0
 0
 0
 0
 0
 0
 0
 0
 0
 0
 0
 0
 0
 0.1007
 0.00052
 0.03517
 0.06271
 0.07167
 0.04003
 0.04922
 0.0044
 0.00308
 0.00183
 0.00114
 0.00079
 0.00094
 0.0003
 0.00032
 0.00024
 9.000000000000001e-005
 0.00085
 0.00717
 0.01093
 0.01178
 0.01109
 0.01062
 0.01052
 0.00335
 0.0034
 0.01406
 0.01129
 0
 0
 0
 0
 0
 0
 0
 0
 0
 0
 0
 0
 0
 0
 0
 0
 0
 0
 0
 0
 0
 0
 0
 0
 0
 0
 0
 0
 0
 0
 0
 0
 0
 0
 0
 0
 0
 0
 0
 0
 0
 0
 0
 0
 0
 0
 0
 0
 0
 0
 0
 0
 0
 0
 0
 0
 0
 0
 0
 0
 0
 0
 0
 0
 0
 0
 0
 0
 0
 0
 0
 0
 0
 0
 0
 0
 0
 0
 0
 0
 0
 0
 0
 0
 0
 0
 0
 0
 0
 0
 0
 0
 0.1007
 0.02036
 0.03038
 0.03147
 0.03379
 0.02143
 0.02677
 0.01978
 0.01592
 0.01026
 0.00903
 0.01554
 0.00449
 0.00056
 0.00114
 0.0009300000000000001
 8.000000000000001e-005
 0.00434
 0.00438
 0.00894
 0.01022
 0.01164
 0.00821
 0.009520000000000001
 0.00781
 0.00772
 0.01683
 0.0118
 0
 0
 0
 0
 0
 0
 0
 0
 0
 0
 0
 0
 0
 0
 0
 0
 0
 0
 0
 0
 0
 0
 0
 0
 0
 0
 0
 0
 0
 0
 0
 0
 0
 0
 0
 0
 0
 0
 0
 0
 0
 0
 0
 0
 0
 0
 0
 0
 0
 0
 0
 0
 0
 0
 0
 0
 0
 0
 0
 0
 0
 0
 0
 0
 0
 0
 0
 0
 0
 0
 0
 0
 0
 0
 0
 0
 0
 0
 0
 0
 0
 0
 0
 0
 0
 0
 0
 0
 0
 0
 0
 0
 0
 0
 0
 0
 0
 0
 0
 0
 0
 0
 0
 0
 0
 0
 0
 0
 0
 0
 0
 0
 0
 0
 0
 0
 0
 0
 0
 0
 0
 0
 0
 0
 0
 0
 0
 0
 0
 0
 0
 0
 0
 0
 0
 0
 0
 0
 0
 0
 0
 0
 0
 0
 0
 0
 0
 0
 0
 0
 0
 0
 0
 0
 0
 0
 0
 0
 0
 0
 0
 0
 0
 0
 0
 0
 0
 0
 0
 0
 0
 0
 0
 0
 0
 0
 0
 0
 0
 0
 0
 0
 0
 0
 0
 0
 0
 0
 0
 0
 0
 0
 0
 0
 0
 0
 0
 0
 0
 0
 0
 0
 0
 0
 0
 0
 0
 0
 0
 0
 0
 0
 0
 0
 0
 0
 0
 0
 0
 0
 0
 0
 0
 0
 0
 0
 0
 0
 0
 0
 0
 0
 0
 0
 0
 0
 0
 0
 0
 0
 0
 0
 0
 0
 0
 0
 0
 0
 0
 0
 0
 0
 0
 0
 0
 0
 0
 0
 0
 0
 0
 0
 0
 0
 0
 0
 0
 0
 0
 0
 0
 0
 0
 0
 0
 0
 0
 0
 0
 0
 0
 0
 0
 0
 0
 0
 0
 0
 0
 0
 0
 0
 0
 0
 0
 0
 0
 0
 0
 0
 0
 0
 0
 0
 0
 0
 0
 0
 0
 0
 0
 0
 0
 0
 0
 0
 0
 0
 0
 0
 0
 0
 0
 0
 0
 0
 0
 0
 0
 0


