# Created by Octave 4.0.0, Sat Nov 21 16:31:30 2015 W. Europe Standard Time <unknown@Florian-PC>
# name: mus
# type: matrix
# ndims: 3
 1 30 19
 0
 0
 0.59903
 0.93269
 0.76585
 0.78431
 0.71921
 0.73558
 0.72464
 0.725
 0.7368400000000001
 0.82353
 0.83654
 0.82653
 0.91282
 0.91827
 0.92157
 0.91919
 0.92344
 0.92
 0.91534
 0.95034
 0.95652
 0.9566
 0.9525
 0.96154
 0.95465
 0.95408
 0.9605900000000001
 0.95556
 0
 0
 0.66667
 1
 1
 1
 1
 1
 1
 0.9
 0.9
 0.83333
 0.83333
 0.8666700000000001
 0.8666700000000001
 0.8666700000000001
 0.81667
 0.85
 0.85
 0.95
 0.85
 1
 1
 1
 0.96
 0.96667
 0.96
 0.96667
 1
 1
 0
 0
 0.8541299999999999
 0.9412
 0.91572
 0.84618
 0.89275
 0.94163
 0.96186
 0.92017
 0.97682
 0.89684
 0.88694
 0.89483
 0.88853
 0.90251
 0.9029
 0.92172
 0.90939
 0.93177
 0.93675
 0.93714
 0.93831
 0.94271
 0.97602
 0.97419
 0.97718
 0.97245
 0.98449
 0.97077
 0
 0
 0.8307600000000001
 0.93122
 0.82198
 0.84704
 0.81579
 0.88145
 0.89486
 0.8884
 0.90103
 0.83383
 0.83552
 0.84519
 0.83736
 0.85162
 0.86276
 0.86642
 0.87471
 0.88595
 0.8895999999999999
 0.91044
 0.91388
 0.92238
 0.93147
 0.93403
 0.93415
 0.93753
 0.94033
 0.94186
 0
 0
 0.33333
 1
 1
 1
 1
 1
 1
 1
 0.90909
 0.75
 1
 0.77778
 0.8
 1
 1
 1
 1
 1
 1
 1
 1
 1
 1
 1
 1
 1
 1
 1
 0
 0
 0.33333
 0.83923
 0.71494
 0.76208
 0.80948
 0.86692
 0.88795
 0.98331
 0.96831
 0.82158
 0.82408
 0.84018
 0.8520799999999999
 0.88166
 0.8342000000000001
 0.88278
 0.86891
 0.87163
 0.8571
 0.95208
 0.82026
 0.8759
 0.93638
 0.91603
 0.95679
 0.96222
 0.9428299999999999
 0.93086
 0
 0
 0.57859
 0.81089
 0.80654
 0.84704
 0.75878
 0.80983
 0.82198
 0.86306
 0.914
 0.84556
 0.88385
 0.8954800000000001
 0.84697
 0.89453
 0.86633
 0.89153
 0.87969
 0.90243
 0.98123
 0.86553
 0.89458
 0.93137
 0.88223
 0.92627
 0.92202
 0.94991
 0.92849
 0.92987
 0
 0
 0.83048
 0.89317
 0.79359
 0.78474
 0.74996
 0.81713
 0.85419
 0.8894300000000001
 0.92463
 0.85372
 0.86453
 0.87364
 0.85228
 0.86183
 0.86164
 0.87261
 0.87361
 0.89184
 0.88891
 0.90247
 0.9099699999999999
 0.92113
 0.93762
 0.94256
 0.94189
 0.94658
 0.94941
 0.94512
 0
 0
 1
 1
 1
 1
 1
 1
 1
 1
 1
 0.99893
 0.9964499999999999
 0.9876200000000001
 0.9797400000000001
 0.9817900000000001
 0.96717
 0.9723000000000001
 0.9644200000000001
 0.96636
 0.96224
 0.95963
 0.95707
 0.95294
 0.9659799999999999
 0.9576
 0.95753
 0.96049
 0.95856
 0.94324
 0
 0
 0.33333
 0.839
 0.71348
 0.74134
 0.84044
 0.7858000000000001
 0.91275
 0.96372
 0.99186
 0.891
 0.87025
 0.88041
 0.84262
 0.8616200000000001
 0.86628
 0.85976
 0.88925
 0.87421
 0.88317
 0.95051
 0.90554
 0.91618
 0.9317
 0.93865
 0.985
 0.96117
 0.94643
 0.94535
 0
 0
 0.57859
 0.79273
 0.81816
 0.82886
 0.79031
 0.78378
 0.8227100000000001
 0.83389
 0.87244
 0.81938
 0.84854
 0.89264
 0.84595
 0.87469
 0.8584000000000001
 0.89233
 0.96061
 0.89975
 0.88332
 0.96146
 0.91012
 0.90197
 0.9081900000000001
 0.96541
 0.92403
 0.94956
 0.94476
 0.9344
 0
 0
 0
 0
 0
 0
 0
 0
 0
 0
 0
 0
 0
 0
 0
 0
 0
 0
 0
 0
 0
 0
 0
 0
 0
 0
 0
 0
 0
 0
 0
 0
 0
 0
 0
 0
 0
 0
 0
 0
 0
 0
 0
 0
 0
 0
 0
 0
 0
 0
 0
 0
 0
 0
 0
 0
 0
 0
 0
 0
 0
 0
 0
 0
 0
 0
 0
 0
 0
 0
 0
 0
 0
 0
 0
 0
 0
 0
 0
 0
 0
 0
 0
 0
 0
 0
 0
 0
 0
 0
 0
 0
 0
 0
 0
 0
 0
 0
 0
 0
 0
 0
 0
 0
 0
 0
 0
 0
 0
 0
 0
 0
 0
 0
 0
 0
 0
 0
 0
 0
 0
 0
 0
 0
 0
 0
 0
 0
 0
 0
 0
 0
 0
 0
 0
 0
 0
 0
 0
 0
 0
 0
 0
 0
 0
 0
 0
 0
 0
 0
 0
 0
 1
 1
 1
 1
 1
 1
 1
 1
 1
 0.99315
 0.99693
 0.99048
 0.97306
 0.9716900000000001
 0.976
 0.97259
 0.96408
 0.96307
 0.97098
 0.9585900000000001
 0.96214
 0.9674
 0.96449
 0.9537600000000001
 0.95141
 0.95275
 0.95273
 0.94769
 0
 0
 0
 0
 0
 0
 0
 0
 0
 0
 0
 0
 0
 0
 0
 0
 0
 0
 0
 0
 0
 0
 0
 0
 0
 0
 0
 0
 0
 0
 0
 0
 0
 0
 0
 0
 0
 0
 0
 0
 0
 0
 0
 0
 0
 0
 0
 0
 0
 0
 0
 0
 0
 0
 0
 0
 0
 0
 0
 0


