# Created by Octave 4.0.0, Sat Nov 21 16:31:38 2015 W. Europe Standard Time <unknown@Florian-PC>
# name: mus
# type: matrix
# ndims: 3
 1 30 19
 0
 0
 0.66184
 0.74038
 0.8878
 0.96569
 0.78818
 0.79327
 0.91304
 0.965
 0.96172
 0.94118
 0.96635
 0.95408
 0.95385
 0.95673
 0.95588
 0.9494899999999999
 0.9521500000000001
 0.95
 0.94709
 0.9494899999999999
 0.95169
 0.94271
 0.95
 0.89904
 0.95616
 0.94898
 0.9605900000000001
 0.95556
 0
 0
 1
 0.25
 0.6
 0.9
 1
 1
 0.9
 0.7
 0.76667
 0.93333
 0.7
 0.8666700000000001
 0.8666700000000001
 0.9
 1
 1
 1
 0.9
 0.87
 0.9
 0.92
 1
 1
 1
 1
 1
 0.93333
 0.93333
 0
 0
 1
 0.64359
 0.72877
 0.76625
 0.88927
 0.9193
 0.91677
 0.8037300000000001
 0.9193
 0.8557399999999999
 0.95452
 0.91691
 0.95073
 0.94399
 0.9366100000000001
 0.94101
 0.95807
 0.95874
 0.97428
 0.94567
 0.93893
 0.96771
 0.95495
 0.96674
 0.96044
 0.97543
 0.9815199999999999
 0.97121
 0
 0
 1
 0.43057
 0.72806
 0.91435
 0.96191
 0.9794
 0.9487
 0.92404
 0.88554
 0.93987
 0.94206
 0.9935
 0.99741
 0.99214
 0.99654
 0.99404
 0.9964
 0.99639
 0.99702
 0.9973
 0.99829
 0.99739
 0.99639
 0.99679
 0.99864
 0.99675
 0.99968
 0.99953
 0
 0
 1
 0.5
 0.8
 0.66667
 1
 1
 0.88889
 1
 0.81818
 0.91667
 1
 1
 1
 1
 1
 1
 1
 1
 1
 1
 1
 1
 1
 1
 1
 1
 1
 1
 0
 0
 1
 0.6389
 0.875
 0.7125
 1.125
 1.08393
 0.91369
 0.99921
 0.85442
 0.93409
 1.013
 1.01932
 1.01333
 1.02338
 1.01099
 0.94037
 1.02872
 1.01596
 1.03017
 1.01389
 1
 1.01786
 1
 1
 1
 1
 1
 1
 0
 0
 1
 0.8651799999999999
 0.91307
 0.79159
 0.7985
 0.81364
 0.89635
 0.84878
 0.91913
 0.93648
 0.89417
 0.90027
 0.96393
 0.95697
 0.93542
 0.94595
 0.95259
 0.94279
 0.97751
 0.96279
 0.97629
 0.96563
 0.9704
 0.97644
 0.96992
 0.96221
 0.9999
 0.97972
 0
 0
 1
 0.5239200000000001
 0.6408
 0.79344
 0.89978
 0.94687
 0.94335
 0.88672
 0.9263400000000001
 0.94208
 0.92859
 0.96716
 0.97187
 0.96854
 0.98217
 0.98336
 0.97884
 0.98404
 0.98765
 0.98369
 0.99373
 0.9902
 0.98731
 0.99075
 0.99351
 0.99424
 0.99647
 0.99593
 0
 0
 1
 1
 1
 1
 1
 1
 1
 1
 1
 1
 1
 1
 1
 1
 1
 1
 1
 1
 1
 1
 1
 1
 1
 1
 1
 1
 1
 1
 0
 0
 1
 0.67157
 0.64154
 0.7198099999999999
 1.18139
 1.14279
 0.93326
 0.78907
 0.87072
 0.89458
 0.88604
 1.01166
 0.96692
 1.0211
 1.05944
 0.96044
 1.15886
 0.98046
 1.16098
 1.07855
 1
 1.10203
 1
 1
 1
 1
 1
 1
 0
 0
 1
 0.8651799999999999
 0.95029
 0.89819
 0.79697
 0.84719
 0.87246
 0.85122
 0.90361
 0.86905
 0.94242
 0.91935
 0.90162
 0.9863499999999999
 0.95792
 0.95029
 0.95157
 0.96011
 0.94877
 0.98969
 1.07872
 1.01699
 0.95382
 1.01273
 1.04887
 0.96731
 1.02527
 0.98219
 0
 0
 0
 0
 0
 0
 0
 0
 0
 0
 0
 0
 0
 0
 0
 0
 0
 0
 0
 0
 0
 0
 0
 0
 0
 0
 0
 0
 0
 0
 0
 0
 0
 0
 0
 0
 0
 0
 0
 0
 0
 0
 0
 0
 0
 0
 0
 0
 0
 0
 0
 0
 0
 0
 0
 0
 0
 0
 0
 0
 0
 0
 0
 0
 0
 0
 0
 0
 0
 0
 0
 0
 0
 0
 0
 0
 0
 0
 0
 0
 0
 0
 0
 0
 0
 0
 0
 0
 0
 0
 0
 0
 0
 0
 0
 0
 0
 0
 0
 0
 0
 0
 0
 0
 0
 0
 0
 0
 0
 0
 0
 0
 0
 0
 0
 0
 0
 0
 0
 0
 0
 0
 0
 0
 0
 0
 0
 0
 0
 0
 0
 0
 0
 0
 0
 0
 0
 0
 0
 0
 0
 0
 0
 0
 0
 0
 0
 0
 0
 0
 0
 0
 1
 1
 1
 1
 1
 1
 1
 1
 1
 1
 1
 1
 1
 1
 1
 1
 1
 1
 1
 1
 1
 1
 1
 1
 1
 1
 1
 1
 0
 0
 0
 0
 0
 0
 0
 0
 0
 0
 0
 0
 0
 0
 0
 0
 0
 0
 0
 0
 0
 0
 0
 0
 0
 0
 0
 0
 0
 0
 0
 0
 0
 0
 0
 0
 0
 0
 0
 0
 0
 0
 0
 0
 0
 0
 0
 0
 0
 0
 0
 0
 0
 0
 0
 0
 0
 0
 0
 0


# name: vars
# type: matrix
# ndims: 3
 1 30 19
 0
 0
 0.060434
 0.041572
 0.020098
 0.006363
 0.021313
 0.016178
 0.005563
 0.003447
 0.003963
 0.003268
 0.002342
 0.002831
 0.002507
 0.004157
 0.001966
 0.002132
 0.003022
 0.002222
 0.001386
 0.002296
 0.001155
 0.002945
 0.002171
 0.027023
 0.001108
 0.004616
 0.000963
 0.001185
 0
 0
 0
 0.25
 0.3
 0.05
 0
 0
 0.05
 0.2
 0.10556
 0.02222
 0.2
 0.08889
 0.08889
 0.05
 0
 0
 0
 0.05
 0.0345
 0.05
 0.032
 0
 0
 0
 0
 0
 0.02222
 0.02222
 0
 0
 0
 0
 0
 0
 0
 0
 0
 0
 0
 0
 0
 0
 0
 0
 0
 0
 0
 0
 0
 0
 0
 0
 0
 0
 0
 0
 0
 0
 0
 0
 0
 0.072224
 0.048422
 0.011998
 0.011235
 0.003686
 0.011572
 0.015545
 0.027282
 0.01275
 0.012615
 0.001851
 0.000381
 0.001594
 0.000538
 0.000955
 0.000522
 0.000532
 0.000426
 0.000341
 0.000224
 0.0004
 0.000494
 0.000528
 0.000198
 0.000588
 1.1e-005
 1.8e-005
 0
 0
 0
 0
 0
 0
 0
 0
 0
 0
 0
 0
 0
 0
 0
 0
 0
 0
 0
 0
 0
 0
 0
 0
 0
 0
 0
 0
 0
 0
 0
 0
 0
 0
 0
 0
 0
 0
 0
 0
 0
 0
 0
 0
 0
 0
 0
 0
 0
 0
 0
 0
 0
 0
 0
 0
 0
 0
 0
 0
 0
 0
 0
 0
 0
 0
 0
 0
 0
 0
 0
 0
 0
 0
 0
 0
 0
 0
 0
 0
 0
 0
 0
 0
 0
 0
 0
 0
 0
 0
 0
 0
 0
 0.06113
 0.045184
 0.046549
 0.0268
 0.006147
 0.006179
 0.025741
 0.01431
 0.014868
 0.014916
 0.009157999999999999
 0.008168
 0.010437
 0.006207
 0.004644
 0.007199
 0.005743
 0.004161
 0.006791
 0.00168
 0.004194
 0.003834
 0.003225
 0.002514
 0.002232
 0.001428
 0.001552
 0
 0
 0
 0
 0
 0
 0
 0
 0
 0
 0
 0
 0
 0
 0
 0
 0
 0
 0
 0
 0
 0
 0
 0
 0
 0
 0
 0
 0
 0
 0
 0
 0
 0
 0
 0
 0
 0
 0
 0
 0
 0
 0
 0
 0
 0
 0
 0
 0
 0
 0
 0
 0
 0
 0
 0
 0
 0
 0
 0
 0
 0
 0
 0
 0
 0
 0
 0
 0
 0
 0
 0
 0
 0
 0
 0
 0
 0
 0
 0
 0
 0
 0
 0
 0
 0
 0
 0
 0
 0
 0
 0
 0
 0
 0
 0
 0
 0
 0
 0
 0
 0
 0
 0
 0
 0
 0
 0
 0
 0
 0
 0
 0
 0
 0
 0
 0
 0
 0
 0
 0
 0
 0
 0
 0
 0
 0
 0
 0
 0
 0
 0
 0
 0
 0
 0
 0
 0
 0
 0
 0
 0
 0
 0
 0
 0
 0
 0
 0
 0
 0
 0
 0
 0
 0
 0
 0
 0
 0
 0
 0
 0
 0
 0
 0
 0
 0
 0
 0
 0
 0
 0
 0
 0
 0
 0
 0
 0
 0
 0
 0
 0
 0
 0
 0
 0
 0
 0
 0
 0
 0
 0
 0
 0
 0
 0
 0
 0
 0
 0
 0
 0
 0
 0
 0
 0
 0
 0
 0
 0
 0
 0
 0
 0
 0
 0
 0
 0
 0
 0
 0
 0
 0
 0
 0
 0
 0
 0
 0
 0
 0
 0
 0
 0
 0
 0
 0
 0
 0
 0
 0
 0
 0
 0
 0
 0
 0
 0
 0
 0
 0
 0
 0
 0
 0
 0
 0
 0
 0
 0
 0
 0
 0
 0
 0
 0
 0
 0
 0
 0
 0
 0
 0
 0
 0
 0
 0
 0
 0
 0
 0
 0
 0
 0
 0
 0
 0
 0
 0
 0
 0
 0
 0
 0
 0
 0
 0
 0
 0
 0
 0
 0
 0
 0
 0
 0
 0
 0
 0
 0
 0
 0
 0
 0
 0
 0
 0
 0
 0
 0
 0
 0
 0
 0
 0
 0
 0
 0
 0
 0


