# Created by Octave 4.0.0, Sat Nov 21 16:31:37 2015 W. Europe Standard Time <unknown@Florian-PC>
# name: mus
# type: matrix
# ndims: 3
 1 30 19
 0
 0
 0.66184
 0.65865
 0.65854
 0.65686
 0.65517
 0.66346
 0.65217
 0.785
 0.7512
 0.80392
 0.8125
 0.80102
 0.8
 0.68269
 0.8194399999999999
 0.77778
 0.80383
 0.835
 0.8359799999999999
 0.84933
 0.85024
 0.83854
 0.82
 0.86058
 0.84051
 0.84694
 0.9064
 0.89444
 0
 0
 1
 1
 1
 1
 1
 1
 1
 0.9
 0.8
 0.93333
 0.9
 0.93333
 0.8666700000000001
 0.8833299999999999
 0.8666700000000001
 0.85
 0.83333
 0.85
 0.91
 0.82
 0.82
 0.88
 0.88
 0.88
 0.9
 0.92
 0.93333
 0.93333
 0
 0
 1
 1
 1
 1
 1
 1
 1
 0.84732
 0.8591
 0.86143
 0.86087
 0.89975
 0.90346
 0.94494
 0.92958
 0.9097
 0.93314
 0.91959
 0.92625
 0.92808
 0.91939
 0.92157
 0.93346
 0.92295
 0.93503
 0.94018
 0.93459
 0.91469
 0
 0
 1
 1
 1
 1
 1
 1
 1
 0.90042
 0.88962
 0.90452
 0.92269
 0.9205
 0.91806
 0.92384
 0.88609
 0.94655
 0.93907
 0.9075
 0.90725
 0.92289
 0.91204
 0.90646
 0.91947
 0.91431
 0.91383
 0.92361
 0.9320000000000001
 0.93602
 0
 0
 1
 1
 1
 1
 1
 1
 1
 0.9
 0.63636
 0.75
 0.84615
 1
 0.6
 1
 0.5
 1
 1
 1
 1
 1
 1
 1
 0
 1
 1
 1
 1
 1
 0
 0
 1
 1
 1
 1
 1
 1
 1
 0.88889
 0.77879
 0.8157799999999999
 0.84793
 0.99189
 0.80697
 0.95904
 0.76041
 1.00107
 0.9881799999999999
 1.03808
 0.92241
 1.04861
 1.03409
 1.01253
 0.6875
 0.875
 0.8125
 0.875
 0.91381
 1
 0
 0
 1
 1
 1
 1
 1
 1
 1
 0.81709
 0.88224
 0.99258
 0.9111
 0.9942800000000001
 0.91861
 0.94311
 0.92933
 0.93181
 0.94989
 0.90171
 0.93759
 0.93202
 0.92228
 0.9299500000000001
 0.93416
 0.9170700000000001
 0.94074
 0.93709
 0.92594
 0.9206299999999999
 0
 0
 1
 1
 1
 1
 1
 1
 1
 0.90027
 0.91475
 0.91891
 0.92483
 0.94487
 0.95135
 0.95682
 0.92624
 0.9571499999999999
 0.94922
 0.92011
 0.9175
 0.91731
 0.92372
 0.9168500000000001
 0.92269
 0.92228
 0.92134
 0.92525
 0.92609
 0.92827
 0
 0
 1
 1
 1
 1
 1
 1
 1
 1
 1
 1
 1
 1
 1
 1
 1
 1
 1
 1
 1
 1
 1
 1
 1
 1
 1
 1
 1
 1
 0
 0
 1
 1
 1
 1
 1
 1
 1
 0.89236
 0.83678
 0.85333
 0.85551
 0.87132
 0.88753
 0.95225
 0.86933
 0.95922
 0.94194
 0.83791
 0.89603
 0.97009
 0.93023
 0.94334
 0.90152
 0.89401
 0.86922
 0.99983
 0.9846
 1
 0
 0
 1
 1
 1
 1
 1
 1
 1
 0.83497
 0.83043
 0.86755
 0.9921
 0.8819399999999999
 0.9262899999999999
 0.91871
 0.9514
 0.92182
 1.02408
 0.95489
 0.98719
 0.9279500000000001
 0.96988
 0.95424
 0.94312
 0.97984
 1.0026
 0.9611499999999999
 0.9459
 0.92079
 0
 0
 0
 0
 0
 0
 0
 0
 0
 0
 0
 0
 0
 0
 0
 0
 0
 0
 0
 0
 0
 0
 0
 0
 0
 0
 0
 0
 0
 0
 0
 0
 0
 0
 0
 0
 0
 0
 0
 0
 0
 0
 0
 0
 0
 0
 0
 0
 0
 0
 0
 0
 0
 0
 0
 0
 0
 0
 0
 0
 0
 0
 0
 0
 0
 0
 0
 0
 0
 0
 0
 0
 0
 0
 0
 0
 0
 0
 0
 0
 0
 0
 0
 0
 0
 0
 0
 0
 0
 0
 0
 0
 0
 0
 0
 0
 0
 0
 0
 0
 0
 0
 0
 0
 0
 0
 0
 0
 0
 0
 0
 0
 0
 0
 0
 0
 0
 0
 0
 0
 0
 0
 0
 0
 0
 0
 0
 0
 0
 0
 0
 0
 0
 0
 0
 0
 0
 0
 0
 0
 0
 0
 0
 0
 0
 0
 0
 0
 0
 0
 0
 0
 1
 1
 1
 1
 1
 1
 1
 1
 1
 1
 1
 1
 1
 1
 1
 1
 1
 1
 1
 1
 1
 1
 1
 1
 1
 1
 1
 1
 0
 0
 0
 0
 0
 0
 0
 0
 0
 0
 0
 0
 0
 0
 0
 0
 0
 0
 0
 0
 0
 0
 0
 0
 0
 0
 0
 0
 0
 0
 0
 0
 0
 0
 0
 0
 0
 0
 0
 0
 0
 0
 0
 0
 0
 0
 0
 0
 0
 0
 0
 0
 0
 0
 0
 0
 0
 0
 0
 0


# name: vars
# type: matrix
# ndims: 3
 1 30 19
 0
 0
 0.093114
 0.066247
 0.052488
 0.030204
 0.028451
 0.030962
 0.011565
 0.030816
 0.052197
 0.012102
 0.022855
 0.021333
 0.008148000000000001
 0.015274
 0.006596
 0.006173
 0.010577
 0.014472
 0.008566000000000001
 0.007868999999999999
 0.011867
 0.004681
 0.016
 0.009272000000000001
 0.002663
 0.002855
 0.007814
 0.003296
 0
 0
 0
 0
 0
 0
 0
 0
 0
 0.05
 0.075
 0.022222
 0.05
 0.022222
 0.033333
 0.026389
 0.033333
 0.05
 0.055556
 0.05
 0.0155
 0.01075
 0.01075
 0.012
 0.032
 0.032
 0.022222
 0.012
 0.008333
 0.008333
 0
 0
 0
 0
 0
 0
 0
 0
 0
 0
 0
 0
 0
 0
 0
 0
 0
 0
 0
 0
 0
 0
 0
 0
 0
 0
 0
 0
 0
 0
 0
 0
 0
 0
 0
 0
 0
 0
 0
 0.020626
 0.020765
 0.019372
 0.014036
 0.015636
 0.015337
 0.016598
 0.022158
 0.010673
 0.01237
 0.015626
 0.016223
 0.014742
 0.015968
 0.016797
 0.016292
 0.014601
 0.015222
 0.012653
 0.011891
 0.01052
 0
 0
 0
 0
 0
 0
 0
 0
 0
 0
 0
 0
 0
 0
 0
 0
 0
 0
 0
 0
 0
 0
 0
 0
 0
 0
 0
 0
 0
 0
 0
 0
 0
 0
 0
 0
 0
 0
 0
 0
 0
 0
 0
 0
 0
 0
 0
 0
 0
 0
 0
 0
 0
 0
 0
 0
 0
 0
 0
 0
 0
 0
 0
 0
 0
 0
 0
 0
 0
 0
 0
 0
 0
 0
 0
 0
 0
 0
 0
 0
 0
 0
 0
 0
 0
 0
 0
 0
 0
 0
 0
 0
 0
 0
 0
 0
 0
 0
 0
 0.01445
 0.012129
 0.01229
 0.012314
 0.009586000000000001
 0.008283
 0.008517
 0.012959
 0.007561
 0.008314999999999999
 0.014601
 0.012802
 0.012597
 0.012354
 0.012112
 0.011796
 0.013487
 0.013043
 0.013226
 0.01184
 0.013612
 0
 0
 0
 0
 0
 0
 0
 0
 0
 0
 0
 0
 0
 0
 0
 0
 0
 0
 0
 0
 0
 0
 0
 0
 0
 0
 0
 0
 0
 0
 0
 0
 0
 0
 0
 0
 0
 0
 0
 0
 0
 0
 0
 0
 0
 0
 0
 0
 0
 0
 0
 0
 0
 0
 0
 0
 0
 0
 0
 0
 0
 0
 0
 0
 0
 0
 0
 0
 0
 0
 0
 0
 0
 0
 0
 0
 0
 0
 0
 0
 0
 0
 0
 0
 0
 0
 0
 0
 0
 0
 0
 0
 0
 0
 0
 0
 0
 0
 0
 0
 0
 0
 0
 0
 0
 0
 0
 0
 0
 0
 0
 0
 0
 0
 0
 0
 0
 0
 0
 0
 0
 0
 0
 0
 0
 0
 0
 0
 0
 0
 0
 0
 0
 0
 0
 0
 0
 0
 0
 0
 0
 0
 0
 0
 0
 0
 0
 0
 0
 0
 0
 0
 0
 0
 0
 0
 0
 0
 0
 0
 0
 0
 0
 0
 0
 0
 0
 0
 0
 0
 0
 0
 0
 0
 0
 0
 0
 0
 0
 0
 0
 0
 0
 0
 0
 0
 0
 0
 0
 0
 0
 0
 0
 0
 0
 0
 0
 0
 0
 0
 0
 0
 0
 0
 0
 0
 0
 0
 0
 0
 0
 0
 0
 0
 0
 0
 0
 0
 0
 0
 0
 0
 0
 0
 0
 0
 0
 0
 0
 0
 0
 0
 0
 0
 0
 0
 0
 0
 0
 0
 0
 0
 0
 0
 0
 0
 0
 0
 0
 0
 0
 0
 0
 0
 0
 0
 0
 0
 0
 0
 0
 0
 0
 0
 0
 0
 0
 0
 0
 0
 0
 0
 0
 0
 0
 0
 0
 0
 0
 0
 0
 0
 0
 0
 0
 0
 0
 0
 0
 0
 0
 0
 0
 0
 0
 0
 0
 0
 0
 0
 0
 0
 0
 0
 0
 0
 0
 0
 0
 0
 0
 0
 0
 0
 0
 0
 0
 0
 0
 0
 0
 0
 0
 0
 0
 0
 0
 0
 0
 0


