# Created by Octave 4.0.0, Sat Nov 21 16:31:56 2015 W. Europe Standard Time <unknown@Florian-PC>
# name: mus
# type: matrix
# ndims: 3
 1 30 19
 0
 0
 0.33816
 0.36058
 0.98049
 0.95098
 0.84729
 0.90385
 0.93237
 0.9399999999999999
 0.96172
 0.96078
 0.97596
 0.97449
 0.97436
 0.98077
 0.98039
 0.97475
 0.9760799999999999
 0.975
 0.97354
 0.9798
 0.99034
 0.98958
 0.99
 0.98558
 0.98262
 0.98469
 0.98522
 0.97778
 0
 0
 0.66667
 1
 0.8
 0.7
 0.6
 1
 0.6
 0.9
 0.73333
 0.8
 0.8666700000000001
 0.76667
 0.93333
 0.95
 0.93333
 0.78333
 0.8666700000000001
 1
 1
 1
 0.86
 0.92
 0.92
 0.92
 0.96
 0.92667
 0.9
 0.93333
 0
 0
 0.62976
 0.90171
 0.76076
 0.88806
 0.84004
 0.82224
 0.79814
 0.84724
 0.769
 0.83214
 0.85436
 0.86271
 0.87133
 0.9071900000000001
 0.93881
 0.90771
 0.95029
 0.93388
 0.97977
 0.96211
 0.88639
 0.91837
 0.9146
 0.9211
 0.9067499999999999
 0.92216
 0.89583
 0.9335599999999999
 0
 0
 0.52779
 0.9881
 0.8722299999999999
 0.8246599999999999
 0.9033099999999999
 0.92465
 0.80814
 0.9303399999999999
 0.86508
 0.8941
 0.88631
 0.96301
 0.9512
 0.96035
 0.96492
 0.98739
 0.9953
 0.99885
 0.99918
 0.99998
 0.92839
 0.949
 0.95622
 0.9587
 0.94653
 0.95699
 0.96128
 0.95786
 0
 0
 0.66667
 1
 0.6
 0.66667
 0.71429
 0.875
 0.77778
 1
 0.90909
 0.75
 0.84615
 0.88889
 0.8
 1
 1
 1
 1
 1
 1
 1
 1
 1
 1
 1
 0
 1
 1
 0
 0
 0
 1
 1.33333
 0.775
 0.7583299999999999
 0.8369
 0.94107
 0.79762
 1.04147
 0.97235
 0.79432
 0.88118
 0.91813
 0.87242
 0.93149
 1.01093
 1.02244
 1.02196
 1.00266
 1.00431
 1
 0.84091
 0.85714
 0.82795
 1
 0.66667
 0.875
 0.875
 0.75
 0
 0
 0.57859
 0.98444
 0.8708
 0.97074
 0.90742
 0.87481
 0.7917
 0.84468
 0.81325
 0.88249
 0.82916
 0.88755
 0.9069199999999999
 0.9011
 0.92128
 0.96177
 0.92903
 0.97766
 0.98573
 0.97051
 0.97416
 0.93255
 0.90463
 0.9093599999999999
 0.92174
 0.92344
 0.91171
 0.9253400000000001
 0
 0
 0.52779
 0.9254599999999999
 0.85286
 0.91198
 0.86958
 0.86266
 0.82803
 0.8525700000000001
 0.87448
 0.86997
 0.90593
 0.9382
 0.95046
 0.97572
 0.96639
 0.97457
 0.98198
 0.99181
 0.99207
 0.9966699999999999
 0.94335
 0.93781
 0.94124
 0.94121
 0.9327
 0.94773
 0.96252
 0.95688
 0
 0
 1
 1
 1
 1
 1
 1
 1
 1
 1
 1
 1
 1
 1
 1
 1
 1
 1
 1
 1
 1
 1
 1
 1
 1
 1
 1
 1
 1
 0
 0
 1
 1.33333
 0.84846
 0.93454
 1.05551
 0.9899
 0.70635
 0.82872
 0.92545
 0.88532
 0.90212
 0.86947
 0.90661
 0.9577599999999999
 1.05973
 0.95407
 1.05944
 0.99338
 1.02423
 1
 0.99136
 0.92294
 0.80768
 1
 0.991
 0.88151
 0.99986
 1
 0
 0
 0.57859
 0.97389
 0.90948
 1.01484
 0.94514
 0.84892
 0.79722
 0.88905
 0.82367
 0.90965
 0.8794
 0.84766
 1.04765
 0.88789
 1.01327
 1.00237
 0.92814
 1.03734
 1.10745
 0.9722499999999999
 0.93634
 1.0922
 0.91774
 1.01073
 0.91629
 0.95653
 0.96422
 0.91406
 0
 0
 0
 0
 0
 0
 0
 0
 0
 0
 0
 0
 0
 0
 0
 0
 0
 0
 0
 0
 0
 0
 0
 0
 0
 0
 0
 0
 0
 0
 0
 0
 0
 0
 0
 0
 0
 0
 0
 0
 0
 0
 0
 0
 0
 0
 0
 0
 0
 0
 0
 0
 0
 0
 0
 0
 0
 0
 0
 0
 0
 0
 0
 0
 0
 0
 0
 0
 0
 0
 0
 0
 0
 0
 0
 0
 0
 0
 0
 0
 0
 0
 0
 0
 0
 0
 0
 0
 0
 0
 0
 0
 0
 0
 0
 0
 0
 0
 0
 0
 0
 0
 0
 0
 0
 0
 0
 0
 0
 0
 0
 0
 0
 0
 0
 0
 0
 0
 0
 0
 0
 0
 0
 0
 0
 0
 0
 0
 0
 0
 0
 0
 0
 0
 0
 0
 0
 0
 0
 0
 0
 0
 0
 0
 0
 0
 0
 0
 0
 0
 0
 0
 1
 1
 1
 1
 1
 1
 1
 1
 1
 1
 1
 1
 1
 1
 1
 1
 1
 1
 1
 1
 1
 1
 1
 1
 1
 1
 1
 1
 0
 0
 0
 0
 0
 0
 0
 0
 0
 0
 0
 0
 0
 0
 0
 0
 0
 0
 0
 0
 0
 0
 0
 0
 0
 0
 0
 0
 0
 0
 0
 0
 0
 0
 0
 0
 0
 0
 0
 0
 0
 0
 0
 0
 0
 0
 0
 0
 0
 0
 0
 0
 0
 0
 0
 0
 0
 0
 0
 0


# name: vars
# type: matrix
# ndims: 3
 1 30 19
 0
 0
 0.080042
 0.047582
 0.00361
 0.007625
 0.021765
 0.011635
 0.010931
 0.004632
 0.002127
 0.004442
 0.001356
 0.002046
 0.00114
 0.000901
 0.000839
 0.001459
 0.000755
 0.00125
 0.001764
 0.000574
 0.000368
 0.000372
 0.000343
 0.000396
 0.000483
 0.000364
 0.000736
 0.000741
 0
 0
 0.33333
 0
 0.2
 0.2
 0.3
 0
 0.175
 0.05
 0.06389
 0.075
 0.03333
 0.10556
 0.02222
 0.0125
 0.02222
 0.10972
 0.08889
 0
 0
 0
 0.01675
 0.012
 0.012
 0.012
 0.008
 0.01022
 0.02222
 0.008330000000000001
 0
 0
 0
 0
 0
 0
 0
 0
 0
 0
 0
 0
 0
 0
 0
 0
 0
 0
 0
 0
 0
 0
 0
 0
 0
 0
 0
 0
 0
 0
 0
 0
 0.21006
 0.00045
 0.04593
 0.0447
 0.02918
 0.01902
 0.03707
 0.01404
 0.03135
 0.02743
 0.02347
 0.008880000000000001
 0.009509999999999999
 0.00831
 0.00805
 0.0018
 0.00055
 0.00019
 5e-005
 0
 0.01259
 0.008880000000000001
 0.00691
 0.00689
 0.009849999999999999
 0.00776
 0.00758
 0.00765
 0
 0
 0
 0
 0
 0
 0
 0
 0
 0
 0
 0
 0
 0
 0
 0
 0
 0
 0
 0
 0
 0
 0
 0
 0
 0
 0
 0
 0
 0
 0
 0
 0
 0
 0
 0
 0
 0
 0
 0
 0
 0
 0
 0
 0
 0
 0
 0
 0
 0
 0
 0
 0
 0
 0
 0
 0
 0
 0
 0
 0
 0
 0
 0
 0
 0
 0
 0
 0
 0
 0
 0
 0
 0
 0
 0
 0
 0
 0
 0
 0
 0
 0
 0
 0
 0
 0
 0
 0
 0
 0
 0
 0.21006
 0.01778
 0.04485
 0.02025
 0.03479
 0.02099
 0.02769
 0.02549
 0.02034
 0.03669
 0.01629
 0.01232
 0.01382
 0.00476
 0.00971
 0.00664
 0.00593
 0.00055
 0.00383
 0.00068
 0.00783
 0.008829999999999999
 0.00893
 0.008500000000000001
 0.01094
 0.01004
 0.00458
 0.00617
 0
 0
 0
 0
 0
 0
 0
 0
 0
 0
 0
 0
 0
 0
 0
 0
 0
 0
 0
 0
 0
 0
 0
 0
 0
 0
 0
 0
 0
 0
 0
 0
 0
 0
 0
 0
 0
 0
 0
 0
 0
 0
 0
 0
 0
 0
 0
 0
 0
 0
 0
 0
 0
 0
 0
 0
 0
 0
 0
 0
 0
 0
 0
 0
 0
 0
 0
 0
 0
 0
 0
 0
 0
 0
 0
 0
 0
 0
 0
 0
 0
 0
 0
 0
 0
 0
 0
 0
 0
 0
 0
 0
 0
 0
 0
 0
 0
 0
 0
 0
 0
 0
 0
 0
 0
 0
 0
 0
 0
 0
 0
 0
 0
 0
 0
 0
 0
 0
 0
 0
 0
 0
 0
 0
 0
 0
 0
 0
 0
 0
 0
 0
 0
 0
 0
 0
 0
 0
 0
 0
 0
 0
 0
 0
 0
 0
 0
 0
 0
 0
 0
 0
 0
 0
 0
 0
 0
 0
 0
 0
 0
 0
 0
 0
 0
 0
 0
 0
 0
 0
 0
 0
 0
 0
 0
 0
 0
 0
 0
 0
 0
 0
 0
 0
 0
 0
 0
 0
 0
 0
 0
 0
 0
 0
 0
 0
 0
 0
 0
 0
 0
 0
 0
 0
 0
 0
 0
 0
 0
 0
 0
 0
 0
 0
 0
 0
 0
 0
 0
 0
 0
 0
 0
 0
 0
 0
 0
 0
 0
 0
 0
 0
 0
 0
 0
 0
 0
 0
 0
 0
 0
 0
 0
 0
 0
 0
 0
 0
 0
 0
 0
 0
 0
 0
 0
 0
 0
 0
 0
 0
 0
 0
 0
 0
 0
 0
 0
 0
 0
 0
 0
 0
 0
 0
 0
 0
 0
 0
 0
 0
 0
 0
 0
 0
 0
 0
 0
 0
 0
 0
 0
 0
 0
 0
 0
 0
 0
 0
 0
 0
 0
 0
 0
 0
 0
 0
 0
 0
 0
 0
 0
 0
 0
 0
 0
 0
 0
 0
 0
 0
 0
 0
 0
 0
 0
 0
 0
 0
 0
 0


