# Created by Octave 4.0.0, Sat Nov 21 16:31:29 2015 W. Europe Standard Time <unknown@Florian-PC>
# name: mus
# type: matrix
# ndims: 3
 1 30 19
 0
 0
 0.63768
 0.6875
 0.81951
 0.77941
 0.81773
 0.95673
 0.98068
 0.95
 0.9760799999999999
 0.97059
 0.96635
 0.97449
 0.96923
 0.96635
 0.9567
 0.98485
 0.98565
 0.985
 0.9841299999999999
 0.98485
 0.98551
 0.97917
 0.98
 0.98558
 0.9841299999999999
 0.97449
 0.98522
 0.96111
 0
 0
 0.66667
 0.5
 0.8
 1
 0.9
 1
 1
 0.8
 0.76667
 1
 1
 1
 1
 1
 1
 1
 1
 1
 1
 1
 1
 1
 1
 1
 1
 1
 1
 1
 0
 0
 0.77086
 0.72429
 0.9144
 0.88344
 0.90202
 0.93257
 0.91171
 0.88833
 0.87969
 0.95212
 0.97928
 0.95306
 0.9731
 0.94925
 0.94504
 0.95089
 0.9853
 0.99558
 0.98224
 0.9903999999999999
 0.98598
 0.98622
 1
 0.99491
 0.99265
 0.9977
 0.99327
 1
 0
 0
 0.65939
 0.7020999999999999
 0.78791
 0.83346
 0.8113899999999999
 0.88741
 0.82686
 0.834
 0.86494
 0.898
 0.9208499999999999
 0.91528
 0.928
 0.93215
 0.93918
 0.93169
 0.94256
 0.94804
 0.95101
 0.95113
 0.95228
 0.95788
 0.9581
 0.96108
 0.96411
 0.96261
 0.9651
 0.96695
 0
 0
 1
 0
 0.6
 1
 0.85714
 1
 0.66667
 0.9
 1
 1
 1
 1
 1
 1
 1
 1
 1
 1
 1
 1
 1
 1
 1
 1
 1
 1
 1
 1
 0
 0
 0.99329
 0.3605
 0.73083
 0.96554
 0.97271
 0.9751300000000001
 0.81562
 0.9379
 0.80624
 0.98263
 0.9899
 0.98423
 0.9428
 0.99041
 0.99408
 0.98805
 0.99774
 0.91822
 0.99864
 0.91803
 0.94558
 0.89597
 0.99917
 0.91389
 0.93612
 0.93938
 0.92994
 0.99932
 0
 0
 0.36788
 0.82363
 0.79377
 0.81613
 0.80623
 0.87666
 0.8585700000000001
 0.88389
 0.83209
 0.87834
 0.89763
 0.85007
 0.89064
 0.88814
 0.89541
 0.9331
 0.92862
 0.89843
 0.96557
 0.94836
 0.92765
 0.89376
 0.98411
 0.94968
 0.9451000000000001
 0.91765
 0.90886
 0.93736
 0
 0
 0.66455
 0.67293
 0.76825
 0.80529
 0.83073
 0.88453
 0.85861
 0.84083
 0.87483
 0.88675
 0.90937
 0.91565
 0.9371
 0.93546
 0.94126
 0.94199
 0.95408
 0.95765
 0.9607
 0.95933
 0.96461
 0.96972
 0.97333
 0.97361
 0.97648
 0.97626
 0.97971
 0.98172
 0
 0
 0.99983
 1
 1
 1
 1
 1
 1
 1
 1
 1
 0.99697
 0.9888400000000001
 0.9785700000000001
 0.97515
 0.97632
 0.971
 0.9648
 0.96438
 0.95948
 0.96094
 0.96433
 0.95958
 0.96047
 0.95665
 0.95879
 0.95303
 0.9621
 0.9382
 0
 0
 0.9933
 0.47484
 0.78842
 0.8055
 0.83754
 0.8878200000000001
 0.9623699999999999
 0.85272
 0.8868
 0.98288
 0.9825199999999999
 0.92642
 0.9484399999999999
 0.93723
 0.96504
 0.9906
 0.99571
 0.97238
 0.95614
 0.99627
 0.95173
 0.96873
 0.9747400000000001
 0.96926
 0.99607
 0.99935
 0.99791
 0.98547
 0
 0
 0.36788
 0.82048
 0.7357
 0.89742
 0.82962
 0.80221
 0.81097
 0.8398
 0.87253
 0.81462
 0.8595699999999999
 0.83527
 0.91325
 0.90117
 0.91159
 0.90948
 0.90332
 0.93716
 0.9884500000000001
 0.93562
 0.93455
 0.98832
 0.98059
 0.93435
 0.94774
 0.95056
 0.95197
 0.95023
 0
 0
 0
 0
 0
 0
 0
 0
 0
 0
 0
 0
 0
 0
 0
 0
 0
 0
 0
 0
 0
 0
 0
 0
 0
 0
 0
 0
 0
 0
 0
 0
 0
 0
 0
 0
 0
 0
 0
 0
 0
 0
 0
 0
 0
 0
 0
 0
 0
 0
 0
 0
 0
 0
 0
 0
 0
 0
 0
 0
 0
 0
 0
 0
 0
 0
 0
 0
 0
 0
 0
 0
 0
 0
 0
 0
 0
 0
 0
 0
 0
 0
 0
 0
 0
 0
 0
 0
 0
 0
 0
 0
 0
 0
 0
 0
 0
 0
 0
 0
 0
 0
 0
 0
 0
 0
 0
 0
 0
 0
 0
 0
 0
 0
 0
 0
 0
 0
 0
 0
 0
 0
 0
 0
 0
 0
 0
 0
 0
 0
 0
 0
 0
 0
 0
 0
 0
 0
 0
 0
 0
 0
 0
 0
 0
 0
 0
 0
 0
 0
 0
 0
 0.99998
 1
 1
 1
 1
 1
 1
 1
 1
 0.99959
 0.99618
 0.98916
 0.98344
 0.97503
 0.97873
 0.9671999999999999
 0.96665
 0.95882
 0.96328
 0.95926
 0.9594200000000001
 0.95756
 0.94758
 0.95541
 0.9595399999999999
 0.9539
 0.95422
 0.9406
 0
 0
 0
 0
 0
 0
 0
 0
 0
 0
 0
 0
 0
 0
 0
 0
 0
 0
 0
 0
 0
 0
 0
 0
 0
 0
 0
 0
 0
 0
 0
 0
 0
 0
 0
 0
 0
 0
 0
 0
 0
 0
 0
 0
 0
 0
 0
 0
 0
 0
 0
 0
 0
 0
 0
 0
 0
 0
 0
 0


# name: vars
# type: matrix
# ndims: 3
 1 30 19
 0
 0
 0.06450699999999999
 0.051164
 0.02961
 0.0332
 0.020257
 0.004928
 0.001854
 0.002632
 0.00261
 0.002553
 0.002342
 0.002046
 0.001937
 0.001703
 0.002367
 0.001291
 0.001158
 0.000583
 0.000567
 0.001033
 0.000945
 0.000992
 0.000914
 0.000396
 0.000392
 0.001579
 0.00034
 0.00063
 0
 0
 0.33333
 0.33333
 0.2
 0
 0.05
 0
 0
 0.2
 0.10556
 0
 0
 0
 0
 0
 0
 0
 0
 0
 0
 0
 0
 0
 0
 0
 0
 0
 0
 0
 0
 0
 0
 0
 0
 0
 0
 0
 0
 0
 0
 0
 0
 0
 0
 0
 0
 0
 0
 0
 0
 0
 0
 0
 0
 0
 0
 0
 0
 0
 0
 0
 0.15092
 0.05411
 0.03538
 0.02515
 0.02016
 0.01441
 0.01657
 0.0095
 0.009679999999999999
 0.00704
 0.0057
 0.00576
 0.0046
 0.00395
 0.00353
 0.00298
 0.00324
 0.00228
 0.00223
 0.00196
 0.00186
 0.00189
 0.00177
 0.00166
 0.0013
 0.00146
 0.00128
 0.0014
 0
 0
 1.2726e-006
 8.2996e-019
 1.2381e-012
 1.4806e-022
 5.2572e-021
 3.5217e-032
 4.0059e-032
 9.9604e-034
 5.2998e-029
 3.822e-028
 7.6922e-028
 1.1436e-008
 1.6655e-005
 3.389e-008
 1.251e-007
 2.2452e-006
 0.00011482
 4.8907e-007
 1.535e-005
 7.4664e-006
 9.0302e-006
 4.9462e-005
 5.2691e-006
 4.8067e-008
 3.8513e-018
 8.4758e-012
 8.8003e-010
 2.2123e-005
 0
 0
 0
 0
 0
 0
 0
 0
 0
 0
 0
 0
 0
 0
 0
 0
 0
 0
 0
 0
 0
 0
 0
 0
 0
 0
 0
 0
 0
 0
 0
 0
 0
 0
 0
 0
 0
 0
 0
 0
 0
 0
 0
 0
 0
 0
 0
 0
 0
 0
 0
 0
 0
 0
 0
 0
 0
 0
 0
 0
 0
 0
 0.15469
 0.03849
 0.03423
 0.04512
 0.02757
 0.01728
 0.01715
 0.01482
 0.01333
 0.01095
 0.01151
 0.00992
 0.00586
 0.00535
 0.00517
 0.00404
 0.00361
 0.00394
 0.00215
 0.0038
 0.00172
 0.00147
 0.00333
 0.00191
 0.00091
 0.00312
 0.00498
 0.00409
 0
 0
 0
 0
 0
 0
 0
 0
 0
 0
 0
 0
 0.000735
 0.001928
 0.004415
 0.006018
 0.004469
 0.006879
 0.008215999999999999
 0.007931000000000001
 0.01046
 0.008066
 0.007716
 0.008902
 0.007443
 0.009472
 0.009094
 0.010667
 0.007979
 0.013458
 0
 0
 0
 0
 0
 0
 0
 0
 0
 0
 0
 0
 0
 0
 0
 0
 0
 0
 0
 0
 0
 0
 0
 0
 0
 0
 0
 0
 0
 0
 0
 0
 0
 0
 0
 0
 0
 0
 0
 0
 0
 0
 0
 0
 0
 0
 0
 0
 0
 0
 0
 0
 0
 0
 0
 0
 0
 0
 0
 0
 0
 0
 0
 0
 0
 0
 0
 0
 0
 0
 0
 0
 0
 0
 0
 0
 0
 0
 0
 0
 0
 0
 0
 0
 0
 0
 0
 0
 0
 0
 0
 0
 0
 0
 0
 0
 0
 0
 0
 0
 0
 0
 0
 0
 0
 0
 0
 0
 0
 0
 0
 0
 0
 0
 0
 0
 0
 0
 0
 0
 0
 0
 0
 0
 0
 0
 0
 0
 0
 0
 0
 0
 0
 0
 0
 0
 0
 0
 0
 0
 0
 0
 0
 0
 0
 0
 0
 0
 0
 0
 0
 0
 0
 0
 0
 0
 0
 0
 0
 0
 0
 0
 0
 0
 0
 0
 0
 0
 0
 0
 0
 0
 0
 0
 0
 0
 0
 0
 0
 0
 0
 0
 0
 0
 0
 0
 0
 0
 0
 0
 0
 0
 0
 0
 0
 0
 0
 0
 0
 0
 0
 0
 0
 0
 0
 0
 0
 0
 0
 0
 0
 0
 0
 0
 0
 0
 0
 0
 0
 0
 0
 1.6e-005
 0.000868
 0.001713
 0.003032
 0.005267
 0.004476
 0.007142
 0.006548
 0.010915
 0.00749
 0.009127
 0.009979
 0.01072
 0.012203
 0.010832
 0.009011
 0.011907
 0.010886
 0.013522
 0
 0
 0
 0
 0
 0
 0
 0
 0
 0
 0
 0
 0
 0
 0
 0
 0
 0
 0
 0
 0
 0
 0
 0
 0
 0
 0
 0
 0
 0
 0
 0
 0
 0
 0
 0
 0
 0
 0
 0
 0
 0
 0
 0
 0
 0
 0
 0
 0
 0
 0
 0
 0
 0
 0
 0
 0
 0
 0
 0


