# Created by Octave 4.0.0, Sat Nov 21 16:31:53 2015 W. Europe Standard Time <unknown@Florian-PC>
# name: mus
# type: matrix
# ndims: 3
 1 30 19
 0
 0
 0.89372
 0.82692
 0.72683
 0.85784
 0.95074
 0.96154
 0.96135
 0.96
 0.9760799999999999
 0.97549
 0.97596
 0.97449
 0.97436
 0.97596
 0.98039
 0.9798
 0.89474
 0.98
 0.97884
 0.9798
 0.98551
 0.98438
 0.985
 0.98558
 0.9841299999999999
 0.98469
 0.98522
 0.98333
 0
 0
 0.33333
 1
 1
 0.6
 0.5
 0.7
 0.6
 0.7
 0.73333
 0.76667
 0.73333
 0.8666700000000001
 0.8666700000000001
 0.8833299999999999
 0.81667
 0.83333
 0.83333
 0.85
 0.86
 0.96
 0.9
 0.92
 0.92
 0.92
 0.93333
 0.92667
 0.82667
 0.83333
 0
 0
 0.53018
 0.90137
 0.87709
 0.88175
 0.76612
 0.71555
 0.76654
 0.8295400000000001
 0.65979
 0.85067
 0.85142
 0.81013
 0.8659
 0.84817
 0.82923
 0.88862
 0.87454
 0.90215
 0.89437
 0.89552
 0.92352
 0.90817
 0.9295099999999999
 0.93474
 0.93581
 0.94216
 0.96235
 0.95529
 0
 0
 0.34151
 0.8992599999999999
 0.83027
 0.73871
 0.69235
 0.69586
 0.63994
 0.71488
 0.73564
 0.75054
 0.79266
 0.81953
 0.84774
 0.87835
 0.83583
 0.84982
 0.86815
 0.85998
 0.87778
 0.88698
 0.91372
 0.91528
 0.92356
 0.92645
 0.93211
 0.93576
 0.93016
 0.93823
 0
 0
 0.33333
 1
 1
 0.66667
 0.57143
 0.625
 0.66667
 0.6
 0.90909
 0.83333
 0.61538
 0.77778
 1
 0.66667
 1
 1
 1
 1
 1
 1
 1
 1
 1
 1
 1
 1
 0
 1
 0
 0
 0.45886
 0.84291
 0.9041400000000001
 0.8389799999999999
 0.66164
 0.67114
 0.6613599999999999
 0.68406
 0.7772
 0.76064
 0.73776
 0.7935
 0.90888
 0.8243200000000001
 0.90351
 0.91413
 0.9402199999999999
 0.94656
 0.84798
 0.85489
 0.9578
 0.97098
 0.7335199999999999
 0.93628
 0.88385
 0.97299
 0.8644500000000001
 0.9315600000000001
 0
 0
 0.36788
 0.7735
 0.69015
 0.8757
 0.75647
 0.8315399999999999
 0.91593
 0.78486
 0.84057
 0.8202
 0.83316
 0.79549
 0.81141
 0.83972
 0.83975
 0.81062
 0.86811
 0.869
 0.86033
 0.88903
 0.84407
 0.88028
 0.91534
 0.88764
 0.92821
 0.8763300000000001
 0.92921
 0.89984
 0
 0
 0.37621
 0.8487
 0.72122
 0.76112
 0.64577
 0.6862
 0.62337
 0.70198
 0.71716
 0.71854
 0.75979
 0.7529400000000001
 0.79382
 0.79978
 0.7665
 0.79218
 0.79209
 0.79542
 0.82204
 0.8235
 0.83358
 0.84929
 0.84992
 0.84921
 0.87198
 0.87595
 0.86831
 0.86872
 0
 0
 0.91888
 0.94063
 0.91899
 0.92183
 0.9338
 0.90047
 0.90583
 0.90589
 0.9206299999999999
 0.90906
 0.92508
 0.92765
 0.90788
 0.91157
 0.91523
 0.90959
 0.91157
 0.90139
 0.89791
 0.90493
 0.91077
 0.9049700000000001
 0.90911
 0.91447
 0.9077
 0.90093
 0.91101
 0.9072
 0
 0
 0.43629
 0.75937
 0.81676
 0.96865
 0.4424
 0.70392
 0.67813
 0.68967
 0.71505
 0.78037
 0.8213200000000001
 0.8396
 0.87751
 0.91269
 0.89369
 0.87693
 0.92923
 0.90079
 0.90615
 0.92344
 0.93559
 0.92904
 0.92127
 0.92716
 0.95126
 0.93427
 0.93223
 0.93062
 0
 0
 0.36788
 0.77153
 0.67836
 0.86542
 0.74921
 0.80799
 0.91953
 0.77966
 0.8872
 0.65216
 0.82391
 0.78842
 0.80567
 0.84666
 0.69574
 0.79583
 0.81047
 0.8775500000000001
 0.88359
 0.90081
 0.92779
 0.85855
 0.8775500000000001
 0.94252
 0.8474699999999999
 0.95012
 0.94343
 0.96138
 0
 0
 0
 0
 0
 0
 0
 0
 0
 0
 0
 0
 0
 0
 0
 0
 0
 0
 0
 0
 0
 0
 0
 0
 0
 0
 0
 0
 0
 0
 0
 0
 0
 0
 0
 0
 0
 0
 0
 0
 0
 0
 0
 0
 0
 0
 0
 0
 0
 0
 0
 0
 0
 0
 0
 0
 0
 0
 0
 0
 0
 0
 0
 0
 0
 0
 0
 0
 0
 0
 0
 0
 0
 0
 0
 0
 0
 0
 0
 0
 0
 0
 0
 0
 0
 0
 0
 0
 0
 0
 0
 0
 0
 0
 0
 0
 0
 0
 0
 0
 0
 0
 0
 0
 0
 0
 0
 0
 0
 0
 0
 0
 0
 0
 0
 0
 0
 0
 0
 0
 0
 0
 0
 0
 0
 0
 0
 0
 0
 0
 0
 0
 0
 0
 0
 0
 0
 0
 0
 0
 0
 0
 0
 0
 0
 0
 0
 0
 0
 0
 0
 0
 0.92705
 0.9403899999999999
 0.93643
 0.92816
 0.9206299999999999
 0.94154
 0.92578
 0.91767
 0.9119699999999999
 0.91294
 0.9275600000000001
 0.91376
 0.92423
 0.91156
 0.91062
 0.9083599999999999
 0.90288
 0.91817
 0.91451
 0.91126
 0.91162
 0.8946499999999999
 0.9081399999999999
 0.9051399999999999
 0.90895
 0.90259
 0.89938
 0.90762
 0
 0
 0
 0
 0
 0
 0
 0
 0
 0
 0
 0
 0
 0
 0
 0
 0
 0
 0
 0
 0
 0
 0
 0
 0
 0
 0
 0
 0
 0
 0
 0
 0
 0
 0
 0
 0
 0
 0
 0
 0
 0
 0
 0
 0
 0
 0
 0
 0
 0
 0
 0
 0
 0
 0
 0
 0
 0
 0
 0


