# Created by Octave 4.0.0, Sat Nov 21 16:31:32 2015 W. Europe Standard Time <unknown@Florian-PC>
# name: mus
# type: matrix
# ndims: 3
 1 30 19
 0
 0
 0.66184
 0.65865
 0.65854
 0.65686
 0.65517
 0.66346
 0.94686
 0.945
 0.63636
 0.67647
 0.65625
 0.66327
 0.94872
 0.95192
 0.95098
 0.9343399999999999
 0.85167
 0.9350000000000001
 0.9418
 0.9444399999999999
 0.94686
 0.94271
 0.95
 0.95192
 0.94709
 0.9438800000000001
 0.95074
 0.96111
 0
 0
 1
 1
 1
 1
 1
 1
 0.9
 0.9
 1
 1
 1
 0.8666700000000001
 0.8666700000000001
 0.8833299999999999
 0.8666700000000001
 0.9
 0.95
 0.95
 0.95
 0.96
 0.95
 0.96
 0.96
 0.96
 0.96
 0.96667
 0.96667
 0.93333
 0
 0
 1
 1
 1
 1
 1
 1
 0.91214
 0.88727
 0.97134
 0.97082
 0.95681
 0.96857
 0.9326
 0.91489
 0.95519
 0.95259
 0.91303
 0.93825
 0.9754
 0.97855
 0.94292
 0.95285
 0.9595900000000001
 0.96608
 0.95544
 0.9769
 0.97193
 0.98751
 0
 0
 1
 1
 1
 1
 1
 1
 0.85222
 0.8639
 0.9055299999999999
 0.90846
 0.91416
 0.91922
 0.88478
 0.8930900000000001
 0.89944
 0.91088
 0.91436
 0.91415
 0.92167
 0.9277300000000001
 0.92948
 0.9307800000000001
 0.92048
 0.93126
 0.93216
 0.94453
 0.94841
 0.94696
 0
 0
 1
 1
 1
 1
 1
 1
 0.88889
 0.7
 1
 1
 1
 1
 0.8
 0.33333
 0.5
 1
 1
 1
 1
 1
 1
 1
 1
 1
 1
 1
 1
 1
 0
 0
 1
 1
 1
 1
 1
 1
 0.83934
 0.8329800000000001
 0.86467
 0.84633
 0.9401
 0.88463
 0.86934
 0.86403
 0.87157
 0.91561
 0.8871599999999999
 0.96197
 0.89897
 0.92528
 0.91575
 0.93307
 0.9134
 0.9640300000000001
 0.91107
 0.99377
 0.92602
 0.9464900000000001
 0
 0
 1
 1
 1
 1
 1
 1
 0.87995
 0.91537
 0.86021
 0.88792
 0.89919
 0.91486
 0.866
 0.92593
 0.90416
 0.91734
 0.94773
 0.90113
 0.98437
 0.89156
 0.92569
 0.90098
 0.92848
 0.9680800000000001
 0.9024
 0.94914
 0.92183
 0.96024
 0
 0
 1
 1
 1
 1
 1
 1
 0.81974
 0.84128
 0.8799400000000001
 0.8962
 0.9113
 0.92295
 0.92171
 0.91808
 0.92839
 0.92908
 0.9331199999999999
 0.92277
 0.9251
 0.93468
 0.93558
 0.93882
 0.92101
 0.93847
 0.93871
 0.95234
 0.95665
 0.95834
 0
 0
 0.9998899999999999
 1
 1
 1
 1
 1
 1
 1
 1
 0.99533
 0.99629
 0.98648
 0.9855
 0.97898
 0.97615
 0.97198
 0.96717
 0.9664
 0.96336
 0.96376
 0.96444
 0.9484900000000001
 0.97013
 0.95365
 0.9546
 0.95418
 0.95162
 0.93937
 0
 0
 1
 1
 1
 1
 1
 1
 0.84345
 0.83304
 0.86865
 0.9791299999999999
 0.98303
 0.91162
 0.9025300000000001
 0.93618
 0.96941
 0.95563
 0.9322
 0.92916
 0.95369
 0.93477
 0.93899
 0.93673
 0.93791
 0.93609
 0.93942
 0.96179
 0.9903
 0.98631
 0
 0
 1
 1
 1
 1
 1
 1
 0.87803
 0.89223
 0.8272699999999999
 0.83692
 0.85851
 0.878
 0.85349
 0.90552
 0.88563
 0.90373
 0.9139
 0.91307
 0.98564
 0.93383
 0.93304
 0.98291
 0.93655
 0.96116
 0.93116
 0.94321
 0.9497
 0.93294
 0
 0
 0
 0
 0
 0
 0
 0
 0
 0
 0
 0
 0
 0
 0
 0
 0
 0
 0
 0
 0
 0
 0
 0
 0
 0
 0
 0
 0
 0
 0
 0
 0
 0
 0
 0
 0
 0
 0
 0
 0
 0
 0
 0
 0
 0
 0
 0
 0
 0
 0
 0
 0
 0
 0
 0
 0
 0
 0
 0
 0
 0
 0
 0
 0
 0
 0
 0
 0
 0
 0
 0
 0
 0
 0
 0
 0
 0
 0
 0
 0
 0
 0
 0
 0
 0
 0
 0
 0
 0
 0
 0
 0
 0
 0
 0
 0
 0
 0
 0
 0
 0
 0
 0
 0
 0
 0
 0
 0
 0
 0
 0
 0
 0
 0
 0
 0
 0
 0
 0
 0
 0
 0
 0
 0
 0
 0
 0
 0
 0
 0
 0
 0
 0
 0
 0
 0
 0
 0
 0
 0
 0
 0
 0
 0
 0
 0
 0
 0
 0
 0
 0
 0.99998
 1
 1
 1
 1
 0.99715
 1
 1
 1
 0.99962
 0.99159
 0.97959
 0.9804
 0.98182
 0.97318
 0.96782
 0.95266
 0.96833
 0.96615
 0.95794
 0.95773
 0.95377
 0.96183
 0.95806
 0.94084
 0.94592
 0.96408
 0.94783
 0
 0
 0
 0
 0
 0
 0
 0
 0
 0
 0
 0
 0
 0
 0
 0
 0
 0
 0
 0
 0
 0
 0
 0
 0
 0
 0
 0
 0
 0
 0
 0
 0
 0
 0
 0
 0
 0
 0
 0
 0
 0
 0
 0
 0
 0
 0
 0
 0
 0
 0
 0
 0
 0
 0
 0
 0
 0
 0
 0


# name: vars
# type: matrix
# ndims: 3
 1 30 19
 0
 0
 0.096382
 0.04909
 0.050488
 0.047039
 0.032824
 0.028462
 0.005465
 0.005763
 0.040404
 0.018995
 0.015674
 0.027809
 0.003077
 0.004657
 0.00367
 0.002974
 0.084664
 0.003917
 0.001008
 0.002984
 0.002731
 0.000961
 0.002171
 0.002853
 0.004964
 0.002915
 0.002321
 0.001074
 0
 0
 0
 0
 0
 0
 0
 0
 0.05
 0.05
 0
 0
 0
 0.088889
 0.033333
 0.026389
 0.033333
 0.05
 0.0125
 0.0125
 0.0125
 0.008
 0.0125
 0.008
 0.008
 0.008
 0.008
 0.005556
 0.005556
 0.022222
 0
 0
 0
 0
 0
 0
 0
 0
 0
 0
 0
 0
 0
 0
 0
 0
 0
 0
 0
 0
 0
 0
 0
 0
 0
 0
 0
 0
 0
 0
 0
 0
 0
 0
 0
 0
 0
 0
 0.0064179
 0.0056059
 0.0041495
 0.0037106
 0.0027026
 0.0023084
 0.0031266
 0.0021694
 0.0022831
 0.0021498
 0.0019811
 0.0022492
 0.0022071
 0.0020516
 0.0018092
 0.0014708
 0.0019802
 0.0019169
 0.001933
 0.0015796
 0.0015672
 0.0017484
 0
 0
 2.2598e-007
 3.7226e-015
 7.0899e-014
 1.2678e-032
 9.758e-033
 3.1566e-030
 1.6039e-031
 6.3858e-031
 1.1441e-028
 1.2285e-028
 5.6666e-029
 5.0613e-016
 2.0311e-005
 0.00023524
 5.66e-006
 1.1286e-009
 9.978700000000001e-008
 9.5122e-008
 3.3484e-007
 0.00020554
 1.4911e-006
 1.8974e-009
 0.00010096
 0.00022256
 3.0606e-005
 5.0469e-005
 3.3601e-013
 9.335900000000001e-011
 0
 0
 0
 0
 0
 0
 0
 0
 0
 0
 0
 0
 0
 0
 0
 0
 0
 0
 0
 0
 0
 0
 0
 0
 0
 0
 0
 0
 0
 0
 0
 0
 0
 0
 0
 0
 0
 0
 0
 0
 0
 0
 0
 0
 0
 0
 0
 0
 0
 0
 0
 0
 0
 0
 0
 0
 0
 0
 0
 0
 0
 0
 0
 0
 0
 0
 0
 0
 0.010485
 0.009423000000000001
 0.009708
 0.008692
 0.005899
 0.003326
 0.003695
 0.00386
 0.002864
 0.002945
 0.002332
 0.003851
 0.004035
 0.001981
 0.001989
 0.002321
 0.004423
 0.003586
 0.004171
 0.004424
 0.003148
 0.007543
 0
 0
 0
 0
 0
 0
 0
 0
 0
 0
 0
 0.001193
 0.000608
 0.002641
 0.002941
 0.004641
 0.004767
 0.005182
 0.006186
 0.008194999999999999
 0.008430999999999999
 0.008260999999999999
 0.008546
 0.012853
 0.005819
 0.010604
 0.009952000000000001
 0.01051
 0.010912
 0.014715
 0
 0
 0
 0
 0
 0
 0
 0
 0
 0
 0
 0
 0
 0
 0
 0
 0
 0
 0
 0
 0
 0
 0
 0
 0
 0
 0
 0
 0
 0
 0
 0
 0
 0
 0
 0
 0
 0
 0
 0
 0
 0
 0
 0
 0
 0
 0
 0
 0
 0
 0
 0
 0
 0
 0
 0
 0
 0
 0
 0
 0
 0
 0
 0
 0
 0
 0
 0
 0
 0
 0
 0
 0
 0
 0
 0
 0
 0
 0
 0
 0
 0
 0
 0
 0
 0
 0
 0
 0
 0
 0
 0
 0
 0
 0
 0
 0
 0
 0
 0
 0
 0
 0
 0
 0
 0
 0
 0
 0
 0
 0
 0
 0
 0
 0
 0
 0
 0
 0
 0
 0
 0
 0
 0
 0
 0
 0
 0
 0
 0
 0
 0
 0
 0
 0
 0
 0
 0
 0
 0
 0
 0
 0
 0
 0
 0
 0
 0
 0
 0
 0
 0
 0
 0
 0
 0
 0
 0
 0
 0
 0
 0
 0
 0
 0
 0
 0
 0
 0
 0
 0
 0
 0
 0
 0
 0
 0
 0
 0
 0
 0
 0
 0
 0
 0
 0
 0
 0
 0
 0
 0
 0
 0
 0
 0
 0
 0
 0
 0
 0
 0
 0
 0
 0
 0
 0
 0
 0
 0
 0
 0
 0
 0
 0
 0
 0
 0
 0.000519
 0
 0
 0
 2.1e-005
 0.002334
 0.004996
 0.005049
 0.003485
 0.005518
 0.007915
 0.011007
 0.007367
 0.007368
 0.010095
 0.009563
 0.010246
 0.009397000000000001
 0.009134
 0.015984
 0.011508
 0.007345
 0.011723
 0
 0
 0
 0
 0
 0
 0
 0
 0
 0
 0
 0
 0
 0
 0
 0
 0
 0
 0
 0
 0
 0
 0
 0
 0
 0
 0
 0
 0
 0
 0
 0
 0
 0
 0
 0
 0
 0
 0
 0
 0
 0
 0
 0
 0
 0
 0
 0
 0
 0
 0
 0
 0
 0
 0
 0
 0
 0
 0
 0


