# Created by Octave 4.0.0, Sat Nov 21 16:31:42 2015 W. Europe Standard Time <unknown@Florian-PC>
# name: mus
# type: matrix
# ndims: 3
 1 30 19
 0
 0
 0.47826
 0.58654
 0.81463
 0.76471
 0.76355
 0.77404
 0.91304
 0.93
 0.92344
 0.92157
 0.89904
 0.97959
 0.96923
 0.94231
 0.98529
 0.9798
 0.99043
 0.99
 0.9841299999999999
 0.9899
 0.99034
 0.98958
 0.99
 0.99038
 0.98942
 0.9949
 0.99507
 1
 0
 0
 0.66667
 0.25
 0.4
 0.2
 0.6
 0.6
 0.6
 0.6
 0.73333
 0.66667
 0.53333
 0.56667
 0.46667
 0.56667
 0.73333
 0.7
 0.7
 0.65
 0.76
 0.78
 0.74
 0.79
 0.8
 0.77333
 0.84667
 0.79333
 0.7533300000000001
 0.76667
 0
 0
 0.8136100000000001
 0.59395
 0.72694
 0.60694
 0.43891
 0.57453
 0.6477000000000001
 0.42584
 0.63182
 0.68496
 0.67398
 0.43079
 0.47497
 0.5057199999999999
 0.54744
 0.63715
 0.73185
 0.69842
 0.72262
 0.74566
 0.7168099999999999
 0.71779
 0.76751
 0.8135
 0.82314
 0.77415
 0.75267
 0.72002
 0
 0
 0.91459
 0.44665
 0.49798
 0.44547
 0.51774
 0.48603
 0.46072
 0.50279
 0.5144
 0.55083
 0.51912
 0.46291
 0.46297
 0.49094
 0.53424
 0.56124
 0.59467
 0.63124
 0.65032
 0.6642400000000001
 0.68133
 0.68657
 0.69064
 0.70669
 0.72733
 0.6791
 0.65904
 0.65704
 0
 0
 0.66667
 0.25
 0.2
 0.33333
 0.28571
 0.75
 0.33333
 0.4
 0.63636
 0.41667
 0.69231
 0.11111
 0.2
 0
 0.5
 0
 1
 1
 0
 1
 1
 1
 0
 1
 1
 1
 1
 1
 0
 0
 0.71917
 0.41653
 0.4125
 0.46332
 0.46429
 0.48108
 0.45025
 0.45847
 0.54537
 0.51919
 0.53212
 0.43948
 0.4453
 0.46278
 0.5162
 0.53088
 0.63329
 0.67921
 0.66878
 0.73411
 0.68795
 0.7750899999999999
 0.67862
 0.80994
 0.79522
 0.6585299999999999
 0.65419
 0.6609
 0
 0
 0.78929
 0.76969
 0.6722399999999999
 0.65931
 0.62356
 0.64158
 0.69159
 0.66974
 0.68948
 0.72021
 0.68889
 0.64372
 0.66135
 0.68024
 0.66274
 0.70017
 0.71854
 0.75703
 0.77199
 0.73841
 0.77113
 0.79619
 0.7652099999999999
 0.78074
 0.8206
 0.78164
 0.77508
 0.76784
 0
 0
 0.91204
 0.49593
 0.5122
 0.50381
 0.48519
 0.45669
 0.48095
 0.47475
 0.49815
 0.53145
 0.48893
 0.46916
 0.46495
 0.49234
 0.5233
 0.5621
 0.59536
 0.63846
 0.66439
 0.68165
 0.70541
 0.72073
 0.72961
 0.74027
 0.76115
 0.70384
 0.66834
 0.67681
 0
 0
 0.99971
 1
 1
 1
 1
 1
 1
 1
 0.99984
 0.99663
 0.98972
 0.98747
 0.9807
 0.97052
 0.97651
 0.97573
 0.97527
 0.96401
 0.9664
 0.96177
 0.96016
 0.95914
 0.96162
 0.96396
 0.94567
 0.9537099999999999
 0.95045
 0.94638
 0
 0
 0.73499
 0.4403
 0.51546
 0.49323
 0.46629
 0.40984
 0.44952
 0.46075
 0.50849
 0.50412
 0.483
 0.44989
 0.4484
 0.48015
 0.50983
 0.5408500000000001
 0.57927
 0.64151
 0.6357
 0.6448199999999999
 0.69097
 0.798
 0.70177
 0.71967
 0.85356
 0.68208
 0.66033
 0.6693
 0
 0
 0.78929
 0.8177
 0.70461
 0.6815
 0.62313
 0.6584
 0.68963
 0.66897
 0.66548
 0.70391
 0.68716
 0.68671
 0.67886
 0.67481
 0.68603
 0.67888
 0.70652
 0.70787
 0.71783
 0.74109
 0.73505
 0.74383
 0.75798
 0.75554
 0.7720900000000001
 0.75456
 0.75976
 0.73117
 0
 0
 0
 0
 0
 0
 0
 0
 0
 0
 0
 0
 0
 0
 0
 0
 0
 0
 0
 0
 0
 0
 0
 0
 0
 0
 0
 0
 0
 0
 0
 0
 0
 0
 0
 0
 0
 0
 0
 0
 0
 0
 0
 0
 0
 0
 0
 0
 0
 0
 0
 0
 0
 0
 0
 0
 0
 0
 0
 0
 0
 0
 0
 0
 0
 0
 0
 0
 0
 0
 0
 0
 0
 0
 0
 0
 0
 0
 0
 0
 0
 0
 0
 0
 0
 0
 0
 0
 0
 0
 0
 0
 0
 0
 0
 0
 0
 0
 0
 0
 0
 0
 0
 0
 0
 0
 0
 0
 0
 0
 0
 0
 0
 0
 0
 0
 0
 0
 0
 0
 0
 0
 0
 0
 0
 0
 0
 0
 0
 0
 0
 0
 0
 0
 0
 0
 0
 0
 0
 0
 0
 0
 0
 0
 0
 0
 0
 0
 0
 0
 0
 0
 0.99999
 1
 1
 1
 1
 1
 1
 1
 0.99696
 0.99482
 0.9936199999999999
 0.9889
 0.98162
 0.96782
 0.97866
 0.97065
 0.96607
 0.96605
 0.96794
 0.95808
 0.95808
 0.96672
 0.95194
 0.95336
 0.95199
 0.95018
 0.94972
 0.93853
 0
 0
 0
 0
 0
 0
 0
 0
 0
 0
 0
 0
 0
 0
 0
 0
 0
 0
 0
 0
 0
 0
 0
 0
 0
 0
 0
 0
 0
 0
 0
 0
 0
 0
 0
 0
 0
 0
 0
 0
 0
 0
 0
 0
 0
 0
 0
 0
 0
 0
 0
 0
 0
 0
 0
 0
 0
 0
 0
 0


