# Created by Octave 4.0.0, Sat Nov 21 16:31:49 2015 W. Europe Standard Time <unknown@Florian-PC>
# name: mus
# type: matrix
# ndims: 3
 1 30 19
 0
 0
 0.84541
 0.83173
 0.92195
 0.96569
 0.97044
 0.98077
 0.95652
 0.975
 0.9760799999999999
 0.97059
 0.98558
 0.98469
 0.97436
 0.97596
 0.97549
 0.97475
 0.9760799999999999
 0.97
 0.97354
 0.96633
 0.97585
 0.97396
 0.985
 0.97596
 0.97354
 0.96939
 0.97537
 0.96667
 0
 0
 0.33333
 1
 0.8
 0.7
 0.8
 0.8
 0.8
 0.8
 0.9
 0.93333
 0.9
 0.93333
 0.93333
 0.95
 0.93333
 0.95
 0.93333
 0.95
 0.96
 0.95
 0.96
 1
 1
 0.92
 0.92
 0.96667
 0.96667
 0.96667
 0
 0
 0.60732
 0.93816
 0.8712299999999999
 0.78542
 0.83143
 0.83318
 0.69433
 0.80025
 0.72683
 0.82692
 0.81623
 0.88759
 0.87767
 0.90574
 0.8902
 0.9204599999999999
 0.92262
 0.95253
 0.94258
 0.94622
 0.96111
 0.93648
 0.94801
 0.92927
 0.94943
 0.9339499999999999
 0.96058
 0.95301
 0
 0
 0.55453
 0.76071
 0.76571
 0.76671
 0.7956800000000001
 0.80698
 0.7024
 0.69246
 0.70145
 0.74104
 0.76154
 0.78572
 0.78555
 0.8090000000000001
 0.82581
 0.84388
 0.85094
 0.84741
 0.86299
 0.87593
 0.87081
 0.8734
 0.86688
 0.86177
 0.86839
 0.87274
 0.87496
 0.87146
 0
 0
 0.33333
 1
 0.6
 0.5
 1
 0.875
 0.88889
 0.8
 0.90909
 0.91667
 1
 0.88889
 0.6
 1
 1
 1
 1
 1
 1
 1
 1
 1
 1
 1
 1
 1
 1
 1
 0
 0
 0.41665
 0.83449
 0.6919999999999999
 0.83873
 0.75256
 0.91086
 0.6759500000000001
 0.73721
 0.77405
 0.82443
 0.7793600000000001
 0.89664
 0.895
 0.82395
 0.7966800000000001
 0.90901
 0.96219
 0.81907
 0.8242699999999999
 0.86966
 0.85131
 0.8414199999999999
 0.81954
 0.849
 0.96633
 0.8470299999999999
 0.87745
 0.89015
 0
 0
 0.57859
 0.69396
 0.79105
 0.83962
 0.78454
 0.82956
 0.78042
 0.80732
 0.75839
 0.78311
 0.79535
 0.80613
 0.7788
 0.85612
 0.7982900000000001
 0.85367
 0.8614000000000001
 0.8343699999999999
 0.89195
 0.82396
 0.96048
 0.88017
 0.8362000000000001
 0.83861
 0.90564
 0.86178
 0.84955
 0.84251
 0
 0
 0.55326
 0.70431
 0.77576
 0.81903
 0.7771
 0.81547
 0.6735
 0.68406
 0.6826
 0.72393
 0.74144
 0.78082
 0.77559
 0.80614
 0.83644
 0.85817
 0.87176
 0.8709
 0.89003
 0.8919
 0.89367
 0.89231
 0.8942600000000001
 0.88392
 0.89079
 0.90108
 0.9069700000000001
 0.90343
 0
 0
 0.999
 1
 1
 1
 1
 1
 1
 1
 0.99919
 0.99812
 0.9942299999999999
 0.98165
 0.98569
 0.97344
 0.97458
 0.9787
 0.96483
 0.97023
 0.96624
 0.9633
 0.95606
 0.96247
 0.95482
 0.9614200000000001
 0.94579
 0.94307
 0.94864
 0.95692
 0
 0
 0.41666
 0.69385
 0.67444
 0.79376
 0.8712800000000001
 0.9137
 0.66879
 0.63916
 0.6533600000000001
 0.71753
 0.7184700000000001
 0.79669
 0.77777
 0.88946
 0.80715
 0.82787
 0.95106
 0.96545
 0.97224
 0.96166
 0.97738
 0.8906500000000001
 0.87963
 0.8708399999999999
 0.88232
 0.89134
 0.89012
 0.98486
 0
 0
 0.57859
 0.67761
 0.77499
 0.85766
 0.7694
 0.77868
 0.75403
 0.8339
 0.74879
 0.76794
 0.76822
 0.79081
 0.77367
 0.7938499999999999
 0.86333
 0.8256
 0.90454
 0.84868
 0.87542
 0.85659
 0.83391
 0.87965
 0.85929
 0.84553
 0.93469
 0.86024
 0.86883
 0.86466
 0
 0
 0
 0
 0
 0
 0
 0
 0
 0
 0
 0
 0
 0
 0
 0
 0
 0
 0
 0
 0
 0
 0
 0
 0
 0
 0
 0
 0
 0
 0
 0
 0
 0
 0
 0
 0
 0
 0
 0
 0
 0
 0
 0
 0
 0
 0
 0
 0
 0
 0
 0
 0
 0
 0
 0
 0
 0
 0
 0
 0
 0
 0
 0
 0
 0
 0
 0
 0
 0
 0
 0
 0
 0
 0
 0
 0
 0
 0
 0
 0
 0
 0
 0
 0
 0
 0
 0
 0
 0
 0
 0
 0
 0
 0
 0
 0
 0
 0
 0
 0
 0
 0
 0
 0
 0
 0
 0
 0
 0
 0
 0
 0
 0
 0
 0
 0
 0
 0
 0
 0
 0
 0
 0
 0
 0
 0
 0
 0
 0
 0
 0
 0
 0
 0
 0
 0
 0
 0
 0
 0
 0
 0
 0
 0
 0
 0
 0
 0
 0
 0
 0
 0.99999
 1
 1
 1
 1
 1
 1
 1
 1
 0.9955000000000001
 0.98904
 0.99293
 0.98627
 0.97221
 0.96961
 0.973
 0.9700299999999999
 0.96843
 0.9719
 0.9577599999999999
 0.96058
 0.96077
 0.95128
 0.94919
 0.95005
 0.94876
 0.95602
 0.94622
 0
 0
 0
 0
 0
 0
 0
 0
 0
 0
 0
 0
 0
 0
 0
 0
 0
 0
 0
 0
 0
 0
 0
 0
 0
 0
 0
 0
 0
 0
 0
 0
 0
 0
 0
 0
 0
 0
 0
 0
 0
 0
 0
 0
 0
 0
 0
 0
 0
 0
 0
 0
 0
 0
 0
 0
 0
 0
 0
 0


