# Created by Octave 4.0.0, Sat Nov 21 16:31:34 2015 W. Europe Standard Time <unknown@Florian-PC>
# name: mus
# type: matrix
# ndims: 3
 1 30 19
 0
 0
 0.86957
 0.71635
 0.79512
 0.82843
 0.94581
 0.94712
 0.9372
 0.96
 0.96172
 0.95588
 0.96154
 0.95918
 0.94359
 0.97115
 0.96569
 0.96212
 0.96651
 0.965
 0.96296
 0.96465
 0.97101
 0.96875
 0.98
 0.97596
 0.9720299999999999
 0.96939
 0.97537
 0.97222
 0
 0
 0.66667
 0.75
 0.8
 0.7
 0.4
 0.8
 0.8
 0.9
 0.9
 0.83333
 0.83333
 0.76667
 0.8
 0.8833299999999999
 0.8833299999999999
 0.95
 0.95
 0.9
 0.9
 0.82
 0.82
 0.88
 0.76
 0.76667
 0.77333
 0.82
 0.86
 0.8666700000000001
 0
 0
 0.85029
 0.58194
 0.83565
 0.75597
 0.79625
 0.73699
 0.78108
 0.82114
 0.84174
 0.8057800000000001
 0.79262
 0.8698399999999999
 0.85444
 0.84866
 0.88
 0.85877
 0.89579
 0.89336
 0.87031
 0.8491300000000001
 0.85969
 0.85589
 0.84656
 0.82687
 0.88403
 0.86388
 0.88919
 0.88387
 0
 0
 0.57161
 0.77994
 0.8157
 0.66222
 0.63434
 0.78961
 0.75752
 0.85505
 0.84599
 0.78128
 0.7864100000000001
 0.79925
 0.8323700000000001
 0.87105
 0.8791099999999999
 0.88567
 0.89093
 0.88815
 0.89252
 0.83147
 0.85329
 0.85124
 0.80946
 0.81568
 0.81947
 0.8423
 0.8612300000000001
 0.86626
 0
 0
 0.33333
 0.75
 0.8
 0.83333
 0.57143
 0.625
 0.77778
 0.8
 0.63636
 0.58333
 0.84615
 0.77778
 0.6
 1
 1
 1
 1
 1
 1
 0
 1
 0
 1
 0
 0
 1
 1
 1
 0
 0
 0.33333
 0.79981
 0.82073
 0.83446
 0.62242
 0.70467
 0.7406199999999999
 0.79974
 0.76878
 0.74504
 0.8122200000000001
 0.81311
 0.78672
 0.94595
 0.91718
 0.94853
 0.92384
 0.95357
 0.87503
 0.7693
 0.83082
 0.79384
 0.87174
 0.70136
 0.74733
 0.8688900000000001
 0.87522
 0.88285
 0
 0
 0.57859
 0.59477
 0.60323
 0.72362
 0.77088
 0.76908
 0.78477
 0.8369799999999999
 0.81691
 0.56311
 0.79655
 0.8164400000000001
 0.83539
 0.83779
 0.83365
 0.8565
 0.86177
 0.90261
 0.8944
 0.8312
 0.8966
 0.87177
 0.82291
 0.87649
 0.82613
 0.83734
 0.90037
 0.8859
 0
 0
 0.55245
 0.70735
 0.77117
 0.58003
 0.65142
 0.78272
 0.7557199999999999
 0.77674
 0.76662
 0.75703
 0.76358
 0.7698700000000001
 0.80225
 0.80785
 0.80093
 0.8026799999999999
 0.83219
 0.82863
 0.83274
 0.7889
 0.80239
 0.80177
 0.77341
 0.77256
 0.78338
 0.80189
 0.81801
 0.81537
 0
 0
 0.97438
 0.8872100000000001
 0.93116
 0.92383
 0.93133
 0.92316
 0.89307
 0.9251200000000001
 0.91753
 0.91332
 0.91346
 0.91927
 0.92013
 0.91819
 0.90183
 0.91293
 0.90772
 0.9086
 0.90069
 0.90107
 0.9
 0.89973
 0.89683
 0.89073
 0.90195
 0.90249
 0.89908
 0.91028
 0
 0
 0.33333
 0.77021
 0.80598
 0.79508
 0.6515
 0.73687
 0.71787
 0.73791
 0.82947
 0.4481
 0.82586
 0.80694
 0.83166
 0.90832
 0.88158
 0.89439
 0.88526
 0.90852
 0.89142
 0.50597
 0.88113
 0.8223
 0.47916
 0.63785
 0.84475
 0.85192
 0.84353
 0.88066
 0
 0
 0.57859
 0.6395999999999999
 0.60633
 0.74275
 0.76712
 0.74748
 0.80176
 0.77273
 0.87336
 0.8159999999999999
 0.79597
 0.80718
 0.8348100000000001
 0.83829
 0.82586
 0.82225
 0.8298
 0.85194
 0.8762
 0.84318
 0.78848
 0.94096
 0.84957
 0.85198
 0.8315900000000001
 0.84596
 0.91125
 0.89405
 0
 0
 0
 0
 0
 0
 0
 0
 0
 0
 0
 0
 0
 0
 0
 0
 0
 0
 0
 0
 0
 0
 0
 0
 0
 0
 0
 0
 0
 0
 0
 0
 0
 0
 0
 0
 0
 0
 0
 0
 0
 0
 0
 0
 0
 0
 0
 0
 0
 0
 0
 0
 0
 0
 0
 0
 0
 0
 0
 0
 0
 0
 0
 0
 0
 0
 0
 0
 0
 0
 0
 0
 0
 0
 0
 0
 0
 0
 0
 0
 0
 0
 0
 0
 0
 0
 0
 0
 0
 0
 0
 0
 0
 0
 0
 0
 0
 0
 0
 0
 0
 0
 0
 0
 0
 0
 0
 0
 0
 0
 0
 0
 0
 0
 0
 0
 0
 0
 0
 0
 0
 0
 0
 0
 0
 0
 0
 0
 0
 0
 0
 0
 0
 0
 0
 0
 0
 0
 0
 0
 0
 0
 0
 0
 0
 0
 0
 0
 0
 0
 0
 0
 0.92141
 0.88092
 0.89588
 0.93303
 0.9146300000000001
 0.91478
 0.91703
 0.9078000000000001
 0.92034
 0.9235100000000001
 0.9087499999999999
 0.91062
 0.91412
 0.91095
 0.9065
 0.91753
 0.90177
 0.91734
 0.90669
 0.9063600000000001
 0.9164
 0.90293
 0.911
 0.89081
 0.90589
 0.9056999999999999
 0.89595
 0.90257
 0
 0
 0
 0
 0
 0
 0
 0
 0
 0
 0
 0
 0
 0
 0
 0
 0
 0
 0
 0
 0
 0
 0
 0
 0
 0
 0
 0
 0
 0
 0
 0
 0
 0
 0
 0
 0
 0
 0
 0
 0
 0
 0
 0
 0
 0
 0
 0
 0
 0
 0
 0
 0
 0
 0
 0
 0
 0
 0
 0


