# Created by Octave 4.0.0, Sat Nov 21 16:31:32 2015 W. Europe Standard Time <unknown@Florian-PC>
# name: mus
# type: matrix
# ndims: 3
 1 30 19
 0
 0
 0.71014
 0.84135
 0.9560999999999999
 0.96569
 0.82759
 0.83654
 0.97101
 0.93
 0.89474
 0.96569
 0.96154
 0.96939
 0.96923
 0.96635
 0.96569
 0.96212
 0.96651
 0.965
 0.95238
 0.95455
 0.95652
 0.95139
 0.9475
 0.95673
 0.95616
 0.95408
 0.95989
 0.97222
 0
 0
 0.66667
 1
 0.6
 0.8
 1
 1
 0.9
 0.9
 0.8
 0.8
 0.8666700000000001
 0.8
 0.8
 0.8666700000000001
 0.9
 0.8666700000000001
 0.9
 0.9
 0.86
 0.86
 0.87
 0.87
 0.88
 0.88667
 0.89333
 0.89333
 0.9
 0.93333
 0
 0
 0.71267
 0.83339
 0.71404
 0.7324000000000001
 0.82894
 0.92931
 0.90265
 0.9075
 0.93397
 0.75972
 0.86015
 0.79671
 0.83328
 0.82562
 0.86341
 0.884
 0.9082
 0.90401
 0.88979
 0.91414
 0.87558
 0.90085
 0.9016
 0.93338
 0.93103
 0.92681
 0.93742
 0.94518
 0
 0
 0.52464
 0.88889
 0.57538
 0.64424
 0.76314
 0.7672099999999999
 0.87576
 0.89331
 0.8662
 0.75247
 0.78408
 0.76093
 0.78948
 0.8339
 0.8349
 0.84258
 0.85837
 0.86286
 0.83492
 0.8465
 0.85451
 0.8571299999999999
 0.86312
 0.86813
 0.878
 0.87835
 0.87797
 0.88569
 0
 0
 0.33333
 1
 0.6
 0.66667
 0.71429
 0.875
 1
 1
 0.81818
 0.83333
 0.76923
 0.44444
 1
 0.66667
 1
 1
 1
 1
 1
 1
 1
 1
 0
 1
 1
 1
 1
 1
 0
 0
 0.36236
 0.81402
 0.5601
 0.6563
 0.86107
 0.76907
 0.77402
 0.93766
 0.95366
 0.81026
 0.76716
 0.7397
 0.8090000000000001
 0.83663
 0.91513
 0.81617
 0.8971
 0.85062
 0.90234
 0.95658
 0.8541299999999999
 0.8089499999999999
 0.80731
 0.8567399999999999
 0.92705
 0.87232
 0.88232
 0.8393
 0
 0
 0.36788
 0.78467
 0.658
 0.70214
 0.86265
 0.82961
 0.79909
 0.7934600000000001
 0.8600100000000001
 0.78251
 0.80642
 0.81279
 0.84734
 0.81008
 0.84784
 0.83182
 0.89774
 0.92295
 0.87096
 0.8808
 0.87102
 0.90003
 0.93325
 0.87918
 0.89523
 0.9041400000000001
 0.88374
 0.92786
 0
 0
 0.52683
 0.83679
 0.58492
 0.53894
 0.72332
 0.75136
 0.86895
 0.88711
 0.87734
 0.76191
 0.79327
 0.7854100000000001
 0.81704
 0.8339299999999999
 0.84868
 0.85532
 0.8703
 0.86738
 0.84557
 0.8561800000000001
 0.86528
 0.86951
 0.87948
 0.87822
 0.88613
 0.89058
 0.89573
 0.89608
 0
 0
 1
 1
 1
 1
 1
 1
 1
 1
 0.9993300000000001
 0.99902
 0.9951100000000001
 0.9811800000000001
 0.98087
 0.97676
 0.97067
 0.97494
 0.97134
 0.96715
 0.96223
 0.96624
 0.95627
 0.95548
 0.95762
 0.95569
 0.95558
 0.9493200000000001
 0.95226
 0.94251
 0
 0
 0.37884
 0.8441
 0.5424
 0.62736
 0.75287
 0.8801099999999999
 0.77376
 0.85455
 0.91481
 0.76383
 0.7940199999999999
 0.77008
 0.82292
 0.90604
 0.85199
 0.86043
 0.92402
 0.8617899999999999
 0.83566
 0.84534
 0.85883
 0.89151
 0.88057
 0.87469
 0.87842
 0.8837
 0.88957
 0.89502
 0
 0
 0.36788
 0.77179
 0.70561
 0.68757
 0.78228
 0.81633
 0.81162
 0.82738
 0.78244
 0.7638200000000001
 0.78328
 0.87233
 0.81399
 0.82478
 0.83989
 0.8517400000000001
 0.85612
 0.87391
 0.8642300000000001
 0.8585199999999999
 0.86857
 0.86692
 0.87316
 0.88029
 0.88568
 0.90981
 0.9124100000000001
 0.90585
 0
 0
 0
 0
 0
 0
 0
 0
 0
 0
 0
 0
 0
 0
 0
 0
 0
 0
 0
 0
 0
 0
 0
 0
 0
 0
 0
 0
 0
 0
 0
 0
 0
 0
 0
 0
 0
 0
 0
 0
 0
 0
 0
 0
 0
 0
 0
 0
 0
 0
 0
 0
 0
 0
 0
 0
 0
 0
 0
 0
 0
 0
 0
 0
 0
 0
 0
 0
 0
 0
 0
 0
 0
 0
 0
 0
 0
 0
 0
 0
 0
 0
 0
 0
 0
 0
 0
 0
 0
 0
 0
 0
 0
 0
 0
 0
 0
 0
 0
 0
 0
 0
 0
 0
 0
 0
 0
 0
 0
 0
 0
 0
 0
 0
 0
 0
 0
 0
 0
 0
 0
 0
 0
 0
 0
 0
 0
 0
 0
 0
 0
 0
 0
 0
 0
 0
 0
 0
 0
 0
 0
 0
 0
 0
 0
 0
 0
 0
 0
 0
 0
 0
 0.99999
 1
 1
 1
 1
 1
 1
 0.99455
 0.99742
 0.99663
 0.9932299999999999
 0.98464
 0.98386
 0.97019
 0.975
 0.97396
 0.97242
 0.96714
 0.96767
 0.9578100000000001
 0.95531
 0.95174
 0.96132
 0.95624
 0.9542
 0.95087
 0.94585
 0.9373899999999999
 0
 0
 0
 0
 0
 0
 0
 0
 0
 0
 0
 0
 0
 0
 0
 0
 0
 0
 0
 0
 0
 0
 0
 0
 0
 0
 0
 0
 0
 0
 0
 0
 0
 0
 0
 0
 0
 0
 0
 0
 0
 0
 0
 0
 0
 0
 0
 0
 0
 0
 0
 0
 0
 0
 0
 0
 0
 0
 0
 0


