# Created by Octave 4.0.0, Sat Nov 21 16:31:46 2015 W. Europe Standard Time <unknown@Florian-PC>
# name: mus
# type: matrix
# ndims: 3
 1 30 19
 0
 0
 0.97585
 0.96635
 0.95122
 0.93137
 0.95567
 0.95192
 0.96135
 0.93
 0.94737
 0.95098
 0.96154
 0.96429
 0.94872
 0.95192
 0.96078
 0.97222
 0.99522
 0.975
 0.99471
 1
 1
 0.99479
 1
 1
 1
 1
 1
 1
 0
 0
 0.33333
 0.75
 0.4
 0.7
 0.3
 0.6
 0.9
 0.4
 0.53333
 0.73333
 0.36667
 0.43333
 0.53333
 0.48333
 0.6
 0.6
 0.51667
 0.5
 0.58
 0.55
 0.61
 0.66
 0.6
 0.55333
 0.6333299999999999
 0.64667
 0.74
 0.73333
 0
 0
 0.60685
 0.7960199999999999
 0.66459
 0.62478
 0.7407899999999999
 0.49213
 0.59551
 0.70122
 0.46246
 0.65476
 0.65251
 0.39516
 0.67062
 0.56012
 0.70438
 0.7037099999999999
 0.71693
 0.62791
 0.59856
 0.65293
 0.67961
 0.6874400000000001
 0.6468
 0.64141
 0.72027
 0.6863
 0.70212
 0.69564
 0
 0
 0.61112
 0.91916
 0.53112
 0.74268
 0.74494
 0.69872
 0.63127
 0.52922
 0.60228
 0.67486
 0.51738
 0.48852
 0.53116
 0.55117
 0.68863
 0.71322
 0.71561
 0.7650400000000001
 0.69102
 0.74739
 0.71469
 0.77159
 0.68658
 0.71012
 0.708
 0.74944
 0.77827
 0.763
 0
 0
 0
 1
 0.6
 0.5
 0.71429
 0.5
 0.88889
 0.6
 0.45455
 0.66667
 0.30769
 0.44444
 0.6
 0.66667
 1
 1
 0
 1
 1
 1
 0
 1
 1
 1
 0
 1
 1
 1
 0
 0
 0.25004
 1.00002
 0.6
 0.46667
 0.66905
 0.50447
 0.83242
 0.60952
 0.49072
 0.68838
 0.4271
 0.46038
 0.57899
 0.60876
 0.8527
 0.84082
 0.49136
 0.80015
 0.91199
 0.94442
 0.46214
 0.86656
 0.93735
 0.84187
 0.53128
 1
 0.8742799999999999
 0.79167
 0
 0
 0.78929
 0.6597
 0.53215
 0.67505
 0.71419
 0.71643
 0.77744
 0.64213
 0.71931
 0.70129
 0.62541
 0.64434
 0.6399899999999999
 0.70019
 0.70413
 0.7163
 0.77863
 0.737
 0.73854
 0.74671
 0.78903
 0.76287
 0.72728
 0.71518
 0.76231
 0.7709
 0.79676
 0.79274
 0
 0
 0.61112
 0.73541
 0.5755
 0.68393
 0.66989
 0.6629699999999999
 0.61843
 0.56693
 0.58248
 0.60893
 0.50116
 0.47468
 0.51681
 0.5647799999999999
 0.67536
 0.7236900000000001
 0.7060999999999999
 0.66203
 0.68931
 0.6977100000000001
 0.69006
 0.70639
 0.69439
 0.7134
 0.70369
 0.71962
 0.74133
 0.75323
 0
 0
 1
 1
 1
 1
 1
 1
 1
 1
 1
 1
 1
 1
 1
 1
 1
 1
 1
 1
 1
 1
 1
 1
 1
 1
 1
 1
 1
 1
 0
 0
 0.25004
 0.78073
 0.55
 0.44357
 0.60517
 0.54413
 0.5069
 0.50212
 0.48456
 0.63343
 0.435
 0.43166
 0.5162
 0.59801
 0.77898
 0.68725
 0.67721
 0.7716499999999999
 0.7963
 0.70459
 0.68109
 0.5692199999999999
 0.68701
 0.40586
 0.74513
 0.99168
 0.58427
 0.99271
 0
 0
 0.78929
 0.70955
 0.5341
 0.67009
 0.70081
 0.7263500000000001
 0.91312
 0.87792
 0.6936600000000001
 0.64162
 0.67796
 0.6813399999999999
 0.68643
 0.7471100000000001
 0.70757
 0.74055
 0.71373
 0.73644
 0.81778
 0.74214
 0.68447
 0.8349800000000001
 0.77086
 0.83333
 0.75431
 0.78973
 0.91809
 0.879
 0
 0
 0
 0
 0
 0
 0
 0
 0
 0
 0
 0
 0
 0
 0
 0
 0
 0
 0
 0
 0
 0
 0
 0
 0
 0
 0
 0
 0
 0
 0
 0
 0
 0
 0
 0
 0
 0
 0
 0
 0
 0
 0
 0
 0
 0
 0
 0
 0
 0
 0
 0
 0
 0
 0
 0
 0
 0
 0
 0
 0
 0
 0
 0
 0
 0
 0
 0
 0
 0
 0
 0
 0
 0
 0
 0
 0
 0
 0
 0
 0
 0
 0
 0
 0
 0
 0
 0
 0
 0
 0
 0
 0
 0
 0
 0
 0
 0
 0
 0
 0
 0
 0
 0
 0
 0
 0
 0
 0
 0
 0
 0
 0
 0
 0
 0
 0
 0
 0
 0
 0
 0
 0
 0
 0
 0
 0
 0
 0
 0
 0
 0
 0
 0
 0
 0
 0
 0
 0
 0
 0
 0
 0
 0
 0
 0
 0
 0
 0
 0
 0
 0
 1
 1
 1
 1
 1
 1
 1
 1
 1
 1
 1
 1
 1
 1
 1
 1
 1
 1
 1
 1
 1
 1
 1
 1
 1
 1
 1
 1
 0
 0
 0
 0
 0
 0
 0
 0
 0
 0
 0
 0
 0
 0
 0
 0
 0
 0
 0
 0
 0
 0
 0
 0
 0
 0
 0
 0
 0
 0
 0
 0
 0
 0
 0
 0
 0
 0
 0
 0
 0
 0
 0
 0
 0
 0
 0
 0
 0
 0
 0
 0
 0
 0
 0
 0
 0
 0
 0
 0


# name: vars
# type: matrix
# ndims: 3
 1 30 19
 0
 0
 0.0075779
 0.0074236
 0.007561
 0.008615599999999999
 0.0074394
 0.0050962
 0.0040502
 0.0074737
 0.0048813
 0.0035233
 0.0047337
 0.0029435
 0.0030769
 0.0014022
 0.0020971
 0.0016975
 0.0002518
 0.00125
 0.000252
 0
 0
 0.000217
 0
 0
 0
 0
 0
 0
 0
 0
 0.33333
 0.25
 0.3
 0.2
 0.2
 0.175
 0.05
 0.175
 0.13056
 0.06389
 0.06111
 0.13333
 0.2
 0.15417
 0.008330000000000001
 0.03264
 0.14722
 0.125
 0.057
 0.08
 0.028
 0.058
 0.08
 0.07421999999999999
 0.17222
 0.09533
 0.09633
 0.06389
 0
 0
 0
 0
 0
 0
 0
 0
 0
 0
 0
 0
 0
 0
 0
 0
 0
 0
 0
 0
 0
 0
 0
 0
 0
 0
 0
 0
 0
 0
 0
 0
 0.22048
 0.02961
 0.10853
 0.09503
 0.05636
 0.06565
 0.07176
 0.05706
 0.06233
 0.05104
 0.05779
 0.05167
 0.05181
 0.05551
 0.0435
 0.04175
 0.04323
 0.03383
 0.04362
 0.03366
 0.03933
 0.0324
 0.03639
 0.03581
 0.035
 0.03362
 0.03386
 0.03195
 0
 0
 0
 0
 0
 0
 0
 0
 0
 0
 0
 0
 0
 0
 0
 0
 0
 0
 0
 0
 0
 0
 0
 0
 0
 0
 0
 0
 0
 0
 0
 0
 0
 0
 0
 0
 0
 0
 0
 0
 0
 0
 0
 0
 0
 0
 0
 0
 0
 0
 0
 0
 0
 0
 0
 0
 0
 0
 0
 0
 0
 0
 0
 0
 0
 0
 0
 0
 0
 0
 0
 0
 0
 0
 0
 0
 0
 0
 0
 0
 0
 0
 0
 0
 0
 0
 0
 0
 0
 0
 0
 0
 0.22048
 0.02515
 0.08913
 0.07564
 0.04607
 0.0387
 0.04309
 0.03343
 0.03162
 0.03788
 0.03803
 0.04776
 0.0479
 0.04665
 0.04381
 0.03749
 0.04133
 0.04906
 0.04685
 0.04544
 0.04107
 0.04495
 0.04403
 0.04352
 0.04736
 0.04007
 0.04458
 0.03686
 0
 0
 0
 0
 0
 0
 0
 0
 0
 0
 0
 0
 0
 0
 0
 0
 0
 0
 0
 0
 0
 0
 0
 0
 0
 0
 0
 0
 0
 0
 0
 0
 0
 0
 0
 0
 0
 0
 0
 0
 0
 0
 0
 0
 0
 0
 0
 0
 0
 0
 0
 0
 0
 0
 0
 0
 0
 0
 0
 0
 0
 0
 0
 0
 0
 0
 0
 0
 0
 0
 0
 0
 0
 0
 0
 0
 0
 0
 0
 0
 0
 0
 0
 0
 0
 0
 0
 0
 0
 0
 0
 0
 0
 0
 0
 0
 0
 0
 0
 0
 0
 0
 0
 0
 0
 0
 0
 0
 0
 0
 0
 0
 0
 0
 0
 0
 0
 0
 0
 0
 0
 0
 0
 0
 0
 0
 0
 0
 0
 0
 0
 0
 0
 0
 0
 0
 0
 0
 0
 0
 0
 0
 0
 0
 0
 0
 0
 0
 0
 0
 0
 0
 0
 0
 0
 0
 0
 0
 0
 0
 0
 0
 0
 0
 0
 0
 0
 0
 0
 0
 0
 0
 0
 0
 0
 0
 0
 0
 0
 0
 0
 0
 0
 0
 0
 0
 0
 0
 0
 0
 0
 0
 0
 0
 0
 0
 0
 0
 0
 0
 0
 0
 0
 0
 0
 0
 0
 0
 0
 0
 0
 0
 0
 0
 0
 0
 0
 0
 0
 0
 0
 0
 0
 0
 0
 0
 0
 0
 0
 0
 0
 0
 0
 0
 0
 0
 0
 0
 0
 0
 0
 0
 0
 0
 0
 0
 0
 0
 0
 0
 0
 0
 0
 0
 0
 0
 0
 0
 0
 0
 0
 0
 0
 0
 0
 0
 0
 0
 0
 0
 0
 0
 0
 0
 0
 0
 0
 0
 0
 0
 0
 0
 0
 0
 0
 0
 0
 0
 0
 0
 0
 0
 0
 0
 0
 0
 0
 0
 0
 0
 0
 0
 0
 0
 0
 0
 0
 0
 0
 0
 0
 0
 0
 0
 0
 0
 0
 0
 0
 0
 0
 0
 0
 0
 0
 0
 0
 0
 0
 0


