# Created by Octave 4.0.0, Sat Nov 21 16:31:44 2015 W. Europe Standard Time <unknown@Florian-PC>
# name: mus
# type: matrix
# ndims: 3
 1 30 19
 0
 0
 0.84541
 0.86538
 0.94146
 0.95588
 0.91133
 0.98558
 0.97101
 0.97
 0.94258
 0.96569
 0.97596
 0.97449
 0.97949
 0.98558
 0.98529
 0.98232
 0.99043
 1
 0.97884
 0.98569
 1
 1
 1
 1
 1
 1
 1
 1
 0
 0
 0.66667
 0
 0.6
 0.3
 0.5
 0.4
 0.4
 0.6
 0.53333
 0.33333
 0.66667
 0.56667
 0.53333
 0.56667
 0.6
 0.5
 0.45
 0.5
 0.53
 0.61
 0.71
 0.71
 0.76
 0.60667
 0.67333
 0.6333299999999999
 0.71333
 0.7
 0
 0
 0.73539
 0.52352
 0.73881
 0.71028
 0.69764
 0.7313499999999999
 0.7536
 0.7194199999999999
 0.65244
 0.6138400000000001
 0.5914700000000001
 0.57529
 0.53905
 0.5678299999999999
 0.72053
 0.57705
 0.63226
 0.51873
 0.6979
 0.56532
 0.63748
 0.64485
 0.63093
 0.65119
 0.63509
 0.65532
 0.75875
 0.76375
 0
 0
 0.50796
 0.13489
 0.69285
 0.46185
 0.48372
 0.5158199999999999
 0.62054
 0.71977
 0.5879
 0.66973
 0.62403
 0.57352
 0.57695
 0.49408
 0.56906
 0.62208
 0.57525
 0.51972
 0.55713
 0.56853
 0.59856
 0.63549
 0.61073
 0.6754599999999999
 0.68613
 0.69198
 0.70936
 0.72837
 0
 0
 0.66667
 0
 0.8
 0
 0.42857
 0.5
 0.66667
 0.9
 0.63636
 0.75
 0.76923
 0.66667
 0.4
 0.66667
 0
 1
 1
 1
 1
 0
 0
 0
 0
 1
 1
 1
 1
 0
 0
 0
 0.67722
 0.10101
 0.75848
 0.32376
 0.39133
 0.51671
 0.55669
 0.77092
 0.6315499999999999
 0.67294
 0.68941
 0.5823700000000001
 0.55055
 0.53792
 0.46648
 0.74419
 0.65454
 0.5894200000000001
 0.63144
 0.46252
 0.4903
 0.49755
 0.56572
 0.7504999999999999
 0.68457
 0.74603
 0.81994
 0.68651
 0
 0
 0.36788
 0.84814
 0.7361
 0.76108
 0.7355699999999999
 0.7528
 0.69963
 0.69243
 0.67961
 0.70078
 0.71132
 0.73486
 0.69467
 0.6777300000000001
 0.6888300000000001
 0.72946
 0.72151
 0.69813
 0.70034
 0.68895
 0.70245
 0.71788
 0.71853
 0.7561099999999999
 0.70573
 0.7351799999999999
 0.73883
 0.75439
 0
 0
 0.5454
 0.18829
 0.63431
 0.56219
 0.52838
 0.47426
 0.55721
 0.65054
 0.56142
 0.58028
 0.5636100000000001
 0.5557
 0.5573900000000001
 0.5089
 0.56696
 0.5928
 0.5464599999999999
 0.52505
 0.53645
 0.5522899999999999
 0.5622
 0.57747
 0.56792
 0.60878
 0.6180600000000001
 0.60692
 0.63785
 0.65528
 0
 0
 0.9205100000000001
 0.90493
 0.89924
 0.9229000000000001
 0.93311
 0.9224
 0.91644
 0.93815
 0.91393
 0.9162400000000001
 0.92596
 0.92164
 0.92395
 0.90774
 0.92062
 0.90961
 0.90178
 0.911
 0.90778
 0.90577
 0.91077
 0.9051900000000001
 0.90126
 0.8992599999999999
 0.9075800000000001
 0.90702
 0.91291
 0.91322
 0
 0
 0.66682
 0.15613
 0.66777
 0.46127
 0.35525
 0.52053
 0.40745
 0.32445
 0.60729
 0.56728
 0.57383
 0.5787099999999999
 0.55246
 0.51977
 0.5583399999999999
 0.62232
 0.5494
 0.5341399999999999
 0.55955
 0.55289
 0.56515
 0.57533
 0.59035
 0.61006
 0.63556
 0.68813
 0.6778
 0.71295
 0
 0
 0.36788
 0.84666
 0.69123
 0.7582
 0.74696
 0.7790899999999999
 0.68298
 0.71347
 0.6813399999999999
 0.71916
 0.73593
 0.67357
 0.6887
 0.6719000000000001
 0.69142
 0.79632
 0.79238
 0.70766
 0.77645
 0.68388
 0.70226
 0.7250799999999999
 0.70846
 0.7309600000000001
 0.69923
 0.7182500000000001
 0.75382
 0.74011
 0
 0
 0
 0
 0
 0
 0
 0
 0
 0
 0
 0
 0
 0
 0
 0
 0
 0
 0
 0
 0
 0
 0
 0
 0
 0
 0
 0
 0
 0
 0
 0
 0
 0
 0
 0
 0
 0
 0
 0
 0
 0
 0
 0
 0
 0
 0
 0
 0
 0
 0
 0
 0
 0
 0
 0
 0
 0
 0
 0
 0
 0
 0
 0
 0
 0
 0
 0
 0
 0
 0
 0
 0
 0
 0
 0
 0
 0
 0
 0
 0
 0
 0
 0
 0
 0
 0
 0
 0
 0
 0
 0
 0
 0
 0
 0
 0
 0
 0
 0
 0
 0
 0
 0
 0
 0
 0
 0
 0
 0
 0
 0
 0
 0
 0
 0
 0
 0
 0
 0
 0
 0
 0
 0
 0
 0
 0
 0
 0
 0
 0
 0
 0
 0
 0
 0
 0
 0
 0
 0
 0
 0
 0
 0
 0
 0
 0
 0
 0
 0
 0
 0
 0.94501
 0.92927
 0.90939
 0.95261
 0.91474
 0.90203
 0.93248
 0.92354
 0.92731
 0.91914
 0.92833
 0.92256
 0.9134
 0.90927
 0.89811
 0.9213
 0.91596
 0.90307
 0.906
 0.90523
 0.90691
 0.8973100000000001
 0.90923
 0.9071900000000001
 0.90581
 0.90443
 0.9005300000000001
 0.9061399999999999
 0
 0
 0
 0
 0
 0
 0
 0
 0
 0
 0
 0
 0
 0
 0
 0
 0
 0
 0
 0
 0
 0
 0
 0
 0
 0
 0
 0
 0
 0
 0
 0
 0
 0
 0
 0
 0
 0
 0
 0
 0
 0
 0
 0
 0
 0
 0
 0
 0
 0
 0
 0
 0
 0
 0
 0
 0
 0
 0
 0


