# Created by Octave 4.0.0, Sat Nov 21 16:31:47 2015 W. Europe Standard Time <unknown@Florian-PC>
# name: mus
# type: matrix
# ndims: 3
 1 30 19
 0
 0
 0.32367
 0.89904
 0.88293
 0.91667
 0.91626
 0.96635
 0.96135
 0.965
 0.98086
 0.98039
 0.98558
 0.98469
 0.97949
 0.98077
 0.98039
 0.98485
 0.99043
 0.95
 0.97354
 0.9899
 0.99034
 0.98958
 0.99
 0.97115
 0.99471
 1
 0.99507
 0.99444
 0
 0
 1
 0.5
 0.6
 0.8
 0.5
 0.8
 0.4
 0.6
 0.6333299999999999
 0.46667
 0.56667
 0.83333
 0.8666700000000001
 0.8
 0.8
 0.76667
 0.78333
 0.55
 0.72
 0.6899999999999999
 0.64
 0.7
 0.72
 0.66
 0.71333
 0.74
 0.72
 0.7
 0
 0
 1
 0.65963
 0.64663
 0.77033
 0.7776999999999999
 0.70965
 0.72018
 0.71133
 0.72018
 0.7014899999999999
 0.57569
 0.53009
 0.5678
 0.50685
 0.62278
 0.69658
 0.64101
 0.63922
 0.56494
 0.59336
 0.63456
 0.61019
 0.58571
 0.6128400000000001
 0.659
 0.67669
 0.71522
 0.72871
 0
 0
 1
 0.55558
 0.65418
 0.81713
 0.83402
 0.672
 0.64808
 0.7456199999999999
 0.73702
 0.64952
 0.66887
 0.7289600000000001
 0.72982
 0.64656
 0.65762
 0.5770999999999999
 0.5968599999999999
 0.59929
 0.5928600000000001
 0.59855
 0.62619
 0.6581
 0.7130300000000001
 0.70616
 0.66037
 0.65603
 0.70503
 0.72187
 0
 0
 1
 1
 0.6
 0.83333
 0.85714
 0.5
 0.88889
 0.4
 0.81818
 0.58333
 0.69231
 0.77778
 0.8
 0.33333
 0.5
 0
 1
 1
 0
 1
 1
 1
 1
 0
 0
 1
 1
 1
 0
 0
 1
 1.28573
 0.62083
 0.7
 0.89881
 0.56131
 0.9198499999999999
 0.55337
 0.87363
 0.59293
 0.72296
 0.80041
 0.80305
 0.51009
 0.57725
 0.42115
 0.842
 0.69208
 0.53295
 0.78111
 0.95208
 0.64542
 0.67188
 0.45836
 0.4896
 0.7128
 0.79959
 0.61896
 0
 0
 1
 0.94074
 0.75721
 0.71489
 0.79597
 0.7842
 0.86189
 0.80122
 0.71155
 0.74026
 0.77507
 0.71729
 0.72892
 0.7252999999999999
 0.67233
 0.74075
 0.74812
 0.67084
 0.73754
 0.7351799999999999
 0.72181
 0.73913
 0.80054
 0.72294
 0.73528
 0.80531
 0.76703
 0.8240499999999999
 0
 0
 1
 0.61154
 0.62999
 0.74229
 0.81219
 0.71928
 0.67689
 0.70445
 0.70562
 0.67659
 0.69023
 0.6526999999999999
 0.70771
 0.6258
 0.65912
 0.6343299999999999
 0.62752
 0.59475
 0.61937
 0.60963
 0.60973
 0.65094
 0.6966
 0.68955
 0.66266
 0.66548
 0.6853
 0.75314
 0
 0
 1
 1
 1
 1
 1
 1
 1
 1
 1
 1
 1
 1
 1
 1
 1
 1
 1
 1
 1
 1
 1
 1
 1
 1
 1
 1
 1
 1
 0
 0
 1
 1.29826
 0.6333299999999999
 0.59256
 0.87386
 0.6329
 0.62368
 0.74678
 0.85155
 0.5621699999999999
 0.59574
 0.75449
 0.8100000000000001
 0.72937
 0.5889799999999999
 0.56508
 0.6601399999999999
 0.60772
 0.6798999999999999
 0.53952
 0.72329
 0.64327
 0.82907
 0.66659
 0.61729
 0.73956
 0.74801
 0.73392
 0
 0
 1
 0.94074
 0.78723
 0.78624
 0.8594000000000001
 0.72797
 0.72579
 0.77584
 0.72619
 0.70328
 0.7544
 0.68093
 0.95352
 0.69138
 0.7353499999999999
 0.66074
 0.73802
 0.68849
 0.86777
 0.7589399999999999
 0.81547
 0.77427
 0.78948
 0.75937
 0.7669
 0.73449
 0.8363
 0.8506899999999999
 0
 0
 0
 0
 0
 0
 0
 0
 0
 0
 0
 0
 0
 0
 0
 0
 0
 0
 0
 0
 0
 0
 0
 0
 0
 0
 0
 0
 0
 0
 0
 0
 0
 0
 0
 0
 0
 0
 0
 0
 0
 0
 0
 0
 0
 0
 0
 0
 0
 0
 0
 0
 0
 0
 0
 0
 0
 0
 0
 0
 0
 0
 0
 0
 0
 0
 0
 0
 0
 0
 0
 0
 0
 0
 0
 0
 0
 0
 0
 0
 0
 0
 0
 0
 0
 0
 0
 0
 0
 0
 0
 0
 0
 0
 0
 0
 0
 0
 0
 0
 0
 0
 0
 0
 0
 0
 0
 0
 0
 0
 0
 0
 0
 0
 0
 0
 0
 0
 0
 0
 0
 0
 0
 0
 0
 0
 0
 0
 0
 0
 0
 0
 0
 0
 0
 0
 0
 0
 0
 0
 0
 0
 0
 0
 0
 0
 0
 0
 0
 0
 0
 0
 1
 1
 1
 1
 1
 1
 1
 1
 1
 1
 1
 1
 1
 1
 1
 1
 1
 1
 1
 1
 1
 1
 1
 1
 1
 1
 1
 1
 0
 0
 0
 0
 0
 0
 0
 0
 0
 0
 0
 0
 0
 0
 0
 0
 0
 0
 0
 0
 0
 0
 0
 0
 0
 0
 0
 0
 0
 0
 0
 0
 0
 0
 0
 0
 0
 0
 0
 0
 0
 0
 0
 0
 0
 0
 0
 0
 0
 0
 0
 0
 0
 0
 0
 0
 0
 0
 0
 0


# name: vars
# type: matrix
# ndims: 3
 1 30 19
 0
 0
 0.065265
 0.030048
 0.029951
 0.008838
 0.0095
 0.004447
 0.002928
 0.003447
 0.00145
 0.002196
 0.000962
 0.000925
 0.001026
 0.000901
 0.002097
 0.001291
 0.000453
 0.008888999999999999
 0.001197
 0.000402
 0.000368
 0.000372
 0.000343
 0.001162
 0.000196
 0
 0.00017
 0.000185
 0
 0
 0
 0.33333
 0.3
 0.2
 0.25
 0.075
 0.175
 0.175
 0.17222
 0.25556
 0.18889
 0.05556
 0.08889
 0.2
 0.075
 0.01875
 0.04722
 0.04375
 0.03575
 0.038
 0.05425
 0.06
 0.032
 0.018
 0.03756
 0.03022
 0.03922
 0.04722
 0
 0
 0
 0
 0
 0
 0
 0
 0
 0
 0
 0
 0
 0
 0
 0
 0
 0
 0
 0
 0
 0
 0
 0
 0
 0
 0
 0
 0
 0
 0
 0
 0
 0.08394600000000001
 0.069546
 0.055876
 0.029106
 0.072487
 0.079544
 0.055239
 0.055989
 0.060488
 0.048879
 0.046736
 0.047959
 0.047061
 0.044399
 0.044232
 0.046427
 0.042461
 0.041222
 0.04951
 0.04501
 0.041326
 0.034607
 0.036738
 0.042246
 0.038291
 0.034992
 0.032773
 0
 0
 0
 0
 0
 0
 0
 0
 0
 0
 0
 0
 0
 0
 0
 0
 0
 0
 0
 0
 0
 0
 0
 0
 0
 0
 0
 0
 0
 0
 0
 0
 0
 0
 0
 0
 0
 0
 0
 0
 0
 0
 0
 0
 0
 0
 0
 0
 0
 0
 0
 0
 0
 0
 0
 0
 0
 0
 0
 0
 0
 0
 0
 0
 0
 0
 0
 0
 0
 0
 0
 0
 0
 0
 0
 0
 0
 0
 0
 0
 0
 0
 0
 0
 0
 0
 0
 0
 0
 0
 0
 0
 0
 0.071196
 0.069074
 0.06922
 0.030954
 0.027848
 0.037246
 0.035178
 0.043658
 0.03501
 0.041003
 0.054086
 0.0392
 0.053797
 0.046898
 0.042217
 0.050642
 0.04548
 0.047241
 0.050985
 0.047587
 0.047575
 0.045488
 0.048684
 0.044683
 0.047265
 0.048353
 0.036399
 0
 0
 0
 0
 0
 0
 0
 0
 0
 0
 0
 0
 0
 0
 0
 0
 0
 0
 0
 0
 0
 0
 0
 0
 0
 0
 0
 0
 0
 0
 0
 0
 0
 0
 0
 0
 0
 0
 0
 0
 0
 0
 0
 0
 0
 0
 0
 0
 0
 0
 0
 0
 0
 0
 0
 0
 0
 0
 0
 0
 0
 0
 0
 0
 0
 0
 0
 0
 0
 0
 0
 0
 0
 0
 0
 0
 0
 0
 0
 0
 0
 0
 0
 0
 0
 0
 0
 0
 0
 0
 0
 0
 0
 0
 0
 0
 0
 0
 0
 0
 0
 0
 0
 0
 0
 0
 0
 0
 0
 0
 0
 0
 0
 0
 0
 0
 0
 0
 0
 0
 0
 0
 0
 0
 0
 0
 0
 0
 0
 0
 0
 0
 0
 0
 0
 0
 0
 0
 0
 0
 0
 0
 0
 0
 0
 0
 0
 0
 0
 0
 0
 0
 0
 0
 0
 0
 0
 0
 0
 0
 0
 0
 0
 0
 0
 0
 0
 0
 0
 0
 0
 0
 0
 0
 0
 0
 0
 0
 0
 0
 0
 0
 0
 0
 0
 0
 0
 0
 0
 0
 0
 0
 0
 0
 0
 0
 0
 0
 0
 0
 0
 0
 0
 0
 0
 0
 0
 0
 0
 0
 0
 0
 0
 0
 0
 0
 0
 0
 0
 0
 0
 0
 0
 0
 0
 0
 0
 0
 0
 0
 0
 0
 0
 0
 0
 0
 0
 0
 0
 0
 0
 0
 0
 0
 0
 0
 0
 0
 0
 0
 0
 0
 0
 0
 0
 0
 0
 0
 0
 0
 0
 0
 0
 0
 0
 0
 0
 0
 0
 0
 0
 0
 0
 0
 0
 0
 0
 0
 0
 0
 0
 0
 0
 0
 0
 0
 0
 0
 0
 0
 0
 0
 0
 0
 0
 0
 0
 0
 0
 0
 0
 0
 0
 0
 0
 0
 0
 0
 0
 0
 0
 0
 0
 0
 0
 0
 0
 0
 0
 0
 0
 0
 0
 0
 0
 0
 0
 0
 0
 0


