# Created by Octave 4.0.0, Sat Nov 21 16:31:45 2015 W. Europe Standard Time <unknown@Florian-PC>
# name: mus
# type: matrix
# ndims: 3
 1 30 19
 0
 0
 0.66184
 0.65865
 0.97073
 0.76961
 0.72906
 0.75
 0.75362
 0.755
 0.71292
 0.7549
 0.75481
 0.8061199999999999
 0.9641
 0.97596
 0.97549
 0.98485
 0.98086
 0.98
 0.97354
 0.9798
 0.99034
 0.98958
 0.99
 0.99519
 0.9932
 1
 1
 1
 0
 0
 1
 1
 0.6
 0.9
 0.8
 0.8
 0.9
 0.7
 0.76667
 0.83333
 0.7
 0.8
 0.66667
 0.56667
 0.65
 0.6
 0.56667
 0.5
 0.53
 0.65
 0.65
 0.62
 0.6
 0.57333
 0.6333299999999999
 0.64
 0.72
 0.73333
 0
 0
 1
 1
 0.66601
 0.82804
 0.85251
 0.77312
 0.77665
 0.79998
 0.85651
 0.8069
 0.84293
 0.69567
 0.64495
 0.65013
 0.61303
 0.62532
 0.70285
 0.63448
 0.6577499999999999
 0.59916
 0.67169
 0.62906
 0.6868300000000001
 0.66148
 0.67811
 0.67391
 0.70075
 0.69033
 0
 0
 1
 1
 0.57297
 0.83938
 0.66977
 0.74553
 0.82018
 0.82751
 0.80454
 0.83384
 0.75552
 0.73058
 0.64074
 0.6472
 0.58722
 0.6303800000000001
 0.65843
 0.65325
 0.60575
 0.6284
 0.61267
 0.64232
 0.67824
 0.70008
 0.68035
 0.63724
 0.63787
 0.66013
 0
 0
 1
 1
 1
 1
 0.71429
 0.75
 0.88889
 0.8
 0.90909
 1
 0.76923
 0.5555600000000001
 0.6
 1
 0.5
 1
 1
 0
 0
 1
 0
 1
 0
 1
 1
 0
 1
 1
 0
 0
 1
 1
 0.75154
 0.95899
 0.70048
 0.79947
 0.85207
 0.85899
 0.88027
 0.90446
 0.77478
 0.68204
 0.61842
 0.7483300000000001
 0.5600000000000001
 0.70697
 0.74907
 0.5946399999999999
 0.55602
 0.75182
 0.47541
 0.6893
 0.59254
 0.71601
 0.65855
 0.5069
 0.72267
 0.7591
 0
 0
 1
 1
 0.78678
 0.76792
 0.76067
 0.7723
 0.80359
 0.77114
 0.80054
 0.78244
 0.7541
 0.73521
 0.74249
 0.69898
 0.6605
 0.68866
 0.70218
 0.70436
 0.72032
 0.72375
 0.70358
 0.69284
 0.72759
 0.7360100000000001
 0.7263500000000001
 0.72033
 0.7091
 0.72694
 0
 0
 1
 1
 0.58325
 0.76319
 0.63818
 0.72565
 0.71996
 0.74731
 0.7905
 0.74539
 0.71348
 0.66061
 0.59962
 0.58168
 0.56469
 0.58771
 0.60777
 0.59602
 0.57258
 0.58688
 0.57535
 0.59378
 0.60824
 0.62287
 0.62588
 0.5905
 0.59943
 0.61905
 0
 0
 0.96979
 0.89836
 0.95089
 0.90903
 0.88803
 0.92204
 0.91249
 0.94045
 0.93825
 0.92862
 0.92537
 0.91656
 0.9108000000000001
 0.91826
 0.91539
 0.9055800000000001
 0.89676
 0.90898
 0.90701
 0.90901
 0.90212
 0.91231
 0.90728
 0.90467
 0.89697
 0.90642
 0.89324
 0.90656
 0
 0
 1
 1
 0.4213
 0.8992599999999999
 0.64778
 0.84781
 0.7503300000000001
 0.81872
 0.8384
 0.83131
 0.77155
 0.6889
 0.64625
 0.65706
 0.59009
 0.64375
 0.67087
 0.63146
 0.57365
 0.61475
 0.59801
 0.61949
 0.6016899999999999
 0.71507
 0.65979
 0.5938099999999999
 0.5992499999999999
 0.6596
 0
 0
 1
 1
 0.79154
 0.75231
 0.78017
 0.70244
 0.83462
 0.7763099999999999
 0.7463
 0.748
 0.74447
 0.71607
 0.43077
 0.72861
 0.65404
 0.6936
 0.6792
 0.70311
 0.69682
 0.74329
 0.70464
 0.67288
 0.70023
 0.72868
 0.70076
 0.71569
 0.709
 0.70835
 0
 0
 0
 0
 0
 0
 0
 0
 0
 0
 0
 0
 0
 0
 0
 0
 0
 0
 0
 0
 0
 0
 0
 0
 0
 0
 0
 0
 0
 0
 0
 0
 0
 0
 0
 0
 0
 0
 0
 0
 0
 0
 0
 0
 0
 0
 0
 0
 0
 0
 0
 0
 0
 0
 0
 0
 0
 0
 0
 0
 0
 0
 0
 0
 0
 0
 0
 0
 0
 0
 0
 0
 0
 0
 0
 0
 0
 0
 0
 0
 0
 0
 0
 0
 0
 0
 0
 0
 0
 0
 0
 0
 0
 0
 0
 0
 0
 0
 0
 0
 0
 0
 0
 0
 0
 0
 0
 0
 0
 0
 0
 0
 0
 0
 0
 0
 0
 0
 0
 0
 0
 0
 0
 0
 0
 0
 0
 0
 0
 0
 0
 0
 0
 0
 0
 0
 0
 0
 0
 0
 0
 0
 0
 0
 0
 0
 0
 0
 0
 0
 0
 0
 0.89729
 0.90656
 0.93418
 0.89147
 0.9082
 0.90681
 0.90441
 0.9345
 0.91739
 0.92886
 0.91698
 0.9295
 0.9240699999999999
 0.90561
 0.90271
 0.89192
 0.90579
 0.91196
 0.91118
 0.91083
 0.90639
 0.8983
 0.90395
 0.91012
 0.90915
 0.89689
 0.89851
 0.91211
 0
 0
 0
 0
 0
 0
 0
 0
 0
 0
 0
 0
 0
 0
 0
 0
 0
 0
 0
 0
 0
 0
 0
 0
 0
 0
 0
 0
 0
 0
 0
 0
 0
 0
 0
 0
 0
 0
 0
 0
 0
 0
 0
 0
 0
 0
 0
 0
 0
 0
 0
 0
 0
 0
 0
 0
 0
 0
 0
 0


# name: vars
# type: matrix
# ndims: 3
 1 30 19
 0
 0
 0.06370199999999999
 0.061345
 0.005122
 0.042112
 0.03403
 0.0375
 0.017909
 0.015237
 0.058093
 0.028186
 0.025419
 0.007401
 0.00416
 0.001653
 0.000917
 0.000673
 0.001259
 0.001222
 0.001197
 0.00109
 0.000368
 0.000868
 0.0008
 0.000185
 0.000324
 0
 0
 0
 0
 0
 0
 0
 0.3
 0.05
 0.2
 0.2
 0.05
 0.2
 0.10556
 0.05556
 0.08889
 0.08889
 0.16667
 0.18889
 0.06389
 0.03264
 0.03264
 0
 0.04825
 0.055
 0.015
 0.032
 0.02
 0.05022
 0.01222
 0.01522
 0.01144
 0.008330000000000001
 0
 0
 0
 0
 0
 0
 0
 0
 0
 0
 0
 0
 0
 0
 0
 0
 0
 0
 0
 0
 0
 0
 0
 0
 0
 0
 0
 0
 0
 0
 0
 0
 0
 0
 0.1097
 0.0226
 0.06507
 0.0465
 0.02169
 0.02542
 0.02635
 0.01577
 0.02123
 0.0199
 0.02435
 0.02028
 0.01834
 0.01704
 0.01422
 0.01406
 0.01483
 0.01231
 0.01208
 0.01012
 0.009639999999999999
 0.00751
 0.00835
 0.00848
 0.00842
 0.00784
 0
 0
 0.002519
 0.009583
 0.014625
 0.012843
 0.019007
 0.008493000000000001
 0.008809000000000001
 0.011157
 0.009867000000000001
 0.013769
 0.012511
 0.011679
 0.012902
 0.010407
 0.012753
 0.012031
 0.013378
 0.012372
 0.013627
 0.014006
 0.01029
 0.01466
 0.011991
 0.012652
 0.012942
 0.010311
 0.013858
 0.0134
 0
 0
 0
 0
 0
 0
 0
 0
 0
 0
 0
 0
 0
 0
 0
 0
 0
 0
 0
 0
 0
 0
 0
 0
 0
 0
 0
 0
 0
 0
 0
 0
 0
 0
 0
 0
 0
 0
 0
 0
 0
 0
 0
 0
 0
 0
 0
 0
 0
 0
 0
 0
 0
 0
 0
 0
 0
 0
 0
 0
 0
 0
 0
 0
 0.063444
 0.040694
 0.040787
 0.041957
 0.025735
 0.033595
 0.023933
 0.026757
 0.019478
 0.018658
 0.015002
 0.011683
 0.011266
 0.011485
 0.010616
 0.012548
 0.008559000000000001
 0.010474
 0.009551
 0.010771
 0.012293
 0.010312
 0.013679
 0.009087
 0.008925000000000001
 0.009302
 0
 0
 0.008215
 0.013933
 0.005909
 0.015843
 0.016504
 0.009998
 0.010478
 0.008201
 0.008666
 0.01096
 0.013061
 0.01387
 0.012022
 0.013096
 0.011671
 0.012956
 0.014718
 0.01228
 0.013494
 0.01288
 0.012968
 0.012432
 0.013144
 0.013411
 0.015001
 0.013751
 0.012393
 0.012605
 0
 0
 0
 0
 0
 0
 0
 0
 0
 0
 0
 0
 0
 0
 0
 0
 0
 0
 0
 0
 0
 0
 0
 0
 0
 0
 0
 0
 0
 0
 0
 0
 0
 0
 0
 0
 0
 0
 0
 0
 0
 0
 0
 0
 0
 0
 0
 0
 0
 0
 0
 0
 0
 0
 0
 0
 0
 0
 0
 0
 0
 0
 0
 0
 0
 0
 0
 0
 0
 0
 0
 0
 0
 0
 0
 0
 0
 0
 0
 0
 0
 0
 0
 0
 0
 0
 0
 0
 0
 0
 0
 0
 0
 0
 0
 0
 0
 0
 0
 0
 0
 0
 0
 0
 0
 0
 0
 0
 0
 0
 0
 0
 0
 0
 0
 0
 0
 0
 0
 0
 0
 0
 0
 0
 0
 0
 0
 0
 0
 0
 0
 0
 0
 0
 0
 0
 0
 0
 0
 0
 0
 0
 0
 0
 0
 0
 0
 0
 0
 0
 0
 0
 0
 0
 0
 0
 0
 0
 0
 0
 0
 0
 0
 0
 0
 0
 0
 0
 0
 0
 0
 0
 0
 0
 0
 0
 0
 0
 0
 0
 0
 0
 0
 0
 0
 0
 0
 0
 0
 0
 0
 0
 0
 0
 0
 0
 0
 0
 0
 0
 0
 0
 0
 0
 0
 0
 0
 0
 0
 0
 0
 0
 0.016236
 0.018837
 0.009246000000000001
 0.016308
 0.015368
 0.012206
 0.014333
 0.009859
 0.01347
 0.013942
 0.013518
 0.011516
 0.010171
 0.015996
 0.013016
 0.014347
 0.013237
 0.010521
 0.011991
 0.013094
 0.01228
 0.012624
 0.011666
 0.012392
 0.012105
 0.012391
 0.014961
 0.012512
 0
 0
 0
 0
 0
 0
 0
 0
 0
 0
 0
 0
 0
 0
 0
 0
 0
 0
 0
 0
 0
 0
 0
 0
 0
 0
 0
 0
 0
 0
 0
 0
 0
 0
 0
 0
 0
 0
 0
 0
 0
 0
 0
 0
 0
 0
 0
 0
 0
 0
 0
 0
 0
 0
 0
 0
 0
 0
 0
 0


