# Created by Octave 4.0.0, Sat Nov 21 16:31:55 2015 W. Europe Standard Time <unknown@Florian-PC>
# name: mus
# type: matrix
# ndims: 3
 1 30 19
 0
 0
 0.89372
 0.94712
 0.90244
 0.88235
 0.867
 0.85577
 0.86957
 0.855
 0.8756
 0.90196
 0.95673
 0.95918
 0.95897
 0.96635
 0.96569
 0.96465
 0.96651
 0.96
 0.95767
 0.9596
 0.96618
 0.96701
 0.97
 0.97115
 0.9682500000000001
 0.96939
 0.97044
 0.96667
 0
 0
 0.33333
 1
 1
 0.7
 0.7
 1
 0.9
 1
 1
 1
 0.8666700000000001
 0.93333
 0.93333
 0.93333
 1
 1
 1
 1
 1
 1
 1
 1
 1
 1
 1
 0.93333
 0.92
 0.93333
 0
 0
 0.62998
 0.95948
 0.831
 0.81669
 0.87042
 0.87358
 0.87386
 0.89102
 0.8892600000000001
 0.88068
 0.87283
 0.91189
 0.87771
 0.92275
 0.9407799999999999
 0.9194099999999999
 0.96562
 0.94786
 0.96637
 0.95158
 0.95087
 0.96089
 0.96712
 0.96555
 0.9674
 0.97192
 0.96675
 0.97506
 0
 0
 0.3318
 0.93997
 0.87724
 0.75463
 0.72805
 0.84745
 0.84762
 0.91626
 0.93191
 0.9398
 0.86982
 0.89316
 0.90137
 0.92604
 0.95963
 0.9603699999999999
 0.9690800000000001
 0.97088
 0.97132
 0.9732
 0.97432
 0.97748
 0.9730799999999999
 0.9658099999999999
 0.9688
 0.96696
 0.97037
 0.97107
 0
 0
 0.66667
 1
 1
 0.83333
 0.85714
 0.875
 0.88889
 1
 1
 1
 0.76923
 0.77778
 1
 1
 1
 1
 1
 1
 1
 1
 1
 1
 1
 1
 1
 1
 1
 1
 0
 0
 0.76584
 0.94133
 0.92301
 0.81815
 0.82522
 0.84458
 0.84004
 0.95829
 0.97102
 0.9677
 0.85588
 0.87669
 0.94533
 0.58894
 0.9718
 0.97539
 0.98543
 0.9853
 0.98752
 0.99247
 0.99191
 0.9544899999999999
 0.95441
 0.99074
 0.95657
 0.97731
 0.9313399999999999
 0.99766
 0
 0
 0.36788
 0.68526
 0.84956
 0.81341
 0.85297
 0.81751
 0.82512
 0.81773
 0.87027
 0.86583
 0.81754
 0.79252
 0.8218800000000001
 0.89228
 0.85034
 0.8968
 0.88324
 0.8782799999999999
 0.9008699999999999
 0.92914
 0.92363
 0.92016
 0.93396
 0.92621
 0.91499
 0.9156300000000001
 0.92747
 0.9747400000000001
 0
 0
 0.27277
 0.90259
 0.79517
 0.76886
 0.76274
 0.81646
 0.7816
 0.82721
 0.84301
 0.8453000000000001
 0.77674
 0.7965100000000001
 0.79491
 0.8484699999999999
 0.8787
 0.88402
 0.90219
 0.87731
 0.8956499999999999
 0.90395
 0.8964299999999999
 0.90652
 0.90242
 0.89982
 0.90185
 0.91857
 0.90981
 0.92108
 0
 0
 0.86442
 0.88735
 0.92377
 0.94797
 0.9157
 0.92305
 0.93062
 0.91771
 0.9297800000000001
 0.9189000000000001
 0.8991400000000001
 0.92854
 0.92091
 0.89295
 0.90988
 0.9072
 0.9028
 0.91735
 0.8999200000000001
 0.90105
 0.90457
 0.8994
 0.90134
 0.89881
 0.90325
 0.89595
 0.90644
 0.90771
 0
 0
 0.76466
 0.93571
 0.89761
 0.77411
 0.78601
 0.83146
 0.8768
 0.84555
 0.9134
 0.94212
 0.8754
 0.91623
 0.93628
 0.95801
 0.97877
 0.97971
 0.98753
 0.98798
 0.9907899999999999
 0.9910600000000001
 0.9837
 0.99435
 0.98883
 0.98334
 0.9840100000000001
 0.59875
 0.98449
 0.94043
 0
 0
 0.36788
 0.71148
 0.82307
 0.82247
 0.8718
 0.76035
 0.81575
 0.81179
 0.87523
 0.84994
 0.77974
 0.78599
 0.80287
 0.89877
 0.86796
 0.8214900000000001
 0.88307
 0.93153
 0.90449
 0.91781
 0.85031
 0.90916
 0.93775
 0.97399
 0.962
 0.98262
 0.8456
 0.9553199999999999
 0
 0
 0
 0
 0
 0
 0
 0
 0
 0
 0
 0
 0
 0
 0
 0
 0
 0
 0
 0
 0
 0
 0
 0
 0
 0
 0
 0
 0
 0
 0
 0
 0
 0
 0
 0
 0
 0
 0
 0
 0
 0
 0
 0
 0
 0
 0
 0
 0
 0
 0
 0
 0
 0
 0
 0
 0
 0
 0
 0
 0
 0
 0
 0
 0
 0
 0
 0
 0
 0
 0
 0
 0
 0
 0
 0
 0
 0
 0
 0
 0
 0
 0
 0
 0
 0
 0
 0
 0
 0
 0
 0
 0
 0
 0
 0
 0
 0
 0
 0
 0
 0
 0
 0
 0
 0
 0
 0
 0
 0
 0
 0
 0
 0
 0
 0
 0
 0
 0
 0
 0
 0
 0
 0
 0
 0
 0
 0
 0
 0
 0
 0
 0
 0
 0
 0
 0
 0
 0
 0
 0
 0
 0
 0
 0
 0
 0
 0
 0
 0
 0
 0
 0.84034
 0.91013
 0.852
 0.91486
 0.92882
 0.91167
 0.91147
 0.9305099999999999
 0.90526
 0.93538
 0.9219000000000001
 0.92232
 0.91338
 0.91593
 0.91257
 0.9170199999999999
 0.91472
 0.90944
 0.9082
 0.9041
 0.91144
 0.90237
 0.89717
 0.91073
 0.8980399999999999
 0.8993
 0.9104
 0.9043
 0
 0
 0
 0
 0
 0
 0
 0
 0
 0
 0
 0
 0
 0
 0
 0
 0
 0
 0
 0
 0
 0
 0
 0
 0
 0
 0
 0
 0
 0
 0
 0
 0
 0
 0
 0
 0
 0
 0
 0
 0
 0
 0
 0
 0
 0
 0
 0
 0
 0
 0
 0
 0
 0
 0
 0
 0
 0
 0
 0


