# Created by Octave 4.0.0, Sat Nov 21 16:31:43 2015 W. Europe Standard Time <unknown@Florian-PC>
# name: mus
# type: matrix
# ndims: 3
 1 30 19
 0
 0
 0.37198
 0.40385
 0.9609799999999999
 0.97059
 0.97537
 0.86058
 0.89855
 0.885
 0.88995
 0.94118
 0.96154
 0.97449
 0.98974
 0.98558
 0.98039
 0.97475
 0.98565
 0.995
 0.9841299999999999
 0.92424
 0.99517
 0.9566
 0.9375
 0.96635
 0.94558
 0.95918
 0.98522
 0.97222
 0
 0
 0.33333
 1
 0.4
 0.6
 0.7
 0.8
 0.9
 0.8
 0.8
 0.53333
 0.8
 0.76667
 0.6
 0.75
 0.83333
 0.66667
 0.83333
 0.65
 0.72
 0.63
 0.62
 0.71
 0.76
 0.76667
 0.7466699999999999
 0.66667
 0.69333
 0.73333
 0
 0
 0.54617
 0.90445
 0.79153
 0.67426
 0.72397
 0.77876
 0.70011
 0.72249
 0.72511
 0.57886
 0.63217
 0.74812
 0.68596
 0.6836
 0.71543
 0.71392
 0.73005
 0.64619
 0.67987
 0.69312
 0.64705
 0.69589
 0.67395
 0.69362
 0.72684
 0.73043
 0.7589
 0.75608
 0
 0
 0.12522
 0.87645
 0.57986
 0.49481
 0.61245
 0.72747
 0.75259
 0.73866
 0.73948
 0.59356
 0.704
 0.74152
 0.67775
 0.7292
 0.75657
 0.795
 0.72031
 0.6594
 0.69219
 0.6661
 0.67522
 0.74116
 0.67531
 0.67749
 0.71345
 0.72534
 0.72578
 0.73966
 0
 0
 0.33333
 1
 0.6
 0.83333
 1
 0.5
 0.88889
 0.7
 0.90909
 0.41667
 1
 0.66667
 0.6
 0.66667
 0.5
 1
 1
 0
 1
 1
 0
 1
 1
 1
 0
 0
 1
 1
 0
 0
 0.43425
 0.90789
 0.66789
 0.70146
 0.80744
 0.5853699999999999
 0.81547
 0.7668700000000001
 0.82641
 0.572
 0.80261
 0.71346
 0.66653
 0.68403
 0.6530899999999999
 0.8567
 0.81169
 0.56642
 0.72048
 0.70562
 0.55037
 0.82697
 0.77524
 0.75134
 0.7018799999999999
 0.64833
 0.83309
 0.70121
 0
 0
 0.36788
 0.46204
 0.65313
 0.7006
 0.65511
 0.7354000000000001
 0.74111
 0.73853
 0.72363
 0.71418
 0.72738
 0.73771
 0.76598
 0.71618
 0.74533
 0.72419
 0.74807
 0.71823
 0.73024
 0.70977
 0.68888
 0.7147
 0.7121
 0.76104
 0.73076
 0.74774
 0.73112
 0.79717
 0
 0
 0.1044
 0.80285
 0.65477
 0.48641
 0.56394
 0.68329
 0.68806
 0.67254
 0.68405
 0.57276
 0.62782
 0.63697
 0.61048
 0.65596
 0.64998
 0.68933
 0.65306
 0.60042
 0.62176
 0.59687
 0.61225
 0.6466
 0.61194
 0.62908
 0.65806
 0.65802
 0.66253
 0.68379
 0
 0
 0.89969
 0.93897
 0.91817
 0.93161
 0.91192
 0.92174
 0.92112
 0.90921
 0.91425
 0.91712
 0.9210199999999999
 0.9265099999999999
 0.91881
 0.90676
 0.90718
 0.91051
 0.9120200000000001
 0.89877
 0.91503
 0.90361
 0.90559
 0.90325
 0.90435
 0.90025
 0.90832
 0.8994
 0.89639
 0.89037
 0
 0
 0.46905
 0.87898
 0.743
 0.50972
 0.62035
 0.59432
 0.7144
 0.84194
 0.75607
 0.6086
 0.6778999999999999
 0.71275
 0.70739
 0.7301
 0.60078
 0.81724
 0.78379
 0.49493
 0.69075
 0.7012
 0.72718
 0.73201
 0.72141
 0.70087
 0.69768
 0.73458
 0.74813
 0.72242
 0
 0
 0.36788
 0.4583
 0.65169
 0.74341
 0.68555
 0.69864
 0.74976
 0.72663
 0.70377
 0.70803
 0.72995
 0.73717
 0.72859
 0.71202
 0.72954
 0.71652
 0.78254
 0.6543
 0.7289099999999999
 0.70068
 0.69187
 0.71392
 0.824
 0.75883
 0.73422
 0.72548
 0.73346
 0.80631
 0
 0
 0
 0
 0
 0
 0
 0
 0
 0
 0
 0
 0
 0
 0
 0
 0
 0
 0
 0
 0
 0
 0
 0
 0
 0
 0
 0
 0
 0
 0
 0
 0
 0
 0
 0
 0
 0
 0
 0
 0
 0
 0
 0
 0
 0
 0
 0
 0
 0
 0
 0
 0
 0
 0
 0
 0
 0
 0
 0
 0
 0
 0
 0
 0
 0
 0
 0
 0
 0
 0
 0
 0
 0
 0
 0
 0
 0
 0
 0
 0
 0
 0
 0
 0
 0
 0
 0
 0
 0
 0
 0
 0
 0
 0
 0
 0
 0
 0
 0
 0
 0
 0
 0
 0
 0
 0
 0
 0
 0
 0
 0
 0
 0
 0
 0
 0
 0
 0
 0
 0
 0
 0
 0
 0
 0
 0
 0
 0
 0
 0
 0
 0
 0
 0
 0
 0
 0
 0
 0
 0
 0
 0
 0
 0
 0
 0
 0
 0
 0
 0
 0
 0.94619
 0.951
 0.95397
 0.93771
 0.93148
 0.91601
 0.90279
 0.91948
 0.91454
 0.92173
 0.91223
 0.91666
 0.92362
 0.921
 0.91704
 0.91979
 0.90294
 0.91129
 0.91151
 0.9115
 0.90078
 0.90863
 0.90166
 0.89807
 0.91266
 0.89656
 0.8886500000000001
 0.8853799999999999
 0
 0
 0
 0
 0
 0
 0
 0
 0
 0
 0
 0
 0
 0
 0
 0
 0
 0
 0
 0
 0
 0
 0
 0
 0
 0
 0
 0
 0
 0
 0
 0
 0
 0
 0
 0
 0
 0
 0
 0
 0
 0
 0
 0
 0
 0
 0
 0
 0
 0
 0
 0
 0
 0
 0
 0
 0
 0
 0
 0


