# Created by Octave 4.0.0, Sat Nov 21 16:31:47 2015 W. Europe Standard Time <unknown@Florian-PC>
# name: mus
# type: matrix
# ndims: 3
 1 30 19
 0
 0
 0.35266
 0.42308
 0.67317
 0.67157
 0.6650199999999999
 0.6875
 0.71014
 0.705
 0.66986
 0.90686
 0.91827
 0.84694
 0.9846200000000001
 0.98558
 0.97631
 0.9899
 0.98565
 0.975
 0.99471
 0.99495
 0.99517
 0.99479
 0.995
 1
 1
 1
 1
 1
 0
 0
 0.33333
 1
 0.4
 0.8
 0.7
 0.8
 0.5
 0.6
 0.5
 0.7
 0.8666700000000001
 0.8666700000000001
 0.46667
 0.53333
 0.71667
 0.71667
 0.78333
 0.7
 0.77
 0.68
 0.76
 0.6899999999999999
 0.5600000000000001
 0.74
 0.77333
 0.7533300000000001
 0.72
 0.73333
 0
 0
 0.6531
 0.8276
 0.69026
 0.75979
 0.72428
 0.77223
 0.72562
 0.80615
 0.72014
 0.87379
 0.8601799999999999
 0.77542
 0.55182
 0.63047
 0.63883
 0.6797
 0.70134
 0.68827
 0.65459
 0.66822
 0.68346
 0.70806
 0.68279
 0.67541
 0.72275
 0.63983
 0.73269
 0.74197
 0
 0
 0.33335
 0.98215
 0.65584
 0.75965
 0.78285
 0.79395
 0.73975
 0.80594
 0.84917
 0.83751
 0.91374
 0.8505200000000001
 0.6137899999999999
 0.64908
 0.72819
 0.74311
 0.72218
 0.66516
 0.70586
 0.7173
 0.66344
 0.71576
 0.73909
 0.6672
 0.72014
 0.7698700000000001
 0.75554
 0.75883
 0
 0
 0
 1
 0
 1
 0.42857
 0.75
 0.66667
 0.8
 0.72727
 0.91667
 0.84615
 0.77778
 0.8
 0.66667
 1
 1
 1
 0
 1
 1
 0
 0
 1
 1
 1
 1
 1
 0
 0
 0
 0.25004
 1.14287
 0.35418
 1
 0.53393
 0.81964
 0.7043700000000001
 0.83591
 0.7572
 0.97071
 0.86195
 0.7577
 0.67175
 0.67377
 0.9218499999999999
 0.96475
 0.81899
 0.50791
 0.77133
 0.79777
 0.57577
 0.47026
 0.76339
 0.875
 0.68327
 0.82742
 0.71032
 0.75
 0
 0
 0.36788
 0.64116
 0.99171
 0.79494
 0.73238
 0.70134
 0.72907
 0.78852
 0.84161
 0.83066
 0.83789
 0.78906
 0.75488
 0.76308
 0.7168099999999999
 0.72899
 0.7197
 0.72121
 0.77855
 0.79283
 0.7498899999999999
 0.78618
 0.76638
 0.76806
 0.7375699999999999
 0.7662
 0.77052
 0.83479
 0
 0
 0.33335
 0.88822
 0.68991
 0.65484
 0.71918
 0.75766
 0.71324
 0.7238
 0.7399
 0.8158
 0.9043099999999999
 0.84328
 0.61228
 0.6393
 0.72475
 0.74114
 0.71845
 0.70656
 0.67788
 0.7131999999999999
 0.66072
 0.70383
 0.70458
 0.67575
 0.71131
 0.74007
 0.72435
 0.736
 0
 0
 1
 1
 1
 1
 1
 1
 1
 1
 1
 1
 1
 1
 1
 1
 1
 1
 1
 1
 1
 1
 1
 1
 1
 1
 1
 1
 1
 1
 0
 0
 0.25004
 1.0177
 0.44667
 0.68446
 0.64755
 0.75465
 0.66257
 0.79461
 0.84723
 1.01337
 0.97417
 0.84175
 0.56591
 0.61277
 0.71366
 0.82039
 0.79789
 0.67199
 0.71372
 0.72942
 0.7704800000000001
 0.71247
 0.67265
 0.89401
 0.6171
 0.59787
 0.74034
 1
 0
 0
 0.36788
 0.65762
 1.12011
 0.78784
 0.74837
 0.7112000000000001
 0.69396
 0.76672
 0.84418
 0.7725
 0.82397
 0.83808
 0.84078
 0.68028
 0.7806
 0.77022
 0.78066
 0.70879
 0.7583299999999999
 0.73697
 0.7187
 0.88334
 0.78551
 0.73745
 0.75659
 0.77751
 0.78725
 0.85164
 0
 0
 0
 0
 0
 0
 0
 0
 0
 0
 0
 0
 0
 0
 0
 0
 0
 0
 0
 0
 0
 0
 0
 0
 0
 0
 0
 0
 0
 0
 0
 0
 0
 0
 0
 0
 0
 0
 0
 0
 0
 0
 0
 0
 0
 0
 0
 0
 0
 0
 0
 0
 0
 0
 0
 0
 0
 0
 0
 0
 0
 0
 0
 0
 0
 0
 0
 0
 0
 0
 0
 0
 0
 0
 0
 0
 0
 0
 0
 0
 0
 0
 0
 0
 0
 0
 0
 0
 0
 0
 0
 0
 0
 0
 0
 0
 0
 0
 0
 0
 0
 0
 0
 0
 0
 0
 0
 0
 0
 0
 0
 0
 0
 0
 0
 0
 0
 0
 0
 0
 0
 0
 0
 0
 0
 0
 0
 0
 0
 0
 0
 0
 0
 0
 0
 0
 0
 0
 0
 0
 0
 0
 0
 0
 0
 0
 0
 0
 0
 0
 0
 0
 1
 1
 1
 1
 1
 1
 1
 1
 1
 1
 1
 1
 1
 1
 1
 1
 1
 1
 1
 1
 1
 1
 1
 1
 1
 1
 1
 1
 0
 0
 0
 0
 0
 0
 0
 0
 0
 0
 0
 0
 0
 0
 0
 0
 0
 0
 0
 0
 0
 0
 0
 0
 0
 0
 0
 0
 0
 0
 0
 0
 0
 0
 0
 0
 0
 0
 0
 0
 0
 0
 0
 0
 0
 0
 0
 0
 0
 0
 0
 0
 0
 0
 0
 0
 0
 0
 0
 0


# name: vars
# type: matrix
# ndims: 3
 1 30 19
 0
 0
 0.078052
 0.067496
 0.059512
 0.041221
 0.035388
 0.021562
 0.028888
 0.009974
 0.051617
 0.005974
 0.006681
 0.009306999999999999
 0.000855
 0.000751
 0.002542
 0.000505
 0.000604
 0.00125
 0.000252
 0.00023
 0.00021
 0.000217
 0.0002
 0
 0
 0
 0
 0
 0
 0
 0.33333
 0
 0.3
 0.2
 0.2
 0.075
 0.25
 0.175
 0.25
 0.08889
 0.08889
 0.08889
 0.14444
 0.2
 0.15139
 0.08889
 0.10972
 0.04375
 0.02075
 0.01575
 0.068
 0.0805
 0.048
 0.038
 0.02356
 0.04033
 0.02533
 0.02222
 0
 0
 0
 0
 0
 0
 0
 0
 0
 0
 0
 0
 0
 0
 0
 0
 0
 0
 0
 0
 0
 0
 0
 0
 0
 0
 0
 0
 0
 0
 0
 0
 0.15625
 0.00057
 0.1182
 0.07374
 0.07148
 0.05662
 0.05965
 0.04496
 0.03234
 0.03738
 0.02373
 0.02941
 0.05141
 0.04929
 0.03972
 0.03805
 0.04145
 0.04066
 0.04438
 0.03851
 0.04065
 0.03834
 0.03368
 0.04497
 0.03911
 0.0307
 0.03114
 0.03164
 0
 0
 0
 0
 0
 0
 0
 0
 0
 0
 0
 0
 0
 0
 0
 0
 0
 0
 0
 0
 0
 0
 0
 0
 0
 0
 0
 0
 0
 0
 0
 0
 0
 0
 0
 0
 0
 0
 0
 0
 0
 0
 0
 0
 0
 0
 0
 0
 0
 0
 0
 0
 0
 0
 0
 0
 0
 0
 0
 0
 0
 0
 0
 0
 0
 0
 0
 0
 0
 0
 0
 0
 0
 0
 0
 0
 0
 0
 0
 0
 0
 0
 0
 0
 0
 0
 0
 0
 0
 0
 0
 0
 0.15625
 0.02221
 0.07246
 0.0664
 0.0612
 0.05077
 0.0514
 0.04399
 0.0442
 0.04537
 0.02843
 0.04092
 0.04375
 0.04899
 0.04247
 0.03908
 0.04598
 0.03876
 0.05432
 0.05112
 0.04468
 0.04577
 0.04356
 0.04654
 0.03891
 0.03669
 0.04603
 0.04703
 0
 0
 0
 0
 0
 0
 0
 0
 0
 0
 0
 0
 0
 0
 0
 0
 0
 0
 0
 0
 0
 0
 0
 0
 0
 0
 0
 0
 0
 0
 0
 0
 0
 0
 0
 0
 0
 0
 0
 0
 0
 0
 0
 0
 0
 0
 0
 0
 0
 0
 0
 0
 0
 0
 0
 0
 0
 0
 0
 0
 0
 0
 0
 0
 0
 0
 0
 0
 0
 0
 0
 0
 0
 0
 0
 0
 0
 0
 0
 0
 0
 0
 0
 0
 0
 0
 0
 0
 0
 0
 0
 0
 0
 0
 0
 0
 0
 0
 0
 0
 0
 0
 0
 0
 0
 0
 0
 0
 0
 0
 0
 0
 0
 0
 0
 0
 0
 0
 0
 0
 0
 0
 0
 0
 0
 0
 0
 0
 0
 0
 0
 0
 0
 0
 0
 0
 0
 0
 0
 0
 0
 0
 0
 0
 0
 0
 0
 0
 0
 0
 0
 0
 0
 0
 0
 0
 0
 0
 0
 0
 0
 0
 0
 0
 0
 0
 0
 0
 0
 0
 0
 0
 0
 0
 0
 0
 0
 0
 0
 0
 0
 0
 0
 0
 0
 0
 0
 0
 0
 0
 0
 0
 0
 0
 0
 0
 0
 0
 0
 0
 0
 0
 0
 0
 0
 0
 0
 0
 0
 0
 0
 0
 0
 0
 0
 0
 0
 0
 0
 0
 0
 0
 0
 0
 0
 0
 0
 0
 0
 0
 0
 0
 0
 0
 0
 0
 0
 0
 0
 0
 0
 0
 0
 0
 0
 0
 0
 0
 0
 0
 0
 0
 0
 0
 0
 0
 0
 0
 0
 0
 0
 0
 0
 0
 0
 0
 0
 0
 0
 0
 0
 0
 0
 0
 0
 0
 0
 0
 0
 0
 0
 0
 0
 0
 0
 0
 0
 0
 0
 0
 0
 0
 0
 0
 0
 0
 0
 0
 0
 0
 0
 0
 0
 0
 0
 0
 0
 0
 0
 0
 0
 0
 0
 0
 0
 0
 0
 0
 0
 0
 0
 0
 0
 0
 0
 0
 0
 0
 0
 0


