# Created by Octave 4.0.0, Mon Oct 12 03:31:37 2015 W. Europe Daylight Time <unknown@Florian-PC>
# name: res
# type: scalar struct
# ndims: 2
 1 1
# length: 11
# name: iterations
# type: scalar
7


# name: samples
# type: function handle
@<anonymous>
@(i) min (factorial (i + 2), 7)


# name: holdoutSize
# type: scalar
20


# name: data_file
# type: string
# elements: 1
# length: 9
seeds.mat


# name: orac
# type: class
# classname: oracle
# length: 5
# name: features
# type: cell
# rows: 1
# columns: 1
# name: <cell-element>
# type: matrix
# rows: 203
# columns: 7
 0.08404154863078395 0.1322314049586777 0.3557168784029034 0.1582207207207205 0.09123307198859609 0.6645386105657337 0.2378138847858193
 0.2086874409820587 0.21900826446281 0.706896551724137 0.1469594594594597 0.3535281539558091 0.5341247448283037 0.194485475135401
 0.8829084041548634 0.9318181818181821 0.6088929219600718 1 0.8075552387740557 0.3233561741798749 1
 0.07743153918791323 0.111570247933884 0.4346642468239557 0.107545045045045 0.1033499643620814 0.5450467435540705 0.1506646971935006
 0.7780925401322001 0.8016528925619832 0.7586206896551726 0.6407657657657659 0.8239486813970063 0.2324695419261725 0.6696208764155585
 0.1435316336166195 0.1776859504132227 0.5063520871143368 0.1897522522522523 0.2459016393442626 0.4377771132117178 0.2427375677006398
 0.5882908404154865 0.6404958677685948 0.6397459165154267 0.6295045045045047 0.6101211689237351 0.4211340675343587 0.6509108813392417
 0.06137865911237017 0.1219008264462809 0.2522686025408341 0.107545045045045 0.06058446186742694 0.3583325748611996 0.2801575578532742
 0.7762039660056657 0.8016528925619832 0.7486388384754985 0.7730855855855858 0.757662152530292 0.3214058172645595 0.7552929591334316
 0.4995278564683665 0.5144628099173554 0.8230490018148817 0.4048423423423424 0.6250890947968639 0 0.2816346627277202
 0.8375826251180361 0.8450413223140494 0.8203266787658787 0.6835585585585586 0.899501069137562 0.4606613010180864 0.7336287543082225
 0.1746931067044382 0.2438016528925617 0.3457350272232294 0.2364864864864864 0.1903064861012116 0.5407559583403765 0.3697685869030032
 0.4154863078375828 0.4442148760330578 0.7277676950998178 0.3778153153153156 0.5324305060584462 0.2851291786396911 0.3229935992122104
 0.3116147308781871 0.3326446280991733 0.7250453720508165 0.3040540540540539 0.405559515324305 0.4187936392359803 0.107828655834564
 0.9074598677998111 0.9256198347107438 0.7377495462794919 0.7804054054054057 0.8795438346400568 0.5731318831346137 0.8212703101920238
 0.452313503305005 0.5144628099173554 0.5671506352087112 0.5546171171171173 0.4547398431931573 0.4806849653486588 0.6282619399310683
 0.1406987724268178 0.1694214876033056 0.5290381125226853 0.1126126126126126 0.2181040627227369 0.08450246395090304 0.2176267848350566
 0.3484419263456091 0.3636363636363633 0.7831215970961889 0.2804054054054057 0.4761225944404848 0.7697278601984164 0.2373215164943376
 0.898016997167139 0.9462809917355366 0.6034482758620685 0.9470720720720722 0.8232359230220954 0.1547153129022611 0.9502708025603148
 0.1850802644003779 0.2396694214876032 0.4328493647912879 0.2443693693693696 0.2409123307198862 0.475093942191421 0.3234859675036925
 0.3871576959395657 0.4297520661157024 0.6515426497277677 0.3738738738738738 0.4483250178189595 0.3667841214942335 0.34465780403742
 0.06043437204910296 0.09710743801652866 0.3901996370235929 0.135698198198198 0.1176051318602995 0.4628717055221106 0.2383062530773015
 0.481586402266289 0.4834710743801649 0.8865698729582583 0.3536036036036037 0.6300784034212399 0.1084268421121065 0.2594780896110289
 0.6647780925401323 0.7128099173553717 0.6524500907441011 0.6385135135135136 0.6721311475409835 0.3877179523852866 0.6942392909896604
 0.7516525023607179 0.7871900826446279 0.7114337568058069 0.7060810810810807 0.7441197434069851 0.1265001495273635 0.6770064007877892
 0.1916902738432484 0.2603305785123964 0.3629764065335745 0.2877252252252251 0.2002851033499644 0.3303774590750108 0.3505662235352038
 0.8914069877242685 0.9276859504132227 0.6624319419237743 0.897522522522523 0.8745545260156808 0.2987816770468996 0.8867552929591334
 0.452313503305005 0.464876033057851 0.8248638838475504 0.3254504504504507 0.5951532430506059 0.3686044546151946 0.4529788281634661
 0.8479697828139756 0.8946280991735533 0.633393829401089 0.8361486486486487 0.8139700641482535 0.09191382022910193 0.8636139832594778
 0.4268177525967896 0.4400826446280988 0.8212341197822131 0.3828828828828827 0.5930149679258732 0.3072332236799335 0.3254554406696206
 0.1208687440982059 0.1260330578512394 0.6479128856624312 0.1311936936936937 0.2302209550962224 0.3682143832321315 0.3018217626784829
 0.0188857412653447 0.1074380165289255 0.02359346642468196 0.2353603603603607 0.01282965074839648 0.6107087597030257 0.3323485967503692
 0.6572237960339946 0.6714876033057848 0.8257713248638829 0.5022522522522523 0.7555238774055593 0.5982264754450065 0.5622845888724761
 0.4702549575070822 0.5661157024793386 0.404718693284936 0.5748873873873874 0.4283677833214539 0.2437816120350024 0.6696208764155585
 0.3626062322946175 0.4111570247933884 0.6079854809437384 0.3862612612612613 0.457590876692801 0.4173633774980822 0.3077301821762677
 0.7422096317280453 0.7665289256198347 0.7622504537205081 0.6801801801801801 0.8118317890235212 0.1911219753214838 0.6277695716395861
 0.7922568460812089 0.8780991735537187 0.4618874773139741 0.9290540540540544 0.7412687099073414 0.380436619901442 0.9743968488429346
 0.9556185080264403 0.995867768595041 0.618874773139745 0.9459459459459461 0.8439059158945119 0.4792547036107608 0.9512555391432791
 0.05571293673276689 0.06404958677685935 0.5435571687840284 0.06193693693693714 0.1282965074839633 0.4272451858690141 0.1521418020679466
 0.8083097261567516 0.8347107438016526 0.7341197822141563 0.7578828828828832 0.8446186742694224 0.3015121767283414 0.8202855736090591
 0.1539187913125593 0.1880165289256195 0.5181488203266778 0.1829954954954958 0.2401995723449752 0.6116189262635064 0.3456425406203838
 0.262511803588291 0.2830578512396689 0.6969147005444647 0.2370495495495497 0.3549536707056309 0.5077299145743672 0.2816346627277202
 0.5609065155807367 0.6053719008264462 0.673321234119781 0.5495495495495497 0.5965787598004277 0.6198104253078315 0.6701132447070406
 0.1992445703493861 0.2066115702479339 0.7196007259528123 0.1599099099099099 0.3285816108339275 1 0.2368291482028555
 0.3541076487252126 0.4049586776859502 0.5852994555353899 0.411599099099099 0.3991446899501068 0.07124003692675761 0.3106843919251601
 0.2294617563739376 0.2789256198347103 0.5081669691470045 0.2792792792792791 0.2822523164647184 0.3390890532967534 0.1506646971935006
 0.1794145420207744 0.2169421487603307 0.523593466424682 0.2072072072072073 0.2401995723449752 0.4753539897801298 0.2378138847858193
 0.6392823418319169 0.6921487603305785 0.6388384754990915 0.7015765765765765 0.6728439059158944 0.3589826938329714 0.7149187592319053
 0.05665722379603411 0.1322314049586777 0.1560798548094375 0.1976351351351351 0.03207412687099076 0.6563471115214086 0.34465780403742
 0.7129367327667613 0.7665289256198347 0.6270417422867505 0.6531531531531534 0.6650035637918748 0.3710749067079276 0.7346134908911863
 0.7828139754485364 0.7954545454545454 0.8058076225045365 0.6672297297297294 0.8082679971489661 0.1149280318298249 0.7828655834564251
 0.5269121813031163 0.6136363636363638 0.4600725952813063 0.4859234234234231 0.5395580898075554 0.4578007775422903 0.5829640571147219
 0.4636449480642115 0.5061983471074378 0.6705989110707797 0.5506756756756754 0.5459729151817532 0.5130608901428964 0.4967996061053666
 0.03021718602455148 0.080578512396694 0.2640653357531759 0.1064189189189189 0.03207412687099076 0.4438882315463731 0.2151649433776464
 0.3966005665722381 0.4359504132231402 0.6696914700544454 0.3637387387387387 0.4711332858161084 0.2521031348736819 0.2914820285573607
