# Created by Octave 4.0.0, Sat Nov 21 16:31:35 2015 W. Europe Standard Time <unknown@Florian-PC>
# name: mus
# type: matrix
# ndims: 3
 1 30 19
 0
 0
 0.66184
 0.875
 0.97073
 0.95588
 0.96552
 0.91827
 0.94203
 0.92
 0.93301
 0.92157
 0.92788
 0.91327
 0.96923
 0.97115
 0.9616
 0.9697
 0.97129
 0.97
 0.9682500000000001
 0.9697
 0.97101
 0.9618100000000001
 0.965
 0.96635
 0.96145
 0.96429
 0.96552
 0.96111
 0
 0
 1
 0.25
 0.4
 0.7
 0.5
 1
 1
 0.9
 0.8
 1
 1
 1
 0.93333
 0.8666700000000001
 0.8833299999999999
 0.8833299999999999
 0.95
 1
 1
 1
 1
 1
 1
 1
 1
 0.96667
 0.96667
 0.96667
 0
 0
 1
 0.58517
 0.60224
 0.70222
 0.71449
 0.8681
 0.89654
 0.91213
 0.91115
 0.93105
 0.97887
 0.97811
 0.92075
 0.93197
 0.95355
 0.95326
 0.95996
 0.96508
 0.99131
 0.96077
 0.99309
 0.9859
 0.9930600000000001
 0.9771300000000001
 0.98233
 0.97702
 0.98868
 0.98972
 0
 0
 1
 0.48575
 0.49439
 0.59459
 0.59574
 0.87383
 0.88927
 0.8925
 0.90867
 0.97065
 0.97658
 0.9759
 0.92237
 0.92986
 0.93847
 0.9410500000000001
 0.93914
 0.96932
 0.97571
 0.9794
 0.98027
 0.97782
 0.97401
 0.9822
 0.98202
 0.97882
 0.98008
 0.97725
 0
 0
 1
 0.5
 0
 0.83333
 0.71429
 1
 0.88889
 0.9
 1
 1
 1
 1
 0.8
 1
 0.5
 1
 1
 1
 1
 1
 1
 1
 1
 1
 1
 1
 1
 1
 0
 0
 1
 0.48599
 0.17196
 0.74132
 0.66435
 0.90238
 0.89651
 0.90582
 0.96126
 0.96743
 0.99134
 0.99322
 0.88331
 0.94572
 0.8809
 0.9599800000000001
 0.90715
 0.95356
 0.98643
 0.99643
 0.98749
 0.99055
 0.95297
 0.97246
 0.98771
 0.9908
 0.9704
 0.96412
 0
 0
 1
 0.74255
 0.68044
 0.62587
 0.77971
 0.76246
 0.8611799999999999
 0.89388
 0.8962
 0.89125
 0.9478
 0.93714
 0.9165
 0.92569
 0.91931
 0.92721
 0.92005
 0.92064
 0.93901
 0.93676
 0.96392
 0.946
 0.95812
 0.95333
 0.97804
 0.95848
 0.95813
 0.92441
 0
 0
 1
 0.50225
 0.44475
 0.58266
 0.5823700000000001
 0.74181
 0.84072
 0.85885
 0.8722299999999999
 0.91808
 0.92175
 0.92192
 0.87782
 0.88144
 0.88468
 0.89432
 0.89045
 0.90467
 0.9236799999999999
 0.9279500000000001
 0.9194600000000001
 0.92023
 0.94026
 0.92794
 0.92141
 0.91051
 0.92602
 0.9292
 0
 0
 0.92803
 0.9344
 0.95095
 0.92919
 0.92777
 0.9375599999999999
 0.93957
 0.90447
 0.93987
 0.92426
 0.9125
 0.90425
 0.91883
 0.90811
 0.9169
 0.91786
 0.91275
 0.8992599999999999
 0.90679
 0.8959
 0.89981
 0.90706
 0.91809
 0.90373
 0.9019
 0.90211
 0.8966499999999999
 0.90311
 0
 0
 1
 0.52079
 0.25994
 0.63163
 0.68775
 0.87458
 0.95526
 0.92602
 0.95504
 0.9769099999999999
 0.98123
 0.97667
 0.91512
 0.9194
 0.93016
 0.93937
 0.94267
 0.99036
 0.99696
 0.99759
 0.99441
 0.9881
 0.96077
 0.99217
 0.9951100000000001
 0.96934
 0.99063
 0.99247
 0
 0
 1
 0.75375
 0.7652
 0.68964
 0.76018
 0.69115
 0.8787
 0.85284
 0.82394
 0.85056
 0.96278
 0.95266
 0.86455
 0.87159
 0.96791
 0.95544
 0.91306
 0.90651
 0.97897
 0.97814
 0.91869
 0.95688
 0.97393
 0.95422
 0.92945
 0.98955
 0.99382
 0.9939
 0
 0
 0
 0
 0
 0
 0
 0
 0
 0
 0
 0
 0
 0
 0
 0
 0
 0
 0
 0
 0
 0
 0
 0
 0
 0
 0
 0
 0
 0
 0
 0
 0
 0
 0
 0
 0
 0
 0
 0
 0
 0
 0
 0
 0
 0
 0
 0
 0
 0
 0
 0
 0
 0
 0
 0
 0
 0
 0
 0
 0
 0
 0
 0
 0
 0
 0
 0
 0
 0
 0
 0
 0
 0
 0
 0
 0
 0
 0
 0
 0
 0
 0
 0
 0
 0
 0
 0
 0
 0
 0
 0
 0
 0
 0
 0
 0
 0
 0
 0
 0
 0
 0
 0
 0
 0
 0
 0
 0
 0
 0
 0
 0
 0
 0
 0
 0
 0
 0
 0
 0
 0
 0
 0
 0
 0
 0
 0
 0
 0
 0
 0
 0
 0
 0
 0
 0
 0
 0
 0
 0
 0
 0
 0
 0
 0
 0
 0
 0
 0
 0
 0
 0.99178
 0.92223
 0.95292
 0.92408
 0.92784
 0.92395
 0.93086
 0.92461
 0.90406
 0.9184600000000001
 0.9371699999999999
 0.92165
 0.91318
 0.91695
 0.90739
 0.90508
 0.90145
 0.91329
 0.91001
 0.90773
 0.89496
 0.89763
 0.91283
 0.9031
 0.90425
 0.90716
 0.9014
 0.90246
 0
 0
 0
 0
 0
 0
 0
 0
 0
 0
 0
 0
 0
 0
 0
 0
 0
 0
 0
 0
 0
 0
 0
 0
 0
 0
 0
 0
 0
 0
 0
 0
 0
 0
 0
 0
 0
 0
 0
 0
 0
 0
 0
 0
 0
 0
 0
 0
 0
 0
 0
 0
 0
 0
 0
 0
 0
 0
 0
 0


# name: vars
# type: matrix
# ndims: 3
 1 30 19
 0
 0
 0.073506
 0.033088
 0.005122
 0.007254
 0.003871
 0.008678
 0.006588
 0.008
 0.006283
 0.003881
 0.008259000000000001
 0.002495
 0.002678
 0.001703
 0.003748
 0.002694
 0.000755
 0.001778
 0.001134
 0.001033
 0.001418
 0.000758
 0.001571
 0.000608
 0.001845
 0.001276
 0.000793
 0.00063
 0
 0
 0
 0.25
 0.3
 0.2
 0.25
 0
 0
 0.05
 0.2
 0
 0
 0
 0.02222
 0.03333
 0.02639
 0.02639
 0.0125
 0
 0
 0
 0
 0
 0
 0
 0
 0.00556
 0.00556
 0.00556
 0
 0
 0
 0
 0
 0
 0
 0
 0
 0
 0
 0
 0
 0
 0
 0
 0
 0
 0
 0
 0
 0
 0
 0
 0
 0
 0
 0
 0
 0
 0
 0
 0
 0.16937
 0.09523
 0.06975000000000001
 0.07238
 0.01289
 0.01492
 0.01347
 0.01048
 0.00163
 0.00099
 0.00119
 0.00551
 0.00454
 0.00259
 0.00252
 0.00307
 0.00146
 0.00217
 0.00152
 0.00071
 0.00174
 0.00242
 0.00078
 0.00047
 0.00122
 0.00051
 0.00278
 0
 0
 0.010772
 0.011656
 0.015252
 0.013281
 0.009081000000000001
 0.010986
 0.010991
 0.008455000000000001
 0.011915
 0.015183
 0.012975
 0.012542
 0.011703
 0.01363
 0.012564
 0.013281
 0.013042
 0.013685
 0.014031
 0.011153
 0.010475
 0.012716
 0.011993
 0.012603
 0.013087
 0.012988
 0.011821
 0.012422
 0
 0
 0
 0
 0
 0
 0
 0
 0
 0
 0
 0
 0
 0
 0
 0
 0
 0
 0
 0
 0
 0
 0
 0
 0
 0
 0
 0
 0
 0
 0
 0
 0
 0
 0
 0
 0
 0
 0
 0
 0
 0
 0
 0
 0
 0
 0
 0
 0
 0
 0
 0
 0
 0
 0
 0
 0
 0
 0
 0
 0
 0
 0
 0.14697
 0.05036
 0.06693
 0.05072
 0.02922
 0.02248
 0.02181
 0.01902
 0.01222
 0.01667
 0.01209
 0.01288
 0.01342
 0.01221
 0.01366
 0.01428
 0.01552
 0.01287
 0.01342
 0.01696
 0.01505
 0.01023
 0.01382
 0.01744
 0.02109
 0.01534
 0.01649
 0
 0
 0.009346
 0.009794000000000001
 0.007672
 0.0098
 0.014134
 0.009731999999999999
 0.007378
 0.01562
 0.00979
 0.012497
 0.016054
 0.016231
 0.011327
 0.013498
 0.01177
 0.010489
 0.011492
 0.014533
 0.01269
 0.013618
 0.014344
 0.011744
 0.011612
 0.014698
 0.012939
 0.013795
 0.013051
 0.012265
 0
 0
 0
 0
 0
 0
 0
 0
 0
 0
 0
 0
 0
 0
 0
 0
 0
 0
 0
 0
 0
 0
 0
 0
 0
 0
 0
 0
 0
 0
 0
 0
 0
 0
 0
 0
 0
 0
 0
 0
 0
 0
 0
 0
 0
 0
 0
 0
 0
 0
 0
 0
 0
 0
 0
 0
 0
 0
 0
 0
 0
 0
 0
 0
 0
 0
 0
 0
 0
 0
 0
 0
 0
 0
 0
 0
 0
 0
 0
 0
 0
 0
 0
 0
 0
 0
 0
 0
 0
 0
 0
 0
 0
 0
 0
 0
 0
 0
 0
 0
 0
 0
 0
 0
 0
 0
 0
 0
 0
 0
 0
 0
 0
 0
 0
 0
 0
 0
 0
 0
 0
 0
 0
 0
 0
 0
 0
 0
 0
 0
 0
 0
 0
 0
 0
 0
 0
 0
 0
 0
 0
 0
 0
 0
 0
 0
 0
 0
 0
 0
 0
 0
 0
 0
 0
 0
 0
 0
 0
 0
 0
 0
 0
 0
 0
 0
 0
 0
 0
 0
 0
 0
 0
 0
 0
 0
 0
 0
 0
 0
 0
 0
 0
 0
 0
 0
 0
 0
 0
 0
 0
 0
 0
 0
 0
 0
 0
 0
 0
 0
 0
 0
 0
 0
 0
 0
 0
 0
 0
 0
 0
 0
 0.000243
 0.016675
 0.004952
 0.014612
 0.012132
 0.013622
 0.011365
 0.011543
 0.015005
 0.013684
 0.010758
 0.012896
 0.012163
 0.011463
 0.012682
 0.015951
 0.01426
 0.012622
 0.01319
 0.013575
 0.013796
 0.013698
 0.013297
 0.012952
 0.012495
 0.013475
 0.014031
 0.013232
 0
 0
 0
 0
 0
 0
 0
 0
 0
 0
 0
 0
 0
 0
 0
 0
 0
 0
 0
 0
 0
 0
 0
 0
 0
 0
 0
 0
 0
 0
 0
 0
 0
 0
 0
 0
 0
 0
 0
 0
 0
 0
 0
 0
 0
 0
 0
 0
 0
 0
 0
 0
 0
 0
 0
 0
 0
 0
 0
 0


