# Created by Octave 4.0.0, Sat Nov 21 16:31:42 2015 W. Europe Standard Time <unknown@Florian-PC>
# name: mus
# type: matrix
# ndims: 3
 1 30 19
 0
 0
 0.66184
 0.9375
 0.90244
 0.96078
 0.91133
 0.96154
 0.97101
 0.96
 0.94258
 0.95588
 0.95673
 0.96939
 0.96923
 0.98077
 0.98529
 0.9899
 0.98565
 0.985
 0.99471
 0.9899
 0.99517
 0.99479
 0.995
 0.99519
 1
 1
 1
 1
 0
 0
 1
 0.25
 0.6
 0.6
 0.7
 0.8
 0.2
 0.7
 0.56667
 0.56667
 0.46667
 0.6333299999999999
 0.53333
 0.6166700000000001
 0.46667
 0.56667
 0.73333
 0.8
 0.72
 0.82
 0.86
 0.66
 0.76
 0.77333
 0.70667
 0.7533300000000001
 0.78
 0.73333
 0
 0
 1
 0.66287
 0.78499
 0.78714
 0.80194
 0.6755100000000001
 0.71323
 0.6205000000000001
 0.74089
 0.6025199999999999
 0.5953000000000001
 0.5694
 0.48728
 0.73367
 0.556
 0.57147
 0.58693
 0.66592
 0.62376
 0.57765
 0.5788
 0.59996
 0.58679
 0.63013
 0.66528
 0.7092000000000001
 0.6632400000000001
 0.74327
 0
 0
 1
 0.63443
 0.6845
 0.64691
 0.65972
 0.58267
 0.55382
 0.61918
 0.59899
 0.6232
 0.54259
 0.57241
 0.53622
 0.5603399999999999
 0.53444
 0.55857
 0.5864200000000001
 0.56818
 0.57742
 0.55394
 0.57335
 0.59058
 0.58026
 0.59253
 0.61014
 0.61554
 0.63429
 0.6341
 0
 0
 1
 0.25
 0.8
 0.83333
 0.71429
 0.875
 0.66667
 0.7
 0.36364
 0.83333
 0.53846
 0.88889
 0.6
 0.66667
 0
 1
 0
 1
 1
 1
 1
 1
 1
 1
 0
 1
 0
 0
 0
 0
 1
 0.38879
 0.7621599999999999
 0.65885
 0.64973
 0.66583
 0.62342
 0.65959
 0.55713
 0.59094
 0.54237
 0.5937
 0.5268699999999999
 0.58951
 0.48704
 0.56614
 0.5239200000000001
 0.56157
 0.59581
 0.5837599999999999
 0.58713
 0.59976
 0.54733
 0.6801199999999999
 0.57833
 0.58371
 0.60621
 0.60593
 0
 0
 1
 0.83009
 0.83502
 0.76756
 0.71461
 0.72107
 0.74788
 0.69152
 0.6602
 0.69299
 0.6999300000000001
 0.68645
 0.69069
 0.67879
 0.66643
 0.69402
 0.66509
 0.6766799999999999
 0.72663
 0.68128
 0.71113
 0.72581
 0.6996599999999999
 0.6956599999999999
 0.73674
 0.73996
 0.75125
 0.75869
 0
 0
 1
 0.67139
 0.73469
 0.60463
 0.57864
 0.60753
 0.5351900000000001
 0.57729
 0.5673899999999999
 0.58311
 0.52155
 0.54318
 0.52388
 0.55263
 0.5238
 0.54949
 0.57259
 0.57004
 0.57517
 0.55762
 0.57517
 0.59501
 0.5837599999999999
 0.59965
 0.6165
 0.61294
 0.63264
 0.6394300000000001
 0
 0
 1
 1
 1
 1
 1
 1
 1
 1
 1
 0.99855
 0.9989
 0.98687
 0.98603
 0.97883
 0.9772999999999999
 0.98051
 0.959
 0.96713
 0.96217
 0.96149
 0.96867
 0.95766
 0.9562
 0.9477
 0.95503
 0.9519300000000001
 0.94546
 0.95736
 0
 0
 1
 0.47698
 0.8549099999999999
 0.52136
 0.63413
 0.60803
 0.55249
 0.54508
 0.5332
 0.61232
 0.50415
 0.55735
 0.52568
 0.53421
 0.51696
 0.53572
 0.5456
 0.5434099999999999
 0.60064
 0.53672
 0.63152
 0.57145
 0.56856
 0.63537
 0.59235
 0.62838
 0.62634
 0.62423
 0
 0
 1
 0.85488
 0.84057
 0.79853
 0.71113
 0.75121
 0.75596
 0.66628
 0.67733
 0.69231
 0.67028
 0.6767300000000001
 0.65511
 0.67897
 0.65766
 0.72677
 0.68544
 0.6793
 0.75414
 0.67189
 0.66379
 0.69958
 0.69467
 0.67508
 0.7072000000000001
 0.71345
 0.7302
 0.73124
 0
 0
 0
 0
 0
 0
 0
 0
 0
 0
 0
 0
 0
 0
 0
 0
 0
 0
 0
 0
 0
 0
 0
 0
 0
 0
 0
 0
 0
 0
 0
 0
 0
 0
 0
 0
 0
 0
 0
 0
 0
 0
 0
 0
 0
 0
 0
 0
 0
 0
 0
 0
 0
 0
 0
 0
 0
 0
 0
 0
 0
 0
 0
 0
 0
 0
 0
 0
 0
 0
 0
 0
 0
 0
 0
 0
 0
 0
 0
 0
 0
 0
 0
 0
 0
 0
 0
 0
 0
 0
 0
 0
 0
 0
 0
 0
 0
 0
 0
 0
 0
 0
 0
 0
 0
 0
 0
 0
 0
 0
 0
 0
 0
 0
 0
 0
 0
 0
 0
 0
 0
 0
 0
 0
 0
 0
 0
 0
 0
 0
 0
 0
 0
 0
 0
 0
 0
 0
 0
 0
 0
 0
 0
 0
 0
 0
 0
 0
 0
 0
 0
 0
 0.99999
 1
 1
 1
 1
 1
 1
 1
 0.99982
 0.99768
 0.99712
 0.9777400000000001
 0.9818
 0.97818
 0.97318
 0.97772
 0.96387
 0.96419
 0.96255
 0.9598100000000001
 0.9578
 0.94937
 0.95952
 0.94147
 0.95128
 0.95579
 0.94096
 0.95
 0
 0
 0
 0
 0
 0
 0
 0
 0
 0
 0
 0
 0
 0
 0
 0
 0
 0
 0
 0
 0
 0
 0
 0
 0
 0
 0
 0
 0
 0
 0
 0
 0
 0
 0
 0
 0
 0
 0
 0
 0
 0
 0
 0
 0
 0
 0
 0
 0
 0
 0
 0
 0
 0
 0
 0
 0
 0
 0
 0


# name: vars
# type: matrix
# ndims: 3
 1 30 19
 0
 0
 0.080042
 0.011949
 0.022244
 0.00515
 0.009350000000000001
 0.003462
 0.002489
 0.003579
 0.004785
 0.004442
 0.002342
 0.001346
 0.003419
 0.000901
 0.002595
 0.000505
 0.001158
 0.001139
 0.000252
 0.000402
 0.00021
 0.000217
 0.0002
 0.000185
 0
 0
 0
 0
 0
 0
 0
 0.25
 0.3
 0.3
 0.2
 0.075
 0.075
 0.075
 0.06389
 0.18889
 0.01944
 0.00556
 0.03333
 0.02639
 0.01944
 0.03958
 0.03264
 0.04375
 0.03575
 0.03075
 0.048
 0.018
 0.028
 0.02356
 0.028
 0.05422
 0.06422
 0.03611
 0
 0
 0
 0
 0
 0
 0
 0
 0
 0
 0
 0
 0
 0
 0
 0
 0
 0
 0
 0
 0
 0
 0
 0
 0
 0
 0
 0
 0
 0
 0
 0
 0
 0.052722
 0.052578
 0.04653
 0.024855
 0.019505
 0.01552
 0.013185
 0.011548
 0.007405
 0.007174
 0.005027
 0.005259
 0.005126
 0.003948
 0.00298
 0.003505
 0.003115
 0.002966
 0.002467
 0.002633
 0.002299
 0.002055
 0.0023
 0.00164
 0.00228
 0.001835
 0.001767
 0
 0
 0
 0
 0
 0
 0
 0
 0
 0
 0
 0
 0
 0
 0
 7.58e-005
 0.0010583
 8.440000000000001e-005
 1.39e-005
 2e-007
 2.49e-005
 5e-007
 5.46e-005
 0.0001255
 0.0002449
 2e-007
 3.5e-006
 2e-007
 0.0001518
 4.3e-006
 0
 0
 0
 0
 0
 0
 0
 0
 0
 0
 0
 0
 0
 0
 0
 0
 0
 0
 0
 0
 0
 0
 0
 0
 0
 0
 0
 0
 0
 0
 0
 0
 0
 0
 0
 0
 0
 0
 0
 0
 0
 0
 0
 0
 0
 0
 0
 0
 0
 0
 0
 0
 0
 0
 0
 0
 0
 0
 0
 0
 0
 0
 0
 0.027725
 0.04032
 0.042915
 0.035036
 0.025369
 0.023429
 0.012248
 0.013688
 0.015167
 0.013516
 0.012397
 0.007692
 0.012871
 0.005906
 0.008418
 0.010226
 0.009599
 0.010014
 0.009443
 0.00774
 0.008500000000000001
 0.007458
 0.007254
 0.006773
 0.00872
 0.006056
 0.006511
 0
 0
 0
 0
 0
 0
 0
 0
 0
 0
 0
 0.000182
 8.7e-005
 0.002798
 0.002328
 0.004847
 0.004996
 0.003665
 0.011097
 0.007336
 0.007545
 0.009771999999999999
 0.00632
 0.009374
 0.0107
 0.012847
 0.010521
 0.01043
 0.01238
 0.009074
 0
 0
 0
 0
 0
 0
 0
 0
 0
 0
 0
 0
 0
 0
 0
 0
 0
 0
 0
 0
 0
 0
 0
 0
 0
 0
 0
 0
 0
 0
 0
 0
 0
 0
 0
 0
 0
 0
 0
 0
 0
 0
 0
 0
 0
 0
 0
 0
 0
 0
 0
 0
 0
 0
 0
 0
 0
 0
 0
 0
 0
 0
 0
 0
 0
 0
 0
 0
 0
 0
 0
 0
 0
 0
 0
 0
 0
 0
 0
 0
 0
 0
 0
 0
 0
 0
 0
 0
 0
 0
 0
 0
 0
 0
 0
 0
 0
 0
 0
 0
 0
 0
 0
 0
 0
 0
 0
 0
 0
 0
 0
 0
 0
 0
 0
 0
 0
 0
 0
 0
 0
 0
 0
 0
 0
 0
 0
 0
 0
 0
 0
 0
 0
 0
 0
 0
 0
 0
 0
 0
 0
 0
 0
 0
 0
 0
 0
 0
 0
 0
 0
 0
 0
 0
 0
 0
 0
 0
 0
 0
 0
 0
 0
 0
 0
 0
 0
 0
 0
 0
 0
 0
 0
 0
 0
 0
 0
 0
 0
 0
 0
 0
 0
 0
 0
 0
 0
 0
 0
 0
 0
 0
 0
 0
 0
 0
 0
 0
 0
 0
 0
 0
 0
 0
 0
 0
 0
 0
 0
 0
 0
 0
 0
 0
 0
 0
 0
 0
 0
 0
 3e-006
 0.000443
 0.000463
 0.006786
 0.002949
 0.00514
 0.006457
 0.004317
 0.006902
 0.006673
 0.007489
 0.009643000000000001
 0.009475000000000001
 0.010767
 0.009493
 0.013522
 0.010233
 0.008876999999999999
 0.014966
 0.01347
 0
 0
 0
 0
 0
 0
 0
 0
 0
 0
 0
 0
 0
 0
 0
 0
 0
 0
 0
 0
 0
 0
 0
 0
 0
 0
 0
 0
 0
 0
 0
 0
 0
 0
 0
 0
 0
 0
 0
 0
 0
 0
 0
 0
 0
 0
 0
 0
 0
 0
 0
 0
 0
 0
 0
 0
 0
 0
 0
 0


