# Created by Octave 4.0.0, Sat Nov 21 16:31:54 2015 W. Europe Standard Time <unknown@Florian-PC>
# name: mus
# type: matrix
# ndims: 3
 1 30 19
 0
 0
 0.54589
 0.72596
 0.71707
 0.70098
 0.76355
 0.71154
 0.70048
 0.67
 0.66029
 0.88725
 0.89423
 0.92347
 0.9641
 0.90385
 0.96569
 0.9494899999999999
 0.98086
 0.975
 0.92593
 0.9444399999999999
 0.94203
 0.93229
 0.9350000000000001
 0.9375
 0.9350000000000001
 0.95918
 0.95496
 0.95556
 0
 0
 0.33333
 1
 0.6
 0.7
 0.4
 0.8
 0.5
 0.6
 0.73333
 0.7
 0.76667
 0.8
 0.73333
 0.75
 0.7
 0.66667
 0.8
 0.8
 0.76
 0.82
 0.82
 0.88
 0.88
 0.92
 0.86
 0.96667
 0.96
 0.96667
 0
 0
 0.61621
 0.92213
 0.7871899999999999
 0.76242
 0.77138
 0.79061
 0.68391
 0.79077
 0.81295
 0.81268
 0.79777
 0.74952
 0.7395
 0.77202
 0.80248
 0.79201
 0.79134
 0.86292
 0.84901
 0.90088
 0.84741
 0.87605
 0.88795
 0.90952
 0.90144
 0.92033
 0.92231
 0.92532
 0
 0
 0.7235200000000001
 0.93084
 0.6941000000000001
 0.7675999999999999
 0.52746
 0.68634
 0.60761
 0.70456
 0.84766
 0.70784
 0.7048
 0.82257
 0.76439
 0.77195
 0.7446700000000001
 0.75207
 0.80766
 0.82756
 0.85389
 0.87101
 0.884
 0.90672
 0.91644
 0.92394
 0.93003
 0.91604
 0.91414
 0.93246
 0
 0
 0.33333
 1
 0.2
 0.33333
 0.57143
 0.375
 0.11111
 0.9
 0.72727
 0.58333
 0.46154
 1
 0.8
 0.66667
 0.5
 1
 1
 1
 0
 1
 1
 1
 1
 1
 1
 1
 1
 1
 0
 0
 0.26304
 0.9257
 0.51489
 0.62131
 0.61792
 0.59965
 0.44113
 0.84215
 0.74547
 0.6591900000000001
 0.64003
 0.88319
 0.79982
 0.70903
 0.6926099999999999
 0.86995
 0.87878
 0.82648
 0.71418
 0.93459
 0.94287
 0.94811
 0.94761
 0.87752
 0.89472
 0.83879
 0.89477
 0.95718
 0
 0
 0.36788
 0.81146
 0.64673
 0.86948
 0.77255
 0.83873
 0.77823
 0.77869
 0.85626
 0.79935
 0.77645
 0.77961
 0.79709
 0.76044
 0.77479
 0.78251
 0.81106
 0.8237
 0.84738
 0.83228
 0.84729
 0.84654
 0.85993
 0.88508
 0.87183
 0.91532
 0.85806
 0.92683
 0
 0
 0.66259
 0.90695
 0.71025
 0.78226
 0.56725
 0.69114
 0.60803
 0.6922
 0.76137
 0.66344
 0.66
 0.74337
 0.70461
 0.70801
 0.68231
 0.69434
 0.72348
 0.74924
 0.76666
 0.79091
 0.7901899999999999
 0.8244899999999999
 0.82864
 0.85328
 0.84839
 0.84473
 0.83904
 0.8607900000000001
 0
 0
 0.94496
 0.94573
 0.92128
 0.92894
 0.9319499999999999
 0.94426
 0.91203
 0.92436
 0.8958199999999999
 0.92642
 0.93707
 0.92633
 0.91647
 0.91145
 0.89984
 0.91172
 0.90145
 0.91511
 0.91979
 0.90469
 0.90321
 0.90327
 0.9014799999999999
 0.89845
 0.90784
 0.91069
 0.89268
 0.9061900000000001
 0
 0
 0.33206
 0.90986
 0.7485000000000001
 0.78316
 0.6473100000000001
 0.67283
 0.6197
 0.75376
 0.83002
 0.71124
 0.45343
 0.8401999999999999
 0.81524
 0.84153
 0.77847
 0.76159
 0.84424
 0.84496
 0.49397
 0.88717
 0.8756699999999999
 0.89231
 0.89027
 0.90891
 0.9239000000000001
 0.90532
 0.90276
 0.42671
 0
 0
 0.36788
 0.75142
 0.64417
 0.86129
 0.75627
 0.4514
 0.7752
 0.7684
 0.82563
 0.76416
 0.85455
 0.7424500000000001
 0.76911
 0.77366
 0.76784
 0.74947
 0.8702800000000001
 0.8142200000000001
 0.82199
 0.79573
 0.85843
 0.87945
 0.89014
 0.88576
 0.93618
 0.91516
 0.87203
 0.92298
 0
 0
 0
 0
 0
 0
 0
 0
 0
 0
 0
 0
 0
 0
 0
 0
 0
 0
 0
 0
 0
 0
 0
 0
 0
 0
 0
 0
 0
 0
 0
 0
 0
 0
 0
 0
 0
 0
 0
 0
 0
 0
 0
 0
 0
 0
 0
 0
 0
 0
 0
 0
 0
 0
 0
 0
 0
 0
 0
 0
 0
 0
 0
 0
 0
 0
 0
 0
 0
 0
 0
 0
 0
 0
 0
 0
 0
 0
 0
 0
 0
 0
 0
 0
 0
 0
 0
 0
 0
 0
 0
 0
 0
 0
 0
 0
 0
 0
 0
 0
 0
 0
 0
 0
 0
 0
 0
 0
 0
 0
 0
 0
 0
 0
 0
 0
 0
 0
 0
 0
 0
 0
 0
 0
 0
 0
 0
 0
 0
 0
 0
 0
 0
 0
 0
 0
 0
 0
 0
 0
 0
 0
 0
 0
 0
 0
 0
 0
 0
 0
 0
 0
 0.92327
 0.9287
 0.92598
 0.92835
 0.9307
 0.89335
 0.92882
 0.92249
 0.9239000000000001
 0.93075
 0.93081
 0.91342
 0.91945
 0.9102
 0.91174
 0.91528
 0.92416
 0.9065
 0.90826
 0.90517
 0.91259
 0.91073
 0.90068
 0.9099
 0.9049700000000001
 0.89737
 0.92406
 0.89367
 0
 0
 0
 0
 0
 0
 0
 0
 0
 0
 0
 0
 0
 0
 0
 0
 0
 0
 0
 0
 0
 0
 0
 0
 0
 0
 0
 0
 0
 0
 0
 0
 0
 0
 0
 0
 0
 0
 0
 0
 0
 0
 0
 0
 0
 0
 0
 0
 0
 0
 0
 0
 0
 0
 0
 0
 0
 0
 0
 0


