# Created by Octave 4.0.0, Sat Nov 21 16:31:46 2015 W. Europe Standard Time <unknown@Florian-PC>
# name: mus
# type: matrix
# ndims: 3
 1 30 19
 0
 0
 0.78744
 0.62019
 0.96585
 0.96078
 0.97044
 0.95673
 0.97585
 0.97
 0.96651
 0.97549
 0.98077
 0.98469
 0.9846200000000001
 0.98558
 0.9902
 0.9899
 0.9760799999999999
 0.985
 0.98942
 0.9899
 0.99034
 0.99479
 0.995
 1
 1
 1
 1
 1
 0
 0
 0.66667
 0.75
 0.6
 0.6
 0.5
 0.3
 0.8
 0.4
 0.53333
 0.7
 0.83333
 0.53333
 0.66667
 0.7
 0.65
 0.6
 0.5
 0.65
 0.77
 0.7
 0.82
 0.58
 0.52
 0.66
 0.6266699999999999
 0.71333
 0.64667
 0.73333
 0
 0
 0.81939
 0.9193
 0.75418
 0.70114
 0.76822
 0.70606
 0.61534
 0.60465
 0.72355
 0.68782
 0.7223000000000001
 0.76902
 0.67238
 0.65973
 0.56282
 0.61627
 0.54823
 0.65135
 0.66055
 0.75279
 0.62988
 0.69036
 0.59293
 0.6889
 0.70118
 0.65857
 0.68185
 0.71336
 0
 0
 0.6389
 0.7758
 0.6100100000000001
 0.76042
 0.64772
 0.63379
 0.78237
 0.51003
 0.63175
 0.77102
 0.79963
 0.76888
 0.78651
 0.78259
 0.6077900000000001
 0.68248
 0.6849
 0.73831
 0.71255
 0.73216
 0.75331
 0.70199
 0.61453
 0.67716
 0.72428
 0.71139
 0.74447
 0.78484
 0
 0
 1
 0.75
 0.2
 0.83333
 0.42857
 0.625
 0.66667
 0.6
 0.36364
 0.58333
 0.84615
 0.66667
 1
 0.33333
 0
 0
 1
 0
 0
 1
 1
 0
 0
 1
 0
 1
 1
 1
 0
 0
 1.5
 1.05556
 0.30834
 0.81667
 0.55536
 0.57619
 0.74504
 0.61488
 0.50707
 0.66111
 0.86066
 0.66553
 0.92937
 0.61178
 0.43958
 0.4725
 0.86453
 0.34012
 0.49848
 0.8362000000000001
 0.77172
 0.66073
 0.55731
 0.92786
 0.65627
 1.03152
 0.79959
 1
 0
 0
 0.57859
 0.98555
 0.86576
 0.7203000000000001
 0.77303
 0.75209
 0.78656
 0.67853
 0.76917
 0.76995
 0.7725
 0.80965
 0.73756
 0.76
 0.77537
 0.72476
 0.79504
 0.71013
 0.73084
 0.75004
 0.75785
 0.7601599999999999
 0.75027
 0.75445
 0.73841
 0.72309
 0.78012
 0.7552
 0
 0
 0.6389
 0.7554
 0.57668
 0.64841
 0.71954
 0.63871
 0.7225200000000001
 0.63604
 0.7035400000000001
 0.7623
 0.7606000000000001
 0.72383
 0.76994
 0.76475
 0.6274999999999999
 0.65838
 0.67374
 0.6924400000000001
 0.70219
 0.6866100000000001
 0.71883
 0.68426
 0.6491
 0.67164
 0.70218
 0.7188099999999999
 0.73476
 0.7754799999999999
 0
 0
 1
 1
 1
 1
 1
 1
 1
 1
 1
 1
 1
 1
 1
 1
 1
 1
 1
 1
 1
 1
 1
 1
 1
 1
 1
 1
 1
 1
 0
 0
 1.5
 1.11275
 0.34333
 0.59845
 0.63354
 0.60241
 0.63652
 0.59509
 0.5551700000000001
 0.82001
 0.87907
 0.66894
 0.76347
 0.76478
 0.5493
 0.7053199999999999
 0.75315
 0.67182
 0.66776
 0.82655
 0.67684
 0.78598
 0.673
 0.70666
 0.74538
 0.8817199999999999
 0.74799
 1
 0
 0
 0.57859
 0.9746899999999999
 0.94252
 0.72366
 0.74425
 0.7282999999999999
 0.77469
 0.69525
 0.7083199999999999
 0.81676
 0.76
 0.75357
 0.70323
 0.7738699999999999
 0.81053
 0.70592
 0.71577
 0.77689
 0.76436
 0.77856
 0.76768
 0.8763300000000001
 0.7312
 0.73989
 0.85465
 0.81246
 0.75695
 0.77211
 0
 0
 0
 0
 0
 0
 0
 0
 0
 0
 0
 0
 0
 0
 0
 0
 0
 0
 0
 0
 0
 0
 0
 0
 0
 0
 0
 0
 0
 0
 0
 0
 0
 0
 0
 0
 0
 0
 0
 0
 0
 0
 0
 0
 0
 0
 0
 0
 0
 0
 0
 0
 0
 0
 0
 0
 0
 0
 0
 0
 0
 0
 0
 0
 0
 0
 0
 0
 0
 0
 0
 0
 0
 0
 0
 0
 0
 0
 0
 0
 0
 0
 0
 0
 0
 0
 0
 0
 0
 0
 0
 0
 0
 0
 0
 0
 0
 0
 0
 0
 0
 0
 0
 0
 0
 0
 0
 0
 0
 0
 0
 0
 0
 0
 0
 0
 0
 0
 0
 0
 0
 0
 0
 0
 0
 0
 0
 0
 0
 0
 0
 0
 0
 0
 0
 0
 0
 0
 0
 0
 0
 0
 0
 0
 0
 0
 0
 0
 0
 0
 0
 0
 1
 1
 1
 1
 1
 1
 1
 1
 1
 1
 1
 1
 1
 1
 1
 1
 1
 1
 1
 1
 1
 1
 1
 1
 1
 1
 1
 1
 0
 0
 0
 0
 0
 0
 0
 0
 0
 0
 0
 0
 0
 0
 0
 0
 0
 0
 0
 0
 0
 0
 0
 0
 0
 0
 0
 0
 0
 0
 0
 0
 0
 0
 0
 0
 0
 0
 0
 0
 0
 0
 0
 0
 0
 0
 0
 0
 0
 0
 0
 0
 0
 0
 0
 0
 0
 0
 0
 0


# name: vars
# type: matrix
# ndims: 3
 1 30 19
 0
 0
 0.055461
 0.04532
 0.005805
 0.008517
 0.003468
 0.004928
 0.002196
 0.003263
 0.005703
 0.001532
 0.001972
 0.000925
 0.000855
 0.001402
 0.0005240000000000001
 0.000505
 0.001309
 0.001139
 0.000441
 0.000402
 0.000368
 0.000217
 0.0002
 0
 0
 0
 0
 0
 0
 0
 0.33333
 0.25
 0.3
 0.3
 0.25
 0.2
 0.2
 0.175
 0.13056
 0.2
 0.05556
 0.14444
 0.05556
 0.03333
 0.06389
 0.09514
 0.09375
 0.08125
 0.052
 0.08
 0.03075
 0.062
 0.052
 0.038
 0.02133
 0.07756
 0.052
 0.03611
 0
 0
 0
 0
 0
 0
 0
 0
 0
 0
 0
 0
 0
 0
 0
 0
 0
 0
 0
 0
 0
 0
 0
 0
 0
 0
 0
 0
 0
 0
 0
 0
 0.18923
 0.11391
 0.10346
 0.05105
 0.06652
 0.05713
 0.05115
 0.05696
 0.06146
 0.0405
 0.04259
 0.04214
 0.03802
 0.04028
 0.04873
 0.04263
 0.0411
 0.03519
 0.04113
 0.03684
 0.03879
 0.0377
 0.03907
 0.04198
 0.03666
 0.03668
 0.0358
 0.02883
 0
 0
 0
 0
 0
 0
 0
 0
 0
 0
 0
 0
 0
 0
 0
 0
 0
 0
 0
 0
 0
 0
 0
 0
 0
 0
 0
 0
 0
 0
 0
 0
 0
 0
 0
 0
 0
 0
 0
 0
 0
 0
 0
 0
 0
 0
 0
 0
 0
 0
 0
 0
 0
 0
 0
 0
 0
 0
 0
 0
 0
 0
 0
 0
 0
 0
 0
 0
 0
 0
 0
 0
 0
 0
 0
 0
 0
 0
 0
 0
 0
 0
 0
 0
 0
 0
 0
 0
 0
 0
 0
 0
 0.18923
 0.09794
 0.0808
 0.07657
 0.04787
 0.03303
 0.0449
 0.05432
 0.03397
 0.04344
 0.04767
 0.04809
 0.03813
 0.03542
 0.04554
 0.04804
 0.04529
 0.04863
 0.04487
 0.04961
 0.04197
 0.04804
 0.05628
 0.04198
 0.0482
 0.04177
 0.03626
 0.03508
 0
 0
 0
 0
 0
 0
 0
 0
 0
 0
 0
 0
 0
 0
 0
 0
 0
 0
 0
 0
 0
 0
 0
 0
 0
 0
 0
 0
 0
 0
 0
 0
 0
 0
 0
 0
 0
 0
 0
 0
 0
 0
 0
 0
 0
 0
 0
 0
 0
 0
 0
 0
 0
 0
 0
 0
 0
 0
 0
 0
 0
 0
 0
 0
 0
 0
 0
 0
 0
 0
 0
 0
 0
 0
 0
 0
 0
 0
 0
 0
 0
 0
 0
 0
 0
 0
 0
 0
 0
 0
 0
 0
 0
 0
 0
 0
 0
 0
 0
 0
 0
 0
 0
 0
 0
 0
 0
 0
 0
 0
 0
 0
 0
 0
 0
 0
 0
 0
 0
 0
 0
 0
 0
 0
 0
 0
 0
 0
 0
 0
 0
 0
 0
 0
 0
 0
 0
 0
 0
 0
 0
 0
 0
 0
 0
 0
 0
 0
 0
 0
 0
 0
 0
 0
 0
 0
 0
 0
 0
 0
 0
 0
 0
 0
 0
 0
 0
 0
 0
 0
 0
 0
 0
 0
 0
 0
 0
 0
 0
 0
 0
 0
 0
 0
 0
 0
 0
 0
 0
 0
 0
 0
 0
 0
 0
 0
 0
 0
 0
 0
 0
 0
 0
 0
 0
 0
 0
 0
 0
 0
 0
 0
 0
 0
 0
 0
 0
 0
 0
 0
 0
 0
 0
 0
 0
 0
 0
 0
 0
 0
 0
 0
 0
 0
 0
 0
 0
 0
 0
 0
 0
 0
 0
 0
 0
 0
 0
 0
 0
 0
 0
 0
 0
 0
 0
 0
 0
 0
 0
 0
 0
 0
 0
 0
 0
 0
 0
 0
 0
 0
 0
 0
 0
 0
 0
 0
 0
 0
 0
 0
 0
 0
 0
 0
 0
 0
 0
 0
 0
 0
 0
 0
 0
 0
 0
 0
 0
 0
 0
 0
 0
 0
 0
 0
 0
 0
 0
 0
 0
 0
 0
 0
 0
 0
 0
 0
 0
 0
 0
 0
 0
 0
 0
 0
 0
 0
 0
 0
 0
 0


