# Created by Octave 4.0.0, Sat Nov 21 16:31:48 2015 W. Europe Standard Time <unknown@Florian-PC>
# name: mus
# type: matrix
# ndims: 3
 1 30 19
 0
 0
 0.87923
 0.33173
 0.32683
 0.78431
 0.51232
 0.45673
 0.98068
 0.98
 0.98565
 0.98529
 0.98558
 0.98469
 0.9846200000000001
 0.99519
 0.9902
 0.9899
 0.99043
 0.99
 0.98942
 0.9899
 0.99034
 0.98958
 0.99
 0.99038
 0.98942
 0.9949
 0.99015
 0.99444
 0
 0
 0.66667
 0.5
 0.8
 0.7
 0.3
 0.5
 0.5
 0.4
 0.6333299999999999
 0.6
 0.56667
 0.43333
 0.6
 0.56667
 0.53333
 0.56667
 0.8
 0.8
 0.86
 0.86
 0.82
 0.84
 0.84
 0.84667
 0.85333
 0.7533300000000001
 0.66
 0.6333299999999999
 0
 0
 0.72784
 0.84548
 0.8796
 0.67336
 0.66708
 0.67214
 0.58179
 0.5796
 0.44721
 0.52735
 0.61687
 0.66495
 0.598
 0.67725
 0.6543099999999999
 0.70926
 0.65173
 0.74065
 0.78997
 0.78565
 0.78871
 0.81698
 0.84918
 0.82808
 0.8583
 0.79366
 0.74779
 0.7214699999999999
 0
 0
 0.61112
 0.63791
 0.87778
 0.6354300000000001
 0.53754
 0.5833700000000001
 0.39648
 0.51385
 0.63575
 0.64494
 0.60118
 0.6769500000000001
 0.71116
 0.64031
 0.6497000000000001
 0.72839
 0.82089
 0.82904
 0.8163
 0.83397
 0.83324
 0.86897
 0.88608
 0.87718
 0.8888
 0.84918
 0.85909
 0.83907
 0
 0
 0.66667
 0.25
 1
 0.5
 0.57143
 0.625
 0.44444
 0.3
 0.54545
 0.41667
 0.53846
 0.5555600000000001
 0.6
 0.66667
 0.5
 0
 1
 1
 1
 1
 1
 1
 1
 1
 1
 0
 1
 1
 0
 0
 0.80006
 0.33333
 1.05
 0.6166700000000001
 0.47262
 0.60714
 0.42163
 0.37044
 0.62159
 0.52399
 0.56084
 0.55865
 0.6572
 0.69918
 0.58274
 0.47444
 0.95618
 0.82641
 1.02488
 1.03203
 0.99914
 0.83403
 0.8859399999999999
 1.04167
 0.84375
 0.60417
 0.875
 1
 0
 0
 0.57859
 0.81785
 0.75497
 0.70972
 0.66123
 0.71583
 0.59104
 0.62907
 0.65555
 0.63103
 0.63794
 0.73363
 0.71548
 0.85972
 0.70768
 0.74281
 0.804
 0.87802
 0.81001
 0.82885
 0.8428600000000001
 0.82026
 0.93671
 0.87691
 0.8656700000000001
 0.84621
 0.87083
 0.82599
 0
 0
 0.61112
 0.56984
 0.7579900000000001
 0.71286
 0.5696
 0.5592200000000001
 0.43747
 0.5189
 0.60372
 0.62063
 0.61787
 0.613
 0.66325
 0.66777
 0.64601
 0.7055900000000001
 0.77328
 0.802
 0.80474
 0.83288
 0.8173899999999999
 0.86281
 0.86489
 0.87551
 0.88998
 0.8250999999999999
 0.81235
 0.80363
 0
 0
 1
 1
 1
 1
 1
 1
 1
 1
 1
 1
 1
 1
 1
 1
 1
 1
 1
 1
 1
 1
 1
 1
 1
 1
 1
 1
 1
 1
 0
 0
 0.80006
 0.35785
 0.9676900000000001
 0.77202
 0.42204
 0.4731
 0.36236
 0.43821
 0.57828
 0.6481
 0.6629699999999999
 0.5538
 0.77715
 0.57297
 0.60923
 0.84837
 0.87735
 0.71508
 0.89127
 0.9009
 0.82653
 0.81582
 0.82943
 1.08484
 1.02983
 0.74801
 0.87604
 1
 0
 0
 0.57859
 0.81785
 0.7745
 0.64502
 0.66734
 0.64541
 0.62677
 0.6217
 0.6882200000000001
 0.65948
 0.66278
 0.75147
 0.90226
 0.85448
 0.69976
 0.9182399999999999
 0.74836
 0.87073
 0.88674
 0.95144
 0.9299500000000001
 0.90123
 0.84138
 0.94441
 0.88381
 0.91979
 0.8208
 0.90809
 0
 0
 0
 0
 0
 0
 0
 0
 0
 0
 0
 0
 0
 0
 0
 0
 0
 0
 0
 0
 0
 0
 0
 0
 0
 0
 0
 0
 0
 0
 0
 0
 0
 0
 0
 0
 0
 0
 0
 0
 0
 0
 0
 0
 0
 0
 0
 0
 0
 0
 0
 0
 0
 0
 0
 0
 0
 0
 0
 0
 0
 0
 0
 0
 0
 0
 0
 0
 0
 0
 0
 0
 0
 0
 0
 0
 0
 0
 0
 0
 0
 0
 0
 0
 0
 0
 0
 0
 0
 0
 0
 0
 0
 0
 0
 0
 0
 0
 0
 0
 0
 0
 0
 0
 0
 0
 0
 0
 0
 0
 0
 0
 0
 0
 0
 0
 0
 0
 0
 0
 0
 0
 0
 0
 0
 0
 0
 0
 0
 0
 0
 0
 0
 0
 0
 0
 0
 0
 0
 0
 0
 0
 0
 0
 0
 0
 0
 0
 0
 0
 0
 0
 1
 1
 1
 1
 1
 1
 1
 1
 1
 1
 1
 1
 1
 1
 1
 1
 1
 1
 1
 1
 1
 1
 1
 1
 1
 1
 1
 1
 0
 0
 0
 0
 0
 0
 0
 0
 0
 0
 0
 0
 0
 0
 0
 0
 0
 0
 0
 0
 0
 0
 0
 0
 0
 0
 0
 0
 0
 0
 0
 0
 0
 0
 0
 0
 0
 0
 0
 0
 0
 0
 0
 0
 0
 0
 0
 0
 0
 0
 0
 0
 0
 0
 0
 0
 0
 0
 0
 0


# name: vars
# type: matrix
# ndims: 3
 1 30 19
 0
 0
 0.032585
 0.063042
 0.041512
 0.021093
 0.037197
 0.029928
 0.001854
 0.002737
 0.00116
 0.001072
 0.000962
 0.000925
 0.000855
 0.0003
 0.0005240000000000001
 0.000505
 0.001007
 0.001
 0.000441
 0.000402
 0.000368
 0.000372
 0.000343
 0.000317
 0.000327
 0.000182
 0.000283
 0.000185
 0
 0
 0.33333
 0.33333
 0.2
 0.2
 0.2
 0.25
 0.125
 0.05
 0.04722
 0.06389
 0.18889
 0.13333
 0.07778
 0.02222
 0.01944
 0.03958
 0.10625
 0.04375
 0.01675
 0.048
 0.03075
 0.028
 0.028
 0.02756
 0.02089
 0.02644
 0.03911
 0.075
 0
 0
 0
 0
 0
 0
 0
 0
 0
 0
 0
 0
 0
 0
 0
 0
 0
 0
 0
 0
 0
 0
 0
 0
 0
 0
 0
 0
 0
 0
 0
 0
 0.22048
 0.15801
 0.05694
 0.10611
 0.07428999999999999
 0.07958999999999999
 0.057
 0.06469999999999999
 0.05696
 0.05058
 0.05084
 0.05444
 0.04523
 0.04984
 0.04567
 0.04245
 0.02894
 0.03019
 0.03019
 0.02878
 0.0277
 0.02009
 0.0192
 0.02207
 0.0189
 0.0231
 0.01965
 0.02542
 0
 0
 0
 0
 0
 0
 0
 0
 0
 0
 0
 0
 0
 0
 0
 0
 0
 0
 0
 0
 0
 0
 0
 0
 0
 0
 0
 0
 0
 0
 0
 0
 0
 0
 0
 0
 0
 0
 0
 0
 0
 0
 0
 0
 0
 0
 0
 0
 0
 0
 0
 0
 0
 0
 0
 0
 0
 0
 0
 0
 0
 0
 0
 0
 0
 0
 0
 0
 0
 0
 0
 0
 0
 0
 0
 0
 0
 0
 0
 0
 0
 0
 0
 0
 0
 0
 0
 0
 0
 0
 0
 0
 0.22048
 0.11715
 0.04356
 0.073
 0.03591
 0.03786
 0.02237
 0.04052
 0.0426
 0.03854
 0.03858
 0.03896
 0.04249
 0.03664
 0.0462
 0.04234
 0.03132
 0.03073
 0.03312
 0.02465
 0.02995
 0.02449
 0.01944
 0.01777
 0.01447
 0.0264
 0.02728
 0.03488
 0
 0
 0
 0
 0
 0
 0
 0
 0
 0
 0
 0
 0
 0
 0
 0
 0
 0
 0
 0
 0
 0
 0
 0
 0
 0
 0
 0
 0
 0
 0
 0
 0
 0
 0
 0
 0
 0
 0
 0
 0
 0
 0
 0
 0
 0
 0
 0
 0
 0
 0
 0
 0
 0
 0
 0
 0
 0
 0
 0
 0
 0
 0
 0
 0
 0
 0
 0
 0
 0
 0
 0
 0
 0
 0
 0
 0
 0
 0
 0
 0
 0
 0
 0
 0
 0
 0
 0
 0
 0
 0
 0
 0
 0
 0
 0
 0
 0
 0
 0
 0
 0
 0
 0
 0
 0
 0
 0
 0
 0
 0
 0
 0
 0
 0
 0
 0
 0
 0
 0
 0
 0
 0
 0
 0
 0
 0
 0
 0
 0
 0
 0
 0
 0
 0
 0
 0
 0
 0
 0
 0
 0
 0
 0
 0
 0
 0
 0
 0
 0
 0
 0
 0
 0
 0
 0
 0
 0
 0
 0
 0
 0
 0
 0
 0
 0
 0
 0
 0
 0
 0
 0
 0
 0
 0
 0
 0
 0
 0
 0
 0
 0
 0
 0
 0
 0
 0
 0
 0
 0
 0
 0
 0
 0
 0
 0
 0
 0
 0
 0
 0
 0
 0
 0
 0
 0
 0
 0
 0
 0
 0
 0
 0
 0
 0
 0
 0
 0
 0
 0
 0
 0
 0
 0
 0
 0
 0
 0
 0
 0
 0
 0
 0
 0
 0
 0
 0
 0
 0
 0
 0
 0
 0
 0
 0
 0
 0
 0
 0
 0
 0
 0
 0
 0
 0
 0
 0
 0
 0
 0
 0
 0
 0
 0
 0
 0
 0
 0
 0
 0
 0
 0
 0
 0
 0
 0
 0
 0
 0
 0
 0
 0
 0
 0
 0
 0
 0
 0
 0
 0
 0
 0
 0
 0
 0
 0
 0
 0
 0
 0
 0
 0
 0
 0
 0
 0
 0
 0
 0
 0
 0
 0
 0
 0
 0
 0
 0
 0
 0
 0
 0
 0
 0
 0
 0
 0
 0
 0
 0
 0


