# Created by Octave 4.0.0, Sat Nov 21 16:31:37 2015 W. Europe Standard Time <unknown@Florian-PC>
# name: mus
# type: matrix
# ndims: 3
 1 30 19
 0
 0
 0.65217
 0.87019
 0.89268
 0.86275
 0.7734
 0.89904
 0.91304
 0.92
 0.92344
 0.92157
 0.95192
 0.9438800000000001
 0.95385
 0.95192
 0.9469
 0.94697
 0.9521500000000001
 0.955
 0.95767
 0.94529
 0.94686
 0.94618
 0.95
 0.95673
 0.94407
 0.94898
 0.95074
 0.9444399999999999
 0
 0
 0.66667
 0.5
 0.6
 0.9
 1
 1
 0.9
 0.9
 0.9
 1
 0.93333
 0.8666700000000001
 0.8666700000000001
 0.8833299999999999
 0.93333
 0.95
 0.93333
 0.95
 0.96
 0.96
 0.95
 0.96
 0.96
 0.96
 0.96667
 0.96
 0.96667
 0.96667
 0
 0
 0.75688
 0.70369
 0.68394
 0.72157
 0.84322
 0.84176
 0.83438
 0.86614
 0.88706
 0.91436
 0.87905
 0.91759
 0.93841
 0.90438
 0.92678
 0.92891
 0.91398
 0.90512
 0.93614
 0.93574
 0.93789
 0.9355599999999999
 0.93774
 0.94419
 0.9440499999999999
 0.96028
 0.9793500000000001
 0.97489
 0
 0
 0.61112
 0.76042
 0.69085
 0.83103
 0.97212
 0.93154
 0.80104
 0.90586
 0.8653999999999999
 0.91512
 0.91639
 0.8964800000000001
 0.9194
 0.96223
 0.96726
 0.96017
 0.96601
 0.96566
 0.9710800000000001
 0.96336
 0.97233
 0.96271
 0.97368
 0.97756
 0.9841299999999999
 0.97948
 0.983
 0.97873
 0
 0
 0.66667
 0.25
 0.6
 0.83333
 1
 1
 0.88889
 0.9
 0.90909
 0.83333
 0.76923
 1
 1
 1
 1
 1
 1
 1
 1
 1
 1
 1
 1
 1
 1
 1
 1
 1
 0
 0
 1
 0.50001
 0.6208399999999999
 0.75
 1.17143
 1.04286
 0.92361
 0.88889
 0.92235
 0.85821
 0.8335399999999999
 0.98176
 0.99537
 1.02258
 1.00125
 0.97436
 1.06419
 1.05585
 1.04741
 1.05556
 1.00414
 1.01786
 1.0599
 1
 1
 1
 1
 1
 0
 0
 0.78929
 0.78178
 0.97963
 0.78144
 0.81654
 0.91137
 0.85416
 0.84219
 0.93981
 0.93632
 0.93874
 0.9468299999999999
 0.93365
 0.91218
 0.9643
 0.93879
 0.96587
 0.93152
 0.95521
 0.95257
 0.94668
 0.97023
 0.9445
 0.9424
 0.96531
 0.97536
 0.97472
 0.95969
 0
 0
 0.61112
 0.79841
 0.6343
 0.7208599999999999
 0.91934
 0.94859
 0.89091
 0.91705
 0.91282
 0.9305600000000001
 0.92238
 0.92947
 0.93891
 0.94233
 0.95577
 0.96373
 0.95504
 0.9576
 0.9556
 0.95366
 0.95761
 0.96201
 0.9634200000000001
 0.97144
 0.97878
 0.97775
 0.97539
 0.97603
 0
 0
 1
 1
 1
 1
 1
 1
 1
 1
 1
 1
 1
 1
 1
 1
 1
 1
 1
 1
 1
 1
 1
 1
 1
 1
 1
 1
 1
 1
 0
 0
 1
 0.57354
 0.58835
 0.56904
 1.16726
 0.95296
 0.89202
 0.87127
 0.91716
 0.8909899999999999
 0.86909
 0.86556
 0.87239
 0.9821299999999999
 0.96423
 0.91137
 1.10547
 0.9859
 1.09395
 1.00937
 0.8998699999999999
 1.10203
 0.97327
 1
 1
 1
 0.9923
 1
 0
 0
 0.78929
 0.82519
 1.01069
 0.84858
 0.81419
 0.93079
 0.80785
 0.85617
 0.9362
 0.88836
 0.99622
 0.90555
 0.88556
 0.99275
 0.9346100000000001
 0.90982
 0.92357
 0.95843
 0.95122
 0.93141
 0.96286
 0.94119
 0.96735
 0.93485
 0.94052
 1.01689
 0.96226
 0.98348
 0
 0
 0
 0
 0
 0
 0
 0
 0
 0
 0
 0
 0
 0
 0
 0
 0
 0
 0
 0
 0
 0
 0
 0
 0
 0
 0
 0
 0
 0
 0
 0
 0
 0
 0
 0
 0
 0
 0
 0
 0
 0
 0
 0
 0
 0
 0
 0
 0
 0
 0
 0
 0
 0
 0
 0
 0
 0
 0
 0
 0
 0
 0
 0
 0
 0
 0
 0
 0
 0
 0
 0
 0
 0
 0
 0
 0
 0
 0
 0
 0
 0
 0
 0
 0
 0
 0
 0
 0
 0
 0
 0
 0
 0
 0
 0
 0
 0
 0
 0
 0
 0
 0
 0
 0
 0
 0
 0
 0
 0
 0
 0
 0
 0
 0
 0
 0
 0
 0
 0
 0
 0
 0
 0
 0
 0
 0
 0
 0
 0
 0
 0
 0
 0
 0
 0
 0
 0
 0
 0
 0
 0
 0
 0
 0
 0
 0
 0
 0
 0
 0
 0
 1
 1
 1
 1
 1
 1
 1
 1
 1
 1
 1
 1
 1
 1
 1
 1
 1
 1
 1
 1
 1
 1
 1
 1
 1
 1
 1
 1
 0
 0
 0
 0
 0
 0
 0
 0
 0
 0
 0
 0
 0
 0
 0
 0
 0
 0
 0
 0
 0
 0
 0
 0
 0
 0
 0
 0
 0
 0
 0
 0
 0
 0
 0
 0
 0
 0
 0
 0
 0
 0
 0
 0
 0
 0
 0
 0
 0
 0
 0
 0
 0
 0
 0
 0
 0
 0
 0
 0


# name: vars
# type: matrix
# ndims: 3
 1 30 19
 0
 0
 0.060244
 0.028163
 0.020195
 0.019311
 0.021162
 0.012524
 0.005563
 0.008
 0.004833
 0.006485
 0.003846
 0.00328
 0.002507
 0.002704
 0.002594
 0.005626
 0.003022
 0.002472
 0.001386
 0.001374
 0.002258
 0.000851
 0.003543
 0.003143
 0.001062
 0.00249
 0.002321
 0.00163
 0
 0
 0.33333
 0.33333
 0.3
 0.05
 0
 0
 0.05
 0.05
 0.05
 0
 0.02222
 0.03333
 0.03333
 0.02639
 0.02222
 0.0125
 0.02222
 0.0125
 0.008
 0.008
 0.0125
 0.008
 0.008
 0.008
 0.00556
 0.008
 0.00556
 0.00556
 0
 0
 0
 0
 0
 0
 0
 0
 0
 0
 0
 0
 0
 0
 0
 0
 0
 0
 0
 0
 0
 0
 0
 0
 0
 0
 0
 0
 0
 0
 0
 0
 0.22048
 0.11223
 0.05622
 0.03347
 0.00744
 0.01927
 0.03712
 0.0195
 0.02854
 0.01687
 0.01537
 0.02081
 0.0155
 0.00865
 0.00596
 0.0077
 0.0065
 0.00692
 0.00566
 0.00662
 0.00536
 0.00835
 0.00452
 0.00387
 0.00317
 0.00385
 0.00318
 0.00386
 0
 0
 0
 0
 0
 0
 0
 0
 0
 0
 0
 0
 0
 0
 0
 0
 0
 0
 0
 0
 0
 0
 0
 0
 0
 0
 0
 0
 0
 0
 0
 0
 0
 0
 0
 0
 0
 0
 0
 0
 0
 0
 0
 0
 0
 0
 0
 0
 0
 0
 0
 0
 0
 0
 0
 0
 0
 0
 0
 0
 0
 0
 0
 0
 0
 0
 0
 0
 0
 0
 0
 0
 0
 0
 0
 0
 0
 0
 0
 0
 0
 0
 0
 0
 0
 0
 0
 0
 0
 0
 0
 0
 0.22048
 0.07897999999999999
 0.04631
 0.04893
 0.02419
 0.01232
 0.02359
 0.009900000000000001
 0.01322
 0.01384
 0.01408
 0.01141
 0.01082
 0.01411
 0.00958
 0.00742
 0.01055
 0.00847
 0.009889999999999999
 0.01087
 0.008240000000000001
 0.00764
 0.008630000000000001
 0.00585
 0.00311
 0.00275
 0.00297
 0.00323
 0
 0
 0
 0
 0
 0
 0
 0
 0
 0
 0
 0
 0
 0
 0
 0
 0
 0
 0
 0
 0
 0
 0
 0
 0
 0
 0
 0
 0
 0
 0
 0
 0
 0
 0
 0
 0
 0
 0
 0
 0
 0
 0
 0
 0
 0
 0
 0
 0
 0
 0
 0
 0
 0
 0
 0
 0
 0
 0
 0
 0
 0
 0
 0
 0
 0
 0
 0
 0
 0
 0
 0
 0
 0
 0
 0
 0
 0
 0
 0
 0
 0
 0
 0
 0
 0
 0
 0
 0
 0
 0
 0
 0
 0
 0
 0
 0
 0
 0
 0
 0
 0
 0
 0
 0
 0
 0
 0
 0
 0
 0
 0
 0
 0
 0
 0
 0
 0
 0
 0
 0
 0
 0
 0
 0
 0
 0
 0
 0
 0
 0
 0
 0
 0
 0
 0
 0
 0
 0
 0
 0
 0
 0
 0
 0
 0
 0
 0
 0
 0
 0
 0
 0
 0
 0
 0
 0
 0
 0
 0
 0
 0
 0
 0
 0
 0
 0
 0
 0
 0
 0
 0
 0
 0
 0
 0
 0
 0
 0
 0
 0
 0
 0
 0
 0
 0
 0
 0
 0
 0
 0
 0
 0
 0
 0
 0
 0
 0
 0
 0
 0
 0
 0
 0
 0
 0
 0
 0
 0
 0
 0
 0
 0
 0
 0
 0
 0
 0
 0
 0
 0
 0
 0
 0
 0
 0
 0
 0
 0
 0
 0
 0
 0
 0
 0
 0
 0
 0
 0
 0
 0
 0
 0
 0
 0
 0
 0
 0
 0
 0
 0
 0
 0
 0
 0
 0
 0
 0
 0
 0
 0
 0
 0
 0
 0
 0
 0
 0
 0
 0
 0
 0
 0
 0
 0
 0
 0
 0
 0
 0
 0
 0
 0
 0
 0
 0
 0
 0
 0
 0
 0
 0
 0
 0
 0
 0
 0
 0
 0
 0
 0
 0
 0
 0
 0
 0
 0
 0
 0
 0
 0
 0
 0
 0
 0
 0
 0
 0
 0
 0
 0
 0
 0
 0
 0
 0
 0
 0
 0
 0


