# Created by Octave 4.0.0, Sat Nov 21 16:31:58 2015 W. Europe Standard Time <unknown@Florian-PC>
# name: mus
# type: matrix
# ndims: 3
 1 30 19
 0
 0
 0.5797099999999999
 0.76442
 0.5853699999999999
 0.70588
 0.6847299999999999
 0.95673
 0.95169
 0.955
 0.95694
 0.95588
 0.94231
 0.96939
 0.95385
 0.95192
 0.95098
 0.98485
 0.99043
 0.99
 0.98942
 0.9899
 0.98551
 0.91667
 0.92
 0.95673
 0.95238
 0.94898
 0.97044
 0.98333
 0
 0
 0.66667
 1
 1
 0.8
 1
 0.8
 0.6
 0.7
 0.6
 0.76667
 0.76667
 0.8666700000000001
 0.8666700000000001
 1
 0.81667
 0.83333
 0.85
 0.8
 0.85
 0.88
 0.9
 0.88
 0.88
 0.84667
 0.89333
 0.86
 0.78
 0.76667
 0
 0
 0.81207
 0.9426099999999999
 0.85461
 0.85251
 0.87042
 0.8348100000000001
 0.87179
 0.83707
 0.81955
 0.84876
 0.75383
 0.8419
 0.82246
 0.90751
 0.83297
 0.7813099999999999
 0.81362
 0.87322
 0.88017
 0.86778
 0.9048
 0.876
 0.87287
 0.86718
 0.8587900000000001
 0.8605
 0.8307
 0.85203
 0
 0
 0.44446
 0.98215
 0.97778
 0.94387
 0.9053099999999999
 0.8859
 0.90002
 0.92005
 0.92966
 0.9343
 0.80784
 0.85389
 0.91787
 0.95248
 0.84324
 0.8365
 0.87592
 0.89002
 0.89862
 0.90655
 0.91818
 0.88757
 0.92499
 0.86402
 0.89603
 0.85099
 0.85587
 0.86321
 0
 0
 0
 1
 1
 0.83333
 0.85714
 1
 0.88889
 1
 0.72727
 0.83333
 0.76923
 0.66667
 0.8
 1
 0.5
 1
 1
 1
 1
 1
 1
 1
 1
 1
 1
 1
 1
 1
 0
 0
 0.25004
 1.38889
 1.125
 1
 0.94881
 0.9589299999999999
 0.95536
 1.02381
 0.76591
 0.8896500000000001
 0.7512799999999999
 0.7598200000000001
 0.83247
 1.00897
 0.71935
 0.9029
 1.00469
 0.95745
 0.9569
 0.84375
 0.84659
 0.85714
 0.98577
 1.04167
 1.0625
 1.03152
 0.79959
 0.875
 0
 0
 0.36788
 0.95097
 0.90905
 0.98022
 0.93215
 0.91234
 0.91965
 0.84744
 0.80977
 0.81397
 0.7974
 0.82193
 0.8488599999999999
 0.89467
 0.83148
 0.84224
 0.91034
 0.89327
 0.88749
 0.89499
 0.92322
 0.93365
 0.87413
 0.88311
 0.87888
 0.88281
 0.86373
 0.88762
 0
 0
 0.44446
 0.8882100000000001
 0.91409
 0.93536
 0.92243
 0.89041
 0.87046
 0.90015
 0.85487
 0.8823299999999999
 0.80099
 0.85966
 0.89767
 0.93235
 0.86649
 0.8377599999999999
 0.88103
 0.90615
 0.90466
 0.90517
 0.9276
 0.89927
 0.9053
 0.86824
 0.8805500000000001
 0.84231
 0.84018
 0.86193
 0
 0
 1
 1
 1
 1
 1
 1
 1
 1
 1
 1
 1
 1
 1
 1
 1
 1
 1
 1
 1
 1
 1
 1
 1
 1
 1
 1
 1
 1
 0
 0
 0.25004
 1.42157
 0.96539
 1.22487
 1.10823
 0.8295400000000001
 0.93079
 0.93166
 0.9096
 0.91823
 0.7157
 0.7988499999999999
 0.86907
 1.01017
 0.86093
 0.77021
 0.8313700000000001
 0.8663
 0.8966499999999999
 0.95613
 1.07574
 0.92294
 0.86842
 1.08484
 1.03008
 0.8817199999999999
 0.748
 0.99988
 0
 0
 0.36788
 0.94972
 0.88006
 1.02388
 0.95179
 0.92705
 0.89768
 0.89345
 0.81171
 0.83339
 0.8902600000000001
 0.86417
 0.83387
 0.94202
 0.94252
 0.97966
 1.00897
 0.8784
 0.89838
 0.86992
 0.89129
 0.9942800000000001
 0.89967
 0.92118
 0.98637
 0.8924
 0.91739
 0.85114
 0
 0
 0
 0
 0
 0
 0
 0
 0
 0
 0
 0
 0
 0
 0
 0
 0
 0
 0
 0
 0
 0
 0
 0
 0
 0
 0
 0
 0
 0
 0
 0
 0
 0
 0
 0
 0
 0
 0
 0
 0
 0
 0
 0
 0
 0
 0
 0
 0
 0
 0
 0
 0
 0
 0
 0
 0
 0
 0
 0
 0
 0
 0
 0
 0
 0
 0
 0
 0
 0
 0
 0
 0
 0
 0
 0
 0
 0
 0
 0
 0
 0
 0
 0
 0
 0
 0
 0
 0
 0
 0
 0
 0
 0
 0
 0
 0
 0
 0
 0
 0
 0
 0
 0
 0
 0
 0
 0
 0
 0
 0
 0
 0
 0
 0
 0
 0
 0
 0
 0
 0
 0
 0
 0
 0
 0
 0
 0
 0
 0
 0
 0
 0
 0
 0
 0
 0
 0
 0
 0
 0
 0
 0
 0
 0
 0
 0
 0
 0
 0
 0
 0
 1
 1
 1
 1
 1
 1
 1
 1
 1
 1
 1
 1
 1
 1
 1
 1
 1
 1
 1
 1
 1
 1
 1
 1
 1
 1
 1
 1
 0
 0
 0
 0
 0
 0
 0
 0
 0
 0
 0
 0
 0
 0
 0
 0
 0
 0
 0
 0
 0
 0
 0
 0
 0
 0
 0
 0
 0
 0
 0
 0
 0
 0
 0
 0
 0
 0
 0
 0
 0
 0
 0
 0
 0
 0
 0
 0
 0
 0
 0
 0
 0
 0
 0
 0
 0
 0
 0
 0


# name: vars
# type: matrix
# ndims: 3
 1 30 19
 0
 0
 0.090367
 0.032876
 0.04278
 0.025352
 0.02825
 0.004928
 0.008782999999999999
 0.004711
 0.004011
 0.002706
 0.005917
 0.002131
 0.003248
 0.004657
 0.001783
 0.000673
 0.000453
 0.000444
 0.000441
 0.000402
 0.000473
 0.003968
 0.002743
 0.002298
 0.002156
 0.003341
 0.000963
 0.000333
 0
 0
 0.33333
 0
 0
 0.2
 0
 0.2
 0.3
 0.2
 0.175
 0.10556
 0.05
 0.03333
 0.03333
 0
 0.02917
 0.02431
 0.05
 0.04375
 0.01875
 0.032
 0.01875
 0.012
 0.032
 0.00756
 0.00967
 0.048
 0.05033
 0.03611
 0
 0
 0
 0
 0
 0
 0
 0
 0
 0
 0
 0
 0
 0
 0
 0
 0
 0
 0
 0
 0
 0
 0
 0
 0
 0
 0
 0
 0
 0
 0
 0
 0.18402
 0.00057
 0.0041
 0.02103
 0.02736
 0.03113
 0.02574
 0.01893
 0.0107
 0.01519
 0.0365
 0.03021
 0.01631
 0.00961
 0.03028
 0.02589
 0.02523
 0.01831
 0.01821
 0.01746
 0.01613
 0.02179
 0.01289
 0.02167
 0.01623
 0.0228
 0.0228
 0.02251
 0
 0
 0
 0
 0
 0
 0
 0
 0
 0
 0
 0
 0
 0
 0
 0
 0
 0
 0
 0
 0
 0
 0
 0
 0
 0
 0
 0
 0
 0
 0
 0
 0
 0
 0
 0
 0
 0
 0
 0
 0
 0
 0
 0
 0
 0
 0
 0
 0
 0
 0
 0
 0
 0
 0
 0
 0
 0
 0
 0
 0
 0
 0
 0
 0
 0
 0
 0
 0
 0
 0
 0
 0
 0
 0
 0
 0
 0
 0
 0
 0
 0
 0
 0
 0
 0
 0
 0
 0
 0
 0
 0
 0.18402
 0.02222
 0.0278
 0.01416
 0.02331
 0.01306
 0.02192
 0.0219
 0.02819
 0.02717
 0.03299
 0.02237
 0.02174
 0.01493
 0.02434
 0.02939
 0.0213
 0.01592
 0.01599
 0.01451
 0.01306
 0.01846
 0.01881
 0.02184
 0.01869
 0.0253
 0.02636
 0.02009
 0
 0
 0
 0
 0
 0
 0
 0
 0
 0
 0
 0
 0
 0
 0
 0
 0
 0
 0
 0
 0
 0
 0
 0
 0
 0
 0
 0
 0
 0
 0
 0
 0
 0
 0
 0
 0
 0
 0
 0
 0
 0
 0
 0
 0
 0
 0
 0
 0
 0
 0
 0
 0
 0
 0
 0
 0
 0
 0
 0
 0
 0
 0
 0
 0
 0
 0
 0
 0
 0
 0
 0
 0
 0
 0
 0
 0
 0
 0
 0
 0
 0
 0
 0
 0
 0
 0
 0
 0
 0
 0
 0
 0
 0
 0
 0
 0
 0
 0
 0
 0
 0
 0
 0
 0
 0
 0
 0
 0
 0
 0
 0
 0
 0
 0
 0
 0
 0
 0
 0
 0
 0
 0
 0
 0
 0
 0
 0
 0
 0
 0
 0
 0
 0
 0
 0
 0
 0
 0
 0
 0
 0
 0
 0
 0
 0
 0
 0
 0
 0
 0
 0
 0
 0
 0
 0
 0
 0
 0
 0
 0
 0
 0
 0
 0
 0
 0
 0
 0
 0
 0
 0
 0
 0
 0
 0
 0
 0
 0
 0
 0
 0
 0
 0
 0
 0
 0
 0
 0
 0
 0
 0
 0
 0
 0
 0
 0
 0
 0
 0
 0
 0
 0
 0
 0
 0
 0
 0
 0
 0
 0
 0
 0
 0
 0
 0
 0
 0
 0
 0
 0
 0
 0
 0
 0
 0
 0
 0
 0
 0
 0
 0
 0
 0
 0
 0
 0
 0
 0
 0
 0
 0
 0
 0
 0
 0
 0
 0
 0
 0
 0
 0
 0
 0
 0
 0
 0
 0
 0
 0
 0
 0
 0
 0
 0
 0
 0
 0
 0
 0
 0
 0
 0
 0
 0
 0
 0
 0
 0
 0
 0
 0
 0
 0
 0
 0
 0
 0
 0
 0
 0
 0
 0
 0
 0
 0
 0
 0
 0
 0
 0
 0
 0
 0
 0
 0
 0
 0
 0
 0
 0
 0
 0
 0
 0
 0
 0
 0
 0
 0
 0
 0
 0
 0
 0
 0
 0
 0
 0
 0


