# Created by Octave 4.0.0, Sat Nov 21 16:31:57 2015 W. Europe Standard Time <unknown@Florian-PC>
# name: mus
# type: matrix
# ndims: 3
 1 30 19
 0
 0
 0.80193
 0.67788
 0.6682900000000001
 0.69608
 0.9605900000000001
 0.96154
 0.97101
 0.965
 0.97129
 0.97059
 0.96154
 0.96939
 0.97949
 0.98558
 0.98039
 0.9798
 0.98086
 0.955
 0.9682500000000001
 0.96549
 0.97101
 0.97396
 0.9675
 0.97596
 0.97884
 0.97959
 0.97537
 0.96667
 0
 0
 0.66667
 1
 0.8
 0.5
 0.6
 0.6
 0.5
 0.6
 0.8
 0.83333
 0.8666700000000001
 0.8
 0.8
 0.73333
 0.66667
 0.75
 0.85
 0.75
 0.75
 0.77
 0.82
 0.84
 0.88
 0.84667
 0.85333
 0.86
 0.86
 0.9
 0
 0
 0.69184
 0.84201
 0.84982
 0.79667
 0.76612
 0.83797
 0.75221
 0.79856
 0.79386
 0.74907
 0.85964
 0.79587
 0.76262
 0.82696
 0.80933
 0.79711
 0.80718
 0.82299
 0.8267
 0.871
 0.84688
 0.88703
 0.86016
 0.89285
 0.86474
 0.89815
 0.88579
 0.92283
 0
 0
 0.91667
 0.98513
 0.94167
 0.76911
 0.71192
 0.79764
 0.67557
 0.75152
 0.86538
 0.8773
 0.89752
 0.88968
 0.86432
 0.90701
 0.84761
 0.86771
 0.85283
 0.82701
 0.8139
 0.86368
 0.88447
 0.88907
 0.9016
 0.91375
 0.92249
 0.9416
 0.9372200000000001
 0.9502
 0
 0
 1
 1
 0.8
 0.5
 0.57143
 1
 0.5555600000000001
 0.5
 0.90909
 0.75
 0.92308
 0.77778
 0.8
 1
 1
 1
 1
 1
 1
 1
 1
 1
 0
 1
 1
 1
 1
 1
 0
 0
 1.30006
 1.33333
 0.85
 0.65001
 0.5928600000000001
 0.94821
 0.5694399999999999
 0.6120100000000001
 0.96894
 0.80404
 0.94592
 0.80524
 0.79659
 1.01076
 0.97826
 0.98315
 0.92061
 0.85145
 0.87751
 0.65625
 1.06562
 0.86608
 0.71875
 0.79167
 1
 1
 0.875
 1
 0
 0
 0.36788
 0.9041
 0.84883
 0.8769400000000001
 0.7507200000000001
 0.7621599999999999
 0.77242
 0.76457
 0.76294
 0.83395
 0.82307
 0.8202700000000001
 0.8302
 0.88403
 0.85279
 0.87343
 0.8475
 0.8798
 0.82639
 0.89864
 0.8753
 0.86312
 0.90805
 0.90745
 0.89615
 0.91761
 0.9063099999999999
 0.92055
 0
 0
 0.91667
 0.90686
 0.88813
 0.79834
 0.67144
 0.791
 0.74659
 0.7591599999999999
 0.81316
 0.83062
 0.86921
 0.88457
 0.8559
 0.8719
 0.86678
 0.86408
 0.86691
 0.80975
 0.82148
 0.85564
 0.88407
 0.88775
 0.90542
 0.89439
 0.91412
 0.92059
 0.92055
 0.9407799999999999
 0
 0
 1
 1
 1
 1
 1
 1
 1
 1
 1
 1
 1
 1
 1
 1
 1
 1
 1
 1
 1
 1
 1
 1
 1
 1
 1
 1
 1
 1
 0
 0
 1.30006
 1.33333
 0.65462
 0.6820000000000001
 0.60714
 0.66434
 0.57919
 0.72123
 0.88122
 0.91129
 0.8730599999999999
 0.8437
 0.80723
 0.82024
 0.78583
 0.84011
 0.99535
 0.7484499999999999
 0.70283
 0.81203
 0.97099
 1.03198
 1.04501
 0.90917
 0.991
 1
 0.99986
 1
 0
 0
 0.36788
 0.9041
 0.85136
 0.92025
 0.75807
 0.77762
 0.81657
 0.8244899999999999
 0.77107
 0.88068
 0.79683
 0.83819
 0.78425
 0.77878
 0.92632
 0.9922
 0.86957
 0.96589
 0.82124
 0.94452
 0.848
 0.86515
 0.97632
 0.85903
 0.9275600000000001
 0.9127
 0.90581
 1.01499
 0
 0
 0
 0
 0
 0
 0
 0
 0
 0
 0
 0
 0
 0
 0
 0
 0
 0
 0
 0
 0
 0
 0
 0
 0
 0
 0
 0
 0
 0
 0
 0
 0
 0
 0
 0
 0
 0
 0
 0
 0
 0
 0
 0
 0
 0
 0
 0
 0
 0
 0
 0
 0
 0
 0
 0
 0
 0
 0
 0
 0
 0
 0
 0
 0
 0
 0
 0
 0
 0
 0
 0
 0
 0
 0
 0
 0
 0
 0
 0
 0
 0
 0
 0
 0
 0
 0
 0
 0
 0
 0
 0
 0
 0
 0
 0
 0
 0
 0
 0
 0
 0
 0
 0
 0
 0
 0
 0
 0
 0
 0
 0
 0
 0
 0
 0
 0
 0
 0
 0
 0
 0
 0
 0
 0
 0
 0
 0
 0
 0
 0
 0
 0
 0
 0
 0
 0
 0
 0
 0
 0
 0
 0
 0
 0
 0
 0
 0
 0
 0
 0
 0
 1
 1
 1
 1
 1
 1
 1
 1
 1
 1
 1
 1
 1
 1
 1
 1
 1
 1
 1
 1
 1
 1
 1
 1
 1
 1
 1
 1
 0
 0
 0
 0
 0
 0
 0
 0
 0
 0
 0
 0
 0
 0
 0
 0
 0
 0
 0
 0
 0
 0
 0
 0
 0
 0
 0
 0
 0
 0
 0
 0
 0
 0
 0
 0
 0
 0
 0
 0
 0
 0
 0
 0
 0
 0
 0
 0
 0
 0
 0
 0
 0
 0
 0
 0
 0
 0
 0
 0


# name: vars
# type: matrix
# ndims: 3
 1 30 19
 0
 0
 0.043526
 0.059648
 0.04522
 0.037829
 0.00568
 0.004712
 0.002489
 0.0045
 0.001885
 0.002553
 0.003156
 0.002915
 0.001026
 0.000751
 0.000839
 0.002637
 0.000705
 0.001917
 0.001701
 0.002369
 0.00189
 0.000961
 0.001593
 0.001664
 0.000849
 0.000364
 0.000283
 0.002667
 0
 0
 0.33333
 0
 0.2
 0.25
 0.175
 0.175
 0.125
 0.05
 0.075
 0.05556
 0.08889
 0.08889
 0.08889
 0.13333
 0.22222
 0.125
 0.05
 0.0625
 0.09375
 0.052
 0.042
 0.028
 0.032
 0.02756
 0.02089
 0.00633
 0.00633
 0.008330000000000001
 0
 0
 0
 0
 0
 0
 0
 0
 0
 0
 0
 0
 0
 0
 0
 0
 0
 0
 0
 0
 0
 0
 0
 0
 0
 0
 0
 0
 0
 0
 0
 0
 0.062494
 0.000519
 0.0217
 0.043186
 0.06643
 0.045822
 0.070495
 0.059583
 0.026065
 0.025564
 0.022131
 0.023171
 0.025749
 0.018614
 0.027676
 0.024491
 0.025163
 0.026282
 0.029463
 0.024271
 0.019784
 0.019627
 0.017185
 0.013574
 0.013816
 0.009310000000000001
 0.009887
 0.01046
 0
 0
 0
 0
 0
 0
 0
 0
 0
 0
 0
 0
 0
 0
 0
 0
 0
 0
 0
 0
 0
 0
 0
 0
 0
 0
 0
 0
 0
 0
 0
 0
 0
 0
 0
 0
 0
 0
 0
 0
 0
 0
 0
 0
 0
 0
 0
 0
 0
 0
 0
 0
 0
 0
 0
 0
 0
 0
 0
 0
 0
 0
 0
 0
 0
 0
 0
 0
 0
 0
 0
 0
 0
 0
 0
 0
 0
 0
 0
 0
 0
 0
 0
 0
 0
 0
 0
 0
 0
 0
 0
 0
 0.062494
 0.020357
 0.031374
 0.031673
 0.033007
 0.033343
 0.035177
 0.026603
 0.026093
 0.024759
 0.024273
 0.022563
 0.03095
 0.033481
 0.024746
 0.025081
 0.026545
 0.029548
 0.02764
 0.024327
 0.019521
 0.020979
 0.014101
 0.017323
 0.0138
 0.013027
 0.012695
 0.011723
 0
 0
 0
 0
 0
 0
 0
 0
 0
 0
 0
 0
 0
 0
 0
 0
 0
 0
 0
 0
 0
 0
 0
 0
 0
 0
 0
 0
 0
 0
 0
 0
 0
 0
 0
 0
 0
 0
 0
 0
 0
 0
 0
 0
 0
 0
 0
 0
 0
 0
 0
 0
 0
 0
 0
 0
 0
 0
 0
 0
 0
 0
 0
 0
 0
 0
 0
 0
 0
 0
 0
 0
 0
 0
 0
 0
 0
 0
 0
 0
 0
 0
 0
 0
 0
 0
 0
 0
 0
 0
 0
 0
 0
 0
 0
 0
 0
 0
 0
 0
 0
 0
 0
 0
 0
 0
 0
 0
 0
 0
 0
 0
 0
 0
 0
 0
 0
 0
 0
 0
 0
 0
 0
 0
 0
 0
 0
 0
 0
 0
 0
 0
 0
 0
 0
 0
 0
 0
 0
 0
 0
 0
 0
 0
 0
 0
 0
 0
 0
 0
 0
 0
 0
 0
 0
 0
 0
 0
 0
 0
 0
 0
 0
 0
 0
 0
 0
 0
 0
 0
 0
 0
 0
 0
 0
 0
 0
 0
 0
 0
 0
 0
 0
 0
 0
 0
 0
 0
 0
 0
 0
 0
 0
 0
 0
 0
 0
 0
 0
 0
 0
 0
 0
 0
 0
 0
 0
 0
 0
 0
 0
 0
 0
 0
 0
 0
 0
 0
 0
 0
 0
 0
 0
 0
 0
 0
 0
 0
 0
 0
 0
 0
 0
 0
 0
 0
 0
 0
 0
 0
 0
 0
 0
 0
 0
 0
 0
 0
 0
 0
 0
 0
 0
 0
 0
 0
 0
 0
 0
 0
 0
 0
 0
 0
 0
 0
 0
 0
 0
 0
 0
 0
 0
 0
 0
 0
 0
 0
 0
 0
 0
 0
 0
 0
 0
 0
 0
 0
 0
 0
 0
 0
 0
 0
 0
 0
 0
 0
 0
 0
 0
 0
 0
 0
 0
 0
 0
 0
 0
 0
 0
 0
 0
 0
 0
 0
 0
 0
 0
 0
 0
 0
 0
 0
 0
 0
 0
 0
 0
 0


