# Created by Octave 4.0.0, Sat Nov 21 16:31:30 2015 W. Europe Standard Time <unknown@Florian-PC>
# name: mus
# type: matrix
# ndims: 3
 1 30 19
 0
 0
 0.91304
 0.32692
 0.70244
 0.55392
 0.77833
 0.91827
 0.94203
 0.925
 0.88517
 0.92647
 0.94712
 0.9438800000000001
 0.94872
 0.95192
 0.95098
 0.9494899999999999
 0.9521500000000001
 0.96
 0.96296
 0.96465
 0.8905
 0.91667
 0.92
 0.92308
 0.91534
 0.91327
 0.92118
 0.91111
 0
 0
 0.33333
 1
 0.4
 0.8
 0.7
 0.9
 0.9
 1
 1
 1
 1
 1
 1
 1
 1
 1
 1
 1
 1
 1
 0.92
 0.92
 0.92
 0.92
 0.92
 0.93333
 0.93333
 0.93333
 0
 0
 0.6173999999999999
 0.88276
 0.77056
 0.7454
 0.80299
 0.84956
 0.8386
 0.9015
 0.93381
 0.92415
 0.9180700000000001
 0.95653
 0.94684
 0.9629799999999999
 0.96451
 0.98047
 0.9684199999999999
 0.94369
 0.9654199999999999
 0.94531
 0.93323
 0.9330000000000001
 0.95457
 0.9537
 0.95052
 0.96165
 0.96154
 0.96809
 0
 0
 0.74755
 0.87644
 0.63928
 0.68406
 0.75922
 0.7319
 0.7569399999999999
 0.8430800000000001
 0.8758899999999999
 0.89378
 0.89118
 0.92034
 0.92237
 0.926
 0.93221
 0.9369499999999999
 0.93791
 0.9388300000000001
 0.9409999999999999
 0.94415
 0.89423
 0.8974299999999999
 0.91313
 0.9174
 0.92048
 0.91982
 0.9263400000000001
 0.92719
 0
 0
 0.66667
 1
 0.6
 1
 0.85714
 1
 0.88889
 0.7
 1
 1
 1
 1
 1
 1
 1
 1
 1
 1
 1
 1
 1
 1
 1
 1
 1
 1
 1
 1
 0
 0
 0.78225
 0.81306
 0.67271
 0.68481
 0.68821
 0.81643
 0.78351
 0.82655
 0.94675
 0.8476
 0.97385
 0.97824
 0.9859599999999999
 0.9218499999999999
 0.90659
 0.91669
 0.93592
 0.91073
 0.9557099999999999
 0.95046
 0.87781
 0.90459
 0.98717
 0.87827
 0.89407
 0.90832
 0.90727
 0.93465
 0
 0
 0.36788
 0.74918
 0.72655
 0.81592
 0.81401
 0.7877
 0.82443
 0.8845499999999999
 0.86328
 0.88515
 0.8889
 0.91037
 0.88371
 0.92077
 0.923
 0.92704
 0.9410500000000001
 0.92131
 0.9352
 0.92101
 0.88187
 0.88731
 0.92902
 0.92181
 0.94291
 0.92576
 0.96972
 0.91943
 0
 0
 0.7462800000000001
 0.87243
 0.63872
 0.63665
 0.71933
 0.71178
 0.76852
 0.83365
 0.86786
 0.91006
 0.9192
 0.92804
 0.94213
 0.9464399999999999
 0.94817
 0.9565
 0.95156
 0.94907
 0.95687
 0.9541500000000001
 0.9065
 0.9112
 0.9263
 0.92648
 0.93204
 0.9341699999999999
 0.93259
 0.93466
 0
 0
 0.9993300000000001
 1
 1
 1
 1
 1
 1
 1
 1
 1
 0.99813
 0.98629
 0.98323
 0.96839
 0.97262
 0.96719
 0.9667
 0.9633
 0.96783
 0.95894
 0.96082
 0.96062
 0.95631
 0.95167
 0.95409
 0.95594
 0.95312
 0.93984
 0
 0
 0.737
 0.54332
 0.72107
 0.6759500000000001
 0.66059
 0.86752
 0.76276
 0.78421
 0.85406
 0.9896
 0.99047
 0.9916700000000001
 0.92487
 0.93835
 0.98953
 0.96912
 0.95253
 0.94192
 0.97597
 0.9829599999999999
 0.90554
 0.9077499999999999
 0.9353
 0.93658
 0.9247300000000001
 0.93126
 0.9327
 0.9321700000000001
 0
 0
 0.36788
 0.72653
 0.73985
 0.80846
 0.82903
 0.79287
 0.80697
 0.78437
 0.83251
 0.82099
 0.86656
 0.87019
 0.89209
 0.87285
 0.88445
 0.90386
 0.94193
 0.91573
 0.9296
 0.92893
 0.94089
 0.9423
 0.94491
 0.93676
 0.93466
 0.93641
 0.97007
 0.94469
 0
 0
 0
 0
 0
 0
 0
 0
 0
 0
 0
 0
 0
 0
 0
 0
 0
 0
 0
 0
 0
 0
 0
 0
 0
 0
 0
 0
 0
 0
 0
 0
 0
 0
 0
 0
 0
 0
 0
 0
 0
 0
 0
 0
 0
 0
 0
 0
 0
 0
 0
 0
 0
 0
 0
 0
 0
 0
 0
 0
 0
 0
 0
 0
 0
 0
 0
 0
 0
 0
 0
 0
 0
 0
 0
 0
 0
 0
 0
 0
 0
 0
 0
 0
 0
 0
 0
 0
 0
 0
 0
 0
 0
 0
 0
 0
 0
 0
 0
 0
 0
 0
 0
 0
 0
 0
 0
 0
 0
 0
 0
 0
 0
 0
 0
 0
 0
 0
 0
 0
 0
 0
 0
 0
 0
 0
 0
 0
 0
 0
 0
 0
 0
 0
 0
 0
 0
 0
 0
 0
 0
 0
 0
 0
 0
 0
 0
 0
 0
 0
 0
 0
 0.99999
 1
 1
 1
 1
 1
 0.99627
 1
 1
 0.99831
 0.99593
 0.98106
 0.98159
 0.97378
 0.97268
 0.96798
 0.96874
 0.96943
 0.96206
 0.9534
 0.96049
 0.9630300000000001
 0.95545
 0.94284
 0.95125
 0.96192
 0.95009
 0.94362
 0
 0
 0
 0
 0
 0
 0
 0
 0
 0
 0
 0
 0
 0
 0
 0
 0
 0
 0
 0
 0
 0
 0
 0
 0
 0
 0
 0
 0
 0
 0
 0
 0
 0
 0
 0
 0
 0
 0
 0
 0
 0
 0
 0
 0
 0
 0
 0
 0
 0
 0
 0
 0
 0
 0
 0
 0
 0
 0
 0


# name: vars
# type: matrix
# ndims: 3
 1 30 19
 0
 0
 0.031543
 0.050339
 0.036244
 0.039934
 0.027094
 0.012428
 0.006588
 0.006184
 0.049442
 0.006842
 0.002934
 0.00642
 0.001595
 0.002704
 0.001783
 0.004602
 0.00413
 0.001
 0.001008
 0.000918
 0.009615
 0.002976
 0.0032
 0.004227
 0.002156
 0.00164
 0.002265
 0.00163
 0
 0
 0.33333
 0
 0.3
 0.2
 0.2
 0.05
 0.05
 0
 0
 0
 0
 0
 0
 0
 0
 0
 0
 0
 0
 0
 0.012
 0.012
 0.012
 0.012
 0.012
 0.008330000000000001
 0.008330000000000001
 0.008330000000000001
 0
 0
 0
 0
 0
 0
 0
 0
 0
 0
 0
 0
 0
 0
 0
 0
 0
 0
 0
 0
 0
 0
 0
 0
 0
 0
 0
 0
 0
 0
 0
 0
 0.13928
 0.03849
 0.04851
 0.03154
 0.01917
 0.018
 0.01642
 0.00958
 0.00677
 0.00504
 0.00475
 0.00389
 0.00341
 0.00259
 0.0026
 0.0019
 0.0019
 0.00191
 0.00179
 0.00148
 0.00171
 0.0015
 0.00158
 0.00135
 0.00128
 0.00117
 0.00107
 0.00098
 0
 0
 6.0014e-006
 3.7724e-012
 2.7023e-015
 4.5611e-020
 3.2362e-023
 9.7825e-034
 2.8632e-030
 3.3555e-029
 4.5585e-016
 1.2465e-029
 3.503e-028
 0.00027954
 2.9846e-005
 1.6353e-005
 0.00049095
 5.5454e-005
 8.5239e-005
 1.1328e-009
 3.5204e-005
 4.6194e-005
 2.1763e-008
 0.00018089
 0.00013823
 2.4505e-013
 7.848399999999999e-010
 1.3216e-007
 2.6119e-005
 6.5042e-006
 0
 0
 0
 0
 0
 0
 0
 0
 0
 0
 0
 0
 0
 0
 0
 0
 0
 0
 0
 0
 0
 0
 0
 0
 0
 0
 0
 0
 0
 0
 0
 0
 0
 0
 0
 0
 0
 0
 0
 0
 0
 0
 0
 0
 0
 0
 0
 0
 0
 0
 0
 0
 0
 0
 0
 0
 0
 0
 0
 0
 0
 0
 0.13855
 0.0438
 0.05532
 0.03556
 0.02857
 0.02964
 0.01926
 0.01749
 0.01243
 0.00661
 0.0062
 0.00684
 0.00482
 0.00339
 0.00303
 0.00217
 0.0024
 0.00275
 0.00152
 0.00328
 0.0021
 0.00149
 0.00155
 0.00111
 0.00129
 0.0009300000000000001
 0.00122
 0.00337
 0
 0
 1e-006
 0
 0
 0
 0
 0
 0
 0
 0
 0
 0.000292
 0.002762
 0.003247
 0.007849999999999999
 0.005151
 0.007317
 0.008621
 0.008702
 0.006666
 0.009065
 0.009535999999999999
 0.007667
 0.009379
 0.010542
 0.009164
 0.008701
 0.009546000000000001
 0.015999
 0
 0
 0
 0
 0
 0
 0
 0
 0
 0
 0
 0
 0
 0
 0
 0
 0
 0
 0
 0
 0
 0
 0
 0
 0
 0
 0
 0
 0
 0
 0
 0
 0
 0
 0
 0
 0
 0
 0
 0
 0
 0
 0
 0
 0
 0
 0
 0
 0
 0
 0
 0
 0
 0
 0
 0
 0
 0
 0
 0
 0
 0
 0
 0
 0
 0
 0
 0
 0
 0
 0
 0
 0
 0
 0
 0
 0
 0
 0
 0
 0
 0
 0
 0
 0
 0
 0
 0
 0
 0
 0
 0
 0
 0
 0
 0
 0
 0
 0
 0
 0
 0
 0
 0
 0
 0
 0
 0
 0
 0
 0
 0
 0
 0
 0
 0
 0
 0
 0
 0
 0
 0
 0
 0
 0
 0
 0
 0
 0
 0
 0
 0
 0
 0
 0
 0
 0
 0
 0
 0
 0
 0
 0
 0
 0
 0
 0
 0
 0
 0
 0
 0
 0
 0
 0
 0
 0
 0
 0
 0
 0
 0
 0
 0
 0
 0
 0
 0
 0
 0
 0
 0
 0
 0
 0
 0
 0
 0
 0
 0
 0
 0
 0
 0
 0
 0
 0
 0
 0
 0
 0
 0
 0
 0
 0
 0
 0
 0
 0
 0
 0
 0
 0
 0
 0
 0
 0
 0
 0
 0
 0
 0
 0
 0
 0
 0
 0
 0
 0.001125
 0
 0
 0.000412
 0.000519
 0.005765
 0.004274
 0.005513
 0.007048
 0.007616
 0.006774
 0.006862
 0.008947
 0.012968
 0.008836
 0.009034
 0.009698
 0.013233
 0.010022
 0.008081
 0.01069
 0.012535
 0
 0
 0
 0
 0
 0
 0
 0
 0
 0
 0
 0
 0
 0
 0
 0
 0
 0
 0
 0
 0
 0
 0
 0
 0
 0
 0
 0
 0
 0
 0
 0
 0
 0
 0
 0
 0
 0
 0
 0
 0
 0
 0
 0
 0
 0
 0
 0
 0
 0
 0
 0
 0
 0
 0
 0
 0
 0
 0
 0


