# Created by Octave 4.0.0, Sat Nov 21 16:31:36 2015 W. Europe Standard Time <unknown@Florian-PC>
# name: mus
# type: matrix
# ndims: 3
 1 30 19
 0
 0
 0.66184
 0.98558
 0.81463
 0.82353
 0.85714
 0.86538
 0.86473
 0.88
 0.92823
 0.89216
 0.91346
 0.90816
 0.90769
 0.91346
 0.91667
 0.91414
 0.9378
 0.9350000000000001
 0.97354
 0.97475
 0.97585
 0.97396
 0.98
 0.98077
 0.9841299999999999
 0.98469
 0.98522
 0.98333
 0
 0
 1
 0.5
 0.8
 1
 1
 0.8
 1
 1
 1
 1
 1
 1
 1
 1
 1
 1
 1
 1
 0.95
 0.9
 0.92
 0.92
 0.92
 1
 0.93333
 0.92
 0.93333
 0.93333
 0
 0
 1
 0.7214
 0.8812
 0.79149
 0.87469
 0.90447
 0.96404
 0.94907
 0.96776
 0.95626
 0.96313
 0.97109
 0.95878
 0.96558
 0.9631999999999999
 0.97265
 0.97202
 0.97216
 0.96408
 0.9665
 0.98538
 0.97329
 0.97472
 0.9775700000000001
 0.98032
 0.98834
 0.9791299999999999
 0.98127
 0
 0
 1
 0.53901
 0.7914099999999999
 0.86547
 0.886
 0.93192
 0.96236
 0.96676
 0.96563
 0.96682
 0.9739
 0.97083
 0.97383
 0.97549
 0.97719
 0.97763
 0.97908
 0.97958
 0.96387
 0.97027
 0.97615
 0.97751
 0.97805
 0.97572
 0.9772
 0.97845
 0.97565
 0.97481
 0
 0
 1
 0.75
 0.8
 1
 1
 1
 1
 1
 1
 1
 1
 1
 1
 1
 1
 1
 1
 1
 1
 1
 1
 1
 1
 1
 1
 1
 1
 1
 0
 0
 1
 0.78102
 0.85054
 0.87897
 0.88924
 0.95488
 0.98515
 0.9841299999999999
 0.98147
 0.9909
 0.99338
 0.99356
 0.9936
 0.9881799999999999
 0.99224
 0.99305
 0.973
 0.99773
 0.97344
 0.9661
 0.99653
 0.94409
 0.9937
 0.9557099999999999
 0.955
 0.95274
 0.9796899999999999
 0.99731
 0
 0
 1
 0.7789700000000001
 0.8218
 0.76891
 0.77378
 0.8418
 0.93084
 0.91179
 0.87312
 0.92846
 0.93201
 0.94838
 0.94364
 0.9567600000000001
 0.96099
 0.95308
 0.96975
 0.9789099999999999
 0.96915
 0.96194
 0.96813
 0.94531
 0.97825
 0.97149
 0.90454
 0.98119
 0.93606
 0.98062
 0
 0
 1
 0.5351
 0.73813
 0.78982
 0.77604
 0.82737
 0.89899
 0.91643
 0.90121
 0.9059199999999999
 0.89301
 0.91814
 0.89601
 0.9009200000000001
 0.88939
 0.91518
 0.92749
 0.91953
 0.91461
 0.91073
 0.91821
 0.9043600000000001
 0.89832
 0.90991
 0.90885
 0.91095
 0.93061
 0.92478
 0
 0
 0.92579
 0.9085800000000001
 0.92919
 0.93226
 0.91839
 0.91573
 0.91138
 0.91147
 0.93332
 0.91645
 0.9303900000000001
 0.92887
 0.91436
 0.90864
 0.92034
 0.90227
 0.90599
 0.90448
 0.90737
 0.90892
 0.91212
 0.90457
 0.89469
 0.9036999999999999
 0.89641
 0.90232
 0.91396
 0.9009
 0
 0
 1
 0.75317
 0.87521
 0.7272999999999999
 0.76207
 0.91562
 0.84631
 0.99257
 0.98411
 0.89918
 0.98008
 0.97477
 0.97562
 0.97094
 0.95098
 0.95234
 0.95655
 0.57291
 0.95786
 0.99009
 0.9926199999999999
 0.9897
 0.99021
 0.99048
 0.99165
 0.98968
 0.99166
 0.99008
 0
 0
 1
 0.77521
 0.80601
 0.78221
 0.76516
 0.82472
 0.91339
 0.81295
 0.84102
 0.93438
 0.83503
 0.86956
 0.81193
 0.88579
 0.8915
 0.9064
 0.91914
 0.92189
 0.91509
 0.9115799999999999
 0.86525
 0.94534
 0.92266
 0.98946
 0.98609
 0.93932
 0.97846
 0.94845
 0
 0
 0
 0
 0
 0
 0
 0
 0
 0
 0
 0
 0
 0
 0
 0
 0
 0
 0
 0
 0
 0
 0
 0
 0
 0
 0
 0
 0
 0
 0
 0
 0
 0
 0
 0
 0
 0
 0
 0
 0
 0
 0
 0
 0
 0
 0
 0
 0
 0
 0
 0
 0
 0
 0
 0
 0
 0
 0
 0
 0
 0
 0
 0
 0
 0
 0
 0
 0
 0
 0
 0
 0
 0
 0
 0
 0
 0
 0
 0
 0
 0
 0
 0
 0
 0
 0
 0
 0
 0
 0
 0
 0
 0
 0
 0
 0
 0
 0
 0
 0
 0
 0
 0
 0
 0
 0
 0
 0
 0
 0
 0
 0
 0
 0
 0
 0
 0
 0
 0
 0
 0
 0
 0
 0
 0
 0
 0
 0
 0
 0
 0
 0
 0
 0
 0
 0
 0
 0
 0
 0
 0
 0
 0
 0
 0
 0
 0
 0
 0
 0
 0
 0.93893
 0.92682
 0.93154
 0.92475
 0.92444
 0.92772
 0.92494
 0.92201
 0.93133
 0.92622
 0.92221
 0.92392
 0.92998
 0.90824
 0.90547
 0.90995
 0.92167
 0.91642
 0.90801
 0.90843
 0.89179
 0.91482
 0.89328
 0.90424
 0.90522
 0.90654
 0.90522
 0.90306
 0
 0
 0
 0
 0
 0
 0
 0
 0
 0
 0
 0
 0
 0
 0
 0
 0
 0
 0
 0
 0
 0
 0
 0
 0
 0
 0
 0
 0
 0
 0
 0
 0
 0
 0
 0
 0
 0
 0
 0
 0
 0
 0
 0
 0
 0
 0
 0
 0
 0
 0
 0
 0
 0
 0
 0
 0
 0
 0
 0


# name: vars
# type: matrix
# ndims: 3
 1 30 19
 0
 0
 0.06697
 0.003464
 0.04878
 0.018419
 0.020408
 0.014904
 0.013419
 0.009053
 0.00696
 0.013685
 0.003057
 0.006616
 0.007066
 0.004257
 0.004063
 0.003928
 0.004885
 0.004472
 0.001197
 0.00109
 0.000998
 0.001457
 0.000457
 0.000845
 0.000849
 0.00079
 0.00034
 0.001667
 0
 0
 0
 0.33333
 0.2
 0
 0
 0.2
 0
 0
 0
 0
 0
 0
 0
 0
 0
 0
 0
 0
 0.0125
 0.05
 0.032
 0.032
 0.032
 0
 0.02222
 0.032
 0.02222
 0.02222
 0
 0
 0
 0
 0
 0
 0
 0
 0
 0
 0
 0
 0
 0
 0
 0
 0
 0
 0
 0
 0
 0
 0
 0
 0
 0
 0
 0
 0
 0
 0
 0
 0
 0.16684
 0.07853
 0.0189
 0.01469
 0.00482
 0.00219
 0.00358
 0.00205
 0.00245
 0.00108
 0.00335
 0.00096
 0.00215
 0.00163
 0.00098
 0.00176
 0.00142
 0.0013
 0.00208
 0.0024
 0.00058
 0.00124
 0.00229
 0.00133
 0.00059
 0.00187
 0.00153
 0
 0
 0.00047
 0.010442
 0.009387
 0.011776
 0.008999
 0.011296
 0.010727
 0.014361
 0.013528
 0.013268
 0.011398
 0.011426
 0.012672
 0.012149
 0.011755
 0.0139
 0.011295
 0.011979
 0.012874
 0.011674
 0.010798
 0.012202
 0.012465
 0.012393
 0.014065
 0.013494
 0.012367
 0.01257
 0
 0
 0
 0
 0
 0
 0
 0
 0
 0
 0
 0
 0
 0
 0
 0
 0
 0
 0
 0
 0
 0
 0
 0
 0
 0
 0
 0
 0
 0
 0
 0
 0
 0
 0
 0
 0
 0
 0
 0
 0
 0
 0
 0
 0
 0
 0
 0
 0
 0
 0
 0
 0
 0
 0
 0
 0
 0
 0
 0
 0
 0
 0
 0.14325
 0.07858
 0.03208
 0.04368
 0.02138
 0.02384
 0.01485
 0.01587
 0.01559
 0.0202
 0.01442
 0.01935
 0.02102
 0.02221
 0.01494
 0.0122
 0.01617
 0.0129
 0.0141
 0.01332
 0.01682
 0.01752
 0.01562
 0.01703
 0.01535
 0.00906
 0.0115
 0
 0
 0.007951
 0.016925
 0.009932
 0.00916
 0.014092
 0.011555
 0.013646
 0.014109
 0.010726
 0.012603
 0.00974
 0.010418
 0.012265
 0.013183
 0.011233
 0.013686
 0.013128
 0.013351
 0.01215
 0.012486
 0.011272
 0.013214
 0.013699
 0.013625
 0.014306
 0.012355
 0.009727
 0.013357
 0
 0
 0
 0
 0
 0
 0
 0
 0
 0
 0
 0
 0
 0
 0
 0
 0
 0
 0
 0
 0
 0
 0
 0
 0
 0
 0
 0
 0
 0
 0
 0
 0
 0
 0
 0
 0
 0
 0
 0
 0
 0
 0
 0
 0
 0
 0
 0
 0
 0
 0
 0
 0
 0
 0
 0
 0
 0
 0
 0
 0
 0
 0
 0
 0
 0
 0
 0
 0
 0
 0
 0
 0
 0
 0
 0
 0
 0
 0
 0
 0
 0
 0
 0
 0
 0
 0
 0
 0
 0
 0
 0
 0
 0
 0
 0
 0
 0
 0
 0
 0
 0
 0
 0
 0
 0
 0
 0
 0
 0
 0
 0
 0
 0
 0
 0
 0
 0
 0
 0
 0
 0
 0
 0
 0
 0
 0
 0
 0
 0
 0
 0
 0
 0
 0
 0
 0
 0
 0
 0
 0
 0
 0
 0
 0
 0
 0
 0
 0
 0
 0
 0
 0
 0
 0
 0
 0
 0
 0
 0
 0
 0
 0
 0
 0
 0
 0
 0
 0
 0
 0
 0
 0
 0
 0
 0
 0
 0
 0
 0
 0
 0
 0
 0
 0
 0
 0
 0
 0
 0
 0
 0
 0
 0
 0
 0
 0
 0
 0
 0
 0
 0
 0
 0
 0
 0
 0
 0
 0
 0
 0
 0
 0.009499
 0.011611
 0.010803
 0.013006
 0.013236
 0.011306
 0.011703
 0.010431
 0.011078
 0.01282
 0.012737
 0.011066
 0.009693
 0.013976
 0.013435
 0.012689
 0.011322
 0.010907
 0.01356
 0.012258
 0.015105
 0.011726
 0.014203
 0.011115
 0.012496
 0.012108
 0.013827
 0.013994
 0
 0
 0
 0
 0
 0
 0
 0
 0
 0
 0
 0
 0
 0
 0
 0
 0
 0
 0
 0
 0
 0
 0
 0
 0
 0
 0
 0
 0
 0
 0
 0
 0
 0
 0
 0
 0
 0
 0
 0
 0
 0
 0
 0
 0
 0
 0
 0
 0
 0
 0
 0
 0
 0
 0
 0
 0
 0
 0
 0


