# Created by Octave 4.0.0, Sat Nov 21 16:31:50 2015 W. Europe Standard Time <unknown@Florian-PC>
# name: mus
# type: matrix
# ndims: 3
 1 30 19
 0
 0
 0.79227
 0.875
 0.92195
 0.96569
 0.97537
 0.97596
 0.98068
 0.965
 0.96651
 0.95588
 0.95192
 0.94898
 0.9846200000000001
 0.98077
 0.98039
 0.96212
 0.98086
 0.98
 0.98942
 0.98569
 0.99034
 0.98958
 0.995
 0.99519
 0.99471
 0.9949
 0.99507
 0.99444
 0
 0
 0.66667
 1
 0.6
 0.9
 0.6
 0.7
 0.8
 0.8
 0.8
 0.9
 0.8
 0.8666700000000001
 0.73333
 0.66667
 0.76667
 0.8
 0.78333
 0.8
 0.77
 0.77
 0.78
 0.78
 0.84
 0.85333
 0.86
 0.88667
 0.82
 0.8666700000000001
 0
 0
 0.71721
 0.84085
 0.70974
 0.74522
 0.77539
 0.80126
 0.83405
 0.77408
 0.76939
 0.82052
 0.8087
 0.8184900000000001
 0.82395
 0.81098
 0.81333
 0.80384
 0.79135
 0.78296
 0.80343
 0.81495
 0.82885
 0.83774
 0.86691
 0.88309
 0.85573
 0.87253
 0.8966499999999999
 0.91077
 0
 0
 0.60853
 0.915
 0.55824
 0.70628
 0.66003
 0.70573
 0.76844
 0.76958
 0.69598
 0.73775
 0.73047
 0.76632
 0.69981
 0.72265
 0.75405
 0.71088
 0.72561
 0.73866
 0.73154
 0.74232
 0.75135
 0.76006
 0.7723100000000001
 0.78167
 0.78989
 0.80232
 0.8089499999999999
 0.81801
 0
 0
 0.66667
 1
 0.4
 0.66667
 0.57143
 0.625
 0.66667
 0.8
 0.81818
 0.91667
 1
 1
 0.8
 1
 0
 1
 1
 1
 1
 1
 1
 1
 1
 1
 1
 1
 1
 1
 0
 0
 0.66951
 0.50291
 0.71166
 0.73532
 0.7099
 0.71817
 0.70621
 0.7818000000000001
 0.73282
 0.77382
 0.75075
 0.8265400000000001
 0.6956599999999999
 0.8207
 0.68061
 0.68988
 0.73676
 0.79953
 0.76205
 0.70235
 0.7039
 0.74266
 0.72573
 0.77966
 0.77881
 0.77581
 0.90633
 0.78835
 0
 0
 0.36788
 0.7576000000000001
 0.75082
 0.73572
 0.78126
 0.77486
 0.80132
 0.8203
 0.76884
 0.81599
 0.79488
 0.79515
 0.76951
 0.80084
 0.8150500000000001
 0.79498
 0.80258
 0.80529
 0.8124400000000001
 0.84802
 0.79482
 0.83718
 0.79527
 0.8456
 0.83435
 0.82977
 0.87112
 0.84957
 0
 0
 0.60997
 0.89007
 0.57348
 0.7185
 0.71334
 0.74771
 0.7847499999999999
 0.7635
 0.67294
 0.72324
 0.70327
 0.75681
 0.70436
 0.72611
 0.7647699999999999
 0.71885
 0.74264
 0.76002
 0.76168
 0.7729200000000001
 0.7815299999999999
 0.79704
 0.80191
 0.80501
 0.81218
 0.8307099999999999
 0.84312
 0.84529
 0
 0
 0.99944
 1
 1
 1
 1
 1
 1
 1
 1
 0.99942
 0.99522
 0.98949
 0.97614
 0.9730799999999999
 0.9737
 0.96794
 0.97621
 0.96905
 0.96293
 0.96175
 0.9533
 0.95169
 0.95495
 0.95383
 0.95087
 0.93636
 0.95394
 0.94459
 0
 0
 0.70765
 0.47948
 0.7512
 0.7659
 0.72803
 0.73369
 0.81751
 0.78315
 0.6690700000000001
 0.7149799999999999
 0.7753
 0.74352
 0.6843399999999999
 0.71375
 0.73946
 0.7181
 0.71344
 0.87041
 0.7396200000000001
 0.74696
 0.79236
 0.7706
 0.83671
 0.79952
 0.79774
 0.81897
 0.83253
 0.83133
 0
 0
 0.36788
 0.76979
 0.79117
 0.75054
 0.75131
 0.7679
 0.77884
 0.79471
 0.74612
 0.78009
 0.77316
 0.7732
 0.7730900000000001
 0.7927
 0.80526
 0.76752
 0.7698199999999999
 0.79391
 0.77884
 0.77906
 0.78241
 0.799
 0.81309
 0.81328
 0.80925
 0.82906
 0.8365899999999999
 0.82912
 0
 0
 0
 0
 0
 0
 0
 0
 0
 0
 0
 0
 0
 0
 0
 0
 0
 0
 0
 0
 0
 0
 0
 0
 0
 0
 0
 0
 0
 0
 0
 0
 0
 0
 0
 0
 0
 0
 0
 0
 0
 0
 0
 0
 0
 0
 0
 0
 0
 0
 0
 0
 0
 0
 0
 0
 0
 0
 0
 0
 0
 0
 0
 0
 0
 0
 0
 0
 0
 0
 0
 0
 0
 0
 0
 0
 0
 0
 0
 0
 0
 0
 0
 0
 0
 0
 0
 0
 0
 0
 0
 0
 0
 0
 0
 0
 0
 0
 0
 0
 0
 0
 0
 0
 0
 0
 0
 0
 0
 0
 0
 0
 0
 0
 0
 0
 0
 0
 0
 0
 0
 0
 0
 0
 0
 0
 0
 0
 0
 0
 0
 0
 0
 0
 0
 0
 0
 0
 0
 0
 0
 0
 0
 0
 0
 0
 0
 0
 0
 0
 0
 0
 0.99999
 1
 1
 1
 1
 1
 1
 1
 1
 0.99841
 0.99744
 0.98103
 0.98129
 0.96878
 0.97131
 0.97188
 0.9724
 0.96426
 0.96406
 0.96267
 0.96329
 0.95445
 0.95728
 0.95804
 0.9558
 0.95158
 0.95647
 0.95258
 0
 0
 0
 0
 0
 0
 0
 0
 0
 0
 0
 0
 0
 0
 0
 0
 0
 0
 0
 0
 0
 0
 0
 0
 0
 0
 0
 0
 0
 0
 0
 0
 0
 0
 0
 0
 0
 0
 0
 0
 0
 0
 0
 0
 0
 0
 0
 0
 0
 0
 0
 0
 0
 0
 0
 0
 0
 0
 0
 0


