# Created by Octave 4.0.0, Sat Nov 21 16:31:47 2015 W. Europe Standard Time <unknown@Florian-PC>
# name: mus
# type: matrix
# ndims: 3
 1 30 19
 0
 0
 0.92271
 0.83654
 0.83902
 0.96569
 0.92118
 0.92308
 0.89855
 0.925
 0.93301
 0.92157
 0.91106
 0.92857
 0.92821
 0.94231
 0.93301
 0.92677
 0.9521500000000001
 0.93
 0.94709
 0.9899
 0.98068
 0.97396
 0.985
 0.98077
 0.98942
 1
 1
 1
 0
 0
 0.33333
 1
 0.8
 0.6
 0.6
 0.6
 0.3
 0.5
 0.53333
 0.5
 0.76667
 0.93333
 0.8
 0.81667
 0.78333
 0.71667
 0.68333
 0.75
 0.72
 0.58
 0.65
 0.67
 0.68
 0.69333
 0.70667
 0.70667
 0.8
 0.7
 0
 0
 0.38302
 0.81843
 0.84735
 0.64686
 0.66931
 0.74294
 0.61778
 0.43788
 0.49783
 0.6919
 0.7159
 0.64647
 0.70757
 0.72377
 0.71812
 0.67723
 0.71169
 0.70316
 0.71665
 0.69435
 0.70448
 0.71868
 0.74953
 0.70723
 0.7363
 0.72357
 0.70269
 0.7720900000000001
 0
 0
 0.47224
 0.9791800000000001
 0.79334
 0.6934900000000001
 0.67287
 0.70033
 0.61021
 0.62413
 0.7317399999999999
 0.70352
 0.79754
 0.76472
 0.78033
 0.79051
 0.79455
 0.78746
 0.74752
 0.71091
 0.74799
 0.71094
 0.71387
 0.73467
 0.76078
 0.80976
 0.77924
 0.70285
 0.72906
 0.73227
 0
 0
 0.66667
 1
 1
 0.5
 0.85714
 0.75
 0.66667
 0.6
 0.81818
 0.91667
 0.69231
 0.44444
 0.4
 1
 0.5
 1
 0
 1
 1
 0
 1
 1
 1
 1
 1
 0
 1
 1
 0
 0
 1
 1.19048
 1.125
 0.5708299999999999
 0.78333
 0.66786
 0.65179
 0.60397
 0.80941
 0.87463
 0.7546
 0.62538
 0.64592
 0.96798
 0.63245
 0.98024
 0.5255
 0.81251
 0.79403
 0.53473
 0.75907
 0.80545
 0.7795299999999999
 0.78688
 0.71548
 0.47917
 0.6210599999999999
 0.79708
 0
 0
 0.57859
 0.5078
 0.82935
 0.83145
 0.86657
 0.70591
 0.68516
 0.66145
 0.68471
 0.6879999999999999
 0.77871
 0.78915
 0.71754
 0.78795
 0.7565
 0.67619
 0.7440099999999999
 0.728
 0.79901
 0.72259
 0.7356
 0.74536
 0.75961
 0.78281
 0.79458
 0.77239
 0.74624
 0.79708
 0
 0
 0.47224
 0.86958
 0.79303
 0.7703
 0.80897
 0.7020999999999999
 0.58161
 0.6227
 0.69542
 0.72651
 0.70796
 0.75647
 0.78212
 0.8184399999999999
 0.77802
 0.76519
 0.73606
 0.73143
 0.75169
 0.71335
 0.71082
 0.73629
 0.75486
 0.76523
 0.76913
 0.71106
 0.73385
 0.71948
 0
 0
 1
 1
 1
 1
 1
 1
 1
 1
 1
 1
 1
 1
 1
 1
 1
 1
 1
 1
 1
 1
 1
 1
 1
 1
 1
 1
 1
 1
 0
 0
 1
 1.0965
 1.13308
 0.7057
 0.70287
 0.5966399999999999
 0.47674
 0.59616
 0.78395
 0.63513
 0.80367
 0.70889
 0.76004
 0.84715
 0.6964900000000001
 0.69964
 0.6598000000000001
 0.69337
 0.70851
 0.58694
 0.73809
 0.65471
 0.74439
 0.66659
 0.73869
 0.30432
 0.7326
 0.74814
 0
 0
 0.57859
 0.5078
 0.7614
 0.84419
 0.92779
 0.71895
 0.70488
 0.6831700000000001
 0.71757
 0.85303
 0.64578
 0.89059
 0.7285
 0.7621599999999999
 0.78246
 0.73055
 0.79515
 0.72407
 0.82631
 0.83933
 0.86992
 0.83619
 0.76797
 0.81497
 0.76792
 0.75324
 0.75985
 0.83579
 0
 0
 0
 0
 0
 0
 0
 0
 0
 0
 0
 0
 0
 0
 0
 0
 0
 0
 0
 0
 0
 0
 0
 0
 0
 0
 0
 0
 0
 0
 0
 0
 0
 0
 0
 0
 0
 0
 0
 0
 0
 0
 0
 0
 0
 0
 0
 0
 0
 0
 0
 0
 0
 0
 0
 0
 0
 0
 0
 0
 0
 0
 0
 0
 0
 0
 0
 0
 0
 0
 0
 0
 0
 0
 0
 0
 0
 0
 0
 0
 0
 0
 0
 0
 0
 0
 0
 0
 0
 0
 0
 0
 0
 0
 0
 0
 0
 0
 0
 0
 0
 0
 0
 0
 0
 0
 0
 0
 0
 0
 0
 0
 0
 0
 0
 0
 0
 0
 0
 0
 0
 0
 0
 0
 0
 0
 0
 0
 0
 0
 0
 0
 0
 0
 0
 0
 0
 0
 0
 0
 0
 0
 0
 0
 0
 0
 0
 0
 0
 0
 0
 0
 1
 1
 1
 1
 1
 1
 1
 1
 1
 1
 1
 1
 1
 1
 1
 1
 1
 1
 1
 1
 1
 1
 1
 1
 1
 1
 1
 1
 0
 0
 0
 0
 0
 0
 0
 0
 0
 0
 0
 0
 0
 0
 0
 0
 0
 0
 0
 0
 0
 0
 0
 0
 0
 0
 0
 0
 0
 0
 0
 0
 0
 0
 0
 0
 0
 0
 0
 0
 0
 0
 0
 0
 0
 0
 0
 0
 0
 0
 0
 0
 0
 0
 0
 0
 0
 0
 0
 0


# name: vars
# type: matrix
# ndims: 3
 1 30 19
 0
 0
 0.023349
 0.034031
 0.022439
 0.006363
 0.015432
 0.010096
 0.014493
 0.008288999999999999
 0.005365
 0.009957000000000001
 0.016907
 0.008633999999999999
 0.004786
 0.003556
 0.010238
 0.001894
 0.003022
 0.004
 0.00252
 0.000402
 0.000525
 0.000961
 0.000429
 0.000423
 0.000327
 0
 0
 0
 0
 0
 0.33333
 0
 0.2
 0.3
 0.3
 0.175
 0.2
 0.25
 0.13056
 0.13889
 0.05
 0.02222
 0.03333
 0.02917
 0.04722
 0.03333
 0.01181
 0.0625
 0.03575
 0.057
 0.0775
 0.0295
 0.052
 0.05022
 0.02189
 0.01411
 0.01944
 0.00556
 0
 0
 0
 0
 0
 0
 0
 0
 0
 0
 0
 0
 0
 0
 0
 0
 0
 0
 0
 0
 0
 0
 0
 0
 0
 0
 0
 0
 0
 0
 0
 0
 0.16318
 0.00059
 0.09606000000000001
 0.06372
 0.06648999999999999
 0.06340999999999999
 0.06933
 0.05512
 0.04979
 0.04572
 0.04452
 0.03764
 0.03966
 0.0347
 0.04123
 0.03978
 0.03496
 0.0409
 0.03614
 0.04229
 0.03803
 0.03415
 0.03656
 0.02604
 0.03299
 0.03989
 0.0349
 0.03471
 0
 0
 0
 0
 0
 0
 0
 0
 0
 0
 0
 0
 0
 0
 0
 0
 0
 0
 0
 0
 0
 0
 0
 0
 0
 0
 0
 0
 0
 0
 0
 0
 0
 0
 0
 0
 0
 0
 0
 0
 0
 0
 0
 0
 0
 0
 0
 0
 0
 0
 0
 0
 0
 0
 0
 0
 0
 0
 0
 0
 0
 0
 0
 0
 0
 0
 0
 0
 0
 0
 0
 0
 0
 0
 0
 0
 0
 0
 0
 0
 0
 0
 0
 0
 0
 0
 0
 0
 0
 0
 0
 0
 0.16318
 0.02333
 0.06375
 0.04042
 0.04017
 0.04319
 0.03932
 0.04302
 0.049
 0.04548
 0.04521
 0.04343
 0.025
 0.02775
 0.03238
 0.03224
 0.03494
 0.0327
 0.03693
 0.04494
 0.04177
 0.03518
 0.03551
 0.03315
 0.03473
 0.03715
 0.03572
 0.03463
 0
 0
 0
 0
 0
 0
 0
 0
 0
 0
 0
 0
 0
 0
 0
 0
 0
 0
 0
 0
 0
 0
 0
 0
 0
 0
 0
 0
 0
 0
 0
 0
 0
 0
 0
 0
 0
 0
 0
 0
 0
 0
 0
 0
 0
 0
 0
 0
 0
 0
 0
 0
 0
 0
 0
 0
 0
 0
 0
 0
 0
 0
 0
 0
 0
 0
 0
 0
 0
 0
 0
 0
 0
 0
 0
 0
 0
 0
 0
 0
 0
 0
 0
 0
 0
 0
 0
 0
 0
 0
 0
 0
 0
 0
 0
 0
 0
 0
 0
 0
 0
 0
 0
 0
 0
 0
 0
 0
 0
 0
 0
 0
 0
 0
 0
 0
 0
 0
 0
 0
 0
 0
 0
 0
 0
 0
 0
 0
 0
 0
 0
 0
 0
 0
 0
 0
 0
 0
 0
 0
 0
 0
 0
 0
 0
 0
 0
 0
 0
 0
 0
 0
 0
 0
 0
 0
 0
 0
 0
 0
 0
 0
 0
 0
 0
 0
 0
 0
 0
 0
 0
 0
 0
 0
 0
 0
 0
 0
 0
 0
 0
 0
 0
 0
 0
 0
 0
 0
 0
 0
 0
 0
 0
 0
 0
 0
 0
 0
 0
 0
 0
 0
 0
 0
 0
 0
 0
 0
 0
 0
 0
 0
 0
 0
 0
 0
 0
 0
 0
 0
 0
 0
 0
 0
 0
 0
 0
 0
 0
 0
 0
 0
 0
 0
 0
 0
 0
 0
 0
 0
 0
 0
 0
 0
 0
 0
 0
 0
 0
 0
 0
 0
 0
 0
 0
 0
 0
 0
 0
 0
 0
 0
 0
 0
 0
 0
 0
 0
 0
 0
 0
 0
 0
 0
 0
 0
 0
 0
 0
 0
 0
 0
 0
 0
 0
 0
 0
 0
 0
 0
 0
 0
 0
 0
 0
 0
 0
 0
 0
 0
 0
 0
 0
 0
 0
 0
 0
 0
 0
 0
 0
 0
 0
 0
 0
 0
 0
 0
 0
 0
 0
 0
 0
 0
 0
 0
 0
 0
 0
 0


