# Created by Octave 4.0.0, Sat Nov 21 16:31:51 2015 W. Europe Standard Time <unknown@Florian-PC>
# name: mus
# type: matrix
# ndims: 3
 1 30 19
 0
 0
 0.66667
 0.72115
 0.90244
 0.90196
 0.91626
 0.9375
 0.91787
 0.95
 0.9521500000000001
 0.96569
 0.95192
 0.97449
 0.95897
 0.97115
 0.96569
 0.9697
 0.93301
 0.92
 0.9206299999999999
 0.90993
 0.8905
 0.92014
 0.925
 0.92788
 0.9206299999999999
 0.91327
 0.95074
 0.95
 0
 0
 0.66667
 0.75
 0.4
 0.5
 0.6
 0.8
 0.9
 0.9
 0.9
 0.9
 0.93333
 0.93333
 0.93333
 0.93333
 0.93333
 0.95
 0.9
 0.9
 0.95
 0.95
 0.96
 1
 0.96
 0.96
 0.96667
 0.96
 0.96667
 0.96667
 0
 0
 0.56238
 0.85165
 0.67749
 0.75242
 0.68394
 0.78234
 0.7835299999999999
 0.82101
 0.80135
 0.8504
 0.88047
 0.90884
 0.8619599999999999
 0.92471
 0.94791
 0.90145
 0.93965
 0.94672
 0.93162
 0.94294
 0.94338
 0.96631
 0.94979
 0.95811
 0.9694199999999999
 0.95801
 0.9629799999999999
 0.96665
 0
 0
 0.63585
 0.66772
 0.54939
 0.52721
 0.57575
 0.67254
 0.71726
 0.76169
 0.78484
 0.7825800000000001
 0.81337
 0.82616
 0.82922
 0.84062
 0.85265
 0.85997
 0.8420800000000001
 0.86437
 0.8686
 0.88088
 0.88225
 0.892
 0.8994799999999999
 0.89724
 0.91091
 0.91003
 0.90252
 0.9011400000000001
 0
 0
 0.33333
 1
 0.2
 0.33333
 0.57143
 0.375
 1
 0.8
 0.90909
 0.91667
 1
 0.77778
 1
 1
 1
 1
 1
 1
 1
 1
 1
 1
 1
 0
 1
 1
 1
 1
 0
 0
 0.41666
 0.78427
 0.44995
 0.60399
 0.54676
 0.63428
 0.75702
 0.86527
 0.72165
 0.77598
 0.8954
 0.91733
 0.82492
 0.80624
 0.77382
 0.8225
 0.94087
 0.83212
 0.96351
 0.82197
 0.82869
 0.87095
 0.90795
 0.8597399999999999
 0.9852300000000001
 0.91187
 0.8674500000000001
 0.93349
 0
 0
 0.57859
 0.74768
 0.7491100000000001
 0.75095
 0.73465
 0.75554
 0.77058
 0.78725
 0.81793
 0.83979
 0.85461
 0.82169
 0.81172
 0.85195
 0.84118
 0.83723
 0.81917
 0.87535
 0.87161
 0.89491
 0.84684
 0.9641999999999999
 0.85517
 0.86113
 0.92855
 0.83384
 0.9847900000000001
 0.95622
 0
 0
 0.6373
 0.64137
 0.52383
 0.60231
 0.61812
 0.72462
 0.7110300000000001
 0.74751
 0.77306
 0.75123
 0.799
 0.8112
 0.82402
 0.85561
 0.8464
 0.8696700000000001
 0.85724
 0.88176
 0.8926500000000001
 0.8993100000000001
 0.90742
 0.91636
 0.92302
 0.92472
 0.92755
 0.93401
 0.9177999999999999
 0.91986
 0
 0
 0.99991
 1
 1
 1
 1
 1
 1
 1
 1
 0.9986699999999999
 0.99814
 0.9795700000000001
 0.98388
 0.97726
 0.96671
 0.96345
 0.96959
 0.969
 0.9592000000000001
 0.96657
 0.97616
 0.9549800000000001
 0.95372
 0.9550999999999999
 0.95341
 0.94715
 0.95387
 0.95118
 0
 0
 0.41666
 0.80409
 0.53961
 0.62676
 0.55091
 0.64597
 0.81176
 0.7331
 0.8026799999999999
 0.76407
 0.79728
 0.81228
 0.83389
 0.9208499999999999
 0.8336
 0.84296
 0.83405
 0.97776
 0.93956
 0.9837
 0.89742
 0.90412
 0.91165
 0.91881
 0.96719
 0.92508
 0.91554
 0.91643
 0
 0
 0.57859
 0.74435
 0.83528
 0.78699
 0.73738
 0.75331
 0.75123
 0.8428
 0.76624
 0.7819
 0.79303
 0.7968499999999999
 0.89085
 0.83022
 0.89689
 0.88239
 0.80836
 0.89025
 0.8409799999999999
 0.86246
 0.92483
 0.89279
 0.89512
 0.90396
 0.8716
 0.88248
 0.89824
 0.89357
 0
 0
 0
 0
 0
 0
 0
 0
 0
 0
 0
 0
 0
 0
 0
 0
 0
 0
 0
 0
 0
 0
 0
 0
 0
 0
 0
 0
 0
 0
 0
 0
 0
 0
 0
 0
 0
 0
 0
 0
 0
 0
 0
 0
 0
 0
 0
 0
 0
 0
 0
 0
 0
 0
 0
 0
 0
 0
 0
 0
 0
 0
 0
 0
 0
 0
 0
 0
 0
 0
 0
 0
 0
 0
 0
 0
 0
 0
 0
 0
 0
 0
 0
 0
 0
 0
 0
 0
 0
 0
 0
 0
 0
 0
 0
 0
 0
 0
 0
 0
 0
 0
 0
 0
 0
 0
 0
 0
 0
 0
 0
 0
 0
 0
 0
 0
 0
 0
 0
 0
 0
 0
 0
 0
 0
 0
 0
 0
 0
 0
 0
 0
 0
 0
 0
 0
 0
 0
 0
 0
 0
 0
 0
 0
 0
 0
 0
 0
 0
 0
 0
 0
 0.99996
 1
 1
 1
 0.99947
 1
 1
 1
 0.9999400000000001
 0.99875
 0.99297
 0.99021
 0.9778
 0.98117
 0.96516
 0.95764
 0.9698
 0.9706
 0.96755
 0.9583
 0.97023
 0.96544
 0.95628
 0.95375
 0.95263
 0.95512
 0.94513
 0.9482
 0
 0
 0
 0
 0
 0
 0
 0
 0
 0
 0
 0
 0
 0
 0
 0
 0
 0
 0
 0
 0
 0
 0
 0
 0
 0
 0
 0
 0
 0
 0
 0
 0
 0
 0
 0
 0
 0
 0
 0
 0
 0
 0
 0
 0
 0
 0
 0
 0
 0
 0
 0
 0
 0
 0
 0
 0
 0
 0
 0


