# Created by Octave 4.0.0, Sat Nov 21 16:31:58 2015 W. Europe Standard Time <unknown@Florian-PC>
# name: mus
# type: matrix
# ndims: 3
 1 30 19
 0
 0
 0.52657
 0.77885
 0.7122000000000001
 0.70588
 0.49754
 0.79808
 0.7971
 0.84
 0.82775
 0.94118
 0.90865
 0.88776
 0.85128
 0.82692
 0.88235
 0.87626
 0.80383
 0.86
 0.84127
 0.90909
 0.94203
 0.94097
 0.945
 0.9375
 0.9266799999999999
 0.9387799999999999
 0.9254
 0.92778
 0
 0
 0.66667
 1
 0.8
 0.7
 0.9
 0.9
 0.8
 1
 0.93333
 0.73333
 0.83333
 0.76667
 0.8
 0.81667
 0.8833299999999999
 0.81667
 0.85
 0.8
 0.9
 0.87
 0.74
 0.75
 0.76
 0.8
 0.85333
 0.89333
 0.89333
 0.93333
 0
 0
 0.6754
 0.82516
 0.86029
 0.86831
 0.80649
 0.75242
 0.78112
 0.8283
 0.88306
 0.79703
 0.84501
 0.82505
 0.83943
 0.86678
 0.82465
 0.85609
 0.8859399999999999
 0.82625
 0.86053
 0.83758
 0.80057
 0.80259
 0.84357
 0.85344
 0.86226
 0.87532
 0.88573
 0.89066
 0
 0
 0.75001
 0.98215
 0.81251
 0.9658600000000001
 0.8428099999999999
 0.71709
 0.79871
 0.85512
 0.95221
 0.82655
 0.84473
 0.85593
 0.87091
 0.89682
 0.8722
 0.88437
 0.89876
 0.8521300000000001
 0.90028
 0.85405
 0.76109
 0.8038999999999999
 0.82065
 0.85321
 0.86335
 0.86338
 0.87397
 0.87928
 0
 0
 0
 1
 0.6
 1
 0.71429
 0.375
 0.88889
 0.9
 1
 0.83333
 0.76923
 0.88889
 1
 0.66667
 1
 1
 1
 1
 1
 1
 1
 1
 1
 1
 1
 1
 1
 1
 0
 0
 0
 1.2381
 0.75
 0.98333
 0.72381
 0.59226
 0.91567
 0.97421
 1.05189
 0.8351
 0.78974
 0.8706199999999999
 0.99948
 0.78504
 1.00243
 1.00641
 1.01182
 0.95253
 0.96121
 1.00201
 0.96296
 0.66072
 0.81181
 0.78688
 1.0625
 1.03152
 1
 0.875
 0
 0
 0.78929
 0.86494
 0.84499
 0.87748
 0.79755
 0.81126
 0.77347
 0.8646
 0.81307
 0.8498599999999999
 0.90002
 0.8394
 0.8502999999999999
 0.88103
 0.8521
 0.9325
 0.85451
 0.8327
 0.89973
 0.83906
 0.86311
 0.84066
 0.87193
 0.87773
 0.91244
 0.89253
 0.91605
 0.90576
 0
 0
 0.75001
 0.88819
 0.80548
 0.95633
 0.81019
 0.76246
 0.79721
 0.83469
 0.86508
 0.83966
 0.87269
 0.88036
 0.90534
 0.91051
 0.87042
 0.89995
 0.90804
 0.8597900000000001
 0.90864
 0.84367
 0.7710900000000001
 0.78569
 0.8221000000000001
 0.85751
 0.87188
 0.86857
 0.86832
 0.86988
 0
 0
 1
 1
 1
 1
 1
 1
 1
 1
 1
 1
 1
 1
 1
 1
 1
 1
 1
 1
 1
 1
 1
 1
 1
 1
 1
 1
 1
 1
 0
 0
 0
 1.17545
 0.82462
 0.84491
 0.72381
 0.67941
 0.79299
 0.87779
 0.96822
 0.87134
 0.79556
 0.82694
 0.84756
 0.82828
 0.97422
 1.01435
 0.88665
 0.95128
 0.82665
 0.7901
 0.747
 0.81897
 0.7472
 0.66659
 1.03008
 0.8817199999999999
 0.99229
 0.871
 0
 0
 0.78929
 0.86494
 0.8536
 0.87398
 0.76297
 0.89074
 0.7972399999999999
 0.86395
 0.86512
 0.78266
 0.78394
 0.82575
 0.92822
 0.85397
 0.94249
 0.84334
 0.856
 0.88305
 0.8396400000000001
 0.86017
 0.97375
 0.88344
 0.93762
 0.9853
 0.9861799999999999
 0.8964299999999999
 0.92372
 0.97275
 0
 0
 0
 0
 0
 0
 0
 0
 0
 0
 0
 0
 0
 0
 0
 0
 0
 0
 0
 0
 0
 0
 0
 0
 0
 0
 0
 0
 0
 0
 0
 0
 0
 0
 0
 0
 0
 0
 0
 0
 0
 0
 0
 0
 0
 0
 0
 0
 0
 0
 0
 0
 0
 0
 0
 0
 0
 0
 0
 0
 0
 0
 0
 0
 0
 0
 0
 0
 0
 0
 0
 0
 0
 0
 0
 0
 0
 0
 0
 0
 0
 0
 0
 0
 0
 0
 0
 0
 0
 0
 0
 0
 0
 0
 0
 0
 0
 0
 0
 0
 0
 0
 0
 0
 0
 0
 0
 0
 0
 0
 0
 0
 0
 0
 0
 0
 0
 0
 0
 0
 0
 0
 0
 0
 0
 0
 0
 0
 0
 0
 0
 0
 0
 0
 0
 0
 0
 0
 0
 0
 0
 0
 0
 0
 0
 0
 0
 0
 0
 0
 0
 0
 1
 1
 1
 1
 1
 1
 1
 1
 1
 1
 1
 1
 1
 1
 1
 1
 1
 1
 1
 1
 1
 1
 1
 1
 1
 1
 1
 1
 0
 0
 0
 0
 0
 0
 0
 0
 0
 0
 0
 0
 0
 0
 0
 0
 0
 0
 0
 0
 0
 0
 0
 0
 0
 0
 0
 0
 0
 0
 0
 0
 0
 0
 0
 0
 0
 0
 0
 0
 0
 0
 0
 0
 0
 0
 0
 0
 0
 0
 0
 0
 0
 0
 0
 0
 0
 0
 0
 0


# name: vars
# type: matrix
# ndims: 3
 1 30 19
 0
 0
 0.08629299999999999
 0.040818
 0.046098
 0.040503
 0.027144
 0.025096
 0.02879
 0.014105
 0.010004
 0.004136
 0.006484
 0.008410000000000001
 0.014929
 0.017678
 0.009436999999999999
 0.003914
 0.07539700000000001
 0.004333
 0.003968
 0.004132
 0.002363
 0.001419
 0.003629
 0.002932
 0.00216
 0.001579
 0.001864
 0.002852
 0
 0
 0.33333
 0
 0.2
 0.2
 0.05
 0.05
 0.075
 0
 0.02222
 0.18889
 0.05556
 0.05
 0.03333
 0.02917
 0.02639
 0.08472
 0.01875
 0.04375
 0.01875
 0.0145
 0.00675
 0.0075
 0.028
 0.04
 0.02089
 0.00967
 0.02356
 0.02222
 0
 0
 0
 0
 0
 0
 0
 0
 0
 0
 0
 0
 0
 0
 0
 0
 0
 0
 0
 0
 0
 0
 0
 0
 0
 0
 0
 0
 0
 0
 0
 0
 0.14061
 0.00057
 0.08076
 0.00898
 0.03877
 0.05087
 0.04824
 0.03669
 0.008710000000000001
 0.03222
 0.02536
 0.02776
 0.02587
 0.02286
 0.02523
 0.0228
 0.02009
 0.02617
 0.01832
 0.02456
 0.03402
 0.02697
 0.02795
 0.02489
 0.02102
 0.02563
 0.02149
 0.02065
 0
 0
 0
 0
 0
 0
 0
 0
 0
 0
 0
 0
 0
 0
 0
 0
 0
 0
 0
 0
 0
 0
 0
 0
 0
 0
 0
 0
 0
 0
 0
 0
 0
 0
 0
 0
 0
 0
 0
 0
 0
 0
 0
 0
 0
 0
 0
 0
 0
 0
 0
 0
 0
 0
 0
 0
 0
 0
 0
 0
 0
 0
 0
 0
 0
 0
 0
 0
 0
 0
 0
 0
 0
 0
 0
 0
 0
 0
 0
 0
 0
 0
 0
 0
 0
 0
 0
 0
 0
 0
 0
 0
 0.14061
 0.02223
 0.06761
 0.00739
 0.03653
 0.02825
 0.02434
 0.02569
 0.02598
 0.02672
 0.02508
 0.02156
 0.02018
 0.01915
 0.02694
 0.01975
 0.01499
 0.03108
 0.01479
 0.02477
 0.02792
 0.02758
 0.0274
 0.02492
 0.0222
 0.02288
 0.0235
 0.0189
 0
 0
 0
 0
 0
 0
 0
 0
 0
 0
 0
 0
 0
 0
 0
 0
 0
 0
 0
 0
 0
 0
 0
 0
 0
 0
 0
 0
 0
 0
 0
 0
 0
 0
 0
 0
 0
 0
 0
 0
 0
 0
 0
 0
 0
 0
 0
 0
 0
 0
 0
 0
 0
 0
 0
 0
 0
 0
 0
 0
 0
 0
 0
 0
 0
 0
 0
 0
 0
 0
 0
 0
 0
 0
 0
 0
 0
 0
 0
 0
 0
 0
 0
 0
 0
 0
 0
 0
 0
 0
 0
 0
 0
 0
 0
 0
 0
 0
 0
 0
 0
 0
 0
 0
 0
 0
 0
 0
 0
 0
 0
 0
 0
 0
 0
 0
 0
 0
 0
 0
 0
 0
 0
 0
 0
 0
 0
 0
 0
 0
 0
 0
 0
 0
 0
 0
 0
 0
 0
 0
 0
 0
 0
 0
 0
 0
 0
 0
 0
 0
 0
 0
 0
 0
 0
 0
 0
 0
 0
 0
 0
 0
 0
 0
 0
 0
 0
 0
 0
 0
 0
 0
 0
 0
 0
 0
 0
 0
 0
 0
 0
 0
 0
 0
 0
 0
 0
 0
 0
 0
 0
 0
 0
 0
 0
 0
 0
 0
 0
 0
 0
 0
 0
 0
 0
 0
 0
 0
 0
 0
 0
 0
 0
 0
 0
 0
 0
 0
 0
 0
 0
 0
 0
 0
 0
 0
 0
 0
 0
 0
 0
 0
 0
 0
 0
 0
 0
 0
 0
 0
 0
 0
 0
 0
 0
 0
 0
 0
 0
 0
 0
 0
 0
 0
 0
 0
 0
 0
 0
 0
 0
 0
 0
 0
 0
 0
 0
 0
 0
 0
 0
 0
 0
 0
 0
 0
 0
 0
 0
 0
 0
 0
 0
 0
 0
 0
 0
 0
 0
 0
 0
 0
 0
 0
 0
 0
 0
 0
 0
 0
 0
 0
 0
 0
 0
 0
 0
 0
 0
 0
 0
 0
 0
 0
 0
 0
 0
 0
 0
 0
 0
 0
 0
 0
 0
 0
 0
 0
 0
 0


