# Created by Octave 4.0.0, Sat Nov 21 16:31:41 2015 W. Europe Standard Time <unknown@Florian-PC>
# name: mus
# type: matrix
# ndims: 3
 1 30 19
 0
 0
 0.66184
 0.66346
 0.65854
 0.65686
 0.94581
 0.88462
 0.76812
 0.755
 0.94258
 0.92157
 0.94712
 0.92857
 0.92821
 0.92308
 0.83007
 0.89899
 0.90909
 0.905
 0.91534
 0.91498
 0.87279
 0.93924
 0.9425
 0.95192
 0.95767
 0.95408
 0.97044
 0.96111
 0
 0
 1
 1
 1
 1
 0.7
 0.9
 0.9
 0.9
 0.53333
 0.6333299999999999
 0.7
 0.76667
 0.66667
 0.65
 0.56667
 0.7
 0.66667
 0.55
 0.53
 0.6899999999999999
 0.64
 0.63
 0.64
 0.68667
 0.69333
 0.62
 0.59333
 0.73333
 0
 0
 1
 1
 1
 1
 0.83982
 0.84761
 0.87421
 0.88137
 0.76638
 0.67741
 0.74465
 0.7585
 0.72421
 0.7788
 0.70748
 0.72585
 0.70412
 0.71715
 0.69908
 0.70621
 0.71753
 0.69277
 0.67359
 0.69885
 0.67793
 0.70036
 0.68321
 0.72131
 0
 0
 1
 1
 1
 1
 0.80274
 0.80089
 0.7541099999999999
 0.76497
 0.6475
 0.64714
 0.68909
 0.70481
 0.6749000000000001
 0.6893899999999999
 0.65143
 0.64576
 0.66987
 0.67757
 0.6511400000000001
 0.65978
 0.67388
 0.64328
 0.64652
 0.65541
 0.65467
 0.67142
 0.66574
 0.67289
 0
 0
 1
 1
 1
 1
 0.85714
 1
 0.77778
 0.8
 0.72727
 0.41667
 0.76923
 0.88889
 0.8
 0.66667
 1
 1
 1
 0
 0
 0
 1
 1
 1
 1
 0
 1
 1
 1
 0
 0
 1
 1
 1
 1
 0.75629
 0.77743
 0.72778
 0.73922
 0.6532
 0.6186700000000001
 0.68521
 0.78782
 0.63846
 0.6727300000000001
 0.64029
 0.69325
 0.68428
 0.61307
 0.63154
 0.61042
 0.76852
 0.66789
 0.63527
 0.68931
 0.64821
 0.65098
 0.70873
 0.65813
 0
 0
 1
 1
 1
 1
 0.79525
 0.79454
 0.85272
 0.7789
 0.7761400000000001
 0.76691
 0.7821900000000001
 0.73121
 0.76983
 0.7398400000000001
 0.7037
 0.72618
 0.7017
 0.7329599999999999
 0.70443
 0.72948
 0.71638
 0.7209100000000001
 0.7176
 0.7135
 0.68837
 0.7180299999999999
 0.73407
 0.68085
 0
 0
 1
 1
 1
 1
 0.71471
 0.74053
 0.72865
 0.76183
 0.69925
 0.68291
 0.69126
 0.6852200000000001
 0.66149
 0.70389
 0.67101
 0.67113
 0.68845
 0.70434
 0.6705
 0.68995
 0.7075900000000001
 0.65678
 0.65809
 0.66842
 0.6753400000000001
 0.68345
 0.67089
 0.69207
 0
 0
 0.99052
 1
 1
 1
 1
 1
 1
 1
 0.99914
 0.9988899999999999
 0.99533
 0.98192
 0.9849
 0.98165
 0.97322
 0.9741300000000001
 0.97005
 0.96621
 0.96045
 0.95566
 0.9617
 0.96267
 0.96257
 0.95417
 0.95417
 0.95026
 0.9518
 0.94803
 0
 0
 1
 1
 1
 1
 0.74078
 0.76246
 0.88304
 0.88121
 0.66704
 0.66288
 0.65627
 0.71374
 0.66209
 0.70631
 0.65833
 0.67135
 0.74518
 0.67933
 0.65334
 0.66182
 0.68266
 0.64583
 0.70828
 0.74075
 0.6637999999999999
 0.75525
 0.68921
 0.76176
 0
 0
 1
 1
 1
 1
 0.79091
 0.79656
 0.86422
 0.77987
 0.82716
 0.75387
 0.7813600000000001
 0.71651
 0.71928
 0.70438
 0.70347
 0.71732
 0.70568
 0.72016
 0.6976599999999999
 0.7194
 0.723
 0.70555
 0.6941000000000001
 0.72622
 0.703
 0.67535
 0.7221
 0.7089299999999999
 0
 0
 0
 0
 0
 0
 0
 0
 0
 0
 0
 0
 0
 0
 0
 0
 0
 0
 0
 0
 0
 0
 0
 0
 0
 0
 0
 0
 0
 0
 0
 0
 0
 0
 0
 0
 0
 0
 0
 0
 0
 0
 0
 0
 0
 0
 0
 0
 0
 0
 0
 0
 0
 0
 0
 0
 0
 0
 0
 0
 0
 0
 0
 0
 0
 0
 0
 0
 0
 0
 0
 0
 0
 0
 0
 0
 0
 0
 0
 0
 0
 0
 0
 0
 0
 0
 0
 0
 0
 0
 0
 0
 0
 0
 0
 0
 0
 0
 0
 0
 0
 0
 0
 0
 0
 0
 0
 0
 0
 0
 0
 0
 0
 0
 0
 0
 0
 0
 0
 0
 0
 0
 0
 0
 0
 0
 0
 0
 0
 0
 0
 0
 0
 0
 0
 0
 0
 0
 0
 0
 0
 0
 0
 0
 0
 0
 0
 0
 0
 0
 0
 0
 0.99995
 1
 1
 1
 1
 1
 1
 0.99993
 0.99995
 0.99807
 0.99658
 0.98366
 0.9839
 0.97983
 0.96889
 0.97982
 0.96951
 0.96904
 0.95603
 0.95982
 0.96414
 0.96258
 0.96236
 0.95333
 0.96039
 0.95848
 0.9367799999999999
 0.95138
 0
 0
 0
 0
 0
 0
 0
 0
 0
 0
 0
 0
 0
 0
 0
 0
 0
 0
 0
 0
 0
 0
 0
 0
 0
 0
 0
 0
 0
 0
 0
 0
 0
 0
 0
 0
 0
 0
 0
 0
 0
 0
 0
 0
 0
 0
 0
 0
 0
 0
 0
 0
 0
 0
 0
 0
 0
 0
 0
 0


# name: vars
# type: matrix
# ndims: 3
 1 30 19
 0
 0
 0.076774
 0.048737
 0.038488
 0.045356
 0.006434
 0.043654
 0.021227
 0.033132
 0.005703
 0.010825
 0.004512
 0.003925
 0.004786
 0.004006
 0.007223
 0.006061
 0.00282
 0.002472
 0.003842
 0.005392
 0.041366
 0.00176
 0.002907
 0.001585
 0.000653
 0.000304
 0.000963
 0.00063
 0
 0
 0
 0
 0
 0
 0.2
 0.05
 0.05
 0.05
 0.25556
 0.17222
 0.08889
 0.10556
 0.16667
 0.12639
 0.18889
 0.16875
 0.06597
 0.16875
 0.142
 0.038
 0.043
 0.0245
 0.028
 0.03422
 0.12856
 0.14422
 0.11578
 0.06389
 0
 0
 0
 0
 0
 0
 0
 0
 0
 0
 0
 0
 0
 0
 0
 0
 0
 0
 0
 0
 0
 0
 0
 0
 0
 0
 0
 0
 0
 0
 0
 0
 0
 0
 0
 0
 0.014266
 0.010835
 0.009738999999999999
 0.008156999999999999
 0.006773
 0.006886
 0.005635
 0.00582
 0.004696
 0.004461
 0.004393
 0.004051
 0.003908
 0.00327
 0.002841
 0.002806
 0.002533
 0.002276
 0.002067
 0.002032
 0.002059
 0.002043
 0.002219
 0.001676
 0
 0
 4.0142e-007
 1.0277e-007
 3.2869e-032
 9.6948e-026
 2.3111e-033
 2.9152e-032
 2.494e-030
 9.443699999999999e-031
 1.057e-031
 3.815e-031
 1.2587e-027
 4.1487e-017
 1.6484e-009
 2.9357e-006
 0.00011861
 0.00016239
 5.4978e-006
 4.5043e-010
 3.9233e-005
 6.4663e-005
 4.3264e-006
 3.5246e-005
 1.2859e-008
 1.8309e-007
 2.1559e-005
 2.0232e-012
 1.4376e-005
 8.1881e-007
 0
 0
 0
 0
 0
 0
 0
 0
 0
 0
 0
 0
 0
 0
 0
 0
 0
 0
 0
 0
 0
 0
 0
 0
 0
 0
 0
 0
 0
 0
 0
 0
 0
 0
 0
 0
 0
 0
 0
 0
 0
 0
 0
 0
 0
 0
 0
 0
 0
 0
 0
 0
 0
 0
 0
 0
 0
 0
 0
 0
 0
 0
 0
 0
 0
 0
 0.023715
 0.017142
 0.018117
 0.014056
 0.012206
 0.008531
 0.010935
 0.011818
 0.008437999999999999
 0.010057
 0.009336000000000001
 0.007915
 0.00814
 0.011171
 0.008912
 0.008166
 0.008265
 0.006939
 0.005785
 0.005892
 0.006038
 0.00573
 0.00477
 0.004877
 0
 0
 0.00051
 0
 0
 0
 0
 0
 0
 0
 9.000000000000001e-005
 0.000178
 0.000834
 0.006574
 0.00331
 0.00507
 0.005741
 0.006778
 0.006647
 0.0076
 0.009919000000000001
 0.010334
 0.006996
 0.007915999999999999
 0.007451
 0.008696000000000001
 0.01083
 0.011454
 0.010592
 0.01266
 0
 0
 0
 0
 0
 0
 0
 0
 0
 0
 0
 0
 0
 0
 0
 0
 0
 0
 0
 0
 0
 0
 0
 0
 0
 0
 0
 0
 0
 0
 0
 0
 0
 0
 0
 0
 0
 0
 0
 0
 0
 0
 0
 0
 0
 0
 0
 0
 0
 0
 0
 0
 0
 0
 0
 0
 0
 0
 0
 0
 0
 0
 0
 0
 0
 0
 0
 0
 0
 0
 0
 0
 0
 0
 0
 0
 0
 0
 0
 0
 0
 0
 0
 0
 0
 0
 0
 0
 0
 0
 0
 0
 0
 0
 0
 0
 0
 0
 0
 0
 0
 0
 0
 0
 0
 0
 0
 0
 0
 0
 0
 0
 0
 0
 0
 0
 0
 0
 0
 0
 0
 0
 0
 0
 0
 0
 0
 0
 0
 0
 0
 0
 0
 0
 0
 0
 0
 0
 0
 0
 0
 0
 0
 0
 0
 0
 0
 0
 0
 0
 0
 0
 0
 0
 0
 0
 0
 0
 0
 0
 0
 0
 0
 0
 0
 0
 0
 0
 0
 0
 0
 0
 0
 0
 0
 0
 0
 0
 0
 0
 0
 0
 0
 0
 0
 0
 0
 0
 0
 0
 0
 0
 0
 0
 0
 0
 0
 0
 0
 0
 0
 0
 0
 0
 0
 0
 0
 0
 0
 0
 0
 0
 0
 0
 0
 0
 0
 0
 0
 0
 0
 0.000295
 0.001131
 0.00358
 0.003045
 0.003862
 0.00742
 0.003592
 0.005421
 0.006914
 0.010886
 0.008985
 0.007344
 0.006909
 0.0075
 0.008397
 0.006757
 0.007045
 0.015786
 0.013447
 0
 0
 0
 0
 0
 0
 0
 0
 0
 0
 0
 0
 0
 0
 0
 0
 0
 0
 0
 0
 0
 0
 0
 0
 0
 0
 0
 0
 0
 0
 0
 0
 0
 0
 0
 0
 0
 0
 0
 0
 0
 0
 0
 0
 0
 0
 0
 0
 0
 0
 0
 0
 0
 0
 0
 0
 0
 0
 0
 0


