# Created by Octave 4.0.0, Sat Nov 21 16:31:39 2015 W. Europe Standard Time <unknown@Florian-PC>
# name: mus
# type: matrix
# ndims: 3
 1 30 19
 0
 0
 0.33816
 0.69712
 0.69268
 0.7451
 0.92118
 0.57212
 0.95652
 0.96
 0.96651
 0.96078
 0.96154
 0.95408
 0.95385
 0.96154
 0.98529
 0.98485
 0.98086
 0.975
 0.9841299999999999
 0.98485
 0.99034
 0.99479
 0.995
 0.99519
 0.98942
 0.9898
 0.97467
 0.98889
 0
 0
 0.33333
 1
 1
 0.8
 0.6
 0.2
 0.8
 0.4
 0.83333
 0.8
 0.76667
 0.7
 0.73333
 0.6166700000000001
 0.71667
 0.55
 0.58333
 0.6
 0.54
 0.74
 0.59
 0.66
 0.68
 0.84
 0.7466699999999999
 0.78667
 0.8666700000000001
 0.8
 0
 0
 0.65384
 0.94972
 0.81449
 0.80311
 0.6753
 0.66772
 0.58512
 0.7402
 0.7185
 0.59736
 0.75344
 0.69655
 0.75781
 0.6763400000000001
 0.67209
 0.72033
 0.71649
 0.63307
 0.68738
 0.67032
 0.6368200000000001
 0.71257
 0.7166400000000001
 0.69834
 0.70517
 0.69201
 0.73565
 0.72695
 0
 0
 0.52624
 0.67126
 0.8188299999999999
 0.7598200000000001
 0.51549
 0.4764
 0.52081
 0.55164
 0.5716599999999999
 0.58428
 0.6160600000000001
 0.65486
 0.66167
 0.61205
 0.6182800000000001
 0.60889
 0.62351
 0.59514
 0.60203
 0.61293
 0.60289
 0.62335
 0.64606
 0.65807
 0.61813
 0.63986
 0.66089
 0.66703
 0
 0
 0.66667
 1
 1
 1
 0.42857
 0.375
 0.44444
 0.4
 0.72727
 0.66667
 0.46154
 0.66667
 0.8
 1
 1
 0
 1
 0
 0
 1
 1
 1
 1
 0
 1
 1
 0
 1
 0
 0
 0.7136400000000001
 0.85809
 0.66365
 0.64246
 0.48389
 0.47831
 0.49089
 0.52303
 0.5494
 0.55267
 0.58292
 0.72693
 0.63379
 0.6109599999999999
 0.66859
 0.53932
 0.63759
 0.55848
 0.54408
 0.5946900000000001
 0.61415
 0.62843
 0.66738
 0.6337
 0.56741
 0.65901
 0.63388
 0.63479
 0
 0
 0.36788
 0.65752
 0.73155
 0.8203
 0.74965
 0.71312
 0.71018
 0.67905
 0.70771
 0.73359
 0.71035
 0.71571
 0.72427
 0.67437
 0.72172
 0.7311800000000001
 0.73683
 0.71217
 0.74818
 0.75269
 0.73695
 0.7680900000000001
 0.74326
 0.74885
 0.73817
 0.76432
 0.76311
 0.75119
 0
 0
 0.52484
 0.5904
 0.76267
 0.75479
 0.56696
 0.51773
 0.5087699999999999
 0.53726
 0.5452399999999999
 0.57294
 0.62388
 0.63423
 0.66417
 0.62051
 0.6129
 0.6135
 0.63322
 0.61334
 0.61885
 0.63095
 0.62139
 0.6402099999999999
 0.65828
 0.6728
 0.64342
 0.6572
 0.67452
 0.69068
 0
 0
 0.99996
 1
 1
 1
 1
 1
 1
 1
 1
 0.99983
 0.98972
 0.98967
 0.97489
 0.97683
 0.97589
 0.97216
 0.96904
 0.96427
 0.96165
 0.9573199999999999
 0.96472
 0.96354
 0.95731
 0.96102
 0.9543199999999999
 0.9474
 0.95531
 0.95234
 0
 0
 0.72866
 0.81449
 0.67572
 0.67459
 0.52328
 0.49585
 0.50598
 0.53101
 0.51548
 0.55426
 0.58658
 0.60096
 0.61514
 0.68328
 0.58983
 0.62898
 0.61791
 0.6077399999999999
 0.60315
 0.63208
 0.60437
 0.62033
 0.65677
 0.63748
 0.61574
 0.64377
 0.65985
 0.6622
 0
 0
 0.36788
 0.70234
 0.75262
 0.83248
 0.74524
 0.70194
 0.72519
 0.68724
 0.6668500000000001
 0.70702
 0.69691
 0.7355
 0.72887
 0.70194
 0.70201
 0.70473
 0.71013
 0.72095
 0.72214
 0.74664
 0.73822
 0.7444499999999999
 0.78074
 0.75202
 0.72732
 0.77881
 0.771
 0.74393
 0
 0
 0
 0
 0
 0
 0
 0
 0
 0
 0
 0
 0
 0
 0
 0
 0
 0
 0
 0
 0
 0
 0
 0
 0
 0
 0
 0
 0
 0
 0
 0
 0
 0
 0
 0
 0
 0
 0
 0
 0
 0
 0
 0
 0
 0
 0
 0
 0
 0
 0
 0
 0
 0
 0
 0
 0
 0
 0
 0
 0
 0
 0
 0
 0
 0
 0
 0
 0
 0
 0
 0
 0
 0
 0
 0
 0
 0
 0
 0
 0
 0
 0
 0
 0
 0
 0
 0
 0
 0
 0
 0
 0
 0
 0
 0
 0
 0
 0
 0
 0
 0
 0
 0
 0
 0
 0
 0
 0
 0
 0
 0
 0
 0
 0
 0
 0
 0
 0
 0
 0
 0
 0
 0
 0
 0
 0
 0
 0
 0
 0
 0
 0
 0
 0
 0
 0
 0
 0
 0
 0
 0
 0
 0
 0
 0
 0
 0
 0
 0
 0
 0
 0.99997
 1
 1
 1
 1
 1
 1
 1
 1
 0.99417
 0.98656
 0.99183
 0.97166
 0.96889
 0.9764699999999999
 0.97315
 0.97009
 0.96684
 0.9594
 0.95726
 0.9643699999999999
 0.9643
 0.95494
 0.95855
 0.94653
 0.94564
 0.95306
 0.95674
 0
 0
 0
 0
 0
 0
 0
 0
 0
 0
 0
 0
 0
 0
 0
 0
 0
 0
 0
 0
 0
 0
 0
 0
 0
 0
 0
 0
 0
 0
 0
 0
 0
 0
 0
 0
 0
 0
 0
 0
 0
 0
 0
 0
 0
 0
 0
 0
 0
 0
 0
 0
 0
 0
 0
 0
 0
 0
 0
 0


