# Created by Octave 4.0.0, Sat Nov 21 16:31:34 2015 W. Europe Standard Time <unknown@Florian-PC>
# name: mus
# type: matrix
# ndims: 3
 1 30 19
 0
 0
 0.96618
 0.33654
 0.3561
 0.71569
 0.94089
 0.96635
 0.96135
 0.96
 0.88995
 0.95588
 0.95673
 0.95918
 0.95897
 0.95192
 0.93709
 0.94192
 0.94737
 0.945
 0.9418
 0.93603
 0.94686
 0.94271
 0.965
 0.96635
 0.96296
 0.96429
 0.96552
 0.96111
 0
 0
 0.66667
 1
 1
 0.4
 0.5
 0.5
 0.8
 0.7
 0.9
 0.93333
 0.9
 0.93333
 0.93333
 0.95
 0.8666700000000001
 0.9
 0.8833299999999999
 0.9
 0.91
 0.9
 0.96
 0.96
 0.96
 0.96
 0.96667
 0.96
 0.96667
 1
 0
 0
 0.84197
 0.86638
 0.78705
 0.74414
 0.84618
 0.81423
 0.878
 0.81437
 0.88535
 0.89133
 0.87341
 0.86495
 0.90767
 0.93567
 0.91593
 0.94014
 0.92627
 0.94353
 0.94906
 0.94656
 0.97305
 0.96744
 0.96287
 0.96335
 0.95234
 0.95965
 0.94301
 0.97441
 0
 0
 0.60785
 0.8585700000000001
 0.90308
 0.62637
 0.57143
 0.7414500000000001
 0.80354
 0.74585
 0.85105
 0.88474
 0.90419
 0.90439
 0.93104
 0.92702
 0.92889
 0.93381
 0.94021
 0.94295
 0.94581
 0.94829
 0.94752
 0.95346
 0.93203
 0.93898
 0.93507
 0.93577
 0.94057
 0.95641
 0
 0
 0.66667
 1
 1
 0
 0.14286
 0.75
 1
 0.9
 0.81818
 1
 0.84615
 1
 1
 1
 1
 1
 1
 1
 1
 1
 1
 1
 1
 1
 1
 1
 1
 0
 0
 0
 0.70158
 0.96549
 0.89417
 0.34723
 0.39688
 0.75458
 0.9358
 0.83117
 0.85969
 0.92857
 0.89674
 0.92737
 0.97198
 0.9491000000000001
 0.92625
 0.95384
 0.89415
 0.97931
 0.95775
 0.96138
 0.9747400000000001
 0.8601799999999999
 0.95668
 0.93576
 0.9557099999999999
 0.96269
 0.93452
 0.90141
 0
 0
 0.36788
 0.85824
 0.79156
 0.84995
 0.8653
 0.79504
 0.86713
 0.80866
 0.87414
 0.82495
 0.87339
 0.86946
 0.89501
 0.9046
 0.91209
 0.90647
 0.93
 0.91706
 0.91691
 0.92181
 0.97107
 0.94654
 0.93971
 0.93767
 0.93687
 0.9655899999999999
 0.97041
 0.94936
 0
 0
 0.61329
 0.77503
 0.84868
 0.68074
 0.6141799999999999
 0.7109799999999999
 0.78462
 0.7266899999999999
 0.7974
 0.80272
 0.85215
 0.85325
 0.86491
 0.87652
 0.8525700000000001
 0.8750599999999999
 0.8653
 0.88028
 0.89366
 0.89833
 0.89781
 0.90013
 0.8909899999999999
 0.87914
 0.89259
 0.88602
 0.89632
 0.90751
 0
 0
 0.90259
 0.93045
 0.88936
 0.94909
 0.8778
 0.92189
 0.91445
 0.93138
 0.92157
 0.93142
 0.9224
 0.90899
 0.92748
 0.91065
 0.91686
 0.91129
 0.90754
 0.91431
 0.89401
 0.90444
 0.90772
 0.90544
 0.89618
 0.9125
 0.90506
 0.9045
 0.9066
 0.90462
 0
 0
 0.7849699999999999
 0.97184
 0.81572
 0.66682
 0.57213
 0.8470800000000001
 0.91116
 0.70805
 0.88
 0.90168
 0.89561
 0.94981
 0.96651
 0.97101
 0.96822
 0.96257
 0.96045
 0.9608
 0.9571499999999999
 0.9555
 0.96797
 0.53503
 0.95792
 0.94664
 0.95777
 0.95789
 0.96722
 0.9779600000000001
 0
 0
 0.36788
 0.84205
 0.76556
 0.85685
 0.86374
 0.76835
 0.77186
 0.75834
 0.80084
 0.79976
 0.9286799999999999
 0.88959
 0.8185
 0.90371
 0.84127
 0.93067
 0.8758
 0.88797
 0.98069
 0.93687
 0.9161
 0.97424
 0.96049
 0.94582
 0.96865
 0.95409
 0.96293
 0.95467
 0
 0
 0
 0
 0
 0
 0
 0
 0
 0
 0
 0
 0
 0
 0
 0
 0
 0
 0
 0
 0
 0
 0
 0
 0
 0
 0
 0
 0
 0
 0
 0
 0
 0
 0
 0
 0
 0
 0
 0
 0
 0
 0
 0
 0
 0
 0
 0
 0
 0
 0
 0
 0
 0
 0
 0
 0
 0
 0
 0
 0
 0
 0
 0
 0
 0
 0
 0
 0
 0
 0
 0
 0
 0
 0
 0
 0
 0
 0
 0
 0
 0
 0
 0
 0
 0
 0
 0
 0
 0
 0
 0
 0
 0
 0
 0
 0
 0
 0
 0
 0
 0
 0
 0
 0
 0
 0
 0
 0
 0
 0
 0
 0
 0
 0
 0
 0
 0
 0
 0
 0
 0
 0
 0
 0
 0
 0
 0
 0
 0
 0
 0
 0
 0
 0
 0
 0
 0
 0
 0
 0
 0
 0
 0
 0
 0
 0
 0
 0
 0
 0
 0
 0.9228499999999999
 0.88595
 0.9325599999999999
 0.97141
 0.91865
 0.93976
 0.9079
 0.89403
 0.92592
 0.92496
 0.9218499999999999
 0.92555
 0.91187
 0.89883
 0.91454
 0.90402
 0.92022
 0.91835
 0.911
 0.90313
 0.91111
 0.89817
 0.90205
 0.91101
 0.90045
 0.89814
 0.90138
 0.89981
 0
 0
 0
 0
 0
 0
 0
 0
 0
 0
 0
 0
 0
 0
 0
 0
 0
 0
 0
 0
 0
 0
 0
 0
 0
 0
 0
 0
 0
 0
 0
 0
 0
 0
 0
 0
 0
 0
 0
 0
 0
 0
 0
 0
 0
 0
 0
 0
 0
 0
 0
 0
 0
 0
 0
 0
 0
 0
 0
 0


