# Created by Octave 4.0.0, Sat Nov 21 16:31:28 2015 W. Europe Standard Time <unknown@Florian-PC>
# name: mus
# type: matrix
# ndims: 3
 1 30 19
 0
 0
 0.66184
 0.65865
 0.65854
 0.87255
 0.75862
 0.71154
 0.83575
 0.83
 0.89474
 0.88235
 0.85817
 0.88776
 0.88718
 0.92308
 0.94118
 0.93182
 0.9378
 0.9399999999999999
 0.93651
 0.9393899999999999
 0.91948
 0.94097
 0.955
 0.95673
 0.96674
 0.96939
 0.97044
 0.97222
 0
 0
 1
 1
 1
 0.8
 0.9
 0.7
 0.9
 0.6
 0.73333
 0.73333
 0.7
 0.66667
 0.8666700000000001
 0.83333
 0.75
 0.78333
 0.8
 0.85
 0.85
 0.84
 0.76
 0.8
 0.76
 0.78
 0.85333
 0.85333
 0.89333
 0.9
 0
 0
 1
 1
 1
 0.80327
 0.82584
 0.78866
 0.7400600000000001
 0.77328
 0.73793
 0.71711
 0.81184
 0.81196
 0.77019
 0.7739
 0.83086
 0.81425
 0.7722599999999999
 0.85486
 0.84882
 0.87205
 0.8517
 0.84938
 0.86496
 0.89101
 0.89786
 0.90354
 0.91183
 0.90778
 0
 0
 1
 1
 1
 0.74342
 0.79164
 0.66723
 0.6562
 0.69187
 0.66633
 0.67901
 0.6984
 0.7285700000000001
 0.75332
 0.7242499999999999
 0.74302
 0.7510599999999999
 0.77206
 0.77751
 0.79175
 0.79621
 0.78949
 0.796
 0.81579
 0.83386
 0.83887
 0.84414
 0.85562
 0.85262
 0
 0
 1
 1
 1
 1
 1
 0.625
 0.22222
 0.3
 0.72727
 0.75
 0.69231
 0.88889
 1
 1
 0.5
 1
 0
 1
 1
 0
 0
 1
 1
 1
 1
 1
 1
 1
 0
 0
 1
 1
 1
 0.86609
 0.7314000000000001
 0.6650199999999999
 0.56753
 0.67088
 0.66034
 0.68506
 0.69963
 0.7223000000000001
 0.73019
 0.73143
 0.71568
 0.74041
 0.70696
 0.7662
 0.77778
 0.74251
 0.71993
 0.79309
 0.7871
 0.85285
 0.83661
 0.86622
 0.83504
 0.81676
 0
 0
 1
 1
 1
 0.80509
 0.8111699999999999
 0.78927
 0.75585
 0.80645
 0.7714299999999999
 0.80454
 0.83403
 0.83529
 0.79232
 0.81939
 0.8024
 0.82346
 0.83765
 0.82489
 0.82215
 0.83358
 0.8377
 0.8501
 0.86298
 0.85325
 0.85608
 0.8772
 0.8811
 0.88301
 0
 0
 1
 1
 1
 0.6745
 0.7073700000000001
 0.6445
 0.65247
 0.69319
 0.68676
 0.70742
 0.7352
 0.74278
 0.7605
 0.7264699999999999
 0.73904
 0.75797
 0.77324
 0.77764
 0.7938499999999999
 0.79825
 0.7885799999999999
 0.79918
 0.8257100000000001
 0.8398600000000001
 0.84282
 0.85284
 0.85726
 0.85721
 0
 0
 0.99951
 1
 1
 1
 1
 1
 1
 0.99846
 1
 0.99139
 0.99041
 0.98541
 0.9831
 0.9771300000000001
 0.9709100000000001
 0.96727
 0.96469
 0.9749100000000001
 0.96545
 0.95948
 0.96777
 0.95903
 0.94323
 0.95502
 0.94982
 0.95373
 0.94401
 0.94959
 0
 0
 1
 1
 1
 0.7218599999999999
 0.69252
 0.62786
 0.64615
 0.6817299999999999
 0.67526
 0.69748
 0.72342
 0.73226
 0.74816
 0.71872
 0.73087
 0.74386
 0.76954
 0.77303
 0.78677
 0.84024
 0.78864
 0.81493
 0.81142
 0.85872
 0.83795
 0.85807
 0.86505
 0.8656700000000001
 0
 0
 1
 1
 1
 0.84211
 0.8218
 0.78138
 0.81856
 0.78238
 0.74792
 0.85699
 0.8103900000000001
 0.7887999999999999
 0.79613
 0.83065
 0.7966800000000001
 0.8372000000000001
 0.8580100000000001
 0.82186
 0.82742
 0.85204
 0.89517
 0.84204
 0.87968
 0.88894
 0.86544
 0.87132
 0.87323
 0.90186
 0
 0
 0
 0
 0
 0
 0
 0
 0
 0
 0
 0
 0
 0
 0
 0
 0
 0
 0
 0
 0
 0
 0
 0
 0
 0
 0
 0
 0
 0
 0
 0
 0
 0
 0
 0
 0
 0
 0
 0
 0
 0
 0
 0
 0
 0
 0
 0
 0
 0
 0
 0
 0
 0
 0
 0
 0
 0
 0
 0
 0
 0
 0
 0
 0
 0
 0
 0
 0
 0
 0
 0
 0
 0
 0
 0
 0
 0
 0
 0
 0
 0
 0
 0
 0
 0
 0
 0
 0
 0
 0
 0
 0
 0
 0
 0
 0
 0
 0
 0
 0
 0
 0
 0
 0
 0
 0
 0
 0
 0
 0
 0
 0
 0
 0
 0
 0
 0
 0
 0
 0
 0
 0
 0
 0
 0
 0
 0
 0
 0
 0
 0
 0
 0
 0
 0
 0
 0
 0
 0
 0
 0
 0
 0
 0
 0
 0
 0
 0
 0
 0
 0
 0.99998
 1
 1
 1
 1
 1
 1
 1
 1
 0.9944499999999999
 0.98992
 0.98506
 0.98009
 0.98009
 0.97239
 0.9655
 0.96684
 0.9674700000000001
 0.9635899999999999
 0.95835
 0.95933
 0.96032
 0.94095
 0.95662
 0.94854
 0.94664
 0.9319499999999999
 0.95395
 0
 0
 0
 0
 0
 0
 0
 0
 0
 0
 0
 0
 0
 0
 0
 0
 0
 0
 0
 0
 0
 0
 0
 0
 0
 0
 0
 0
 0
 0
 0
 0
 0
 0
 0
 0
 0
 0
 0
 0
 0
 0
 0
 0
 0
 0
 0
 0
 0
 0
 0
 0
 0
 0
 0
 0
 0
 0
 0
 0


# name: vars
# type: matrix
# ndims: 3
 1 30 19
 0
 0
 0.073506
 0.058894
 0.050488
 0.021985
 0.02639
 0.027212
 0.023423
 0.012737
 0.011261
 0.017412
 0.018485
 0.004485
 0.004729
 0.005308
 0.003146
 0.001754
 0.003223
 0.003778
 0.002834
 0.005165
 0.011085
 0.004891
 0.004771
 0.002721
 0.001145
 0.000182
 0.000566
 0.00063
 0
 0
 0
 0
 0
 0.2
 0.05
 0.2
 0.05
 0.175
 0.06389
 0.06389
 0.08889
 0.22222
 0.08889
 0.05556
 0.07639
 0.04722
 0.075
 0.05
 0.05
 0.048
 0.063
 0.04
 0.028
 0.052
 0.02089
 0.027
 0.02356
 0.02222
 0
 0
 0
 0
 0
 0
 0
 0
 0
 0
 0
 0
 0
 0
 0
 0
 0
 0
 0
 0
 0
 0
 0
 0
 0
 0
 0
 0
 0
 0
 0
 0
 0
 0
 0
 0.01521
 0.015857
 0.012896
 0.012161
 0.010447
 0.008366
 0.005674
 0.004864
 0.00386
 0.003757
 0.003811
 0.003302
 0.002835
 0.003247
 0.002536
 0.002622
 0.002127
 0.001764
 0.001792
 0.001748
 0.001587
 0.00161
 0.001583
 0.00144
 0.001066
 0
 0
 2.1975e-006
 1.4616e-010
 3.5241e-017
 1.5518e-017
 1.4135e-019
 6.206e-031
 4.5329e-031
 1.0142e-029
 8.217299999999999e-034
 8.0031e-022
 1.3342e-027
 0.00024767
 1.1356e-005
 3.903e-005
 7.8425e-005
 3.0152e-006
 2.0082e-008
 2.9364e-005
 2.1663e-006
 0.00022278
 0.000571
 2.8102e-005
 8.2727e-007
 1.2144e-005
 5.0504e-005
 8.3342e-007
 1.8307e-011
 0.00026117
 0
 0
 0
 0
 0
 0
 0
 0
 0
 0
 0
 0
 0
 0
 0
 0
 0
 0
 0
 0
 0
 0
 0
 0
 0
 0
 0
 0
 0
 0
 0
 0
 0
 0
 0
 0
 0
 0
 0
 0
 0
 0
 0
 0
 0
 0
 0
 0
 0
 0
 0
 0
 0
 0
 0
 0
 0
 0
 0
 0
 0
 0
 0
 0
 0
 0.026196
 0.030306
 0.012998
 0.012283
 0.012723
 0.009613
 0.006489
 0.005587
 0.005518
 0.005163
 0.00441
 0.005449
 0.007438
 0.005094
 0.004904
 0.004418
 0.003707
 0.003013
 0.004074
 0.002756
 0.002529
 0.002482
 0.003796
 0.00636
 0.003356
 0
 0
 2e-006
 0
 0
 0
 0
 0
 0
 0.000236
 0
 0.003119
 0.002912
 0.004029
 0.004236
 0.004904
 0.005984
 0.006994
 0.007471
 0.004856
 0.00736
 0.009034
 0.007537
 0.009544
 0.012714
 0.009139
 0.012624
 0.011155
 0.012868
 0.010856
 0
 0
 0
 0
 0
 0
 0
 0
 0
 0
 0
 0
 0
 0
 0
 0
 0
 0
 0
 0
 0
 0
 0
 0
 0
 0
 0
 0
 0
 0
 0
 0
 0
 0
 0
 0
 0
 0
 0
 0
 0
 0
 0
 0
 0
 0
 0
 0
 0
 0
 0
 0
 0
 0
 0
 0
 0
 0
 0
 0
 0
 0
 0
 0
 0
 0
 0
 0
 0
 0
 0
 0
 0
 0
 0
 0
 0
 0
 0
 0
 0
 0
 0
 0
 0
 0
 0
 0
 0
 0
 0
 0
 0
 0
 0
 0
 0
 0
 0
 0
 0
 0
 0
 0
 0
 0
 0
 0
 0
 0
 0
 0
 0
 0
 0
 0
 0
 0
 0
 0
 0
 0
 0
 0
 0
 0
 0
 0
 0
 0
 0
 0
 0
 0
 0
 0
 0
 0
 0
 0
 0
 0
 0
 0
 0
 0
 0
 0
 0
 0
 0
 0
 0
 0
 0
 0
 0
 0
 0
 0
 0
 0
 0
 0
 0
 0
 0
 0
 0
 0
 0
 0
 0
 0
 0
 0
 0
 0
 0
 0
 0
 0
 0
 0
 0
 0
 0
 0
 0
 0
 0
 0
 0
 0
 0
 0
 0
 0
 0
 0
 0
 0
 0
 0
 0
 0
 0
 0
 0
 0
 0
 0
 0
 0
 0
 0
 0
 0
 0
 0
 0
 0.00158
 0.003028
 0.004077
 0.003546
 0.003454
 0.005497
 0.008479
 0.007244
 0.007012
 0.008439
 0.008222999999999999
 0.010541
 0.009072
 0.013178
 0.009945000000000001
 0.010224
 0.014654
 0.015279
 0.008727
 0
 0
 0
 0
 0
 0
 0
 0
 0
 0
 0
 0
 0
 0
 0
 0
 0
 0
 0
 0
 0
 0
 0
 0
 0
 0
 0
 0
 0
 0
 0
 0
 0
 0
 0
 0
 0
 0
 0
 0
 0
 0
 0
 0
 0
 0
 0
 0
 0
 0
 0
 0
 0
 0
 0
 0
 0
 0
 0
 0


