# Created by Octave 4.0.0, Sat Nov 21 16:31:44 2015 W. Europe Standard Time <unknown@Florian-PC>
# name: mus
# type: matrix
# ndims: 3
 1 30 19
 0
 0
 0.48792
 0.71635
 0.85854
 0.76471
 0.69458
 0.73077
 0.73913
 0.91
 0.9378
 0.97549
 0.99038
 0.97959
 0.97949
 0.98558
 0.9902
 0.99495
 0.98565
 0.99
 0.99471
 0.99495
 0.99517
 0.99479
 1
 0.99519
 0.97732
 0.9949
 1
 1
 0
 0
 0.66667
 1
 0.2
 0.8
 0.7
 0.9
 0.7
 0.6
 0.36667
 0.43333
 0.7
 0.6333299999999999
 0.53333
 0.8
 0.65
 0.38333
 0.53333
 0.55
 0.61
 0.64
 0.55
 0.7
 0.68
 0.65333
 0.70667
 0.68
 0.7533300000000001
 0.83333
 0
 0
 0.7222499999999999
 0.87505
 0.6993
 0.68259
 0.68166
 0.7871899999999999
 0.74339
 0.71576
 0.37941
 0.45933
 0.70612
 0.63756
 0.73652
 0.59578
 0.5464599999999999
 0.68423
 0.73916
 0.66628
 0.65694
 0.6409
 0.64245
 0.56628
 0.64498
 0.66495
 0.68942
 0.70968
 0.69454
 0.72419
 0
 0
 0.49329
 0.9309500000000001
 0.29581
 0.72138
 0.65647
 0.73266
 0.77184
 0.67789
 0.42482
 0.49146
 0.52694
 0.5620000000000001
 0.48272
 0.48788
 0.47961
 0.45537
 0.51241
 0.6005
 0.56331
 0.56797
 0.62486
 0.63613
 0.62362
 0.62799
 0.65784
 0.6724599999999999
 0.65978
 0.7095900000000001
 0
 0
 1
 1
 0.2
 1
 0.85714
 0.625
 0.77778
 0.8
 0.45455
 0.58333
 0.46154
 0.77778
 0.4
 0.33333
 0
 1
 1
 1
 0
 0
 1
 0
 0
 1
 0
 1
 0
 1
 0
 0
 0.94289
 0.94132
 0.32028
 0.8015600000000001
 0.8242699999999999
 0.69457
 0.80443
 0.74313
 0.44282
 0.5264799999999999
 0.52483
 0.63028
 0.43105
 0.48127
 0.37361
 0.51639
 0.64984
 0.72366
 0.55661
 0.53387
 0.5783199999999999
 0.45594
 0.47417
 0.6696800000000001
 0.58522
 0.70023
 0.59065
 0.69204
 0
 0
 0.36788
 0.57411
 0.74718
 0.61206
 0.68989
 0.74809
 0.80379
 0.70746
 0.66957
 0.69701
 0.73214
 0.6882200000000001
 0.70773
 0.72664
 0.70399
 0.71523
 0.72204
 0.74178
 0.7362300000000001
 0.7317399999999999
 0.74029
 0.73269
 0.71984
 0.74512
 0.73571
 0.74371
 0.7668199999999999
 0.73754
 0
 0
 0.4921
 0.89873
 0.38182
 0.60672
 0.6164500000000001
 0.68022
 0.71623
 0.60855
 0.45227
 0.49499
 0.5446
 0.55614
 0.52003
 0.52754
 0.5172099999999999
 0.50895
 0.54339
 0.5775400000000001
 0.5740499999999999
 0.57469
 0.59219
 0.60476
 0.58397
 0.59978
 0.61856
 0.63387
 0.6106
 0.64152
 0
 0
 0.96905
 0.94585
 0.92889
 0.90381
 0.89544
 0.93452
 0.91847
 0.92871
 0.92217
 0.91974
 0.9236799999999999
 0.9096
 0.9138500000000001
 0.90961
 0.9166800000000001
 0.90987
 0.90765
 0.90895
 0.90683
 0.91172
 0.89493
 0.899
 0.89937
 0.89862
 0.90389
 0.90452
 0.91003
 0.90831
 0
 0
 0.92603
 0.93571
 0.44664
 0.54928
 0.81166
 0.786
 0.84258
 0.65301
 0.47814
 0.5004
 0.54749
 0.56186
 0.50088
 0.59918
 0.52018
 0.52898
 0.56213
 0.33242
 0.58949
 0.5694
 0.5998
 0.61078
 0.5879
 0.60637
 0.62675
 0.64547
 0.62014
 0.6906600000000001
 0
 0
 0.36788
 0.59284
 0.78928
 0.6339399999999999
 0.68167
 0.7165899999999999
 0.79863
 0.6982
 0.67463
 0.6798999999999999
 0.71262
 0.64619
 0.66948
 0.70461
 0.69145
 0.61036
 0.71284
 0.72582
 0.72665
 0.37338
 0.73391
 0.72465
 0.74641
 0.76444
 0.75126
 0.71504
 0.70656
 0.72477
 0
 0
 0
 0
 0
 0
 0
 0
 0
 0
 0
 0
 0
 0
 0
 0
 0
 0
 0
 0
 0
 0
 0
 0
 0
 0
 0
 0
 0
 0
 0
 0
 0
 0
 0
 0
 0
 0
 0
 0
 0
 0
 0
 0
 0
 0
 0
 0
 0
 0
 0
 0
 0
 0
 0
 0
 0
 0
 0
 0
 0
 0
 0
 0
 0
 0
 0
 0
 0
 0
 0
 0
 0
 0
 0
 0
 0
 0
 0
 0
 0
 0
 0
 0
 0
 0
 0
 0
 0
 0
 0
 0
 0
 0
 0
 0
 0
 0
 0
 0
 0
 0
 0
 0
 0
 0
 0
 0
 0
 0
 0
 0
 0
 0
 0
 0
 0
 0
 0
 0
 0
 0
 0
 0
 0
 0
 0
 0
 0
 0
 0
 0
 0
 0
 0
 0
 0
 0
 0
 0
 0
 0
 0
 0
 0
 0
 0
 0
 0
 0
 0
 0
 0.96988
 0.93808
 0.92218
 0.9349499999999999
 0.90465
 0.92357
 0.93701
 0.90664
 0.90866
 0.91553
 0.93868
 0.92738
 0.9144099999999999
 0.91298
 0.9046999999999999
 0.91245
 0.91664
 0.9095800000000001
 0.9048
 0.9029
 0.90169
 0.90802
 0.9065299999999999
 0.89868
 0.89414
 0.92476
 0.89637
 0.89342
 0
 0
 0
 0
 0
 0
 0
 0
 0
 0
 0
 0
 0
 0
 0
 0
 0
 0
 0
 0
 0
 0
 0
 0
 0
 0
 0
 0
 0
 0
 0
 0
 0
 0
 0
 0
 0
 0
 0
 0
 0
 0
 0
 0
 0
 0
 0
 0
 0
 0
 0
 0
 0
 0
 0
 0
 0
 0
 0
 0


