# Created by Octave 4.0.0, Sat Nov 21 16:31:35 2015 W. Europe Standard Time <unknown@Florian-PC>
# name: mus
# type: matrix
# ndims: 3
 1 30 19
 0
 0
 0.66184
 0.66346
 0.65854
 0.65686
 0.65517
 0.64904
 0.66184
 0.955
 0.9378
 0.93137
 0.94231
 0.9438800000000001
 0.94359
 0.91827
 0.94199
 0.9596
 0.96651
 0.9
 0.97354
 0.9697
 0.97101
 0.96701
 0.97
 0.97115
 0.96674
 0.95918
 0.97044
 0.96667
 0
 0
 1
 1
 1
 1
 1
 1
 1
 0.9
 0.9
 0.93333
 0.9
 0.93333
 0.93333
 0.95
 0.93333
 0.95
 0.93333
 1
 0.96
 0.95
 0.96
 0.96
 0.92
 0.92
 0.93333
 0.92
 0.93333
 0.93333
 0
 0
 1
 1
 1
 1
 1
 1
 1
 0.89844
 0.91888
 0.92381
 0.9451000000000001
 0.94675
 0.95002
 0.97324
 0.95953
 0.95777
 0.97133
 0.98178
 0.94801
 0.95043
 0.9684
 0.96365
 0.96707
 0.96789
 0.94882
 0.93992
 0.95978
 0.95726
 0
 0
 1
 1
 1
 1
 1
 1
 1
 0.88671
 0.90755
 0.90389
 0.91169
 0.91135
 0.9211
 0.92787
 0.92618
 0.94231
 0.9432700000000001
 0.97479
 0.93059
 0.92786
 0.94081
 0.94132
 0.94708
 0.95525
 0.9602000000000001
 0.95932
 0.96311
 0.95844
 0
 0
 1
 1
 1
 1
 1
 1
 1
 1
 0.90909
 0.91667
 0.92308
 1
 1
 1
 1
 1
 1
 1
 1
 1
 1
 1
 0
 1
 1
 0
 1
 1
 0
 0
 1
 1
 1
 1
 1
 1
 1
 0.95183
 0.92144
 0.92121
 0.88736
 0.96245
 0.96928
 0.95301
 0.93247
 0.96827
 0.9313
 0.98939
 0.94738
 0.97339
 0.94645
 0.89636
 0.89969
 0.92728
 0.97067
 0.91822
 0.99668
 0.96565
 0
 0
 1
 1
 1
 1
 1
 1
 1
 0.87545
 0.8731100000000001
 0.88546
 0.8954
 0.94853
 0.95465
 0.92079
 0.9378
 0.93915
 0.9467
 0.94068
 0.97007
 0.95084
 0.95825
 0.97706
 0.96553
 0.94359
 0.97706
 0.96449
 0.95081
 0.97724
 0
 0
 1
 1
 1
 1
 1
 1
 1
 0.84123
 0.87318
 0.86959
 0.88435
 0.88712
 0.89368
 0.89771
 0.89832
 0.91148
 0.9144099999999999
 0.9232900000000001
 0.8962599999999999
 0.91166
 0.90412
 0.90362
 0.9169
 0.9117
 0.92213
 0.92436
 0.91576
 0.91613
 0
 0
 0.88485
 0.94619
 0.9295
 0.92074
 0.92174
 0.92047
 0.91029
 0.90039
 0.92515
 0.94172
 0.925
 0.91561
 0.91231
 0.91293
 0.91704
 0.9097
 0.90462
 0.90711
 0.90857
 0.90547
 0.90404
 0.91166
 0.90803
 0.90663
 0.89833
 0.89918
 0.89737
 0.90178
 0
 0
 1
 1
 1
 1
 1
 1
 1
 0.93975
 0.92483
 0.88246
 0.89079
 0.9277300000000001
 0.92701
 0.91891
 0.93741
 0.9424400000000001
 0.93666
 0.97476
 0.9412
 0.80045
 0.71367
 0.94868
 0.95305
 0.95446
 0.72348
 0.96125
 0.95975
 0.96066
 0
 0
 1
 1
 1
 1
 1
 1
 1
 0.7953
 0.83892
 0.84504
 0.85777
 0.92766
 0.96928
 0.9305099999999999
 0.96887
 0.92463
 0.9182
 0.92466
 0.9815700000000001
 0.96269
 0.92606
 0.97637
 0.94211
 0.94981
 0.94946
 0.9785
 0.95089
 0.95548
 0
 0
 0
 0
 0
 0
 0
 0
 0
 0
 0
 0
 0
 0
 0
 0
 0
 0
 0
 0
 0
 0
 0
 0
 0
 0
 0
 0
 0
 0
 0
 0
 0
 0
 0
 0
 0
 0
 0
 0
 0
 0
 0
 0
 0
 0
 0
 0
 0
 0
 0
 0
 0
 0
 0
 0
 0
 0
 0
 0
 0
 0
 0
 0
 0
 0
 0
 0
 0
 0
 0
 0
 0
 0
 0
 0
 0
 0
 0
 0
 0
 0
 0
 0
 0
 0
 0
 0
 0
 0
 0
 0
 0
 0
 0
 0
 0
 0
 0
 0
 0
 0
 0
 0
 0
 0
 0
 0
 0
 0
 0
 0
 0
 0
 0
 0
 0
 0
 0
 0
 0
 0
 0
 0
 0
 0
 0
 0
 0
 0
 0
 0
 0
 0
 0
 0
 0
 0
 0
 0
 0
 0
 0
 0
 0
 0
 0
 0
 0
 0
 0
 0
 0.95992
 0.8714
 0.95341
 0.90307
 0.91589
 0.9389999999999999
 0.93281
 0.90969
 0.92767
 0.91029
 0.92339
 0.90982
 0.91008
 0.90408
 0.90668
 0.9037500000000001
 0.9099699999999999
 0.91066
 0.89489
 0.91208
 0.89672
 0.91055
 0.9018
 0.8993100000000001
 0.91209
 0.90743
 0.91156
 0.89834
 0
 0
 0
 0
 0
 0
 0
 0
 0
 0
 0
 0
 0
 0
 0
 0
 0
 0
 0
 0
 0
 0
 0
 0
 0
 0
 0
 0
 0
 0
 0
 0
 0
 0
 0
 0
 0
 0
 0
 0
 0
 0
 0
 0
 0
 0
 0
 0
 0
 0
 0
 0
 0
 0
 0
 0
 0
 0
 0
 0


# name: vars
# type: matrix
# ndims: 3
 1 30 19
 0
 0
 0.08331
 0.05609
 0.040488
 0.036938
 0.034282
 0.018774
 0.029717
 0.004711
 0.003721
 0.004545
 0.002761
 0.002495
 0.00433
 0.01848
 0.003573
 0.002525
 0.002921
 0.002778
 0.001197
 0.00155
 0.001418
 0.000934
 0.0008
 0.001585
 0.001602
 0.002733
 0.000566
 0.001778
 0
 0
 0
 0
 0
 0
 0
 0
 0
 0.05
 0.05
 0.022222
 0.05
 0.022222
 0.022222
 0.0125
 0.022222
 0.0125
 0.022222
 0
 0.008
 0.0125
 0.008
 0.008
 0.012
 0.032
 0.022222
 0.032
 0.022222
 0.022222
 0
 0
 0
 0
 0
 0
 0
 0
 0
 0
 0
 0
 0
 0
 0
 0
 0
 0
 0
 0
 0
 0
 0
 0
 0
 0
 0
 0
 0
 0
 0
 0
 0
 0
 0
 0
 0
 0
 0
 0.015723
 0.009258000000000001
 0.009278
 0.007283
 0.0067
 0.006492
 0.004114
 0.005087
 0.003423
 0.002961
 0.00122
 0.004603
 0.005333
 0.002904
 0.002753
 0.002234
 0.003079
 0.001887
 0.001855
 0.000958
 0.002586
 0
 0
 0.003979
 0.01258
 0.017015
 0.013923
 0.009776999999999999
 0.011967
 0.01494
 0.013268
 0.011117
 0.011596
 0.011623
 0.01318
 0.012255
 0.011956
 0.011673
 0.011829
 0.01327
 0.012649
 0.0117
 0.010265
 0.011396
 0.01247
 0.013475
 0.013783
 0.01318
 0.013335
 0.012584
 0.011241
 0
 0
 0
 0
 0
 0
 0
 0
 0
 0
 0
 0
 0
 0
 0
 0
 0
 0
 0
 0
 0
 0
 0
 0
 0
 0
 0
 0
 0
 0
 0
 0
 0
 0
 0
 0
 0
 0
 0
 0
 0
 0
 0
 0
 0
 0
 0
 0
 0
 0
 0
 0
 0
 0
 0
 0
 0
 0
 0
 0
 0
 0
 0
 0
 0
 0
 0
 0
 0
 0.008012
 0.007155
 0.007095
 0.006689
 0.006443
 0.006322
 0.006259
 0.0081
 0.007409
 0.005108
 0.0091
 0.014637
 0.010463
 0.013798
 0.013302
 0.010445
 0.013139
 0.010713
 0.010568
 0.013137
 0.012447
 0
 0
 0.011485
 0.004466
 0.005709
 0.010091
 0.012398
 0.011579
 0.014688
 0.013759
 0.010704
 0.009375
 0.013259
 0.014516
 0.014273
 0.010903
 0.010487
 0.010402
 0.013424
 0.012908
 0.011425
 0.013192
 0.013938
 0.012106
 0.011844
 0.013813
 0.013558
 0.014157
 0.012934
 0.011624
 0
 0
 0
 0
 0
 0
 0
 0
 0
 0
 0
 0
 0
 0
 0
 0
 0
 0
 0
 0
 0
 0
 0
 0
 0
 0
 0
 0
 0
 0
 0
 0
 0
 0
 0
 0
 0
 0
 0
 0
 0
 0
 0
 0
 0
 0
 0
 0
 0
 0
 0
 0
 0
 0
 0
 0
 0
 0
 0
 0
 0
 0
 0
 0
 0
 0
 0
 0
 0
 0
 0
 0
 0
 0
 0
 0
 0
 0
 0
 0
 0
 0
 0
 0
 0
 0
 0
 0
 0
 0
 0
 0
 0
 0
 0
 0
 0
 0
 0
 0
 0
 0
 0
 0
 0
 0
 0
 0
 0
 0
 0
 0
 0
 0
 0
 0
 0
 0
 0
 0
 0
 0
 0
 0
 0
 0
 0
 0
 0
 0
 0
 0
 0
 0
 0
 0
 0
 0
 0
 0
 0
 0
 0
 0
 0
 0
 0
 0
 0
 0
 0
 0
 0
 0
 0
 0
 0
 0
 0
 0
 0
 0
 0
 0
 0
 0
 0
 0
 0
 0
 0
 0
 0
 0
 0
 0
 0
 0
 0
 0
 0
 0
 0
 0
 0
 0
 0
 0
 0
 0
 0
 0
 0
 0
 0
 0
 0
 0
 0
 0
 0
 0
 0
 0
 0
 0
 0
 0
 0
 0
 0
 0
 0.002276
 0.010598
 0.00527
 0.01273
 0.014525
 0.008474000000000001
 0.011418
 0.012399
 0.01319
 0.015608
 0.012949
 0.014311
 0.012216
 0.013904
 0.013081
 0.012848
 0.01227
 0.012606
 0.013219
 0.01131
 0.014518
 0.011083
 0.013891
 0.012127
 0.011176
 0.011034
 0.01206
 0.013966
 0
 0
 0
 0
 0
 0
 0
 0
 0
 0
 0
 0
 0
 0
 0
 0
 0
 0
 0
 0
 0
 0
 0
 0
 0
 0
 0
 0
 0
 0
 0
 0
 0
 0
 0
 0
 0
 0
 0
 0
 0
 0
 0
 0
 0
 0
 0
 0
 0
 0
 0
 0
 0
 0
 0
 0
 0
 0
 0
 0


