# Created by Octave 4.0.0, Sat Nov 21 16:31:46 2015 W. Europe Standard Time <unknown@Florian-PC>
# name: mus
# type: matrix
# ndims: 3
 1 30 19
 0
 0
 0.91787
 0.69231
 0.69268
 0.93137
 0.95074
 0.95192
 0.98068
 0.975
 0.96172
 0.97549
 0.97596
 0.97959
 0.97949
 0.98558
 0.98529
 0.98232
 0.99043
 0.99
 0.98942
 0.9899
 0.99034
 0.98958
 0.99
 0.99038
 0.98942
 0.9949
 0.99507
 0.99444
 0
 0
 0.33333
 1
 0.6
 0.1
 0.5
 0.4
 0.4
 0.6
 0.6
 0.7
 0.6
 0.66667
 0.8
 0.5
 0.45
 0.65
 0.46667
 0.55
 0.47
 0.67
 0.7
 0.67
 0.64
 0.7
 0.70667
 0.68
 0.72
 0.76667
 0
 0
 0.63404
 0.80498
 0.86831
 0.61084
 0.71028
 0.64791
 0.65676
 0.73072
 0.71043
 0.57114
 0.5335
 0.60249
 0.62798
 0.70964
 0.582
 0.58739
 0.60746
 0.52166
 0.57507
 0.67188
 0.76288
 0.6694099999999999
 0.71126
 0.7496
 0.77744
 0.72771
 0.73397
 0.7432800000000001
 0
 0
 0.58334
 0.95835
 0.76
 0.36634
 0.63154
 0.49182
 0.55206
 0.63722
 0.57601
 0.6705100000000001
 0.68977
 0.61538
 0.75384
 0.64233
 0.52491
 0.50909
 0.57704
 0.5069900000000001
 0.57889
 0.65112
 0.7011500000000001
 0.71688
 0.75235
 0.78682
 0.78725
 0.74095
 0.76572
 0.78159
 0
 0
 0.66667
 1
 0.6
 0
 0.57143
 0.125
 0.11111
 0.8
 0.36364
 0.58333
 0.61538
 0.33333
 0.4
 0.33333
 1
 1
 1
 1
 1
 0
 0
 1
 1
 1
 1
 1
 1
 1
 0
 0
 0.83333
 0.9524
 0.725
 0.37501
 0.52084
 0.3884
 0.38443
 0.79841
 0.48233
 0.60101
 0.62331
 0.52476
 0.59356
 0.48696
 0.64985
 0.70117
 0.7537
 0.73487
 0.70062
 0.57988
 0.51453
 0.75093
 1.0599
 0.83387
 1.0625
 0.8022899999999999
 0.82455
 0.96057
 0
 0
 0.78929
 0.72232
 0.77562
 0.7279099999999999
 0.72554
 0.7931
 0.71046
 0.75293
 0.72732
 0.73806
 0.73106
 0.75327
 0.78243
 0.71438
 0.7721
 0.72038
 0.71693
 0.74412
 0.75427
 0.79924
 0.77482
 0.76456
 0.79334
 0.80389
 0.82245
 0.78688
 0.79451
 0.84021
 0
 0
 0.58334
 0.73937
 0.79872
 0.55971
 0.65934
 0.5883699999999999
 0.6158
 0.66795
 0.65683
 0.66194
 0.63481
 0.65147
 0.72417
 0.64523
 0.53973
 0.57243
 0.57389
 0.5321
 0.5979
 0.64791
 0.69237
 0.6933
 0.75518
 0.76768
 0.79354
 0.7385
 0.76633
 0.76389
 0
 0
 1
 1
 1
 1
 1
 1
 1
 1
 1
 1
 1
 1
 1
 1
 1
 1
 1
 1
 1
 1
 1
 1
 1
 1
 1
 1
 1
 1
 0
 0
 0.83333
 0.70179
 0.7930700000000001
 0.73039
 0.5569499999999999
 0.51345
 0.5246
 0.58478
 0.55813
 0.57716
 0.7018
 0.61356
 0.7170800000000001
 0.5744899999999999
 0.4809
 0.5123
 0.62619
 0.6196199999999999
 0.66586
 0.76024
 0.60745
 0.6062
 0.97327
 0.60819
 1.03008
 0.74785
 0.5934
 0.58947
 0
 0
 0.78929
 0.74807
 0.91612
 0.6977100000000001
 0.72897
 0.84285
 0.74104
 0.8442
 0.72593
 0.8024
 0.73466
 0.70017
 0.75075
 0.76607
 0.8365
 0.91551
 0.72522
 0.81242
 0.72739
 0.79708
 0.7649899999999999
 0.89438
 0.91195
 0.80965
 0.78699
 0.80532
 0.84337
 0.80785
 0
 0
 0
 0
 0
 0
 0
 0
 0
 0
 0
 0
 0
 0
 0
 0
 0
 0
 0
 0
 0
 0
 0
 0
 0
 0
 0
 0
 0
 0
 0
 0
 0
 0
 0
 0
 0
 0
 0
 0
 0
 0
 0
 0
 0
 0
 0
 0
 0
 0
 0
 0
 0
 0
 0
 0
 0
 0
 0
 0
 0
 0
 0
 0
 0
 0
 0
 0
 0
 0
 0
 0
 0
 0
 0
 0
 0
 0
 0
 0
 0
 0
 0
 0
 0
 0
 0
 0
 0
 0
 0
 0
 0
 0
 0
 0
 0
 0
 0
 0
 0
 0
 0
 0
 0
 0
 0
 0
 0
 0
 0
 0
 0
 0
 0
 0
 0
 0
 0
 0
 0
 0
 0
 0
 0
 0
 0
 0
 0
 0
 0
 0
 0
 0
 0
 0
 0
 0
 0
 0
 0
 0
 0
 0
 0
 0
 0
 0
 0
 0
 0
 0
 1
 1
 1
 1
 1
 1
 1
 1
 1
 1
 1
 1
 1
 1
 1
 1
 1
 1
 1
 1
 1
 1
 1
 1
 1
 1
 1
 1
 0
 0
 0
 0
 0
 0
 0
 0
 0
 0
 0
 0
 0
 0
 0
 0
 0
 0
 0
 0
 0
 0
 0
 0
 0
 0
 0
 0
 0
 0
 0
 0
 0
 0
 0
 0
 0
 0
 0
 0
 0
 0
 0
 0
 0
 0
 0
 0
 0
 0
 0
 0
 0
 0
 0
 0
 0
 0
 0
 0


# name: vars
# type: matrix
# ndims: 3
 1 30 19
 0
 0
 0.02747
 0.050528
 0.054195
 0.008616
 0.004775
 0.006346
 0.001854
 0.003026
 0.003963
 0.001532
 0.001356
 0.003476
 0.001766
 0.000751
 0.000708
 0.000968
 0.000453
 0.000444
 0.001008
 0.000402
 0.000368
 0.000372
 0.000343
 0.000317
 0.000327
 0.000182
 0.00017
 0.000185
 0
 0
 0.33333
 0
 0.3
 0.05
 0.25
 0.175
 0.05
 0.05
 0.05
 0.08889
 0.008330000000000001
 0.05556
 0.03333
 0.02778
 0.03333
 0.1125
 0.00556
 0.075
 0.04825
 0.0245
 0.008750000000000001
 0.0095
 0.048
 0.04
 0.028
 0.01922
 0.01144
 0.008330000000000001
 0
 0
 0
 0
 0
 0
 0
 0
 0
 0
 0
 0
 0
 0
 0
 0
 0
 0
 0
 0
 0
 0
 0
 0
 0
 0
 0
 0
 0
 0
 0
 0
 0.25
 0.00026
 0.11433
 0.00859
 0.0633
 0.06315999999999999
 0.05875
 0.06580999999999999
 0.05598
 0.05415
 0.05693
 0.05475
 0.03956
 0.04516
 0.04756
 0.04801
 0.04762
 0.0462
 0.04362
 0.04059
 0.04126
 0.03661
 0.03664
 0.03025
 0.03223
 0.03208
 0.03263
 0.03045
 0
 0
 0
 0
 0
 0
 0
 0
 0
 0
 0
 0
 0
 0
 0
 0
 0
 0
 0
 0
 0
 0
 0
 0
 0
 0
 0
 0
 0
 0
 0
 0
 0
 0
 0
 0
 0
 0
 0
 0
 0
 0
 0
 0
 0
 0
 0
 0
 0
 0
 0
 0
 0
 0
 0
 0
 0
 0
 0
 0
 0
 0
 0
 0
 0
 0
 0
 0
 0
 0
 0
 0
 0
 0
 0
 0
 0
 0
 0
 0
 0
 0
 0
 0
 0
 0
 0
 0
 0
 0
 0
 0
 0.25
 0.01035
 0.07638
 0.02394
 0.03456
 0.02854
 0.02997
 0.0459
 0.02733
 0.03583
 0.03288
 0.03072
 0.03474
 0.03369
 0.03094
 0.04513
 0.04007
 0.04809
 0.03961
 0.04644
 0.04139
 0.03994
 0.03566
 0.03475
 0.03157
 0.03182
 0.03607
 0.03744
 0
 0
 0
 0
 0
 0
 0
 0
 0
 0
 0
 0
 0
 0
 0
 0
 0
 0
 0
 0
 0
 0
 0
 0
 0
 0
 0
 0
 0
 0
 0
 0
 0
 0
 0
 0
 0
 0
 0
 0
 0
 0
 0
 0
 0
 0
 0
 0
 0
 0
 0
 0
 0
 0
 0
 0
 0
 0
 0
 0
 0
 0
 0
 0
 0
 0
 0
 0
 0
 0
 0
 0
 0
 0
 0
 0
 0
 0
 0
 0
 0
 0
 0
 0
 0
 0
 0
 0
 0
 0
 0
 0
 0
 0
 0
 0
 0
 0
 0
 0
 0
 0
 0
 0
 0
 0
 0
 0
 0
 0
 0
 0
 0
 0
 0
 0
 0
 0
 0
 0
 0
 0
 0
 0
 0
 0
 0
 0
 0
 0
 0
 0
 0
 0
 0
 0
 0
 0
 0
 0
 0
 0
 0
 0
 0
 0
 0
 0
 0
 0
 0
 0
 0
 0
 0
 0
 0
 0
 0
 0
 0
 0
 0
 0
 0
 0
 0
 0
 0
 0
 0
 0
 0
 0
 0
 0
 0
 0
 0
 0
 0
 0
 0
 0
 0
 0
 0
 0
 0
 0
 0
 0
 0
 0
 0
 0
 0
 0
 0
 0
 0
 0
 0
 0
 0
 0
 0
 0
 0
 0
 0
 0
 0
 0
 0
 0
 0
 0
 0
 0
 0
 0
 0
 0
 0
 0
 0
 0
 0
 0
 0
 0
 0
 0
 0
 0
 0
 0
 0
 0
 0
 0
 0
 0
 0
 0
 0
 0
 0
 0
 0
 0
 0
 0
 0
 0
 0
 0
 0
 0
 0
 0
 0
 0
 0
 0
 0
 0
 0
 0
 0
 0
 0
 0
 0
 0
 0
 0
 0
 0
 0
 0
 0
 0
 0
 0
 0
 0
 0
 0
 0
 0
 0
 0
 0
 0
 0
 0
 0
 0
 0
 0
 0
 0
 0
 0
 0
 0
 0
 0
 0
 0
 0
 0
 0
 0
 0
 0
 0
 0
 0
 0
 0
 0
 0
 0
 0
 0
 0
 0


