# Created by Octave 4.0.0, Sat Nov 21 16:31:35 2015 W. Europe Standard Time <unknown@Florian-PC>
# name: mus
# type: matrix
# ndims: 3
 1 30 19
 0
 0
 0.66184
 0.65865
 0.94634
 0.94608
 0.94581
 0.94712
 0.96135
 0.96
 0.9521500000000001
 0.94118
 0.70673
 0.6887799999999999
 0.84615
 0.86058
 0.93219
 0.92172
 0.92823
 0.97
 0.9682500000000001
 0.9697
 0.93881
 0.96875
 0.9625
 0.97115
 0.95616
 0.95918
 0.9605900000000001
 0.95556
 0
 0
 1
 1
 0.8
 0.7
 0.9
 0.9
 0.8
 0.9
 0.93333
 0.93333
 1
 1
 0.93333
 0.93333
 0.8833299999999999
 0.83333
 0.9
 0.9
 0.96
 1
 1
 1
 0.92
 0.92
 0.93333
 1
 1
 1
 0
 0
 1
 1
 0.71308
 0.8072
 0.90307
 0.88454
 0.94374
 0.91551
 0.93531
 0.95091
 0.96966
 0.98332
 0.93876
 0.96013
 0.93854
 0.91574
 0.9400500000000001
 0.95795
 0.97027
 0.96378
 0.94178
 0.9578
 0.96156
 0.94591
 0.96709
 0.9867899999999999
 0.96856
 0.98109
 0
 0
 1
 1
 0.81294
 0.7928500000000001
 0.83607
 0.8468
 0.86595
 0.87257
 0.88519
 0.90471
 0.96505
 0.96536
 0.9479300000000001
 0.94751
 0.9147999999999999
 0.91699
 0.91861
 0.96627
 0.96753
 0.97154
 0.96662
 0.96373
 0.97155
 0.96991
 0.97485
 0.97566
 0.97831
 0.9758
 0
 0
 1
 1
 0.8
 0.83333
 0.85714
 1
 0.66667
 0.8
 0.90909
 0.91667
 1
 1
 0.8
 1
 1
 0
 1
 1
 1
 1
 1
 1
 1
 1
 1
 1
 1
 1
 0
 0
 1
 1
 0.68227
 0.72418
 0.80278
 0.92043
 0.79548
 0.87055
 0.91269
 0.92406
 0.9811800000000001
 0.9891799999999999
 0.93735
 0.9696399999999999
 0.92616
 0.74242
 0.94412
 0.9587
 0.99189
 0.94524
 0.9700299999999999
 0.99235
 0.96661
 0.99447
 0.99343
 0.97898
 0.9589299999999999
 0.9607599999999999
 0
 0
 1
 1
 0.80428
 0.7599900000000001
 0.78337
 0.81443
 0.86505
 0.96016
 0.91555
 0.9537600000000001
 0.92082
 0.94196
 0.91976
 0.93596
 0.96524
 0.94582
 0.93031
 0.92894
 0.97138
 0.95183
 0.94006
 0.94102
 0.97382
 0.97383
 0.89718
 0.96941
 0.94791
 0.97492
 0
 0
 1
 1
 0.7408
 0.75437
 0.81192
 0.80186
 0.83265
 0.84966
 0.85439
 0.8711100000000001
 0.88779
 0.89652
 0.91357
 0.91347
 0.88
 0.88112
 0.87882
 0.90569
 0.9145
 0.9046
 0.90335
 0.91617
 0.90402
 0.9139699999999999
 0.90374
 0.90643
 0.9224599999999999
 0.91528
 0
 0
 0.94812
 0.92613
 0.92488
 0.92187
 0.92821
 0.93028
 0.92274
 0.91594
 0.9262899999999999
 0.92426
 0.92893
 0.93301
 0.9226799999999999
 0.91098
 0.9136300000000001
 0.90252
 0.9083599999999999
 0.91185
 0.90601
 0.91053
 0.90123
 0.898
 0.90176
 0.90587
 0.90929
 0.90319
 0.91373
 0.90426
 0
 0
 1
 1
 0.6751
 0.41747
 0.87504
 0.81385
 0.84352
 0.9188
 0.8817199999999999
 0.90032
 0.90916
 0.96046
 0.88446
 0.9402
 0.93011
 0.48792
 0.92921
 0.97238
 0.98124
 0.9822
 0.98129
 0.9821
 0.98049
 0.98585
 0.99047
 0.99055
 0.99218
 0.99265
 0
 0
 1
 1
 0.8065
 0.82294
 0.81035
 0.75034
 0.86509
 0.90602
 0.87258
 0.93508
 0.87327
 0.9510999999999999
 0.88452
 0.93106
 0.90679
 0.96287
 0.60026
 0.92696
 0.90486
 0.98902
 0.95189
 0.98631
 0.93637
 0.94372
 0.9754
 0.9700800000000001
 0.94412
 0.98019
 0
 0
 0
 0
 0
 0
 0
 0
 0
 0
 0
 0
 0
 0
 0
 0
 0
 0
 0
 0
 0
 0
 0
 0
 0
 0
 0
 0
 0
 0
 0
 0
 0
 0
 0
 0
 0
 0
 0
 0
 0
 0
 0
 0
 0
 0
 0
 0
 0
 0
 0
 0
 0
 0
 0
 0
 0
 0
 0
 0
 0
 0
 0
 0
 0
 0
 0
 0
 0
 0
 0
 0
 0
 0
 0
 0
 0
 0
 0
 0
 0
 0
 0
 0
 0
 0
 0
 0
 0
 0
 0
 0
 0
 0
 0
 0
 0
 0
 0
 0
 0
 0
 0
 0
 0
 0
 0
 0
 0
 0
 0
 0
 0
 0
 0
 0
 0
 0
 0
 0
 0
 0
 0
 0
 0
 0
 0
 0
 0
 0
 0
 0
 0
 0
 0
 0
 0
 0
 0
 0
 0
 0
 0
 0
 0
 0
 0
 0
 0
 0
 0
 0
 0.98994
 0.89676
 0.9416600000000001
 0.92847
 0.90242
 0.92664
 0.91877
 0.9031400000000001
 0.9132
 0.91618
 0.90857
 0.91124
 0.9227300000000001
 0.91383
 0.90881
 0.90108
 0.89713
 0.90181
 0.9190700000000001
 0.9065800000000001
 0.89607
 0.91088
 0.90877
 0.90802
 0.89898
 0.9036
 0.90082
 0.9023600000000001
 0
 0
 0
 0
 0
 0
 0
 0
 0
 0
 0
 0
 0
 0
 0
 0
 0
 0
 0
 0
 0
 0
 0
 0
 0
 0
 0
 0
 0
 0
 0
 0
 0
 0
 0
 0
 0
 0
 0
 0
 0
 0
 0
 0
 0
 0
 0
 0
 0
 0
 0
 0
 0
 0
 0
 0
 0
 0
 0
 0


