# Created by Octave 4.0.0, Sat Nov 21 16:31:47 2015 W. Europe Standard Time <unknown@Florian-PC>
# name: mus
# type: matrix
# ndims: 3
 1 30 19
 0
 0
 0.67633
 0.92308
 0.78537
 0.7549
 0.75862
 0.79327
 0.69082
 0.755
 0.7512
 0.81863
 0.83173
 0.83163
 0.84615
 0.8125
 0.9902
 0.9596
 0.99522
 0.995
 0.98942
 0.99495
 0.99034
 0.99479
 0.9625
 0.98077
 1
 1
 1
 1
 0
 0
 0
 0
 0.8
 0.2
 0.8
 0.8
 0.7
 0.9
 0.7
 0.56667
 0.56667
 0.73333
 0.73333
 0.6333299999999999
 0.58333
 0.6333299999999999
 0.58333
 0.7
 0.73
 0.59
 0.52
 0.62
 0.6
 0.54
 0.59333
 0.64
 0.72667
 0.73333
 0
 0
 0.39158
 0.47094
 0.75059
 0.71247
 0.6765600000000001
 0.7829700000000001
 0.77054
 0.87231
 0.83375
 0.6785600000000001
 0.6698
 0.77813
 0.7178600000000001
 0.737
 0.63506
 0.64301
 0.63396
 0.69602
 0.68908
 0.69579
 0.69143
 0.76197
 0.61793
 0.6472599999999999
 0.63795
 0.6303299999999999
 0.72944
 0.68889
 0
 0
 0.22226
 0.29169
 0.74417
 0.50291
 0.67278
 0.78565
 0.86121
 0.88917
 0.77956
 0.74113
 0.79535
 0.87369
 0.83294
 0.8093900000000001
 0.7125
 0.74934
 0.73647
 0.7682600000000001
 0.7725
 0.7734
 0.76799
 0.72377
 0.68184
 0.69395
 0.6082
 0.68177
 0.68429
 0.74295
 0
 0
 0
 0
 0.6
 0
 0.85714
 0.375
 0.88889
 0.7
 0.72727
 0.66667
 0.69231
 0.77778
 0.6
 0.66667
 0.5
 0
 0
 0
 1
 1
 0
 0
 0
 0
 0
 0
 1
 0
 0
 0
 0.25004
 0.16668
 0.675
 0.34169
 0.92619
 0.5377999999999999
 0.8621
 0.79127
 0.731
 0.68232
 0.74907
 0.80912
 0.68789
 0.75244
 0.58972
 0.47918
 0.45791
 0.52665
 0.91903
 1.01403
 0.63197
 0.628
 0.42191
 0.39586
 0.45834
 0.29169
 0.96374
 0.625
 0
 0
 0.36788
 0.68127
 0.6384300000000001
 0.67142
 0.6858300000000001
 0.71704
 0.73346
 0.86969
 0.8615
 0.78082
 0.79637
 0.82284
 0.71706
 0.7527199999999999
 0.73293
 0.69986
 0.78912
 0.78798
 0.7831
 0.74259
 0.82311
 0.74354
 0.78798
 0.77854
 0.73965
 0.7829199999999999
 0.80431
 0.77737
 0
 0
 0.22226
 0.31621
 0.68338
 0.5717
 0.69028
 0.74069
 0.80988
 0.8637899999999999
 0.80818
 0.7666500000000001
 0.72816
 0.83253
 0.78443
 0.79232
 0.71349
 0.70191
 0.69782
 0.74036
 0.75731
 0.75749
 0.7605499999999999
 0.76224
 0.70121
 0.6964
 0.61071
 0.67862
 0.6823399999999999
 0.73755
 0
 0
 1
 1
 1
 1
 1
 1
 1
 1
 1
 1
 1
 1
 1
 1
 1
 1
 1
 1
 1
 1
 1
 1
 1
 1
 1
 1
 1
 1
 0
 0
 0.25004
 0.21569
 0.7230799999999999
 0.43595
 0.82006
 0.72123
 0.67226
 0.82995
 0.7979000000000001
 0.74805
 0.78003
 0.9101399999999999
 0.75604
 0.84279
 0.6428199999999999
 0.66645
 0.68013
 0.80971
 0.88406
 0.91916
 0.88925
 0.81982
 0.82907
 0.7377
 0.49571
 0.58753
 0.59358
 0.58947
 0
 0
 0.36788
 0.72282
 0.62336
 0.66725
 0.69935
 0.68376
 0.71375
 0.88053
 0.96238
 0.85498
 0.9436600000000001
 0.96092
 0.74912
 0.8139
 0.72663
 0.75374
 0.85588
 0.7736499999999999
 0.8972
 0.72063
 0.86334
 0.7768699999999999
 0.83313
 0.8620100000000001
 0.7703100000000001
 0.8355399999999999
 0.78791
 0.7867499999999999
 0
 0
 0
 0
 0
 0
 0
 0
 0
 0
 0
 0
 0
 0
 0
 0
 0
 0
 0
 0
 0
 0
 0
 0
 0
 0
 0
 0
 0
 0
 0
 0
 0
 0
 0
 0
 0
 0
 0
 0
 0
 0
 0
 0
 0
 0
 0
 0
 0
 0
 0
 0
 0
 0
 0
 0
 0
 0
 0
 0
 0
 0
 0
 0
 0
 0
 0
 0
 0
 0
 0
 0
 0
 0
 0
 0
 0
 0
 0
 0
 0
 0
 0
 0
 0
 0
 0
 0
 0
 0
 0
 0
 0
 0
 0
 0
 0
 0
 0
 0
 0
 0
 0
 0
 0
 0
 0
 0
 0
 0
 0
 0
 0
 0
 0
 0
 0
 0
 0
 0
 0
 0
 0
 0
 0
 0
 0
 0
 0
 0
 0
 0
 0
 0
 0
 0
 0
 0
 0
 0
 0
 0
 0
 0
 0
 0
 0
 0
 0
 0
 0
 0
 1
 1
 1
 1
 1
 1
 1
 1
 1
 1
 1
 1
 1
 1
 1
 1
 1
 1
 1
 1
 1
 1
 1
 1
 1
 1
 1
 1
 0
 0
 0
 0
 0
 0
 0
 0
 0
 0
 0
 0
 0
 0
 0
 0
 0
 0
 0
 0
 0
 0
 0
 0
 0
 0
 0
 0
 0
 0
 0
 0
 0
 0
 0
 0
 0
 0
 0
 0
 0
 0
 0
 0
 0
 0
 0
 0
 0
 0
 0
 0
 0
 0
 0
 0
 0
 0
 0
 0


# name: vars
# type: matrix
# ndims: 3
 1 30 19
 0
 0
 0.068533
 0.013575
 0.03878
 0.032383
 0.022017
 0.021178
 0.033621
 0.014184
 0.016384
 0.008885000000000001
 0.012796
 0.005971
 0.012137
 0.01237
 0.0005240000000000001
 0.002525
 0.000252
 0.00025
 0.000441
 0.00023
 0.000368
 0.000217
 0.002336
 0.000423
 0
 0
 0
 0
 0
 0
 0
 0
 0.2
 0.2
 0.2
 0.075
 0.2
 0.05
 0.075
 0.13333
 0.13333
 0.07778
 0.07778
 0.17222
 0.09028
 0.04722
 0.04514
 0.0125
 0.04575
 0.04175
 0.007
 0.052
 0.02
 0.008
 0.02356
 0.01522
 0.00689
 0.02222
 0
 0
 0
 0
 0
 0
 0
 0
 0
 0
 0
 0
 0
 0
 0
 0
 0
 0
 0
 0
 0
 0
 0
 0
 0
 0
 0
 0
 0
 0
 0
 0
 0.006947
 0.020374
 0.098575
 0.072072
 0.076795
 0.060012
 0.036848
 0.02751
 0.050087
 0.042122
 0.039338
 0.026054
 0.033735
 0.03446
 0.045957
 0.04258
 0.03749
 0.03398
 0.036461
 0.035485
 0.033977
 0.039056
 0.041208
 0.040647
 0.044183
 0.039756
 0.035759
 0.035631
 0
 0
 0
 0
 0
 0
 0
 0
 0
 0
 0
 0
 0
 0
 0
 0
 0
 0
 0
 0
 0
 0
 0
 0
 0
 0
 0
 0
 0
 0
 0
 0
 0
 0
 0
 0
 0
 0
 0
 0
 0
 0
 0
 0
 0
 0
 0
 0
 0
 0
 0
 0
 0
 0
 0
 0
 0
 0
 0
 0
 0
 0
 0
 0
 0
 0
 0
 0
 0
 0
 0
 0
 0
 0
 0
 0
 0
 0
 0
 0
 0
 0
 0
 0
 0
 0
 0
 0
 0
 0
 0
 0
 0.006947
 0.024474
 0.09851600000000001
 0.057941
 0.057419
 0.048256
 0.039247
 0.031674
 0.041529
 0.033473
 0.041628
 0.033481
 0.043402
 0.044929
 0.04227
 0.036741
 0.041412
 0.040052
 0.036853
 0.036589
 0.040284
 0.03301
 0.039324
 0.041654
 0.048852
 0.041629
 0.041407
 0.039052
 0
 0
 0
 0
 0
 0
 0
 0
 0
 0
 0
 0
 0
 0
 0
 0
 0
 0
 0
 0
 0
 0
 0
 0
 0
 0
 0
 0
 0
 0
 0
 0
 0
 0
 0
 0
 0
 0
 0
 0
 0
 0
 0
 0
 0
 0
 0
 0
 0
 0
 0
 0
 0
 0
 0
 0
 0
 0
 0
 0
 0
 0
 0
 0
 0
 0
 0
 0
 0
 0
 0
 0
 0
 0
 0
 0
 0
 0
 0
 0
 0
 0
 0
 0
 0
 0
 0
 0
 0
 0
 0
 0
 0
 0
 0
 0
 0
 0
 0
 0
 0
 0
 0
 0
 0
 0
 0
 0
 0
 0
 0
 0
 0
 0
 0
 0
 0
 0
 0
 0
 0
 0
 0
 0
 0
 0
 0
 0
 0
 0
 0
 0
 0
 0
 0
 0
 0
 0
 0
 0
 0
 0
 0
 0
 0
 0
 0
 0
 0
 0
 0
 0
 0
 0
 0
 0
 0
 0
 0
 0
 0
 0
 0
 0
 0
 0
 0
 0
 0
 0
 0
 0
 0
 0
 0
 0
 0
 0
 0
 0
 0
 0
 0
 0
 0
 0
 0
 0
 0
 0
 0
 0
 0
 0
 0
 0
 0
 0
 0
 0
 0
 0
 0
 0
 0
 0
 0
 0
 0
 0
 0
 0
 0
 0
 0
 0
 0
 0
 0
 0
 0
 0
 0
 0
 0
 0
 0
 0
 0
 0
 0
 0
 0
 0
 0
 0
 0
 0
 0
 0
 0
 0
 0
 0
 0
 0
 0
 0
 0
 0
 0
 0
 0
 0
 0
 0
 0
 0
 0
 0
 0
 0
 0
 0
 0
 0
 0
 0
 0
 0
 0
 0
 0
 0
 0
 0
 0
 0
 0
 0
 0
 0
 0
 0
 0
 0
 0
 0
 0
 0
 0
 0
 0
 0
 0
 0
 0
 0
 0
 0
 0
 0
 0
 0
 0
 0
 0
 0
 0
 0
 0
 0
 0
 0
 0
 0
 0
 0
 0
 0
 0
 0
 0
 0
 0
 0
 0
 0
 0
 0


