# Created by Octave 4.0.0, Sat Nov 21 16:31:57 2015 W. Europe Standard Time <unknown@Florian-PC>
# name: mus
# type: matrix
# ndims: 3
 1 30 19
 0
 0
 0.53623
 0.69712
 0.75122
 0.85784
 0.85222
 0.79808
 0.80193
 0.78
 0.60287
 0.68137
 0.79327
 0.85204
 0.85641
 0.98077
 0.98529
 0.9798
 0.96651
 0.93
 0.9841299999999999
 0.98485
 0.9533
 0.98958
 0.9475
 0.98558
 0.9841299999999999
 0.98469
 0.98522
 0.98333
 0
 0
 0.66667
 1
 0.8
 0.6
 0.5
 1
 0.8
 0.8
 0.93333
 0.9
 0.83333
 0.8666700000000001
 0.8666700000000001
 0.8
 0.7
 0.8
 0.71667
 0.8
 0.82
 0.79
 0.86
 0.87
 0.84
 0.92667
 0.93333
 0.89333
 0.92667
 0.93333
 0
 0
 0.6137
 0.93842
 0.85206
 0.82799
 0.82511
 0.9117
 0.82511
 0.8018999999999999
 0.7958
 0.8554
 0.8657899999999999
 0.87885
 0.82229
 0.81406
 0.7571600000000001
 0.84916
 0.8618
 0.82467
 0.8009500000000001
 0.84867
 0.86647
 0.81728
 0.85897
 0.84711
 0.86944
 0.88614
 0.87616
 0.90873
 0
 0
 0.61112
 0.98215
 0.89167
 0.8721100000000001
 0.8261500000000001
 0.96833
 0.83346
 0.90138
 0.92753
 0.96608
 0.92846
 0.9695
 0.93064
 0.85109
 0.81702
 0.8296
 0.86247
 0.84515
 0.8651
 0.84119
 0.87517
 0.89096
 0.89252
 0.85549
 0.91229
 0.91617
 0.89943
 0.8912600000000001
 0
 0
 1
 1
 1
 0.66667
 0.85714
 1
 0.77778
 1
 0.90909
 1
 1
 1
 0.8
 0.66667
 1
 1
 0
 1
 0
 1
 0
 1
 1
 1
 0
 1
 1
 1
 0
 0
 1.5
 1.33333
 1.125
 0.72083
 0.87738
 1.04107
 0.76091
 1.05119
 0.90871
 1.02551
 1.02547
 1.0321
 0.85023
 0.7742
 0.95304
 0.9689
 0.63401
 1.02434
 0.58931
 1.01398
 0.57958
 1.00324
 1.03125
 0.92786
 0.75
 0.875
 0.9387799999999999
 1
 0
 0
 0.78929
 0.77569
 0.90421
 0.84182
 0.91377
 0.90469
 0.93564
 0.85061
 0.82553
 0.8388
 0.91362
 0.9075299999999999
 0.89003
 0.83832
 0.86429
 0.86029
 0.85272
 0.8623499999999999
 0.84695
 0.88897
 0.87731
 0.84766
 0.88803
 0.88386
 0.88348
 0.88253
 0.89512
 0.9003100000000001
 0
 0
 0.61112
 0.88827
 0.87435
 0.91022
 0.87547
 0.92805
 0.81097
 0.87539
 0.8771099999999999
 0.91744
 0.9215100000000001
 0.94137
 0.91632
 0.8815499999999999
 0.84209
 0.84199
 0.86641
 0.8344
 0.85578
 0.86633
 0.87462
 0.88942
 0.87781
 0.8420800000000001
 0.89178
 0.9001
 0.90381
 0.91306
 0
 0
 1
 1
 1
 1
 1
 1
 1
 1
 1
 1
 1
 1
 1
 1
 1
 1
 1
 1
 1
 1
 1
 1
 1
 1
 1
 1
 1
 1
 0
 0
 1.5
 1.33333
 1.03231
 0.7118100000000001
 0.86095
 0.94507
 0.76049
 0.89915
 0.85866
 0.93795
 0.94559
 0.97584
 0.97011
 0.8495
 0.76309
 0.78327
 0.99597
 0.94554
 0.9301700000000001
 0.91916
 0.99678
 0.90217
 1.11676
 0.70666
 1
 0.88151
 0.74815
 1
 0
 0
 0.78929
 0.77569
 0.97235
 0.8457
 0.95573
 0.89492
 0.83017
 0.86894
 0.80191
 0.83369
 0.97366
 0.88464
 0.94959
 1.03056
 0.93416
 0.90167
 0.857
 1.00126
 0.87225
 0.8278
 0.90193
 0.93282
 0.96288
 0.949
 0.92392
 0.88078
 0.9977200000000001
 0.97333
 0
 0
 0
 0
 0
 0
 0
 0
 0
 0
 0
 0
 0
 0
 0
 0
 0
 0
 0
 0
 0
 0
 0
 0
 0
 0
 0
 0
 0
 0
 0
 0
 0
 0
 0
 0
 0
 0
 0
 0
 0
 0
 0
 0
 0
 0
 0
 0
 0
 0
 0
 0
 0
 0
 0
 0
 0
 0
 0
 0
 0
 0
 0
 0
 0
 0
 0
 0
 0
 0
 0
 0
 0
 0
 0
 0
 0
 0
 0
 0
 0
 0
 0
 0
 0
 0
 0
 0
 0
 0
 0
 0
 0
 0
 0
 0
 0
 0
 0
 0
 0
 0
 0
 0
 0
 0
 0
 0
 0
 0
 0
 0
 0
 0
 0
 0
 0
 0
 0
 0
 0
 0
 0
 0
 0
 0
 0
 0
 0
 0
 0
 0
 0
 0
 0
 0
 0
 0
 0
 0
 0
 0
 0
 0
 0
 0
 0
 0
 0
 0
 0
 0
 1
 1
 1
 1
 1
 1
 1
 1
 1
 1
 1
 1
 1
 1
 1
 1
 1
 1
 1
 1
 1
 1
 1
 1
 1
 1
 1
 1
 0
 0
 0
 0
 0
 0
 0
 0
 0
 0
 0
 0
 0
 0
 0
 0
 0
 0
 0
 0
 0
 0
 0
 0
 0
 0
 0
 0
 0
 0
 0
 0
 0
 0
 0
 0
 0
 0
 0
 0
 0
 0
 0
 0
 0
 0
 0
 0
 0
 0
 0
 0
 0
 0
 0
 0
 0
 0
 0
 0


# name: vars
# type: matrix
# ndims: 3
 1 30 19
 0
 0
 0.08241
 0.047393
 0.045561
 0.015374
 0.013823
 0.022596
 0.019031
 0.014316
 0.040597
 0.02451
 0.022658
 0.008214000000000001
 0.008775
 0.000901
 0.001337
 0.001403
 0.002367
 0.004
 0.000567
 0.000517
 0.011908
 0.000372
 0.001479
 0.000396
 0.000392
 0.000364
 0.00034
 0.000778
 0
 0
 0.33333
 0
 0.2
 0.3
 0.25
 0
 0.075
 0.075
 0.02222
 0.05
 0.05556
 0.08889
 0.03333
 0.08889
 0.05764
 0.075
 0.08889
 0.04375
 0.062
 0.0605
 0.048
 0.0345
 0.048
 0.01022
 0.02222
 0.02356
 0.01022
 0.008330000000000001
 0
 0
 0
 0
 0
 0
 0
 0
 0
 0
 0
 0
 0
 0
 0
 0
 0
 0
 0
 0
 0
 0
 0
 0
 0
 0
 0
 0
 0
 0
 0
 0
 0.22048
 0.00057
 0.03005
 0.03348
 0.04334
 0.00553
 0.03197
 0.02458
 0.01523
 0.00538
 0.0164
 0.00415
 0.01237
 0.02878
 0.03092
 0.02988
 0.02504
 0.02752
 0.02481
 0.02742
 0.02108
 0.01742
 0.01858
 0.02486
 0.01419
 0.01397
 0.01751
 0.02022
 0
 0
 0
 0
 0
 0
 0
 0
 0
 0
 0
 0
 0
 0
 0
 0
 0
 0
 0
 0
 0
 0
 0
 0
 0
 0
 0
 0
 0
 0
 0
 0
 0
 0
 0
 0
 0
 0
 0
 0
 0
 0
 0
 0
 0
 0
 0
 0
 0
 0
 0
 0
 0
 0
 0
 0
 0
 0
 0
 0
 0
 0
 0
 0
 0
 0
 0
 0
 0
 0
 0
 0
 0
 0
 0
 0
 0
 0
 0
 0
 0
 0
 0
 0
 0
 0
 0
 0
 0
 0
 0
 0
 0.22048
 0.02219
 0.02937
 0.01439
 0.02604
 0.01583
 0.02846
 0.01979
 0.02524
 0.02401
 0.01842
 0.01478
 0.01639
 0.02435
 0.02611
 0.02434
 0.02088
 0.02677
 0.02501
 0.02103
 0.0247
 0.0187
 0.02376
 0.02837
 0.01759
 0.01735
 0.01757
 0.01424
 0
 0
 0
 0
 0
 0
 0
 0
 0
 0
 0
 0
 0
 0
 0
 0
 0
 0
 0
 0
 0
 0
 0
 0
 0
 0
 0
 0
 0
 0
 0
 0
 0
 0
 0
 0
 0
 0
 0
 0
 0
 0
 0
 0
 0
 0
 0
 0
 0
 0
 0
 0
 0
 0
 0
 0
 0
 0
 0
 0
 0
 0
 0
 0
 0
 0
 0
 0
 0
 0
 0
 0
 0
 0
 0
 0
 0
 0
 0
 0
 0
 0
 0
 0
 0
 0
 0
 0
 0
 0
 0
 0
 0
 0
 0
 0
 0
 0
 0
 0
 0
 0
 0
 0
 0
 0
 0
 0
 0
 0
 0
 0
 0
 0
 0
 0
 0
 0
 0
 0
 0
 0
 0
 0
 0
 0
 0
 0
 0
 0
 0
 0
 0
 0
 0
 0
 0
 0
 0
 0
 0
 0
 0
 0
 0
 0
 0
 0
 0
 0
 0
 0
 0
 0
 0
 0
 0
 0
 0
 0
 0
 0
 0
 0
 0
 0
 0
 0
 0
 0
 0
 0
 0
 0
 0
 0
 0
 0
 0
 0
 0
 0
 0
 0
 0
 0
 0
 0
 0
 0
 0
 0
 0
 0
 0
 0
 0
 0
 0
 0
 0
 0
 0
 0
 0
 0
 0
 0
 0
 0
 0
 0
 0
 0
 0
 0
 0
 0
 0
 0
 0
 0
 0
 0
 0
 0
 0
 0
 0
 0
 0
 0
 0
 0
 0
 0
 0
 0
 0
 0
 0
 0
 0
 0
 0
 0
 0
 0
 0
 0
 0
 0
 0
 0
 0
 0
 0
 0
 0
 0
 0
 0
 0
 0
 0
 0
 0
 0
 0
 0
 0
 0
 0
 0
 0
 0
 0
 0
 0
 0
 0
 0
 0
 0
 0
 0
 0
 0
 0
 0
 0
 0
 0
 0
 0
 0
 0
 0
 0
 0
 0
 0
 0
 0
 0
 0
 0
 0
 0
 0
 0
 0
 0
 0
 0
 0
 0
 0
 0
 0
 0
 0
 0
 0
 0
 0
 0
 0
 0
 0


