# Created by Octave 4.0.0, Sat Nov 21 16:31:52 2015 W. Europe Standard Time <unknown@Florian-PC>
# name: mus
# type: matrix
# ndims: 3
 1 30 19
 0
 0
 0.86957
 0.89904
 0.8439
 0.92157
 0.91133
 0.875
 0.91787
 0.945
 0.96172
 0.97059
 0.98077
 0.97959
 0.97949
 0.98077
 0.98039
 0.97727
 0.98086
 0.985
 0.9841299999999999
 0.98485
 0.9533
 0.98438
 0.97
 0.98558
 0.98942
 0.97959
 0.96974
 0.98889
 0
 0
 0.33333
 1
 1
 0.8
 0.7
 0.8
 0.6
 0.8
 0.66667
 0.83333
 0.73333
 0.93333
 0.8
 0.83333
 0.9
 0.8666700000000001
 0.9
 0.8
 0.9
 0.82
 0.82
 0.84
 0.92
 0.92
 0.88667
 0.86
 0.83333
 0.83333
 0
 0
 0.66638
 0.87992
 0.88806
 0.8686199999999999
 0.79961
 0.68927
 0.68353
 0.79777
 0.73822
 0.71674
 0.79382
 0.85482
 0.88518
 0.84706
 0.91452
 0.8949
 0.94875
 0.85846
 0.88381
 0.92375
 0.88773
 0.92219
 0.92542
 0.91872
 0.9035
 0.84909
 0.87356
 0.88098
 0
 0
 0.39801
 0.87734
 0.89048
 0.8672299999999999
 0.68954
 0.78157
 0.74778
 0.76495
 0.79737
 0.80267
 0.81719
 0.84404
 0.86641
 0.9021400000000001
 0.9054
 0.94138
 0.94119
 0.89246
 0.92624
 0.91928
 0.92755
 0.93393
 0.94944
 0.9500999999999999
 0.90296
 0.87635
 0.88292
 0.88772
 0
 0
 0.66667
 1
 1
 1
 0.85714
 0.75
 0.66667
 0.9
 0.63636
 0.75
 0.76923
 0.88889
 1
 1
 1
 1
 1
 1
 1
 1
 1
 1
 1
 1
 1
 1
 1
 1
 0
 0
 0.65072
 0.96549
 0.94757
 0.93848
 0.84865
 0.73299
 0.69176
 0.85309
 0.72564
 0.76829
 0.81776
 0.89923
 0.92295
 0.94465
 0.96067
 0.9650300000000001
 0.96508
 0.89401
 0.96168
 0.9512
 0.9545400000000001
 0.95644
 0.92683
 0.92876
 0.95048
 0.93036
 0.94476
 0.9388
 0
 0
 0.78929
 0.73982
 0.77511
 0.81447
 0.76806
 0.85187
 0.79378
 0.76228
 0.7635
 0.79887
 0.79757
 0.7839699999999999
 0.83938
 0.86311
 0.87561
 0.90843
 0.84565
 0.80052
 0.8203
 0.85403
 0.8328
 0.89224
 0.88631
 0.93055
 0.88522
 0.8881
 0.82213
 0.84449
 0
 0
 0.41679
 0.84183
 0.81804
 0.84968
 0.66062
 0.74381
 0.68293
 0.70645
 0.71441
 0.73804
 0.74482
 0.75919
 0.80206
 0.8178
 0.82924
 0.85244
 0.85326
 0.81132
 0.83099
 0.8420299999999999
 0.85898
 0.85001
 0.8619599999999999
 0.87157
 0.82928
 0.79432
 0.795
 0.80492
 0
 0
 0.9683
 0.92837
 0.9443
 0.91142
 0.90113
 0.9053
 0.91803
 0.89539
 0.92664
 0.9254599999999999
 0.92588
 0.91
 0.91436
 0.91281
 0.90035
 0.91778
 0.90467
 0.90799
 0.9026
 0.90898
 0.9057500000000001
 0.8993100000000001
 0.9113599999999999
 0.90609
 0.90149
 0.89823
 0.89701
 0.90272
 0
 0
 0.6852200000000001
 0.97185
 0.92126
 0.83782
 0.7938
 0.7204
 0.7022699999999999
 0.7579399999999999
 0.77829
 0.82285
 0.85119
 0.88403
 0.7612
 0.93664
 0.95443
 0.9656400000000001
 0.9594
 0.93626
 0.7951
 0.94421
 0.94816
 0.94292
 0.38342
 0.96541
 0.89274
 0.7696
 0.8812
 0.86539
 0
 0
 0.78929
 0.82551
 0.78148
 0.84206
 0.78105
 0.824
 0.75415
 0.7666500000000001
 0.74926
 0.7792
 0.8097299999999999
 0.76942
 0.78201
 0.89579
 0.86309
 0.9211
 0.87569
 0.88809
 0.86782
 0.86494
 0.87917
 0.8653999999999999
 0.95021
 0.95448
 0.93569
 0.90877
 0.80084
 0.85051
 0
 0
 0
 0
 0
 0
 0
 0
 0
 0
 0
 0
 0
 0
 0
 0
 0
 0
 0
 0
 0
 0
 0
 0
 0
 0
 0
 0
 0
 0
 0
 0
 0
 0
 0
 0
 0
 0
 0
 0
 0
 0
 0
 0
 0
 0
 0
 0
 0
 0
 0
 0
 0
 0
 0
 0
 0
 0
 0
 0
 0
 0
 0
 0
 0
 0
 0
 0
 0
 0
 0
 0
 0
 0
 0
 0
 0
 0
 0
 0
 0
 0
 0
 0
 0
 0
 0
 0
 0
 0
 0
 0
 0
 0
 0
 0
 0
 0
 0
 0
 0
 0
 0
 0
 0
 0
 0
 0
 0
 0
 0
 0
 0
 0
 0
 0
 0
 0
 0
 0
 0
 0
 0
 0
 0
 0
 0
 0
 0
 0
 0
 0
 0
 0
 0
 0
 0
 0
 0
 0
 0
 0
 0
 0
 0
 0
 0
 0
 0
 0
 0
 0
 0.92638
 0.88872
 0.97041
 0.91904
 0.92569
 0.90598
 0.90129
 0.90589
 0.92562
 0.91955
 0.93227
 0.91367
 0.91289
 0.92543
 0.90067
 0.92405
 0.92361
 0.89888
 0.9063
 0.89966
 0.90217
 0.91155
 0.912
 0.92055
 0.9077
 0.90233
 0.91011
 0.89955
 0
 0
 0
 0
 0
 0
 0
 0
 0
 0
 0
 0
 0
 0
 0
 0
 0
 0
 0
 0
 0
 0
 0
 0
 0
 0
 0
 0
 0
 0
 0
 0
 0
 0
 0
 0
 0
 0
 0
 0
 0
 0
 0
 0
 0
 0
 0
 0
 0
 0
 0
 0
 0
 0
 0
 0
 0
 0
 0
 0


