# Created by Octave 4.0.0, Sat Nov 21 16:31:59 2015 W. Europe Standard Time <unknown@Florian-PC>
# name: mus
# type: matrix
# ndims: 3
 1 30 19
 0
 0
 0.51691
 0.85096
 0.6439
 0.81863
 0.49754
 0.49519
 0.95652
 0.955
 0.95694
 0.93627
 0.96154
 0.9438800000000001
 0.94872
 0.96635
 0.96569
 0.9596
 0.9760799999999999
 0.97
 0.97884
 0.9697
 0.97101
 0.96875
 0.975
 0.97115
 0.96523
 0.97449
 0.97044
 0.97778
 0
 0
 0.33333
 1
 0.8
 0.7
 0.6
 0.9
 0.8
 0.8
 0.93333
 0.83333
 0.93333
 0.83333
 0.93333
 0.95
 0.9
 0.93333
 0.95
 0.95
 0.95
 0.91
 0.91
 0.96
 0.92
 0.92
 0.89333
 0.88667
 0.9
 0.9
 0
 0
 0.4864
 0.87657
 0.89684
 0.83557
 0.78929
 0.8335399999999999
 0.80772
 0.75696
 0.8715000000000001
 0.8573499999999999
 0.85963
 0.85332
 0.90251
 0.91196
 0.9196299999999999
 0.94086
 0.94548
 0.9234
 0.94089
 0.92816
 0.95604
 0.95111
 0.91497
 0.90403
 0.92921
 0.9374
 0.91838
 0.92786
 0
 0
 0.36112
 0.9881
 0.8525
 0.86459
 0.7834100000000001
 0.87891
 0.82661
 0.86716
 0.95224
 0.92487
 0.94591
 0.94717
 0.9624200000000001
 0.9588100000000001
 0.96472
 0.9679
 0.97534
 0.97101
 0.97414
 0.9684
 0.97417
 0.98048
 0.95879
 0.95343
 0.95311
 0.9474399999999999
 0.95217
 0.95402
 0
 0
 0.33333
 1
 0.6
 0.66667
 0.42857
 0.875
 0.66667
 0.9
 0.72727
 1
 1
 0.77778
 1
 1
 1
 1
 1
 1
 1
 1
 1
 1
 1
 1
 1
 1
 1
 1
 0
 0
 0.41668
 1.14287
 0.875
 0.75
 0.55893
 0.875
 0.70238
 0.92103
 0.79867
 1.03056
 1.02879
 0.86849
 1.03701
 1.00324
 0.98889
 0.98504
 1.03547
 1.0266
 1.02586
 1.01389
 0.85228
 1.03571
 0.85938
 1
 1
 1.03152
 0.9387799999999999
 1
 0
 0
 0.78929
 0.75547
 0.94236
 0.91273
 0.84942
 0.8294
 0.78671
 0.82945
 0.84963
 0.91015
 0.86394
 0.91937
 0.93266
 0.90998
 0.9036999999999999
 0.92849
 0.92677
 0.92458
 0.95621
 0.9529
 0.94986
 0.94359
 0.93538
 0.9200199999999999
 0.92147
 0.92177
 0.94003
 0.92301
 0
 0
 0.36112
 0.92548
 0.87154
 0.8833299999999999
 0.74096
 0.80154
 0.81476
 0.84178
 0.89362
 0.88729
 0.93766
 0.9401
 0.97228
 0.96357
 0.9777
 0.98002
 0.97332
 0.96643
 0.9811
 0.9787
 0.96848
 0.97521
 0.9530999999999999
 0.95019
 0.94128
 0.94233
 0.95147
 0.95802
 0
 0
 1
 1
 1
 1
 1
 1
 1
 1
 1
 1
 1
 1
 1
 1
 1
 1
 1
 1
 1
 1
 1
 1
 1
 1
 1
 1
 1
 1
 0
 0
 0.41668
 1.01756
 1.01847
 0.92349
 0.61409
 0.72282
 0.85512
 0.82382
 0.94451
 0.94357
 0.9830100000000001
 0.98997
 1.00527
 0.91261
 0.92967
 0.94591
 0.94808
 0.9465
 0.97282
 0.9699
 1.10205
 1.11537
 1.11496
 1
 1
 0.8817199999999999
 0.74815
 0.99283
 0
 0
 0.78929
 0.75547
 1.04399
 0.926
 0.86306
 0.85517
 0.80857
 0.84935
 0.8059500000000001
 0.78237
 0.81488
 0.80602
 0.96688
 1.04078
 0.90806
 0.96492
 0.91123
 0.98445
 1.09374
 1.0544
 0.9769600000000001
 1.03502
 0.92025
 0.95911
 0.92565
 0.94048
 0.99182
 0.92211
 0
 0
 0
 0
 0
 0
 0
 0
 0
 0
 0
 0
 0
 0
 0
 0
 0
 0
 0
 0
 0
 0
 0
 0
 0
 0
 0
 0
 0
 0
 0
 0
 0
 0
 0
 0
 0
 0
 0
 0
 0
 0
 0
 0
 0
 0
 0
 0
 0
 0
 0
 0
 0
 0
 0
 0
 0
 0
 0
 0
 0
 0
 0
 0
 0
 0
 0
 0
 0
 0
 0
 0
 0
 0
 0
 0
 0
 0
 0
 0
 0
 0
 0
 0
 0
 0
 0
 0
 0
 0
 0
 0
 0
 0
 0
 0
 0
 0
 0
 0
 0
 0
 0
 0
 0
 0
 0
 0
 0
 0
 0
 0
 0
 0
 0
 0
 0
 0
 0
 0
 0
 0
 0
 0
 0
 0
 0
 0
 0
 0
 0
 0
 0
 0
 0
 0
 0
 0
 0
 0
 0
 0
 0
 0
 0
 0
 0
 0
 0
 0
 0
 0
 1
 1
 1
 1
 1
 1
 1
 1
 1
 1
 1
 1
 1
 1
 1
 1
 1
 1
 1
 1
 1
 1
 1
 1
 1
 1
 1
 1
 0
 0
 0
 0
 0
 0
 0
 0
 0
 0
 0
 0
 0
 0
 0
 0
 0
 0
 0
 0
 0
 0
 0
 0
 0
 0
 0
 0
 0
 0
 0
 0
 0
 0
 0
 0
 0
 0
 0
 0
 0
 0
 0
 0
 0
 0
 0
 0
 0
 0
 0
 0
 0
 0
 0
 0
 0
 0
 0
 0


# name: vars
# type: matrix
# ndims: 3
 1 30 19
 0
 0
 0.063844
 0.022695
 0.069024
 0.030922
 0.028602
 0.038101
 0.003074
 0.003658
 0.005848
 0.0048
 0.004734
 0.00485
 0.003077
 0.001703
 0.000917
 0.003143
 0.001309
 0.001222
 0.001197
 0.002583
 0.001418
 0.001364
 0.0018
 0.001162
 0.001473
 0.000729
 0.000963
 0.000741
 0
 0
 0.33333
 0
 0.2
 0.2
 0.3
 0.05
 0.075
 0.075
 0.02222
 0.05556
 0.02222
 0.05556
 0.02222
 0.0125
 0.01875
 0.02222
 0.0125
 0.0125
 0.0125
 0.0155
 0.0155
 0.008
 0.012
 0.012
 0.00967
 0.01089
 0.008330000000000001
 0.008330000000000001
 0
 0
 0
 0
 0
 0
 0
 0
 0
 0
 0
 0
 0
 0
 0
 0
 0
 0
 0
 0
 0
 0
 0
 0
 0
 0
 0
 0
 0
 0
 0
 0
 0.23611
 0.00045
 0.04705
 0.04274
 0.05243
 0.02993
 0.03961
 0.02728
 0.01136
 0.01805
 0.01069
 0.01392
 0.00851
 0.00779
 0.00641
 0.00622
 0.00517
 0.006
 0.00456
 0.0062
 0.00504
 0.00376
 0.00741
 0.00778
 0.0076
 0.00967
 0.00953
 0.00881
 0
 0
 0
 0
 0
 0
 0
 0
 0
 0
 0
 0
 0
 0
 0
 0
 0
 0
 0
 0
 0
 0
 0
 0
 0
 0
 0
 0
 0
 0
 0
 0
 0
 0
 0
 0
 0
 0
 0
 0
 0
 0
 0
 0
 0
 0
 0
 0
 0
 0
 0
 0
 0
 0
 0
 0
 0
 0
 0
 0
 0
 0
 0
 0
 0
 0
 0
 0
 0
 0
 0
 0
 0
 0
 0
 0
 0
 0
 0
 0
 0
 0
 0
 0
 0
 0
 0
 0
 0
 0
 0
 0
 0.23611
 0.01777
 0.02837
 0.02593
 0.02318
 0.03973
 0.02269
 0.02239
 0.02352
 0.0269
 0.01994
 0.02093
 0.00725
 0.00843
 0.00596
 0.00455
 0.00468
 0.00589
 0.0019
 0.00314
 0.00426
 0.00304
 0.00585
 0.00859
 0.009390000000000001
 0.01065
 0.008359999999999999
 0.00612
 0
 0
 0
 0
 0
 0
 0
 0
 0
 0
 0
 0
 0
 0
 0
 0
 0
 0
 0
 0
 0
 0
 0
 0
 0
 0
 0
 0
 0
 0
 0
 0
 0
 0
 0
 0
 0
 0
 0
 0
 0
 0
 0
 0
 0
 0
 0
 0
 0
 0
 0
 0
 0
 0
 0
 0
 0
 0
 0
 0
 0
 0
 0
 0
 0
 0
 0
 0
 0
 0
 0
 0
 0
 0
 0
 0
 0
 0
 0
 0
 0
 0
 0
 0
 0
 0
 0
 0
 0
 0
 0
 0
 0
 0
 0
 0
 0
 0
 0
 0
 0
 0
 0
 0
 0
 0
 0
 0
 0
 0
 0
 0
 0
 0
 0
 0
 0
 0
 0
 0
 0
 0
 0
 0
 0
 0
 0
 0
 0
 0
 0
 0
 0
 0
 0
 0
 0
 0
 0
 0
 0
 0
 0
 0
 0
 0
 0
 0
 0
 0
 0
 0
 0
 0
 0
 0
 0
 0
 0
 0
 0
 0
 0
 0
 0
 0
 0
 0
 0
 0
 0
 0
 0
 0
 0
 0
 0
 0
 0
 0
 0
 0
 0
 0
 0
 0
 0
 0
 0
 0
 0
 0
 0
 0
 0
 0
 0
 0
 0
 0
 0
 0
 0
 0
 0
 0
 0
 0
 0
 0
 0
 0
 0
 0
 0
 0
 0
 0
 0
 0
 0
 0
 0
 0
 0
 0
 0
 0
 0
 0
 0
 0
 0
 0
 0
 0
 0
 0
 0
 0
 0
 0
 0
 0
 0
 0
 0
 0
 0
 0
 0
 0
 0
 0
 0
 0
 0
 0
 0
 0
 0
 0
 0
 0
 0
 0
 0
 0
 0
 0
 0
 0
 0
 0
 0
 0
 0
 0
 0
 0
 0
 0
 0
 0
 0
 0
 0
 0
 0
 0
 0
 0
 0
 0
 0
 0
 0
 0
 0
 0
 0
 0
 0
 0
 0
 0
 0
 0
 0
 0
 0
 0
 0
 0
 0
 0
 0
 0
 0
 0
 0
 0
 0
 0
 0
 0
 0
 0
 0
 0


