# Created by Octave 4.0.0, Sat Nov 21 16:31:36 2015 W. Europe Standard Time <unknown@Florian-PC>
# name: mus
# type: matrix
# ndims: 3
 1 30 19
 0
 0
 0.35749
 0.64904
 0.9560999999999999
 0.88725
 0.87685
 0.87981
 0.8744
 0.89
 0.97129
 0.96569
 0.96635
 0.96429
 0.9641
 0.95673
 0.95588
 0.95455
 0.95694
 0.95
 0.95238
 0.95455
 0.95652
 0.95312
 0.9475
 0.95673
 0.95238
 0.95408
 0.9605900000000001
 0.96111
 0
 0
 0.66667
 0.25
 0.6
 1
 1
 1
 1
 0.9
 0.83333
 0.8
 0.8666700000000001
 1
 1
 1
 0.95
 1
 0.95
 0.95
 0.95
 0.96
 1
 1
 1
 0.8666700000000001
 1
 1
 1
 1
 0
 0
 0.78051
 0.61211
 0.66076
 0.89254
 0.91572
 0.91087
 0.94883
 0.91635
 0.90015
 0.91511
 0.95346
 0.96267
 0.97337
 0.97385
 0.97938
 0.9731300000000001
 0.97942
 0.99311
 0.97484
 0.99191
 0.98247
 0.99532
 0.99895
 0.99524
 0.99165
 0.98781
 0.9926199999999999
 0.9923
 0
 0
 0.72223
 0.63891
 0.72334
 0.93635
 0.98312
 0.99219
 0.99177
 0.95143
 0.93123
 0.98165
 0.98961
 0.99808
 0.99675
 1
 0.9978399999999999
 1
 1
 1
 1
 0.99888
 0.99971
 0.9993
 1
 0.99961
 0.99951
 0.99895
 1
 1
 0
 0
 1
 0.25
 0.4
 1
 1
 1
 1
 0.8
 0.72727
 1
 1
 1
 1
 1
 1
 1
 1
 1
 1
 1
 1
 1
 1
 1
 1
 1
 1
 1
 0
 0
 1.5
 0.50002
 0.56668
 1.03333
 1.20357
 1.15179
 1.05655
 0.89583
 0.837
 1.05808
 1.03293
 1.01657
 1.01259
 0.98311
 1.00893
 1.00107
 1.00169
 1
 1
 1
 1
 1
 1
 1
 1
 1
 1
 1
 0
 0
 0.78929
 0.85461
 0.82963
 0.94984
 0.87197
 0.83916
 0.9436099999999999
 0.95506
 0.90763
 0.84823
 0.89008
 0.90098
 0.94953
 0.97006
 1.00382
 1.01218
 0.97428
 0.98233
 0.96713
 1.00749
 1.00177
 0.99631
 0.99855
 0.98811
 0.99871
 0.99751
 0.98425
 0.99838
 0
 0
 0.72223
 0.70772
 0.67417
 0.84646
 0.9281700000000001
 0.9611499999999999
 0.98489
 0.97456
 0.94433
 0.91201
 0.94445
 0.9791800000000001
 0.98769
 0.99944
 0.9972800000000001
 0.9998899999999999
 0.99991
 0.99984
 0.99868
 0.99644
 0.99819
 0.99801
 0.99899
 0.99778
 0.99627
 0.99729
 0.99892
 1
 0
 0
 1
 1
 1
 1
 1
 1
 1
 1
 1
 1
 1
 1
 1
 1
 1
 1
 1
 1
 1
 1
 1
 1
 1
 1
 1
 1
 1
 1
 0
 0
 1.5
 0.5245300000000001
 0.60668
 0.881
 1.42884
 1.38696
 1.09257
 0.94147
 0.90746
 1.10902
 1.09216
 1.04311
 1.0192
 0.99258
 1.0264
 1.00585
 1.00934
 1
 1
 1
 1
 1
 1
 1
 1
 1
 1
 1
 0
 0
 0.78929
 0.85461
 1.0415
 0.9952299999999999
 0.79782
 0.80454
 0.88824
 0.94745
 0.90027
 0.8452
 0.91174
 0.97049
 0.9103599999999999
 1.07501
 1.05087
 1.17041
 1.01185
 0.9683
 0.95526
 1.03595
 1.06098
 0.98874
 0.9914500000000001
 1.0314
 1.01838
 1.01448
 0.9885699999999999
 0.99193
 0
 0
 0
 0
 0
 0
 0
 0
 0
 0
 0
 0
 0
 0
 0
 0
 0
 0
 0
 0
 0
 0
 0
 0
 0
 0
 0
 0
 0
 0
 0
 0
 0
 0
 0
 0
 0
 0
 0
 0
 0
 0
 0
 0
 0
 0
 0
 0
 0
 0
 0
 0
 0
 0
 0
 0
 0
 0
 0
 0
 0
 0
 0
 0
 0
 0
 0
 0
 0
 0
 0
 0
 0
 0
 0
 0
 0
 0
 0
 0
 0
 0
 0
 0
 0
 0
 0
 0
 0
 0
 0
 0
 0
 0
 0
 0
 0
 0
 0
 0
 0
 0
 0
 0
 0
 0
 0
 0
 0
 0
 0
 0
 0
 0
 0
 0
 0
 0
 0
 0
 0
 0
 0
 0
 0
 0
 0
 0
 0
 0
 0
 0
 0
 0
 0
 0
 0
 0
 0
 0
 0
 0
 0
 0
 0
 0
 0
 0
 0
 0
 0
 0
 1
 1
 1
 1
 1
 1
 1
 1
 1
 1
 1
 1
 1
 1
 1
 1
 1
 1
 1
 1
 1
 1
 1
 1
 1
 1
 1
 1
 0
 0
 0
 0
 0
 0
 0
 0
 0
 0
 0
 0
 0
 0
 0
 0
 0
 0
 0
 0
 0
 0
 0
 0
 0
 0
 0
 0
 0
 0
 0
 0
 0
 0
 0
 0
 0
 0
 0
 0
 0
 0
 0
 0
 0
 0
 0
 0
 0
 0
 0
 0
 0
 0
 0
 0
 0
 0
 0
 0


# name: vars
# type: matrix
# ndims: 3
 1 30 19
 0
 0
 0.06313299999999999
 0.057009
 0.007024
 0.018048
 0.014175
 0.009351
 0.011565
 0.013579
 0.001885
 0.003523
 0.002342
 0.002159
 0.001937
 0.004157
 0.002595
 0.002357
 0.002115
 0.001111
 0.001701
 0.003616
 0.00189
 0.001209
 0.001021
 0.001876
 0.002613
 0.001154
 0.001755
 0.001519
 0
 0
 0.33333
 0.25
 0.3
 0
 0
 0
 0
 0.05
 0.05556
 0.2
 0.08889
 0
 0
 0
 0.0125
 0
 0.0125
 0.0125
 0.0125
 0.008
 0
 0
 0
 0.08889
 0
 0
 0
 0
 0
 0
 0
 0
 0
 0
 0
 0
 0
 0
 0
 0
 0
 0
 0
 0
 0
 0
 0
 0
 0
 0
 0
 0
 0
 0
 0
 0
 0
 0
 0
 0
 0.17881
 0.06913
 0.053
 0.01612
 0.00523
 0.00192
 0.00288
 0.00753
 0.01359
 0.0036
 0.00183
 0.00016
 0.00039
 0
 0.00027
 0
 0
 0
 0
 0.00014
 4e-005
 8.000000000000001e-005
 0
 4e-005
 5e-005
 0.00013
 0
 0
 0
 0
 0
 0
 0
 0
 0
 0
 0
 0
 0
 0
 0
 0
 0
 0
 0
 0
 0
 0
 0
 0
 0
 0
 0
 0
 0
 0
 0
 0
 0
 0
 0
 0
 0
 0
 0
 0
 0
 0
 0
 0
 0
 0
 0
 0
 0
 0
 0
 0
 0
 0
 0
 0
 0
 0
 0
 0
 0
 0
 0
 0
 0
 0
 0
 0
 0
 0
 0
 0
 0
 0
 0
 0
 0
 0
 0
 0
 0
 0
 0
 0
 0
 0
 0
 0
 0
 0
 0
 0
 0
 0
 0.17881
 0.05223
 0.02953
 0.03225
 0.02062
 0.0066
 0.00344
 0.00374
 0.009560000000000001
 0.02495
 0.01777
 0.01285
 0.00343
 2e-005
 0.00054
 0
 0
 1e-005
 0.00031
 0.00205
 0.00014
 0.00027
 0.0001
 0.00051
 0.00101
 0.00031
 0.00013
 0
 0
 0
 0
 0
 0
 0
 0
 0
 0
 0
 0
 0
 0
 0
 0
 0
 0
 0
 0
 0
 0
 0
 0
 0
 0
 0
 0
 0
 0
 0
 0
 0
 0
 0
 0
 0
 0
 0
 0
 0
 0
 0
 0
 0
 0
 0
 0
 0
 0
 0
 0
 0
 0
 0
 0
 0
 0
 0
 0
 0
 0
 0
 0
 0
 0
 0
 0
 0
 0
 0
 0
 0
 0
 0
 0
 0
 0
 0
 0
 0
 0
 0
 0
 0
 0
 0
 0
 0
 0
 0
 0
 0
 0
 0
 0
 0
 0
 0
 0
 0
 0
 0
 0
 0
 0
 0
 0
 0
 0
 0
 0
 0
 0
 0
 0
 0
 0
 0
 0
 0
 0
 0
 0
 0
 0
 0
 0
 0
 0
 0
 0
 0
 0
 0
 0
 0
 0
 0
 0
 0
 0
 0
 0
 0
 0
 0
 0
 0
 0
 0
 0
 0
 0
 0
 0
 0
 0
 0
 0
 0
 0
 0
 0
 0
 0
 0
 0
 0
 0
 0
 0
 0
 0
 0
 0
 0
 0
 0
 0
 0
 0
 0
 0
 0
 0
 0
 0
 0
 0
 0
 0
 0
 0
 0
 0
 0
 0
 0
 0
 0
 0
 0
 0
 0
 0
 0
 0
 0
 0
 0
 0
 0
 0
 0
 0
 0
 0
 0
 0
 0
 0
 0
 0
 0
 0
 0
 0
 0
 0
 0
 0
 0
 0
 0
 0
 0
 0
 0
 0
 0
 0
 0
 0
 0
 0
 0
 0
 0
 0
 0
 0
 0
 0
 0
 0
 0
 0
 0
 0
 0
 0
 0
 0
 0
 0
 0
 0
 0
 0
 0
 0
 0
 0
 0
 0
 0
 0
 0
 0
 0
 0
 0
 0
 0
 0
 0
 0
 0
 0
 0
 0
 0
 0
 0
 0
 0
 0
 0
 0
 0
 0
 0
 0
 0
 0
 0
 0
 0
 0
 0
 0
 0
 0
 0
 0
 0
 0
 0
 0
 0
 0
 0
 0
 0
 0
 0
 0
 0
 0
 0


