# Created by Octave 4.0.0, Sat Nov 21 16:31:48 2015 W. Europe Standard Time <unknown@Florian-PC>
# name: mus
# type: matrix
# ndims: 3
 1 30 19
 0
 0
 0.80676
 0.73558
 0.9609799999999999
 0.95098
 0.9605900000000001
 0.96635
 0.95652
 0.97
 0.98565
 0.98039
 0.97596
 0.97449
 0.9846200000000001
 0.99038
 1
 1
 0.99043
 0.995
 0.99471
 0.99495
 0.98068
 0.99479
 0.995
 0.99519
 0.99471
 0.9949
 1
 1
 0
 0
 0.66667
 1
 0.4
 0.8
 0.8
 0.7
 0.8
 0.7
 0.8
 0.9
 0.76667
 0.83333
 1
 0.8
 0.76667
 0.78333
 0.9
 0.9
 0.86
 0.87
 0.82
 0.74
 0.84
 0.82
 0.85333
 0.85333
 0.78667
 0.8
 0
 0
 0.71477
 0.97366
 0.6816
 0.70974
 0.79561
 0.7366200000000001
 0.62532
 0.71141
 0.5928
 0.79435
 0.81057
 0.7287
 0.74662
 0.68126
 0.74263
 0.78366
 0.68486
 0.77933
 0.75352
 0.80703
 0.76176
 0.6931
 0.74277
 0.73084
 0.76614
 0.74252
 0.69464
 0.72421
 0
 0
 0.75001
 0.9762
 0.61251
 0.89371
 0.8756
 0.67114
 0.69529
 0.82581
 0.80766
 0.83128
 0.83148
 0.84942
 0.83828
 0.82008
 0.8193
 0.78842
 0.78476
 0.80798
 0.87356
 0.82739
 0.78132
 0.78944
 0.82467
 0.80035
 0.84072
 0.82082
 0.74122
 0.78687
 0
 0
 0.33333
 1
 0.6
 0.83333
 1
 0.25
 0.5555600000000001
 0.8
 0.72727
 0.58333
 0.76923
 1
 1
 0.33333
 1
 0
 1
 1
 1
 1
 1
 1
 0
 1
 1
 1
 0
 1
 0
 0
 0.41668
 1.38889
 0.675
 0.90833
 1.10238
 0.5503400000000001
 0.60119
 0.8381
 0.78333
 0.70291
 0.80554
 1.01168
 0.97946
 0.60484
 0.93407
 0.58088
 0.82625
 1.01312
 0.96552
 1.02245
 0.92089
 0.93954
 0.63544
 0.7653799999999999
 1.00306
 1.03152
 0.58334
 0.87131
 0
 0
 0.57859
 0.97438
 0.78659
 0.74752
 0.73036
 0.82252
 0.68918
 0.76384
 0.877
 0.84612
 0.76944
 0.88123
 0.76313
 0.75443
 0.76442
 0.80876
 0.8004
 0.80723
 0.83164
 0.86309
 0.8051
 0.77188
 0.80325
 0.78533
 0.82241
 0.8055099999999999
 0.7941
 0.82055
 0
 0
 0.75001
 0.85098
 0.68873
 0.83311
 0.80519
 0.75936
 0.73517
 0.7864
 0.74331
 0.82842
 0.8046
 0.81771
 0.8178299999999999
 0.76552
 0.82106
 0.75965
 0.7784799999999999
 0.78159
 0.85488
 0.82056
 0.75539
 0.75766
 0.79143
 0.7915
 0.81359
 0.80569
 0.74739
 0.77538
 0
 0
 1
 1
 1
 1
 1
 1
 1
 1
 1
 1
 1
 1
 1
 1
 1
 1
 1
 1
 1
 1
 1
 1
 1
 1
 1
 1
 1
 1
 0
 0
 0.41668
 1.42157
 0.6
 0.84335
 0.9583
 0.6785099999999999
 0.65224
 0.81021
 0.8892099999999999
 0.94557
 0.86814
 0.78145
 0.84393
 0.72838
 0.87854
 0.86885
 0.87359
 0.77593
 0.9451000000000001
 0.85908
 0.69912
 0.67989
 0.86842
 0.69138
 0.74538
 0.8817199999999999
 0.9846
 0.58087
 0
 0
 0.57859
 0.96663
 0.74093
 0.71244
 0.75205
 0.8333199999999999
 0.71529
 0.77006
 0.7861
 0.80365
 0.76827
 0.84802
 0.80193
 0.74564
 0.83474
 0.88312
 0.78786
 0.99524
 0.881
 0.89767
 0.87548
 0.85829
 0.83769
 0.86919
 0.8374
 0.8887
 0.83029
 0.87246
 0
 0
 0
 0
 0
 0
 0
 0
 0
 0
 0
 0
 0
 0
 0
 0
 0
 0
 0
 0
 0
 0
 0
 0
 0
 0
 0
 0
 0
 0
 0
 0
 0
 0
 0
 0
 0
 0
 0
 0
 0
 0
 0
 0
 0
 0
 0
 0
 0
 0
 0
 0
 0
 0
 0
 0
 0
 0
 0
 0
 0
 0
 0
 0
 0
 0
 0
 0
 0
 0
 0
 0
 0
 0
 0
 0
 0
 0
 0
 0
 0
 0
 0
 0
 0
 0
 0
 0
 0
 0
 0
 0
 0
 0
 0
 0
 0
 0
 0
 0
 0
 0
 0
 0
 0
 0
 0
 0
 0
 0
 0
 0
 0
 0
 0
 0
 0
 0
 0
 0
 0
 0
 0
 0
 0
 0
 0
 0
 0
 0
 0
 0
 0
 0
 0
 0
 0
 0
 0
 0
 0
 0
 0
 0
 0
 0
 0
 0
 0
 0
 0
 0
 1
 1
 1
 1
 1
 1
 1
 1
 1
 1
 1
 1
 1
 1
 1
 1
 1
 1
 1
 1
 1
 1
 1
 1
 1
 1
 1
 1
 0
 0
 0
 0
 0
 0
 0
 0
 0
 0
 0
 0
 0
 0
 0
 0
 0
 0
 0
 0
 0
 0
 0
 0
 0
 0
 0
 0
 0
 0
 0
 0
 0
 0
 0
 0
 0
 0
 0
 0
 0
 0
 0
 0
 0
 0
 0
 0
 0
 0
 0
 0
 0
 0
 0
 0
 0
 0
 0
 0


# name: vars
# type: matrix
# ndims: 3
 1 30 19
 0
 0
 0.050346
 0.047582
 0.006439
 0.012676
 0.004222
 0.003197
 0.004197
 0.002211
 0.00116
 0.001328
 0.002145
 0.001261
 0.000855
 0.0005509999999999999
 0
 0
 0.000453
 0.00025
 0.000252
 0.00023
 0.000525
 0.000217
 0.0002
 0.000185
 0.000196
 0.000182
 0
 0
 0
 0
 0.33333
 0
 0.3
 0.2
 0.2
 0.2
 0.075
 0.075
 0.075
 0.05
 0.10556
 0.05556
 0
 0.08889
 0.10556
 0.04722
 0.01875
 0.05
 0.048
 0.0145
 0.03075
 0.038
 0.028
 0.042
 0.007
 0.007
 0.02478
 0.04722
 0
 0
 0
 0
 0
 0
 0
 0
 0
 0
 0
 0
 0
 0
 0
 0
 0
 0
 0
 0
 0
 0
 0
 0
 0
 0
 0
 0
 0
 0
 0
 0
 0.14061
 0.0005999999999999999
 0.07205
 0.02998
 0.03194
 0.05216
 0.05218
 0.03952
 0.04087
 0.03469
 0.03582
 0.0298
 0.02987
 0.03211
 0.03427
 0.03938
 0.03638
 0.03096
 0.02469
 0.02965
 0.03246
 0.03033
 0.02573
 0.02962
 0.02517
 0.02983
 0.03562
 0.02941
 0
 0
 0
 0
 0
 0
 0
 0
 0
 0
 0
 0
 0
 0
 0
 0
 0
 0
 0
 0
 0
 0
 0
 0
 0
 0
 0
 0
 0
 0
 0
 0
 0
 0
 0
 0
 0
 0
 0
 0
 0
 0
 0
 0
 0
 0
 0
 0
 0
 0
 0
 0
 0
 0
 0
 0
 0
 0
 0
 0
 0
 0
 0
 0
 0
 0
 0
 0
 0
 0
 0
 0
 0
 0
 0
 0
 0
 0
 0
 0
 0
 0
 0
 0
 0
 0
 0
 0
 0
 0
 0
 0
 0.14061
 0.02369
 0.04492
 0.03818
 0.04785
 0.03287
 0.02383
 0.03721
 0.0401
 0.02587
 0.02666
 0.04033
 0.04377
 0.03818
 0.03725
 0.04159
 0.0435
 0.04407
 0.03061
 0.03092
 0.04037
 0.03529
 0.0402
 0.0342
 0.03027
 0.03795
 0.04077
 0.03849
 0
 0
 0
 0
 0
 0
 0
 0
 0
 0
 0
 0
 0
 0
 0
 0
 0
 0
 0
 0
 0
 0
 0
 0
 0
 0
 0
 0
 0
 0
 0
 0
 0
 0
 0
 0
 0
 0
 0
 0
 0
 0
 0
 0
 0
 0
 0
 0
 0
 0
 0
 0
 0
 0
 0
 0
 0
 0
 0
 0
 0
 0
 0
 0
 0
 0
 0
 0
 0
 0
 0
 0
 0
 0
 0
 0
 0
 0
 0
 0
 0
 0
 0
 0
 0
 0
 0
 0
 0
 0
 0
 0
 0
 0
 0
 0
 0
 0
 0
 0
 0
 0
 0
 0
 0
 0
 0
 0
 0
 0
 0
 0
 0
 0
 0
 0
 0
 0
 0
 0
 0
 0
 0
 0
 0
 0
 0
 0
 0
 0
 0
 0
 0
 0
 0
 0
 0
 0
 0
 0
 0
 0
 0
 0
 0
 0
 0
 0
 0
 0
 0
 0
 0
 0
 0
 0
 0
 0
 0
 0
 0
 0
 0
 0
 0
 0
 0
 0
 0
 0
 0
 0
 0
 0
 0
 0
 0
 0
 0
 0
 0
 0
 0
 0
 0
 0
 0
 0
 0
 0
 0
 0
 0
 0
 0
 0
 0
 0
 0
 0
 0
 0
 0
 0
 0
 0
 0
 0
 0
 0
 0
 0
 0
 0
 0
 0
 0
 0
 0
 0
 0
 0
 0
 0
 0
 0
 0
 0
 0
 0
 0
 0
 0
 0
 0
 0
 0
 0
 0
 0
 0
 0
 0
 0
 0
 0
 0
 0
 0
 0
 0
 0
 0
 0
 0
 0
 0
 0
 0
 0
 0
 0
 0
 0
 0
 0
 0
 0
 0
 0
 0
 0
 0
 0
 0
 0
 0
 0
 0
 0
 0
 0
 0
 0
 0
 0
 0
 0
 0
 0
 0
 0
 0
 0
 0
 0
 0
 0
 0
 0
 0
 0
 0
 0
 0
 0
 0
 0
 0
 0
 0
 0
 0
 0
 0
 0
 0
 0
 0
 0
 0
 0
 0
 0
 0
 0
 0
 0
 0
 0


