# Created by Octave 4.0.0, Sat Nov 21 16:31:49 2015 W. Europe Standard Time <unknown@Florian-PC>
# name: mus
# type: matrix
# ndims: 3
 1 30 19
 0
 0
 0.5748799999999999
 0.79808
 0.77073
 0.91667
 0.94089
 0.94231
 0.9372
 0.945
 0.9521500000000001
 0.95588
 0.94231
 0.9438800000000001
 0.92821
 0.93269
 0.92157
 0.91667
 0.9378
 0.9350000000000001
 0.93122
 0.93013
 0.9372
 0.92882
 0.9399999999999999
 0.94231
 0.94407
 0.95408
 0.95567
 0.96667
 0
 0
 0.33333
 1
 1
 0.7
 0.7
 0.9
 0.9
 0.9
 0.8
 0.9
 0.93333
 0.93333
 0.93333
 0.95
 1
 1
 1
 1
 1
 1
 1
 1
 0.88
 0.89333
 0.92
 0.93333
 0.92667
 0.9
 0
 0
 0.62374
 0.92405
 0.8748899999999999
 0.80004
 0.82448
 0.74333
 0.85609
 0.88809
 0.81289
 0.87103
 0.83295
 0.89331
 0.87257
 0.9149
 0.87886
 0.90927
 0.91192
 0.94908
 0.96406
 0.95304
 0.9482
 0.94997
 0.96162
 0.96005
 0.94802
 0.96091
 0.95006
 0.93167
 0
 0
 0.33296
 0.8018
 0.71411
 0.7147
 0.75556
 0.76744
 0.7701
 0.79769
 0.72339
 0.77826
 0.79705
 0.792
 0.78912
 0.82462
 0.80889
 0.83853
 0.84937
 0.85628
 0.8638400000000001
 0.87673
 0.88578
 0.89444
 0.87466
 0.88581
 0.89797
 0.89133
 0.8940399999999999
 0.86194
 0
 0
 0.33333
 1
 1
 0
 0.57143
 1
 0.5555600000000001
 0.8
 0.45455
 0.91667
 0.76923
 0.88889
 0.8
 1
 1
 1
 1
 1
 1
 1
 1
 1
 1
 1
 1
 1
 0
 1
 0
 0
 0.33333
 0.8155
 0.73947
 0.51297
 0.67746
 0.74648
 0.72915
 0.79777
 0.68055
 0.8702299999999999
 0.74277
 0.74307
 0.89161
 0.7704299999999999
 0.77806
 0.89919
 0.95604
 0.77008
 0.86937
 0.87819
 0.78433
 0.98037
 0.83633
 0.8808
 0.8637
 0.95849
 0.8096
 0.84177
 0
 0
 0.57859
 0.77
 0.80294
 0.78471
 0.81756
 0.80954
 0.83002
 0.81513
 0.7900700000000001
 0.79898
 0.82634
 0.82524
 0.83262
 0.80184
 0.83946
 0.82028
 0.85876
 0.86335
 0.8673
 0.85966
 0.83033
 0.97117
 0.84592
 0.89225
 0.92875
 0.8788
 0.87508
 0.87614
 0
 0
 0.33075
 0.71771
 0.65007
 0.7131999999999999
 0.76945
 0.7704299999999999
 0.81312
 0.79881
 0.71396
 0.77724
 0.77205
 0.79476
 0.7718699999999999
 0.82202
 0.79198
 0.84597
 0.85972
 0.8701
 0.88132
 0.89189
 0.9041400000000001
 0.91497
 0.90762
 0.91001
 0.92896
 0.92398
 0.92155
 0.89413
 0
 0
 0.9978
 1
 1
 1
 1
 1
 1
 1
 1
 0.99958
 0.9947
 0.9866200000000001
 0.97767
 0.97089
 0.97783
 0.97079
 0.96882
 0.96804
 0.96524
 0.95741
 0.96112
 0.9594200000000001
 0.95872
 0.9559800000000001
 0.94579
 0.95316
 0.94507
 0.94556
 0
 0
 0.33333
 0.57226
 0.64
 0.73999
 0.6853
 0.79976
 0.71423
 0.82912
 0.6908
 0.77967
 0.7790899999999999
 0.75008
 0.75201
 0.7872
 0.77458
 0.88572
 0.83046
 0.85028
 0.98234
 0.95932
 0.88934
 0.91331
 0.8899
 0.96336
 0.98504
 0.91388
 0.93724
 0.88153
 0
 0
 0.57859
 0.76741
 0.78987
 0.80038
 0.81717
 0.82634
 0.7923
 0.77886
 0.77095
 0.76042
 0.79852
 0.82319
 0.77476
 0.80529
 0.80807
 0.79292
 0.81648
 0.85824
 0.85088
 0.8549600000000001
 0.89322
 0.86513
 0.87508
 0.86333
 0.87869
 0.88061
 0.87122
 0.87849
 0
 0
 0
 0
 0
 0
 0
 0
 0
 0
 0
 0
 0
 0
 0
 0
 0
 0
 0
 0
 0
 0
 0
 0
 0
 0
 0
 0
 0
 0
 0
 0
 0
 0
 0
 0
 0
 0
 0
 0
 0
 0
 0
 0
 0
 0
 0
 0
 0
 0
 0
 0
 0
 0
 0
 0
 0
 0
 0
 0
 0
 0
 0
 0
 0
 0
 0
 0
 0
 0
 0
 0
 0
 0
 0
 0
 0
 0
 0
 0
 0
 0
 0
 0
 0
 0
 0
 0
 0
 0
 0
 0
 0
 0
 0
 0
 0
 0
 0
 0
 0
 0
 0
 0
 0
 0
 0
 0
 0
 0
 0
 0
 0
 0
 0
 0
 0
 0
 0
 0
 0
 0
 0
 0
 0
 0
 0
 0
 0
 0
 0
 0
 0
 0
 0
 0
 0
 0
 0
 0
 0
 0
 0
 0
 0
 0
 0
 0
 0
 0
 0
 0
 0.99999
 1
 1
 1
 1
 1
 1
 1
 1
 1
 0.99493
 0.98736
 0.97644
 0.97231
 0.97358
 0.9718
 0.96612
 0.96735
 0.964
 0.96055
 0.96536
 0.96602
 0.95994
 0.95978
 0.95211
 0.94529
 0.94959
 0.95209
 0
 0
 0
 0
 0
 0
 0
 0
 0
 0
 0
 0
 0
 0
 0
 0
 0
 0
 0
 0
 0
 0
 0
 0
 0
 0
 0
 0
 0
 0
 0
 0
 0
 0
 0
 0
 0
 0
 0
 0
 0
 0
 0
 0
 0
 0
 0
 0
 0
 0
 0
 0
 0
 0
 0
 0
 0
 0
 0
 0


# name: vars
# type: matrix
# ndims: 3
 1 30 19
 0
 0
 0.064981
 0.044212
 0.039122
 0.010522
 0.006585
 0.007788
 0.007661
 0.003658
 0.005848
 0.001838
 0.004339
 0.00328
 0.004786
 0.00616
 0.003984
 0.00787
 0.001561
 0.003917
 0.002897
 0.005707
 0.00147
 0.004654
 0.003657
 0.002536
 0.001062
 0.002004
 0.001076
 0.000444
 0
 0
 0.33333
 0
 0
 0.2
 0.2
 0.05
 0.05
 0.05
 0.075
 0.05
 0.02222
 0.02222
 0.02222
 0.0125
 0
 0
 0
 0
 0
 0
 0
 0
 0.032
 0.02356
 0.012
 0.008330000000000001
 0.01022
 0.02222
 0
 0
 0
 0
 0
 0
 0
 0
 0
 0
 0
 0
 0
 0
 0
 0
 0
 0
 0
 0
 0
 0
 0
 0
 0
 0
 0
 0
 0
 0
 0
 0
 0.15572
 0.0483
 0.02729
 0.03465
 0.01713
 0.01828
 0.01215
 0.00976
 0.009169999999999999
 0.008880000000000001
 0.00739
 0.00578
 0.00565
 0.00571
 0.005
 0.0053
 0.0057
 0.00533
 0.00488
 0.00461
 0.00509
 0.00475
 0.00421
 0.00399
 0.00387
 0.00341
 0.00326
 0.0033
 0
 0
 1.2556e-008
 1.7423e-011
 5.3555e-015
 2.9985e-017
 1.6435e-032
 1.9565e-034
 1.2788e-032
 8.5405e-030
 8.9363e-033
 4.0101e-028
 1.2045e-015
 5.1137e-010
 1.0749e-007
 5.3641e-005
 8.2116e-005
 1.9606e-007
 0.00027436
 2.1292e-012
 4.8197e-006
 5.6176e-005
 1.5568e-010
 0.00030463
 2.9241e-005
 4.5113e-006
 4.9819e-005
 0.00058972
 2.6534e-005
 8.5134e-017
 0
 0
 0
 0
 0
 0
 0
 0
 0
 0
 0
 0
 0
 0
 0
 0
 0
 0
 0
 0
 0
 0
 0
 0
 0
 0
 0
 0
 0
 0
 0
 0
 0
 0
 0
 0
 0
 0
 0
 0
 0
 0
 0
 0
 0
 0
 0
 0
 0
 0
 0
 0
 0
 0
 0
 0
 0
 0
 0
 0
 0
 0
 0.15245
 0.08969000000000001
 0.05603
 0.03175
 0.02008
 0.0163
 0.016
 0.01618
 0.01524
 0.01588
 0.01455
 0.01101
 0.01091
 0.0103
 0.00987
 0.01415
 0.00829
 0.0106
 0.01062
 0.009889999999999999
 0.0066
 0.00512
 0.00622
 0.00524
 0.00212
 0.00273
 0.008800000000000001
 0.00334
 0
 0
 4.3e-005
 0
 0
 0
 0
 0
 0
 0
 0
 2.6e-005
 0.001226
 0.002261
 0.004818
 0.006068
 0.00483
 0.008114
 0.006321
 0.007299
 0.006276
 0.010402
 0.009554999999999999
 0.008377000000000001
 0.010115
 0.010381
 0.013271
 0.009358999999999999
 0.01191
 0.014558
 0
 0
 0
 0
 0
 0
 0
 0
 0
 0
 0
 0
 0
 0
 0
 0
 0
 0
 0
 0
 0
 0
 0
 0
 0
 0
 0
 0
 0
 0
 0
 0
 0
 0
 0
 0
 0
 0
 0
 0
 0
 0
 0
 0
 0
 0
 0
 0
 0
 0
 0
 0
 0
 0
 0
 0
 0
 0
 0
 0
 0
 0
 0
 0
 0
 0
 0
 0
 0
 0
 0
 0
 0
 0
 0
 0
 0
 0
 0
 0
 0
 0
 0
 0
 0
 0
 0
 0
 0
 0
 0
 0
 0
 0
 0
 0
 0
 0
 0
 0
 0
 0
 0
 0
 0
 0
 0
 0
 0
 0
 0
 0
 0
 0
 0
 0
 0
 0
 0
 0
 0
 0
 0
 0
 0
 0
 0
 0
 0
 0
 0
 0
 0
 0
 0
 0
 0
 0
 0
 0
 0
 0
 0
 0
 0
 0
 0
 0
 0
 0
 0
 0
 0
 0
 0
 0
 0
 0
 0
 0
 0
 0
 0
 0
 0
 0
 0
 0
 0
 0
 0
 0
 0
 0
 0
 0
 0
 0
 0
 0
 0
 0
 0
 0
 0
 0
 0
 0
 0
 0
 0
 0
 0
 0
 0
 0
 0
 0
 0
 0
 0
 0
 0
 0
 0
 0
 0
 0
 0
 0
 0
 0
 0
 0
 0
 0
 0
 0
 0
 0
 0
 0
 0.001308
 0.002758
 0.005074
 0.006819
 0.005028
 0.006306
 0.008196
 0.007254
 0.009165
 0.009983000000000001
 0.007735
 0.007629
 0.011145
 0.01056
 0.010365
 0.013831
 0.012879
 0.011908
 0
 0
 0
 0
 0
 0
 0
 0
 0
 0
 0
 0
 0
 0
 0
 0
 0
 0
 0
 0
 0
 0
 0
 0
 0
 0
 0
 0
 0
 0
 0
 0
 0
 0
 0
 0
 0
 0
 0
 0
 0
 0
 0
 0
 0
 0
 0
 0
 0
 0
 0
 0
 0
 0
 0
 0
 0
 0
 0
 0


