# Created by Octave 4.0.0, Sat Nov 21 16:31:41 2015 W. Europe Standard Time <unknown@Florian-PC>
# name: mus
# type: matrix
# ndims: 3
 1 30 19
 0
 0
 0.91787
 0.92308
 0.48293
 0.76471
 0.93103
 0.98077
 0.98068
 0.955
 0.95694
 0.93137
 0.86058
 0.96429
 0.95897
 0.9375
 0.94608
 0.85859
 0.8756
 0.865
 0.79894
 0.86111
 0.7649
 0.85417
 0.8525
 0.76442
 0.66213
 0.67347
 0.9064
 0.85
 0
 0
 0.33333
 0
 0.8
 0.2
 0.5
 0.5
 0.6
 0.6
 0.5
 0.5
 0.66667
 0.73333
 0.73333
 0.6333299999999999
 0.58333
 0.56667
 0.46667
 0.65
 0.77
 0.68
 0.6899999999999999
 0.7
 0.68
 0.62
 0.69333
 0.64
 0.66
 0.6333299999999999
 0
 0
 0.7120300000000001
 0.52591
 0.79359
 0.66905
 0.70922
 0.75979
 0.7324000000000001
 0.61502
 0.61702
 0.5819
 0.64222
 0.64795
 0.63618
 0.58599
 0.54478
 0.58261
 0.5600000000000001
 0.58899
 0.67621
 0.68868
 0.76539
 0.75018
 0.79018
 0.70624
 0.67726
 0.71284
 0.69508
 0.7248599999999999
 0
 0
 0.38719
 0.37987
 0.68652
 0.40887
 0.46794
 0.54817
 0.59044
 0.55209
 0.58094
 0.57625
 0.59404
 0.61526
 0.61488
 0.58203
 0.53276
 0.54442
 0.54793
 0.56096
 0.59302
 0.6242799999999999
 0.64111
 0.66366
 0.68219
 0.64034
 0.62297
 0.6141799999999999
 0.60533
 0.6294999999999999
 0
 0
 0.33333
 0
 0.6
 0.16667
 0.28571
 0.625
 0.33333
 0.8
 0.45455
 0.58333
 0.84615
 0.5555600000000001
 0.8
 0.33333
 0
 0
 0
 1
 0
 0
 1
 1
 1
 1
 0
 1
 0
 0
 0
 0
 0.3727
 0.27769
 0.68157
 0.38319
 0.44126
 0.56307
 0.51666
 0.60177
 0.5380200000000001
 0.54796
 0.59881
 0.59092
 0.61536
 0.56574
 0.54644
 0.49854
 0.55525
 0.58691
 0.5725
 0.5958599999999999
 0.62542
 0.70736
 0.65358
 0.6485
 0.63504
 0.65095
 0.59178
 0.6506
 0
 0
 0.36788
 0.67855
 0.69412
 0.73175
 0.69879
 0.71758
 0.68475
 0.71712
 0.72267
 0.71827
 0.71575
 0.75393
 0.73492
 0.7453
 0.73419
 0.6871699999999999
 0.70448
 0.71688
 0.72222
 0.72074
 0.77151
 0.7656500000000001
 0.78843
 0.74266
 0.74412
 0.7866
 0.7547
 0.73466
 0
 0
 0.38582
 0.40074
 0.59167
 0.4866
 0.49012
 0.52271
 0.57695
 0.52725
 0.5512
 0.56728
 0.5666600000000001
 0.60122
 0.62024
 0.58574
 0.55472
 0.55725
 0.5686600000000001
 0.58253
 0.62483
 0.65367
 0.6792899999999999
 0.68319
 0.70644
 0.6617499999999999
 0.64297
 0.63707
 0.62541
 0.65541
 0
 0
 0.99854
 1
 1
 1
 1
 1
 1
 1
 1
 1
 0.99709
 0.9872
 0.98578
 0.9734
 0.96799
 0.96524
 0.96746
 0.96893
 0.96406
 0.96305
 0.96717
 0.96396
 0.94575
 0.94811
 0.95523
 0.94913
 0.95558
 0.94179
 0
 0
 0.33333
 0.29152
 0.71494
 0.43482
 0.50249
 0.53215
 0.52506
 0.52665
 0.52092
 0.57018
 0.57892
 0.5717
 0.5823199999999999
 0.57604
 0.54021
 0.54404
 0.5455100000000001
 0.59251
 0.61173
 0.62748
 0.65198
 0.67863
 0.67752
 0.668
 0.63026
 0.6364300000000001
 0.62093
 0.64145
 0
 0
 0.36788
 0.67859
 0.76002
 0.6767300000000001
 0.67932
 0.72847
 0.68881
 0.7004
 0.70988
 0.69396
 0.7268
 0.72299
 0.73994
 0.70436
 0.69899
 0.6737
 0.6977100000000001
 0.69936
 0.7154
 0.72851
 0.71409
 0.76586
 0.78478
 0.72786
 0.7748
 0.73306
 0.71776
 0.74253
 0
 0
 0
 0
 0
 0
 0
 0
 0
 0
 0
 0
 0
 0
 0
 0
 0
 0
 0
 0
 0
 0
 0
 0
 0
 0
 0
 0
 0
 0
 0
 0
 0
 0
 0
 0
 0
 0
 0
 0
 0
 0
 0
 0
 0
 0
 0
 0
 0
 0
 0
 0
 0
 0
 0
 0
 0
 0
 0
 0
 0
 0
 0
 0
 0
 0
 0
 0
 0
 0
 0
 0
 0
 0
 0
 0
 0
 0
 0
 0
 0
 0
 0
 0
 0
 0
 0
 0
 0
 0
 0
 0
 0
 0
 0
 0
 0
 0
 0
 0
 0
 0
 0
 0
 0
 0
 0
 0
 0
 0
 0
 0
 0
 0
 0
 0
 0
 0
 0
 0
 0
 0
 0
 0
 0
 0
 0
 0
 0
 0
 0
 0
 0
 0
 0
 0
 0
 0
 0
 0
 0
 0
 0
 0
 0
 0
 0
 0
 0
 0
 0
 0
 0.99995
 1
 1
 1
 1
 1
 1
 1
 1
 0.99883
 0.99378
 0.99027
 0.97822
 0.97095
 0.97579
 0.97276
 0.97013
 0.96413
 0.96492
 0.9576
 0.95895
 0.96251
 0.95213
 0.95221
 0.95198
 0.94271
 0.94787
 0.95494
 0
 0
 0
 0
 0
 0
 0
 0
 0
 0
 0
 0
 0
 0
 0
 0
 0
 0
 0
 0
 0
 0
 0
 0
 0
 0
 0
 0
 0
 0
 0
 0
 0
 0
 0
 0
 0
 0
 0
 0
 0
 0
 0
 0
 0
 0
 0
 0
 0
 0
 0
 0
 0
 0
 0
 0
 0
 0
 0
 0


