# Created by Octave 4.0.0, Sat Nov 21 16:31:42 2015 W. Europe Standard Time <unknown@Florian-PC>
# name: mus
# type: matrix
# ndims: 3
 1 30 19
 0
 0
 0.94203
 0.97596
 0.8878
 0.92647
 0.97537
 0.95673
 0.94203
 0.9399999999999999
 0.95694
 0.91667
 0.96635
 0.96939
 0.89231
 0.97596
 0.97059
 0.9798
 0.9760799999999999
 0.98
 0.99471
 0.98569
 0.99034
 0.98958
 0.9825
 0.98558
 0.98942
 0.9949
 0.99507
 0.99444
 0
 0
 0.33333
 0.75
 0.4
 0.4
 0.2
 0.4
 0.5
 0.7
 0.76667
 0.53333
 0.8
 0.7
 0.73333
 0.7
 0.71667
 0.65
 0.7
 0.7
 0.58
 0.64
 0.6
 0.62
 0.64
 0.7
 0.67333
 0.6333299999999999
 0.7533300000000001
 0.73333
 0
 0
 0.62414
 0.93535
 0.73003
 0.7029
 0.67172
 0.65549
 0.57037
 0.52589
 0.66145
 0.64528
 0.54452
 0.69965
 0.50301
 0.57329
 0.5686
 0.69978
 0.5371
 0.51775
 0.57568
 0.5176500000000001
 0.60953
 0.58838
 0.69813
 0.6604100000000001
 0.75365
 0.70748
 0.72576
 0.75704
 0
 0
 0.33217
 0.66264
 0.58426
 0.53313
 0.41167
 0.4565
 0.48037
 0.56101
 0.50974
 0.49724
 0.5643
 0.54701
 0.51741
 0.52989
 0.54096
 0.52437
 0.53634
 0.52285
 0.5159
 0.54935
 0.5633
 0.59573
 0.61983
 0.64129
 0.65825
 0.6311099999999999
 0.65067
 0.6662
 0
 0
 0
 0.5
 0.4
 0.33333
 0.28571
 0.5
 0.44444
 0.8
 0.63636
 0.5
 0.53846
 0.77778
 0.4
 0.33333
 1
 0
 0
 0
 1
 1
 0
 0
 1
 0
 1
 0
 1
 0
 0
 0
 -0
 0.55625
 0.57487
 0.47662
 0.39167
 0.45481
 0.4657
 0.55993
 0.52907
 0.50797
 0.5894200000000001
 0.55948
 0.48646
 0.51559
 0.5802
 0.49242
 0.47971
 0.51813
 0.52774
 0.55792
 0.52618
 0.55077
 0.65007
 0.6418
 0.69273
 0.59248
 0.72351
 0.69868
 0
 0
 0.36788
 0.58601
 0.77547
 0.69364
 0.69742
 0.64837
 0.6448700000000001
 0.66957
 0.70021
 0.65911
 0.67566
 0.70905
 0.6840000000000001
 0.702
 0.72705
 0.67961
 0.66465
 0.68774
 0.7000999999999999
 0.7144200000000001
 0.71927
 0.73397
 0.75967
 0.74524
 0.7587699999999999
 0.75154
 0.7648200000000001
 0.77624
 0
 0
 0.33289
 0.6278899999999999
 0.6047400000000001
 0.62449
 0.45842
 0.4991
 0.48758
 0.53195
 0.49989
 0.49016
 0.54025
 0.53867
 0.5071099999999999
 0.5299199999999999
 0.5426
 0.53594
 0.55711
 0.52264
 0.53378
 0.55843
 0.56976
 0.59601
 0.63552
 0.6402
 0.66026
 0.64508
 0.6567499999999999
 0.6612
 0
 0
 0.99993
 1
 1
 1
 1
 1
 1
 1
 1
 0.9981100000000001
 0.9933
 0.97922
 0.97799
 0.97598
 0.97487
 0.97622
 0.97489
 0.96844
 0.96396
 0.95741
 0.95545
 0.96232
 0.959
 0.95226
 0.95059
 0.94631
 0.95549
 0.94509
 0
 0
 -0
 0.4702
 0.7137
 0.57598
 0.42334
 0.45839
 0.4817
 0.5283
 0.50893
 0.49199
 0.53346
 0.51071
 0.49282
 0.50459
 0.5335
 0.52396
 0.5356300000000001
 0.52312
 0.53245
 0.54055
 0.55958
 0.59738
 0.61968
 0.66216
 0.65461
 0.62963
 0.64991
 0.6635799999999999
 0
 0
 0.36788
 0.60728
 0.78012
 0.67239
 0.73339
 0.67565
 0.67488
 0.69267
 0.67352
 0.63152
 0.67583
 0.66886
 0.6482599999999999
 0.68041
 0.69643
 0.68122
 0.67264
 0.68068
 0.68809
 0.6849
 0.69981
 0.71384
 0.72746
 0.77195
 0.72897
 0.71494
 0.73582
 0.73355
 0
 0
 0
 0
 0
 0
 0
 0
 0
 0
 0
 0
 0
 0
 0
 0
 0
 0
 0
 0
 0
 0
 0
 0
 0
 0
 0
 0
 0
 0
 0
 0
 0
 0
 0
 0
 0
 0
 0
 0
 0
 0
 0
 0
 0
 0
 0
 0
 0
 0
 0
 0
 0
 0
 0
 0
 0
 0
 0
 0
 0
 0
 0
 0
 0
 0
 0
 0
 0
 0
 0
 0
 0
 0
 0
 0
 0
 0
 0
 0
 0
 0
 0
 0
 0
 0
 0
 0
 0
 0
 0
 0
 0
 0
 0
 0
 0
 0
 0
 0
 0
 0
 0
 0
 0
 0
 0
 0
 0
 0
 0
 0
 0
 0
 0
 0
 0
 0
 0
 0
 0
 0
 0
 0
 0
 0
 0
 0
 0
 0
 0
 0
 0
 0
 0
 0
 0
 0
 0
 0
 0
 0
 0
 0
 0
 0
 0
 0
 0
 0
 0
 0
 0.99998
 1
 1
 1
 1
 1
 1
 0.99907
 1
 0.99847
 0.99505
 0.9870100000000001
 0.97444
 0.9703000000000001
 0.98304
 0.9680800000000001
 0.97499
 0.9611
 0.96195
 0.9567
 0.96439
 0.96109
 0.96116
 0.95848
 0.95891
 0.94843
 0.94994
 0.94329
 0
 0
 0
 0
 0
 0
 0
 0
 0
 0
 0
 0
 0
 0
 0
 0
 0
 0
 0
 0
 0
 0
 0
 0
 0
 0
 0
 0
 0
 0
 0
 0
 0
 0
 0
 0
 0
 0
 0
 0
 0
 0
 0
 0
 0
 0
 0
 0
 0
 0
 0
 0
 0
 0
 0
 0
 0
 0
 0
 0


