# Created by Octave 4.0.0, Sat Nov 21 16:31:33 2015 W. Europe Standard Time <unknown@Florian-PC>
# name: mus
# type: matrix
# ndims: 3
 1 30 19
 0
 0
 0.75362
 0.88942
 0.75122
 0.76961
 0.7734
 0.89904
 0.91787
 0.915
 0.91866
 0.96078
 0.93029
 0.95408
 0.95385
 0.95673
 0.95588
 0.9596
 0.95694
 0.95
 0.95238
 0.95455
 0.95652
 0.94965
 0.9525
 0.96635
 0.96145
 0.96429
 0.96552
 0.96111
 0
 0
 0.66667
 0.5
 1
 1
 1
 0.9
 0.6
 0.9
 0.9
 0.9
 0.93333
 0.93333
 0.93333
 1
 1
 1
 1
 1
 1
 1
 0.96
 0.96
 0.96
 0.96
 0.96
 0.93333
 0.93333
 0.93333
 0
 0
 0.7198600000000001
 0.72397
 0.90755
 0.91077
 0.96817
 0.8968699999999999
 0.86463
 0.86774
 0.94118
 0.93684
 0.87135
 0.90262
 0.88994
 0.9480499999999999
 0.92069
 0.94492
 0.96553
 0.94633
 0.95202
 0.97126
 0.94563
 0.9438
 0.9518
 0.92901
 0.94778
 0.95978
 0.95666
 0.96579
 0
 0
 0.74744
 0.69425
 0.82107
 0.84695
 0.87791
 0.85944
 0.81075
 0.85453
 0.87219
 0.82663
 0.82766
 0.85393
 0.86489
 0.89311
 0.88807
 0.89501
 0.91317
 0.90856
 0.91308
 0.92111
 0.88182
 0.88762
 0.8964800000000001
 0.90582
 0.9063
 0.91516
 0.91396
 0.9218499999999999
 0
 0
 0.66667
 0.25
 1
 1
 1
 0.875
 0.88889
 0.9
 0.90909
 0.83333
 1
 1
 1
 1
 1
 1
 1
 1
 1
 1
 1
 1
 1
 1
 1
 0
 1
 1
 0
 0
 0.6958299999999999
 0.44422
 0.92972
 0.7904099999999999
 0.8517400000000001
 0.94593
 0.8041
 0.94589
 0.94524
 0.9339499999999999
 0.8682299999999999
 0.80127
 0.9583199999999999
 0.85764
 0.8923
 0.97657
 0.89411
 0.87044
 0.984
 0.97911
 0.9180700000000001
 0.8969200000000001
 0.88296
 0.89566
 0.94084
 0.86703
 0.8902600000000001
 0.95136
 0
 0
 0.57859
 0.6338200000000001
 0.80776
 0.78747
 0.87119
 0.8384
 0.87745
 0.83436
 0.8624000000000001
 0.80852
 0.83623
 0.84074
 0.83077
 0.8667899999999999
 0.9147
 0.91594
 0.87982
 0.89893
 0.9296
 0.9177999999999999
 0.88825
 0.89969
 0.9212399999999999
 0.8864
 0.90432
 0.95333
 0.90356
 0.92067
 0
 0
 0.7474499999999999
 0.68329
 0.76838
 0.8184
 0.83704
 0.8325399999999999
 0.84008
 0.85521
 0.87088
 0.82683
 0.81005
 0.8507
 0.8666199999999999
 0.88131
 0.886
 0.8933
 0.89889
 0.90686
 0.9105799999999999
 0.91748
 0.8893799999999999
 0.88963
 0.90349
 0.90886
 0.91494
 0.92522
 0.92066
 0.92876
 0
 0
 0.9999400000000001
 1
 1
 1
 1
 1
 1
 1
 0.99997
 0.9982
 0.99027
 0.98833
 0.97743
 0.97433
 0.96954
 0.97355
 0.96447
 0.96576
 0.95224
 0.97235
 0.96411
 0.95842
 0.9554
 0.9535
 0.95218
 0.95372
 0.94798
 0.9555399999999999
 0
 0
 0.69392
 0.48506
 0.99066
 0.73713
 0.83895
 0.9543
 0.93349
 0.93444
 0.88504
 0.85658
 0.83128
 0.85536
 0.90037
 0.86843
 0.84338
 0.96139
 0.90466
 0.97272
 0.96621
 0.91311
 0.87788
 0.9036999999999999
 0.97331
 0.90233
 0.9773500000000001
 0.9442700000000001
 0.9189000000000001
 0.97241
 0
 0
 0.57859
 0.64315
 0.75617
 0.78959
 0.89588
 0.78762
 0.83083
 0.82884
 0.81514
 0.79443
 0.8166099999999999
 0.82569
 0.82496
 0.96216
 0.90282
 0.92295
 0.86449
 0.89503
 0.88595
 0.89934
 0.92134
 0.87519
 0.89108
 0.89147
 0.9033099999999999
 0.89776
 0.91222
 0.91567
 0
 0
 0
 0
 0
 0
 0
 0
 0
 0
 0
 0
 0
 0
 0
 0
 0
 0
 0
 0
 0
 0
 0
 0
 0
 0
 0
 0
 0
 0
 0
 0
 0
 0
 0
 0
 0
 0
 0
 0
 0
 0
 0
 0
 0
 0
 0
 0
 0
 0
 0
 0
 0
 0
 0
 0
 0
 0
 0
 0
 0
 0
 0
 0
 0
 0
 0
 0
 0
 0
 0
 0
 0
 0
 0
 0
 0
 0
 0
 0
 0
 0
 0
 0
 0
 0
 0
 0
 0
 0
 0
 0
 0
 0
 0
 0
 0
 0
 0
 0
 0
 0
 0
 0
 0
 0
 0
 0
 0
 0
 0
 0
 0
 0
 0
 0
 0
 0
 0
 0
 0
 0
 0
 0
 0
 0
 0
 0
 0
 0
 0
 0
 0
 0
 0
 0
 0
 0
 0
 0
 0
 0
 0
 0
 0
 0
 0
 0
 0
 0
 0
 0
 0.99998
 1
 1
 0.99998
 1
 1
 0.99975
 1
 0.9962
 1
 0.99007
 0.98351
 0.98051
 0.97904
 0.9733000000000001
 0.97473
 0.96875
 0.9647
 0.96201
 0.9723000000000001
 0.96202
 0.9579299999999999
 0.9601
 0.95405
 0.9537099999999999
 0.95923
 0.95584
 0.94475
 0
 0
 0
 0
 0
 0
 0
 0
 0
 0
 0
 0
 0
 0
 0
 0
 0
 0
 0
 0
 0
 0
 0
 0
 0
 0
 0
 0
 0
 0
 0
 0
 0
 0
 0
 0
 0
 0
 0
 0
 0
 0
 0
 0
 0
 0
 0
 0
 0
 0
 0
 0
 0
 0
 0
 0
 0
 0
 0
 0


