# Created by Octave 4.0.0, Sat Nov 21 16:31:52 2015 W. Europe Standard Time <unknown@Florian-PC>
# name: mus
# type: matrix
# ndims: 3
 1 30 19
 0
 0
 0.92754
 0.75
 0.95122
 0.96569
 0.91133
 0.97115
 0.96135
 0.965
 0.9760799999999999
 0.97059
 0.97596
 0.97449
 0.97436
 0.94712
 0.98039
 0.98485
 0.98565
 0.98
 0.9841299999999999
 0.98485
 0.98551
 0.98438
 0.985
 0.98558
 0.9841299999999999
 0.98469
 0.99015
 0.98889
 0
 0
 0.33333
 1
 0.8
 0.7
 0.6
 0.5
 0.4
 0.8
 0.8
 0.83333
 0.93333
 0.9
 0.8
 0.95
 0.93333
 0.8
 0.95
 0.95
 0.9
 0.88
 0.9
 0.96
 0.96
 0.96
 0.96667
 0.96
 0.8666700000000001
 0.8666700000000001
 0
 0
 0.66773
 0.94253
 0.80533
 0.71698
 0.7107
 0.7756
 0.76106
 0.83122
 0.7770899999999999
 0.74427
 0.82604
 0.84462
 0.87682
 0.91151
 0.92379
 0.8146
 0.79291
 0.83885
 0.83889
 0.87212
 0.8701
 0.91191
 0.91488
 0.92067
 0.93527
 0.94446
 0.90241
 0.88495
 0
 0
 0.38752
 0.74532
 0.7211
 0.6847
 0.54686
 0.60383
 0.6216
 0.68348
 0.723
 0.7497200000000001
 0.75822
 0.77674
 0.80841
 0.81458
 0.82463
 0.73649
 0.76068
 0.77145
 0.78079
 0.79541
 0.80731
 0.81611
 0.82335
 0.81959
 0.83438
 0.84533
 0.80899
 0.81771
 0
 0
 0.33333
 1
 0.8
 0.5
 0.57143
 0.5
 0.5555600000000001
 0.5
 0.63636
 0.83333
 1
 0.88889
 0.8
 0.66667
 1
 1
 0
 1
 1
 1
 1
 1
 1
 1
 1
 1
 0
 1
 0
 0
 0.41666
 0.71478
 0.78073
 0.66783
 0.63545
 0.66393
 0.61008
 0.63461
 0.75116
 0.72879
 0.70043
 0.79547
 0.91327
 0.75285
 0.75891
 0.7882400000000001
 0.69502
 0.76636
 0.7262
 0.74899
 0.8448600000000001
 0.78395
 0.81158
 0.77062
 0.9651
 0.96519
 0.75574
 0.7654
 0
 0
 0.36788
 0.73146
 0.81229
 0.77102
 0.70868
 0.73671
 0.76779
 0.75057
 0.76473
 0.8000699999999999
 0.81038
 0.81785
 0.8053
 0.81504
 0.829
 0.74971
 0.79195
 0.80031
 0.85785
 0.80353
 0.82263
 0.85527
 0.8768899999999999
 0.83104
 0.86317
 0.85239
 0.88773
 0.90323
 0
 0
 0.38858
 0.67746
 0.70953
 0.7743100000000001
 0.55436
 0.66589
 0.63705
 0.66023
 0.71737
 0.72279
 0.73882
 0.75556
 0.795
 0.8178800000000001
 0.83208
 0.74111
 0.7765300000000001
 0.79121
 0.80093
 0.82119
 0.8316
 0.84532
 0.86176
 0.84938
 0.86366
 0.87499
 0.83188
 0.84801
 0
 0
 0.99959
 1
 1
 1
 1
 1
 1
 1
 1
 0.99882
 0.99614
 0.98573
 0.98362
 0.96589
 0.97119
 0.9664700000000001
 0.97423
 0.96591
 0.9598100000000001
 0.96399
 0.95464
 0.96691
 0.96452
 0.96236
 0.95824
 0.94453
 0.94821
 0.94353
 0
 0
 0.41666
 0.85783
 0.66674
 0.6485300000000001
 0.5905
 0.6683
 0.61656
 0.64611
 0.71249
 0.70508
 0.81288
 0.8102200000000001
 0.80868
 0.87225
 0.79879
 0.72495
 0.83231
 0.85568
 0.78829
 0.81774
 0.81436
 0.82501
 0.9126
 0.90927
 0.86019
 0.9726900000000001
 0.82841
 0.83178
 0
 0
 0.36788
 0.74732
 0.76925
 0.88684
 0.71189
 0.73863
 0.77524
 0.74017
 0.7518
 0.77245
 0.76327
 0.75573
 0.824
 0.79536
 0.79655
 0.76317
 0.74793
 0.77041
 0.79544
 0.79801
 0.85207
 0.80867
 0.81573
 0.89716
 0.82313
 0.84248
 0.9520999999999999
 0.82868
 0
 0
 0
 0
 0
 0
 0
 0
 0
 0
 0
 0
 0
 0
 0
 0
 0
 0
 0
 0
 0
 0
 0
 0
 0
 0
 0
 0
 0
 0
 0
 0
 0
 0
 0
 0
 0
 0
 0
 0
 0
 0
 0
 0
 0
 0
 0
 0
 0
 0
 0
 0
 0
 0
 0
 0
 0
 0
 0
 0
 0
 0
 0
 0
 0
 0
 0
 0
 0
 0
 0
 0
 0
 0
 0
 0
 0
 0
 0
 0
 0
 0
 0
 0
 0
 0
 0
 0
 0
 0
 0
 0
 0
 0
 0
 0
 0
 0
 0
 0
 0
 0
 0
 0
 0
 0
 0
 0
 0
 0
 0
 0
 0
 0
 0
 0
 0
 0
 0
 0
 0
 0
 0
 0
 0
 0
 0
 0
 0
 0
 0
 0
 0
 0
 0
 0
 0
 0
 0
 0
 0
 0
 0
 0
 0
 0
 0
 0
 0
 0
 0
 0
 0.99999
 1
 1
 1
 1
 1
 1
 1
 0.99956
 1
 0.99447
 0.99127
 0.97699
 0.9761
 0.96958
 0.97396
 0.96397
 0.9637
 0.9573
 0.96765
 0.95587
 0.95438
 0.95163
 0.95516
 0.95944
 0.9497100000000001
 0.95467
 0.93715
 0
 0
 0
 0
 0
 0
 0
 0
 0
 0
 0
 0
 0
 0
 0
 0
 0
 0
 0
 0
 0
 0
 0
 0
 0
 0
 0
 0
 0
 0
 0
 0
 0
 0
 0
 0
 0
 0
 0
 0
 0
 0
 0
 0
 0
 0
 0
 0
 0
 0
 0
 0
 0
 0
 0
 0
 0
 0
 0
 0


