# Created by Octave 4.0.0, Sat Nov 21 16:31:43 2015 W. Europe Standard Time <unknown@Florian-PC>
# name: mus
# type: matrix
# ndims: 3
 1 30 19
 0
 0
 0.94686
 0.95192
 0.97073
 0.97059
 0.96552
 0.97115
 0.98068
 0.96
 0.89952
 0.95098
 0.97596
 0.97449
 0.97949
 0.97596
 0.98039
 0.97727
 0.98086
 0.99
 0.98942
 0.99495
 0.99517
 0.99479
 1
 1
 0.99471
 0.9949
 0.99507
 1
 0
 0
 0.33333
 0.75
 0
 0.3
 0.7
 0.8
 0.8
 0.8
 0.6333299999999999
 0.7
 0.76667
 0.56667
 0.6
 0.6
 0.76667
 0.76667
 0.73333
 0.65
 0.66
 0.7
 0.72
 0.72
 0.68
 0.68667
 0.78667
 0.7466699999999999
 0.72
 0.76667
 0
 0
 0.59479
 0.78929
 0.64524
 0.628
 0.62296
 0.63564
 0.47952
 0.67897
 0.67894
 0.6541
 0.60289
 0.69982
 0.40947
 0.62361
 0.58036
 0.71131
 0.72895
 0.59785
 0.65107
 0.68293
 0.6603599999999999
 0.62039
 0.70473
 0.62043
 0.61434
 0.72081
 0.71791
 0.74635
 0
 0
 0.50148
 0.78083
 0.21461
 0.43132
 0.58235
 0.60216
 0.66655
 0.6759500000000001
 0.5185999999999999
 0.52259
 0.5609499999999999
 0.64251
 0.57495
 0.63588
 0.5652
 0.66055
 0.66361
 0.64556
 0.65891
 0.60741
 0.62984
 0.64841
 0.61886
 0.63592
 0.64576
 0.69402
 0.70936
 0.72476
 0
 0
 0.33333
 0.5
 0
 0
 0.71429
 0.375
 0.77778
 0.5
 0.45455
 0.33333
 0.61538
 0.44444
 1
 0.66667
 0
 1
 0
 1
 0
 1
 0
 1
 0
 1
 0
 0
 0
 1
 0
 0
 0.44464
 0.52072
 0.16896
 0.23736
 0.65352
 0.52877
 0.70597
 0.56691
 0.48397
 0.45498
 0.5988599999999999
 0.54987
 0.67128
 0.64336
 0.46409
 0.72224
 0.46949
 0.65395
 0.55709
 0.70603
 0.5659999999999999
 0.74544
 0.57916
 0.55588
 0.58487
 0.6061
 0.68101
 0.85032
 0
 0
 0.78929
 0.5640500000000001
 0.65664
 0.7723100000000001
 0.58375
 0.6508699999999999
 0.7315700000000001
 0.66858
 0.61791
 0.6458199999999999
 0.70174
 0.68606
 0.70362
 0.64276
 0.68693
 0.70378
 0.68958
 0.70457
 0.70592
 0.67245
 0.67386
 0.6866
 0.70342
 0.69474
 0.7065399999999999
 0.71233
 0.72389
 0.7464499999999999
 0
 0
 0.52197
 0.7015400000000001
 0.34523
 0.48082
 0.57354
 0.57944
 0.5931
 0.62103
 0.53185
 0.52518
 0.53584
 0.57234
 0.52349
 0.56257
 0.5419
 0.57251
 0.59039
 0.58199
 0.59049
 0.5641
 0.5772
 0.59741
 0.56638
 0.5744
 0.58278
 0.63065
 0.62416
 0.65427
 0
 0
 0.94508
 0.91686
 0.95433
 0.9381
 0.93848
 0.92476
 0.9090200000000001
 0.93735
 0.90784
 0.92064
 0.91037
 0.93541
 0.9155
 0.90922
 0.90474
 0.90672
 0.90315
 0.90887
 0.9033
 0.8904
 0.90869
 0.9087499999999999
 0.90702
 0.90257
 0.89689
 0.91046
 0.9147999999999999
 0.90151
 0
 0
 0.47357
 0.52788
 0.29873
 0.3563
 0.51747
 0.53005
 0.52533
 0.5638300000000001
 0.53761
 0.5334
 0.5309199999999999
 0.54718
 0.5142099999999999
 0.598
 0.54919
 0.66277
 0.57648
 0.6696800000000001
 0.57863
 0.60868
 0.56818
 0.63578
 0.60339
 0.5254
 0.58134
 0.68671
 0.68894
 0.7127599999999999
 0
 0
 0.78929
 0.57963
 0.61986
 0.753
 0.57601
 0.64547
 0.69974
 0.64595
 0.66311
 0.70517
 0.72146
 0.64123
 0.68226
 0.53432
 0.69056
 0.39112
 0.66009
 0.67776
 0.6713
 0.39582
 0.6700199999999999
 0.68305
 0.69121
 0.6835599999999999
 0.40935
 0.70551
 0.73727
 0.71896
 0
 0
 0
 0
 0
 0
 0
 0
 0
 0
 0
 0
 0
 0
 0
 0
 0
 0
 0
 0
 0
 0
 0
 0
 0
 0
 0
 0
 0
 0
 0
 0
 0
 0
 0
 0
 0
 0
 0
 0
 0
 0
 0
 0
 0
 0
 0
 0
 0
 0
 0
 0
 0
 0
 0
 0
 0
 0
 0
 0
 0
 0
 0
 0
 0
 0
 0
 0
 0
 0
 0
 0
 0
 0
 0
 0
 0
 0
 0
 0
 0
 0
 0
 0
 0
 0
 0
 0
 0
 0
 0
 0
 0
 0
 0
 0
 0
 0
 0
 0
 0
 0
 0
 0
 0
 0
 0
 0
 0
 0
 0
 0
 0
 0
 0
 0
 0
 0
 0
 0
 0
 0
 0
 0
 0
 0
 0
 0
 0
 0
 0
 0
 0
 0
 0
 0
 0
 0
 0
 0
 0
 0
 0
 0
 0
 0
 0
 0
 0
 0
 0
 0
 0.97902
 0.90821
 0.89546
 0.92848
 0.89752
 0.9249000000000001
 0.91159
 0.91143
 0.9225100000000001
 0.92781
 0.91854
 0.9262899999999999
 0.91743
 0.90754
 0.91517
 0.91244
 0.90067
 0.91011
 0.90069
 0.90837
 0.91247
 0.91142
 0.90368
 0.92254
 0.90287
 0.89956
 0.90749
 0.91087
 0
 0
 0
 0
 0
 0
 0
 0
 0
 0
 0
 0
 0
 0
 0
 0
 0
 0
 0
 0
 0
 0
 0
 0
 0
 0
 0
 0
 0
 0
 0
 0
 0
 0
 0
 0
 0
 0
 0
 0
 0
 0
 0
 0
 0
 0
 0
 0
 0
 0
 0
 0
 0
 0
 0
 0
 0
 0
 0
 0


