# Created by Octave 4.0.0, Sat Nov 21 16:31:38 2015 W. Europe Standard Time <unknown@Florian-PC>
# name: mus
# type: matrix
# ndims: 3
 1 30 19
 0
 0
 0.81159
 0.37019
 0.95122
 0.97059
 0.96552
 0.96635
 0.96618
 0.955
 0.96172
 0.95588
 0.96635
 0.96939
 0.96923
 0.96154
 0.97059
 0.9697
 0.96172
 0.96
 0.9682500000000001
 0.9697
 0.97101
 0.94271
 0.945
 0.94712
 0.94936
 0.95918
 0.94511
 0.95
 0
 0
 0.33333
 1
 0.2
 0
 0.4
 0.7
 0.7
 0.9
 0.83333
 0.8
 0.93333
 1
 1
 1
 1
 1
 1
 1
 1
 1
 1
 1
 1
 1
 1
 1
 1
 1
 0
 0
 0.54171
 0.75119
 0.56777
 0.62029
 0.66814
 0.66682
 0.7620400000000001
 0.8083399999999999
 0.83797
 0.84199
 0.87252
 0.9322
 0.96107
 0.9509
 0.9585
 0.96029
 0.93908
 0.97426
 0.93528
 0.9694199999999999
 0.96323
 0.96788
 0.95782
 0.94221
 0.95792
 0.96954
 0.96585
 0.97889
 0
 0
 0.52779
 0.98513
 0.48918
 0.37734
 0.63837
 0.62275
 0.70607
 0.8034
 0.85781
 0.8974299999999999
 0.96117
 0.99278
 0.99585
 0.99317
 0.9965000000000001
 0.99498
 0.99685
 0.99621
 0.99538
 0.9996699999999999
 0.99616
 0.99491
 0.99596
 0.99582
 0.99879
 0.99895
 0.99801
 0.99935
 0
 0
 0
 1
 0.6
 0
 0.57143
 0.5
 0.66667
 1
 0.72727
 0.83333
 0.84615
 1
 1
 1
 1
 1
 1
 1
 1
 1
 1
 1
 1
 1
 1
 1
 1
 1
 0
 0
 0
 1.19048
 0.55
 0.3417
 0.5369
 0.53423
 0.68155
 0.98095
 0.75499
 0.85253
 0.8690600000000001
 1.03253
 1.03537
 1.00651
 1.00755
 1.01175
 1.00676
 1.01064
 1.00431
 1.01389
 1.02273
 1
 1.03125
 1.06084
 1
 1
 1
 1
 0
 0
 0.57859
 0.59671
 0.66973
 0.71339
 0.83978
 0.73612
 0.7121499999999999
 0.89719
 0.87852
 0.9119699999999999
 0.87285
 0.96768
 0.9444
 0.91016
 0.9444
 0.97639
 0.94338
 0.9578100000000001
 0.96068
 0.98059
 0.97864
 0.9368
 0.97376
 0.96862
 0.99234
 0.97026
 0.9711
 0.96602
 0
 0
 0.52779
 0.90688
 0.59524
 0.61037
 0.60555
 0.6966599999999999
 0.7438399999999999
 0.7988
 0.86741
 0.8948199999999999
 0.93938
 0.96308
 0.96497
 0.95499
 0.98136
 0.97655
 0.98349
 0.9846
 0.9869
 0.99398
 0.98867
 0.98749
 0.98711
 0.99173
 0.99513
 0.99325
 0.99366
 0.99112
 0
 0
 1
 1
 1
 1
 1
 1
 1
 1
 1
 1
 1
 1
 1
 1
 1
 1
 1
 1
 1
 1
 1
 1
 1
 1
 1
 1
 1
 1
 0
 0
 0
 1.09661
 0.45834
 0.45243
 0.5168700000000001
 0.5495100000000001
 0.7019300000000001
 0.74676
 0.9287300000000001
 0.84063
 0.95604
 1.03628
 1.09174
 1.02881
 0.9827
 1.06435
 1.03738
 1.05936
 1.02423
 1.07855
 1.12924
 1
 1.11676
 0.9895699999999999
 1
 1
 1
 1
 0
 0
 0.57859
 0.59671
 0.67904
 0.80052
 0.8164
 0.80642
 0.81252
 0.74726
 0.99773
 0.8414199999999999
 0.90379
 0.92042
 0.94772
 0.91769
 0.95041
 0.9751300000000001
 0.96232
 0.93143
 0.95297
 1.11397
 0.9861
 0.94868
 0.92572
 0.98748
 1.05259
 0.9591
 1.04581
 1.00364
 0
 0
 0
 0
 0
 0
 0
 0
 0
 0
 0
 0
 0
 0
 0
 0
 0
 0
 0
 0
 0
 0
 0
 0
 0
 0
 0
 0
 0
 0
 0
 0
 0
 0
 0
 0
 0
 0
 0
 0
 0
 0
 0
 0
 0
 0
 0
 0
 0
 0
 0
 0
 0
 0
 0
 0
 0
 0
 0
 0
 0
 0
 0
 0
 0
 0
 0
 0
 0
 0
 0
 0
 0
 0
 0
 0
 0
 0
 0
 0
 0
 0
 0
 0
 0
 0
 0
 0
 0
 0
 0
 0
 0
 0
 0
 0
 0
 0
 0
 0
 0
 0
 0
 0
 0
 0
 0
 0
 0
 0
 0
 0
 0
 0
 0
 0
 0
 0
 0
 0
 0
 0
 0
 0
 0
 0
 0
 0
 0
 0
 0
 0
 0
 0
 0
 0
 0
 0
 0
 0
 0
 0
 0
 0
 0
 0
 0
 0
 0
 0
 0
 0
 1
 1
 1
 1
 1
 1
 1
 1
 1
 1
 1
 1
 1
 1
 1
 1
 1
 1
 1
 1
 1
 1
 1
 1
 1
 1
 1
 1
 0
 0
 0
 0
 0
 0
 0
 0
 0
 0
 0
 0
 0
 0
 0
 0
 0
 0
 0
 0
 0
 0
 0
 0
 0
 0
 0
 0
 0
 0
 0
 0
 0
 0
 0
 0
 0
 0
 0
 0
 0
 0
 0
 0
 0
 0
 0
 0
 0
 0
 0
 0
 0
 0
 0
 0
 0
 0
 0
 0


# name: vars
# type: matrix
# ndims: 3
 1 30 19
 0
 0
 0.044047
 0.052673
 0.011561
 0.005843
 0.003871
 0.003197
 0.003855
 0.002605
 0.003045
 0.002706
 0.003131
 0.002915
 0.001197
 0.002304
 0.001573
 0.002076
 0.004482
 0.002667
 0.001134
 0.001033
 0.00189
 0.002449
 0.003629
 0.00251
 0.003321
 0.000607
 0.00167
 0.000333
 0
 0
 0.33333
 0
 0.2
 0
 0.175
 0.2
 0.2
 0.05
 0.05556
 0.075
 0.02222
 0
 0
 0
 0
 0
 0
 0
 0
 0
 0
 0
 0
 0
 0
 0
 0
 0
 0
 0
 0
 0
 0
 0
 0
 0
 0
 0
 0
 0
 0
 0
 0
 0
 0
 0
 0
 0
 0
 0
 0
 0
 0
 0
 0
 0
 0
 0
 0
 0
 0.21006
 0.00052
 0.07288
 0.01076
 0.08092000000000001
 0.05682
 0.0467
 0.03919
 0.03231
 0.024
 0.00651
 0.00167
 0.00094
 0.00128
 0.00065
 0.0008899999999999999
 0.00063
 0.00071
 0.00099
 2e-005
 0.00056
 0.00073
 0.00072
 0.0008
 0.00016
 0.00013
 0.00023
 0.0001
 0
 0
 0
 0
 0
 0
 0
 0
 0
 0
 0
 0
 0
 0
 0
 0
 0
 0
 0
 0
 0
 0
 0
 0
 0
 0
 0
 0
 0
 0
 0
 0
 0
 0
 0
 0
 0
 0
 0
 0
 0
 0
 0
 0
 0
 0
 0
 0
 0
 0
 0
 0
 0
 0
 0
 0
 0
 0
 0
 0
 0
 0
 0
 0
 0
 0
 0
 0
 0
 0
 0
 0
 0
 0
 0
 0
 0
 0
 0
 0
 0
 0
 0
 0
 0
 0
 0
 0
 0
 0
 0
 0
 0.21006
 0.02035
 0.05669
 0.05074
 0.03417
 0.03396
 0.02932
 0.02019
 0.01499
 0.01417
 0.01423
 0.009209999999999999
 0.01048
 0.01781
 0.00764
 0.008699999999999999
 0.00659
 0.0052
 0.00441
 0.00202
 0.00476
 0.00462
 0.00454
 0.00306
 0.00081
 0.00074
 0.00081
 0.00138
 0
 0
 0
 0
 0
 0
 0
 0
 0
 0
 0
 0
 0
 0
 0
 0
 0
 0
 0
 0
 0
 0
 0
 0
 0
 0
 0
 0
 0
 0
 0
 0
 0
 0
 0
 0
 0
 0
 0
 0
 0
 0
 0
 0
 0
 0
 0
 0
 0
 0
 0
 0
 0
 0
 0
 0
 0
 0
 0
 0
 0
 0
 0
 0
 0
 0
 0
 0
 0
 0
 0
 0
 0
 0
 0
 0
 0
 0
 0
 0
 0
 0
 0
 0
 0
 0
 0
 0
 0
 0
 0
 0
 0
 0
 0
 0
 0
 0
 0
 0
 0
 0
 0
 0
 0
 0
 0
 0
 0
 0
 0
 0
 0
 0
 0
 0
 0
 0
 0
 0
 0
 0
 0
 0
 0
 0
 0
 0
 0
 0
 0
 0
 0
 0
 0
 0
 0
 0
 0
 0
 0
 0
 0
 0
 0
 0
 0
 0
 0
 0
 0
 0
 0
 0
 0
 0
 0
 0
 0
 0
 0
 0
 0
 0
 0
 0
 0
 0
 0
 0
 0
 0
 0
 0
 0
 0
 0
 0
 0
 0
 0
 0
 0
 0
 0
 0
 0
 0
 0
 0
 0
 0
 0
 0
 0
 0
 0
 0
 0
 0
 0
 0
 0
 0
 0
 0
 0
 0
 0
 0
 0
 0
 0
 0
 0
 0
 0
 0
 0
 0
 0
 0
 0
 0
 0
 0
 0
 0
 0
 0
 0
 0
 0
 0
 0
 0
 0
 0
 0
 0
 0
 0
 0
 0
 0
 0
 0
 0
 0
 0
 0
 0
 0
 0
 0
 0
 0
 0
 0
 0
 0
 0
 0
 0
 0
 0
 0
 0
 0
 0
 0
 0
 0
 0
 0
 0
 0
 0
 0
 0
 0
 0
 0
 0
 0
 0
 0
 0
 0
 0
 0
 0
 0
 0
 0
 0
 0
 0
 0
 0
 0
 0
 0
 0
 0
 0
 0
 0
 0
 0
 0
 0
 0
 0
 0
 0
 0
 0
 0
 0
 0
 0
 0
 0
 0
 0
 0
 0
 0
 0


