# Created by Octave 4.0.0, Sat Nov 21 16:31:36 2015 W. Europe Standard Time <unknown@Florian-PC>
# name: mus
# type: matrix
# ndims: 3
 1 30 19
 0
 0
 0.36232
 0.48077
 0.7073199999999999
 0.67157
 0.66995
 0.67788
 0.64734
 0.97
 0.9760799999999999
 0.97549
 0.98077
 0.92857
 0.92821
 0.97115
 0.97059
 0.97727
 0.98086
 0.98
 0.97884
 0.98064
 0.98551
 0.97917
 0.98
 0.92788
 0.98791
 0.9898
 0.98522
 0.98333
 0
 0
 0.66667
 1
 1
 1
 1
 1
 1
 0.9
 0.8
 1
 1
 0.8666700000000001
 0.8666700000000001
 1
 0.8833299999999999
 0.83333
 0.85
 0.8
 0.9
 0.92
 0.91
 0.91
 0.92
 0.92667
 0.92667
 0.93333
 0.92
 0.93333
 0
 0
 0.69352
 0.93275
 0.88148
 0.86251
 0.9252
 0.90202
 0.91635
 0.92983
 0.93227
 0.93408
 0.91936
 0.93742
 0.9555399999999999
 0.90444
 0.8838200000000001
 0.84179
 0.8595
 0.8983100000000001
 0.89877
 0.92301
 0.92887
 0.94396
 0.93259
 0.94045
 0.93663
 0.95405
 0.95605
 0.95403
 0
 0
 0.88889
 0.9791800000000001
 1
 0.96991
 0.97556
 0.99609
 0.99314
 0.92057
 0.9793500000000001
 0.98666
 0.98947
 0.9907899999999999
 0.9909
 0.9862300000000001
 0.9252
 0.9269500000000001
 0.92305
 0.94397
 0.93703
 0.94637
 0.9454
 0.94764
 0.94312
 0.95686
 0.94693
 0.95552
 0.95281
 0.95964
 0
 0
 0
 1
 1
 1
 1
 1
 1
 1
 1
 1
 1
 1
 1
 1
 1
 0
 1
 1
 1
 1
 1
 1
 1
 1
 1
 0
 1
 0
 0
 0
 0.16669
 1.38889
 1.15
 1.10833
 1.18929
 1.07143
 1.0625
 0.99881
 1.0053
 1.03535
 1.02721
 1.01891
 1.02142
 0.9891799999999999
 1.00805
 0.67109
 1.05912
 1.04255
 0.9267300000000001
 1.0625
 1.02855
 1.05357
 1.04376
 1.04167
 1
 0.75
 1
 0.6875
 0
 0
 0.36788
 0.75659
 0.88103
 0.9726
 0.79422
 0.8807700000000001
 0.8893799999999999
 0.89577
 0.91494
 0.96991
 0.92217
 0.96557
 0.90171
 0.90058
 0.9045800000000001
 0.86725
 0.90706
 0.91783
 0.90312
 0.92236
 0.93553
 0.92822
 0.95904
 0.94345
 0.94939
 0.95709
 0.9551500000000001
 0.9539800000000001
 0
 0
 0.88889
 0.8696
 0.91101
 0.87767
 0.91792
 0.95709
 0.96719
 0.91276
 0.9482
 0.96668
 0.96677
 0.96956
 0.96031
 0.9686900000000001
 0.93835
 0.94148
 0.94124
 0.93523
 0.94088
 0.95104
 0.94835
 0.9428800000000001
 0.94831
 0.95972
 0.95096
 0.9530999999999999
 0.94918
 0.95509
 0
 0
 1
 1
 1
 1
 1
 1
 1
 1
 1
 1
 1
 1
 1
 1
 1
 1
 1
 1
 1
 1
 1
 1
 1
 1
 1
 1
 1
 1
 0
 0
 0.16669
 1.42157
 1.02385
 1.07358
 1.27094
 1.14941
 1.13321
 0.88869
 0.97803
 0.94118
 1.01603
 1.03296
 1.04818
 1.04705
 0.89219
 0.96217
 0.95483
 1.02028
 0.8996
 1.07364
 0.88229
 1.0742
 0.9015300000000001
 1.08484
 1
 1
 0.9922800000000001
 0.87115
 0
 0
 0.36788
 0.76917
 1.02939
 1.11165
 0.80349
 0.81725
 0.92318
 0.85776
 0.86214
 0.99386
 0.93582
 0.97895
 0.9275600000000001
 0.91792
 1.04217
 0.90699
 0.92825
 0.8907
 0.91294
 0.96739
 0.90584
 0.95419
 1.0526
 0.96645
 0.9660300000000001
 1.09595
 0.95121
 0.97716
 0
 0
 0
 0
 0
 0
 0
 0
 0
 0
 0
 0
 0
 0
 0
 0
 0
 0
 0
 0
 0
 0
 0
 0
 0
 0
 0
 0
 0
 0
 0
 0
 0
 0
 0
 0
 0
 0
 0
 0
 0
 0
 0
 0
 0
 0
 0
 0
 0
 0
 0
 0
 0
 0
 0
 0
 0
 0
 0
 0
 0
 0
 0
 0
 0
 0
 0
 0
 0
 0
 0
 0
 0
 0
 0
 0
 0
 0
 0
 0
 0
 0
 0
 0
 0
 0
 0
 0
 0
 0
 0
 0
 0
 0
 0
 0
 0
 0
 0
 0
 0
 0
 0
 0
 0
 0
 0
 0
 0
 0
 0
 0
 0
 0
 0
 0
 0
 0
 0
 0
 0
 0
 0
 0
 0
 0
 0
 0
 0
 0
 0
 0
 0
 0
 0
 0
 0
 0
 0
 0
 0
 0
 0
 0
 0
 0
 0
 0
 0
 0
 0
 0
 1
 1
 1
 1
 1
 1
 1
 1
 1
 1
 1
 1
 1
 1
 1
 1
 1
 1
 1
 1
 1
 1
 1
 1
 1
 1
 1
 1
 0
 0
 0
 0
 0
 0
 0
 0
 0
 0
 0
 0
 0
 0
 0
 0
 0
 0
 0
 0
 0
 0
 0
 0
 0
 0
 0
 0
 0
 0
 0
 0
 0
 0
 0
 0
 0
 0
 0
 0
 0
 0
 0
 0
 0
 0
 0
 0
 0
 0
 0
 0
 0
 0
 0
 0
 0
 0
 0
 0


# name: vars
# type: matrix
# ndims: 3
 1 30 19
 0
 0
 0.080847
 0.053544
 0.050195
 0.027753
 0.040967
 0.025216
 0.040014
 0.002211
 0.00261
 0.0024
 0.001183
 0.00471
 0.003305
 0.001052
 0.001573
 0.001052
 0.001259
 0.001222
 0.001197
 0.000963
 0.000473
 0.000992
 0.000457
 0.030193
 0.000436
 0.000729
 0.000736
 0.001667
 0
 0
 0.33333
 0
 0
 0
 0
 0
 0
 0.05
 0.2
 0
 0
 0.08889
 0.08889
 0
 0.02639
 0.02431
 0.01875
 0.04375
 0.05
 0.032
 0.0155
 0.0155
 0.012
 0.01022
 0.01022
 0.02222
 0.032
 0.02222
 0
 0
 0
 0
 0
 0
 0
 0
 0
 0
 0
 0
 0
 0
 0
 0
 0
 0
 0
 0
 0
 0
 0
 0
 0
 0
 0
 0
 0
 0
 0
 0
 0.11111
 0.00059
 0
 0.00611
 0.00726
 0.00098
 0.00155
 0.01521
 0.00469
 0.00264
 0.00222
 0.00183
 0.00216
 0.00183
 0.01367
 0.01322
 0.01407
 0.01051
 0.01253
 0.0101
 0.01021
 0.009690000000000001
 0.01002
 0.008410000000000001
 0.00975
 0.00731
 0.008630000000000001
 0.00654
 0
 0
 0
 0
 0
 0
 0
 0
 0
 0
 0
 0
 0
 0
 0
 0
 0
 0
 0
 0
 0
 0
 0
 0
 0
 0
 0
 0
 0
 0
 0
 0
 0
 0
 0
 0
 0
 0
 0
 0
 0
 0
 0
 0
 0
 0
 0
 0
 0
 0
 0
 0
 0
 0
 0
 0
 0
 0
 0
 0
 0
 0
 0
 0
 0
 0
 0
 0
 0
 0
 0
 0
 0
 0
 0
 0
 0
 0
 0
 0
 0
 0
 0
 0
 0
 0
 0
 0
 0
 0
 0
 0
 0.11111
 0.02332
 0.0117
 0.0185
 0.02075
 0.00784
 0.00712
 0.01479
 0.01532
 0.00647
 0.005
 0.00631
 0.00771
 0.00984
 0.0124
 0.01263
 0.0146
 0.01226
 0.009469999999999999
 0.00693
 0.008330000000000001
 0.009509999999999999
 0.00756
 0.00563
 0.00734
 0.00738
 0.00945
 0.00759
 0
 0
 0
 0
 0
 0
 0
 0
 0
 0
 0
 0
 0
 0
 0
 0
 0
 0
 0
 0
 0
 0
 0
 0
 0
 0
 0
 0
 0
 0
 0
 0
 0
 0
 0
 0
 0
 0
 0
 0
 0
 0
 0
 0
 0
 0
 0
 0
 0
 0
 0
 0
 0
 0
 0
 0
 0
 0
 0
 0
 0
 0
 0
 0
 0
 0
 0
 0
 0
 0
 0
 0
 0
 0
 0
 0
 0
 0
 0
 0
 0
 0
 0
 0
 0
 0
 0
 0
 0
 0
 0
 0
 0
 0
 0
 0
 0
 0
 0
 0
 0
 0
 0
 0
 0
 0
 0
 0
 0
 0
 0
 0
 0
 0
 0
 0
 0
 0
 0
 0
 0
 0
 0
 0
 0
 0
 0
 0
 0
 0
 0
 0
 0
 0
 0
 0
 0
 0
 0
 0
 0
 0
 0
 0
 0
 0
 0
 0
 0
 0
 0
 0
 0
 0
 0
 0
 0
 0
 0
 0
 0
 0
 0
 0
 0
 0
 0
 0
 0
 0
 0
 0
 0
 0
 0
 0
 0
 0
 0
 0
 0
 0
 0
 0
 0
 0
 0
 0
 0
 0
 0
 0
 0
 0
 0
 0
 0
 0
 0
 0
 0
 0
 0
 0
 0
 0
 0
 0
 0
 0
 0
 0
 0
 0
 0
 0
 0
 0
 0
 0
 0
 0
 0
 0
 0
 0
 0
 0
 0
 0
 0
 0
 0
 0
 0
 0
 0
 0
 0
 0
 0
 0
 0
 0
 0
 0
 0
 0
 0
 0
 0
 0
 0
 0
 0
 0
 0
 0
 0
 0
 0
 0
 0
 0
 0
 0
 0
 0
 0
 0
 0
 0
 0
 0
 0
 0
 0
 0
 0
 0
 0
 0
 0
 0
 0
 0
 0
 0
 0
 0
 0
 0
 0
 0
 0
 0
 0
 0
 0
 0
 0
 0
 0
 0
 0
 0
 0
 0
 0
 0
 0
 0
 0
 0
 0
 0
 0
 0
 0
 0
 0
 0
 0
 0
 0
 0
 0
 0
 0
 0


