# Created by Octave 4.0.0, Sat Nov 21 16:31:56 2015 W. Europe Standard Time <unknown@Florian-PC>
# name: mus
# type: matrix
# ndims: 3
 1 30 19
 0
 0
 0.86957
 0.78365
 0.77561
 0.77941
 0.8226599999999999
 0.86058
 0.89372
 0.91
 0.90909
 0.90686
 0.91827
 0.89796
 0.89744
 0.91346
 0.92647
 0.91162
 0.92823
 0.93
 0.93122
 0.88552
 0.86634
 0.92014
 0.905
 0.94231
 0.92441
 0.92347
 0.94089
 0.92222
 0
 0
 0.33333
 1
 1
 1
 0.5
 0.6
 0.4
 0.5
 0.46667
 0.46667
 0.53333
 0.6333299999999999
 0.53333
 0.75
 0.71667
 0.81667
 0.8
 0.85
 0.9
 0.78
 0.78
 0.79
 0.88
 0.84667
 0.85333
 0.92667
 0.93333
 0.9
 0
 0
 0.54096
 0.94659
 0.87315
 0.7960199999999999
 0.77244
 0.71023
 0.46273
 0.72756
 0.6563099999999999
 0.55265
 0.6529700000000001
 0.78865
 0.67993
 0.77483
 0.83021
 0.78461
 0.85532
 0.86077
 0.88376
 0.8218800000000001
 0.86008
 0.83684
 0.86105
 0.85833
 0.89718
 0.8782
 0.85883
 0.88941
 0
 0
 0.58335
 0.98215
 0.98833
 0.89063
 0.70212
 0.76639
 0.66713
 0.65947
 0.73526
 0.75842
 0.77949
 0.83761
 0.7658
 0.8151
 0.78228
 0.83111
 0.8596200000000001
 0.9033
 0.92692
 0.8758
 0.87813
 0.87354
 0.9381699999999999
 0.90359
 0.94069
 0.9159
 0.91644
 0.9234
 0
 0
 0.66667
 1
 1
 1
 0.57143
 0.875
 0.22222
 0.4
 0.63636
 0.75
 0.53846
 1
 0.8
 0.33333
 1
 1
 1
 1
 1
 1
 0
 1
 1
 1
 1
 1
 1
 1
 0
 0
 1
 1.09525
 1.075
 1.175
 0.62143
 0.87321
 0.44246
 0.50437
 0.66856
 0.7825800000000001
 0.63954
 0.96086
 0.82799
 0.62869
 0.9462
 0.9497
 0.99987
 1.02418
 1.04881
 1.03563
 0.51834
 1.06705
 1.04376
 1.03934
 1
 1.03152
 1
 1
 0
 0
 0.36788
 0.90324
 0.89612
 0.8958700000000001
 0.80953
 0.77003
 0.6769500000000001
 0.72727
 0.68963
 0.70612
 0.77901
 0.7841399999999999
 0.73526
 0.87768
 0.81695
 0.81619
 0.83771
 0.91008
 0.87803
 0.93713
 0.86154
 0.88062
 0.88805
 0.88803
 0.87725
 0.91215
 0.90854
 0.88991
 0
 0
 0.58335
 0.88822
 0.93577
 0.93949
 0.73634
 0.76207
 0.67078
 0.68721
 0.68895
 0.70871
 0.76046
 0.8083
 0.7892
 0.82786
 0.80382
 0.83972
 0.8571299999999999
 0.894
 0.90044
 0.86119
 0.87757
 0.86647
 0.91713
 0.89529
 0.92305
 0.91626
 0.8996499999999999
 0.90593
 0
 0
 1
 1
 1
 1
 1
 1
 1
 1
 1
 1
 1
 1
 1
 1
 1
 1
 1
 1
 1
 1
 1
 1
 1
 1
 1
 1
 1
 1
 0
 0
 1
 0.93862
 0.95692
 1.23938
 0.69025
 0.65966
 0.50117
 0.5576
 0.59328
 0.6116
 0.78141
 0.78427
 0.75267
 0.74873
 0.75658
 0.77588
 0.97193
 0.81619
 0.9738
 0.8616200000000001
 0.79454
 0.99185
 0.9015300000000001
 0.8943
 1
 0.8817199999999999
 1
 1
 0
 0
 0.36788
 0.90324
 0.90041
 0.97963
 0.8234900000000001
 0.8775500000000001
 0.73208
 0.74029
 0.70026
 0.71456
 0.75775
 0.9813499999999999
 0.7551
 0.82602
 0.99
 0.81412
 0.8644500000000001
 0.844
 0.89057
 0.92158
 0.86855
 0.89683
 0.9537099999999999
 0.92849
 0.88171
 0.87574
 0.91212
 0.90159
 0
 0
 0
 0
 0
 0
 0
 0
 0
 0
 0
 0
 0
 0
 0
 0
 0
 0
 0
 0
 0
 0
 0
 0
 0
 0
 0
 0
 0
 0
 0
 0
 0
 0
 0
 0
 0
 0
 0
 0
 0
 0
 0
 0
 0
 0
 0
 0
 0
 0
 0
 0
 0
 0
 0
 0
 0
 0
 0
 0
 0
 0
 0
 0
 0
 0
 0
 0
 0
 0
 0
 0
 0
 0
 0
 0
 0
 0
 0
 0
 0
 0
 0
 0
 0
 0
 0
 0
 0
 0
 0
 0
 0
 0
 0
 0
 0
 0
 0
 0
 0
 0
 0
 0
 0
 0
 0
 0
 0
 0
 0
 0
 0
 0
 0
 0
 0
 0
 0
 0
 0
 0
 0
 0
 0
 0
 0
 0
 0
 0
 0
 0
 0
 0
 0
 0
 0
 0
 0
 0
 0
 0
 0
 0
 0
 0
 0
 0
 0
 0
 0
 0
 1
 1
 1
 1
 1
 1
 1
 1
 1
 1
 1
 1
 1
 1
 1
 1
 1
 1
 1
 1
 1
 1
 1
 1
 1
 1
 1
 1
 0
 0
 0
 0
 0
 0
 0
 0
 0
 0
 0
 0
 0
 0
 0
 0
 0
 0
 0
 0
 0
 0
 0
 0
 0
 0
 0
 0
 0
 0
 0
 0
 0
 0
 0
 0
 0
 0
 0
 0
 0
 0
 0
 0
 0
 0
 0
 0
 0
 0
 0
 0
 0
 0
 0
 0
 0
 0
 0
 0


# name: vars
# type: matrix
# ndims: 3
 1 30 19
 0
 0
 0.039926
 0.036835
 0.04439
 0.031516
 0.018448
 0.014159
 0.018494
 0.009368
 0.010101
 0.005974
 0.005893
 0.0037
 0.003419
 0.006861
 0.003224
 0.004139
 0.004029
 0.004556
 0.004598
 0.004483
 0.009860000000000001
 0.003073
 0.006371
 0.002536
 0.001714
 0.001883
 0.001076
 0.00163
 0
 0
 0.33333
 0
 0
 0
 0.25
 0.175
 0.175
 0.125
 0.13056
 0.075
 0.01944
 0.06111
 0.03333
 0.02083
 0.03333
 0.08472
 0.04375
 0.05
 0.05
 0.02075
 0.00075
 0.0205
 0.012
 0.00756
 0.02089
 0.01022
 0.008330000000000001
 0.02222
 0
 0
 0
 0
 0
 0
 0
 0
 0
 0
 0
 0
 0
 0
 0
 0
 0
 0
 0
 0
 0
 0
 0
 0
 0
 0
 0
 0
 0
 0
 0
 0
 0.15623
 0.00057
 0.00253
 0.03155
 0.05328
 0.05476
 0.06852999999999999
 0.0531
 0.06315
 0.04933
 0.0422
 0.0333
 0.04383
 0.03231
 0.03587
 0.03003
 0.02698
 0.01628
 0.01311
 0.02048
 0.02242
 0.02059
 0.01064
 0.01667
 0.01051
 0.01534
 0.01426
 0.01307
 0
 0
 0
 0
 0
 0
 0
 0
 0
 0
 0
 0
 0
 0
 0
 0
 0
 0
 0
 0
 0
 0
 0
 0
 0
 0
 0
 0
 0
 0
 0
 0
 0
 0
 0
 0
 0
 0
 0
 0
 0
 0
 0
 0
 0
 0
 0
 0
 0
 0
 0
 0
 0
 0
 0
 0
 0
 0
 0
 0
 0
 0
 0
 0
 0
 0
 0
 0
 0
 0
 0
 0
 0
 0
 0
 0
 0
 0
 0
 0
 0
 0
 0
 0
 0
 0
 0
 0
 0
 0
 0
 0
 0.15623
 0.02221
 0.02378
 0.008030000000000001
 0.0334
 0.0311
 0.03463
 0.03347
 0.03697
 0.04185
 0.03574
 0.02694
 0.02769
 0.02951
 0.02679
 0.02638
 0.02368
 0.01854
 0.02003
 0.02159
 0.01997
 0.02319
 0.0171
 0.0194
 0.01435
 0.01518
 0.01651
 0.01675
 0
 0
 0
 0
 0
 0
 0
 0
 0
 0
 0
 0
 0
 0
 0
 0
 0
 0
 0
 0
 0
 0
 0
 0
 0
 0
 0
 0
 0
 0
 0
 0
 0
 0
 0
 0
 0
 0
 0
 0
 0
 0
 0
 0
 0
 0
 0
 0
 0
 0
 0
 0
 0
 0
 0
 0
 0
 0
 0
 0
 0
 0
 0
 0
 0
 0
 0
 0
 0
 0
 0
 0
 0
 0
 0
 0
 0
 0
 0
 0
 0
 0
 0
 0
 0
 0
 0
 0
 0
 0
 0
 0
 0
 0
 0
 0
 0
 0
 0
 0
 0
 0
 0
 0
 0
 0
 0
 0
 0
 0
 0
 0
 0
 0
 0
 0
 0
 0
 0
 0
 0
 0
 0
 0
 0
 0
 0
 0
 0
 0
 0
 0
 0
 0
 0
 0
 0
 0
 0
 0
 0
 0
 0
 0
 0
 0
 0
 0
 0
 0
 0
 0
 0
 0
 0
 0
 0
 0
 0
 0
 0
 0
 0
 0
 0
 0
 0
 0
 0
 0
 0
 0
 0
 0
 0
 0
 0
 0
 0
 0
 0
 0
 0
 0
 0
 0
 0
 0
 0
 0
 0
 0
 0
 0
 0
 0
 0
 0
 0
 0
 0
 0
 0
 0
 0
 0
 0
 0
 0
 0
 0
 0
 0
 0
 0
 0
 0
 0
 0
 0
 0
 0
 0
 0
 0
 0
 0
 0
 0
 0
 0
 0
 0
 0
 0
 0
 0
 0
 0
 0
 0
 0
 0
 0
 0
 0
 0
 0
 0
 0
 0
 0
 0
 0
 0
 0
 0
 0
 0
 0
 0
 0
 0
 0
 0
 0
 0
 0
 0
 0
 0
 0
 0
 0
 0
 0
 0
 0
 0
 0
 0
 0
 0
 0
 0
 0
 0
 0
 0
 0
 0
 0
 0
 0
 0
 0
 0
 0
 0
 0
 0
 0
 0
 0
 0
 0
 0
 0
 0
 0
 0
 0
 0
 0
 0
 0
 0
 0
 0
 0
 0
 0
 0
 0
 0
 0
 0
 0
 0
 0


