# Created by Octave 4.0.0, Sat Nov 21 16:31:41 2015 W. Europe Standard Time <unknown@Florian-PC>
# name: mus
# type: matrix
# ndims: 3
 1 30 19
 0
 0
 0.95652
 0.73077
 0.9122
 0.94118
 0.95074
 0.95192
 0.95652
 0.975
 0.96651
 0.97549
 0.97596
 0.98469
 0.95385
 0.86538
 0.94118
 0.76263
 0.74641
 0.68
 0.66138
 0.64394
 0.63607
 0.73785
 0.8025
 0.80288
 0.73167
 0.7398
 0.78677
 0.73889
 0
 0
 0.66667
 1
 0.4
 0.2
 0.2
 0.4
 0.2
 0.5
 0.46667
 0.4
 0.43333
 0.6333299999999999
 0.6
 0.65
 0.65
 0.6
 0.66667
 0.55
 0.63
 0.6
 0.6899999999999999
 0.64
 0.64
 0.5
 0.5600000000000001
 0.5600000000000001
 0.58
 0.6333299999999999
 0
 0
 0.69204
 0.90562
 0.55742
 0.75137
 0.69641
 0.5321900000000001
 0.34971
 0.68879
 0.42099
 0.66964
 0.62553
 0.61939
 0.57931
 0.65621
 0.66081
 0.56733
 0.58823
 0.68058
 0.67536
 0.62262
 0.65992
 0.62498
 0.6304999999999999
 0.67527
 0.67474
 0.73616
 0.73003
 0.73815
 0
 0
 0.46981
 0.87939
 0.61124
 0.57791
 0.48725
 0.45721
 0.44097
 0.48735
 0.4765
 0.5327
 0.55912
 0.5585599999999999
 0.5759
 0.59206
 0.59305
 0.53699
 0.54303
 0.59335
 0.55469
 0.5768
 0.57447
 0.55711
 0.57198
 0.58355
 0.60216
 0.62174
 0.63265
 0.65305
 0
 0
 0.66667
 1
 0.6
 0.16667
 0.14286
 0.125
 0
 0.3
 0.18182
 0.5
 0.76923
 0.5555600000000001
 0.2
 0.66667
 1
 1
 0
 1
 1
 0
 0
 0
 0
 1
 1
 0
 0
 1
 0
 0
 0.72168
 0.81998
 0.55498
 0.51656
 0.45433
 0.4243
 0.41536
 0.46532
 0.4455
 0.4962
 0.60102
 0.5578
 0.5391
 0.5811500000000001
 0.70388
 0.55893
 0.49175
 0.6188900000000001
 0.56532
 0.54156
 0.57962
 0.61935
 0.55838
 0.68038
 0.61787
 0.6074000000000001
 0.5879799999999999
 0.64434
 0
 0
 0.57859
 0.66605
 0.71816
 0.84555
 0.69765
 0.72867
 0.66394
 0.6795600000000001
 0.64485
 0.69847
 0.68608
 0.68071
 0.71768
 0.74241
 0.69238
 0.69348
 0.68906
 0.73424
 0.68827
 0.67121
 0.7246899999999999
 0.67497
 0.7079299999999999
 0.7052
 0.73203
 0.7168
 0.75874
 0.77955
 0
 0
 0.47035
 0.82709
 0.65963
 0.6940499999999999
 0.56023
 0.50663
 0.47509
 0.48189
 0.4702
 0.50224
 0.51902
 0.53766
 0.54149
 0.5849299999999999
 0.58917
 0.5432
 0.54919
 0.60029
 0.55325
 0.5865
 0.59707
 0.57223
 0.59169
 0.60099
 0.62191
 0.64201
 0.65156
 0.66919
 0
 0
 0.99998
 1
 1
 1
 1
 1
 1
 1
 0.99888
 0.99941
 0.99129
 0.98581
 0.97715
 0.97092
 0.96492
 0.9742499999999999
 0.96368
 0.96209
 0.96732
 0.95924
 0.95602
 0.96132
 0.9541500000000001
 0.95097
 0.9467
 0.95205
 0.94984
 0.9422
 0
 0
 0.7609399999999999
 0.8204
 0.55474
 0.69565
 0.51133
 0.48225
 0.49042
 0.47493
 0.44743
 0.5031099999999999
 0.50658
 0.51974
 0.53185
 0.55819
 0.68658
 0.52358
 0.54087
 0.61541
 0.53655
 0.5660500000000001
 0.60702
 0.56099
 0.57328
 0.59699
 0.62762
 0.62019
 0.63045
 0.74192
 0
 0
 0.57859
 0.65962
 0.72143
 0.83573
 0.69323
 0.7238599999999999
 0.64478
 0.65405
 0.65042
 0.6694099999999999
 0.66831
 0.67359
 0.66027
 0.69441
 0.69607
 0.68955
 0.68538
 0.68436
 0.66869
 0.67381
 0.67484
 0.70133
 0.70007
 0.68723
 0.70464
 0.73732
 0.71871
 0.83934
 0
 0
 0
 0
 0
 0
 0
 0
 0
 0
 0
 0
 0
 0
 0
 0
 0
 0
 0
 0
 0
 0
 0
 0
 0
 0
 0
 0
 0
 0
 0
 0
 0
 0
 0
 0
 0
 0
 0
 0
 0
 0
 0
 0
 0
 0
 0
 0
 0
 0
 0
 0
 0
 0
 0
 0
 0
 0
 0
 0
 0
 0
 0
 0
 0
 0
 0
 0
 0
 0
 0
 0
 0
 0
 0
 0
 0
 0
 0
 0
 0
 0
 0
 0
 0
 0
 0
 0
 0
 0
 0
 0
 0
 0
 0
 0
 0
 0
 0
 0
 0
 0
 0
 0
 0
 0
 0
 0
 0
 0
 0
 0
 0
 0
 0
 0
 0
 0
 0
 0
 0
 0
 0
 0
 0
 0
 0
 0
 0
 0
 0
 0
 0
 0
 0
 0
 0
 0
 0
 0
 0
 0
 0
 0
 0
 0
 0
 0
 0
 0
 0
 0
 1
 1
 1
 1
 1
 1
 1
 0.99999
 1
 0.99888
 0.9891
 0.98799
 0.9793500000000001
 0.9760799999999999
 0.97892
 0.97434
 0.96365
 0.96567
 0.96256
 0.9606
 0.9696900000000001
 0.9609
 0.95307
 0.9598
 0.95604
 0.9593699999999999
 0.94972
 0.94087
 0
 0
 0
 0
 0
 0
 0
 0
 0
 0
 0
 0
 0
 0
 0
 0
 0
 0
 0
 0
 0
 0
 0
 0
 0
 0
 0
 0
 0
 0
 0
 0
 0
 0
 0
 0
 0
 0
 0
 0
 0
 0
 0
 0
 0
 0
 0
 0
 0
 0
 0
 0
 0
 0
 0
 0
 0
 0
 0
 0


