# Created by Octave 4.0.0, Sat Nov 21 16:31:33 2015 W. Europe Standard Time <unknown@Florian-PC>
# name: mus
# type: matrix
# ndims: 3
 1 30 19
 0
 0
 0.66184
 0.84135
 0.89756
 0.88725
 0.89163
 0.92308
 0.94686
 0.95
 0.9378
 0.96078
 0.96635
 0.96429
 0.9641
 0.96635
 0.96569
 0.96465
 0.96651
 0.96
 0.96296
 0.96465
 0.96618
 0.9618100000000001
 0.9575
 0.96635
 0.96296
 0.96429
 0.97044
 0.97222
 0
 0
 1
 0.5
 0.8
 0.9
 0.8
 1
 1
 1
 0.8
 0.8666700000000001
 0.93333
 0.9
 0.93333
 0.95
 0.93333
 0.95
 0.95
 1
 1
 1
 0.91
 0.92
 0.92
 0.92667
 0.92
 0.93333
 0.92667
 0.9
 0
 0
 1
 0.62887
 0.73204
 0.77639
 0.85702
 0.90784
 0.93158
 0.90655
 0.90106
 0.91018
 0.90383
 0.94031
 0.94976
 0.9143
 0.91818
 0.92477
 0.9462
 0.96192
 0.9506
 0.96394
 0.93726
 0.92599
 0.93298
 0.9268
 0.94817
 0.94731
 0.9504899999999999
 0.90404
 0
 0
 1
 0.59488
 0.76613
 0.7125899999999999
 0.80946
 0.9464399999999999
 0.93621
 0.92461
 0.85575
 0.87048
 0.92528
 0.93405
 0.9291700000000001
 0.91644
 0.92597
 0.93333
 0.93055
 0.9607599999999999
 0.9693000000000001
 0.9715200000000001
 0.9094100000000001
 0.91536
 0.9184
 0.92145
 0.92223
 0.92886
 0.92721
 0.89032
 0
 0
 1
 0.5
 0.4
 1
 0.42857
 1
 1
 1
 0.81818
 0.83333
 1
 0.88889
 1
 1
 1
 1
 1
 1
 1
 1
 1
 1
 1
 1
 1
 1
 1
 1
 0
 0
 1
 0.58806
 0.39026
 0.83874
 0.53592
 0.96233
 0.9623
 0.97143
 0.86781
 0.87487
 0.9624200000000001
 0.93266
 0.93924
 0.96843
 0.92941
 0.91206
 0.97219
 0.98386
 0.97292
 0.92323
 0.88697
 0.88583
 0.9537600000000001
 0.6824
 0.89721
 0.95395
 0.95568
 0.89023
 0
 0
 1
 0.67571
 0.80169
 0.7305199999999999
 0.76298
 0.79078
 0.84673
 0.84888
 0.88587
 0.89419
 0.90796
 0.8878
 0.91771
 0.89046
 0.91124
 0.91371
 0.92752
 0.9434900000000001
 0.91156
 0.94762
 0.94079
 0.92128
 0.7528
 0.95042
 0.94933
 0.92939
 0.95777
 0.89508
 0
 0
 1
 0.61643
 0.68745
 0.6774
 0.75461
 0.85961
 0.82635
 0.84628
 0.8476
 0.84631
 0.86528
 0.868
 0.87866
 0.8509100000000001
 0.85358
 0.87862
 0.87043
 0.883
 0.89916
 0.89897
 0.84761
 0.85137
 0.87299
 0.87457
 0.8751
 0.87518
 0.88023
 0.83917
 0
 0
 0.92313
 0.95757
 0.93782
 0.92035
 0.92691
 0.88539
 0.91278
 0.92564
 0.92065
 0.91887
 0.90482
 0.92742
 0.92264
 0.90768
 0.91145
 0.90778
 0.90194
 0.9074
 0.9057500000000001
 0.90032
 0.9033099999999999
 0.8940900000000001
 0.9037500000000001
 0.90349
 0.9063099999999999
 0.91149
 0.8989
 0.9020899999999999
 0
 0
 1
 0.6302
 0.5995
 0.64127
 0.64825
 0.96006
 0.9527600000000001
 0.58464
 0.9206
 0.8573
 0.9192900000000001
 0.92718
 0.923
 0.88918
 0.897
 0.90521
 0.91335
 0.90833
 0.98814
 0.9887899999999999
 0.91859
 0.93296
 0.93466
 0.95222
 0.95495
 0.95606
 0.95197
 0.8980399999999999
 0
 0
 1
 0.67745
 0.8542
 0.78491
 0.79408
 0.75115
 0.81926
 0.88001
 0.91235
 0.91195
 0.9436
 0.85628
 0.98127
 0.90171
 0.93015
 0.9502
 0.96031
 0.54115
 0.94036
 0.90305
 0.9231200000000001
 0.91937
 0.90241
 0.78504
 0.95431
 0.97317
 0.93725
 0.92397
 0
 0
 0
 0
 0
 0
 0
 0
 0
 0
 0
 0
 0
 0
 0
 0
 0
 0
 0
 0
 0
 0
 0
 0
 0
 0
 0
 0
 0
 0
 0
 0
 0
 0
 0
 0
 0
 0
 0
 0
 0
 0
 0
 0
 0
 0
 0
 0
 0
 0
 0
 0
 0
 0
 0
 0
 0
 0
 0
 0
 0
 0
 0
 0
 0
 0
 0
 0
 0
 0
 0
 0
 0
 0
 0
 0
 0
 0
 0
 0
 0
 0
 0
 0
 0
 0
 0
 0
 0
 0
 0
 0
 0
 0
 0
 0
 0
 0
 0
 0
 0
 0
 0
 0
 0
 0
 0
 0
 0
 0
 0
 0
 0
 0
 0
 0
 0
 0
 0
 0
 0
 0
 0
 0
 0
 0
 0
 0
 0
 0
 0
 0
 0
 0
 0
 0
 0
 0
 0
 0
 0
 0
 0
 0
 0
 0
 0
 0
 0
 0
 0
 0
 0.96358
 0.89951
 0.93582
 0.9347800000000001
 0.92866
 0.93432
 0.89617
 0.91148
 0.90632
 0.91046
 0.93706
 0.91857
 0.92177
 0.91664
 0.91326
 0.90931
 0.9043099999999999
 0.90826
 0.90571
 0.9108000000000001
 0.90076
 0.91404
 0.91017
 0.9063
 0.90334
 0.89842
 0.90545
 0.90222
 0
 0
 0
 0
 0
 0
 0
 0
 0
 0
 0
 0
 0
 0
 0
 0
 0
 0
 0
 0
 0
 0
 0
 0
 0
 0
 0
 0
 0
 0
 0
 0
 0
 0
 0
 0
 0
 0
 0
 0
 0
 0
 0
 0
 0
 0
 0
 0
 0
 0
 0
 0
 0
 0
 0
 0
 0
 0
 0
 0


