# Created by Octave 4.0.0, Sat Nov 21 16:31:54 2015 W. Europe Standard Time <unknown@Florian-PC>
# name: mus
# type: matrix
# ndims: 3
 1 30 19
 0
 0
 0.94686
 0.93269
 0.95122
 0.83333
 0.8226599999999999
 0.87981
 0.96618
 0.97
 0.9760799999999999
 0.97549
 0.97596
 0.97449
 0.97436
 0.97596
 0.97549
 0.9444399999999999
 0.9521500000000001
 0.95
 0.94709
 0.9494899999999999
 0.95652
 0.9566
 0.965
 0.90865
 0.96145
 0.97449
 0.9605900000000001
 0.9444399999999999
 0
 0
 0.33333
 1
 1
 0.9
 0.8
 0.9
 0.6
 0.8
 0.73333
 0.83333
 0.83333
 0.83333
 1
 1
 0.93333
 0.9
 0.83333
 0.85
 0.86
 0.92
 0.9
 0.96
 0.96
 0.96
 0.96667
 0.96
 0.96667
 0.96667
 0
 0
 0.68394
 0.87174
 0.90562
 0.90729
 0.8957000000000001
 0.878
 0.78318
 0.80698
 0.8444700000000001
 0.86133
 0.8729
 0.8569600000000001
 0.88647
 0.91378
 0.9357799999999999
 0.84782
 0.85799
 0.87308
 0.88519
 0.9224599999999999
 0.94485
 0.9174
 0.91752
 0.92275
 0.91069
 0.93027
 0.9269500000000001
 0.94962
 0
 0
 0.49286
 0.89015
 0.90755
 0.84802
 0.81068
 0.85162
 0.7543800000000001
 0.76632
 0.80591
 0.85628
 0.8701
 0.87426
 0.9005300000000001
 0.92907
 0.92986
 0.8575700000000001
 0.87007
 0.87748
 0.8819
 0.91421
 0.91569
 0.94247
 0.9477100000000001
 0.94598
 0.94645
 0.95379
 0.94952
 0.95628
 0
 0
 0.33333
 1
 1
 0.83333
 0.71429
 0.875
 0.77778
 0.6
 0.81818
 0.75
 1
 0.88889
 1
 0.66667
 1
 0
 0
 1
 0
 1
 1
 1
 1
 1
 1
 1
 1
 1
 0
 0
 0.38821
 0.88803
 0.95814
 0.8909899999999999
 0.79931
 0.79131
 0.7585
 0.71926
 0.74992
 0.38656
 0.89872
 0.88418
 0.90786
 0.8723
 0.96389
 0.73598
 0.77171
 0.9295600000000001
 0.78028
 0.96399
 0.96207
 0.9525400000000001
 0.96878
 0.97629
 0.97001
 0.94859
 0.94938
 0.9723000000000001
 0
 0
 0.36788
 0.6906600000000001
 0.87724
 0.89071
 0.87749
 0.83718
 0.81314
 0.80078
 0.79113
 0.7912
 0.83402
 0.81552
 0.86227
 0.88825
 0.85843
 0.8143899999999999
 0.82531
 0.8597
 0.8578
 0.8979
 0.92083
 0.89937
 0.92972
 0.89459
 0.8715000000000001
 0.91816
 0.89488
 0.92659
 0
 0
 0.50402
 0.82478
 0.88074
 0.85405
 0.762
 0.821
 0.7043700000000001
 0.7268
 0.75647
 0.76629
 0.80936
 0.83728
 0.84424
 0.8711
 0.87351
 0.80122
 0.82439
 0.8192199999999999
 0.82687
 0.85154
 0.86013
 0.86161
 0.85441
 0.86897
 0.8626
 0.8819399999999999
 0.88783
 0.8754
 0
 0
 0.93823
 0.97884
 0.92092
 0.93409
 0.92801
 0.88863
 0.9319
 0.90624
 0.91944
 0.91984
 0.9084
 0.93107
 0.92801
 0.91951
 0.9115799999999999
 0.90555
 0.90722
 0.90269
 0.89678
 0.90317
 0.90951
 0.9041
 0.89436
 0.9096
 0.89882
 0.90715
 0.90765
 0.90295
 0
 0
 0.26817
 0.84336
 0.93174
 0.94691
 0.80946
 0.8038
 0.71852
 0.80744
 0.81932
 0.88663
 0.8595
 0.92352
 0.93266
 0.9670299999999999
 0.96167
 0.52732
 0.8933
 0.9
 0.88458
 0.92187
 0.86182
 0.8508
 0.93574
 0.9265600000000001
 0.86255
 0.9509300000000001
 0.9591
 0.95308
 0
 0
 0.36788
 0.77364
 0.90176
 0.84676
 0.80018
 0.84726
 0.79455
 0.79305
 0.75174
 0.78757
 0.80139
 0.85487
 0.84428
 0.90742
 0.83499
 0.78568
 0.80327
 0.86522
 0.86892
 0.82888
 0.9188
 0.90035
 0.92957
 0.9469
 0.93559
 0.91771
 0.87599
 0.86161
 0
 0
 0
 0
 0
 0
 0
 0
 0
 0
 0
 0
 0
 0
 0
 0
 0
 0
 0
 0
 0
 0
 0
 0
 0
 0
 0
 0
 0
 0
 0
 0
 0
 0
 0
 0
 0
 0
 0
 0
 0
 0
 0
 0
 0
 0
 0
 0
 0
 0
 0
 0
 0
 0
 0
 0
 0
 0
 0
 0
 0
 0
 0
 0
 0
 0
 0
 0
 0
 0
 0
 0
 0
 0
 0
 0
 0
 0
 0
 0
 0
 0
 0
 0
 0
 0
 0
 0
 0
 0
 0
 0
 0
 0
 0
 0
 0
 0
 0
 0
 0
 0
 0
 0
 0
 0
 0
 0
 0
 0
 0
 0
 0
 0
 0
 0
 0
 0
 0
 0
 0
 0
 0
 0
 0
 0
 0
 0
 0
 0
 0
 0
 0
 0
 0
 0
 0
 0
 0
 0
 0
 0
 0
 0
 0
 0
 0
 0
 0
 0
 0
 0
 0.87264
 0.96423
 0.89195
 0.89835
 0.91076
 0.89855
 0.93409
 0.9144600000000001
 0.91506
 0.92495
 0.92236
 0.9091399999999999
 0.91809
 0.9145
 0.91274
 0.91539
 0.91112
 0.90749
 0.90707
 0.90299
 0.90587
 0.91437
 0.9166800000000001
 0.90535
 0.91615
 0.8986499999999999
 0.90018
 0.89796
 0
 0
 0
 0
 0
 0
 0
 0
 0
 0
 0
 0
 0
 0
 0
 0
 0
 0
 0
 0
 0
 0
 0
 0
 0
 0
 0
 0
 0
 0
 0
 0
 0
 0
 0
 0
 0
 0
 0
 0
 0
 0
 0
 0
 0
 0
 0
 0
 0
 0
 0
 0
 0
 0
 0
 0
 0
 0
 0
 0


