# Created by Octave 4.0.0, Sat Nov 21 16:31:45 2015 W. Europe Standard Time <unknown@Florian-PC>
# name: mus
# type: matrix
# ndims: 3
 1 30 19
 0
 0
 0.41546
 0.40865
 0.39024
 0.96569
 0.97537
 0.97596
 0.97101
 0.95
 0.97129
 0.96078
 0.96635
 0.9438800000000001
 0.97436
 0.97596
 0.98529
 0.9899
 0.99043
 0.99
 0.98942
 0.98569
 0.99034
 0.99479
 0.99
 0.99038
 0.99471
 0.9898
 0.99015
 0.98889
 0
 0
 0.33333
 0.5
 0.6
 0.1
 0.3
 0.4
 0.5
 0.5
 0.6333299999999999
 0.5
 0.43333
 0.73333
 0.8666700000000001
 0.5
 0.56667
 0.6333299999999999
 0.71667
 0.65
 0.82
 0.82
 0.59
 0.59
 0.64
 0.69333
 0.78
 0.7533300000000001
 0.7466699999999999
 0.73333
 0
 0
 0.72248
 0.82823
 0.7355
 0.57748
 0.50713
 0.7206
 0.71146
 0.69856
 0.58635
 0.62581
 0.53513
 0.64667
 0.8001
 0.65052
 0.65228
 0.6349900000000001
 0.63886
 0.68079
 0.69872
 0.72084
 0.63332
 0.72044
 0.65745
 0.68837
 0.66055
 0.66413
 0.75144
 0.77393
 0
 0
 0.1581
 0.67194
 0.553
 0.26677
 0.41697
 0.44622
 0.53705
 0.61659
 0.51864
 0.58851
 0.62847
 0.67842
 0.64999
 0.55625
 0.61934
 0.6248
 0.65046
 0.66467
 0.70367
 0.72346
 0.69348
 0.69203
 0.65052
 0.6674600000000001
 0.7019300000000001
 0.71595
 0.73362
 0.74946
 0
 0
 0.33333
 0.5
 0.6
 0
 0
 0.5
 0.5555600000000001
 0.6
 0.27273
 0.41667
 0.69231
 0.5555600000000001
 0.6
 0.66667
 0.5
 1
 1
 0
 1
 1
 1
 0
 1
 1
 0
 1
 1
 1
 0
 0
 0.33333
 0.52072
 0.55028
 0.24814
 0.23426
 0.47379
 0.53326
 0.57604
 0.4643
 0.5477
 0.6589
 0.60448
 0.61885
 0.5507300000000001
 0.58909
 0.70774
 0.72423
 0.60305
 0.77839
 0.70543
 0.79603
 0.55432
 0.68429
 0.80724
 0.67305
 0.69816
 0.79899
 0.77357
 0
 0
 0.78929
 0.59219
 0.83461
 0.6986599999999999
 0.66589
 0.66386
 0.70048
 0.68859
 0.75892
 0.69445
 0.67402
 0.71003
 0.72135
 0.69248
 0.6817800000000001
 0.68574
 0.69492
 0.72871
 0.73894
 0.77246
 0.7284
 0.71226
 0.71061
 0.72453
 0.72337
 0.70752
 0.75495
 0.7981200000000001
 0
 0
 0.16885
 0.61046
 0.56559
 0.36457
 0.46212
 0.49802
 0.54451
 0.56655
 0.55032
 0.57952
 0.58667
 0.62705
 0.59805
 0.5531
 0.58533
 0.58671
 0.61005
 0.6250599999999999
 0.65438
 0.66544
 0.61172
 0.61461
 0.59466
 0.5966900000000001
 0.62643
 0.6336000000000001
 0.6662
 0.67602
 0
 0
 0.9463
 0.9313
 0.90355
 0.9458800000000001
 0.90611
 0.92466
 0.94074
 0.90939
 0.91742
 0.91771
 0.9051
 0.93118
 0.90808
 0.91984
 0.91777
 0.90287
 0.90088
 0.89573
 0.91842
 0.91104
 0.8962599999999999
 0.90198
 0.91304
 0.89484
 0.91393
 0.90361
 0.90165
 0.91027
 0
 0
 0.33333
 0.52787
 0.53133
 0.44861
 0.39685
 0.44956
 0.53066
 0.56802
 0.58772
 0.46177
 0.62695
 0.6577
 0.6896600000000001
 0.6008599999999999
 0.56415
 0.69997
 0.7157
 0.62185
 0.71889
 0.73539
 0.69936
 0.61394
 0.66595
 0.6700700000000001
 0.70081
 0.6971000000000001
 0.70628
 0.73477
 0
 0
 0.78929
 0.59338
 0.87884
 0.68874
 0.71874
 0.67361
 0.68284
 0.67121
 0.72185
 0.71909
 0.65274
 0.71282
 0.7151999999999999
 0.6909
 0.69874
 0.67821
 0.82055
 0.66088
 0.64932
 0.8315
 0.6796
 0.74912
 0.72825
 0.70729
 0.70212
 0.70413
 0.62905
 0.79106
 0
 0
 0
 0
 0
 0
 0
 0
 0
 0
 0
 0
 0
 0
 0
 0
 0
 0
 0
 0
 0
 0
 0
 0
 0
 0
 0
 0
 0
 0
 0
 0
 0
 0
 0
 0
 0
 0
 0
 0
 0
 0
 0
 0
 0
 0
 0
 0
 0
 0
 0
 0
 0
 0
 0
 0
 0
 0
 0
 0
 0
 0
 0
 0
 0
 0
 0
 0
 0
 0
 0
 0
 0
 0
 0
 0
 0
 0
 0
 0
 0
 0
 0
 0
 0
 0
 0
 0
 0
 0
 0
 0
 0
 0
 0
 0
 0
 0
 0
 0
 0
 0
 0
 0
 0
 0
 0
 0
 0
 0
 0
 0
 0
 0
 0
 0
 0
 0
 0
 0
 0
 0
 0
 0
 0
 0
 0
 0
 0
 0
 0
 0
 0
 0
 0
 0
 0
 0
 0
 0
 0
 0
 0
 0
 0
 0
 0
 0
 0
 0
 0
 0
 0.8819900000000001
 0.90603
 0.93485
 0.92122
 0.89769
 0.89961
 0.93121
 0.91147
 0.93005
 0.91008
 0.9306
 0.93109
 0.91881
 0.92294
 0.9168500000000001
 0.905
 0.8899
 0.90637
 0.91368
 0.90916
 0.89967
 0.90403
 0.89922
 0.91026
 0.90085
 0.89803
 0.9085
 0.89832
 0
 0
 0
 0
 0
 0
 0
 0
 0
 0
 0
 0
 0
 0
 0
 0
 0
 0
 0
 0
 0
 0
 0
 0
 0
 0
 0
 0
 0
 0
 0
 0
 0
 0
 0
 0
 0
 0
 0
 0
 0
 0
 0
 0
 0
 0
 0
 0
 0
 0
 0
 0
 0
 0
 0
 0
 0
 0
 0
 0


