# Created by Octave 4.0.0, Sat Nov 21 16:31:45 2015 W. Europe Standard Time <unknown@Florian-PC>
# name: mus
# type: matrix
# ndims: 3
 1 30 19
 0
 0
 0.91304
 0.89423
 0.9170700000000001
 0.96078
 0.9802999999999999
 0.94231
 0.97101
 0.97
 0.9760799999999999
 0.9902
 0.98077
 0.9898
 0.97949
 0.99038
 0.98039
 0.97727
 0.99043
 0.98
 0.99471
 0.99495
 1
 0.99479
 0.995
 0.99519
 0.9932
 0.9949
 0.99507
 0.99444
 0
 0
 0.66667
 0.25
 0.8
 0.8
 0.7
 0.6
 0.5
 0.2
 0.36667
 0.6
 0.26667
 0.56667
 0.66667
 0.6166700000000001
 0.71667
 0.71667
 0.6
 0.65
 0.5600000000000001
 0.66
 0.64
 0.61
 0.76
 0.69333
 0.7466699999999999
 0.82667
 0.79333
 0.83333
 0
 0
 0.71267
 0.60309
 0.76954
 0.81509
 0.7882400000000001
 0.69553
 0.72966
 0.5382
 0.67627
 0.6387
 0.52301
 0.47089
 0.60317
 0.7114200000000001
 0.63506
 0.6718
 0.73652
 0.66286
 0.61616
 0.58413
 0.59145
 0.6201100000000001
 0.67543
 0.68702
 0.69553
 0.75301
 0.73583
 0.7519
 0
 0
 0.68975
 0.31246
 0.75601
 0.7583
 0.73438
 0.6242
 0.70587
 0.6317199999999999
 0.64274
 0.63762
 0.52122
 0.57645
 0.58902
 0.55475
 0.61134
 0.68708
 0.71858
 0.64819
 0.66192
 0.6524799999999999
 0.60081
 0.62248
 0.66321
 0.70251
 0.71078
 0.711
 0.71635
 0.74629
 0
 0
 0.66667
 0
 0.8
 0.83333
 1
 0.5
 0.66667
 0.8
 0.81818
 0.5
 0.53846
 0.5555600000000001
 0.2
 0.33333
 1
 0
 1
 1
 1
 1
 0
 1
 0
 1
 1
 0
 0
 0
 0
 0
 0.71093
 0.12792
 0.8314
 0.87769
 0.8948199999999999
 0.60645
 0.60767
 0.6818
 0.70675
 0.53995
 0.53108
 0.53117
 0.53809
 0.54169
 0.72211
 0.56768
 0.74702
 0.73537
 0.66145
 0.77747
 0.48256
 0.71275
 0.5240899999999999
 0.75769
 0.77044
 0.67692
 0.64776
 0.65061
 0
 0
 0.36788
 0.629
 0.8178800000000001
 0.85871
 0.77552
 0.70868
 0.7805800000000001
 0.75708
 0.70639
 0.69795
 0.67003
 0.67028
 0.67905
 0.67019
 0.69476
 0.72068
 0.74801
 0.72002
 0.71079
 0.7639
 0.71484
 0.70506
 0.72917
 0.71696
 0.73532
 0.77166
 0.75815
 0.8051700000000001
 0
 0
 0.69862
 0.38109
 0.74169
 0.79756
 0.71368
 0.6345
 0.63076
 0.56937
 0.57503
 0.58036
 0.4871
 0.53512
 0.56327
 0.55684
 0.56876
 0.6138400000000001
 0.63366
 0.59643
 0.5923
 0.58901
 0.56204
 0.56325
 0.59879
 0.61604
 0.62674
 0.63732
 0.64864
 0.66203
 0
 0
 0.98059
 0.95879
 0.90068
 0.91193
 0.93455
 0.91537
 0.91613
 0.9194
 0.94298
 0.91203
 0.91132
 0.91756
 0.92536
 0.90917
 0.91656
 0.90729
 0.91179
 0.90764
 0.89719
 0.9038
 0.90479
 0.90455
 0.90137
 0.90279
 0.8989200000000001
 0.89854
 0.90481
 0.90407
 0
 0
 0.75414
 0.19643
 0.79342
 0.92487
 0.7733
 0.62255
 0.60156
 0.57117
 0.5744
 0.54096
 0.49455
 0.52164
 0.5511200000000001
 0.68867
 0.6524
 0.35061
 0.73826
 0.6797299999999999
 0.63458
 0.64137
 0.51047
 0.61552
 0.59394
 0.66869
 0.72168
 0.68709
 0.70629
 0.73407
 0
 0
 0.36788
 0.62164
 0.8698399999999999
 0.90202
 0.78632
 0.71096
 0.6969
 0.76484
 0.68912
 0.65219
 0.68071
 0.66648
 0.68465
 0.66371
 0.69032
 0.60665
 0.74598
 0.69503
 0.68841
 0.68831
 0.77681
 0.70648
 0.81738
 0.70616
 0.76697
 0.7215200000000001
 0.82621
 0.71275
 0
 0
 0
 0
 0
 0
 0
 0
 0
 0
 0
 0
 0
 0
 0
 0
 0
 0
 0
 0
 0
 0
 0
 0
 0
 0
 0
 0
 0
 0
 0
 0
 0
 0
 0
 0
 0
 0
 0
 0
 0
 0
 0
 0
 0
 0
 0
 0
 0
 0
 0
 0
 0
 0
 0
 0
 0
 0
 0
 0
 0
 0
 0
 0
 0
 0
 0
 0
 0
 0
 0
 0
 0
 0
 0
 0
 0
 0
 0
 0
 0
 0
 0
 0
 0
 0
 0
 0
 0
 0
 0
 0
 0
 0
 0
 0
 0
 0
 0
 0
 0
 0
 0
 0
 0
 0
 0
 0
 0
 0
 0
 0
 0
 0
 0
 0
 0
 0
 0
 0
 0
 0
 0
 0
 0
 0
 0
 0
 0
 0
 0
 0
 0
 0
 0
 0
 0
 0
 0
 0
 0
 0
 0
 0
 0
 0
 0
 0
 0
 0
 0
 0
 0.87739
 0.96878
 0.91664
 0.94433
 0.94402
 0.9123599999999999
 0.9010899999999999
 0.91067
 0.92466
 0.93328
 0.92694
 0.90908
 0.90258
 0.9176800000000001
 0.91353
 0.9153
 0.91261
 0.91146
 0.90034
 0.90199
 0.90129
 0.90057
 0.90532
 0.89835
 0.904
 0.90573
 0.89269
 0.91366
 0
 0
 0
 0
 0
 0
 0
 0
 0
 0
 0
 0
 0
 0
 0
 0
 0
 0
 0
 0
 0
 0
 0
 0
 0
 0
 0
 0
 0
 0
 0
 0
 0
 0
 0
 0
 0
 0
 0
 0
 0
 0
 0
 0
 0
 0
 0
 0
 0
 0
 0
 0
 0
 0
 0
 0
 0
 0
 0
 0


