# Created by Octave 4.0.0, Sat Nov 21 16:31:55 2015 W. Europe Standard Time <unknown@Florian-PC>
# name: mus
# type: matrix
# ndims: 3
 1 30 19
 0
 0
 0.94203
 0.78365
 0.78537
 0.88235
 0.89655
 0.87981
 0.95652
 0.96
 0.93301
 0.94608
 0.9399
 0.96429
 0.95385
 0.96635
 0.96569
 0.9697
 0.97129
 0.97
 0.97354
 0.96549
 0.97585
 0.97743
 0.9725
 0.98077
 0.97884
 0.98469
 0.98522
 0.98333
 0
 0
 0.33333
 1
 1
 1
 0.5
 0.7
 0.4
 0.6
 0.56667
 0.76667
 0.76667
 0.6333299999999999
 0.73333
 0.75
 0.83333
 0.76667
 0.83333
 0.9
 0.91
 0.96
 0.96
 0.96
 0.96
 0.96
 0.96
 0.93333
 0.92667
 0.96667
 0
 0
 0.63653
 0.85953
 0.91879
 0.81774
 0.85251
 0.80004
 0.65128
 0.63751
 0.70423
 0.76485
 0.62232
 0.81515
 0.73806
 0.7588200000000001
 0.8157799999999999
 0.8109499999999999
 0.83649
 0.85791
 0.90516
 0.90578
 0.9141
 0.9098000000000001
 0.93115
 0.91106
 0.9323
 0.93525
 0.94186
 0.92727
 0
 0
 0.53533
 0.87649
 0.92313
 0.7208599999999999
 0.78932
 0.75758
 0.6030799999999999
 0.62713
 0.60439
 0.6877799999999999
 0.70299
 0.73132
 0.7677
 0.79698
 0.83097
 0.83612
 0.87199
 0.89385
 0.92294
 0.93079
 0.93985
 0.93421
 0.94599
 0.94191
 0.94195
 0.94285
 0.93441
 0.95077
 0
 0
 0
 1
 1
 0.83333
 0.57143
 0.5
 0.44444
 0.6
 0.81818
 0.58333
 0.46154
 0.77778
 1
 0.33333
 1
 1
 1
 1
 1
 1
 1
 1
 1
 1
 1
 1
 1
 1
 0
 0
 0.05241
 0.90794
 0.96853
 0.80469
 0.71582
 0.6928299999999999
 0.54623
 0.61982
 0.72837
 0.65347
 0.57043
 0.76416
 0.83633
 0.6366000000000001
 0.86588
 0.8987000000000001
 0.91412
 0.83522
 0.94206
 0.96575
 0.97115
 0.96843
 0.97234
 0.93831
 0.89575
 0.96214
 0.9720299999999999
 0.98136
 0
 0
 0.57859
 0.68214
 0.77456
 0.86339
 0.85667
 0.84541
 0.72841
 0.71445
 0.70802
 0.74024
 0.6803399999999999
 0.73423
 0.70983
 0.76066
 0.80638
 0.80907
 0.81167
 0.80136
 0.83214
 0.8683
 0.8974800000000001
 0.92263
 0.9087
 0.93895
 0.90845
 0.93132
 0.9154099999999999
 0.93022
 0
 0
 0.53286
 0.8142
 0.86826
 0.75249
 0.7678
 0.76953
 0.58861
 0.59473
 0.54987
 0.6194
 0.62354
 0.65603
 0.68532
 0.7174700000000001
 0.75013
 0.75057
 0.7952399999999999
 0.80989
 0.83443
 0.84833
 0.86403
 0.85436
 0.86991
 0.86149
 0.86929
 0.8628
 0.8597399999999999
 0.87692
 0
 0
 0.94859
 0.94356
 0.95753
 0.9185
 0.92022
 0.92041
 0.90957
 0.92001
 0.91787
 0.9301700000000001
 0.92927
 0.90962
 0.9139
 0.9137999999999999
 0.90559
 0.90888
 0.91383
 0.9053099999999999
 0.90332
 0.90712
 0.89706
 0.91433
 0.89481
 0.9157
 0.90311
 0.91044
 0.90056
 0.9069199999999999
 0
 0
 0.1223
 0.87886
 0.96355
 0.77395
 0.87838
 0.79122
 0.60514
 0.62312
 0.56969
 0.67805
 0.67787
 0.7442
 0.79031
 0.66883
 0.88942
 0.8945
 0.90377
 0.9244599999999999
 0.93369
 0.93215
 0.9671
 0.96226
 0.93718
 0.94575
 0.93546
 0.9260699999999999
 0.93529
 0.9372
 0
 0
 0.57859
 0.67483
 0.74286
 0.89661
 0.87976
 0.78127
 0.74824
 0.73384
 0.7005400000000001
 0.7259100000000001
 0.71078
 0.71056
 0.71166
 0.73982
 0.43025
 0.87536
 0.77867
 0.76924
 0.81494
 0.7968499999999999
 0.88645
 0.96562
 0.83521
 0.9373
 0.8323
 0.83692
 0.87461
 0.90826
 0
 0
 0
 0
 0
 0
 0
 0
 0
 0
 0
 0
 0
 0
 0
 0
 0
 0
 0
 0
 0
 0
 0
 0
 0
 0
 0
 0
 0
 0
 0
 0
 0
 0
 0
 0
 0
 0
 0
 0
 0
 0
 0
 0
 0
 0
 0
 0
 0
 0
 0
 0
 0
 0
 0
 0
 0
 0
 0
 0
 0
 0
 0
 0
 0
 0
 0
 0
 0
 0
 0
 0
 0
 0
 0
 0
 0
 0
 0
 0
 0
 0
 0
 0
 0
 0
 0
 0
 0
 0
 0
 0
 0
 0
 0
 0
 0
 0
 0
 0
 0
 0
 0
 0
 0
 0
 0
 0
 0
 0
 0
 0
 0
 0
 0
 0
 0
 0
 0
 0
 0
 0
 0
 0
 0
 0
 0
 0
 0
 0
 0
 0
 0
 0
 0
 0
 0
 0
 0
 0
 0
 0
 0
 0
 0
 0
 0
 0
 0
 0
 0
 0
 0.89086
 0.92128
 0.91511
 0.91034
 0.8664500000000001
 0.9122400000000001
 0.91749
 0.92741
 0.9045299999999999
 0.92104
 0.91494
 0.93831
 0.92269
 0.9158500000000001
 0.91049
 0.9099699999999999
 0.91984
 0.90018
 0.90372
 0.90513
 0.90193
 0.90217
 0.9034
 0.90371
 0.91059
 0.9048
 0.89637
 0.90995
 0
 0
 0
 0
 0
 0
 0
 0
 0
 0
 0
 0
 0
 0
 0
 0
 0
 0
 0
 0
 0
 0
 0
 0
 0
 0
 0
 0
 0
 0
 0
 0
 0
 0
 0
 0
 0
 0
 0
 0
 0
 0
 0
 0
 0
 0
 0
 0
 0
 0
 0
 0
 0
 0
 0
 0
 0
 0
 0
 0


