# Created by Octave 4.0.0, Sat Nov 21 16:31:51 2015 W. Europe Standard Time <unknown@Florian-PC>
# name: mus
# type: matrix
# ndims: 3
 1 30 19
 0
 0
 0.93237
 0.71635
 0.86341
 0.89706
 0.84236
 0.8125
 0.84058
 0.845
 0.87081
 0.86765
 0.90385
 0.90816
 0.90256
 0.93269
 0.93137
 0.94697
 0.94258
 0.915
 0.91005
 0.89899
 0.88084
 0.90625
 0.91
 0.88942
 0.94407
 0.9387799999999999
 0.94581
 0.93889
 0
 0
 0.33333
 1
 0.6
 0.6
 0.6
 0.8
 0.6
 0.7
 0.83333
 0.76667
 0.66667
 0.7
 0.8
 0.81667
 0.85
 0.81667
 0.8
 0.75
 0.77
 0.77
 0.74
 0.75
 0.8
 0.76667
 0.81333
 0.82
 0.8666700000000001
 0.83333
 0
 0
 0.62647
 0.78211
 0.68394
 0.82907
 0.6533
 0.75384
 0.66435
 0.7061500000000001
 0.75883
 0.69402
 0.72902
 0.73694
 0.79808
 0.76751
 0.77694
 0.81926
 0.84111
 0.77884
 0.81066
 0.83623
 0.81538
 0.81777
 0.8638
 0.83406
 0.87104
 0.85255
 0.87133
 0.90521
 0
 0
 0.49692
 0.79579
 0.61038
 0.6551399999999999
 0.59765
 0.69381
 0.61593
 0.66107
 0.69386
 0.70888
 0.68105
 0.68799
 0.7117
 0.73514
 0.74159
 0.75403
 0.75002
 0.70312
 0.72887
 0.75997
 0.7531600000000001
 0.76209
 0.7712
 0.7456199999999999
 0.75326
 0.77096
 0.76992
 0.78517
 0
 0
 0
 1
 0.2
 0.66667
 0.71429
 0.75
 0.77778
 0.8
 0.54545
 0.91667
 0.46154
 0.5555600000000001
 0.8
 0.66667
 1
 0
 1
 1
 1
 1
 1
 1
 1
 1
 1
 1
 1
 1
 0
 0
 0.08333
 0.68748
 0.45415
 0.75989
 0.66439
 0.69779
 0.6036899999999999
 0.74702
 0.68053
 0.73103
 0.65088
 0.66156
 0.74326
 0.77056
 0.77181
 0.69569
 0.75559
 0.65103
 0.82447
 0.77791
 0.83103
 0.72418
 0.8819900000000001
 0.82045
 0.80743
 0.8880400000000001
 0.75362
 0.70068
 0
 0
 0.57859
 0.6640200000000001
 0.67164
 0.75043
 0.72522
 0.73436
 0.71785
 0.73989
 0.73705
 0.76165
 0.75839
 0.7629899999999999
 0.7997
 0.79878
 0.80713
 0.80532
 0.76532
 0.7613
 0.81685
 0.77345
 0.78071
 0.8737
 0.81035
 0.78664
 0.79201
 0.85742
 0.81199
 0.823
 0
 0
 0.49877
 0.70599
 0.59191
 0.66882
 0.59743
 0.70009
 0.62324
 0.65798
 0.70505
 0.72442
 0.69304
 0.70687
 0.73936
 0.74311
 0.7574
 0.76958
 0.77037
 0.71688
 0.75712
 0.78714
 0.76866
 0.7718699999999999
 0.7907
 0.77023
 0.77181
 0.79209
 0.79699
 0.81127
 0
 0
 0.9993300000000001
 1
 1
 1
 1
 1
 1
 1
 1
 0.99868
 0.99353
 0.9840100000000001
 0.98275
 0.98043
 0.97335
 0.96875
 0.96578
 0.96035
 0.96701
 0.96075
 0.96232
 0.96411
 0.95962
 0.9573199999999999
 0.96532
 0.95102
 0.94828
 0.93364
 0
 0
 0.08333
 0.6347
 0.53196
 0.59385
 0.62393
 0.76334
 0.62783
 0.73085
 0.68566
 0.745
 0.67736
 0.69386
 0.71859
 0.7210800000000001
 0.8132200000000001
 0.73302
 0.87374
 0.81009
 0.82874
 0.76225
 0.88242
 0.76049
 0.7705
 0.73985
 0.76618
 0.76822
 0.81413
 0.87213
 0
 0
 0.57859
 0.67165
 0.6624
 0.69385
 0.6747
 0.8043400000000001
 0.71709
 0.72875
 0.78996
 0.77835
 0.73813
 0.75545
 0.7712
 0.7516699999999999
 0.79055
 0.8093900000000001
 0.78137
 0.76037
 0.7942399999999999
 0.79989
 0.79233
 0.78584
 0.78357
 0.77205
 0.77054
 0.7971
 0.79494
 0.80658
 0
 0
 0
 0
 0
 0
 0
 0
 0
 0
 0
 0
 0
 0
 0
 0
 0
 0
 0
 0
 0
 0
 0
 0
 0
 0
 0
 0
 0
 0
 0
 0
 0
 0
 0
 0
 0
 0
 0
 0
 0
 0
 0
 0
 0
 0
 0
 0
 0
 0
 0
 0
 0
 0
 0
 0
 0
 0
 0
 0
 0
 0
 0
 0
 0
 0
 0
 0
 0
 0
 0
 0
 0
 0
 0
 0
 0
 0
 0
 0
 0
 0
 0
 0
 0
 0
 0
 0
 0
 0
 0
 0
 0
 0
 0
 0
 0
 0
 0
 0
 0
 0
 0
 0
 0
 0
 0
 0
 0
 0
 0
 0
 0
 0
 0
 0
 0
 0
 0
 0
 0
 0
 0
 0
 0
 0
 0
 0
 0
 0
 0
 0
 0
 0
 0
 0
 0
 0
 0
 0
 0
 0
 0
 0
 0
 0
 0
 0
 0
 0
 0
 0
 0.99996
 1
 1
 1
 1
 1
 1
 1
 1
 0.99815
 0.99774
 0.98781
 0.98291
 0.9792
 0.96788
 0.97268
 0.9704700000000001
 0.96555
 0.96225
 0.95725
 0.96782
 0.95443
 0.95822
 0.96265
 0.95057
 0.9539800000000001
 0.9566
 0.94729
 0
 0
 0
 0
 0
 0
 0
 0
 0
 0
 0
 0
 0
 0
 0
 0
 0
 0
 0
 0
 0
 0
 0
 0
 0
 0
 0
 0
 0
 0
 0
 0
 0
 0
 0
 0
 0
 0
 0
 0
 0
 0
 0
 0
 0
 0
 0
 0
 0
 0
 0
 0
 0
 0
 0
 0
 0
 0
 0
 0


