# Created by Octave 4.0.0, Sat Nov 21 16:31:51 2015 W. Europe Standard Time <unknown@Florian-PC>
# name: mus
# type: matrix
# ndims: 3
 1 30 19
 0
 0
 0.3913
 0.61058
 0.76585
 0.71078
 0.63547
 0.95192
 0.92754
 0.95
 0.96172
 0.96569
 0.95673
 0.93367
 0.97436
 0.97596
 0.96569
 0.9697
 0.97129
 0.975
 0.95767
 0.94613
 0.95652
 0.93576
 0.93
 0.94231
 0.93726
 0.9438800000000001
 0.94581
 0.96667
 0
 0
 0.33333
 1
 0.2
 0.3
 0.4
 0.5
 0.6
 0.7
 0.73333
 0.76667
 0.6333299999999999
 0.83333
 0.66667
 0.7
 0.68333
 0.83333
 0.83333
 0.85
 0.86
 0.88
 0.86
 0.92
 0.92
 0.92667
 0.92667
 0.96
 0.96667
 0.93333
 0
 0
 0.74561
 0.88975
 0.68394
 0.76928
 0.59755
 0.37296
 0.72671
 0.74273
 0.63503
 0.70457
 0.7729200000000001
 0.76655
 0.73029
 0.72054
 0.68558
 0.74279
 0.83307
 0.83784
 0.84298
 0.85482
 0.85981
 0.87127
 0.91248
 0.92267
 0.90282
 0.92417
 0.93745
 0.9065
 0
 0
 0.47146
 0.8446399999999999
 0.44782
 0.5494
 0.49371
 0.49077
 0.53956
 0.59899
 0.55465
 0.65932
 0.62812
 0.68687
 0.62732
 0.65181
 0.6842200000000001
 0.69547
 0.71992
 0.7319600000000001
 0.74182
 0.7624300000000001
 0.7738
 0.80011
 0.80882
 0.82399
 0.83612
 0.84642
 0.85997
 0.8448600000000001
 0
 0
 0.33333
 1
 0
 0.5
 0.28571
 0.375
 0.66667
 0.5
 0.45455
 0.66667
 0.69231
 0.5555600000000001
 1
 0.66667
 1
 1
 1
 0
 1
 1
 1
 1
 1
 1
 1
 1
 1
 0
 0
 0
 0.33333
 0.98959
 0.37084
 0.61405
 0.46627
 0.47499
 0.55047
 0.62435
 0.57805
 0.63944
 0.60467
 0.66201
 0.62724
 0.69569
 0.70912
 0.74924
 0.7045400000000001
 0.66936
 0.7373
 0.7973
 0.73629
 0.7458
 0.76952
 0.9453
 0.8152700000000001
 0.83152
 0.82567
 0.76868
 0
 0
 0.57859
 0.70399
 0.68362
 0.7170299999999999
 0.73303
 0.75204
 0.70307
 0.75098
 0.76312
 0.76707
 0.76663
 0.77049
 0.75225
 0.75754
 0.78385
 0.77573
 0.81257
 0.80226
 0.76802
 0.82811
 0.87048
 0.82834
 0.8149999999999999
 0.84488
 0.86686
 0.8918199999999999
 0.85339
 0.82533
 0
 0
 0.46978
 0.80797
 0.51098
 0.63396
 0.5561
 0.51872
 0.53875
 0.59929
 0.5646600000000001
 0.64546
 0.6097399999999999
 0.68165
 0.62996
 0.65216
 0.69801
 0.72275
 0.73006
 0.74572
 0.7646500000000001
 0.79101
 0.79099
 0.81038
 0.83714
 0.85281
 0.85927
 0.87982
 0.8857699999999999
 0.86417
 0
 0
 0.99996
 1
 1
 1
 1
 1
 1
 0.99552
 1
 0.9969
 0.99177
 0.98934
 0.97334
 0.97282
 0.97648
 0.96527
 0.97397
 0.96414
 0.96501
 0.96124
 0.97031
 0.9598
 0.9616
 0.94977
 0.94708
 0.95704
 0.94561
 0.9403
 0
 0
 0.33333
 0.9884500000000001
 0.44304
 0.72337
 0.49074
 0.45825
 0.5317
 0.59939
 0.56828
 0.6124000000000001
 0.67233
 0.74483
 0.61446
 0.64575
 0.6658500000000001
 0.8225
 0.74102
 0.71917
 0.71649
 0.88248
 0.77443
 0.81452
 0.93701
 0.83286
 0.83345
 0.8683
 0.92777
 0.8647899999999999
 0
 0
 0.57859
 0.70136
 0.71892
 0.72298
 0.8077
 0.72494
 0.70258
 0.73998
 0.75615
 0.73137
 0.71523
 0.7526
 0.74069
 0.73987
 0.74944
 0.7492
 0.78883
 0.78139
 0.7875799999999999
 0.8301500000000001
 0.78877
 0.7902
 0.8086100000000001
 0.83688
 0.84419
 0.83658
 0.84736
 0.90951
 0
 0
 0
 0
 0
 0
 0
 0
 0
 0
 0
 0
 0
 0
 0
 0
 0
 0
 0
 0
 0
 0
 0
 0
 0
 0
 0
 0
 0
 0
 0
 0
 0
 0
 0
 0
 0
 0
 0
 0
 0
 0
 0
 0
 0
 0
 0
 0
 0
 0
 0
 0
 0
 0
 0
 0
 0
 0
 0
 0
 0
 0
 0
 0
 0
 0
 0
 0
 0
 0
 0
 0
 0
 0
 0
 0
 0
 0
 0
 0
 0
 0
 0
 0
 0
 0
 0
 0
 0
 0
 0
 0
 0
 0
 0
 0
 0
 0
 0
 0
 0
 0
 0
 0
 0
 0
 0
 0
 0
 0
 0
 0
 0
 0
 0
 0
 0
 0
 0
 0
 0
 0
 0
 0
 0
 0
 0
 0
 0
 0
 0
 0
 0
 0
 0
 0
 0
 0
 0
 0
 0
 0
 0
 0
 0
 0
 0
 0
 0
 0
 0
 0
 0.99999
 1
 1
 1
 1
 1
 1
 0.99899
 1
 0.99996
 0.99209
 0.9856200000000001
 0.97482
 0.97222
 0.96419
 0.9654
 0.97304
 0.9648600000000001
 0.9593699999999999
 0.9583
 0.97179
 0.95702
 0.96575
 0.9589299999999999
 0.95378
 0.9489300000000001
 0.9465
 0.94953
 0
 0
 0
 0
 0
 0
 0
 0
 0
 0
 0
 0
 0
 0
 0
 0
 0
 0
 0
 0
 0
 0
 0
 0
 0
 0
 0
 0
 0
 0
 0
 0
 0
 0
 0
 0
 0
 0
 0
 0
 0
 0
 0
 0
 0
 0
 0
 0
 0
 0
 0
 0
 0
 0
 0
 0
 0
 0
 0
 0


