# Created by Octave 4.0.0, Sat Nov 21 16:31:33 2015 W. Europe Standard Time <unknown@Florian-PC>
# name: mus
# type: matrix
# ndims: 3
 1 30 19
 0
 0
 0.94686
 0.72596
 0.73171
 0.7402
 0.71429
 0.85577
 0.84058
 0.85
 0.85167
 0.85294
 0.83894
 0.85204
 0.9641
 0.97596
 0.98039
 0.9798
 0.98086
 0.98
 0.97884
 0.9798
 0.97585
 0.96875
 0.975
 0.97596
 0.97354
 0.97449
 0.97537
 0.97778
 0
 0
 0.66667
 1
 0.8
 0.8
 0.8
 0.8
 0.8
 0.9
 0.8
 0.93333
 0.8
 0.76667
 1
 0.93333
 0.93333
 0.95
 0.95
 0.95
 1
 1
 1
 1
 1
 1
 1
 1
 1
 0.9
 0
 0
 0.77086
 0.87632
 0.80947
 0.85461
 0.92184
 0.8957000000000001
 0.83047
 0.82591
 0.8207100000000001
 0.92815
 0.8934299999999999
 0.9267300000000001
 0.9706399999999999
 0.94031
 0.88432
 0.9474
 0.94864
 0.9432
 0.96732
 0.95444
 0.95885
 0.96424
 0.97839
 0.96633
 0.96683
 0.98187
 0.97372
 0.94773
 0
 0
 0.6103
 0.9127
 0.73722
 0.70539
 0.82042
 0.7615499999999999
 0.81387
 0.82445
 0.8525700000000001
 0.86322
 0.88049
 0.87501
 0.92458
 0.93699
 0.9388
 0.93497
 0.95751
 0.96229
 0.9641
 0.96623
 0.97022
 0.97463
 0.97653
 0.97341
 0.97512
 0.97283
 0.9720299999999999
 0.92274
 0
 0
 1
 1
 1
 0.83333
 0.85714
 0.75
 0.88889
 0.6
 1
 0.83333
 0.92308
 0.77778
 1
 0.66667
 1
 1
 1
 1
 1
 1
 1
 1
 1
 1
 1
 1
 1
 1
 0
 0
 0.94459
 0.94131
 0.98227
 0.8730599999999999
 0.7813099999999999
 0.74238
 0.80106
 0.76053
 0.85483
 0.84306
 0.88322
 0.8663
 0.94565
 0.89829
 0.9805
 0.9789099999999999
 0.97621
 0.9629799999999999
 0.98824
 0.85739
 0.99068
 0.99026
 0.93119
 0.99313
 0.96347
 0.94545
 0.95563
 0.89346
 0
 0
 0.57859
 0.78347
 0.81153
 0.8629599999999999
 0.86375
 0.84373
 0.81755
 0.85066
 0.87139
 0.90055
 0.89869
 0.89328
 0.91986
 0.92036
 0.9203
 0.91315
 0.8518
 0.88007
 0.9018
 0.93085
 0.9236799999999999
 0.88005
 0.9278
 0.97267
 0.9243
 0.93036
 0.9671999999999999
 0.91571
 0
 0
 0.54195
 0.87599
 0.8001
 0.77755
 0.77928
 0.75232
 0.77612
 0.77866
 0.80224
 0.8238799999999999
 0.8358100000000001
 0.84867
 0.87641
 0.88206
 0.8672800000000001
 0.86825
 0.88481
 0.87254
 0.8811600000000001
 0.88783
 0.89841
 0.89868
 0.9035300000000001
 0.89571
 0.89116
 0.9093599999999999
 0.91833
 0.87001
 0
 0
 0.95925
 0.8594000000000001
 0.91717
 0.91417
 0.92066
 0.93392
 0.91294
 0.95039
 0.91714
 0.92535
 0.92804
 0.91351
 0.91494
 0.9142
 0.9105799999999999
 0.91276
 0.90512
 0.911
 0.9132
 0.90707
 0.89433
 0.89628
 0.90419
 0.9042
 0.8955
 0.90013
 0.89903
 0.89469
 0
 0
 0.89697
 0.93571
 0.98023
 0.91083
 0.73896
 0.75365
 0.805
 0.44888
 0.83609
 0.8672
 0.52518
 0.89516
 0.9423899999999999
 0.65546
 0.96898
 0.9677
 0.97997
 0.9801
 0.98202
 0.98295
 0.99258
 0.99027
 0.99075
 0.98589
 0.98686
 0.98903
 0.98865
 0.94382
 0
 0
 0.57859
 0.84177
 0.76912
 0.83104
 0.88857
 0.83406
 0.80735
 0.8168299999999999
 0.82351
 0.9045
 0.93302
 0.93079
 0.97238
 0.91966
 0.84539
 0.96443
 0.85297
 0.947
 0.94974
 0.92886
 0.9538
 0.77175
 0.91433
 0.91447
 0.96025
 0.91903
 0.92937
 0.82402
 0
 0
 0
 0
 0
 0
 0
 0
 0
 0
 0
 0
 0
 0
 0
 0
 0
 0
 0
 0
 0
 0
 0
 0
 0
 0
 0
 0
 0
 0
 0
 0
 0
 0
 0
 0
 0
 0
 0
 0
 0
 0
 0
 0
 0
 0
 0
 0
 0
 0
 0
 0
 0
 0
 0
 0
 0
 0
 0
 0
 0
 0
 0
 0
 0
 0
 0
 0
 0
 0
 0
 0
 0
 0
 0
 0
 0
 0
 0
 0
 0
 0
 0
 0
 0
 0
 0
 0
 0
 0
 0
 0
 0
 0
 0
 0
 0
 0
 0
 0
 0
 0
 0
 0
 0
 0
 0
 0
 0
 0
 0
 0
 0
 0
 0
 0
 0
 0
 0
 0
 0
 0
 0
 0
 0
 0
 0
 0
 0
 0
 0
 0
 0
 0
 0
 0
 0
 0
 0
 0
 0
 0
 0
 0
 0
 0
 0
 0
 0
 0
 0
 0
 0.84924
 0.95407
 0.89747
 0.95784
 0.93258
 0.9279500000000001
 0.93019
 0.91567
 0.91477
 0.93293
 0.92721
 0.91835
 0.91847
 0.9130200000000001
 0.91967
 0.9145799999999999
 0.90178
 0.89983
 0.9071900000000001
 0.90626
 0.90207
 0.90933
 0.89819
 0.91172
 0.9073
 0.90813
 0.89647
 0.90234
 0
 0
 0
 0
 0
 0
 0
 0
 0
 0
 0
 0
 0
 0
 0
 0
 0
 0
 0
 0
 0
 0
 0
 0
 0
 0
 0
 0
 0
 0
 0
 0
 0
 0
 0
 0
 0
 0
 0
 0
 0
 0
 0
 0
 0
 0
 0
 0
 0
 0
 0
 0
 0
 0
 0
 0
 0
 0
 0
 0


