# Created by Octave 4.0.0, Sat Nov 21 16:31:57 2015 W. Europe Standard Time <unknown@Florian-PC>
# name: mus
# type: matrix
# ndims: 3
 1 30 19
 0
 0
 0.66184
 0.86538
 0.67317
 0.7598
 0.75862
 0.76442
 0.81643
 0.825
 0.7799
 0.87745
 0.88942
 0.89286
 0.88718
 0.87019
 0.88807
 0.88889
 0.91388
 0.915
 0.92593
 0.90572
 0.91304
 0.90278
 0.9
 0.86058
 0.91912
 0.92347
 0.93103
 0.92222
 0
 0
 1
 0.25
 1
 0.6
 0.7
 0.5
 0.6
 0.6
 0.83333
 0.76667
 0.8
 0.7
 0.8
 0.75
 0.65
 0.81667
 0.9
 0.9
 0.8
 0.76
 0.75
 0.8
 0.84
 0.8
 0.82
 0.78
 0.8666700000000001
 0.8666700000000001
 0
 0
 1
 0.5873699999999999
 0.81724
 0.82584
 0.74399
 0.68372
 0.66533
 0.77871
 0.8209
 0.79118
 0.83264
 0.84842
 0.84346
 0.8431999999999999
 0.82612
 0.8424
 0.81719
 0.83562
 0.87579
 0.80131
 0.84374
 0.87059
 0.85492
 0.8463000000000001
 0.84144
 0.8793
 0.89061
 0.8753300000000001
 0
 0
 1
 0.42711
 0.96111
 0.81714
 0.77611
 0.86709
 0.82568
 0.83656
 0.88568
 0.85693
 0.8656
 0.9478799999999999
 0.94637
 0.94816
 0.95516
 0.93189
 0.87692
 0.9095299999999999
 0.9111900000000001
 0.87191
 0.8894
 0.92297
 0.8686199999999999
 0.90798
 0.90624
 0.92967
 0.93391
 0.94175
 0
 0
 1
 0.5
 1
 0.66667
 0.42857
 0.75
 1
 0.6
 0.81818
 0.83333
 0.46154
 0.88889
 0.8
 1
 1
 1
 1
 1
 1
 1
 1
 1
 1
 1
 1
 1
 0
 1
 0
 0
 1
 0.6389
 1.05
 0.69167
 0.57143
 0.675
 0.97818
 0.68691
 0.86326
 0.87399
 0.73229
 0.9333900000000001
 0.88461
 0.993
 1.03834
 0.98077
 1.05039
 1.07181
 0.9569
 1.03472
 0.98649
 1.02173
 0.89551
 0.83334
 1
 1.03152
 0.6875
 0.96057
 0
 0
 1
 0.73881
 0.83913
 0.86694
 0.81107
 0.75589
 0.7361
 0.77949
 0.8718900000000001
 0.78418
 0.79694
 0.793
 0.8370300000000001
 0.82076
 0.9161899999999999
 0.82429
 0.82943
 0.81981
 0.89479
 0.84071
 0.80269
 0.85085
 0.84119
 0.85608
 0.84427
 0.87914
 0.92722
 0.91021
 0
 0
 1
 0.49451
 0.82994
 0.88587
 0.80087
 0.78406
 0.77015
 0.78388
 0.83158
 0.86003
 0.88768
 0.93314
 0.93549
 0.94237
 0.93332
 0.91193
 0.89084
 0.90419
 0.89561
 0.84254
 0.85227
 0.89542
 0.88749
 0.87903
 0.8995
 0.90086
 0.92313
 0.93686
 0
 0
 1
 1
 1
 1
 1
 1
 1
 1
 1
 1
 1
 1
 1
 1
 1
 1
 1
 1
 1
 1
 1
 1
 1
 1
 1
 1
 1
 1
 0
 0
 1
 0.67157
 0.95539
 0.71917
 0.64852
 0.6932700000000001
 0.64783
 0.89849
 0.80757
 1.02494
 0.90548
 0.94316
 1.0186
 1.00973
 0.88019
 0.98273
 0.83633
 1.0705
 0.8966499999999999
 0.9265099999999999
 0.8344
 0.89096
 0.8577900000000001
 0.98928
 1
 0.8817199999999999
 0.87622
 0.58947
 0
 0
 1
 0.75823
 0.8738
 0.86188
 0.91961
 0.82764
 0.75432
 0.81717
 0.95444
 0.86554
 0.82923
 0.81029
 0.85294
 0.81298
 0.94704
 1.01378
 0.84023
 0.8249300000000001
 0.91344
 0.88269
 0.80341
 0.94157
 0.92132
 0.87625
 0.97417
 0.9710800000000001
 0.99621
 0.90326
 0
 0
 0
 0
 0
 0
 0
 0
 0
 0
 0
 0
 0
 0
 0
 0
 0
 0
 0
 0
 0
 0
 0
 0
 0
 0
 0
 0
 0
 0
 0
 0
 0
 0
 0
 0
 0
 0
 0
 0
 0
 0
 0
 0
 0
 0
 0
 0
 0
 0
 0
 0
 0
 0
 0
 0
 0
 0
 0
 0
 0
 0
 0
 0
 0
 0
 0
 0
 0
 0
 0
 0
 0
 0
 0
 0
 0
 0
 0
 0
 0
 0
 0
 0
 0
 0
 0
 0
 0
 0
 0
 0
 0
 0
 0
 0
 0
 0
 0
 0
 0
 0
 0
 0
 0
 0
 0
 0
 0
 0
 0
 0
 0
 0
 0
 0
 0
 0
 0
 0
 0
 0
 0
 0
 0
 0
 0
 0
 0
 0
 0
 0
 0
 0
 0
 0
 0
 0
 0
 0
 0
 0
 0
 0
 0
 0
 0
 0
 0
 0
 0
 0
 1
 1
 1
 1
 1
 1
 1
 1
 1
 1
 1
 1
 1
 1
 1
 1
 1
 1
 1
 1
 1
 1
 1
 1
 1
 1
 1
 1
 0
 0
 0
 0
 0
 0
 0
 0
 0
 0
 0
 0
 0
 0
 0
 0
 0
 0
 0
 0
 0
 0
 0
 0
 0
 0
 0
 0
 0
 0
 0
 0
 0
 0
 0
 0
 0
 0
 0
 0
 0
 0
 0
 0
 0
 0
 0
 0
 0
 0
 0
 0
 0
 0
 0
 0
 0
 0
 0
 0


# name: vars
# type: matrix
# ndims: 3
 1 30 19
 0
 0
 0.07023799999999999
 0.032994
 0.033512
 0.025574
 0.02639
 0.029159
 0.025375
 0.013553
 0.043449
 0.008782999999999999
 0.005498
 0.008437999999999999
 0.003248
 0.016577
 0.005845
 0.003086
 0.003475
 0.00225
 0.002331
 0.001479
 0.004726
 0.001874
 0.004114
 0.024488
 0.008293
 0.009110999999999999
 0.003567
 0.00163
 0
 0
 0
 0.25
 0
 0.3
 0.2
 0.25
 0.175
 0.175
 0.05556
 0.10556
 0.2
 0.08889
 0.08889
 0.07639
 0.06389
 0.02917
 0.01875
 0.01875
 0.04375
 0.09425
 0.0675
 0.04
 0.028
 0.02
 0.03422
 0.02422
 0.01944
 0.01944
 0
 0
 0
 0
 0
 0
 0
 0
 0
 0
 0
 0
 0
 0
 0
 0
 0
 0
 0
 0
 0
 0
 0
 0
 0
 0
 0
 0
 0
 0
 0
 0
 0
 0.035687
 0.007668
 0.053893
 0.056985
 0.026024
 0.040838
 0.043777
 0.021115
 0.035341
 0.027768
 0.009317000000000001
 0.011205
 0.009129999999999999
 0.008619999999999999
 0.014626
 0.025569
 0.017254
 0.016573
 0.024886
 0.019443
 0.012689
 0.024282
 0.014063
 0.017153
 0.011427
 0.011824
 0.01138
 0
 0
 0
 0
 0
 0
 0
 0
 0
 0
 0
 0
 0
 0
 0
 0
 0
 0
 0
 0
 0
 0
 0
 0
 0
 0
 0
 0
 0
 0
 0
 0
 0
 0
 0
 0
 0
 0
 0
 0
 0
 0
 0
 0
 0
 0
 0
 0
 0
 0
 0
 0
 0
 0
 0
 0
 0
 0
 0
 0
 0
 0
 0
 0
 0
 0
 0
 0
 0
 0
 0
 0
 0
 0
 0
 0
 0
 0
 0
 0
 0
 0
 0
 0
 0
 0
 0
 0
 0
 0
 0
 0
 0
 0.034704
 0.046417
 0.031094
 0.031327
 0.029068
 0.036094
 0.034265
 0.028281
 0.033664
 0.029656
 0.019281
 0.018958
 0.016408
 0.016084
 0.019636
 0.021489
 0.018316
 0.0196
 0.033114
 0.027144
 0.020491
 0.019072
 0.023464
 0.018902
 0.020615
 0.012382
 0.010872
 0
 0
 0
 0
 0
 0
 0
 0
 0
 0
 0
 0
 0
 0
 0
 0
 0
 0
 0
 0
 0
 0
 0
 0
 0
 0
 0
 0
 0
 0
 0
 0
 0
 0
 0
 0
 0
 0
 0
 0
 0
 0
 0
 0
 0
 0
 0
 0
 0
 0
 0
 0
 0
 0
 0
 0
 0
 0
 0
 0
 0
 0
 0
 0
 0
 0
 0
 0
 0
 0
 0
 0
 0
 0
 0
 0
 0
 0
 0
 0
 0
 0
 0
 0
 0
 0
 0
 0
 0
 0
 0
 0
 0
 0
 0
 0
 0
 0
 0
 0
 0
 0
 0
 0
 0
 0
 0
 0
 0
 0
 0
 0
 0
 0
 0
 0
 0
 0
 0
 0
 0
 0
 0
 0
 0
 0
 0
 0
 0
 0
 0
 0
 0
 0
 0
 0
 0
 0
 0
 0
 0
 0
 0
 0
 0
 0
 0
 0
 0
 0
 0
 0
 0
 0
 0
 0
 0
 0
 0
 0
 0
 0
 0
 0
 0
 0
 0
 0
 0
 0
 0
 0
 0
 0
 0
 0
 0
 0
 0
 0
 0
 0
 0
 0
 0
 0
 0
 0
 0
 0
 0
 0
 0
 0
 0
 0
 0
 0
 0
 0
 0
 0
 0
 0
 0
 0
 0
 0
 0
 0
 0
 0
 0
 0
 0
 0
 0
 0
 0
 0
 0
 0
 0
 0
 0
 0
 0
 0
 0
 0
 0
 0
 0
 0
 0
 0
 0
 0
 0
 0
 0
 0
 0
 0
 0
 0
 0
 0
 0
 0
 0
 0
 0
 0
 0
 0
 0
 0
 0
 0
 0
 0
 0
 0
 0
 0
 0
 0
 0
 0
 0
 0
 0
 0
 0
 0
 0
 0
 0
 0
 0
 0
 0
 0
 0
 0
 0
 0
 0
 0
 0
 0
 0
 0
 0
 0
 0
 0
 0
 0
 0
 0
 0
 0
 0
 0
 0
 0
 0
 0
 0
 0
 0
 0
 0
 0
 0
 0
 0
 0
 0
 0
 0
 0
 0
 0
 0
 0
 0
 0


