# Created by Octave 4.0.0, Sat Nov 21 16:31:40 2015 W. Europe Standard Time <unknown@Florian-PC>
# name: mus
# type: matrix
# ndims: 3
 1 30 19
 0
 0
 0.5845399999999999
 0.89904
 0.94146
 0.94608
 0.92118
 0.95192
 0.95652
 0.965
 0.96651
 0.97549
 0.90385
 0.83673
 0.85641
 0.98558
 0.97631
 0.98485
 0.99043
 0.99
 0.9841299999999999
 0.9899
 0.99517
 0.99479
 0.995
 0.99519
 0.99471
 0.9949
 0.99507
 0.99444
 0
 0
 0.33333
 0.75
 0.6
 0.4
 0.6
 0.3
 0.6
 0.4
 0.4
 0.36667
 0.66667
 0.46667
 0.46667
 0.68333
 0.55
 0.58333
 0.7
 0.65
 0.49
 0.64
 0.52
 0.7
 0.68
 0.64667
 0.7466699999999999
 0.71333
 0.7533300000000001
 0.66667
 0
 0
 0.63404
 0.72704
 0.74807
 0.7043700000000001
 0.5734399999999999
 0.61583
 0.5958599999999999
 0.64285
 0.53772
 0.70037
 0.74285
 0.71395
 0.59626
 0.58966
 0.68606
 0.57326
 0.6321099999999999
 0.65084
 0.59322
 0.57031
 0.57681
 0.56554
 0.7128
 0.63148
 0.70739
 0.75109
 0.72431
 0.71717
 0
 0
 0.5531199999999999
 0.61693
 0.55659
 0.63241
 0.49025
 0.52576
 0.48975
 0.51309
 0.49154
 0.55059
 0.60543
 0.53651
 0.54242
 0.5613899999999999
 0.54087
 0.55221
 0.59085
 0.60978
 0.56743
 0.56187
 0.55455
 0.56924
 0.58572
 0.60881
 0.6361
 0.65237
 0.66322
 0.63984
 0
 0
 0.66667
 0.75
 0.6
 0.33333
 0.85714
 0.25
 0.22222
 0.3
 0.54545
 0.41667
 0.84615
 0.66667
 0.6
 0.66667
 0
 0
 1
 1
 0
 0
 0
 1
 1
 1
 1
 1
 1
 1
 0
 0
 0.73686
 0.47144
 0.59802
 0.56068
 0.61388
 0.49437
 0.46138
 0.48384
 0.51873
 0.53512
 0.61541
 0.5829299999999999
 0.52244
 0.57072
 0.48437
 0.50448
 0.69654
 0.58697
 0.51347
 0.54523
 0.54398
 0.56028
 0.6001300000000001
 0.64314
 0.6577
 0.76314
 0.71468
 0.6339
 0
 0
 0.36788
 0.71118
 0.76946
 0.73931
 0.68605
 0.66628
 0.69913
 0.71934
 0.69567
 0.67159
 0.74519
 0.7124200000000001
 0.68481
 0.75117
 0.70451
 0.76195
 0.78598
 0.71068
 0.70076
 0.70039
 0.71965
 0.71818
 0.72575
 0.70005
 0.69712
 0.75569
 0.77598
 0.75952
 0
 0
 0.5542
 0.61588
 0.52186
 0.68411
 0.54396
 0.52295
 0.52683
 0.54742
 0.51797
 0.55532
 0.5759
 0.542
 0.55782
 0.56546
 0.54513
 0.54703
 0.59335
 0.61539
 0.57065
 0.58505
 0.57345
 0.57703
 0.60144
 0.62566
 0.6409
 0.6551900000000001
 0.67116
 0.6520899999999999
 0
 0
 1
 1
 1
 1
 1
 1
 1
 0.99621
 0.9984
 0.99296
 0.99573
 0.98181
 0.9865699999999999
 0.97822
 0.9734699999999999
 0.96959
 0.96891
 0.9645
 0.96104
 0.96308
 0.96301
 0.9595399999999999
 0.95755
 0.95509
 0.94975
 0.94107
 0.94777
 0.9612000000000001
 0
 0
 0.73855
 0.3674
 0.56842
 0.57816
 0.55111
 0.48681
 0.4663
 0.4905
 0.52618
 0.54899
 0.57709
 0.52457
 0.52096
 0.53552
 0.51867
 0.52913
 0.57496
 0.5911
 0.55884
 0.55986
 0.55721
 0.56933
 0.58839
 0.59899
 0.61758
 0.63851
 0.65943
 0.6392600000000001
 0
 0
 0.36788
 0.70334
 0.77979
 0.72929
 0.67943
 0.65943
 0.70786
 0.74128
 0.67953
 0.73485
 0.71772
 0.72502
 0.68093
 0.72065
 0.68445
 0.68202
 0.71582
 0.72055
 0.68242
 0.69806
 0.70157
 0.6906600000000001
 0.7168600000000001
 0.76039
 0.7094
 0.7318
 0.74134
 0.7483
 0
 0
 0
 0
 0
 0
 0
 0
 0
 0
 0
 0
 0
 0
 0
 0
 0
 0
 0
 0
 0
 0
 0
 0
 0
 0
 0
 0
 0
 0
 0
 0
 0
 0
 0
 0
 0
 0
 0
 0
 0
 0
 0
 0
 0
 0
 0
 0
 0
 0
 0
 0
 0
 0
 0
 0
 0
 0
 0
 0
 0
 0
 0
 0
 0
 0
 0
 0
 0
 0
 0
 0
 0
 0
 0
 0
 0
 0
 0
 0
 0
 0
 0
 0
 0
 0
 0
 0
 0
 0
 0
 0
 0
 0
 0
 0
 0
 0
 0
 0
 0
 0
 0
 0
 0
 0
 0
 0
 0
 0
 0
 0
 0
 0
 0
 0
 0
 0
 0
 0
 0
 0
 0
 0
 0
 0
 0
 0
 0
 0
 0
 0
 0
 0
 0
 0
 0
 0
 0
 0
 0
 0
 0
 0
 0
 0
 0
 0
 0
 0
 0
 0
 0.99998
 1
 1
 1
 1
 1
 1
 0.99448
 0.99996
 0.99988
 0.99635
 0.98481
 0.98649
 0.98248
 0.97029
 0.96858
 0.9704199999999999
 0.96563
 0.96289
 0.96519
 0.95829
 0.96331
 0.96413
 0.95535
 0.9511500000000001
 0.94464
 0.95201
 0.95101
 0
 0
 0
 0
 0
 0
 0
 0
 0
 0
 0
 0
 0
 0
 0
 0
 0
 0
 0
 0
 0
 0
 0
 0
 0
 0
 0
 0
 0
 0
 0
 0
 0
 0
 0
 0
 0
 0
 0
 0
 0
 0
 0
 0
 0
 0
 0
 0
 0
 0
 0
 0
 0
 0
 0
 0
 0
 0
 0
 0


