# Created by Octave 4.0.0, Sat Nov 21 16:31:44 2015 W. Europe Standard Time <unknown@Florian-PC>
# name: mus
# type: matrix
# ndims: 3
 1 30 19
 0
 0
 0.66184
 0.50481
 0.87317
 0.82843
 0.93596
 0.94231
 0.95169
 0.92
 0.7177
 0.94118
 0.96154
 0.97959
 0.96923
 0.97596
 0.98039
 0.9697
 0.98086
 0.965
 0.9841299999999999
 0.9899
 0.99034
 0.98958
 0.995
 0.99519
 0.99471
 0.9949
 0.99507
 1
 0
 0
 1
 0.25
 0.4
 0.7
 0.7
 0.6
 0.9
 0.6
 0.73333
 0.73333
 0.56667
 0.43333
 0.33333
 0.38333
 0.41667
 0.6166700000000001
 0.56667
 0.55
 0.62
 0.36
 0.44
 0.46
 0.44
 0.62
 0.55333
 0.6266699999999999
 0.55333
 0.43333
 0
 0
 1
 0.65585
 0.67297
 0.7398400000000001
 0.67331
 0.7323499999999999
 0.7829199999999999
 0.75588
 0.7141999999999999
 0.7438900000000001
 0.6694600000000001
 0.68089
 0.6805
 0.72315
 0.7042
 0.7567700000000001
 0.70448
 0.67853
 0.66604
 0.66173
 0.59624
 0.60559
 0.60785
 0.63262
 0.65307
 0.67258
 0.6826
 0.66979
 0
 0
 1
 0.43775
 0.43338
 0.56336
 0.61464
 0.72649
 0.8148
 0.66812
 0.61851
 0.61821
 0.70011
 0.69678
 0.69982
 0.7041500000000001
 0.74168
 0.75398
 0.71429
 0.60251
 0.63407
 0.5682700000000001
 0.57983
 0.56436
 0.53761
 0.57331
 0.61783
 0.65278
 0.66935
 0.6607499999999999
 0
 0
 1
 0.5
 0.4
 0.66667
 0.57143
 0.625
 1
 0.7
 0.63636
 0.5
 0.76923
 0.77778
 1
 0.66667
 0.5
 1
 1
 1
 1
 0
 0
 0
 0
 0
 1
 1
 0
 1
 0
 0
 1
 0.61829
 0.54863
 0.61841
 0.56646
 0.74225
 0.7167
 0.6155
 0.65296
 0.5972499999999999
 0.71132
 0.72336
 0.79249
 0.69481
 0.61634
 0.80109
 0.79567
 0.61368
 0.70467
 0.36181
 0.44525
 0.54689
 0.47593
 0.62551
 0.7434500000000001
 0.74485
 0.62157
 0.6569199999999999
 0
 0
 1
 0.84016
 0.6315499999999999
 0.7426700000000001
 0.67615
 0.75558
 0.75458
 0.65849
 0.73126
 0.73348
 0.76853
 0.74916
 0.76949
 0.71856
 0.7519
 0.77077
 0.7692099999999999
 0.74408
 0.70947
 0.7022
 0.6893899999999999
 0.68518
 0.70051
 0.71474
 0.72583
 0.72684
 0.72603
 0.72318
 0
 0
 1
 0.54089
 0.42752
 0.5756599999999999
 0.59619
 0.66652
 0.72405
 0.65937
 0.62
 0.60768
 0.61968
 0.62609
 0.63018
 0.62412
 0.65207
 0.65738
 0.62466
 0.5822000000000001
 0.60081
 0.56931
 0.57029
 0.55664
 0.55111
 0.5669
 0.58366
 0.59766
 0.61787
 0.60985
 0
 0
 0.99097
 0.90882
 0.90371
 0.91892
 0.92618
 0.89567
 0.9228
 0.90086
 0.9287
 0.92
 0.92239
 0.9068000000000001
 0.93333
 0.91444
 0.92783
 0.90813
 0.90883
 0.90802
 0.90077
 0.90162
 0.90811
 0.8976499999999999
 0.90469
 0.90111
 0.90294
 0.90477
 0.91264
 0.90158
 0
 0
 1
 0.67025
 0.62069
 0.61245
 0.6091800000000001
 0.82918
 0.87738
 0.60044
 0.62353
 0.6178
 0.62224
 0.66728
 0.68406
 0.6775
 0.6113
 0.75323
 0.7360100000000001
 0.58608
 0.65756
 0.5701000000000001
 0.57991
 0.56677
 0.55113
 0.58432
 0.71302
 0.6131799999999999
 0.62209
 0.6521400000000001
 0
 0
 1
 0.82614
 0.6896099999999999
 0.74844
 0.68388
 0.73798
 0.75386
 0.71267
 0.6752899999999999
 0.77807
 0.7226
 0.72145
 0.7161
 0.74092
 0.71818
 0.64859
 0.74251
 0.7854
 0.70137
 0.6912
 0.40095
 0.7385
 0.77681
 0.70063
 0.7602
 0.70949
 0.71067
 0.65271
 0
 0
 0
 0
 0
 0
 0
 0
 0
 0
 0
 0
 0
 0
 0
 0
 0
 0
 0
 0
 0
 0
 0
 0
 0
 0
 0
 0
 0
 0
 0
 0
 0
 0
 0
 0
 0
 0
 0
 0
 0
 0
 0
 0
 0
 0
 0
 0
 0
 0
 0
 0
 0
 0
 0
 0
 0
 0
 0
 0
 0
 0
 0
 0
 0
 0
 0
 0
 0
 0
 0
 0
 0
 0
 0
 0
 0
 0
 0
 0
 0
 0
 0
 0
 0
 0
 0
 0
 0
 0
 0
 0
 0
 0
 0
 0
 0
 0
 0
 0
 0
 0
 0
 0
 0
 0
 0
 0
 0
 0
 0
 0
 0
 0
 0
 0
 0
 0
 0
 0
 0
 0
 0
 0
 0
 0
 0
 0
 0
 0
 0
 0
 0
 0
 0
 0
 0
 0
 0
 0
 0
 0
 0
 0
 0
 0
 0
 0
 0
 0
 0
 0
 0.97665
 0.84989
 0.96488
 0.94333
 0.90435
 0.89898
 0.9079
 0.90416
 0.93033
 0.91778
 0.92409
 0.90222
 0.89506
 0.9094100000000001
 0.91908
 0.91134
 0.90295
 0.90518
 0.90215
 0.9045299999999999
 0.90712
 0.90116
 0.89776
 0.90777
 0.90546
 0.91178
 0.90605
 0.90413
 0
 0
 0
 0
 0
 0
 0
 0
 0
 0
 0
 0
 0
 0
 0
 0
 0
 0
 0
 0
 0
 0
 0
 0
 0
 0
 0
 0
 0
 0
 0
 0
 0
 0
 0
 0
 0
 0
 0
 0
 0
 0
 0
 0
 0
 0
 0
 0
 0
 0
 0
 0
 0
 0
 0
 0
 0
 0
 0
 0


