# Created by Octave 4.0.0, Sat Nov 21 16:31:38 2015 W. Europe Standard Time <unknown@Florian-PC>
# name: mus
# type: matrix
# ndims: 3
 1 30 19
 0
 0
 0.66184
 0.65865
 0.65854
 0.65686
 0.65517
 0.97596
 0.97585
 0.97
 0.69378
 0.68627
 0.69231
 0.67347
 0.93333
 0.94231
 0.93219
 0.9393899999999999
 0.86124
 0.945
 0.94709
 0.9494899999999999
 0.97585
 0.96701
 0.9575
 0.96635
 0.96296
 0.96429
 0.93455
 0.96111
 0
 0
 1
 1
 1
 1
 1
 0.9
 0.9
 0.9
 1
 1
 1
 1
 0.93333
 0.8666700000000001
 0.8666700000000001
 0.8
 1
 0.95
 0.9
 0.92
 1
 1
 1
 1
 1
 1
 1
 1
 0
 0
 1
 1
 1
 1
 1
 0.89696
 0.9131899999999999
 0.89317
 0.99576
 0.9337800000000001
 0.9835700000000001
 0.98567
 0.9771300000000001
 0.95801
 0.97107
 0.99682
 0.99466
 0.96388
 0.97688
 0.97756
 0.96504
 0.98668
 0.99576
 0.98894
 0.99381
 0.99332
 0.99885
 0.99629
 0
 0
 1
 1
 1
 1
 1
 0.89493
 0.95048
 0.92625
 0.98347
 0.9930600000000001
 0.9926
 0.9936199999999999
 0.96815
 0.99499
 0.99554
 0.99669
 0.9972800000000001
 0.99875
 0.99722
 0.99804
 0.99781
 0.99957
 0.99979
 1
 1
 1
 1
 1
 0
 0
 1
 1
 1
 1
 1
 0.75
 1
 0.9
 1
 1
 1
 1
 0.8
 1
 1
 1
 1
 1
 1
 1
 1
 1
 1
 1
 1
 1
 1
 1
 0
 0
 1
 1
 1
 1
 1
 0.8339299999999999
 1.01091
 0.90198
 1.01742
 1.01364
 1.01387
 1.0192
 0.91665
 1.01709
 1.02473
 1.01496
 1.01014
 1
 1
 1.01389
 1
 1
 1
 1
 1
 1
 1
 1
 0
 0
 1
 1
 1
 1
 1
 0.82121
 0.9529300000000001
 0.8457
 0.9895
 1.00819
 0.9717
 0.99005
 0.99054
 0.99347
 0.98553
 0.98388
 0.97167
 0.96648
 0.97419
 0.98934
 0.96796
 0.98283
 0.97809
 0.96372
 1.00701
 0.9986699999999999
 0.99769
 0.9975000000000001
 0
 0
 1
 1
 1
 1
 1
 0.90634
 0.93076
 0.94973
 0.98595
 0.97965
 0.98063
 0.98267
 0.97897
 0.9736900000000001
 0.98093
 0.9817399999999999
 0.98041
 0.98472
 0.98725
 0.98693
 0.98934
 0.9958900000000001
 0.99758
 1
 0.9997
 1
 1
 1
 0
 0
 1
 1
 1
 1
 1
 1
 1
 1
 1
 1
 1
 1
 1
 1
 1
 1
 1
 1
 1
 1
 1
 1
 1
 1
 1
 1
 1
 1
 0
 0
 1
 1
 1
 1
 1
 1.09302
 0.9695
 0.90689
 1.01827
 1.0079
 1.01803
 0.98591
 0.9514
 0.96557
 1.00237
 1.00938
 0.97478
 1
 1
 1.07855
 1
 1
 1
 1
 1
 1
 1
 1
 0
 0
 1
 1
 1
 1
 1
 0.83752
 0.84489
 0.86137
 0.9948
 1.05228
 0.91986
 1.02188
 1.05938
 1.12127
 1.02156
 1.03472
 0.9846200000000001
 0.9721
 1.02058
 0.96859
 0.97183
 0.97115
 0.98103
 1.03881
 0.98447
 1.05209
 0.99859
 0.99997
 0
 0
 0
 0
 0
 0
 0
 0
 0
 0
 0
 0
 0
 0
 0
 0
 0
 0
 0
 0
 0
 0
 0
 0
 0
 0
 0
 0
 0
 0
 0
 0
 0
 0
 0
 0
 0
 0
 0
 0
 0
 0
 0
 0
 0
 0
 0
 0
 0
 0
 0
 0
 0
 0
 0
 0
 0
 0
 0
 0
 0
 0
 0
 0
 0
 0
 0
 0
 0
 0
 0
 0
 0
 0
 0
 0
 0
 0
 0
 0
 0
 0
 0
 0
 0
 0
 0
 0
 0
 0
 0
 0
 0
 0
 0
 0
 0
 0
 0
 0
 0
 0
 0
 0
 0
 0
 0
 0
 0
 0
 0
 0
 0
 0
 0
 0
 0
 0
 0
 0
 0
 0
 0
 0
 0
 0
 0
 0
 0
 0
 0
 0
 0
 0
 0
 0
 0
 0
 0
 0
 0
 0
 0
 0
 0
 0
 0
 0
 0
 0
 0
 0
 1
 1
 1
 1
 1
 1
 1
 1
 1
 1
 1
 1
 1
 1
 1
 1
 1
 1
 1
 1
 1
 1
 1
 1
 1
 1
 1
 1
 0
 0
 0
 0
 0
 0
 0
 0
 0
 0
 0
 0
 0
 0
 0
 0
 0
 0
 0
 0
 0
 0
 0
 0
 0
 0
 0
 0
 0
 0
 0
 0
 0
 0
 0
 0
 0
 0
 0
 0
 0
 0
 0
 0
 0
 0
 0
 0
 0
 0
 0
 0
 0
 0
 0
 0
 0
 0
 0
 0


# name: vars
# type: matrix
# ndims: 3
 1 30 19
 0
 0
 0.06697
 0.061345
 0.042488
 0.036938
 0.034282
 0.002524
 0.003318
 0.003263
 0.02866
 0.009140000000000001
 0.018935
 0.009195
 0.003704
 0.002905
 0.003486
 0.002132
 0.08436200000000001
 0.001361
 0.000819
 0.003845
 0.00147
 0.000437
 0.001193
 0.00103
 0.001829
 0.00085
 0.009599
 0.001519
 0
 0
 0
 0
 0
 0
 0
 0.05
 0.05
 0.05
 0
 0
 0
 0
 0.022222
 0.088889
 0.088889
 0.075
 0
 0.0125
 0.05
 0.032
 0
 0
 0
 0
 0
 0
 0
 0
 0
 0
 0
 0
 0
 0
 0
 0
 0
 0
 0
 0
 0
 0
 0
 0
 0
 0
 0
 0
 0
 0
 0
 0
 0
 0
 0
 0
 0
 0
 0
 0
 0
 0
 0
 0
 0
 0.025146
 0.009634
 0.015627
 0.003891
 0.0017
 0.001805
 0.001562
 0.005969
 0.000954
 0.001115
 0.000928
 0.000453
 8.899999999999999e-005
 0.000451
 0.000167
 0.000253
 3.2e-005
 1.8e-005
 0
 0
 0
 0
 0
 0
 0
 0
 0
 0
 0
 0
 0
 0
 0
 0
 0
 0
 0
 0
 0
 0
 0
 0
 0
 0
 0
 0
 0
 0
 0
 0
 0
 0
 0
 0
 0
 0
 0
 0
 0
 0
 0
 0
 0
 0
 0
 0
 0
 0
 0
 0
 0
 0
 0
 0
 0
 0
 0
 0
 0
 0
 0
 0
 0
 0
 0
 0
 0
 0
 0
 0
 0
 0
 0
 0
 0
 0
 0
 0
 0
 0
 0
 0
 0
 0
 0
 0
 0
 0
 0
 0
 0
 0
 0
 0
 0
 0
 0
 0
 0
 0
 0.017991
 0.014463
 0.007451
 0.001245
 0.002034
 0.002613
 0.003052
 0.006352
 0.007538
 0.0052
 0.00518
 0.006074
 0.007183
 0.005561
 0.006939
 0.006175
 0.002466
 0.0012
 0
 3.4e-005
 0
 0
 0
 0
 0
 0
 0
 0
 0
 0
 0
 0
 0
 0
 0
 0
 0
 0
 0
 0
 0
 0
 0
 0
 0
 0
 0
 0
 0
 0
 0
 0
 0
 0
 0
 0
 0
 0
 0
 0
 0
 0
 0
 0
 0
 0
 0
 0
 0
 0
 0
 0
 0
 0
 0
 0
 0
 0
 0
 0
 0
 0
 0
 0
 0
 0
 0
 0
 0
 0
 0
 0
 0
 0
 0
 0
 0
 0
 0
 0
 0
 0
 0
 0
 0
 0
 0
 0
 0
 0
 0
 0
 0
 0
 0
 0
 0
 0
 0
 0
 0
 0
 0
 0
 0
 0
 0
 0
 0
 0
 0
 0
 0
 0
 0
 0
 0
 0
 0
 0
 0
 0
 0
 0
 0
 0
 0
 0
 0
 0
 0
 0
 0
 0
 0
 0
 0
 0
 0
 0
 0
 0
 0
 0
 0
 0
 0
 0
 0
 0
 0
 0
 0
 0
 0
 0
 0
 0
 0
 0
 0
 0
 0
 0
 0
 0
 0
 0
 0
 0
 0
 0
 0
 0
 0
 0
 0
 0
 0
 0
 0
 0
 0
 0
 0
 0
 0
 0
 0
 0
 0
 0
 0
 0
 0
 0
 0
 0
 0
 0
 0
 0
 0
 0
 0
 0
 0
 0
 0
 0
 0
 0
 0
 0
 0
 0
 0
 0
 0
 0
 0
 0
 0
 0
 0
 0
 0
 0
 0
 0
 0
 0
 0
 0
 0
 0
 0
 0
 0
 0
 0
 0
 0
 0
 0
 0
 0
 0
 0
 0
 0
 0
 0
 0
 0
 0
 0
 0
 0
 0
 0
 0
 0
 0
 0
 0
 0
 0
 0
 0
 0
 0
 0
 0
 0
 0
 0
 0
 0
 0
 0
 0
 0
 0
 0
 0
 0
 0
 0
 0
 0
 0
 0
 0
 0
 0
 0
 0
 0
 0
 0
 0
 0
 0
 0
 0
 0
 0
 0
 0
 0
 0
 0
 0
 0
 0
 0
 0
 0
 0
 0
 0
 0
 0
 0
 0
 0
 0
 0
 0
 0
 0
 0


