# Created by Octave 4.0.0, Sat Nov 21 16:31:40 2015 W. Europe Standard Time <unknown@Florian-PC>
# name: mus
# type: matrix
# ndims: 3
 1 30 19
 0
 0
 0.80193
 0.95673
 0.89756
 0.98529
 0.92118
 0.98077
 0.97585
 0.9399999999999999
 0.92823
 0.91667
 0.93269
 0.93367
 0.95385
 0.97115
 0.97549
 0.98232
 0.98565
 0.985
 0.98942
 0.99495
 0.99517
 0.99479
 1
 1
 1
 1
 1
 1
 0
 0
 0.66667
 1
 0.8
 0.2
 0.8
 0.9
 0.9
 0.9
 0.7
 0.73333
 0.7
 0.83333
 0.66667
 0.81667
 0.71667
 0.81667
 0.68333
 0.75
 0.71
 0.67
 0.79
 0.78
 0.5600000000000001
 0.73333
 0.78667
 0.71333
 0.72667
 0.83333
 0
 0
 0.67623
 0.8753
 0.75637
 0.71871
 0.7261300000000001
 0.75684
 0.7710399999999999
 0.75263
 0.70949
 0.70978
 0.66877
 0.70126
 0.70647
 0.73478
 0.67284
 0.62326
 0.6607499999999999
 0.69154
 0.60238
 0.61136
 0.62748
 0.67015
 0.60397
 0.68723
 0.68159
 0.68324
 0.70788
 0.71568
 0
 0
 0.27734
 0.78448
 0.71411
 0.58528
 0.59728
 0.60509
 0.66927
 0.60514
 0.62112
 0.63515
 0.6489
 0.61267
 0.55751
 0.59175
 0.59089
 0.60523
 0.6046899999999999
 0.62944
 0.56982
 0.5415
 0.57804
 0.60454
 0.57747
 0.5977
 0.62047
 0.6355
 0.64852
 0.65678
 0
 0
 1
 1
 0.4
 0.16667
 0.71429
 0.875
 0.5555600000000001
 0.8
 0.90909
 0.5
 0.76923
 0.66667
 0.6
 0.66667
 1
 1
 1
 1
 0
 0
 0
 1
 0
 0
 0
 1
 1
 1
 0
 0
 0.9999
 0.57861
 0.55832
 0.4966
 0.61246
 0.58174
 0.6065199999999999
 0.6335
 0.63648
 0.58835
 0.68716
 0.60527
 0.54508
 0.58934
 0.65944
 0.62393
 0.63075
 0.67579
 0.55621
 0.50652
 0.54498
 0.61117
 0.54745
 0.56614
 0.64491
 0.61274
 0.64359
 0.63964
 0
 0
 0.36788
 0.69877
 0.75795
 0.70788
 0.69828
 0.70406
 0.7464
 0.7083
 0.7107599999999999
 0.7376200000000001
 0.75542
 0.73388
 0.7021500000000001
 0.73089
 0.71662
 0.71473
 0.75908
 0.73271
 0.71455
 0.69568
 0.73882
 0.7428900000000001
 0.71327
 0.73537
 0.73885
 0.74696
 0.76678
 0.7886300000000001
 0
 0
 0.27716
 0.73745
 0.67784
 0.6650700000000001
 0.56664
 0.5854200000000001
 0.62781
 0.57131
 0.5934199999999999
 0.60848
 0.61097
 0.60059
 0.55567
 0.57928
 0.59288
 0.60678
 0.6042999999999999
 0.62682
 0.58471
 0.54777
 0.59239
 0.61704
 0.58922
 0.60608
 0.63097
 0.64389
 0.66574
 0.66514
 0
 0
 0.9999
 1
 1
 1
 1
 1
 1
 1
 0.99983
 0.99995
 0.99111
 0.9890099999999999
 0.98289
 0.97506
 0.9748599999999999
 0.96752
 0.967
 0.96349
 0.96465
 0.96688
 0.96173
 0.95949
 0.95987
 0.95743
 0.9428299999999999
 0.95819
 0.94957
 0.95394
 0
 0
 0.99417
 0.59533
 0.6110100000000001
 0.61811
 0.6475
 0.64517
 0.62248
 0.55266
 0.6059600000000001
 0.61678
 0.60164
 0.58223
 0.56129
 0.63204
 0.64693
 0.59393
 0.58494
 0.60564
 0.59438
 0.53507
 0.5697
 0.6611399999999999
 0.57661
 0.58982
 0.67287
 0.69961
 0.64081
 0.65505
 0
 0
 0.36788
 0.6912700000000001
 0.79171
 0.73734
 0.697
 0.72134
 0.73426
 0.69524
 0.69802
 0.74697
 0.70994
 0.68911
 0.68936
 0.69677
 0.69606
 0.74141
 0.72198
 0.74607
 0.70378
 0.70387
 0.72659
 0.72787
 0.77933
 0.70916
 0.72293
 0.72305
 0.73185
 0.76118
 0
 0
 0
 0
 0
 0
 0
 0
 0
 0
 0
 0
 0
 0
 0
 0
 0
 0
 0
 0
 0
 0
 0
 0
 0
 0
 0
 0
 0
 0
 0
 0
 0
 0
 0
 0
 0
 0
 0
 0
 0
 0
 0
 0
 0
 0
 0
 0
 0
 0
 0
 0
 0
 0
 0
 0
 0
 0
 0
 0
 0
 0
 0
 0
 0
 0
 0
 0
 0
 0
 0
 0
 0
 0
 0
 0
 0
 0
 0
 0
 0
 0
 0
 0
 0
 0
 0
 0
 0
 0
 0
 0
 0
 0
 0
 0
 0
 0
 0
 0
 0
 0
 0
 0
 0
 0
 0
 0
 0
 0
 0
 0
 0
 0
 0
 0
 0
 0
 0
 0
 0
 0
 0
 0
 0
 0
 0
 0
 0
 0
 0
 0
 0
 0
 0
 0
 0
 0
 0
 0
 0
 0
 0
 0
 0
 0
 0
 0
 0
 0
 0
 0
 0.99999
 1
 1
 1
 1
 1
 1
 1
 1
 1
 0.99482
 0.9849
 0.98084
 0.97457
 0.97836
 0.96882
 0.97276
 0.9671
 0.9686
 0.96286
 0.96082
 0.96034
 0.95849
 0.95677
 0.9446600000000001
 0.9493
 0.95996
 0.94961
 0
 0
 0
 0
 0
 0
 0
 0
 0
 0
 0
 0
 0
 0
 0
 0
 0
 0
 0
 0
 0
 0
 0
 0
 0
 0
 0
 0
 0
 0
 0
 0
 0
 0
 0
 0
 0
 0
 0
 0
 0
 0
 0
 0
 0
 0
 0
 0
 0
 0
 0
 0
 0
 0
 0
 0
 0
 0
 0
 0


