# Created by Octave 4.0.0, Sat Nov 21 16:31:55 2015 W. Europe Standard Time <unknown@Florian-PC>
# name: mus
# type: matrix
# ndims: 3
 1 30 19
 0
 0
 0.9372
 0.73077
 0.83902
 0.89216
 0.94089
 0.95192
 0.94686
 0.965
 0.96172
 0.97549
 0.95673
 0.95918
 0.96923
 0.96635
 0.98039
 0.97475
 0.98086
 0.98
 0.97884
 0.98485
 0.98551
 0.97396
 0.98
 0.98077
 0.97884
 0.9898
 0.99507
 0.99444
 0
 0
 0.33333
 1
 0.6
 0.6
 0.4
 0.6
 0.4
 0.5
 0.53333
 0.6
 0.76667
 0.8
 0.66667
 0.75
 0.7
 0.6166700000000001
 0.6333299999999999
 0.65
 0.76
 0.73
 0.82
 0.8
 0.84
 0.84667
 0.88667
 0.79333
 0.86
 0.9
 0
 0
 0.56831
 0.84699
 0.66627
 0.69607
 0.65351
 0.63912
 0.58815
 0.76696
 0.8051
 0.79345
 0.81349
 0.7615
 0.7065900000000001
 0.79221
 0.64424
 0.75109
 0.73528
 0.76937
 0.82485
 0.7719200000000001
 0.7996799999999999
 0.80582
 0.81973
 0.8674500000000001
 0.87227
 0.80774
 0.80809
 0.8345399999999999
 0
 0
 0.13289
 0.91727
 0.5521200000000001
 0.67513
 0.54061
 0.59636
 0.70923
 0.73497
 0.70721
 0.78463
 0.79855
 0.83351
 0.70507
 0.7569900000000001
 0.67418
 0.69525
 0.77706
 0.78147
 0.82357
 0.8041700000000001
 0.83682
 0.82348
 0.84954
 0.855
 0.8712800000000001
 0.80432
 0.83106
 0.84628
 0
 0
 0
 1
 0.6
 0.83333
 0.57143
 0.75
 0.66667
 0.8
 0.81818
 0.66667
 0.92308
 0.66667
 0.8
 1
 0.5
 1
 1
 1
 1
 0
 1
 1
 1
 1
 1
 0
 1
 1
 0
 0
 0.01303
 0.84284
 0.66124
 0.84255
 0.61453
 0.6143999999999999
 0.64408
 0.68203
 0.81415
 0.70562
 0.8414
 0.76348
 0.74241
 0.81047
 0.60686
 0.79855
 0.77722
 0.86853
 0.85026
 0.69828
 0.84312
 0.78637
 0.88969
 0.91418
 0.84655
 0.66821
 0.72834
 0.91714
 0
 0
 0.57859
 0.75343
 0.71375
 0.72873
 0.72779
 0.75869
 0.74048
 0.77618
 0.7289
 0.77235
 0.7594
 0.77637
 0.7266
 0.76028
 0.7295199999999999
 0.7506
 0.74814
 0.7653799999999999
 0.75663
 0.77597
 0.7950700000000001
 0.81567
 0.78964
 0.81985
 0.83706
 0.7883599999999999
 0.78789
 0.81031
 0
 0
 0.10977
 0.88296
 0.56762
 0.6754
 0.5747100000000001
 0.61264
 0.6695
 0.68935
 0.64215
 0.69859
 0.7083
 0.75137
 0.63488
 0.66942
 0.62053
 0.65566
 0.70103
 0.69151
 0.71948
 0.70685
 0.74625
 0.70769
 0.75554
 0.75775
 0.77155
 0.71863
 0.75266
 0.75931
 0
 0
 0.91489
 0.9659799999999999
 0.92513
 0.91645
 0.9049
 0.93533
 0.91024
 0.91559
 0.91338
 0.92338
 0.91595
 0.93077
 0.91884
 0.91147
 0.91417
 0.9038
 0.89858
 0.91013
 0.90499
 0.9091
 0.91
 0.90976
 0.90415
 0.90598
 0.9058
 0.91631
 0.89668
 0.8989200000000001
 0
 0
 0.05065
 0.75934
 0.67727
 0.81097
 0.63984
 0.60621
 0.6514799999999999
 0.64483
 0.66947
 0.73587
 0.77934
 0.84288
 0.68669
 0.7623799999999999
 0.61825
 0.71511
 0.77137
 0.8089499999999999
 0.8361
 0.39872
 0.86125
 0.81608
 0.86671
 0.88503
 0.87677
 0.82225
 0.81413
 0.8101
 0
 0
 0.57859
 0.72333
 0.73554
 0.79105
 0.71282
 0.74995
 0.74862
 0.75197
 0.75274
 0.74708
 0.79684
 0.76998
 0.74431
 0.76088
 0.74269
 0.74786
 0.67076
 0.80487
 0.76416
 0.76713
 0.75963
 0.76984
 0.83334
 0.86006
 0.88648
 0.78768
 0.79392
 0.79267
 0
 0
 0
 0
 0
 0
 0
 0
 0
 0
 0
 0
 0
 0
 0
 0
 0
 0
 0
 0
 0
 0
 0
 0
 0
 0
 0
 0
 0
 0
 0
 0
 0
 0
 0
 0
 0
 0
 0
 0
 0
 0
 0
 0
 0
 0
 0
 0
 0
 0
 0
 0
 0
 0
 0
 0
 0
 0
 0
 0
 0
 0
 0
 0
 0
 0
 0
 0
 0
 0
 0
 0
 0
 0
 0
 0
 0
 0
 0
 0
 0
 0
 0
 0
 0
 0
 0
 0
 0
 0
 0
 0
 0
 0
 0
 0
 0
 0
 0
 0
 0
 0
 0
 0
 0
 0
 0
 0
 0
 0
 0
 0
 0
 0
 0
 0
 0
 0
 0
 0
 0
 0
 0
 0
 0
 0
 0
 0
 0
 0
 0
 0
 0
 0
 0
 0
 0
 0
 0
 0
 0
 0
 0
 0
 0
 0
 0
 0
 0
 0
 0
 0
 0.90769
 0.8760599999999999
 0.92966
 0.94718
 0.8976
 0.92276
 0.91525
 0.91172
 0.92402
 0.92202
 0.92419
 0.92025
 0.9184600000000001
 0.9092
 0.90951
 0.91082
 0.90733
 0.90418
 0.90609
 0.91476
 0.89614
 0.9094
 0.90805
 0.89402
 0.90393
 0.8989200000000001
 0.89722
 0.90493
 0
 0
 0
 0
 0
 0
 0
 0
 0
 0
 0
 0
 0
 0
 0
 0
 0
 0
 0
 0
 0
 0
 0
 0
 0
 0
 0
 0
 0
 0
 0
 0
 0
 0
 0
 0
 0
 0
 0
 0
 0
 0
 0
 0
 0
 0
 0
 0
 0
 0
 0
 0
 0
 0
 0
 0
 0
 0
 0
 0


