# Created by Octave 4.0.0, Sat Nov 21 16:31:50 2015 W. Europe Standard Time <unknown@Florian-PC>
# name: mus
# type: matrix
# ndims: 3
 1 30 19
 0
 0
 0.85507
 0.76442
 0.77561
 0.93137
 0.95567
 0.95673
 0.96135
 0.95
 0.93301
 0.94118
 0.9375
 0.90816
 0.94359
 0.95192
 0.97059
 0.97475
 0.98086
 0.965
 0.97884
 0.9697
 0.98068
 0.98785
 0.99
 0.99038
 0.99471
 0.9898
 1
 0.98889
 0
 0
 0.33333
 1
 1
 0.5
 0.7
 0.9
 0.9
 0.9
 0.8
 0.9
 0.93333
 0.8
 0.73333
 0.81667
 0.83333
 0.83333
 0.83333
 0.85
 0.91
 0.91
 0.83
 0.9
 0.92
 0.89333
 0.85333
 0.89333
 0.86
 0.9
 0
 0
 0.63653
 0.89523
 0.88622
 0.81879
 0.80222
 0.76237
 0.81843
 0.85251
 0.8234
 0.88718
 0.85917
 0.83294
 0.75183
 0.78127
 0.7950700000000001
 0.81724
 0.8584000000000001
 0.84594
 0.87455
 0.88636
 0.88805
 0.89413
 0.89894
 0.9040899999999999
 0.89696
 0.9081399999999999
 0.88352
 0.87008
 0
 0
 0.33254
 0.76418
 0.77947
 0.69079
 0.75184
 0.7490599999999999
 0.79204
 0.82489
 0.74663
 0.79427
 0.7986
 0.70235
 0.7109799999999999
 0.73751
 0.73145
 0.75151
 0.76239
 0.7826
 0.79237
 0.81879
 0.81079
 0.81854
 0.8299299999999999
 0.82058
 0.82728
 0.84477
 0.81898
 0.81316
 0
 0
 0.33333
 1
 1
 0.66667
 1
 0.75
 1
 1
 0.72727
 1
 1
 0.88889
 1
 1
 0.5
 0
 1
 1
 1
 1
 0
 1
 1
 1
 1
 1
 1
 1
 0
 0
 0.33333
 0.74455
 0.83612
 0.77124
 0.9693000000000001
 0.77112
 0.8042
 0.81616
 0.73764
 0.84639
 0.89869
 0.75241
 0.71441
 0.77275
 0.71291
 0.6986
 0.8533500000000001
 0.73342
 0.8153899999999999
 0.94163
 0.81462
 0.94597
 0.8217100000000001
 0.91817
 0.92205
 0.94355
 0.87044
 0.79587
 0
 0
 0.57859
 0.81717
 0.7930700000000001
 0.85039
 0.84553
 0.8231000000000001
 0.81555
 0.8553500000000001
 0.8179
 0.7841399999999999
 0.8065
 0.76684
 0.81629
 0.78594
 0.76004
 0.7733
 0.87866
 0.8363699999999999
 0.82037
 0.82799
 0.8456399999999999
 0.9188499999999999
 0.8394200000000001
 0.81252
 0.8735000000000001
 0.897
 0.8618
 0.87509
 0
 0
 0.33327
 0.71061
 0.71152
 0.73534
 0.79611
 0.78266
 0.81932
 0.82769
 0.74082
 0.77012
 0.78549
 0.69961
 0.7121499999999999
 0.7254699999999999
 0.72167
 0.75709
 0.7775
 0.79838
 0.8035099999999999
 0.82705
 0.83383
 0.83914
 0.8483000000000001
 0.84206
 0.85201
 0.85868
 0.8418
 0.83025
 0
 0
 0.99993
 1
 1
 1
 1
 1
 1
 1
 0.9976699999999999
 0.9984
 0.99249
 0.98791
 0.97465
 0.9761
 0.96974
 0.97084
 0.96356
 0.96387
 0.96361
 0.95433
 0.95295
 0.95885
 0.95722
 0.9573700000000001
 0.96195
 0.94841
 0.95486
 0.94565
 0
 0
 0.33333
 0.66972
 0.87216
 0.74387
 0.95081
 0.77737
 0.87005
 0.84131
 0.70006
 0.7387
 0.88839
 0.66927
 0.68753
 0.7242499999999999
 0.76662
 0.73103
 0.74875
 0.78576
 0.7743100000000001
 0.82796
 0.8048999999999999
 0.82097
 0.83301
 0.82326
 0.83049
 0.84965
 0.82779
 0.825
 0
 0
 0.57859
 0.84687
 0.77858
 0.85554
 0.7935
 0.83236
 0.81735
 0.81591
 0.7738
 0.7724
 0.77468
 0.78974
 0.7631
 0.75719
 0.72636
 0.76644
 0.8131699999999999
 0.79742
 0.79281
 0.83049
 0.81817
 0.81027
 0.84893
 0.8637
 0.8293199999999999
 0.8405
 0.83211
 0.82184
 0
 0
 0
 0
 0
 0
 0
 0
 0
 0
 0
 0
 0
 0
 0
 0
 0
 0
 0
 0
 0
 0
 0
 0
 0
 0
 0
 0
 0
 0
 0
 0
 0
 0
 0
 0
 0
 0
 0
 0
 0
 0
 0
 0
 0
 0
 0
 0
 0
 0
 0
 0
 0
 0
 0
 0
 0
 0
 0
 0
 0
 0
 0
 0
 0
 0
 0
 0
 0
 0
 0
 0
 0
 0
 0
 0
 0
 0
 0
 0
 0
 0
 0
 0
 0
 0
 0
 0
 0
 0
 0
 0
 0
 0
 0
 0
 0
 0
 0
 0
 0
 0
 0
 0
 0
 0
 0
 0
 0
 0
 0
 0
 0
 0
 0
 0
 0
 0
 0
 0
 0
 0
 0
 0
 0
 0
 0
 0
 0
 0
 0
 0
 0
 0
 0
 0
 0
 0
 0
 0
 0
 0
 0
 0
 0
 0
 0
 0
 0
 0
 0
 0
 0.99998
 1
 1
 1
 1
 1
 1
 0.99959
 0.99821
 0.99847
 0.9870100000000001
 0.9827
 0.97812
 0.97428
 0.97149
 0.9773500000000001
 0.95596
 0.96153
 0.9699
 0.95775
 0.95012
 0.95603
 0.9617599999999999
 0.95366
 0.95162
 0.94564
 0.95723
 0.9506
 0
 0
 0
 0
 0
 0
 0
 0
 0
 0
 0
 0
 0
 0
 0
 0
 0
 0
 0
 0
 0
 0
 0
 0
 0
 0
 0
 0
 0
 0
 0
 0
 0
 0
 0
 0
 0
 0
 0
 0
 0
 0
 0
 0
 0
 0
 0
 0
 0
 0
 0
 0
 0
 0
 0
 0
 0
 0
 0
 0


