# Created by Octave 4.0.0, Sat Nov 21 16:31:48 2015 W. Europe Standard Time <unknown@Florian-PC>
# name: mus
# type: matrix
# ndims: 3
 1 30 19
 0
 0
 0.32367
 0.81731
 0.96585
 0.96078
 0.92118
 0.95673
 0.98068
 0.97
 0.9760799999999999
 0.97059
 0.97596
 0.97959
 0.97949
 0.97596
 0.98039
 0.9444399999999999
 0.96651
 0.975
 0.97354
 0.9798
 0.97101
 0.97396
 0.99
 0.99519
 0.99471
 0.9949
 0.99507
 0.99444
 0
 0
 1
 0.5
 0.6
 0.5
 0.3
 0.4
 0.4
 0.6
 0.76667
 0.43333
 0.6333299999999999
 0.6333299999999999
 0.8
 0.78333
 0.6
 0.66667
 0.71667
 0.7
 0.82
 0.6899999999999999
 0.65
 0.71
 0.68
 0.62
 0.7533300000000001
 0.77333
 0.78667
 0.76667
 0
 0
 1
 0.67049
 0.80635
 0.79667
 0.73451
 0.67319
 0.75158
 0.77475
 0.65816
 0.70126
 0.72525
 0.72933
 0.7182500000000001
 0.6151799999999999
 0.66595
 0.65482
 0.7006599999999999
 0.67408
 0.70834
 0.80898
 0.7623799999999999
 0.76755
 0.6514
 0.6766799999999999
 0.7466699999999999
 0.70367
 0.72331
 0.76372
 0
 0
 1
 0.85765
 0.67918
 0.67266
 0.64453
 0.57699
 0.6781199999999999
 0.74095
 0.6936
 0.7174199999999999
 0.81516
 0.6736799999999999
 0.69873
 0.79598
 0.7232
 0.73366
 0.78022
 0.7609900000000001
 0.80835
 0.82718
 0.862
 0.77863
 0.74355
 0.74042
 0.80497
 0.8007300000000001
 0.83224
 0.8390300000000001
 0
 0
 1
 0.5
 0.4
 0.5
 0.28571
 0.25
 0.22222
 0.6
 0.72727
 0.58333
 0.84615
 0.77778
 0.8
 0.66667
 0.5
 1
 1
 1
 0
 0
 1
 1
 1
 1
 1
 1
 1
 1
 0
 0
 1
 0.63889
 0.52917
 0.65834
 0.53277
 0.4634
 0.49554
 0.61875
 0.73371
 0.62336
 0.8410300000000001
 0.73201
 0.78979
 0.7272
 0.6321099999999999
 0.86178
 0.88875
 0.7917
 0.52978
 0.38545
 0.85227
 0.79798
 0.84375
 0.99635
 1.00306
 0.85254
 0.82455
 1
 0
 0
 1
 1.00731
 0.90524
 0.903
 0.8087800000000001
 0.79512
 0.77317
 0.78352
 0.73942
 0.74585
 0.80248
 0.6952199999999999
 0.73553
 0.69387
 0.7565
 0.76235
 0.76963
 0.76564
 0.74537
 0.84701
 0.8231000000000001
 0.80146
 0.77376
 0.76981
 0.79677
 0.80644
 0.83258
 0.83287
 0
 0
 1
 0.86766
 0.7766
 0.78149
 0.71251
 0.6454299999999999
 0.71068
 0.76252
 0.68845
 0.7014
 0.81147
 0.6274999999999999
 0.68902
 0.72187
 0.73731
 0.70094
 0.74087
 0.7386200000000001
 0.77446
 0.77933
 0.82634
 0.74886
 0.73787
 0.7163
 0.76413
 0.77133
 0.79862
 0.8145
 0
 0
 1
 1
 1
 1
 1
 1
 1
 1
 1
 1
 1
 1
 1
 1
 1
 1
 1
 1
 1
 1
 1
 1
 1
 1
 1
 1
 1
 1
 0
 0
 1
 0.67157
 0.57667
 0.83558
 0.63393
 0.57542
 0.59756
 0.64231
 0.59681
 0.64549
 0.76614
 0.54645
 0.62823
 0.85644
 0.84008
 0.74917
 0.66791
 0.6464800000000001
 0.74385
 0.86938
 0.96504
 0.84445
 0.97292
 0.7037600000000001
 0.74538
 0.73973
 0.5934
 1
 0
 0
 1
 0.99041
 0.94109
 0.9400500000000001
 0.7349
 0.80805
 0.75507
 0.7977
 0.81854
 0.77081
 0.76817
 0.73578
 0.68532
 0.70965
 0.86026
 0.84373
 0.89774
 0.796
 0.78265
 0.81911
 0.9084
 0.79248
 0.79399
 0.79796
 0.78463
 0.84206
 0.86724
 0.89642
 0
 0
 0
 0
 0
 0
 0
 0
 0
 0
 0
 0
 0
 0
 0
 0
 0
 0
 0
 0
 0
 0
 0
 0
 0
 0
 0
 0
 0
 0
 0
 0
 0
 0
 0
 0
 0
 0
 0
 0
 0
 0
 0
 0
 0
 0
 0
 0
 0
 0
 0
 0
 0
 0
 0
 0
 0
 0
 0
 0
 0
 0
 0
 0
 0
 0
 0
 0
 0
 0
 0
 0
 0
 0
 0
 0
 0
 0
 0
 0
 0
 0
 0
 0
 0
 0
 0
 0
 0
 0
 0
 0
 0
 0
 0
 0
 0
 0
 0
 0
 0
 0
 0
 0
 0
 0
 0
 0
 0
 0
 0
 0
 0
 0
 0
 0
 0
 0
 0
 0
 0
 0
 0
 0
 0
 0
 0
 0
 0
 0
 0
 0
 0
 0
 0
 0
 0
 0
 0
 0
 0
 0
 0
 0
 0
 0
 0
 0
 0
 0
 0
 0
 1
 1
 1
 1
 1
 1
 1
 1
 1
 1
 1
 1
 1
 1
 1
 1
 1
 1
 1
 1
 1
 1
 1
 1
 1
 1
 1
 1
 0
 0
 0
 0
 0
 0
 0
 0
 0
 0
 0
 0
 0
 0
 0
 0
 0
 0
 0
 0
 0
 0
 0
 0
 0
 0
 0
 0
 0
 0
 0
 0
 0
 0
 0
 0
 0
 0
 0
 0
 0
 0
 0
 0
 0
 0
 0
 0
 0
 0
 0
 0
 0
 0
 0
 0
 0
 0
 0
 0


# name: vars
# type: matrix
# ndims: 3
 1 30 19
 0
 0
 0.075069
 0.039498
 0.005805
 0.0102
 0.008142999999999999
 0.007428
 0.001854
 0.002211
 0.001692
 0.001685
 0.003723
 0.001121
 0.001766
 0.001653
 0.000839
 0.004938
 0.001259
 0.001806
 0.00063
 0.001607
 0.001418
 0.001457
 0.000343
 0.000185
 0.000196
 0.000182
 0.00017
 0.000185
 0
 0
 0
 0.33333
 0.3
 0.25
 0.2
 0.3
 0.175
 0.175
 0.10556
 0.008330000000000001
 0.17222
 0.06111
 0.08889
 0.10972
 0.20625
 0.07292
 0.05764
 0.04375
 0.03075
 0.038
 0.055
 0.0505
 0.052
 0.052
 0.03422
 0.04967
 0.05256
 0.03611
 0
 0
 0
 0
 0
 0
 0
 0
 0
 0
 0
 0
 0
 0
 0
 0
 0
 0
 0
 0
 0
 0
 0
 0
 0
 0
 0
 0
 0
 0
 0
 0
 0
 0.066235
 0.067524
 0.054498
 0.060764
 0.06417
 0.061712
 0.053344
 0.060551
 0.053947
 0.038408
 0.047046
 0.049934
 0.034899
 0.042572
 0.038544
 0.036787
 0.036222
 0.027132
 0.026746
 0.023457
 0.036061
 0.035848
 0.034432
 0.026857
 0.026738
 0.025116
 0.021652
 0
 0
 0
 0
 0
 0
 0
 0
 0
 0
 0
 0
 0
 0
 0
 0
 0
 0
 0
 0
 0
 0
 0
 0
 0
 0
 0
 0
 0
 0
 0
 0
 0
 0
 0
 0
 0
 0
 0
 0
 0
 0
 0
 0
 0
 0
 0
 0
 0
 0
 0
 0
 0
 0
 0
 0
 0
 0
 0
 0
 0
 0
 0
 0
 0
 0
 0
 0
 0
 0
 0
 0
 0
 0
 0
 0
 0
 0
 0
 0
 0
 0
 0
 0
 0
 0
 0
 0
 0
 0
 0
 0
 0
 0.054831
 0.030349
 0.058476
 0.035125
 0.038667
 0.038175
 0.043951
 0.042428
 0.051482
 0.031481
 0.042367
 0.041209
 0.047296
 0.040607
 0.045307
 0.042753
 0.047864
 0.032466
 0.036348
 0.03259
 0.034537
 0.03496
 0.038278
 0.034834
 0.035843
 0.028876
 0.029889
 0
 0
 0
 0
 0
 0
 0
 0
 0
 0
 0
 0
 0
 0
 0
 0
 0
 0
 0
 0
 0
 0
 0
 0
 0
 0
 0
 0
 0
 0
 0
 0
 0
 0
 0
 0
 0
 0
 0
 0
 0
 0
 0
 0
 0
 0
 0
 0
 0
 0
 0
 0
 0
 0
 0
 0
 0
 0
 0
 0
 0
 0
 0
 0
 0
 0
 0
 0
 0
 0
 0
 0
 0
 0
 0
 0
 0
 0
 0
 0
 0
 0
 0
 0
 0
 0
 0
 0
 0
 0
 0
 0
 0
 0
 0
 0
 0
 0
 0
 0
 0
 0
 0
 0
 0
 0
 0
 0
 0
 0
 0
 0
 0
 0
 0
 0
 0
 0
 0
 0
 0
 0
 0
 0
 0
 0
 0
 0
 0
 0
 0
 0
 0
 0
 0
 0
 0
 0
 0
 0
 0
 0
 0
 0
 0
 0
 0
 0
 0
 0
 0
 0
 0
 0
 0
 0
 0
 0
 0
 0
 0
 0
 0
 0
 0
 0
 0
 0
 0
 0
 0
 0
 0
 0
 0
 0
 0
 0
 0
 0
 0
 0
 0
 0
 0
 0
 0
 0
 0
 0
 0
 0
 0
 0
 0
 0
 0
 0
 0
 0
 0
 0
 0
 0
 0
 0
 0
 0
 0
 0
 0
 0
 0
 0
 0
 0
 0
 0
 0
 0
 0
 0
 0
 0
 0
 0
 0
 0
 0
 0
 0
 0
 0
 0
 0
 0
 0
 0
 0
 0
 0
 0
 0
 0
 0
 0
 0
 0
 0
 0
 0
 0
 0
 0
 0
 0
 0
 0
 0
 0
 0
 0
 0
 0
 0
 0
 0
 0
 0
 0
 0
 0
 0
 0
 0
 0
 0
 0
 0
 0
 0
 0
 0
 0
 0
 0
 0
 0
 0
 0
 0
 0
 0
 0
 0
 0
 0
 0
 0
 0
 0
 0
 0
 0
 0
 0
 0
 0
 0
 0
 0
 0
 0
 0
 0
 0
 0
 0
 0
 0
 0
 0
 0
 0
 0
 0
 0
 0
 0
 0


