# Created by Octave 4.0.0, Sat Nov 21 16:31:31 2015 W. Europe Standard Time <unknown@Florian-PC>
# name: mus
# type: matrix
# ndims: 3
 1 30 19
 0
 0
 0.66184
 0.65865
 0.65854
 0.93137
 0.81281
 0.80769
 0.82609
 0.82
 0.8325399999999999
 0.93627
 0.94712
 0.95408
 0.96923
 0.97596
 0.98529
 0.98485
 0.98565
 0.985
 0.9841299999999999
 0.98485
 0.9533
 0.98438
 0.985
 0.98558
 0.97884
 0.97959
 0.9802999999999999
 0.97778
 0
 0
 1
 1
 1
 0.6
 0.8
 0.6
 0.9
 0.7
 0.9
 1
 0.93333
 0.8
 0.8666700000000001
 0.9
 1
 1
 0.95
 0.95
 0.9
 0.92
 0.9
 0.92
 0.92
 0.92
 0.96667
 0.96
 0.96667
 0.96667
 0
 0
 1
 1
 1
 0.7168600000000001
 0.86197
 0.85301
 0.8315399999999999
 0.8484
 0.90518
 0.96207
 0.92791
 0.97206
 0.95007
 0.95695
 0.9387799999999999
 0.95989
 0.9668099999999999
 0.96062
 0.97593
 0.95673
 0.95818
 0.9734699999999999
 0.95705
 0.97549
 0.96336
 0.96451
 0.97595
 0.97739
 0
 0
 1
 1
 1
 0.713
 0.7644
 0.77615
 0.79156
 0.80384
 0.81471
 0.88884
 0.89048
 0.90399
 0.91606
 0.92204
 0.92321
 0.92416
 0.93245
 0.91538
 0.92382
 0.9268
 0.93106
 0.93238
 0.93532
 0.93771
 0.93567
 0.93588
 0.94147
 0.9392
 0
 0
 1
 1
 1
 0.66667
 1
 0.875
 0.88889
 0.8
 1
 1
 1
 1
 1
 1
 1
 1
 1
 1
 1
 1
 1
 1
 1
 1
 1
 1
 1
 1
 0
 0
 1
 1
 1
 0.70651
 0.80082
 0.89437
 0.8741100000000001
 0.87708
 0.87842
 0.84645
 0.97921
 0.83297
 0.86649
 0.89128
 0.95085
 0.90008
 0.98062
 0.94733
 0.94158
 0.94968
 0.93081
 0.9364
 0.91908
 0.96632
 0.98946
 0.98899
 0.99092
 0.94608
 0
 0
 1
 1
 1
 0.80704
 0.77506
 0.86156
 0.929
 0.92519
 0.84419
 0.88334
 0.85199
 0.88195
 0.88305
 0.85986
 0.8708
 0.88354
 0.91778
 0.90077
 0.90527
 0.9183
 0.93815
 0.95043
 0.93227
 0.93826
 0.94164
 0.95194
 0.94812
 0.92653
 0
 0
 1
 1
 1
 0.6871
 0.71916
 0.77523
 0.80246
 0.83543
 0.84058
 0.89009
 0.90785
 0.91479
 0.92477
 0.9341
 0.92235
 0.92867
 0.94411
 0.92799
 0.9341
 0.93796
 0.93811
 0.93814
 0.9454
 0.94818
 0.94546
 0.9438299999999999
 0.94929
 0.95111
 0
 0
 0.99964
 1
 1
 1
 1
 1
 1
 1
 1
 0.99876
 0.99239
 0.9828
 0.982
 0.98144
 0.97819
 0.97026
 0.97171
 0.96433
 0.96744
 0.9703000000000001
 0.96026
 0.96391
 0.9519300000000001
 0.9504899999999999
 0.9511500000000001
 0.95178
 0.95021
 0.95306
 0
 0
 1
 1
 1
 0.68167
 0.74244
 0.89805
 0.70512
 0.7786999999999999
 0.82839
 0.8807199999999999
 0.92711
 0.98534
 0.98317
 0.9190700000000001
 0.91531
 0.92259
 0.94438
 0.9645899999999999
 0.95888
 0.95946
 0.94359
 0.94939
 0.94065
 0.95686
 0.94957
 0.9426099999999999
 0.94593
 0.94746
 0
 0
 1
 1
 1
 0.84058
 0.78556
 0.84402
 0.84137
 0.81448
 0.79753
 0.8573
 0.8262699999999999
 0.84607
 0.8718900000000001
 0.92688
 0.93606
 0.97159
 0.92479
 0.907
 0.91293
 0.93443
 0.92733
 0.96802
 0.97081
 0.93782
 0.94457
 0.98612
 0.93157
 0.94182
 0
 0
 0
 0
 0
 0
 0
 0
 0
 0
 0
 0
 0
 0
 0
 0
 0
 0
 0
 0
 0
 0
 0
 0
 0
 0
 0
 0
 0
 0
 0
 0
 0
 0
 0
 0
 0
 0
 0
 0
 0
 0
 0
 0
 0
 0
 0
 0
 0
 0
 0
 0
 0
 0
 0
 0
 0
 0
 0
 0
 0
 0
 0
 0
 0
 0
 0
 0
 0
 0
 0
 0
 0
 0
 0
 0
 0
 0
 0
 0
 0
 0
 0
 0
 0
 0
 0
 0
 0
 0
 0
 0
 0
 0
 0
 0
 0
 0
 0
 0
 0
 0
 0
 0
 0
 0
 0
 0
 0
 0
 0
 0
 0
 0
 0
 0
 0
 0
 0
 0
 0
 0
 0
 0
 0
 0
 0
 0
 0
 0
 0
 0
 0
 0
 0
 0
 0
 0
 0
 0
 0
 0
 0
 0
 0
 0
 0
 0
 0
 0
 0
 0
 0.99999
 1
 1
 1
 1
 0.99984
 1
 1
 1
 0.99512
 0.9942800000000001
 0.98552
 0.98243
 0.98046
 0.97343
 0.9755
 0.97001
 0.9625
 0.96669
 0.96758
 0.96274
 0.95712
 0.95761
 0.9595900000000001
 0.95457
 0.95388
 0.94064
 0.9526
 0
 0
 0
 0
 0
 0
 0
 0
 0
 0
 0
 0
 0
 0
 0
 0
 0
 0
 0
 0
 0
 0
 0
 0
 0
 0
 0
 0
 0
 0
 0
 0
 0
 0
 0
 0
 0
 0
 0
 0
 0
 0
 0
 0
 0
 0
 0
 0
 0
 0
 0
 0
 0
 0
 0
 0
 0
 0
 0
 0


# name: vars
# type: matrix
# ndims: 3
 1 30 19
 0
 0
 0.080042
 0.066247
 0.048488
 0.008616
 0.022017
 0.020288
 0.022252
 0.015368
 0.016771
 0.0048
 0.002934
 0.002046
 0.001937
 0.001653
 0.000708
 0.001291
 0.000604
 0.001139
 0.000567
 0.000517
 0.011908
 0.000961
 0.000886
 0.000396
 0.001764
 0.00079
 0.000736
 0.000741
 0
 0
 0
 0
 0
 0.3
 0.2
 0.3
 0.05
 0.2
 0.05
 0
 0.02222
 0.2
 0.08889
 0.05
 0
 0
 0.0125
 0.0125
 0.05
 0.032
 0.05
 0.032
 0.032
 0.032
 0.00556
 0.008
 0.00556
 0.00556
 0
 0
 0
 0
 0
 0
 0
 0
 0
 0
 0
 0
 0
 0
 0
 0
 0
 0
 0
 0
 0
 0
 0
 0
 0
 0
 0
 0
 0
 0
 0
 0
 0
 0
 0
 0.01722
 0.014584
 0.013372
 0.012515
 0.008841999999999999
 0.009592
 0.006217
 0.0048
 0.004168
 0.003114
 0.003012
 0.00302
 0.003026
 0.002627
 0.00267
 0.002455
 0.002241
 0.001888
 0.001701
 0.001667
 0.001485
 0.00155
 0.001426
 0.001368
 0.00138
 0
 0
 1.0548e-008
 1.0554e-012
 1.0356e-017
 1.3806e-025
 5.3926e-033
 2.0739e-031
 1.0641e-029
 2.1478e-030
 2.1763e-028
 5.2494e-028
 1.5419e-027
 5.2493e-018
 7.887799999999999e-006
 1.0866e-006
 2.8099e-009
 0.0005793
 5.1244e-008
 1.0551e-009
 0.00016158
 5.3219e-007
 1.5771e-008
 0.00017469
 2.8592e-008
 1.4378e-010
 2.5245e-005
 1.8335e-007
 0.00012568
 8.9253e-011
 0
 0
 0
 0
 0
 0
 0
 0
 0
 0
 0
 0
 0
 0
 0
 0
 0
 0
 0
 0
 0
 0
 0
 0
 0
 0
 0
 0
 0
 0
 0
 0
 0
 0
 0
 0
 0
 0
 0
 0
 0
 0
 0
 0
 0
 0
 0
 0
 0
 0
 0
 0
 0
 0
 0
 0
 0
 0
 0
 0
 0
 0
 0
 0
 0
 0.01351
 0.016829
 0.018578
 0.018335
 0.01413
 0.013066
 0.009953999999999999
 0.008765999999999999
 0.005779
 0.004949
 0.003647
 0.003932
 0.0035
 0.002882
 0.002687
 0.002683
 0.001955
 0.002875
 0.00322
 0.001463
 0.001335
 0.001399
 0.001812
 0.001127
 0.002327
 0
 0
 1e-006
 0
 0
 0
 0
 0
 0
 0
 0
 0.000108
 0.00182
 0.005175
 0.005279
 0.00493
 0.004285
 0.006824
 0.006312
 0.007355
 0.007551
 0.00662
 0.009538
 0.007018
 0.011221
 0.01323
 0.011861
 0.010023
 0.010091
 0.01237
 0
 0
 0
 0
 0
 0
 0
 0
 0
 0
 0
 0
 0
 0
 0
 0
 0
 0
 0
 0
 0
 0
 0
 0
 0
 0
 0
 0
 0
 0
 0
 0
 0
 0
 0
 0
 0
 0
 0
 0
 0
 0
 0
 0
 0
 0
 0
 0
 0
 0
 0
 0
 0
 0
 0
 0
 0
 0
 0
 0
 0
 0
 0
 0
 0
 0
 0
 0
 0
 0
 0
 0
 0
 0
 0
 0
 0
 0
 0
 0
 0
 0
 0
 0
 0
 0
 0
 0
 0
 0
 0
 0
 0
 0
 0
 0
 0
 0
 0
 0
 0
 0
 0
 0
 0
 0
 0
 0
 0
 0
 0
 0
 0
 0
 0
 0
 0
 0
 0
 0
 0
 0
 0
 0
 0
 0
 0
 0
 0
 0
 0
 0
 0
 0
 0
 0
 0
 0
 0
 0
 0
 0
 0
 0
 0
 0
 0
 0
 0
 0
 0
 0
 0
 0
 0
 0
 0
 0
 0
 0
 0
 0
 0
 0
 0
 0
 0
 0
 0
 0
 0
 0
 0
 0
 0
 0
 0
 0
 0
 0
 0
 0
 0
 0
 0
 0
 0
 0
 0
 0
 0
 0
 0
 0
 0
 0
 0
 0
 0
 0
 0
 0
 0
 0
 0
 0
 0
 0
 0
 0
 0
 0
 0
 0
 0
 0
 0
 2e-006
 0
 0
 0
 0.001551
 0.001221
 0.003293
 0.005754
 0.003334
 0.005217
 0.004494
 0.007543
 0.010041
 0.007728
 0.006868
 0.008193000000000001
 0.010544
 0.008279
 0.00893
 0.011568
 0.011033
 0.013164
 0.010773
 0
 0
 0
 0
 0
 0
 0
 0
 0
 0
 0
 0
 0
 0
 0
 0
 0
 0
 0
 0
 0
 0
 0
 0
 0
 0
 0
 0
 0
 0
 0
 0
 0
 0
 0
 0
 0
 0
 0
 0
 0
 0
 0
 0
 0
 0
 0
 0
 0
 0
 0
 0
 0
 0
 0
 0
 0
 0
 0
 0


