# Created by Octave 4.0.0, Wed Nov 18 00:24:01 2015 W. Europe Standard Time <unknown@Florian-PC>
# name: mus
# type: matrix
# ndims: 3
 15 12 19
 0
 0
 0
 0
 0
 0
 0
 0
 0
 0
 0
 0
 0
 0
 0
 0
 0
 0
 0
 0
 0
 0
 0
 0
 0
 0
 0
 0
 0
 0
 0.6473429951690821
 0.323671497584541
 0.6618357487922705
 0.6618357487922704
 0.42512077294686
 0.685990338164251
 0.9710144927536232
 0.6618357487922703
 0.6618357487922706
 0.9082125603864732
 0.7342995169082125
 0.6618357487922705
 0.9130434782608693
 0.6618357487922705
 0.9613526570048306
 0.8557692307692307
 0.7403846153846154
 0.5096153846153846
 0.6634615384615384
 0.5192307692307693
 0.8990384615384616
 0.5336538461538461
 0.6586538461538461
 0.6634615384615384
 0.9663461538461539
 0.9182692307692307
 0.9375
 0.4759615384615384
 0.6634615384615384
 0.6875
 0.7658536585365857
 0.8487804878048781
 0.9317073170731708
 0.6585365853658538
 0.6634146341463415
 0.9365853658536585
 0.926829268292683
 0.8780487804878049
 0.6585365853658539
 0.7024390243902443
 0.9121951219512194
 0.9512195121951219
 0.4926829268292682
 0.6585365853658539
 0.6878048780487807
 0.7352941176470588
 0.8627450980392154
 0.6764705882352942
 0.9019607843137254
 0.9509803921568626
 0.8872549019607842
 0.9754901960784311
 0.9362745098039214
 0.6568627450980393
 0.6911764705882353
 0.8970588235294116
 0.9509803921568626
 0.6323529411764705
 0.6568627450980393
 0.7107843137254901
 0.7142857142857144
 0.935960591133005
 0.8768472906403942
 0.8965517241379313
 0.8916256157635469
 0.9507389162561577
 0.975369458128079
 0.9704433497536947
 0.6551724137931033
 0.6896551724137931
 0.9655172413793105
 0.9556650246305419
 0.6748768472906403
 0.6551724137931035
 0.7044334975369458
 0.7067307692307693
 0.9278846153846154
 0.8942307692307693
 0.8990384615384616
 0.6057692307692307
 0.9519230769230769
 0.9663461538461539
 0.6971153846153846
 0.6490384615384616
 0.6875
 0.9759615384615384
 0.9519230769230769
 0.7019230769230769
 0.6634615384615384
 0.9423076923076923
 0.9468599033816425
 0.9033816425120775
 0.9130434782608697
 0.8985507246376813
 0.5990338164251208
 0.9468599033816425
 0.9806763285024155
 0.710144927536232
 0.642512077294686
 0.7004830917874397
 0.9758454106280194
 0.9516908212560387
 0.9710144927536233
 0.9468599033816425
 0.9613526570048311
 0.945
 0.95
 0.925
 0.785
 0.9600000000000002
 0.9500000000000002
 0.97
 0.9700000000000001
 0.65
 0.6849999999999998
 0.9650000000000001
 0.9549999999999998
 0.97
 0.9550000000000001
 0.9700000000000001
 0.9569377990430621
 0.9521531100478466
 0.9569377990430623
 0.7942583732057416
 0.9617224880382773
 0.9521531100478469
 0.9712918660287081
 0.9712918660287081
 0.6650717703349281
 0.6985645933014354
 0.9665071770334926
 0.9282296650717702
 0.9760765550239233
 0.6889952153110046
 0.9712918660287082
 0.946078431372549
 0.9558823529411765
 0.9411764705882352
 0.7892156862745097
 0.9607843137254901
 0.9411764705882352
 0.9411764705882353
 0.9705882352941174
 0.6470588235294118
 0.676470588235294
 0.9656862745098038
 0.9705882352941176
 0.9656862745098038
 0.6568627450980392
 0.9558823529411765
 0
 0
 0
 0
 0
 0
 0
 0
 0
 0
 0
 0
 0
 0
 0
 0
 0
 0
 0
 0
 0
 0
 0
 0
 0
 0
 0
 0
 0
 0
 0
 0
 0
 0
 0
 0
 0
 0
 0
 0
 0
 0
 0
 0
 0
 0
 0
 0
 0
 0
 0
 0
 0
 0
 0
 0
 0
 0
 0
 0
 0
 0
 0
 0
 0
 0
 0
 0
 0
 0
 0
 0
 0
 0
 0
 0
 0
 0
 0
 0
 0
 0
 0
 0
 0
 0
 0
 0
 0
 0
 0
 0
 0
 0
 0
 0
 0
 0
 0
 0
 0
 0
 0
 0
 0
 0
 0
 0
 0
 0
 0
 0
 0
 0
 0
 0
 0
 0
 0
 0
 0
 0
 0
 0
 0
 0
 0
 0
 0
 0
 0
 0
 0
 0
 0
 0
 0
 0
 0
 0
 0
 0
 0
 0
 0
 0
 0
 0
 0
 0
 0
 0
 0
 0
 0
 0
 0
 0
 0
 0
 0
 0
 0
 0
 0
 0
 0
 0
 0
 0
 0
 0
 0
 0
 0
 0
 0
 0
 0
 0
 0
 0
 0
 0
 0
 0
 0
 0
 0
 0
 0
 0
 0
 0
 0
 0
 0
 0
 0
 0
 0
 0
 0
 0
 0
 0
 0
 0
 0
 0
 0
 0
 0
 0
 0
 0
 0
 0
 0
 0
 0
 0
 0
 0
 0
 0
 0
 0
 0
 0
 0
 0
 0
 0
 0
 0
 0
 0
 0
 0
 0
 0
 0
 0
 0
 0
 0
 0
 0
 0
 0
 0
 0
 0
 0
 0
 0
 0
 0
 0
 0
 0
 0
 0
 0
 0
 0
 0
 0
 0
 0
 0
 0
 0
 0
 0
 0
 0
 0
 0
 0
 0
 0
 0
 0
 0
 0
 0
 0
 0
 0
 0
 0
 0
 0
 0
 0
 0
 0
 0
 0
 0
 0
 0
 0
 0
 0
 0
 0
 0
 0
 0
 0
 0
 0
 0
 0
 0
 0
 0
 0
 0
 0
 0
 0
 0
 0
 0
 0
 0
 0
 0
 0
 0
 0
 0
 0
 0
 0
 0
 0
 0
 0
 0
 0
 0
 0
 0
 0
 0
 0
 0
 0
 0
 0
 0
 0
 0
 0
 0
 0
 0
 0
 0
 0
 0
 0
 0
 0
 0
 0
 0
 0
 0
 0
 0
 0
 0
 0
 0
 0
 0
 0
 0
 0
 0
 0
 0
 0
 0
 0
 0
 0
 0
 0
 0
 0
 0
 0
 0
 0
 0
 0
 0
 0
 0
 0
 0
 0
 0
 0
 0
 0
 0
 0
 0
 0
 0
 0
 0
 0
 0
 0
 0
 0
 0
 0
 0
 0
 0
 0
 0
 0
 0
 0
 0
 0
 0
 0
 0
 0
 0
 0
 0
 0
 0
 0
 0
 0
 0
 0
 0
 0
 0
 0
 0
 0
 0
 0
 0
 0
 0
 0
 0
 0
 0
 0
 0
 0
 0
 0
 0
 0
 0
 0
 0
 0
 0
 0
 0
 0
 0
 0
 0
 0
 0
 0
 0
 0
 0
 0
 0
 0
 0
 0
 0
 0
 0
 0
 0
 0
 0
 0
 0
 0
 0
 0
 0
 0
 0
 0
 0
 0
 0
 0
 0
 0
 0
 0
 0
 0
 0
 0
 0
 0
 0
 0
 0
 0
 0
 0
 0
 0
 0
 0
 0
 0
 0
 0
 0
 0
 0
 0
 0
 0
 0
 0
 0
 0
 0
 0
 0
 0
 0
 0
 0
 0
 0
 0
 0
 0
 0
 0
 0
 0
 0
 0
 0
 0
 0
 0.3333333333333333
 1
 1
 1
 0.6666666666666666
 0.6666666666666666
 0.3333333333333333
 1
 1
 1
 1
 1
 0.6666666666666666
 1
 0.6666666666666666
 1
 0.25
 0.5
 1
 1
 1
 1
 1
 1
 0
 1
 0.25
 1
 1
 1
 0.6
 0.4
 0.6
 1
 1
 1
 0.2
 0.8
 1
 0.6
 1
 0.8
 1
 1
 0.8
 1
 1
 0.6666666666666666
 0.8333333333333334
 1
 0.5
 1
 1
 1
 0.5
 0.8333333333333334
 0.8333333333333334
 0.8333333333333334
 1
 0.5
 1
 0
 0.5714285714285714
 1
 0.8571428571428571
 0.8571428571428571
 0.8571428571428571
 1
 1
 0.8571428571428571
 0.7142857142857143
 0.8571428571428571
 0.5714285714285714
 1
 0.8571428571428571
 1
 0.25
 0.125
 1
 0.625
 0.625
 0.625
 1
 1
 0.625
 0.5
 0.75
 0.875
 1
 0.75
 0.8888888888888888
 0.5555555555555556
 0.6666666666666666
 0.8888888888888888
 0.6666666666666666
 0.8888888888888888
 0.7777777777777778
 1
 1
 0.8888888888888888
 1
 0.8888888888888888
 0.6666666666666666
 0.8888888888888888
 0.8888888888888888
 0.9
 0.9
 0.8
 1
 1
 0.8
 1
 0.9
 1
 0.7
 1
 1
 0.8
 0.9
 0.8
 0.9090909090909091
 0.9090909090909091
 0.6363636363636364
 1
 0.7272727272727273
 0.8181818181818182
 0.8181818181818182
 1
 1
 0.5454545454545454
 1
 1
 0.8181818181818182
 1
 0.9090909090909091
 0.9166666666666666
 1
 0.8333333333333334
 1
 0.8333333333333334
 0.8333333333333334
 0.8333333333333334
 1
 1
 1
 1
 1
 0.9166666666666666
 1
 0.8333333333333334
 0
 0
 0
 0
 0
 0
 0
 0
 0
 0
 0
 0
 0
 0
 0
 0
 0
 0
 0
 0
 0
 0
 0
 0
 0
 0
 0
 0
 0
 0
 0.4624206172914796
 0.9999999999715178
 0.99999999998925
 0.9999999999889592
 0.7065940867711931
 0.7078389861203797
 0.4166607454753226
 0.999999999974861
 0.9999999999918541
 0.9965422833948372
 0.9977716366388983
 0.9999999999842356
 0.7101375812272597
 0.9999999999760533
 0.6814698293689324
 0.8618920955985995
 0.555247980021689
 0.6291705274596784
 0.9999999989927939
 0.8163149744853705
 0.7750881496878897
 0.9996537193105244
 0.9999999997078111
 0.9999999999996723
 0.3607600155648936
 0.8520362368891451
 0.4257540134769985
 0.696680846088397
 0.9999999995470781
 0.6515530797294633
 0.7006751278054815
 0.4955744393067238
 0.694382296104909
 0.9999999999994476
 0.6947232138949818
 0.674583168422791
 0.4583211128006485
 0.658119025989754
 0.9999999999989853
