# Created by Octave 4.0.0, Tue Nov 17 17:12:16 2015 W. Europe Standard Time <unknown@Florian-PC>
# name: mus
# type: matrix
# ndims: 3
 10 12 19
 0
 0
 0
 0
 0
 0
 0
 0
 0
 0
 0
 0
 0
 0
 0
 0
 0
 0
 0
 0
 0.5689223057644107
 0.5939849624060152
 0.6641604010025062
 0.694235588972431
 0.5764411027568925
 0.6441102756892236
 0.4987468671679194
 0.6215538847117796
 0.5814536340852128
 0.7393483709273182
 0.4974747474747475
 0.702020202020202
 0.6464646464646465
 0.6868686868686869
 0.5959595959595959
 0.6717171717171717
 0.5808080808080808
 0.6085858585858586
 0.6742424242424242
 0.6742424242424242
 0.6278481012658229
 0.5265822784810127
 0.6151898734177215
 0.6379746835443036
 0.5493670886075951
 0.5721518987341773
 0.6632911392405061
 0.4683544303797467
 0.6987341772151896
 0.6329113924050633
 0.6578282828282827
 0.523989898989899
 0.6792929292929293
 0.4646464646464645
 0.5896464646464645
 0.5820707070707071
 0.6679292929292932
 0.5366161616161613
 0.691919191919192
 0.636363636363636
 0.6691729323308271
 0.681704260651629
 0.6766917293233083
 0.5764411027568923
 0.5914786967418546
 0.6967418546365916
 0.6115288220551379
 0.5864661654135339
 0.5989974937343362
 0.6892230576441103
 0.7755102040816326
 0.6811224489795918
 0.6989795918367347
 0.5688775510204082
 0.5892857142857143
 0.7066326530612245
 0.6428571428571429
 0.701530612244898
 0.6403061224489796
 0.6785714285714286
 0.6654040404040408
 0.6912878787878791
 0.714646464646465
 0.6609848484848487
 0.5827020202020203
 0.7146464646464651
 0.7417929292929295
 0.7222222222222225
 0.7108585858585861
 0.6155303030303031
 0.6358974358974361
 0.6846153846153847
 0.7102564102564103
 0.6871794871794872
 0.5256410256410254
 0.7333333333333335
 0.7307692307692307
 0.635897435897436
 0.7205128205128207
 0.6205128205128202
 0.6704545454545454
 0.6837121212121211
 0.6755050505050503
 0.6325757575757575
 0.5732323232323232
 0.7638888888888887
 0.5643939393939396
 0.7178030303030299
 0.7859848484848482
 0.6281565656565656
 0.6944444444444444
 0.7702020202020201
 0.755050505050505
 0.6212121212121212
 0.601010101010101
 0.6944444444444446
 0.6212121212121213
 0.7752525252525251
 0.8131313131313131
 0.6515151515151514
 0
 0
 0
 0
 0
 0
 0
 0
 0
 0
 0
 0
 0
 0
 0
 0
 0
 0
 0
 0
 0
 0
 0
 0
 0
 0
 0
 0
 0
 0
 0
 0
 0
 0
 0
 0
 0
 0
 0
 0
 0
 0
 0
 0
 0
 0
 0
 0
 0
 0
 0
 0
 0
 0
 0
 0
 0
 0
 0
 0
 0
 0
 0
 0
 0
 0
 0
 0
 0
 0
 0
 0
 0
 0
 0
 0
 0
 0
 0
 0
 0
 0
 0
 0
 0
 0
 0
 0
 0
 0
 0
 0
 0
 0
 0
 0
 0
 0
 0
 0
 0
 0
 0
 0
 0
 0
 0
 0
 0
 0
 0
 0
 0
 0
 0
 0
 0
 0
 0
 0
 0
 0
 0
 0
 0
 0
 0
 0
 0
 0
 0
 0
 0
 0
 0
 0
 0
 0
 0
 0
 0
 0
 0
 0
 0
 0
 0
 0
 0
 0
 0
 0
 0
 0
 0
 0
 0
 0
 0
 0
 0
 0
 0
 0
 0
 0
 0
 0
 0
 0
 0
 0
 0
 0
 0
 0
 0
 0
 0
 0
 0
 0
 0
 0
 0
 0
 0
 0
 0
 0
 0
 0
 0
 0
 0
 0
 0
 0
 0
 0
 0
 0
 0
 0
 0
 0
 0
 0
 0
 0
 0
 0
 0
 0
 0
 0
 0
 0
 0
 0
 0
 0
 0
 0
 0
 0
 0
 0
 0
 0
 0
 0
 0
 0
 0
 0
 0
 0
 0
 0
 0
 0
 0
 0
 0
 0
 0
 0
 0
 0
 0
 0
 0
 0
 0
 0
 0
 0
 0
 0
 0
 0
 0
 0
 0
 0
 0
 0
 0
 0
 0
 0
 0
 0
 0
 0
 0
 0
 0
 0
 0
 0
 0
 0
 0
 0
 0
 0
 0
 0
 0
 0
 0
 0
 0
 0
 0
 0
 0
 0
 0
 0
 0
 0
 0
 0
 0
 0
 0
 0
 0
 0
 0
 0
 0
 0
 0
 0
 0
 0
 0
 0
 0
 0
 0
 0
 0
 0
 0
 0
 0
 0
 0
 0
 0
 0
 0
 0
 0
 0
 0
 0
 0
 0
 0
 0
 0
 0
 0
 0
 0
 0
 0
 0
 0
 0
 0
 0
 0
 0
 0
 0
 0
 0
 0
 0
 0
 0
 0
 0
 0
 0
 0
 0
 0
 0
 0
 0
 0
 0
 0
 1
 0.6666666666666666
 1
 0
 0.6666666666666666
 1
 0.6666666666666666
 0.3333333333333333
 0.6666666666666666
 0.25
 0.25
 0.5
 0.75
 0.25
 0.75
 0.5
 1
 0
 0.5
 0
 1
 0.2
 0.2
 1
 0.4
 0.4
 0
 0.6
 0.8
 0.3333333333333333
 1
 0.3333333333333333
 0
 0.3333333333333333
 0.5
 0.6666666666666666
 0.5
 0.6666666666666666
 0.6666666666666666
 0.2857142857142857
 0.7142857142857143
 0.4285714285714285
 0.1428571428571428
 0.2857142857142857
 0.8571428571428571
 0.8571428571428571
 0.7142857142857143
 0.2857142857142857
 0.8571428571428571
 0
 0.625
 0.375
 0
 0.625
 1
 0.625
 0.625
 0
 1
 0.5555555555555556
 0.7777777777777778
 0.8888888888888888
 0
 0.8888888888888888
 0.3333333333333333
 0.6666666666666666
 0.8888888888888888
 0.3333333333333333
 0.5555555555555556
 0.4
 1
 0.8
 0
 0.5
 0.7
 0.8
 0.9
 0.5
 0.7
 0.5454545454545454
 0.9090909090909091
 0.7272727272727273
 0.2727272727272727
 0.6363636363636364
 0.2727272727272727
 0.9090909090909091
 0.5454545454545454
 0.3636363636363636
 0.7272727272727273
 0.6666666666666666
 0.5833333333333334
 0.4166666666666667
 0.3333333333333333
 0.8333333333333334
 0.5833333333333334
 0.75
 0.9166666666666666
 0.5
 0.6666666666666666
 0
 0
 0
 0
 0
 0
 0
 0
 0
 0
 0
 0
 0
 0
 0
 0
 0
 0
 0
 0
 0.2500374964229296
 1.400029997004208
 0.8333333333370616
 1.30005999413765
 0.1666916641805525
 0.9999999999915423
 1.000000000010923
 0.8000599943877598
 0.4000299976533927
 0.8333333333784139
 0.3333333332746385
 0.4167082876796042
 0.5641409917215739
 0.948737162233239
 0.3750312227357127
 0.750000000668407
 0.5833354164786388
 1.166666667192565
 0.08333541648014398
 0.625031143972702
 0.07500262444897596
 1.199999999195517
 0.3750061237158955
 0.5000104979201916
 1.190027941124802
 0.4250008748160964
 0.5000034992654406
 0.2750096229815025
 0.720013970901678
 0.8999999995456165
 0.3414962202362938
 1.160997480168145
 0.4000029988918198
 0.1500067475056221
 0.4333378316716166
 0.5500022491699066
 0.7000000000043576
 0.5609974803451696
 0.721994960641222
 0.7666711650018816
 0.2514199133228547
 0.7142857143207832
 0.5119093426304908
 0.2381004732117514
 0.4881063627126185
 0.9863477640557766
 0.9453910536610766
 0.7514199129535241
 0.3333359508899441
 0.9166699386119034
 0.04464575659203619
 0.6785749079009956
 0.4553623618551435
 0.08929151316594185
 0.6785714286083833
 1.092474904582185
 0.705362361846784
 0.6538270305607593
 0.1607247236929313
 1.125000000018485
 0.4625272706079577
 0.8672573001628798
 0.8839480539687836
 0.06944964712742679
 0.9148952378281934
 0.3958380157341599
 0.7638961726353605
 0.9690528164961109
 0.3611131921776127
 0.5972253438228362
 0.4277801355727717
 1.013119324544633
 0.8521419686215425
 0.08889643382224519
 0.5555555557584781
 0.716532914208697
 0.8500042440233634
 0.9387551347161295
 0.5444444445384191
 0.753259046510561
 0.6000000025972637
 0.8758195770989983
 0.8000000023977297
 0.2900562964905635
 0.6403933961419608
 0.400012069589285
 0.9090909106267998
 0.6090969438864394
 0.4227328764628961
 0.7636363642890844
 0.6818181833777232
 0.6060629872696102
 0.5151618337220429
 0.3333333345805334
 0.8309427797495985
 0.6199113986076044
 0.7878827565583504
 0.9547563461708282
 0.5151515162231983
 0.7190466083947133
 0
 0
 0
 0
 0
 0
 0
 0
 0
 0
 0
 0
 0
 0
 0
 0
 0
 0
 0
 0
 0
 0
 0
 0
 0
 0
 0
 0
 0
 0
 0
 0
 0
 0
 0
 0
 0
 0
 0
 0
 0
 0
 0
 0
 0
 0
 0
 0
 0
 0
 0
 0
 0
 0
 0
 0
 0
 0
 0
 0
 0
 0
 0
 0
 0
 0
 0
 0
 0
 0
 0
 0
 0
 0
 0
 0
 0
 0
 0
 0
 0
 0
 0
 0
 0
 0
 0
 0
 0
 0
 0
 0
 0
 0
 0
 0
 0
 0
 0
 0
 0
 0
 0
 0
 0
 0
 0
 0
 0
 0
 0
 0
 0
 0
 0
 0
 0
 0
 0
 0
 0
 0
 0
 0
 0
 0
 0
 0
 0
 0
 0
 0
 0
 0
 0
 0
 0
 0
 0
 0
 0
 0
 0
 0
 0
 0
 0
 0
 0
 0
 0
 0
 0
 0
 0
 0
 0
 0
 0
 0
 0
 0
 0
 0
 0
 0
 0
 0
 0
 0
 0
 0
 0
 0
 0
