# Created by Octave 3.8.2, Sun Nov 15 21:33:21 2015 CET <dkottke@snake4>
# name: mus
# type: matrix
# ndims: 3
 1 30 19
 0
 0
 0.5563909774436091
 0.4790969899665552
 0.6728033472803341
 0.7889447236180898
 0.8228905597326649
 0.8431208053691275
 0.8688387635756044
 0.8689075630252103
 0.8698915763135943
 0.8981481481481484
 0.8996655518394642
 0.9243697478991598
 0.9248945147679321
 0.9265202702702703
 0.9254621848739489
 0.9288720538720531
 0.9298245614035083
 0.9271186440677969
 0.9289891395154547
 0.9403759820426484
 0.9406354515050168
 0.9294217687074826
 0.9217021276595753
 0.9230769230769229
 0.9204545454545454
 0.934948979591837
 0.9324871932104899
 0.9333333333333333
 0
 0
 0.6666666666666666
 0.5
 0.6
 0.8
 0.8
 0.9
 0.9
 0.9
 0.9
 0.8333333333333333
 0.8333333333333334
 0.8
 0.7999999999999999
 0.7999999999999999
 0.85
 0.8166666666666668
 0.85
 0.85
 0.86
 0.8099999999999999
 0.8800000000000001
 0.82
 0.8800000000000001
 0.8933333333333333
 0.8866666666666667
 0.8266666666666668
 0.9
 0.9
 0
 0
 0.5191718696066698
 0.5404637406846078
 0.6323124628663132
 0.7677924477772645
 0.795614352645433
 0.8535587372047175
 0.9033939108006671
 0.9105855214139551
 0.9418449085877727
 0.8799873967595495
 0.8812309821446163
 0.8415484465869748
 0.8119155191907934
 0.8311248313358803
 0.8917217617365336
 0.8669519319580375
 0.8984593642008729
 0.8998361488674063
 0.9034268622303936
 0.8434373781386086
 0.8834251916416291
 0.882496653216038
 0.8700421901890885
 0.8820612469340068
 0.8843084894603364
 0.8943917322248363
 0.8812710479399444
 0.9169882625064065
 0
 0
 0.6505440491539266
 0.7367731407140425
 0.6520424429274773
 0.683079623795727
 0.7842802269355466
 0.8142608720934238
 0.7944562917365945
 0.8300000701599157
 0.8564130447149528
 0.7737983043455151
 0.8089711853890137
 0.7358435337776372
 0.7588607232460521
 0.7825164267445702
 0.7885361218657523
 0.7965555290879185
 0.8046955520783413
 0.811436127078773
 0.8298610560267525
 0.7886612738075294
 0.8025417096182872
 0.7955152705097288
 0.8087386852722794
 0.8166331328614757
 0.8243729445875426
 0.8260532413313952
 0.8342083805077284
 0.8419052214076526
 0
 0
 0.6270887497900748
 0.5560138725377586
 0.7203135303711952
 0.7087190382085685
 0.763168651030361
 0.7836507133399044
 0.8060338514273268
 0.8270410376779403
 0.8357455220561829
 0.7797629249994407
 0.7934742771646295
 0.7261990810618622
 0.7613356264348603
 0.7788256814190085
 0.7920089683992791
 0.7919792889901061
 0.7995471174002859
 0.8209778762852189
 0.8240873719468612
 0.7850995692379644
 0.7951388189770826
 0.7937809962648025
 0.8040384137470866
 0.8133798481605551
 0.8264454584822827
 0.8288789408294611
 0.8309226285534254
 0.8377735605406617
 0
 0
 0.4166641627843323
 0.4999999999999489
 0.6248918825326826
 0.7219202499663968
 0.7175591167413922
 0.7945674807767403
 0.7286384815685975
 0.7807127761861066
 0.8151637295616753
 0.7897573456354781
 0.787590197200902
 0.7223488755355221
 0.8207571127433615
 0.7646048043488245
 0.8073074649094505
 0.8051127685058296
 0.7988062593864553
 0.7786960032949364
 0.8012830330999493
 0.7848734299989906
 0.8060360415429232
 0.7968363552831564
 0.7795295228684848
 0.8072794040136682
 0.8394292941600179
 0.8338964936278749
 0.8249711438513453
 0.8582671175726835
 0
 0
 0.3678794411714423
 0.901135575697235
 0.7664556106537818
 0.785630765329151
 0.8181779058160337
 0.8622802108644143
 0.8441542876025628
 0.823116500312669
 0.8864971280295254
 0.840339672758226
 0.8497380190014511
 0.8278805492156062
 0.8240103032919963
 0.8007831847868506
 0.853795623935066
 0.8431263221200849
 0.8651157400426461
 0.8146611109761731
 0.865086797568383
 0.8496256152180737
 0.8693207183483127
 0.841823045578439
 0.9007022080331065
 0.8693966012592347
 0.8995040701128934
 0.8911888853889558
 0.8687282962524546
 0.9656905134917694
 0
 0
 0.6132580857836888
 0.7202374707844096
 0.6535511176192098
 0.6520265180720783
 0.7166543094358948
 0.7799204723521129
 0.7765057143648021
 0.8317796654811284
 0.8625273430922753
 0.7939235355104044
 0.8126470148264567
 0.7507278139074892
 0.7745576697770549
 0.7994561298380578
 0.8114299908515608
 0.8146388582622026
 0.8341857985580576
 0.848287332143678
 0.8600709091994859
 0.8192404330197279
 0.8348322092944142
 0.8255982430432551
 0.8313142281387631
 0.8415658951434153
 0.8514268150195853
 0.8571072759612538
 0.8614077515714145
 0.8654903543574447
 0
 0
 0.6300355861409126
 0.582231564822158
 0.6941346070898041
 0.6411158183965623
 0.7127053114590434
 0.7414494077808388
 0.8112130019972993
 0.8037036408647896
 0.8485420326086931
 0.7851062343492106
 0.8210094789447028
 0.7504928008119066
 0.7925108842005131
 0.8096215499378071
 0.8158751882986813
 0.8147427871399109
 0.83491769841258
 0.8583169269680182
 0.856847340163967
 0.8192509086918416
 0.8302462959697391
 0.8232230955282694
 0.8331108000632468
 0.8386180694566117
 0.8522116420066506
 0.8544925668959213
 0.8562233202709831
 0.8663241942030256
 0
 0
 0.4166608618360532
 0.4999999999021074
 0.6447112848642838
 0.6506742355280468
 0.686897486764667
 0.8155366407843684
 0.7860707331942883
 0.7728539406431243
 0.8227747412616461
 0.7695520160861047
 0.8095805807488181
 0.7718220006359577
 0.7708847651948562
 0.8093336814729776
 0.8000775033451812
 0.8643475710771537
 0.834125624890611
 0.8430892189458007
 0.8574532666724948
 0.8168605275518115
 0.8323889842942434
 0.8278244005622015
 0.8416881665472845
 0.8392001370213713
 0.8481689583849921
 0.8783668005641513
 0.8548503450223291
 0.8774035557081948
 0
 0
 0.3678794411714423
 0.8820375757956723
 0.8586595875419025
 0.8312881203755385
 0.8730207055280754
 0.8471013985241327
 0.8050095750272963
 0.7716063825405521
 0.8500053439010095
 0.8663518221742539
 0.8256425353703791
 0.7769734970736032
 0.8071197850019149
 0.8128569080908388
 0.8633586144536606
 0.8406934742153432
 0.8576796556584996
 0.9285370387060298
 0.8861099356041482
 0.8349247847099207
 0.8052506748113724
 0.842051098290114
 0.8297147098592059
 0.8423047856087487
 0.8419893877442907
 0.8631014046241989
 0.8693410103666321
 0.8835479662657377
 0
 0
 0
 0
 0
 0
 0
 0
 0
 0
 0
 0
 0
 0
 0
 0
 0
 0
 0
 0
 0
 0
 0
 0
 0
 0
 0
 0
 0
 0
 0
 0
 0
 0
 0
 0
 0
 0
 0
 0
 0
 0
 0
 0
 0
 0
 0
 0
 0
 0
 0
 0
 0
 0
 0
 0
 0
 0
 0
 0
 0
 0
 0
 0
 0
 0
 0
 0
 0
 0
 0
 0
 0
 0
 0
 0
 0
 0
 0
 0
 0
 0
 0
 0
 0
 0
 0
 0
 0
 0
 0
 0
 0
 0
 0
 0
 0
 0
 0
 0
 0
 0
 0
 0
 0
 0
 0
 0
 0
 0
 0
 0
 0
 0
 0
 0
 0
 0
 0
 0
 0
 0
 0
 0
 0
 0
 0
 0
 0
 0
 0
 0
 0
 0
 0
 0
 0
 0
 0
 0
 0
 0
 0
 0
 0
 0
 0
 0
 0
 0
 0
 0
 0.3959042496995362
 0.5971362012921002
 0.6610692766447173
 0.6342119941801309
 0.7085179883109201
 0.7337211035279182
 0.8119289891315692
 0.8128652522581273
 0.8483170224955554
 0.7897073204539782
 0.8194019643276106
 0.7477180538609809
 0.7914968582444016
 0.8083132793860581
 0.816631259417355
 0.8106355563460522
 0.8362263160682185
 0.8547423606234097
 0.8538396683160947
 0.8157708041377749
 0.8307314224866886
 0.823473339850003
 0.8318222986345765
 0.8381254070435136
 0.8492522636683536
 0.8531548436763343
 0.8532277259691977
 0.8650944212011478
 0
 0
 0
 0
 0
 0
 0
 0
 0
 0
 0
 0
 0
 0
 0
 0
 0
 0
 0
 0
 0
 0
 0
 0
 0
 0
 0
 0
 0
 0
 0
 0
 0
 0
 0
 0
 0
 0
 0
 0
 0
 0
 0
 0
 0
 0
 0
 0
 0
 0
 0
 0
 0
 0
 0
 0
 0
 0
 0
 0


