# Created by Octave 3.8.2, Sun Nov 15 23:57:39 2015 CET <dkottke@snake3>
# name: mus
# type: matrix
# ndims: 3
 1 30 19
 0
 0
 0.8086883876357562
 0.5627090301003345
 0.6451882845188283
 0.7604690117252931
 0.8471177944862159
 0.9026845637583892
 0.9448621553884703
 0.8848739495798325
 0.9207673060884061
 0.8661616161616157
 0.8453177257525072
 0.883697478991597
 0.9063291139240497
 0.9298986486486487
 0.9025210084033606
 0.9301346801346795
 0.9387357282094116
 0.9440677966101695
 0.9289891395154549
 0.9403759820426482
 0.9523411371237459
 0.95578231292517
 0.9429787234042556
 0.9464882943143812
 0.9461279461279459
 0.9481292517006802
 0.9461732548359966
 0.9384615384615381
 0
 0
 0.6666666666666666
 0.75
 1
 1
 0.6
 0.8
 0.8
 0.7
 0.8
 0.8333333333333333
 0.8666666666666666
 0.6666666666666666
 0.7333333333333332
 0.4833333333333333
 0.7499999999999999
 0.6666666666666667
 0.6333333333333333
 0.7
 0.53
 0.5700000000000001
 0.72
 0.62
 0.7200000000000001
 0.6533333333333333
 0.7
 0.5866666666666667
 0.5866666666666667
 0.5666666666666667
 0
 0
 0.6174007143932414
 0.8900659897689465
 0.8648727790909967
 0.8473450351128313
 0.819845640733861
 0.8472375316164319
 0.8997035379992022
 0.7659904415283457
 0.8177313700380423
 0.7757149567312778
 0.7602092712807177
 0.6611535631001191
 0.766829768039992
 0.7438277058167326
 0.7638755070659401
 0.720835941181178
 0.6934119580054277
 0.6447071526047136
 0.6946381599424102
 0.64449637110703
 0.6759612783756286
 0.6349480618389447
 0.6786864959330072
 0.6418168839185255
 0.6300097423656186
 0.6602612755034956
 0.6358007913671221
 0.6295598192492226
 0
 0
 0.6685277610827873
 0.751008913621162
 0.7354627160121681
 0.7712238175429843
 0.7622108385704349
 0.8008692437875733
 0.8125538124214787
 0.7939632870863959
 0.7215701583381487
 0.7083338662184777
 0.7022206814168752
 0.6577645011587047
 0.6468139681698862
 0.6384186888591732
 0.624943352953591
 0.6270000175373678
 0.6263085921968795
 0.6161651872553424
 0.6197468937323964
 0.6042597391389638
 0.598845046988681
 0.5969901989906343
 0.5900538639404636
 0.5878002275272556
 0.5884763172910455
 0.6030796723300816
 0.5925974419643536
 0.5850558661931282
 0
 0
 0.4925897766459371
 0.6288929904470906
 0.7279464038953242
 0.8070357553889156
 0.7990230942669272
 0.7901498705756625
 0.8372078705330065
 0.8138553792844234
 0.7237801846951637
 0.700863623987109
 0.710662499378732
 0.654157054319903
 0.6567868416392241
 0.6331523770326937
 0.6237445683987772
 0.612515960817991
 0.627457327092057
 0.6140246907098629
 0.6217528545111595
 0.6051774291694945
 0.5968796741436229
 0.6049915907692266
 0.5890827098063717
 0.5908449655609996
 0.5947127540674196
 0.5988236422550349
 0.5941836216934721
 0.5897131192776083
 0
 0
 0.7958598160110728
 0.3333201576955365
 0.7696969302333886
 0.8976867775194382
 0.718326514148907
 0.8545844166885873
 0.79607282886854
 0.7849050668536443
 0.7383403478678026
 0.6962139482434275
 0.7218462042739212
 0.6452623194888619
 0.6623405955527538
 0.6245262928748164
 0.6445196746518594
 0.5634791860304402
 0.7095347576653226
 0.5670684927782044
 0.6013050415601597
 0.6132566606065357
 0.5854279487564878
 0.5873575600532279
 0.5963229930188052
 0.5948882867051853
 0.5820354292569385
 0.5823332081610204
 0.5805154443692166
 0.5677639914311262
 0
 0
 1
 0.7412151703018108
 0.9368394995893163
 0.8436269685135985
 0.8616961519467623
 0.8342512789919597
 0.8466140784488031
 0.8009352011696971
 0.8019442866155782
 0.7599025770330415
 0.7801381812569069
 0.7467050305088772
 0.8105276208272428
 0.745289979862199
 0.7370375962101929
 0.6936272318234578
 0.6914757086673676
 0.7211868082157734
 0.7142804368320036
 0.7035427469439829
 0.6970644029315585
 0.7082795743731031
 0.6845512696279034
 0.7129188091904592
 0.6895722585923443
 0.6618298451041024
 0.727966409195032
 0.6385922082882106
 0
 0
 0.6598235385918543
 0.793261529783704
 0.6886401663651615
 0.7427486789712459
 0.755183263810092
 0.7687225406398581
 0.7866537737776321
 0.7585668094668594
 0.7441488358939301
 0.7268770469263649
 0.7176114320314771
 0.69041368321504
 0.6714333108756662
 0.6512822553392271
 0.6319158156328781
 0.6399774829665654
 0.6375342008719611
 0.6321932738806885
 0.6323852805724764
 0.6220181411239033
 0.6169258269914342
 0.6070710336252493
 0.6023499872598788
 0.5951402993001192
 0.5961290772750643
 0.6109970431395395
 0.5996615151717327
 0.595222202725368
 0
 0
 0.4815091472620374
 0.6655387011264887
 0.6607040536975799
 0.7551487705808583
 0.8086675341929658
 0.7645140311925407
 0.8194680288927109
 0.7900403074519938
 0.7344710438687716
 0.7148809692409754
 0.7093031505587076
 0.685800533343125
 0.6793199055304643
 0.6516223469303595
 0.6364489849177354
 0.615812165400774
 0.6361815486488187
 0.6310533324691353
 0.630366873266227
 0.6137324060446473
 0.6066068313741568
 0.6177572407202031
 0.6006773188712097
 0.594485067538707
 0.6022806825936415
 0.6007314335243837
 0.6045410608555867
 0.5995039765868438
 0
 0
 0.813546110009046
 0.3577036693246818
 0.7052094394081625
 0.7049566785294493
 0.7520787193704715
 0.7542691425006839
 0.7877964169006952
 0.7338505743206787
 0.7922093884686614
 0.7098336113425621
 0.7062845915365968
 0.6754159575771089
 0.6663161061107441
 0.6388111663988963
 0.6268873627256033
 0.634423365780233
 0.632317705428165
 0.6179867065768463
 0.6272918033894859
 0.6096533313031952
 0.6069347008605688
 0.5984642501168079
 0.5922507658606739
 0.5912993217202309
 0.581055226306714
 0.599330435059701
 0.5895599189839263
 0.5869048323929635
 0
 0
 1
 0.6489077783529394
 0.8138246945735818
 0.9451121402684933
 0.8288984001199828
 0.819221280221781
 0.811805382187734
 0.7838124991087645
 0.770300643614632
 0.7171990006756799
 0.7479396039348298
 0.7486494043594958
 0.7336569975240688
 0.7356809667877598
 0.7131387096335321
 0.7781501663947891
 0.689251014242254
 0.703727351255375
 0.6667661269433054
 0.6769463253673441
 0.6945790293803359
 0.6607870245128251
 0.6611138034201487
 0.6637648852286162
 0.6939220450196176
 0.6580211567765679
 0.7442424409603875
 0.6384459016499535
 0
 0
 0
 0
 0
 0
 0
 0
 0
 0
 0
 0
 0
 0
 0
 0
 0
 0
 0
 0
 0
 0
 0
 0
 0
 0
 0
 0
 0
 0
 0
 0
 0
 0
 0
 0
 0
 0
 0
 0
 0
 0
 0
 0
 0
 0
 0
 0
 0
 0
 0
 0
 0
 0
 0
 0
 0
 0
 0
 0
 0
 0
 0
 0
 0
 0
 0
 0
 0
 0
 0
 0
 0
 0
 0
 0
 0
 0
 0
 0
 0
 0
 0
 0
 0
 0
 0
 0
 0
 0
 0
 0
 0
 0
 0
 0
 0
 0
 0
 0
 0
 0
 0
 0
 0
 0
 0
 0
 0
 0
 0
 0
 0
 0
 0
 0
 0
 0
 0
 0
 0
 0
 0
 0
 0
 0
 0
 0
 0
 0
 0
 0
 0
 0
 0
 0
 0
 0
 0
 0
 0
 0
 0
 0
 0
 0
 0
 0
 0
 0
 0
 0
 0.4240654500697456
 0.5552074909092765
 0.6543468928781051
 0.7285280522495864
 0.8090514191460348
 0.7535846816135594
 0.8247726336953486
 0.7921036474378795
 0.7356560600984435
 0.7158394035923821
 0.710675158523681
 0.6732905454362942
 0.6768697271943143
 0.6496890563876662
 0.6354254129429437
 0.6125897627636018
 0.6377435664608366
 0.6333497674777826
 0.631308772261674
 0.615398964497917
 0.6077286146887609
 0.6156830499344501
 0.5996786767025868
 0.5954974953879179
 0.6021117854420363
 0.5992928894705674
 0.6027204364505663
 0.5981849204486255
 0
 0
 0
 0
 0
 0
 0
 0
 0
 0
 0
 0
 0
 0
 0
 0
 0
 0
 0
 0
 0
 0
 0
 0
 0
 0
 0
 0
 0
 0
 0
 0
 0
 0
 0
 0
 0
 0
 0
 0
 0
 0
 0
 0
 0
 0
 0
 0
 0
 0
 0
 0
 0
 0
 0
 0
 0
 0
 0
 0


