# Created by Octave 3.8.2, Mon Nov 16 00:03:43 2015 CET <dkottke@snake1>
# name: mus
# type: matrix
# ndims: 3
 1 30 19
 0
 0
 0.4962406015037593
 0.6414141414141414
 0.4683544303797471
 0.6376262626262629
 0.6892230576441103
 0.7244897959183674
 0.7335858585858591
 0.7000000000000001
 0.7026515151515151
 0.7323232323232324
 0.7294871794871798
 0.7366071428571429
 0.717948717948718
 0.7317708333333334
 0.7323103154305202
 0.7424242424242425
 0.681704260651629
 0.7315789473684211
 0.6967418546365916
 0.7146464646464646
 0.7232168229610683
 0.7291666666666667
 0.7306666666666666
 0.7271794871794871
 0.7312409812409812
 0.725765306122449
 0.7285203552070117
 0.7384615384615386
 0
 0
 0.6666666666666666
 0.25
 0.8
 0.3
 0.5
 0.5
 0.4
 0.6
 0.5666666666666667
 0.3666666666666666
 0.5333333333333333
 0.5666666666666667
 0.7999999999999999
 0.5
 0.65
 0.6666666666666667
 0.55
 0.7
 0.67
 0.7300000000000001
 0.7699999999999999
 0.6699999999999999
 0.7200000000000001
 0.7666666666666668
 0.6333333333333333
 0.78
 0.7666666666666666
 0.8333333333333334
 0
 0
 0.5259095808785818
 0.5808765859941085
 0.7283236394321926
 0.7054404198656041
 0.6237034940238784
 0.6773569719396043
 0.3873150773707884
 0.5789685112629477
 0.6340610004951386
 0.6687688271738358
 0.4821625582559058
 0.6448386352552764
 0.5539192617888166
 0.6482616508468286
 0.5547479923898764
 0.4867218660647447
 0.5004786102747386
 0.5606122410837635
 0.4926719876838499
 0.5686386292158414
 0.5742594410398967
 0.582574774417602
 0.5561269147141517
 0.5556064135981843
 0.5808452063109431
 0.6253800598084759
 0.5677728766494847
 0.6128042830912442
 0
 0
 0.691544216357395
 0.4672036951332154
 0.4986218734257946
 0.4060701049142136
 0.4825601828688389
 0.4346770534729149
 0.4988293713205541
 0.4928391151983497
 0.4620351764065749
 0.4581831476925747
 0.5134912628751305
 0.5066124944756164
 0.5004389483870079
 0.4854434610668816
 0.4842237221479569
 0.4945687795849733
 0.4953592936889082
 0.499762006475656
 0.5007186334004081
 0.5094122205980961
 0.5076140043775327
 0.5101435578725958
 0.5229325134136142
 0.5122297637890556
 0.5317975063108408
 0.5196244776767615
 0.5210034859823913
 0.5403009268081954
 0
 0
 0.7281920798539169
 0.4267540318041118
 0.4615854572437874
 0.3630358243327934
 0.4787874128275798
 0.5067705751013363
 0.496942291003992
 0.4722918844104603
 0.4702440350326814
 0.4685744470507573
 0.5047298946994258
 0.4991308359204417
 0.4898451239508423
 0.5033274232456151
 0.4756522434592847
 0.48714757554595
 0.4897444027477446
 0.4988875037498178
 0.5106820614637096
 0.5123093242857654
 0.5113501191764181
 0.5160945854506218
 0.5266138204331838
 0.5192946630300047
 0.5287598019702084
 0.5212877880888671
 0.5264915422303248
 0.5476332314497055
 0
 0
 0.9529955201110257
 0.3055511640860119
 0.6034954288585563
 0.4565767484802536
 0.4836989258032889
 0.4548852476939068
 0.4968253968253968
 0.4928394331035819
 0.4485512692067701
 0.4747949692724354
 0.5239150631938909
 0.4815970029112631
 0.4806053170199446
 0.4872466978319165
 0.4913086683225987
 0.5468961282959196
 0.5042596068258188
 0.4665208497772368
 0.5172081991845559
 0.5265261612175414
 0.5536431064321201
 0.5215924252964501
 0.5534226577911204
 0.5562323353783025
 0.5682570135390335
 0.5199750513244731
 0.4892446038165345
 0.5169669500389358
 0
 0
 0.5785862941142949
 0.6915106721103308
 0.5961493809351973
 0.6062126029925272
 0.687136012758732
 0.6586866064720174
 0.6330005915072682
 0.6452871394118719
 0.6638149804389646
 0.6515146172433807
 0.7266291593213708
 0.6640501533037412
 0.6189605500480693
 0.7189171247013751
 0.680017556805519
 0.6686901691011743
 0.6254798926839363
 0.6870854632979199
 0.6743475199107634
 0.6830684719507284
 0.6460959171960718
 0.6822432328644581
 0.6727393477006691
 0.6781374174719328
 0.6767172995914394
 0.6405358436443819
 0.6455881849156055
 0.6747061624406246
 0
 0
 0.6579566746579535
 0.4799775394333283
 0.4253328633494439
 0.4051345069210901
 0.5513720774675759
 0.5189384127614358
 0.5202757157786524
 0.4914058913751789
 0.4995600736992323
 0.4999461753042069
 0.5015454691394791
 0.5054142417079874
 0.4948260163684328
 0.5038728158751495
 0.4996764871609072
 0.5088311580703117
 0.5097901172456645
 0.5145554187043775
 0.5131886395442474
 0.5158370658941163
 0.5137125709640394
 0.5234422224439044
 0.5367123214811923
 0.5241681697068507
 0.5333715977220396
 0.5261151484285124
 0.5288833130466692
 0.5436697760052914
 0
 0
 0.715946397440378
 0.4341084728414257
 0.4269343344868875
 0.3936442709184463
 0.5469747878239177
 0.5723979757019033
 0.497271722759368
 0.4825724252693868
 0.4974084696545254
 0.4751198447841549
 0.4881640746838022
 0.4898584366031157
 0.4891699534936825
 0.5190585278067057
 0.4903702009699786
 0.5014981297938496
 0.512187646634601
 0.5035280762991287
 0.5224755602338561
 0.5207361145871358
 0.512313893180082
 0.5286983862692937
 0.5343274881744495
 0.5248571791989408
 0.5338560276529321
 0.5282038926378084
 0.5284381420751511
 0.5488450937468873
 0
 0
 0.9805133389477977
 0.3136790420581492
 0.5487194927721027
 0.4465517945927596
 0.5572503345559291
 0.6233033331509531
 0.4966780589730915
 0.5060537709083972
 0.4704861580489931
 0.4827762985121321
 0.4951584456106568
 0.4911271716600128
 0.4896945878792173
 0.505391255052732
 0.485727208770608
 0.5004570243619927
 0.4930909613448337
 0.4989667545796009
 0.5086429800161623
 0.5065526275469613
 0.5016474171791236
 0.5088762031888177
 0.5194830388374226
 0.5295147888983514
 0.5239712202174512
 0.5156011476103883
 0.5186056886255883
 0.5364190825796894
 0
 0
 0.5785862941142949
 0.7291143646220264
 0.5871692854426916
 0.6103062566343234
 0.6445936593369834
 0.6364030227815665
 0.6505496968322001
 0.6445143454497779
 0.6437431650412564
 0.6439457889644262
 0.6702667431267229
 0.6562643959565519
 0.656996398306127
 0.714220671642221
 0.6329149094670086
 0.6572790067969804
 0.6257837564405399
 0.6541430077933843
 0.6482162954989995
 0.6270477651108057
 0.6200493722466909
 0.6517160139638851
 0.6568446476471679
 0.6272860504098313
 0.6508617565577685
 0.6375781863343079
 0.6242772959326395
 0.6635457892919324
 0
 0
 0
 0
 0
 0
 0
 0
 0
 0
 0
 0
 0
 0
 0
 0
 0
 0
 0
 0
 0
 0
 0
 0
 0
 0
 0
 0
 0
 0
 0
 0
 0
 0
 0
 0
 0
 0
 0
 0
 0
 0
 0
 0
 0
 0
 0
 0
 0
 0
 0
 0
 0
 0
 0
 0
 0
 0
 0
 0
 0
 0
 0
 0
 0
 0
 0
 0
 0
 0
 0
 0
 0
 0
 0
 0
 0
 0
 0
 0
 0
 0
 0
 0
 0
 0
 0
 0
 0
 0
 0
 0
 0
 0
 0
 0
 0
 0
 0
 0
 0
 0
 0
 0
 0
 0
 0
 0
 0
 0
 0
 0
 0
 0
 0
 0
 0
 0
 0
 0
 0
 0
 0
 0
 0
 0
 0
 0
 0
 0
 0
 0
 0
 0
 0
 0
 0
 0
 0
 0
 0
 0
 0
 0
 0
 0
 0
 0
 0
 0
 0
 0
 0.4841390903382047
 0.4638989317664949
 0.4064150345473377
 0.3744961023936336
 0.5400500257192328
 0.5855140117968881
 0.4914314296410302
 0.4909117600305489
 0.4997901930210861
 0.4795946540158245
 0.4865529201174732
 0.4967352795358054
 0.4895402037488916
 0.5189874134388354
 0.4854326412158389
 0.5042683420302141
 0.515090722001876
 0.5036349638046291
 0.5215333507544234
 0.5160505405319209
 0.510114576324194
 0.525544359444007
 0.5374301544200538
 0.522842621338739
 0.5340036759812089
 0.5270725785551739
 0.5292112111550551
 0.544538259325553
 0
 0
 0
 0
 0
 0
 0
 0
 0
 0
 0
 0
 0
 0
 0
 0
 0
 0
 0
 0
 0
 0
 0
 0
 0
 0
 0
 0
 0
 0
 0
 0
 0
 0
 0
 0
 0
 0
 0
 0
 0
 0
 0
 0
 0
 0
 0
 0
 0
 0
 0
 0
 0
 0
 0
 0
 0
 0
 0
 0


