# Created by Octave 3.8.2, Sun Nov 15 21:27:09 2015 CET <dkottke@snake4>
# name: mus
# type: matrix
# ndims: 3
 1 30 19
 0
 0
 0.499582289055973
 0.5050167224080268
 0.4075313807531386
 0.7562814070351759
 0.801169590643275
 0.8154362416107382
 0.8320802005012519
 0.8310924369747902
 0.8198498748957465
 0.8164983164983163
 0.8185618729096987
 0.8731092436974792
 0.8970464135021089
 0.8952702702702703
 0.8941176470588228
 0.8952020202020198
 0.8980785296574766
 0.8966101694915255
 0.8980785296574769
 0.8973063973063974
 0.893185618729097
 0.9192176870748303
 0.9310638297872348
 0.9314381270903
 0.930765993265993
 0.9319727891156462
 0.9318755256518079
 0.9299145299145299
 0
 0
 0.3333333333333333
 0.25
 0.4
 0.9
 0.9
 0.8
 0.9
 1
 0.9
 1
 0.9333333333333332
 0.8666666666666666
 0.8666666666666666
 0.8166666666666667
 0.8833333333333334
 0.8833333333333332
 0.9
 0.9
 0.9
 0.9199999999999999
 0.8699999999999999
 0.8699999999999999
 0.8
 0.8133333333333332
 0.8
 0.8333333333333333
 0.82
 0.8333333333333333
 0
 0
 0.6423528417154214
 0.5474873024493696
 0.5686614343731597
 0.6893855242028273
 0.7569554812958074
 0.8694907553711108
 0.918456447911116
 0.9156448756934238
 0.9258311877641159
 0.9393164263524585
 0.9613804439534743
 0.9157172588228589
 0.8425718798726973
 0.8493218762130839
 0.8725223539695741
 0.8799113765690139
 0.908171946755572
 0.9078248733462875
 0.9043182528492216
 0.9247726366695697
 0.9033181396161954
 0.8952435106087017
 0.8610616096810535
 0.8909760127343539
 0.8993203353635766
 0.9222712486869694
 0.9117296291675527
 0.92955631040563
 0
 0
 0.4659769465672802
 0.4855429473066831
 0.5862642008450437
 0.6331249690327255
 0.6586896732039117
 0.7553262212797224
 0.8030311246336099
 0.8462523701069529
 0.838592378881301
 0.8552366329718356
 0.8732618387464707
 0.8091174961978151
 0.7666234865500858
 0.7911066466664571
 0.8087190596846547
 0.8161152193544944
 0.8257121876851315
 0.837830240502357
 0.8496379682682079
 0.8584640017838099
 0.8622482409428288
 0.8651923210097785
 0.830130424429963
 0.835950261512556
 0.840483150577691
 0.8477497029445648
 0.8533897632057905
 0.8571642969984978
 0
 0
 0.4917182990480173
 0.4494338824678852
 0.5674971514246056
 0.6966754440148281
 0.6836589565231354
 0.7254955679436624
 0.7973738973172011
 0.8511456103831776
 0.8321719250294949
 0.8584634783956276
 0.8634865772002351
 0.7934375083382037
 0.7772987100352045
 0.784807571896898
 0.8044456189888731
 0.8124798609895455
 0.8297813037589148
 0.8390942338277323
 0.8431202680577849
 0.853362615808271
 0.8636781193189831
 0.8659563478887314
 0.8306697050680854
 0.8330123653324215
 0.8425459115521997
 0.8430447474146348
 0.8564457929074821
 0.8583238923845584
 0
 0
 0.3333333333112319
 0.3572200808814273
 0.5123767623766334
 0.6676021626599651
 0.71870382181215
 0.773603157916138
 0.7220780876718571
 0.7633897563233336
 0.822958090066344
 0.8373959626033447
 0.8462810341022897
 0.8080702023414568
 0.8471841240835554
 0.7573888526764238
 0.7415662804404076
 0.8247058495922507
 0.8286843579174633
 0.8412012176890108
 0.8104200285289953
 0.8374373106363758
 0.8688981978064014
 0.8336704544997972
 0.8169606135557537
 0.8243050757878683
 0.8522434264454426
 0.8499878328265786
 0.7603638957323458
 0.8665863930047724
 0
 0
 0.7892931470571475
 0.7913608688968674
 0.7096810134488052
 0.784001562816643
 0.7616037986484658
 0.8054522960787138
 0.8293856490127621
 0.8116511729181198
 0.8740601774792836
 0.8838949131109863
 0.9095170381735613
 0.8771337824020499
 0.8219003032405878
 0.8359370333241862
 0.8664710129936855
 0.8633593637168924
 0.8659665394999966
 0.9087340394760407
 0.8736827060843161
 0.8474599013136428
 0.9391000206244836
 0.9082803980399119
 0.8672305703777001
 0.8605744182855505
 0.8623696868343466
 0.8720822394116221
 0.8792532905953658
 0.8588154478940191
 0
 0
 0.4392195995398946
 0.5298371489444184
 0.6457095340569419
 0.6205049755985833
 0.6449702682196992
 0.715150153510956
 0.8022641644507796
 0.8297529696753969
 0.8551956292085183
 0.8686217721058759
 0.8880728478212534
 0.8290084363311961
 0.7822734467405328
 0.8056704438324723
 0.825484251512027
 0.8355918039978132
 0.8410757548003858
 0.8565033687487381
 0.8659982988345933
 0.8762330009533736
 0.8786728664819358
 0.8899695604020468
 0.8521622100702849
 0.8581185042567826
 0.8695793267572267
 0.8718914141398521
 0.8777230296007862
 0.8816156302639324
 0
 0
 0.4760472933170466
 0.5117115895378993
 0.6083133966820473
 0.6635936957710982
 0.6299858976778404
 0.6820118678478087
 0.786026260558123
 0.8401293535362505
 0.861839478944845
 0.8759104336239765
 0.8849342813413414
 0.8137545783290164
 0.7914852718681218
 0.8031110071144609
 0.818275699349876
 0.8333278818682809
 0.8508871981231256
 0.8535631590719422
 0.867052682996352
 0.8738332298455795
 0.8764435650385102
 0.8875657789761117
 0.854273452506269
 0.8564458119452376
 0.870442421389791
 0.8713104513967699
 0.8776066738414159
 0.8780397643710716
 0
 0
 0.3333333333332728
 0.4028399317943079
 0.5417169310223926
 0.662201924545414
 0.6673468294103543
 0.7320421763867426
 0.7677351046176882
 0.8297158131737749
 0.8537280405425327
 0.8517778364762184
 0.8762848911242656
 0.8626791266519093
 0.8666342916953993
 0.8258968660683048
 0.82757457381777
 0.8301624699163792
 0.8365585361082619
 0.8458823014134454
 0.8956223151937918
 0.8726822752996836
 0.8800527599376473
 0.8897349029274124
 0.838277391204581
 0.8575900583416989
 0.8604546906371248
 0.8688460161727547
 0.870323247196326
 0.8870294982739513
 0
 0
 0.7892931470571475
 0.831047083261393
 0.7138406114427681
 0.8006735616329759
 0.8664903107580181
 0.7892388742929429
 0.8118734940890183
 0.7907217562923409
 0.8395426721906285
 0.852841287445633
 0.8770310640495724
 0.8377069060704713
 0.8091702972941173
 0.8358674565472071
 0.8411556565261428
 0.8457445761681223
 0.8539054523268248
 0.8693564856491519
 0.8753837885793139
 0.8695308312127803
 0.8907112424707704
 0.9115492938721588
 0.8460191328698788
 0.8850815718477822
 0.8593265447483878
 0.8771982938306989
 0.9219575748979069
 0.8890876940881419
 0
 0
 0
 0
 0
 0
 0
 0
 0
 0
 0
 0
 0
 0
 0
 0
 0
 0
 0
 0
 0
 0
 0
 0
 0
 0
 0
 0
 0
 0
 0
 0
 0
 0
 0
 0
 0
 0
 0
 0
 0
 0
 0
 0
 0
 0
 0
 0
 0
 0
 0
 0
 0
 0
 0
 0
 0
 0
 0
 0
 0
 0
 0
 0
 0
 0
 0
 0
 0
 0
 0
 0
 0
 0
 0
 0
 0
 0
 0
 0
 0
 0
 0
 0
 0
 0
 0
 0
 0
 0
 0
 0
 0
 0
 0
 0
 0
 0
 0
 0
 0
 0
 0
 0
 0
 0
 0
 0
 0
 0
 0
 0
 0
 0
 0
 0
 0
 0
 0
 0
 0
 0
 0
 0
 0
 0
 0
 0
 0
 0
 0
 0
 0
 0
 0
 0
 0
 0
 0
 0
 0
 0
 0
 0
 0
 0
 0
 0
 0
 0
 0
 0
 0.4059800868888059
 0.4450223067600442
 0.59508226848154
 0.6720391860982367
 0.6245565859989152
 0.6736600954506036
 0.7885071993505002
 0.8417637689616239
 0.8672604026154012
 0.8771503174755684
 0.8888965084315205
 0.8091417239505061
 0.7838301525800182
 0.7967076459521159
 0.818042267263656
 0.8320770218781162
 0.8452589863616377
 0.8512827652699341
 0.8653547568204205
 0.8733679186975583
 0.8772317328385273
 0.8871017692912353
 0.8538329723217084
 0.853445152257336
 0.8700305859876407
 0.8710209115769626
 0.8755201378451239
 0.8772257629472503
 0
 0
 0
 0
 0
 0
 0
 0
 0
 0
 0
 0
 0
 0
 0
 0
 0
 0
 0
 0
 0
 0
 0
 0
 0
 0
 0
 0
 0
 0
 0
 0
 0
 0
 0
 0
 0
 0
 0
 0
 0
 0
 0
 0
 0
 0
 0
 0
 0
 0
 0
 0
 0
 0
 0
 0
 0
 0
 0
 0


