# Created by Octave 3.8.2, Sun Nov 15 17:25:16 2015 CET <dkottke@snake7>
# name: mus
# type: matrix
# ndims: 3
 1 30 19
 0
 0
 0.3144129104062329
 0.2967706013363029
 0.5002785515320333
 0.5005574136008919
 0.5364091161756532
 0.5368303571428571
 0.5393634840871019
 0.540782122905028
 0.5366106286351686
 0.5100671140939598
 0.4953548866592346
 0.4974888392857144
 0.4957983193277313
 0.4988839285714285
 0.5021475256769372
 0.4910213243546577
 0.5463525835866259
 0.5426966292134832
 0.5478991596638656
 0.5713305898491083
 0.6088814567075439
 0.6351351351351351
 0.6309859154929579
 0.6170568561872909
 0.6296296296296293
 0.6311383928571428
 0.6462736373748608
 0.5949152542372883
 0
 0
 0.3333333333333333
 0.5
 0.4
 0.6
 0.5
 0.7
 0.7
 0.7
 0.6666666666666666
 0.5666666666666667
 0.5333333333333333
 0.4333333333333333
 0.6666666666666666
 0.6333333333333333
 0.4833333333333333
 0.4166666666666666
 0.4166666666666666
 0.45
 0.46
 0.48
 0.33
 0.33
 0.4
 0.46
 0.4133333333333334
 0.4933333333333333
 0.5466666666666666
 0.5666666666666667
 0
 0
 0.5022050599225109
 0.5872874857830195
 0.6525578488708282
 0.4999999999999999
 0.640867323086515
 0.6381654972922337
 0.682840520790011
 0.7053926230286592
 0.6574380677116277
 0.479569405467302
 0.4958163959740411
 0.4969154526072579
 0.6404277085640266
 0.5549129080092335
 0.2170077850608336
 0.5674242038794758
 0.6723056922053765
 0.4776402202061217
 0.4842330554362255
 0.3892926582798993
 0.4321245115209805
 0.4311186163575824
 0.4815279473785299
 0.4633519095039498
 0.4864175660131559
 0.5103324884117206
 0.6956951527397268
 0.5092046265080526
 0
 0
 0.6106650789150027
 0.4976655235571114
 0.4714570124068884
 0.5271526361959245
 0.4993076073133138
 0.4964332328921672
 0.5731651567663228
 0.5490414723115079
 0.5717823498387852
 0.4998843463092761
 0.5389009470784062
 0.534882339548745
 0.5123880476865761
 0.5075130198799366
 0.4823474505856974
 0.5119118082317905
 0.4386373282068477
 0.4531615319134893
 0.4408282603365655
 0.4247798015439103
 0.4173712854817012
 0.4414342221888863
 0.4607385461589502
 0.4831432084625201
 0.47034720495399
 0.489158581743407
 0.5058399553815079
 0.4673904976271325
 0
 0
 0.3801039444608194
 0.5403002417111745
 0.5243209480861519
 0.5459993346370815
 0.4994234120981313
 0.500622408322806
 0.5645191696730908
 0.5598441680420795
 0.5982276793282472
 0.5115860473304545
 0.5421274560335455
 0.5285446422301259
 0.511221040209404
 0.5072522791960343
 0.4864891028694624
 0.4983440562630398
 0.4478920244097191
 0.4562072477736006
 0.440280640092014
 0.4192206474308268
 0.4147340895462655
 0.4452832159124573
 0.4613691563349689
 0.4792119905628183
 0.4758764378443429
 0.4916411008216471
 0.5112178071911304
 0.4651001901014721
 0
 0
 0.4166328003373602
 0.5554952432468613
 0.6128987466975753
 0.5345948841710766
 0.5437399714369361
 0.4671150884074392
 0.5504772675684811
 0.5530611923611165
 0.5536288980827166
 0.5040876748388173
 0.5254783846612238
 0.5378342216749243
 0.5038791614086634
 0.4497472621713965
 0.4779961573000414
 0.4662984762928115
 0.4883060801272509
 0.4171467663086085
 0.4003438559912509
 0.4108194823894295
 0.4404402230787318
 0.4316191196179414
 0.5517050493554259
 0.5078465029867407
 0.5045458280526086
 0.525505745256702
 0.5163743996013163
 0.5145683106003788
 0
 0
 0.5785862941142949
 0.682868655415211
 0.7420388213747476
 0.6706791205262024
 0.6287825441748462
 0.6490910468924701
 0.694267321253266
 0.7217066867140818
 0.669554988036459
 0.709856659658559
 0.7183471182522869
 0.6931983914867049
 0.6804984095093443
 0.6821162177387833
 0.6500517851664502
 0.700313736432715
 0.6175214790884432
 0.5764898300511868
 0.6427688529707348
 0.6298433100521803
 0.6665901707796148
 0.6468159179805784
 0.6448019798780948
 0.6273795100541513
 0.6745890360384812
 0.6680648458774406
 0.6482589180045437
 0.6248772444349726
 0
 0
 0.6121466972648331
 0.4966460813563565
 0.5784120859496104
 0.5291701840951459
 0.4958034754530218
 0.489287220789269
 0.5425671182064415
 0.5352057856064436
 0.5651631812210893
 0.4922755451075682
 0.5286976431298093
 0.5377071004806641
 0.5164072424076391
 0.4981287120488324
 0.4933405024715578
 0.5333188625681988
 0.4537770208889563
 0.4618176454987238
 0.4411850438332495
 0.4368302606140391
 0.432296598200276
 0.4465243851426143
 0.4737490411143032
 0.4982624112723952
 0.4834666965877635
 0.5095597341033429
 0.5258873574609115
 0.4767858585301463
 0
 0
 0.3719774387146534
 0.5237077920063765
 0.5513801382485611
 0.5234880299716506
 0.4619663025471893
 0.4930563937760221
 0.5555583241129791
 0.5594422248936408
 0.5722703782058626
 0.4985334916463795
 0.5094497570484031
 0.5316826707693322
 0.5198525342890377
 0.4959589770002751
 0.5034469766117579
 0.5203328534700538
 0.4551985907274851
 0.4584412634363628
 0.4343223300508595
 0.4313610604172033
 0.4270347926543843
 0.4556491894730033
 0.4761499139737667
 0.4969276739661038
 0.4876827158832948
 0.5059568532006959
 0.5244419409326035
 0.4827253687565806
 0
 0
 0.448115538266826
 0.5392546288006321
 0.5704617503853665
 0.5307110086567575
 0.4912333525289152
 0.493090305794203
 0.6069758343534468
 0.5467347459976393
 0.5641378725552807
 0.4951609088024737
 0.5074003415356687
 0.5224461947701875
 0.5071237139744812
 0.4865308282819575
 0.4952824460666896
 0.5192392270289682
 0.4395502125203769
 0.4407000168054356
 0.4325001709099898
 0.4196253657945977
 0.4207189536999846
 0.4400614690948789
 0.4594968534441067
 0.4889005432761611
 0.478527740278299
 0.4982637414196636
 0.513454438728834
 0.4717339219675091
 0
 0
 0.5785862941142949
 0.6832805311849051
 0.741533418397622
 0.6404885566362997
 0.6149729502446638
 0.667724492229601
 0.6742347545561317
 0.6889010805190432
 0.6356872068774245
 0.6513758418900284
 0.6825858421032616
 0.6894220573445791
 0.6587627911372399
 0.6517767645176741
 0.6419966162950419
 0.6462401605135599
 0.6242561779738339
 0.6030840502945983
 0.6164810535842329
 0.6074445259526984
 0.630141382152074
 0.6435935487863568
 0.6422452083047063
 0.6349390684506906
 0.633836328185083
 0.6626658952690815
 0.7087583693955496
 0.6474817037058991
 0
 0
 0
 0
 0
 0
 0
 0
 0
 0
 0
 0
 0
 0
 0
 0
 0
 0
 0
 0
 0
 0
 0
 0
 0
 0
 0
 0
 0
 0
 0
 0
 0
 0
 0
 0
 0
 0
 0
 0
 0
 0
 0
 0
 0
 0
 0
 0
 0
 0
 0
 0
 0
 0
 0
 0
 0
 0
 0
 0
 0
 0
 0
 0
 0
 0
 0
 0
 0
 0
 0
 0
 0
 0
 0
 0
 0
 0
 0
 0
 0
 0
 0
 0
 0
 0
 0
 0
 0
 0
 0
 0
 0
 0
 0
 0
 0
 0
 0
 0
 0
 0
 0
 0
 0
 0
 0
 0
 0
 0
 0
 0
 0
 0
 0
 0
 0
 0
 0
 0
 0
 0
 0
 0
 0
 0
 0
 0
 0
 0
 0
 0
 0
 0
 0
 0
 0
 0
 0
 0
 0
 0
 0
 0
 0
 0
 0
 0
 0
 0
 0
 0
 0.3213342727546285
 0.4987294530224363
 0.538715198941402
 0.5236712404162147
 0.4697443744777108
 0.4876273769090246
 0.5570440508448808
 0.5541173375352825
 0.5660780390667763
 0.4945956226033807
 0.5083585595602036
 0.5353125161133772
 0.5118586533703168
 0.4940299117091956
 0.4960104327338166
 0.5160804164876666
 0.4524119087889618
 0.4535784959814604
 0.4307819064828122
 0.4281605713586074
 0.4289925689964558
 0.4538815225529785
 0.4763633491552763
 0.4930837275962982
 0.4897923142863658
 0.5075897667436586
 0.5245233017781363
 0.4807088115983126
 0
 0
 0
 0
 0
 0
 0
 0
 0
 0
 0
 0
 0
 0
 0
 0
 0
 0
 0
 0
 0
 0
 0
 0
 0
 0
 0
 0
 0
 0
 0
 0
 0
 0
 0
 0
 0
 0
 0
 0
 0
 0
 0
 0
 0
 0
 0
 0
 0
 0
 0
 0
 0
 0
 0
 0
 0
 0
 0
 0


