# Created by Octave 3.8.2, Sun Nov 15 15:05:49 2015 CET <dkottke@snake6>
# name: mus
# type: matrix
# ndims: 3
 1 30 19
 0
 0
 0.6160267111853099
 0.6425389755011136
 0.6674094707520899
 0.7151616499442582
 0.7259588660366887
 0.72265625
 0.7364600781686197
 0.7256983240223462
 0.7099035933391761
 0.7074944071588364
 0.7393162393162384
 0.696010044642857
 0.7182072829131653
 0.7142857142857143
 0.7051727357609708
 0.7081930415263749
 0.6958886578147493
 0.6853932584269662
 0.6933333333333332
 0.7007108118219227
 0.6891490152359721
 0.6965090090090089
 0.6890140845070423
 0.6859903381642513
 0.6941638608305273
 0.6953125000000002
 0.7021690767519468
 0.7028248587570625
 0
 0
 0.6666666666666666
 0.75
 0.6
 0.5
 0.7
 0.7
 0.7
 0.5
 0.4
 0.2333333333333333
 0.4666666666666666
 0.5666666666666667
 0.6666666666666667
 0.65
 0.6166666666666666
 0.5
 0.5166666666666666
 0.55
 0.67
 0.65
 0.55
 0.5800000000000001
 0.5999999999999999
 0.58
 0.6466666666666667
 0.5866666666666667
 0.6266666666666667
 0.5
 0
 0
 0.8494951050408196
 0.7623422705179455
 0.723447255512506
 0.619465877596338
 0.6956511048516567
 0.4956362980067373
 0.5190582562591867
 0.5326598499556966
 0.6940536495269781
 0.6725615505268071
 0.6850233558294273
 0.5958538946500345
 0.6267930627580462
 0.5881828313172084
 0.5344968955122118
 0.6049910362956554
 0.674967499316608
 0.6591670839161514
 0.4882318939545303
 0.5228422057754046
 0.5835087374048644
 0.5394806290641041
 0.6130844335635606
 0.5538266854781209
 0.5762040800367344
 0.5822185239273833
 0.5391721672992702
 0.5261995295443979
 0
 0
 0.8546613335287185
 0.6554840728324756
 0.5759376908142994
 0.5198962633739678
 0.6339429777207557
 0.6039102452727808
 0.5554175071636164
 0.5549374289720161
 0.5005540781852769
 0.5006142715248967
 0.5194046012502694
 0.5247313194391394
 0.5462270108604774
 0.5134292832270875
 0.5139956824680237
 0.5142049568612344
 0.5138358647479242
 0.4994521728807134
 0.512344729406975
 0.5292298993329986
 0.5190017269652889
 0.5242158421025328
 0.503607662381784
 0.5155546040720489
 0.5142780638728841
 0.509074795086973
 0.5157386275220046
 0.5133160534088622
 0
 0
 0.5652421771310073
 0.609413813680548
 0.5819278538154949
 0.5860489508725297
 0.6207803462520943
 0.6127478205236401
 0.568179192847149
 0.5528566835239956
 0.4927811947175009
 0.5118273889915255
 0.5385792345460159
 0.5358165429355445
 0.5505396854073186
 0.5141251337643248
 0.5213265607399564
 0.5054552356287012
 0.5165452276227928
 0.4967433402033062
 0.5208115848941592
 0.5288247347947723
 0.5230658797107423
 0.521192720286848
 0.5038559497646078
 0.5135207566875856
 0.5166936828121754
 0.5087729963637638
 0.5147782578545748
 0.5173784761707418
 0
 0
 0.8171794979936198
 0.9121663452922304
 0.416626201655555
 0.5642197025367361
 0.6572253085649333
 0.5773380698794268
 0.5336717149598824
 0.582190704493852
 0.525075619214792
 0.4953930182386073
 0.523109618086105
 0.5470885637351981
 0.5413966488388787
 0.5083685126357066
 0.5160243277953611
 0.5222909894836751
 0.5030357110178365
 0.5421304615005007
 0.4926114363741157
 0.5605387819528128
 0.5248360676335564
 0.5268840760865041
 0.5069796265280312
 0.5456655348273175
 0.4667487400451359
 0.5371149774541065
 0.5108408759955428
 0.5206509379307945
 0
 0
 0.7892931470571475
 0.7349046241786986
 0.7783974157221704
 0.6457372886105511
 0.6823313564736038
 0.7135537487336824
 0.727200559813199
 0.7334566576023136
 0.6983909073960877
 0.702339065706252
 0.7530130974945631
 0.7161603467863925
 0.7114344029970272
 0.6993911608214578
 0.7122630026970165
 0.6763815387902637
 0.6153234433988155
 0.6625489107374426
 0.6639741632833256
 0.643132019997542
 0.6476115841425508
 0.7296575419502767
 0.654242647207806
 0.6485153436891636
 0.6592786611498098
 0.6477425726544777
 0.6646756425671002
 0.6757277038911775
 0
 0
 0.8859417377248088
 0.6419945642353122
 0.570589700131611
 0.5138221176708602
 0.589286257046987
 0.5476206201426466
 0.574817248328638
 0.5755795238651483
 0.5109872222932332
 0.4814685525500435
 0.5184728846369454
 0.5082155406150478
 0.5361966132405807
 0.5150403366832166
 0.5111509938239233
 0.5224459071470586
 0.5171254710458497
 0.5091481007994703
 0.5237781887026968
 0.534445578668282
 0.5268653988149874
 0.5298139809957546
 0.5147563316489818
 0.5201671974982115
 0.5328184494304861
 0.5225649893255554
 0.5254311180489282
 0.5281791500605021
 0
 0
 0.556374355144357
 0.5352158352132208
 0.5715303526395841
 0.5187087256509748
 0.5749838887944535
 0.5697739123263215
 0.6010026361932854
 0.5526771524388771
 0.4910588254968508
 0.4829382942448601
 0.5304474812053659
 0.5268456119165187
 0.5362072740290851
 0.5110452221169115
 0.5265385884628678
 0.5128380963465605
 0.5196375012067967
 0.5079780913643712
 0.5220803895548619
 0.5366629906506987
 0.5193063283327375
 0.527026840674178
 0.5121753074699273
 0.5161938469525974
 0.5275956020168744
 0.5226654123406069
 0.5233599552089773
 0.5308184052877502
 0
 0
 0.7551624863793714
 0.9436808374389651
 0.6329574688265405
 0.5196608609322246
 0.6478929533515592
 0.5859126894343608
 0.5563300924518875
 0.5398382647497229
 0.4878509776681395
 0.4669413618563686
 0.5085913381245982
 0.4934648494799957
 0.5213521477706398
 0.5015597584129253
 0.5186342780601984
 0.5124662079386098
 0.5066781103442617
 0.5030034631876604
 0.5356931370406071
 0.5225546913810922
 0.5134240395036729
 0.5173977312163918
 0.5007034603691028
 0.5131841186932549
 0.5296724365667612
 0.5165755236339356
 0.513079269320481
 0.5174512359221379
 0
 0
 0.7892931470571475
 0.7292124174294758
 0.8502394069834203
 0.6645713587340345
 0.6962062169426825
 0.6747352104708583
 0.6979338138705252
 0.7203788208719207
 0.6492045709778274
 0.6529881529010424
 0.6615573987910284
 0.6581666640924998
 0.6672159865918689
 0.6276505976886009
 0.6464621621620462
 0.6455464845573969
 0.6761732807768096
 0.6378644851100167
 0.6505917159812908
 0.7389333659178338
 0.6503316691578963
 0.6600917952205239
 0.6424624107449872
 0.6317742540623407
 0.6512499034167336
 0.670376046157272
 0.6527988286781129
 0.6564852917950541
 0
 0
 0
 0
 0
 0
 0
 0
 0
 0
 0
 0
 0
 0
 0
 0
 0
 0
 0
 0
 0
 0
 0
 0
 0
 0
 0
 0
 0
 0
 0
 0
 0
 0
 0
 0
 0
 0
 0
 0
 0
 0
 0
 0
 0
 0
 0
 0
 0
 0
 0
 0
 0
 0
 0
 0
 0
 0
 0
 0
 0
 0
 0
 0
 0
 0
 0
 0
 0
 0
 0
 0
 0
 0
 0
 0
 0
 0
 0
 0
 0
 0
 0
 0
 0
 0
 0
 0
 0
 0
 0
 0
 0
 0
 0
 0
 0
 0
 0
 0
 0
 0
 0
 0
 0
 0
 0
 0
 0
 0
 0
 0
 0
 0
 0
 0
 0
 0
 0
 0
 0
 0
 0
 0
 0
 0
 0
 0
 0
 0
 0
 0
 0
 0
 0
 0
 0
 0
 0
 0
 0
 0
 0
 0
 0
 0
 0
 0
 0
 0
 0
 0
 0.4368768127050228
 0.4874412912617016
 0.5412853638574908
 0.5191832363640987
 0.5786485587786671
 0.5644748517353976
 0.611329843342693
 0.5482982844432276
 0.4882991862075409
 0.4885631253240147
 0.5292304204714232
 0.5291441016219387
 0.5353800914202511
 0.5095380300162611
 0.5238345239428523
 0.5162773990690525
 0.5175182811069311
 0.5077130855390183
 0.5221453708231396
 0.5364796282667026
 0.5187877610094103
 0.5275840345890995
 0.5092181919957471
 0.5155224959130819
 0.5314233338827318
 0.5223282603490386
 0.5208666813546921
 0.5250788124549044
 0
 0
 0
 0
 0
 0
 0
 0
 0
 0
 0
 0
 0
 0
 0
 0
 0
 0
 0
 0
 0
 0
 0
 0
 0
 0
 0
 0
 0
 0
 0
 0
 0
 0
 0
 0
 0
 0
 0
 0
 0
 0
 0
 0
 0
 0
 0
 0
 0
 0
 0
 0
 0
 0
 0
 0
 0
 0
 0
 0


