# Created by Octave 3.8.2, Sun Nov 15 23:30:57 2015 CET <dkottke@snake2>
# name: mus
# type: matrix
# ndims: 3
 1 30 19
 0
 0
 0.9289891395154559
 0.8812709030100334
 0.7623430962343098
 0.9514237855946405
 0.9147869674185469
 0.8976510067114094
 0.940685045948203
 0.9521008403361351
 0.9274395329441193
 0.945286195286196
 0.9446070234113704
 0.9445378151260506
 0.9493670886075946
 0.9527027027027027
 0.9495798319327725
 0.9482323232323225
 0.9264828738512945
 0.9466101694915257
 0.9523809523809519
 0.9545454545454543
 0.9573578595317728
 0.9532312925170069
 0.9523404255319156
 0.9385451505016719
 0.9520202020202018
 0.9564909297052155
 0.9512195121951216
 0.9555555555555552
 0
 0
 0.6666666666666666
 0.5
 0.6
 0.5
 0.5
 0.8
 0.8
 0.7
 0.5333333333333333
 0.6666666666666666
 0.7666666666666666
 0.6333333333333333
 0.4666666666666667
 0.4166666666666666
 0.55
 0.45
 0.5166666666666666
 0.5
 0.62
 0.42
 0.39
 0.21
 0.4
 0.38
 0.5600000000000001
 0.5
 0.5533333333333333
 0.5666666666666667
 0
 0
 0.6353150622142937
 0.4822267077184583
 0.6652354086386338
 0.5652607057124667
 0.6661521454396573
 0.6744070759984043
 0.6071012799446955
 0.6839397205857212
 0.7141296046134225
 0.5632998965434357
 0.6989531125040004
 0.718812756466819
 0.5863627485649244
 0.5358483107125507
 0.607815736815661
 0.4733788926807672
 0.5748972647702206
 0.573241359615693
 0.529861169047539
 0.5899508282155157
 0.5290579280179776
 0.579220389136033
 0.5344695770623851
 0.4908895060023659
 0.6151812544539493
 0.5531968582503775
 0.5769744012250495
 0.5410859696592476
 0
 0
 0.8078986620694694
 0.4645079917113393
 0.4576933055135146
 0.4989306479464834
 0.522205703354147
 0.5365373230020873
 0.5411616116435151
 0.5629890499649747
 0.5787906709526466
 0.540307159607547
 0.5943397824136105
 0.5772862663278727
 0.5723951887885851
 0.5440557722825087
 0.5484576555933502
 0.5452656918761301
 0.5453534309625581
 0.5295927559550158
 0.5333021798588454
 0.5347549248547641
 0.5327602689762551
 0.532039246614088
 0.5240306446269775
 0.5179195066846242
 0.5295809718738912
 0.5162376345970414
 0.5130231855124391
 0.5156643525075834
 0
 0
 0.7734670670820056
 0.4608997567982474
 0.4864251153119493
 0.5033308295153588
 0.5647227874687375
 0.5095121240889203
 0.530761143432199
 0.5640654978273022
 0.5879195011363798
 0.5565094543074275
 0.5870590372984759
 0.5866352899748845
 0.5688044716000029
 0.5425229141428287
 0.5460809724796938
 0.5494004816220676
 0.5477834351348493
 0.5345702598798128
 0.5307281478996972
 0.5339504819727792
 0.5338345407175111
 0.5291867172086699
 0.523455020607026
 0.5159987859515811
 0.5270609084714798
 0.5145722415529284
 0.5166004706519298
 0.5162399985197522
 0
 0
 0.3333333333333239
 0.4996604077450649
 0.4854352311577039
 0.6141270330861576
 0.6008365671226028
 0.5899248080707428
 0.5743747317254229
 0.5820555913729109
 0.6161383129694438
 0.5653155710548593
 0.6133078324462743
 0.5457011219564211
 0.5407144282646476
 0.5357022206148785
 0.5397842713748482
 0.4834516233889515
 0.5019992202265811
 0.5257650032378979
 0.5249016142540968
 0.4908275996827076
 0.5030863617003625
 0.4725102847046085
 0.5135322523566759
 0.4680483882788765
 0.563673311587679
 0.5139259702759564
 0.4848210236488171
 0.5007441718481616
 0
 0
 1
 0.7399462999823027
 0.6632530043030633
 0.7044929867163634
 0.6415214840467004
 0.6547358620241124
 0.6453658481432236
 0.6773985143571442
 0.7162013820913714
 0.6838592634585403
 0.7766054151806335
 0.7366920529380633
 0.6875832758358007
 0.6959096584033913
 0.6407394564343261
 0.6900091626143785
 0.6373827041016958
 0.6404944512087628
 0.6106649956411924
 0.6403916031153806
 0.6753722082633291
 0.6642184771420307
 0.6755856152879669
 0.6312328483348688
 0.5959071275147995
 0.6267444913132832
 0.6795383056477859
 0.6414535876717873
 0
 0
 0.8319780283140804
 0.4962242731738224
 0.4378506023849855
 0.5701881283709649
 0.4935800551163999
 0.5875711726880926
 0.5516288777157624
 0.5784915303879801
 0.5875520956441809
 0.5373273202174933
 0.5947506332160925
 0.5747694269312577
 0.5748352619598495
 0.5502304762055904
 0.5538466074056217
 0.530947919241697
 0.5362263505953598
 0.5284286666514444
 0.5308180280373763
 0.5347474727590753
 0.5347517938597766
 0.5330073684870834
 0.516683507478888
 0.5176642945985664
 0.5227028771760452
 0.5234521278843529
 0.5165173154983977
 0.5227372440052586
 0
 0
 0.7661515532819857
 0.4510292500287342
 0.4850819844225029
 0.5515237410336153
 0.525250366997477
 0.5139101339223269
 0.5516422152205692
 0.5693876949498115
 0.569511028801934
 0.5588269468312368
 0.580675827386862
 0.5818990343761244
 0.582707565114555
 0.5362932263684709
 0.5448757464412344
 0.5454515938787694
 0.5284196972979848
 0.5345837302417116
 0.5279000314161066
 0.5292224865434669
 0.5292341904305651
 0.5267169258883839
 0.5206054595863072
 0.5131650052148395
 0.5256799463551857
 0.5161418569427116
 0.5161485061903678
 0.5273407755067947
 0
 0
 0.3333333333331941
 0.4453417517989761
 0.467101309984189
 0.5751574310361065
 0.5016375442191759
 0.4852334141019515
 0.55343254345944
 0.5535036231378987
 0.5539709232502861
 0.5281635241452238
 0.6389409483405707
 0.5831026603581553
 0.5615968150429587
 0.5415510320970851
 0.5457851861527711
 0.5225477902951183
 0.5178895985706841
 0.510143655772092
 0.5212810492860008
 0.5239582612759491
 0.5159627829819591
 0.5186002249320839
 0.5230990617324703
 0.500047986401568
 0.5618372323399897
 0.5146577742549483
 0.5095791763454268
 0.5109572758373447
 0
 0
 1
 0.7875109833107573
 0.6238286130483429
 0.653244406634535
 0.6160937935532219
 0.6351232422740235
 0.6431831745126608
 0.6558958434651285
 0.7884244951358947
 0.6410285514045247
 0.699201101562116
 0.7056829983277904
 0.64876281032799
 0.6665423925067787
 0.6570729965204311
 0.6473632918261584
 0.6233735479658383
 0.6274524675051543
 0.6286226737564228
 0.6465938510212071
 0.5970040720832457
 0.6307050390792902
 0.6265620569049469
 0.6304691174337931
 0.6240011330887442
 0.608309177381757
 0.6148978906997477
 0.6242413833812841
 0
 0
 0
 0
 0
 0
 0
 0
 0
 0
 0
 0
 0
 0
 0
 0
 0
 0
 0
 0
 0
 0
 0
 0
 0
 0
 0
 0
 0
 0
 0
 0
 0
 0
 0
 0
 0
 0
 0
 0
 0
 0
 0
 0
 0
 0
 0
 0
 0
 0
 0
 0
 0
 0
 0
 0
 0
 0
 0
 0
 0
 0
 0
 0
 0
 0
 0
 0
 0
 0
 0
 0
 0
 0
 0
 0
 0
 0
 0
 0
 0
 0
 0
 0
 0
 0
 0
 0
 0
 0
 0
 0
 0
 0
 0
 0
 0
 0
 0
 0
 0
 0
 0
 0
 0
 0
 0
 0
 0
 0
 0
 0
 0
 0
 0
 0
 0
 0
 0
 0
 0
 0
 0
 0
 0
 0
 0
 0
 0
 0
 0
 0
 0
 0
 0
 0
 0
 0
 0
 0
 0
 0
 0
 0
 0
 0
 0
 0
 0
 0
 0
 0
 0.5251448509470849
 0.4420513772427381
 0.4932016476398668
 0.5628390366290026
 0.5076769962219183
 0.5126121154299308
 0.560943175893403
 0.5678534912781589
 0.5679850467428758
 0.5486989618635318
 0.5925323683592454
 0.5899334357958903
 0.5731211456234804
 0.5343370232080416
 0.548089644745528
 0.5419603620383906
 0.5302205797815096
 0.5312169341206024
 0.5251462335233511
 0.527847238778542
 0.5285584688375938
 0.5256959824212781
 0.5148544023048369
 0.5112447542002259
 0.5225539214449308
 0.5117484204574361
 0.5137288601942754
 0.5232364417373315
 0
 0
 0
 0
 0
 0
 0
 0
 0
 0
 0
 0
 0
 0
 0
 0
 0
 0
 0
 0
 0
 0
 0
 0
 0
 0
 0
 0
 0
 0
 0
 0
 0
 0
 0
 0
 0
 0
 0
 0
 0
 0
 0
 0
 0
 0
 0
 0
 0
 0
 0
 0
 0
 0
 0
 0
 0
 0
 0
 0


