# Created by Octave 3.8.2, Sun Nov 15 20:37:40 2015 CET <dkottke@snake7>
# name: mus
# type: matrix
# ndims: 3
 1 30 19
 0
 0
 0.5008347245409011
 0.5005567928730512
 0.7164345403899731
 0.7196209587513938
 0.7237354085603129
 0.7315848214285714
 0.7264098269123385
 0.7273743016759776
 0.7190662098637561
 0.7376957494407163
 0.7384801189149008
 0.7356305803571428
 0.7058823529411759
 0.7109375
 0.7074136321195144
 0.7070707070707074
 0.7093665013597825
 0.7067415730337078
 0.7263865546218486
 0.7327596957226588
 0.7309550353028618
 0.7297297297297298
 0.7267605633802816
 0.7266815310293571
 0.716049382716049
 0.7179129464285717
 0.7196885428253615
 0.7146892655367235
 0
 0
 1
 1
 0.4
 0.7
 0.5
 0.5
 0.5
 0.5
 0.5333333333333333
 0.7333333333333333
 0.7666666666666666
 0.8
 0.6666666666666666
 0.6833333333333333
 0.8166666666666667
 0.6833333333333333
 0.75
 0.75
 0.75
 0.76
 0.9199999999999999
 0.9199999999999999
 0.9199999999999999
 0.9199999999999999
 0.8466666666666667
 0.9
 0.9
 0.9
 0
 0
 1
 1
 0.6641859531223289
 0.7011402800096276
 0.667083172350293
 0.7739115467923192
 0.8185813996162039
 0.7098515949209442
 0.818581399616204
 0.8249975642698011
 0.8678483013061979
 0.8786930546629006
 0.8311240765780934
 0.8277234600202834
 0.8589799994290053
 0.8763399356819092
 0.888430365524506
 0.9172972579996298
 0.9039146003704169
 0.9153791961758968
 0.9217572158666548
 0.9040677850201091
 0.9380432158880601
 0.9261381315313969
 0.9145553237761855
 0.8991600070142973
 0.9038575008493885
 0.9103038605782624
 0
 0
 0.9999999999793457
 0.9999999998869593
 0.4522512685236533
 0.4882424363306253
 0.5564013571627018
 0.600393104495596
 0.6553924428426234
 0.7021650219661646
 0.7233642182030037
 0.7357814647666635
 0.7647449397959017
 0.7845267723904507
 0.7736587328598487
 0.7912001167994148
 0.8107963746649954
 0.8203113999586835
 0.8346546860458268
 0.8410876590567203
 0.8377410800058473
 0.8459046261507639
 0.8540643670286163
 0.8597051051747218
 0.8528316364228267
 0.8589884521278499
 0.8260107350310021
 0.8414644015618834
 0.8489181507680293
 0.8495329880343905
 0
 0
 0.9999999999722249
 0.9999999998958277
 0.5111759364651001
 0.5420887098637545
 0.5259402172052541
 0.6171393755002379
 0.6540710092587096
 0.6740272702892034
 0.7239255025654828
 0.7228339983353606
 0.7693128213186868
 0.7851426137780081
 0.7651421871422235
 0.7980391638076277
 0.8082310685303659
 0.8198199994632354
 0.8197152399382915
 0.8315288461734299
 0.8326581235929725
 0.8418422516319927
 0.8493784263419704
 0.858253886023597
 0.8501058565432807
 0.8579638462916477
 0.8254140458841576
 0.8397886568159081
 0.8501632637585567
 0.8456321671215133
 0
 0
 0.9999999999750748
 0.9999999996347012
 0.4583534689602248
 0.6298302109463876
 0.6242082218685677
 0.6235508660962289
 0.6613162963712096
 0.6762516869025847
 0.6982244810959148
 0.7896772552215519
 0.743308558113016
 0.7684081901598895
 0.7965561014352139
 0.7822285966211548
 0.9323118093042152
 0.8412537689253207
 0.7892868521131594
 0.8502275169360421
 0.8031659973637815
 0.846533619838589
 0.8098554052002257
 0.9061939052882526
 0.9321541819155601
 0.8379378511199779
 0.8318071477866903
 0.950009759126508
 0.7931699435492026
 0.8096606904841572
 0
 0
 1
 0.9999999999850394
 0.7517013455594044
 0.6505194454591365
 0.6814084445682221
 0.7387920418141194
 0.7315235610963373
 0.7926093056921872
 0.8188389313631217
 0.8585315345776496
 0.8264601321758586
 0.8564253026408803
 0.7927145535257115
 0.8635587686048518
 0.9354264181761727
 0.8248634777177651
 0.8855553984753712
 0.8710986975219941
 0.8968970705786131
 0.8736440719876648
 0.8673162104322016
 0.9381171591783597
 0.8837373314939471
 0.8972469103101209
 0.8718449181739405
 0.863259066372651
 0.8922614711788518
 0.8600886901922811
 0
 0
 0.9999999999709807
 0.9999999999507627
 0.4520313941820692
 0.4909832741151484
 0.5674539609036395
 0.6340682433386908
 0.7061454763554822
 0.7178289749831105
 0.7325098464218363
 0.7656532724936491
 0.7946342684685095
 0.8125955247826182
 0.8082903311826543
 0.8182582307259719
 0.8268093672308289
 0.8366731081719404
 0.8523008118889597
 0.8555050133871046
 0.8623364372254554
 0.8687339793881326
 0.8793916699724236
 0.8854638539907641
 0.8830926305627945
 0.8917741501184101
 0.8598779598000212
 0.8700736987076407
 0.8782002787733286
 0.8770321981385953
 0
 0
 0.9999999999641798
 0.9999999999652974
 0.5116687150496467
 0.5058117422501581
 0.4987061551944953
 0.6614220298213073
 0.6952118648223028
 0.7092187818603041
 0.7377423004989054
 0.7640190589359461
 0.8015961769631361
 0.8156978915483515
 0.8014800098668238
 0.8177290726395523
 0.8335595200456082
 0.8407022462825944
 0.849353429485791
 0.8567196084323564
 0.8455111868054928
 0.8624702261444274
 0.8722615941934776
 0.8860554325708259
 0.8789992797713758
 0.8918076256022023
 0.8596587840946718
 0.8733731810716744
 0.8776720031691585
 0.8780767887748873
 0
 0
 0.9999999999951489
 0.9999999999994743
 0.4675420332391068
 0.5371782462500777
 0.5798303478871568
 0.6198293575408442
 0.6770200525778893
 0.6807881414710907
 0.7173915458763704
 0.7567319015505904
 0.7795212931454948
 0.8047331289357256
 0.7915016079007235
 0.8102189415615675
 0.8822095199113474
 0.8353945753034328
 0.8387203138561324
 0.8500735366804895
 0.8501360737665808
 0.8652131564854627
 0.868070421565908
 0.8820098053257517
 0.879650235798935
 0.8906207859166551
 0.8588930998397116
 0.868751294789291
 0.873864976356429
 0.8711980073429482
 0
 0
 1
 0.9999999999787631
 0.7833636543365048
 0.6448549261895805
 0.6840361443873758
 0.7427071886580037
 0.7287690863513925
 0.8071599477702469
 0.8011561014302847
 0.8208718430179788
 0.7968766339106533
 0.9395483353210026
 0.8260512258198937
 0.832076883746289
 0.8485983503785954
 0.8570239379204755
 0.849722916924741
 0.8798666566271286
 0.8550092920338513
 0.8783201488388721
 0.9541935112939919
 0.8903967705350799
 0.9003528174483646
 0.8934392468736639
 0.8748711070170897
 0.8870329921586955
 0.9040856879152208
 0.8958980054382802
 0
 0
 0
 0
 0
 0
 0
 0
 0
 0
 0
 0
 0
 0
 0
 0
 0
 0
 0
 0
 0
 0
 0
 0
 0
 0
 0
 0
 0
 0
 0
 0
 0
 0
 0
 0
 0
 0
 0
 0
 0
 0
 0
 0
 0
 0
 0
 0
 0
 0
 0
 0
 0
 0
 0
 0
 0
 0
 0
 0
 0
 0
 0
 0
 0
 0
 0
 0
 0
 0
 0
 0
 0
 0
 0
 0
 0
 0
 0
 0
 0
 0
 0
 0
 0
 0
 0
 0
 0
 0
 0
 0
 0
 0
 0
 0
 0
 0
 0
 0
 0
 0
 0
 0
 0
 0
 0
 0
 0
 0
 0
 0
 0
 0
 0
 0
 0
 0
 0
 0
 0
 0
 0
 0
 0
 0
 0
 0
 0
 0
 0
 0
 0
 0
 0
 0
 0
 0
 0
 0
 0
 0
 0
 0
 0
 0
 0
 0
 0
 0
 0
 0
 0.9949405101149374
 0.9909889927390833
 0.5029684238226754
 0.4930986294670975
 0.4873617137466096
 0.652934802361298
 0.6901212907594372
 0.7080873429540165
 0.7356044692192777
 0.7634127875220009
 0.7982023612315449
 0.8146476299036901
 0.8033039063799037
 0.8144785393845189
 0.8320388597652821
 0.8401791075928364
 0.8486032900194522
 0.8550659871819636
 0.843891515879673
 0.8612491070458724
 0.8711063887889687
 0.887234324323427
 0.8766159178827453
 0.8924483104651069
 0.8615063429859309
 0.8728221688048247
 0.8768711235576075
 0.8754893404161354
 0
 0
 0
 0
 0
 0
 0
 0
 0
 0
 0
 0
 0
 0
 0
 0
 0
 0
 0
 0
 0
 0
 0
 0
 0
 0
 0
 0
 0
 0
 0
 0
 0
 0
 0
 0
 0
 0
 0
 0
 0
 0
 0
 0
 0
 0
 0
 0
 0
 0
 0
 0
 0
 0
 0
 0
 0
 0
 0
 0


