# Created by Octave 3.8.2, Sun Nov 15 15:29:46 2015 CET <dkottke@snake4>
# name: mus
# type: matrix
# ndims: 3
 1 30 19
 0
 0
 0.4974958263772948
 0.7115812917594655
 0.7247910863509757
 0.726309921962096
 0.7370761534185671
 0.7371651785714286
 0.7386934673366825
 0.7558659217877096
 0.7531670783204526
 0.7533557046979865
 0.7556670382757337
 0.7283761160714288
 0.713725490196078
 0.7360491071428571
 0.7319140989729225
 0.7379349046015715
 0.7373620220764678
 0.7376404494382023
 0.7419607843137253
 0.7414889637111861
 0.7369007803790417
 0.7409909909909912
 0.7453521126760564
 0.7480490523968784
 0.7466329966329964
 0.7357700892857143
 0.7374860956618468
 0.7406779661016951
 0
 0
 1
 0.25
 0.6
 0.7
 0.7
 0.8
 0.8
 0.8
 0.5333333333333333
 0.6
 0.7333333333333333
 0.4333333333333333
 0.4
 0.3666666666666666
 0.5999999999999999
 0.65
 0.6166666666666666
 0.7
 0.6799999999999999
 0.65
 0.78
 0.74
 0.72
 0.6599999999999999
 0.7466666666666667
 0.6399999999999999
 0.6533333333333333
 0.7
 0
 0
 1
 0.6049246507321515
 0.7281881597037202
 0.7555800505862911
 0.6828532532038208
 0.6569184072041476
 0.6311072022445336
 0.7617763044694887
 0.6440230266403258
 0.6742797603404715
 0.6111272487405065
 0.6087412023143504
 0.5051645900718496
 0.4742116480895915
 0.6144117326493762
 0.5815514080772107
 0.6327164315882416
 0.6065452503527299
 0.660394836530155
 0.7045535960625612
 0.7180128617148875
 0.7189112087433804
 0.729442370387006
 0.754886657553248
 0.7785197932694152
 0.7286875696317019
 0.6747423619133257
 0.7117598311329422
 0
 0
 0.9999999999842254
 0.4834923716960551
 0.6314643536403101
 0.6547369417458087
 0.5903159056426401
 0.6015204384523518
 0.6350838863783811
 0.6336928136323308
 0.5090709675297307
 0.5625845225879925
 0.6197083965596145
 0.5639994031183047
 0.4867016454827403
 0.4826046943518779
 0.5328128369354909
 0.5722897397221125
 0.6031598653434166
 0.6066026190943611
 0.6180607421369616
 0.6457955959898631
 0.6624121194599228
 0.6768550357595102
 0.6725399681971345
 0.6839680822743338
 0.6999542197816812
 0.6387532339185741
 0.6573355253695392
 0.6681074798809521
 0
 0
 0.9999999999717075
 0.4861475434674963
 0.6137710956842217
 0.7226932623796474
 0.5916472391515332
 0.5648536316153893
 0.6266402907306283
 0.6316436324273083
 0.5176207570154904
 0.5690525081631879
 0.6167589621384946
 0.5640555899812624
 0.4862398764155182
 0.4879457723991501
 0.5331258676828283
 0.564995182345542
 0.5960161219641389
 0.603214315375753
 0.6261785002805355
 0.6434349275132174
 0.6684378053652505
 0.6744024302729621
 0.6742909778081765
 0.6811475819310521
 0.69841409882603
 0.6399830357005898
 0.659443310989213
 0.6652800340215416
 0
 0
 0.9999999999598221
 0.4999583333035322
 0.6744974538680951
 0.6390461735009012
 0.653050500178056
 0.545828464225351
 0.6595947011109371
 0.6536360445735582
 0.5176453318756961
 0.5588438184561471
 0.6139972223167762
 0.6024908943671885
 0.4773148961901441
 0.4719450733889021
 0.5019509379095082
 0.568673611460459
 0.5898717869230629
 0.5940489206323839
 0.6724970282541946
 0.5960761537210835
 0.671091349650991
 0.6644393222590578
 0.5981291990551403
 0.6348388659947073
 0.6961347777660133
 0.6563088351020164
 0.6688384210310485
 0.6198593555300462
 0
 0
 1
 0.7144785947464739
 0.7689186392385382
 0.7442825313421237
 0.7286501519502061
 0.7015255120992242
 0.7401684841364357
 0.6664474434309998
 0.6037048654657627
 0.6625467975007517
 0.7863155764625953
 0.7326349537399912
 0.6484296781862321
 0.6395417865214876
 0.6351306462212284
 0.6658316178733811
 0.716981155286776
 0.7463855485356214
 0.7205800720419232
 0.7643453481237971
 0.7343558777718481
 0.7435134429868329
 0.7668662115591574
 0.7526309601706971
 0.7776130206501194
 0.7256468200613282
 0.755957152152283
 0.7443797302358931
 0
 0
 0.9999999999773154
 0.5234992511753402
 0.7002136363355383
 0.7105974954156562
 0.5998788589305983
 0.5744988490516405
 0.6358064367456469
 0.6220184411043088
 0.508843483870687
 0.5734421904526406
 0.6102464756452032
 0.5805002511981744
 0.4907848012525836
 0.507744460765772
 0.5498001343922744
 0.5824107514628174
 0.6144663574223468
 0.6251004445850612
 0.6381481498276317
 0.6584970051098473
 0.6767684474461927
 0.6868249449909024
 0.6891964855394297
 0.6991180602097351
 0.7128007276076771
 0.6489091473264698
 0.6661830712585898
 0.6798782492284364
 0
 0
 0.999999999979952
 0.5045945254755743
 0.6557578438364431
 0.7379768497927214
 0.6023918430407919
 0.5719195664476669
 0.6306417618140674
 0.6076623465691786
 0.5006493801820023
 0.5767913303614824
 0.6138640971654878
 0.5780973631519462
 0.4935274749791996
 0.5066877050354915
 0.5414385091127712
 0.5789932281122759
 0.6063132723691038
 0.6171103797376069
 0.6369744167853728
 0.6486922152116287
 0.6844703391517846
 0.6887300778150832
 0.6849415692756107
 0.7006072304961961
 0.7062351741739403
 0.6490269505655059
 0.6702464486464894
 0.6746320198959526
 0
 0
 0.9999999999923884
 0.5179138287781883
 0.7547551580069762
 0.645329682652795
 0.5995204541620855
 0.5724469807571657
 0.603230314693099
 0.621197922484183
 0.4993927098548007
 0.5678344749782521
 0.5981978183241392
 0.5600390264288387
 0.4830523563208072
 0.4919453126670096
 0.5357043856004453
 0.5696716298930724
 0.6005507429008082
 0.6129361515095064
 0.6334679819924057
 0.6512923581748105
 0.6720048535257634
 0.6735826692890418
 0.6829517953495496
 0.6909104696808798
 0.7083633544095602
 0.6405600421868557
 0.6611894768598804
 0.6699345768430696
 0
 0
 1
 0.7427485737437274
 0.7304424762392734
 0.8721146817781106
 0.7341048311323538
 0.6803829296913797
 0.7249740504848876
 0.6804140157486548
 0.6067939356768567
 0.6880713351458455
 0.7289500260731036
 0.6672641246150078
 0.6130827896060452
 0.6642842594361392
 0.6787378653581685
 0.6990584860856128
 0.7099232411677979
 0.7141562579112409
 0.686000106156084
 0.7519185592941862
 0.7212141824041089
 0.745991107546581
 0.7498814581335754
 0.7707635271660045
 0.763511078156826
 0.7398199310918668
 0.7351655241824936
 0.715706652758428
 0
 0
 0
 0
 0
 0
 0
 0
 0
 0
 0
 0
 0
 0
 0
 0
 0
 0
 0
 0
 0
 0
 0
 0
 0
 0
 0
 0
 0
 0
 0
 0
 0
 0
 0
 0
 0
 0
 0
 0
 0
 0
 0
 0
 0
 0
 0
 0
 0
 0
 0
 0
 0
 0
 0
 0
 0
 0
 0
 0
 0
 0
 0
 0
 0
 0
 0
 0
 0
 0
 0
 0
 0
 0
 0
 0
 0
 0
 0
 0
 0
 0
 0
 0
 0
 0
 0
 0
 0
 0
 0
 0
 0
 0
 0
 0
 0
 0
 0
 0
 0
 0
 0
 0
 0
 0
 0
 0
 0
 0
 0
 0
 0
 0
 0
 0
 0
 0
 0
 0
 0
 0
 0
 0
 0
 0
 0
 0
 0
 0
 0
 0
 0
 0
 0
 0
 0
 0
 0
 0
 0
 0
 0
 0
 0
 0
 0
 0
 0
 0
 0
 0
 0.9905364815895792
 0.5203216798498091
 0.6675503989355696
 0.7355929086771633
 0.6044905044241422
 0.5706567855625361
 0.6412663981833469
 0.6073395541879711
 0.5138700012463383
 0.5774774756604485
 0.6189437437250646
 0.5817324242416484
 0.4903310724854251
 0.5061765679130428
 0.5407842302506617
 0.5825700249373087
 0.6022075910971743
 0.6163347814835365
 0.6337387143961412
 0.650832552746348
 0.6801191096982245
 0.6857846307849432
 0.6829944115779629
 0.6992324722915502
 0.7069992081316043
 0.6475236472422524
 0.6696988839674063
 0.6724028886720504
 0
 0
 0
 0
 0
 0
 0
 0
 0
 0
 0
 0
 0
 0
 0
 0
 0
 0
 0
 0
 0
 0
 0
 0
 0
 0
 0
 0
 0
 0
 0
 0
 0
 0
 0
 0
 0
 0
 0
 0
 0
 0
 0
 0
 0
 0
 0
 0
 0
 0
 0
 0
 0
 0
 0
 0
 0
 0
 0
 0


