# Created by Octave 3.8.2, Mon Nov 16 02:15:34 2015 CET <dkottke@snake7>
# name: mus
# type: matrix
# ndims: 3
 1 30 19
 0
 0
 0.4987468671679196
 0.4983277591973244
 0.8610878661087874
 0.887772194304858
 0.9131161236424401
 0.9177852348993288
 0.907268170426064
 0.9319327731092441
 0.9482902418682229
 0.9469696969696967
 0.8938127090300994
 0.9378151260504204
 0.9004219409282695
 0.9375
 0.9436974789915958
 0.9457070707070699
 0.9281537176274014
 0.9491525423728816
 0.9448621553884705
 0.9217171717171717
 0.9356187290969902
 0.9226190476190478
 0.9029787234042559
 0.9197324414715717
 0.9025673400673399
 0.9158163265306121
 0.9170425873537732
 0.9273504273504275
 0
 0
 1
 1
 0.8
 0.8
 0.7
 0.9
 0.7
 1
 0.6333333333333333
 0.7
 0.6
 0.7666666666666666
 0.6666666666666666
 0.55
 0.65
 0.7833333333333333
 0.5333333333333333
 0.65
 0.53
 0.61
 0.64
 0.68
 0.6399999999999999
 0.6066666666666667
 0.5533333333333335
 0.5000000000000001
 0.38
 0.5333333333333333
 0
 0
 1
 1
 0.7146678033065539
 0.7555800505862911
 0.8187921064691468
 0.8164743310867754
 0.8379681583341445
 0.8373343095281178
 0.8546724734274154
 0.8419698602928606
 0.8146080703892816
 0.7659960410365219
 0.7263289008064766
 0.678411332666814
 0.7468985549145447
 0.6995494135321372
 0.6977796961198911
 0.7116135649103643
 0.6874716283124057
 0.6478178611882008
 0.6124991393282674
 0.4698746889432153
 0.6867964014184792
 0.6351154601750346
 0.6133452296857631
 0.6063676677780611
 0.6062432561460245
 0.576603535620016
 0
 0
 0.9999999999725584
 0.9999999999013532
 0.6409695238505794
 0.784739586006286
 0.758795502985231
 0.7179075964663325
 0.6995324409988047
 0.6782293236527905
 0.6794197170908653
 0.6860293736970174
 0.675556669638542
 0.6370525342043445
 0.6458958066518378
 0.6021935179297551
 0.6107098079688589
 0.6182039546820512
 0.6175924911729377
 0.6088427308812505
 0.5958250940721533
 0.6018296553301495
 0.5983152730947147
 0.5834946880678119
 0.5808518926811517
 0.5805243294956876
 0.5719656186261449
 0.5659239362899028
 0.5544144647014215
 0.5548295647467983
 0
 0
 0.999999999980647
 0.9999999998963446
 0.8025426325398963
 0.780906068159537
 0.7398168019305221
 0.7111557665120187
 0.7162759913501853
 0.6637309290380549
 0.6621120957014055
 0.6511289465004345
 0.6864092125696497
 0.6426043166147263
 0.6431865380025324
 0.6062431073608316
 0.6028445659991499
 0.6154959843374321
 0.6225504901873352
 0.6101847039748489
 0.59813855568543
 0.595085697546116
 0.5975248905161248
 0.5806175203003299
 0.5810270900169932
 0.5854912555167124
 0.56509059155222
 0.5702276842661899
 0.5563630347681165
 0.5553309951022681
 0
 0
 0.9999999999746841
 0.9999999999557043
 0.7166507903179178
 0.6729078024309922
 0.7811097664478962
 0.7056122460165798
 0.7131635700277397
 0.6627863490298589
 0.6507080468188743
 0.6721159669397248
 0.6606079823636386
 0.6332556136169997
 0.6229292393520992
 0.5821296407479517
 0.5663417224420328
 0.643932868460255
 0.7252270253707201
 0.6352333832102447
 0.594850351760947
 0.6227437370892368
 0.5872779760669604
 0.5692482044759168
 0.6017284952483429
 0.5375815741253858
 0.5448458693722519
 0.5230912742948813
 0.5636828270350611
 0.5531865582329744
 0
 0
 1
 0.9999999999816838
 0.780509852916474
 0.7830504841271777
 0.8328552682866357
 0.7709218183232741
 0.741819501962896
 0.7677186181858192
 0.730040966855372
 0.7598337061033642
 0.755451312583759
 0.7440219366423806
 0.7307556552825483
 0.7160614574597666
 0.6964355279592194
 0.6659930854080498
 0.7259521784100843
 0.7075232931025619
 0.7206437673354966
 0.7008511947262662
 0.7088218566237067
 0.7169176074771674
 0.6904666602579002
 0.6999731258285142
 0.645155258479046
 0.633546054264451
 0.6517543331703213
 0.6523759807807705
 0
 0
 0.9999999999862035
 0.9999999999743276
 0.679971419175737
 0.7517663802873041
 0.7642987666733303
 0.7045366440134326
 0.7346933249612196
 0.7155905268253927
 0.6960937664073363
 0.6937742013710806
 0.687133483740144
 0.6583475855958367
 0.6452697319741503
 0.6230435181944034
 0.6274296866938196
 0.6326781008821089
 0.6313107710752685
 0.6287620092011302
 0.6222993851048579
 0.6216952699196927
 0.6217193520325014
 0.6063051319295139
 0.5923315782635472
 0.5881851167622342
 0.5816178597139998
 0.5803542628477562
 0.5644368467112173
 0.5702535782106697
 0
 0
 0.999999999979112
 0.9999999999922145
 0.7668733233452555
 0.7349913882510086
 0.7478050544276229
 0.7105696596379253
 0.7266877342299303
 0.6981128367285018
 0.6871103188091467
 0.6745720832605437
 0.7047592867856719
 0.6462812177726001
 0.6424284386480053
 0.6242898985326247
 0.6139764731651016
 0.6254464001241409
 0.6304005875329389
 0.6281908983779976
 0.6270606314433086
 0.6112284581197659
 0.6248903103564607
 0.5972461003623497
 0.5892630778390682
 0.5960086632904715
 0.5797170548264333
 0.5822175216438769
 0.5664876884116974
 0.563943442234452
 0
 0
 1
 0.9999999999997614
 0.792916289577455
 0.662947017505304
 0.7429617671017815
 0.7388689798311143
 0.7168645261892731
 0.6813327885735697
 0.6804238736405026
 0.670396223762586
 0.6746859657438773
 0.6463151135755806
 0.6304900862581085
 0.6001407596397186
 0.6071773100781861
 0.6206200882524315
 0.6333768557889279
 0.6059092882339636
 0.6011776176877529
 0.6243905757772702
 0.6074141397846644
 0.598399853649578
 0.6509276205237239
 0.5768137160593172
 0.5656073656094989
 0.5609719951560355
 0.5679521326281773
 0.5592182291011143
 0
 0
 1
 1
 0.7923653394396911
 0.7794118036161121
 0.8292707079545877
 0.7723310414408758
 0.7175537519477803
 0.7940304727006319
 0.7759493377900086
 0.7292963765689536
 0.7103703358025203
 0.7094138442263248
 0.6997740546648326
 0.6712510746111038
 0.7833541143247964
 0.6682780270075506
 0.7707253360262623
 0.6858129169352335
 0.7021931172953172
 0.6814253104807525
 0.7149432880257814
 0.6827410018159884
 0.6613606865097471
 0.7252333085301537
 0.6521089854288203
 0.6302138294696837
 0.6475773746764194
 0.6251646441250199
 0
 0
 0
 0
 0
 0
 0
 0
 0
 0
 0
 0
 0
 0
 0
 0
 0
 0
 0
 0
 0
 0
 0
 0
 0
 0
 0
 0
 0
 0
 0
 0
 0
 0
 0
 0
 0
 0
 0
 0
 0
 0
 0
 0
 0
 0
 0
 0
 0
 0
 0
 0
 0
 0
 0
 0
 0
 0
 0
 0
 0
 0
 0
 0
 0
 0
 0
 0
 0
 0
 0
 0
 0
 0
 0
 0
 0
 0
 0
 0
 0
 0
 0
 0
 0
 0
 0
 0
 0
 0
 0
 0
 0
 0
 0
 0
 0
 0
 0
 0
 0
 0
 0
 0
 0
 0
 0
 0
 0
 0
 0
 0
 0
 0
 0
 0
 0
 0
 0
 0
 0
 0
 0
 0
 0
 0
 0
 0
 0
 0
 0
 0
 0
 0
 0
 0
 0
 0
 0
 0
 0
 0
 0
 0
 0
 0
 0
 0
 0
 0
 0
 0
 0.971526955366033
 0.9916271763570417
 0.7282567371779604
 0.7229910745043201
 0.7439429204820204
 0.7034520573672475
 0.7289200787523562
 0.6863260630988678
 0.6775295485130128
 0.6631536138746973
 0.698509840975308
 0.651872738826068
 0.6485912260502094
 0.6268219685125213
 0.6136578975932485
 0.6205913513930212
 0.6300203190284561
 0.6246310846986921
 0.6226588417595199
 0.6146068291579599
 0.6232201545611389
 0.5960606634581372
 0.5823134699253991
 0.5946698353223283
 0.5777394698633995
 0.5798849180194842
 0.5665011021564295
 0.5637725631290954
 0
 0
 0
 0
 0
 0
 0
 0
 0
 0
 0
 0
 0
 0
 0
 0
 0
 0
 0
 0
 0
 0
 0
 0
 0
 0
 0
 0
 0
 0
 0
 0
 0
 0
 0
 0
 0
 0
 0
 0
 0
 0
 0
 0
 0
 0
 0
 0
 0
 0
 0
 0
 0
 0
 0
 0
 0
 0
 0
 0


