# Created by Octave 3.8.2, Sun Nov 15 23:53:57 2015 CET <dkottke@snake1>
# name: mus
# type: matrix
# ndims: 3
 1 30 19
 0
 0
 0.8937198067632848
 0.9711538461538461
 0.9658536585365852
 0.9656862745098038
 0.9802955665024631
 0.9663461538461539
 0.9806763285024155
 0.9749999999999999
 0.9760765550239233
 0.9754901960784313
 0.9855769230769231
 0.9846938775510204
 0.9846153846153847
 0.9855769230769231
 0.9852941176470589
 0.9848484848484849
 0.9856459330143541
 0.9850000000000001
 0.9894179894179894
 0.994949494949495
 0.9951690821256037
 0.9895833333333333
 1
 1
 1
 1
 1
 1
 0
 0
 0.3333333333333333
 0
 0.2
 0.3
 0.3
 0.1
 0.5
 0.3
 0.6333333333333333
 0.7
 0.6666666666666667
 0.7
 0.6
 0.7666666666666666
 0.65
 0.8333333333333333
 0.6333333333333333
 0.7
 0.76
 0.6900000000000001
 0.5900000000000001
 0.5
 0.6000000000000001
 0.5800000000000001
 0.7133333333333333
 0.7066666666666668
 0.8333333333333333
 0.7666666666666667
 0
 0
 0.6128261577175085
 0.5714031059457885
 0.7108905971249232
 0.6649761038208645
 0.6649761038208646
 0.568658709869321
 0.6003401715368777
 0.5915251672916639
 0.4438571172487348
 0.6530723936351581
 0.7291212900524671
 0.4613691551887117
 0.6652324505755887
 0.6602331486058703
 0.6093965051015522
 0.686979693123551
 0.6029451888383207
 0.6507120146452792
 0.5879368613933462
 0.5249011040812711
 0.5661548588407497
 0.5285661399212758
 0.5816510751145261
 0.5413951574272816
 0.6134176997132113
 0.7335287325507589
 0.6886330735214085
 0.7085738604858953
 0
 0
 0.3317667465430437
 0.3540317739546982
 0.3308683684475129
 0.4600679712199559
 0.4848747525700397
 0.5222289002213913
 0.5067182842577385
 0.5055049951346371
 0.5180390022760125
 0.5228875946191227
 0.5237808355082008
 0.538051330658823
 0.5633558833480228
 0.5628264818589354
 0.5695307673030243
 0.5987660605065476
 0.5453283337333463
 0.5683255434371586
 0.5546432305187458
 0.5332635306433229
 0.5448182164567388
 0.5181005955273069
 0.5380562579477731
 0.5517223947793896
 0.5658737307331502
 0.5960030116835084
 0.6050236250657421
 0.6233567852610574
 0
 0
 0.4647134744112088
 0.3872412815357866
 0.4016762504873382
 0.4787886806322026
 0.4430054507696738
 0.5275713769574532
 0.5041198191615572
 0.4932484657948769
 0.5072412721912569
 0.5184184093656374
 0.5521209721885031
 0.5433816669371271
 0.552139320642584
 0.5644813881225894
 0.5709059230748069
 0.5958395198192088
 0.5517040897148183
 0.5706839727097555
 0.5599121154346404
 0.5376340788863926
 0.5368873392759219
 0.5225757209385343
 0.543522917042631
 0.5521309100534458
 0.5642686762803569
 0.5979929477853909
 0.6086284359986065
 0.6227945067728742
 0
 0
 0.7132000537375408
 0.3884499072878413
 0.3708225591409032
 0.4999283386564579
 0.4777830591621663
 0.5040815249348141
 0.4679125020903514
 0.496210423440077
 0.5022972522598551
 0.5002743309490854
 0.5118876699351154
 0.546274852594782
 0.5436485674116651
 0.5561814089002661
 0.5858182149141876
 0.6204483747027427
 0.5598378282330172
 0.5824067069593851
 0.5243631961309773
 0.5211181319765472
 0.5580789762316301
 0.5167389314399046
 0.5230468656530712
 0.5358022412536958
 0.5484718352148671
 0.6149819096782059
 0.6188202577040151
 0.5873012605683413
 0
 0
 0.3678794411714423
 0.8154216756398603
 0.6176706824689148
 0.7145989414026075
 0.7632643518894233
 0.7051639127149631
 0.7353180968507665
 0.6905490324305668
 0.6696678472487048
 0.6769153297484902
 0.6935089977098796
 0.7075588560078161
 0.7904347501320428
 0.7290656534372661
 0.8377748236353971
 0.6908200613566056
 0.7014033475307397
 0.7031028167711469
 0.7217142798612404
 0.6998644490642538
 0.7102596989800322
 0.7107484161538992
 0.7197178622343089
 0.7332932496010265
 0.6896060249168349
 0.7028261054662752
 0.7270524386379634
 0.7320512016581352
 0
 0
 0.3314011273157089
 0.4733843252208965
 0.4283629449074944
 0.550515305269724
 0.5648664256856285
 0.5079153786588949
 0.5050660217805227
 0.4890122215102273
 0.5041156660717908
 0.5090526109967722
 0.5339681108792664
 0.536470386505401
 0.574563418691016
 0.5504222765773807
 0.5782775523434838
 0.6056402488254364
 0.5425199375925275
 0.5722313545213557
 0.5751369461544433
 0.542810980843191
 0.5564789129607376
 0.5299885664414384
 0.5445246273915463
 0.5596009776095268
 0.5760798599015419
 0.5998601168817457
 0.6204290463291692
 0.6407119173174843
 0
 0
 0.4349011230807775
 0.4759426708181598
 0.4417710668532795
 0.5913639564067252
 0.5368562299025396
 0.5190899473058531
 0.4984913700977506
 0.4824671341016473
 0.5012442917017659
 0.5174707635477256
 0.5652523095038482
 0.5409096303833438
 0.5631883314666777
 0.5609290277376359
 0.5643753754581595
 0.594370407017301
 0.5390573273693434
 0.5678396286522134
 0.5763651039886423
 0.547226165813701
 0.5429827608012358
 0.5348646105657701
 0.5470701506278526
 0.5501033017937136
 0.5763637111652655
 0.6009799382205074
 0.6188388191769955
 0.638845512106292
 0
 0
 0.825485813479074
 0.4701232608199812
 0.3832837203184505
 0.5577045666704518
 0.5185262420035494
 0.5050693873134399
 0.4678009080309322
 0.500613070037971
 0.4843513480055519
 0.4938328364959906
 0.5229050803603913
 0.5335286752273535
 0.5659626993690704
 0.5531543894200109
 0.5652144067823455
 0.5934776028973417
 0.5376981100413774
 0.5639830629040306
 0.5651359197466458
 0.5359397332076402
 0.5412458185798965
 0.521884542587696
 0.5350981939711955
 0.5468927750291269
 0.5647373162240978
 0.5916636961220882
 0.614105135299116
 0.6307389899947921
 0
 0
 0.3678794411714423
 0.7855732741156133
 0.6058368815248913
 0.7248335619523247
 0.7250975413616224
 0.6983010224101177
 0.6837322133405767
 0.6757350428808119
 0.7006080461450597
 0.6830999739153883
 0.6779544430463154
 0.715273113606015
 0.7173584778956722
 0.684488017536719
 0.7119860697875966
 0.6957787023264017
 0.6743229263518802
 0.6873300625136854
 0.7033188649122262
 0.7038090378310411
 0.7077979236358245
 0.6789486596808186
 0.6919757915999575
 0.7179448035712599
 0.6739460296255884
 0.6998494443596857
 0.7094733253416569
 0.7365347486621208
 0
 0
 0
 0
 0
 0
 0
 0
 0
 0
 0
 0
 0
 0
 0
 0
 0
 0
 0
 0
 0
 0
 0
 0
 0
 0
 0
 0
 0
 0
 0
 0
 0
 0
 0
 0
 0
 0
 0
 0
 0
 0
 0
 0
 0
 0
 0
 0
 0
 0
 0
 0
 0
 0
 0
 0
 0
 0
 0
 0
 0
 0
 0
 0
 0
 0
 0
 0
 0
 0
 0
 0
 0
 0
 0
 0
 0
 0
 0
 0
 0
 0
 0
 0
 0
 0
 0
 0
 0
 0
 0
 0
 0
 0
 0
 0
 0
 0
 0
 0
 0
 0
 0
 0
 0
 0
 0
 0
 0
 0
 0
 0
 0
 0
 0
 0
 0
 0
 0
 0
 0
 0
 0
 0
 0
 0
 0
 0
 0
 0
 0
 0
 0
 0
 0
 0
 0
 0
 0
 0
 0
 0
 0
 0
 0
 0
 0
 0
 0
 0
 0
 0
 0.3515484057096736
 0.5097373362311372
 0.4630679732168137
 0.6105650936063428
 0.5331159914870548
 0.5216283084633777
 0.5092737899984411
 0.4826055666355724
 0.505127413790644
 0.5099011779933043
 0.5614350626034724
 0.5552877890307162
 0.5628336044497458
 0.5572636663775629
 0.565704777037906
 0.5918564981019285
 0.5367110268295999
 0.5632547253173672
 0.5746987024368827
 0.5430186735686316
 0.5454610881105935
 0.5358837399742988
 0.5452805768693729
 0.5530132886868303
 0.5735405966497577
 0.6005926246621855
 0.6177393293489675
 0.6337544061121296
 0
 0
 0
 0
 0
 0
 0
 0
 0
 0
 0
 0
 0
 0
 0
 0
 0
 0
 0
 0
 0
 0
 0
 0
 0
 0
 0
 0
 0
 0
 0
 0
 0
 0
 0
 0
 0
 0
 0
 0
 0
 0
 0
 0
 0
 0
 0
 0
 0
 0
 0
 0
 0
 0
 0
 0
 0
 0
 0
 0


