# Created by Octave 3.8.2, Sun Nov 15 23:48:59 2015 CET <dkottke@snake4>
# name: mus
# type: matrix
# ndims: 3
 1 30 19
 0
 0
 0.4987468671679199
 0.3964646464646465
 0.4962025316455698
 0.4936868686868686
 0.5438596491228073
 0.548469387755102
 0.5347222222222223
 0.5794871794871796
 0.5814393939393939
 0.6464646464646464
 0.6764102564102568
 0.6843112244897959
 0.7051282051282051
 0.7369791666666666
 0.7090082409775506
 0.696969696969697
 0.7042606516290727
 0.6973684210526315
 0.6716791979949875
 0.7196969696969697
 0.7121341290139246
 0.7031250000000001
 0.7013333333333331
 0.7056410256410256
 0.7221019721019722
 0.7385204081632654
 0.7326721254757237
 0.7282051282051282
 0
 0
 1
 0.25
 0.4
 0.9
 0.4
 0.6
 0.6
 0.7
 0.4333333333333333
 0.7
 0.4
 0.5333333333333333
 0.5333333333333333
 0.4833333333333333
 0.4166666666666666
 0.7333333333333333
 0.5333333333333333
 0.55
 0.6
 0.5700000000000001
 0.6699999999999999
 0.6
 0.6
 0.6666666666666666
 0.6666666666666666
 0.6866666666666666
 0.5399999999999999
 0.5333333333333333
 0
 0
 1
 0.4163808161738167
 0.4878098464561
 0.6963738789204792
 0.5203995808044675
 0.6944750632328638
 0.5012200260447468
 0.7718044782628907
 0.6559135294022455
 0.6105359640545271
 0.6718020294533642
 0.6816607594886668
 0.7195813996095989
 0.7140748753659749
 0.694286783744865
 0.7190455532970752
 0.6476821225914915
 0.6897254449494932
 0.6822465710475734
 0.7059074342373093
 0.7462388397712137
 0.778357517971479
 0.7034743011608406
 0.7085787935093298
 0.662248103710172
 0.7199195319207083
 0.6770804544553568
 0.6896820413144594
 0
 0
 0.9999999999627064
 0.3777482228011934
 0.465677757340644
 0.6756153902583164
 0.4885741348995127
 0.5203861817585245
 0.6159236028691516
 0.562087664096579
 0.5694305717499385
 0.5587928645289835
 0.581699105747536
 0.5804396167683767
 0.6004400991138874
 0.5996168929751509
 0.6198046587819015
 0.629106409061817
 0.5867099729301056
 0.5950306442075038
 0.599649775920433
 0.6176993905697719
 0.5959520967844955
 0.6143320721079502
 0.6143681848080238
 0.5979316812753793
 0.59319770280384
 0.5944114415327371
 0.6016394765200097
 0.6045084661601225
 0
 0
 0.9999999999812574
 0.3374917620568764
 0.3918880640144004
 0.6306859777149989
 0.5035490250023177
 0.5274767891961698
 0.625232203838634
 0.5497754924456979
 0.5800073011259634
 0.5632340239154483
 0.5717350463154945
 0.5819335283371075
 0.6044177507617667
 0.6067607583401423
 0.6376568307051698
 0.6256572436673974
 0.5903981344946059
 0.595820113909288
 0.6010333138606259
 0.622209337893101
 0.6005220882392106
 0.612152826401462
 0.6225472643262172
 0.6020942755146378
 0.5934769455203296
 0.5911679367668992
 0.6024359163363743
 0.601523312700547
 0
 0
 0.9999999999885927
 0.5275204684706831
 0.4083265038056574
 0.5499979379916294
 0.5131749368844221
 0.48775565632485
 0.6452746592333307
 0.5624177231057242
 0.5461500530092046
 0.5495967320898569
 0.5671834545322536
 0.5590319610448087
 0.5653937570272816
 0.5874240110892333
 0.6078536911541749
 0.6410887148474006
 0.5425847311511374
 0.6205707787640601
 0.6363726369970928
 0.5747391225590749
 0.6026087003316447
 0.590402991584675
 0.6133806041945604
 0.6204935219340912
 0.6005647669768144
 0.6525793208763683
 0.5748326951803749
 0.6275782793016477
 0
 0
 1
 0.7432336588463583
 0.651194203407407
 0.6889460764307314
 0.6242411233827706
 0.723396260979595
 0.6868277039173322
 0.7387354225719721
 0.6546573948211215
 0.6904169652544596
 0.7226241887126367
 0.7499887289051053
 0.7387907609506207
 0.655062862815211
 0.7039058047345274
 0.7341999645365296
 0.7046292059276617
 0.6498798846370067
 0.6994397659612007
 0.6926698601766096
 0.6667328907391981
 0.6665782319897312
 0.7742916565327301
 0.6926876430673388
 0.7175549044530041
 0.6739638130112833
 0.6984188539946437
 0.7264467219280502
 0
 0
 0.9999999999758012
 0.4174201855436832
 0.4574068772519377
 0.5796573750899068
 0.4637974168257131
 0.500223438100008
 0.5974775481523557
 0.5665823572636096
 0.5692114940444225
 0.5808229800201663
 0.5917608151125309
 0.5888133914464988
 0.6145308666766687
 0.6063244765380318
 0.6251503520984796
 0.6214187003735555
 0.601710213460346
 0.6035508836913241
 0.6083519571669324
 0.629868024506911
 0.599451425133823
 0.6177008145536853
 0.6293519658793111
 0.605802261737294
 0.6024985336585078
 0.606814300129668
 0.6093420184329837
 0.6113148818205775
 0
 0
 0.999999999980003
 0.3740817502373964
 0.3424231442230529
 0.5506709245803614
 0.4832612968073026
 0.5133771649681316
 0.5883522206037131
 0.5695136109163178
 0.5660541463532072
 0.5862395920100626
 0.5749419525988936
 0.6101005009529414
 0.6168842855574683
 0.620209438877086
 0.6471879997907806
 0.6325023390092879
 0.6082378898730227
 0.6044733183367091
 0.6126827777876038
 0.6251235750498472
 0.606659467512829
 0.6161980038448017
 0.6204025804495824
 0.6107006499136162
 0.5999588115502263
 0.6001830983510625
 0.6063559674911005
 0.6061783529945476
 0
 0
 0.9999999999739535
 0.5085803590861799
 0.4111750650296902
 0.548046057543448
 0.4786873285806794
 0.5010426822077997
 0.5685398811253408
 0.5613785403117055
 0.5809193115412452
 0.61460959202829
 0.5766414389658769
 0.6341478510961089
 0.5986745810921681
 0.5915776383005173
 0.6220548052096614
 0.6213247376885251
 0.6153536320953897
 0.6049411048209362
 0.6120504130214968
 0.5978689988290757
 0.5978703599432341
 0.6396366144920343
 0.6122379602946015
 0.6006070048608649
 0.594926210452742
 0.6036289990293755
 0.6045767257876005
 0.6412130483810741
 0
 0
 1
 0.7089249041772383
 0.6886503391194232
 0.67746432730706
 0.614710506580092
 0.7085904916508068
 0.709673621142155
 0.69770360808701
 0.6399772536712732
 0.6698215398155681
 0.6933631643203096
 0.6895558982312796
 0.7164456946004754
 0.6755015547685487
 0.6931808293830504
 0.6898525840274905
 0.6634048799412491
 0.6752077636742374
 0.671048361346704
 0.7639732208875916
 0.70380316768845
 0.6965932515746117
 0.6960900276204327
 0.7025807930148635
 0.6761008715238752
 0.6755717568326167
 0.682681970727997
 0.7392631423186111
 0
 0
 0
 0
 0
 0
 0
 0
 0
 0
 0
 0
 0
 0
 0
 0
 0
 0
 0
 0
 0
 0
 0
 0
 0
 0
 0
 0
 0
 0
 0
 0
 0
 0
 0
 0
 0
 0
 0
 0
 0
 0
 0
 0
 0
 0
 0
 0
 0
 0
 0
 0
 0
 0
 0
 0
 0
 0
 0
 0
 0
 0
 0
 0
 0
 0
 0
 0
 0
 0
 0
 0
 0
 0
 0
 0
 0
 0
 0
 0
 0
 0
 0
 0
 0
 0
 0
 0
 0
 0
 0
 0
 0
 0
 0
 0
 0
 0
 0
 0
 0
 0
 0
 0
 0
 0
 0
 0
 0
 0
 0
 0
 0
 0
 0
 0
 0
 0
 0
 0
 0
 0
 0
 0
 0
 0
 0
 0
 0
 0
 0
 0
 0
 0
 0
 0
 0
 0
 0
 0
 0
 0
 0
 0
 0
 0
 0
 0
 0
 0
 0
 0
 0.9877009080913438
 0.3766655086937557
 0.3507854015102027
 0.5508829598836922
 0.4786365276695372
 0.5030057781004821
 0.5804395113473736
 0.5719538744812759
 0.5710911670750126
 0.584675359254177
 0.5712493051854887
 0.6071228825184515
 0.6111673844068318
 0.6205464549293491
 0.6529691006013983
 0.6279144350075628
 0.6089775492447679
 0.6015782753019926
 0.6069000633900377
 0.6271301350319659
 0.6050277728259585
 0.6133490515350691
 0.6167622133110992
 0.6071844746139112
 0.6043889677122338
 0.6008507052376678
 0.6003942494937897
 0.601839128121853
 0
 0
 0
 0
 0
 0
 0
 0
 0
 0
 0
 0
 0
 0
 0
 0
 0
 0
 0
 0
 0
 0
 0
 0
 0
 0
 0
 0
 0
 0
 0
 0
 0
 0
 0
 0
 0
 0
 0
 0
 0
 0
 0
 0
 0
 0
 0
 0
 0
 0
 0
 0
 0
 0
 0
 0
 0
 0
 0
 0


