# Created by Octave 3.8.2, Sun Nov 15 15:12:39 2015 CET <dkottke@snake6>
# name: mus
# type: matrix
# ndims: 3
 1 30 19
 0
 0
 0.4974958263772957
 0.4972160356347439
 0.6802228412256277
 0.7034559643255298
 0.6953863257365209
 0.68359375
 0.6253489670575096
 0.6055865921787709
 0.6041749661381564
 0.598434004474273
 0.5896506874767743
 0.5509207589285714
 0.561904761904762
 0.6060267857142857
 0.6193090569561158
 0.6268237934904601
 0.6255399136138214
 0.6241573033707862
 0.6267787114845941
 0.6291931662302034
 0.6356373095503532
 0.6295045045045046
 0.631549295774648
 0.6269044964697139
 0.6315937149270483
 0.6406250000000001
 0.6523915461624025
 0.6531073446327683
 0
 0
 1
 1
 0.6
 0.4
 0.6
 0.8
 0.5
 0.4
 0.5666666666666667
 0.3333333333333333
 0.5333333333333333
 0.3666666666666666
 0.3333333333333333
 0.5499999999999999
 0.5833333333333333
 0.5666666666666667
 0.5833333333333333
 0.55
 0.6799999999999999
 0.72
 0.78
 0.63
 0.6000000000000001
 0.6866666666666668
 0.7
 0.68
 0.6933333333333334
 0.5666666666666667
 0
 0
 1
 1
 0.7590320564749293
 0.6125020878347884
 0.7779907491449488
 0.6252857249579069
 0.7553693437333482
 0.4496243919979235
 0.6065473077954899
 0.5606839406761867
 0.5159054914415385
 0.4139082769239255
 0.5584366117311017
 0.588856157634735
 0.6133307341730684
 0.4708441093757331
 0.5387075611362343
 0.5658089684594951
 0.6181718496015498
 0.6072075440460124
 0.6275219429146376
 0.6075605422561046
 0.6419528653191499
 0.5622921557551717
 0.6841121713156326
 0.6505192767354921
 -3.856095857039442
 0.758283553169622
 0
 0
 0.9999999999686237
 0.9999999998511353
 0.6471707480107953
 0.6123506288665658
 0.5854850150420668
 0.543004866922889
 0.5353346006044404
 0.4729141259377415
 0.501453390646459
 0.4970739077009953
 0.4738896121703823
 0.4486754825418586
 0.4564073299369679
 0.491240644933353
 0.5047193627102933
 0.5235627665911546
 0.5386003539459039
 0.5366107051867814
 0.5526532831895916
 0.568490856701383
 0.5836460918725574
 0.570955858656749
 0.5728726606167756
 0.5590037581652711
 0.5697216408275424
 0.583665491024138
 0.5983853437177206
 0.6076490901144013
 0
 0
 0.9999999999753579
 0.9999999998569198
 0.6230848988314984
 0.5694621537052533
 0.613836087696835
 0.54118151311728
 0.5388916422121498
 0.4763405465489373
 0.485261021429115
 0.5146033218575623
 0.473325438959771
 0.447075344169506
 0.457682946824992
 0.487046908502043
 0.5139452245397647
 0.5204533850079376
 0.5422162784775054
 0.5329177555068525
 0.5572063327150047
 0.57144930348268
 0.5889066874536913
 0.5715539759666791
 0.5746019018092067
 0.5628233710320532
 0.5674344079486153
 0.5833161570003286
 0.5958421361883172
 0.6107427828416286
 0
 0
 0.9999999999632764
 0.9999999999975669
 0.6660659182713721
 0.563000282280442
 0.6393350376300068
 0.5635614834544292
 0.5107797060679072
 0.4803054527047645
 0.5119641921672551
 0.497932723172543
 0.4669902884578737
 0.4257111588642386
 0.4500812142193403
 0.514664729948522
 0.503631507907601
 0.5373830640504464
 0.5299951762148856
 0.5423887297371962
 0.5391663312925495
 0.6285184504659668
 0.5584761224454652
 0.5709429821693349
 0.6062215645870421
 0.5716259856235608
 0.5628374417992531
 0.5955398132570013
 0.5498537786648396
 0.5867749560368468
 0
 0
 1
 0.9999999999982794
 0.8924241562124106
 0.7264406861734406
 0.7164656316788933
 0.7180067244649003
 0.6613755988403668
 0.6245293449015924
 0.692785983851868
 0.7071973147605686
 0.659158330868884
 0.5772879051813268
 0.5856625825376514
 0.6670086744477288
 0.6548164992152308
 0.6622400854835196
 0.6832635097742216
 0.6319706993470871
 0.7010521070968153
 0.6935227342699117
 0.607504374463257
 0.6454200455397859
 0.6491942334618301
 0.689891410295502
 0.691366352270502
 0.7156250435093862
 0.7662764622279575
 0.6858870410676097
 0
 0
 0.9999999999854773
 0.9999999999992215
 0.6601912121854993
 0.6106607667915959
 0.6004698877598559
 0.5491986070664001
 0.5048749938110355
 0.4529397932361339
 0.5278776823161669
 0.5184849102335356
 0.4958762894067988
 0.4543895262857193
 0.4685145777881641
 0.4808591469541
 0.5091593015461695
 0.5241555598481853
 0.5300963270993416
 0.5422627086205973
 0.5686211756098501
 0.5866478062767564
 0.604211088069567
 0.5825939530526453
 0.585649548106112
 0.5668312901979395
 0.5774179120760478
 0.5969874058724414
 0.6108814885568066
 0.6236636416270422
 0
 0
 0.9999999999730596
 0.9999999999918383
 0.6110226762593097
 0.588951079840583
 0.6128751764890944
 0.5280319398179577
 0.538791759274316
 0.4752092245366182
 0.5069593882669299
 0.5281132617727504
 0.5098546261137571
 0.4570865600600388
 0.4659755753501866
 0.4798474970007816
 0.4999077605678294
 0.5098976594415762
 0.5278555647059378
 0.5315295404583427
 0.5723881837777119
 0.5811775048712314
 0.6092014892002854
 0.5794713427678454
 0.5829450283175051
 0.5684021395753912
 0.5755392291560281
 0.5932642029284005
 0.6083427372149581
 0.6221872140941888
 0
 0
 0.9999999999590203
 0.9999999999999613
 0.6037499942890583
 0.690689917624161
 0.5758526974178877
 0.5549009730496538
 0.5124167832758005
 0.4769957858309165
 0.501916949229701
 0.4958245925098883
 0.4947079682166749
 0.4540559149615858
 0.4602892015703971
 0.4722288370440989
 0.4931052532219484
 0.4977343677246156
 0.5200414303255074
 0.5270280681328685
 0.5482588542060896
 0.5745524250902
 0.5898226234388112
 0.6503510273623989
 0.5664521391927976
 0.5761246264601627
 0.5698127478485639
 0.5890532139766617
 0.598338972588301
 0.6135028189554553
 0
 0
 1
 0.9999999999999857
 0.8798067349594355
 0.7201521220055713
 0.6884733550905007
 0.7765339135851601
 0.7198238780922905
 0.6141738736950952
 0.6219362813659971
 0.6404512741388823
 0.6320917920730231
 0.5961460871857198
 0.5599131840819057
 0.6387708104223532
 0.6228394429698872
 0.6169872692632888
 0.6289612632867858
 0.6462903683173512
 0.6557960421822064
 0.6781834496558367
 0.6812566970330963
 0.6848121389783349
 0.6390270855752975
 0.6510463350809197
 0.6532710629182443
 0.6861850561040614
 0.6757664344011601
 0.6641551993821463
 0
 0
 0
 0
 0
 0
 0
 0
 0
 0
 0
 0
 0
 0
 0
 0
 0
 0
 0
 0
 0
 0
 0
 0
 0
 0
 0
 0
 0
 0
 0
 0
 0
 0
 0
 0
 0
 0
 0
 0
 0
 0
 0
 0
 0
 0
 0
 0
 0
 0
 0
 0
 0
 0
 0
 0
 0
 0
 0
 0
 0
 0
 0
 0
 0
 0
 0
 0
 0
 0
 0
 0
 0
 0
 0
 0
 0
 0
 0
 0
 0
 0
 0
 0
 0
 0
 0
 0
 0
 0
 0
 0
 0
 0
 0
 0
 0
 0
 0
 0
 0
 0
 0
 0
 0
 0
 0
 0
 0
 0
 0
 0
 0
 0
 0
 0
 0
 0
 0
 0
 0
 0
 0
 0
 0
 0
 0
 0
 0
 0
 0
 0
 0
 0
 0
 0
 0
 0
 0
 0
 0
 0
 0
 0
 0
 0
 0
 0
 0
 0
 0
 0
 0.9841633130407802
 0.994020108599084
 0.5896964075414219
 0.5709691916070554
 0.5984617442460723
 0.5300587025151999
 0.5350081259736261
 0.4731375348556861
 0.5118203003736447
 0.5359410753430018
 0.5131708334153532
 0.4501313693678062
 0.4711356972004396
 0.4772251540947722
 0.4974476842558163
 0.5132305018160539
 0.526260946489377
 0.5352149503902808
 0.5712836303137292
 0.5827918451638401
 0.6031668255207675
 0.5812092236954005
 0.5840622150954559
 0.5709777093703943
 0.5725006676066594
 0.5941798027125414
 0.6034165116951561
 0.6186925801903409
 0
 0
 0
 0
 0
 0
 0
 0
 0
 0
 0
 0
 0
 0
 0
 0
 0
 0
 0
 0
 0
 0
 0
 0
 0
 0
 0
 0
 0
 0
 0
 0
 0
 0
 0
 0
 0
 0
 0
 0
 0
 0
 0
 0
 0
 0
 0
 0
 0
 0
 0
 0
 0
 0
 0
 0
 0
 0
 0
 0


