# Created by Octave 4.0.0, Tue Nov 10 01:46:05 2015 W. Europe Standard Time <unknown@Florian-PC>
# name: mus
# type: matrix
# ndims: 3
 1 4 19
 0
 0
 0.4837092731829574
 0.4671717171717172
 0
 0
 0.3333333333333333
 0.5
 0
 0
 0.4657076228949096
 0.7682224617628622
 0
 0
 0.3155338794117987
 0.4632085493072754
 0
 0
 0.2349816285115975
 0.3462279286706985
 0
 0
 0.3333333333297931
 0.5000351003681167
 0
 0
 0.7892931470571475
 0.4702134100040462
 0
 0
 0.3172170277190985
 0.4826446249109131
 0
 0
 0.2369593098762893
 0.3643906861819632
 0
 0
 0.3333333333340206
 0.5000375292474343
 0
 0
 0.7892931470571475
 0.4713744014230469
 0
 0
 0
 0
 0
 0
 0.3077655621562809
 0.3661327853850349
 0
 0
 0
 0
 0
 0
 0
 0
 0
 0
 0
 0
 0
 0
 0
 0
 0
 0
 0
 0
 0
 0
 0
 0


# name: vars
# type: matrix
# ndims: 3
 1 4 19
 0
 0
 0.09001037948406362
 0.0543960008245722
 0
 0
 0
 0
 0
 0
 0
 0
 0
 0
 0.1307998318581075
 0.1247012647514948
 0
 0
 0.07045860296121856
 0.07687044907583476
 0
 0
 0
 0
 0
 0
 0
 0
 0
 0
 0.1333334319156299
 0.1367040437834352
 0
 0
 0.07328417086742851
 0.09122276880132831
 0
 0
 0
 0
 0
 0
 0
 0
 0
 0
 0
 0
 0
 0
 0.03419265885068853
 0.03447937806311707
 0
 0
 0
 0
 0
 0
 0
 0
 0
 0
 0
 0
 0
 0
 0
 0
 0
 0
 0
 0
 0
 0
 0
 0


