# Created by Octave 3.8.2, Mon Nov 16 04:16:10 2015 CET <dkottke@snake7>
# name: mus
# type: matrix
# ndims: 3
 1 30 19
 0
 0
 0.5563909774436089
 0.5681818181818182
 0.5721518987341773
 0.5997474747474749
 0.4786967418546366
 0.5051020408163265
 0.5063131313131313
 0.5076923076923078
 0.5902777777777777
 0.5984848484848484
 0.6966666666666669
 0.6396683673469388
 0.5910256410256408
 0.5859375
 0.6325660699062232
 0.6123737373737372
 0.6466165413533834
 0.7736842105263158
 0.8020050125313284
 0.922979797979798
 0.9795396419437339
 0.9635416666666666
 0.9573333333333331
 0.9548717948717951
 0.9517797017797017
 0.9413265306122449
 0.9349555991235151
 0.9256410256410258
 0
 0
 0.6666666666666666
 1
 0.4
 0.4
 0.4
 0.3
 0.5
 0.7
 0.4333333333333333
 0.4
 0.4333333333333333
 0.7333333333333332
 0.6666666666666666
 0.5833333333333333
 0.7666666666666666
 0.7666666666666666
 0.7333333333333333
 0.55
 0.67
 0.63
 0.66
 0.67
 0.6799999999999999
 0.5466666666666666
 0.5866666666666667
 0.72
 0.6533333333333333
 0.7333333333333333
 0
 0
 0.6376869967689975
 0.8180258997311728
 0.6989902100816392
 0.6217811989675798
 -1.620093304446203
 0.4269533894197652
 0.6312662793648476
 0.5902217296167738
 0.6332514000504923
 0.5287075180064338
 0.6915216689923405
 0.7136063388202867
 0.718599951005825
 0.7310872194400316
 0.7029106791519759
 0.6320054025484823
 0.7342693403875304
 0.7145103372565809
 0.8121776443734104
 0.7317468331516798
 0.7119800430918065
 0.754908550992323
 0.7453959747916918
 0.7525095429796529
 0.7966969902532455
 0.7784063245299857
 0.802625704877225
 0.8393022328632637
 0
 0
 0.7894428727311282
 0.5702456624278707
 0.454681369375053
 0.352649961996376
 0.3809991296301904
 0.454342133223995
 0.5550925545560067
 0.6176890608505036
 0.5695919490192372
 0.5583205553958765
 0.5724623676735197
 0.5756289763183212
 0.6098433651799937
 0.6340797415109214
 0.6208988927268054
 0.6391285617155225
 0.6218099013320237
 0.6012177949344933
 0.6285456862988429
 0.6034431531023511
 0.5905901463314516
 0.608533764186332
 0.6232570825823873
 0.6382495843584686
 0.650138981752306
 0.6585209403300585
 0.6738280128942922
 0.6786236954338893
 0
 0
 0.7629950593270228
 0.5294897527835279
 0.431518248257877
 0.4052889074046731
 0.3822423035939674
 0.5000981364299016
 0.5605376280233021
 0.5921752322373263
 0.57398374130865
 0.547066949221229
 0.585760489044972
 0.5748928062891667
 0.6095850622204191
 0.6265791227916709
 0.6165835176473113
 0.6386183568419151
 0.6238155242183995
 0.5968223179347906
 0.6206116366189205
 0.6031253142036342
 0.5961137105373558
 0.611278023612
 0.6257342473750804
 0.6354874287010495
 0.6522607359925632
 0.6623302735686613
 0.6777153603170893
 0.6812630695223812
 0
 0
 0.5850667545421155
 0.585771838426986
 0.3582900498739342
 0.2967186224769838
 0.3694914961134165
 0.4785251263766706
 0.5009876720653862
 0.5455403180322085
 0.55143801331108
 0.5627405840415947
 0.5652134626255523
 0.5748997060501576
 0.7106971359202815
 0.6253947697845739
 0.6359724808040205
 0.6644684724639666
 0.5778452010575844
 0.6284346805032528
 0.6277998274043507
 0.5697866572420952
 0.5913945648922612
 0.5705113026993901
 0.5914868707784069
 0.6430150762131889
 0.6454314346853054
 0.6306231962252808
 0.6321405890926278
 0.7047989083919932
 0
 0
 0.5785862941142949
 0.573032436893068
 0.6099002397550441
 0.5788256136539256
 0.5965267290155536
 0.6109360203991188
 0.6840559204211651
 0.7173812127279544
 0.6849198045374956
 0.7112626318351402
 0.7148487724564423
 0.7301451114680906
 0.7606368921339665
 0.7251487946423394
 0.7347484974820474
 0.8157675817203216
 0.6570911347275442
 0.7271391975270197
 0.6540278422589925
 0.7254168595524518
 0.6997941133130748
 0.6924383558398424
 0.7004625384141046
 0.7490320561415555
 0.7191625216570192
 0.7321718708877131
 0.7056657306925883
 0.7806422753316267
 0
 0
 0.7588930362355072
 0.5239741474416603
 0.4731759413331884
 0.4537790372799868
 0.4554327404048244
 0.4769145280812424
 0.5554350461796383
 0.6116698349930239
 0.58121057371227
 0.5536672667001912
 0.6014985069170727
 0.5928646682163604
 0.6383322580679844
 0.6491288097127067
 0.6169277196334964
 0.6474615064391435
 0.6207227562453325
 0.6046559137816613
 0.6287583931410035
 0.604415819966671
 0.590076652180044
 0.6171466928481326
 0.6315003319365287
 0.6514765311966967
 0.6684790677102403
 0.6882958042059263
 0.706564634093554
 0.7011129220444901
 0
 0
 0.7956555002575818
 0.4594207399553258
 0.4746931292854256
 0.4330517062974402
 0.4054784560226341
 0.5350113124790995
 0.5540981266656027
 0.6049616759829917
 0.5573187637108044
 0.5652470730481376
 0.5860406506771172
 0.5899252791110722
 0.6300179356072753
 0.648445410215443
 0.6113546482371141
 0.6372213222976462
 0.6220511120433935
 0.6027834742701573
 0.6212046868664886
 0.594791522166036
 0.5955519123595648
 0.6183929454915372
 0.6333680998646254
 0.6513347347828018
 0.6653104132582317
 0.6842391651911919
 0.6980577690482831
 0.6965232322395762
 0
 0
 0.8066692888403778
 0.4458805287704345
 0.498215432198953
 0.3715931600042865
 0.4121289397940296
 0.4831828938359732
 0.5094271364988822
 0.5941876065232469
 0.5441816847668967
 0.5758194865135376
 0.5544629478719485
 0.6385012161093346
 0.6230771053455756
 0.6396773430680615
 0.6010088267911402
 0.6363765740145755
 0.6033208461701831
 0.5957477167873526
 0.600902193833487
 0.6071165941991247
 0.5986132794249889
 0.5866484024583489
 0.6222141676933935
 0.63510720285525
 0.6588228139844066
 0.6831144172302385
 0.6992972143118318
 0.6908584358965029
 0
 0
 0.5785862941142949
 0.5751552987604429
 0.5814486613293331
 0.5770415904270716
 0.6110574041573005
 0.6844838960324802
 0.6859558099451675
 0.688224440012373
 0.6886127529263589
 0.6976910830257911
 0.6775974709275062
 0.7040736214848444
 0.7641179829620049
 0.7199567413145793
 0.6895303858558322
 0.7076045865307397
 0.6733809254858384
 0.7317772300196619
 0.7279115087539113
 0.670825001092284
 0.6848855503860615
 0.6868841452950953
 0.7062093518561446
 0.7061455752890898
 0.7087808545955179
 0.7151281196242835
 0.7323151947738293
 0.7820747765806011
 0
 0
 0
 0
 0
 0
 0
 0
 0
 0
 0
 0
 0
 0
 0
 0
 0
 0
 0
 0
 0
 0
 0
 0
 0
 0
 0
 0
 0
 0
 0
 0
 0
 0
 0
 0
 0
 0
 0
 0
 0
 0
 0
 0
 0
 0
 0
 0
 0
 0
 0
 0
 0
 0
 0
 0
 0
 0
 0
 0
 0
 0
 0
 0
 0
 0
 0
 0
 0
 0
 0
 0
 0
 0
 0
 0
 0
 0
 0
 0
 0
 0
 0
 0
 0
 0
 0
 0
 0
 0
 0
 0
 0
 0
 0
 0
 0
 0
 0
 0
 0
 0
 0
 0
 0
 0
 0
 0
 0
 0
 0
 0
 0
 0
 0
 0
 0
 0
 0
 0
 0
 0
 0
 0
 0
 0
 0
 0
 0
 0
 0
 0
 0
 0
 0
 0
 0
 0
 0
 0
 0
 0
 0
 0
 0
 0
 0
 0
 0
 0
 0
 0
 0.5447880067768442
 0.4614807161482171
 0.4711595697594578
 0.4260382889880663
 0.4060975900623292
 0.5315032714023915
 0.5365468662378112
 0.6059462934140086
 0.5618905023263816
 0.5626404623002498
 0.584157857863794
 0.5861956137406629
 0.6241993861739051
 0.6481546806065058
 0.6093843598987274
 0.6375456537122991
 0.618269808363223
 0.6002875361479929
 0.620529940799893
 0.5929757095118386
 0.5942335965026262
 0.6162473358717803
 0.6275603583620613
 0.6452887644242212
 0.6653058878833787
 0.6836289486774676
 0.7051755522678791
 0.6912550811461443
 0
 0
 0
 0
 0
 0
 0
 0
 0
 0
 0
 0
 0
 0
 0
 0
 0
 0
 0
 0
 0
 0
 0
 0
 0
 0
 0
 0
 0
 0
 0
 0
 0
 0
 0
 0
 0
 0
 0
 0
 0
 0
 0
 0
 0
 0
 0
 0
 0
 0
 0
 0
 0
 0
 0
 0
 0
 0
 0
 0


