# Created by Octave 3.8.2, Mon Nov 16 04:48:20 2015 CET <dkottke@snake4>
# name: mus
# type: matrix
# ndims: 3
 1 30 19
 0
 0
 0.522138680033417
 0.9414715719063546
 0.9430962343096242
 0.9497487437185933
 0.9482038429406852
 0.9446308724832215
 0.9456975772765236
 0.9445378151260511
 0.9424520433694737
 0.941919191919192
 0.928929765886287
 0.9277310924369752
 0.928270042194092
 0.9341216216216216
 0.9295798319327724
 0.9385521885521878
 0.940685045948203
 0.9398305084745764
 0.9415204678362569
 0.94023569023569
 0.9448160535117059
 0.9430272108843539
 0.9429787234042558
 0.9385451505016718
 0.9436026936026933
 0.9452947845804993
 0.9461732548359962
 0.947008547008547
 0
 0
 0.6666666666666666
 0.25
 0.4
 0.8
 0.5
 0.8
 0.9
 0.9
 0.9
 0.8333333333333333
 0.9333333333333332
 1
 1
 1
 0.8666666666666666
 0.95
 0.95
 0.9
 0.9
 0.96
 0.95
 0.96
 0.9199999999999999
 0.9199999999999999
 0.9333333333333332
 0.9266666666666667
 0.9266666666666665
 0.9666666666666668
 0
 0
 0.6326867023023246
 0.6099681658291878
 0.6597962270193526
 0.8021935666250772
 0.8206884681456325
 0.8525052029400032
 0.8703526824677857
 0.8832684034696596
 0.9131887765875447
 0.9137162824270366
 0.892036108419894
 0.9462467915549042
 0.9160204588381489
 0.9550877658207538
 0.9141836233169176
 0.8698556882501542
 0.9251497023671155
 0.9187123414301297
 0.9380492825993999
 0.9313905630340613
 0.9336352005215806
 0.9391356401321848
 0.9418158387505261
 0.9549758025113482
 0.9484698862808725
 0.9518592505663566
 0.9587250648949263
 0.9786419470665125
 0
 0
 0.749956827275812
 0.3946917551308406
 0.5731667137904224
 0.6025932488943653
 0.6504678329601087
 0.7749897530765782
 0.7506792842197824
 0.7735100335475602
 0.8240151165350941
 0.8465423016883092
 0.8376713808316251
 0.843039045453046
 0.8474925097027755
 0.8645921424487859
 0.8244588887454014
 0.8344169434917171
 0.8470760771505361
 0.8508611333948782
 0.8562201676648449
 0.8649499217794362
 0.8705978241630793
 0.8761386174181131
 0.8812982600219864
 0.8816552606658131
 0.8878145125033808
 0.891174739791154
 0.8981191141951856
 0.9021425111490498
 0
 0
 0.7291689626349734
 0.3744195564442772
 0.4596894951750616
 0.5519524553099673
 0.6387098411491053
 0.7272106599709088
 0.7795328925403024
 0.7874797310900344
 0.8050374518102147
 0.8413539626635724
 0.8299190009430181
 0.8457617201000229
 0.8564103732594494
 0.8672202155300999
 0.8113972417720222
 0.8377942801707302
 0.8456420472365155
 0.8473756634382344
 0.8602793729645758
 0.8710332577583371
 0.8653307426057475
 0.8798570033651255
 0.8794442466716768
 0.8815363078492561
 0.8910954831731432
 0.8967720387118032
 0.8994769441521185
 0.8998487516958897
 0
 0
 0.9995058117352386
 0.4719690756475836
 0.4905673956499795
 0.5032005632436527
 0.7599419362394471
 0.8064807595239322
 0.7248323436668208
 0.7576577974446683
 0.8183855992109493
 0.8669804920516355
 0.833746292196773
 0.8403833442005451
 0.8270393862021219
 0.8469303556044789
 0.8266632830292178
 0.8213296996676787
 0.8607852612418613
 0.8279910982147031
 0.8478949438899711
 0.9123263343455085
 0.8830118249445145
 0.889567141292829
 0.9080807567413643
 0.8825193327751724
 0.9054509439401489
 0.8398279770000824
 0.8516925044252106
 0.8152497666750586
 0
 0
 0.7892931470571475
 0.756743758926378
 0.6681323506383707
 0.7792999400977549
 0.7817394919597616
 0.8034243252914557
 0.8481882444105331
 0.8178776808329974
 0.8679308753259046
 0.812156642002398
 0.8683080827785928
 0.8546202559276832
 0.9431306325948055
 0.8632538211306247
 0.8365139311269705
 0.8529082186020902
 0.8672398548755977
 0.9799268459577586
 0.8874253258321414
 0.8424809057609857
 0.9302972003609068
 0.8298329877282705
 0.9164183645796006
 0.9119200296475323
 0.8685167152684113
 0.9024090438176716
 0.870950440429011
 0.9462829274053578
 0
 0
 0.7292037577276173
 0.4080633786013954
 0.6481690789758907
 0.6099094283991638
 0.7022401116272994
 0.7772499587556153
 0.7890605702072484
 0.8180943303524593
 0.8501171907278844
 0.8690100679692683
 0.8591077969936564
 0.8799630790955253
 0.8859942041752883
 0.9007233366341635
 0.8537457602229551
 0.8634351940817883
 0.8809076230124404
 0.886938917886278
 0.8980627470025636
 0.9029509513991787
 0.9121274616087415
 0.911028052960756
 0.9184748063723888
 0.9190837418860847
 0.928703384771816
 0.9354003727455293
 0.9383189313451761
 0.9432471458368709
 0
 0
 0.7337240595053671
 0.4195731839568684
 0.5484724438403434
 0.6164241794196132
 0.6939823129240228
 0.7318584036552714
 0.7881138978907204
 0.8144054744772317
 0.8383122464464551
 0.8742408052208206
 0.8654015704303359
 0.8670495494938605
 0.8836449870396695
 0.8999095155667529
 0.8526803050536959
 0.8583001579525219
 0.8813577312170117
 0.8853612031906241
 0.8890353959120828
 0.8978143095434016
 0.906503457655489
 0.9158842413537192
 0.9155953960455976
 0.920069271289504
 0.9275839204238092
 0.9358727789129896
 0.9377649618511212
 0.941168652764994
 0
 0
 0.9352369988824564
 0.4621997180330124
 0.5107746933127498
 0.5762640303028288
 0.7486316692318075
 0.7855287151461111
 0.7547396830320616
 0.7840281225615667
 0.8189951271850204
 0.9479068616264238
 0.8444135606201859
 0.872042049076405
 0.9580387702011707
 0.8958968200650297
 0.8434682834517999
 0.8536550214111369
 0.8714127353282769
 0.9096651963445475
 0.893245114161086
 0.9034151782487195
 0.9052758060839293
 0.9046123959745639
 0.9049621854160759
 0.9436808368215504
 0.9254722610148445
 0.9333419265182437
 0.9438945794297978
 0.9383981848986531
 0
 0
 0.7892931470571475
 0.7605527692361853
 0.6395979215143767
 0.7620132336798648
 0.7657511350152389
 0.7772696830249304
 0.7796300794439514
 0.809516326891602
 0.8966773510506731
 0.8690433404997874
 0.8421770522841762
 0.9307852715101981
 0.8955453289217081
 0.8853835108443743
 0.8565744184355596
 0.8546300956166868
 0.8792728750272862
 0.8552248171090127
 0.8756009463444471
 0.9318986030862308
 0.9468217190750714
 0.904325858193298
 0.9118360147349993
 0.9074953775114859
 0.9079951557504705
 0.9040714498583573
 0.9180919246677595
 0.924140897155213
 0
 0
 0
 0
 0
 0
 0
 0
 0
 0
 0
 0
 0
 0
 0
 0
 0
 0
 0
 0
 0
 0
 0
 0
 0
 0
 0
 0
 0
 0
 0
 0
 0
 0
 0
 0
 0
 0
 0
 0
 0
 0
 0
 0
 0
 0
 0
 0
 0
 0
 0
 0
 0
 0
 0
 0
 0
 0
 0
 0
 0
 0
 0
 0
 0
 0
 0
 0
 0
 0
 0
 0
 0
 0
 0
 0
 0
 0
 0
 0
 0
 0
 0
 0
 0
 0
 0
 0
 0
 0
 0
 0
 0
 0
 0
 0
 0
 0
 0
 0
 0
 0
 0
 0
 0
 0
 0
 0
 0
 0
 0
 0
 0
 0
 0
 0
 0
 0
 0
 0
 0
 0
 0
 0
 0
 0
 0
 0
 0
 0
 0
 0
 0
 0
 0
 0
 0
 0
 0
 0
 0
 0
 0
 0
 0
 0
 0
 0
 0
 0
 0
 0
 0.5388457918859257
 0.387734710687234
 0.5606723962491503
 0.6002339247459366
 0.6799438632695716
 0.7278101606010644
 0.7848695076940945
 0.8164345488152911
 0.8304793049903344
 0.8678549040062005
 0.8643214015543312
 0.8647125959166415
 0.8884367162378061
 0.8973633111612292
 0.8494403298499145
 0.8537779081601482
 0.8793114018834065
 0.8827983347681472
 0.887926992116755
 0.8976289920859396
 0.9052984747000102
 0.9164431671286933
 0.9126240031906458
 0.9195370501141206
 0.9289978052994062
 0.9339023164384643
 0.9367048397344754
 0.9401229071808286
 0
 0
 0
 0
 0
 0
 0
 0
 0
 0
 0
 0
 0
 0
 0
 0
 0
 0
 0
 0
 0
 0
 0
 0
 0
 0
 0
 0
 0
 0
 0
 0
 0
 0
 0
 0
 0
 0
 0
 0
 0
 0
 0
 0
 0
 0
 0
 0
 0
 0
 0
 0
 0
 0
 0
 0
 0
 0
 0
 0


