# Created by Octave 3.8.2, Mon Nov 16 04:23:30 2015 CET <dkottke@snake3>
# name: mus
# type: matrix
# ndims: 3
 1 30 19
 0
 0
 0.8780284043441944
 0.7709030100334449
 0.7154811715481172
 0.7319932998324959
 0.7518796992481199
 0.8649328859060402
 0.8746867167919788
 0.8605042016806725
 0.8448707256046697
 0.8476430976430975
 0.847826086956521
 0.9366386554621854
 0.9341772151898723
 0.9518581081081081
 0.9515126050420163
 0.9494949494949488
 0.946254525201893
 0.9508474576271188
 0.9532163742690053
 0.9514590347923679
 0.9565217391304349
 0.9549319727891158
 0.9523404255319153
 0.9523411371237454
 0.9545454545454546
 0.951530612244898
 0.9520605550883092
 0.9512820512820511
 0
 0
 0.6666666666666666
 1
 0.6
 0.7
 1
 0.8
 0.8
 0.8
 0.8
 0.8333333333333333
 1
 0.7666666666666666
 0.8666666666666666
 0.8
 0.9333333333333333
 0.9
 0.8833333333333332
 0.9
 0.9099999999999999
 0.9099999999999999
 0.9099999999999999
 0.96
 0.96
 0.9666666666666668
 0.9266666666666667
 0.9266666666666665
 0.9266666666666667
 0.9333333333333333
 0
 0
 0.7693614177247154
 0.8991296980592727
 0.7310125281580606
 0.8474570179215807
 0.824997564269801
 0.8145124937622751
 0.8723219593734983
 0.8506081871501177
 0.8799218073981598
 0.8860405266424375
 0.9370674063501199
 0.8832069304350111
 0.8939894087666087
 0.8624984125341516
 0.9058787237911423
 0.9001772884873219
 0.9213514702024347
 0.935283064984464
 0.9459446688348543
 0.9366066677801911
 0.9367478094784885
 0.9392071522941458
 0.9523030145034606
 0.9414211625225036
 0.9652898557278218
 0.9415799006460369
 0.9510171720064309
 0.9332064398169224
 0
 0
 0.8143567876510787
 0.6182598570043376
 0.5736171732762139
 0.6387911046491926
 0.720139180446298
 0.7239109628297228
 0.7597473863680342
 0.7702080504672706
 0.7999762478457367
 0.8249132629228987
 0.8544061241768005
 0.7723199546903334
 0.8000625420378035
 0.7766156695666178
 0.7844508085028691
 0.8024530743760175
 0.8162653841998965
 0.8276007404785625
 0.8394858820522887
 0.8439136019678229
 0.8517638937252212
 0.8584604134961722
 0.8600532474460802
 0.8696016026075427
 0.8772153648571922
 0.8818818885562838
 0.8868286523393764
 0.8935958170413871
 0
 0
 0.659629553340621
 0.735777747637655
 0.6407782954865349
 0.6967297402307702
 0.6996190167949345
 0.7122193600397171
 0.7481774097038256
 0.8043811149883733
 0.782397436310324
 0.8164049912368971
 0.8518353019806646
 0.7885933128118571
 0.7960825169250165
 0.7724207576331973
 0.7883367201798228
 0.7952175121336724
 0.816261666979322
 0.8152208969764912
 0.8296535861612264
 0.8463435414690951
 0.8506843550925515
 0.8496280262256281
 0.8580599300342777
 0.8663218934008656
 0.8778845121615689
 0.8787811558907345
 0.8831319259723971
 0.8906173069063139
 0
 0
 0.7727524771388032
 0.8148066125570019
 0.5116968491865131
 0.6257627389337392
 0.8372392546323927
 0.6747277718468185
 0.7426929892483051
 0.8093511175771478
 0.9159347345296035
 0.867252551498674
 0.8236839431298777
 0.8184935991603093
 0.8824358544725174
 0.7870978240131417
 0.7673513849998681
 0.7735104276433428
 0.8378107901900549
 0.8242045155155847
 0.8438539317743771
 0.7969138122511049
 0.8070629978752959
 0.8253106482800121
 0.8629189412506667
 0.8945439170838663
 0.9340268390530139
 0.8807571485087267
 0.90475442466244
 0.9254245241746223
 0
 0
 0.3678794411714423
 0.7674013933121258
 0.7684311656772569
 0.7605022533827517
 0.7521761409005735
 0.7908791073731272
 0.872138786387483
 0.7990295633794844
 0.8085067612964927
 0.8613750843131092
 0.8222055640127135
 0.9265946302319709
 0.8342451581815754
 0.8101065405098828
 0.8325258705933416
 0.8192433586735756
 0.8446539660489678
 0.8543438659301478
 0.8568994785489531
 0.8615746539360544
 0.8730135322316256
 0.877150655696606
 0.9035044834234114
 0.9562916196556284
 0.8794619466864889
 0.9116300537602438
 0.9183269094171425
 0.919131783777849
 0
 0
 0.8073843973717999
 0.5904320612460588
 0.6385343470764163
 0.6730830551314344
 0.7931449258347706
 0.8002352617373157
 0.8147196270066355
 0.8171552944442348
 0.8349156003704986
 0.8672975100984109
 0.8893970861721904
 0.8011088938671935
 0.8248238286443178
 0.7975921018247839
 0.8195139424889354
 0.834446041978955
 0.8602606800957012
 0.8648591773074585
 0.8845957792647032
 0.8888032021533446
 0.8984850293849271
 0.9059263663879494
 0.9075551183797157
 0.9162178299223863
 0.9210895753352788
 0.9230387149746268
 0.9277729574926211
 0.9328755689941871
 0
 0
 0.6425712966102728
 0.7134962017509979
 0.6757665421874965
 0.7071578212947917
 0.7435788060071319
 0.7956448328435571
 0.8136323405798245
 0.854840847667196
 0.8301280321619112
 0.8572093548005129
 0.8786564218496411
 0.8049984131151486
 0.8135145764639804
 0.8031211105798908
 0.8204114340009563
 0.827273163603647
 0.8590403408277464
 0.8645176831914247
 0.8790055040813962
 0.8888879948072349
 0.8964407776533785
 0.9042928003128766
 0.9056881246523771
 0.9132653006327965
 0.921830054061069
 0.9205336070276785
 0.9257429347173418
 0.9299785047924231
 0
 0
 0.6890563104339963
 0.5978918746145927
 0.7351169996222348
 0.6454821118527402
 0.8856618125906031
 0.8581606829036077
 0.8519519624388588
 0.834251064465054
 0.8437969213730011
 0.8531052869765385
 0.8675165719240119
 0.7934866474157279
 0.797563825453048
 0.7910574584897488
 0.7982802058011839
 0.8636074014969196
 0.9610246851806102
 0.8483218175813376
 0.8737663770409011
 0.8764683436344674
 0.8913424705104929
 0.903493692730982
 0.9091038288735411
 0.9051194172093879
 0.9268842477611539
 0.9697701890200923
 0.9212753159305633
 0.9324170574489234
 0
 0
 0.3678794411714423
 0.7580272009492491
 0.7656700334562221
 0.7516790386161553
 0.8359321290285422
 0.7610701313783933
 0.8198350507971713
 0.8112285776311092
 0.848587989003347
 0.842122747031296
 0.8367219186152628
 0.7940433966881045
 0.856799731560377
 0.8000604744442328
 0.8258353650482083
 0.8260957999981025
 0.840800589276206
 0.8490851219897235
 0.8665312717033091
 0.8620545091898291
 0.8794424574367792
 0.8812095965715891
 0.8911609115835185
 0.8991852398088687
 0.9003382313825617
 0.9159960142914981
 0.9217031056040645
 0.9382531482016025
 0
 0
 0
 0
 0
 0
 0
 0
 0
 0
 0
 0
 0
 0
 0
 0
 0
 0
 0
 0
 0
 0
 0
 0
 0
 0
 0
 0
 0
 0
 0
 0
 0
 0
 0
 0
 0
 0
 0
 0
 0
 0
 0
 0
 0
 0
 0
 0
 0
 0
 0
 0
 0
 0
 0
 0
 0
 0
 0
 0
 0
 0
 0
 0
 0
 0
 0
 0
 0
 0
 0
 0
 0
 0
 0
 0
 0
 0
 0
 0
 0
 0
 0
 0
 0
 0
 0
 0
 0
 0
 0
 0
 0
 0
 0
 0
 0
 0
 0
 0
 0
 0
 0
 0
 0
 0
 0
 0
 0
 0
 0
 0
 0
 0
 0
 0
 0
 0
 0
 0
 0
 0
 0
 0
 0
 0
 0
 0
 0
 0
 0
 0
 0
 0
 0
 0
 0
 0
 0
 0
 0
 0
 0
 0
 0
 0
 0
 0
 0
 0
 0
 0
 0.5218920407700745
 0.6215818307472021
 0.7124778971974696
 0.6870157076046941
 0.751164521624215
 0.7984740381345468
 0.8100162016256334
 0.8541055669554932
 0.8353242704985423
 0.8625264201149697
 0.8767546007179292
 0.8120950610156815
 0.8109645076500106
 0.8045132743273943
 0.8195620087627532
 0.8265085866174801
 0.8609174993584339
 0.8643115813785609
 0.8791678777188818
 0.8916169506291276
 0.8974523876817336
 0.9065571001317961
 0.9042568013273959
 0.914171613949512
 0.9198005677861634
 0.9203742178631611
 0.9248592060144853
 0.9280804197262144
 0
 0
 0
 0
 0
 0
 0
 0
 0
 0
 0
 0
 0
 0
 0
 0
 0
 0
 0
 0
 0
 0
 0
 0
 0
 0
 0
 0
 0
 0
 0
 0
 0
 0
 0
 0
 0
 0
 0
 0
 0
 0
 0
 0
 0
 0
 0
 0
 0
 0
 0
 0
 0
 0
 0
 0
 0
 0
 0
 0


