# Created by Octave 3.8.2, Sun Nov 15 23:32:08 2015 CET <dkottke@snake2>
# name: mus
# type: matrix
# ndims: 3
 1 30 19
 0
 0
 0.5989974937343358
 0.5681818181818182
 0.5873417721518988
 0.6250000000000001
 0.6190476190476193
 0.6173469387755102
 0.5845959595959598
 0.653846153846154
 0.6868686868686867
 0.6994949494949495
 0.6961538461538461
 0.6753826530612246
 0.7153846153846156
 0.71875
 0.72435350951975
 0.7424242424242423
 0.744360902255639
 0.7342105263157895
 0.7493734335839599
 0.7070707070707071
 0.7362887183859051
 0.6888020833333334
 0.7226666666666667
 0.7353846153846154
 0.727032227032227
 0.7321428571428571
 0.7265597970245647
 0.7282051282051282
 0
 0
 0.6666666666666666
 0.25
 0.2
 0.3
 0.2
 0.2
 0.6
 0.5
 0.6666666666666666
 0.6666666666666666
 0.5666666666666667
 0.6
 0.8
 0.8
 0.6333333333333333
 0.3833333333333333
 0.4833333333333333
 0.55
 0.67
 0.74
 0.61
 0.5800000000000001
 0.5600000000000001
 0.66
 0.5466666666666666
 0.6466666666666667
 0.7533333333333333
 0.6666666666666667
 0
 0
 0.4484345689758551
 0.6816981583203716
 0.677355131431257
 0.6807791177915785
 0.6229572405863725
 0.4264671825533431
 0.6776201510048554
 0.6106347411623593
 0.6393874758755831
 0.523624525683694
 0.5394118585603753
 0.568701584392348
 0.6236866600603064
 0.7192424842067442
 0.7033199909315961
 0.6366233060370092
 0.6483664294821915
 0.6412646550201295
 0.6489458066886887
 0.5896528059087381
 0.6656501718668326
 0.6737599429983873
 0.6659930988232967
 0.6474189244342416
 0.6365036402839377
 0.6707080039523798
 0.6068245086529811
 0.6327262241909309
 0
 0
 0.8035757330254021
 0.2916166479057085
 0.3485014728202165
 0.4054789252303476
 0.3949873916343522
 0.4374211154649569
 0.4839696807492411
 0.5044691118503599
 0.546348297752507
 0.5301135006269828
 0.5368290151807296
 0.5758080420163756
 0.5722808036042196
 0.5895110401583841
 0.5745026060132521
 0.5706173683739431
 0.5760854863118435
 0.5915755999052729
 0.5737521428653849
 0.5773444051725009
 0.5715410487746158
 0.5756308534913015
 0.5654610381975333
 0.5663258401681877
 0.5621103407816143
 0.5682528228902418
 0.564245819622512
 0.5610670838085938
 0
 0
 0.7165846133153684
 0.320850850546142
 0.3300846990786608
 0.3859127369444213
 0.4168192010405207
 0.4611052242381937
 0.4890418233782226
 0.5118637774214888
 0.5284425712879892
 0.5119567337679012
 0.528417334963608
 0.5686136647105615
 0.5712649761660765
 0.5740650511566113
 0.578097513501091
 0.5688443146436023
 0.5737557700095172
 0.5923526659365443
 0.5713877405735616
 0.5762137592923755
 0.5723289851495463
 0.5726631585300311
 0.5709804535970168
 0.5658208811260498
 0.5605799224865019
 0.5701110970848113
 0.5594776992789636
 0.5631695977492394
 0
 0
 0.8459170769404276
 0.2774266661270031
 0.3291638679733544
 0.3465393257603707
 0.4352869353359783
 0.4260134617415124
 0.481104115290739
 0.5930990882632905
 0.530017130941531
 0.5234655013256071
 0.5268386949726744
 0.5431793846670339
 0.576713841140819
 0.5910208508212078
 0.5935588420370154
 0.557023196286439
 0.5877951028819183
 0.5971712266766842
 0.662159847544917
 0.5658102079428637
 0.5722967617700285
 0.6179707352478072
 0.4984553411467874
 0.5732201580503834
 0.5655340334147013
 0.5499736966202444
 0.5366587796792727
 0.5975401285311979
 0
 0
 0.5785862941142949
 0.4720231365399974
 0.6077420496677935
 0.6478490292712922
 0.7174217122065449
 0.6820923230351981
 0.6392891060719867
 0.6685483830000142
 0.6421466052372926
 0.7071138071480737
 0.6472831771560589
 0.6923206327592758
 0.7263982530510731
 0.7158518361261507
 0.6591998734793938
 0.7405182065558692
 0.6975159042319693
 0.7357013129142332
 0.6823372391901412
 0.7068075674809744
 0.6949304625173881
 0.6538519400414073
 0.6744606639268049
 0.7213268591544956
 0.6824653626197428
 0.708038994897438
 0.6916527802490112
 0.7568483045360146
 0
 0
 0.7905527976094285
 0.3367464445330898
 0.4285661260893926
 0.5044881226816131
 0.4550780607220803
 0.4601733998251782
 0.4925010847107145
 0.4972963968077328
 0.5230639943355814
 0.5438771628363079
 0.5450575194790335
 0.5661776223522936
 0.5672840181369617
 0.5846718992351301
 0.5781358014503146
 0.5781143622288477
 0.5828686732953038
 0.6030742799317704
 0.5784786978938631
 0.5898306736977287
 0.5821528391730735
 0.576581024743348
 0.5826109396685981
 0.5724246038386933
 0.56927544676859
 0.5734065820155407
 0.5688609609693238
 0.573471476601726
 0
 0
 0.6612490149601409
 0.4147162592222431
 0.3612899790049151
 0.4991562876317488
 0.5169897012279899
 0.5066697019144626
 0.51152726092072
 0.5104135019199828
 0.5045689756134482
 0.5200286949790621
 0.533255919668798
 0.5438887686470986
 0.5483946955160209
 0.5827706397879632
 0.5695172502824014
 0.5636439410949244
 0.5887329472542172
 0.6008776091870727
 0.5831121003477246
 0.582477159767761
 0.5728044903123092
 0.5680927116727368
 0.5814344773186009
 0.579144027726754
 0.5622014781848985
 0.5748020605399702
 0.5697322150113788
 0.5730415156067374
 0
 0
 0.7919965224124261
 0.3427278861545732
 0.3531665997787307
 0.4546343683236205
 0.5361551322233697
 0.47603354917205
 0.4817230201778552
 0.4885565404116197
 0.5189620589065977
 0.5178554143092102
 0.5310099446446692
 0.539645897717508
 0.5443402398982149
 0.5573815819051763
 0.5668236695604649
 0.572221899640555
 0.5863982920857644
 0.5928091124963638
 0.5742472647999937
 0.5804718351272036
 0.5754580387406254
 0.5685926452296612
 0.5660212886049234
 0.5677679392399619
 0.56433619468122
 0.5647881320039758
 0.5722756896589704
 0.5625451174282825
 0
 0
 0.5785862941142949
 0.4724883672886117
 0.5964597680544865
 0.6449106427238002
 0.68261139744765
 0.6622162638230431
 0.6750452582177225
 0.6401953654502398
 0.6369421303420835
 0.6648519758932917
 0.6678719332700525
 0.7073335705596979
 0.6804052914796828
 0.6980059780500563
 0.6971962343424377
 0.673944870612747
 0.6797328178351774
 0.6834528082826442
 0.6685254968980948
 0.7518397766027991
 0.6857995096289018
 0.6690636398154696
 0.6870961779554667
 0.7091498419947447
 0.6653771953364452
 0.6927664901873918
 0.6918048274062543
 0.6820300107904433
 0
 0
 0
 0
 0
 0
 0
 0
 0
 0
 0
 0
 0
 0
 0
 0
 0
 0
 0
 0
 0
 0
 0
 0
 0
 0
 0
 0
 0
 0
 0
 0
 0
 0
 0
 0
 0
 0
 0
 0
 0
 0
 0
 0
 0
 0
 0
 0
 0
 0
 0
 0
 0
 0
 0
 0
 0
 0
 0
 0
 0
 0
 0
 0
 0
 0
 0
 0
 0
 0
 0
 0
 0
 0
 0
 0
 0
 0
 0
 0
 0
 0
 0
 0
 0
 0
 0
 0
 0
 0
 0
 0
 0
 0
 0
 0
 0
 0
 0
 0
 0
 0
 0
 0
 0
 0
 0
 0
 0
 0
 0
 0
 0
 0
 0
 0
 0
 0
 0
 0
 0
 0
 0
 0
 0
 0
 0
 0
 0
 0
 0
 0
 0
 0
 0
 0
 0
 0
 0
 0
 0
 0
 0
 0
 0
 0
 0
 0
 0
 0
 0
 0
 0.4957183412540931
 0.3410713756036293
 0.3972842365828326
 0.503389432352724
 0.5102439674442822
 0.5069477874284944
 0.5141181081716366
 0.5171761980424132
 0.5097554956980201
 0.510820496787329
 0.5380334888921139
 0.5527133053762633
 0.5478760879852687
 0.5778299630978549
 0.5613801416936277
 0.5708995532146618
 0.5933606960037718
 0.6000946286588864
 0.5778761569734422
 0.5821463779430216
 0.5701042524757971
 0.5653816309845796
 0.57491441409046
 0.575715910936714
 0.5633524049416591
 0.572657810854929
 0.5659652862512891
 0.5713267253803846
 0
 0
 0
 0
 0
 0
 0
 0
 0
 0
 0
 0
 0
 0
 0
 0
 0
 0
 0
 0
 0
 0
 0
 0
 0
 0
 0
 0
 0
 0
 0
 0
 0
 0
 0
 0
 0
 0
 0
 0
 0
 0
 0
 0
 0
 0
 0
 0
 0
 0
 0
 0
 0
 0
 0
 0
 0
 0
 0
 0


