# Created by Octave 3.8.2, Mon Nov 16 03:39:24 2015 CET <dkottke@snake4>
# name: mus
# type: matrix
# ndims: 3
 1 30 19
 0
 0
 0.6714975845410628
 0.9759615384615384
 0.9756097560975608
 0.5490196078431373
 0.975369458128079
 0.9711538461538461
 0.9806763285024155
 0.9800000000000001
 0.985645933014354
 0.9803921568627449
 0.9807692307692308
 0.9846938775510204
 0.9846153846153847
 0.9855769230769231
 0.9763071895424837
 0.9772727272727273
 0.9808612440191387
 0.985
 0.9841269841269842
 0.984848484848485
 0.9806763285024154
 0.967013888888889
 0.9625
 0.9711538461538463
 0.9705215419501135
 0.9795918367346939
 0.9802955665024632
 0.9777777777777779
 0
 0
 0.3333333333333333
 0.25
 0.6
 0.9
 0.6
 0.9
 0.8
 1
 1
 1
 1
 1
 1
 1
 1
 1
 1
 1
 1
 1
 1
 1
 1
 1
 1
 1
 1
 1
 0
 0
 0.6028986233000087
 0.5809274813692155
 0.7014986249976255
 0.7669616214190884
 0.8567193399988603
 0.8735758882342884
 0.845348691478782
 0.8984392968815451
 0.8931529554576284
 0.9201421027346589
 0.9549756541974084
 0.9555657759389492
 0.9745557343060091
 0.9852407931813957
 0.9398680959580445
 0.9452561123850567
 0.9723365366862134
 0.9711913651766503
 0.9838458079410479
 0.9833403738399525
 0.9887060065291342
 0.9875618786250571
 0.996190459226257
 1
 0.987642060485315
 0.9899479179433065
 0.9803317792471864
 0.9845934526389931
 0
 0
 0.3861378247589529
 0.6214222781936835
 0.6151128159396021
 0.7947825999745994
 0.7249478466458058
 0.7316038678099235
 0.7553910158833237
 0.8088155582842035
 0.8021377368301755
 0.8389965257305418
 0.8604345950731517
 0.8684000290649924
 0.877165508322867
 0.8692412869194415
 0.8878143493032431
 0.8821835649056941
 0.8941316683018999
 0.9048516458233041
 0.8956003488145945
 0.9051301840514707
 0.9059310468796584
 0.9076005440328502
 0.9125976310152
 0.9088874094525677
 0.9114510682817513
 0.9175821385279496
 0.91903477601126
 0.9191304696851784
 0
 0
 0.612851593418743
 0.455826550503893
 0.656475866269667
 0.7623202314795341
 0.706706834136869
 0.7485529872555784
 0.7435240592843855
 0.8001936199963072
 0.8262602910747753
 0.8491077248555087
 0.8620424039953388
 0.8731357767593262
 0.8826110668124953
 0.8758880056131466
 0.8828973754855193
 0.8863362837156122
 0.895379791753294
 0.9020455738418945
 0.9002520216203119
 0.9101164255863597
 0.905136818727395
 0.9058211312120361
 0.9120635465950698
 0.9133833214631231
 0.9134025766507876
 0.9186767947706296
 0.9196327414777057
 0.9201509640535656
 0
 0
 0.333333333318021
 0.3331197670738343
 0.4757234132078569
 0.7279412616234021
 0.7019075526611541
 0.7321129811297666
 0.8911382525253463
 0.8533739358165114
 0.8557319910720873
 0.8162198607516836
 0.8239069704750533
 0.8243322402922706
 0.8344459475249489
 0.8488588268958809
 0.8685998387595443
 0.8845978510792198
 0.9171721116182363
 0.9853043234629056
 0.9145794395919489
 0.9102566012931753
 0.9271263045226393
 0.9990388354946612
 0.9200607914422976
 0.9992289175496483
 0.8594929093000918
 0.9121493114566461
 0.8759638799333491
 0.9535369368124463
 0
 0
 0.5785862941142949
 0.8264258506300088
 0.7262405673629299
 0.745978489274043
 0.7439044600466687
 0.8079143351907199
 0.8363713313180998
 0.8343892352708909
 0.8772561861500824
 0.8514301306515475
 0.862227065948227
 0.8978417739124094
 0.9046690866176116
 0.899615144186689
 0.8855202268938327
 0.9015610899368499
 0.930928897705195
 0.9398137182705668
 0.9011995176205755
 0.9019521863987482
 0.8778465895986116
 0.9086231011823555
 0.9435946872139415
 0.8840479251281242
 0.8910010779356944
 0.9232668813529937
 0.9386731166348389
 0.9183070676225733
 0
 0
 0.4178206511620065
 0.633957587007183
 0.6386253002427665
 0.7482462752534407
 0.7496845346697573
 0.7489274493816495
 0.7653264587809249
 0.7922039733881406
 0.809907889925485
 0.8481279097321417
 0.8782772158208065
 0.8910117488805114
 0.9054288103385152
 0.9159393957875149
 0.9230904761893055
 0.9214799496777351
 0.933704639043243
 0.9462243541935768
 0.939667159052465
 0.9444469867024173
 0.9574288636222293
 0.9622859792347952
 0.9660766796073676
 0.9626129411085727
 0.9624122102655863
 0.9657010162207884
 0.9671274526784109
 0.9680109463800773
 0
 0
 0.6179602928254047
 0.5824686635020248
 0.6239000636738106
 0.6949709285425735
 0.730580185534489
 0.7711127892559585
 0.7541066122477368
 0.8013418812279868
 0.8252789647248887
 0.864296448292544
 0.8817928750075205
 0.8919590763199499
 0.9094349960722103
 0.9217096341870957
 0.9295896607418807
 0.9315912006559287
 0.9341774470521463
 0.9452237807757254
 0.9455217005939104
 0.9487535056474967
 0.9565449139063484
 0.9615635118995404
 0.9606409306923879
 0.966592299935584
 0.9622380209089839
 0.9625441602094649
 0.963583094205544
 0.9686299284138085
 0
 0
 0.3333333333331475
 0.3820741524323812
 0.5276131274639444
 0.7105383748059971
 0.7396810894277471
 0.7788720180294764
 0.7988890746440727
 0.7833807475703104
 0.8078993920254472
 0.8228637534751808
 0.8342478198430794
 0.8857419330200607
 0.905392818480897
 0.9188739730320923
 0.9298586612419739
 0.9082061584599467
 0.9313178194060767
 0.9459713824099117
 0.9923292468474317
 0.9481587208360772
 0.9413977192167757
 0.9506613510557588
 0.1219786481419742
 0.9520764520555559
 0.9663981332838428
 0.9644788833263553
 0.9567852272524453
 0.9675788606475675
 0
 0
 0.5785862941142949
 0.7778773065758857
 0.7556669353109392
 0.782191027556177
 0.7349060897193199
 0.850667424516236
 0.7945527715315791
 0.8215722382719024
 0.8275666850705353
 0.8444674576575871
 0.8506206830102695
 0.8409494237463965
 0.8649021269079382
 0.8686352811963216
 0.8801229444644146
 0.8867631263745135
 0.8852121985003716
 0.9145910978975781
 0.9078140787902521
 0.9028691521415568
 0.8875915964425456
 0.9157127991856605
 0.9299491897553119
 0.9182247268730602
 0.9704690704265265
 0.9272498602049208
 0.9313184748845106
 0.9812041294255216
 0
 0
 0
 0
 0
 0
 0
 0
 0
 0
 0
 0
 0
 0
 0
 0
 0
 0
 0
 0
 0
 0
 0
 0
 0
 0
 0
 0
 0
 0
 0
 0
 0
 0
 0
 0
 0
 0
 0
 0
 0
 0
 0
 0
 0
 0
 0
 0
 0
 0
 0
 0
 0
 0
 0
 0
 0
 0
 0
 0
 0
 0
 0
 0
 0
 0
 0
 0
 0
 0
 0
 0
 0
 0
 0
 0
 0
 0
 0
 0
 0
 0
 0
 0
 0
 0
 0
 0
 0
 0
 0
 0
 0
 0
 0
 0
 0
 0
 0
 0
 0
 0
 0
 0
 0
 0
 0
 0
 0
 0
 0
 0
 0
 0
 0
 0
 0
 0
 0
 0
 0
 0
 0
 0
 0
 0
 0
 0
 0
 0
 0
 0
 0
 0
 0
 0
 0
 0
 0
 0
 0
 0
 0
 0
 0
 0
 0
 0
 0
 0
 0
 0
 0.4901875705440989
 0.500559417656064
 0.6112059931377406
 0.7060108751552591
 0.7273976333643025
 0.7560026041841953
 0.7594996372926881
 0.8044453781210147
 0.8271642024530678
 0.8601458782190933
 0.8830076429709728
 0.889573036666011
 0.9087826490407641
 0.9207802671398405
 0.9306265054562646
 0.9291441240031482
 0.9330261621487297
 0.944045336721079
 0.9435451396863747
 0.9491363022323389
 0.9569126366397969
 0.9597236512495869
 0.9587684024545108
 0.9664208253880779
 0.9598520018133868
 0.9632713556605718
 0.9610519362812351
 0.9676213525729056
 0
 0
 0
 0
 0
 0
 0
 0
 0
 0
 0
 0
 0
 0
 0
 0
 0
 0
 0
 0
 0
 0
 0
 0
 0
 0
 0
 0
 0
 0
 0
 0
 0
 0
 0
 0
 0
 0
 0
 0
 0
 0
 0
 0
 0
 0
 0
 0
 0
 0
 0
 0
 0
 0
 0
 0
 0
 0
 0
 0


