# Created by Octave 3.8.2, Sun Nov 15 19:03:06 2015 CET <dkottke@snake1>
# name: mus
# type: matrix
# ndims: 3
 1 30 19
 0
 0
 0.6618357487922704
 0.6538461538461539
 0.6585365853658538
 0.6568627450980393
 0.6551724137931035
 0.9086538461538461
 0.9082125603864736
 0.8949999999999999
 0.8851674641148326
 0.8823529411764705
 0.8701923076923079
 0.9693877551020409
 0.9692307692307693
 0.9711538461538461
 0.9607843137254903
 0.9545454545454547
 0.9617224880382775
 0.9600000000000002
 0.9629629629629631
 0.9595959595959597
 0.961352657004831
 0.9583333333333333
 0.975
 0.9807692307692308
 0.9773242630385487
 0.979591836734694
 0.9697396199859254
 0.9888888888888889
 0
 0
 1
 1
 1
 1
 1
 0.8
 0.7
 0.9
 0.7333333333333333
 0.8333333333333333
 1
 0.8666666666666666
 0.8666666666666666
 0.8833333333333334
 0.8833333333333332
 0.8833333333333332
 0.8833333333333332
 0.9
 0.9099999999999999
 0.9099999999999999
 0.9199999999999999
 0.8699999999999999
 0.8800000000000001
 0.8866666666666667
 0.8866666666666667
 0.8933333333333333
 0.9333333333333333
 0.9
 0
 0
 1
 1
 1
 1
 1
 0.8093102980867184
 0.9372093578230299
 0.9106602943522305
 0.8509092951572936
 0.8886032541702447
 0.8958876773250226
 0.8774137630557476
 0.8583543597551881
 0.9038711240803772
 0.9169404462794437
 0.9009641166970459
 0.9180413740813429
 0.9208392731278867
 0.9243673598886245
 0.9128042865643757
 0.9182260296094011
 0.9267127213950667
 0.9167642988621725
 0.9401130183124154
 0.9246557900268438
 0.9422001892431119
 0.9502371985153131
 0.9309966611642417
 0
 0
 0.9999999999897938
 0.9999999999104685
 0.9999999999369429
 0.9999999999464413
 0.9999999999655743
 0.7938722915383354
 0.8139340674737937
 0.7606184522096541
 0.7851160056629393
 0.8151840200052486
 0.8454527784908548
 0.7947230813861329
 0.8164482575841733
 0.7978685118522517
 0.808269483025208
 0.8239612391472353
 0.8316996753863547
 0.8362117646531777
 0.8355281892024824
 0.8445015420580458
 0.8395634460583071
 0.8476365118885749
 0.8441917903256373
 0.84750403536521
 0.8567688027376238
 0.8684867203918045
 0.8653429471627335
 0.8642349624194414
 0
 0
 0.9999999999725619
 0.9999999998748552
 0.9999999998840257
 0.9999999999505964
 0.9999999999662849
 0.7990412868821294
 0.8038722338323286
 0.7469270656127223
 0.7835067992714621
 0.8122535731628001
 0.8388280508796697
 0.7853055789972089
 0.813757134391225
 0.799893340955766
 0.8028902678901294
 0.8174958483931943
 0.8291697659528107
 0.8291233679580836
 0.842069656854069
 0.8443992142053733
 0.8405467629360375
 0.8485950735985186
 0.8385133702836892
 0.8429891217895046
 0.8504313192423995
 0.8671243282282888
 0.8661962585106193
 0.8650371587115533
 0
 0
 0.9999999999776894
 0.9999999983880691
 0.9999999999934549
 0.9999999999220431
 0.9999999999821746
 0.7621169755423004
 0.797783881236411
 0.7548570278769965
 0.7531555740969167
 0.7846689552137857
 0.9750711154206048
 0.7778673766967922
 0.8024900384846761
 0.7640211643917846
 0.8030719156677302
 0.816101998723863
 0.7976978597471591
 0.7995395068244942
 0.8292592508064842
 0.8201851459098328
 0.8204076266069896
 0.8258984947366155
 0.800302946921384
 0.8151596627929611
 0.80630086819447
 0.8635273947976497
 0.971150392617665
 0.8446366185303827
 0
 0
 1
 0.9999999999852573
 0.9999999999992926
 0.9999999998060941
 0.9999999999415702
 0.8131286530379137
 0.823098318102691
 0.8336004287702257
 0.8362728198236427
 0.8507866030483372
 0.827247264504551
 0.862700922893886
 0.9239084880670716
 0.812419779897292
 0.8604159753320317
 0.9138156675721782
 0.86383493369977
 0.8579138249427901
 0.8825228876379302
 0.9397741563837455
 0.8598514858875718
 0.8880641581161107
 0.8786364631236032
 0.8876004712137564
 0.9252590478602147
 0.8808552308211921
 0.9022656301426526
 0.8642303879872706
 0
 0
 0.9999999999770713
 0.9999999999739928
 0.9999999999847475
 0.9999999999953515
 0.9999999999932574
 0.7515587016929013
 0.7842700320060054
 0.7911281905834443
 0.7890964584594763
 0.8340975885306393
 0.8507723459297529
 0.827250221571173
 0.8428672783267264
 0.8361465735344437
 0.847682954806373
 0.8628730283429153
 0.869982340295351
 0.8721858023092899
 0.8729519756035494
 0.8807948998465993
 0.8814002340885932
 0.8886982209600691
 0.8840486602840276
 0.8861889503370329
 0.8920360315887044
 0.9057152311311242
 0.9085214587186468
 0.9055260194639725
 0
 0
 0.9999999999701886
 0.9999999999327064
 0.9999999999805906
 0.9999999999917658
 0.999999999997192
 0.7613348233340573
 0.802612234186856
 0.7865719255782228
 0.8036176782419494
 0.826063229864607
 0.8527337271962081
 0.8074799083160078
 0.838870941786844
 0.8317154867538493
 0.8404832609244397
 0.861661466005995
 0.8683964095184868
 0.8667080583635428
 0.8763510454138271
 0.8806514036181293
 0.8788046991101772
 0.8913575062142143
 0.8772906507925674
 0.8841029863710254
 0.8914963764708302
 0.901516830032366
 0.9101680953918854
 0.9047999071497529
 0
 0
 0.9999999999600815
 0.999999999999642
 0.999999999999489
 0.9999999999989096
 0.9999999999999922
 0.7941847384322066
 0.7851016805986318
 0.7356545791031908
 0.7859829461730526
 0.8276092336610815
 0.8668015989016917
 0.8096014377597031
 0.8140902035875852
 0.8135438262034737
 0.839335466936614
 0.8527477801112254
 0.8660952528455425
 0.8688943201055401
 0.8597103951912832
 0.8776675489670793
 0.8786408589348926
 0.8924215034082879
 0.8827077051535652
 0.8775186723769806
 0.8876382209591521
 0.8988863840890402
 0.9052232168311971
 0.9020752632653425
 0
 0
 1
 0.9999999999772795
 0.9999999999999863
 0.9999999999999898
 0.999999999999998
 0.8582385357399877
 0.809256967870328
 0.7909915493194295
 0.8079251324691179
 0.9199103785767987
 0.8142872785812614
 0.8064479461035897
 0.824485594136439
 0.8015056211875849
 0.8455407467295394
 0.8970271775940046
 0.8663359316662778
 0.8718930601380709
 0.8884951287957653
 0.8573304657107003
 0.8861052236684287
 0.8910610797432886
 0.8818554001566459
 0.8958327985344057
 0.8875613819639058
 0.8878843967262161
 0.9038239454869966
 0.8939332004684781
 0
 0
 0
 0
 0
 0
 0
 0
 0
 0
 0
 0
 0
 0
 0
 0
 0
 0
 0
 0
 0
 0
 0
 0
 0
 0
 0
 0
 0
 0
 0
 0
 0
 0
 0
 0
 0
 0
 0
 0
 0
 0
 0
 0
 0
 0
 0
 0
 0
 0
 0
 0
 0
 0
 0
 0
 0
 0
 0
 0
 0
 0
 0
 0
 0
 0
 0
 0
 0
 0
 0
 0
 0
 0
 0
 0
 0
 0
 0
 0
 0
 0
 0
 0
 0
 0
 0
 0
 0
 0
 0
 0
 0
 0
 0
 0
 0
 0
 0
 0
 0
 0
 0
 0
 0
 0
 0
 0
 0
 0
 0
 0
 0
 0
 0
 0
 0
 0
 0
 0
 0
 0
 0
 0
 0
 0
 0
 0
 0
 0
 0
 0
 0
 0
 0
 0
 0
 0
 0
 0
 0
 0
 0
 0
 0
 0
 0
 0
 0
 0
 0
 0
 0.9750440361770981
 0.9876791948250621
 0.9986695739354106
 0.9985486123041815
 0.9998122813914763
 0.7458612209101938
 0.7963159558245045
 0.7869213801152035
 0.800943803104618
 0.8284780124415306
 0.8579759529179404
 0.8115140761020526
 0.8394311396856141
 0.8344695981146376
 0.8354173773648458
 0.8560152521771969
 0.8690182936027361
 0.8687111079115022
 0.8745321360249796
 0.8798947219096196
 0.8839567720179206
 0.8904446631720864
 0.8758587807586505
 0.8840032750936858
 0.8921488773406689
 0.8993911691970117
 0.9060634735657502
 0.9036749831047687
 0
 0
 0
 0
 0
 0
 0
 0
 0
 0
 0
 0
 0
 0
 0
 0
 0
 0
 0
 0
 0
 0
 0
 0
 0
 0
 0
 0
 0
 0
 0
 0
 0
 0
 0
 0
 0
 0
 0
 0
 0
 0
 0
 0
 0
 0
 0
 0
 0
 0
 0
 0
 0
 0
 0
 0
 0
 0
 0
 0


