# Created by Octave 3.8.2, Sun Nov 15 20:32:11 2015 CET <dkottke@snake8>
# name: mus
# type: matrix
# ndims: 3
 1 30 19
 0
 0
 0.5008347245409014
 0.6687082405345212
 0.6668523676880233
 0.725195094760313
 0.7070594774874936
 0.7126116071428571
 0.6817420435510881
 0.6592178770949726
 0.6452075531830138
 0.656599552572707
 0.647993311036789
 0.6595982142857139
 0.6487394957983192
 0.6512276785714286
 0.6507563025210082
 0.6453423120089787
 0.6395376739721643
 0.6269662921348315
 0.6237535014005603
 0.6282578875171464
 0.6473429951690824
 0.6458333333333333
 0.6439436619718312
 0.6447417316982537
 0.64337822671156
 0.6626674107142856
 0.6190211345939932
 0.6135593220338985
 0
 0
 1
 0.5
 0.6
 0.6
 0.7
 0.7
 0.4
 0.4
 0.2666666666666667
 0.5333333333333333
 0.4333333333333333
 0.5666666666666667
 0.6
 0.7
 0.7
 0.7333333333333333
 0.65
 0.6
 0.67
 0.71
 0.75
 0.71
 0.72
 0.7266666666666667
 0.7533333333333333
 0.7
 0.7
 0.7
 0
 0
 1
 0.6976814718646028
 0.7753176925252236
 0.7651496534907789
 0.8140189512290128
 0.8451304630870033
 0.5643775171053264
 0.6242723805475454
 0.5308132446520302
 0.366023673788614
 0.4939561397298919
 0.6570024995451946
 0.5976616539335023
 0.6203078436729539
 0.7008801943510927
 0.6747615709193098
 0.6144119259653616
 0.577346971015024
 0.623812860877175
 0.6599064147658671
 0.6626482528369084
 0.694803723511806
 0.7161460473089531
 0.7029640875459684
 0.7311769034754911
 0.7169375608484335
 0.672211013969753
 0.7100613328588885
 0
 0
 0.9999999999696243
 0.5586806702526398
 0.7537543026925482
 0.6595563394859244
 0.6962866592096578
 0.6944240452508178
 0.4852125814079948
 0.4805852466950533
 0.3965288631363781
 0.4334002259430512
 0.4941990161254409
 0.5497446813266771
 0.5464559708752122
 0.5836872941786034
 0.6121891855066853
 0.6247573322242488
 0.5922926054645477
 0.561388392165983
 0.5700641499637537
 0.5971883884600457
 0.610536363903755
 0.6266620739238762
 0.6428157647717809
 0.6539361179352745
 0.6693690325714747
 0.6667961502480334
 0.644292839712692
 0.6640985929524134
 0
 0
 0.9999999999752832
 0.4632135845200195
 0.6592593052181069
 0.6746219592033005
 0.7235760635296467
 0.6682840891659159
 0.4777437400755614
 0.4668017714471396
 0.3903891369192165
 0.4447092127325031
 0.5130513998530738
 0.5395176011535346
 0.55157263461117
 0.5762741170879176
 0.6041559996072378
 0.6283506449046445
 0.5915989318302269
 0.5586173577539743
 0.5629145199969077
 0.5909873193919543
 0.6084188589455325
 0.6344650492377385
 0.6486705619803839
 0.6585723346910445
 0.6719613646727273
 0.6671116640191126
 0.645600266911443
 0.6658725967350628
 0
 0
 0.9999999999841104
 0.5553526920076868
 0.5874860142244719
 0.6308872756495836
 0.7084741354307645
 0.6593069255177926
 0.4724421597493151
 0.461404150878308
 0.3822766132153373
 0.4471185821310549
 0.4813470500313702
 0.5503129388592658
 0.5169001069344827
 0.5776498039213831
 0.5661571305389336
 0.6317547155574407
 0.5666682047549789
 0.5300616187104304
 0.5932453460524495
 0.6065300940755561
 0.6134553560889774
 0.6367757513270366
 0.6980766996611619
 0.6309942099270556
 0.6489207724962229
 0.7495293934434248
 0.6916757122802484
 0.768168374835272
 0
 0
 1
 0.66451547853202
 0.853318081733169
 0.7334468728534741
 0.7676871090385132
 0.7715158502738243
 0.6697570108272032
 0.6798723068762392
 0.5912019731206368
 0.6190576007003871
 0.6594520673628933
 0.6965315190679512
 0.6740052694245751
 0.7051339161198991
 0.7409593472860965
 0.6161817300248411
 0.7067715774596612
 0.631800864051732
 0.6641284464276513
 0.6278214035681138
 0.6790848782291938
 0.6937818816741725
 0.6468320476941214
 0.790761362333664
 0.7822986055038957
 0.6998150107878391
 0.7381648760138639
 0.730779159246282
 0
 0
 0.999999999980417
 0.5786173248424514
 0.7722428460047748
 0.6534035949878082
 0.7144573265026756
 0.7068908197872872
 0.5305077399762342
 0.5001748486716798
 0.4039350310751628
 0.4434248926427157
 0.5030326614364278
 0.5498606629990531
 0.5568210336214255
 0.5902091334430839
 0.627463763217153
 0.6436840310482919
 0.6020296368748821
 0.5681908461704721
 0.5829614705416378
 0.604230091675795
 0.6262130821158397
 0.6442783122628976
 0.6691217527217387
 0.6872312245054794
 0.7044004580157185
 0.7043679731762764
 0.6698597173524159
 0.6947976092251162
 0
 0
 0.9999999999798251
 0.4817983687244283
 0.6693270533403868
 0.7107616721099154
 0.7429012357526018
 0.6878719172588316
 0.5137120248179862
 0.4879566936055116
 0.3967596929874903
 0.4610824386507029
 0.5157992714163614
 0.5437080497285042
 0.5502565281017944
 0.5919027818881393
 0.6089452037393691
 0.6479856380848031
 0.5922392698006708
 0.5676564287155559
 0.5693021473771041
 0.6008435572497107
 0.6202168407640544
 0.6449744229300037
 0.6744356811725637
 0.6804346134306116
 0.6997612196685257
 0.698362581468695
 0.6676985369490077
 0.6950333918937438
 0
 0
 0.9999999999939054
 0.5384653895677471
 0.7487951739838535
 0.6870857078432043
 0.6655278282840271
 0.7775840910943206
 0.524646324070041
 0.5090464782383796
 0.3914349995454355
 0.4352130927618644
 0.4903000478606723
 0.5434730779678718
 0.5487200323870421
 0.6090277642747081
 0.6077306678770928
 0.6210509480468375
 0.5699813976182837
 0.5540477162191857
 0.5748145065321573
 0.6020101653820806
 0.6125777987978566
 0.6398243195571547
 0.7908135057330773
 0.6592723130759219
 0.6981659324037571
 0.6889340182788015
 0.6574281549724493
 0.6903985022989543
 0
 0
 1
 0.712355538132135
 0.8827207669113026
 0.7080100568415462
 0.7675790081698932
 0.7557222340714279
 0.6767176643975574
 0.6516267876431848
 0.6138039828345795
 0.6152211281987792
 0.6205885598388114
 0.6902502946981358
 0.6691986447192307
 0.6944091328060569
 0.7235555722652912
 0.6693034201934035
 0.6666261773646031
 0.6263508134684356
 0.635091412196483
 0.6431697337854977
 0.6681859330692577
 0.6669510111719053
 0.6521849555774143
 0.6945104793844499
 0.6831030026151832
 0.6972938816898214
 0.6773022717055621
 0.687007788796359
 0
 0
 0
 0
 0
 0
 0
 0
 0
 0
 0
 0
 0
 0
 0
 0
 0
 0
 0
 0
 0
 0
 0
 0
 0
 0
 0
 0
 0
 0
 0
 0
 0
 0
 0
 0
 0
 0
 0
 0
 0
 0
 0
 0
 0
 0
 0
 0
 0
 0
 0
 0
 0
 0
 0
 0
 0
 0
 0
 0
 0
 0
 0
 0
 0
 0
 0
 0
 0
 0
 0
 0
 0
 0
 0
 0
 0
 0
 0
 0
 0
 0
 0
 0
 0
 0
 0
 0
 0
 0
 0
 0
 0
 0
 0
 0
 0
 0
 0
 0
 0
 0
 0
 0
 0
 0
 0
 0
 0
 0
 0
 0
 0
 0
 0
 0
 0
 0
 0
 0
 0
 0
 0
 0
 0
 0
 0
 0
 0
 0
 0
 0
 0
 0
 0
 0
 0
 0
 0
 0
 0
 0
 0
 0
 0
 0
 0
 0
 0
 0
 0
 0
 0.9915280066821204
 0.4682694070265293
 0.6393332072675101
 0.6898622072947178
 0.7327385641670536
 0.6974548495184534
 0.5097476362575676
 0.4812339520474997
 0.4027408515820623
 0.4644079333798403
 0.5147571269550202
 0.5498898708246186
 0.5441031732341498
 0.5918428316509136
 0.6151267990925925
 0.6506619261840139
 0.5908485161489556
 0.5663500903944552
 0.5661392988087622
 0.5977753349258024
 0.6177024027373093
 0.641934409281851
 0.6679976634743742
 0.6795000434309224
 0.6997416501905296
 0.6964829953954939
 0.6682792682978229
 0.691502908848819
 0
 0
 0
 0
 0
 0
 0
 0
 0
 0
 0
 0
 0
 0
 0
 0
 0
 0
 0
 0
 0
 0
 0
 0
 0
 0
 0
 0
 0
 0
 0
 0
 0
 0
 0
 0
 0
 0
 0
 0
 0
 0
 0
 0
 0
 0
 0
 0
 0
 0
 0
 0
 0
 0
 0
 0
 0
 0
 0
 0


