# Created by Octave 3.8.2, Mon Nov 16 01:36:39 2015 CET <dkottke@snake2>
# name: mus
# type: matrix
# ndims: 3
 1 30 19
 0
 0
 0.4611528822055138
 0.4090909090909091
 0.5012658227848102
 0.7222222222222221
 0.7593984962406016
 0.5280612244897959
 0.7058080808080813
 0.6692307692307691
 0.6755050505050505
 0.6843434343434343
 0.7043589743589744
 0.7021683673469388
 0.7192307692307691
 0.71875
 0.7985223074737142
 0.8106060606060606
 0.7844611528822055
 0.7999999999999999
 0.8145363408521303
 0.8118686868686867
 0.7953964194373401
 0.7864583333333334
 0.7653333333333333
 0.7994871794871795
 0.7938912938912938
 0.7984693877551019
 0.8095952023988008
 0.8076923076923078
 0
 0
 0.3333333333333333
 0
 0
 0.1
 0.1
 0.2
 0.3
 0.4
 0.8
 0.6333333333333333
 0.7333333333333333
 0.7
 0.7333333333333333
 0.8666666666666666
 0.6833333333333333
 0.6833333333333333
 0.65
 0.6
 0.7
 0.82
 0.77
 0.8400000000000001
 0.8
 0.7666666666666666
 0.82
 0.86
 0.8
 0.9333333333333332
 0
 0
 0.4975451968285824
 162.6777814670766
 0.2722835968059039
 0.4498468609773416
 0.3562990712756638
 0.5107685115626228
 0.3911066094780669
 0.4357621263825306
 0.5987210532576126
 0.5323968879043142
 0.639997266208554
 0.6908552439656315
 0.7158918786297576
 0.6942585099046413
 0.7257160433793117
 0.6865725639952324
 0.6872962250915484
 0.7433447689455052
 0.7739917057738596
 0.7730275699910334
 0.745934357173702
 0.8183537669524191
 0.8059992471830744
 0.8176877648895694
 0.8147769311519264
 0.8217569268975524
 0.8655680140492111
 0.8552127648393182
 0
 0
 0.7026973059353623
 0.130937494274051
 0.1731969146582981
 0.2306289735689461
 0.2429286847159253
 0.3419452441532374
 0.3019949090704555
 0.3988355782548947
 0.4809477029106331
 0.5254024927032194
 0.5465096664971066
 0.5844190056334498
 0.6180837337135235
 0.63608730983315
 0.5998497668878615
 0.6003372920213548
 0.6316372353369659
 0.6516774888213116
 0.6569706027938641
 0.6687106694246032
 0.684112823553654
 0.6968565940744539
 0.7034596194247672
 0.7005827366651323
 0.7106244687400639
 0.7113775774827436
 0.71971530849025
 0.734666632347597
 0
 0
 0.5001185480538836
 0.1628923955512051
 0.1666497524168095
 0.2025452299244573
 0.225585923682089
 0.3466319298541795
 0.318878505328929
 0.392965952583712
 0.5006698343468347
 0.5222657569423372
 0.5593119500744452
 0.587404045937491
 0.6120949478899679
 0.6374385645540138
 0.6028096000201583
 0.6085435521290736
 0.6309112521508423
 0.6621375862383028
 0.6502182174051354
 0.6691171350715368
 0.6910428733909927
 0.7010988934119533
 0.7037130969424185
 0.7033153316556077
 0.7136810821214347
 0.7148388045145727
 0.7242887726695202
 0.7389978344757538
 0
 0
 0.3333333333183425
 0.1112817348751074
 0.1583349615394467
 0.2133333097747052
 0.2480126878001559
 0.3818582915345307
 0.306876817580006
 0.3956393854056931
 0.5171396223254702
 0.5373441464325125
 0.5308507708677009
 0.5672379204972839
 0.5895296281136483
 0.5873120962301532
 0.6193294372170094
 0.608283250024065
 0.6678283777464483
 0.6654964150714419
 0.6290550964805396
 0.7174112208009049
 0.6476783583444057
 0.6765419865094667
 0.7446440298768161
 0.662103281732547
 0.8161104266110173
 0.734422853658955
 0.74370051037772
 0.7232194605477765
 0
 0
 1
 0.5125790323808924
 0.5308687665115717
 0.4716303409993531
 0.510686024643759
 0.5989542109611833
 0.5732386081377134
 0.592254071674545
 0.6142730028351979
 0.6421317320898065
 0.6690715284203882
 0.7032164074974099
 0.7199046380532961
 0.7412054189705266
 0.7115143291269289
 0.7817482570286463
 0.7334695362627325
 0.8222822571561712
 0.7363775987909601
 0.770527328652416
 0.7714245439388544
 0.7796067680973686
 0.7779964344019354
 0.7587369017337517
 0.7814020790613154
 0.7696735738629228
 0.7694651018042534
 0.8292666889130538
 0
 0
 0.6849562150547422
 0.1180734979760738
 0.1680144759256476
 0.2717627402100152
 0.2623049875735528
 0.3586276657645961
 0.3742734780985075
 0.4483705181390876
 0.4723062529353568
 0.516545677883782
 0.5380789141845111
 0.5808266903440681
 0.6195808158096042
 0.624200976966673
 0.6019155289447273
 0.6068494195661435
 0.6469664039681928
 0.6665624125113179
 0.6727989529890547
 0.6927474084659027
 0.7099073261613071
 0.7312039291105571
 0.7373248436326174
 0.731812149789998
 0.7376105425729161
 0.741666762471437
 0.7580565164209482
 0.7762012254999956
 0
 0
 0.5713855481201535
 0.1829682707441951
 0.156110611554885
 0.2237673765725054
 0.2367463447211183
 0.3612049382086657
 0.3856052916348904
 0.4498670408236183
 0.4927009863299642
 0.5086054166501488
 0.5480527176783154
 0.5788059218895
 0.6205176978411784
 0.6207870041825571
 0.6007974295040475
 0.6206985790293656
 0.6402435325396006
 0.6719479559969153
 0.6594240396230536
 0.6937856024945936
 0.71316988844703
 0.7340792405706731
 0.730749620743021
 0.7287427723040171
 0.741473822145325
 0.7456641082460369
 0.7597575867666646
 0.7652235962250377
 0
 0
 0.3333333333333067
 0.07136393697319093
 0.1483090390993683
 0.2373908603767456
 0.2501445134671252
 0.3508423535590142
 0.3266476215581899
 0.4107727375317293
 0.4713858425003623
 0.5024258401495774
 0.5380136669369183
 0.5752657966727145
 0.5948317253036625
 0.7142733847533758
 0.5936596740896899
 0.5964641648103466
 0.6375152363720259
 0.6941338566331002
 0.6663182725226982
 0.703628267305129
 0.6836702723728922
 0.7277378956123697
 0.7291557590950269
 0.7073816171872064
 0.71786719365996
 0.741014558924738
 0.7715600012503087
 0.7532228797614988
 0
 0
 1
 0.5379091995594085
 0.5550967728660742
 0.5302635557748632
 0.5112360363997992
 0.6108946108422439
 0.5875722236468915
 0.6365187234834615
 0.6106832778991536
 0.6582252935173818
 0.6623690086302955
 0.6606032741775838
 0.6989243075855791
 0.6802463050699965
 0.6877619719567194
 0.6920260528031951
 0.6788276236848296
 0.7283472018861666
 0.7008920597485651
 0.7303918444027291
 0.7303864705179751
 0.7768916992702337
 0.7796873781128231
 0.7583832923681944
 0.771916030218737
 0.7637936979340397
 0.7685950724605034
 0.7749513810500859
 0
 0
 0
 0
 0
 0
 0
 0
 0
 0
 0
 0
 0
 0
 0
 0
 0
 0
 0
 0
 0
 0
 0
 0
 0
 0
 0
 0
 0
 0
 0
 0
 0
 0
 0
 0
 0
 0
 0
 0
 0
 0
 0
 0
 0
 0
 0
 0
 0
 0
 0
 0
 0
 0
 0
 0
 0
 0
 0
 0
 0
 0
 0
 0
 0
 0
 0
 0
 0
 0
 0
 0
 0
 0
 0
 0
 0
 0
 0
 0
 0
 0
 0
 0
 0
 0
 0
 0
 0
 0
 0
 0
 0
 0
 0
 0
 0
 0
 0
 0
 0
 0
 0
 0
 0
 0
 0
 0
 0
 0
 0
 0
 0
 0
 0
 0
 0
 0
 0
 0
 0
 0
 0
 0
 0
 0
 0
 0
 0
 0
 0
 0
 0
 0
 0
 0
 0
 0
 0
 0
 0
 0
 0
 0
 0
 0
 0
 0
 0
 0
 0
 0
 0.4354303839216634
 0.1649228840976375
 0.1630395136769371
 0.2232883608934953
 0.2467300550808211
 0.3613367039946862
 0.3824387721102442
 0.443448548984974
 0.4976306519241188
 0.5026289810828742
 0.5465758045258348
 0.5800281058614103
 0.6133726486535148
 0.6248583130215404
 0.601283489811581
 0.6154730029085949
 0.635748982968741
 0.6686982034445851
 0.6663540965446821
 0.6952479195948136
 0.7100245388056846
 0.7332846167926501
 0.730801347220905
 0.7263499311573933
 0.74543509787795
 0.744900209553344
 0.7574177098515369
 0.7657754451829156
 0
 0
 0
 0
 0
 0
 0
 0
 0
 0
 0
 0
 0
 0
 0
 0
 0
 0
 0
 0
 0
 0
 0
 0
 0
 0
 0
 0
 0
 0
 0
 0
 0
 0
 0
 0
 0
 0
 0
 0
 0
 0
 0
 0
 0
 0
 0
 0
 0
 0
 0
 0
 0
 0
 0
 0
 0
 0
 0
 0


