# Created by Octave 3.8.2, Sun Nov 15 20:41:43 2015 CET <dkottke@snake7>
# name: mus
# type: matrix
# ndims: 3
 1 30 19
 0
 0
 0.9033816425120769
 0.9663461538461539
 0.9658536585365856
 0.9656862745098038
 0.9802955665024631
 0.9807692307692307
 0.9806763285024155
 0.9800000000000001
 0.9808612440191385
 0.9803921568627449
 0.9807692307692308
 0.979591836734694
 0.9794871794871796
 0.9807692307692307
 0.9754901960784315
 0.9747474747474748
 0.9760765550239234
 0.9700000000000001
 0.9682539682539684
 0.9654882154882155
 0.9710144927536231
 0.9687499999999999
 0.97
 0.9615384615384617
 0.9720332577475433
 0.9642857142857144
 0.9605911330049262
 0.9722222222222223
 0
 0
 0.6666666666666666
 0.25
 1
 0.9
 0.6
 0.9
 0.9
 0.9
 1
 1
 1
 0.9333333333333332
 0.9333333333333332
 0.9333333333333332
 0.95
 0.95
 0.95
 0.9
 0.9
 0.9
 0.9199999999999999
 0.9199999999999999
 0.9199999999999999
 0.9199999999999999
 0.9266666666666665
 0.8266666666666665
 0.8266666666666668
 0.8666666666666668
 0
 0
 0.7708562974246478
 0.6628690352914359
 0.8748928060651813
 0.8828211889246381
 0.8355734106715684
 0.8770319049772779
 0.8834791103226025
 0.9093960532345734
 0.950062475852544
 0.8984804832971228
 0.936548017832372
 0.9240870287178201
 0.9694666306944157
 0.9490010845100088
 0.9520426666646082
 0.9472170528562046
 0.9435834387748813
 0.9004764393926012
 0.9257120596719464
 0.9280790375947618
 0.9219955933198531
 0.9035854233796734
 0.9238883114654197
 0.9136110887817598
 0.9343017858645976
 0.8912885543383098
 0.8388075081437331
 0.8874057798528169
 0
 0
 0.8068113109311121
 0.5742541525623246
 0.8584006223426579
 0.8362503533323715
 0.7802860108087643
 0.7834063052906496
 0.802230253519348
 0.8058550390402437
 0.8442016217260119
 0.8425254416104403
 0.8433786493083313
 0.8570596746630816
 0.8659022701502488
 0.8798593572657138
 0.8772336859652289
 0.8863368885858453
 0.8827542936568861
 0.8425176898249169
 0.8498618521760155
 0.8609536085203803
 0.8648903448177589
 0.8727760369184981
 0.875643913085889
 0.8677117139495677
 0.8636656699587589
 0.8099838197820166
 0.8175793869885666
 0.803321567557529
 0
 0
 0.4939087953539951
 0.4990032464306841
 0.8253394303957335
 0.8464765270849932
 0.7616307067464524
 0.7417442021099596
 0.7949302997384181
 0.8136095036710485
 0.8320380440679546
 0.8234460651655574
 0.8453882213196247
 0.8508104167233166
 0.8617490528998835
 0.869687474835612
 0.8688282885244919
 0.8820342984004264
 0.883073133179444
 0.8436640792144575
 0.8485406952950493
 0.8596184347918863
 0.8622393651715043
 0.8726746439991825
 0.8774453098982007
 0.8689975560282566
 0.8661709967419573
 0.8034697248214092
 0.8182877245891133
 0.8046378184646866
 0
 0
 0.7042638985886462
 0.5277770331603925
 0.8480685106180849
 0.6748522504282757
 0.6733752962391423
 0.7095925859409606
 0.744149267031278
 0.7642068713272694
 0.8351071672829818
 0.7974556448250414
 0.8032495361034703
 0.9682301880193189
 0.8293998918371318
 0.8539576571686708
 0.8692155636712209
 0.8630334510684486
 0.8902583545118405
 0.9110209022883055
 0.8284474180201509
 0.878685937292037
 0.8646137508928636
 0.8907943436639947
 0.9669530357808096
 0.8818469944768097
 0.8739699552998704
 0.7661595004296436
 0.8450654292220005
 0.909869563786556
 0
 0
 0.5785862941142949
 0.7984555729577811
 0.7209226526626984
 0.7817807415797141
 0.9140717717863159
 0.7586603688510126
 0.7906051140640525
 0.9045980822118239
 0.863442129544836
 0.8516723339324443
 0.8758982724390028
 0.8081556341284263
 0.9102179988389235
 0.8794671818791002
 0.8853121069485703
 0.885216191342527
 0.8980026367011593
 0.8739151391900781
 0.8675530331907849
 0.8929468954712947
 0.9093490261648383
 0.879350304256857
 0.8726004807450266
 0.8955172387948391
 0.8352856417575562
 0.9269790247413381
 0.8841906652001659
 0.8609774972345542
 0
 0
 0.7633809316549806
 0.644988751417174
 0.8042244577022966
 0.7906444738415134
 0.779953994592782
 0.7788726286052605
 0.7829969746409519
 0.8369716695247305
 0.8730023794424882
 0.8518916950066623
 0.8756139946056203
 0.8917432231582285
 0.9005721185657586
 0.9110420313976046
 0.913439073090292
 0.9194741269347799
 0.9157092379803186
 0.8690405012279352
 0.8764297413159795
 0.8826354593617359
 0.8880742766119707
 0.8949755566670069
 0.8973507349890962
 0.8919282678281347
 0.8892929436526587
 0.8398586635753322
 0.8495408375960184
 0.8297775313171396
 0
 0
 0.4654838156547861
 0.560281029122371
 0.7466492549044826
 0.8115742801674173
 0.7974264377341111
 0.7514629162648334
 0.7899705604314112
 0.8267221584419161
 0.853645083816775
 0.845855033131358
 0.8696572653753976
 0.8714683318468269
 0.8957864564446253
 0.9110389386422455
 0.9099663691208952
 0.9168215374283649
 0.9208031093920661
 0.8687812875044323
 0.8747034969581198
 0.8793191749144689
 0.8836144418016235
 0.8964866119649982
 0.9003556304369348
 0.8962347376908283
 0.8926519531536977
 0.8388748107140062
 0.8465542556432724
 0.8330652213873611
 0
 0
 0.7320561939415198
 0.5438472166469019
 0.9390253590216315
 0.7492588575560734
 0.9447719024302031
 0.741265195592286
 0.8272080640050711
 0.9153446624676215
 0.8588922973112355
 0.8244767710825218
 0.8344578849925232
 0.880979038635968
 0.869502328982476
 0.9071659434594292
 0.8995998390916241
 0.91736824838081
 0.9084550173566723
 0.8674855195394729
 0.8819885285797112
 0.8799045143250273
 0.8826774595137269
 0.8931140425310099
 0.8957020750103422
 0.9033610159351403
 0.8785450443097546
 0.8378726277998985
 0.8400760002462019
 0.8291527992811371
 0
 0
 0.5785862941142949
 0.8104987636454231
 0.765330924910536
 0.7708926979015757
 0.8533888129338851
 0.7398101774298598
 0.7958931842840394
 0.7804956872142491
 0.8184953152797435
 0.811541275724061
 0.8495301215863982
 0.8288014242069142
 0.8751195036603284
 0.8647507527778878
 0.8741415187021608
 0.9836924102386382
 0.898283741675146
 0.8847105062277238
 0.8729828634696193
 0.9119722704829616
 0.9015487947177526
 0.9081114749643852
 0.901059496856212
 0.9002458050725151
 0.8968987553218984
 0.8584714564819075
 0.8781055742583556
 0.8777319437850408
 0
 0
 0
 0
 0
 0
 0
 0
 0
 0
 0
 0
 0
 0
 0
 0
 0
 0
 0
 0
 0
 0
 0
 0
 0
 0
 0
 0
 0
 0
 0
 0
 0
 0
 0
 0
 0
 0
 0
 0
 0
 0
 0
 0
 0
 0
 0
 0
 0
 0
 0
 0
 0
 0
 0
 0
 0
 0
 0
 0
 0
 0
 0
 0
 0
 0
 0
 0
 0
 0
 0
 0
 0
 0
 0
 0
 0
 0
 0
 0
 0
 0
 0
 0
 0
 0
 0
 0
 0
 0
 0
 0
 0
 0
 0
 0
 0
 0
 0
 0
 0
 0
 0
 0
 0
 0
 0
 0
 0
 0
 0
 0
 0
 0
 0
 0
 0
 0
 0
 0
 0
 0
 0
 0
 0
 0
 0
 0
 0
 0
 0
 0
 0
 0
 0
 0
 0
 0
 0
 0
 0
 0
 0
 0
 0
 0
 0
 0
 0
 0
 0
 0
 0.3712849889421786
 0.5432030748222271
 0.7308023535142122
 0.81067411581141
 0.7931196970108753
 0.7505341084367851
 0.7965701021078179
 0.820684904314418
 0.8474053509779911
 0.8479257308698458
 0.8708892946102649
 0.8739889386164853
 0.8952722298188192
 0.9087107705393753
 0.912676881526938
 0.9151483084514692
 0.9200669022886538
 0.8700233364644382
 0.8748294996523923
 0.8783628992680127
 0.8838810233550627
 0.8934095668779681
 0.8971265512102061
 0.8919428002503744
 0.8927374682097456
 0.8371459678219685
 0.8424703359493748
 0.8303075406122079
 0
 0
 0
 0
 0
 0
 0
 0
 0
 0
 0
 0
 0
 0
 0
 0
 0
 0
 0
 0
 0
 0
 0
 0
 0
 0
 0
 0
 0
 0
 0
 0
 0
 0
 0
 0
 0
 0
 0
 0
 0
 0
 0
 0
 0
 0
 0
 0
 0
 0
 0
 0
 0
 0
 0
 0
 0
 0
 0
 0


