# Created by Octave 3.8.2, Sun Nov 15 22:49:23 2015 CET <dkottke@snake4>
# name: mus
# type: matrix
# ndims: 3
 1 30 19
 0
 0
 0.6115288220551379
 0.6136363636363636
 0.5746835443037973
 0.7512626262626266
 0.7218045112781954
 0.7551020408163265
 0.7651515151515156
 0.8435897435897434
 0.8061868686868684
 0.654040404040404
 0.6207692307692307
 0.7244897959183672
 0.7410256410256409
 0.7708333333333334
 0.7752202330207446
 0.7664141414141414
 0.7919799498746866
 0.7815789473684212
 0.7994987468671679
 0.7676767676767676
 0.8527990906507531
 0.8502604166666666
 0.9013333333333334
 0.9461538461538461
 0.9094516594516594
 0.9732142857142856
 0.9814323607427055
 0.9410256410256412
 0
 0
 0.6666666666666666
 0.25
 0.8
 0.2
 0.6
 0.2
 0.5
 0.4
 0.4333333333333333
 0.5666666666666667
 0.7
 0.6
 0.4666666666666666
 0.4333333333333333
 0.6499999999999999
 0.6666666666666666
 0.8
 0.8
 0.67
 0.74
 0.6900000000000001
 0.66
 0.72
 0.6533333333333333
 0.6266666666666667
 0.6066666666666666
 0.5466666666666666
 0.6
 0
 0
 0.7255265994560209
 0.578586294114295
 0.8269193707969426
 0.6923679947034354
 0.4650382355070366
 0.4997310949087796
 0.502102978510879
 0.3223365645518669
 0.6176846700224693
 0.6155690278224601
 0.6088423335926156
 0.4690564157825202
 0.5795636425099482
 0.6708100090088801
 0.7022413725177219
 0.6688422682599571
 0.7345954167596821
 0.735525660313445
 0.7682886641157521
 0.7969837093522256
 0.7554360698345479
 0.6528193778252793
 0.6883919732901684
 0.6973280597932969
 0.6526955158890827
 0.672200257623927
 0.6490899538432546
 0.6200014765100393
 0
 0
 0.4364675994556285
 0.5197594580504074
 0.7266394725705614
 0.4170266869211702
 0.492924524490873
 0.3384842203214107
 0.4044512970578957
 0.4382204500370266
 0.4985970247169648
 0.5445173464901165
 0.5770118978253049
 0.548903277740257
 0.5365343005324553
 0.5483951026738614
 0.5863926608254301
 0.6245267692134591
 0.643245458827891
 0.6597281770787616
 0.6767309359338162
 0.6866124060487206
 0.6559658987072327
 0.6139948791612826
 0.5960041880233639
 0.5736978592311163
 0.5805204753146072
 0.56707752501246
 0.5579038585555075
 0.5717282333599459
 0
 0
 0.7071085865539789
 0.6225533257638713
 0.6458250865637722
 0.4588002706356559
 0.5271195471085859
 0.3415465749022394
 0.3786272857184759
 0.4618673454574196
 0.4891694042410842
 0.5246732987508436
 0.5736728314649647
 0.5470266532378146
 0.5339115689508755
 0.5516325157983523
 0.586555439886647
 0.6296434390542178
 0.6398258652872899
 0.6540653218102416
 0.6799219776799621
 0.6929633784115041
 0.6531399347060036
 0.6170532783192458
 0.5975789103279103
 0.5813301006053423
 0.5828232596747398
 0.5669440712135883
 0.5565302025954201
 0.5770948840302312
 0
 0
 0.7215668782951423
 0.8549326054169767
 0.6300784862894035
 0.4500443131968096
 0.4816739419349777
 0.3491932739633526
 0.4140116284143681
 0.4447552132084412
 0.4897770539692368
 0.5322528618014105
 0.5598571253080447
 0.5189235774192956
 0.5646852386044692
 0.5849689058738716
 0.5520442747619888
 0.6285199917167014
 0.6399438533712534
 0.6898537582333194
 0.6575865828125024
 0.745825396730031
 0.6872118769847995
 0.5763194850292823
 0.5771127283376259
 0.6023668028761254
 0.6054566345791861
 0.5706994558490024
 0.5450578189444372
 0.5606077297290497
 0
 0
 0.5785862941142949
 0.8390388887721312
 0.838723832172213
 0.7556281265755822
 0.692451025688307
 0.6147774499197327
 0.6122693941718662
 0.6052280807248983
 0.6236008953236887
 0.6947106159696067
 0.7092876611330184
 0.6898432585209241
 0.6845377485609121
 0.6922046220356574
 0.695621838023378
 0.6558151887059179
 0.7395895937297293
 0.7082036646440668
 0.7538002786985187
 0.7813990059771907
 0.7828758036988056
 0.70836746094877
 0.6612244922763977
 0.6951655752712995
 0.661021478261018
 0.7014275188790324
 0.6977236988091552
 0.7156145844414741
 0
 0
 0.4307151219156605
 0.6249966262456866
 0.6889586006450683
 0.4698377387598645
 0.534175331534101
 0.3657186655812504
 0.3999210679024378
 0.448376787899531
 0.4893491175831295
 0.5199985633196945
 0.5878562861914702
 0.5580025294339219
 0.5513303236339502
 0.5646008495915765
 0.5888633399411624
 0.622227652511868
 0.644562390129059
 0.6726172561257999
 0.6911431221475085
 0.7072405565205674
 0.671221509906981
 0.6210511249507349
 0.6066256840895934
 0.583297679079014
 0.5891396072038783
 0.5755226503251392
 0.5707025745546622
 0.580390021350227
 0
 0
 0.6910118207957399
 0.7218250445748455
 0.576906236720845
 0.5340841791742603
 0.5328526187987427
 0.3644185083691648
 0.3637839439440324
 0.458313129714878
 0.4820558894275073
 0.534670592637268
 0.5797648858382983
 0.5487865235420621
 0.5546800396839355
 0.5486597861793675
 0.5817548974905008
 0.6233650956161744
 0.6409034224220206
 0.6656405169551809
 0.6984924596261416
 0.699866219803945
 0.674538542436097
 0.6219206473249405
 0.6011113866682765
 0.5858971020163227
 0.5846589595635092
 0.5757102495224908
 0.5653760453586781
 0.5848136141111914
 0
 0
 0.6905224453652624
 0.8199514828216944
 0.6527593959457825
 0.5309081006853471
 0.4784749251814064
 0.340549377141629
 0.4063707051703645
 0.4411089711887285
 0.485280638763177
 0.520066384051146
 0.5566948995752261
 0.5422985335742861
 0.5308597098112617
 0.5377760911642289
 0.5820671355019965
 0.6280420302313788
 0.6398396606121011
 0.6635933520511077
 0.6767647929816683
 0.6969059653859869
 0.6781482263053156
 0.6163383577942578
 0.5867429757939486
 0.5767130547961841
 0.5818026074172693
 0.5616423153225143
 0.5605519135292414
 0.5758284741489971
 0
 0
 0.5785862941142949
 0.8603808965844809
 0.7904733295390191
 0.8485864276065483
 0.6961617731668402
 0.6061221196723926
 0.6510398970751566
 0.6512984232940472
 0.6429458868494166
 0.6485462066527951
 0.666318456571979
 0.636839845324615
 0.6625081301794182
 0.6563327775309044
 0.6727721020229264
 0.7026334300930587
 0.7079435229853347
 0.7233007404590971
 0.7347952648903036
 0.7179849531822931
 0.7088290095138093
 0.7115646709216911
 0.6836919593371389
 0.6762001284160933
 0.7409848841396621
 0.6663430723630156
 0.6588385735796838
 0.6771072274967643
 0
 0
 0
 0
 0
 0
 0
 0
 0
 0
 0
 0
 0
 0
 0
 0
 0
 0
 0
 0
 0
 0
 0
 0
 0
 0
 0
 0
 0
 0
 0
 0
 0
 0
 0
 0
 0
 0
 0
 0
 0
 0
 0
 0
 0
 0
 0
 0
 0
 0
 0
 0
 0
 0
 0
 0
 0
 0
 0
 0
 0
 0
 0
 0
 0
 0
 0
 0
 0
 0
 0
 0
 0
 0
 0
 0
 0
 0
 0
 0
 0
 0
 0
 0
 0
 0
 0
 0
 0
 0
 0
 0
 0
 0
 0
 0
 0
 0
 0
 0
 0
 0
 0
 0
 0
 0
 0
 0
 0
 0
 0
 0
 0
 0
 0
 0
 0
 0
 0
 0
 0
 0
 0
 0
 0
 0
 0
 0
 0
 0
 0
 0
 0
 0
 0
 0
 0
 0
 0
 0
 0
 0
 0
 0
 0
 0
 0
 0
 0
 0
 0
 0
 0.4762287252936485
 0.6406908107914645
 0.5703892920677466
 0.5135811213875768
 0.5352577392563569
 0.3598554964642008
 0.3616767945256152
 0.4560890614872964
 0.4802631352910339
 0.5319562740521111
 0.5808895245834061
 0.5552336319867276
 0.5507568844736712
 0.5483686299962736
 0.5833818809590723
 0.62253243038108
 0.6410924085036563
 0.6642979246455547
 0.6935653714526516
 0.6976457511720251
 0.6706595598469071
 0.6252874152146932
 0.6012503417665744
 0.5829791666173341
 0.5872864416745773
 0.5720395679964643
 0.5630169975636651
 0.5834411450557602
 0
 0
 0
 0
 0
 0
 0
 0
 0
 0
 0
 0
 0
 0
 0
 0
 0
 0
 0
 0
 0
 0
 0
 0
 0
 0
 0
 0
 0
 0
 0
 0
 0
 0
 0
 0
 0
 0
 0
 0
 0
 0
 0
 0
 0
 0
 0
 0
 0
 0
 0
 0
 0
 0
 0
 0
 0
 0
 0
 0


