# Created by Octave 3.8.2, Mon Nov 16 02:54:20 2015 CET <dkottke@snake7>
# name: mus
# type: matrix
# ndims: 3
 1 30 19
 0
 0
 0.6416040100250626
 0.6338383838383839
 0.6835443037974681
 0.726010101010101
 0.7418546365914788
 0.7091836734693877
 0.7159090909090915
 0.7282051282051283
 0.7405303030303029
 0.7348484848484849
 0.7207692307692308
 0.7340561224489796
 0.7384615384615384
 0.7369791666666666
 0.7419721511793123
 0.736111111111111
 0.7493734335839597
 0.7342105263157895
 0.74937343358396
 0.7247474747474748
 0.7323103154305199
 0.7356770833333333
 0.7333333333333333
 0.7230769230769228
 0.7324434824434825
 0.7193877551020409
 0.7333640871871757
 0.7333333333333333
 0
 0
 0.3333333333333333
 0.25
 0.8
 0.8
 0.5
 0.7
 0.8
 0.6
 0.4666666666666666
 0.5333333333333333
 0.7333333333333333
 0.6666666666666666
 0.6666666666666666
 0.6166666666666666
 0.65
 0.5
 0.5833333333333333
 0.65
 0.67
 0.58
 0.6599999999999999
 0.7100000000000001
 0.68
 0.8066666666666666
 0.7066666666666667
 0.7933333333333333
 0.7933333333333333
 0.8
 0
 0
 0.5108590913826637
 0.3835045696153575
 0.7457776013406887
 0.6746363615699043
 0.6223620075863217
 0.6362559713217246
 0.7564228779980624
 0.576639657167054
 0.5651464429815716
 0.7756574035738457
 0.6562428507808572
 0.5675777825916961
 0.6595163917144331
 0.5608965051837562
 0.6929455215088622
 0.5088907230575257
 0.7185386664072907
 0.625291766908926
 0.6973217599120745
 0.6597089080190865
 0.6684901658884487
 0.6206571902658052
 0.7490099388361213
 0.765859767455876
 0.7730189839483378
 0.7514877480821885
 0.7862701445378008
 0.8031705608082066
 0
 0
 0.6242754748748595
 0.4542829517787353
 0.521452755667451
 0.6601324282952791
 0.5873319337737313
 0.575788742053136
 0.5612475202687917
 0.584337830403291
 0.6003926368912675
 0.5651616204979502
 0.5435286199387046
 0.5594436813791137
 0.5466774707403216
 0.5505438731426638
 0.5569067996424285
 0.5460316551443684
 0.5620444203975894
 0.5585550770260714
 0.5645145724887226
 0.5922726172518912
 0.6112747050405348
 0.632559016804641
 0.635094866817253
 0.6486784590356675
 0.6597056407060915
 0.6755263541005471
 0.6892737994851423
 0.7034642117364026
 0
 0
 0.6655586673153653
 0.3085674329473144
 0.5671837993862283
 0.6955872240895866
 0.5708785589484624
 0.619590036584604
 0.566805536160664
 0.6204958389304142
 0.6206094938408104
 0.5774574053680852
 0.5540600931372155
 0.5376493110945531
 0.5419886659586226
 0.5606253912822861
 0.5628760539097371
 0.556585749144684
 0.5691111356815548
 0.5628540933467181
 0.5641190851140107
 0.586732704580361
 0.6090254647794073
 0.633231278341828
 0.6326697294754957
 0.6517536609872887
 0.662416711581451
 0.6786524072782497
 0.6951747531094039
 0.7092378223149258
 0
 0
 0.4166149839626344
 0.3610416711057475
 0.6703500609123789
 0.7312235671797237
 0.5895553684524538
 0.5751148742697512
 0.5548793509304643
 0.6191535255251969
 0.5778943380171886
 0.5586107873769228
 0.5410052981986785
 0.5393192507183882
 0.5403849586638145
 0.5651692702857861
 0.5496925668791011
 0.50645963461404
 0.5577823497374209
 0.575832328266039
 0.5971228135650157
 0.5911596396576676
 0.5937098166588082
 0.6323930562354236
 0.6108990952715382
 0.6695025695895983
 0.6747339669233933
 0.6871673527426425
 0.661546885904819
 0.661182646389154
 0
 0
 0.5785862941142949
 0.9040363491416111
 0.6934503745521198
 0.7402513015024617
 0.752987022525384
 0.7062321596906355
 0.6695602450261435
 0.7836301632660292
 0.7307065191686726
 0.7138699944809632
 0.7656970163626033
 0.7148789233224181
 0.7611419204836714
 0.6929751643360468
 0.6494474663767309
 0.6785650352237327
 0.6848056789877874
 0.6604263989605126
 0.6987654717576185
 0.7652191395794656
 0.71495591899966
 0.6637364920073278
 0.7854897346328029
 0.7270183908757676
 0.766640236175825
 0.7737167037200684
 0.7571484451441219
 0.7725259463823826
 0
 0
 0.5926789612172013
 0.4834715565639613
 0.4694286392251539
 0.6876486003299159
 0.669408510371522
 0.5779729034867069
 0.5601169247751964
 0.5762144186811092
 0.5930760358128019
 0.5764699880829141
 0.5435663354378886
 0.563641364086766
 0.5678035736356318
 0.5557558632204963
 0.573583942276142
 0.5652898245355816
 0.5682953861312707
 0.5665673662958569
 0.5770206677697232
 0.6076195794959258
 0.6274480548734431
 0.646238822199079
 0.6576507930535639
 0.6588891233450138
 0.6749790855847578
 0.6983334641182197
 0.7078709440024129
 0.7279217412565876
 0
 0
 0.6187898171804399
 0.3521851284725922
 0.5403194594170937
 0.6901076169984354
 0.5952668313197509
 0.6705236117131658
 0.5771338797624515
 0.6404315373457837
 0.5910734810505717
 0.5816060436208527
 0.5602451732407648
 0.5375946758018909
 0.5576029805173367
 0.5721262054069023
 0.5739949144476839
 0.5722769216403317
 0.5735078928873562
 0.5684473994546561
 0.5865791860596025
 0.6002397621753037
 0.6231939373028622
 0.6384454611436721
 0.6431572070178884
 0.6680758091549978
 0.6686975702295843
 0.6923791131881428
 0.7107431846697756
 0.7168794313936121
 0
 0
 0.4166446031171068
 0.4019375326142978
 0.6021384655635268
 0.8011409474635807
 0.6703037932419857
 0.5915725778778776
 0.5525607140300308
 0.6072513624565047
 0.572847673196482
 0.556100610558482
 0.5359155113470944
 0.5455382610930293
 0.558486074562358
 0.537873955325491
 0.5617431011728481
 0.5485894918799709
 0.5649488280276646
 0.5548390000857452
 0.6007371176096857
 0.6000380277459767
 0.614459818516615
 0.6340602785483898
 0.632299114966716
 0.6603242999940131
 0.6667878091998675
 0.7026442457272426
 0.690377251105755
 0.7091474227324303
 0
 0
 0.5785862941142949
 0.8695141480051196
 0.7016192645026068
 0.8192706833301913
 0.7227184291157467
 0.6614621559599912
 0.679394380392862
 0.7749713200860593
 0.7164725260966439
 0.670401407122982
 0.6751817805751045
 0.6936355468547534
 0.6745028789927306
 0.6862843898389076
 0.6931668782902797
 0.6746257852135504
 0.6764613373185293
 0.6527735588482377
 0.6774513541399325
 0.7198053664906913
 0.6780326137181323
 0.6997629169360656
 0.7104919603865346
 0.7373553377638896
 0.7234914223386397
 0.7287912225378657
 0.7356546411868834
 0.7716824253461387
 0
 0
 0
 0
 0
 0
 0
 0
 0
 0
 0
 0
 0
 0
 0
 0
 0
 0
 0
 0
 0
 0
 0
 0
 0
 0
 0
 0
 0
 0
 0
 0
 0
 0
 0
 0
 0
 0
 0
 0
 0
 0
 0
 0
 0
 0
 0
 0
 0
 0
 0
 0
 0
 0
 0
 0
 0
 0
 0
 0
 0
 0
 0
 0
 0
 0
 0
 0
 0
 0
 0
 0
 0
 0
 0
 0
 0
 0
 0
 0
 0
 0
 0
 0
 0
 0
 0
 0
 0
 0
 0
 0
 0
 0
 0
 0
 0
 0
 0
 0
 0
 0
 0
 0
 0
 0
 0
 0
 0
 0
 0
 0
 0
 0
 0
 0
 0
 0
 0
 0
 0
 0
 0
 0
 0
 0
 0
 0
 0
 0
 0
 0
 0
 0
 0
 0
 0
 0
 0
 0
 0
 0
 0
 0
 0
 0
 0
 0
 0
 0
 0
 0
 0.492231644789218
 0.3854389784913332
 0.5060233466158479
 0.7011064108947531
 0.6062607802122061
 0.654743165095509
 0.5718504392670641
 0.6401922236913349
 0.582849629248072
 0.5785335364870438
 0.5482796421897639
 0.538423079272879
 0.557230088636231
 0.5683938335330064
 0.5746058922941013
 0.5721854890738327
 0.5774701818237586
 0.5714700911857191
 0.5830133836438132
 0.5998352476036032
 0.6211105117832196
 0.6410532982894233
 0.639425258598589
 0.6624456167299921
 0.6702757247226083
 0.6922228323121412
 0.7089268153985838
 0.716179447440916
 0
 0
 0
 0
 0
 0
 0
 0
 0
 0
 0
 0
 0
 0
 0
 0
 0
 0
 0
 0
 0
 0
 0
 0
 0
 0
 0
 0
 0
 0
 0
 0
 0
 0
 0
 0
 0
 0
 0
 0
 0
 0
 0
 0
 0
 0
 0
 0
 0
 0
 0
 0
 0
 0
 0
 0
 0
 0
 0
 0


