# Created by Octave 4.0.0, Fri Nov 20 09:16:29 2015 W. Europe Standard Time <unknown@Florian-PC>
# name: mus
# type: matrix
# ndims: 3
 1 10 19
 0
 0
 0.5162907268170428
 0.6287878787878788
 0.7189873417721517
 0.7222222222222221
 0.7017543859649126
 0.6836734693877551
 0.7373737373737378
 0.705128205128205
 0
 0
 0.3333333333333333
 0.25
 0.2
 0.4
 0.8
 0.6
 0.6
 0.7
 0
 0
 0.6434191719428649
 0.7030948890350714
 0.6409383220259552
 0.7176528170565776
 0.751365913527434
 0.7878181990865474
 0.7332451241743487
 0.692664456704233
 0
 0
 0.4395747979201627
 0.236299129291063
 0.2134441175128119
 0.5219326194015349
 0.6662820137896949
 0.6616792859003903
 0.5788850889009852
 0.6588639215221676
 0
 0
 0
 0
 0.6
 0.3333333333333333
 0.5714285714285714
 0.75
 0.3333333333333333
 0.8
 0
 0
 0.004730680609369098
 0.150117828720218
 0.6648650495408486
 0.3491918109084378
 0.6035504243195627
 0.7347401608220745
 0.4514722001634369
 0.7249003035527418
 0
 0
 0.5785862941142949
 0.5007080443951534
 0.6630549186655673
 0.7089493342971322
 0.6602579760571394
 0.78319328456439
 0.7776434584766959
 0.7281686925217881
 0
 0
 0.4450831380068433
 0.2572333829456707
 0.308180520433939
 0.4937564113628664
 0.6310597625437304
 0.646378556202677
 0.5384883159538691
 0.6425528552512582
 0
 0
 0.9550740558226322
 0.9569257235551023
 0.9266361229888647
 0.9035536525377272
 0.8941937091842158
 0.9134616597093719
 0.9149339993629597
 0.9110253232149178
 0
 0
 0.00179033844753218
 0.2353554476410306
 0.6932650840505966
 0.3359883679946495
 0.6821437944705904
 0.6216042659565207
 0.5031855328112379
 0.6869715523954726
 0
 0
 0.5785862941142949
 0.5234851268866048
 0.6681654945322547
 0.7550212553552369
 0.6858964051915106
 0.7514251455421537
 0.7233506152824313
 0.70019600732867
 0
 0
 0
 0
 0
 0
 0
 0
 0
 0
 0
 0
 0
 0
 0
 0
 0
 0
 0
 0
 0
 0
 0
 0
 0
 0
 0
 0
 0
 0
 0
 0
 0
 0
 0
 0
 0
 0
 0
 0
 0
 0
 0
 0
 0
 0
 0
 0
 0
 0
 0
 0
 0.971720017513953
 0.9274850124469787
 0.9217338077209978
 0.9290689726938935
 0.9069700254692372
 0.9345987910752408
 0.9118993468597687
 0.9215444296951333
 0
 0
 0
 0
 0
 0
 0
 0
 0
 0
 0
 0
 0
 0
 0
 0
 0
 0
 0
 0


# name: vars
# type: matrix
# ndims: 3
 1 10 19
 0
 0
 0.07990936938305356
 0.06806586270871975
 0.04155793573515091
 0.03361823361823364
 0.04029205667229298
 0.02675914115646261
 0.01498185994310025
 0.02681511470985156
 0
 0
 0.3333333333333334
 0.25
 0.2000000000000001
 0.3
 0.075
 0.175
 0.175
 0.075
 0
 0
 0
 0
 0
 0
 0
 0
 0
 0
 0
 0
 0.1871102879914604
 0.08701016231233588
 0.04339113915600173
 0.07522779484574495
 0.06805929482717239
 0.06431580188997708
 0.04589697740332995
 0.04007623707351234
 0
 0
 0.005341192744198763
 0.009535473339046441
 0.01587789553774501
 0.009980655661735748
 0.006671956946612279
 0.01142106603913333
 0.01468645696572634
 0.01571821260658161
 0
 0
 0
 0
 0
 0
 0
 0
 0
 0
 0
 0
 0
 0
 0
 0
 0
 0
 0
 0
 0
 0
 0.1985766277948337
 0.0744959914160762
 0.03656312798253396
 0.04322065157120622
 0.04300480518880548
 0.03979919061396942
 0.02364635665836464
 0.02986703994321369
 0
 0
 0.007432155817625029
 0.00798562950036579
 0.008817484376607723
 0.01379799001264335
 0.01690293876732476
 0.01517411692276834
 0.01165580297904202
 0.01647918721607016
 0
 0
 0
 0
 0
 0
 0
 0
 0
 0
 0
 0
 0
 0
 0
 0
 0
 0
 0
 0
 0
 0
 0
 0
 0
 0
 0
 0
 0
 0
 0
 0
 0
 0
 0
 0
 0
 0
 0
 0
 0
 0
 0
 0
 0
 0
 0
 0
 0
 0
 0
 0
 0
 0
 0
 0
 0
 0
 0
 0
 0
 0
 0
 0
 0
 0
 0
 0
 0
 0
 0
 0
 0.002405086960538715
 0.01090092964028759
 0.02076966325780431
 0.01184532216529774
 0.01277182690267001
 0.01039420481695564
 0.01396668176110969
 0.01079330240972615
 0
 0
 0
 0
 0
 0
 0
 0
 0
 0
 0
 0
 0
 0
 0
 0
 0
 0
 0
 0


# name: times
# type: matrix
# ndims: 3
 1 10 19
 0
 0
 0.3071720600128174
 0.2262299060821533
 0.1811749935150146
 0.1641578674316406
 0.1301090717315674
 0.1100947856903076
 0.1030988693237305
 0.09208822250366211
 0
 0
 0.01401305198669434
 0.0130000114440918
 0.01900506019592285
 0.02202200889587402
 0.02102088928222656
 0.01703119277954102
 0.01701617240905762
 0.01801681518554688
 0
 0
 0.1871809959411621
 0.185189962387085
 0.2112159729003906
 0.2602310180664062
 0.237227201461792
 0.2492389678955078
 0.2502410411834717
 0.2752649784088135
 0
 0
 0.675595760345459
 1.721206188201904
 2.696520725886027
 4.145208466437555
 5.999767555236817
 7.485910369535532
 10.40144417778684
 13.10110247864474
 0
 0
 0.6125545501708984
 1.134645938873291
 1.910784641901652
 2.885010588553644
 4.061916841506958
 5.063627912183848
 7.31850550667478
 8.977117664954553
 0
 0
 0.08506512641906738
 0.1401362419128418
 0.1421201229095459
 0.325300931930542
 0.4312915859222412
 0.8297007280122105
 1.669153882964419
 3.718962016705013
 0
 0
 0.2612857818603516
 1.053023815155029
 3.305184125900269
 6.914642095565796
 10.54513001441956
 14.67708086967468
 18.25953221321106
 21.36153697967529
 0
 0
 0.7166156768798828
 1.892406463623047
 2.798643747965495
 4.172234404471613
 5.974752677917481
 7.589007569929209
 10.32037804619504
 13.61656535401095
 0
 0
 0.6976535320281982
 1.2497398853302
 1.789656798044841
 2.768896448996759
 3.881744636535644
 5.061622573515025
 7.263452510993018
 9.158304579398523
 0
 0
 0.1090710163116455
 0.1651580333709717
 0.1781542301177979
 0.3103008270263672
 0.4593398628234863
 0.823696871353275
 1.651135875685977
 3.789027991894222
 0
 0
 0.2602670192718506
 1.049032926559448
 3.322200059890747
 6.900635242462158
 10.5501229763031
 14.65005493164062
 18.3366072177887
 21.37853503227234
 0
 0
 0
 0
 0
 0
 0
 0
 0
 0
 0
 0
 0
 0
 0
 0
 0
 0
 0
 0
 0
 0
 0
 0
 0
 0
 0
 0
 0
 0
 0
 0
 0
 0
 0
 0
 0
 0
 0
 0
 0
 0
 0
 0
 0
 0
 0
 0
 0
 0
 0
 0
 0.9030566215515137
 1.358330965042114
 1.930870930353801
 2.943075526145197
 4.076845659255982
 5.298927737852183
 7.471665363471045
 9.84096253647555
 0
 0
 0
 0
 0
 0
 0
 0
 0
 0
 0
 0
 0
 0
 0
 0
 0
 0
 0
 0


