# Created by Octave 3.8.2, Mon Nov 16 00:52:52 2015 CET <dkottke@snake2>
# name: mus
# type: matrix
# ndims: 3
 1 30 19
 0
 0
 0.6618357487922703
 0.6634615384615384
 0.6585365853658539
 0.6568627450980392
 0.6551724137931034
 0.6634615384615384
 0.6521739130434783
 0.9500000000000002
 0.8660287081339713
 0.8725490196078431
 0.8653846153846155
 0.8520408163265307
 0.9538461538461539
 0.9615384615384616
 0.9607843137254903
 0.9747474747474748
 0.8899521531100479
 0.975
 0.9735449735449736
 0.9747474747474748
 0.9758454106280193
 0.9722222222222223
 0.9675
 0.9759615384615385
 0.9705215419501133
 0.9693877551020409
 0.975369458128079
 0.9722222222222223
 0
 0
 1
 1
 1
 1
 1
 1
 1
 0.9
 0.8
 1
 1
 0.8666666666666668
 0.9333333333333333
 0.8666666666666666
 0.8666666666666666
 0.8
 0.7666666666666667
 0.75
 0.77
 0.8099999999999999
 0.8300000000000001
 0.9199999999999999
 0.9199999999999999
 0.8533333333333333
 0.8866666666666667
 0.8933333333333333
 0.8933333333333333
 0.9
 0
 0
 1
 1
 1
 1
 1
 1
 1
 0.9395271332054013
 0.9780864872939433
 0.9448851074659481
 0.9658304117483233
 0.9777640325577056
 0.9496109611676664
 0.95666462391142
 0.9545324712328316
 0.8979677148773396
 0.8641603846888775
 0.933697576940649
 0.9218149874459022
 0.9131979990655635
 0.9016126697879875
 0.9318130464356702
 0.9274428934042839
 0.9434165163215797
 0.944498074914588
 0.9079155943478026
 0.9403966042574023
 0.9361075138230611
 0
 0
 0.9999999999814455
 0.9999999998448145
 0.9999999999427192
 0.9999999999352149
 0.9999999999651037
 0.9999999999602791
 0.9999999999735996
 0.8936506152952383
 0.892796083574428
 0.9079585964187812
 0.918002334379055
 0.9107974917337454
 0.8540558678954383
 0.8775209062408336
 0.8873203182312427
 0.8264492032228198
 0.842772583343375
 0.8485976924999593
 0.85365948947019
 0.8436041031300821
 0.8515997682015782
 0.8617854443140258
 0.8645954301208018
 0.870240530272393
 0.8551446081408354
 0.860667636172336
 0.8637854574071642
 0.8686296162170715
 0
 0
 0.9999999999698042
 0.9999999997800714
 0.9999999998633661
 0.9999999999514189
 0.999999999965131
 0.9999999999722301
 0.9999999999726301
 0.8937776386952332
 0.8985175618776072
 0.9004427727025465
 0.9219877313141378
 0.9181400710351786
 0.8480637607903406
 0.87633936723991
 0.8883278223269797
 0.8285890960566978
 0.8262981686352496
 0.8484938400601071
 0.8458582714915625
 0.8404909106068418
 0.8519488956237129
 0.8628390541698651
 0.8637497354420951
 0.8741744039210008
 0.8569873921397989
 0.8542733740319951
 0.8613397291777816
 0.8699776507439134
 0
 0
 0.9999999999154632
 0.9999999998971704
 0.9999999999511315
 0.9999999998896654
 0.9999999999829714
 0.9999999999976275
 0.999999999989974
 0.8788153725511156
 0.8963135334859746
 0.895434479310155
 0.8724584169689016
 0.8751694011155638
 0.8231685929378378
 0.8790172950016112
 0.8813949503919225
 0.8314832811090433
 0.8987092565883947
 0.8352735879509249
 0.8585460552188375
 0.8966928813238906
 0.8663099130486247
 0.8623636187693723
 0.9045643129605166
 0.8861929711967432
 0.8221100013334354
 0.9069868479955169
 0.8753154281046156
 0.819733318185225
 0
 0
 1
 0.999999999988857
 0.9999999999966207
 0.9999999998660445
 0.9999999999998228
 0.999999999985425
 0.9999999998664186
 0.9140302027236948
 0.8764643033675039
 0.9856741947602556
 0.9007362202779224
 0.9253505613535431
 0.8943112955065687
 0.9091829825204303
 0.8234978756542054
 0.8934611979587891
 0.9197317662271269
 0.8508764729773589
 0.8763119031583818
 0.8947676648912088
 0.8949264518343809
 0.8783958606270783
 0.8993045727760646
 0.8697964658977949
 0.8783841234947988
 0.8988717088720214
 0.9089041024836142
 0.8943423164351038
 0
 0
 0.9999999999691985
 0.9999999999479821
 0.9999999999834394
 0.9999999999987713
 0.9999999999964971
 0.9999999999988959
 0.9999999999999986
 0.879177117722439
 0.8997854523981075
 0.9083505418375903
 0.9251284010943054
 0.926969454791076
 0.8947730147903775
 0.9106455920052182
 0.9216731956974495
 0.8557652660449103
 0.8736481369375579
 0.8759437795852963
 0.8809884030349847
 0.8670385020613434
 0.8703896835185188
 0.8883796441229407
 0.8976669783420832
 0.9044172874743402
 0.8939405619153118
 0.8968714553764235
 0.8964231259646723
 0.9069248264368192
 0
 0
 0.9999999999764397
 0.9999999999562708
 0.9999999999714454
 0.9999999999971896
 0.9999999999981214
 0.9999999999988713
 0.9999999999999718
 0.878876786465714
 0.8985496979971844
 0.9091577393653208
 0.9383498179411375
 0.9288628246030579
 0.8804272637144047
 0.9082606081423974
 0.9156211335471606
 0.8586771436867056
 0.86022176036403
 0.8724570801034737
 0.874853939205662
 0.8701411423369876
 0.8742598901135757
 0.8877804328830657
 0.8954782193187529
 0.90372648535796
 0.8873467858496596
 0.8930217402918166
 0.8960213871829386
 0.9079318178695108
 0
 0
 0.9999999999908141
 0.9999999996354102
 0.9999999999590919
 0.9999999999997982
 0.9999999999999938
 0.9999999999999584
 0.9999999999999993
 0.8751309184372118
 0.8970008551589508
 0.9145628968414548
 0.9782633269907598
 0.9261843260155412
 0.8851144550470211
 0.8970487861222252
 0.9089075716364925
 0.8618868126331516
 0.8630704816091654
 0.8693245582847959
 0.8760201236773187
 0.8607400198090216
 0.8719837368195179
 0.8827227848369711
 0.8932004535652325
 0.8950423689585217
 0.8913469940517966
 0.9040294055811655
 0.8979561292853572
 0.900168546060561
 0
 0
 1
 0.9999999999999886
 0.9999999999999849
 0.9999999999999929
 0.9999999999999933
 0.9999999999999989
 0.9999999999999993
 0.886250508371027
 0.8456898412926452
 0.8705013322740681
 0.8800304228845773
 0.9186069016068971
 0.863391991461029
 0.8679269653070255
 0.9549674248598182
 0.8690064135371157
 0.8611531534336481
 0.8868338787229617
 0.889093711770921
 0.891417517362054
 0.8947341941248895
 0.8974111170712971
 0.9087109917612152
 0.9329788770692711
 0.8868802031584772
 0.8975356141691196
 0.9138377428002161
 0.9023070496805419
 0
 0
 0
 0
 0
 0
 0
 0
 0
 0
 0
 0
 0
 0
 0
 0
 0
 0
 0
 0
 0
 0
 0
 0
 0
 0
 0
 0
 0
 0
 0
 0
 0
 0
 0
 0
 0
 0
 0
 0
 0
 0
 0
 0
 0
 0
 0
 0
 0
 0
 0
 0
 0
 0
 0
 0
 0
 0
 0
 0
 0
 0
 0
 0
 0
 0
 0
 0
 0
 0
 0
 0
 0
 0
 0
 0
 0
 0
 0
 0
 0
 0
 0
 0
 0
 0
 0
 0
 0
 0
 0
 0
 0
 0
 0
 0
 0
 0
 0
 0
 0
 0
 0
 0
 0
 0
 0
 0
 0
 0
 0
 0
 0
 0
 0
 0
 0
 0
 0
 0
 0
 0
 0
 0
 0
 0
 0
 0
 0
 0
 0
 0
 0
 0
 0
 0
 0
 0
 0
 0
 0
 0
 0
 0
 0
 0
 0
 0
 0
 0
 0
 0
 0.9826575913725212
 0.9910957277863152
 0.9989995640110778
 0.9993292272601662
 0.9997419999689489
 0.999907304700813
 0.9999495786548023
 0.877574569856761
 0.8996730294139014
 0.9079744089713695
 0.9320127874578533
 0.924747084814373
 0.8807280328677217
 0.9040595930725697
 0.9110038501478895
 0.8592320378087525
 0.855234762051349
 0.8709959904058492
 0.8756191252934503
 0.8716987977723385
 0.8723948461988534
 0.8900972520126658
 0.8978540986266027
 0.9020132456565156
 0.8863822032947749
 0.8922277762813853
 0.8956135910195538
 0.9048564762141178
 0
 0
 0
 0
 0
 0
 0
 0
 0
 0
 0
 0
 0
 0
 0
 0
 0
 0
 0
 0
 0
 0
 0
 0
 0
 0
 0
 0
 0
 0
 0
 0
 0
 0
 0
 0
 0
 0
 0
 0
 0
 0
 0
 0
 0
 0
 0
 0
 0
 0
 0
 0
 0
 0
 0
 0
 0
 0
 0
 0


