# Created by Octave 3.8.2, Mon Nov 16 01:16:51 2015 CET <dkottke@snake7>
# name: mus
# type: matrix
# ndims: 3
 1 30 19
 0
 0
 0.4202898550724637
 0.5432692307692307
 0.4634146341463413
 0.5490196078431374
 0.8472906403940889
 0.9759615384615384
 0.9758454106280194
 0.975
 0.9808612440191385
 0.9754901960784315
 0.9759615384615385
 0.9846938775510204
 0.9846153846153847
 0.9807692307692307
 0.9705882352941178
 0.9848484848484849
 0.9808612440191389
 0.985
 0.9894179894179894
 0.9898989898989901
 0.9903381642512077
 0.9947916666666667
 0.995
 0.9903846153846154
 1
 1
 1
 1
 0
 0
 0.3333333333333333
 1
 0.8
 0.6
 0.7
 0.5
 0.6
 0.6
 0.5
 0.4666666666666667
 0.5666666666666667
 0.6
 0.6666666666666666
 0.6333333333333333
 0.6
 0.5666666666666667
 0.6
 0.65
 0.6799999999999999
 0.6399999999999999
 0.5700000000000001
 0.5
 0.5600000000000001
 0.6133333333333334
 0.5866666666666667
 0.6066666666666667
 0.7266666666666666
 0.7
 0
 0
 0.5342269566526417
 0.7966433861132934
 0.8046642538864632
 0.8795960840326557
 0.7514328753215642
 0.7698792320700609
 0.754453517176224
 0.7530515683509768
 0.7423055188508914
 0.6337826674558977
 0.7012973396555577
 0.6402346946232438
 0.5958955475588514
 0.611349704466194
 0.6132232676838906
 0.6512737157135113
 0.5944962855597614
 0.6152379611763445
 0.6061151758884706
 0.6028590263464375
 0.5623380949880246
 0.6562115772279298
 0.6476571639376903
 0.5987604523404424
 0.6623288692833577
 0.5969065802562989
 0.6558278579414234
 0.6918766696016933
 0
 0
 0.3206589580990116
 0.6620714703048942
 0.6508053269653525
 0.6924134070565864
 0.7135675615728487
 0.6996617448148471
 0.6129824930666566
 0.597026565761608
 0.5906298330118729
 0.5509160220217663
 0.5690787787518907
 0.5430956500331678
 0.5588301554483932
 0.5647319730427195
 0.5746318807667101
 0.5861764602325131
 0.560138164321643
 0.5636405448247906
 0.5796815835040952
 0.591041413517712
 0.5625707049760796
 0.5632363175621611
 0.5734834712813134
 0.5757310498830884
 0.5688313073448227
 0.5865614116957483
 0.602262887341685
 0.6195242669528256
 0
 0
 0.3401969564189917
 0.7363800299753962
 0.7432410565524851
 0.6492037728767177
 0.6692009267112228
 0.6880329246657932
 0.6269273056721407
 0.5794538440067165
 0.5840004576049799
 0.5461515654480124
 0.5649194657089839
 0.5647197875632304
 0.5650977084353204
 0.5791980906573658
 0.5671156430261428
 0.5917349102601469
 0.5555731970861055
 0.5697196281418141
 0.5855500436121379
 0.5927352186036976
 0.5613742334278786
 0.5625674887345202
 0.5760592710890127
 0.5729075433469676
 0.5714730812438716
 0.5892036197581628
 0.6017010266751115
 0.6224421586148741
 0
 0
 0.4009288228655292
 0.862815436100877
 0.5985217077582214
 0.6943518920626072
 0.6564323111967511
 0.703247817438307
 0.6329163594802124
 0.592086280724481
 0.6243019671698905
 0.5561089608275193
 0.5633605806168485
 0.5434663479049094
 0.5338601775226163
 0.6010399722041224
 0.5734955171566394
 0.6147246485896459
 0.5746235983762819
 0.5665931822348321
 0.5430593235244945
 0.6218782626385743
 0.5801684551481752
 0.5762348222787101
 0.6065366884765765
 0.6063354849148321
 0.5867608201175403
 0.6180254462773541
 0.5922048887810338
 0.6231493281617934
 0
 0
 0.3678794411714423
 0.5902310355539107
 0.7721256036726394
 0.7632544318106227
 0.7741106967552074
 0.8077272347417445
 0.773526314198575
 0.7526416369377774
 0.6888451809893952
 0.7278976715543861
 0.6587768314834753
 0.7139790552532591
 0.7009643749910187
 0.7298804800359506
 0.7021011604678939
 0.7315095072559611
 0.7248270256316616
 0.7099903476348943
 0.7148047217408854
 0.6898449110539451
 0.7198047450516385
 0.7121151306075607
 0.7359227796414737
 0.7394549317423388
 0.7130018255569048
 0.7122697541152164
 0.7401564847961056
 0.7129040780807785
 0
 0
 0.3181950306444404
 0.6286244126374363
 0.6985541679613645
 0.7175649060020982
 0.7289584548948995
 0.6907747416591093
 0.6066782528827166
 0.5998261107388771
 0.5671961638537928
 0.5429670019008362
 0.5717048250850699
 0.5346347836971765
 0.5499423327542023
 0.5609489038295042
 0.5754211675264033
 0.5847921439534886
 0.5673992711638203
 0.572824296147181
 0.5944854858521629
 0.604400315989264
 0.5807404791538691
 0.5851439063560204
 0.5910852392788232
 0.590651949700682
 0.5853338553319781
 0.6045966453297101
 0.6159960044680928
 0.6312053209950901
 0
 0
 0.3499292083311776
 0.7106416416644825
 0.734154143989366
 0.6878689958518512
 0.6925256708413002
 0.6578900844345914
 0.6461295510879166
 0.5808005092040731
 0.569847610450444
 0.5427650947035588
 0.5502493948121069
 0.5429313817770646
 0.5452461799535598
 0.5690239247276563
 0.5635953492687029
 0.5890763473752088
 0.5682267962170602
 0.5750248049118972
 0.595574956437965
 0.6009465371916294
 0.582185552589736
 0.5778238602017438
 0.5926454421195234
 0.5875627681927799
 0.5868401972288639
 0.6041537281208884
 0.6159714634631401
 0.6347831208366275
 0
 0
 0.3110455664399768
 0.6620109193014471
 0.6307929312438942
 0.7028359211498171
 0.805084236145134
 0.6817984510546352
 0.6270457222447503
 0.5968971882358476
 0.5647419866728016
 0.5347939565991294
 0.5614119507112052
 0.5351999114486492
 0.5377969377897857
 0.5523053955407045
 0.5631891442967305
 0.587734519293421
 0.5548326509225342
 0.5658927933627923
 0.5804394467542052
 0.5980328993650372
 0.5933835703956959
 0.5773794051944642
 0.5813861242826439
 0.5852606466481298
 0.5794835149236085
 0.5951593251512419
 0.6027583393312727
 0.618514685535221
 0
 0
 0.3678794411714423
 0.6606041574773983
 0.6514234285838875
 0.7652647763381715
 0.7598811864108881
 0.7678083406727694
 0.790245137985071
 0.7321468433179641
 0.6824054265339524
 0.6955425806547698
 0.6791262319677127
 0.7523575573327694
 0.6967921557851777
 0.7152455871557905
 0.6777162734451228
 0.7088894703614435
 0.7145822974197533
 0.6901832207446189
 0.6961362853267998
 0.7164931368022913
 0.7257173949520489
 0.710768153070623
 0.7242805160181709
 0.7176899639098649
 0.6966975610966877
 0.7063902156731557
 0.7132410754754555
 0.7309489916480004
 0
 0
 0
 0
 0
 0
 0
 0
 0
 0
 0
 0
 0
 0
 0
 0
 0
 0
 0
 0
 0
 0
 0
 0
 0
 0
 0
 0
 0
 0
 0
 0
 0
 0
 0
 0
 0
 0
 0
 0
 0
 0
 0
 0
 0
 0
 0
 0
 0
 0
 0
 0
 0
 0
 0
 0
 0
 0
 0
 0
 0
 0
 0
 0
 0
 0
 0
 0
 0
 0
 0
 0
 0
 0
 0
 0
 0
 0
 0
 0
 0
 0
 0
 0
 0
 0
 0
 0
 0
 0
 0
 0
 0
 0
 0
 0
 0
 0
 0
 0
 0
 0
 0
 0
 0
 0
 0
 0
 0
 0
 0
 0
 0
 0
 0
 0
 0
 0
 0
 0
 0
 0
 0
 0
 0
 0
 0
 0
 0
 0
 0
 0
 0
 0
 0
 0
 0
 0
 0
 0
 0
 0
 0
 0
 0
 0
 0
 0
 0
 0
 0
 0
 0.302502006249148
 0.6342741245096992
 0.6966423497899719
 0.6816277609432725
 0.6872943166807826
 0.6770258234955439
 0.6363729581692862
 0.5726532685598251
 0.5691216245245954
 0.5392757752772354
 0.5499701341986384
 0.5363395268282823
 0.5527772200303805
 0.5702655298845231
 0.5650827990020455
 0.5875608744084572
 0.5678505263532068
 0.5740461073088309
 0.5915182079148378
 0.6008929868490697
 0.5819510234834921
 0.5777992248053847
 0.59282943816685
 0.5906760158193151
 0.5871239744337909
 0.6043629694759343
 0.6110750091173525
 0.6307219279449492
 0
 0
 0
 0
 0
 0
 0
 0
 0
 0
 0
 0
 0
 0
 0
 0
 0
 0
 0
 0
 0
 0
 0
 0
 0
 0
 0
 0
 0
 0
 0
 0
 0
 0
 0
 0
 0
 0
 0
 0
 0
 0
 0
 0
 0
 0
 0
 0
 0
 0
 0
 0
 0
 0
 0
 0
 0
 0
 0
 0


