# Created by Octave 3.8.2, Mon Nov 16 00:05:16 2015 CET <dkottke@snake6>
# name: mus
# type: matrix
# ndims: 3
 1 30 19
 0
 0
 0.8847117794486222
 0.903010033444816
 0.5004184100418412
 0.5025125628140703
 0.5076580339738234
 0.5092281879194631
 0.5196324143692564
 0.5176470588235292
 0.5229357798165137
 0.537037037037037
 0.5464046822742474
 0.5660504201680672
 0.5814345991561181
 0.6427364864864865
 0.6436134453781513
 0.623737373737374
 0.6555277081592872
 0.6499999999999998
 0.7084377610693401
 0.8019079685746349
 0.8262959866220737
 0.83078231292517
 0.9004255319148941
 0.9042642140468224
 0.9181397306397304
 0.9104308390022676
 0.9229298876060856
 0.9358974358974357
 0
 0
 0.3333333333333333
 0
 0.6
 0.6
 1
 0.8
 0.8
 0.9
 0.9
 0.7333333333333333
 0.7
 0.6666666666666666
 0.6666666666666666
 0.6833333333333333
 0.7333333333333333
 0.85
 0.7833333333333333
 0.9
 0.86
 0.72
 0.62
 0.6000000000000001
 0.52
 0.52
 0.6266666666666667
 0.6133333333333334
 0.6599999999999999
 0.7333333333333333
 0
 0
 0.5674964597488816
 0.3929689436246109
 0.7198047168313131
 0.8419698602928606
 0.9129221679164742
 0.8800492063346346
 0.8763150773225455
 0.825302763304423
 0.8157806106688528
 0.8220592896953258
 0.8319203024097008
 0.8849852109912499
 0.8268080071884779
 0.8801425845310563
 0.881130495192293
 0.7830982747907883
 0.8223100321569646
 0.8072473700535443
 0.7988128533033496
 0.7778142362216933
 0.8013072546447166
 0.776946060934094
 0.7834024104281674
 0.7424297838694968
 0.7301538891062526
 0.783457800998498
 0.7872332595561941
 0.7811724838746457
 0
 0
 0.318735946187494
 0.287772103082592
 0.5419861337258831
 0.5967184778045316
 0.7523393456984265
 0.7918491813360553
 0.7635141768823815
 0.778211637551383
 0.7570265600306187
 0.7735627691710267
 0.7825596421875901
 0.7921336211063897
 0.8043725016802102
 0.8061418952209333
 0.8165211293065144
 0.7905594506951921
 0.7928917294346868
 0.7629945500423589
 0.7471482186452648
 0.7411789529128843
 0.7414402899992298
 0.7361370331050838
 0.7394499728160733
 0.7326992499799705
 0.7272049021382901
 0.7217107232740895
 0.7219664107643251
 0.7260666076670533
 0
 0
 0.6220141172568832
 0.3155417467674174
 0.5200584969764044
 0.5789199735796212
 0.7252375574844663
 0.7578679101433276
 0.7843586880803836
 0.7624100042487372
 0.7579863104726992
 0.7611108957072257
 0.7685816262269105
 0.780809385853075
 0.7906055235254618
 0.8108689603213468
 0.814012466088453
 0.7900416951092553
 0.7859786602987801
 0.7588107259806857
 0.7513290354165122
 0.7359785113340155
 0.7368133000605719
 0.7297353422331854
 0.7350542854669411
 0.7267776417018306
 0.7241050208123158
 0.7217238522731252
 0.7208649118867639
 0.7295241237729073
 0
 0
 0.7143240031977124
 0.2499998326159634
 0.5091549232804653
 0.7362239214971248
 0.8356434436386611
 0.8303014520509227
 0.7543975417423122
 0.7561653781176567
 0.8162852627591177
 0.7472917232706363
 0.8867024780593964
 0.7799062749571685
 0.8540332638103207
 0.8066243795862835
 0.8358917479972143
 0.8141619089221942
 0.7814153165981578
 0.7419450322144606
 0.7401666535253821
 0.7279406287526085
 0.7230335837999665
 0.7460555660874139
 0.7126365705741158
 0.7730960448809302
 0.743211621944142
 0.7279338228198144
 0.7634970102397716
 0.7373743663592945
 0
 0
 0.5785862941142949
 0.6390169387003279
 0.682570388091832
 0.7090314552982286
 0.7232139424320824
 0.8097981829036398
 0.8354828957657533
 0.7670025265392014
 0.8831816831246105
 0.7918543058107524
 0.8210135542404875
 0.8389661098872994
 0.7864100887873026
 0.854801353902076
 0.9318513730789778
 0.8066247140460633
 0.7935393468020638
 0.8237990959058633
 0.7937361605808451
 0.8346781799216915
 0.7641561693420493
 0.7681951077487177
 0.7625698826177526
 0.8561376423049422
 0.8027554841668074
 0.763670947045147
 0.7728209286602015
 0.77020306855637
 0
 0
 0.3178658914211365
 0.3406827986004159
 0.5550730998639687
 0.636165279118876
 0.7446524482218738
 0.7793537094329041
 0.7855985550862864
 0.8022106723070276
 0.8073806337652573
 0.8069360663218513
 0.8070688217939344
 0.8103092884314284
 0.8283487019439876
 0.8322790132111146
 0.8387236970486661
 0.8119905218272497
 0.8179254514008775
 0.7890416566574754
 0.7730046698786506
 0.7607968158642855
 0.7574730837705353
 0.7529640798408644
 0.7554892098802785
 0.7486047711574406
 0.7428389100229336
 0.7356362220057092
 0.7342116413716389
 0.7401678393590091
 0
 0
 0.5483250539411938
 0.3300828626060714
 0.5415721405007399
 0.5941253800212232
 0.7344079779859983
 0.7744159216426107
 0.8048039206633355
 0.7457958824793276
 0.7869977673523549
 0.7853245546359067
 0.8153219177596132
 0.8130443376082997
 0.8202511354955262
 0.8284013448548464
 0.843883026303043
 0.8121812424587371
 0.8165487766410244
 0.7866877562729335
 0.7763265709994788
 0.7627326123742697
 0.7515050690510001
 0.7503137026939307
 0.7502077382156719
 0.7445265166915437
 0.7420487666640666
 0.7385727007953407
 0.731461504576267
 0.7444943718997027
 0
 0
 0.7273905631628516
 0.2499729098629412
 0.4616666666669818
 0.681576280582125
 0.7616223935586032
 0.9024266262268773
 0.7546786562691422
 0.7520926665363293
 0.780318611283506
 0.7893952316824466
 0.8638329106574784
 0.841062299624974
 0.864701644642126
 0.8661168392621545
 0.8999828529668503
 0.796120158873332
 0.8005933728478772
 0.7814051478964676
 0.770391958048561
 0.7828254426655734
 0.7529031564127413
 0.7443124091013091
 0.7511392124436087
 0.7493132439544383
 0.7379937222032678
 0.7340166614370628
 0.7323108748082203
 0.734765517686606
 0
 0
 0.5785862941142949
 0.6397529465787539
 0.7248991344281979
 0.6859534825505025
 0.7035738140375125
 0.7709040859850191
 0.8114084527816992
 0.7769043530195592
 0.785918141909736
 0.8091232378148466
 0.7837026519022581
 0.8120167330119673
 0.7975244267773152
 0.8211620850977676
 0.8287773475286626
 0.8109424116666861
 0.7968023140009772
 0.7948594953741598
 0.8156851774970399
 0.8167219290739784
 0.7790102144740016
 0.786630849316565
 0.7855411168373099
 0.8017199596537651
 0.8157423305537679
 0.8773952025700523
 0.7931674743648863
 0.7960461472457625
 0
 0
 0
 0
 0
 0
 0
 0
 0
 0
 0
 0
 0
 0
 0
 0
 0
 0
 0
 0
 0
 0
 0
 0
 0
 0
 0
 0
 0
 0
 0
 0
 0
 0
 0
 0
 0
 0
 0
 0
 0
 0
 0
 0
 0
 0
 0
 0
 0
 0
 0
 0
 0
 0
 0
 0
 0
 0
 0
 0
 0
 0
 0
 0
 0
 0
 0
 0
 0
 0
 0
 0
 0
 0
 0
 0
 0
 0
 0
 0
 0
 0
 0
 0
 0
 0
 0
 0
 0
 0
 0
 0
 0
 0
 0
 0
 0
 0
 0
 0
 0
 0
 0
 0
 0
 0
 0
 0
 0
 0
 0
 0
 0
 0
 0
 0
 0
 0
 0
 0
 0
 0
 0
 0
 0
 0
 0
 0
 0
 0
 0
 0
 0
 0
 0
 0
 0
 0
 0
 0
 0
 0
 0
 0
 0
 0
 0
 0
 0
 0
 0
 0
 0.4144137607334073
 0.35248153273839
 0.5213437747363756
 0.6021584326983176
 0.7322192817395414
 0.7755993724614894
 0.8148194734380342
 0.7586144426289385
 0.7890036507350652
 0.7850875325534364
 0.81680215653315
 0.8087524563094882
 0.8132950100891391
 0.8324315282060505
 0.8420447450995131
 0.8123880874814586
 0.8156836473273544
 0.7865204436267567
 0.7754149255630194
 0.759660906688302
 0.7488077782420274
 0.7492930138661937
 0.7522351957184361
 0.7442231309618925
 0.7405466936769016
 0.7356665952913582
 0.7345747591297966
 0.7448197145671587
 0
 0
 0
 0
 0
 0
 0
 0
 0
 0
 0
 0
 0
 0
 0
 0
 0
 0
 0
 0
 0
 0
 0
 0
 0
 0
 0
 0
 0
 0
 0
 0
 0
 0
 0
 0
 0
 0
 0
 0
 0
 0
 0
 0
 0
 0
 0
 0
 0
 0
 0
 0
 0
 0
 0
 0
 0
 0
 0
 0


